2017.01.18 08:00:00.279,1.71351,1.71398,1.00,1.00
2017.01.18 08:00:00.806,1.71351,1.71397,1.00,1.00
2017.01.18 08:00:00.912,1.71351,1.71399,1.00,1.00
2017.01.18 08:00:01.013,1.71352,1.71401,1.50,1.00
2017.01.18 08:00:01.114,1.71354,1.71401,1.00,1.00
2017.01.18 08:00:01.165,1.71354,1.71403,1.00,1.00
2017.01.18 08:00:01.266,1.71355,1.71407,1.00,1.00
2017.01.18 08:00:01.317,1.71362,1.71406,1.00,1.00
2017.01.18 08:00:01.418,1.7136,1.71407,1.00,1.00
2017.01.18 08:00:01.727,1.71358,1.71392,1.00,1.00
2017.01.18 08:00:01.778,1.71358,1.71396,1.00,1.00
2017.01.18 08:00:01.829,1.71347,1.71393,1.00,1.00
2017.01.18 08:00:01.930,1.71351,1.71393,1.00,1.00
2017.01.18 08:00:02.131,1.71345,1.71392,1.00,1.00
2017.01.18 08:00:02.383,1.71346,1.7139,1.00,1.00
2017.01.18 08:00:02.534,1.71342,1.71389,1.00,1.00
2017.01.18 08:00:02.726,1.71351,1.71393,1.00,1.00
2017.01.18 08:00:02.777,1.71343,1.71393,1.00,1.00
2017.01.18 08:00:03.346,1.71344,1.71392,1.00,1.00
2017.01.18 08:00:03.878,1.71343,1.71393,1.00,1.00
2017.01.18 08:00:04.169,1.71342,1.71391,1.50,1.00
2017.01.18 08:00:04.719,1.71344,1.7139,1.00,1.00
2017.01.18 08:00:04.769,1.71344,1.71393,1.00,1.00
2017.01.18 08:00:04.820,1.71344,1.71391,1.00,1.00
2017.01.18 08:00:04.921,1.71344,1.71393,1.00,1.00
2017.01.18 08:00:05.144,1.71341,1.7139,2.25,1.00
2017.01.18 08:00:05.497,1.71334,1.71382,1.00,1.00
2017.01.18 08:00:05.548,1.71335,1.71384,1.00,1.00
2017.01.18 08:00:05.599,1.71332,1.71382,3.00,1.00
2017.01.18 08:00:05.992,1.71332,1.71377,1.00,1.00
2017.01.18 08:00:06.048,1.7133,1.71376,1.00,1.00
2017.01.18 08:00:06.098,1.7133,1.71372,1.00,1.00
2017.01.18 08:00:06.149,1.71325,1.7137,1.37,1.00
2017.01.18 08:00:06.200,1.71325,1.71375,2.62,1.00
2017.01.18 08:00:06.301,1.71328,1.71377,2.62,1.00
2017.01.18 08:00:06.351,1.71331,1.7138,1.37,1.00
2017.01.18 08:00:06.402,1.71328,1.71379,1.00,1.37
2017.01.18 08:00:06.453,1.71331,1.71374,1.00,1.12
2017.01.18 08:00:06.554,1.71329,1.71373,1.00,1.00
2017.01.18 08:00:06.756,1.71327,1.71374,1.00,1.00
2017.01.18 08:00:07.130,1.71329,1.71374,1.00,1.00
2017.01.18 08:00:07.455,1.71331,1.71374,1.00,1.00
2017.01.18 08:00:07.657,1.7132,1.71367,1.00,1.37
2017.01.18 08:00:07.757,1.7132,1.71368,1.00,1.12
2017.01.18 08:00:07.808,1.7132,1.71368,1.37,1.00
2017.01.18 08:00:07.909,1.71326,1.71373,1.12,1.00
2017.01.18 08:00:08.040,1.7133,1.71375,1.00,1.00
2017.01.18 08:00:08.614,1.71328,1.71374,1.00,1.00
2017.01.18 08:00:08.865,1.71328,1.71376,1.12,1.00
2017.01.18 08:00:08.915,1.71329,1.71378,1.37,1.00
2017.01.18 08:00:09.293,1.71336,1.71383,1.87,1.00
2017.01.18 08:00:09.457,1.71332,1.71379,1.87,1.00
2017.01.18 08:00:09.508,1.71332,1.71379,3.37,1.00
2017.01.18 08:00:09.709,1.71332,1.71381,2.62,1.00
2017.01.18 08:00:10.001,1.71332,1.71381,2.62,1.00
2017.01.18 08:00:10.165,1.71335,1.71384,1.12,1.00
2017.01.18 08:00:10.367,1.71341,1.71383,1.00,1.00
2017.01.18 08:00:10.421,1.71334,1.71386,1.37,1.00
2017.01.18 08:00:10.732,1.71342,1.71386,1.00,1.00
2017.01.18 08:00:10.833,1.71342,1.71388,1.00,1.00
2017.01.18 08:00:10.934,1.71341,1.71391,3.37,1.00
2017.01.18 08:00:11.086,1.71346,1.71397,1.37,1.00
2017.01.18 08:00:11.136,1.71348,1.71397,1.87,1.00
2017.01.18 08:00:11.237,1.71347,1.71397,1.37,1.00
2017.01.18 08:00:11.288,1.71352,1.71397,1.00,1.00
2017.01.18 08:00:11.338,1.71352,1.71401,1.00,1.00
2017.01.18 08:00:11.562,1.71352,1.71398,1.00,1.00
2017.01.18 08:00:11.713,1.71352,1.714,1.00,1.00
2017.01.18 08:00:11.889,1.71353,1.71402,1.00,1.00
2017.01.18 08:00:12.345,1.71353,1.71401,1.37,1.00
2017.01.18 08:00:12.902,1.71355,1.71401,1.00,1.00
2017.01.18 08:00:13.361,1.71352,1.71403,2.62,1.00
2017.01.18 08:00:13.412,1.71361,1.71407,1.00,1.50
2017.01.18 08:00:13.531,1.71356,1.71407,1.50,1.00
2017.01.18 08:00:13.584,1.71356,1.71405,1.00,1.00
2017.01.18 08:00:13.937,1.71359,1.71406,1.00,1.00
2017.01.18 08:00:14.139,1.71353,1.71401,1.00,1.00
2017.01.18 08:00:14.443,1.71352,1.71402,1.87,1.00
2017.01.18 08:00:14.494,1.71353,1.71404,1.37,1.00
2017.01.18 08:00:14.595,1.71356,1.71406,1.00,1.00
2017.01.18 08:00:14.645,1.71356,1.71404,1.00,1.00
2017.01.18 08:00:14.955,1.71353,1.71401,1.12,1.00
2017.01.18 08:00:15.272,1.71353,1.71402,1.87,1.00
2017.01.18 08:00:15.424,1.71355,1.71405,1.37,1.00
2017.01.18 08:00:15.626,1.71363,1.71409,1.00,1.00
2017.01.18 08:00:15.677,1.71362,1.71411,1.87,1.00
2017.01.18 08:00:15.727,1.71364,1.71412,1.00,1.00
2017.01.18 08:00:15.778,1.71366,1.71416,1.00,1.00
2017.01.18 08:00:16.367,1.71365,1.71416,1.00,1.00
2017.01.18 08:00:16.470,1.71368,1.71416,1.00,1.00
2017.01.18 08:00:16.934,1.71368,1.71418,1.00,1.00
2017.01.18 08:00:17.522,1.71368,1.71417,1.00,1.00
2017.01.18 08:00:17.734,1.71365,1.71417,1.87,1.00
2017.01.18 08:00:18.032,1.71366,1.71415,1.00,1.00
2017.01.18 08:00:18.602,1.71365,1.71417,1.50,1.00
2017.01.18 08:00:19.135,1.71366,1.71417,1.00,1.00
2017.01.18 08:00:19.645,1.71367,1.71416,1.00,1.00
2017.01.18 08:00:19.893,1.71368,1.71418,1.37,1.00
2017.01.18 08:00:19.994,1.7137,1.7142,1.00,1.00
2017.01.18 08:00:20.095,1.7137,1.7142,1.37,1.00
2017.01.18 08:00:20.146,1.7137,1.7142,1.37,1.00
2017.01.18 08:00:20.197,1.71375,1.71424,1.37,1.50
2017.01.18 08:00:20.298,1.71375,1.71426,1.37,1.00
2017.01.18 08:00:20.349,1.71377,1.71422,1.00,1.00
2017.01.18 08:00:20.452,1.71372,1.71421,1.00,1.00
2017.01.18 08:00:20.503,1.71372,1.71418,1.00,1.00
2017.01.18 08:00:20.604,1.71372,1.7142,1.00,1.00
2017.01.18 08:00:21.447,1.71372,1.71421,1.50,1.00
2017.01.18 08:00:21.699,1.71373,1.71423,1.37,1.00
2017.01.18 08:00:22.094,1.71373,1.71423,1.12,1.00
2017.01.18 08:00:23.417,1.71373,1.71424,1.12,1.00
2017.01.18 08:00:23.467,1.71375,1.71424,1.00,1.00
2017.01.18 08:00:23.770,1.71382,1.71428,1.12,1.00
2017.01.18 08:00:23.821,1.71382,1.71431,1.87,1.00
2017.01.18 08:00:24.080,1.71383,1.71433,1.87,1.00
2017.01.18 08:00:24.231,1.71383,1.71433,1.87,1.00
2017.01.18 08:00:24.282,1.71385,1.71436,1.37,1.00
2017.01.18 08:00:24.434,1.71387,1.71438,1.37,1.00
2017.01.18 08:00:24.738,1.71401,1.71444,1.00,1.00
2017.01.18 08:00:24.788,1.71401,1.71448,1.00,1.00
2017.01.18 08:00:25.067,1.71397,1.71447,1.87,1.00
2017.01.18 08:00:25.337,1.71397,1.71446,1.37,1.00
2017.01.18 08:00:25.492,1.71398,1.71449,1.37,1.00
2017.01.18 08:00:25.543,1.71398,1.71447,1.37,1.00
2017.01.18 08:00:25.645,1.71398,1.71447,1.12,1.00
2017.01.18 08:00:26.244,1.71399,1.71446,1.12,1.00
2017.01.18 08:00:26.645,1.71397,1.71446,1.87,1.00
2017.01.18 08:00:27.046,1.71394,1.71446,1.00,1.12
2017.01.18 08:00:27.199,1.71394,1.71441,1.00,1.37
2017.01.18 08:00:27.250,1.71389,1.71436,1.00,1.37
2017.01.18 08:00:27.351,1.71381,1.71426,1.00,1.00
2017.01.18 08:00:27.452,1.71372,1.71422,1.00,1.37
2017.01.18 08:00:27.503,1.71372,1.71419,1.00,1.00
2017.01.18 08:00:27.554,1.71372,1.71421,1.00,1.00
2017.01.18 08:00:28.025,1.71372,1.71423,1.00,1.00
2017.01.18 08:00:28.533,1.71373,1.71424,1.00,1.00
2017.01.18 08:00:28.772,1.71377,1.71428,1.37,1.50
2017.01.18 08:00:29.171,1.71382,1.71427,1.00,1.00
2017.01.18 08:00:29.222,1.71378,1.71427,1.00,1.00
2017.01.18 08:00:29.272,1.71378,1.71425,1.00,1.00
2017.01.18 08:00:29.374,1.71376,1.71425,1.00,1.00
2017.01.18 08:00:29.425,1.71376,1.71422,1.00,1.00
2017.01.18 08:00:29.526,1.71376,1.71428,1.37,1.50
2017.01.18 08:00:29.627,1.71378,1.71428,1.00,1.50
2017.01.18 08:00:29.962,1.7138,1.71429,1.00,1.00
2017.01.18 08:00:30.286,1.71376,1.71422,1.00,1.00
2017.01.18 08:00:30.388,1.71373,1.71422,1.00,1.00
2017.01.18 08:00:30.438,1.71373,1.7142,1.00,1.00
2017.01.18 08:00:30.966,1.71373,1.71421,1.37,1.00
2017.01.18 08:00:31.982,1.71374,1.7142,1.12,1.00
2017.01.18 08:00:32.435,1.71375,1.71423,1.00,1.00
2017.01.18 08:00:32.708,1.71376,1.71427,1.00,1.37
2017.01.18 08:00:32.759,1.71373,1.71423,1.50,1.00
2017.01.18 08:00:33.062,1.71376,1.71424,1.00,1.00
2017.01.18 08:00:33.365,1.71373,1.71422,1.37,1.00
2017.01.18 08:00:33.618,1.71373,1.71422,1.12,1.00
2017.01.18 08:00:33.669,1.71375,1.71422,1.00,1.00
2017.01.18 08:00:34.188,1.71374,1.71422,1.00,1.00
2017.01.18 08:00:34.400,1.71372,1.71422,1.50,1.00
2017.01.18 08:00:34.602,1.71372,1.71422,1.37,1.00
2017.01.18 08:00:35.057,1.71372,1.71422,1.50,1.00
2017.01.18 08:00:35.716,1.71372,1.71421,1.50,1.00
2017.01.18 08:00:36.043,1.71374,1.71423,1.00,1.00
2017.01.18 08:00:36.377,1.71377,1.71424,1.00,1.00
2017.01.18 08:00:36.854,1.71377,1.71422,1.00,1.00
2017.01.18 08:00:37.060,1.71372,1.7142,1.00,1.00
2017.01.18 08:00:37.827,1.71372,1.7142,1.37,1.00
2017.01.18 08:00:38.437,1.71372,1.7142,1.87,1.00
2017.01.18 08:00:38.488,1.71371,1.71418,1.12,1.00
2017.01.18 08:00:38.851,1.7137,1.71416,1.00,1.00
2017.01.18 08:00:38.902,1.71367,1.71416,1.87,1.00
2017.01.18 08:00:39.492,1.71367,1.71417,1.12,1.00
2017.01.18 08:00:39.629,1.7137,1.71417,1.12,1.00
2017.01.18 08:00:39.680,1.71369,1.71419,1.37,1.00
2017.01.18 08:00:40.106,1.71372,1.71417,1.00,1.00
2017.01.18 08:00:40.258,1.71368,1.71418,1.12,1.00
2017.01.18 08:00:40.308,1.71368,1.71415,1.12,1.00
2017.01.18 08:00:40.460,1.71368,1.71417,1.00,1.00
2017.01.18 08:00:40.662,1.71367,1.71415,1.00,1.00
2017.01.18 08:00:41.207,1.71368,1.71418,1.00,1.00
2017.01.18 08:00:41.413,1.7137,1.71417,1.00,1.00
2017.01.18 08:00:41.742,1.71372,1.71417,1.00,1.00
2017.01.18 08:00:42.120,1.71367,1.71415,1.37,1.00
2017.01.18 08:00:42.770,1.71371,1.71419,1.12,1.00
2017.01.18 08:00:43.292,1.71371,1.71418,1.12,1.00
2017.01.18 08:00:43.580,1.71371,1.7142,1.50,1.00
2017.01.18 08:00:43.631,1.71371,1.71418,1.50,1.00
2017.01.18 08:00:45.227,1.71371,1.71418,1.37,1.00
2017.01.18 08:00:45.531,1.71384,1.71431,1.87,1.75
2017.01.18 08:00:45.632,1.71384,1.71433,1.00,1.87
2017.01.18 08:00:45.968,1.71379,1.71429,1.37,1.75
2017.01.18 08:00:46.018,1.7138,1.71429,1.37,1.75
2017.01.18 08:00:46.322,1.7139,1.71437,1.00,1.75
2017.01.18 08:00:46.423,1.71392,1.71444,1.50,1.37
2017.01.18 08:00:46.474,1.71392,1.71439,1.50,2.62
2017.01.18 08:00:46.525,1.71392,1.71439,1.00,1.37
2017.01.18 08:00:46.677,1.71391,1.71438,1.00,1.00
2017.01.18 08:00:47.133,1.71391,1.71441,1.00,1.00
2017.01.18 08:00:47.233,1.71391,1.71441,2.62,1.00
2017.01.18 08:00:47.538,1.71392,1.71437,1.50,1.00
2017.01.18 08:00:48.075,1.71384,1.71436,1.87,1.00
2017.01.18 08:00:48.126,1.71384,1.71434,1.87,1.00
2017.01.18 08:00:48.432,1.71391,1.7144,1.50,1.00
2017.01.18 08:00:48.533,1.71392,1.71442,1.00,1.00
2017.01.18 08:00:48.840,1.71394,1.71445,1.12,1.00
2017.01.18 08:00:49.001,1.71397,1.71446,1.00,1.00
2017.01.18 08:00:49.365,1.71398,1.71449,1.00,1.00
2017.01.18 08:00:49.466,1.714,1.71448,1.00,1.00
2017.01.18 08:00:49.814,1.714,1.71446,1.00,1.00
2017.01.18 08:00:50.117,1.714,1.71443,1.00,1.00
2017.01.18 08:00:50.167,1.71397,1.71443,1.00,1.00
2017.01.18 08:00:50.369,1.71394,1.71443,1.87,1.00
2017.01.18 08:00:50.522,1.71402,1.71443,1.00,1.00
2017.01.18 08:00:51.033,1.71394,1.71443,1.37,1.00
2017.01.18 08:00:51.273,1.71394,1.71443,2.62,1.00
2017.01.18 08:00:51.426,1.71402,1.71453,1.37,1.50
2017.01.18 08:00:51.527,1.71402,1.71453,2.62,1.00
2017.01.18 08:00:51.629,1.71407,1.71456,1.50,1.00
2017.01.18 08:00:51.780,1.71407,1.71454,1.00,1.00
2017.01.18 08:00:52.143,1.714,1.71449,1.00,1.12
2017.01.18 08:00:52.496,1.714,1.71446,1.50,1.00
2017.01.18 08:00:52.799,1.71405,1.71452,1.12,1.00
2017.01.18 08:00:53.215,1.71405,1.7145,1.00,1.00
2017.01.18 08:00:53.316,1.71403,1.71453,1.12,1.00
2017.01.18 08:00:53.417,1.71402,1.7145,1.37,1.00
2017.01.18 08:00:53.468,1.71402,1.7145,1.12,1.00
2017.01.18 08:00:54.242,1.71401,1.71449,1.87,1.00
2017.01.18 08:00:54.595,1.71401,1.71449,3.37,1.00
2017.01.18 08:00:54.645,1.71406,1.71453,1.37,1.00
2017.01.18 08:00:54.878,1.71406,1.71452,1.37,1.00
2017.01.18 08:00:55.079,1.71412,1.71452,1.00,1.00
2017.01.18 08:00:55.130,1.71406,1.71452,1.00,1.00
2017.01.18 08:00:55.181,1.71406,1.71452,1.37,1.00
2017.01.18 08:00:55.523,1.71406,1.71454,1.37,1.00
2017.01.18 08:00:55.624,1.71412,1.71454,1.00,1.00
2017.01.18 08:00:55.976,1.71407,1.71455,1.37,1.00
2017.01.18 08:00:56.130,1.71406,1.71452,1.50,1.00
2017.01.18 08:00:56.465,1.71406,1.7145,1.00,1.00
2017.01.18 08:00:56.767,1.71406,1.71452,1.37,1.00
2017.01.18 08:00:56.868,1.71406,1.71454,1.37,1.00
2017.01.18 08:00:57.153,1.71406,1.71455,2.62,1.00
2017.01.18 08:00:57.418,1.71406,1.71455,1.87,1.00
2017.01.18 08:00:57.712,1.71406,1.71451,1.87,1.00
2017.01.18 08:00:58.016,1.71406,1.71447,1.00,1.00
2017.01.18 08:00:58.117,1.71401,1.71447,1.37,1.00
2017.01.18 08:00:58.679,1.71401,1.71448,1.37,1.00
2017.01.18 08:00:58.831,1.71403,1.71451,1.87,1.00
2017.01.18 08:00:58.882,1.71402,1.71452,1.37,1.00
2017.01.18 08:00:58.992,1.71402,1.71452,2.62,1.00
2017.01.18 08:00:59.066,1.71401,1.71447,1.00,1.00
2017.01.18 08:00:59.617,1.71401,1.71446,1.00,1.00
2017.01.18 08:00:59.768,1.71401,1.71443,1.37,1.00
2017.01.18 08:00:59.819,1.71401,1.71443,1.00,1.00
2017.01.18 08:00:59.870,1.71402,1.71448,1.37,1.00
2017.01.18 08:00:59.921,1.71402,1.71448,2.62,1.00
2017.01.18 08:01:00.133,1.71404,1.71452,1.87,1.00
2017.01.18 08:01:00.184,1.71412,1.71452,1.00,1.50
2017.01.18 08:01:00.286,1.71404,1.71456,3.37,1.50
2017.01.18 08:01:00.345,1.71412,1.71457,1.00,1.00
2017.01.18 08:01:00.571,1.71404,1.71451,1.00,1.00
2017.01.18 08:01:00.979,1.71402,1.71448,1.00,1.00
2017.01.18 08:01:01.332,1.71398,1.71437,1.00,1.00
2017.01.18 08:01:01.437,1.71395,1.71437,1.00,1.00
2017.01.18 08:01:01.538,1.71388,1.71437,1.12,1.00
2017.01.18 08:01:01.639,1.71392,1.71438,1.12,1.00
2017.01.18 08:01:02.017,1.71388,1.71438,1.37,1.50
2017.01.18 08:01:02.165,1.71389,1.71439,1.37,1.50
2017.01.18 08:01:02.500,1.71392,1.71441,1.37,1.50
2017.01.18 08:01:02.763,1.71393,1.71442,1.37,1.00
2017.01.18 08:01:03.066,1.71411,1.71459,1.00,1.87
2017.01.18 08:01:03.117,1.71407,1.71459,2.62,1.50
2017.01.18 08:01:03.219,1.71412,1.71459,1.37,1.50
2017.01.18 08:01:03.270,1.71412,1.71458,1.50,1.00
2017.01.18 08:01:03.320,1.71412,1.71456,1.00,1.00
2017.01.18 08:01:03.624,1.71412,1.71458,1.00,1.00
2017.01.18 08:01:03.795,1.71412,1.71454,1.00,1.00
2017.01.18 08:01:03.897,1.71409,1.71456,1.00,1.00
2017.01.18 08:01:03.948,1.71407,1.71456,1.50,1.00
2017.01.18 08:01:04.150,1.7141,1.71459,1.37,1.50
2017.01.18 08:01:04.452,1.71415,1.71463,1.00,1.00
2017.01.18 08:01:04.503,1.71416,1.71467,1.37,1.00
2017.01.18 08:01:04.604,1.71417,1.71464,1.12,1.00
2017.01.18 08:01:04.655,1.71417,1.71466,1.12,1.00
2017.01.18 08:01:04.915,1.71418,1.71467,1.37,1.00
2017.01.18 08:01:05.390,1.71415,1.71467,1.87,1.00
2017.01.18 08:01:05.491,1.71416,1.71465,1.12,1.00
2017.01.18 08:01:05.801,1.71413,1.71462,1.00,1.00
2017.01.18 08:01:06.102,1.71406,1.71457,1.37,1.00
2017.01.18 08:01:06.153,1.71406,1.71457,1.37,1.00
2017.01.18 08:01:06.203,1.71406,1.71457,1.37,1.00
2017.01.18 08:01:06.455,1.71405,1.71456,2.62,1.00
2017.01.18 08:01:06.506,1.71405,1.71456,2.62,1.00
2017.01.18 08:01:06.903,1.71405,1.71452,1.87,1.00
2017.01.18 08:01:07.382,1.71405,1.71454,1.87,1.00
2017.01.18 08:01:07.706,1.71411,1.71454,1.00,1.00
2017.01.18 08:01:08.061,1.71405,1.71454,2.62,1.00
2017.01.18 08:01:08.323,1.71405,1.71451,1.00,1.00
2017.01.18 08:01:08.424,1.71401,1.71452,1.87,1.00
2017.01.18 08:01:08.641,1.71408,1.71457,1.37,1.37
2017.01.18 08:01:08.943,1.71408,1.71456,1.37,1.00
2017.01.18 08:01:09.471,1.71408,1.71455,1.00,1.00
2017.01.18 08:01:10.151,1.71408,1.71453,1.00,1.00
2017.01.18 08:01:10.233,1.71408,1.71455,1.00,1.00
2017.01.18 08:01:10.469,1.71404,1.71453,1.12,1.00
2017.01.18 08:01:10.621,1.71403,1.71452,1.00,1.00
2017.01.18 08:01:10.924,1.71402,1.71452,1.37,1.00
2017.01.18 08:01:10.975,1.71402,1.71452,1.87,1.00
2017.01.18 08:01:11.025,1.71403,1.71454,1.37,1.50
2017.01.18 08:01:11.535,1.71405,1.71454,1.37,1.00
2017.01.18 08:01:11.820,1.71403,1.71452,1.00,1.00
2017.01.18 08:01:13.303,1.71403,1.71451,1.00,1.00
2017.01.18 08:01:13.404,1.71403,1.71454,1.00,1.12
2017.01.18 08:01:13.639,1.71406,1.71455,1.00,1.00
2017.01.18 08:01:13.741,1.71402,1.71453,1.87,1.00
2017.01.18 08:01:13.931,1.71405,1.71454,1.12,1.00
2017.01.18 08:01:14.033,1.71403,1.71455,1.87,1.00
2017.01.18 08:01:14.198,1.71404,1.71456,1.37,1.50
2017.01.18 08:01:14.848,1.71407,1.71457,1.00,1.00
2017.01.18 08:01:15.206,1.71407,1.7145,1.00,1.00
2017.01.18 08:01:15.258,1.71402,1.71448,1.50,1.00
2017.01.18 08:01:15.308,1.71402,1.71446,1.00,1.00
2017.01.18 08:01:15.510,1.71397,1.71445,1.12,1.00
2017.01.18 08:01:15.661,1.71396,1.71443,1.37,1.00
2017.01.18 08:01:15.762,1.71396,1.71446,1.37,1.00
2017.01.18 08:01:16.495,1.71395,1.71445,1.87,1.00
2017.01.18 08:01:16.983,1.71395,1.71447,1.87,1.50
2017.01.18 08:01:17.034,1.71401,1.71447,1.00,1.50
2017.01.18 08:01:17.618,1.71402,1.71447,1.00,1.00
2017.01.18 08:01:17.949,1.71401,1.71445,1.12,1.00
2017.01.18 08:01:18.202,1.71412,1.7146,1.00,1.00
2017.01.18 08:01:18.632,1.71411,1.71459,1.00,1.37
2017.01.18 08:01:19.206,1.71411,1.71459,1.00,1.00
2017.01.18 08:01:20.150,1.71411,1.71461,1.00,1.00
2017.01.18 08:01:20.705,1.71411,1.7146,1.50,1.00
2017.01.18 08:01:21.251,1.71411,1.71459,1.00,1.00
2017.01.18 08:01:21.432,1.71411,1.71457,1.00,1.00
2017.01.18 08:01:21.770,1.71406,1.7145,1.00,1.00
2017.01.18 08:01:21.871,1.71402,1.71449,1.00,1.00
2017.01.18 08:01:22.124,1.71402,1.71451,1.00,1.00
2017.01.18 08:01:22.352,1.71402,1.7145,1.00,1.37
2017.01.18 08:01:22.503,1.71402,1.71452,1.00,1.50
2017.01.18 08:01:23.053,1.71403,1.71453,1.00,1.87
2017.01.18 08:01:25.050,1.71402,1.71451,1.00,1.12
2017.01.18 08:01:25.465,1.71405,1.71453,1.37,1.50
2017.01.18 08:01:25.522,1.71405,1.71453,1.37,1.00
2017.01.18 08:01:26.840,1.71405,1.71453,1.12,1.00
2017.01.18 08:01:26.992,1.71403,1.71453,1.00,1.00
2017.01.18 08:01:27.043,1.71403,1.7145,1.00,1.00
2017.01.18 08:01:27.359,1.71401,1.71448,1.00,1.00
2017.01.18 08:01:28.312,1.71402,1.71449,1.00,1.37
2017.01.18 08:01:28.465,1.71402,1.71449,1.00,1.00
2017.01.18 08:01:29.020,1.71404,1.71453,1.00,1.00
2017.01.18 08:01:29.078,1.71404,1.71453,1.00,1.37
2017.01.18 08:01:29.229,1.71405,1.71453,1.00,1.00
2017.01.18 08:01:29.424,1.71408,1.71453,1.00,1.00
2017.01.18 08:01:29.475,1.71406,1.71453,1.00,1.00
2017.01.18 08:01:29.525,1.71412,1.71453,1.00,1.00
2017.01.18 08:01:29.929,1.71421,1.71453,1.00,1.00
2017.01.18 08:01:30.030,1.71412,1.71453,1.50,1.00
2017.01.18 08:01:30.181,1.71414,1.71453,1.00,1.00
2017.01.18 08:01:30.333,1.71412,1.71453,1.00,1.00
2017.01.18 08:01:30.713,1.71413,1.71453,1.37,1.00
2017.01.18 08:01:31.016,1.71422,1.71453,1.00,1.00
2017.01.18 08:01:31.859,1.71422,1.71453,1.37,1.00
2017.01.18 08:01:32.061,1.71423,1.7146,1.37,1.00
2017.01.18 08:01:32.112,1.71423,1.71468,1.37,1.00
2017.01.18 08:01:32.263,1.71422,1.71471,2.62,1.00
2017.01.18 08:01:32.364,1.71422,1.71471,2.62,1.00
2017.01.18 08:01:32.627,1.71422,1.71469,1.00,1.00
2017.01.18 08:01:33.825,1.71422,1.71468,1.00,1.00
2017.01.18 08:01:34.430,1.71422,1.71469,1.00,1.00
2017.01.18 08:01:34.966,1.71423,1.7147,1.00,1.00
2017.01.18 08:01:35.875,1.71423,1.71471,1.00,1.00
2017.01.18 08:01:38.301,1.71432,1.71473,1.00,1.00
2017.01.18 08:01:38.352,1.71425,1.71472,1.37,1.00
2017.01.18 08:01:38.453,1.71425,1.71469,1.00,1.37
2017.01.18 08:01:38.503,1.71422,1.71469,1.00,1.37
2017.01.18 08:01:38.605,1.71422,1.71469,1.00,1.12
2017.01.18 08:01:38.756,1.71422,1.71469,1.00,1.37
2017.01.18 08:01:38.907,1.71423,1.71473,1.00,1.37
2017.01.18 08:01:38.958,1.71423,1.71473,1.00,1.12
2017.01.18 08:01:39.059,1.71424,1.71476,1.37,1.87
2017.01.18 08:01:39.160,1.71427,1.71476,1.00,1.12
2017.01.18 08:01:39.489,1.71424,1.71472,1.00,1.37
2017.01.18 08:01:39.539,1.71424,1.71473,1.00,1.12
2017.01.18 08:01:39.745,1.71422,1.71463,1.50,1.00
2017.01.18 08:01:39.897,1.71413,1.71464,1.00,1.37
2017.01.18 08:01:40.554,1.71412,1.71462,1.50,1.00
2017.01.18 08:01:41.062,1.71413,1.71462,1.00,1.00
2017.01.18 08:01:41.113,1.71413,1.71463,1.37,1.00
2017.01.18 08:01:41.316,1.71422,1.71471,1.50,1.00
2017.01.18 08:01:41.417,1.71421,1.7147,1.00,1.37
2017.01.18 08:01:41.739,1.71413,1.71462,2.62,1.00
2017.01.18 08:01:42.243,1.71413,1.71463,2.25,1.00
2017.01.18 08:01:43.609,1.71413,1.71462,2.25,1.00
2017.01.18 08:01:44.928,1.71413,1.71463,2.25,1.00
2017.01.18 08:01:45.390,1.71413,1.71461,2.25,1.00
2017.01.18 08:01:45.693,1.71392,1.71438,1.87,1.00
2017.01.18 08:01:45.744,1.71391,1.71438,1.37,1.00
2017.01.18 08:01:45.794,1.71392,1.7144,1.87,1.00
2017.01.18 08:01:45.845,1.71393,1.7144,1.37,1.00
2017.01.18 08:01:45.896,1.71398,1.71447,1.37,1.50
2017.01.18 08:01:45.947,1.71402,1.71447,1.00,1.50
2017.01.18 08:01:45.997,1.71402,1.71449,1.00,1.12
2017.01.18 08:01:46.149,1.714,1.71449,1.00,1.00
2017.01.18 08:01:46.250,1.71399,1.71451,1.00,1.50
2017.01.18 08:01:46.300,1.71401,1.7145,1.00,1.37
2017.01.18 08:01:46.470,1.71398,1.71447,1.00,1.00
2017.01.18 08:01:46.521,1.71401,1.71448,1.00,1.00
2017.01.18 08:01:47.027,1.71402,1.71447,1.00,1.00
2017.01.18 08:01:47.415,1.71398,1.71447,1.50,1.00
2017.01.18 08:01:47.566,1.71401,1.71448,1.00,1.00
2017.01.18 08:01:47.667,1.71401,1.71451,1.12,1.50
2017.01.18 08:01:47.768,1.71404,1.71451,1.00,1.00
2017.01.18 08:01:48.118,1.71417,1.71465,1.00,1.87
2017.01.18 08:01:48.184,1.71417,1.71465,1.00,1.50
2017.01.18 08:01:48.285,1.71416,1.71468,1.00,1.87
2017.01.18 08:01:48.335,1.71416,1.71465,1.00,1.00
2017.01.18 08:01:48.486,1.71412,1.71463,2.25,1.00
2017.01.18 08:01:48.537,1.71412,1.71461,1.50,1.00
2017.01.18 08:01:49.105,1.71413,1.71462,1.00,1.50
2017.01.18 08:01:50.240,1.71412,1.71462,1.00,1.00
2017.01.18 08:01:50.915,1.71413,1.71462,1.00,1.50
2017.01.18 08:01:51.947,1.71414,1.71462,1.00,1.50
2017.01.18 08:01:52.159,1.7142,1.7147,1.12,1.50
2017.01.18 08:01:52.260,1.71422,1.71469,1.12,1.00
2017.01.18 08:01:52.563,1.71428,1.71474,1.00,1.75
2017.01.18 08:01:52.866,1.7143,1.71476,1.00,1.75
2017.01.18 08:01:53.130,1.71428,1.71478,1.00,1.75
2017.01.18 08:01:54.012,1.71428,1.71477,1.00,1.37
2017.01.18 08:01:54.063,1.71428,1.71477,1.00,1.00
2017.01.18 08:01:54.515,1.71425,1.71474,1.50,1.00
2017.01.18 08:01:54.667,1.71426,1.71476,1.00,1.00
2017.01.18 08:01:55.200,1.71427,1.71476,1.00,1.00
2017.01.18 08:01:55.342,1.71427,1.71474,1.00,1.00
2017.01.18 08:01:55.824,1.71427,1.71476,1.00,1.00
2017.01.18 08:01:56.379,1.71426,1.71476,1.00,1.12
2017.01.18 08:01:56.430,1.71432,1.71476,1.00,1.00
2017.01.18 08:01:56.631,1.71432,1.71479,1.50,1.00
2017.01.18 08:01:56.732,1.71432,1.71481,1.50,1.50
2017.01.18 08:01:57.283,1.71432,1.7148,1.00,1.00
2017.01.18 08:01:57.830,1.71432,1.71481,1.87,1.00
2017.01.18 08:01:58.117,1.71432,1.71479,1.37,1.00
2017.01.18 08:01:58.416,1.71432,1.71481,1.37,1.00
2017.01.18 08:01:59.822,1.71434,1.71481,1.00,1.00
2017.01.18 08:02:00.238,1.71436,1.71481,1.37,1.00
2017.01.18 08:02:00.340,1.7144,1.71488,1.87,1.00
2017.01.18 08:02:00.542,1.71441,1.71491,1.87,1.00
2017.01.18 08:02:00.794,1.71441,1.71491,1.00,1.50
2017.01.18 08:02:00.862,1.71441,1.71489,1.00,1.00
2017.01.18 08:02:00.964,1.71441,1.71491,1.37,2.25
2017.01.18 08:02:01.014,1.71441,1.71489,1.37,1.00
2017.01.18 08:02:01.115,1.71441,1.71491,1.87,1.50
2017.01.18 08:02:01.274,1.71441,1.71491,1.87,1.50
2017.01.18 08:02:01.494,1.71441,1.71491,1.87,1.50
2017.01.18 08:02:01.605,1.71441,1.71491,1.87,1.50
2017.01.18 08:02:01.655,1.71439,1.71489,1.00,1.00
2017.01.18 08:02:01.757,1.71437,1.71488,1.12,1.00
2017.01.18 08:02:02.232,1.7144,1.71489,1.00,2.25
2017.01.18 08:02:02.550,1.71446,1.71496,1.00,1.87
2017.01.18 08:02:02.601,1.71446,1.71495,1.00,1.12
2017.01.18 08:02:02.651,1.71443,1.71488,1.12,1.00
2017.01.18 08:02:02.702,1.71443,1.7149,1.00,1.00
2017.01.18 08:02:02.883,1.71439,1.71489,2.25,1.50
2017.01.18 08:02:02.934,1.71439,1.71489,1.50,1.00
2017.01.18 08:02:03.632,1.71441,1.7149,1.12,1.50
2017.01.18 08:02:04.027,1.71443,1.7149,1.37,1.00
2017.01.18 08:02:04.180,1.71443,1.71494,1.00,1.12
2017.01.18 08:02:04.442,1.71441,1.71487,1.00,1.00
2017.01.18 08:02:05.022,1.71441,1.71486,1.00,1.00
2017.01.18 08:02:05.325,1.71431,1.71459,1.00,1.50
2017.01.18 08:02:05.426,1.71426,1.71459,1.37,1.00
2017.01.18 08:02:05.789,1.71412,1.71459,2.17,1.00
2017.01.18 08:02:05.854,1.71411,1.71458,1.00,1.12
2017.01.18 08:02:05.955,1.71411,1.71456,1.00,1.00
2017.01.18 08:02:06.111,1.71411,1.71458,1.00,1.12
2017.01.18 08:02:06.815,1.71411,1.71458,1.00,1.37
2017.01.18 08:02:07.332,1.71411,1.71458,1.00,1.00
2017.01.18 08:02:07.409,1.71408,1.71458,1.50,1.00
2017.01.18 08:02:08.136,1.71411,1.71458,1.00,1.00
2017.01.18 08:02:09.171,1.71411,1.71458,1.00,1.37
2017.01.18 08:02:09.221,1.71408,1.71458,1.50,1.00
2017.01.18 08:02:09.272,1.71408,1.71458,1.50,1.37
2017.01.18 08:02:09.325,1.71406,1.71457,1.50,1.50
2017.01.18 08:02:09.377,1.71406,1.71454,1.00,1.00
2017.01.18 08:02:09.708,1.71412,1.71452,1.00,1.87
2017.01.18 08:02:09.759,1.71403,1.71453,1.00,1.00
2017.01.18 08:02:09.960,1.71401,1.7145,1.12,1.00
2017.01.18 08:02:10.465,1.714,1.71451,1.00,1.00
2017.01.18 08:02:10.767,1.71402,1.71451,1.50,1.00
2017.01.18 08:02:10.970,1.71403,1.71453,1.00,1.12
2017.01.18 08:02:11.501,1.71403,1.71452,1.00,1.00
2017.01.18 08:02:12.029,1.71402,1.71452,2.25,1.00
2017.01.18 08:02:12.191,1.71403,1.71454,1.00,1.50
2017.01.18 08:02:12.241,1.71407,1.71454,1.00,1.00
2017.01.18 08:02:12.553,1.7141,1.71459,1.12,1.00
2017.01.18 08:02:12.654,1.7141,1.71461,1.00,1.87
2017.01.18 08:02:12.756,1.71412,1.7146,1.00,1.00
2017.01.18 08:02:12.857,1.71405,1.71454,1.00,1.00
2017.01.18 08:02:13.404,1.71404,1.71453,1.50,1.00
2017.01.18 08:02:14.611,1.71404,1.71453,1.87,1.50
2017.01.18 08:02:14.662,1.71406,1.71456,1.00,1.00
2017.01.18 08:02:15.179,1.71405,1.71456,1.00,1.00
2017.01.18 08:02:15.331,1.71407,1.71455,1.00,1.12
2017.01.18 08:02:15.382,1.71404,1.71455,1.50,1.87
2017.01.18 08:02:15.819,1.71407,1.71455,1.00,1.00
2017.01.18 08:02:15.940,1.71408,1.71458,1.00,1.00
2017.01.18 08:02:16.437,1.7141,1.71459,1.00,1.00
2017.01.18 08:02:16.979,1.71409,1.7146,1.00,1.00
2017.01.18 08:02:17.303,1.71411,1.71459,1.00,1.00
2017.01.18 08:02:17.354,1.71411,1.71461,1.12,1.50
2017.01.18 08:02:17.556,1.71411,1.71456,1.00,1.37
2017.01.18 08:02:17.657,1.71402,1.71452,2.62,1.37
2017.01.18 08:02:17.758,1.71402,1.71448,1.00,1.37
2017.01.18 08:02:18.117,1.71401,1.71443,1.00,1.00
2017.01.18 08:02:18.766,1.71402,1.71447,1.00,2.25
2017.01.18 08:02:18.817,1.71402,1.71447,1.00,1.00
2017.01.18 08:02:19.120,1.71411,1.71447,1.00,1.00
2017.01.18 08:02:19.228,1.71411,1.71449,1.00,1.12
2017.01.18 08:02:19.743,1.71401,1.7145,1.87,1.87
2017.01.18 08:02:20.048,1.71401,1.71451,1.50,1.00
2017.01.18 08:02:20.200,1.71401,1.71448,1.37,1.00
2017.01.18 08:02:20.661,1.71412,1.71448,1.00,1.00
2017.01.18 08:02:20.812,1.71401,1.7145,1.12,1.87
2017.01.18 08:02:20.963,1.71401,1.71448,1.37,1.37
2017.01.18 08:02:22.224,1.71401,1.71446,1.00,1.87
2017.01.18 08:02:22.325,1.71402,1.71448,1.00,1.37
2017.01.18 08:02:22.426,1.71402,1.71446,1.00,1.37
2017.01.18 08:02:22.527,1.71402,1.71444,1.00,1.12
2017.01.18 08:02:22.578,1.71402,1.71444,1.00,2.62
2017.01.18 08:02:22.628,1.71393,1.71441,1.00,2.62
2017.01.18 08:02:22.780,1.71389,1.71437,1.00,1.87
2017.01.18 08:02:23.152,1.71382,1.71424,1.00,1.37
2017.01.18 08:02:23.254,1.71382,1.71424,1.00,1.12
2017.01.18 08:02:23.567,1.71375,1.71425,1.00,1.87
2017.01.18 08:02:23.869,1.71371,1.71418,1.00,1.37
2017.01.18 08:02:24.173,1.71381,1.71414,1.00,1.00
2017.01.18 08:02:24.274,1.71381,1.71422,1.00,1.87
2017.01.18 08:02:24.513,1.71382,1.71424,1.00,1.00
2017.01.18 08:02:24.817,1.71382,1.71431,1.00,1.87
2017.01.18 08:02:24.918,1.71382,1.71428,1.00,1.37
2017.01.18 08:02:25.019,1.71378,1.71428,1.50,1.37
2017.01.18 08:02:25.070,1.71378,1.71427,1.00,1.00
2017.01.18 08:02:25.121,1.71379,1.71429,1.00,1.00
2017.01.18 08:02:25.171,1.71377,1.71427,1.00,1.00
2017.01.18 08:02:25.480,1.71381,1.71429,1.00,1.00
2017.01.18 08:02:26.001,1.71381,1.71427,1.00,1.00
2017.01.18 08:02:26.304,1.71382,1.71425,1.00,1.00
2017.01.18 08:02:26.355,1.71382,1.71427,1.00,1.00
2017.01.18 08:02:26.516,1.71392,1.71425,1.00,1.00
2017.01.18 08:02:26.567,1.71391,1.71431,1.00,1.00
2017.01.18 08:02:26.819,1.71385,1.71437,1.00,1.50
2017.01.18 08:02:26.990,1.71387,1.71436,1.00,1.00
2017.01.18 08:02:27.646,1.71385,1.71437,1.00,1.00
2017.01.18 08:02:28.208,1.71392,1.71436,1.00,1.00
2017.01.18 08:02:28.259,1.71387,1.71436,1.00,1.00
2017.01.18 08:02:28.510,1.71392,1.71436,1.00,1.00
2017.01.18 08:02:29.324,1.71387,1.71436,1.00,1.00
2017.01.18 08:02:29.382,1.71386,1.71434,1.00,1.00
2017.01.18 08:02:29.685,1.71382,1.71427,1.00,1.00
2017.01.18 08:02:29.989,1.71381,1.71424,1.00,1.00
2017.01.18 08:02:30.295,1.71381,1.71426,1.00,1.00
2017.01.18 08:02:30.939,1.71381,1.71425,1.00,1.00
2017.01.18 08:02:31.474,1.71382,1.71427,1.00,1.00
2017.01.18 08:02:31.525,1.71392,1.71427,1.00,1.00
2017.01.18 08:02:31.792,1.71391,1.71437,1.00,1.75
2017.01.18 08:02:31.843,1.71391,1.71437,1.00,1.00
2017.01.18 08:02:31.944,1.71389,1.71436,1.00,1.00
2017.01.18 08:02:32.095,1.71386,1.71436,1.00,1.00
2017.01.18 08:02:32.146,1.71386,1.71434,1.00,1.00
2017.01.18 08:02:32.197,1.71384,1.71433,1.00,1.00
2017.01.18 08:02:32.720,1.71385,1.71434,1.50,1.00
2017.01.18 08:02:32.965,1.71387,1.71434,1.00,1.00
2017.01.18 08:02:33.049,1.71385,1.71434,1.50,1.00
2017.01.18 08:02:34.050,1.71386,1.71434,1.00,1.00
2017.01.18 08:02:34.664,1.71386,1.71436,1.00,1.00
2017.01.18 08:02:34.765,1.71385,1.71434,1.00,1.00
2017.01.18 08:02:35.068,1.71381,1.7143,1.50,1.00
2017.01.18 08:02:35.371,1.71384,1.71433,1.50,1.00
2017.01.18 08:02:35.425,1.71385,1.71435,1.00,1.00
2017.01.18 08:02:35.685,1.71387,1.71436,1.00,1.00
2017.01.18 08:02:36.173,1.71387,1.71434,1.00,1.00
2017.01.18 08:02:36.274,1.71383,1.71433,1.00,1.00
2017.01.18 08:02:36.325,1.71383,1.71431,1.00,1.00
2017.01.18 08:02:36.644,1.71382,1.71434,1.50,1.00
2017.01.18 08:02:37.079,1.71382,1.71432,1.00,1.00
2017.01.18 08:02:37.392,1.71384,1.71433,1.00,1.00
2017.01.18 08:02:37.605,1.71383,1.71435,1.50,1.00
2017.01.18 08:02:38.256,1.71384,1.71435,1.00,1.00
2017.01.18 08:02:38.307,1.71382,1.71434,1.00,1.00
2017.01.18 08:02:38.358,1.71382,1.71431,1.00,1.00
2017.01.18 08:02:38.844,1.71384,1.71433,1.00,1.00
2017.01.18 08:02:39.223,1.71382,1.71431,1.00,1.00
2017.01.18 08:02:39.526,1.71402,1.71445,1.00,1.50
2017.01.18 08:02:39.577,1.71402,1.71452,1.00,1.75
2017.01.18 08:02:39.678,1.71401,1.71451,1.00,1.00
2017.01.18 08:02:39.893,1.71401,1.71449,1.00,1.37
2017.01.18 08:02:40.196,1.71391,1.71442,2.25,1.50
2017.01.18 08:02:40.247,1.71391,1.71442,1.50,1.50
2017.01.18 08:02:40.449,1.71393,1.71442,1.00,1.50
2017.01.18 08:02:40.776,1.71381,1.7143,2.25,1.00
2017.01.18 08:02:40.877,1.71381,1.71428,1.00,1.00
2017.01.18 08:02:41.001,1.71378,1.71427,1.00,1.00
2017.01.18 08:02:41.051,1.71385,1.71428,1.00,1.00
2017.01.18 08:02:41.102,1.71387,1.71434,1.00,1.00
2017.01.18 08:02:41.203,1.71381,1.71432,1.50,1.00
2017.01.18 08:02:41.506,1.71381,1.7143,1.50,1.00
2017.01.18 08:02:41.809,1.71385,1.71434,1.00,1.00
2017.01.18 08:02:41.910,1.71386,1.71438,1.00,1.50
2017.01.18 08:02:43.222,1.71388,1.71437,1.00,1.00
2017.01.18 08:02:43.323,1.71386,1.71437,1.00,1.00
2017.01.18 08:02:43.723,1.71387,1.71436,1.37,1.00
2017.01.18 08:02:43.824,1.71388,1.71438,1.00,1.00
2017.01.18 08:02:44.351,1.71388,1.71439,1.00,1.00
2017.01.18 08:02:45.493,1.71387,1.71438,1.00,1.00
2017.01.18 08:02:46.372,1.71389,1.71438,1.00,1.00
2017.01.18 08:02:47.227,1.71389,1.7144,1.00,1.00
2017.01.18 08:02:47.455,1.71393,1.71441,1.00,1.00
2017.01.18 08:02:47.657,1.71396,1.71445,1.00,1.00
2017.01.18 08:02:48.212,1.71395,1.71438,1.50,1.00
2017.01.18 08:02:48.313,1.71389,1.71436,1.12,1.37
2017.01.18 08:02:48.468,1.71385,1.71428,1.00,1.00
2017.01.18 08:02:48.519,1.7138,1.71428,1.87,1.00
2017.01.18 08:02:48.840,1.71377,1.71427,1.37,1.00
2017.01.18 08:02:48.891,1.71376,1.71425,1.00,1.00
2017.01.18 08:02:49.197,1.71381,1.71426,1.00,1.00
2017.01.18 08:02:49.462,1.71377,1.71426,1.00,1.00
2017.01.18 08:02:49.563,1.7138,1.71428,1.00,1.00
2017.01.18 08:02:49.613,1.71382,1.71431,1.50,1.00
2017.01.18 08:02:49.919,1.71384,1.71433,1.00,1.00
2017.01.18 08:02:50.564,1.71385,1.71433,1.00,1.00
2017.01.18 08:02:51.344,1.71385,1.71434,1.50,1.00
2017.01.18 08:02:51.850,1.71385,1.71435,1.50,1.00
2017.01.18 08:02:52.511,1.71385,1.71434,1.50,1.00
2017.01.18 08:02:53.077,1.71385,1.71435,1.50,1.00
2017.01.18 08:02:53.412,1.71385,1.71425,1.00,1.00
2017.01.18 08:02:53.513,1.71374,1.71424,1.75,1.12
2017.01.18 08:02:53.614,1.71372,1.7142,1.00,1.37
2017.01.18 08:02:53.765,1.71372,1.7142,1.00,1.50
2017.01.18 08:02:54.299,1.71372,1.71421,2.25,1.00
2017.01.18 08:02:54.611,1.71372,1.71419,1.50,1.00
2017.01.18 08:02:54.814,1.71362,1.71411,2.25,1.00
2017.01.18 08:02:55.744,1.71362,1.71413,2.25,1.00
2017.01.18 08:02:55.795,1.71362,1.71411,2.25,1.00
2017.01.18 08:02:56.375,1.71363,1.71412,1.00,1.00
2017.01.18 08:02:56.880,1.71364,1.71412,1.00,1.00
2017.01.18 08:02:57.183,1.71372,1.71418,1.00,1.00
2017.01.18 08:02:57.474,1.71371,1.7142,1.00,1.00
2017.01.18 08:02:58.024,1.71372,1.71421,1.00,1.00
2017.01.18 08:02:58.787,1.71371,1.7142,1.50,1.00
2017.01.18 08:02:58.841,1.71371,1.71422,1.50,1.00
2017.01.18 08:02:59.448,1.71372,1.71422,1.00,1.00
2017.01.18 08:02:59.979,1.71372,1.71423,2.25,1.00
2017.01.18 08:03:00.316,1.71398,1.71425,1.00,1.00
2017.01.18 08:03:00.425,1.71402,1.7143,1.50,1.00
2017.01.18 08:03:00.527,1.71407,1.71444,1.00,2.55
2017.01.18 08:03:00.629,1.71405,1.71444,1.00,2.55
2017.01.18 08:03:00.863,1.71405,1.71454,1.00,1.00
2017.01.18 08:03:01.388,1.71406,1.71455,1.00,1.00
2017.01.18 08:03:01.489,1.71404,1.71453,1.00,1.00
2017.01.18 08:03:01.792,1.71406,1.71453,1.00,1.00
2017.01.18 08:03:01.893,1.71404,1.71453,1.50,1.00
2017.01.18 08:03:01.994,1.71406,1.71455,1.00,1.00
2017.01.18 08:03:02.247,1.71404,1.71457,1.00,1.50
2017.01.18 08:03:02.298,1.7141,1.71458,1.00,1.50
2017.01.18 08:03:02.501,1.71407,1.71458,1.50,1.50
2017.01.18 08:03:02.602,1.71405,1.7145,1.00,1.00
2017.01.18 08:03:02.931,1.71401,1.71449,1.00,1.00
2017.01.18 08:03:02.982,1.71411,1.7145,1.00,1.00
2017.01.18 08:03:03.033,1.71407,1.7145,1.00,1.00
2017.01.18 08:03:03.134,1.71402,1.7145,1.00,1.50
2017.01.18 08:03:03.285,1.71402,1.71448,1.00,1.00
2017.01.18 08:03:03.336,1.71398,1.71447,1.00,1.50
2017.01.18 08:03:03.789,1.71401,1.71448,1.00,1.00
2017.01.18 08:03:04.146,1.71402,1.7145,1.00,1.50
2017.01.18 08:03:04.993,1.71401,1.7145,1.50,1.50
2017.01.18 08:03:05.094,1.71403,1.7145,1.00,1.00
2017.01.18 08:03:05.444,1.71406,1.71456,1.00,1.50
2017.01.18 08:03:05.495,1.71408,1.71456,1.00,1.00
2017.01.18 08:03:06.008,1.71407,1.71457,1.00,1.50
2017.01.18 08:03:06.311,1.71402,1.71449,1.00,1.00
2017.01.18 08:03:06.476,1.71397,1.71448,1.00,1.00
2017.01.18 08:03:06.527,1.71401,1.71448,1.00,1.00
2017.01.18 08:03:06.775,1.71396,1.71444,1.00,1.00
2017.01.18 08:03:06.826,1.71401,1.71446,1.00,1.00
2017.01.18 08:03:07.358,1.71401,1.71445,1.00,1.00
2017.01.18 08:03:07.817,1.71397,1.71445,1.00,1.00
2017.01.18 08:03:08.077,1.71393,1.71443,1.12,1.00
2017.01.18 08:03:08.178,1.71392,1.71439,1.50,1.00
2017.01.18 08:03:08.717,1.71392,1.71439,1.50,1.00
2017.01.18 08:03:09.263,1.71393,1.71439,1.50,1.00
2017.01.18 08:03:09.672,1.71393,1.71444,1.50,1.00
2017.01.18 08:03:10.184,1.71394,1.71445,1.00,1.50
2017.01.18 08:03:10.235,1.71393,1.71442,1.50,1.00
2017.01.18 08:03:10.437,1.71391,1.71441,1.50,1.00
2017.01.18 08:03:10.691,1.71391,1.71439,1.00,1.00
2017.01.18 08:03:12.106,1.71392,1.71439,1.00,1.50
2017.01.18 08:03:12.747,1.71391,1.71439,1.00,1.50
2017.01.18 08:03:13.438,1.71392,1.71439,1.00,1.00
2017.01.18 08:03:14.516,1.71391,1.71439,1.00,1.00
2017.01.18 08:03:16.036,1.71391,1.71438,1.00,1.00
2017.01.18 08:03:17.603,1.71392,1.71438,1.00,1.00
2017.01.18 08:03:18.132,1.71391,1.71435,1.00,1.00
2017.01.18 08:03:18.233,1.71386,1.71434,1.00,1.00
2017.01.18 08:03:18.730,1.71392,1.7144,1.50,1.87
2017.01.18 08:03:19.067,1.71392,1.71438,1.00,1.00
2017.01.18 08:03:19.727,1.71391,1.71438,1.00,1.00
2017.01.18 08:03:20.061,1.71393,1.7144,1.00,1.12
2017.01.18 08:03:20.264,1.71399,1.71448,1.00,1.12
2017.01.18 08:03:20.365,1.71401,1.7145,1.00,1.00
2017.01.18 08:03:20.422,1.71401,1.71452,1.00,1.50
2017.01.18 08:03:20.523,1.714,1.71449,1.50,1.00
2017.01.18 08:03:20.916,1.71395,1.71444,1.00,1.00
2017.01.18 08:03:21.068,1.71396,1.71446,1.00,1.50
2017.01.18 08:03:21.219,1.71395,1.7144,1.00,1.00
2017.01.18 08:03:21.522,1.71381,1.71429,1.00,1.00
2017.01.18 08:03:22.028,1.71382,1.71428,1.00,1.00
2017.01.18 08:03:22.539,1.71382,1.71426,1.00,1.00
2017.01.18 08:03:22.701,1.71382,1.71428,1.00,1.00
2017.01.18 08:03:22.954,1.71382,1.71426,1.00,1.00
2017.01.18 08:03:23.106,1.71382,1.71428,1.00,1.00
2017.01.18 08:03:23.680,1.71382,1.71426,1.00,1.00
2017.01.18 08:03:23.836,1.71372,1.7142,1.00,1.37
2017.01.18 08:03:24.167,1.71372,1.71421,1.00,1.50
2017.01.18 08:03:24.490,1.71372,1.71419,1.00,1.00
2017.01.18 08:03:25.031,1.71372,1.7142,1.00,1.00
2017.01.18 08:03:25.720,1.71382,1.71421,1.00,1.50
2017.01.18 08:03:25.872,1.71382,1.71424,1.00,1.00
2017.01.18 08:03:26.412,1.71382,1.71425,1.00,1.00
2017.01.18 08:03:27.523,1.71381,1.71425,1.00,1.00
2017.01.18 08:03:27.674,1.71381,1.71432,1.50,1.75
2017.01.18 08:03:27.725,1.71383,1.71432,1.00,1.75
2017.01.18 08:03:28.028,1.71382,1.71424,1.00,1.00
2017.01.18 08:03:28.251,1.71382,1.71428,1.00,1.87
2017.01.18 08:03:28.807,1.71382,1.71428,1.00,1.50
2017.01.18 08:03:28.908,1.71381,1.71424,1.00,1.00
2017.01.18 08:03:29.160,1.71372,1.71421,1.00,1.00
2017.01.18 08:03:29.287,1.71371,1.71423,1.50,1.00
2017.01.18 08:03:29.338,1.71382,1.71423,1.00,1.00
2017.01.18 08:03:29.489,1.71382,1.71425,1.00,1.50
2017.01.18 08:03:29.842,1.71382,1.71428,1.00,1.50
2017.01.18 08:03:30.178,1.71382,1.7143,1.00,1.00
2017.01.18 08:03:30.622,1.71392,1.7143,1.00,1.00
2017.01.18 08:03:30.874,1.71392,1.71432,1.00,1.00
2017.01.18 08:03:30.925,1.71384,1.71433,1.00,1.00
2017.01.18 08:03:31.126,1.71391,1.71433,1.00,1.00
2017.01.18 08:03:32.346,1.71392,1.71433,1.00,1.00
2017.01.18 08:03:32.447,1.71392,1.71438,1.00,1.87
2017.01.18 08:03:32.548,1.71392,1.71438,1.00,1.50
2017.01.18 08:03:33.100,1.71392,1.71442,1.50,1.50
2017.01.18 08:03:33.634,1.71393,1.71443,1.00,1.75
2017.01.18 08:03:34.138,1.71392,1.71441,1.50,1.37
2017.01.18 08:03:34.368,1.71394,1.71443,1.00,1.75
2017.01.18 08:03:34.570,1.71395,1.71445,1.00,2.25
2017.01.18 08:03:34.621,1.71398,1.71445,1.00,1.12
2017.01.18 08:03:35.359,1.71397,1.71445,1.50,1.12
2017.01.18 08:03:35.735,1.71394,1.71439,1.00,1.00
2017.01.18 08:03:35.786,1.71392,1.71439,1.00,1.00
2017.01.18 08:03:35.837,1.71392,1.71435,1.00,1.00
2017.01.18 08:03:35.888,1.71386,1.71435,1.12,1.37
2017.01.18 08:03:35.989,1.71384,1.7143,1.50,1.00
2017.01.18 08:03:36.342,1.71384,1.7143,1.12,1.00
2017.01.18 08:03:36.493,1.71382,1.7143,1.00,1.50
2017.01.18 08:03:36.544,1.7138,1.71429,1.00,1.00
2017.01.18 08:03:36.725,1.71389,1.71436,1.00,1.00
2017.01.18 08:03:37.083,1.71391,1.71437,1.00,1.12
2017.01.18 08:03:38.127,1.71392,1.71441,1.00,2.25
2017.01.18 08:03:38.279,1.71391,1.71441,1.50,1.87
2017.01.18 08:03:38.816,1.7139,1.71439,1.00,1.00
2017.01.18 08:03:38.973,1.71388,1.71439,1.50,1.00
2017.01.18 08:03:40.278,1.7139,1.71439,1.00,1.00
2017.01.18 08:03:42.055,1.71392,1.71439,1.00,1.00
2017.01.18 08:03:42.998,1.71392,1.7144,1.50,1.00
2017.01.18 08:03:43.799,1.71392,1.71441,1.50,1.50
2017.01.18 08:03:44.147,1.71394,1.71441,1.00,1.00
2017.01.18 08:03:44.450,1.71404,1.71449,1.50,1.00
2017.01.18 08:03:44.985,1.71405,1.71449,1.00,1.00
2017.01.18 08:03:45.918,1.71402,1.71449,1.00,1.00
2017.01.18 08:03:45.969,1.71395,1.71444,1.00,1.00
2017.01.18 08:03:46.020,1.71395,1.71442,1.00,1.00
2017.01.18 08:03:46.561,1.71394,1.71443,1.50,1.00
2017.01.18 08:03:47.676,1.71394,1.71442,1.00,1.00
2017.01.18 08:03:48.911,1.71396,1.71444,1.00,1.00
2017.01.18 08:03:49.012,1.714,1.71449,1.00,1.50
2017.01.18 08:03:49.365,1.71402,1.71449,1.00,1.50
2017.01.18 08:03:49.567,1.71402,1.71452,1.00,1.00
2017.01.18 08:03:49.668,1.71405,1.71453,1.00,1.00
2017.01.18 08:03:50.488,1.71402,1.71453,1.50,1.00
2017.01.18 08:03:50.639,1.71407,1.71455,1.00,2.25
2017.01.18 08:03:51.255,1.71406,1.71455,1.00,1.00
2017.01.18 08:03:51.689,1.71411,1.71455,1.00,1.00
2017.01.18 08:03:51.740,1.71408,1.71459,1.00,2.25
2017.01.18 08:03:51.790,1.71406,1.71454,1.50,1.00
2017.01.18 08:03:52.243,1.71405,1.71456,1.50,1.00
2017.01.18 08:03:52.294,1.71407,1.71456,1.00,1.00
2017.01.18 08:03:52.647,1.71408,1.71458,1.00,1.00
2017.01.18 08:03:52.748,1.71412,1.71461,1.00,1.00
2017.01.18 08:03:53.295,1.71412,1.71462,1.50,1.00
2017.01.18 08:03:53.870,1.71415,1.71464,1.00,1.37
2017.01.18 08:03:53.921,1.71416,1.71465,1.00,1.12
2017.01.18 08:03:54.137,1.71418,1.71467,1.00,1.50
2017.01.18 08:03:54.726,1.71419,1.71467,1.00,1.50
2017.01.18 08:03:56.600,1.7142,1.71467,1.00,1.00
2017.01.18 08:03:57.134,1.71419,1.71467,1.50,1.00
2017.01.18 08:03:58.189,1.71419,1.71468,1.00,1.12
2017.01.18 08:04:00.238,1.7142,1.71468,1.00,1.00
2017.01.18 08:04:00.792,1.7142,1.71469,1.50,1.00
2017.01.18 08:04:01.018,1.71421,1.71471,1.50,1.00
2017.01.18 08:04:01.170,1.71423,1.71472,1.00,1.00
2017.01.18 08:04:01.785,1.71422,1.71473,2.25,1.50
2017.01.18 08:04:02.459,1.71422,1.71471,1.50,1.00
2017.01.18 08:04:02.783,1.71422,1.71469,1.00,1.00
2017.01.18 08:04:03.934,1.71422,1.7147,1.00,1.00
2017.01.18 08:04:07.517,1.71421,1.7147,2.25,1.00
2017.01.18 08:04:08.169,1.71421,1.71469,1.50,1.00
2017.01.18 08:04:08.760,1.71421,1.7147,1.50,1.00
2017.01.18 08:04:08.971,1.71422,1.71472,1.00,1.00
2017.01.18 08:04:09.021,1.71422,1.7147,1.50,1.00
2017.01.18 08:04:09.324,1.71417,1.71465,1.87,1.00
2017.01.18 08:04:09.425,1.71416,1.71465,1.00,1.00
2017.01.18 08:04:09.526,1.71422,1.71467,1.00,1.50
2017.01.18 08:04:09.879,1.71422,1.71469,1.00,1.50
2017.01.18 08:04:10.422,1.71422,1.71468,1.00,1.50
2017.01.18 08:04:10.936,1.71421,1.71467,1.00,1.00
2017.01.18 08:04:11.244,1.71421,1.71469,1.00,1.00
2017.01.18 08:04:14.017,1.71422,1.71469,1.00,1.00
2017.01.18 08:04:14.665,1.71424,1.71472,1.00,1.00
2017.01.18 08:04:14.716,1.71427,1.71473,1.00,1.12
2017.01.18 08:04:15.501,1.71428,1.71473,1.00,1.12
2017.01.18 08:04:16.116,1.71427,1.71473,1.50,1.12
2017.01.18 08:04:16.428,1.71429,1.71476,1.00,1.75
2017.01.18 08:04:16.479,1.71429,1.71476,1.00,1.37
2017.01.18 08:04:16.759,1.71431,1.71476,1.00,1.00
2017.01.18 08:04:18.454,1.71431,1.71477,1.00,1.00
2017.01.18 08:04:18.913,1.71433,1.71478,1.50,1.00
2017.01.18 08:04:19.216,1.71438,1.71485,1.00,2.25
2017.01.18 08:04:19.384,1.71438,1.71485,1.00,1.00
2017.01.18 08:04:19.844,1.71437,1.71483,1.00,1.00
2017.01.18 08:04:20.870,1.71437,1.71482,1.00,1.00
2017.01.18 08:04:20.921,1.71435,1.71482,1.00,1.00
2017.01.18 08:04:21.005,1.71432,1.71482,1.50,1.00
2017.01.18 08:04:21.218,1.71434,1.71482,1.00,1.00
2017.01.18 08:04:23.812,1.71427,1.71471,1.00,1.00
2017.01.18 08:04:24.065,1.71417,1.71465,1.00,1.00
2017.01.18 08:04:24.430,1.71415,1.71466,1.00,1.00
2017.01.18 08:04:24.531,1.71422,1.71466,1.00,1.00
2017.01.18 08:04:25.075,1.71422,1.71467,1.00,1.00
2017.01.18 08:04:25.858,1.71422,1.71466,1.00,1.00
2017.01.18 08:04:26.896,1.71429,1.71468,1.00,1.00
2017.01.18 08:04:27.148,1.71426,1.71476,1.50,1.37
2017.01.18 08:04:27.249,1.71428,1.71477,1.00,1.00
2017.01.18 08:04:27.400,1.71428,1.71475,1.00,1.00
2017.01.18 08:04:27.451,1.71426,1.71475,1.50,1.00
2017.01.18 08:04:27.982,1.71427,1.71477,1.00,1.00
2017.01.18 08:04:28.161,1.71426,1.71475,1.50,1.00
2017.01.18 08:04:28.727,1.71426,1.71476,1.00,1.00
2017.01.18 08:04:29.079,1.71426,1.71474,1.00,1.00
2017.01.18 08:04:31.473,1.71425,1.71474,1.50,1.00
2017.01.18 08:04:32.149,1.71424,1.71473,1.00,1.00
2017.01.18 08:04:33.714,1.71422,1.71471,1.50,1.00
2017.01.18 08:04:35.148,1.71421,1.71471,1.00,1.00
2017.01.18 08:04:35.681,1.71422,1.71471,1.00,1.00
2017.01.18 08:04:36.396,1.71421,1.71469,1.50,1.00
2017.01.18 08:04:37.835,1.71418,1.71468,1.50,1.50
2017.01.18 08:04:38.428,1.71418,1.71467,1.00,1.00
2017.01.18 08:04:38.972,1.71417,1.71467,1.00,1.00
2017.01.18 08:04:39.607,1.71416,1.71465,1.50,1.00
2017.01.18 08:04:40.729,1.71414,1.71465,2.25,1.00
2017.01.18 08:04:40.979,1.71414,1.71463,2.25,1.00
2017.01.18 08:04:41.448,1.71416,1.71464,1.00,1.00
2017.01.18 08:04:41.831,1.71414,1.71464,1.50,1.00
2017.01.18 08:04:43.285,1.71414,1.71463,1.50,1.00
2017.01.18 08:04:43.834,1.71415,1.71464,1.00,1.00
2017.01.18 08:04:44.156,1.71422,1.71464,1.00,1.00
2017.01.18 08:04:44.266,1.71415,1.71464,1.00,1.00
2017.01.18 08:04:46.901,1.71415,1.71461,1.00,1.00
2017.01.18 08:04:47.103,1.71402,1.7145,1.00,1.00
2017.01.18 08:04:47.154,1.71394,1.71439,1.75,1.00
2017.01.18 08:04:47.406,1.71391,1.71435,1.00,1.50
2017.01.18 08:04:47.748,1.71386,1.71435,1.87,1.00
2017.01.18 08:04:48.248,1.71392,1.71434,1.00,1.00
2017.01.18 08:04:48.728,1.71386,1.71435,1.50,1.00
2017.01.18 08:04:48.779,1.71386,1.71437,1.50,1.00
2017.01.18 08:04:48.930,1.71386,1.71431,1.00,1.00
2017.01.18 08:04:49.233,1.71381,1.71429,1.75,1.00
2017.01.18 08:04:49.846,1.71378,1.71427,1.75,1.00
2017.01.18 08:04:50.842,1.71381,1.71426,1.00,1.00
2017.01.18 08:04:51.021,1.71378,1.71426,1.00,1.00
2017.01.18 08:04:51.631,1.71378,1.71427,1.50,1.00
2017.01.18 08:04:51.952,1.71382,1.71427,1.00,1.00
2017.01.18 08:04:53.112,1.71377,1.71427,1.00,1.00
2017.01.18 08:04:53.313,1.71377,1.71425,1.00,1.00
2017.01.18 08:04:53.364,1.71375,1.71425,1.00,1.00
2017.01.18 08:04:53.948,1.71376,1.71425,1.00,1.00
2017.01.18 08:04:54.498,1.71377,1.71426,1.00,1.00
2017.01.18 08:04:56.464,1.71381,1.7143,1.50,1.50
2017.01.18 08:04:56.565,1.71381,1.71432,1.50,1.00
2017.01.18 08:04:56.615,1.71384,1.71432,1.00,1.00
2017.01.18 08:04:56.922,1.71384,1.71435,1.00,1.00
2017.01.18 08:04:57.377,1.71386,1.71435,1.00,1.00
2017.01.18 08:04:57.451,1.71384,1.71435,1.00,1.00
2017.01.18 08:04:58.664,1.71385,1.71436,1.50,1.00
2017.01.18 08:04:59.252,1.71386,1.71435,1.50,1.00
2017.01.18 08:04:59.763,1.71385,1.71433,1.00,1.00
2017.01.18 08:04:59.966,1.71378,1.71429,1.00,1.00
2017.01.18 08:05:00.578,1.7138,1.71429,1.00,1.00
2017.01.18 08:05:01.358,1.71378,1.71429,1.00,1.00
2017.01.18 08:05:02.557,1.71379,1.7143,1.00,1.00
2017.01.18 08:05:04.420,1.7138,1.7143,1.00,1.00
2017.01.18 08:05:04.474,1.71379,1.71428,1.50,1.00
2017.01.18 08:05:04.676,1.71381,1.71431,1.00,1.00
2017.01.18 08:05:04.867,1.71381,1.71429,1.00,1.00
2017.01.18 08:05:09.355,1.71381,1.71431,1.00,1.00
2017.01.18 08:05:09.897,1.71382,1.71431,1.00,1.00
2017.01.18 08:05:10.377,1.71381,1.71429,1.00,1.00
2017.01.18 08:05:10.698,1.71383,1.71433,1.50,1.00
2017.01.18 08:05:11.055,1.71383,1.71431,1.50,1.00
2017.01.18 08:05:11.549,1.71384,1.71434,1.00,1.00
2017.01.18 08:05:11.802,1.71392,1.71437,1.00,1.00
2017.01.18 08:05:11.852,1.71391,1.71439,1.00,1.00
2017.01.18 08:05:12.004,1.71391,1.71441,1.00,1.00
2017.01.18 08:05:12.354,1.71391,1.71439,1.00,1.00
2017.01.18 08:05:12.405,1.71396,1.71445,1.00,1.00
2017.01.18 08:05:12.506,1.71398,1.71448,1.50,1.50
2017.01.18 08:05:12.809,1.71403,1.71453,1.00,1.75
2017.01.18 08:05:13.011,1.71401,1.71449,1.00,1.75
2017.01.18 08:05:13.062,1.71401,1.71449,1.00,1.00
2017.01.18 08:05:13.570,1.71402,1.71449,1.00,1.00
2017.01.18 08:05:13.997,1.71402,1.71451,1.50,1.00
2017.01.18 08:05:14.054,1.71399,1.71448,1.00,1.00
2017.01.18 08:05:14.359,1.71399,1.71445,1.00,1.00
2017.01.18 08:05:14.473,1.71397,1.71445,1.00,1.00
2017.01.18 08:05:14.674,1.71395,1.71445,1.00,1.00
2017.01.18 08:05:15.210,1.71394,1.71445,1.50,1.00
2017.01.18 08:05:15.687,1.71393,1.71443,1.00,1.00
2017.01.18 08:05:16.220,1.71392,1.71442,1.00,1.00
2017.01.18 08:05:16.533,1.71395,1.71444,1.00,1.00
2017.01.18 08:05:16.836,1.71394,1.71446,1.50,1.00
2017.01.18 08:05:16.937,1.71396,1.71447,1.00,1.50
2017.01.18 08:05:17.278,1.71398,1.71447,1.00,1.00
2017.01.18 08:05:17.788,1.71401,1.71447,1.00,1.00
2017.01.18 08:05:18.613,1.71401,1.71448,1.00,1.50
2017.01.18 08:05:18.917,1.71402,1.71446,1.00,1.00
2017.01.18 08:05:19.231,1.71402,1.71448,1.00,1.00
2017.01.18 08:05:19.598,1.71401,1.71446,1.00,1.00
2017.01.18 08:05:20.014,1.71401,1.71443,1.00,1.00
2017.01.18 08:05:20.064,1.71397,1.71445,1.00,1.00
2017.01.18 08:05:20.516,1.714,1.71446,1.00,1.00
2017.01.18 08:05:20.567,1.71402,1.7145,1.00,1.12
2017.01.18 08:05:20.668,1.714,1.71448,1.00,1.00
2017.01.18 08:05:21.183,1.71399,1.71446,1.00,1.00
2017.01.18 08:05:21.426,1.714,1.71448,1.00,1.00
2017.01.18 08:05:21.527,1.71397,1.71448,2.25,1.00
2017.01.18 08:05:21.628,1.714,1.71448,1.00,1.00
2017.01.18 08:05:21.934,1.71402,1.7145,1.00,1.00
2017.01.18 08:05:22.278,1.71402,1.71448,1.00,1.00
2017.01.18 08:05:22.512,1.71399,1.71448,1.00,1.00
2017.01.18 08:05:22.990,1.71398,1.71446,1.00,1.00
2017.01.18 08:05:23.343,1.71397,1.7144,1.50,1.37
2017.01.18 08:05:23.394,1.71392,1.71439,1.75,1.12
2017.01.18 08:05:23.445,1.71392,1.7144,1.50,1.00
2017.01.18 08:05:23.496,1.71392,1.71438,1.00,1.00
2017.01.18 08:05:24.064,1.71393,1.71437,1.00,1.00
2017.01.18 08:05:24.215,1.71393,1.7144,1.00,1.00
2017.01.18 08:05:24.443,1.71391,1.7144,1.00,1.12
2017.01.18 08:05:24.544,1.71392,1.7144,1.00,1.37
2017.01.18 08:05:24.786,1.71392,1.7144,1.00,1.12
2017.01.18 08:05:25.324,1.71392,1.7144,1.00,1.37
2017.01.18 08:05:25.526,1.71393,1.71441,1.00,1.00
2017.01.18 08:05:25.627,1.71394,1.71443,1.00,1.00
2017.01.18 08:05:25.678,1.71395,1.71446,1.00,1.37
2017.01.18 08:05:25.729,1.71396,1.71448,1.00,1.87
2017.01.18 08:05:25.780,1.71399,1.71448,1.00,1.12
2017.01.18 08:05:26.091,1.71402,1.7145,1.00,1.87
2017.01.18 08:05:26.633,1.71401,1.71448,1.00,1.12
2017.01.18 08:05:27.478,1.71402,1.7145,1.00,1.50
2017.01.18 08:05:27.528,1.71401,1.71445,1.00,1.00
2017.01.18 08:05:27.630,1.71394,1.71443,1.00,1.00
2017.01.18 08:05:27.681,1.71394,1.71445,1.37,1.12
2017.01.18 08:05:28.188,1.71395,1.71445,1.50,1.00
2017.01.18 08:05:28.499,1.7139,1.71425,1.00,1.00
2017.01.18 08:05:28.701,1.7138,1.71429,1.37,1.00
2017.01.18 08:05:28.752,1.7138,1.71431,1.00,1.00
2017.01.18 08:05:28.853,1.71382,1.7143,1.00,1.00
2017.01.18 08:05:29.166,1.71382,1.71427,1.00,1.00
2017.01.18 08:05:29.533,1.71382,1.71425,1.00,1.00
2017.01.18 08:05:29.843,1.71372,1.7142,1.00,1.00
2017.01.18 08:05:29.944,1.7137,1.71419,1.50,1.00
2017.01.18 08:05:30.145,1.71372,1.71419,1.00,1.00
2017.01.18 08:05:30.325,1.71373,1.71421,1.00,1.00
2017.01.18 08:05:31.013,1.71374,1.71423,1.00,1.00
2017.01.18 08:05:31.835,1.71374,1.71422,1.00,1.00
2017.01.18 08:05:33.317,1.71381,1.71422,1.00,1.00
2017.01.18 08:05:33.495,1.71374,1.71423,1.00,1.00
2017.01.18 08:05:33.546,1.71377,1.71423,1.00,1.00
2017.01.18 08:05:33.748,1.71374,1.71421,1.00,1.00
2017.01.18 08:05:33.974,1.71373,1.71419,1.00,1.00
2017.01.18 08:05:34.506,1.71373,1.71422,1.00,1.00
2017.01.18 08:05:34.557,1.71381,1.71422,1.00,1.00
2017.01.18 08:05:35.472,1.71381,1.71419,1.00,1.00
2017.01.18 08:05:36.535,1.71381,1.71422,1.00,1.00
2017.01.18 08:05:37.017,1.71373,1.71422,1.00,1.00
2017.01.18 08:05:37.559,1.71374,1.71422,1.00,1.00
2017.01.18 08:05:38.501,1.71374,1.71423,1.00,1.00
2017.01.18 08:05:38.709,1.71382,1.71428,1.00,1.00
2017.01.18 08:05:38.861,1.71373,1.71424,1.37,1.00
2017.01.18 08:05:38.913,1.71373,1.71424,1.12,1.00
2017.01.18 08:05:38.963,1.71381,1.71424,1.00,1.00
2017.01.18 08:05:39.145,1.71374,1.71424,1.00,1.00
2017.01.18 08:05:39.498,1.71374,1.71422,1.00,1.00
2017.01.18 08:05:39.779,1.71375,1.71425,1.00,1.00
2017.01.18 08:05:39.991,1.71375,1.71423,1.00,1.00
2017.01.18 08:05:40.294,1.71382,1.71424,1.00,1.00
2017.01.18 08:05:41.100,1.71382,1.71425,1.00,1.00
2017.01.18 08:05:41.410,1.71387,1.71429,1.00,1.87
2017.01.18 08:05:41.461,1.71384,1.71429,1.00,1.12
2017.01.18 08:05:41.864,1.71381,1.71433,1.50,1.75
2017.01.18 08:05:42.113,1.71381,1.71433,1.50,1.37
2017.01.18 08:05:42.458,1.71383,1.71433,1.00,1.00
2017.01.18 08:05:42.773,1.71392,1.71435,1.00,1.50
2017.01.18 08:05:43.106,1.71392,1.71433,1.00,1.00
2017.01.18 08:05:43.290,1.71385,1.71433,1.50,1.00
2017.01.18 08:05:43.442,1.71382,1.71434,1.50,1.00
2017.01.18 08:05:43.555,1.71383,1.71432,1.00,1.00
2017.01.18 08:05:43.756,1.71384,1.71434,1.00,1.00
2017.01.18 08:05:43.818,1.71391,1.71434,1.00,1.00
2017.01.18 08:05:44.027,1.71381,1.7143,1.00,1.00
2017.01.18 08:05:44.551,1.71382,1.71429,1.00,1.00
2017.01.18 08:05:45.387,1.71382,1.71427,1.00,1.00
2017.01.18 08:05:45.929,1.71381,1.71427,1.00,1.00
2017.01.18 08:05:46.206,1.71381,1.7143,1.00,1.50
2017.01.18 08:05:46.559,1.71382,1.71432,1.00,1.00
2017.01.18 08:05:46.761,1.71383,1.71435,1.50,1.00
2017.01.18 08:05:47.014,1.71383,1.71433,1.00,1.00
2017.01.18 08:05:47.539,1.71383,1.71434,1.00,1.00
2017.01.18 08:05:48.070,1.71383,1.71433,1.50,1.00
2017.01.18 08:05:48.525,1.71383,1.7143,1.00,1.00
2017.01.18 08:05:48.828,1.71382,1.71426,1.00,1.50
2017.01.18 08:05:49.632,1.71382,1.71423,1.00,1.00
2017.01.18 08:05:50.136,1.71382,1.71427,1.00,1.50
2017.01.18 08:05:50.698,1.71382,1.71429,1.00,1.00
2017.01.18 08:05:50.748,1.71382,1.71426,1.00,1.00
2017.01.18 08:05:50.849,1.71382,1.71429,1.00,1.00
2017.01.18 08:05:50.950,1.71382,1.71431,1.00,1.50
2017.01.18 08:05:51.279,1.71382,1.71429,1.00,1.00
2017.01.18 08:05:51.481,1.71374,1.71426,2.25,1.00
2017.01.18 08:05:51.533,1.71375,1.71424,1.75,1.00
2017.01.18 08:05:51.796,1.71374,1.71425,1.00,1.00
2017.01.18 08:05:52.693,1.71374,1.71424,1.00,1.00
2017.01.18 08:05:53.224,1.71372,1.71424,1.50,1.50
2017.01.18 08:05:53.426,1.71374,1.71423,1.00,1.00
2017.01.18 08:05:54.363,1.71373,1.71423,1.00,1.00
2017.01.18 08:05:54.792,1.71371,1.71422,1.00,1.50
2017.01.18 08:05:54.843,1.71372,1.7142,1.00,1.12
2017.01.18 08:05:55.375,1.71372,1.71417,1.00,1.00
2017.01.18 08:05:55.918,1.71371,1.71417,1.00,1.00
2017.01.18 08:05:56.566,1.71372,1.71417,1.00,1.00
2017.01.18 08:05:57.170,1.71372,1.71418,1.00,1.00
2017.01.18 08:05:57.422,1.71374,1.71422,1.00,1.00
2017.01.18 08:05:57.623,1.71374,1.71424,1.50,1.50
2017.01.18 08:05:57.894,1.71377,1.71427,1.00,1.50
2017.01.18 08:05:57.995,1.71374,1.71426,1.50,1.00
2017.01.18 08:05:58.045,1.71372,1.71423,1.87,1.87
2017.01.18 08:05:58.147,1.71372,1.71423,1.00,2.25
2017.01.18 08:05:58.269,1.71374,1.71423,1.00,1.12
2017.01.18 08:05:59.181,1.71374,1.71425,1.00,1.00
2017.01.18 08:05:59.332,1.71381,1.71426,1.00,1.00
2017.01.18 08:05:59.483,1.71381,1.71428,1.37,1.00
2017.01.18 08:05:59.989,1.71381,1.71427,1.00,1.00
2017.01.18 08:06:00.583,1.71381,1.71428,1.00,1.00
2017.01.18 08:06:01.111,1.71382,1.71427,1.00,1.00
2017.01.18 08:06:01.617,1.71381,1.71427,1.00,1.50
2017.01.18 08:06:01.718,1.71381,1.71424,1.00,1.00
2017.01.18 08:06:01.769,1.71374,1.71424,1.50,1.00
2017.01.18 08:06:02.748,1.71382,1.71425,1.00,1.00
2017.01.18 08:06:03.517,1.71381,1.71424,1.00,1.00
2017.01.18 08:06:04.222,1.71382,1.71424,1.00,1.00
2017.01.18 08:06:04.324,1.71382,1.71426,1.00,1.00
2017.01.18 08:06:04.677,1.71381,1.71428,1.00,1.00
2017.01.18 08:06:04.829,1.71378,1.71428,1.00,1.50
2017.01.18 08:06:04.930,1.71376,1.71428,1.00,1.50
2017.01.18 08:06:05.031,1.71378,1.71427,1.00,1.00
2017.01.18 08:06:05.368,1.71381,1.71426,1.00,1.00
2017.01.18 08:06:06.376,1.71381,1.71426,1.00,1.87
2017.01.18 08:06:06.527,1.71372,1.71424,1.00,1.50
2017.01.18 08:06:07.194,1.71371,1.71423,1.50,1.50
2017.01.18 08:06:07.250,1.71371,1.71421,1.50,1.00
2017.01.18 08:06:07.593,1.71372,1.71425,1.50,1.87
2017.01.18 08:06:07.769,1.71372,1.71423,1.00,1.50
2017.01.18 08:06:08.182,1.71382,1.71423,1.00,1.00
2017.01.18 08:06:08.742,1.71382,1.71422,1.00,1.00
2017.01.18 08:06:08.997,1.71382,1.71424,1.00,1.50
2017.01.18 08:06:09.101,1.71382,1.71422,1.00,1.00
2017.01.18 08:06:09.386,1.71382,1.71425,1.00,1.00
2017.01.18 08:06:09.790,1.71382,1.71423,1.00,1.00
2017.01.18 08:06:11.069,1.71382,1.71424,1.00,1.50
2017.01.18 08:06:13.910,1.71381,1.71424,1.00,1.50
2017.01.18 08:06:14.112,1.71383,1.71429,1.00,1.00
2017.01.18 08:06:14.163,1.71391,1.71429,1.00,1.00
2017.01.18 08:06:14.213,1.71391,1.71435,1.00,1.00
2017.01.18 08:06:14.562,1.71384,1.71435,1.00,1.00
2017.01.18 08:06:15.100,1.71385,1.71435,1.00,1.00
2017.01.18 08:06:15.151,1.71391,1.71435,1.00,1.00
2017.01.18 08:06:15.316,1.71385,1.71435,1.00,1.00
2017.01.18 08:06:15.856,1.71386,1.71435,1.00,1.00
2017.01.18 08:06:20.066,1.71384,1.71435,1.50,1.00
2017.01.18 08:06:20.267,1.71384,1.71432,1.00,1.00
2017.01.18 08:06:20.570,1.71381,1.71428,1.00,1.50
2017.01.18 08:06:21.799,1.71381,1.71427,1.00,1.50
2017.01.18 08:06:21.849,1.71372,1.71422,3.00,1.00
2017.01.18 08:06:21.900,1.71372,1.7142,1.50,1.50
2017.01.18 08:06:22.204,1.71371,1.71418,1.00,1.00
2017.01.18 08:06:22.254,1.71368,1.71418,1.00,1.00
2017.01.18 08:06:22.595,1.71368,1.7142,1.00,1.50
2017.01.18 08:06:23.129,1.71369,1.71421,1.00,1.50
2017.01.18 08:06:23.449,1.71369,1.71419,1.00,1.00
2017.01.18 08:06:24.658,1.71371,1.7142,1.00,1.00
2017.01.18 08:06:25.361,1.71371,1.71419,1.00,1.00
2017.01.18 08:06:25.438,1.71367,1.71419,1.50,1.00
2017.01.18 08:06:26.549,1.71368,1.71419,1.00,1.00
2017.01.18 08:06:26.650,1.7137,1.7142,1.00,1.50
2017.01.18 08:06:27.014,1.71372,1.7142,1.00,1.50
2017.01.18 08:06:27.765,1.71371,1.7142,1.00,1.00
2017.01.18 08:06:28.424,1.71372,1.71421,1.00,1.50
2017.01.18 08:06:29.007,1.71373,1.71421,1.00,1.00
2017.01.18 08:06:29.310,1.71375,1.71425,1.50,1.75
2017.01.18 08:06:29.361,1.71375,1.71425,1.50,1.00
2017.01.18 08:06:29.581,1.71372,1.71424,1.50,1.00
2017.01.18 08:06:29.632,1.71374,1.71424,1.00,1.00
2017.01.18 08:06:29.794,1.71372,1.71424,1.50,1.00
2017.01.18 08:06:29.996,1.71374,1.71426,1.00,1.50
2017.01.18 08:06:30.998,1.71375,1.71426,1.00,1.00
2017.01.18 08:06:31.643,1.71376,1.71426,1.00,1.00
2017.01.18 08:06:31.817,1.71376,1.71428,1.00,1.00
2017.01.18 08:06:32.209,1.71383,1.71429,1.37,1.50
2017.01.18 08:06:32.310,1.71387,1.71439,1.00,2.25
2017.01.18 08:06:32.562,1.71391,1.71439,1.00,2.25
2017.01.18 08:06:32.946,1.71386,1.71435,1.00,1.37
2017.01.18 08:06:33.148,1.71374,1.71424,1.50,1.37
2017.01.18 08:06:33.198,1.71372,1.71422,1.87,1.37
2017.01.18 08:06:33.551,1.71372,1.71417,1.00,1.00
2017.01.18 08:06:33.854,1.71361,1.71411,2.25,1.37
2017.01.18 08:06:33.904,1.71361,1.71408,1.12,1.12
2017.01.18 08:06:34.419,1.71356,1.71408,1.50,1.87
2017.01.18 08:06:34.571,1.71356,1.71405,1.00,1.00
2017.01.18 08:06:34.622,1.71354,1.71404,1.00,1.00
2017.01.18 08:06:34.824,1.71352,1.71398,1.00,1.00
2017.01.18 08:06:35.188,1.71351,1.71396,1.00,1.00
2017.01.18 08:06:35.350,1.71351,1.71398,1.00,1.12
2017.01.18 08:06:35.860,1.71352,1.714,1.00,1.00
2017.01.18 08:06:36.155,1.71362,1.714,1.00,1.00
2017.01.18 08:06:36.586,1.71352,1.714,1.00,1.00
2017.01.18 08:06:36.933,1.71351,1.71397,1.00,1.12
2017.01.18 08:06:37.550,1.71351,1.71396,1.00,1.00
2017.01.18 08:06:38.542,1.71351,1.71398,1.00,1.50
2017.01.18 08:06:38.895,1.71352,1.71396,1.00,1.00
2017.01.18 08:06:39.478,1.71352,1.71397,1.00,1.00
2017.01.18 08:06:39.980,1.71352,1.71398,1.00,1.00
2017.01.18 08:06:40.283,1.71352,1.71395,1.00,1.00
2017.01.18 08:06:40.974,1.71352,1.71394,1.00,1.00
2017.01.18 08:06:41.366,1.71345,1.71394,1.00,1.00
2017.01.18 08:06:41.469,1.71352,1.71393,1.00,1.00
2017.01.18 08:06:41.545,1.71343,1.71393,1.00,1.00
2017.01.18 08:06:41.645,1.71351,1.71393,1.00,1.00
2017.01.18 08:06:41.747,1.71351,1.71395,1.00,1.00
2017.01.18 08:06:42.252,1.71352,1.71394,1.00,1.00
2017.01.18 08:06:42.303,1.71352,1.71392,1.00,1.00
2017.01.18 08:06:42.627,1.71346,1.71392,1.00,1.00
2017.01.18 08:06:42.829,1.71344,1.71393,1.50,1.00
2017.01.18 08:06:43.542,1.71344,1.71395,1.50,1.37
2017.01.18 08:06:43.719,1.71351,1.71395,1.00,1.00
2017.01.18 08:06:44.066,1.71344,1.71393,1.00,1.12
2017.01.18 08:06:44.536,1.71351,1.71394,1.00,1.00
2017.01.18 08:06:45.523,1.71344,1.71394,1.50,1.00
2017.01.18 08:06:46.066,1.71345,1.71394,1.00,1.00
2017.01.18 08:06:46.346,1.71347,1.71395,1.00,1.00
2017.01.18 08:06:46.564,1.71341,1.7139,1.00,1.00
2017.01.18 08:06:46.615,1.71341,1.7139,1.00,1.37
2017.01.18 08:06:46.766,1.71339,1.71387,1.00,1.00
2017.01.18 08:06:46.817,1.71339,1.71387,1.00,1.37
2017.01.18 08:06:47.018,1.71335,1.71383,1.00,1.00
2017.01.18 08:06:47.140,1.71342,1.71383,1.00,1.00
2017.01.18 08:06:47.198,1.71342,1.71385,1.00,1.00
2017.01.18 08:06:47.450,1.71339,1.71385,1.00,1.00
2017.01.18 08:06:47.638,1.71341,1.71385,1.00,1.00
2017.01.18 08:06:47.975,1.71339,1.71385,1.00,1.00
2017.01.18 08:06:48.198,1.71342,1.71385,1.00,1.00
2017.01.18 08:06:48.299,1.71339,1.71385,1.00,1.00
2017.01.18 08:06:48.401,1.71339,1.71391,1.50,1.00
2017.01.18 08:06:48.552,1.71338,1.71388,1.50,1.37
2017.01.18 08:06:48.748,1.71334,1.71385,2.25,1.00
2017.01.18 08:06:48.900,1.7134,1.71389,1.00,1.00
2017.01.18 08:06:49.213,1.71342,1.71391,1.00,1.00
2017.01.18 08:06:49.724,1.71342,1.71393,1.00,1.87
2017.01.18 08:06:50.592,1.71342,1.71393,1.00,1.50
2017.01.18 08:06:50.895,1.71346,1.71398,1.50,1.87
2017.01.18 08:06:51.349,1.71347,1.71396,1.00,1.00
2017.01.18 08:06:51.567,1.71345,1.71396,1.00,1.00
2017.01.18 08:06:51.718,1.71347,1.71398,1.00,1.50
2017.01.18 08:06:52.053,1.71351,1.71395,1.00,1.00
2017.01.18 08:06:52.104,1.71351,1.714,1.00,1.50
2017.01.18 08:06:52.205,1.71351,1.71395,1.00,1.00
2017.01.18 08:06:52.256,1.71346,1.71393,1.00,1.37
2017.01.18 08:06:52.307,1.71346,1.71394,1.00,1.00
2017.01.18 08:06:52.408,1.71341,1.71385,1.50,1.00
2017.01.18 08:06:52.711,1.71342,1.71391,1.50,1.75
2017.01.18 08:06:52.812,1.71339,1.71391,1.00,2.25
2017.01.18 08:06:52.862,1.71339,1.71382,1.00,1.00
2017.01.18 08:06:52.913,1.71339,1.71386,1.00,1.00
2017.01.18 08:06:52.964,1.71336,1.71385,1.12,1.37
2017.01.18 08:06:53.014,1.71336,1.71382,1.12,1.00
2017.01.18 08:06:53.456,1.71331,1.71381,1.50,1.00
2017.01.18 08:06:53.876,1.71332,1.71384,1.00,1.50
2017.01.18 08:06:53.926,1.71341,1.71384,1.00,1.50
2017.01.18 08:06:54.078,1.71341,1.71386,1.00,1.50
2017.01.18 08:06:54.590,1.71342,1.71387,1.00,1.50
2017.01.18 08:06:55.868,1.71336,1.71384,1.00,1.37
2017.01.18 08:06:55.969,1.71334,1.71384,1.50,1.00
2017.01.18 08:06:56.020,1.71334,1.71383,1.00,1.37
2017.01.18 08:06:56.070,1.7133,1.71382,1.50,1.37
2017.01.18 08:06:56.121,1.7133,1.71382,1.50,1.00
2017.01.18 08:06:56.171,1.7133,1.7138,1.00,1.00
2017.01.18 08:06:56.512,1.71336,1.71386,1.50,1.00
2017.01.18 08:06:56.663,1.71337,1.71389,1.50,1.50
2017.01.18 08:06:56.766,1.71339,1.71389,1.00,1.50
2017.01.18 08:06:57.101,1.71344,1.71394,1.00,1.00
2017.01.18 08:06:57.404,1.71352,1.71394,1.00,1.00
2017.01.18 08:06:57.663,1.71344,1.71394,1.00,1.37
2017.01.18 08:06:57.945,1.71339,1.71391,1.50,1.00
2017.01.18 08:06:57.996,1.71337,1.71386,1.00,1.00
2017.01.18 08:06:58.301,1.71351,1.71393,1.00,1.00
2017.01.18 08:06:58.452,1.71341,1.71393,1.00,1.87
2017.01.18 08:06:58.503,1.7134,1.71389,1.87,1.00
2017.01.18 08:06:58.554,1.71336,1.71383,1.37,1.00
2017.01.18 08:06:58.856,1.71331,1.7138,1.75,1.87
2017.01.18 08:06:59.084,1.71331,1.71378,1.00,1.00
2017.01.18 08:06:59.135,1.71327,1.71376,1.00,1.00
2017.01.18 08:06:59.185,1.71327,1.71371,1.00,1.00
2017.01.18 08:06:59.337,1.71321,1.71366,1.00,1.00
2017.01.18 08:06:59.861,1.71321,1.71367,1.00,1.00
2017.01.18 08:07:00.519,1.71321,1.71368,1.00,1.50
2017.01.18 08:07:00.569,1.71321,1.71366,1.00,1.00
2017.01.18 08:07:01.771,1.71321,1.71363,1.00,1.00
2017.01.18 08:07:02.183,1.71322,1.71361,1.00,1.00
2017.01.18 08:07:02.234,1.71312,1.71361,1.50,2.62
2017.01.18 08:07:02.335,1.71311,1.71357,1.00,1.00
2017.01.18 08:07:02.436,1.71311,1.71354,1.00,1.00
2017.01.18 08:07:03.062,1.71311,1.71355,1.00,1.50
2017.01.18 08:07:03.609,1.71312,1.71354,1.00,1.00
2017.01.18 08:07:04.305,1.71311,1.71354,1.00,1.00
2017.01.18 08:07:04.477,1.71311,1.71357,1.00,1.00
2017.01.18 08:07:04.527,1.71321,1.71357,1.00,1.00
2017.01.18 08:07:04.578,1.71321,1.71361,1.00,1.50
2017.01.18 08:07:05.083,1.71322,1.71362,1.00,1.12
2017.01.18 08:07:05.656,1.71321,1.71363,1.00,1.37
2017.01.18 08:07:06.201,1.71321,1.71363,1.00,1.00
2017.01.18 08:07:07.592,1.71321,1.71359,1.00,1.37
2017.01.18 08:07:07.744,1.71312,1.71352,1.00,1.00
2017.01.18 08:07:07.946,1.71304,1.71355,1.50,1.87
2017.01.18 08:07:07.996,1.71307,1.71355,1.00,1.12
2017.01.18 08:07:08.047,1.71307,1.71358,1.00,1.00
2017.01.18 08:07:08.299,1.71311,1.71357,1.00,1.00
2017.01.18 08:07:08.503,1.71311,1.71359,1.00,1.00
2017.01.18 08:07:08.554,1.71311,1.71355,1.00,1.00
2017.01.18 08:07:08.705,1.71312,1.71357,1.00,1.00
2017.01.18 08:07:08.756,1.71312,1.71355,1.00,1.00
2017.01.18 08:07:09.100,1.71312,1.71353,1.00,1.00
2017.01.18 08:07:09.254,1.71305,1.71353,1.00,1.00
2017.01.18 08:07:09.629,1.71304,1.71351,1.00,1.00
2017.01.18 08:07:10.022,1.71301,1.71351,1.50,1.00
2017.01.18 08:07:10.362,1.71302,1.71341,1.00,1.00
2017.01.18 08:07:10.543,1.71292,1.71338,1.00,1.00
2017.01.18 08:07:10.745,1.71291,1.71336,1.00,1.00
2017.01.18 08:07:10.796,1.71291,1.71338,1.00,1.50
2017.01.18 08:07:10.947,1.71291,1.71336,1.00,1.00
2017.01.18 08:07:11.149,1.71283,1.71334,1.50,1.00
2017.01.18 08:07:11.620,1.71291,1.71335,1.00,1.50
2017.01.18 08:07:12.126,1.71291,1.71334,1.00,1.50
2017.01.18 08:07:12.862,1.71291,1.71334,1.00,1.37
2017.01.18 08:07:13.227,1.71283,1.71332,1.00,1.12
2017.01.18 08:07:13.278,1.71283,1.7133,1.00,1.00
2017.01.18 08:07:13.582,1.71292,1.71331,1.00,1.00
2017.01.18 08:07:14.116,1.71292,1.71334,1.00,1.00
2017.01.18 08:07:14.167,1.71292,1.71332,1.00,1.00
2017.01.18 08:07:14.479,1.71291,1.71329,1.00,1.00
2017.01.18 08:07:14.883,1.71292,1.71331,1.00,1.00
2017.01.18 08:07:15.408,1.71291,1.71332,1.00,1.00
2017.01.18 08:07:16.208,1.71292,1.71332,1.00,1.00
2017.01.18 08:07:16.278,1.71292,1.7133,1.00,1.00
2017.01.18 08:07:16.329,1.71292,1.71332,1.00,1.00
2017.01.18 08:07:16.550,1.71292,1.71336,1.00,1.00
2017.01.18 08:07:16.631,1.71301,1.7134,1.00,1.00
2017.01.18 08:07:16.917,1.71301,1.71342,1.00,1.00
2017.01.18 08:07:17.905,1.71301,1.71343,1.00,1.00
2017.01.18 08:07:17.956,1.71301,1.71341,1.00,1.00
2017.01.18 08:07:18.611,1.71301,1.71343,1.00,1.00
2017.01.18 08:07:18.863,1.71302,1.71347,1.00,1.37
2017.01.18 08:07:18.913,1.71312,1.71347,1.00,1.00
2017.01.18 08:07:19.101,1.71312,1.71349,1.00,1.12
2017.01.18 08:07:19.156,1.71312,1.71347,1.00,1.00
2017.01.18 08:07:19.206,1.71312,1.71351,1.00,1.00
2017.01.18 08:07:19.307,1.71311,1.71353,1.00,1.00
2017.01.18 08:07:19.358,1.71311,1.7135,1.00,1.00
2017.01.18 08:07:19.409,1.71311,1.71353,1.00,1.00
2017.01.18 08:07:19.459,1.71311,1.71352,1.00,1.37
2017.01.18 08:07:19.661,1.71302,1.71347,1.00,1.00
2017.01.18 08:07:19.712,1.71302,1.71352,1.50,1.87
2017.01.18 08:07:19.813,1.71302,1.71347,1.00,1.00
2017.01.18 08:07:19.914,1.71302,1.71349,1.00,1.00
2017.01.18 08:07:20.015,1.71302,1.71345,1.00,1.00
2017.01.18 08:07:20.795,1.71302,1.71342,1.00,1.00
2017.01.18 08:07:20.946,1.71292,1.71341,1.00,1.00
2017.01.18 08:07:21.869,1.71301,1.71341,1.00,1.00
2017.01.18 08:07:22.103,1.71291,1.71341,1.00,1.00
2017.01.18 08:07:22.205,1.71291,1.71339,1.00,1.00
2017.01.18 08:07:24.136,1.71301,1.71339,1.00,1.00
2017.01.18 08:07:25.117,1.71292,1.71339,1.00,1.00
2017.01.18 08:07:25.748,1.71291,1.71339,1.00,1.00
2017.01.18 08:07:26.068,1.71301,1.71339,1.00,1.00
2017.01.18 08:07:26.274,1.71292,1.71339,1.00,1.00
2017.01.18 08:07:26.430,1.71302,1.71339,1.00,1.00
2017.01.18 08:07:26.505,1.71302,1.71341,1.00,1.00
2017.01.18 08:07:26.707,1.71301,1.71345,1.00,1.50
2017.01.18 08:07:26.992,1.71301,1.71343,1.00,1.00
2017.01.18 08:07:28.179,1.71302,1.71343,1.00,1.00
2017.01.18 08:07:29.272,1.71302,1.71342,1.00,1.00
2017.01.18 08:07:29.530,1.71291,1.71339,1.00,1.50
2017.01.18 08:07:29.732,1.71302,1.7134,1.00,1.00
2017.01.18 08:07:29.782,1.71302,1.71342,1.00,1.50
2017.01.18 08:07:30.621,1.71302,1.71341,1.00,1.00
2017.01.18 08:07:31.365,1.71292,1.7134,1.00,1.00
2017.01.18 08:07:31.415,1.71292,1.71338,1.00,1.00
2017.01.18 08:07:31.900,1.71292,1.7134,1.00,1.00
2017.01.18 08:07:32.192,1.71292,1.71338,1.00,1.00
2017.01.18 08:07:32.693,1.71292,1.71339,1.00,1.50
2017.01.18 08:07:33.438,1.71302,1.71339,1.00,1.00
2017.01.18 08:07:33.892,1.71291,1.71338,1.00,1.00
2017.01.18 08:07:34.519,1.71291,1.71339,1.00,1.00
2017.01.18 08:07:34.817,1.71301,1.71339,1.00,1.00
2017.01.18 08:07:35.235,1.71291,1.7134,1.00,1.00
2017.01.18 08:07:35.323,1.71291,1.71342,1.00,1.50
2017.01.18 08:07:35.630,1.71301,1.71341,1.00,1.00
2017.01.18 08:07:35.925,1.71301,1.71345,1.87,1.00
2017.01.18 08:07:35.976,1.71312,1.71345,1.00,1.00
2017.01.18 08:07:36.027,1.71302,1.71346,2.25,1.00
2017.01.18 08:07:36.078,1.71302,1.71348,2.25,1.00
2017.01.18 08:07:36.179,1.71301,1.71346,1.00,1.00
2017.01.18 08:07:36.684,1.71302,1.71345,1.00,1.00
2017.01.18 08:07:36.997,1.71302,1.71343,1.00,1.00
2017.01.18 08:07:37.451,1.71292,1.71342,1.00,1.00
2017.01.18 08:07:38.160,1.71302,1.71342,1.00,1.00
2017.01.18 08:07:38.820,1.71291,1.71342,1.50,1.00
2017.01.18 08:07:38.870,1.71295,1.71344,1.00,1.00
2017.01.18 08:07:38.971,1.71294,1.71346,1.00,1.00
2017.01.18 08:07:39.022,1.71292,1.71343,1.00,1.37
2017.01.18 08:07:39.393,1.71282,1.7133,1.75,1.37
2017.01.18 08:07:39.723,1.71281,1.71297,1.75,1.00
2017.01.18 08:07:39.857,1.71281,1.71298,1.00,1.00
2017.01.18 08:07:40.235,1.71281,1.71326,1.00,1.50
2017.01.18 08:07:40.899,1.71282,1.71327,1.00,1.00
2017.01.18 08:07:41.431,1.71282,1.71331,1.00,1.00
2017.01.18 08:07:41.482,1.71285,1.71331,1.00,1.00
2017.01.18 08:07:41.805,1.71273,1.71298,1.75,1.00
2017.01.18 08:07:42.057,1.71272,1.71297,1.00,1.00
2017.01.18 08:07:43.665,1.71271,1.71297,1.00,1.00
2017.01.18 08:07:43.867,1.71273,1.71297,1.00,1.00
2017.01.18 08:07:44.317,1.71281,1.71298,1.00,1.00
2017.01.18 08:07:44.690,1.71281,1.71325,1.00,1.37
2017.01.18 08:07:45.331,1.71281,1.71297,1.00,1.00
2017.01.18 08:07:45.381,1.71273,1.71297,1.00,1.00
2017.01.18 08:07:45.664,1.71282,1.71297,1.00,1.00
2017.01.18 08:07:46.407,1.71272,1.71297,2.25,1.00
2017.01.18 08:07:46.722,1.71281,1.71297,1.00,1.00
2017.01.18 08:07:47.249,1.71282,1.71328,1.00,1.37
2017.01.18 08:07:47.300,1.71282,1.71322,1.00,1.12
2017.01.18 08:07:47.351,1.71274,1.71321,1.75,1.00
2017.01.18 08:07:47.452,1.71272,1.71297,1.75,1.00
2017.01.18 08:07:47.554,1.71272,1.71297,1.12,1.00
2017.01.18 08:07:48.070,1.71271,1.71297,1.00,1.00
2017.01.18 08:07:48.937,1.71272,1.71297,1.00,1.00
2017.01.18 08:07:49.503,1.71272,1.71298,1.00,1.00
2017.01.18 08:07:49.654,1.71262,1.71297,1.00,1.00
2017.01.18 08:07:50.190,1.71262,1.71298,1.00,1.00
2017.01.18 08:07:50.456,1.71258,1.71298,1.00,1.00
2017.01.18 08:07:50.517,1.71262,1.71297,1.00,1.00
2017.01.18 08:07:50.769,1.7126,1.71297,1.50,1.00
2017.01.18 08:07:50.870,1.71262,1.71297,1.00,1.00
2017.01.18 08:07:50.921,1.7126,1.71297,1.00,1.00
2017.01.18 08:07:51.022,1.71262,1.71298,1.00,1.00
2017.01.18 08:07:51.124,1.71252,1.71297,1.00,1.00
2017.01.18 08:07:51.424,1.71255,1.71297,1.00,1.00
2017.01.18 08:07:51.786,1.71262,1.71298,1.00,1.00
2017.01.18 08:07:52.567,1.7126,1.71298,1.00,1.00
2017.01.18 08:07:53.069,1.7126,1.71297,1.00,1.00
2017.01.18 08:07:53.375,1.71262,1.71298,1.00,1.00
2017.01.18 08:07:53.910,1.71261,1.71298,1.00,1.00
2017.01.18 08:07:53.961,1.71256,1.71297,1.00,1.00
2017.01.18 08:07:54.063,1.71256,1.71293,1.00,1.00
2017.01.18 08:07:54.264,1.71256,1.71296,1.00,1.00
2017.01.18 08:07:54.344,1.71252,1.71294,1.00,1.00
2017.01.18 08:07:54.445,1.71246,1.71293,1.37,1.00
2017.01.18 08:07:54.630,1.71249,1.71293,1.00,1.00
2017.01.18 08:07:54.932,1.71251,1.71296,1.00,1.00
2017.01.18 08:07:55.134,1.71251,1.71294,1.00,1.00
2017.01.18 08:07:55.673,1.71251,1.71292,1.00,1.00
2017.01.18 08:07:55.881,1.71251,1.71294,1.00,1.50
2017.01.18 08:07:56.350,1.71251,1.71292,1.00,1.00
2017.01.18 08:07:56.401,1.71248,1.71292,1.00,1.00
2017.01.18 08:07:56.502,1.71243,1.71292,1.00,1.50
2017.01.18 08:07:56.666,1.71242,1.71289,1.00,1.00
2017.01.18 08:07:57.010,1.71243,1.71286,1.00,1.00
2017.01.18 08:07:57.334,1.71247,1.71292,1.00,1.00
2017.01.18 08:07:57.435,1.71251,1.71292,1.00,1.00
2017.01.18 08:07:57.536,1.71251,1.71295,1.00,1.00
2017.01.18 08:07:59.270,1.71242,1.71287,1.00,1.00
2017.01.18 08:07:59.799,1.71242,1.71286,1.00,1.00
2017.01.18 08:08:00.246,1.7124,1.71286,1.00,1.00
2017.01.18 08:08:00.794,1.71241,1.71286,1.00,1.00
2017.01.18 08:08:00.895,1.71241,1.71288,1.00,1.00
2017.01.18 08:08:01.299,1.71241,1.71284,1.00,1.00
2017.01.18 08:08:01.353,1.71241,1.71287,1.00,1.50
2017.01.18 08:08:01.454,1.71241,1.71285,1.00,1.00
2017.01.18 08:08:01.556,1.71232,1.71282,1.00,1.00
2017.01.18 08:08:01.758,1.71232,1.7128,1.00,1.00
2017.01.18 08:08:02.142,1.71231,1.71266,1.00,1.00
2017.01.18 08:08:02.344,1.71222,1.71266,1.00,1.00
2017.01.18 08:08:02.893,1.71221,1.71266,1.00,1.00
2017.01.18 08:08:02.944,1.71231,1.71266,1.00,1.00
2017.01.18 08:08:03.418,1.71222,1.71266,1.00,1.00
2017.01.18 08:08:05.033,1.71221,1.71266,1.00,1.00
2017.01.18 08:08:05.135,1.71226,1.71266,1.00,1.00
2017.01.18 08:08:05.236,1.71233,1.71282,1.00,1.00
2017.01.18 08:08:05.286,1.71236,1.71282,1.00,1.00
2017.01.18 08:08:05.520,1.71233,1.71282,1.00,1.37
2017.01.18 08:08:05.587,1.71226,1.71271,1.00,1.50
2017.01.18 08:08:05.688,1.7122,1.71271,1.00,1.50
2017.01.18 08:08:05.839,1.7122,1.71269,1.00,1.00
2017.01.18 08:08:06.368,1.71221,1.71269,1.00,1.00
2017.01.18 08:08:06.554,1.71219,1.71269,1.00,1.00
2017.01.18 08:08:07.475,1.71217,1.71254,1.00,1.00
2017.01.18 08:08:07.526,1.7121,1.71254,1.00,1.00
2017.01.18 08:08:07.626,1.71202,1.71253,1.50,1.87
2017.01.18 08:08:07.950,1.71202,1.7125,1.50,1.00
2017.01.18 08:08:08.774,1.71202,1.71248,1.00,1.00
2017.01.18 08:08:09.306,1.71201,1.71248,1.50,1.00
2017.01.18 08:08:09.638,1.71202,1.71238,1.00,1.00
2017.01.18 08:08:09.739,1.71192,1.71238,1.00,1.50
2017.01.18 08:08:10.010,1.71192,1.7124,1.00,1.00
2017.01.18 08:08:10.530,1.71192,1.71238,1.00,1.00
2017.01.18 08:08:10.948,1.71192,1.71236,1.00,1.00
2017.01.18 08:08:11.107,1.71192,1.71241,1.50,1.50
2017.01.18 08:08:11.209,1.71192,1.71238,1.00,1.00
2017.01.18 08:08:11.259,1.71189,1.71238,1.00,1.50
2017.01.18 08:08:11.360,1.71188,1.71235,1.00,1.00
2017.01.18 08:08:11.866,1.71184,1.71235,1.50,1.50
2017.01.18 08:08:11.917,1.71186,1.71235,1.00,1.50
2017.01.18 08:08:12.560,1.71187,1.71236,1.00,1.50
2017.01.18 08:08:12.921,1.71185,1.71234,1.00,1.50
2017.01.18 08:08:13.268,1.7119,1.71236,1.00,1.00
2017.01.18 08:08:13.369,1.71185,1.71236,1.50,1.00
2017.01.18 08:08:13.911,1.71186,1.71236,1.00,1.00
2017.01.18 08:08:14.572,1.71187,1.71236,1.00,1.00
2017.01.18 08:08:15.220,1.71187,1.71237,1.00,1.00
2017.01.18 08:08:15.541,1.71188,1.71239,1.50,1.00
2017.01.18 08:08:15.591,1.71189,1.71237,1.00,1.00
2017.01.18 08:08:16.001,1.71191,1.71237,1.00,1.50
2017.01.18 08:08:16.052,1.71188,1.71237,1.00,1.50
2017.01.18 08:08:16.186,1.71191,1.71237,1.00,1.50
2017.01.18 08:08:16.565,1.71187,1.71236,1.00,1.00
2017.01.18 08:08:17.315,1.71189,1.71237,1.00,1.00
2017.01.18 08:08:17.800,1.71185,1.71236,1.50,1.00
2017.01.18 08:08:18.284,1.71186,1.71234,1.00,1.50
2017.01.18 08:08:18.865,1.71185,1.71235,1.00,1.00
2017.01.18 08:08:19.367,1.71192,1.71234,1.00,1.00
2017.01.18 08:08:20.049,1.71184,1.71234,1.00,1.00
2017.01.18 08:08:21.703,1.71182,1.71212,1.00,1.00
2017.01.18 08:08:21.753,1.71171,1.71212,1.00,1.00
2017.01.18 08:08:21.905,1.71163,1.71212,1.00,1.00
2017.01.18 08:08:22.239,1.71172,1.71211,1.00,1.00
2017.01.18 08:08:22.548,1.71172,1.71213,1.00,1.50
2017.01.18 08:08:22.599,1.71168,1.71213,1.00,1.00
2017.01.18 08:08:22.751,1.71172,1.71213,1.00,1.00
2017.01.18 08:08:22.802,1.71173,1.71218,1.00,1.12
2017.01.18 08:08:23.123,1.71171,1.71222,2.25,1.75
2017.01.18 08:08:23.174,1.71173,1.71222,1.00,1.75
2017.01.18 08:08:23.526,1.71173,1.71222,1.00,1.00
2017.01.18 08:08:23.608,1.71182,1.71222,1.00,1.00
2017.01.18 08:08:24.046,1.71173,1.71222,1.00,1.00
2017.01.18 08:08:24.147,1.71173,1.71224,1.50,1.50
2017.01.18 08:08:24.198,1.71176,1.71224,1.00,1.50
2017.01.18 08:08:24.712,1.71178,1.71224,1.00,1.00
2017.01.18 08:08:24.764,1.71177,1.71227,1.50,1.00
2017.01.18 08:08:24.865,1.7118,1.71229,1.50,1.87
2017.01.18 08:08:25.180,1.71184,1.71234,1.00,1.00
2017.01.18 08:08:25.617,1.71184,1.7123,1.00,1.00
2017.01.18 08:08:25.684,1.71184,1.71232,1.00,1.00
2017.01.18 08:08:26.321,1.71185,1.71234,1.00,1.00
2017.01.18 08:08:26.422,1.71192,1.71235,1.00,1.00
2017.01.18 08:08:26.926,1.71192,1.71238,1.00,1.37
2017.01.18 08:08:27.027,1.71192,1.71238,1.00,1.00
2017.01.18 08:08:29.482,1.71192,1.71237,1.00,1.00
2017.01.18 08:08:30.413,1.71192,1.71239,1.00,1.00
2017.01.18 08:08:30.464,1.71194,1.71242,1.00,1.12
2017.01.18 08:08:30.722,1.71196,1.71243,1.00,1.37
2017.01.18 08:08:30.874,1.71192,1.7124,1.00,1.00
2017.01.18 08:08:31.026,1.71191,1.71226,1.00,1.00
2017.01.18 08:08:31.077,1.71182,1.71223,1.75,1.00
2017.01.18 08:08:31.229,1.71173,1.71223,1.50,1.00
2017.01.18 08:08:31.280,1.71181,1.71219,1.00,1.00
2017.01.18 08:08:31.478,1.71181,1.71221,1.00,1.00
2017.01.18 08:08:31.711,1.71181,1.71223,1.00,1.00
2017.01.18 08:08:31.803,1.71178,1.71228,1.00,1.00
2017.01.18 08:08:31.855,1.71182,1.71227,1.00,1.50
2017.01.18 08:08:32.365,1.71181,1.71225,1.00,1.00
2017.01.18 08:08:32.466,1.71176,1.71226,1.50,1.00
2017.01.18 08:08:32.517,1.71177,1.71226,1.00,1.37
2017.01.18 08:08:32.774,1.71172,1.71221,1.50,1.50
2017.01.18 08:08:33.325,1.71172,1.7122,1.00,1.00
2017.01.18 08:08:33.896,1.71172,1.71221,1.00,1.00
2017.01.18 08:08:33.947,1.71163,1.71206,1.00,1.00
2017.01.18 08:08:34.261,1.71162,1.71201,1.00,1.00
2017.01.18 08:08:34.682,1.71162,1.71199,1.00,1.00
2017.01.18 08:08:35.137,1.71162,1.71201,1.00,1.00
2017.01.18 08:08:35.689,1.71163,1.712,1.00,1.00
2017.01.18 08:08:36.417,1.71163,1.71201,1.00,1.00
2017.01.18 08:08:36.703,1.71163,1.71203,1.00,1.00
2017.01.18 08:08:37.020,1.71163,1.712,1.00,1.00
2017.01.18 08:08:37.222,1.71162,1.71203,1.00,1.00
2017.01.18 08:08:37.731,1.71163,1.71203,1.00,1.00
2017.01.18 08:08:38.270,1.71163,1.71207,1.00,2.25
2017.01.18 08:08:38.321,1.71171,1.71207,1.00,2.25
2017.01.18 08:08:38.472,1.71171,1.71214,1.00,1.12
2017.01.18 08:08:38.523,1.71182,1.71218,1.00,1.75
2017.01.18 08:08:38.675,1.71182,1.71222,1.00,1.00
2017.01.18 08:08:38.957,1.71182,1.71225,1.00,1.00
2017.01.18 08:08:39.159,1.71183,1.71229,1.00,1.00
2017.01.18 08:08:39.550,1.71191,1.7123,1.00,1.00
2017.01.18 08:08:39.803,1.71181,1.7123,1.50,1.00
2017.01.18 08:08:40.171,1.71183,1.7123,1.00,1.00
2017.01.18 08:08:40.474,1.71191,1.7123,1.00,1.00
2017.01.18 08:08:40.678,1.71192,1.71232,1.00,1.00
2017.01.18 08:08:40.728,1.71192,1.7123,1.00,1.00
2017.01.18 08:08:40.880,1.71192,1.71233,1.00,1.00
2017.01.18 08:08:41.000,1.71192,1.71231,1.00,1.00
2017.01.18 08:08:41.272,1.71191,1.71233,1.00,1.00
2017.01.18 08:08:41.373,1.71191,1.71231,1.00,1.00
2017.01.18 08:08:41.629,1.71183,1.71231,1.00,1.00
2017.01.18 08:08:41.781,1.71183,1.71229,1.00,1.00
2017.01.18 08:08:42.160,1.71182,1.71224,1.00,1.00
2017.01.18 08:08:42.413,1.71182,1.71226,1.00,1.50
2017.01.18 08:08:42.918,1.71182,1.71227,1.00,1.00
2017.01.18 08:08:43.546,1.71181,1.71228,1.00,1.00
2017.01.18 08:08:44.068,1.71181,1.71227,1.00,1.00
2017.01.18 08:08:44.118,1.71183,1.71229,1.00,1.50
2017.01.18 08:08:44.421,1.71191,1.71235,1.00,1.75
2017.01.18 08:08:44.573,1.71191,1.71235,1.00,1.00
2017.01.18 08:08:45.001,1.71191,1.71241,1.50,1.75
2017.01.18 08:08:45.203,1.71193,1.71241,1.00,1.75
2017.01.18 08:08:45.803,1.71194,1.71242,1.00,2.25
2017.01.18 08:08:46.116,1.71198,1.71242,1.00,1.75
2017.01.18 08:08:46.378,1.71196,1.71239,1.00,1.75
2017.01.18 08:08:46.480,1.71191,1.71239,2.25,1.75
2017.01.18 08:08:46.582,1.71195,1.71242,1.00,1.75
2017.01.18 08:08:46.901,1.71195,1.71242,1.00,1.00
2017.01.18 08:08:47.052,1.71197,1.71242,1.00,1.00
2017.01.18 08:08:47.104,1.71194,1.71242,1.00,1.00
2017.01.18 08:08:47.154,1.71194,1.71238,1.00,1.00
2017.01.18 08:08:47.205,1.71191,1.71237,1.00,1.00
2017.01.18 08:08:47.255,1.71188,1.71228,1.00,1.00
2017.01.18 08:08:47.306,1.71185,1.71228,1.50,1.00
2017.01.18 08:08:47.458,1.71183,1.71228,1.50,1.00
2017.01.18 08:08:47.509,1.71186,1.71228,1.00,1.00
2017.01.18 08:08:47.559,1.71184,1.71228,1.00,1.00
2017.01.18 08:08:47.660,1.71186,1.71228,1.00,1.00
2017.01.18 08:08:48.057,1.71188,1.71228,1.00,1.00
2017.01.18 08:08:48.359,1.7119,1.71229,1.00,1.00
2017.01.18 08:08:48.469,1.71185,1.71229,1.00,1.00
2017.01.18 08:08:48.570,1.71189,1.71238,1.00,1.00
2017.01.18 08:08:48.620,1.71187,1.71233,1.00,1.00
2017.01.18 08:08:48.671,1.71189,1.71237,1.00,1.00
2017.01.18 08:08:48.722,1.71184,1.71234,1.50,1.00
2017.01.18 08:08:48.772,1.71186,1.71234,1.00,1.00
2017.01.18 08:08:49.185,1.71186,1.71228,1.00,1.00
2017.01.18 08:08:49.250,1.71186,1.71236,1.00,1.00
2017.01.18 08:08:49.670,1.71188,1.71238,1.00,3.00
2017.01.18 08:08:49.972,1.71185,1.71232,1.00,1.00
2017.01.18 08:08:50.277,1.71189,1.71232,1.00,1.00
2017.01.18 08:08:50.499,1.71189,1.71238,1.00,1.00
2017.01.18 08:08:50.550,1.71193,1.71238,1.00,1.00
2017.01.18 08:08:51.031,1.71192,1.71242,1.00,1.00
2017.01.18 08:08:51.132,1.71195,1.71243,1.00,1.50
2017.01.18 08:08:51.183,1.71192,1.71241,1.00,1.00
2017.01.18 08:08:51.284,1.71194,1.71244,1.00,1.50
2017.01.18 08:08:51.335,1.71194,1.7124,1.00,1.00
2017.01.18 08:08:51.385,1.71191,1.71238,1.00,1.00
2017.01.18 08:08:51.546,1.71187,1.71237,1.50,1.00
2017.01.18 08:08:51.649,1.71189,1.71237,1.00,1.00
2017.01.18 08:08:51.971,1.71191,1.71237,1.00,1.00
2017.01.18 08:08:52.172,1.71189,1.71237,1.00,1.00
2017.01.18 08:08:52.362,1.71191,1.71239,1.00,1.50
2017.01.18 08:08:52.698,1.71194,1.71239,1.00,1.00
2017.01.18 08:08:53.023,1.71197,1.71245,1.00,1.00
2017.01.18 08:08:53.529,1.71198,1.71245,1.00,1.00
2017.01.18 08:08:54.020,1.71196,1.71243,1.00,1.00
2017.01.18 08:08:54.070,1.71197,1.71245,1.00,1.00
2017.01.18 08:08:54.171,1.71202,1.71243,1.00,1.00
2017.01.18 08:08:54.222,1.71196,1.71243,1.00,1.00
2017.01.18 08:08:54.323,1.71196,1.71245,1.50,1.00
2017.01.18 08:08:54.528,1.71193,1.71241,1.50,1.00
2017.01.18 08:08:54.834,1.71193,1.71239,1.00,1.00
2017.01.18 08:08:55.527,1.71192,1.71239,1.50,1.12
2017.01.18 08:08:55.865,1.71192,1.71239,1.00,1.87
2017.01.18 08:08:56.680,1.71191,1.71239,1.00,1.87
2017.01.18 08:08:57.221,1.71192,1.71239,1.00,2.62
2017.01.18 08:08:57.524,1.71198,1.71247,1.00,1.75
2017.01.18 08:08:57.575,1.71202,1.7124,1.00,1.00
2017.01.18 08:08:57.676,1.71196,1.71239,1.00,1.00
2017.01.18 08:08:57.878,1.71193,1.71239,1.50,1.00
2017.01.18 08:08:58.425,1.71201,1.71239,1.00,1.00
2017.01.18 08:08:58.527,1.71198,1.71246,1.00,1.50
2017.01.18 08:08:58.678,1.712,1.71244,1.00,1.00
2017.01.18 08:08:58.779,1.71194,1.71242,1.00,1.00
2017.01.18 08:08:58.830,1.71201,1.71244,1.00,1.00
2017.01.18 08:08:58.931,1.71194,1.71244,1.00,1.87
2017.01.18 08:08:58.981,1.71202,1.71244,1.00,1.87
2017.01.18 08:08:59.805,1.71201,1.71246,1.00,1.50
2017.01.18 08:09:00.007,1.71203,1.71251,1.00,1.12
2017.01.18 08:09:00.158,1.71201,1.71247,1.00,1.00
2017.01.18 08:09:00.209,1.71203,1.71251,1.00,1.87
2017.01.18 08:09:00.260,1.71202,1.71246,1.00,1.00
2017.01.18 08:09:00.482,1.71201,1.71248,1.00,1.00
2017.01.18 08:09:00.684,1.71202,1.7125,1.50,1.00
2017.01.18 08:09:01.165,1.71205,1.71255,1.00,1.00
2017.01.18 08:09:01.215,1.71209,1.71256,1.00,1.00
2017.01.18 08:09:01.316,1.71209,1.71258,1.00,1.00
2017.01.18 08:09:01.518,1.71211,1.71258,1.00,1.00
2017.01.18 08:09:01.821,1.71224,1.71259,1.00,1.00
2017.01.18 08:09:02.174,1.71222,1.71259,1.50,1.00
2017.01.18 08:09:02.225,1.71224,1.71259,1.00,1.00
2017.01.18 08:09:02.275,1.71222,1.71259,1.50,1.00
2017.01.18 08:09:02.477,1.71216,1.71259,1.00,1.00
2017.01.18 08:09:02.834,1.71221,1.71259,1.00,1.00
2017.01.18 08:09:03.138,1.71236,1.71259,1.00,1.00
2017.01.18 08:09:03.239,1.71236,1.71286,1.00,1.00
2017.01.18 08:09:03.343,1.71236,1.71263,1.00,1.00
2017.01.18 08:09:03.544,1.71242,1.71288,1.00,1.00
2017.01.18 08:09:03.663,1.71242,1.7129,1.00,1.50
2017.01.18 08:09:03.715,1.71242,1.71286,1.50,1.00
2017.01.18 08:09:03.822,1.71242,1.71291,1.50,1.50
2017.01.18 08:09:04.098,1.71242,1.71289,1.50,1.00
2017.01.18 08:09:04.414,1.71242,1.71286,1.00,1.00
2017.01.18 08:09:04.801,1.71242,1.71285,1.00,1.37
2017.01.18 08:09:05.315,1.71242,1.71285,1.00,1.00
2017.01.18 08:09:05.689,1.71241,1.71282,1.00,1.00
2017.01.18 08:09:05.842,1.71233,1.71281,1.00,1.37
2017.01.18 08:09:05.892,1.71226,1.71273,1.50,2.62
2017.01.18 08:09:05.943,1.71223,1.71273,1.50,1.37
2017.01.18 08:09:06.145,1.71222,1.71268,1.00,1.00
2017.01.18 08:09:06.832,1.71222,1.71267,1.00,1.00
2017.01.18 08:09:07.181,1.71219,1.71262,1.00,1.37
2017.01.18 08:09:07.383,1.71212,1.71258,1.00,1.37
2017.01.18 08:09:07.434,1.71208,1.71258,1.00,1.87
2017.01.18 08:09:07.485,1.71207,1.71257,1.00,1.37
2017.01.18 08:09:07.586,1.71207,1.71256,1.00,1.37
2017.01.18 08:09:07.637,1.712,1.71247,1.00,1.00
2017.01.18 08:09:08.216,1.71201,1.71246,1.00,1.00
2017.01.18 08:09:08.368,1.71202,1.71248,1.12,1.50
2017.01.18 08:09:08.419,1.71203,1.71248,1.37,1.00
2017.01.18 08:09:08.469,1.71203,1.71253,1.37,1.00
2017.01.18 08:09:08.571,1.71204,1.71251,1.37,1.00
2017.01.18 08:09:08.841,1.71201,1.71249,1.00,1.00
2017.01.18 08:09:09.470,1.71201,1.71248,1.00,1.00
2017.01.18 08:09:10.019,1.71201,1.71249,1.00,1.00
2017.01.18 08:09:10.122,1.71201,1.71247,1.00,1.00
2017.01.18 08:09:10.474,1.71201,1.71251,1.50,1.50
2017.01.18 08:09:10.669,1.71202,1.71248,1.00,1.00
2017.01.18 08:09:11.181,1.71201,1.71247,1.00,1.00
2017.01.18 08:09:11.332,1.71202,1.7125,1.00,1.00
2017.01.18 08:09:11.534,1.71202,1.71248,1.00,1.00
2017.01.18 08:09:11.787,1.71202,1.7125,1.00,1.00
2017.01.18 08:09:11.888,1.71201,1.71248,1.00,1.00
2017.01.18 08:09:12.216,1.71201,1.71246,1.00,1.00
2017.01.18 08:09:12.831,1.71201,1.71247,1.00,1.00
2017.01.18 08:09:13.349,1.71201,1.71246,1.00,1.00
2017.01.18 08:09:14.032,1.71202,1.71247,1.00,1.00
2017.01.18 08:09:14.083,1.71198,1.71246,1.50,1.00
2017.01.18 08:09:14.135,1.71196,1.71246,1.00,1.00
2017.01.18 08:09:14.186,1.71196,1.71242,1.00,1.00
2017.01.18 08:09:14.491,1.71201,1.71242,1.00,1.00
2017.01.18 08:09:15.020,1.71195,1.71242,1.00,1.00
2017.01.18 08:09:15.585,1.71194,1.71242,1.00,1.00
2017.01.18 08:09:15.801,1.71202,1.71242,1.00,1.00
2017.01.18 08:09:15.960,1.71193,1.71242,1.00,1.00
2017.01.18 08:09:16.065,1.71202,1.71242,1.00,1.00
2017.01.18 08:09:16.166,1.71202,1.71244,1.00,1.00
2017.01.18 08:09:16.794,1.71201,1.71244,1.00,1.00
2017.01.18 08:09:17.317,1.71201,1.71243,1.00,1.00
2017.01.18 08:09:17.569,1.71201,1.71246,1.00,1.00
2017.01.18 08:09:17.884,1.71201,1.71248,1.37,2.25
2017.01.18 08:09:17.935,1.71201,1.71248,1.00,2.25
2017.01.18 08:09:18.499,1.71201,1.71247,1.00,1.00
2017.01.18 08:09:19.029,1.71202,1.71241,1.00,1.00
2017.01.18 08:09:19.930,1.71201,1.71241,1.00,1.00
2017.01.18 08:09:20.282,1.71202,1.71251,1.00,1.75
2017.01.18 08:09:20.333,1.71202,1.71251,1.00,1.75
2017.01.18 08:09:20.543,1.71201,1.7125,1.00,1.12
2017.01.18 08:09:20.914,1.71201,1.71244,1.00,1.00
2017.01.18 08:09:21.166,1.71202,1.71246,1.00,1.00
2017.01.18 08:09:21.267,1.71202,1.71249,1.00,1.00
2017.01.18 08:09:21.317,1.71206,1.71251,1.00,1.00
2017.01.18 08:09:21.368,1.71204,1.71254,1.12,1.00
2017.01.18 08:09:21.600,1.71207,1.71252,1.00,1.37
2017.01.18 08:09:21.759,1.71205,1.71253,1.00,1.37
2017.01.18 08:09:21.908,1.71206,1.71249,1.00,1.37
2017.01.18 08:09:21.959,1.71202,1.71251,1.50,1.37
2017.01.18 08:09:22.060,1.71203,1.71251,1.00,1.37
2017.01.18 08:09:22.161,1.71202,1.71249,1.00,1.37
2017.01.18 08:09:22.262,1.71201,1.71249,1.00,1.37
2017.01.18 08:09:22.363,1.71202,1.71248,1.00,2.62
2017.01.18 08:09:22.413,1.71198,1.71246,1.00,1.37
2017.01.18 08:09:22.464,1.71196,1.71246,1.00,1.50
2017.01.18 08:09:22.860,1.71195,1.71244,1.00,1.00
2017.01.18 08:09:23.038,1.71193,1.71244,1.50,1.00
2017.01.18 08:09:23.088,1.71195,1.71244,1.00,1.00
2017.01.18 08:09:23.419,1.71197,1.71246,1.00,1.50
2017.01.18 08:09:23.722,1.71209,1.71252,1.00,1.00
2017.01.18 08:09:23.773,1.71207,1.71252,1.00,1.00
2017.01.18 08:09:23.975,1.71201,1.7125,1.50,1.00
2017.01.18 08:09:24.026,1.71202,1.71249,1.00,1.37
2017.01.18 08:09:24.277,1.71202,1.71251,1.00,1.50
2017.01.18 08:09:24.357,1.71205,1.71252,1.00,1.00
2017.01.18 08:09:24.459,1.71202,1.71252,1.50,1.00
2017.01.18 08:09:24.509,1.71202,1.71249,1.00,1.00
2017.01.18 08:09:24.662,1.71197,1.71246,1.87,1.00
2017.01.18 08:09:25.164,1.71201,1.71246,1.00,1.00
2017.01.18 08:09:25.355,1.71197,1.71245,1.00,1.00
2017.01.18 08:09:25.407,1.71195,1.71243,1.00,1.00
2017.01.18 08:09:25.508,1.71193,1.71242,1.00,1.00
2017.01.18 08:09:25.660,1.71201,1.71243,1.00,1.00
2017.01.18 08:09:25.761,1.71196,1.71243,1.00,1.00
2017.01.18 08:09:25.812,1.71198,1.71243,1.00,1.00
2017.01.18 08:09:26.121,1.71201,1.71243,1.00,1.00
2017.01.18 08:09:26.585,1.71197,1.71243,1.00,1.00
2017.01.18 08:09:26.843,1.71201,1.71249,1.00,1.50
2017.01.18 08:09:27.414,1.71201,1.71248,1.00,1.00
2017.01.18 08:09:27.465,1.71201,1.71248,1.00,1.37
2017.01.18 08:09:27.515,1.71201,1.7125,1.00,1.87
2017.01.18 08:09:27.921,1.71204,1.71255,1.00,2.25
2017.01.18 08:09:28.257,1.71204,1.71253,1.00,1.37
2017.01.18 08:09:28.561,1.71202,1.71253,2.25,1.00
2017.01.18 08:09:28.797,1.71204,1.71253,1.00,1.00
2017.01.18 08:09:29.099,1.71202,1.7125,1.37,1.00
2017.01.18 08:09:29.777,1.71202,1.71251,1.50,1.00
2017.01.18 08:09:30.117,1.71202,1.71248,1.00,1.00
2017.01.18 08:09:31.386,1.71204,1.71249,1.00,1.37
2017.01.18 08:09:31.689,1.71216,1.7126,1.00,1.00
2017.01.18 08:09:31.861,1.71213,1.7126,1.00,1.00
2017.01.18 08:09:32.022,1.71213,1.71256,1.00,1.37
2017.01.18 08:09:32.072,1.71209,1.71256,1.00,1.37
2017.01.18 08:09:32.123,1.71209,1.71256,1.00,1.37
2017.01.18 08:09:32.174,1.71207,1.71257,1.50,1.37
2017.01.18 08:09:32.736,1.71207,1.71255,1.00,1.12
2017.01.18 08:09:33.268,1.71207,1.71257,1.00,1.37
2017.01.18 08:09:33.420,1.71207,1.71258,1.50,1.37
2017.01.18 08:09:33.471,1.71207,1.71258,1.50,1.12
2017.01.18 08:09:33.803,1.7121,1.7126,1.00,1.50
2017.01.18 08:09:34.214,1.71211,1.71257,1.00,1.00
2017.01.18 08:09:34.476,1.71209,1.71257,1.00,1.00
2017.01.18 08:09:34.628,1.71208,1.71259,1.50,1.00
2017.01.18 08:09:34.678,1.71208,1.71257,1.00,1.00
2017.01.18 08:09:35.439,1.71213,1.7126,1.00,1.00
2017.01.18 08:09:35.744,1.71222,1.71273,1.00,1.75
2017.01.18 08:09:35.897,1.71224,1.71271,1.00,1.00
2017.01.18 08:09:35.998,1.71222,1.71271,1.00,1.00
2017.01.18 08:09:36.332,1.71222,1.71269,1.00,1.00
2017.01.18 08:09:36.535,1.71219,1.71268,1.00,1.00
2017.01.18 08:09:36.586,1.71217,1.71266,1.37,1.00
2017.01.18 08:09:37.062,1.71221,1.71266,1.00,1.00
2017.01.18 08:09:37.579,1.71221,1.71267,1.00,1.00
2017.01.18 08:09:37.999,1.71218,1.71267,1.50,1.00
2017.01.18 08:09:38.564,1.71221,1.71267,1.00,1.00
2017.01.18 08:09:40.201,1.71221,1.71267,1.00,1.87
2017.01.18 08:09:40.302,1.71215,1.71263,1.00,1.37
2017.01.18 08:09:40.353,1.71215,1.7126,1.00,1.00
2017.01.18 08:09:40.404,1.71211,1.7126,1.50,1.12
2017.01.18 08:09:40.455,1.7121,1.71257,1.00,1.50
2017.01.18 08:09:40.802,1.71198,1.71248,1.37,1.50
2017.01.18 08:09:41.004,1.71201,1.71248,1.00,1.00
2017.01.18 08:09:41.685,1.712,1.71248,1.00,1.00
2017.01.18 08:09:42.220,1.71201,1.71248,1.00,1.00
2017.01.18 08:09:42.620,1.71206,1.71249,1.00,1.12
2017.01.18 08:09:42.772,1.71209,1.71258,1.00,1.12
2017.01.18 08:09:42.873,1.71207,1.71256,1.50,1.37
2017.01.18 08:09:43.075,1.71207,1.71238,1.00,1.00
2017.01.18 08:09:43.126,1.71195,1.71239,1.00,1.00
2017.01.18 08:09:43.227,1.71189,1.71238,1.00,1.00
2017.01.18 08:09:43.328,1.71191,1.71236,1.00,1.87
2017.01.18 08:09:43.529,1.71187,1.71236,1.00,1.00
2017.01.18 08:09:44.043,1.71185,1.71236,1.50,1.00
2017.01.18 08:09:44.094,1.71188,1.71237,1.00,1.00
2017.01.18 08:09:44.420,1.71187,1.71234,1.00,1.37
2017.01.18 08:09:44.521,1.71182,1.71229,1.00,1.00
2017.01.18 08:09:44.622,1.71179,1.71228,1.00,1.00
2017.01.18 08:09:44.723,1.71177,1.71228,1.00,1.50
2017.01.18 08:09:44.773,1.71179,1.71227,1.00,1.00
2017.01.18 08:09:45.081,1.71181,1.71228,1.00,1.00
2017.01.18 08:09:45.653,1.71181,1.71228,1.00,1.87
2017.01.18 08:09:45.819,1.71178,1.71228,1.00,1.00
2017.01.18 08:09:45.920,1.71181,1.71228,1.50,1.00
2017.01.18 08:09:46.021,1.71182,1.71231,1.00,1.50
2017.01.18 08:09:47.984,1.71181,1.71231,1.00,1.00
2017.01.18 08:09:48.517,1.71182,1.7123,1.50,1.00
2017.01.18 08:09:48.764,1.71183,1.71232,1.00,1.50
2017.01.18 08:09:49.079,1.71188,1.71234,1.00,1.87
2017.01.18 08:09:49.382,1.71202,1.71249,1.00,1.87
2017.01.18 08:09:49.433,1.71202,1.71249,1.00,1.50
2017.01.18 08:09:49.851,1.71202,1.71247,1.00,1.00
2017.01.18 08:09:50.361,1.71202,1.71246,1.00,1.00
2017.01.18 08:09:50.485,1.71202,1.71249,1.00,1.50
2017.01.18 08:09:50.535,1.71201,1.71247,1.00,1.00
2017.01.18 08:09:50.586,1.71201,1.71249,1.00,1.50
2017.01.18 08:09:50.788,1.71202,1.71241,1.00,1.00
2017.01.18 08:09:50.889,1.71196,1.71237,1.00,1.00
2017.01.18 08:09:50.940,1.71191,1.71238,1.00,1.00
2017.01.18 08:09:51.208,1.71191,1.71236,1.00,1.00
2017.01.18 08:09:51.718,1.71192,1.71236,1.00,1.00
2017.01.18 08:09:51.843,1.71187,1.71232,1.00,1.00
2017.01.18 08:09:51.894,1.71182,1.71232,1.50,1.87
2017.01.18 08:09:51.945,1.71182,1.71229,1.50,1.00
2017.01.18 08:09:52.096,1.71179,1.71229,1.00,1.50
2017.01.18 08:09:52.147,1.71182,1.71229,1.00,1.50
2017.01.18 08:09:52.399,1.71174,1.71222,1.12,1.00
2017.01.18 08:09:52.449,1.71174,1.71219,1.12,1.00
2017.01.18 08:09:52.500,1.71171,1.71219,1.00,1.00
2017.01.18 08:09:52.653,1.71174,1.71223,1.00,1.87
2017.01.18 08:09:53.024,1.71172,1.71221,1.50,1.00
2017.01.18 08:09:54.535,1.71174,1.71223,1.00,1.50
2017.01.18 08:09:54.737,1.71172,1.71222,1.50,1.00
2017.01.18 08:09:55.040,1.71174,1.71222,1.00,1.00
2017.01.18 08:09:55.633,1.71175,1.71223,1.00,1.00
2017.01.18 08:09:57.029,1.71177,1.71226,1.50,1.00
2017.01.18 08:09:57.231,1.71177,1.71225,1.00,1.37
2017.01.18 08:09:57.503,1.71177,1.71226,1.50,1.00
2017.01.18 08:09:57.604,1.71182,1.71227,1.00,1.00
2017.01.18 08:09:58.249,1.71181,1.71228,1.00,1.50
2017.01.18 08:09:58.551,1.71177,1.71225,1.00,1.00
2017.01.18 08:09:59.103,1.71177,1.71226,1.00,1.00
2017.01.18 08:09:59.254,1.71178,1.71224,1.00,1.00
2017.01.18 08:09:59.305,1.71174,1.71221,1.00,1.00
2017.01.18 08:09:59.538,1.71172,1.71217,1.00,1.00
2017.01.18 08:09:59.640,1.71166,1.71217,1.00,1.00
2017.01.18 08:09:59.954,1.71166,1.71217,1.50,1.37
2017.01.18 08:10:00.257,1.71172,1.71216,1.00,1.00
2017.01.18 08:10:00.462,1.71171,1.71218,1.00,1.00
2017.01.18 08:10:00.779,1.71168,1.71217,1.00,1.00
2017.01.18 08:10:00.831,1.71172,1.71217,1.00,1.00
2017.01.18 08:10:01.132,1.71172,1.71221,1.00,1.00
2017.01.18 08:10:01.233,1.71174,1.71221,1.00,1.00
2017.01.18 08:10:01.764,1.71173,1.7122,1.00,1.00
2017.01.18 08:10:01.958,1.71172,1.71222,1.00,1.50
2017.01.18 08:10:02.349,1.71172,1.7122,1.00,1.00
2017.01.18 08:10:02.852,1.71171,1.7122,1.50,1.00
2017.01.18 08:10:03.373,1.71171,1.71222,1.50,1.87
2017.01.18 08:10:03.617,1.71174,1.71221,1.00,1.00
2017.01.18 08:10:04.159,1.71171,1.71221,1.50,1.00
2017.01.18 08:10:04.323,1.71171,1.71217,1.50,1.00
2017.01.18 08:10:04.630,1.71174,1.71217,1.00,1.00
2017.01.18 08:10:04.933,1.71169,1.71217,1.00,1.00
2017.01.18 08:10:05.034,1.71172,1.71217,1.00,1.00
2017.01.18 08:10:05.341,1.71167,1.71217,1.50,1.12
2017.01.18 08:10:05.442,1.71166,1.71217,1.50,1.87
2017.01.18 08:10:05.761,1.71166,1.71211,1.00,1.00
2017.01.18 08:10:06.615,1.71164,1.7121,1.00,1.37
2017.01.18 08:10:06.924,1.71162,1.71205,1.00,1.12
2017.01.18 08:10:07.862,1.71162,1.71204,1.00,1.00
2017.01.18 08:10:08.214,1.71162,1.71202,1.00,1.00
2017.01.18 08:10:08.265,1.71163,1.71204,1.00,1.00
2017.01.18 08:10:08.405,1.71163,1.71202,1.00,1.00
2017.01.18 08:10:08.658,1.71162,1.71204,1.00,1.00
2017.01.18 08:10:09.162,1.71162,1.71205,1.00,1.00
2017.01.18 08:10:09.213,1.71162,1.71202,1.00,1.00
2017.01.18 08:10:09.516,1.71162,1.71195,1.00,1.00
2017.01.18 08:10:10.015,1.71163,1.71198,1.00,1.00
2017.01.18 08:10:10.066,1.71163,1.71201,1.00,1.87
2017.01.18 08:10:10.167,1.71162,1.712,1.00,1.37
2017.01.18 08:10:11.064,1.71162,1.71195,1.00,1.00
2017.01.18 08:10:11.392,1.71162,1.71188,1.00,1.00
2017.01.18 08:10:11.443,1.71162,1.7119,1.00,1.50
2017.01.18 08:10:11.544,1.71162,1.71192,1.00,1.00
2017.01.18 08:10:11.646,1.71163,1.71196,1.00,1.87
2017.01.18 08:10:11.756,1.71162,1.71196,1.00,2.25
2017.01.18 08:10:11.857,1.71162,1.71196,1.00,1.87
2017.01.18 08:10:12.161,1.71162,1.712,1.00,1.50
2017.01.18 08:10:12.313,1.71163,1.712,1.00,1.12
2017.01.18 08:10:12.464,1.71163,1.712,1.00,1.37
2017.01.18 08:10:12.769,1.71162,1.71193,1.00,1.87
2017.01.18 08:10:13.274,1.71162,1.71184,1.00,1.00
2017.01.18 08:10:13.324,1.71141,1.71186,1.00,1.00
2017.01.18 08:10:13.375,1.71144,1.71186,1.00,1.00
2017.01.18 08:10:13.476,1.71141,1.71186,1.00,1.00
2017.01.18 08:10:13.762,1.71141,1.71183,1.00,1.00
2017.01.18 08:10:13.864,1.71135,1.71179,1.00,1.00
2017.01.18 08:10:14.041,1.71141,1.7118,1.00,1.00
2017.01.18 08:10:14.243,1.71135,1.7118,1.00,1.00
2017.01.18 08:10:14.621,1.71135,1.71182,1.12,1.00
2017.01.18 08:10:14.671,1.71144,1.71183,1.00,1.00
2017.01.18 08:10:14.722,1.71135,1.71182,1.12,1.00
2017.01.18 08:10:14.924,1.71134,1.7118,1.50,1.00
2017.01.18 08:10:15.413,1.71134,1.71182,3.00,1.00
2017.01.18 08:10:15.947,1.71134,1.71178,1.12,1.00
2017.01.18 08:10:16.249,1.71121,1.71161,1.00,1.00
2017.01.18 08:10:16.400,1.71116,1.71163,1.37,1.00
2017.01.18 08:10:16.721,1.71122,1.71164,1.37,1.00
2017.01.18 08:10:16.772,1.71122,1.71168,1.37,1.00
2017.01.18 08:10:16.841,1.71122,1.71169,1.37,1.00
2017.01.18 08:10:17.020,1.71122,1.71172,1.50,1.00
2017.01.18 08:10:17.122,1.71123,1.71172,1.37,1.00
2017.01.18 08:10:17.566,1.71124,1.71174,1.37,1.50
2017.01.18 08:10:17.895,1.71124,1.71171,1.37,1.00
2017.01.18 08:10:17.946,1.71122,1.71169,1.50,1.00
2017.01.18 08:10:17.997,1.71122,1.71166,1.50,1.00
2017.01.18 08:10:18.048,1.71122,1.71168,1.00,1.00
2017.01.18 08:10:18.098,1.71125,1.71168,1.37,1.00
2017.01.18 08:10:18.149,1.71125,1.71171,1.12,1.00
2017.01.18 08:10:18.250,1.71122,1.71169,1.00,1.00
2017.01.18 08:10:18.396,1.71117,1.71168,1.75,1.50
2017.01.18 08:10:18.710,1.71117,1.71168,2.62,1.50
2017.01.18 08:10:18.861,1.71117,1.71168,1.37,1.50
2017.01.18 08:10:18.912,1.71117,1.71168,1.37,1.50
2017.01.18 08:10:18.962,1.71118,1.71166,1.12,1.00
2017.01.18 08:10:19.063,1.71118,1.71168,1.37,2.25
2017.01.18 08:10:19.565,1.71118,1.71168,1.00,1.00
2017.01.18 08:10:19.616,1.71116,1.71164,1.50,1.00
2017.01.18 08:10:20.138,1.71118,1.71167,1.00,1.50
2017.01.18 08:10:20.640,1.71119,1.71167,1.00,1.00
2017.01.18 08:10:20.871,1.71114,1.71158,1.37,1.00
2017.01.18 08:10:21.007,1.71114,1.71158,1.00,1.00
2017.01.18 08:10:21.458,1.71112,1.71154,1.12,1.00
2017.01.18 08:10:21.559,1.71112,1.71156,1.50,1.00
2017.01.18 08:10:22.111,1.71112,1.71156,1.37,1.00
2017.01.18 08:10:22.312,1.71112,1.71156,2.62,1.00
2017.01.18 08:10:22.514,1.71114,1.71159,1.87,1.00
2017.01.18 08:10:22.666,1.71116,1.71159,1.00,1.00
2017.01.18 08:10:22.818,1.71116,1.71155,1.00,1.00
2017.01.18 08:10:22.869,1.71112,1.71155,1.00,1.00
2017.01.18 08:10:23.081,1.71112,1.71155,1.37,1.00
2017.01.18 08:10:23.532,1.71111,1.71156,1.50,1.00
2017.01.18 08:10:23.583,1.71111,1.71154,1.50,1.00
2017.01.18 08:10:24.161,1.71111,1.71155,1.50,1.00
2017.01.18 08:10:24.513,1.71112,1.71157,1.00,1.00
2017.01.18 08:10:24.563,1.71114,1.71157,1.00,1.00
2017.01.18 08:10:25.451,1.71114,1.71156,1.00,1.00
2017.01.18 08:10:25.934,1.71114,1.71158,1.37,1.00
2017.01.18 08:10:26.086,1.71116,1.7116,1.00,1.00
2017.01.18 08:10:26.237,1.71116,1.71155,1.37,1.00
2017.01.18 08:10:26.288,1.71114,1.71155,1.12,1.00
2017.01.18 08:10:26.590,1.71112,1.71154,1.50,1.00
2017.01.18 08:10:26.641,1.71112,1.71152,1.50,1.00
2017.01.18 08:10:27.161,1.71112,1.71154,1.00,1.00
2017.01.18 08:10:27.262,1.71121,1.71153,1.00,1.00
2017.01.18 08:10:27.363,1.71121,1.71156,1.00,1.00
2017.01.18 08:10:27.414,1.71114,1.71153,1.00,1.00
2017.01.18 08:10:27.465,1.71112,1.71153,1.00,1.00
2017.01.18 08:10:27.671,1.71112,1.71155,1.00,1.00
2017.01.18 08:10:28.294,1.71111,1.71155,1.37,1.00
2017.01.18 08:10:29.214,1.71122,1.71155,1.00,1.00
2017.01.18 08:10:29.265,1.71111,1.71155,1.37,1.00
2017.01.18 08:10:29.412,1.71111,1.71157,1.12,1.00
2017.01.18 08:10:29.853,1.71113,1.71158,1.00,1.00
2017.01.18 08:10:30.343,1.71113,1.71161,1.12,1.00
2017.01.18 08:10:30.694,1.71122,1.7116,1.00,1.00
2017.01.18 08:10:32.729,1.71122,1.71159,1.00,1.00
2017.01.18 08:10:33.802,1.71122,1.71161,1.00,1.00
2017.01.18 08:10:35.047,1.71121,1.71161,1.00,1.00
2017.01.18 08:10:35.644,1.71122,1.71161,1.00,1.00
2017.01.18 08:10:35.746,1.71121,1.71155,1.00,1.00
2017.01.18 08:10:35.796,1.71121,1.71157,1.00,1.00
2017.01.18 08:10:35.847,1.71121,1.71155,1.00,1.00
2017.01.18 08:10:36.067,1.71112,1.71153,1.00,1.00
2017.01.18 08:10:36.181,1.71112,1.71151,1.00,1.00
2017.01.18 08:10:37.616,1.71108,1.71151,1.00,1.00
2017.01.18 08:10:37.717,1.71106,1.7115,1.00,1.00
2017.01.18 08:10:37.818,1.71112,1.71151,1.00,1.00
2017.01.18 08:10:39.042,1.71111,1.7115,1.00,1.00
2017.01.18 08:10:39.861,1.71105,1.7115,1.00,1.00
2017.01.18 08:10:39.977,1.71107,1.7115,1.00,1.00
2017.01.18 08:10:40.473,1.71107,1.71148,1.00,1.00
2017.01.18 08:10:40.524,1.71107,1.7115,1.00,1.00
2017.01.18 08:10:40.691,1.71107,1.71141,1.00,1.00
2017.01.18 08:10:40.792,1.71102,1.71141,1.00,1.00
2017.01.18 08:10:40.894,1.71102,1.71137,1.00,1.00
2017.01.18 08:10:41.146,1.71093,1.71137,1.00,1.00
2017.01.18 08:10:41.398,1.71094,1.71134,1.00,1.00
2017.01.18 08:10:41.550,1.71094,1.71136,1.00,1.00
2017.01.18 08:10:41.669,1.71093,1.71139,1.00,1.00
2017.01.18 08:10:41.796,1.71102,1.71139,1.00,1.00
2017.01.18 08:10:42.162,1.71093,1.7114,1.00,1.00
2017.01.18 08:10:42.213,1.71095,1.7114,1.00,1.00
2017.01.18 08:10:42.564,1.71095,1.71137,1.00,1.00
2017.01.18 08:10:42.716,1.71091,1.71135,1.00,1.00
2017.01.18 08:10:42.817,1.71091,1.71137,1.00,1.00
2017.01.18 08:10:42.919,1.71092,1.71135,1.00,1.37
2017.01.18 08:10:43.226,1.71074,1.71124,1.37,1.00
2017.01.18 08:10:43.277,1.71076,1.71122,1.00,1.00
2017.01.18 08:10:43.787,1.71076,1.71122,1.37,1.00
2017.01.18 08:10:44.160,1.71081,1.7112,1.00,1.00
2017.01.18 08:10:44.262,1.71075,1.7112,1.12,1.00
2017.01.18 08:10:44.483,1.71072,1.71117,1.50,1.00
2017.01.18 08:10:44.995,1.71072,1.71117,1.37,1.00
2017.01.18 08:10:46.556,1.71072,1.71118,1.37,1.00
2017.01.18 08:10:46.863,1.71072,1.7111,1.00,1.00
2017.01.18 08:10:46.964,1.71067,1.71115,1.00,1.50
2017.01.18 08:10:47.015,1.71067,1.71115,1.37,1.00
2017.01.18 08:10:47.217,1.71067,1.71115,1.50,1.00
2017.01.18 08:10:47.420,1.71064,1.71114,1.50,1.00
2017.01.18 08:10:47.471,1.71064,1.71112,1.87,1.00
2017.01.18 08:10:48.118,1.71061,1.71107,1.00,1.00
2017.01.18 08:10:48.421,1.71055,1.71099,1.12,1.00
2017.01.18 08:10:48.747,1.71053,1.71099,1.37,1.00
2017.01.18 08:10:48.860,1.71061,1.71099,1.00,1.00
2017.01.18 08:10:48.911,1.71061,1.71101,1.00,1.00
2017.01.18 08:10:49.284,1.71061,1.71099,1.00,1.00
2017.01.18 08:10:49.396,1.71053,1.71097,1.00,1.00
2017.01.18 08:10:49.681,1.71055,1.71104,1.37,1.00
2017.01.18 08:10:49.835,1.71061,1.71104,1.00,1.00
2017.01.18 08:10:49.936,1.71061,1.71108,1.00,1.37
2017.01.18 08:10:49.987,1.71068,1.71108,1.00,1.37
2017.01.18 08:10:50.088,1.71061,1.71105,1.50,1.00
2017.01.18 08:10:50.340,1.71061,1.71108,1.00,1.00
2017.01.18 08:10:50.492,1.71064,1.7111,1.00,1.00
2017.01.18 08:10:50.795,1.71062,1.71106,1.00,1.00
2017.01.18 08:10:51.147,1.71062,1.71108,1.87,1.00
2017.01.18 08:10:51.198,1.71062,1.7111,1.50,1.00
2017.01.18 08:10:51.350,1.71062,1.71108,1.00,1.00
2017.01.18 08:10:51.653,1.71082,1.71124,1.00,1.00
2017.01.18 08:10:51.754,1.71077,1.71127,1.00,1.50
2017.01.18 08:10:52.006,1.71079,1.71127,1.00,1.00
2017.01.18 08:10:52.309,1.71067,1.71112,1.00,1.00
2017.01.18 08:10:52.409,1.71064,1.71111,1.00,1.00
2017.01.18 08:10:52.736,1.71064,1.71113,1.12,1.00
2017.01.18 08:10:52.786,1.71066,1.71111,1.00,1.00
2017.01.18 08:10:53.239,1.71071,1.71111,1.00,1.00
2017.01.18 08:10:53.340,1.71071,1.71114,1.00,1.00
2017.01.18 08:10:53.973,1.71071,1.71115,1.00,1.00
2017.01.18 08:10:54.023,1.71071,1.71118,1.37,1.00
2017.01.18 08:10:54.074,1.71071,1.7112,1.37,1.50
2017.01.18 08:10:54.125,1.71077,1.71126,1.12,1.00
2017.01.18 08:10:54.226,1.71082,1.7113,1.00,1.00
2017.01.18 08:10:54.619,1.71085,1.71134,1.00,1.00
2017.01.18 08:10:54.995,1.71085,1.71132,1.00,1.00
2017.01.18 08:10:55.379,1.71086,1.71134,1.00,1.00
2017.01.18 08:10:55.568,1.71091,1.71134,1.00,1.00
2017.01.18 08:10:55.618,1.71083,1.71129,1.00,1.37
2017.01.18 08:10:55.793,1.7108,1.71117,1.00,1.00
2017.01.18 08:10:56.109,1.71071,1.71113,1.75,1.00
2017.01.18 08:10:56.266,1.71072,1.71116,1.87,1.50
2017.01.18 08:10:56.367,1.71074,1.71121,1.75,1.00
2017.01.18 08:10:56.518,1.71075,1.71125,1.75,1.00
2017.01.18 08:10:56.620,1.71076,1.71123,1.12,1.00
2017.01.18 08:10:57.115,1.71082,1.71124,1.00,1.00
2017.01.18 08:10:57.715,1.71073,1.71121,1.00,1.00
2017.01.18 08:10:57.917,1.71073,1.71121,1.00,1.37
2017.01.18 08:10:58.018,1.71071,1.7112,1.00,1.37
2017.01.18 08:10:58.119,1.7107,1.71118,1.00,1.37
2017.01.18 08:10:58.311,1.71068,1.71116,1.50,1.00
2017.01.18 08:10:58.361,1.71071,1.7112,1.87,1.00
2017.01.18 08:10:58.664,1.71076,1.71122,1.00,1.00
2017.01.18 08:10:58.916,1.71062,1.71109,1.00,1.00
2017.01.18 08:10:59.218,1.71062,1.71112,1.50,1.50
2017.01.18 08:10:59.319,1.71065,1.71114,1.00,1.00
2017.01.18 08:10:59.622,1.71068,1.71118,1.00,1.12
2017.01.18 08:10:59.824,1.7107,1.71117,1.00,1.00
2017.01.18 08:11:00.145,1.71072,1.71115,1.00,1.12
2017.01.18 08:11:00.246,1.71066,1.71116,1.00,1.00
2017.01.18 08:11:00.402,1.71069,1.71118,1.00,1.37
2017.01.18 08:11:00.704,1.71072,1.71119,1.00,1.87
2017.01.18 08:11:01.098,1.7107,1.71117,1.00,1.00
2017.01.18 08:11:01.437,1.71066,1.71114,1.00,1.12
2017.01.18 08:11:01.494,1.71072,1.71113,1.00,1.50
2017.01.18 08:11:02.020,1.71072,1.71119,1.12,1.37
2017.01.18 08:11:02.071,1.71072,1.71119,1.12,1.00
2017.01.18 08:11:02.342,1.7107,1.71118,1.12,1.50
2017.01.18 08:11:02.828,1.71071,1.71118,1.37,1.00
2017.01.18 08:11:03.311,1.71072,1.71119,2.62,1.00
2017.01.18 08:11:03.412,1.71071,1.71119,2.62,1.00
2017.01.18 08:11:03.564,1.71072,1.71121,1.00,1.00
2017.01.18 08:11:04.118,1.71074,1.71121,1.00,1.00
2017.01.18 08:11:04.169,1.71075,1.71125,1.00,1.00
2017.01.18 08:11:04.336,1.71075,1.71125,1.37,1.00
2017.01.18 08:11:04.647,1.71079,1.71121,1.00,1.00
2017.01.18 08:11:04.748,1.71072,1.7112,1.00,1.00
2017.01.18 08:11:04.849,1.71071,1.71122,3.37,1.00
2017.01.18 08:11:04.900,1.71082,1.71122,1.00,1.00
2017.01.18 08:11:04.951,1.71082,1.71124,1.12,1.00
2017.01.18 08:11:05.152,1.71076,1.71123,1.37,1.00
2017.01.18 08:11:05.253,1.71078,1.71125,1.00,1.00
2017.01.18 08:11:05.304,1.71078,1.71127,1.00,1.00
2017.01.18 08:11:05.569,1.71082,1.71131,1.50,1.00
2017.01.18 08:11:05.872,1.71082,1.7113,3.00,1.37
2017.01.18 08:11:06.275,1.71079,1.71125,1.37,1.00
2017.01.18 08:11:06.376,1.71076,1.71124,1.00,1.00
2017.01.18 08:11:06.739,1.71074,1.71122,2.25,1.00
2017.01.18 08:11:07.197,1.71075,1.71125,2.62,1.50
2017.01.18 08:11:07.298,1.71076,1.71124,1.00,1.00
2017.01.18 08:11:07.399,1.71074,1.71121,1.87,1.00
2017.01.18 08:11:07.450,1.71076,1.71124,1.00,1.00
2017.01.18 08:11:07.809,1.71075,1.71122,1.00,1.00
2017.01.18 08:11:08.251,1.71075,1.71124,1.00,1.00
2017.01.18 08:11:08.775,1.71075,1.71124,1.37,1.00
2017.01.18 08:11:09.455,1.71075,1.71122,1.00,1.37
2017.01.18 08:11:09.769,1.71063,1.71112,1.50,1.00
2017.01.18 08:11:09.820,1.71072,1.71112,1.00,1.00
2017.01.18 08:11:10.258,1.71072,1.71114,1.00,1.00
2017.01.18 08:11:10.554,1.71067,1.71114,1.00,1.00
2017.01.18 08:11:10.655,1.71064,1.71112,1.00,1.00
2017.01.18 08:11:10.856,1.71064,1.7111,1.00,1.00
2017.01.18 08:11:11.153,1.71064,1.71112,1.00,1.00
2017.01.18 08:11:11.309,1.71064,1.7111,1.00,1.00
2017.01.18 08:11:11.814,1.71063,1.7111,1.00,1.00
2017.01.18 08:11:12.348,1.71063,1.71109,1.00,1.00
2017.01.18 08:11:12.661,1.71062,1.71112,1.00,1.00
2017.01.18 08:11:12.762,1.71063,1.7111,1.00,1.00
2017.01.18 08:11:13.301,1.71062,1.7111,1.00,1.00
2017.01.18 08:11:13.378,1.71062,1.71112,1.50,1.00
2017.01.18 08:11:13.564,1.71072,1.71113,1.00,1.00
2017.01.18 08:11:13.614,1.71072,1.71115,1.00,1.00
2017.01.18 08:11:13.816,1.71072,1.71117,1.00,1.00
2017.01.18 08:11:14.318,1.7107,1.71118,1.00,1.00
2017.01.18 08:11:14.951,1.71071,1.71119,1.00,1.00
2017.01.18 08:11:15.222,1.71077,1.71121,1.00,1.00
2017.01.18 08:11:15.532,1.71082,1.71127,1.50,1.12
2017.01.18 08:11:16.036,1.71081,1.71125,1.00,2.62
2017.01.18 08:11:16.137,1.71074,1.71124,1.00,3.37
2017.01.18 08:11:16.238,1.71072,1.71122,1.00,1.12
2017.01.18 08:11:16.580,1.71072,1.71117,1.00,1.00
2017.01.18 08:11:16.782,1.71063,1.71113,1.00,1.00
2017.01.18 08:11:17.396,1.71062,1.71112,1.50,1.00
2017.01.18 08:11:17.627,1.71064,1.71112,1.00,1.00
2017.01.18 08:11:18.207,1.71063,1.71111,1.00,1.00
2017.01.18 08:11:19.170,1.71064,1.71112,1.00,1.00
2017.01.18 08:11:19.359,1.71061,1.7111,1.50,1.00
2017.01.18 08:11:19.460,1.71062,1.71112,1.00,1.50
2017.01.18 08:11:19.913,1.71065,1.71112,1.00,1.00
2017.01.18 08:11:20.015,1.71066,1.71114,1.00,1.00
2017.01.18 08:11:20.116,1.71069,1.71117,1.00,1.87
2017.01.18 08:11:20.914,1.71069,1.71117,1.00,1.50
2017.01.18 08:11:21.200,1.71067,1.71117,1.00,1.50
2017.01.18 08:11:21.418,1.71072,1.71117,1.00,1.00
2017.01.18 08:11:23.144,1.71069,1.71118,1.00,1.37
2017.01.18 08:11:23.595,1.71067,1.71117,1.00,1.87
2017.01.18 08:11:24.131,1.71068,1.71118,1.00,1.87
2017.01.18 08:11:24.454,1.71066,1.71114,1.00,1.00
2017.01.18 08:11:24.504,1.71067,1.71117,1.00,1.37
2017.01.18 08:11:25.041,1.71068,1.71117,1.00,1.37
2017.01.18 08:11:26.389,1.71068,1.71117,1.00,1.00
2017.01.18 08:11:26.440,1.71071,1.71117,1.00,1.00
2017.01.18 08:11:26.601,1.71072,1.7112,1.00,1.00
2017.01.18 08:11:26.652,1.71072,1.71121,1.37,1.50
2017.01.18 08:11:26.995,1.71072,1.7112,1.50,1.00
2017.01.18 08:11:27.147,1.71072,1.71117,1.00,1.00
2017.01.18 08:11:27.248,1.71071,1.71119,1.00,1.00
2017.01.18 08:11:27.756,1.71072,1.71119,1.00,1.00
2017.01.18 08:11:28.302,1.71071,1.71119,1.00,1.00
2017.01.18 08:11:28.353,1.71069,1.71117,1.87,1.00
2017.01.18 08:11:28.788,1.71072,1.71117,1.00,1.00
2017.01.18 08:11:29.620,1.71067,1.71115,1.50,1.00
2017.01.18 08:11:30.024,1.71065,1.71113,1.00,1.12
2017.01.18 08:11:30.277,1.71067,1.71116,1.00,1.00
2017.01.18 08:11:30.488,1.71066,1.71114,1.00,1.00
2017.01.18 08:11:32.096,1.71067,1.71116,1.37,1.00
2017.01.18 08:11:32.399,1.71065,1.71113,1.00,1.00
2017.01.18 08:11:32.450,1.71066,1.71116,1.00,1.50
2017.01.18 08:11:32.500,1.71069,1.71116,1.00,1.00
2017.01.18 08:11:32.853,1.71068,1.71118,1.00,1.87
2017.01.18 08:11:33.109,1.71068,1.71118,1.00,2.25
2017.01.18 08:11:33.160,1.71068,1.71118,1.00,1.50
2017.01.18 08:11:33.344,1.71069,1.71119,1.00,1.00
2017.01.18 08:11:33.445,1.71072,1.7112,1.00,1.00
2017.01.18 08:11:33.806,1.71068,1.71116,1.50,1.00
2017.01.18 08:11:33.957,1.71065,1.71115,1.00,1.00
2017.01.18 08:11:34.728,1.71072,1.71115,1.00,1.50
2017.01.18 08:11:34.829,1.71072,1.71117,1.00,2.25
2017.01.18 08:11:34.930,1.71072,1.71119,1.00,1.50
2017.01.18 08:11:35.473,1.71071,1.71119,1.00,1.00
2017.01.18 08:11:36.048,1.71071,1.71118,1.00,1.00
2017.01.18 08:11:36.641,1.7107,1.71118,1.00,1.12
2017.01.18 08:11:36.692,1.71068,1.71116,1.00,1.00
2017.01.18 08:11:37.216,1.71072,1.71116,1.00,1.00
2017.01.18 08:11:37.468,1.71072,1.71122,1.50,1.75
2017.01.18 08:11:37.852,1.71072,1.71122,1.50,1.00
2017.01.18 08:11:38.743,1.71072,1.71122,1.37,1.00
2017.01.18 08:11:38.896,1.71074,1.71124,1.12,1.50
2017.01.18 08:11:38.947,1.71076,1.71124,1.00,1.50
2017.01.18 08:11:39.457,1.71077,1.71124,1.00,1.00
2017.01.18 08:11:39.819,1.71072,1.71122,1.00,1.00
2017.01.18 08:11:39.971,1.71072,1.71118,1.00,1.00
2017.01.18 08:11:40.072,1.71076,1.71124,1.00,1.50
2017.01.18 08:11:40.172,1.71072,1.71122,1.00,1.87
2017.01.18 08:11:40.223,1.71074,1.71122,1.00,1.50
2017.01.18 08:11:40.374,1.71075,1.71124,1.00,1.00
2017.01.18 08:11:40.475,1.71073,1.71123,1.00,1.00
2017.01.18 08:11:40.526,1.71073,1.71121,1.00,1.00
2017.01.18 08:11:41.212,1.71072,1.71121,1.00,1.00
2017.01.18 08:11:41.527,1.71072,1.71119,1.00,1.00
2017.01.18 08:11:42.904,1.71072,1.71121,1.50,1.00
2017.01.18 08:11:43.448,1.71071,1.71118,1.12,1.00
2017.01.18 08:11:43.951,1.71072,1.71118,1.00,1.00
2017.01.18 08:11:44.753,1.7107,1.71118,1.00,1.00
2017.01.18 08:11:45.609,1.71072,1.7112,1.00,1.00
2017.01.18 08:11:45.914,1.7107,1.71118,1.00,1.00
2017.01.18 08:11:46.115,1.71071,1.7112,1.00,1.00
2017.01.18 08:11:46.647,1.71071,1.71118,1.00,1.00
2017.01.18 08:11:47.003,1.71071,1.71121,1.87,1.50
2017.01.18 08:11:47.053,1.71077,1.71121,1.00,1.00
2017.01.18 08:11:47.403,1.71092,1.71141,1.00,1.75
2017.01.18 08:11:47.454,1.71094,1.71141,1.00,1.00
2017.01.18 08:11:47.843,1.71091,1.71138,1.50,1.00
2017.01.18 08:11:48.045,1.71087,1.71137,1.50,1.00
2017.01.18 08:11:48.096,1.71089,1.71137,1.00,1.00
2017.01.18 08:11:48.604,1.71088,1.71138,1.00,2.25
2017.01.18 08:11:49.146,1.71087,1.71137,1.12,1.00
2017.01.18 08:11:49.471,1.71092,1.71137,1.00,1.00
2017.01.18 08:11:49.673,1.71093,1.7114,1.00,1.37
2017.01.18 08:11:49.825,1.71092,1.71137,1.00,1.00
2017.01.18 08:11:50.077,1.71082,1.71128,1.00,1.12
2017.01.18 08:11:50.128,1.7108,1.71128,1.00,1.00
2017.01.18 08:11:50.454,1.71078,1.71126,1.00,1.00
2017.01.18 08:11:51.031,1.71078,1.71128,1.00,1.50
2017.01.18 08:11:52.957,1.71078,1.71126,1.00,1.00
2017.01.18 08:11:53.501,1.71079,1.71127,1.00,1.00
2017.01.18 08:11:53.552,1.71077,1.71127,1.00,1.00
2017.01.18 08:11:53.887,1.71079,1.71127,1.00,1.00
2017.01.18 08:11:54.878,1.71078,1.71126,1.00,1.00
2017.01.18 08:11:55.536,1.71079,1.71127,1.00,1.00
2017.01.18 08:11:55.866,1.71077,1.71127,1.00,1.00
2017.01.18 08:11:57.064,1.71077,1.71128,1.00,1.50
2017.01.18 08:11:57.115,1.71086,1.71128,1.00,1.00
2017.01.18 08:11:57.295,1.71088,1.71132,1.00,1.00
2017.01.18 08:11:57.347,1.71084,1.71131,1.00,1.00
2017.01.18 08:11:57.499,1.71082,1.71131,1.00,1.00
2017.01.18 08:11:58.244,1.71084,1.71132,1.00,1.00
2017.01.18 08:11:58.446,1.71084,1.71134,1.00,1.00
2017.01.18 08:11:58.496,1.71084,1.71134,1.37,1.00
2017.01.18 08:11:58.654,1.71086,1.71136,1.37,1.00
2017.01.18 08:11:59.889,1.71087,1.71137,1.00,1.00
2017.01.18 08:12:00.208,1.71085,1.71134,1.00,1.37
2017.01.18 08:12:00.479,1.71081,1.71128,1.00,1.00
2017.01.18 08:12:01.274,1.71081,1.71129,1.00,1.00
2017.01.18 08:12:01.526,1.7108,1.71129,1.00,1.37
2017.01.18 08:12:01.833,1.71075,1.71125,1.37,1.00
2017.01.18 08:12:02.970,1.71077,1.71125,1.00,1.50
2017.01.18 08:12:03.879,1.71076,1.71124,1.12,1.00
2017.01.18 08:12:04.182,1.71076,1.71126,1.00,1.00
2017.01.18 08:12:04.833,1.71079,1.71127,1.00,1.00
2017.01.18 08:12:05.327,1.71076,1.71127,1.87,1.00
2017.01.18 08:12:05.377,1.71076,1.71124,1.87,1.00
2017.01.18 08:12:05.697,1.71078,1.71126,1.00,1.00
2017.01.18 08:12:06.460,1.71076,1.71116,1.12,1.00
2017.01.18 08:12:06.612,1.71071,1.71115,1.50,1.00
2017.01.18 08:12:06.763,1.71066,1.71114,1.75,1.00
2017.01.18 08:12:06.814,1.71066,1.71114,1.00,1.00
2017.01.18 08:12:07.332,1.71067,1.71115,1.00,1.00
2017.01.18 08:12:07.534,1.71072,1.71116,1.00,1.00
2017.01.18 08:12:07.867,1.71073,1.71118,1.37,1.00
2017.01.18 08:12:08.173,1.71078,1.71128,1.00,1.75
2017.01.18 08:12:08.497,1.71078,1.71128,1.00,1.37
2017.01.18 08:12:09.008,1.71081,1.71129,1.00,1.37
2017.01.18 08:12:09.525,1.71081,1.71129,1.00,1.37
2017.01.18 08:12:11.045,1.71081,1.71129,1.00,1.12
2017.01.18 08:12:11.821,1.71082,1.71131,1.00,2.62
2017.01.18 08:12:12.325,1.71081,1.71131,1.00,3.37
2017.01.18 08:12:12.530,1.71082,1.71131,1.50,1.37
2017.01.18 08:12:12.697,1.71083,1.71131,1.00,1.12
2017.01.18 08:12:13.278,1.71082,1.71131,1.50,1.00
2017.01.18 08:12:13.617,1.71085,1.71131,1.00,1.00
2017.01.18 08:12:13.769,1.71087,1.71135,1.00,1.37
2017.01.18 08:12:13.820,1.71088,1.71134,1.00,1.87
2017.01.18 08:12:13.870,1.71086,1.71134,1.00,1.87
2017.01.18 08:12:13.921,1.71085,1.71133,1.00,1.37
2017.01.18 08:12:14.047,1.71084,1.71133,1.00,1.00
2017.01.18 08:12:14.449,1.71085,1.71133,1.37,1.00
2017.01.18 08:12:14.500,1.71085,1.71135,1.87,1.00
2017.01.18 08:12:14.839,1.71086,1.71133,1.00,1.00
2017.01.18 08:12:15.162,1.71085,1.71131,1.00,1.00
2017.01.18 08:12:15.213,1.71085,1.71133,1.50,1.00
2017.01.18 08:12:15.616,1.71086,1.71136,1.00,1.00
2017.01.18 08:12:16.146,1.71087,1.71137,1.00,1.00
2017.01.18 08:12:16.490,1.71089,1.71136,1.00,1.00
2017.01.18 08:12:17.040,1.71089,1.71137,1.00,1.00
2017.01.18 08:12:17.656,1.71088,1.71138,1.00,1.87
2017.01.18 08:12:18.029,1.71093,1.71129,1.00,1.00
2017.01.18 08:12:18.130,1.71081,1.71118,1.00,1.00
2017.01.18 08:12:18.231,1.71074,1.71121,1.00,1.37
2017.01.18 08:12:18.282,1.71072,1.71119,1.50,1.00
2017.01.18 08:12:18.332,1.71074,1.71121,1.12,1.00
2017.01.18 08:12:18.642,1.71081,1.71121,1.00,1.00
2017.01.18 08:12:19.522,1.71091,1.71121,1.00,1.00
2017.01.18 08:12:19.573,1.71091,1.7113,1.00,2.25
2017.01.18 08:12:19.624,1.71091,1.7113,1.00,1.00
2017.01.18 08:12:20.127,1.71092,1.71136,1.00,1.75
2017.01.18 08:12:20.349,1.71091,1.71136,1.00,1.00
2017.01.18 08:12:20.859,1.71092,1.71137,1.00,1.00
2017.01.18 08:12:20.910,1.71094,1.71141,1.00,1.12
2017.01.18 08:12:20.961,1.71092,1.7114,1.00,1.37
2017.01.18 08:12:21.264,1.71109,1.71142,1.00,1.00
2017.01.18 08:12:21.516,1.71113,1.71159,1.00,1.37
2017.01.18 08:12:21.874,1.71114,1.71159,1.00,1.00
2017.01.18 08:12:22.130,1.71116,1.71163,1.00,1.50
2017.01.18 08:12:22.513,1.71118,1.71165,1.00,1.37
2017.01.18 08:12:22.818,1.71121,1.71165,1.00,1.37
2017.01.18 08:12:23.262,1.71118,1.71165,1.00,1.37
2017.01.18 08:12:23.376,1.71121,1.71165,1.00,1.00
2017.01.18 08:12:23.578,1.71119,1.71165,1.00,1.00
2017.01.18 08:12:23.686,1.71122,1.71165,1.00,1.00
2017.01.18 08:12:24.089,1.71125,1.71165,1.00,1.00
2017.01.18 08:12:24.139,1.71126,1.71172,1.00,3.37
2017.01.18 08:12:24.241,1.7113,1.71172,1.00,2.62
2017.01.18 08:12:24.291,1.7113,1.71172,1.00,1.37
2017.01.18 08:12:24.611,1.7113,1.71172,1.50,1.12
2017.01.18 08:12:24.866,1.71132,1.71172,1.00,1.37
2017.01.18 08:12:25.389,1.71131,1.71172,1.00,1.12
2017.01.18 08:12:25.918,1.7113,1.71172,1.00,1.37
2017.01.18 08:12:26.484,1.71129,1.71172,1.00,1.12
2017.01.18 08:12:27.027,1.71128,1.71172,1.00,1.00
2017.01.18 08:12:27.383,1.71129,1.71172,1.00,1.87
2017.01.18 08:12:27.434,1.71125,1.71172,1.50,1.12
2017.01.18 08:12:27.535,1.71129,1.71172,1.00,1.00
2017.01.18 08:12:27.837,1.71123,1.71152,1.00,1.37
2017.01.18 08:12:28.104,1.71103,1.71148,1.00,1.37
2017.01.18 08:12:28.205,1.71101,1.71151,1.50,1.00
2017.01.18 08:12:28.255,1.71102,1.71149,1.50,1.00
2017.01.18 08:12:28.558,1.71102,1.71142,1.00,1.37
2017.01.18 08:12:28.659,1.71093,1.7114,1.00,1.37
2017.01.18 08:12:28.860,1.71092,1.71137,1.00,1.00
2017.01.18 08:12:29.162,1.71091,1.71133,1.00,1.37
2017.01.18 08:12:29.443,1.71083,1.71132,1.00,1.37
2017.01.18 08:12:29.494,1.71083,1.71129,1.00,1.87
2017.01.18 08:12:29.545,1.71083,1.7113,1.00,1.37
2017.01.18 08:12:29.646,1.71092,1.71134,1.00,1.87
2017.01.18 08:12:30.048,1.71092,1.71134,1.00,1.00
2017.01.18 08:12:30.568,1.71091,1.71134,1.50,1.00
2017.01.18 08:12:30.915,1.71091,1.71136,1.00,1.12
2017.01.18 08:12:31.440,1.71092,1.71138,1.00,1.37
2017.01.18 08:12:31.541,1.71092,1.71139,1.00,1.87
2017.01.18 08:12:32.086,1.71094,1.7114,1.00,1.00
2017.01.18 08:12:32.137,1.71095,1.71144,1.00,1.37
2017.01.18 08:12:32.650,1.71096,1.71145,1.00,1.37
2017.01.18 08:12:32.701,1.71096,1.71145,1.00,1.37
2017.01.18 08:12:32.944,1.71094,1.71142,1.00,1.37
2017.01.18 08:12:33.046,1.71094,1.71141,1.00,1.12
2017.01.18 08:12:33.147,1.71092,1.71139,1.50,1.00
2017.01.18 08:12:33.660,1.71094,1.71141,1.00,1.12
2017.01.18 08:12:33.813,1.71092,1.71141,1.50,1.00
2017.01.18 08:12:33.927,1.71094,1.71141,1.00,1.12
2017.01.18 08:12:34.230,1.71102,1.71141,1.00,1.00
2017.01.18 08:12:34.921,1.71102,1.71145,1.00,1.12
2017.01.18 08:12:35.074,1.71102,1.71147,1.00,1.87
2017.01.18 08:12:35.477,1.71102,1.71143,1.00,1.00
2017.01.18 08:12:35.578,1.71102,1.71145,1.00,1.12
2017.01.18 08:12:35.869,1.71102,1.71147,1.00,1.50
2017.01.18 08:12:36.239,1.71102,1.7115,1.00,1.12
2017.01.18 08:12:36.340,1.71102,1.71148,1.00,1.00
2017.01.18 08:12:36.664,1.71102,1.71145,1.00,1.37
2017.01.18 08:12:36.765,1.71096,1.71143,1.50,1.37
2017.01.18 08:12:36.866,1.71096,1.71144,1.00,1.00
2017.01.18 08:12:37.017,1.71099,1.71146,1.00,1.37
2017.01.18 08:12:37.367,1.71102,1.71146,1.00,1.37
2017.01.18 08:12:37.569,1.71112,1.71156,1.00,1.50
2017.01.18 08:12:37.872,1.71113,1.71162,1.00,1.00
2017.01.18 08:12:38.174,1.71115,1.71164,1.00,1.50
2017.01.18 08:12:38.477,1.71121,1.71158,1.00,1.00
2017.01.18 08:12:38.629,1.71112,1.7116,1.00,1.37
2017.01.18 08:12:38.730,1.71112,1.7116,1.00,1.87
2017.01.18 08:12:39.036,1.71114,1.7116,1.00,1.37
2017.01.18 08:12:39.087,1.71114,1.71163,1.00,1.37
2017.01.18 08:12:39.138,1.71117,1.71164,1.00,1.00
2017.01.18 08:12:39.642,1.71116,1.71165,1.00,1.37
2017.01.18 08:12:40.222,1.71121,1.71165,1.00,1.37
2017.01.18 08:12:41.204,1.71116,1.71165,1.00,1.37
2017.01.18 08:12:41.255,1.71118,1.71165,1.00,1.37
2017.01.18 08:12:42.091,1.71118,1.71165,1.00,1.12
2017.01.18 08:12:42.142,1.71116,1.71165,1.00,1.12
2017.01.18 08:12:42.566,1.71114,1.71159,1.00,1.12
2017.01.18 08:12:42.768,1.71112,1.71158,1.00,1.12
2017.01.18 08:12:43.272,1.71111,1.71158,1.50,1.00
2017.01.18 08:12:43.323,1.71111,1.7116,1.50,1.00
2017.01.18 08:12:43.561,1.71106,1.71153,2.25,1.00
2017.01.18 08:12:43.612,1.71106,1.71152,1.37,1.00
2017.01.18 08:12:43.713,1.71103,1.7115,1.00,1.00
2017.01.18 08:12:43.764,1.71102,1.71147,1.00,1.00
2017.01.18 08:12:43.916,1.71102,1.71151,1.00,1.00
2017.01.18 08:12:44.200,1.71101,1.71148,1.00,1.00
2017.01.18 08:12:44.251,1.71099,1.71148,1.00,1.50
2017.01.18 08:12:44.352,1.71094,1.71141,1.75,1.37
2017.01.18 08:12:44.605,1.71093,1.71142,1.87,1.00
2017.01.18 08:12:44.757,1.71102,1.71145,1.00,1.50
2017.01.18 08:12:45.070,1.71102,1.71147,1.00,1.00
2017.01.18 08:12:45.529,1.71102,1.71149,1.50,1.00
2017.01.18 08:12:46.620,1.71101,1.7115,1.50,1.00
2017.01.18 08:12:46.721,1.71103,1.7115,1.00,1.00
2017.01.18 08:12:46.822,1.71103,1.71152,1.37,1.00
2017.01.18 08:12:46.873,1.71102,1.71151,2.25,1.00
2017.01.18 08:12:47.134,1.71112,1.71151,1.00,1.00
2017.01.18 08:12:47.345,1.71111,1.71157,1.00,1.50
2017.01.18 08:12:47.396,1.71113,1.71157,1.00,1.00
2017.01.18 08:12:47.446,1.71115,1.71162,1.00,1.00
2017.01.18 08:12:47.598,1.71114,1.7116,1.00,1.00
2017.01.18 08:12:47.900,1.71112,1.71156,1.50,1.00
2017.01.18 08:12:48.232,1.71112,1.71158,1.00,1.50
2017.01.18 08:12:48.434,1.71112,1.7116,1.50,1.00
2017.01.18 08:12:48.601,1.71114,1.71162,1.00,1.00
2017.01.18 08:12:48.905,1.71122,1.71162,1.00,1.37
2017.01.18 08:12:49.301,1.71117,1.71164,1.00,1.00
2017.01.18 08:12:49.352,1.71121,1.71166,1.00,1.12
2017.01.18 08:12:49.654,1.71121,1.71168,1.00,1.37
2017.01.18 08:12:50.192,1.71121,1.71168,1.00,1.37
2017.01.18 08:12:50.712,1.71121,1.71165,1.00,1.37
2017.01.18 08:12:50.813,1.71124,1.71171,1.00,2.25
2017.01.18 08:12:51.318,1.71124,1.71171,1.50,1.37
2017.01.18 08:12:51.419,1.71123,1.71169,1.00,1.37
2017.01.18 08:12:51.520,1.71123,1.71171,1.00,1.00
2017.01.18 08:12:51.570,1.71127,1.71172,1.00,1.00
2017.01.18 08:12:51.802,1.71127,1.71175,1.00,1.12
2017.01.18 08:12:51.853,1.71127,1.71175,1.00,1.37
2017.01.18 08:12:52.156,1.71127,1.71169,1.12,1.00
2017.01.18 08:12:52.358,1.71127,1.71172,1.12,1.00
2017.01.18 08:12:52.610,1.71127,1.71175,1.12,1.37
2017.01.18 08:12:52.711,1.71127,1.71175,1.12,1.37
2017.01.18 08:12:52.863,1.71127,1.71175,1.87,1.12
2017.01.18 08:12:53.169,1.71132,1.71178,1.00,1.00
2017.01.18 08:12:53.471,1.71135,1.71181,1.50,1.00
2017.01.18 08:12:53.975,1.71135,1.7118,1.00,1.00
2017.01.18 08:12:54.523,1.71135,1.71181,1.00,1.37
2017.01.18 08:12:54.841,1.71113,1.71155,1.75,1.00
2017.01.18 08:12:54.891,1.71113,1.71157,1.12,1.00
2017.01.18 08:12:55.093,1.71117,1.71162,1.00,1.00
2017.01.18 08:12:55.144,1.71121,1.71162,1.00,1.00
2017.01.18 08:12:55.195,1.71121,1.71164,1.00,1.00
2017.01.18 08:12:55.296,1.71126,1.7117,1.00,1.37
2017.01.18 08:12:55.448,1.7113,1.71179,1.00,2.25
2017.01.18 08:12:55.650,1.71132,1.7118,1.00,1.75
2017.01.18 08:12:55.945,1.71138,1.7118,1.00,1.00
2017.01.18 08:12:55.999,1.71137,1.71184,1.00,1.12
2017.01.18 08:12:56.050,1.71139,1.71184,1.00,1.12
2017.01.18 08:12:56.365,1.71139,1.71179,1.00,1.37
2017.01.18 08:12:56.466,1.71134,1.7118,1.00,1.12
2017.01.18 08:12:56.718,1.71136,1.71182,1.00,1.12
2017.01.18 08:12:57.022,1.71163,1.71187,1.00,1.00
2017.01.18 08:12:57.525,1.71162,1.71186,1.00,1.00
2017.01.18 08:12:57.727,1.71139,1.71185,1.00,1.00
2017.01.18 08:12:58.061,1.71162,1.71185,1.00,1.00
2017.01.18 08:12:58.113,1.71163,1.71189,1.00,1.00
2017.01.18 08:12:58.164,1.71163,1.71191,1.00,1.00
2017.01.18 08:12:58.215,1.71162,1.71193,1.00,1.00
2017.01.18 08:12:58.756,1.71162,1.71197,1.00,1.37
2017.01.18 08:12:59.132,1.71163,1.71194,1.00,1.87
2017.01.18 08:12:59.284,1.71163,1.71192,1.00,1.37
2017.01.18 08:12:59.976,1.71163,1.71191,1.00,1.87
2017.01.18 08:13:00.027,1.71146,1.71188,1.00,1.87
2017.01.18 08:13:00.078,1.71141,1.71187,1.75,1.37
2017.01.18 08:13:00.587,1.71141,1.71185,1.75,1.00
2017.01.18 08:13:00.638,1.71162,1.71188,1.00,1.37
2017.01.18 08:13:02.254,1.71162,1.71187,1.00,1.37
2017.01.18 08:13:02.305,1.71141,1.71185,1.50,1.00
2017.01.18 08:13:02.355,1.71163,1.71189,1.00,2.25
2017.01.18 08:13:02.708,1.71163,1.71179,1.00,1.00
2017.01.18 08:13:02.759,1.71141,1.71188,1.00,1.87
2017.01.18 08:13:02.948,1.71134,1.71171,1.00,1.00
2017.01.18 08:13:02.999,1.71124,1.71168,1.00,1.00
2017.01.18 08:13:03.301,1.71125,1.71171,1.00,1.00
2017.01.18 08:13:03.352,1.71126,1.71173,1.00,1.00
2017.01.18 08:13:03.453,1.71128,1.71174,1.00,1.00
2017.01.18 08:13:03.755,1.7113,1.71175,1.00,1.00
2017.01.18 08:13:04.408,1.71132,1.71176,1.00,1.12
2017.01.18 08:13:04.458,1.7113,1.71177,1.00,1.00
2017.01.18 08:13:05.213,1.7113,1.71173,1.00,1.00
2017.01.18 08:13:05.264,1.7113,1.71175,1.00,1.00
2017.01.18 08:13:05.315,1.7113,1.71173,1.00,1.00
2017.01.18 08:13:05.718,1.7113,1.71175,1.00,1.00
2017.01.18 08:13:06.220,1.7113,1.71176,1.50,1.00
2017.01.18 08:13:06.271,1.71131,1.71178,1.37,1.00
2017.01.18 08:13:06.795,1.71132,1.71179,1.50,1.00
2017.01.18 08:13:08.337,1.71132,1.7118,1.50,1.00
2017.01.18 08:13:08.958,1.71132,1.71181,1.50,1.00
2017.01.18 08:13:09.319,1.71136,1.71179,1.00,1.00
2017.01.18 08:13:09.889,1.71136,1.71177,1.00,1.00
2017.01.18 08:13:10.041,1.71132,1.71179,1.00,1.50
2017.01.18 08:13:10.193,1.71131,1.71178,1.00,1.37
2017.01.18 08:13:10.243,1.71129,1.71178,1.00,1.00
2017.01.18 08:13:10.514,1.71129,1.71176,1.50,1.00
2017.01.18 08:13:10.665,1.71129,1.71178,1.00,1.00
2017.01.18 08:13:11.173,1.71132,1.71179,1.12,1.00
2017.01.18 08:13:11.224,1.71132,1.71181,1.50,1.00
2017.01.18 08:13:11.462,1.71132,1.71177,1.00,1.00
2017.01.18 08:13:11.563,1.71128,1.71175,1.00,1.00
2017.01.18 08:13:11.614,1.71128,1.71175,1.00,1.37
2017.01.18 08:13:11.664,1.71125,1.71174,1.00,1.12
2017.01.18 08:13:11.765,1.71124,1.71171,1.00,1.00
2017.01.18 08:13:12.284,1.71123,1.7117,1.00,1.00
2017.01.18 08:13:12.834,1.71124,1.71171,1.00,1.00
2017.01.18 08:13:12.985,1.71124,1.71173,1.00,1.50
2017.01.18 08:13:13.036,1.71122,1.71168,1.00,1.00
2017.01.18 08:13:13.280,1.71122,1.7117,1.00,1.00
2017.01.18 08:13:13.335,1.71125,1.71171,1.00,1.00
2017.01.18 08:13:13.665,1.71123,1.71169,1.00,1.00
2017.01.18 08:13:13.999,1.71121,1.71169,1.00,1.00
2017.01.18 08:13:14.100,1.71123,1.71169,1.00,1.00
2017.01.18 08:13:14.251,1.71119,1.71168,1.00,1.87
2017.01.18 08:13:14.444,1.71116,1.71163,1.00,1.00
2017.01.18 08:13:14.747,1.71119,1.71165,1.00,1.00
2017.01.18 08:13:15.100,1.71117,1.71163,1.00,1.12
2017.01.18 08:13:15.251,1.71115,1.71162,1.00,1.00
2017.01.18 08:13:15.452,1.71113,1.71161,1.00,1.00
2017.01.18 08:13:15.677,1.71111,1.71157,1.00,1.00
2017.01.18 08:13:15.904,1.71112,1.71159,1.12,1.50
2017.01.18 08:13:15.955,1.71113,1.71162,1.00,1.50
2017.01.18 08:13:16.238,1.71113,1.71162,1.37,1.50
2017.01.18 08:13:16.540,1.71111,1.71158,1.00,1.00
2017.01.18 08:13:17.080,1.71111,1.71157,1.00,1.00
2017.01.18 08:13:17.334,1.71113,1.7116,1.00,1.00
2017.01.18 08:13:17.385,1.71115,1.7116,1.00,1.00
2017.01.18 08:13:17.436,1.71115,1.71162,1.12,1.50
2017.01.18 08:13:17.537,1.71113,1.71162,1.00,1.50
2017.01.18 08:13:17.604,1.71112,1.7116,1.00,1.37
2017.01.18 08:13:17.906,1.71114,1.71158,1.00,1.00
2017.01.18 08:13:18.236,1.71111,1.71159,1.50,1.00
2017.01.18 08:13:18.287,1.71112,1.71161,1.12,1.00
2017.01.18 08:13:18.338,1.71109,1.71158,1.37,1.00
2017.01.18 08:13:18.489,1.71111,1.7116,1.00,1.50
2017.01.18 08:13:18.540,1.71112,1.7116,1.37,1.50
2017.01.18 08:13:18.792,1.71115,1.71164,1.00,1.00
2017.01.18 08:13:18.943,1.71118,1.71167,1.12,1.00
2017.01.18 08:13:19.269,1.71122,1.7117,1.00,1.00
2017.01.18 08:13:19.601,1.71121,1.71167,1.00,1.00
2017.01.18 08:13:19.652,1.71122,1.71169,1.00,1.00
2017.01.18 08:13:20.179,1.7112,1.71169,1.50,1.12
2017.01.18 08:13:20.229,1.7112,1.71167,1.50,1.00
2017.01.18 08:13:21.671,1.71118,1.71167,1.50,1.00
2017.01.18 08:13:22.873,1.7112,1.71166,1.00,1.00
2017.01.18 08:13:23.447,1.71119,1.71168,1.00,1.00
2017.01.18 08:13:23.878,1.71121,1.71167,1.00,1.00
2017.01.18 08:13:24.270,1.71119,1.71168,1.00,1.00
2017.01.18 08:13:25.028,1.71121,1.71168,1.00,1.00
2017.01.18 08:13:25.079,1.71119,1.71167,1.00,1.12
2017.01.18 08:13:25.180,1.71117,1.71166,1.12,1.00
2017.01.18 08:13:25.400,1.71119,1.71166,1.00,1.00
2017.01.18 08:13:25.635,1.7112,1.71168,1.50,1.00
2017.01.18 08:13:25.864,1.71122,1.71168,1.00,1.00
2017.01.18 08:13:26.031,1.71122,1.71171,1.00,1.00
2017.01.18 08:13:26.284,1.71124,1.71171,1.00,1.00
2017.01.18 08:13:26.789,1.71125,1.71172,1.00,1.00
2017.01.18 08:13:27.309,1.71126,1.71172,1.00,1.00
2017.01.18 08:13:27.618,1.7113,1.71177,1.00,1.37
2017.01.18 08:13:27.669,1.7113,1.71177,1.50,1.00
2017.01.18 08:13:29.316,1.71131,1.71178,1.00,1.00
2017.01.18 08:13:29.417,1.71132,1.7118,1.37,1.12
2017.01.18 08:13:29.468,1.71131,1.7118,1.00,1.12
2017.01.18 08:13:29.569,1.71133,1.7118,1.00,1.12
2017.01.18 08:13:29.890,1.71133,1.71182,1.00,1.00
2017.01.18 08:13:30.631,1.7113,1.71172,1.00,1.12
2017.01.18 08:13:30.682,1.71123,1.7117,1.00,1.00
2017.01.18 08:13:30.748,1.71124,1.71172,1.00,1.50
2017.01.18 08:13:30.849,1.71127,1.71172,1.00,1.00
2017.01.18 08:13:31.252,1.7113,1.71177,1.00,1.00
2017.01.18 08:13:31.353,1.71128,1.71178,1.00,1.00
2017.01.18 08:13:31.403,1.71129,1.71176,1.00,1.12
2017.01.18 08:13:31.555,1.71129,1.71178,1.00,1.50
2017.01.18 08:13:31.706,1.71127,1.71176,1.00,1.37
2017.01.18 08:13:31.859,1.71126,1.71175,1.12,1.00
2017.01.18 08:13:32.060,1.71127,1.71176,1.37,1.00
2017.01.18 08:13:32.363,1.71133,1.71178,1.00,1.00
2017.01.18 08:13:32.901,1.71133,1.71179,1.50,1.00
2017.01.18 08:13:32.952,1.71133,1.71183,1.87,1.00
2017.01.18 08:13:33.103,1.71135,1.71183,1.00,1.00
2017.01.18 08:13:33.427,1.71135,1.71178,1.00,1.00
2017.01.18 08:13:33.528,1.71135,1.71182,1.00,1.00
2017.01.18 08:13:33.980,1.71133,1.71183,1.00,1.00
2017.01.18 08:13:34.596,1.71133,1.7118,1.00,1.00
2017.01.18 08:13:34.697,1.71131,1.7118,1.12,1.00
2017.01.18 08:13:34.747,1.71129,1.71178,1.87,1.00
2017.01.18 08:13:34.798,1.71129,1.71178,1.87,1.00
2017.01.18 08:13:35.309,1.7113,1.71179,1.00,1.50
2017.01.18 08:13:35.508,1.71129,1.71178,1.00,1.37
2017.01.18 08:13:36.088,1.71128,1.71174,1.37,1.00
2017.01.18 08:13:36.189,1.71128,1.71177,1.37,1.00
2017.01.18 08:13:36.743,1.71129,1.71178,1.00,2.25
2017.01.18 08:13:38.080,1.71128,1.71176,1.37,1.00
2017.01.18 08:13:38.634,1.71129,1.71177,1.12,1.00
2017.01.18 08:13:38.953,1.71131,1.71179,1.87,1.00
2017.01.18 08:13:39.494,1.71131,1.71178,1.12,1.50
2017.01.18 08:13:39.595,1.71131,1.7118,1.87,1.50
2017.01.18 08:13:40.460,1.71131,1.71178,1.12,1.00
2017.01.18 08:13:40.511,1.71129,1.71178,1.12,1.50
2017.01.18 08:13:40.563,1.71132,1.71178,1.12,1.00
2017.01.18 08:13:40.668,1.71132,1.71181,1.87,1.00
2017.01.18 08:13:40.858,1.71131,1.71178,1.37,1.00
2017.01.18 08:13:41.452,1.71132,1.71179,1.12,1.00
2017.01.18 08:13:41.557,1.71132,1.71181,1.87,1.00
2017.01.18 08:13:42.156,1.71133,1.71182,1.12,1.00
2017.01.18 08:13:42.487,1.71135,1.71182,1.00,1.00
2017.01.18 08:13:43.137,1.71133,1.7118,1.50,1.00
2017.01.18 08:13:43.497,1.71133,1.7118,1.37,1.00
2017.01.18 08:13:43.866,1.71134,1.7118,1.37,1.00
2017.01.18 08:13:43.916,1.71133,1.7118,1.37,1.50
2017.01.18 08:13:43.967,1.71133,1.71178,1.37,1.00
2017.01.18 08:13:44.169,1.71133,1.71181,1.00,1.50
2017.01.18 08:13:44.220,1.71133,1.71178,1.00,1.00
2017.01.18 08:13:44.423,1.71132,1.7118,1.12,1.00
2017.01.18 08:13:45.173,1.71132,1.71181,1.50,1.50
2017.01.18 08:13:45.224,1.71132,1.71179,1.00,1.00
2017.01.18 08:13:45.895,1.71132,1.7118,1.00,1.00
2017.01.18 08:13:46.555,1.71132,1.71181,1.00,1.50
2017.01.18 08:13:47.108,1.71131,1.71181,1.87,1.50
2017.01.18 08:13:47.445,1.71132,1.71181,1.87,1.50
2017.01.18 08:13:48.464,1.71132,1.71181,1.87,1.12
2017.01.18 08:13:49.204,1.71133,1.71182,1.12,2.25
2017.01.18 08:13:50.023,1.71132,1.71181,1.37,1.00
2017.01.18 08:13:50.191,1.71131,1.7118,1.87,1.12
2017.01.18 08:13:50.381,1.71132,1.71181,1.37,1.00
2017.01.18 08:13:50.900,1.71134,1.71182,1.00,2.25
2017.01.18 08:13:51.213,1.71132,1.71178,1.00,1.00
2017.01.18 08:13:51.644,1.71132,1.71181,1.50,1.12
2017.01.18 08:13:51.695,1.71131,1.71179,1.00,1.50
2017.01.18 08:13:51.998,1.71122,1.71169,1.00,1.37
2017.01.18 08:13:52.504,1.71123,1.71169,1.00,1.00
2017.01.18 08:13:52.811,1.71117,1.71164,1.00,1.12
2017.01.18 08:13:52.861,1.71115,1.7116,1.37,1.37
2017.01.18 08:13:52.912,1.71113,1.7116,1.87,1.00
2017.01.18 08:13:52.963,1.71113,1.71156,1.37,1.12
2017.01.18 08:13:53.014,1.7111,1.71156,1.00,1.12
2017.01.18 08:13:53.317,1.71111,1.71154,1.00,1.00
2017.01.18 08:13:53.519,1.71111,1.71156,1.00,1.12
2017.01.18 08:13:54.142,1.7111,1.71156,1.00,1.00
2017.01.18 08:13:54.660,1.71112,1.71157,1.37,1.00
2017.01.18 08:13:54.812,1.71116,1.71163,1.00,1.00
2017.01.18 08:13:55.164,1.71121,1.71163,1.12,1.00
2017.01.18 08:13:55.510,1.71121,1.71165,1.00,1.87
2017.01.18 08:13:55.863,1.71117,1.71164,1.12,1.37
2017.01.18 08:13:55.914,1.71117,1.71164,1.12,1.00
2017.01.18 08:13:55.965,1.71114,1.71161,1.37,1.00
2017.01.18 08:13:56.317,1.71115,1.71164,1.37,1.00
2017.01.18 08:13:56.418,1.71122,1.71164,1.00,1.00
2017.01.18 08:13:56.519,1.71122,1.71167,1.00,2.62
2017.01.18 08:13:56.744,1.71122,1.71167,2.62,1.50
2017.01.18 08:13:56.895,1.71128,1.71175,2.62,1.00
2017.01.18 08:13:57.047,1.71128,1.71175,1.12,1.50
2017.01.18 08:13:57.097,1.71125,1.71172,1.37,1.00
2017.01.18 08:13:57.476,1.71125,1.71172,1.12,1.87
2017.01.18 08:13:58.583,1.71122,1.71171,1.87,1.00
2017.01.18 08:13:58.684,1.71124,1.71171,1.00,1.00
2017.01.18 08:13:59.015,1.71122,1.71171,1.00,1.37
2017.01.18 08:13:59.619,1.71122,1.71169,1.00,1.12
2017.01.18 08:13:59.931,1.7112,1.71169,1.00,1.00
2017.01.18 08:14:00.133,1.71119,1.71164,1.00,1.37
2017.01.18 08:14:00.335,1.71113,1.71162,1.00,1.00
2017.01.18 08:14:00.681,1.71113,1.71158,1.00,1.00
2017.01.18 08:14:01.037,1.71113,1.71162,1.00,1.37
2017.01.18 08:14:01.456,1.71113,1.71158,1.00,1.00
2017.01.18 08:14:02.005,1.71112,1.71159,1.50,1.50
2017.01.18 08:14:04.612,1.71112,1.71156,1.00,1.00
2017.01.18 08:14:04.663,1.71107,1.71156,1.37,1.00
2017.01.18 08:14:05.273,1.71107,1.71156,1.00,1.50
2017.01.18 08:14:06.129,1.71112,1.71157,1.00,1.00
2017.01.18 08:14:06.815,1.71108,1.71157,1.00,1.00
2017.01.18 08:14:07.379,1.71112,1.71158,1.00,1.00
2017.01.18 08:14:07.713,1.71109,1.71158,1.00,1.00
2017.01.18 08:14:07.764,1.71111,1.71158,1.37,1.00
2017.01.18 08:14:07.814,1.71113,1.7116,1.12,1.00
2017.01.18 08:14:08.036,1.71114,1.71163,1.12,1.00
2017.01.18 08:14:08.188,1.71112,1.71158,1.50,1.00
2017.01.18 08:14:08.238,1.71113,1.71161,1.00,1.00
2017.01.18 08:14:08.289,1.71114,1.71161,1.37,1.00
2017.01.18 08:14:08.390,1.71121,1.71168,1.00,2.25
2017.01.18 08:14:08.441,1.71123,1.7117,1.37,1.50
2017.01.18 08:14:09.566,1.71124,1.71171,1.00,1.75
2017.01.18 08:14:09.617,1.71122,1.7117,1.00,1.12
2017.01.18 08:14:09.718,1.71117,1.71166,1.00,1.37
2017.01.18 08:14:09.769,1.71117,1.71166,1.00,1.37
2017.01.18 08:14:09.971,1.71111,1.71158,1.00,1.00
2017.01.18 08:14:10.245,1.71112,1.7116,1.00,1.00
2017.01.18 08:14:10.296,1.71114,1.7116,1.00,1.00
2017.01.18 08:14:10.604,1.71112,1.71159,1.50,1.37
2017.01.18 08:14:10.655,1.71107,1.71156,1.75,1.12
2017.01.18 08:14:10.758,1.71107,1.71154,1.75,1.00
2017.01.18 08:14:11.060,1.71103,1.71152,1.75,1.00
2017.01.18 08:14:11.401,1.71105,1.71152,1.00,1.00
2017.01.18 08:14:12.609,1.71103,1.71152,1.00,1.00
2017.01.18 08:14:12.760,1.71102,1.71149,1.00,1.50
2017.01.18 08:14:12.861,1.71099,1.71149,1.87,1.00
2017.01.18 08:14:12.912,1.71099,1.71146,1.50,1.00
2017.01.18 08:14:13.013,1.71094,1.71142,1.00,1.00
2017.01.18 08:14:13.538,1.71094,1.71141,1.00,1.00
2017.01.18 08:14:14.241,1.71095,1.71142,1.00,1.50
2017.01.18 08:14:15.837,1.71093,1.71142,1.00,1.50
2017.01.18 08:14:15.888,1.71092,1.7114,1.50,1.00
2017.01.18 08:14:16.290,1.71092,1.7114,1.87,1.50
2017.01.18 08:14:16.593,1.71102,1.71144,1.00,1.00
2017.01.18 08:14:16.644,1.71096,1.71145,1.12,1.00
2017.01.18 08:14:16.694,1.71102,1.71146,1.37,1.00
2017.01.18 08:14:16.745,1.71103,1.71148,1.37,1.00
2017.01.18 08:14:16.796,1.71104,1.71153,1.37,2.25
2017.01.18 08:14:16.948,1.71106,1.71153,1.00,1.00
2017.01.18 08:14:17.262,1.71112,1.71153,1.00,1.00
2017.01.18 08:14:17.324,1.7111,1.71155,1.00,1.00
2017.01.18 08:14:17.425,1.71112,1.71155,1.00,1.12
2017.01.18 08:14:17.728,1.71112,1.7115,1.00,1.37
2017.01.18 08:14:18.143,1.71102,1.71149,1.12,1.00
2017.01.18 08:14:18.546,1.71102,1.71147,1.00,1.00
2017.01.18 08:14:19.501,1.71101,1.71147,1.00,1.00
2017.01.18 08:14:19.804,1.71107,1.71149,1.00,1.00
2017.01.18 08:14:19.955,1.71104,1.71152,1.00,1.00
2017.01.18 08:14:20.006,1.71112,1.71152,1.00,1.00
2017.01.18 08:14:20.223,1.71103,1.71147,1.00,1.50
2017.01.18 08:14:20.325,1.71098,1.71145,1.75,1.37
2017.01.18 08:14:20.627,1.71093,1.71142,1.00,1.00
2017.01.18 08:14:20.881,1.71095,1.71144,1.00,1.87
2017.01.18 08:14:21.193,1.71106,1.71151,1.00,1.00
2017.01.18 08:14:21.243,1.71106,1.71153,1.00,1.50
2017.01.18 08:14:21.345,1.71106,1.71155,1.00,2.25
2017.01.18 08:14:21.911,1.71106,1.71154,1.00,1.00
2017.01.18 08:14:22.450,1.71106,1.71153,1.00,1.00
2017.01.18 08:14:22.501,1.71105,1.71155,1.00,1.87
2017.01.18 08:14:22.552,1.71107,1.71155,1.00,1.87
2017.01.18 08:14:23.071,1.71108,1.71155,1.00,1.87
2017.01.18 08:14:23.674,1.71109,1.71155,1.00,1.12
2017.01.18 08:14:23.724,1.71109,1.71157,1.00,1.50
2017.01.18 08:14:25.733,1.7111,1.71157,1.00,1.00
2017.01.18 08:14:26.389,1.71109,1.71156,1.00,1.12
2017.01.18 08:14:28.617,1.71109,1.71157,1.00,1.00
2017.01.18 08:14:29.275,1.71108,1.71157,1.00,1.00
2017.01.18 08:14:30.061,1.71108,1.71157,1.37,1.12
2017.01.18 08:14:30.568,1.7111,1.71157,1.00,1.37
2017.01.18 08:14:30.941,1.7111,1.71159,1.37,1.00
2017.01.18 08:14:31.361,1.71113,1.71161,1.12,1.00
2017.01.18 08:14:31.563,1.71113,1.71158,1.12,1.00
2017.01.18 08:14:31.980,1.71112,1.71158,1.50,1.37
2017.01.18 08:14:32.284,1.71109,1.71158,1.00,1.87
2017.01.18 08:14:32.353,1.71109,1.71158,1.37,1.87
2017.01.18 08:14:32.916,1.71111,1.7116,1.87,1.12
2017.01.18 08:14:32.966,1.71113,1.7116,1.37,1.00
2017.01.18 08:14:33.269,1.71114,1.71161,2.62,1.00
2017.01.18 08:14:33.320,1.71115,1.71163,1.37,1.12
2017.01.18 08:14:33.568,1.71117,1.71166,1.37,1.37
2017.01.18 08:14:33.749,1.71116,1.71165,1.12,1.37
2017.01.18 08:14:33.900,1.71114,1.71161,1.87,1.37
2017.01.18 08:14:34.251,1.71113,1.71158,1.00,1.12
2017.01.18 08:14:34.555,1.71114,1.71164,1.37,1.37
2017.01.18 08:14:34.956,1.71108,1.71158,1.37,1.87
2017.01.18 08:14:37.698,1.71108,1.71158,1.37,1.87
2017.01.18 08:14:38.000,1.71104,1.71148,1.50,1.00
2017.01.18 08:14:38.202,1.71108,1.71155,1.37,1.50
2017.01.18 08:14:38.253,1.71109,1.71157,1.37,1.00
2017.01.18 08:14:38.589,1.71109,1.71157,1.87,1.37
2017.01.18 08:14:39.678,1.71111,1.71158,1.00,1.37
2017.01.18 08:14:41.047,1.71111,1.71158,1.00,1.87
2017.01.18 08:14:41.249,1.71104,1.71148,1.00,1.12
2017.01.18 08:14:41.300,1.71102,1.71146,1.00,2.62
2017.01.18 08:14:41.451,1.71096,1.71145,1.00,1.37
2017.01.18 08:14:41.837,1.71096,1.71143,1.37,1.00
2017.01.18 08:14:42.387,1.71097,1.71144,1.12,1.12
2017.01.18 08:14:43.140,1.71095,1.71145,1.87,1.37
2017.01.18 08:14:43.351,1.7109,1.71139,1.12,1.37
2017.01.18 08:14:43.515,1.71092,1.71137,1.00,1.00
2017.01.18 08:14:43.767,1.71092,1.7114,1.00,1.00
2017.01.18 08:14:44.859,1.71092,1.71141,1.50,1.00
2017.01.18 08:14:45.141,1.71092,1.71138,1.00,1.00
2017.01.18 08:14:45.517,1.71094,1.71137,1.00,1.00
2017.01.18 08:14:45.567,1.71094,1.71141,1.00,1.00
2017.01.18 08:14:45.913,1.71092,1.71138,1.00,1.00
2017.01.18 08:14:46.595,1.71092,1.71137,1.00,1.50
2017.01.18 08:14:47.952,1.71092,1.7114,1.50,1.00
2017.01.18 08:14:48.053,1.71092,1.71139,1.00,1.37
2017.01.18 08:14:48.355,1.71087,1.71134,1.00,1.00
2017.01.18 08:14:50.151,1.71086,1.71135,1.50,1.00
2017.01.18 08:14:50.202,1.71086,1.71133,1.50,1.00
2017.01.18 08:14:50.463,1.71087,1.71135,1.00,1.12
2017.01.18 08:14:51.121,1.71088,1.71135,1.00,1.00
2017.01.18 08:14:51.172,1.71088,1.71137,1.37,1.50
2017.01.18 08:14:51.608,1.71091,1.71135,1.00,1.00
2017.01.18 08:14:51.659,1.71087,1.71135,1.37,1.00
2017.01.18 08:14:51.811,1.71091,1.71135,1.00,1.00
2017.01.18 08:14:52.019,1.71087,1.71135,1.00,1.00
2017.01.18 08:14:52.333,1.71086,1.71133,1.12,1.00
2017.01.18 08:14:52.694,1.71086,1.71131,1.00,1.87
2017.01.18 08:14:52.745,1.71082,1.71129,1.00,1.37
2017.01.18 08:14:52.897,1.71082,1.71126,1.00,1.00
2017.01.18 08:14:52.998,1.71073,1.7112,1.87,1.00
2017.01.18 08:14:53.049,1.71073,1.71118,1.37,1.37
2017.01.18 08:14:53.251,1.71072,1.71116,1.00,1.50
2017.01.18 08:14:53.856,1.71067,1.71116,1.87,1.00
2017.01.18 08:14:53.957,1.71072,1.71115,1.00,1.00
2017.01.18 08:14:54.476,1.71071,1.71116,1.12,1.00
2017.01.18 08:14:56.276,1.71071,1.71118,1.87,1.00
2017.01.18 08:14:56.763,1.71081,1.71118,1.00,1.00
2017.01.18 08:14:57.016,1.71081,1.7112,1.00,1.00
2017.01.18 08:14:57.324,1.71072,1.71121,1.00,1.12
2017.01.18 08:14:57.910,1.71082,1.71124,1.00,1.50
2017.01.18 08:14:58.011,1.71082,1.71131,1.00,1.50
2017.01.18 08:14:58.213,1.71085,1.71132,1.00,1.00
2017.01.18 08:14:58.616,1.71085,1.71135,1.37,1.00
2017.01.18 08:14:59.219,1.71087,1.71134,1.12,1.00
2017.01.18 08:15:00.214,1.71087,1.71134,1.37,1.00
2017.01.18 08:15:00.417,1.71089,1.71136,1.12,1.00
2017.01.18 08:15:00.520,1.71092,1.71137,1.00,1.00
2017.01.18 08:15:01.369,1.71092,1.71138,1.50,1.00
2017.01.18 08:15:01.508,1.71092,1.7114,1.50,1.00
2017.01.18 08:15:01.760,1.71092,1.71138,1.00,1.00
2017.01.18 08:15:02.114,1.71092,1.71136,1.00,1.50
2017.01.18 08:15:02.417,1.7111,1.71155,1.00,1.87
2017.01.18 08:15:02.582,1.71112,1.71159,1.00,1.87
2017.01.18 08:15:02.987,1.71113,1.7116,1.00,1.12
2017.01.18 08:15:03.710,1.71113,1.71161,1.00,1.00
2017.01.18 08:15:03.883,1.71122,1.71161,1.00,1.00
2017.01.18 08:15:04.196,1.71122,1.71159,1.00,1.00
2017.01.18 08:15:04.247,1.71122,1.71161,1.00,1.00
2017.01.18 08:15:04.308,1.71114,1.71161,1.00,1.00
2017.01.18 08:15:04.409,1.71111,1.71158,1.50,2.62
2017.01.18 08:15:04.459,1.7111,1.71155,1.00,1.00
2017.01.18 08:15:04.560,1.7111,1.71153,1.00,1.00
2017.01.18 08:15:04.661,1.71105,1.71154,1.75,1.12
2017.01.18 08:15:04.713,1.71105,1.71154,1.75,1.37
2017.01.18 08:15:04.965,1.71103,1.71148,1.00,1.00
2017.01.18 08:15:05.204,1.71103,1.7115,1.00,1.00
2017.01.18 08:15:05.941,1.71103,1.71145,1.00,1.00
2017.01.18 08:15:06.042,1.71101,1.71145,1.00,1.00
2017.01.18 08:15:06.143,1.71096,1.71145,1.50,1.00
2017.01.18 08:15:06.703,1.71096,1.71144,1.00,1.00
2017.01.18 08:15:06.754,1.71096,1.71144,1.37,1.00
2017.01.18 08:15:07.056,1.71101,1.71147,1.00,1.00
2017.01.18 08:15:07.649,1.71101,1.71148,1.50,1.00
2017.01.18 08:15:07.968,1.71096,1.71141,1.00,1.00
2017.01.18 08:15:08.270,1.71088,1.71135,1.75,1.12
2017.01.18 08:15:08.654,1.71091,1.71138,1.75,1.12
2017.01.18 08:15:08.805,1.71091,1.71138,1.75,1.37
2017.01.18 08:15:08.956,1.7109,1.71137,1.75,1.37
2017.01.18 08:15:09.108,1.71091,1.71137,1.00,1.37
2017.01.18 08:15:09.183,1.71091,1.71137,1.00,1.12
2017.01.18 08:15:09.284,1.71088,1.71135,1.00,1.00
2017.01.18 08:15:09.353,1.7109,1.71137,1.00,1.12
2017.01.18 08:15:09.986,1.71091,1.71136,1.00,1.37
2017.01.18 08:15:10.036,1.71091,1.71138,1.00,1.37
2017.01.18 08:15:10.188,1.71091,1.7114,1.50,1.12
2017.01.18 08:15:10.238,1.71091,1.7114,1.50,1.37
2017.01.18 08:15:10.375,1.71091,1.7114,1.50,1.37
2017.01.18 08:15:10.766,1.71089,1.71138,1.50,1.37
2017.01.18 08:15:10.867,1.71088,1.71137,1.00,1.37
2017.01.18 08:15:11.012,1.71088,1.71137,1.00,1.12
2017.01.18 08:15:11.214,1.71088,1.71137,1.00,1.37
2017.01.18 08:15:11.315,1.71082,1.71129,1.50,1.00
2017.01.18 08:15:11.526,1.71081,1.71126,1.00,1.00
2017.01.18 08:15:11.835,1.71081,1.71124,1.00,1.00
2017.01.18 08:15:11.885,1.71081,1.71126,1.00,1.50
2017.01.18 08:15:12.844,1.71082,1.71125,1.00,1.00
2017.01.18 08:15:13.235,1.71082,1.71127,1.00,1.00
2017.01.18 08:15:13.544,1.71082,1.71129,1.00,1.00
2017.01.18 08:15:15.519,1.71081,1.71129,1.87,1.50
2017.01.18 08:15:16.180,1.71082,1.71129,1.00,1.00
2017.01.18 08:15:16.919,1.71082,1.71131,1.37,1.00
2017.01.18 08:15:17.071,1.71083,1.71131,1.12,1.12
2017.01.18 08:15:17.122,1.71082,1.71129,1.37,1.00
2017.01.18 08:15:17.429,1.71081,1.71129,1.12,1.00
2017.01.18 08:15:19.319,1.71081,1.71129,1.37,1.00
2017.01.18 08:15:19.741,1.71083,1.71129,1.37,1.00
2017.01.18 08:15:19.987,1.71083,1.71131,1.37,1.00
2017.01.18 08:15:20.275,1.71082,1.71131,1.00,1.00
2017.01.18 08:15:20.566,1.71091,1.71131,1.00,1.00
2017.01.18 08:15:20.733,1.71082,1.71131,1.87,1.12
2017.01.18 08:15:20.834,1.71082,1.71131,1.50,1.37
2017.01.18 08:15:20.986,1.71082,1.71131,1.87,1.12
2017.01.18 08:15:21.037,1.71084,1.71132,1.37,1.50
2017.01.18 08:15:21.541,1.71086,1.71133,1.37,1.00
2017.01.18 08:15:21.592,1.71088,1.71135,1.00,1.00
2017.01.18 08:15:21.644,1.71085,1.71132,1.00,1.00
2017.01.18 08:15:22.042,1.71083,1.7113,1.00,1.00
2017.01.18 08:15:22.365,1.71087,1.71133,1.00,1.00
2017.01.18 08:15:22.787,1.71088,1.71136,1.00,1.00
2017.01.18 08:15:23.255,1.71089,1.71138,1.00,1.50
2017.01.18 08:15:23.759,1.71089,1.71137,1.50,1.00
2017.01.18 08:15:24.290,1.71089,1.71131,1.00,1.87
2017.01.18 08:15:24.633,1.71049,1.71066,4.35,1.37
2017.01.18 08:15:24.684,1.71055,1.71071,2.17,1.00
2017.01.18 08:15:24.735,1.71043,1.71066,2.55,1.00
2017.01.18 08:15:24.836,1.71032,1.71071,1.75,1.00
2017.01.18 08:15:24.937,1.71031,1.71073,1.12,1.00
2017.01.18 08:15:25.038,1.71035,1.71082,1.12,1.00
2017.01.18 08:15:25.089,1.71037,1.71082,1.37,1.00
2017.01.18 08:15:25.392,1.71041,1.71082,1.00,1.00
2017.01.18 08:15:25.816,1.71036,1.71082,1.00,1.00
2017.01.18 08:15:26.502,1.71036,1.71085,1.00,1.37
2017.01.18 08:15:26.654,1.71038,1.71085,1.00,1.00
2017.01.18 08:15:26.806,1.71036,1.71084,1.00,1.00
2017.01.18 08:15:27.351,1.71036,1.71083,1.00,1.00
2017.01.18 08:15:28.725,1.71036,1.71084,1.00,1.00
2017.01.18 08:15:28.889,1.71036,1.71083,1.00,1.37
2017.01.18 08:15:30.031,1.71052,1.71089,1.12,1.00
2017.01.18 08:15:30.133,1.71052,1.71099,1.37,1.75
2017.01.18 08:15:30.183,1.71052,1.711,1.87,1.75
2017.01.18 08:15:30.285,1.71056,1.71102,1.12,1.00
2017.01.18 08:15:30.386,1.71055,1.71104,1.12,1.12
2017.01.18 08:15:30.538,1.71056,1.71105,1.37,1.12
2017.01.18 08:15:31.060,1.71059,1.71106,1.00,1.37
2017.01.18 08:15:31.262,1.71055,1.71101,1.00,1.12
2017.01.18 08:15:31.363,1.71053,1.71102,1.50,1.00
2017.01.18 08:15:31.414,1.71055,1.71101,1.00,1.00
2017.01.18 08:15:31.566,1.71054,1.71103,1.00,1.50
2017.01.18 08:15:31.717,1.71055,1.71102,1.37,1.00
2017.01.18 08:15:31.818,1.71055,1.71102,1.00,1.12
2017.01.18 08:15:32.363,1.71062,1.71101,1.12,1.00
2017.01.18 08:15:32.414,1.71062,1.71109,1.50,1.12
2017.01.18 08:15:32.520,1.71062,1.71107,1.00,1.00
2017.01.18 08:15:32.890,1.71062,1.71109,1.00,1.12
2017.01.18 08:15:33.815,1.71062,1.71108,1.00,1.37
2017.01.18 08:15:34.220,1.71062,1.71108,1.00,1.37
2017.01.18 08:15:35.865,1.71061,1.71109,1.50,1.00
2017.01.18 08:15:36.458,1.71062,1.71109,1.00,1.00
2017.01.18 08:15:37.296,1.71062,1.71108,1.50,1.00
2017.01.18 08:15:37.616,1.71071,1.71111,1.37,1.00
2017.01.18 08:15:37.919,1.71079,1.71128,1.12,2.25
2017.01.18 08:15:37.976,1.7108,1.71128,1.00,1.87
2017.01.18 08:15:38.053,1.71083,1.71128,1.00,1.12
2017.01.18 08:15:38.724,1.71085,1.71128,1.00,1.00
2017.01.18 08:15:38.926,1.71083,1.71128,1.00,1.00
2017.01.18 08:15:38.977,1.71082,1.71128,1.00,1.87
2017.01.18 08:15:39.028,1.71079,1.71128,1.00,1.87
2017.01.18 08:15:39.129,1.71079,1.7112,1.00,1.37
2017.01.18 08:15:39.230,1.71072,1.71121,1.50,1.12
2017.01.18 08:15:39.476,1.71071,1.71114,1.00,1.00
2017.01.18 08:15:39.527,1.71066,1.71114,1.87,1.00
2017.01.18 08:15:39.729,1.71071,1.71114,1.00,1.37
2017.01.18 08:15:39.779,1.71071,1.71114,1.00,1.00
2017.01.18 08:15:39.830,1.71071,1.71116,1.00,1.00
2017.01.18 08:15:40.133,1.71072,1.71118,1.50,1.00
2017.01.18 08:15:40.693,1.71072,1.7112,1.00,1.37
2017.01.18 08:15:41.488,1.71073,1.71119,1.00,1.00
2017.01.18 08:15:41.539,1.71081,1.71122,1.00,1.00
2017.01.18 08:15:41.590,1.71081,1.71125,1.00,1.00
2017.01.18 08:15:41.691,1.71081,1.71128,1.50,1.87
2017.01.18 08:15:41.792,1.71082,1.71128,1.00,1.87
2017.01.18 08:15:42.308,1.71083,1.71128,1.00,1.37
2017.01.18 08:15:42.444,1.71081,1.71127,1.50,1.37
2017.01.18 08:15:42.495,1.71082,1.71128,1.00,1.87
2017.01.18 08:15:42.560,1.71082,1.71128,1.00,3.37
2017.01.18 08:15:42.763,1.71079,1.71127,1.00,1.37
2017.01.18 08:15:42.864,1.71075,1.71123,1.00,1.00
2017.01.18 08:15:43.432,1.71076,1.71124,1.00,1.12
2017.01.18 08:15:43.689,1.71077,1.71123,1.00,1.37
2017.01.18 08:15:43.790,1.71075,1.71128,1.37,2.25
2017.01.18 08:15:43.841,1.71083,1.71128,1.00,1.00
2017.01.18 08:15:44.144,1.71091,1.71135,1.00,1.87
2017.01.18 08:15:44.346,1.71086,1.71133,1.00,1.12
2017.01.18 08:15:44.936,1.71086,1.71134,1.00,1.37
2017.01.18 08:15:45.188,1.71087,1.71136,1.50,1.87
2017.01.18 08:15:45.340,1.71092,1.71134,1.37,1.00
2017.01.18 08:15:45.441,1.71095,1.71136,1.00,1.00
2017.01.18 08:15:45.582,1.71095,1.71143,1.00,1.12
2017.01.18 08:15:45.633,1.71096,1.71142,1.00,1.75
2017.01.18 08:15:45.686,1.71094,1.71142,1.00,1.75
2017.01.18 08:15:46.073,1.71094,1.71122,1.00,1.00
2017.01.18 08:15:46.124,1.71094,1.71129,1.00,1.00
2017.01.18 08:15:46.175,1.71083,1.71129,1.50,1.00
2017.01.18 08:15:46.225,1.71082,1.71125,1.00,1.00
2017.01.18 08:15:46.276,1.71077,1.71123,1.37,1.00
2017.01.18 08:15:46.327,1.71076,1.71123,1.50,1.00
2017.01.18 08:15:46.378,1.71073,1.7112,1.00,1.37
2017.01.18 08:15:46.580,1.71069,1.71115,1.00,1.12
2017.01.18 08:15:46.631,1.71067,1.71115,1.00,1.12
2017.01.18 08:15:46.731,1.71072,1.71115,1.00,1.50
2017.01.18 08:15:48.496,1.71072,1.71116,1.00,1.12
2017.01.18 08:15:50.568,1.71072,1.71118,1.00,1.37
2017.01.18 08:15:51.344,1.71072,1.71116,1.00,1.87
2017.01.18 08:15:52.476,1.71072,1.71116,1.00,3.37
2017.01.18 08:15:52.527,1.71072,1.71116,1.00,1.00
2017.01.18 08:15:52.683,1.71067,1.71113,1.12,1.00
2017.01.18 08:15:52.734,1.71064,1.71112,1.00,1.37
2017.01.18 08:15:52.885,1.71056,1.71104,1.75,1.00
2017.01.18 08:15:53.419,1.71055,1.71103,1.37,1.00
2017.01.18 08:15:53.625,1.71055,1.71103,1.00,1.37
2017.01.18 08:15:53.913,1.71055,1.71103,1.12,1.00
2017.01.18 08:15:54.947,1.71055,1.71103,1.37,1.50
2017.01.18 08:15:55.099,1.71053,1.71099,1.00,1.37
2017.01.18 08:15:55.813,1.71052,1.71098,1.00,1.00
2017.01.18 08:15:58.608,1.71051,1.71098,1.00,1.12
2017.01.18 08:15:58.914,1.71054,1.711,1.12,1.00
2017.01.18 08:15:59.502,1.71055,1.71103,1.00,1.37
2017.01.18 08:15:59.895,1.71061,1.71105,1.00,1.00
2017.01.18 08:15:59.997,1.71052,1.71098,1.50,1.00
2017.01.18 08:16:00.048,1.71052,1.711,2.25,1.12
2017.01.18 08:16:00.099,1.71052,1.71098,1.50,1.37
2017.01.18 08:16:00.549,1.71053,1.71101,1.00,1.37
2017.01.18 08:16:00.868,1.71055,1.71102,1.00,1.87
2017.01.18 08:16:00.918,1.71053,1.71101,1.00,1.37
2017.01.18 08:16:01.070,1.71055,1.71101,1.00,1.00
2017.01.18 08:16:01.120,1.71057,1.71104,1.00,1.00
2017.01.18 08:16:01.171,1.71058,1.71106,1.00,1.00
2017.01.18 08:16:01.281,1.71058,1.71106,1.00,1.37
2017.01.18 08:16:01.583,1.71051,1.71097,2.25,1.12
2017.01.18 08:16:01.984,1.71053,1.71099,1.00,1.00
2017.01.18 08:16:02.614,1.71052,1.711,1.50,1.50
2017.01.18 08:16:03.415,1.71057,1.711,1.00,1.00
2017.01.18 08:16:03.516,1.71059,1.71105,1.00,1.00
2017.01.18 08:16:03.567,1.71055,1.71103,1.50,1.00
2017.01.18 08:16:03.618,1.71061,1.71103,1.00,1.00
2017.01.18 08:16:03.719,1.71062,1.71107,1.50,1.00
2017.01.18 08:16:03.770,1.71062,1.71107,1.00,2.62
2017.01.18 08:16:03.820,1.71063,1.71107,1.00,1.00
2017.01.18 08:16:03.871,1.71061,1.71099,1.00,1.37
2017.01.18 08:16:03.922,1.71056,1.71101,1.50,2.62
2017.01.18 08:16:04.028,1.71056,1.71099,1.50,1.87
2017.01.18 08:16:04.119,1.71052,1.71098,1.00,1.37
2017.01.18 08:16:04.170,1.71053,1.71099,1.00,1.00
2017.01.18 08:16:04.220,1.71055,1.71101,1.00,1.37
2017.01.18 08:16:04.522,1.71054,1.711,1.00,1.37
2017.01.18 08:16:04.976,1.71052,1.71098,1.00,1.37
2017.01.18 08:16:05.153,1.71052,1.71098,1.50,1.00
2017.01.18 08:16:05.254,1.71052,1.71096,1.00,1.00
2017.01.18 08:16:05.676,1.71053,1.71099,1.00,1.12
2017.01.18 08:16:05.726,1.71052,1.71096,1.00,1.00
2017.01.18 08:16:05.827,1.71052,1.71098,1.00,1.00
2017.01.18 08:16:06.330,1.71053,1.71099,1.00,1.37
2017.01.18 08:16:06.877,1.71052,1.71098,1.50,1.37
2017.01.18 08:16:08.104,1.71052,1.71098,1.50,1.12
2017.01.18 08:16:08.155,1.71052,1.71096,1.00,1.87
2017.01.18 08:16:08.206,1.71047,1.71093,1.50,1.37
2017.01.18 08:16:08.257,1.71047,1.7109,1.50,1.87
2017.01.18 08:16:08.308,1.71041,1.71088,1.50,1.37
2017.01.18 08:16:08.459,1.71038,1.71086,1.12,1.00
2017.01.18 08:16:08.510,1.7104,1.71085,1.00,1.50
2017.01.18 08:16:09.234,1.71039,1.71085,1.00,1.00
2017.01.18 08:16:10.356,1.71039,1.71085,1.37,1.00
2017.01.18 08:16:10.407,1.71047,1.7109,1.00,1.00
2017.01.18 08:16:10.508,1.71048,1.71093,1.12,1.00
2017.01.18 08:16:10.560,1.71052,1.71094,1.12,1.00
2017.01.18 08:16:10.611,1.71052,1.71098,1.00,1.00
2017.01.18 08:16:10.763,1.71053,1.71099,1.37,1.00
2017.01.18 08:16:10.864,1.71052,1.71099,1.00,1.00
2017.01.18 08:16:11.298,1.71054,1.71099,1.00,1.00
2017.01.18 08:16:11.449,1.71052,1.71098,1.87,1.00
2017.01.18 08:16:11.669,1.7105,1.71098,1.00,1.50
2017.01.18 08:16:11.720,1.7105,1.71098,1.00,1.87
2017.01.18 08:16:12.022,1.71055,1.711,1.00,1.00
2017.01.18 08:16:12.073,1.71052,1.711,1.50,1.12
2017.01.18 08:16:12.124,1.71052,1.71098,1.00,1.87
2017.01.18 08:16:12.472,1.71051,1.71096,1.50,1.00
2017.01.18 08:16:13.005,1.71052,1.71097,1.37,1.00
2017.01.18 08:16:13.163,1.71054,1.711,1.00,1.00
2017.01.18 08:16:13.561,1.71054,1.71102,1.00,1.00
2017.01.18 08:16:13.611,1.71056,1.71102,1.00,1.50
2017.01.18 08:16:13.662,1.71054,1.71102,1.00,1.50
2017.01.18 08:16:14.540,1.71055,1.711,1.00,1.00
2017.01.18 08:16:14.854,1.71054,1.71102,1.37,1.00
2017.01.18 08:16:15.565,1.71057,1.71102,1.37,1.00
2017.01.18 08:16:15.666,1.71062,1.71106,1.00,1.00
2017.01.18 08:16:15.750,1.71068,1.71107,1.00,1.00
2017.01.18 08:16:15.851,1.71066,1.71107,1.00,1.00
2017.01.18 08:16:15.953,1.71069,1.71115,1.00,1.00
2017.01.18 08:16:16.150,1.71068,1.71112,1.00,1.87
2017.01.18 08:16:16.201,1.71068,1.71113,1.00,1.37
2017.01.18 08:16:16.252,1.71069,1.71115,1.00,1.12
2017.01.18 08:16:16.354,1.71072,1.71116,1.00,1.37
2017.01.18 08:16:16.455,1.71073,1.71121,1.00,1.37
2017.01.18 08:16:16.759,1.71072,1.71117,1.00,1.37
2017.01.18 08:16:17.162,1.71072,1.71117,1.00,1.00
2017.01.18 08:16:18.181,1.71072,1.71119,1.00,1.37
2017.01.18 08:16:18.718,1.71071,1.71118,1.00,1.12
2017.01.18 08:16:19.121,1.71072,1.71118,1.00,1.87
2017.01.18 08:16:19.172,1.71072,1.71118,1.00,1.00
2017.01.18 08:16:19.223,1.71072,1.71118,1.00,1.37
2017.01.18 08:16:19.718,1.71071,1.71119,1.00,1.87
2017.01.18 08:16:20.279,1.71071,1.71119,1.37,1.50
2017.01.18 08:16:20.380,1.71071,1.71116,1.12,1.00
2017.01.18 08:16:20.621,1.7107,1.71118,1.00,1.50
2017.01.18 08:16:21.221,1.71071,1.71119,1.50,1.12
2017.01.18 08:16:21.613,1.71073,1.71119,1.00,1.12
2017.01.18 08:16:22.139,1.71072,1.71119,1.00,1.12
2017.01.18 08:16:22.521,1.71071,1.71117,1.00,1.00
2017.01.18 08:16:22.944,1.71072,1.71117,1.87,1.00
2017.01.18 08:16:23.165,1.71071,1.71117,1.50,1.00
2017.01.18 08:16:23.716,1.71072,1.71117,1.00,1.00
2017.01.18 08:16:24.875,1.71072,1.71118,1.00,1.00
2017.01.18 08:16:25.306,1.71074,1.71119,1.00,1.00
2017.01.18 08:16:25.457,1.71072,1.71119,1.00,1.00
2017.01.18 08:16:25.508,1.71072,1.71115,1.00,1.00
2017.01.18 08:16:26.150,1.71071,1.71115,1.00,1.00
2017.01.18 08:16:26.683,1.71075,1.7112,1.37,2.25
2017.01.18 08:16:26.784,1.71075,1.7112,1.50,1.00
2017.01.18 08:16:26.835,1.71073,1.71118,1.50,1.12
2017.01.18 08:16:27.137,1.71072,1.71115,1.00,1.00
2017.01.18 08:16:27.492,1.71064,1.71112,2.25,1.00
2017.01.18 08:16:27.946,1.71064,1.71109,1.00,1.00
2017.01.18 08:16:28.409,1.71064,1.71109,1.37,1.00
2017.01.18 08:16:28.460,1.71065,1.71112,1.37,1.00
2017.01.18 08:16:28.561,1.71064,1.7111,1.37,1.00
2017.01.18 08:16:28.763,1.71067,1.71114,1.37,1.87
2017.01.18 08:16:29.277,1.71067,1.71114,1.00,1.87
2017.01.18 08:16:29.930,1.71068,1.71114,1.00,1.12
2017.01.18 08:16:30.042,1.71072,1.71114,1.00,1.12
2017.01.18 08:16:30.549,1.71071,1.71114,1.00,1.87
2017.01.18 08:16:30.650,1.71072,1.71117,1.00,1.37
2017.01.18 08:16:30.852,1.71072,1.71118,1.00,1.12
2017.01.18 08:16:31.003,1.71072,1.71115,1.00,1.00
2017.01.18 08:16:31.517,1.71071,1.71115,1.00,1.87
2017.01.18 08:16:31.618,1.71069,1.71115,1.00,1.12
2017.01.18 08:16:31.669,1.71078,1.71113,1.87,1.00
2017.01.18 08:16:31.820,1.71079,1.71121,2.25,1.00
2017.01.18 08:16:31.871,1.7108,1.71124,1.00,1.37
2017.01.18 08:16:31.972,1.71078,1.71123,1.00,1.00
2017.01.18 08:16:32.023,1.71076,1.71124,1.00,1.00
2017.01.18 08:16:32.751,1.71076,1.71123,1.00,1.00
2017.01.18 08:16:33.233,1.71075,1.71122,1.00,1.37
2017.01.18 08:16:33.335,1.71074,1.71122,1.00,1.50
2017.01.18 08:16:34.223,1.71075,1.7112,1.00,1.00
2017.01.18 08:16:34.865,1.71076,1.71122,1.00,1.50
2017.01.18 08:16:37.494,1.71076,1.71121,1.00,1.00
2017.01.18 08:16:45.037,1.71076,1.71123,1.00,1.00
2017.01.18 08:16:45.557,1.71077,1.71122,1.00,1.00
2017.01.18 08:16:46.084,1.71076,1.71121,1.00,1.00
2017.01.18 08:16:46.236,1.71074,1.71121,1.00,1.00
2017.01.18 08:16:46.404,1.71072,1.71119,1.00,1.00
2017.01.18 08:16:47.543,1.71074,1.71121,1.00,1.50
2017.01.18 08:16:47.979,1.71077,1.71121,1.00,1.00
2017.01.18 08:16:48.030,1.71075,1.71121,1.00,1.00
2017.01.18 08:16:48.531,1.71073,1.71121,1.00,1.00
2017.01.18 08:16:48.632,1.71074,1.71119,1.00,1.00
2017.01.18 08:16:48.935,1.71076,1.71121,1.00,1.50
2017.01.18 08:16:48.986,1.71073,1.7112,1.00,1.00
2017.01.18 08:16:49.291,1.71075,1.7112,1.00,1.00
2017.01.18 08:16:49.364,1.71075,1.71122,1.00,1.00
2017.01.18 08:16:50.299,1.71077,1.71122,1.00,1.00
2017.01.18 08:16:50.939,1.71076,1.71124,1.00,1.00
2017.01.18 08:16:51.191,1.71077,1.71122,1.00,1.00
2017.01.18 08:16:51.242,1.71075,1.71123,1.00,1.00
2017.01.18 08:16:51.759,1.71076,1.71123,1.00,1.00
2017.01.18 08:16:53.355,1.71069,1.71111,1.50,1.12
2017.01.18 08:16:53.658,1.71058,1.71105,1.75,1.00
2017.01.18 08:16:53.872,1.7106,1.71105,1.00,1.00
2017.01.18 08:16:54.433,1.71061,1.71106,1.00,1.00
2017.01.18 08:16:56.118,1.71059,1.71105,1.00,1.37
2017.01.18 08:16:56.168,1.71057,1.71104,1.00,1.12
2017.01.18 08:16:56.219,1.71059,1.71104,1.00,1.00
2017.01.18 08:16:57.047,1.71067,1.71107,1.00,1.00
2017.01.18 08:16:57.148,1.71072,1.71117,1.00,1.50
2017.01.18 08:16:57.354,1.71074,1.71121,1.00,1.00
2017.01.18 08:16:57.820,1.71073,1.71119,1.00,1.00
2017.01.18 08:16:58.484,1.71074,1.71119,1.00,1.00
2017.01.18 08:16:58.870,1.71076,1.71121,1.00,1.00
2017.01.18 08:16:59.249,1.71072,1.71117,1.00,1.00
2017.01.18 08:16:59.300,1.71073,1.7112,1.00,1.00
2017.01.18 08:16:59.817,1.71074,1.71121,1.00,1.00
2017.01.18 08:17:00.424,1.71074,1.71121,1.00,1.37
2017.01.18 08:17:00.963,1.71073,1.7112,1.37,1.00
2017.01.18 08:17:01.530,1.71074,1.7112,1.00,1.00
2017.01.18 08:17:01.631,1.71081,1.7112,1.00,1.00
2017.01.18 08:17:01.682,1.71074,1.7112,1.00,1.00
2017.01.18 08:17:01.760,1.71081,1.7112,1.00,1.00
2017.01.18 08:17:01.836,1.71074,1.7112,1.00,1.00
2017.01.18 08:17:02.124,1.71082,1.71121,1.00,1.12
2017.01.18 08:17:02.226,1.71074,1.71121,1.00,1.12
2017.01.18 08:17:02.327,1.71076,1.71123,1.00,1.37
2017.01.18 08:17:02.631,1.71082,1.71123,1.00,1.37
2017.01.18 08:17:03.347,1.71073,1.7112,1.00,1.12
2017.01.18 08:17:03.408,1.71082,1.7112,1.00,1.12
2017.01.18 08:17:03.912,1.71082,1.71121,1.00,1.00
2017.01.18 08:17:04.427,1.71073,1.71111,1.50,1.00
2017.01.18 08:17:04.692,1.71056,1.71103,1.87,1.00
2017.01.18 08:17:04.743,1.71058,1.711,1.75,1.00
2017.01.18 08:17:04.794,1.71058,1.711,1.00,1.00
2017.01.18 08:17:04.845,1.71058,1.71098,1.00,1.00
2017.01.18 08:17:05.098,1.71051,1.71098,1.87,1.00
2017.01.18 08:17:05.678,1.71053,1.71098,1.00,1.00
2017.01.18 08:17:06.091,1.71053,1.711,1.00,1.00
2017.01.18 08:17:06.613,1.71053,1.71099,1.00,1.00
2017.01.18 08:17:07.020,1.71054,1.71101,1.37,1.00
2017.01.18 08:17:07.416,1.71058,1.71105,1.00,1.87
2017.01.18 08:17:07.466,1.7106,1.71105,1.00,1.00
2017.01.18 08:17:07.784,1.71064,1.71109,1.00,1.00
2017.01.18 08:17:08.086,1.71062,1.71109,1.00,1.12
2017.01.18 08:17:10.430,1.71062,1.71109,1.87,1.00
2017.01.18 08:17:10.531,1.71064,1.71111,1.37,1.00
2017.01.18 08:17:10.733,1.71062,1.71109,1.87,1.00
2017.01.18 08:17:11.433,1.71062,1.71109,1.00,1.12
2017.01.18 08:17:11.505,1.71061,1.71106,1.37,1.00
2017.01.18 08:17:11.817,1.71061,1.71104,1.00,1.00
2017.01.18 08:17:11.925,1.71059,1.71104,1.00,1.00
2017.01.18 08:17:12.507,1.71058,1.71103,1.12,1.00
2017.01.18 08:17:13.441,1.71058,1.71105,1.12,1.00
2017.01.18 08:17:13.497,1.71054,1.71101,1.37,1.12
2017.01.18 08:17:13.815,1.71054,1.71101,1.00,1.37
2017.01.18 08:17:14.104,1.71056,1.71103,1.37,1.00
2017.01.18 08:17:14.700,1.71056,1.71103,1.00,1.00
2017.01.18 08:17:14.751,1.71054,1.71099,1.50,1.00
2017.01.18 08:17:15.299,1.71053,1.71098,1.00,1.00
2017.01.18 08:17:15.521,1.71051,1.71098,1.00,1.00
2017.01.18 08:17:15.723,1.71053,1.71098,1.00,1.00
2017.01.18 08:17:15.777,1.71053,1.71101,1.12,1.50
2017.01.18 08:17:15.878,1.71054,1.71099,1.00,1.00
2017.01.18 08:17:15.929,1.71053,1.71101,1.00,1.00
2017.01.18 08:17:15.980,1.71052,1.71099,1.50,1.00
2017.01.18 08:17:16.293,1.71054,1.711,1.00,1.00
2017.01.18 08:17:16.752,1.71053,1.71098,1.00,1.00
2017.01.18 08:17:17.264,1.71052,1.71098,1.00,1.00
2017.01.18 08:17:18.760,1.71052,1.71097,1.00,1.00
2017.01.18 08:17:19.440,1.7105,1.71097,1.00,1.00
2017.01.18 08:17:19.591,1.71052,1.71096,1.00,1.00
2017.01.18 08:17:20.627,1.71051,1.71094,1.00,1.00
2017.01.18 08:17:21.080,1.71051,1.71092,1.00,1.37
2017.01.18 08:17:21.181,1.71051,1.71093,1.00,1.00
2017.01.18 08:17:21.413,1.71051,1.71096,1.00,1.00
2017.01.18 08:17:22.229,1.71051,1.71097,1.00,1.00
2017.01.18 08:17:22.779,1.71051,1.71098,1.50,1.12
2017.01.18 08:17:23.305,1.71052,1.71098,1.00,1.12
2017.01.18 08:17:23.765,1.71059,1.711,1.12,1.00
2017.01.18 08:17:23.837,1.71062,1.71109,1.00,1.50
2017.01.18 08:17:23.939,1.71064,1.7111,1.00,1.00
2017.01.18 08:17:24.444,1.71062,1.71109,2.25,1.00
2017.01.18 08:17:25.236,1.71063,1.7111,1.12,1.00
2017.01.18 08:17:25.464,1.71063,1.71111,1.37,1.00
2017.01.18 08:17:25.767,1.71068,1.71113,1.00,1.37
2017.01.18 08:17:26.641,1.71068,1.71113,1.00,1.00
2017.01.18 08:17:27.204,1.71068,1.71114,1.00,1.00
2017.01.18 08:17:27.407,1.71066,1.71113,1.00,1.12
2017.01.18 08:17:27.458,1.71071,1.71114,1.00,1.00
2017.01.18 08:17:27.760,1.71074,1.71121,1.00,1.87
2017.01.18 08:17:27.861,1.71072,1.71119,1.00,1.00
2017.01.18 08:17:28.216,1.71074,1.71119,1.00,1.00
2017.01.18 08:17:28.367,1.71072,1.71119,1.00,1.12
2017.01.18 08:17:28.418,1.71072,1.71119,1.00,1.37
2017.01.18 08:17:28.890,1.71072,1.71119,1.00,1.00
2017.01.18 08:17:29.491,1.71072,1.71119,1.37,1.00
2017.01.18 08:17:30.044,1.71072,1.71119,1.00,1.00
2017.01.18 08:17:30.628,1.71072,1.71117,1.00,1.00
2017.01.18 08:17:31.143,1.71071,1.71116,1.00,1.00
2017.01.18 08:17:31.345,1.71068,1.71115,1.00,1.00
2017.01.18 08:17:31.926,1.71068,1.71113,1.00,1.00
2017.01.18 08:17:32.235,1.71066,1.71111,1.12,1.00
2017.01.18 08:17:32.684,1.71066,1.71109,1.12,1.00
2017.01.18 08:17:33.048,1.71066,1.71112,1.12,1.00
2017.01.18 08:17:33.561,1.71067,1.71112,1.00,1.00
2017.01.18 08:17:33.612,1.71067,1.71114,1.00,1.00
2017.01.18 08:17:33.713,1.71071,1.71116,1.00,1.00
2017.01.18 08:17:33.763,1.71071,1.71118,1.50,1.00
2017.01.18 08:17:34.309,1.71072,1.71117,1.00,1.00
2017.01.18 08:17:35.757,1.71071,1.71116,1.50,1.00
2017.01.18 08:17:36.131,1.71066,1.71111,2.62,1.12
2017.01.18 08:17:36.282,1.71064,1.71111,1.50,1.12
2017.01.18 08:17:36.587,1.71066,1.71111,1.00,1.00
2017.01.18 08:17:36.739,1.71066,1.71113,1.12,1.00
2017.01.18 08:17:36.840,1.71068,1.71113,1.12,1.00
2017.01.18 08:17:36.890,1.71069,1.71116,1.00,1.00
2017.01.18 08:17:37.415,1.7107,1.71115,1.00,1.00
2017.01.18 08:17:38.372,1.71068,1.71114,1.12,1.00
2017.01.18 08:17:38.423,1.71068,1.71112,1.12,1.00
2017.01.18 08:17:38.614,1.71068,1.71115,1.37,1.00
2017.01.18 08:17:38.665,1.71068,1.71115,1.00,1.00
2017.01.18 08:17:38.923,1.7107,1.71115,1.37,1.00
2017.01.18 08:17:39.213,1.71074,1.71119,1.12,1.00
2017.01.18 08:17:39.264,1.71074,1.71121,1.37,1.00
2017.01.18 08:17:39.526,1.71074,1.71122,1.87,1.00
2017.01.18 08:17:40.035,1.71076,1.71121,1.37,1.00
2017.01.18 08:17:41.837,1.71081,1.71121,1.00,1.00
2017.01.18 08:17:42.034,1.71075,1.7112,1.00,1.00
2017.01.18 08:17:42.085,1.71074,1.71119,1.37,1.00
2017.01.18 08:17:42.287,1.71074,1.71119,1.37,1.00
2017.01.18 08:17:42.554,1.71075,1.7112,1.37,1.00
2017.01.18 08:17:42.883,1.71076,1.71123,1.37,1.00
2017.01.18 08:17:42.934,1.71081,1.71123,1.00,1.00
2017.01.18 08:17:42.984,1.71076,1.71123,1.37,1.00
2017.01.18 08:17:43.187,1.71076,1.71123,1.00,1.12
2017.01.18 08:17:43.237,1.71075,1.7112,1.37,1.00
2017.01.18 08:17:43.489,1.71075,1.71122,1.37,1.00
2017.01.18 08:17:44.028,1.71082,1.71122,1.00,1.00
2017.01.18 08:17:45.058,1.71075,1.71122,1.37,1.00
2017.01.18 08:17:45.109,1.71074,1.71121,1.37,1.37
2017.01.18 08:17:45.211,1.71081,1.71122,1.00,1.37
2017.01.18 08:17:46.661,1.71073,1.71118,1.37,1.00
2017.01.18 08:17:46.712,1.71073,1.71119,1.00,1.12
2017.01.18 08:17:46.861,1.71071,1.71115,1.00,1.00
2017.01.18 08:17:47.063,1.71068,1.71115,1.37,1.00
2017.01.18 08:17:47.113,1.71072,1.71115,1.00,1.00
2017.01.18 08:17:47.696,1.71072,1.71115,1.00,1.37
2017.01.18 08:17:47.847,1.71066,1.71113,1.87,1.37
2017.01.18 08:17:47.948,1.71067,1.71114,1.00,2.62
2017.01.18 08:17:48.129,1.71066,1.71111,1.87,1.00
2017.01.18 08:17:48.230,1.71071,1.71111,1.00,1.00
2017.01.18 08:17:48.494,1.71071,1.71114,1.00,1.00
2017.01.18 08:17:48.545,1.71071,1.71116,1.00,1.12
2017.01.18 08:17:49.443,1.71073,1.71119,1.37,1.00
2017.01.18 08:17:49.746,1.71082,1.71121,1.00,1.00
2017.01.18 08:17:50.039,1.71081,1.71126,1.50,1.50
2017.01.18 08:17:50.190,1.71079,1.71126,1.00,1.50
2017.01.18 08:17:50.241,1.71082,1.71124,1.00,1.12
2017.01.18 08:17:50.546,1.71077,1.71122,1.50,1.00
2017.01.18 08:17:50.597,1.71077,1.71122,1.87,1.00
2017.01.18 08:17:50.758,1.71078,1.71124,1.00,1.12
2017.01.18 08:17:50.889,1.71081,1.71124,1.00,1.12
2017.01.18 08:17:50.940,1.71077,1.71123,1.00,1.00
2017.01.18 08:17:50.991,1.71077,1.71121,1.00,1.00
2017.01.18 08:17:51.344,1.71085,1.71127,1.00,1.50
2017.01.18 08:17:51.445,1.71083,1.71127,1.00,1.37
2017.01.18 08:17:51.496,1.71088,1.71125,1.00,1.37
2017.01.18 08:17:51.546,1.71079,1.71124,1.00,1.00
2017.01.18 08:17:51.597,1.71079,1.71122,1.00,1.00
2017.01.18 08:17:52.140,1.71079,1.71123,1.37,1.00
2017.01.18 08:17:52.446,1.71079,1.71123,1.00,1.00
2017.01.18 08:17:52.691,1.71088,1.71128,1.37,1.75
2017.01.18 08:17:52.797,1.71086,1.71123,1.00,1.00
2017.01.18 08:17:52.898,1.71081,1.71125,1.00,1.37
2017.01.18 08:17:52.949,1.71077,1.71121,1.12,1.00
2017.01.18 08:17:53.001,1.71078,1.71123,1.00,1.00
2017.01.18 08:17:53.292,1.71084,1.71128,1.37,1.75
2017.01.18 08:17:53.445,1.71081,1.71125,2.25,1.37
2017.01.18 08:17:53.547,1.71079,1.71124,1.00,1.12
2017.01.18 08:17:53.648,1.71077,1.71122,1.00,1.00
2017.01.18 08:17:54.029,1.7109,1.71137,1.37,1.75
2017.01.18 08:17:54.081,1.71079,1.71124,1.50,1.00
2017.01.18 08:17:54.182,1.71077,1.71121,1.50,1.00
2017.01.18 08:17:54.233,1.71077,1.71123,1.00,1.00
2017.01.18 08:17:54.334,1.71086,1.71128,1.37,1.75
2017.01.18 08:17:54.536,1.71082,1.71125,1.00,1.50
2017.01.18 08:17:54.587,1.71078,1.71122,1.00,1.00
2017.01.18 08:17:54.688,1.71077,1.7112,1.00,1.00
2017.01.18 08:17:54.739,1.71078,1.71123,1.00,1.00
2017.01.18 08:17:54.840,1.71086,1.71127,1.37,1.37
2017.01.18 08:17:54.891,1.71086,1.71132,1.37,1.00
2017.01.18 08:17:54.942,1.71092,1.71129,1.00,1.00
2017.01.18 08:17:54.992,1.71086,1.71126,1.00,1.37
2017.01.18 08:17:55.094,1.71081,1.71124,1.00,1.37
2017.01.18 08:17:55.711,1.71082,1.71122,1.00,1.00
2017.01.18 08:17:55.786,1.71078,1.71122,1.00,1.00
2017.01.18 08:17:59.735,1.71078,1.71121,1.00,1.00
2017.01.18 08:18:00.014,1.71082,1.71122,1.00,1.00
2017.01.18 08:18:00.810,1.71081,1.71122,1.00,1.00
2017.01.18 08:18:01.377,1.71081,1.71121,1.00,1.00
2017.01.18 08:18:01.680,1.71081,1.71117,1.00,1.00
2017.01.18 08:18:01.956,1.71072,1.71116,2.62,1.00
2017.01.18 08:18:02.007,1.71073,1.7112,1.00,1.00
2017.01.18 08:18:02.412,1.71073,1.7112,1.37,1.00
2017.01.18 08:18:03.056,1.71073,1.7112,1.37,1.00
2017.01.18 08:18:04.921,1.71082,1.7112,1.00,1.00
2017.01.18 08:18:05.681,1.71082,1.71118,1.00,1.00
2017.01.18 08:18:05.915,1.71082,1.71121,1.00,1.00
2017.01.18 08:18:06.481,1.71082,1.71122,1.00,1.00
2017.01.18 08:18:09.725,1.71082,1.71121,1.00,1.00
2017.01.18 08:18:10.123,1.71082,1.71123,1.00,1.00
2017.01.18 08:18:10.707,1.71082,1.71122,1.00,1.00
2017.01.18 08:18:13.308,1.71082,1.71123,1.00,1.00
2017.01.18 08:18:14.291,1.71082,1.71126,1.37,1.00
2017.01.18 08:18:14.467,1.71081,1.71123,1.50,1.00
2017.01.18 08:18:14.719,1.71072,1.71115,1.00,1.00
2017.01.18 08:18:15.240,1.71071,1.71116,1.00,1.00
2017.01.18 08:18:15.341,1.71081,1.71116,1.00,1.00
2017.01.18 08:18:15.442,1.71072,1.71116,1.37,1.00
2017.01.18 08:18:15.493,1.71073,1.7112,1.00,1.87
2017.01.18 08:18:15.544,1.71071,1.71116,1.00,1.00
2017.01.18 08:18:16.065,1.71071,1.71117,1.87,1.00
2017.01.18 08:18:16.408,1.71077,1.7112,1.00,1.12
2017.01.18 08:18:16.661,1.71074,1.7112,1.00,1.12
2017.01.18 08:18:16.850,1.71076,1.7112,1.00,1.87
2017.01.18 08:18:17.193,1.71081,1.7112,1.00,1.12
2017.01.18 08:18:17.587,1.71076,1.7112,1.00,1.00
2017.01.18 08:18:17.864,1.71081,1.7112,1.00,1.00
2017.01.18 08:18:18.097,1.71076,1.7112,1.00,1.00
2017.01.18 08:18:18.522,1.71077,1.71122,1.00,1.00
2017.01.18 08:18:19.062,1.71077,1.71121,1.00,1.00
2017.01.18 08:18:20.130,1.71075,1.71121,1.00,1.12
2017.01.18 08:18:20.472,1.71075,1.71119,1.12,1.00
2017.01.18 08:18:20.806,1.71073,1.7112,2.62,1.00
2017.01.18 08:18:21.186,1.71073,1.71118,2.62,1.00
2017.01.18 08:18:22.079,1.71073,1.71119,2.62,1.00
2017.01.18 08:18:22.180,1.71076,1.71121,1.37,1.00
2017.01.18 08:18:22.231,1.71076,1.71119,1.00,1.00
2017.01.18 08:18:22.584,1.71071,1.71114,1.37,1.00
2017.01.18 08:18:22.685,1.71071,1.71114,1.37,1.00
2017.01.18 08:18:22.736,1.71071,1.71111,1.00,1.00
2017.01.18 08:18:22.911,1.71071,1.71115,1.37,1.00
2017.01.18 08:18:23.012,1.71072,1.71116,1.37,1.00
2017.01.18 08:18:23.063,1.71073,1.71119,1.37,1.00
2017.01.18 08:18:23.114,1.71076,1.71119,1.87,1.00
2017.01.18 08:18:23.164,1.71076,1.71121,2.62,1.00
2017.01.18 08:18:23.710,1.71082,1.71122,1.00,1.00
2017.01.18 08:18:25.616,1.71082,1.71123,1.00,1.00
2017.01.18 08:18:26.328,1.71077,1.71121,1.00,1.00
2017.01.18 08:18:26.496,1.71081,1.71121,1.00,1.00
2017.01.18 08:18:32.016,1.71076,1.7112,1.50,1.37
2017.01.18 08:18:32.208,1.71073,1.7112,1.37,1.37
2017.01.18 08:18:32.749,1.71073,1.71119,1.00,1.00
2017.01.18 08:18:33.943,1.71071,1.71117,1.50,1.00
2017.01.18 08:18:34.603,1.71071,1.71117,1.50,1.37
2017.01.18 08:18:35.062,1.71073,1.7112,1.00,1.87
2017.01.18 08:18:35.600,1.71072,1.71117,1.00,1.37
2017.01.18 08:18:35.702,1.71075,1.71119,1.00,1.37
2017.01.18 08:18:36.004,1.71077,1.71122,1.00,1.37
2017.01.18 08:18:36.858,1.71077,1.71122,1.00,1.37
2017.01.18 08:18:37.570,1.71077,1.71122,1.00,1.12
2017.01.18 08:18:37.620,1.71079,1.71123,1.00,1.37
2017.01.18 08:18:37.671,1.71081,1.71127,1.00,1.50
2017.01.18 08:18:37.772,1.71086,1.71129,1.00,1.00
2017.01.18 08:18:37.945,1.7109,1.71136,1.00,1.87
2017.01.18 08:18:37.995,1.71089,1.71133,1.00,1.00
2017.01.18 08:18:38.096,1.71093,1.71139,1.00,1.50
2017.01.18 08:18:38.256,1.71094,1.7114,1.00,1.00
2017.01.18 08:18:38.306,1.71096,1.71141,1.00,1.00
2017.01.18 08:18:38.617,1.71098,1.71142,1.00,1.37
2017.01.18 08:18:39.154,1.71098,1.71142,1.00,1.00
2017.01.18 08:18:39.305,1.71096,1.71141,1.00,1.00
2017.01.18 08:18:39.486,1.71093,1.71136,1.00,1.00
2017.01.18 08:18:39.831,1.71095,1.71141,1.00,1.00
2017.01.18 08:18:39.882,1.71097,1.71143,1.00,1.00
2017.01.18 08:18:40.430,1.71096,1.71142,1.00,1.00
2017.01.18 08:18:40.733,1.71098,1.71144,1.00,1.37
2017.01.18 08:18:41.063,1.71096,1.7114,1.00,1.12
2017.01.18 08:18:41.366,1.71092,1.71136,1.12,1.37
2017.01.18 08:18:41.876,1.71092,1.71134,1.00,1.37
2017.01.18 08:18:42.229,1.71092,1.71133,1.00,1.87
2017.01.18 08:18:42.447,1.71092,1.71132,1.00,1.37
2017.01.18 08:18:42.498,1.71088,1.71132,1.00,1.37
2017.01.18 08:18:44.702,1.71088,1.71132,1.00,1.87
2017.01.18 08:18:44.753,1.71083,1.71127,1.00,1.37
2017.01.18 08:18:44.804,1.71083,1.71122,1.00,1.00
2017.01.18 08:18:45.318,1.71081,1.71121,1.00,1.00
2017.01.18 08:18:45.586,1.71081,1.71125,1.00,1.00
2017.01.18 08:18:46.180,1.71082,1.71126,1.00,1.00
2017.01.18 08:18:50.921,1.7108,1.71126,1.00,2.62
2017.01.18 08:18:51.123,1.71077,1.71123,1.00,1.37
2017.01.18 08:18:51.830,1.71076,1.71122,1.00,1.37
2017.01.18 08:18:52.114,1.71078,1.71121,1.00,1.12
2017.01.18 08:18:53.667,1.71076,1.71122,1.00,1.37
2017.01.18 08:18:54.810,1.71078,1.71121,1.00,1.12
2017.01.18 08:18:54.911,1.71081,1.71126,1.00,1.00
2017.01.18 08:18:55.365,1.71079,1.71125,1.00,1.00
2017.01.18 08:18:55.416,1.71079,1.71123,1.00,1.00
2017.01.18 08:18:55.708,1.71079,1.71125,1.00,1.00
2017.01.18 08:18:55.759,1.71079,1.71123,1.00,1.00
2017.01.18 08:18:55.862,1.71079,1.71125,1.00,1.00
2017.01.18 08:18:56.417,1.71081,1.71125,1.00,1.00
2017.01.18 08:18:56.957,1.71084,1.7113,1.50,1.00
2017.01.18 08:18:57.008,1.71091,1.71131,1.00,1.00
2017.01.18 08:18:57.058,1.71089,1.71131,1.00,1.37
2017.01.18 08:18:57.109,1.71087,1.71131,1.50,1.37
2017.01.18 08:18:57.161,1.71092,1.71136,1.00,1.87
2017.01.18 08:18:57.615,1.71088,1.71132,1.00,1.37
2017.01.18 08:18:57.665,1.71091,1.71134,1.00,1.75
2017.01.18 08:18:57.817,1.71088,1.71134,1.00,2.25
2017.01.18 08:18:58.214,1.71088,1.71133,1.00,1.12
2017.01.18 08:18:58.324,1.7109,1.71134,1.00,1.87
2017.01.18 08:18:59.157,1.71091,1.71135,1.00,1.37
2017.01.18 08:18:59.258,1.71091,1.71137,1.00,1.87
2017.01.18 08:18:59.309,1.71093,1.71137,1.00,1.37
2017.01.18 08:19:00.041,1.71093,1.71137,1.00,1.37
2017.01.18 08:19:00.588,1.71093,1.71137,1.00,2.62
2017.01.18 08:19:00.638,1.71091,1.71137,1.50,1.87
2017.01.18 08:19:01.102,1.71088,1.71134,1.00,2.62
2017.01.18 08:19:01.405,1.7109,1.71133,1.00,1.50
2017.01.18 08:19:01.911,1.71089,1.71133,1.00,2.25
2017.01.18 08:19:02.456,1.7109,1.71133,1.00,1.50
2017.01.18 08:19:02.772,1.71092,1.71133,1.00,1.50
2017.01.18 08:19:03.756,1.71092,1.71133,1.00,1.50
2017.01.18 08:19:06.609,1.71092,1.71133,1.00,1.12
2017.01.18 08:19:06.760,1.71092,1.71136,1.00,1.12
2017.01.18 08:19:07.428,1.71092,1.71135,1.00,1.00
2017.01.18 08:19:08.038,1.71092,1.71136,1.00,1.00
2017.01.18 08:19:08.629,1.71103,1.71138,1.00,1.00
2017.01.18 08:19:08.679,1.71101,1.71144,1.00,1.12
2017.01.18 08:19:08.932,1.71102,1.71146,1.00,1.87
2017.01.18 08:19:08.983,1.71102,1.71146,1.00,1.87
2017.01.18 08:19:09.084,1.71102,1.71145,1.50,1.37
2017.01.18 08:19:09.705,1.71102,1.71145,1.50,1.00
2017.01.18 08:19:10.213,1.71102,1.71146,1.50,1.00
2017.01.18 08:19:13.113,1.71102,1.71146,1.50,1.37
2017.01.18 08:19:13.685,1.71102,1.71146,1.00,1.37
2017.01.18 08:19:13.735,1.71097,1.71138,1.00,2.62
2017.01.18 08:19:13.786,1.71097,1.7114,1.00,1.87
2017.01.18 08:19:13.837,1.71096,1.71138,1.00,1.87
2017.01.18 08:19:13.887,1.71096,1.71139,1.00,1.37
2017.01.18 08:19:14.039,1.71094,1.71138,1.12,1.37
2017.01.18 08:19:14.140,1.71094,1.71139,1.12,1.00
2017.01.18 08:19:14.686,1.71095,1.7114,1.00,1.37
2017.01.18 08:19:14.991,1.71095,1.71138,1.00,1.37
2017.01.18 08:19:15.880,1.71095,1.71138,1.00,1.12
2017.01.18 08:19:16.458,1.71094,1.71138,1.00,1.12
2017.01.18 08:19:17.030,1.71098,1.7114,1.00,1.00
2017.01.18 08:19:17.081,1.71096,1.71141,1.00,1.12
2017.01.18 08:19:17.132,1.71101,1.71141,1.00,1.00
2017.01.18 08:19:17.232,1.71101,1.71144,1.50,1.00
2017.01.18 08:19:17.334,1.71104,1.71148,1.00,1.00
2017.01.18 08:19:17.435,1.71106,1.7115,1.00,1.12
2017.01.18 08:19:17.846,1.71104,1.7115,1.00,1.00
2017.01.18 08:19:17.917,1.71104,1.7115,1.00,1.37
2017.01.18 08:19:18.496,1.71103,1.71149,1.00,1.37
2017.01.18 08:19:19.260,1.71103,1.71149,1.50,1.00
2017.01.18 08:19:19.587,1.71106,1.71152,1.00,1.00
2017.01.18 08:19:20.161,1.71105,1.71148,1.00,1.00
2017.01.18 08:19:20.465,1.71116,1.71162,1.00,1.12
2017.01.18 08:19:20.515,1.71116,1.71159,1.00,1.00
2017.01.18 08:19:20.818,1.71112,1.71153,1.50,1.00
2017.01.18 08:19:21.070,1.71112,1.71156,1.50,1.12
2017.01.18 08:19:21.574,1.7111,1.71156,1.50,1.37
2017.01.18 08:19:21.775,1.71111,1.71151,1.00,1.00
2017.01.18 08:19:21.942,1.71105,1.7115,1.00,1.00
2017.01.18 08:19:21.993,1.71104,1.71147,1.00,1.00
2017.01.18 08:19:22.094,1.71104,1.71149,1.00,1.00
2017.01.18 08:19:22.438,1.71112,1.71151,1.00,1.00
2017.01.18 08:19:22.488,1.71114,1.71158,1.00,1.00
2017.01.18 08:19:22.590,1.71116,1.71161,1.00,1.37
2017.01.18 08:19:22.691,1.71118,1.71162,1.00,1.00
2017.01.18 08:19:22.742,1.71117,1.7116,1.00,1.00
2017.01.18 08:19:23.328,1.71116,1.7116,1.00,1.00
2017.01.18 08:19:23.764,1.71123,1.71167,1.00,1.00
2017.01.18 08:19:24.067,1.71114,1.71153,1.00,1.12
2017.01.18 08:19:24.168,1.71113,1.71155,1.00,1.00
2017.01.18 08:19:24.219,1.71112,1.71157,1.50,1.00
2017.01.18 08:19:24.370,1.71114,1.71159,1.00,1.00
2017.01.18 08:19:24.804,1.71113,1.71156,1.87,1.00
2017.01.18 08:19:25.117,1.7111,1.71154,1.00,1.12
2017.01.18 08:19:25.343,1.71112,1.71156,1.00,1.37
2017.01.18 08:19:25.445,1.71112,1.71157,1.87,1.00
2017.01.18 08:19:25.959,1.71114,1.71157,1.00,1.00
2017.01.18 08:19:26.493,1.71113,1.71157,1.12,1.00
2017.01.18 08:19:27.416,1.71113,1.71158,1.12,1.12
2017.01.18 08:19:27.761,1.71112,1.71156,1.00,1.00
2017.01.18 08:19:28.561,1.71112,1.71155,1.00,1.00
2017.01.18 08:19:28.939,1.71112,1.71155,1.50,1.37
2017.01.18 08:19:29.254,1.7111,1.71154,1.00,1.37
2017.01.18 08:19:29.767,1.71111,1.71153,1.00,1.37
2017.01.18 08:19:30.537,1.71111,1.71152,1.00,1.00
2017.01.18 08:19:30.833,1.71107,1.7115,1.00,1.00
2017.01.18 08:19:31.411,1.71107,1.71151,1.00,1.00
2017.01.18 08:19:31.512,1.71107,1.71153,1.00,1.00
2017.01.18 08:19:31.563,1.71109,1.71154,1.00,1.00
2017.01.18 08:19:31.866,1.71112,1.71156,1.00,1.37
2017.01.18 08:19:31.967,1.71112,1.71157,1.00,1.37
2017.01.18 08:19:32.213,1.71113,1.71156,1.00,1.37
2017.01.18 08:19:32.263,1.71111,1.71157,1.00,1.37
2017.01.18 08:19:32.664,1.71113,1.71157,1.00,1.37
2017.01.18 08:19:33.467,1.71112,1.71156,1.00,1.37
2017.01.18 08:19:34.194,1.71113,1.71157,1.00,1.37
2017.01.18 08:19:34.245,1.71113,1.71157,1.00,1.37
2017.01.18 08:19:34.612,1.71113,1.71158,1.00,1.00
2017.01.18 08:19:34.764,1.71115,1.7116,1.00,1.50
2017.01.18 08:19:35.082,1.71117,1.7116,1.00,1.50
2017.01.18 08:19:36.190,1.71115,1.71161,1.00,2.62
2017.01.18 08:19:36.444,1.71115,1.71161,1.00,1.00
2017.01.18 08:19:37.712,1.71118,1.71162,1.00,1.12
2017.01.18 08:19:38.273,1.71118,1.71162,1.00,1.37
2017.01.18 08:19:38.324,1.71116,1.71162,1.00,1.12
2017.01.18 08:19:38.375,1.71115,1.7116,1.00,1.00
2017.01.18 08:19:38.426,1.71116,1.71162,1.00,1.12
2017.01.18 08:19:38.794,1.71116,1.71162,1.00,1.37
2017.01.18 08:19:39.029,1.71097,1.71143,1.50,1.12
2017.01.18 08:19:39.131,1.71098,1.71141,1.00,1.00
2017.01.18 08:19:39.232,1.71096,1.71141,1.50,1.00
2017.01.18 08:19:39.902,1.71098,1.71142,1.00,1.00
2017.01.18 08:19:40.841,1.711,1.71143,1.12,1.00
2017.01.18 08:19:40.892,1.711,1.71145,1.12,1.00
2017.01.18 08:19:40.993,1.71104,1.71147,1.37,1.00
2017.01.18 08:19:41.044,1.71106,1.71149,1.00,1.00
2017.01.18 08:19:41.095,1.71108,1.71153,1.00,1.50
2017.01.18 08:19:41.146,1.71107,1.7115,1.00,1.00
2017.01.18 08:19:41.348,1.71105,1.7115,1.00,1.00
2017.01.18 08:19:42.058,1.71105,1.71149,1.00,1.00
2017.01.18 08:19:42.627,1.71105,1.7115,1.00,1.00
2017.01.18 08:19:43.473,1.71107,1.7115,1.00,1.00
2017.01.18 08:19:44.300,1.71107,1.7115,1.00,1.37
2017.01.18 08:19:44.616,1.71104,1.71149,1.00,1.37
2017.01.18 08:19:44.677,1.71111,1.71153,1.00,1.00
2017.01.18 08:19:44.983,1.71114,1.71157,1.00,1.87
2017.01.18 08:19:45.033,1.71114,1.71157,1.00,1.12
2017.01.18 08:19:45.563,1.71114,1.71158,1.00,1.50
2017.01.18 08:19:45.613,1.7112,1.71158,1.12,1.00
2017.01.18 08:19:45.942,1.71111,1.71155,1.50,1.37
2017.01.18 08:19:46.143,1.7111,1.71154,1.00,1.87
2017.01.18 08:19:46.194,1.7111,1.71154,1.00,1.37
2017.01.18 08:19:46.345,1.7111,1.71154,1.00,1.87
2017.01.18 08:19:47.479,1.71107,1.71153,1.00,1.00
2017.01.18 08:19:48.031,1.71107,1.71153,1.00,1.37
2017.01.18 08:19:49.259,1.71107,1.71153,1.00,1.37
2017.01.18 08:19:49.414,1.71107,1.71153,1.00,1.37
2017.01.18 08:19:50.912,1.71106,1.71152,1.00,1.37
2017.01.18 08:19:51.823,1.71113,1.71151,1.00,1.00
2017.01.18 08:19:51.981,1.71112,1.71157,1.00,1.00
2017.01.18 08:19:52.132,1.71109,1.71155,1.00,1.00
2017.01.18 08:19:52.233,1.71113,1.71155,1.00,1.00
2017.01.18 08:19:52.501,1.71116,1.7116,1.00,1.50
2017.01.18 08:19:52.803,1.71114,1.7116,1.00,1.87
2017.01.18 08:19:52.854,1.71115,1.71158,1.00,1.37
2017.01.18 08:19:53.368,1.71116,1.71157,1.00,1.50
2017.01.18 08:19:53.419,1.71116,1.71157,1.00,1.12
2017.01.18 08:19:53.765,1.71119,1.71157,1.00,1.12
2017.01.18 08:19:54.090,1.71116,1.71157,1.00,1.12
2017.01.18 08:19:54.192,1.71113,1.71157,1.00,1.12
2017.01.18 08:19:55.336,1.71116,1.71157,1.00,1.12
2017.01.18 08:19:55.639,1.71113,1.71157,1.00,1.12
2017.01.18 08:19:55.820,1.71114,1.71157,1.00,1.50
2017.01.18 08:19:56.140,1.71114,1.71157,1.00,1.12
2017.01.18 08:19:56.870,1.71113,1.71157,1.00,1.50
2017.01.18 08:19:57.180,1.71111,1.71157,1.00,2.25
2017.01.18 08:19:57.995,1.71111,1.71157,1.00,1.87
2017.01.18 08:19:58.240,1.71111,1.71157,1.00,2.25
2017.01.18 08:20:00.294,1.71111,1.71157,1.00,1.87
2017.01.18 08:20:00.345,1.71117,1.71157,1.00,1.12
2017.01.18 08:20:00.497,1.71125,1.71169,1.00,1.12
2017.01.18 08:20:00.730,1.71119,1.71159,1.00,1.00
2017.01.18 08:20:00.781,1.71113,1.71158,1.00,1.00
2017.01.18 08:20:00.983,1.71113,1.71156,1.00,1.00
2017.01.18 08:20:01.085,1.71119,1.71163,1.12,1.50
2017.01.18 08:20:01.137,1.71123,1.71163,1.37,1.00
2017.01.18 08:20:01.188,1.71126,1.71169,1.00,1.12
2017.01.18 08:20:01.287,1.71121,1.71165,1.00,1.00
2017.01.18 08:20:01.389,1.71119,1.71162,1.00,1.00
2017.01.18 08:20:01.490,1.71117,1.71162,1.00,1.00
2017.01.18 08:20:01.762,1.7112,1.71162,1.12,1.00
2017.01.18 08:20:01.813,1.71122,1.71165,1.00,1.00
2017.01.18 08:20:02.318,1.7112,1.71163,1.00,1.00
2017.01.18 08:20:02.887,1.71117,1.71161,1.37,1.00
2017.01.18 08:20:03.426,1.71117,1.71161,1.12,1.00
2017.01.18 08:20:03.627,1.71118,1.71163,1.00,1.00
2017.01.18 08:20:03.678,1.71121,1.71165,1.00,1.00
2017.01.18 08:20:03.829,1.71123,1.71168,1.00,1.12
2017.01.18 08:20:04.361,1.71123,1.71167,1.00,1.00
2017.01.18 08:20:04.629,1.7112,1.71163,1.00,1.00
2017.01.18 08:20:05.081,1.71125,1.71167,1.00,1.00
2017.01.18 08:20:05.392,1.71134,1.71176,1.00,1.00
2017.01.18 08:20:06.260,1.71133,1.71176,1.00,1.00
2017.01.18 08:20:06.787,1.71132,1.71176,1.00,1.00
2017.01.18 08:20:08.099,1.71133,1.71176,1.00,1.00
2017.01.18 08:20:08.673,1.71131,1.71176,1.00,1.00
2017.01.18 08:20:09.280,1.71132,1.71175,1.00,1.00
2017.01.18 08:20:10.128,1.71133,1.71176,1.00,1.50
2017.01.18 08:20:10.229,1.71131,1.71176,1.00,1.00
2017.01.18 08:20:10.363,1.71133,1.71176,1.00,1.00
2017.01.18 08:20:10.713,1.7113,1.71176,1.00,1.50
2017.01.18 08:20:11.360,1.71133,1.71179,1.37,1.50
2017.01.18 08:20:11.411,1.71135,1.7118,1.37,1.50
2017.01.18 08:20:11.616,1.71135,1.71181,1.00,1.37
2017.01.18 08:20:11.667,1.71132,1.71177,1.00,1.00
2017.01.18 08:20:12.112,1.71131,1.71176,1.37,1.00
2017.01.18 08:20:12.364,1.71138,1.71183,1.50,1.37
2017.01.18 08:20:12.465,1.71138,1.71181,1.00,1.37
2017.01.18 08:20:12.516,1.71133,1.71178,1.37,1.00
2017.01.18 08:20:12.670,1.71144,1.71178,1.00,1.37
2017.01.18 08:20:12.720,1.71142,1.71178,1.00,1.00
2017.01.18 08:20:12.771,1.71142,1.71179,1.00,1.37
2017.01.18 08:20:12.970,1.71146,1.71186,1.00,1.87
2017.01.18 08:20:13.253,1.71149,1.71186,1.00,1.37
2017.01.18 08:20:13.354,1.71149,1.71186,1.00,1.37
2017.01.18 08:20:13.405,1.7115,1.71186,1.00,1.37
2017.01.18 08:20:13.607,1.71146,1.71186,1.00,1.87
2017.01.18 08:20:13.658,1.71146,1.71185,1.00,1.87
2017.01.18 08:20:13.712,1.71146,1.71186,1.00,1.87
2017.01.18 08:20:13.813,1.71148,1.71186,1.00,1.87
2017.01.18 08:20:14.133,1.71151,1.71186,1.00,1.00
2017.01.18 08:20:14.460,1.71144,1.71184,1.00,2.62
2017.01.18 08:20:14.562,1.71145,1.71181,1.00,1.00
2017.01.18 08:20:14.613,1.71144,1.71181,1.00,1.37
2017.01.18 08:20:14.764,1.71144,1.71181,1.00,1.00
2017.01.18 08:20:15.397,1.71145,1.71181,1.00,1.00
2017.01.18 08:20:15.915,1.71145,1.71181,1.00,1.37
2017.01.18 08:20:16.289,1.71141,1.71176,1.00,1.87
2017.01.18 08:20:16.340,1.71134,1.71172,1.00,1.87
2017.01.18 08:20:16.391,1.71134,1.71176,1.00,1.87
2017.01.18 08:20:16.492,1.7113,1.71172,1.00,1.37
2017.01.18 08:20:16.543,1.71131,1.71172,1.00,1.37
2017.01.18 08:20:16.799,1.71131,1.71173,1.00,1.12
2017.01.18 08:20:17.063,1.71131,1.71171,1.00,1.00
2017.01.18 08:20:17.369,1.71135,1.71171,1.00,1.00
2017.01.18 08:20:17.420,1.71134,1.71176,1.00,1.50
2017.01.18 08:20:17.658,1.71135,1.71178,1.00,1.00
2017.01.18 08:20:17.709,1.71139,1.71179,1.00,1.00
2017.01.18 08:20:17.962,1.71136,1.71178,1.00,1.12
2017.01.18 08:20:18.063,1.71135,1.71178,1.00,1.37
2017.01.18 08:20:18.164,1.71133,1.71178,1.00,1.37
2017.01.18 08:20:18.215,1.71133,1.71177,1.00,1.00
2017.01.18 08:20:18.724,1.71133,1.71178,1.00,1.37
2017.01.18 08:20:19.652,1.71133,1.71176,1.00,1.00
2017.01.18 08:20:19.959,1.71135,1.71179,1.00,1.87
2017.01.18 08:20:20.109,1.71133,1.71176,1.00,1.12
2017.01.18 08:20:20.161,1.71133,1.71176,1.00,1.37
2017.01.18 08:20:21.020,1.71133,1.71175,1.00,1.12
2017.01.18 08:20:21.136,1.71131,1.71175,1.00,1.12
2017.01.18 08:20:21.331,1.71131,1.71175,1.00,1.50
2017.01.18 08:20:21.742,1.71129,1.71173,1.00,1.00
2017.01.18 08:20:21.792,1.7113,1.71171,1.00,1.00
2017.01.18 08:20:21.894,1.71131,1.71176,1.00,2.25
2017.01.18 08:20:22.197,1.71133,1.71176,1.00,1.87
2017.01.18 08:20:22.563,1.7113,1.71176,1.00,2.62
2017.01.18 08:20:22.722,1.71133,1.71176,1.00,2.25
2017.01.18 08:20:22.773,1.71128,1.71172,1.00,1.00
2017.01.18 08:20:22.823,1.71124,1.71168,1.50,1.37
2017.01.18 08:20:22.874,1.71122,1.71165,1.00,1.12
2017.01.18 08:20:23.025,1.71119,1.71165,1.00,1.50
2017.01.18 08:20:23.092,1.71119,1.71162,1.00,1.00
2017.01.18 08:20:23.143,1.7112,1.71165,1.00,1.00
2017.01.18 08:20:23.470,1.71123,1.71165,1.00,1.00
2017.01.18 08:20:23.773,1.71129,1.7117,1.00,1.75
2017.01.18 08:20:23.874,1.71126,1.7117,1.00,1.75
2017.01.18 08:20:24.002,1.71121,1.71167,1.00,1.37
2017.01.18 08:20:24.158,1.71123,1.71168,1.00,1.87
2017.01.18 08:20:24.309,1.71121,1.71165,1.00,1.00
2017.01.18 08:20:24.432,1.71121,1.71162,1.00,1.00
2017.01.18 08:20:24.533,1.71116,1.71162,1.00,1.50
2017.01.18 08:20:24.634,1.71118,1.71162,1.00,1.00
2017.01.18 08:20:25.151,1.71118,1.71163,1.00,2.25
2017.01.18 08:20:25.735,1.71119,1.71162,1.00,1.00
2017.01.18 08:20:26.280,1.71119,1.71163,1.00,2.25
2017.01.18 08:20:26.537,1.71117,1.71163,1.00,2.62
2017.01.18 08:20:26.801,1.71119,1.71163,1.00,1.87
2017.01.18 08:20:26.851,1.7112,1.71163,1.00,1.50
2017.01.18 08:20:27.053,1.71118,1.71163,1.00,1.00
2017.01.18 08:20:27.325,1.71114,1.7116,1.00,1.37
2017.01.18 08:20:27.426,1.71114,1.7116,1.00,1.12
2017.01.18 08:20:27.618,1.71116,1.7116,1.00,1.12
2017.01.18 08:20:28.026,1.71117,1.71163,1.00,1.50
2017.01.18 08:20:28.127,1.71114,1.7116,1.00,1.00
2017.01.18 08:20:28.500,1.71116,1.7116,1.00,1.00
2017.01.18 08:20:28.853,1.71115,1.71158,1.00,1.00
2017.01.18 08:20:29.004,1.71116,1.7116,1.00,1.00
2017.01.18 08:20:29.055,1.71113,1.71159,1.00,1.00
2017.01.18 08:20:29.105,1.71115,1.71161,1.00,1.00
2017.01.18 08:20:29.437,1.71121,1.71163,1.00,1.00
2017.01.18 08:20:29.782,1.71123,1.71163,1.00,1.00
2017.01.18 08:20:29.961,1.71124,1.71168,1.00,1.50
2017.01.18 08:20:30.012,1.71121,1.71167,1.00,1.00
2017.01.18 08:20:30.270,1.71127,1.71169,1.00,1.50
2017.01.18 08:20:30.632,1.71127,1.71171,1.00,1.00
2017.01.18 08:20:31.216,1.71124,1.7117,1.00,1.00
2017.01.18 08:20:31.267,1.71128,1.71172,1.00,1.00
2017.01.18 08:20:31.848,1.71127,1.71172,1.00,1.12
2017.01.18 08:20:32.403,1.71128,1.71173,1.00,1.12
2017.01.18 08:20:32.970,1.71129,1.71173,1.00,1.12
2017.01.18 08:20:33.595,1.7113,1.71176,1.00,1.37
2017.01.18 08:20:34.257,1.71131,1.71175,1.00,1.00
2017.01.18 08:20:35.160,1.71132,1.71176,1.00,1.12
2017.01.18 08:20:35.611,1.7113,1.71174,1.00,1.00
2017.01.18 08:20:35.712,1.71127,1.71173,1.00,1.00
2017.01.18 08:20:35.762,1.71131,1.71175,1.00,1.12
2017.01.18 08:20:35.828,1.71127,1.71173,1.00,1.37
2017.01.18 08:20:35.879,1.71128,1.71174,1.00,1.37
2017.01.18 08:20:36.035,1.71124,1.7117,1.00,1.00
2017.01.18 08:20:36.086,1.71127,1.71171,1.00,1.00
2017.01.18 08:20:36.137,1.71125,1.71171,1.00,1.00
2017.01.18 08:20:36.238,1.71125,1.71169,1.00,1.00
2017.01.18 08:20:36.642,1.71123,1.71169,1.00,1.00
2017.01.18 08:20:36.692,1.71125,1.7117,1.00,1.00
2017.01.18 08:20:37.266,1.71126,1.7117,1.00,1.50
2017.01.18 08:20:37.595,1.71114,1.7116,1.75,1.37
2017.01.18 08:20:37.897,1.7111,1.71154,1.75,1.00
2017.01.18 08:20:37.948,1.7111,1.71156,1.75,1.00
2017.01.18 08:20:38.100,1.71108,1.71151,1.75,1.00
2017.01.18 08:20:38.268,1.71112,1.71154,1.75,1.00
2017.01.18 08:20:38.369,1.7111,1.71156,1.75,1.00
2017.01.18 08:20:38.419,1.71108,1.71152,1.75,1.00
2017.01.18 08:20:38.773,1.7111,1.71154,1.75,1.00
2017.01.18 08:20:38.824,1.71107,1.71151,1.75,1.00
2017.01.18 08:20:38.925,1.71109,1.71153,1.75,1.00
2017.01.18 08:20:39.146,1.71109,1.71155,1.75,1.00
2017.01.18 08:20:39.455,1.71122,1.71156,1.00,1.00
2017.01.18 08:20:39.505,1.71122,1.71163,1.00,1.00
2017.01.18 08:20:39.556,1.71122,1.71163,1.00,1.37
2017.01.18 08:20:40.094,1.71122,1.71163,1.00,1.37
2017.01.18 08:20:40.245,1.71116,1.71162,1.50,1.12
2017.01.18 08:20:40.799,1.71116,1.71162,1.00,1.00
2017.01.18 08:20:41.350,1.71116,1.7116,1.00,1.00
2017.01.18 08:20:41.666,1.71109,1.71153,1.00,1.12
2017.01.18 08:20:41.917,1.71103,1.71149,1.00,1.50
2017.01.18 08:20:42.321,1.71102,1.71147,1.00,1.37
2017.01.18 08:20:42.631,1.71098,1.71142,1.00,1.00
2017.01.18 08:20:42.884,1.71098,1.71144,1.00,1.00
2017.01.18 08:20:42.935,1.71097,1.71141,1.00,1.00
2017.01.18 08:20:43.609,1.71096,1.7114,1.00,1.00
2017.01.18 08:20:44.288,1.71096,1.71139,1.00,1.00
2017.01.18 08:20:44.597,1.71098,1.71139,1.00,1.00
2017.01.18 08:20:44.648,1.71099,1.71143,1.00,1.50
2017.01.18 08:20:44.896,1.71096,1.7114,1.00,1.37
2017.01.18 08:20:44.997,1.71093,1.71139,1.00,1.50
2017.01.18 08:20:45.047,1.71093,1.71137,1.00,1.00
2017.01.18 08:20:45.452,1.71094,1.71139,1.00,1.50
2017.01.18 08:20:45.784,1.71096,1.71139,1.00,1.00
2017.01.18 08:20:45.834,1.71098,1.71142,1.00,1.00
2017.01.18 08:20:46.249,1.711,1.71142,1.00,1.00
2017.01.18 08:20:46.789,1.71103,1.71147,1.00,1.50
2017.01.18 08:20:46.890,1.71103,1.71149,1.00,1.50
2017.01.18 08:20:47.192,1.71102,1.71146,1.50,1.00
2017.01.18 08:20:47.647,1.71102,1.71145,1.00,1.37
2017.01.18 08:20:47.698,1.71098,1.71145,1.00,1.00
2017.01.18 08:20:47.749,1.71097,1.71141,1.12,1.00
2017.01.18 08:20:48.087,1.71102,1.71143,1.00,1.50
2017.01.18 08:20:48.238,1.71098,1.71145,1.00,1.50
2017.01.18 08:20:48.861,1.71102,1.71145,1.00,1.50
2017.01.18 08:20:48.962,1.71098,1.71145,1.00,1.50
2017.01.18 08:20:49.429,1.71101,1.71145,1.00,1.50
2017.01.18 08:20:49.932,1.71101,1.71146,1.50,1.00
2017.01.18 08:20:50.473,1.71101,1.71145,1.50,1.12
2017.01.18 08:20:50.574,1.71099,1.71146,1.00,1.00
2017.01.18 08:20:50.625,1.71101,1.71146,1.00,1.00
2017.01.18 08:20:51.187,1.71101,1.71147,1.50,1.00
2017.01.18 08:20:51.590,1.71103,1.71148,1.00,1.00
2017.01.18 08:20:53.196,1.71103,1.71147,1.00,1.00
2017.01.18 08:20:53.718,1.71102,1.71146,1.00,1.00
2017.01.18 08:20:54.636,1.71104,1.71148,1.00,1.00
2017.01.18 08:20:55.048,1.71102,1.71148,1.00,1.00
2017.01.18 08:20:55.099,1.71104,1.71148,1.00,1.50
2017.01.18 08:20:55.251,1.71107,1.71153,1.00,1.00
2017.01.18 08:20:55.545,1.71109,1.71153,1.00,1.12
2017.01.18 08:20:56.329,1.71109,1.71154,1.00,1.00
2017.01.18 08:20:56.531,1.71104,1.7115,1.00,1.00
2017.01.18 08:20:57.072,1.71106,1.7115,1.00,1.00
2017.01.18 08:20:58.301,1.71105,1.71149,1.00,1.00
2017.01.18 08:20:59.222,1.71103,1.71149,1.00,1.00
2017.01.18 08:20:59.734,1.71107,1.71151,1.00,1.50
2017.01.18 08:21:00.180,1.71105,1.71152,1.00,1.12
2017.01.18 08:21:00.231,1.71108,1.71153,1.00,1.37
2017.01.18 08:21:00.438,1.71106,1.71151,1.00,1.00
2017.01.18 08:21:01.081,1.71107,1.71151,1.00,1.00
2017.01.18 08:21:01.183,1.71106,1.7115,1.00,1.87
2017.01.18 08:21:01.233,1.71107,1.71153,1.00,1.50
2017.01.18 08:21:01.284,1.71105,1.71152,1.00,1.00
2017.01.18 08:21:01.335,1.71107,1.71153,1.00,1.12
2017.01.18 08:21:01.871,1.71107,1.71151,1.00,1.00
2017.01.18 08:21:02.232,1.71108,1.71154,1.00,1.12
2017.01.18 08:21:02.333,1.71108,1.71154,1.00,1.37
2017.01.18 08:21:02.702,1.71108,1.71154,1.00,1.12
2017.01.18 08:21:02.817,1.71108,1.71154,1.00,1.37
2017.01.18 08:21:02.868,1.71108,1.71154,1.00,1.12
2017.01.18 08:21:03.431,1.71108,1.71153,1.00,1.12
2017.01.18 08:21:04.129,1.71105,1.71151,1.00,1.37
2017.01.18 08:21:04.537,1.71108,1.71152,1.00,1.12
2017.01.18 08:21:04.941,1.71108,1.71152,1.00,1.37
2017.01.18 08:21:05.042,1.71108,1.71152,1.00,1.37
2017.01.18 08:21:05.807,1.71106,1.7115,1.00,1.37
2017.01.18 08:21:05.858,1.71104,1.71148,1.12,1.00
2017.01.18 08:21:05.959,1.71107,1.71153,1.00,1.50
2017.01.18 08:21:06.493,1.71107,1.71153,1.00,1.87
2017.01.18 08:21:06.649,1.7111,1.71151,1.00,1.00
2017.01.18 08:21:06.700,1.71108,1.71151,1.00,1.00
2017.01.18 08:21:07.189,1.71107,1.71151,1.00,1.37
2017.01.18 08:21:07.290,1.71107,1.71151,1.00,1.12
2017.01.18 08:21:07.539,1.71106,1.71151,1.00,1.37
2017.01.18 08:21:07.647,1.71108,1.71151,1.00,1.00
2017.01.18 08:21:07.804,1.71106,1.71151,1.00,1.37
2017.01.18 08:21:07.855,1.71106,1.71151,1.00,1.12
2017.01.18 08:21:08.993,1.71105,1.71151,1.00,2.25
2017.01.18 08:21:10.170,1.71105,1.7115,1.00,1.00
2017.01.18 08:21:10.221,1.71109,1.71151,1.00,1.50
2017.01.18 08:21:10.523,1.71115,1.71159,1.00,2.62
2017.01.18 08:21:10.842,1.71113,1.71159,1.00,1.87
2017.01.18 08:21:11.113,1.71113,1.71159,1.00,1.50
2017.01.18 08:21:11.798,1.71114,1.7116,1.00,1.12
2017.01.18 08:21:12.015,1.71116,1.71159,1.00,1.00
2017.01.18 08:21:12.065,1.71113,1.71159,1.00,1.00
2017.01.18 08:21:12.166,1.71115,1.71159,1.00,1.37
2017.01.18 08:21:13.500,1.71115,1.71159,1.00,1.37
2017.01.18 08:21:14.352,1.71115,1.71159,1.00,1.00
2017.01.18 08:21:14.402,1.71131,1.71163,1.00,1.00
2017.01.18 08:21:14.554,1.71136,1.7118,1.00,1.00
2017.01.18 08:21:14.655,1.71136,1.7118,1.00,1.37
2017.01.18 08:21:14.756,1.71134,1.71178,1.00,1.37
2017.01.18 08:21:15.018,1.71133,1.71179,1.50,1.00
2017.01.18 08:21:15.148,1.71133,1.71178,1.00,1.37
2017.01.18 08:21:15.301,1.71133,1.71178,1.00,1.00
2017.01.18 08:21:15.352,1.71137,1.71181,1.00,1.00
2017.01.18 08:21:15.403,1.71137,1.71183,1.00,1.00
2017.01.18 08:21:15.454,1.71142,1.71188,1.12,1.00
2017.01.18 08:21:15.806,1.71141,1.71185,1.00,1.37
2017.01.18 08:21:15.857,1.71139,1.71186,1.50,1.37
2017.01.18 08:21:15.908,1.7114,1.71186,1.00,1.37
2017.01.18 08:21:16.217,1.71139,1.71183,1.00,1.37
2017.01.18 08:21:16.268,1.71135,1.71181,1.50,1.12
2017.01.18 08:21:16.419,1.71135,1.71181,1.50,1.37
2017.01.18 08:21:16.469,1.71135,1.71181,1.50,1.37
2017.01.18 08:21:17.034,1.71134,1.7118,1.50,1.00
2017.01.18 08:21:17.185,1.71136,1.7118,1.00,1.00
2017.01.18 08:21:17.790,1.71135,1.71182,1.00,1.87
2017.01.18 08:21:18.295,1.71135,1.7118,1.00,1.00
2017.01.18 08:21:18.810,1.71134,1.7118,1.50,1.00
2017.01.18 08:21:19.366,1.71135,1.71181,1.00,1.37
2017.01.18 08:21:19.886,1.71136,1.7118,1.00,1.00
2017.01.18 08:21:20.408,1.71137,1.71181,1.00,1.12
2017.01.18 08:21:20.980,1.71137,1.71181,1.00,1.37
2017.01.18 08:21:21.481,1.71136,1.7118,1.00,1.37
2017.01.18 08:21:21.658,1.71136,1.71181,1.00,1.12
2017.01.18 08:21:21.809,1.71141,1.71184,1.00,1.37
2017.01.18 08:21:21.961,1.71145,1.71189,1.00,1.37
2017.01.18 08:21:22.062,1.71148,1.71192,1.00,1.87
2017.01.18 08:21:22.364,1.71135,1.71179,1.00,2.62
2017.01.18 08:21:22.550,1.71129,1.71175,1.00,1.12
2017.01.18 08:21:22.651,1.71129,1.71173,1.00,1.00
2017.01.18 08:21:22.960,1.71122,1.71168,1.00,1.00
2017.01.18 08:21:23.011,1.71125,1.71169,1.00,1.37
2017.01.18 08:21:23.112,1.71125,1.71169,1.00,1.00
2017.01.18 08:21:23.919,1.71125,1.71171,1.00,1.37
2017.01.18 08:21:24.221,1.71128,1.71174,1.00,1.37
2017.01.18 08:21:24.322,1.71128,1.71174,1.00,1.00
2017.01.18 08:21:24.574,1.71128,1.71172,1.00,1.00
2017.01.18 08:21:25.298,1.71127,1.71174,1.00,1.12
2017.01.18 08:21:25.795,1.71126,1.71171,1.00,1.37
2017.01.18 08:21:26.098,1.71125,1.71168,1.00,1.00
2017.01.18 08:21:26.199,1.71122,1.71168,1.50,1.00
2017.01.18 08:21:26.355,1.71125,1.71171,1.00,1.12
2017.01.18 08:21:26.900,1.71138,1.71177,1.00,1.00
2017.01.18 08:21:27.001,1.71137,1.7118,1.00,1.00
2017.01.18 08:21:27.102,1.71139,1.71185,1.00,1.00
2017.01.18 08:21:27.203,1.71141,1.71185,1.50,1.00
2017.01.18 08:21:28.336,1.71141,1.71185,1.00,1.37
2017.01.18 08:21:28.386,1.71139,1.71185,1.00,1.37
2017.01.18 08:21:28.739,1.71139,1.71183,1.00,1.37
2017.01.18 08:21:28.789,1.71137,1.71184,1.00,1.37
2017.01.18 08:21:28.840,1.71137,1.71184,1.00,1.37
2017.01.18 08:21:28.941,1.71137,1.71181,1.00,1.37
2017.01.18 08:21:28.992,1.71134,1.71178,1.00,1.00
2017.01.18 08:21:29.143,1.71134,1.7118,1.00,1.00
2017.01.18 08:21:29.546,1.71132,1.71174,1.50,1.00
2017.01.18 08:21:29.718,1.71128,1.71172,1.00,1.00
2017.01.18 08:21:29.870,1.7113,1.71174,1.00,1.00
2017.01.18 08:21:30.022,1.71127,1.71172,1.00,1.00
2017.01.18 08:21:30.073,1.71123,1.71167,1.50,1.00
2017.01.18 08:21:30.375,1.71117,1.71156,1.00,1.00
2017.01.18 08:21:30.425,1.71112,1.71156,1.00,1.00
2017.01.18 08:21:30.627,1.7111,1.71156,1.50,1.00
2017.01.18 08:21:30.945,1.71112,1.71156,1.00,1.00
2017.01.18 08:21:31.292,1.71115,1.7116,1.00,1.00
2017.01.18 08:21:31.871,1.71115,1.71161,1.00,1.00
2017.01.18 08:21:32.226,1.71119,1.71163,1.00,1.00
2017.01.18 08:21:32.276,1.7112,1.71166,1.00,1.37
2017.01.18 08:21:32.327,1.7112,1.71166,1.00,1.87
2017.01.18 08:21:32.377,1.71118,1.71164,1.00,1.37
2017.01.18 08:21:32.428,1.71117,1.71163,1.00,1.37
2017.01.18 08:21:32.579,1.71113,1.71162,1.50,1.37
2017.01.18 08:21:32.630,1.71113,1.7116,1.50,1.37
2017.01.18 08:21:32.874,1.71114,1.7116,1.00,1.00
2017.01.18 08:21:32.924,1.71117,1.71162,1.00,1.00
2017.01.18 08:21:33.428,1.71118,1.71164,1.00,1.12
2017.01.18 08:21:34.176,1.71117,1.71163,1.00,1.00
2017.01.18 08:21:34.450,1.7112,1.71166,1.00,1.00
2017.01.18 08:21:34.501,1.71121,1.71168,1.00,1.50
2017.01.18 08:21:34.552,1.7112,1.71165,1.00,1.00
2017.01.18 08:21:34.602,1.71121,1.71167,1.00,1.00
2017.01.18 08:21:34.754,1.71123,1.71168,1.00,1.00
2017.01.18 08:21:35.106,1.7112,1.71166,1.00,1.00
2017.01.18 08:21:35.156,1.7112,1.71164,1.00,1.00
2017.01.18 08:21:35.371,1.71122,1.71169,1.00,1.50
2017.01.18 08:21:35.472,1.71125,1.71169,1.00,1.00
2017.01.18 08:21:35.523,1.71121,1.71168,1.00,1.00
2017.01.18 08:21:35.624,1.71121,1.71165,1.00,1.37
2017.01.18 08:21:35.725,1.71118,1.71164,1.00,1.37
2017.01.18 08:21:35.776,1.71117,1.7116,1.00,1.00
2017.01.18 08:21:36.186,1.71112,1.71156,1.00,1.00
2017.01.18 08:21:36.236,1.71112,1.7115,1.00,1.00
2017.01.18 08:21:36.287,1.71104,1.7115,1.50,1.00
2017.01.18 08:21:36.388,1.71104,1.71148,1.50,1.00
2017.01.18 08:21:36.706,1.71104,1.7115,1.00,1.00
2017.01.18 08:21:36.757,1.71105,1.71152,1.00,1.12
2017.01.18 08:21:36.808,1.71105,1.7115,1.00,1.00
2017.01.18 08:21:37.110,1.71105,1.71152,1.00,1.50
2017.01.18 08:21:37.261,1.71107,1.71152,1.00,1.00
2017.01.18 08:21:37.564,1.71121,1.71164,1.00,1.00
2017.01.18 08:21:37.665,1.71121,1.71167,1.37,1.00
2017.01.18 08:21:37.825,1.71117,1.71164,1.50,1.00
2017.01.18 08:21:37.876,1.71117,1.71162,1.00,1.00
2017.01.18 08:21:38.178,1.71105,1.7115,1.50,1.00
2017.01.18 08:21:38.279,1.71103,1.7115,1.00,1.37
2017.01.18 08:21:38.783,1.71104,1.71148,1.00,1.00
2017.01.18 08:21:38.833,1.71111,1.71148,1.87,1.00
2017.01.18 08:21:38.884,1.71117,1.71155,1.00,1.12
2017.01.18 08:21:38.935,1.71121,1.71155,1.00,1.12
2017.01.18 08:21:39.089,1.71119,1.71163,1.00,1.75
2017.01.18 08:21:39.190,1.7112,1.71166,1.00,1.00
2017.01.18 08:21:39.430,1.71125,1.71168,1.37,1.00
2017.01.18 08:21:39.682,1.71131,1.71178,1.00,1.00
2017.01.18 08:21:39.890,1.71131,1.71178,1.00,1.37
2017.01.18 08:21:40.367,1.71131,1.71178,1.00,1.12
2017.01.18 08:21:40.530,1.7113,1.71176,1.00,1.00
2017.01.18 08:21:40.836,1.71135,1.71179,1.00,1.00
2017.01.18 08:21:41.088,1.71139,1.71185,1.00,1.12
2017.01.18 08:21:41.395,1.71139,1.71185,1.00,1.87
2017.01.18 08:21:41.445,1.71139,1.71185,1.00,1.87
2017.01.18 08:21:41.496,1.71136,1.71181,1.00,1.00
2017.01.18 08:21:41.812,1.7113,1.71175,1.00,1.00
2017.01.18 08:21:42.161,1.7113,1.71168,1.00,1.00
2017.01.18 08:21:42.212,1.71127,1.71168,1.12,1.00
2017.01.18 08:21:42.661,1.71124,1.71169,1.00,1.00
2017.01.18 08:21:43.294,1.71123,1.71167,1.00,1.00
2017.01.18 08:21:43.345,1.7112,1.71165,1.12,1.00
2017.01.18 08:21:44.259,1.71118,1.71165,1.50,1.00
2017.01.18 08:21:44.411,1.7112,1.71165,1.00,1.00
2017.01.18 08:21:44.835,1.71118,1.71165,1.50,1.00
2017.01.18 08:21:45.163,1.71119,1.71163,1.00,1.00
2017.01.18 08:21:45.213,1.71113,1.7116,1.50,1.00
2017.01.18 08:21:45.314,1.71116,1.71161,1.37,1.00
2017.01.18 08:21:45.365,1.71118,1.71163,1.00,1.00
2017.01.18 08:21:45.416,1.71118,1.71165,1.00,1.00
2017.01.18 08:21:45.467,1.7112,1.71165,1.00,1.00
2017.01.18 08:21:45.518,1.7112,1.71167,1.00,1.00
2017.01.18 08:21:46.028,1.71122,1.71168,1.00,1.00
2017.01.18 08:21:46.431,1.71121,1.71166,1.00,1.00
2017.01.18 08:21:46.748,1.71119,1.71165,1.12,1.00
2017.01.18 08:21:46.799,1.71118,1.71163,1.50,1.00
2017.01.18 08:21:47.101,1.71108,1.71155,1.12,1.00
2017.01.18 08:21:47.152,1.7111,1.71157,1.00,1.00
2017.01.18 08:21:47.487,1.71115,1.71162,1.00,1.00
2017.01.18 08:21:48.370,1.71115,1.7116,1.00,1.00
2017.01.18 08:21:49.905,1.71113,1.7116,1.00,1.50
2017.01.18 08:21:50.018,1.71112,1.71157,1.50,1.00
2017.01.18 08:21:50.426,1.71111,1.71154,1.00,1.00
2017.01.18 08:21:50.477,1.71109,1.71154,1.12,1.00
2017.01.18 08:21:50.578,1.71107,1.71154,1.00,1.12
2017.01.18 08:21:50.629,1.71104,1.71148,1.00,1.00
2017.01.18 08:21:50.730,1.711,1.71145,1.00,1.00
2017.01.18 08:21:51.109,1.71106,1.71151,1.37,1.50
2017.01.18 08:21:51.411,1.7111,1.71155,1.00,1.50
2017.01.18 08:21:51.512,1.7111,1.71155,1.00,1.00
2017.01.18 08:21:52.851,1.71112,1.71157,1.50,1.12
2017.01.18 08:21:53.002,1.71113,1.71159,1.00,1.00
2017.01.18 08:21:53.204,1.71115,1.7116,1.00,1.00
2017.01.18 08:21:53.456,1.71111,1.71158,1.00,1.50
2017.01.18 08:21:54.563,1.71111,1.71156,1.00,1.00
2017.01.18 08:21:56.254,1.71109,1.71154,1.00,1.00
2017.01.18 08:21:56.506,1.71106,1.71153,1.00,1.00
2017.01.18 08:21:56.608,1.7111,1.71155,1.00,1.00
2017.01.18 08:21:57.001,1.71107,1.71152,1.00,1.00
2017.01.18 08:21:57.327,1.71103,1.71148,1.50,1.00
2017.01.18 08:21:57.859,1.71104,1.71148,1.00,1.00
2017.01.18 08:21:58.065,1.71102,1.71147,1.12,1.00
2017.01.18 08:21:58.279,1.711,1.71147,1.00,1.00
2017.01.18 08:21:58.380,1.71097,1.71141,1.50,1.00
2017.01.18 08:21:58.633,1.71093,1.71138,1.00,1.12
2017.01.18 08:21:58.785,1.71092,1.71136,1.00,1.00
2017.01.18 08:22:00.960,1.71092,1.71135,1.00,1.00
2017.01.18 08:22:01.584,1.71088,1.71135,1.75,1.00
2017.01.18 08:22:01.712,1.71088,1.71135,1.00,1.00
2017.01.18 08:22:01.914,1.7109,1.71135,1.00,1.00
2017.01.18 08:22:02.389,1.71088,1.71133,1.00,1.00
2017.01.18 08:22:02.764,1.71086,1.71131,1.00,1.00
2017.01.18 08:22:05.699,1.71088,1.71133,1.00,1.00
2017.01.18 08:22:05.750,1.71086,1.71133,1.00,1.00
2017.01.18 08:22:06.366,1.71085,1.71132,1.87,1.00
2017.01.18 08:22:06.618,1.71087,1.71134,1.00,1.00
2017.01.18 08:22:07.523,1.71085,1.71133,2.62,1.00
2017.01.18 08:22:08.071,1.71086,1.71133,1.00,1.00
2017.01.18 08:22:08.954,1.71088,1.71136,1.00,1.00
2017.01.18 08:22:09.005,1.7109,1.71136,1.00,1.00
2017.01.18 08:22:09.182,1.71091,1.71139,1.00,1.50
2017.01.18 08:22:09.292,1.71093,1.71139,1.00,1.00
2017.01.18 08:22:09.840,1.71092,1.71138,1.50,1.00
2017.01.18 08:22:10.450,1.71092,1.71137,1.50,1.00
2017.01.18 08:22:11.388,1.71095,1.71139,1.37,1.00
2017.01.18 08:22:11.439,1.71097,1.71143,1.12,1.00
2017.01.18 08:22:11.490,1.71095,1.71143,1.00,1.00
2017.01.18 08:22:11.641,1.71095,1.7114,1.00,1.00
2017.01.18 08:22:11.843,1.71093,1.7114,1.00,1.00
2017.01.18 08:22:12.448,1.71094,1.71139,1.00,1.00
2017.01.18 08:22:13.831,1.71092,1.7114,1.50,1.00
2017.01.18 08:22:15.257,1.71093,1.71138,1.00,1.00
2017.01.18 08:22:15.929,1.71095,1.71143,1.00,1.00
2017.01.18 08:22:15.992,1.71097,1.71143,1.00,1.00
2017.01.18 08:22:16.352,1.71094,1.71139,1.00,1.37
2017.01.18 08:22:16.453,1.7109,1.71136,1.00,1.00
2017.01.18 08:22:16.806,1.71089,1.71134,1.00,1.00
2017.01.18 08:22:17.354,1.71088,1.71133,1.00,1.00
2017.01.18 08:22:17.871,1.71087,1.71132,1.00,1.00
2017.01.18 08:22:20.141,1.71086,1.71131,1.00,1.00
2017.01.18 08:22:20.604,1.71086,1.71133,1.00,1.00
2017.01.18 08:22:21.667,1.71088,1.71135,1.00,1.00
2017.01.18 08:22:21.819,1.71089,1.71137,1.50,1.00
2017.01.18 08:22:22.094,1.71093,1.7114,1.00,1.00
2017.01.18 08:22:22.245,1.71094,1.71142,1.00,1.12
2017.01.18 08:22:22.296,1.71095,1.7114,1.00,1.00
2017.01.18 08:22:22.498,1.71093,1.71139,1.50,1.00
2017.01.18 08:22:22.649,1.7109,1.71138,1.00,1.00
2017.01.18 08:22:22.750,1.71093,1.71138,1.00,1.00
2017.01.18 08:22:22.914,1.71091,1.71139,1.00,1.00
2017.01.18 08:22:23.015,1.71093,1.71139,1.00,1.00
2017.01.18 08:22:23.553,1.71092,1.7114,1.00,1.00
2017.01.18 08:22:24.095,1.71091,1.71138,1.50,1.00
2017.01.18 08:22:24.678,1.71092,1.71138,1.00,1.00
2017.01.18 08:22:25.025,1.71094,1.7114,1.00,1.00
2017.01.18 08:22:25.126,1.71095,1.71142,1.00,1.00
2017.01.18 08:22:25.654,1.71096,1.71143,1.00,1.00
2017.01.18 08:22:26.545,1.71097,1.71143,1.00,1.37
2017.01.18 08:22:27.009,1.71097,1.71143,1.00,1.00
2017.01.18 08:22:27.464,1.711,1.71146,1.00,1.00
2017.01.18 08:22:27.616,1.71104,1.71152,1.50,1.37
2017.01.18 08:22:27.800,1.71107,1.71152,1.00,1.00
2017.01.18 08:22:29.209,1.71106,1.71152,1.00,1.00
2017.01.18 08:22:30.099,1.71107,1.71153,1.00,1.00
2017.01.18 08:22:31.759,1.71106,1.71151,1.50,1.00
2017.01.18 08:22:32.652,1.71106,1.71152,1.00,1.00
2017.01.18 08:22:33.051,1.71105,1.71149,1.00,1.00
2017.01.18 08:22:33.797,1.71105,1.71148,1.00,1.00
2017.01.18 08:22:34.298,1.71099,1.71145,1.50,1.00
2017.01.18 08:22:35.038,1.71104,1.7115,1.00,1.50
2017.01.18 08:22:35.485,1.71106,1.7115,1.00,1.00
2017.01.18 08:22:36.164,1.71104,1.71149,1.00,1.00
2017.01.18 08:22:36.265,1.71102,1.7115,1.50,1.50
2017.01.18 08:22:36.315,1.71104,1.7115,1.00,1.50
2017.01.18 08:22:36.366,1.711,1.71147,1.50,1.00
2017.01.18 08:22:36.517,1.71101,1.71149,1.00,1.00
2017.01.18 08:22:36.618,1.71103,1.7115,1.00,1.00
2017.01.18 08:22:37.432,1.71102,1.7115,1.50,1.50
2017.01.18 08:22:37.755,1.71102,1.71148,1.00,1.00
2017.01.18 08:22:38.069,1.71107,1.71153,1.00,1.00
2017.01.18 08:22:39.002,1.71108,1.71153,1.00,1.00
2017.01.18 08:22:39.668,1.71107,1.71154,1.00,1.00
2017.01.18 08:22:40.321,1.71106,1.71154,1.00,1.00
2017.01.18 08:22:40.624,1.71106,1.71152,1.00,1.00
2017.01.18 08:22:40.953,1.71104,1.7115,1.00,1.00
2017.01.18 08:22:41.255,1.71102,1.71147,1.00,1.00
2017.01.18 08:22:41.306,1.71098,1.71146,2.25,1.12
2017.01.18 08:22:41.357,1.71098,1.71144,2.25,1.00
2017.01.18 08:22:41.508,1.71096,1.71144,1.00,1.37
2017.01.18 08:22:41.609,1.71096,1.71141,1.00,1.37
2017.01.18 08:22:41.660,1.71096,1.71142,1.50,1.12
2017.01.18 08:22:41.812,1.71094,1.71142,1.12,1.00
2017.01.18 08:22:41.863,1.71096,1.71142,1.00,1.00
2017.01.18 08:22:42.420,1.71096,1.71143,1.00,1.37
2017.01.18 08:22:42.723,1.71091,1.71137,1.75,1.00
2017.01.18 08:22:42.975,1.71095,1.71139,1.00,1.00
2017.01.18 08:22:43.026,1.71095,1.71143,1.00,1.50
2017.01.18 08:22:43.077,1.71091,1.71139,1.00,1.00
2017.01.18 08:22:43.395,1.71098,1.71146,1.00,1.00
2017.01.18 08:22:43.803,1.711,1.71146,1.00,1.00
2017.01.18 08:22:44.141,1.71097,1.71145,1.00,1.00
2017.01.18 08:22:44.242,1.71099,1.71145,1.00,1.00
2017.01.18 08:22:44.784,1.711,1.71146,1.00,1.00
2017.01.18 08:22:45.001,1.71101,1.71149,1.50,1.00
2017.01.18 08:22:45.305,1.71104,1.7115,1.00,1.00
2017.01.18 08:22:45.406,1.71104,1.71152,1.00,1.00
2017.01.18 08:22:46.138,1.71103,1.71149,1.00,1.00
2017.01.18 08:22:46.644,1.71104,1.7115,1.00,1.00
2017.01.18 08:22:48.076,1.71105,1.71151,1.00,1.00
2017.01.18 08:22:48.744,1.71104,1.7115,1.00,1.00
2017.01.18 08:22:49.696,1.71104,1.71151,1.00,1.00
2017.01.18 08:22:49.898,1.711,1.71149,1.00,1.00
2017.01.18 08:22:49.949,1.71099,1.71147,1.00,1.00
2017.01.18 08:22:50.291,1.71099,1.71145,1.00,1.00
2017.01.18 08:22:51.086,1.711,1.71146,1.00,1.00
2017.01.18 08:22:51.137,1.71098,1.71146,1.00,1.00
2017.01.18 08:22:51.188,1.711,1.71146,1.00,1.00
2017.01.18 08:22:51.238,1.71098,1.71146,1.00,1.00
2017.01.18 08:22:51.390,1.71096,1.71139,1.00,1.00
2017.01.18 08:22:51.697,1.711,1.71148,1.00,1.00
2017.01.18 08:22:51.799,1.71098,1.71144,1.00,1.00
2017.01.18 08:22:52.110,1.71101,1.71149,1.00,1.00
2017.01.18 08:22:52.477,1.711,1.71146,1.00,1.00
2017.01.18 08:22:52.678,1.711,1.71148,1.00,1.00
2017.01.18 08:22:52.780,1.71102,1.7115,1.00,1.00
2017.01.18 08:22:53.090,1.711,1.71148,1.00,1.00
2017.01.18 08:22:53.455,1.71102,1.7115,1.00,1.00
2017.01.18 08:22:53.790,1.71105,1.71153,1.00,1.00
2017.01.18 08:22:54.167,1.71104,1.7115,1.00,1.00
2017.01.18 08:22:54.547,1.71103,1.71148,1.12,1.00
2017.01.18 08:22:54.810,1.71103,1.71151,1.87,1.00
2017.01.18 08:22:55.157,1.71104,1.71149,1.00,1.00
2017.01.18 08:22:55.462,1.71102,1.71147,1.87,1.00
2017.01.18 08:22:55.513,1.71105,1.71151,1.00,1.00
2017.01.18 08:22:55.564,1.71103,1.7115,1.50,1.00
2017.01.18 08:22:55.614,1.71105,1.71152,2.25,1.00
2017.01.18 08:22:55.767,1.71104,1.7115,1.00,1.00
2017.01.18 08:22:56.084,1.71112,1.71157,1.00,1.00
2017.01.18 08:22:56.135,1.71109,1.71157,1.00,1.00
2017.01.18 08:22:56.236,1.71107,1.71155,1.00,1.00
2017.01.18 08:22:56.553,1.71112,1.71157,1.00,1.50
2017.01.18 08:22:56.724,1.71109,1.71157,1.00,1.00
2017.01.18 08:22:56.991,1.71108,1.71154,1.00,1.00
2017.01.18 08:22:57.042,1.71106,1.71155,1.50,1.37
2017.01.18 08:22:57.563,1.71107,1.71153,1.00,1.00
2017.01.18 08:22:57.793,1.71109,1.71155,1.00,1.00
2017.01.18 08:22:57.878,1.71109,1.71157,1.00,1.00
2017.01.18 08:22:59.440,1.71111,1.71158,1.00,1.50
2017.01.18 08:22:59.490,1.71109,1.71157,1.00,1.00
2017.01.18 08:22:59.541,1.71113,1.71158,1.00,1.50
2017.01.18 08:23:00.048,1.71113,1.71159,1.00,1.50
2017.01.18 08:23:00.498,1.71116,1.71163,1.00,1.50
2017.01.18 08:23:00.801,1.71114,1.71161,1.00,1.00
2017.01.18 08:23:01.119,1.71118,1.71165,1.00,1.37
2017.01.18 08:23:01.422,1.71119,1.71161,1.00,1.00
2017.01.18 08:23:01.632,1.71121,1.71168,1.00,3.00
2017.01.18 08:23:01.683,1.71123,1.71168,1.00,2.25
2017.01.18 08:23:01.734,1.71124,1.71168,1.00,1.12
2017.01.18 08:23:01.936,1.71121,1.71169,1.00,2.62
2017.01.18 08:23:02.292,1.71123,1.71168,1.00,1.50
2017.01.18 08:23:02.808,1.71122,1.71168,1.00,1.50
2017.01.18 08:23:03.409,1.71121,1.71168,1.00,1.50
2017.01.18 08:23:03.716,1.71122,1.71168,1.00,1.87
2017.01.18 08:23:03.767,1.7112,1.71168,1.00,1.87
2017.01.18 08:23:03.871,1.7112,1.71168,1.00,1.87
2017.01.18 08:23:03.922,1.71119,1.71166,1.00,1.00
2017.01.18 08:23:04.224,1.71117,1.71164,1.00,2.25
2017.01.18 08:23:04.527,1.71109,1.71158,1.00,1.50
2017.01.18 08:23:04.577,1.71111,1.71158,1.00,1.00
2017.01.18 08:23:04.628,1.71111,1.7116,1.00,1.00
2017.01.18 08:23:04.729,1.71115,1.71158,1.00,1.00
2017.01.18 08:23:04.843,1.71114,1.71163,1.00,1.00
2017.01.18 08:23:05.032,1.71113,1.71161,1.00,1.50
2017.01.18 08:23:05.335,1.71109,1.71157,1.00,1.00
2017.01.18 08:23:05.674,1.71109,1.71155,1.00,1.00
2017.01.18 08:23:05.976,1.71107,1.71153,1.37,1.00
2017.01.18 08:23:06.228,1.71107,1.71155,1.00,1.50
2017.01.18 08:23:06.377,1.71109,1.71155,1.00,1.50
2017.01.18 08:23:06.864,1.71114,1.7116,1.12,1.00
2017.01.18 08:23:06.915,1.71116,1.71164,1.00,1.00
2017.01.18 08:23:07.016,1.71121,1.71167,1.00,1.00
2017.01.18 08:23:07.117,1.71122,1.71169,1.00,2.25
2017.01.18 08:23:07.168,1.7112,1.71167,1.37,1.00
2017.01.18 08:23:07.269,1.7112,1.71169,1.37,1.50
2017.01.18 08:23:07.320,1.7112,1.71169,1.00,1.00
2017.01.18 08:23:07.370,1.71119,1.71168,1.50,1.37
2017.01.18 08:23:07.704,1.71113,1.71162,1.50,1.50
2017.01.18 08:23:07.906,1.71115,1.71162,1.12,1.00
2017.01.18 08:23:08.209,1.71119,1.71166,1.00,1.00
2017.01.18 08:23:08.511,1.71118,1.71164,1.00,1.00
2017.01.18 08:23:08.666,1.71116,1.71165,1.00,1.50
2017.01.18 08:23:08.716,1.71118,1.71164,1.00,1.00
2017.01.18 08:23:09.273,1.71117,1.71164,1.00,1.00
2017.01.18 08:23:10.544,1.71119,1.71165,1.00,1.00
2017.01.18 08:23:10.645,1.71121,1.71168,1.00,1.00
2017.01.18 08:23:10.696,1.71124,1.71171,1.37,1.00
2017.01.18 08:23:10.897,1.7113,1.71176,1.12,1.00
2017.01.18 08:23:10.948,1.71131,1.71179,1.00,1.37
2017.01.18 08:23:11.201,1.71129,1.71177,1.00,1.12
2017.01.18 08:23:11.252,1.71129,1.71175,1.00,1.37
2017.01.18 08:23:11.303,1.71126,1.71175,1.50,1.37
2017.01.18 08:23:11.531,1.71127,1.71176,1.00,1.12
2017.01.18 08:23:11.582,1.71128,1.71174,1.00,1.00
2017.01.18 08:23:11.633,1.71126,1.71174,1.00,1.00
2017.01.18 08:23:11.785,1.71123,1.71172,1.00,1.00
2017.01.18 08:23:11.836,1.71125,1.71174,1.00,1.00
2017.01.18 08:23:12.145,1.71122,1.71169,1.00,1.12
2017.01.18 08:23:12.246,1.7112,1.71169,1.12,1.00
2017.01.18 08:23:12.297,1.7112,1.71167,1.00,1.12
2017.01.18 08:23:12.613,1.71117,1.71164,1.00,1.00
2017.01.18 08:23:12.664,1.7112,1.71168,1.00,1.00
2017.01.18 08:23:13.701,1.7112,1.71165,1.00,1.00
2017.01.18 08:23:14.141,1.7112,1.71168,1.87,1.00
2017.01.18 08:23:14.664,1.71121,1.71168,1.00,1.00
2017.01.18 08:23:14.807,1.71121,1.7117,1.00,1.87
2017.01.18 08:23:15.257,1.71123,1.7117,1.00,1.00
2017.01.18 08:23:15.408,1.71123,1.71172,1.00,1.00
2017.01.18 08:23:15.562,1.71125,1.71171,1.00,1.00
2017.01.18 08:23:15.663,1.71123,1.71171,1.00,1.50
2017.01.18 08:23:15.714,1.71122,1.71169,1.00,1.00
2017.01.18 08:23:16.017,1.71121,1.71167,1.00,1.00
2017.01.18 08:23:16.789,1.71119,1.71167,1.00,1.00
2017.01.18 08:23:16.839,1.71118,1.71164,1.00,1.00
2017.01.18 08:23:16.940,1.71121,1.71168,1.50,1.00
2017.01.18 08:23:16.991,1.71124,1.71171,1.87,2.25
2017.01.18 08:23:17.092,1.71124,1.71172,1.00,1.00
2017.01.18 08:23:17.142,1.71121,1.71169,1.50,1.37
2017.01.18 08:23:17.344,1.71106,1.71155,1.00,1.87
2017.01.18 08:23:17.395,1.71102,1.71149,2.25,1.00
2017.01.18 08:23:17.726,1.71097,1.71146,1.00,1.50
2017.01.18 08:23:17.877,1.71099,1.71145,1.00,1.00
2017.01.18 08:23:17.978,1.71099,1.71147,1.00,1.50
2017.01.18 08:23:18.130,1.71102,1.71147,1.37,1.00
2017.01.18 08:23:18.231,1.71103,1.71152,1.00,1.50
2017.01.18 08:23:18.332,1.71101,1.7115,1.37,1.50
2017.01.18 08:23:18.641,1.71105,1.71151,1.00,1.00
2017.01.18 08:23:18.784,1.71103,1.71151,1.00,1.00
2017.01.18 08:23:18.835,1.71103,1.71149,1.00,1.00
2017.01.18 08:23:19.695,1.71104,1.71151,1.00,1.50
2017.01.18 08:23:20.307,1.71103,1.7115,1.00,1.12
2017.01.18 08:23:20.757,1.71102,1.71148,1.00,1.00
2017.01.18 08:23:21.085,1.71098,1.71145,1.00,1.00
2017.01.18 08:23:21.136,1.71098,1.71145,1.00,1.87
2017.01.18 08:23:21.237,1.71095,1.71144,1.00,1.37
2017.01.18 08:23:21.338,1.71097,1.71144,1.00,1.50
2017.01.18 08:23:21.716,1.711,1.71147,1.00,1.00
2017.01.18 08:23:22.256,1.71102,1.71147,1.00,1.50
2017.01.18 08:23:22.876,1.71101,1.71147,1.50,1.00
2017.01.18 08:23:23.077,1.71101,1.71149,1.00,1.00
2017.01.18 08:23:23.628,1.711,1.71147,1.00,1.12
2017.01.18 08:23:23.989,1.71097,1.71144,1.00,1.00
2017.01.18 08:23:24.140,1.71097,1.71146,1.00,1.12
2017.01.18 08:23:24.790,1.71102,1.71146,1.00,1.87
2017.01.18 08:23:25.215,1.71097,1.71146,1.00,1.87
2017.01.18 08:23:25.341,1.71098,1.71144,1.00,1.00
2017.01.18 08:23:25.594,1.71096,1.71144,1.00,1.00
2017.01.18 08:23:26.113,1.71096,1.71143,1.00,1.00
2017.01.18 08:23:26.214,1.71102,1.71143,1.37,1.00
2017.01.18 08:23:26.517,1.71108,1.71157,1.00,1.37
2017.01.18 08:23:26.620,1.71108,1.71155,1.00,1.12
2017.01.18 08:23:26.873,1.71109,1.71155,1.00,1.37
2017.01.18 08:23:27.075,1.71099,1.71148,1.00,1.37
2017.01.18 08:23:27.159,1.71099,1.71148,1.00,1.37
2017.01.18 08:23:27.260,1.71097,1.71146,1.00,1.12
2017.01.18 08:23:27.417,1.71097,1.71146,1.00,1.37
2017.01.18 08:23:27.521,1.71097,1.71146,1.00,1.12
2017.01.18 08:23:27.723,1.711,1.71147,1.00,1.00
2017.01.18 08:23:29.729,1.71102,1.71149,1.00,1.12
2017.01.18 08:23:30.234,1.71102,1.71148,1.00,1.00
2017.01.18 08:23:30.556,1.71106,1.71152,1.00,1.00
2017.01.18 08:23:31.008,1.71106,1.7115,1.00,1.37
2017.01.18 08:23:31.059,1.71104,1.71151,1.00,1.37
2017.01.18 08:23:31.160,1.71106,1.71152,1.00,1.37
2017.01.18 08:23:31.673,1.71106,1.71152,1.00,1.00
2017.01.18 08:23:31.925,1.71109,1.71158,1.00,1.87
2017.01.18 08:23:32.049,1.71107,1.71154,1.00,1.37
2017.01.18 08:23:32.246,1.71103,1.71151,1.00,1.00
2017.01.18 08:23:32.782,1.71104,1.71151,1.00,1.00
2017.01.18 08:23:33.322,1.71102,1.71151,1.12,1.00
2017.01.18 08:23:33.373,1.71102,1.71147,1.50,1.37
2017.01.18 08:23:33.867,1.71102,1.71144,1.00,1.00
2017.01.18 08:23:34.264,1.71098,1.71144,1.00,1.00
2017.01.18 08:23:34.369,1.71096,1.71143,1.00,1.00
2017.01.18 08:23:34.470,1.71096,1.71145,1.00,1.00
2017.01.18 08:23:36.547,1.71095,1.71144,1.00,1.00
2017.01.18 08:23:38.386,1.71095,1.71142,1.00,1.00
2017.01.18 08:23:38.890,1.71096,1.71143,1.00,1.37
2017.01.18 08:23:39.524,1.71101,1.71142,1.00,1.00
2017.01.18 08:23:40.027,1.71101,1.71143,1.00,1.00
2017.01.18 08:23:41.141,1.71096,1.71143,1.00,1.00
2017.01.18 08:23:42.165,1.71096,1.71143,1.00,1.37
2017.01.18 08:23:42.367,1.71094,1.71141,1.00,1.37
2017.01.18 08:23:42.531,1.71094,1.71141,1.00,1.37
2017.01.18 08:23:42.581,1.71094,1.71141,1.00,1.37
2017.01.18 08:23:43.348,1.71092,1.71141,1.00,1.87
2017.01.18 08:23:43.983,1.71092,1.71141,1.00,1.87
2017.01.18 08:23:44.301,1.71091,1.71139,1.00,1.37
2017.01.18 08:23:44.732,1.71102,1.7114,1.00,1.37
2017.01.18 08:23:45.080,1.71102,1.7114,1.00,1.00
2017.01.18 08:23:45.215,1.71102,1.7114,1.00,1.37
2017.01.18 08:23:45.336,1.71092,1.7114,1.00,1.37
2017.01.18 08:23:45.526,1.71102,1.7114,1.00,1.37
2017.01.18 08:23:45.769,1.71102,1.7114,1.00,1.00
2017.01.18 08:23:45.982,1.71101,1.71142,1.00,1.00
2017.01.18 08:23:46.497,1.71102,1.71142,1.00,1.12
2017.01.18 08:23:46.897,1.71102,1.71145,1.00,1.00
2017.01.18 08:23:47.256,1.71102,1.71146,1.00,1.37
2017.01.18 08:23:47.859,1.71101,1.71144,1.00,1.12
2017.01.18 08:23:48.496,1.71101,1.71146,1.00,1.37
2017.01.18 08:23:49.118,1.71101,1.71144,1.00,1.12
2017.01.18 08:23:49.966,1.71097,1.71144,1.00,1.12
2017.01.18 08:23:50.071,1.71095,1.71144,1.00,1.12
2017.01.18 08:23:50.436,1.71101,1.71144,1.00,1.12
2017.01.18 08:23:53.365,1.71101,1.71142,1.00,1.87
2017.01.18 08:23:53.416,1.71101,1.71142,1.00,1.12
2017.01.18 08:23:53.567,1.71101,1.71144,1.00,1.00
2017.01.18 08:23:53.770,1.71101,1.7115,1.50,1.37
2017.01.18 08:23:53.821,1.71101,1.71151,2.25,1.37
2017.01.18 08:23:54.418,1.71102,1.71148,1.00,1.37
2017.01.18 08:23:55.583,1.71102,1.71145,1.00,1.00
2017.01.18 08:23:56.116,1.71101,1.71145,1.50,1.00
2017.01.18 08:23:58.059,1.71101,1.71145,1.50,1.37
2017.01.18 08:23:58.328,1.71101,1.71145,1.00,1.12
2017.01.18 08:23:58.888,1.71101,1.71144,1.00,1.00
2017.01.18 08:24:00.883,1.71101,1.71144,1.00,1.37
2017.01.18 08:24:00.934,1.71102,1.71142,1.00,1.37
2017.01.18 08:24:01.136,1.71102,1.71142,1.00,1.00
2017.01.18 08:24:01.388,1.71102,1.71144,1.00,1.50
2017.01.18 08:24:01.657,1.71101,1.71146,1.00,1.12
2017.01.18 08:24:02.312,1.71102,1.71147,1.00,1.37
2017.01.18 08:24:02.523,1.71102,1.71147,1.00,1.37
2017.01.18 08:24:02.926,1.71102,1.71148,1.00,1.37
2017.01.18 08:24:03.149,1.71112,1.71148,1.00,1.00
2017.01.18 08:24:03.200,1.71111,1.71157,1.00,1.75
2017.01.18 08:24:03.301,1.71111,1.71157,1.50,1.00
2017.01.18 08:24:03.815,1.71111,1.7116,1.50,1.37
2017.01.18 08:24:04.581,1.71112,1.7116,1.00,1.37
2017.01.18 08:24:04.632,1.71122,1.7116,1.00,1.37
2017.01.18 08:24:06.820,1.71121,1.7116,1.00,1.00
2017.01.18 08:24:06.972,1.71122,1.71165,1.00,1.37
2017.01.18 08:24:07.073,1.71122,1.71167,1.00,1.00
2017.01.18 08:24:07.480,1.71121,1.71167,1.00,1.37
2017.01.18 08:24:07.983,1.71121,1.71167,1.00,1.37
2017.01.18 08:24:08.729,1.71122,1.71168,1.00,3.75
2017.01.18 08:24:09.634,1.71122,1.71168,1.00,2.25
2017.01.18 08:24:10.217,1.71121,1.71168,1.00,1.37
2017.01.18 08:24:12.035,1.71122,1.71169,1.00,2.62
2017.01.18 08:24:12.356,1.71123,1.7117,1.00,1.37
2017.01.18 08:24:12.726,1.71122,1.71169,1.00,1.87
2017.01.18 08:24:12.827,1.71122,1.71169,1.00,1.37
2017.01.18 08:24:13.467,1.71131,1.7117,1.00,1.00
2017.01.18 08:24:13.627,1.71132,1.71172,1.00,1.00
2017.01.18 08:24:14.132,1.71131,1.71173,1.00,1.37
2017.01.18 08:24:14.233,1.71131,1.71171,1.00,1.37
2017.01.18 08:24:14.524,1.71141,1.71182,1.12,1.00
2017.01.18 08:24:14.575,1.71141,1.71185,1.12,1.87
2017.01.18 08:24:14.676,1.71151,1.71187,1.00,1.75
2017.01.18 08:24:14.822,1.71151,1.71187,1.00,1.00
2017.01.18 08:24:14.923,1.71151,1.71192,1.00,1.37
2017.01.18 08:24:15.024,1.71151,1.71191,1.00,1.37
2017.01.18 08:24:15.125,1.71151,1.71191,1.00,1.50
2017.01.18 08:24:15.642,1.71151,1.71192,1.00,1.00
2017.01.18 08:24:16.471,1.71151,1.71193,1.00,1.00
2017.01.18 08:24:16.885,1.71152,1.7119,1.00,1.00
2017.01.18 08:24:16.935,1.71142,1.71191,1.00,1.37
2017.01.18 08:24:16.986,1.71141,1.71186,1.00,2.62
2017.01.18 08:24:17.087,1.71141,1.71183,1.00,1.12
2017.01.18 08:24:17.138,1.71141,1.71181,1.00,1.12
2017.01.18 08:24:17.340,1.71141,1.71184,1.00,1.00
2017.01.18 08:24:17.866,1.71141,1.71185,1.00,1.00
2017.01.18 08:24:19.553,1.71151,1.71187,1.00,1.00
2017.01.18 08:24:19.665,1.71151,1.71191,1.00,1.00
2017.01.18 08:24:19.817,1.71161,1.71192,1.00,1.00
2017.01.18 08:24:19.918,1.71151,1.71192,1.00,1.00
2017.01.18 08:24:20.025,1.71152,1.7119,1.00,1.37
2017.01.18 08:24:20.177,1.71141,1.71186,1.00,1.37
2017.01.18 08:24:20.754,1.71142,1.71184,1.00,1.87
2017.01.18 08:24:20.804,1.71142,1.71182,1.00,1.12
2017.01.18 08:24:21.353,1.71142,1.71185,1.00,1.37
2017.01.18 08:24:21.821,1.71142,1.71186,1.00,1.12
2017.01.18 08:24:21.872,1.71142,1.71182,1.00,1.00
2017.01.18 08:24:22.175,1.71151,1.71188,1.00,1.12
2017.01.18 08:24:22.680,1.71152,1.71191,1.00,1.12
2017.01.18 08:24:22.933,1.71152,1.71191,1.00,1.00
2017.01.18 08:24:23.440,1.71152,1.71194,1.00,1.00
2017.01.18 08:24:24.021,1.71152,1.71196,1.00,1.37
2017.01.18 08:24:24.284,1.71162,1.71199,1.00,1.00
2017.01.18 08:24:24.385,1.71161,1.71201,1.00,1.87
2017.01.18 08:24:24.436,1.71161,1.71199,1.00,1.00
2017.01.18 08:24:24.487,1.71161,1.71201,1.00,1.87
2017.01.18 08:24:24.639,1.71171,1.71201,1.00,1.12
2017.01.18 08:24:25.053,1.71162,1.71201,1.00,1.12
2017.01.18 08:24:25.568,1.71161,1.71201,1.00,1.50
2017.01.18 08:24:25.625,1.71161,1.71199,1.00,1.00
2017.01.18 08:24:26.165,1.71161,1.71198,1.00,1.00
2017.01.18 08:24:26.709,1.71161,1.71199,1.00,1.00
2017.01.18 08:24:26.860,1.71162,1.71202,1.00,1.00
2017.01.18 08:24:27.319,1.71161,1.712,1.00,1.00
2017.01.18 08:24:27.672,1.71161,1.71198,1.00,1.00
2017.01.18 08:24:28.781,1.71161,1.71197,1.00,1.00
2017.01.18 08:24:29.292,1.71161,1.71198,1.00,1.00
2017.01.18 08:24:29.517,1.71162,1.712,1.00,1.00
2017.01.18 08:24:29.868,1.71171,1.71207,1.00,1.00
2017.01.18 08:24:29.919,1.71171,1.7121,1.00,1.00
2017.01.18 08:24:30.020,1.71171,1.71208,1.00,1.00
2017.01.18 08:24:30.172,1.71163,1.71206,1.00,1.37
2017.01.18 08:24:30.273,1.71163,1.71207,1.00,1.00
2017.01.18 08:24:30.324,1.71172,1.71207,1.00,1.00
2017.01.18 08:24:30.375,1.71162,1.71204,1.00,1.00
2017.01.18 08:24:30.780,1.71162,1.71206,1.00,1.00
2017.01.18 08:24:30.994,1.71171,1.71203,1.00,1.00
2017.01.18 08:24:31.195,1.71171,1.71205,1.00,1.00
2017.01.18 08:24:31.347,1.71161,1.71205,1.00,1.00
2017.01.18 08:24:31.884,1.71162,1.71204,1.00,1.00
2017.01.18 08:24:32.258,1.71162,1.71202,1.00,1.00
2017.01.18 08:24:32.359,1.71162,1.71204,1.00,1.12
2017.01.18 08:24:32.882,1.71161,1.71205,1.00,1.37
2017.01.18 08:24:32.983,1.71161,1.71205,1.00,1.37
2017.01.18 08:24:33.185,1.71161,1.71205,1.00,1.37
2017.01.18 08:24:33.538,1.71172,1.71207,1.00,1.37
2017.01.18 08:24:33.589,1.71172,1.71209,1.00,1.37
2017.01.18 08:24:34.100,1.71171,1.71211,1.00,1.37
2017.01.18 08:24:34.637,1.71171,1.71208,1.00,1.00
2017.01.18 08:24:35.551,1.71171,1.7121,1.00,1.00
2017.01.18 08:24:36.127,1.71171,1.71209,1.00,1.00
2017.01.18 08:24:36.228,1.71171,1.71211,1.00,1.00
2017.01.18 08:24:37.429,1.71172,1.71213,1.00,1.00
2017.01.18 08:24:37.681,1.71172,1.71215,1.00,1.00
2017.01.18 08:24:38.181,1.71172,1.71215,1.37,1.00
2017.01.18 08:24:38.483,1.71181,1.71221,1.00,1.12
2017.01.18 08:24:38.534,1.71174,1.71221,1.12,1.00
2017.01.18 08:24:38.585,1.71173,1.71219,1.12,1.00
2017.01.18 08:24:38.912,1.71172,1.71218,1.00,1.37
2017.01.18 08:24:39.215,1.71172,1.7121,1.00,1.00
2017.01.18 08:24:39.545,1.71171,1.71208,1.00,1.00
2017.01.18 08:24:39.646,1.71163,1.71203,1.00,1.00
2017.01.18 08:24:39.697,1.71161,1.71204,1.12,1.00
2017.01.18 08:24:39.798,1.71161,1.71202,1.12,1.00
2017.01.18 08:24:40.076,1.71162,1.71204,1.00,1.12
2017.01.18 08:24:40.127,1.71162,1.71202,1.00,1.00
2017.01.18 08:24:40.490,1.71162,1.71205,1.00,1.50
2017.01.18 08:24:41.092,1.71162,1.71203,1.00,1.00
2017.01.18 08:24:41.535,1.71162,1.71205,1.00,1.50
2017.01.18 08:24:41.636,1.71162,1.71207,1.00,1.50
2017.01.18 08:24:42.264,1.71162,1.71208,1.00,1.00
2017.01.18 08:24:42.365,1.71161,1.71206,1.00,1.00
2017.01.18 08:24:42.567,1.71162,1.71208,1.00,1.00
2017.01.18 08:24:42.888,1.71161,1.71205,1.00,1.00
2017.01.18 08:24:42.938,1.71162,1.7121,1.12,1.00
2017.01.18 08:24:42.989,1.71162,1.7121,1.87,1.00
2017.01.18 08:24:43.312,1.71171,1.71209,1.00,1.00
2017.01.18 08:24:43.415,1.71163,1.71209,1.37,1.00
2017.01.18 08:24:43.466,1.71163,1.71211,1.37,1.50
2017.01.18 08:24:43.815,1.71171,1.71211,1.00,1.00
2017.01.18 08:24:44.030,1.71165,1.71212,1.00,1.00
2017.01.18 08:24:44.244,1.71164,1.71214,1.12,1.12
2017.01.18 08:24:44.530,1.71164,1.71214,1.37,1.00
2017.01.18 08:24:44.834,1.71172,1.71214,1.00,1.00
2017.01.18 08:24:45.202,1.71171,1.71211,1.00,1.00
2017.01.18 08:24:46.620,1.71164,1.71211,1.37,1.00
2017.01.18 08:24:47.135,1.71171,1.71212,1.00,1.00
2017.01.18 08:24:47.642,1.71171,1.71213,1.00,1.12
2017.01.18 08:24:47.744,1.71171,1.71216,1.00,1.12
2017.01.18 08:24:47.794,1.71171,1.71218,1.37,1.00
2017.01.18 08:24:48.140,1.71174,1.71224,1.87,1.00
2017.01.18 08:24:48.313,1.71176,1.71224,1.00,1.37
2017.01.18 08:24:48.616,1.71176,1.71224,1.00,1.00
2017.01.18 08:24:48.922,1.71182,1.71223,1.00,1.00
2017.01.18 08:24:50.857,1.71182,1.71225,1.00,1.87
2017.01.18 08:24:51.008,1.71182,1.71222,1.00,1.12
2017.01.18 08:24:51.684,1.71182,1.71223,1.00,1.37
2017.01.18 08:24:53.245,1.71174,1.71222,1.00,1.37
2017.01.18 08:24:53.403,1.71174,1.71222,1.00,1.37
2017.01.18 08:24:53.454,1.71171,1.71219,1.00,1.37
2017.01.18 08:24:53.858,1.71171,1.7122,1.50,1.37
2017.01.18 08:24:54.590,1.71172,1.7122,1.12,1.00
2017.01.18 08:24:54.784,1.71174,1.71221,1.00,1.37
2017.01.18 08:24:55.116,1.71182,1.71222,1.00,1.00
2017.01.18 08:24:55.167,1.71182,1.71224,1.00,1.00
2017.01.18 08:24:55.268,1.71182,1.71226,1.00,1.00
2017.01.18 08:24:55.369,1.71182,1.71228,1.00,1.00
2017.01.18 08:24:55.419,1.71191,1.71225,1.00,1.00
2017.01.18 08:24:55.943,1.71182,1.71225,1.00,1.12
2017.01.18 08:24:56.263,1.71182,1.71227,1.00,1.00
2017.01.18 08:24:56.314,1.71192,1.71232,1.00,1.00
2017.01.18 08:24:56.466,1.71192,1.71236,1.00,1.00
2017.01.18 08:24:56.801,1.71192,1.71233,1.00,1.00
2017.01.18 08:24:57.327,1.71191,1.71234,1.00,1.37
2017.01.18 08:24:57.428,1.71183,1.7123,1.50,1.00
2017.01.18 08:24:57.529,1.71183,1.71229,1.00,1.37
2017.01.18 08:24:57.580,1.71181,1.71227,1.00,1.12
2017.01.18 08:24:57.630,1.71182,1.71226,1.00,1.37
2017.01.18 08:24:57.949,1.71182,1.71226,1.00,1.00
2017.01.18 08:24:58.000,1.71184,1.71232,1.37,1.50
2017.01.18 08:24:58.051,1.71192,1.71232,1.00,1.50
2017.01.18 08:24:58.152,1.71192,1.71235,1.00,2.25
2017.01.18 08:24:58.816,1.71191,1.71235,1.00,1.12
2017.01.18 08:24:58.866,1.71191,1.71235,1.00,1.37
2017.01.18 08:24:59.383,1.71191,1.71235,1.00,1.12
2017.01.18 08:24:59.910,1.71192,1.71235,1.00,1.12
2017.01.18 08:25:00.539,1.71192,1.71234,1.00,1.00
2017.01.18 08:25:00.590,1.71191,1.71234,1.00,1.37
2017.01.18 08:25:00.897,1.71191,1.7123,1.00,1.00
2017.01.18 08:25:01.200,1.71191,1.71227,1.00,1.00
2017.01.18 08:25:01.915,1.71191,1.71226,1.00,1.00
2017.01.18 08:25:02.247,1.71191,1.71228,1.00,1.00
2017.01.18 08:25:02.766,1.71192,1.71228,1.00,1.00
2017.01.18 08:25:02.817,1.71192,1.71231,1.00,1.87
2017.01.18 08:25:03.317,1.71192,1.71233,1.00,1.00
2017.01.18 08:25:03.418,1.71191,1.71234,1.00,1.37
2017.01.18 08:25:04.036,1.71191,1.71233,1.00,1.12
2017.01.18 08:25:05.273,1.71192,1.71236,1.00,1.50
2017.01.18 08:25:05.779,1.71192,1.71237,1.00,1.00
2017.01.18 08:25:06.303,1.71192,1.71236,1.00,1.00
2017.01.18 08:25:07.234,1.71192,1.71238,1.00,1.00
2017.01.18 08:25:07.800,1.71191,1.71237,1.00,1.00
2017.01.18 08:25:08.382,1.71192,1.71237,1.00,1.00
2017.01.18 08:25:08.560,1.71202,1.71237,1.00,1.00
2017.01.18 08:25:08.664,1.71192,1.71237,1.00,1.00
2017.01.18 08:25:11.296,1.71192,1.71238,1.00,1.00
2017.01.18 08:25:11.566,1.71202,1.71235,1.00,1.00
2017.01.18 08:25:11.768,1.71202,1.71237,1.00,1.00
2017.01.18 08:25:12.224,1.71202,1.7124,1.00,1.00
2017.01.18 08:25:12.739,1.71202,1.71239,1.00,1.00
2017.01.18 08:25:13.335,1.71201,1.71239,1.00,1.00
2017.01.18 08:25:15.071,1.71201,1.7124,1.00,1.00
2017.01.18 08:25:15.222,1.71201,1.71242,1.00,1.00
2017.01.18 08:25:15.849,1.71201,1.7124,1.00,1.00
2017.01.18 08:25:16.001,1.71201,1.71243,1.00,1.00
2017.01.18 08:25:16.052,1.71201,1.71245,1.00,1.00
2017.01.18 08:25:16.481,1.71201,1.71247,1.37,1.00
2017.01.18 08:25:16.582,1.71201,1.71248,1.12,1.00
2017.01.18 08:25:16.683,1.71201,1.71246,1.00,1.00
2017.01.18 08:25:16.935,1.71212,1.71258,1.00,1.00
2017.01.18 08:25:16.986,1.71215,1.71259,1.00,1.00
2017.01.18 08:25:17.289,1.71222,1.71265,1.00,1.00
2017.01.18 08:25:17.491,1.71223,1.71271,1.00,1.50
2017.01.18 08:25:17.551,1.71231,1.71271,1.00,1.00
2017.01.18 08:25:17.702,1.71231,1.71273,1.00,1.50
2017.01.18 08:25:17.888,1.71231,1.71275,1.37,1.00
2017.01.18 08:25:17.938,1.71231,1.71277,1.37,1.00
2017.01.18 08:25:17.989,1.71231,1.71277,1.00,1.00
2017.01.18 08:25:18.825,1.71231,1.71278,1.50,1.00
2017.01.18 08:25:18.976,1.71232,1.71282,1.12,1.00
2017.01.18 08:25:19.027,1.71241,1.71282,1.00,1.00
2017.01.18 08:25:19.077,1.71241,1.71284,1.00,1.87
2017.01.18 08:25:19.524,1.71242,1.71281,1.00,1.00
2017.01.18 08:25:19.579,1.71237,1.71283,1.00,1.00
2017.01.18 08:25:19.630,1.71242,1.71282,1.00,1.00
2017.01.18 08:25:19.983,1.71242,1.71278,1.00,1.00
2017.01.18 08:25:20.034,1.71242,1.7128,1.00,1.00
2017.01.18 08:25:20.085,1.71242,1.71278,1.00,1.00
2017.01.18 08:25:20.136,1.71232,1.71278,1.00,1.00
2017.01.18 08:25:20.238,1.71241,1.71278,1.00,1.00
2017.01.18 08:25:20.339,1.71242,1.7128,1.00,1.00
2017.01.18 08:25:20.851,1.71241,1.71283,1.00,1.50
2017.01.18 08:25:20.976,1.71241,1.71285,1.00,1.00
2017.01.18 08:25:21.433,1.71242,1.71283,1.00,1.00
2017.01.18 08:25:21.836,1.71252,1.71287,1.00,1.00
2017.01.18 08:25:21.937,1.71252,1.71291,1.00,1.50
2017.01.18 08:25:22.133,1.71251,1.71294,1.00,1.00
2017.01.18 08:25:22.926,1.71252,1.71293,1.00,1.00
2017.01.18 08:25:26.227,1.71252,1.71294,1.00,1.00
2017.01.18 08:25:26.328,1.71252,1.71297,1.00,1.50
2017.01.18 08:25:27.359,1.71251,1.71297,1.00,1.00
2017.01.18 08:25:27.945,1.71252,1.71297,1.00,1.00
2017.01.18 08:25:28.424,1.71252,1.71301,1.87,1.00
2017.01.18 08:25:28.475,1.71252,1.71298,1.00,1.12
2017.01.18 08:25:29.001,1.71251,1.71296,1.00,1.00
2017.01.18 08:25:29.473,1.71252,1.71298,1.37,1.00
2017.01.18 08:25:29.817,1.71253,1.713,1.00,1.00
2017.01.18 08:25:29.918,1.71256,1.71301,1.00,1.00
2017.01.18 08:25:30.327,1.71261,1.71303,1.00,1.00
2017.01.18 08:25:30.636,1.71262,1.71298,1.00,1.00
2017.01.18 08:25:31.114,1.71261,1.71305,1.12,1.50
2017.01.18 08:25:31.165,1.71271,1.71305,1.00,1.00
2017.01.18 08:25:31.216,1.71271,1.71307,1.00,1.00
2017.01.18 08:25:31.317,1.71272,1.71301,1.00,1.00
2017.01.18 08:25:31.418,1.71261,1.71301,1.00,1.00
2017.01.18 08:25:32.540,1.71261,1.71307,1.00,1.50
2017.01.18 08:25:32.591,1.71261,1.71305,1.00,1.00
2017.01.18 08:25:32.815,1.71261,1.71307,1.00,1.12
2017.01.18 08:25:33.120,1.71261,1.71303,1.00,1.00
2017.01.18 08:25:33.622,1.71262,1.71303,1.00,1.00
2017.01.18 08:25:35.000,1.71261,1.71303,1.00,1.00
2017.01.18 08:25:36.086,1.71261,1.71303,1.00,1.37
2017.01.18 08:25:36.553,1.71261,1.71303,1.00,1.12
2017.01.18 08:25:37.063,1.71261,1.71305,1.00,1.37
2017.01.18 08:25:37.679,1.71262,1.71305,1.00,1.37
2017.01.18 08:25:37.931,1.71262,1.713,1.00,1.00
2017.01.18 08:25:38.033,1.71253,1.71296,1.00,1.37
2017.01.18 08:25:38.134,1.71262,1.71296,1.00,1.00
2017.01.18 08:25:38.235,1.71252,1.71294,1.12,1.00
2017.01.18 08:25:38.337,1.71252,1.7129,1.00,1.87
2017.01.18 08:25:38.438,1.71252,1.71291,1.00,1.37
2017.01.18 08:25:38.741,1.71251,1.71287,1.00,1.37
2017.01.18 08:25:38.792,1.71251,1.71288,1.00,1.00
2017.01.18 08:25:38.893,1.71252,1.7129,1.00,1.00
2017.01.18 08:25:39.125,1.71252,1.713,1.00,1.00
2017.01.18 08:25:39.278,1.71252,1.71298,1.00,1.00
2017.01.18 08:25:39.803,1.71251,1.71297,1.00,1.00
2017.01.18 08:25:40.135,1.71251,1.71295,1.00,1.00
2017.01.18 08:25:40.724,1.71252,1.71295,1.00,1.00
2017.01.18 08:25:41.258,1.71251,1.71294,1.00,1.50
2017.01.18 08:25:41.571,1.71251,1.71291,1.00,1.37
2017.01.18 08:25:41.621,1.71251,1.71292,1.00,1.00
2017.01.18 08:25:41.722,1.71251,1.71295,1.00,1.00
2017.01.18 08:25:42.034,1.71251,1.71294,1.00,1.37
2017.01.18 08:25:42.085,1.71251,1.71295,1.00,1.00
2017.01.18 08:25:42.615,1.71252,1.71296,1.00,1.87
2017.01.18 08:25:43.019,1.71244,1.71294,2.25,1.37
2017.01.18 08:25:43.070,1.71242,1.71289,1.37,1.12
2017.01.18 08:25:43.120,1.71242,1.71289,1.00,1.37
2017.01.18 08:25:43.221,1.71242,1.71286,1.00,1.00
2017.01.18 08:25:43.524,1.71238,1.71286,1.00,1.12
2017.01.18 08:25:43.817,1.71238,1.71285,1.00,1.37
2017.01.18 08:25:44.120,1.71232,1.71278,1.12,1.37
2017.01.18 08:25:44.221,1.71232,1.71278,1.12,1.00
2017.01.18 08:25:44.523,1.71242,1.71281,1.00,1.87
2017.01.18 08:25:44.574,1.71242,1.71281,1.00,1.50
2017.01.18 08:25:44.675,1.71242,1.71283,1.00,1.00
2017.01.18 08:25:45.274,1.71241,1.71284,1.00,1.00
2017.01.18 08:25:45.849,1.71242,1.71284,1.00,1.00
2017.01.18 08:25:46.200,1.71242,1.71285,1.00,1.37
2017.01.18 08:25:46.251,1.71236,1.71284,1.00,1.37
2017.01.18 08:25:46.408,1.71233,1.71282,1.00,1.00
2017.01.18 08:25:46.666,1.71242,1.71282,1.00,1.00
2017.01.18 08:25:47.007,1.71242,1.71284,1.00,1.00
2017.01.18 08:25:47.058,1.71242,1.7128,1.00,1.00
2017.01.18 08:25:47.209,1.71233,1.71279,1.00,1.37
2017.01.18 08:25:47.310,1.71232,1.71274,1.00,1.12
2017.01.18 08:25:47.663,1.71241,1.71276,1.00,1.50
2017.01.18 08:25:47.714,1.71232,1.71276,1.00,1.50
2017.01.18 08:25:47.815,1.71242,1.71276,1.00,1.00
2017.01.18 08:25:47.866,1.71242,1.71278,1.00,1.00
2017.01.18 08:25:48.237,1.71232,1.71275,1.00,1.00
2017.01.18 08:25:48.388,1.71241,1.71274,1.00,1.50
2017.01.18 08:25:48.490,1.71231,1.71276,1.00,1.00
2017.01.18 08:25:48.658,1.71241,1.71279,1.00,1.00
2017.01.18 08:25:49.180,1.71241,1.7128,1.00,1.00
2017.01.18 08:25:49.574,1.71242,1.71278,1.00,1.00
2017.01.18 08:25:49.645,1.71232,1.71278,1.00,1.87
2017.01.18 08:25:50.048,1.71241,1.71278,1.00,1.50
2017.01.18 08:25:51.024,1.71241,1.71278,1.00,1.87
2017.01.18 08:25:51.395,1.71242,1.71278,1.00,1.37
2017.01.18 08:25:51.597,1.71242,1.71279,1.00,1.50
2017.01.18 08:25:51.648,1.71252,1.71283,1.00,2.62
2017.01.18 08:25:51.749,1.71252,1.71284,1.00,1.87
2017.01.18 08:25:51.850,1.71252,1.71287,1.00,1.37
2017.01.18 08:25:51.901,1.71252,1.71289,1.00,1.00
2017.01.18 08:25:51.952,1.71252,1.71293,1.00,1.00
2017.01.18 08:25:52.053,1.71252,1.71299,1.12,1.00
2017.01.18 08:25:52.154,1.71252,1.71301,1.37,1.37
2017.01.18 08:25:52.465,1.71261,1.71304,1.00,2.62
2017.01.18 08:25:52.529,1.71261,1.71301,1.00,1.00
2017.01.18 08:25:52.681,1.71261,1.71303,1.00,1.87
2017.01.18 08:25:52.883,1.71273,1.71305,1.87,1.00
2017.01.18 08:25:52.934,1.71271,1.71305,1.00,1.00
2017.01.18 08:25:52.985,1.71271,1.7131,1.00,1.00
2017.01.18 08:25:53.036,1.71281,1.7131,1.00,1.00
2017.01.18 08:25:53.087,1.71281,1.7132,1.00,1.12
2017.01.18 08:25:53.138,1.71281,1.71317,1.00,1.00
2017.01.18 08:25:53.239,1.71281,1.7132,1.00,1.00
2017.01.18 08:25:53.955,1.71282,1.7132,1.00,1.00
2017.01.18 08:25:54.514,1.71281,1.7132,1.00,1.00
2017.01.18 08:25:55.022,1.71272,1.71321,1.87,1.00
2017.01.18 08:25:55.123,1.71272,1.7132,1.00,1.00
2017.01.18 08:25:55.659,1.71271,1.71319,1.12,1.00
2017.01.18 08:25:55.760,1.71272,1.71319,1.00,1.37
2017.01.18 08:25:56.062,1.71271,1.71302,1.00,1.00
2017.01.18 08:25:56.243,1.71261,1.71302,1.00,1.00
2017.01.18 08:25:56.851,1.71261,1.71303,1.00,1.12
2017.01.18 08:25:57.714,1.71262,1.71303,1.00,1.00
2017.01.18 08:25:58.015,1.71261,1.71302,1.00,1.37
2017.01.18 08:25:58.066,1.71253,1.71296,1.00,1.50
2017.01.18 08:25:58.268,1.71252,1.71294,1.12,1.00
2017.01.18 08:25:58.570,1.71252,1.71296,1.12,1.00
2017.01.18 08:25:58.756,1.71261,1.71296,1.00,1.00
2017.01.18 08:25:58.829,1.71261,1.71299,1.00,1.00
2017.01.18 08:26:00.260,1.71252,1.71299,1.00,1.00
2017.01.18 08:26:00.960,1.71252,1.71301,1.00,1.00
2017.01.18 08:26:01.111,1.71252,1.71299,1.00,1.00
2017.01.18 08:26:01.413,1.71262,1.713,1.00,1.00
2017.01.18 08:26:01.716,1.71261,1.71297,1.00,1.37
2017.01.18 08:26:01.817,1.71261,1.71298,1.00,1.00
2017.01.18 08:26:01.918,1.71251,1.71297,1.00,1.00
2017.01.18 08:26:02.115,1.71252,1.71293,1.00,1.00
2017.01.18 08:26:02.470,1.71252,1.71291,1.00,1.00
2017.01.18 08:26:02.675,1.71251,1.71293,1.00,1.50
2017.01.18 08:26:03.243,1.71252,1.71293,1.00,1.50
2017.01.18 08:26:03.764,1.71251,1.71293,1.00,1.00
2017.01.18 08:26:04.298,1.71251,1.71292,1.00,1.00
2017.01.18 08:26:04.664,1.71252,1.71295,1.00,1.00
2017.01.18 08:26:04.765,1.71252,1.71298,1.00,1.87
2017.01.18 08:26:05.377,1.71252,1.71298,1.00,1.87
2017.01.18 08:26:06.417,1.71251,1.71297,1.00,1.37
2017.01.18 08:26:09.073,1.71251,1.71296,1.00,1.37
2017.01.18 08:26:09.381,1.71252,1.71288,1.00,1.37
2017.01.18 08:26:09.432,1.71241,1.71288,1.00,1.12
2017.01.18 08:26:10.520,1.71241,1.71289,1.00,1.37
2017.01.18 08:26:11.183,1.71242,1.71287,1.00,1.87
2017.01.18 08:26:11.821,1.71242,1.71287,1.00,1.50
2017.01.18 08:26:11.871,1.71244,1.71291,1.00,1.00
2017.01.18 08:26:11.922,1.71252,1.71291,1.00,1.00
2017.01.18 08:26:12.023,1.71241,1.71287,1.00,1.00
2017.01.18 08:26:12.169,1.71241,1.71288,1.00,1.37
2017.01.18 08:26:12.221,1.71241,1.71287,1.00,1.12
2017.01.18 08:26:12.723,1.71241,1.71289,1.00,1.87
2017.01.18 08:26:13.483,1.71241,1.71287,1.00,1.00
2017.01.18 08:26:14.413,1.71242,1.71287,1.00,1.00
2017.01.18 08:26:14.966,1.71242,1.71288,1.00,1.37
2017.01.18 08:26:15.255,1.71252,1.71289,1.00,1.37
2017.01.18 08:26:15.342,1.71252,1.71289,1.00,1.12
2017.01.18 08:26:15.443,1.71262,1.71291,1.00,1.00
2017.01.18 08:26:15.645,1.71262,1.71294,1.00,1.00
2017.01.18 08:26:16.152,1.71262,1.71295,1.00,1.00
2017.01.18 08:26:16.813,1.71262,1.71296,1.00,1.12
2017.01.18 08:26:17.522,1.71262,1.71298,1.00,1.00
2017.01.18 08:26:17.697,1.71262,1.71305,1.00,1.12
2017.01.18 08:26:17.748,1.71262,1.71303,1.00,1.00
2017.01.18 08:26:18.051,1.71262,1.71302,1.00,1.87
2017.01.18 08:26:18.152,1.71262,1.71299,1.00,1.00
2017.01.18 08:26:18.253,1.71262,1.71297,1.00,1.37
2017.01.18 08:26:18.354,1.71251,1.71296,1.37,1.37
2017.01.18 08:26:18.405,1.71251,1.71296,1.00,1.37
2017.01.18 08:26:18.874,1.71251,1.71296,1.00,1.00
2017.01.18 08:26:18.925,1.71251,1.71295,1.00,1.37
2017.01.18 08:26:18.976,1.71251,1.71295,1.00,1.37
2017.01.18 08:26:19.277,1.71251,1.71297,1.00,1.37
2017.01.18 08:26:19.378,1.71262,1.71297,1.00,1.00
2017.01.18 08:26:19.732,1.71251,1.71299,1.50,1.37
2017.01.18 08:26:19.833,1.71261,1.71299,1.00,1.00
2017.01.18 08:26:20.057,1.71251,1.71299,1.00,1.12
2017.01.18 08:26:20.512,1.71252,1.71299,1.37,1.00
2017.01.18 08:26:20.815,1.71262,1.71302,1.00,1.00
2017.01.18 08:26:21.034,1.71252,1.71301,2.25,1.00
2017.01.18 08:26:21.194,1.71252,1.71301,2.25,1.37
2017.01.18 08:26:21.497,1.71242,1.71286,1.00,1.00
2017.01.18 08:26:21.799,1.71242,1.71288,1.00,1.00
2017.01.18 08:26:21.951,1.71244,1.71287,1.00,1.00
2017.01.18 08:26:22.274,1.71261,1.71306,1.00,1.12
2017.01.18 08:26:22.858,1.71261,1.71305,1.00,1.00
2017.01.18 08:26:22.963,1.71258,1.71305,1.00,1.37
2017.01.18 08:26:23.215,1.71252,1.71297,1.00,1.00
2017.01.18 08:26:23.900,1.71252,1.71299,1.00,1.12
2017.01.18 08:26:24.001,1.71252,1.71297,1.00,1.00
2017.01.18 08:26:24.083,1.71252,1.71299,1.00,1.12
2017.01.18 08:26:24.235,1.71261,1.71299,1.00,1.37
2017.01.18 08:26:24.539,1.71272,1.71306,1.00,1.00
2017.01.18 08:26:24.749,1.71262,1.71306,1.00,1.00
2017.01.18 08:26:24.952,1.71271,1.71306,1.00,1.12
2017.01.18 08:26:25.165,1.71261,1.71306,1.00,1.00
2017.01.18 08:26:25.816,1.71261,1.71305,1.00,1.00
2017.01.18 08:26:26.142,1.71261,1.71307,1.00,1.87
2017.01.18 08:26:26.385,1.71261,1.71307,1.00,1.87
2017.01.18 08:26:26.638,1.71253,1.71303,1.00,1.87
2017.01.18 08:26:26.858,1.71253,1.71304,1.00,1.37
2017.01.18 08:26:27.377,1.71254,1.71304,1.00,1.37
2017.01.18 08:26:27.474,1.71254,1.71304,1.00,1.37
2017.01.18 08:26:27.525,1.71261,1.71304,1.00,1.00
2017.01.18 08:26:27.604,1.71261,1.71307,1.12,1.00
2017.01.18 08:26:27.655,1.71261,1.71309,1.12,1.00
2017.01.18 08:26:27.756,1.71272,1.71311,1.00,1.50
2017.01.18 08:26:29.511,1.71271,1.71312,1.00,1.37
2017.01.18 08:26:29.958,1.71262,1.7131,1.50,1.12
2017.01.18 08:26:30.059,1.71262,1.71308,1.00,1.37
2017.01.18 08:26:30.112,1.71262,1.71308,1.00,1.12
2017.01.18 08:26:30.213,1.71258,1.71303,1.12,1.37
2017.01.18 08:26:30.617,1.71252,1.71301,1.50,1.00
2017.01.18 08:26:31.438,1.71252,1.71301,1.50,1.37
2017.01.18 08:26:31.747,1.71262,1.71297,1.00,1.12
2017.01.18 08:26:32.059,1.71252,1.713,1.00,1.37
2017.01.18 08:26:32.110,1.71252,1.71303,1.87,1.00
2017.01.18 08:26:32.312,1.71252,1.71303,2.25,1.37
2017.01.18 08:26:32.883,1.71252,1.71304,1.50,3.37
2017.01.18 08:26:33.248,1.71261,1.71302,1.00,1.87
2017.01.18 08:26:33.469,1.71253,1.71302,1.00,1.87
2017.01.18 08:26:34.607,1.71252,1.71301,2.25,1.37
2017.01.18 08:26:36.459,1.71261,1.71301,1.00,1.37
2017.01.18 08:26:36.862,1.71252,1.71301,2.25,1.37
2017.01.18 08:26:36.963,1.71261,1.71302,1.00,1.37
2017.01.18 08:26:38.530,1.71252,1.713,1.50,1.37
2017.01.18 08:26:40.851,1.71252,1.71298,1.50,1.87
2017.01.18 08:26:41.132,1.71252,1.71296,1.00,1.37
2017.01.18 08:26:41.334,1.71246,1.71291,1.12,1.12
2017.01.18 08:26:41.385,1.71242,1.71291,2.25,1.37
2017.01.18 08:26:41.435,1.71242,1.71292,1.37,1.37
2017.01.18 08:26:41.486,1.71242,1.71291,1.50,1.37
2017.01.18 08:26:41.537,1.71242,1.71292,1.50,1.37
2017.01.18 08:26:41.758,1.71242,1.71292,1.50,1.37
2017.01.18 08:26:42.128,1.71242,1.71291,1.00,1.87
2017.01.18 08:26:42.179,1.71242,1.71289,1.00,1.12
2017.01.18 08:26:42.741,1.71242,1.71287,1.00,1.12
2017.01.18 08:26:43.447,1.71242,1.71286,1.00,1.00
2017.01.18 08:26:44.981,1.71242,1.71283,1.00,1.37
2017.01.18 08:26:45.032,1.71232,1.7128,1.37,1.37
2017.01.18 08:26:45.133,1.71231,1.7128,1.50,1.87
2017.01.18 08:26:45.183,1.71231,1.71277,1.50,1.37
2017.01.18 08:26:48.157,1.71231,1.71273,1.00,1.00
2017.01.18 08:26:48.562,1.71231,1.71275,1.00,1.00
2017.01.18 08:26:48.663,1.71231,1.71277,1.00,1.50
2017.01.18 08:26:49.391,1.71241,1.71277,1.00,1.00
2017.01.18 08:26:49.744,1.71232,1.71276,1.00,1.12
2017.01.18 08:26:50.441,1.71232,1.71277,1.00,1.00
2017.01.18 08:26:51.642,1.71232,1.71276,1.00,1.00
2017.01.18 08:26:51.882,1.71242,1.71276,1.00,1.00
2017.01.18 08:26:51.933,1.71232,1.71275,1.00,1.00
2017.01.18 08:26:52.034,1.71231,1.71273,1.00,1.00
2017.01.18 08:26:52.755,1.71232,1.71273,1.00,1.00
2017.01.18 08:26:53.301,1.71232,1.71272,1.00,1.00
2017.01.18 08:26:53.352,1.71232,1.71274,1.00,1.00
2017.01.18 08:26:53.653,1.71231,1.71272,1.00,1.00
2017.01.18 08:26:53.958,1.71231,1.71273,1.00,1.87
2017.01.18 08:26:54.013,1.71231,1.71273,1.00,1.87
2017.01.18 08:26:54.264,1.71231,1.71271,1.00,1.00
2017.01.18 08:26:54.631,1.71231,1.71273,1.00,1.12
2017.01.18 08:26:54.934,1.71231,1.7127,1.00,1.00
2017.01.18 08:26:55.035,1.71221,1.7127,1.00,1.00
2017.01.18 08:26:55.342,1.71232,1.7127,1.00,1.00
2017.01.18 08:26:55.443,1.71232,1.71272,1.00,1.00
2017.01.18 08:26:55.544,1.71232,1.71275,1.00,1.00
2017.01.18 08:26:56.149,1.71232,1.71278,1.00,1.00
2017.01.18 08:26:56.748,1.71232,1.71278,1.00,1.37
2017.01.18 08:26:57.251,1.71231,1.71276,1.00,1.00
2017.01.18 08:26:57.962,1.71225,1.71269,1.00,1.00
2017.01.18 08:26:58.063,1.71222,1.71268,1.00,1.00
2017.01.18 08:26:58.611,1.71222,1.71267,1.00,1.12
2017.01.18 08:26:58.931,1.71222,1.71267,1.00,1.87
2017.01.18 08:26:59.238,1.71222,1.71267,1.00,1.50
2017.01.18 08:26:59.390,1.71232,1.71266,1.00,1.00
2017.01.18 08:26:59.440,1.71231,1.7127,1.00,1.00
2017.01.18 08:26:59.541,1.71232,1.71275,1.00,1.00
2017.01.18 08:26:59.592,1.71232,1.71277,1.00,1.00
2017.01.18 08:27:00.046,1.71232,1.7128,1.00,3.37
2017.01.18 08:27:00.248,1.71232,1.7128,1.00,1.87
2017.01.18 08:27:00.299,1.71232,1.71277,1.00,1.87
2017.01.18 08:27:00.349,1.71228,1.71279,1.00,1.37
2017.01.18 08:27:00.451,1.71231,1.71276,1.00,1.37
2017.01.18 08:27:00.587,1.71231,1.71278,1.00,1.87
2017.01.18 08:27:00.642,1.71225,1.7127,1.37,1.87
2017.01.18 08:27:00.894,1.71215,1.71263,1.50,1.37
2017.01.18 08:27:01.440,1.71215,1.71265,1.00,1.87
2017.01.18 08:27:02.052,1.71216,1.71265,1.00,1.87
2017.01.18 08:27:02.591,1.71215,1.71266,1.00,1.87
2017.01.18 08:27:03.556,1.71215,1.71266,1.00,3.37
2017.01.18 08:27:03.657,1.71213,1.71264,1.00,1.12
2017.01.18 08:27:03.764,1.71216,1.71264,1.00,1.37
2017.01.18 08:27:04.702,1.71221,1.71265,1.00,1.37
2017.01.18 08:27:05.304,1.71221,1.71264,1.00,1.12
2017.01.18 08:27:06.663,1.71221,1.71263,1.00,2.62
2017.01.18 08:27:06.764,1.71212,1.71254,1.00,1.37
2017.01.18 08:27:06.927,1.71201,1.7125,1.75,1.87
2017.01.18 08:27:07.028,1.71201,1.71248,1.00,1.00
2017.01.18 08:27:07.078,1.71201,1.71246,1.00,1.00
2017.01.18 08:27:07.410,1.71211,1.71247,1.00,1.00
2017.01.18 08:27:07.641,1.71202,1.7125,1.00,1.37
2017.01.18 08:27:07.715,1.71205,1.7125,1.00,1.37
2017.01.18 08:27:07.766,1.71202,1.71252,1.00,1.37
2017.01.18 08:27:08.525,1.71203,1.71253,1.00,1.37
2017.01.18 08:27:09.041,1.71201,1.71252,1.50,1.37
2017.01.18 08:27:09.304,1.71202,1.7125,1.00,1.87
2017.01.18 08:27:09.431,1.71201,1.7125,1.00,1.12
2017.01.18 08:27:09.532,1.71201,1.7125,1.00,1.87
2017.01.18 08:27:09.935,1.71201,1.71248,1.00,1.87
2017.01.18 08:27:11.739,1.71201,1.71248,1.00,1.00
2017.01.18 08:27:12.276,1.71202,1.71249,1.00,1.12
2017.01.18 08:27:12.621,1.71202,1.71249,1.00,1.37
2017.01.18 08:27:13.990,1.71202,1.71249,1.00,1.87
2017.01.18 08:27:14.296,1.71192,1.71228,1.00,1.00
2017.01.18 08:27:14.527,1.71182,1.71229,1.00,1.37
2017.01.18 08:27:14.713,1.71184,1.71232,1.00,1.00
2017.01.18 08:27:14.859,1.71191,1.71234,1.00,1.12
2017.01.18 08:27:15.015,1.71192,1.71238,1.00,1.00
2017.01.18 08:27:15.538,1.71194,1.71239,1.00,1.12
2017.01.18 08:27:16.141,1.71195,1.71239,1.00,1.12
2017.01.18 08:27:18.207,1.71192,1.71237,1.00,1.87
2017.01.18 08:27:18.257,1.7119,1.71237,1.00,1.87
2017.01.18 08:27:18.308,1.71187,1.71239,1.00,2.62
2017.01.18 08:27:18.359,1.7119,1.71238,1.00,1.37
2017.01.18 08:27:18.662,1.71202,1.71239,1.00,1.37
2017.01.18 08:27:18.713,1.71202,1.71243,1.00,1.12
2017.01.18 08:27:18.873,1.71202,1.71245,1.00,1.12
2017.01.18 08:27:18.957,1.71192,1.71243,1.87,1.00
2017.01.18 08:27:19.008,1.71192,1.71243,1.50,1.37
2017.01.18 08:27:19.059,1.71192,1.71243,1.00,1.37
2017.01.18 08:27:19.110,1.71191,1.7124,1.87,1.00
2017.01.18 08:27:19.423,1.71191,1.7124,1.50,1.87
2017.01.18 08:27:19.757,1.71201,1.7124,1.00,1.00
2017.01.18 08:27:20.009,1.71192,1.71237,1.00,1.37
2017.01.18 08:27:20.060,1.71202,1.71236,1.00,1.37
2017.01.18 08:27:20.161,1.71191,1.71238,1.12,1.37
2017.01.18 08:27:20.212,1.71191,1.71236,1.00,1.37
2017.01.18 08:27:20.731,1.71192,1.71236,1.00,1.37
2017.01.18 08:27:21.102,1.71192,1.71235,1.00,1.87
2017.01.18 08:27:21.215,1.71192,1.71236,1.00,1.37
2017.01.18 08:27:21.266,1.71192,1.71232,1.00,1.87
2017.01.18 08:27:21.317,1.71185,1.71232,1.00,2.62
2017.01.18 08:27:21.368,1.71185,1.71232,1.00,1.37
2017.01.18 08:27:21.419,1.71183,1.71232,1.00,1.87
2017.01.18 08:27:21.470,1.71183,1.71232,1.00,2.62
2017.01.18 08:27:21.672,1.71183,1.71229,1.00,1.12
2017.01.18 08:27:22.061,1.71181,1.71229,1.50,1.12
2017.01.18 08:27:22.318,1.71181,1.71227,1.00,1.00
2017.01.18 08:27:23.062,1.71181,1.71228,1.00,1.00
2017.01.18 08:27:23.675,1.71181,1.71227,1.50,1.00
2017.01.18 08:27:24.209,1.71181,1.71228,1.50,1.00
2017.01.18 08:27:24.361,1.71184,1.71234,1.00,1.12
2017.01.18 08:27:24.639,1.71182,1.71228,1.00,1.00
2017.01.18 08:27:24.943,1.71192,1.71231,1.00,1.00
2017.01.18 08:27:25.144,1.71184,1.71231,1.12,1.00
2017.01.18 08:27:25.464,1.71202,1.71233,1.00,1.00
2017.01.18 08:27:25.565,1.71202,1.7124,1.00,1.75
2017.01.18 08:27:25.616,1.71202,1.7124,1.00,1.00
2017.01.18 08:27:26.135,1.71202,1.71241,1.00,1.50
2017.01.18 08:27:27.266,1.71191,1.71241,1.50,1.87
2017.01.18 08:27:27.484,1.71202,1.71241,1.00,1.87
2017.01.18 08:27:28.039,1.71192,1.71239,1.50,1.00
2017.01.18 08:27:28.970,1.71192,1.71237,1.00,1.00
2017.01.18 08:27:29.640,1.71201,1.71237,1.00,1.50
2017.01.18 08:27:29.958,1.71201,1.71239,1.00,1.00
2017.01.18 08:27:30.162,1.71201,1.71241,1.00,1.00
2017.01.18 08:27:30.314,1.71201,1.71244,1.00,1.00
2017.01.18 08:27:30.837,1.71201,1.71245,1.00,1.87
2017.01.18 08:27:31.010,1.71202,1.71245,1.00,1.87
2017.01.18 08:27:31.573,1.71202,1.71248,1.00,1.00
2017.01.18 08:27:32.162,1.71201,1.71249,1.00,1.12
2017.01.18 08:27:32.213,1.71204,1.71252,1.00,1.00
2017.01.18 08:27:32.516,1.71211,1.71255,1.00,1.12
2017.01.18 08:27:32.831,1.71211,1.71255,1.00,1.50
2017.01.18 08:27:34.227,1.71211,1.71255,1.00,1.50
2017.01.18 08:27:36.004,1.71212,1.71255,1.00,1.12
2017.01.18 08:27:37.014,1.71212,1.71255,1.00,1.50
2017.01.18 08:27:37.411,1.71211,1.71252,1.00,1.37
2017.01.18 08:27:37.765,1.71221,1.71253,1.00,1.37
2017.01.18 08:27:37.948,1.71211,1.71253,1.00,1.00
2017.01.18 08:27:38.314,1.71211,1.71253,1.00,1.87
2017.01.18 08:27:38.516,1.71201,1.71247,1.00,1.00
2017.01.18 08:27:38.667,1.71201,1.71245,1.00,1.00
2017.01.18 08:27:39.139,1.71202,1.71243,1.00,1.00
2017.01.18 08:27:39.458,1.71202,1.71235,1.00,1.00
2017.01.18 08:27:39.660,1.71192,1.7123,1.00,1.50
2017.01.18 08:27:39.761,1.71192,1.71227,1.00,1.00
2017.01.18 08:27:39.862,1.71192,1.7123,1.00,1.00
2017.01.18 08:27:40.316,1.71192,1.71234,1.00,1.37
2017.01.18 08:27:40.417,1.71191,1.71231,1.00,2.62
2017.01.18 08:27:40.518,1.71182,1.71225,1.00,1.00
2017.01.18 08:27:41.022,1.71192,1.71225,1.00,1.00
2017.01.18 08:27:41.224,1.71181,1.71222,1.00,1.00
2017.01.18 08:27:41.275,1.71181,1.71224,1.00,1.00
2017.01.18 08:27:41.376,1.71182,1.71226,1.00,1.00
2017.01.18 08:27:41.528,1.71182,1.71224,1.00,1.87
2017.01.18 08:27:41.585,1.71182,1.71224,1.00,1.37
2017.01.18 08:27:41.636,1.71182,1.7122,1.00,1.00
2017.01.18 08:27:41.890,1.71181,1.71223,1.00,1.00
2017.01.18 08:27:41.991,1.71182,1.71228,1.00,1.12
2017.01.18 08:27:42.338,1.71184,1.71229,1.37,1.12
2017.01.18 08:27:42.439,1.71186,1.71234,1.37,1.00
2017.01.18 08:27:42.490,1.71185,1.71236,1.37,1.12
2017.01.18 08:27:42.541,1.71188,1.71238,1.37,1.50
2017.01.18 08:27:42.692,1.71191,1.7124,1.00,1.00
2017.01.18 08:27:42.793,1.71192,1.71237,1.00,1.00
2017.01.18 08:27:42.994,1.71192,1.71239,1.00,1.00
2017.01.18 08:27:43.407,1.71201,1.71239,1.00,1.00
2017.01.18 08:27:43.894,1.71191,1.71238,1.87,1.00
2017.01.18 08:27:43.945,1.71201,1.71238,1.00,1.00
2017.01.18 08:27:43.996,1.71201,1.71241,1.00,1.00
2017.01.18 08:27:44.047,1.71201,1.71245,1.00,1.50
2017.01.18 08:27:44.249,1.71201,1.71248,1.00,1.00
2017.01.18 08:27:44.647,1.71201,1.7125,1.00,1.00
2017.01.18 08:27:45.149,1.71201,1.71251,1.00,1.12
2017.01.18 08:27:45.200,1.71201,1.71249,1.00,1.00
2017.01.18 08:27:47.363,1.71201,1.7125,1.50,1.00
2017.01.18 08:27:47.672,1.71201,1.71248,1.50,1.00
2017.01.18 08:27:47.792,1.71201,1.7125,1.50,1.00
2017.01.18 08:27:48.518,1.71201,1.71251,1.50,1.87
2017.01.18 08:27:48.906,1.71201,1.71248,1.00,1.37
2017.01.18 08:27:48.957,1.71195,1.71245,1.00,1.12
2017.01.18 08:27:49.008,1.71193,1.71245,1.12,1.87
2017.01.18 08:27:49.059,1.71193,1.71245,1.12,1.87
2017.01.18 08:27:49.513,1.71191,1.71243,1.50,3.37
2017.01.18 08:27:49.576,1.71191,1.71242,1.00,1.87
2017.01.18 08:27:49.716,1.71192,1.71243,1.12,1.50
2017.01.18 08:27:49.767,1.71194,1.71237,1.00,1.00
2017.01.18 08:27:49.818,1.71197,1.71243,1.00,1.00
2017.01.18 08:27:49.869,1.71193,1.71242,1.00,1.00
2017.01.18 08:27:49.970,1.71192,1.71241,1.00,1.37
2017.01.18 08:27:50.507,1.71192,1.71238,1.50,1.00
2017.01.18 08:27:51.313,1.71191,1.71238,1.50,1.00
2017.01.18 08:27:51.829,1.71192,1.71238,1.00,1.00
2017.01.18 08:27:52.680,1.71191,1.71238,1.00,1.00
2017.01.18 08:27:52.882,1.71183,1.71235,1.50,1.87
2017.01.18 08:27:53.155,1.71186,1.71232,1.00,1.00
2017.01.18 08:27:53.306,1.71187,1.71235,1.00,1.00
2017.01.18 08:27:53.807,1.71187,1.71235,1.00,1.37
2017.01.18 08:27:54.064,1.71191,1.71238,1.00,2.25
2017.01.18 08:27:54.367,1.71201,1.71246,1.00,1.12
2017.01.18 08:27:54.468,1.71201,1.71248,1.00,1.12
2017.01.18 08:27:55.108,1.71199,1.71248,1.00,1.12
2017.01.18 08:27:55.459,1.71201,1.71248,1.00,1.12
2017.01.18 08:27:58.541,1.71201,1.71248,1.00,1.37
2017.01.18 08:27:59.051,1.71201,1.71248,1.00,1.00
2017.01.18 08:27:59.603,1.71202,1.71248,1.00,1.12
2017.01.18 08:28:00.451,1.71212,1.71248,1.00,1.00
2017.01.18 08:28:00.602,1.71211,1.71254,1.00,1.00
2017.01.18 08:28:00.804,1.71212,1.71253,1.00,1.37
2017.01.18 08:28:00.855,1.71212,1.71254,1.00,1.12
2017.01.18 08:28:00.922,1.71202,1.71252,1.00,1.12
2017.01.18 08:28:01.127,1.71212,1.71251,1.00,1.12
2017.01.18 08:28:01.335,1.71201,1.71249,1.00,1.00
2017.01.18 08:28:01.537,1.71211,1.71249,1.00,1.00
2017.01.18 08:28:02.259,1.71211,1.7125,1.00,1.00
2017.01.18 08:28:02.562,1.71211,1.71252,1.00,1.37
2017.01.18 08:28:02.772,1.71212,1.71253,1.00,1.50
2017.01.18 08:28:02.873,1.71211,1.71255,1.00,1.00
2017.01.18 08:28:02.924,1.71221,1.71255,1.00,1.00
2017.01.18 08:28:02.975,1.71221,1.71259,1.00,1.00
2017.01.18 08:28:03.076,1.71221,1.71262,1.00,1.87
2017.01.18 08:28:03.227,1.71212,1.71262,1.50,1.87
2017.01.18 08:28:03.278,1.71212,1.71262,1.50,1.87
2017.01.18 08:28:03.736,1.71213,1.71262,1.00,1.12
2017.01.18 08:28:04.113,1.71221,1.71262,1.00,1.12
2017.01.18 08:28:04.763,1.71221,1.71263,1.00,1.00
2017.01.18 08:28:05.137,1.71211,1.71262,1.50,1.37
2017.01.18 08:28:05.238,1.71211,1.71262,1.00,1.12
2017.01.18 08:28:05.625,1.71222,1.71261,1.00,1.50
2017.01.18 08:28:05.747,1.71212,1.71261,1.00,1.50
2017.01.18 08:28:05.798,1.71212,1.71261,1.00,1.87
2017.01.18 08:28:06.009,1.71211,1.71261,1.00,1.87
2017.01.18 08:28:06.266,1.71211,1.71261,1.50,1.37
2017.01.18 08:28:06.855,1.7121,1.71259,1.00,1.37
2017.01.18 08:28:07.358,1.7121,1.71257,1.00,1.12
2017.01.18 08:28:07.779,1.7121,1.71254,1.00,1.00
2017.01.18 08:28:07.879,1.7121,1.71258,1.00,1.37
2017.01.18 08:28:07.929,1.71206,1.71255,1.00,1.37
2017.01.18 08:28:08.031,1.71202,1.71251,1.00,1.12
2017.01.18 08:28:08.081,1.71202,1.71246,1.00,1.00
2017.01.18 08:28:08.233,1.71194,1.71245,1.00,1.87
2017.01.18 08:28:08.888,1.71195,1.71244,1.00,1.00
2017.01.18 08:28:09.404,1.71194,1.71244,1.00,1.00
2017.01.18 08:28:10.277,1.71195,1.71244,1.00,1.12
2017.01.18 08:28:10.779,1.71195,1.71246,1.00,1.87
2017.01.18 08:28:10.880,1.71195,1.71244,1.00,1.37
2017.01.18 08:28:11.206,1.71195,1.71244,1.00,1.37
2017.01.18 08:28:11.307,1.71195,1.71244,1.00,1.87
2017.01.18 08:28:11.408,1.71195,1.71245,1.00,1.87
2017.01.18 08:28:11.509,1.71197,1.71246,1.00,1.37
2017.01.18 08:28:11.575,1.71197,1.71246,1.00,1.37
2017.01.18 08:28:15.016,1.71202,1.71246,1.00,1.37
2017.01.18 08:28:15.490,1.71201,1.71249,1.00,2.62
2017.01.18 08:28:15.541,1.71201,1.71249,1.00,2.62
2017.01.18 08:28:16.060,1.71201,1.71246,1.00,1.50
2017.01.18 08:28:16.395,1.71201,1.71237,1.00,1.37
2017.01.18 08:28:16.547,1.71192,1.71232,1.12,1.87
2017.01.18 08:28:16.648,1.71185,1.71235,1.75,1.87
2017.01.18 08:28:17.384,1.71184,1.71235,1.00,1.87
2017.01.18 08:28:17.505,1.71184,1.71233,1.00,1.87
2017.01.18 08:28:18.113,1.71183,1.71232,1.00,1.37
2017.01.18 08:28:18.415,1.71182,1.71222,1.00,1.37
2017.01.18 08:28:18.466,1.71172,1.7122,1.00,2.62
2017.01.18 08:28:18.517,1.71172,1.71218,1.00,1.12
2017.01.18 08:28:18.689,1.71172,1.71218,1.00,1.37
2017.01.18 08:28:20.250,1.71171,1.71216,1.00,1.00
2017.01.18 08:28:20.769,1.71172,1.71216,1.00,1.00
2017.01.18 08:28:21.499,1.71172,1.71218,1.00,1.12
2017.01.18 08:28:22.031,1.71171,1.71218,1.00,1.37
2017.01.18 08:28:22.387,1.71172,1.71219,1.00,1.50
2017.01.18 08:28:22.438,1.71181,1.71219,1.00,1.50
2017.01.18 08:28:22.641,1.71173,1.71219,1.37,1.00
2017.01.18 08:28:22.691,1.71176,1.7122,1.12,1.00
2017.01.18 08:28:23.022,1.71182,1.71229,1.00,3.00
2017.01.18 08:28:23.097,1.71182,1.71229,1.00,2.62
2017.01.18 08:28:24.054,1.71182,1.71229,1.00,2.62
2017.01.18 08:28:24.593,1.71182,1.71229,1.00,2.25
2017.01.18 08:28:25.096,1.71182,1.71231,1.00,1.12
2017.01.18 08:28:25.397,1.71182,1.71231,1.00,1.37
2017.01.18 08:28:26.727,1.71182,1.71231,1.00,1.00
2017.01.18 08:28:27.315,1.71182,1.71232,1.50,1.12
2017.01.18 08:28:27.366,1.71182,1.71232,1.50,1.37
2017.01.18 08:28:27.656,1.71186,1.71236,1.50,1.87
2017.01.18 08:28:27.859,1.71186,1.71236,1.50,1.87
2017.01.18 08:28:28.411,1.71186,1.71236,1.50,1.00
2017.01.18 08:28:28.512,1.71186,1.71236,1.50,1.37
2017.01.18 08:28:29.231,1.71186,1.71236,1.50,1.37
2017.01.18 08:28:29.567,1.71192,1.71235,1.00,1.37
2017.01.18 08:28:29.918,1.71191,1.71233,1.00,1.37
2017.01.18 08:28:29.968,1.71191,1.71233,1.00,1.37
2017.01.18 08:28:30.130,1.71182,1.71227,1.12,1.37
2017.01.18 08:28:30.231,1.71182,1.71228,1.00,1.50
2017.01.18 08:28:30.332,1.71184,1.71233,1.00,1.87
2017.01.18 08:28:30.635,1.71202,1.71234,1.00,1.00
2017.01.18 08:28:30.686,1.71202,1.71238,1.00,1.12
2017.01.18 08:28:30.837,1.71202,1.71241,1.00,1.12
2017.01.18 08:28:31.601,1.71202,1.71241,1.00,1.37
2017.01.18 08:28:32.384,1.71202,1.71241,1.00,1.12
2017.01.18 08:28:32.486,1.71212,1.71243,1.00,1.12
2017.01.18 08:28:32.738,1.71201,1.71248,1.00,1.75
2017.01.18 08:28:32.992,1.71212,1.71248,1.00,1.37
2017.01.18 08:28:33.415,1.71202,1.71248,1.00,1.37
2017.01.18 08:28:33.572,1.71202,1.71246,1.00,1.87
2017.01.18 08:28:33.723,1.71202,1.71243,1.00,1.00
2017.01.18 08:28:34.031,1.71201,1.71243,1.00,1.37
2017.01.18 08:28:34.182,1.71201,1.71243,1.00,1.37
2017.01.18 08:28:36.671,1.71202,1.71245,1.00,1.37
2017.01.18 08:28:36.722,1.71202,1.71246,1.00,1.37
2017.01.18 08:28:36.823,1.71202,1.71246,1.00,1.12
2017.01.18 08:28:37.265,1.71201,1.71246,1.00,1.37
2017.01.18 08:28:37.608,1.71211,1.71248,1.00,2.62
2017.01.18 08:28:37.658,1.71201,1.71248,1.00,2.62
2017.01.18 08:28:38.195,1.71202,1.71248,1.00,2.62
2017.01.18 08:28:38.296,1.71202,1.71246,1.00,1.87
2017.01.18 08:28:38.347,1.71202,1.71247,1.00,1.37
2017.01.18 08:28:38.701,1.71201,1.71247,1.00,2.62
2017.01.18 08:28:39.228,1.71202,1.71246,1.00,1.87
2017.01.18 08:28:39.815,1.71201,1.71246,1.00,1.87
2017.01.18 08:28:40.222,1.71201,1.71248,1.00,1.37
2017.01.18 08:28:40.323,1.71211,1.71248,1.00,2.62
2017.01.18 08:28:40.467,1.71211,1.71247,1.00,1.37
2017.01.18 08:28:42.399,1.71211,1.71248,1.00,1.12
2017.01.18 08:28:42.536,1.71211,1.71248,1.00,1.37
2017.01.18 08:28:42.587,1.71201,1.71245,1.00,1.37
2017.01.18 08:28:42.688,1.71201,1.71242,1.00,1.37
2017.01.18 08:28:43.220,1.71202,1.71242,1.00,1.37
2017.01.18 08:28:43.438,1.71202,1.71242,1.00,1.37
2017.01.18 08:28:44.432,1.71202,1.71242,1.00,1.00
2017.01.18 08:28:45.151,1.71201,1.71242,1.00,1.37
2017.01.18 08:28:45.516,1.71201,1.71248,1.00,1.00
2017.01.18 08:28:45.567,1.71201,1.7125,1.00,1.87
2017.01.18 08:28:45.827,1.71202,1.71249,1.00,1.87
2017.01.18 08:28:46.362,1.71202,1.71249,1.00,1.37
2017.01.18 08:28:46.915,1.71201,1.71249,1.50,1.87
2017.01.18 08:28:47.217,1.71201,1.71251,1.00,1.37
2017.01.18 08:28:47.369,1.71201,1.71249,1.00,1.87
2017.01.18 08:28:47.699,1.71201,1.71246,1.00,3.75
2017.01.18 08:28:48.696,1.71201,1.71245,1.00,1.37
2017.01.18 08:28:49.337,1.71202,1.71246,1.00,2.25
2017.01.18 08:28:49.665,1.71202,1.71243,1.00,1.87
2017.01.18 08:28:49.716,1.71202,1.71245,1.00,2.62
2017.01.18 08:28:49.767,1.71194,1.71246,1.00,3.00
2017.01.18 08:28:49.868,1.71202,1.71243,1.00,1.87
2017.01.18 08:28:49.918,1.71201,1.71243,1.50,1.00
2017.01.18 08:28:49.969,1.71201,1.71246,1.00,1.12
2017.01.18 08:28:50.121,1.71205,1.71253,1.00,1.50
2017.01.18 08:28:50.171,1.71206,1.71253,1.00,1.50
2017.01.18 08:28:50.323,1.71207,1.71254,1.00,1.00
2017.01.18 08:28:50.685,1.71205,1.71254,1.00,1.37
2017.01.18 08:28:50.836,1.71202,1.7125,1.50,1.87
2017.01.18 08:28:51.038,1.71202,1.71252,1.00,3.37
2017.01.18 08:28:51.578,1.71202,1.71252,1.50,1.87
2017.01.18 08:28:53.005,1.71201,1.71251,1.50,1.37
2017.01.18 08:28:53.736,1.71201,1.7125,1.00,1.87
2017.01.18 08:28:54.596,1.71202,1.7125,1.00,1.87
2017.01.18 08:28:55.027,1.71202,1.7125,1.00,1.37
2017.01.18 08:28:55.960,1.71202,1.7125,1.00,1.37
2017.01.18 08:28:56.061,1.71201,1.71251,1.00,1.37
2017.01.18 08:28:56.337,1.71212,1.71251,1.00,1.37
2017.01.18 08:28:56.388,1.71212,1.71252,1.00,1.87
2017.01.18 08:28:56.489,1.71212,1.71253,1.00,1.37
2017.01.18 08:28:59.548,1.71203,1.71252,1.00,1.37
2017.01.18 08:29:00.146,1.71212,1.71254,1.00,2.62
2017.01.18 08:29:00.415,1.71205,1.71254,1.00,1.87
2017.01.18 08:29:00.538,1.71212,1.71254,1.00,1.87
2017.01.18 08:29:00.712,1.71212,1.71255,1.00,1.37
2017.01.18 08:29:01.064,1.71212,1.71253,1.00,1.37
2017.01.18 08:29:01.115,1.71202,1.71251,1.00,2.62
2017.01.18 08:29:01.711,1.71201,1.71249,1.00,1.87
2017.01.18 08:29:02.267,1.71202,1.71248,1.00,1.37
2017.01.18 08:29:03.013,1.71202,1.71248,1.00,2.62
2017.01.18 08:29:03.165,1.71202,1.71247,1.00,1.12
2017.01.18 08:29:03.266,1.71195,1.71247,1.50,1.12
2017.01.18 08:29:03.316,1.71202,1.71248,1.00,1.87
2017.01.18 08:29:03.417,1.71197,1.71247,1.00,1.37
2017.01.18 08:29:03.748,1.71194,1.71244,1.00,1.12
2017.01.18 08:29:03.900,1.71193,1.71241,1.00,1.00
2017.01.18 08:29:04.298,1.71202,1.71243,1.00,1.37
2017.01.18 08:29:04.415,1.71182,1.71227,1.00,1.87
2017.01.18 08:29:04.516,1.71181,1.71227,1.00,3.37
2017.01.18 08:29:04.819,1.71181,1.71225,1.00,1.37
2017.01.18 08:29:04.919,1.71181,1.71225,1.00,1.37
2017.01.18 08:29:05.469,1.71181,1.71223,1.00,1.00
2017.01.18 08:29:06.054,1.71181,1.71227,1.00,1.87
2017.01.18 08:29:06.367,1.71181,1.71227,1.00,1.87
2017.01.18 08:29:06.882,1.71181,1.71227,1.00,1.00
2017.01.18 08:29:06.984,1.71181,1.71227,1.00,1.37
2017.01.18 08:29:07.411,1.71182,1.71226,1.00,1.00
2017.01.18 08:29:08.003,1.71182,1.71225,1.00,1.00
2017.01.18 08:29:08.552,1.71181,1.71225,1.00,1.37
2017.01.18 08:29:08.704,1.71181,1.71226,1.00,1.00
2017.01.18 08:29:08.829,1.71191,1.71227,1.00,1.00
2017.01.18 08:29:08.879,1.71191,1.71231,1.00,1.00
2017.01.18 08:29:08.930,1.71181,1.71231,1.50,1.00
2017.01.18 08:29:08.981,1.71182,1.71233,1.00,1.12
2017.01.18 08:29:09.365,1.71181,1.71231,1.50,1.00
2017.01.18 08:29:10.105,1.71186,1.71231,1.00,1.00
2017.01.18 08:29:10.206,1.71184,1.71234,1.00,1.50
2017.01.18 08:29:10.257,1.71191,1.71234,1.00,2.25
2017.01.18 08:29:10.561,1.71182,1.71234,1.50,3.00
2017.01.18 08:29:10.713,1.71191,1.71232,1.00,1.37
2017.01.18 08:29:11.261,1.71192,1.7123,1.00,1.12
2017.01.18 08:29:11.831,1.71192,1.71227,1.00,1.00
2017.01.18 08:29:12.491,1.71192,1.71228,1.00,1.00
2017.01.18 08:29:13.471,1.71192,1.7123,1.00,1.00
2017.01.18 08:29:13.840,1.71192,1.7123,1.00,1.37
2017.01.18 08:29:14.422,1.71191,1.71229,1.00,1.37
2017.01.18 08:29:14.481,1.71182,1.71229,1.00,1.37
2017.01.18 08:29:15.593,1.71182,1.7123,1.00,1.87
2017.01.18 08:29:15.896,1.71174,1.71223,1.37,1.37
2017.01.18 08:29:15.947,1.71172,1.71223,1.00,1.00
2017.01.18 08:29:16.078,1.71182,1.71223,1.00,1.37
2017.01.18 08:29:16.682,1.71172,1.71224,1.50,1.87
2017.01.18 08:29:16.834,1.71181,1.71224,1.00,1.87
2017.01.18 08:29:17.152,1.71175,1.71225,1.00,2.25
2017.01.18 08:29:17.315,1.71181,1.71225,1.00,2.25
2017.01.18 08:29:17.439,1.71174,1.71224,1.00,1.87
2017.01.18 08:29:17.540,1.71175,1.71224,1.00,1.87
2017.01.18 08:29:17.750,1.71173,1.71222,1.00,1.37
2017.01.18 08:29:17.852,1.71173,1.71219,1.00,1.87
2017.01.18 08:29:17.902,1.71171,1.71219,2.25,1.87
2017.01.18 08:29:17.953,1.71171,1.7122,1.50,1.37
2017.01.18 08:29:18.004,1.71169,1.71219,1.00,1.37
2017.01.18 08:29:18.054,1.71167,1.71217,1.00,1.37
2017.01.18 08:29:18.155,1.71171,1.71217,1.00,1.37
2017.01.18 08:29:18.609,1.71171,1.71217,1.00,3.37
2017.01.18 08:29:18.713,1.71167,1.71217,1.00,3.37
2017.01.18 08:29:19.035,1.71171,1.71214,1.00,1.37
2017.01.18 08:29:19.108,1.71165,1.71214,1.00,1.37
2017.01.18 08:29:19.338,1.71171,1.71215,1.00,1.37
2017.01.18 08:29:19.615,1.71171,1.71216,1.00,1.37
2017.01.18 08:29:20.155,1.71172,1.71217,1.00,1.37
2017.01.18 08:29:20.256,1.71166,1.71217,1.00,1.37
2017.01.18 08:29:20.357,1.71166,1.71217,1.00,2.62
2017.01.18 08:29:20.509,1.71162,1.7121,1.50,1.37
2017.01.18 08:29:20.560,1.71171,1.71211,1.00,1.37
2017.01.18 08:29:20.610,1.71171,1.71211,1.00,1.12
2017.01.18 08:29:20.712,1.71171,1.71211,1.00,1.37
2017.01.18 08:29:21.132,1.71162,1.71209,1.00,1.37
2017.01.18 08:29:21.803,1.71162,1.71209,1.00,1.12
2017.01.18 08:29:22.366,1.71172,1.71211,1.00,1.37
2017.01.18 08:29:22.571,1.71172,1.71215,1.00,1.00
2017.01.18 08:29:22.622,1.71172,1.71217,1.00,1.87
2017.01.18 08:29:22.878,1.71172,1.71215,1.00,1.00
2017.01.18 08:29:23.208,1.71181,1.71216,1.00,1.12
2017.01.18 08:29:23.314,1.71172,1.71216,1.00,1.12
2017.01.18 08:29:23.365,1.71181,1.71216,1.00,1.12
2017.01.18 08:29:26.724,1.71181,1.71218,1.00,2.25
2017.01.18 08:29:26.876,1.71181,1.71223,1.00,1.50
2017.01.18 08:29:27.178,1.71182,1.71225,1.00,1.75
2017.01.18 08:29:27.229,1.71182,1.71226,1.00,1.75
2017.01.18 08:29:27.443,1.71181,1.71227,1.00,1.12
2017.01.18 08:29:27.695,1.71181,1.71225,1.00,1.00
2017.01.18 08:29:28.375,1.71182,1.71227,1.00,1.37
2017.01.18 08:29:30.803,1.71182,1.71226,1.00,1.37
2017.01.18 08:29:30.854,1.71182,1.71226,1.00,1.12
2017.01.18 08:29:31.084,1.71182,1.71228,1.00,1.37
2017.01.18 08:29:31.798,1.71181,1.71228,1.00,1.37
2017.01.18 08:29:32.336,1.71182,1.71227,1.00,1.37
2017.01.18 08:29:32.548,1.71182,1.71228,1.00,1.00
2017.01.18 08:29:33.359,1.71182,1.71229,1.50,1.00
2017.01.18 08:29:35.267,1.71182,1.71229,1.37,1.00
2017.01.18 08:29:35.419,1.71191,1.71237,1.00,1.00
2017.01.18 08:29:35.571,1.71192,1.7124,1.00,1.50
2017.01.18 08:29:36.315,1.71192,1.7124,1.00,1.87
2017.01.18 08:29:36.416,1.71191,1.71238,1.00,1.12
2017.01.18 08:29:36.467,1.71191,1.71233,1.00,1.37
2017.01.18 08:29:36.517,1.71182,1.71233,1.00,1.37
2017.01.18 08:29:36.568,1.71182,1.7123,1.00,1.37
2017.01.18 08:29:36.619,1.71182,1.71231,1.00,1.87
2017.01.18 08:29:36.871,1.71191,1.71233,1.00,1.37
2017.01.18 08:29:36.972,1.71192,1.71237,1.00,1.87
2017.01.18 08:29:38.289,1.71191,1.71238,1.00,1.37
2017.01.18 08:29:38.391,1.71191,1.71239,1.00,1.00
2017.01.18 08:29:38.717,1.71201,1.71239,1.00,1.50
2017.01.18 08:29:38.883,1.71192,1.71239,1.00,1.50
2017.01.18 08:29:39.236,1.71201,1.71239,1.00,1.00
2017.01.18 08:29:39.952,1.71201,1.71238,1.00,1.87
2017.01.18 08:29:40.003,1.71192,1.71235,1.50,1.37
2017.01.18 08:29:40.053,1.71192,1.71232,1.00,1.37
2017.01.18 08:29:40.708,1.71191,1.71232,1.00,1.50
2017.01.18 08:29:42.135,1.71191,1.7123,1.00,1.37
2017.01.18 08:29:42.496,1.71191,1.71226,1.00,1.87
2017.01.18 08:29:42.547,1.71181,1.71223,1.00,2.62
2017.01.18 08:29:42.598,1.71181,1.7122,1.00,1.12
2017.01.18 08:29:42.649,1.71181,1.71217,1.00,1.50
2017.01.18 08:29:43.267,1.71181,1.71218,1.00,1.50
2017.01.18 08:29:43.849,1.71182,1.71218,1.00,1.00
2017.01.18 08:29:44.369,1.71181,1.71218,1.00,1.00
2017.01.18 08:29:46.714,1.71182,1.71218,1.00,1.00
2017.01.18 08:29:46.931,1.71181,1.7122,1.00,1.00
2017.01.18 08:29:49.458,1.71182,1.7122,1.00,1.00
2017.01.18 08:29:49.609,1.71182,1.71215,1.00,1.00
2017.01.18 08:29:50.129,1.71181,1.71215,1.00,1.50
2017.01.18 08:29:50.840,1.71181,1.71213,1.00,1.00
2017.01.18 08:29:51.449,1.71182,1.71213,1.00,1.00
2017.01.18 08:29:52.027,1.71192,1.71213,1.00,1.00
2017.01.18 08:29:54.147,1.71181,1.71213,1.00,1.00
2017.01.18 08:29:54.370,1.71181,1.71215,1.00,1.50
2017.01.18 08:29:54.960,1.71191,1.71215,1.00,1.00
2017.01.18 08:29:55.220,1.71191,1.71228,1.00,1.87
2017.01.18 08:30:00.060,1.71182,1.71228,1.00,1.12
2017.01.18 08:30:00.589,1.71181,1.71228,1.00,1.12
2017.01.18 08:30:01.129,1.71182,1.71228,1.00,1.12
2017.01.18 08:30:02.033,1.71192,1.71228,1.00,1.12
2017.01.18 08:30:02.329,1.71181,1.71225,1.00,1.00
2017.01.18 08:30:02.481,1.71191,1.71226,1.00,1.00
2017.01.18 08:30:02.532,1.71182,1.71227,1.12,1.00
2017.01.18 08:30:02.725,1.71192,1.71229,1.00,1.50
2017.01.18 08:30:02.777,1.71181,1.71228,1.00,1.37
2017.01.18 08:30:02.828,1.71181,1.71225,1.00,1.37
2017.01.18 08:30:03.181,1.71182,1.71213,1.00,1.37
2017.01.18 08:30:03.232,1.71172,1.71213,1.00,1.37
2017.01.18 08:30:03.334,1.71163,1.71212,2.25,1.37
2017.01.18 08:30:03.436,1.71163,1.71212,1.75,1.37
2017.01.18 08:30:03.487,1.71163,1.71212,1.75,1.37
2017.01.18 08:30:03.538,1.71163,1.71212,1.00,1.00
2017.01.18 08:30:03.740,1.71171,1.71214,1.00,1.00
2017.01.18 08:30:04.053,1.71171,1.71216,1.00,1.50
2017.01.18 08:30:04.637,1.71172,1.71215,1.00,1.00
2017.01.18 08:30:05.312,1.71171,1.71214,1.00,1.00
2017.01.18 08:30:06.214,1.71172,1.71214,1.00,1.00
2017.01.18 08:30:08.004,1.71172,1.71215,1.00,1.00
2017.01.18 08:30:08.537,1.71171,1.71216,1.00,1.00
2017.01.18 08:30:09.098,1.71172,1.71216,1.00,1.00
2017.01.18 08:30:09.502,1.71172,1.7122,1.00,1.37
2017.01.18 08:30:09.653,1.71182,1.7122,1.00,1.37
2017.01.18 08:30:09.755,1.71171,1.7122,1.00,1.37
2017.01.18 08:30:10.065,1.71172,1.7122,1.00,1.12
2017.01.18 08:30:10.157,1.71182,1.7122,1.00,1.12
2017.01.18 08:30:11.779,1.71182,1.71221,1.00,1.87
2017.01.18 08:30:12.483,1.71182,1.71222,1.00,1.50
2017.01.18 08:30:13.079,1.71181,1.71226,1.00,1.37
2017.01.18 08:30:13.616,1.71182,1.71227,1.00,1.87
2017.01.18 08:30:13.915,1.71192,1.71227,1.00,1.37
2017.01.18 08:30:14.418,1.71192,1.71228,1.00,2.62
2017.01.18 08:30:14.469,1.71181,1.71226,1.00,1.37
2017.01.18 08:30:14.621,1.71181,1.71225,1.00,1.37
2017.01.18 08:30:14.671,1.71181,1.71222,1.00,1.00
2017.01.18 08:30:18.149,1.71182,1.71222,1.00,1.00
2017.01.18 08:30:18.964,1.71182,1.71225,1.00,1.75
2017.01.18 08:30:19.450,1.71182,1.71227,1.37,1.00
2017.01.18 08:30:19.551,1.71186,1.71229,1.00,1.00
2017.01.18 08:30:19.799,1.71187,1.71236,1.00,1.37
2017.01.18 08:30:20.078,1.71187,1.71236,1.00,1.37
2017.01.18 08:30:21.053,1.71187,1.71236,1.00,1.00
2017.01.18 08:30:23.773,1.71187,1.71238,1.50,1.37
2017.01.18 08:30:23.945,1.71187,1.71238,1.50,1.37
2017.01.18 08:30:24.153,1.71188,1.71239,1.50,2.25
2017.01.18 08:30:24.226,1.7119,1.71238,1.00,1.12
2017.01.18 08:30:24.378,1.71187,1.71237,1.00,1.37
2017.01.18 08:30:25.166,1.71187,1.71237,1.00,1.12
2017.01.18 08:30:27.937,1.71187,1.71237,1.00,1.87
2017.01.18 08:30:28.420,1.71192,1.71237,1.00,1.37
2017.01.18 08:30:29.550,1.71188,1.71237,1.00,1.37
2017.01.18 08:30:29.651,1.71185,1.71236,1.00,1.37
2017.01.18 08:30:30.435,1.71188,1.71238,1.00,1.37
2017.01.18 08:30:30.486,1.71188,1.71238,1.00,1.37
2017.01.18 08:30:30.537,1.71188,1.71227,1.00,1.00
2017.01.18 08:30:30.588,1.71182,1.71227,1.00,1.37
2017.01.18 08:30:30.890,1.71182,1.71227,1.00,1.00
2017.01.18 08:30:30.993,1.71181,1.71231,1.50,2.25
2017.01.18 08:30:31.145,1.71182,1.71233,1.37,1.00
2017.01.18 08:30:31.450,1.71185,1.71234,1.00,1.37
2017.01.18 08:30:31.724,1.71185,1.71234,1.00,1.00
2017.01.18 08:30:34.241,1.71186,1.71233,1.00,1.00
2017.01.18 08:30:34.415,1.71185,1.71232,1.00,1.37
2017.01.18 08:30:34.963,1.71185,1.71232,1.00,1.00
2017.01.18 08:30:36.509,1.71191,1.71232,1.00,1.00
2017.01.18 08:30:36.610,1.71191,1.71235,1.00,1.12
2017.01.18 08:30:36.711,1.71188,1.71235,1.00,1.00
2017.01.18 08:30:36.762,1.71197,1.71236,1.00,1.00
2017.01.18 08:30:36.813,1.71193,1.7124,1.00,1.37
2017.01.18 08:30:36.914,1.71196,1.71243,1.00,2.62
2017.01.18 08:30:37.269,1.71196,1.71233,1.00,1.00
2017.01.18 08:30:37.371,1.71194,1.71234,1.00,1.37
2017.01.18 08:30:37.422,1.71191,1.71234,1.00,1.00
2017.01.18 08:30:37.933,1.71192,1.71235,1.00,1.00
2017.01.18 08:30:38.726,1.71192,1.71239,1.00,1.50
2017.01.18 08:30:39.047,1.71194,1.71242,1.00,1.00
2017.01.18 08:30:39.098,1.71201,1.71244,1.00,1.00
2017.01.18 08:30:39.401,1.71203,1.71252,1.00,1.75
2017.01.18 08:30:39.712,1.71212,1.71252,1.00,1.75
2017.01.18 08:30:39.813,1.71212,1.71252,1.00,1.37
2017.01.18 08:30:39.867,1.71212,1.71252,1.00,1.00
2017.01.18 08:30:40.925,1.71212,1.71253,1.00,1.50
2017.01.18 08:30:41.026,1.71204,1.71253,1.00,1.00
2017.01.18 08:30:41.228,1.71212,1.71254,1.00,1.00
2017.01.18 08:30:42.576,1.71212,1.71252,1.00,1.00
2017.01.18 08:30:42.627,1.71211,1.71254,1.00,1.00
2017.01.18 08:30:42.728,1.71222,1.71258,1.00,1.00
2017.01.18 08:30:42.830,1.71211,1.71254,1.00,1.00
2017.01.18 08:30:43.032,1.71211,1.71258,1.00,1.00
2017.01.18 08:30:43.340,1.71212,1.71261,1.00,1.12
2017.01.18 08:30:43.879,1.71212,1.7126,1.00,1.00
2017.01.18 08:30:44.496,1.71212,1.71261,1.00,1.00
2017.01.18 08:30:45.560,1.71222,1.71261,1.00,1.12
2017.01.18 08:30:45.660,1.71222,1.71263,1.00,1.50
2017.01.18 08:30:45.761,1.71215,1.71264,1.00,1.00
2017.01.18 08:30:46.098,1.71223,1.7127,1.00,1.00
2017.01.18 08:30:46.400,1.71231,1.71272,1.00,1.00
2017.01.18 08:30:46.501,1.71231,1.71279,1.00,1.50
2017.01.18 08:30:47.009,1.71232,1.71279,1.50,1.00
2017.01.18 08:30:47.468,1.71227,1.71276,1.50,1.12
2017.01.18 08:30:47.685,1.71231,1.71277,1.00,2.62
2017.01.18 08:30:47.736,1.71232,1.71277,1.00,1.37
2017.01.18 08:30:48.039,1.71228,1.71277,1.00,1.37
2017.01.18 08:30:48.308,1.71228,1.71277,1.00,1.37
2017.01.18 08:30:48.614,1.71231,1.71275,1.00,1.00
2017.01.18 08:30:50.127,1.71231,1.71277,1.00,1.00
2017.01.18 08:30:50.426,1.71228,1.71275,1.50,1.12
2017.01.18 08:30:50.527,1.71226,1.71275,1.00,1.12
2017.01.18 08:30:50.628,1.71224,1.71273,1.00,1.00
2017.01.18 08:30:52.214,1.71232,1.71273,1.00,1.50
2017.01.18 08:30:52.315,1.71224,1.71273,1.00,1.87
2017.01.18 08:30:52.366,1.71224,1.71273,1.00,1.87
2017.01.18 08:30:52.942,1.71232,1.71271,1.00,1.00
2017.01.18 08:30:53.649,1.71224,1.71271,1.00,1.00
2017.01.18 08:30:54.409,1.71232,1.7127,1.00,1.00
2017.01.18 08:30:54.460,1.71221,1.71269,1.00,1.37
2017.01.18 08:30:54.561,1.71221,1.71267,1.00,1.37
2017.01.18 08:30:54.901,1.71221,1.71262,1.00,1.00
2017.01.18 08:30:55.219,1.71221,1.71265,1.00,1.87
2017.01.18 08:30:55.371,1.71224,1.71265,1.37,1.00
2017.01.18 08:30:55.422,1.71222,1.71268,1.00,1.00
2017.01.18 08:30:55.523,1.71224,1.71272,1.00,1.00
2017.01.18 08:30:55.729,1.71225,1.71272,1.00,1.37
2017.01.18 08:30:55.830,1.71224,1.71272,1.00,1.00
2017.01.18 08:30:55.882,1.71231,1.71274,1.00,1.00
2017.01.18 08:30:56.253,1.71231,1.71274,1.00,1.37
2017.01.18 08:30:56.304,1.71231,1.71274,1.00,1.37
2017.01.18 08:30:57.082,1.71231,1.71274,1.00,1.00
2017.01.18 08:30:57.614,1.71231,1.71276,1.00,1.00
2017.01.18 08:30:57.866,1.71231,1.71278,1.00,1.00
2017.01.18 08:30:57.967,1.71242,1.7128,1.00,1.00
2017.01.18 08:30:58.068,1.71242,1.71283,1.00,1.00
2017.01.18 08:30:58.169,1.71242,1.71285,1.00,1.00
2017.01.18 08:30:58.683,1.71242,1.71284,1.00,1.00
2017.01.18 08:30:59.225,1.71241,1.71284,1.00,1.00
2017.01.18 08:31:01.167,1.71241,1.71283,1.00,1.00
2017.01.18 08:31:01.319,1.71241,1.71281,1.00,1.00
2017.01.18 08:31:01.627,1.71242,1.71285,1.00,1.87
2017.01.18 08:31:01.678,1.71242,1.71287,1.00,1.00
2017.01.18 08:31:01.856,1.71245,1.71292,1.00,1.00
2017.01.18 08:31:01.906,1.71247,1.71293,1.00,1.00
2017.01.18 08:31:02.058,1.71247,1.71295,1.00,1.00
2017.01.18 08:31:02.314,1.71251,1.71295,1.00,1.00
2017.01.18 08:31:02.849,1.71252,1.71295,1.00,1.00
2017.01.18 08:31:03.456,1.71252,1.71295,1.00,1.37
2017.01.18 08:31:03.774,1.71251,1.71286,1.00,1.00
2017.01.18 08:31:03.825,1.71242,1.7129,1.75,1.00
2017.01.18 08:31:03.926,1.71252,1.71294,1.00,1.00
2017.01.18 08:31:04.238,1.71252,1.71298,1.00,1.37
2017.01.18 08:31:04.362,1.71247,1.71297,1.00,1.87
2017.01.18 08:31:04.564,1.71251,1.71299,1.00,1.00
2017.01.18 08:31:04.665,1.71252,1.71301,1.50,1.00
2017.01.18 08:31:05.128,1.71252,1.71299,3.00,1.12
2017.01.18 08:31:05.430,1.71253,1.71299,1.00,1.37
2017.01.18 08:31:05.480,1.71253,1.71299,1.00,1.37
2017.01.18 08:31:05.531,1.71253,1.71294,1.00,1.00
2017.01.18 08:31:05.582,1.71253,1.713,1.00,1.00
2017.01.18 08:31:05.733,1.71253,1.71295,1.00,1.00
2017.01.18 08:31:06.061,1.71252,1.7129,1.00,1.00
2017.01.18 08:31:06.112,1.71252,1.71295,1.00,1.00
2017.01.18 08:31:06.163,1.71252,1.71297,1.00,1.50
2017.01.18 08:31:06.315,1.71252,1.71295,1.00,1.00
2017.01.18 08:31:06.643,1.7125,1.71293,1.00,1.00
2017.01.18 08:31:06.945,1.71243,1.7129,1.00,1.00
2017.01.18 08:31:06.996,1.71246,1.71293,1.00,1.00
2017.01.18 08:31:07.249,1.71248,1.71296,1.00,1.00
2017.01.18 08:31:07.500,1.71252,1.71295,1.00,1.00
2017.01.18 08:31:07.602,1.71252,1.71297,1.00,1.00
2017.01.18 08:31:07.942,1.71261,1.71305,1.00,1.00
2017.01.18 08:31:08.295,1.71261,1.71303,1.12,1.00
2017.01.18 08:31:08.346,1.71259,1.71306,1.00,1.00
2017.01.18 08:31:08.498,1.71262,1.71306,1.00,1.00
2017.01.18 08:31:08.650,1.71262,1.71308,1.00,1.00
2017.01.18 08:31:09.011,1.71262,1.71304,1.00,1.00
2017.01.18 08:31:09.062,1.71258,1.71304,1.00,1.00
2017.01.18 08:31:09.665,1.71258,1.713,1.00,1.00
2017.01.18 08:31:09.715,1.71254,1.71301,1.00,1.00
2017.01.18 08:31:09.766,1.71256,1.71303,1.37,1.00
2017.01.18 08:31:09.867,1.71261,1.7131,1.50,1.00
2017.01.18 08:31:09.918,1.71263,1.7131,1.00,1.00
2017.01.18 08:31:10.069,1.71261,1.7131,1.50,1.00
2017.01.18 08:31:10.218,1.71261,1.71298,1.00,1.37
2017.01.18 08:31:10.269,1.71251,1.71292,1.37,1.00
2017.01.18 08:31:10.320,1.71251,1.71297,1.00,1.00
2017.01.18 08:31:10.371,1.71261,1.713,1.00,1.00
2017.01.18 08:31:10.475,1.71261,1.71303,1.00,1.00
2017.01.18 08:31:10.627,1.71256,1.71303,1.00,1.00
2017.01.18 08:31:10.929,1.71261,1.71303,1.00,1.00
2017.01.18 08:31:11.396,1.71261,1.71305,1.00,1.50
2017.01.18 08:31:11.449,1.71256,1.71305,1.00,1.50
2017.01.18 08:31:11.500,1.71256,1.71305,1.00,1.87
2017.01.18 08:31:11.803,1.71252,1.71297,1.00,1.12
2017.01.18 08:31:12.311,1.71251,1.71297,1.00,1.00
2017.01.18 08:31:12.839,1.71252,1.713,1.50,1.00
2017.01.18 08:31:13.372,1.71251,1.713,1.50,1.00
2017.01.18 08:31:13.473,1.71251,1.71298,1.00,1.00
2017.01.18 08:31:13.927,1.71253,1.713,1.00,1.00
2017.01.18 08:31:14.445,1.71252,1.71298,1.00,1.00
2017.01.18 08:31:14.747,1.71228,1.71267,2.55,1.00
2017.01.18 08:31:14.798,1.71225,1.71266,2.17,1.00
2017.01.18 08:31:14.849,1.71221,1.71265,2.25,1.00
2017.01.18 08:31:14.950,1.71222,1.71271,1.00,1.00
2017.01.18 08:31:15.482,1.71223,1.7127,1.00,1.00
2017.01.18 08:31:15.786,1.71223,1.71272,1.50,1.00
2017.01.18 08:31:15.837,1.71222,1.7127,2.25,1.00
2017.01.18 08:31:16.145,1.71232,1.71274,1.00,1.00
2017.01.18 08:31:16.297,1.71232,1.71276,1.00,1.00
2017.01.18 08:31:16.398,1.71232,1.71279,1.00,1.00
2017.01.18 08:31:17.343,1.71232,1.7128,1.00,1.00
2017.01.18 08:31:18.368,1.71232,1.71278,1.50,1.00
2017.01.18 08:31:19.519,1.71232,1.7128,1.50,1.00
2017.01.18 08:31:20.229,1.71234,1.71283,1.37,1.00
2017.01.18 08:31:20.532,1.71242,1.71285,1.00,1.00
2017.01.18 08:31:20.969,1.71244,1.71289,1.00,1.00
2017.01.18 08:31:21.019,1.71241,1.71281,1.00,1.00
2017.01.18 08:31:21.070,1.71235,1.71278,1.00,1.00
2017.01.18 08:31:21.186,1.71233,1.71278,1.12,1.00
2017.01.18 08:31:21.237,1.71232,1.71276,1.37,1.00
2017.01.18 08:31:21.339,1.71236,1.71283,1.00,1.00
2017.01.18 08:31:21.389,1.71241,1.71285,1.00,1.00
2017.01.18 08:31:21.743,1.71241,1.71283,1.00,1.00
2017.01.18 08:31:22.046,1.71241,1.71281,1.00,1.00
2017.01.18 08:31:22.147,1.71233,1.71281,1.12,1.00
2017.01.18 08:31:22.557,1.71241,1.71282,1.00,1.00
2017.01.18 08:31:23.059,1.71241,1.71283,1.00,1.00
2017.01.18 08:31:23.210,1.71241,1.71285,1.00,1.00
2017.01.18 08:31:23.664,1.71241,1.71287,1.00,1.00
2017.01.18 08:31:28.165,1.71242,1.71287,1.00,1.00
2017.01.18 08:31:28.266,1.71242,1.71285,1.00,1.12
2017.01.18 08:31:28.590,1.71242,1.71277,1.00,1.00
2017.01.18 08:31:28.792,1.71252,1.71296,1.00,1.50
2017.01.18 08:31:29.008,1.71252,1.71297,1.00,1.37
2017.01.18 08:31:29.327,1.71248,1.71297,1.12,1.00
2017.01.18 08:31:29.428,1.71251,1.71293,1.00,1.12
2017.01.18 08:31:29.529,1.71242,1.7129,1.00,1.00
2017.01.18 08:31:29.915,1.71242,1.71288,1.00,1.00
2017.01.18 08:31:30.016,1.71241,1.7129,1.50,1.00
2017.01.18 08:31:30.066,1.71243,1.7129,1.00,1.00
2017.01.18 08:31:30.627,1.71242,1.71289,2.25,1.00
2017.01.18 08:31:31.179,1.71242,1.71291,1.50,1.00
2017.01.18 08:31:31.444,1.71242,1.71289,1.00,1.00
2017.01.18 08:31:31.797,1.71244,1.71293,1.00,1.37
2017.01.18 08:31:31.949,1.71246,1.71294,1.50,1.00
2017.01.18 08:31:32.299,1.71252,1.71294,1.00,1.00
2017.01.18 08:31:32.551,1.71247,1.71293,1.00,1.37
2017.01.18 08:31:32.602,1.71247,1.7129,1.00,1.37
2017.01.18 08:31:32.653,1.71244,1.7129,1.00,1.37
2017.01.18 08:31:33.056,1.71241,1.7129,2.25,1.00
2017.01.18 08:31:33.258,1.71252,1.7129,1.00,1.00
2017.01.18 08:31:33.456,1.71241,1.7129,1.50,1.00
2017.01.18 08:31:33.507,1.71241,1.7129,1.50,1.37
2017.01.18 08:31:33.608,1.71241,1.7129,1.87,1.00
2017.01.18 08:31:33.723,1.71243,1.7129,1.00,1.00
2017.01.18 08:31:33.824,1.71244,1.71292,1.00,1.12
2017.01.18 08:31:33.925,1.71251,1.71291,1.00,1.00
2017.01.18 08:31:33.976,1.71251,1.71293,1.00,1.00
2017.01.18 08:31:34.027,1.71251,1.71293,1.00,1.37
2017.01.18 08:31:34.329,1.71251,1.71287,1.00,1.00
2017.01.18 08:31:34.531,1.71251,1.71289,1.00,1.00
2017.01.18 08:31:34.582,1.71251,1.71292,1.00,1.12
2017.01.18 08:31:34.633,1.71252,1.7129,1.00,1.00
2017.01.18 08:31:35.243,1.71252,1.71289,1.00,1.12
2017.01.18 08:31:36.045,1.71252,1.7129,1.00,1.00
2017.01.18 08:31:36.146,1.71252,1.71292,1.00,1.00
2017.01.18 08:31:36.303,1.71251,1.71294,1.00,1.50
2017.01.18 08:31:36.715,1.71252,1.71292,1.00,1.00
2017.01.18 08:31:37.504,1.71252,1.71291,1.00,1.00
2017.01.18 08:31:38.444,1.71252,1.71293,1.00,1.00
2017.01.18 08:31:38.546,1.71261,1.71294,1.00,1.00
2017.01.18 08:31:38.597,1.71261,1.71296,1.00,1.50
2017.01.18 08:31:38.770,1.71252,1.71295,1.00,1.00
2017.01.18 08:31:38.922,1.71252,1.71292,1.00,1.00
2017.01.18 08:31:39.073,1.71252,1.71297,1.00,1.37
2017.01.18 08:31:39.177,1.71252,1.71297,1.87,1.00
2017.01.18 08:31:39.228,1.71261,1.71301,1.00,1.00
2017.01.18 08:31:39.530,1.71262,1.713,1.00,1.37
2017.01.18 08:31:39.835,1.71252,1.71297,1.00,1.00
2017.01.18 08:31:40.037,1.71261,1.71297,1.00,1.00
2017.01.18 08:31:40.446,1.71252,1.71299,1.00,1.87
2017.01.18 08:31:41.795,1.71252,1.71296,1.00,1.00
2017.01.18 08:31:42.120,1.71245,1.71294,1.00,1.37
2017.01.18 08:31:42.220,1.71252,1.71292,1.00,1.50
2017.01.18 08:31:42.404,1.71243,1.71291,1.00,1.00
2017.01.18 08:31:42.455,1.71242,1.71289,2.62,1.00
2017.01.18 08:31:42.773,1.71242,1.71286,1.87,1.00
2017.01.18 08:31:42.998,1.71241,1.71286,1.00,1.00
2017.01.18 08:31:43.571,1.71241,1.71286,1.37,1.00
2017.01.18 08:31:44.973,1.71241,1.71286,1.00,1.00
2017.01.18 08:31:45.074,1.71241,1.71284,1.00,1.00
2017.01.18 08:31:46.036,1.71242,1.71284,1.00,1.00
2017.01.18 08:31:46.339,1.71242,1.71276,1.00,1.00
2017.01.18 08:31:46.869,1.71232,1.71273,1.00,1.00
2017.01.18 08:31:47.081,1.71241,1.71273,1.00,1.00
2017.01.18 08:31:48.168,1.71241,1.71275,1.00,1.00
2017.01.18 08:31:48.495,1.71241,1.71277,1.00,1.00
2017.01.18 08:31:48.996,1.71241,1.71276,1.00,1.00
2017.01.18 08:31:49.097,1.71241,1.71273,1.00,1.00
2017.01.18 08:31:49.569,1.71241,1.71276,1.00,1.00
2017.01.18 08:31:52.569,1.71241,1.71272,1.00,1.00
2017.01.18 08:31:52.620,1.71225,1.71271,1.37,1.00
2017.01.18 08:31:53.249,1.71224,1.71271,1.87,1.50
2017.01.18 08:31:54.083,1.71224,1.71271,1.87,1.50
2017.01.18 08:31:54.134,1.71237,1.71271,1.37,1.00
2017.01.18 08:31:54.184,1.71242,1.71281,1.87,1.50
2017.01.18 08:31:54.286,1.71241,1.71287,1.37,1.75
2017.01.18 08:31:54.711,1.71241,1.71287,1.12,1.00
2017.01.18 08:31:55.417,1.71241,1.71286,1.12,1.00
2017.01.18 08:31:56.319,1.71241,1.71288,1.87,1.50
2017.01.18 08:31:56.845,1.71241,1.71288,1.50,1.87
2017.01.18 08:31:56.895,1.71241,1.71282,1.00,1.00
2017.01.18 08:31:56.946,1.71238,1.71282,1.00,1.12
2017.01.18 08:31:57.047,1.71234,1.7128,1.12,1.00
2017.01.18 08:31:57.614,1.71242,1.7128,1.00,1.50
2017.01.18 08:31:57.881,1.71242,1.71282,1.00,1.00
2017.01.18 08:31:58.531,1.71242,1.71281,1.00,1.00
2017.01.18 08:31:59.503,1.71242,1.71282,1.50,1.00
2017.01.18 08:31:59.554,1.71244,1.71282,1.00,1.00
2017.01.18 08:31:59.605,1.71243,1.71289,1.00,1.50
2017.01.18 08:31:59.857,1.71242,1.71287,1.00,1.00
2017.01.18 08:32:00.160,1.71241,1.71284,1.00,1.00
2017.01.18 08:32:00.444,1.71232,1.71279,1.75,1.50
2017.01.18 08:32:00.545,1.71232,1.71278,1.00,1.00
2017.01.18 08:32:00.596,1.71231,1.71276,1.12,1.00
2017.01.18 08:32:01.112,1.71232,1.71276,1.00,1.00
2017.01.18 08:32:01.631,1.71232,1.71277,1.00,1.00
2017.01.18 08:32:02.175,1.71231,1.71279,1.50,1.50
2017.01.18 08:32:02.892,1.71231,1.71279,1.50,1.87
2017.01.18 08:32:03.195,1.71241,1.71279,1.00,1.00
2017.01.18 08:32:03.447,1.71231,1.71274,1.00,1.00
2017.01.18 08:32:03.498,1.71231,1.71272,1.00,1.00
2017.01.18 08:32:03.914,1.71232,1.71274,1.00,1.87
2017.01.18 08:32:04.166,1.71232,1.71279,1.00,1.00
2017.01.18 08:32:04.217,1.71241,1.71279,1.00,1.00
2017.01.18 08:32:04.450,1.71233,1.71279,1.37,1.50
2017.01.18 08:32:04.551,1.71232,1.7128,1.50,1.00
2017.01.18 08:32:05.160,1.71232,1.71277,1.00,1.00
2017.01.18 08:32:05.541,1.71229,1.71277,1.87,1.00
2017.01.18 08:32:05.714,1.71232,1.71277,1.00,1.00
2017.01.18 08:32:06.491,1.71231,1.71277,1.50,1.00
2017.01.18 08:32:06.955,1.71233,1.71277,1.00,1.00
2017.01.18 08:32:07.006,1.71233,1.71279,1.00,1.00
2017.01.18 08:32:07.056,1.7124,1.71282,1.00,1.00
2017.01.18 08:32:07.107,1.71238,1.71285,1.00,1.00
2017.01.18 08:32:07.163,1.71242,1.71285,1.00,1.00
2017.01.18 08:32:07.465,1.71242,1.71283,1.00,1.12
2017.01.18 08:32:07.772,1.71242,1.7128,1.00,1.00
2017.01.18 08:32:07.873,1.71235,1.7128,1.00,1.00
2017.01.18 08:32:08.203,1.71241,1.71282,1.00,1.00
2017.01.18 08:32:08.714,1.71242,1.71281,1.00,1.00
2017.01.18 08:32:09.234,1.71235,1.71278,1.00,1.00
2017.01.18 08:32:09.335,1.71232,1.71277,1.00,1.37
2017.01.18 08:32:09.436,1.71232,1.71273,1.00,1.37
2017.01.18 08:32:09.776,1.71222,1.71263,1.75,1.00
2017.01.18 08:32:09.877,1.71222,1.71263,1.00,1.37
2017.01.18 08:32:10.295,1.71222,1.71264,1.00,1.00
2017.01.18 08:32:10.949,1.71222,1.71266,1.00,1.37
2017.01.18 08:32:11.443,1.71223,1.71269,1.37,1.00
2017.01.18 08:32:11.642,1.71232,1.71268,1.00,1.00
2017.01.18 08:32:11.743,1.71232,1.71275,1.37,1.00
2017.01.18 08:32:12.400,1.71232,1.71276,1.37,1.00
2017.01.18 08:32:13.503,1.71241,1.71276,1.00,1.00
2017.01.18 08:32:13.554,1.71231,1.71272,1.00,1.00
2017.01.18 08:32:13.705,1.71232,1.71268,1.00,1.00
2017.01.18 08:32:14.058,1.71231,1.71272,1.00,1.37
2017.01.18 08:32:14.109,1.71231,1.71272,1.00,1.00
2017.01.18 08:32:14.788,1.71231,1.71271,1.00,1.00
2017.01.18 08:32:15.058,1.71231,1.71269,1.00,1.00
2017.01.18 08:32:15.417,1.71232,1.71267,1.00,1.00
2017.01.18 08:32:16.626,1.71232,1.71267,1.00,1.37
2017.01.18 08:32:17.048,1.71222,1.71267,1.00,1.00
2017.01.18 08:32:17.516,1.71232,1.71266,1.00,1.00
2017.01.18 08:32:17.667,1.71232,1.71268,1.00,1.00
2017.01.18 08:32:18.260,1.71232,1.71269,1.00,1.00
2017.01.18 08:32:19.058,1.71232,1.71268,1.00,1.00
2017.01.18 08:32:19.565,1.71232,1.71269,1.00,1.00
2017.01.18 08:32:19.905,1.71232,1.71271,1.00,1.00
2017.01.18 08:32:20.114,1.71231,1.71267,1.00,1.00
2017.01.18 08:32:20.265,1.71231,1.71269,1.00,1.00
2017.01.18 08:32:20.682,1.71232,1.71271,1.00,1.00
2017.01.18 08:32:20.783,1.71231,1.71273,1.37,1.00
2017.01.18 08:32:20.834,1.71232,1.71277,1.00,1.00
2017.01.18 08:32:21.136,1.71241,1.71277,1.00,1.00
2017.01.18 08:32:21.237,1.71241,1.7128,1.00,1.12
2017.01.18 08:32:21.288,1.71241,1.71282,1.00,1.00
2017.01.18 08:32:21.538,1.71241,1.71265,1.00,1.37
2017.01.18 08:32:21.639,1.71231,1.71264,1.00,1.00
2017.01.18 08:32:21.841,1.71231,1.71266,1.00,1.00
2017.01.18 08:32:21.942,1.71231,1.71268,1.00,1.00
2017.01.18 08:32:22.195,1.71232,1.71266,1.00,1.00
2017.01.18 08:32:22.347,1.71221,1.71265,1.00,1.37
2017.01.18 08:32:22.397,1.71221,1.71262,1.00,1.00
2017.01.18 08:32:22.852,1.71221,1.71259,1.00,1.00
2017.01.18 08:32:23.155,1.71231,1.71259,1.00,1.00
2017.01.18 08:32:23.205,1.71231,1.71261,1.00,1.00
2017.01.18 08:32:23.256,1.71221,1.71262,1.00,1.00
2017.01.18 08:32:23.458,1.71232,1.71263,1.00,1.00
2017.01.18 08:32:23.618,1.71232,1.71266,1.00,1.00
2017.01.18 08:32:24.375,1.71231,1.71266,1.00,1.00
2017.01.18 08:32:24.425,1.71232,1.71262,1.00,1.00
2017.01.18 08:32:24.476,1.71232,1.71265,1.00,1.00
2017.01.18 08:32:24.527,1.71222,1.71266,1.00,1.00
2017.01.18 08:32:24.577,1.71221,1.71264,1.00,1.00
2017.01.18 08:32:24.830,1.71212,1.71257,1.00,1.00
2017.01.18 08:32:24.931,1.71213,1.7126,1.37,1.50
2017.01.18 08:32:25.183,1.71216,1.71263,1.37,1.00
2017.01.18 08:32:25.234,1.71221,1.71265,1.00,1.50
2017.01.18 08:32:25.653,1.71231,1.71264,1.00,1.00
2017.01.18 08:32:25.715,1.71223,1.71265,1.37,1.00
2017.01.18 08:32:25.765,1.71231,1.71267,1.00,1.37
2017.01.18 08:32:25.866,1.71231,1.71269,1.00,1.00
2017.01.18 08:32:26.438,1.71231,1.71268,1.00,1.00
2017.01.18 08:32:26.590,1.71231,1.71271,1.00,1.00
2017.01.18 08:32:26.641,1.71241,1.7127,1.00,1.00
2017.01.18 08:32:27.534,1.71241,1.71273,1.00,1.00
2017.01.18 08:32:27.585,1.71241,1.71275,1.00,1.00
2017.01.18 08:32:27.686,1.71241,1.71278,1.00,1.00
2017.01.18 08:32:27.736,1.71251,1.71279,1.00,1.00
2017.01.18 08:32:27.787,1.71251,1.71281,1.00,1.00
2017.01.18 08:32:27.838,1.71251,1.71284,1.00,1.00
2017.01.18 08:32:27.939,1.71241,1.71283,1.00,1.00
2017.01.18 08:32:28.462,1.71241,1.71285,1.00,1.00
2017.01.18 08:32:28.734,1.71252,1.71288,1.00,1.00
2017.01.18 08:32:28.835,1.71251,1.71291,1.00,1.00
2017.01.18 08:32:28.987,1.71251,1.71293,1.00,1.87
2017.01.18 08:32:29.189,1.71251,1.71296,1.00,1.50
2017.01.18 08:32:29.542,1.71251,1.71294,1.37,1.00
2017.01.18 08:32:29.955,1.71251,1.71291,1.00,1.00
2017.01.18 08:32:30.258,1.71251,1.71288,1.00,1.00
2017.01.18 08:32:30.644,1.71251,1.71294,1.12,1.00
2017.01.18 08:32:30.694,1.71261,1.71296,1.00,1.50
2017.01.18 08:32:30.915,1.71251,1.71296,1.00,1.00
2017.01.18 08:32:31.016,1.71261,1.71293,1.00,1.00
2017.01.18 08:32:31.414,1.71251,1.71293,1.00,1.00
2017.01.18 08:32:31.810,1.71261,1.71295,1.00,1.00
2017.01.18 08:32:32.718,1.71252,1.71295,1.00,1.00
2017.01.18 08:32:33.554,1.71252,1.71295,1.00,1.37
2017.01.18 08:32:34.095,1.71252,1.71293,1.00,1.00
2017.01.18 08:32:36.407,1.71251,1.71294,1.00,1.37
2017.01.18 08:32:37.017,1.71252,1.71294,1.00,1.00
2017.01.18 08:32:37.514,1.71261,1.71296,1.00,1.00
2017.01.18 08:32:43.446,1.71251,1.71296,1.00,1.00
2017.01.18 08:32:44.585,1.71257,1.71304,1.00,3.75
2017.01.18 08:32:45.100,1.71256,1.71301,1.00,1.37
2017.01.18 08:32:45.417,1.71261,1.71303,1.50,1.00
2017.01.18 08:32:45.950,1.71262,1.71303,1.00,1.12
2017.01.18 08:32:46.152,1.71256,1.71302,1.00,1.00
2017.01.18 08:32:46.203,1.71258,1.71304,1.00,1.87
2017.01.18 08:32:46.561,1.71262,1.71304,1.00,1.00
2017.01.18 08:32:46.868,1.71262,1.71302,1.00,1.37
2017.01.18 08:32:47.860,1.71262,1.71297,1.00,1.00
2017.01.18 08:32:47.911,1.71262,1.71299,1.00,1.00
2017.01.18 08:32:48.094,1.71252,1.713,1.50,1.12
2017.01.18 08:32:48.169,1.71254,1.71302,1.00,1.37
2017.01.18 08:32:48.700,1.71261,1.71302,1.00,1.37
2017.01.18 08:32:49.723,1.71261,1.71293,1.00,1.00
2017.01.18 08:32:49.774,1.71252,1.71295,1.00,1.87
2017.01.18 08:32:49.825,1.71252,1.71292,1.00,1.87
2017.01.18 08:32:49.876,1.71252,1.71293,1.00,1.12
2017.01.18 08:32:49.927,1.71247,1.71293,1.00,1.37
2017.01.18 08:32:50.028,1.71251,1.71289,1.00,1.37
2017.01.18 08:32:50.078,1.71251,1.7129,1.00,1.37
2017.01.18 08:32:50.230,1.71251,1.71292,1.00,1.50
2017.01.18 08:32:50.281,1.71251,1.71296,1.00,1.00
2017.01.18 08:32:50.382,1.71251,1.71298,1.00,1.00
2017.01.18 08:32:50.889,1.71255,1.713,1.00,1.00
2017.01.18 08:32:51.216,1.71257,1.71301,1.12,1.37
2017.01.18 08:32:51.654,1.71262,1.71302,1.00,1.12
2017.01.18 08:32:52.057,1.71261,1.71305,1.00,1.12
2017.01.18 08:32:52.464,1.7126,1.71306,1.00,1.87
2017.01.18 08:32:52.616,1.71256,1.71304,1.37,1.37
2017.01.18 08:32:52.718,1.71255,1.71302,1.00,1.37
2017.01.18 08:32:52.819,1.71253,1.713,1.50,1.00
2017.01.18 08:32:53.021,1.71256,1.71302,1.00,1.37
2017.01.18 08:32:53.282,1.71257,1.71305,1.00,1.37
2017.01.18 08:32:53.802,1.71257,1.71305,1.00,1.37
2017.01.18 08:32:53.904,1.71261,1.71304,1.00,1.00
2017.01.18 08:32:53.955,1.71261,1.71308,1.00,1.00
2017.01.18 08:32:54.056,1.71262,1.7131,1.50,1.00
2017.01.18 08:32:54.258,1.71266,1.71312,1.00,1.37
2017.01.18 08:32:54.561,1.71263,1.7131,1.00,1.37
2017.01.18 08:32:54.709,1.71263,1.7131,1.00,1.37
2017.01.18 08:32:55.013,1.71262,1.7131,1.00,1.37
2017.01.18 08:32:55.558,1.71262,1.7131,1.50,1.37
2017.01.18 08:32:56.062,1.71263,1.71311,1.00,2.62
2017.01.18 08:32:56.609,1.71263,1.71311,1.00,1.00
2017.01.18 08:32:56.710,1.71265,1.71313,1.00,1.12
2017.01.18 08:32:57.013,1.71265,1.71313,1.00,1.37
2017.01.18 08:32:57.516,1.71265,1.71313,1.00,1.37
2017.01.18 08:32:59.089,1.71266,1.71312,1.00,1.37
2017.01.18 08:33:00.402,1.71266,1.71309,1.00,1.87
2017.01.18 08:33:00.453,1.71264,1.71309,1.00,1.87
2017.01.18 08:33:00.504,1.71262,1.71305,1.00,2.62
2017.01.18 08:33:01.012,1.71261,1.71305,1.00,1.37
2017.01.18 08:33:01.277,1.71254,1.713,1.87,1.00
2017.01.18 08:33:01.328,1.71254,1.71298,1.00,1.87
2017.01.18 08:33:01.480,1.71252,1.71298,2.25,1.37
2017.01.18 08:33:01.581,1.71252,1.71298,1.50,1.00
2017.01.18 08:33:02.023,1.71252,1.71295,1.00,1.87
2017.01.18 08:33:02.074,1.71252,1.71296,1.00,1.37
2017.01.18 08:33:02.226,1.71252,1.71294,1.00,1.37
2017.01.18 08:33:02.528,1.7125,1.71294,1.00,1.37
2017.01.18 08:33:02.579,1.7125,1.71294,1.00,1.00
2017.01.18 08:33:02.742,1.71252,1.71296,1.00,1.37
2017.01.18 08:33:03.282,1.71252,1.71295,1.00,1.37
2017.01.18 08:33:03.332,1.71248,1.71295,1.12,1.37
2017.01.18 08:33:03.433,1.71246,1.71293,1.00,1.37
2017.01.18 08:33:03.484,1.71248,1.71294,1.00,1.37
2017.01.18 08:33:03.791,1.71252,1.71298,1.00,1.87
2017.01.18 08:33:03.841,1.71252,1.713,1.50,1.37
2017.01.18 08:33:04.160,1.71252,1.71299,1.00,2.62
2017.01.18 08:33:04.432,1.7125,1.71296,1.50,1.37
2017.01.18 08:33:04.503,1.71252,1.71296,1.00,1.00
2017.01.18 08:33:04.805,1.71252,1.71294,1.00,1.00
2017.01.18 08:33:05.403,1.71252,1.71295,1.00,1.12
2017.01.18 08:33:05.699,1.7125,1.71296,1.00,1.37
2017.01.18 08:33:05.750,1.7125,1.71295,1.00,1.87
2017.01.18 08:33:05.801,1.71251,1.71297,1.00,1.37
2017.01.18 08:33:05.952,1.71251,1.71296,1.00,1.87
2017.01.18 08:33:06.494,1.71251,1.71295,1.00,1.37
2017.01.18 08:33:06.545,1.71252,1.71295,1.00,1.00
2017.01.18 08:33:06.646,1.71251,1.71297,1.50,1.00
2017.01.18 08:33:06.697,1.7125,1.71296,1.00,1.37
2017.01.18 08:33:07.001,1.71253,1.71297,1.00,1.00
2017.01.18 08:33:07.102,1.71253,1.71299,1.00,1.12
2017.01.18 08:33:07.203,1.71255,1.71303,1.00,1.50
2017.01.18 08:33:07.354,1.71255,1.71303,1.00,1.12
2017.01.18 08:33:07.405,1.71257,1.71305,1.00,2.25
2017.01.18 08:33:07.815,1.7126,1.71306,1.00,2.25
2017.01.18 08:33:07.914,1.7126,1.71308,1.00,1.87
2017.01.18 08:33:08.066,1.71263,1.71309,1.00,1.37
2017.01.18 08:33:08.382,1.71261,1.71309,1.00,1.37
2017.01.18 08:33:08.526,1.71262,1.7131,1.50,1.37
2017.01.18 08:33:08.771,1.71262,1.7131,1.50,1.37
2017.01.18 08:33:09.081,1.71264,1.71309,1.00,1.87
2017.01.18 08:33:09.132,1.71262,1.7131,1.00,1.37
2017.01.18 08:33:09.182,1.71264,1.7131,1.00,1.37
2017.01.18 08:33:09.501,1.71264,1.7131,1.00,1.37
2017.01.18 08:33:09.795,1.7126,1.71308,1.00,1.37
2017.01.18 08:33:09.947,1.71262,1.7131,1.00,1.37
2017.01.18 08:33:10.285,1.71265,1.71311,1.00,1.37
2017.01.18 08:33:10.785,1.71265,1.71311,1.00,1.37
2017.01.18 08:33:11.748,1.71265,1.71311,1.00,2.62
2017.01.18 08:33:11.849,1.71263,1.71311,1.00,2.62
2017.01.18 08:33:12.920,1.71259,1.71305,1.00,1.37
2017.01.18 08:33:13.021,1.71256,1.71303,1.87,1.37
2017.01.18 08:33:13.282,1.71256,1.71303,1.12,1.37
2017.01.18 08:33:13.383,1.71258,1.71304,1.00,1.37
2017.01.18 08:33:13.694,1.71253,1.71301,1.00,1.37
2017.01.18 08:33:13.947,1.71252,1.71296,1.00,1.37
2017.01.18 08:33:14.100,1.71252,1.71297,1.00,1.37
2017.01.18 08:33:14.647,1.71253,1.71301,1.00,2.62
2017.01.18 08:33:14.763,1.71252,1.71294,1.00,1.87
2017.01.18 08:33:15.203,1.71251,1.71294,1.00,1.37
2017.01.18 08:33:15.543,1.71251,1.71296,1.00,1.87
2017.01.18 08:33:15.644,1.71244,1.7129,1.00,1.12
2017.01.18 08:33:15.695,1.71247,1.71293,1.37,1.50
2017.01.18 08:33:15.997,1.71252,1.71294,1.00,1.37
2017.01.18 08:33:16.098,1.71243,1.7129,1.50,1.37
2017.01.18 08:33:16.250,1.71246,1.71291,1.00,1.37
2017.01.18 08:33:16.662,1.71248,1.71291,1.00,1.00
2017.01.18 08:33:16.713,1.71244,1.7129,1.00,1.00
2017.01.18 08:33:16.814,1.71243,1.71291,1.50,1.37
2017.01.18 08:33:17.118,1.71243,1.71289,1.00,1.37
2017.01.18 08:33:17.168,1.71243,1.71289,1.00,1.37
2017.01.18 08:33:17.519,1.71243,1.71279,1.00,1.00
2017.01.18 08:33:17.671,1.71239,1.71285,1.75,2.62
2017.01.18 08:33:17.722,1.71241,1.71284,1.00,1.87
2017.01.18 08:33:17.772,1.71238,1.71285,1.00,1.87
2017.01.18 08:33:17.823,1.71238,1.71284,1.12,1.00
2017.01.18 08:33:17.924,1.7124,1.71285,1.00,1.87
2017.01.18 08:33:18.415,1.71241,1.71289,1.50,1.37
2017.01.18 08:33:18.466,1.71244,1.71291,1.00,1.37
2017.01.18 08:33:18.805,1.71242,1.71285,1.00,1.37
2017.01.18 08:33:19.185,1.71242,1.71285,1.00,1.00
2017.01.18 08:33:19.286,1.71242,1.71286,1.37,1.00
2017.01.18 08:33:19.589,1.71252,1.7129,1.00,1.00
2017.01.18 08:33:19.639,1.71252,1.71293,1.00,1.00
2017.01.18 08:33:20.256,1.71252,1.71292,1.00,1.00
2017.01.18 08:33:21.178,1.71252,1.71293,1.00,1.00
2017.01.18 08:33:21.727,1.71242,1.71286,1.87,1.37
2017.01.18 08:33:21.938,1.71241,1.71282,1.37,1.37
2017.01.18 08:33:22.039,1.71241,1.71282,1.00,1.12
2017.01.18 08:33:22.241,1.71241,1.71284,1.00,1.00
2017.01.18 08:33:22.292,1.71241,1.71286,1.00,1.37
2017.01.18 08:33:22.343,1.71241,1.71286,1.00,1.12
2017.01.18 08:33:22.494,1.71241,1.71286,1.50,1.37
2017.01.18 08:33:23.582,1.71242,1.71289,1.00,2.62
2017.01.18 08:33:23.834,1.71243,1.71289,1.00,1.37
2017.01.18 08:33:24.413,1.71243,1.71289,1.00,1.37
2017.01.18 08:33:24.668,1.71244,1.7129,1.00,1.00
2017.01.18 08:33:26.482,1.71241,1.71288,1.37,1.00
2017.01.18 08:33:26.784,1.71245,1.71291,1.00,1.37
2017.01.18 08:33:27.507,1.71243,1.71291,1.00,1.37
2017.01.18 08:33:27.854,1.71242,1.7129,1.50,2.62
2017.01.18 08:33:28.157,1.71241,1.71287,1.00,1.87
2017.01.18 08:33:28.673,1.71241,1.71285,1.00,1.12
2017.01.18 08:33:30.961,1.71241,1.71287,1.50,1.37
2017.01.18 08:33:31.307,1.71241,1.71281,1.00,1.12
2017.01.18 08:33:31.358,1.71235,1.71281,1.00,1.37
2017.01.18 08:33:31.409,1.71233,1.71278,1.50,1.00
2017.01.18 08:33:31.510,1.71241,1.71281,1.00,1.87
2017.01.18 08:33:31.714,1.71236,1.71281,1.00,1.37
2017.01.18 08:33:32.464,1.71236,1.71281,1.00,1.37
2017.01.18 08:33:33.052,1.71236,1.71281,1.00,1.37
2017.01.18 08:33:33.103,1.71242,1.71285,1.37,1.50
2017.01.18 08:33:33.432,1.71236,1.71283,1.37,1.87
2017.01.18 08:33:33.482,1.71235,1.71281,1.00,1.12
2017.01.18 08:33:33.533,1.71234,1.7128,1.00,1.37
2017.01.18 08:33:33.654,1.71227,1.71275,1.87,1.00
2017.01.18 08:33:33.705,1.71228,1.71273,1.00,1.00
2017.01.18 08:33:34.007,1.71232,1.71276,1.00,1.50
2017.01.18 08:33:34.058,1.7123,1.71276,1.00,1.50
2017.01.18 08:33:36.658,1.7123,1.71278,1.00,1.87
2017.01.18 08:33:37.173,1.71232,1.71277,1.00,1.12
2017.01.18 08:33:38.105,1.71232,1.71277,1.00,1.37
2017.01.18 08:33:38.408,1.71225,1.71271,1.00,1.37
2017.01.18 08:33:38.610,1.71225,1.7127,1.00,1.37
2017.01.18 08:33:38.660,1.71223,1.71266,1.00,2.62
2017.01.18 08:33:38.812,1.71218,1.71262,1.12,1.37
2017.01.18 08:33:38.863,1.71214,1.7126,1.37,1.37
2017.01.18 08:33:38.914,1.71214,1.7126,1.00,1.37
2017.01.18 08:33:38.965,1.71213,1.7126,1.00,1.37
2017.01.18 08:33:39.116,1.71206,1.71252,1.12,1.37
2017.01.18 08:33:39.268,1.71202,1.71249,1.87,1.37
2017.01.18 08:33:39.319,1.71202,1.71249,1.00,3.37
2017.01.18 08:33:39.599,1.71185,1.71231,1.50,1.37
2017.01.18 08:33:39.650,1.71191,1.71234,1.00,1.00
2017.01.18 08:33:39.755,1.71191,1.71236,1.00,1.12
2017.01.18 08:33:39.957,1.71191,1.71234,1.00,1.00
2017.01.18 08:33:40.259,1.71181,1.71223,1.00,1.87
2017.01.18 08:33:40.310,1.71181,1.71221,1.00,1.00
2017.01.18 08:33:40.512,1.71181,1.71219,1.00,1.37
2017.01.18 08:33:40.562,1.71174,1.7122,1.00,1.37
2017.01.18 08:33:40.613,1.71172,1.71218,1.50,1.00
2017.01.18 08:33:40.923,1.71171,1.71209,1.00,1.00
2017.01.18 08:33:41.137,1.71164,1.71209,1.37,1.00
2017.01.18 08:33:41.188,1.71163,1.71209,1.00,1.37
2017.01.18 08:33:41.289,1.71162,1.71206,1.87,1.00
2017.01.18 08:33:41.339,1.71162,1.71208,1.12,1.00
2017.01.18 08:33:41.390,1.71165,1.71211,1.00,1.87
2017.01.18 08:33:41.693,1.71172,1.71212,1.00,1.12
2017.01.18 08:33:41.822,1.71161,1.71205,1.00,1.00
2017.01.18 08:33:41.873,1.71158,1.71204,1.50,1.12
2017.01.18 08:33:41.924,1.71158,1.71206,1.50,1.12
2017.01.18 08:33:41.975,1.7116,1.71206,1.00,1.12
2017.01.18 08:33:42.276,1.71153,1.712,1.00,1.37
2017.01.18 08:33:42.327,1.71153,1.71201,1.00,1.37
2017.01.18 08:33:42.378,1.71151,1.71196,1.00,1.00
2017.01.18 08:33:42.680,1.71141,1.7118,1.00,1.37
2017.01.18 08:33:42.731,1.71132,1.71178,1.00,1.00
2017.01.18 08:33:42.832,1.71132,1.71175,1.00,1.37
2017.01.18 08:33:42.883,1.71132,1.71172,1.00,1.00
2017.01.18 08:33:42.984,1.71132,1.71175,1.00,1.00
2017.01.18 08:33:43.034,1.71142,1.71178,1.00,1.00
2017.01.18 08:33:43.135,1.71142,1.7118,1.00,1.00
2017.01.18 08:33:43.186,1.71151,1.7118,1.37,1.00
2017.01.18 08:33:43.237,1.71152,1.71196,1.37,1.75
2017.01.18 08:33:43.338,1.71161,1.712,1.00,1.75
2017.01.18 08:33:43.571,1.71161,1.71206,1.50,1.00
2017.01.18 08:33:43.824,1.71164,1.71209,1.00,1.00
2017.01.18 08:33:43.876,1.71166,1.71212,1.00,1.00
2017.01.18 08:33:44.027,1.71165,1.71205,1.00,1.00
2017.01.18 08:33:44.078,1.71162,1.71207,1.12,1.00
2017.01.18 08:33:44.281,1.71159,1.71199,1.37,1.00
2017.01.18 08:33:44.332,1.71161,1.71202,1.00,1.00
2017.01.18 08:33:44.436,1.71161,1.712,1.00,1.00
2017.01.18 08:33:44.588,1.71161,1.71202,1.00,1.00
2017.01.18 08:33:44.639,1.71161,1.71206,1.37,1.00
2017.01.18 08:33:44.690,1.71161,1.71207,1.50,1.50
2017.01.18 08:33:44.741,1.71162,1.71196,1.00,1.00
2017.01.18 08:33:44.952,1.71161,1.71203,1.75,1.00
2017.01.18 08:33:45.053,1.71162,1.71208,1.75,1.50
2017.01.18 08:33:45.154,1.71172,1.71212,1.00,1.00
2017.01.18 08:33:45.256,1.71167,1.71212,1.00,1.37
2017.01.18 08:33:45.408,1.71167,1.71212,1.00,1.37
2017.01.18 08:33:45.509,1.71163,1.71211,1.87,1.00
2017.01.18 08:33:45.611,1.71161,1.71199,1.00,1.00
2017.01.18 08:33:45.813,1.71152,1.71195,1.00,1.00
2017.01.18 08:33:46.015,1.71151,1.71187,1.00,1.00
2017.01.18 08:33:46.145,1.71149,1.71187,1.00,1.00
2017.01.18 08:33:46.196,1.71142,1.71188,1.87,1.00
2017.01.18 08:33:46.247,1.71142,1.71188,1.50,1.00
2017.01.18 08:33:46.422,1.71138,1.71177,1.00,1.37
2017.01.18 08:33:46.473,1.71138,1.71177,1.00,1.00
2017.01.18 08:33:46.575,1.71131,1.71176,1.75,1.50
2017.01.18 08:33:46.676,1.71131,1.71175,1.37,1.00
2017.01.18 08:33:46.727,1.71131,1.71175,1.00,1.00
2017.01.18 08:33:46.828,1.71132,1.71163,1.00,1.00
2017.01.18 08:33:46.879,1.71132,1.71167,1.00,1.00
2017.01.18 08:33:46.980,1.71131,1.71172,1.00,1.00
2017.01.18 08:33:47.031,1.71132,1.71174,1.00,1.12
2017.01.18 08:33:47.132,1.71132,1.71177,1.00,1.37
2017.01.18 08:33:47.287,1.71141,1.71178,1.00,1.87
2017.01.18 08:33:47.338,1.71135,1.71183,1.00,1.87
2017.01.18 08:33:47.388,1.71137,1.71182,1.00,1.00
2017.01.18 08:33:47.742,1.71142,1.71176,1.00,1.00
2017.01.18 08:33:47.844,1.71132,1.71173,1.00,1.00
2017.01.18 08:33:48.096,1.71131,1.71171,1.00,1.12
2017.01.18 08:33:48.248,1.71122,1.71167,1.87,1.00
2017.01.18 08:33:48.298,1.71122,1.71165,1.87,1.37
2017.01.18 08:33:48.676,1.71132,1.71166,1.00,1.00
2017.01.18 08:33:48.727,1.71132,1.71168,1.00,1.00
2017.01.18 08:33:48.928,1.71132,1.7117,1.00,1.00
2017.01.18 08:33:49.097,1.71132,1.71172,1.00,1.00
2017.01.18 08:33:49.618,1.71132,1.71173,1.00,1.00
2017.01.18 08:33:49.867,1.71132,1.7117,1.00,1.00
2017.01.18 08:33:50.758,1.71142,1.71181,1.00,1.00
2017.01.18 08:33:50.859,1.71142,1.71186,1.00,1.00
2017.01.18 08:33:50.962,1.71141,1.71183,1.00,1.37
2017.01.18 08:33:51.265,1.71141,1.71185,1.00,1.00
2017.01.18 08:33:51.316,1.71141,1.71186,1.00,1.37
2017.01.18 08:33:51.467,1.71141,1.71185,1.00,1.12
2017.01.18 08:33:51.618,1.71151,1.71185,1.00,1.12
2017.01.18 08:33:51.796,1.71142,1.71186,1.00,1.37
2017.01.18 08:33:52.428,1.71141,1.71187,1.00,1.37
2017.01.18 08:33:52.479,1.71141,1.71187,1.00,1.00
2017.01.18 08:33:53.142,1.71143,1.7119,1.00,1.37
2017.01.18 08:33:53.192,1.71141,1.71187,1.50,1.00
2017.01.18 08:33:53.446,1.71151,1.71186,1.00,1.00
2017.01.18 08:33:53.612,1.71151,1.71188,1.00,1.00
2017.01.18 08:33:54.168,1.71151,1.7119,1.00,1.00
2017.01.18 08:33:54.219,1.71162,1.7119,1.00,1.00
2017.01.18 08:33:54.409,1.71171,1.71215,1.00,1.00
2017.01.18 08:33:54.511,1.71173,1.71219,1.00,1.50
2017.01.18 08:33:54.662,1.71181,1.71227,1.00,1.87
2017.01.18 08:33:54.763,1.71182,1.71229,1.50,1.00
2017.01.18 08:33:54.915,1.71182,1.71227,1.50,1.00
2017.01.18 08:33:55.286,1.71191,1.71232,1.00,1.00
2017.01.18 08:33:55.689,1.71194,1.71239,1.00,1.00
2017.01.18 08:33:55.855,1.71202,1.71247,1.00,1.12
2017.01.18 08:33:55.956,1.71202,1.71249,1.00,1.00
2017.01.18 08:33:56.359,1.71201,1.71244,1.00,1.00
2017.01.18 08:33:56.562,1.71184,1.71229,1.00,1.00
2017.01.18 08:33:56.613,1.71184,1.71227,1.00,1.00
2017.01.18 08:33:56.714,1.71182,1.71228,1.00,1.00
2017.01.18 08:33:57.045,1.71184,1.71229,1.87,1.00
2017.01.18 08:33:57.175,1.7119,1.71236,1.37,1.00
2017.01.18 08:33:57.226,1.71193,1.71239,1.00,1.00
2017.01.18 08:33:57.327,1.71191,1.71232,1.00,1.00
2017.01.18 08:33:57.429,1.71183,1.71229,1.50,1.00
2017.01.18 08:33:57.580,1.71184,1.71231,1.00,1.00
2017.01.18 08:33:57.785,1.71183,1.71229,1.00,1.12
2017.01.18 08:33:57.936,1.71178,1.71226,1.00,1.37
2017.01.18 08:33:58.037,1.71186,1.71233,1.00,1.50
2017.01.18 08:33:58.088,1.71187,1.71236,1.37,1.00
2017.01.18 08:33:58.139,1.71192,1.71236,1.00,1.00
2017.01.18 08:33:58.190,1.71192,1.71238,1.00,1.00
2017.01.18 08:33:58.308,1.71193,1.71241,1.00,1.00
2017.01.18 08:33:58.417,1.71195,1.7124,1.00,1.00
2017.01.18 08:33:58.468,1.71197,1.71243,1.00,1.00
2017.01.18 08:33:58.518,1.71201,1.71245,1.00,1.00
2017.01.18 08:33:58.569,1.71206,1.71252,1.37,1.00
2017.01.18 08:33:58.619,1.71211,1.71253,1.00,1.00
2017.01.18 08:33:58.720,1.71212,1.71255,1.00,1.00
2017.01.18 08:33:58.821,1.71212,1.71258,1.00,1.00
2017.01.18 08:33:59.073,1.71216,1.71264,1.00,1.00
2017.01.18 08:33:59.124,1.71221,1.71266,1.00,1.00
2017.01.18 08:33:59.225,1.71221,1.71268,1.50,1.00
2017.01.18 08:33:59.276,1.71225,1.71273,1.37,1.00
2017.01.18 08:33:59.503,1.71241,1.71289,1.00,1.00
2017.01.18 08:33:59.553,1.71241,1.71286,1.00,1.00
2017.01.18 08:33:59.806,1.7125,1.71296,1.00,1.00
2017.01.18 08:33:59.857,1.71252,1.71295,1.00,1.00
2017.01.18 08:33:59.958,1.71252,1.71297,1.00,1.00
2017.01.18 08:34:00.412,1.71252,1.71295,1.00,1.00
2017.01.18 08:34:00.882,1.71241,1.71287,1.50,1.00
2017.01.18 08:34:00.933,1.71242,1.71284,1.00,1.00
2017.01.18 08:34:00.992,1.71242,1.71286,1.00,1.00
2017.01.18 08:34:01.145,1.71237,1.71285,1.00,1.00
2017.01.18 08:34:01.247,1.71237,1.71283,1.00,1.00
2017.01.18 08:34:01.546,1.71235,1.71283,1.00,1.00
2017.01.18 08:34:01.596,1.71232,1.71277,1.00,1.37
2017.01.18 08:34:01.748,1.71227,1.71275,1.00,1.37
2017.01.18 08:34:01.799,1.71226,1.71272,1.37,1.00
2017.01.18 08:34:01.849,1.71226,1.71272,1.00,1.00
2017.01.18 08:34:01.900,1.71226,1.71274,1.00,1.00
2017.01.18 08:34:02.560,1.71227,1.71275,1.00,1.00
2017.01.18 08:34:03.093,1.71227,1.71273,1.00,1.00
2017.01.18 08:34:03.805,1.71228,1.71276,1.00,1.00
2017.01.18 08:34:03.956,1.71229,1.71277,1.37,1.00
2017.01.18 08:34:04.210,1.7124,1.71288,1.00,1.00
2017.01.18 08:34:05.173,1.71239,1.71287,1.00,1.00
2017.01.18 08:34:06.316,1.71239,1.71288,1.00,1.00
2017.01.18 08:34:07.324,1.71237,1.71283,1.37,1.00
2017.01.18 08:34:07.425,1.71231,1.71278,1.00,1.00
2017.01.18 08:34:07.527,1.71228,1.71276,1.50,1.00
2017.01.18 08:34:07.931,1.71223,1.71271,1.00,1.00
2017.01.18 08:34:08.270,1.71226,1.71274,1.00,1.00
2017.01.18 08:34:08.815,1.71225,1.71273,1.00,1.00
2017.01.18 08:34:09.117,1.71233,1.71282,1.00,1.37
2017.01.18 08:34:09.420,1.7123,1.71276,1.00,1.00
2017.01.18 08:34:10.009,1.71229,1.71275,1.00,1.00
2017.01.18 08:34:10.622,1.7123,1.71276,1.00,1.00
2017.01.18 08:34:11.012,1.71228,1.71277,1.00,1.00
2017.01.18 08:34:11.113,1.71229,1.71275,1.00,1.00
2017.01.18 08:34:11.214,1.71227,1.71275,1.87,1.00
2017.01.18 08:34:11.390,1.71227,1.71273,1.87,1.00
2017.01.18 08:34:11.824,1.71234,1.71283,1.12,1.00
2017.01.18 08:34:11.874,1.71238,1.71284,1.00,1.00
2017.01.18 08:34:12.026,1.7124,1.71288,1.00,1.00
2017.01.18 08:34:12.076,1.71243,1.71289,1.00,1.00
2017.01.18 08:34:12.127,1.71239,1.71287,1.00,1.00
2017.01.18 08:34:12.228,1.71242,1.7129,1.00,1.00
2017.01.18 08:34:12.536,1.71243,1.71291,1.37,1.00
2017.01.18 08:34:13.069,1.71242,1.71292,1.37,1.00
2017.01.18 08:34:13.516,1.71242,1.7129,1.37,1.00
2017.01.18 08:34:13.617,1.71241,1.71289,1.00,1.00
2017.01.18 08:34:15.078,1.71239,1.71285,1.00,1.00
2017.01.18 08:34:15.230,1.71235,1.71284,1.37,1.00
2017.01.18 08:34:15.331,1.71232,1.71279,1.00,1.00
2017.01.18 08:34:15.649,1.71231,1.71277,1.87,1.00
2017.01.18 08:34:16.196,1.71231,1.71279,1.87,1.00
2017.01.18 08:34:16.297,1.71231,1.71279,1.87,1.00
2017.01.18 08:34:16.448,1.71233,1.71281,1.12,1.00
2017.01.18 08:34:16.904,1.71233,1.71279,1.12,1.00
2017.01.18 08:34:17.529,1.71232,1.71281,1.00,1.00
2017.01.18 08:34:17.579,1.71232,1.71278,1.00,1.00
2017.01.18 08:34:18.106,1.71231,1.71278,1.50,1.00
2017.01.18 08:34:19.541,1.71231,1.71275,1.00,1.00
2017.01.18 08:34:19.843,1.71231,1.71277,1.50,1.00
2017.01.18 08:34:19.944,1.71231,1.71275,1.50,1.00
2017.01.18 08:34:20.247,1.71231,1.71276,1.87,1.00
2017.01.18 08:34:20.348,1.7123,1.71276,1.37,1.00
2017.01.18 08:34:20.467,1.71232,1.71276,1.00,1.00
2017.01.18 08:34:20.518,1.71232,1.71274,1.00,1.00
2017.01.18 08:34:20.852,1.71232,1.71276,1.00,1.00
2017.01.18 08:34:21.266,1.71228,1.71276,1.37,1.00
2017.01.18 08:34:21.317,1.71228,1.71276,1.00,1.00
2017.01.18 08:34:21.368,1.71231,1.71278,1.00,1.00
2017.01.18 08:34:21.663,1.71238,1.71286,1.00,1.50
2017.01.18 08:34:21.714,1.71241,1.71286,1.37,1.00
2017.01.18 08:34:21.916,1.71244,1.7129,1.12,1.50
2017.01.18 08:34:22.424,1.71245,1.71291,1.00,1.12
2017.01.18 08:34:22.682,1.71243,1.71291,1.00,1.75
2017.01.18 08:34:23.193,1.71242,1.7129,1.37,1.00
2017.01.18 08:34:23.738,1.71243,1.71291,1.37,1.00
2017.01.18 08:34:23.839,1.71243,1.71289,1.37,1.00
2017.01.18 08:34:25.548,1.71241,1.71289,1.12,1.00
2017.01.18 08:34:25.648,1.71244,1.7129,1.00,1.00
2017.01.18 08:34:26.166,1.71241,1.7129,1.00,1.00
2017.01.18 08:34:26.267,1.71243,1.7129,1.00,1.00
2017.01.18 08:34:26.689,1.71245,1.7129,1.00,1.00
2017.01.18 08:34:27.253,1.71243,1.71289,1.37,1.00
2017.01.18 08:34:28.951,1.71242,1.71289,1.50,1.37
2017.01.18 08:34:29.311,1.71241,1.71286,1.37,1.87
2017.01.18 08:34:29.362,1.71239,1.71284,1.00,1.37
2017.01.18 08:34:29.576,1.71239,1.71284,1.00,1.00
2017.01.18 08:34:29.677,1.71239,1.71286,1.00,1.12
2017.01.18 08:34:29.936,1.71239,1.71284,1.00,1.00
2017.01.18 08:34:30.411,1.71239,1.71282,1.00,1.12
2017.01.18 08:34:31.083,1.71239,1.71281,1.00,1.00
2017.01.18 08:34:31.533,1.71235,1.71281,1.00,1.00
2017.01.18 08:34:31.698,1.71233,1.71282,1.00,1.37
2017.01.18 08:34:32.201,1.71234,1.7128,1.00,1.00
2017.01.18 08:34:32.921,1.71235,1.71281,1.00,1.00
2017.01.18 08:34:33.280,1.71241,1.71287,1.00,1.87
2017.01.18 08:34:33.684,1.71241,1.71288,1.00,1.87
2017.01.18 08:34:33.735,1.71243,1.71289,1.00,1.00
2017.01.18 08:34:33.785,1.71246,1.71289,1.00,1.37
2017.01.18 08:34:33.937,1.71248,1.71289,1.00,1.12
2017.01.18 08:34:34.333,1.71246,1.71289,1.00,1.12
2017.01.18 08:34:34.760,1.71246,1.71289,1.00,1.37
2017.01.18 08:34:34.982,1.71239,1.71284,1.00,1.37
2017.01.18 08:34:35.033,1.71241,1.71284,1.00,1.00
2017.01.18 08:34:35.504,1.71239,1.71284,1.00,1.00
2017.01.18 08:34:36.238,1.7124,1.71284,1.00,1.00
2017.01.18 08:34:37.983,1.71239,1.71284,1.00,1.12
2017.01.18 08:34:38.084,1.71238,1.71284,1.00,1.87
2017.01.18 08:34:38.135,1.71238,1.71284,1.00,1.87
2017.01.18 08:34:38.881,1.71239,1.71284,1.00,1.12
2017.01.18 08:34:39.882,1.71238,1.71284,1.00,1.87
2017.01.18 08:34:40.034,1.71236,1.71284,1.00,1.00
2017.01.18 08:34:40.185,1.71238,1.71284,1.00,1.00
2017.01.18 08:34:40.236,1.71236,1.71284,1.00,1.00
2017.01.18 08:34:40.551,1.71235,1.71283,1.00,1.37
2017.01.18 08:34:41.913,1.71235,1.71283,1.00,1.37
2017.01.18 08:34:42.115,1.71235,1.71283,1.00,1.37
2017.01.18 08:34:42.654,1.71233,1.71279,1.00,2.62
2017.01.18 08:34:42.935,1.71229,1.71275,1.00,1.37
2017.01.18 08:34:42.986,1.7123,1.71277,1.00,1.50
2017.01.18 08:34:43.490,1.71229,1.71276,1.00,1.37
2017.01.18 08:34:43.591,1.7123,1.71277,1.00,1.50
2017.01.18 08:34:43.642,1.71233,1.71277,1.00,1.12
2017.01.18 08:34:43.793,1.71233,1.71279,1.00,1.00
2017.01.18 08:34:44.091,1.71231,1.7128,1.00,1.00
2017.01.18 08:34:44.142,1.71234,1.71282,1.00,1.50
2017.01.18 08:34:44.820,1.71235,1.71282,1.00,1.12
2017.01.18 08:34:45.415,1.71236,1.71282,1.00,1.00
2017.01.18 08:34:46.166,1.71235,1.71282,1.00,1.00
2017.01.18 08:34:46.696,1.71234,1.71281,1.00,1.00
2017.01.18 08:34:47.908,1.71238,1.71286,1.00,1.50
2017.01.18 08:34:48.009,1.71242,1.71288,1.00,1.00
2017.01.18 08:34:49.277,1.7124,1.71288,1.00,1.50
2017.01.18 08:34:49.784,1.71239,1.71288,1.37,1.50
2017.01.18 08:34:49.835,1.71243,1.71288,1.00,1.00
2017.01.18 08:34:50.202,1.71245,1.7129,1.00,1.37
2017.01.18 08:34:50.416,1.71241,1.71289,1.50,1.00
2017.01.18 08:34:50.517,1.71244,1.7129,1.00,1.37
2017.01.18 08:34:50.568,1.71241,1.71287,1.50,1.00
2017.01.18 08:34:50.841,1.71238,1.71284,1.00,1.00
2017.01.18 08:34:50.992,1.71239,1.71288,1.37,1.50
2017.01.18 08:34:51.043,1.71243,1.71288,1.00,1.00
2017.01.18 08:34:51.195,1.7124,1.71288,1.00,1.50
2017.01.18 08:34:51.245,1.71242,1.71288,1.00,1.00
2017.01.18 08:34:51.527,1.71242,1.7129,1.50,1.50
2017.01.18 08:34:51.678,1.71244,1.7129,1.00,1.50
2017.01.18 08:34:51.729,1.71242,1.71289,1.00,1.00
2017.01.18 08:34:51.880,1.71241,1.71287,1.50,1.00
2017.01.18 08:34:51.981,1.71241,1.71289,1.00,1.00
2017.01.18 08:34:52.629,1.71241,1.71288,1.00,1.00
2017.01.18 08:34:52.679,1.71245,1.7129,1.00,1.50
2017.01.18 08:34:52.730,1.71242,1.71288,1.12,1.00
2017.01.18 08:34:52.781,1.71245,1.7129,1.00,1.50
2017.01.18 08:34:53.133,1.71242,1.71287,1.00,1.00
2017.01.18 08:34:53.285,1.71243,1.7129,1.00,1.50
2017.01.18 08:34:53.336,1.71242,1.71287,1.00,1.00
2017.01.18 08:34:53.386,1.71243,1.7129,1.00,2.62
2017.01.18 08:34:53.437,1.71242,1.71287,1.00,1.00
2017.01.18 08:34:53.639,1.71242,1.7129,1.50,1.50
2017.01.18 08:34:53.791,1.71242,1.71287,1.00,1.00
2017.01.18 08:34:54.061,1.71242,1.71289,1.00,1.50
2017.01.18 08:34:54.213,1.71244,1.71289,1.00,1.00
2017.01.18 08:34:54.264,1.71242,1.71288,1.00,1.00
2017.01.18 08:34:54.315,1.71244,1.71289,1.00,1.00
2017.01.18 08:34:54.389,1.71242,1.71289,1.00,1.50
2017.01.18 08:34:54.439,1.71244,1.71289,1.00,1.00
2017.01.18 08:34:54.490,1.71242,1.71288,1.00,1.00
2017.01.18 08:34:54.541,1.71246,1.7129,1.00,1.50
2017.01.18 08:34:54.592,1.71243,1.7129,1.00,2.25
2017.01.18 08:34:55.660,1.71244,1.7129,1.00,1.50
2017.01.18 08:34:56.586,1.71245,1.7129,1.00,1.00
2017.01.18 08:34:56.838,1.71242,1.71286,1.00,1.00
2017.01.18 08:34:56.889,1.71242,1.71289,1.37,1.00
2017.01.18 08:34:57.144,1.71246,1.71291,1.00,1.00
2017.01.18 08:34:57.447,1.71251,1.71295,1.00,1.75
2017.01.18 08:34:57.736,1.71249,1.71295,1.00,2.25
2017.01.18 08:34:57.895,1.71251,1.71295,1.00,1.75
2017.01.18 08:34:58.337,1.71252,1.71295,1.00,1.00
2017.01.18 08:34:59.162,1.71252,1.71298,1.50,1.00
2017.01.18 08:34:59.491,1.71252,1.713,1.50,1.00
2017.01.18 08:34:59.631,1.71255,1.71301,1.00,1.50
2017.01.18 08:35:00.127,1.7126,1.71301,1.12,1.00
2017.01.18 08:35:00.178,1.71262,1.71308,1.00,1.87
2017.01.18 08:35:00.229,1.71264,1.71308,1.12,1.00
2017.01.18 08:35:00.280,1.71264,1.7131,1.12,1.00
2017.01.18 08:35:00.331,1.71271,1.71312,1.00,1.00
2017.01.18 08:35:00.432,1.71262,1.71306,1.00,1.12
2017.01.18 08:35:00.483,1.71256,1.71299,1.00,1.00
2017.01.18 08:35:00.584,1.71251,1.71299,2.25,1.00
2017.01.18 08:35:00.634,1.71251,1.71297,1.75,1.00
2017.01.18 08:35:00.950,1.71252,1.71293,1.50,1.00
2017.01.18 08:35:01.115,1.71251,1.71292,1.00,1.00
2017.01.18 08:35:01.267,1.71251,1.7129,1.00,1.00
2017.01.18 08:35:01.317,1.71246,1.71291,1.00,1.00
2017.01.18 08:35:01.837,1.71245,1.71291,1.00,1.00
2017.01.18 08:35:02.383,1.71244,1.71292,1.12,1.00
2017.01.18 08:35:02.900,1.71245,1.71291,1.12,1.00
2017.01.18 08:35:03.503,1.71243,1.71289,1.12,1.00
2017.01.18 08:35:03.805,1.71242,1.71286,1.00,1.00
2017.01.18 08:35:04.108,1.71241,1.71284,1.00,1.00
2017.01.18 08:35:04.158,1.71236,1.71284,1.00,1.00
2017.01.18 08:35:04.310,1.71233,1.71272,1.12,1.00
2017.01.18 08:35:04.383,1.71233,1.71274,1.12,1.00
2017.01.18 08:35:04.647,1.71224,1.71272,1.37,1.00
2017.01.18 08:35:04.748,1.71224,1.71272,1.12,1.00
2017.01.18 08:35:05.036,1.71223,1.71269,1.00,1.00
2017.01.18 08:35:06.078,1.71221,1.71269,1.87,1.00
2017.01.18 08:35:06.233,1.71221,1.71264,1.00,1.12
2017.01.18 08:35:06.435,1.71216,1.71262,1.12,1.00
2017.01.18 08:35:06.637,1.71231,1.71266,1.37,1.50
2017.01.18 08:35:06.687,1.71226,1.71266,1.00,1.00
2017.01.18 08:35:06.738,1.71224,1.71269,1.00,1.50
2017.01.18 08:35:06.789,1.71221,1.71268,1.00,1.37
2017.01.18 08:35:06.890,1.71221,1.71269,1.12,1.00
2017.01.18 08:35:06.941,1.71222,1.71267,1.00,1.00
2017.01.18 08:35:07.099,1.71222,1.71269,1.00,1.00
2017.01.18 08:35:07.212,1.71225,1.71271,1.37,1.00
2017.01.18 08:35:07.313,1.71224,1.71271,1.12,1.00
2017.01.18 08:35:07.497,1.71226,1.71272,1.37,1.00
2017.01.18 08:35:07.827,1.71225,1.71273,1.00,1.00
2017.01.18 08:35:08.155,1.71225,1.71271,1.00,1.00
2017.01.18 08:35:08.459,1.71218,1.71264,1.00,1.00
2017.01.18 08:35:08.771,1.71217,1.7126,1.00,1.00
2017.01.18 08:35:09.115,1.71218,1.71264,1.00,1.00
2017.01.18 08:35:09.216,1.71218,1.71264,1.37,1.00
2017.01.18 08:35:09.965,1.71218,1.71264,1.00,1.00
2017.01.18 08:35:10.015,1.71213,1.71255,1.37,1.00
2017.01.18 08:35:10.167,1.71206,1.71252,1.00,1.00
2017.01.18 08:35:10.564,1.71207,1.71252,1.37,1.00
2017.01.18 08:35:10.717,1.71211,1.71256,1.00,1.00
2017.01.18 08:35:10.769,1.71221,1.71258,1.00,1.00
2017.01.18 08:35:10.820,1.71215,1.71261,1.00,1.00
2017.01.18 08:35:10.871,1.71213,1.71258,1.37,1.00
2017.01.18 08:35:10.926,1.71211,1.71259,1.87,1.00
2017.01.18 08:35:11.004,1.71214,1.71262,1.00,1.87
2017.01.18 08:35:11.055,1.71214,1.71259,1.00,1.00
2017.01.18 08:35:11.582,1.71213,1.71259,1.00,1.00
2017.01.18 08:35:12.221,1.71213,1.71258,1.00,1.00
2017.01.18 08:35:12.510,1.71212,1.7126,1.37,1.00
2017.01.18 08:35:13.857,1.71215,1.71261,1.00,1.00
2017.01.18 08:35:14.062,1.71213,1.71261,1.00,1.00
2017.01.18 08:35:14.363,1.71212,1.71258,1.00,1.00
2017.01.18 08:35:14.729,1.71211,1.71256,2.25,1.00
2017.01.18 08:35:14.801,1.71215,1.71262,1.00,2.62
2017.01.18 08:35:14.903,1.71214,1.7126,1.00,1.00
2017.01.18 08:35:15.004,1.71215,1.71262,1.00,1.87
2017.01.18 08:35:15.155,1.71214,1.71259,1.00,1.00
2017.01.18 08:35:15.729,1.71212,1.71259,1.00,1.00
2017.01.18 08:35:16.018,1.71214,1.71259,1.00,1.00
2017.01.18 08:35:16.324,1.71216,1.71263,1.00,1.00
2017.01.18 08:35:16.526,1.71216,1.71261,1.00,1.00
2017.01.18 08:35:16.627,1.71213,1.71261,1.37,1.00
2017.01.18 08:35:16.677,1.71217,1.71264,1.00,1.00
2017.01.18 08:35:17.031,1.71216,1.71261,1.00,1.00
2017.01.18 08:35:17.333,1.71222,1.71265,1.00,1.00
2017.01.18 08:35:17.636,1.71222,1.71263,1.00,1.00
2017.01.18 08:35:19.976,1.71222,1.71262,1.00,1.00
2017.01.18 08:35:20.308,1.71222,1.7126,1.00,1.00
2017.01.18 08:35:20.358,1.71222,1.71263,1.00,1.00
2017.01.18 08:35:20.762,1.71222,1.71265,1.00,1.00
2017.01.18 08:35:20.964,1.71222,1.71262,1.00,1.00
2017.01.18 08:35:21.240,1.71221,1.71266,1.00,1.00
2017.01.18 08:35:21.291,1.71221,1.71264,1.00,1.00
2017.01.18 08:35:21.594,1.71222,1.71261,1.00,1.00
2017.01.18 08:35:21.746,1.71221,1.71263,1.00,1.00
2017.01.18 08:35:21.968,1.71219,1.71263,1.00,1.00
2017.01.18 08:35:22.019,1.71216,1.71263,1.00,1.00
2017.01.18 08:35:22.070,1.71214,1.71261,1.00,1.00
2017.01.18 08:35:22.373,1.71216,1.71261,1.12,1.00
2017.01.18 08:35:22.597,1.71216,1.71263,1.37,1.00
2017.01.18 08:35:22.648,1.71217,1.71261,1.12,1.00
2017.01.18 08:35:23.402,1.71221,1.71261,1.00,1.00
2017.01.18 08:35:23.694,1.71217,1.71261,1.12,1.00
2017.01.18 08:35:24.241,1.71215,1.71262,1.37,1.00
2017.01.18 08:35:24.394,1.71221,1.71262,1.00,1.00
2017.01.18 08:35:24.753,1.71214,1.71259,1.00,1.00
2017.01.18 08:35:25.275,1.71214,1.71258,1.37,1.00
2017.01.18 08:35:25.326,1.71214,1.71261,1.37,1.00
2017.01.18 08:35:25.911,1.71214,1.71261,1.12,1.00
2017.01.18 08:35:26.012,1.71212,1.71259,1.00,1.00
2017.01.18 08:35:26.315,1.71208,1.71252,1.37,1.00
2017.01.18 08:35:26.634,1.71206,1.71253,1.37,1.00
2017.01.18 08:35:27.419,1.71206,1.71251,1.37,1.00
2017.01.18 08:35:27.909,1.71211,1.71251,1.00,1.00
2017.01.18 08:35:27.960,1.71206,1.71251,1.37,1.00
2017.01.18 08:35:28.209,1.71205,1.71251,1.37,1.00
2017.01.18 08:35:29.389,1.71205,1.7125,1.50,1.00
2017.01.18 08:35:29.641,1.71204,1.71247,1.00,1.00
2017.01.18 08:35:29.919,1.71202,1.71247,1.50,1.00
2017.01.18 08:35:30.670,1.71202,1.71246,1.00,1.00
2017.01.18 08:35:31.282,1.71202,1.71244,1.00,1.00
2017.01.18 08:35:31.333,1.71202,1.71247,1.00,1.00
2017.01.18 08:35:31.538,1.71202,1.71245,1.00,1.00
2017.01.18 08:35:32.602,1.71202,1.71244,1.00,1.00
2017.01.18 08:35:32.854,1.71198,1.71242,1.00,1.00
2017.01.18 08:35:32.905,1.71203,1.71246,1.00,1.00
2017.01.18 08:35:33.006,1.71204,1.71249,1.00,1.00
2017.01.18 08:35:33.157,1.71201,1.71248,1.00,1.00
2017.01.18 08:35:33.366,1.71198,1.71245,1.50,1.00
2017.01.18 08:35:35.244,1.71198,1.71243,1.50,1.00
2017.01.18 08:35:38.012,1.71199,1.71245,1.00,1.00
2017.01.18 08:35:38.902,1.712,1.71245,1.00,1.00
2017.01.18 08:35:39.695,1.71198,1.71245,1.50,1.00
2017.01.18 08:35:39.746,1.71197,1.71242,1.00,1.00
2017.01.18 08:35:40.038,1.71192,1.71239,1.87,1.12
2017.01.18 08:35:40.539,1.71191,1.71238,1.50,1.00
2017.01.18 08:35:41.059,1.71193,1.7124,1.00,1.00
2017.01.18 08:35:41.595,1.71194,1.71241,1.00,1.00
2017.01.18 08:35:42.913,1.71195,1.71242,1.00,1.00
2017.01.18 08:35:43.577,1.71195,1.71241,1.00,1.00
2017.01.18 08:35:44.828,1.71196,1.71241,1.00,1.00
2017.01.18 08:35:44.929,1.71196,1.71243,1.00,1.00
2017.01.18 08:35:45.735,1.71191,1.71222,1.00,1.00
2017.01.18 08:35:45.786,1.7119,1.71228,1.00,1.00
2017.01.18 08:35:45.837,1.71194,1.71239,2.62,2.25
2017.01.18 08:35:46.111,1.71198,1.71245,1.00,1.00
2017.01.18 08:35:46.262,1.712,1.71245,1.00,1.00
2017.01.18 08:35:46.783,1.71201,1.71246,1.00,1.00
2017.01.18 08:35:47.518,1.71202,1.71247,1.00,1.00
2017.01.18 08:35:47.948,1.712,1.71247,1.50,1.00
2017.01.18 08:35:48.241,1.71202,1.71249,1.00,1.00
2017.01.18 08:35:48.586,1.712,1.71247,1.00,1.00
2017.01.18 08:35:48.961,1.71199,1.71245,1.00,1.00
2017.01.18 08:35:49.519,1.712,1.71245,1.00,1.00
2017.01.18 08:35:50.519,1.712,1.71247,1.50,1.00
2017.01.18 08:35:51.541,1.712,1.71245,1.00,1.00
2017.01.18 08:35:51.843,1.71196,1.71241,1.00,1.00
2017.01.18 08:35:52.958,1.71195,1.71242,1.00,1.00
2017.01.18 08:35:53.332,1.71193,1.7124,1.00,1.00
2017.01.18 08:35:53.636,1.71189,1.71229,1.50,1.00
2017.01.18 08:35:53.897,1.7118,1.71226,1.50,1.00
2017.01.18 08:35:53.948,1.71182,1.71227,1.00,1.00
2017.01.18 08:35:54.223,1.71182,1.71229,1.00,1.00
2017.01.18 08:35:54.480,1.7118,1.71225,1.50,1.00
2017.01.18 08:35:54.783,1.71172,1.71217,1.00,1.00
2017.01.18 08:35:54.893,1.7117,1.71218,1.50,1.00
2017.01.18 08:35:54.943,1.71172,1.71217,1.00,1.00
2017.01.18 08:35:55.971,1.7117,1.71218,1.50,1.00
2017.01.18 08:35:57.908,1.7117,1.71217,1.50,1.00
2017.01.18 08:35:58.060,1.7117,1.71214,1.00,1.00
2017.01.18 08:35:58.262,1.71166,1.71214,1.50,1.00
2017.01.18 08:35:58.959,1.71167,1.71212,1.00,1.00
2017.01.18 08:35:59.111,1.71169,1.71216,1.00,1.50
2017.01.18 08:35:59.434,1.71171,1.71216,1.00,1.00
2017.01.18 08:35:59.972,1.7117,1.71217,1.00,1.00
2017.01.18 08:36:00.463,1.7117,1.71217,1.00,2.62
2017.01.18 08:36:00.564,1.71162,1.71208,1.00,1.12
2017.01.18 08:36:00.615,1.71162,1.71192,1.00,1.00
2017.01.18 08:36:00.666,1.71155,1.71187,1.00,1.00
2017.01.18 08:36:00.767,1.71145,1.7119,1.37,1.00
2017.01.18 08:36:00.868,1.71143,1.71191,1.50,1.37
2017.01.18 08:36:01.373,1.71144,1.71192,1.00,1.00
2017.01.18 08:36:01.423,1.71146,1.71193,1.00,1.00
2017.01.18 08:36:01.524,1.71147,1.71195,1.00,1.00
2017.01.18 08:36:01.676,1.71151,1.71195,1.00,1.00
2017.01.18 08:36:02.319,1.7115,1.71195,1.00,1.00
2017.01.18 08:36:02.834,1.71149,1.71196,1.00,1.00
2017.01.18 08:36:03.812,1.71149,1.71197,1.00,1.50
2017.01.18 08:36:04.717,1.71152,1.71197,1.00,1.00
2017.01.18 08:36:04.919,1.7115,1.71198,1.00,1.12
2017.01.18 08:36:05.694,1.71149,1.71197,1.50,1.00
2017.01.18 08:36:05.845,1.7115,1.71195,1.00,1.00
2017.01.18 08:36:06.354,1.71149,1.71196,1.00,1.00
2017.01.18 08:36:07.017,1.71149,1.71195,1.00,1.00
2017.01.18 08:36:07.800,1.71154,1.71199,1.00,1.00
2017.01.18 08:36:07.850,1.71156,1.71202,1.00,1.00
2017.01.18 08:36:07.901,1.71158,1.71206,1.00,1.50
2017.01.18 08:36:07.981,1.71156,1.71204,1.00,1.00
2017.01.18 08:36:08.345,1.71156,1.71202,1.00,1.00
2017.01.18 08:36:08.848,1.71155,1.71201,1.00,1.00
2017.01.18 08:36:09.502,1.71155,1.71202,1.00,1.00
2017.01.18 08:36:09.803,1.71161,1.71207,1.50,1.00
2017.01.18 08:36:10.157,1.7116,1.71205,1.00,1.00
2017.01.18 08:36:10.325,1.7116,1.71208,1.12,1.00
2017.01.18 08:36:10.376,1.71163,1.71209,1.00,1.00
2017.01.18 08:36:10.426,1.71164,1.71212,1.00,1.00
2017.01.18 08:36:10.477,1.71163,1.71209,1.50,1.00
2017.01.18 08:36:10.780,1.71158,1.71202,1.12,1.00
2017.01.18 08:36:10.989,1.71159,1.71206,1.00,1.00
2017.01.18 08:36:11.140,1.71161,1.71209,1.00,1.00
2017.01.18 08:36:11.393,1.71164,1.71211,1.00,1.00
2017.01.18 08:36:11.746,1.71164,1.71209,1.00,1.00
2017.01.18 08:36:12.054,1.71164,1.71207,1.00,1.00
2017.01.18 08:36:12.447,1.71154,1.71196,1.75,1.00
2017.01.18 08:36:12.498,1.71154,1.71195,1.00,1.00
2017.01.18 08:36:12.549,1.71152,1.71195,1.00,1.00
2017.01.18 08:36:12.700,1.71152,1.71193,1.00,1.00
2017.01.18 08:36:12.751,1.71144,1.71191,1.50,1.00
2017.01.18 08:36:13.286,1.71144,1.7119,1.00,1.00
2017.01.18 08:36:14.499,1.71144,1.71188,1.00,1.00
2017.01.18 08:36:15.761,1.71144,1.71189,1.00,1.00
2017.01.18 08:36:18.769,1.71144,1.71191,1.00,1.00
2017.01.18 08:36:18.950,1.71151,1.71191,1.00,1.00
2017.01.18 08:36:19.355,1.71145,1.71191,1.00,1.00
2017.01.18 08:36:25.054,1.71144,1.7119,1.50,1.00
2017.01.18 08:36:25.205,1.71144,1.71187,1.00,1.00
2017.01.18 08:36:25.508,1.71141,1.71177,1.00,1.00
2017.01.18 08:36:25.558,1.71134,1.71176,1.75,1.00
2017.01.18 08:36:25.609,1.71134,1.71172,1.00,1.00
2017.01.18 08:36:25.660,1.71125,1.71169,1.75,1.00
2017.01.18 08:36:25.711,1.71125,1.71168,1.00,1.00
2017.01.18 08:36:25.812,1.71125,1.71165,1.00,1.00
2017.01.18 08:36:25.913,1.71122,1.71165,1.00,1.00
2017.01.18 08:36:26.414,1.71122,1.71166,1.00,1.00
2017.01.18 08:36:26.915,1.71122,1.71167,1.00,1.00
2017.01.18 08:36:26.966,1.71123,1.7117,1.00,1.00
2017.01.18 08:36:27.017,1.71124,1.71173,1.12,1.00
2017.01.18 08:36:27.068,1.71128,1.71176,1.50,1.37
2017.01.18 08:36:27.415,1.71132,1.71178,1.00,1.00
2017.01.18 08:36:27.744,1.7113,1.71175,1.00,1.00
2017.01.18 08:36:28.078,1.71128,1.71174,1.50,1.00
2017.01.18 08:36:28.255,1.71131,1.71174,1.00,1.00
2017.01.18 08:36:29.458,1.71128,1.71174,1.00,1.00
2017.01.18 08:36:29.559,1.71131,1.71174,1.00,1.00
2017.01.18 08:36:30.369,1.71131,1.71177,1.00,1.00
2017.01.18 08:36:30.946,1.71131,1.71176,1.00,1.00
2017.01.18 08:36:31.774,1.7113,1.71176,1.00,1.00
2017.01.18 08:36:32.110,1.71126,1.71174,1.50,1.00
2017.01.18 08:36:32.162,1.71126,1.71172,1.00,1.00
2017.01.18 08:36:32.465,1.71131,1.71178,1.00,1.00
2017.01.18 08:36:32.759,1.71142,1.71182,1.00,1.12
2017.01.18 08:36:32.860,1.71136,1.71182,1.00,1.00
2017.01.18 08:36:32.911,1.71141,1.71184,1.00,1.00
2017.01.18 08:36:33.213,1.71138,1.71182,1.00,1.00
2017.01.18 08:36:33.479,1.71136,1.71182,1.00,1.00
2017.01.18 08:36:34.023,1.71135,1.71181,1.00,1.00
2017.01.18 08:36:34.799,1.71135,1.7118,1.00,1.00
2017.01.18 08:36:35.125,1.71133,1.7118,1.00,1.00
2017.01.18 08:36:36.254,1.71132,1.7118,1.50,1.00
2017.01.18 08:36:36.764,1.71133,1.71181,1.00,1.00
2017.01.18 08:36:37.112,1.71133,1.71179,1.00,1.00
2017.01.18 08:36:37.867,1.71134,1.7118,1.00,1.00
2017.01.18 08:36:38.069,1.71136,1.71185,1.50,1.00
2017.01.18 08:36:38.120,1.71141,1.71185,1.00,1.00
2017.01.18 08:36:38.271,1.71141,1.71188,1.00,1.00
2017.01.18 08:36:38.523,1.71141,1.71186,2.62,1.00
2017.01.18 08:36:39.039,1.71141,1.71187,1.87,1.00
2017.01.18 08:36:40.102,1.71142,1.71187,1.00,1.00
2017.01.18 08:36:40.688,1.71141,1.71187,1.87,1.00
2017.01.18 08:36:41.514,1.71142,1.71187,1.00,1.00
2017.01.18 08:36:41.680,1.71142,1.71189,1.00,1.00
2017.01.18 08:36:41.730,1.71141,1.71186,1.87,1.00
2017.01.18 08:36:42.033,1.71141,1.71182,1.12,1.00
2017.01.18 08:36:42.336,1.71142,1.71184,1.00,1.00
2017.01.18 08:36:42.488,1.71142,1.71182,1.00,1.00
2017.01.18 08:36:42.801,1.71141,1.7118,1.00,1.00
2017.01.18 08:36:43.635,1.71141,1.71179,1.00,1.00
2017.01.18 08:36:43.860,1.71141,1.71181,1.00,1.00
2017.01.18 08:36:44.011,1.71149,1.71185,1.00,1.00
2017.01.18 08:36:44.163,1.71151,1.71197,1.00,1.75
2017.01.18 08:36:44.710,1.71152,1.71197,1.00,1.75
2017.01.18 08:36:45.161,1.71152,1.71197,1.00,1.00
2017.01.18 08:36:45.312,1.71152,1.71199,1.50,1.00
2017.01.18 08:36:45.464,1.71152,1.71193,1.00,1.00
2017.01.18 08:36:45.565,1.71145,1.71192,1.00,1.00
2017.01.18 08:36:45.615,1.71143,1.7119,1.00,1.00
2017.01.18 08:36:45.919,1.71141,1.71186,1.00,1.00
2017.01.18 08:36:46.438,1.71142,1.71186,1.00,1.00
2017.01.18 08:36:46.539,1.71141,1.71188,1.50,1.00
2017.01.18 08:36:46.956,1.71144,1.71188,1.00,1.00
2017.01.18 08:36:47.115,1.71142,1.71188,1.50,1.00
2017.01.18 08:36:47.445,1.71142,1.7119,1.50,1.00
2017.01.18 08:36:47.495,1.71142,1.71187,1.00,1.00
2017.01.18 08:36:47.680,1.71142,1.71189,1.00,1.00
2017.01.18 08:36:47.932,1.71143,1.71192,1.00,1.87
2017.01.18 08:36:50.271,1.71145,1.71192,1.00,1.00
2017.01.18 08:36:50.826,1.71144,1.71191,1.00,1.00
2017.01.18 08:36:51.356,1.71143,1.7119,1.00,1.00
2017.01.18 08:36:53.823,1.71151,1.71193,1.50,1.00
2017.01.18 08:36:53.925,1.71153,1.712,1.00,1.00
2017.01.18 08:36:53.975,1.71153,1.712,1.37,1.00
2017.01.18 08:36:54.076,1.71156,1.71203,1.00,1.00
2017.01.18 08:36:54.623,1.71157,1.71203,1.00,1.00
2017.01.18 08:36:55.464,1.71156,1.71204,1.00,1.00
2017.01.18 08:36:55.963,1.71155,1.71204,1.37,1.50
2017.01.18 08:36:56.308,1.71162,1.71204,1.00,1.00
2017.01.18 08:36:56.681,1.71155,1.71202,1.00,1.37
2017.01.18 08:36:56.782,1.71152,1.712,1.00,1.00
2017.01.18 08:36:57.219,1.71152,1.71198,1.00,1.00
2017.01.18 08:36:57.742,1.71151,1.71197,1.00,1.00
2017.01.18 08:36:58.274,1.71152,1.71196,1.00,1.00
2017.01.18 08:36:59.515,1.71151,1.71196,1.00,1.50
2017.01.18 08:37:00.576,1.71148,1.71196,1.12,1.87
2017.01.18 08:37:00.627,1.71145,1.71192,1.50,1.00
2017.01.18 08:37:00.678,1.71145,1.71192,1.12,1.00
2017.01.18 08:37:00.829,1.71144,1.71191,1.37,1.00
2017.01.18 08:37:00.880,1.71145,1.71192,1.12,1.00
2017.01.18 08:37:00.930,1.71152,1.71192,1.00,1.00
2017.01.18 08:37:01.082,1.71152,1.71195,1.00,1.50
2017.01.18 08:37:01.133,1.71146,1.71193,1.00,1.00
2017.01.18 08:37:01.234,1.71148,1.71195,1.00,1.37
2017.01.18 08:37:01.285,1.71146,1.71193,1.00,1.00
2017.01.18 08:37:01.725,1.71142,1.71191,1.00,1.00
2017.01.18 08:37:02.108,1.71146,1.71192,1.00,1.00
2017.01.18 08:37:02.159,1.71143,1.71191,1.00,1.50
2017.01.18 08:37:02.663,1.71144,1.71191,1.00,1.00
2017.01.18 08:37:03.222,1.71143,1.7119,1.00,1.00
2017.01.18 08:37:03.502,1.71143,1.71192,1.00,1.00
2017.01.18 08:37:03.603,1.71144,1.71178,1.00,1.00
2017.01.18 08:37:03.654,1.71141,1.71176,1.00,1.00
2017.01.18 08:37:03.705,1.71142,1.71179,1.00,1.00
2017.01.18 08:37:03.756,1.71136,1.71182,1.00,1.00
2017.01.18 08:37:03.807,1.71135,1.71178,1.12,1.00
2017.01.18 08:37:03.857,1.71138,1.71184,1.00,1.00
2017.01.18 08:37:04.059,1.71138,1.71187,1.00,1.00
2017.01.18 08:37:04.527,1.71137,1.71187,1.00,1.00
2017.01.18 08:37:04.779,1.71141,1.71188,1.00,1.50
2017.01.18 08:37:05.372,1.7114,1.71187,1.00,1.00
2017.01.18 08:37:06.714,1.71139,1.71186,1.00,1.00
2017.01.18 08:37:07.016,1.71137,1.71184,1.00,1.00
2017.01.18 08:37:07.178,1.71135,1.71184,1.00,1.50
2017.01.18 08:37:07.330,1.71134,1.71182,1.00,1.00
2017.01.18 08:37:07.431,1.71132,1.71181,1.50,1.00
2017.01.18 08:37:07.584,1.71134,1.71182,1.00,1.00
2017.01.18 08:37:08.099,1.71134,1.71183,1.00,1.00
2017.01.18 08:37:08.721,1.71135,1.71183,1.00,1.50
2017.01.18 08:37:09.533,1.71134,1.71183,1.00,1.50
2017.01.18 08:37:10.114,1.71136,1.71183,1.00,1.50
2017.01.18 08:37:10.215,1.71137,1.71185,1.00,1.00
2017.01.18 08:37:10.265,1.71142,1.71186,1.00,1.50
2017.01.18 08:37:10.416,1.71139,1.71186,1.00,1.50
2017.01.18 08:37:11.056,1.71138,1.71186,1.00,1.00
2017.01.18 08:37:11.120,1.71141,1.71186,1.00,1.00
2017.01.18 08:37:11.481,1.71139,1.71187,1.00,1.00
2017.01.18 08:37:11.727,1.71134,1.71176,1.00,1.00
2017.01.18 08:37:11.777,1.71133,1.71179,1.00,1.00
2017.01.18 08:37:12.130,1.71136,1.71178,1.00,1.00
2017.01.18 08:37:12.181,1.71136,1.71184,1.00,1.75
2017.01.18 08:37:12.232,1.71142,1.71185,1.00,1.37
2017.01.18 08:37:12.363,1.71136,1.71184,1.00,1.00
2017.01.18 08:37:12.414,1.71134,1.71182,1.00,1.00
2017.01.18 08:37:12.717,1.71131,1.71178,1.87,1.00
2017.01.18 08:37:12.943,1.71129,1.71178,1.00,1.00
2017.01.18 08:37:12.994,1.71132,1.7118,1.00,1.50
2017.01.18 08:37:13.398,1.71133,1.71182,1.00,1.50
2017.01.18 08:37:13.669,1.71132,1.7118,1.00,1.00
2017.01.18 08:37:14.033,1.71135,1.71182,1.00,1.50
2017.01.18 08:37:14.553,1.71135,1.71181,1.00,1.00
2017.01.18 08:37:14.756,1.71133,1.7118,1.00,1.00
2017.01.18 08:37:15.290,1.71134,1.71181,1.00,1.50
2017.01.18 08:37:15.821,1.71134,1.71182,1.00,1.00
2017.01.18 08:37:16.341,1.71135,1.71182,1.00,1.50
2017.01.18 08:37:16.449,1.71133,1.71182,1.00,1.00
2017.01.18 08:37:16.578,1.71131,1.71178,1.00,1.00
2017.01.18 08:37:16.881,1.71137,1.71183,1.00,1.50
2017.01.18 08:37:16.931,1.71137,1.71183,1.00,1.12
2017.01.18 08:37:17.334,1.71135,1.71183,1.00,1.12
2017.01.18 08:37:17.436,1.71133,1.71182,1.00,1.00
2017.01.18 08:37:17.612,1.71135,1.71183,1.00,1.87
2017.01.18 08:37:17.764,1.71132,1.71181,1.00,1.00
2017.01.18 08:37:18.219,1.71131,1.71177,1.00,1.00
2017.01.18 08:37:18.320,1.71128,1.71177,1.50,1.00
2017.01.18 08:37:18.778,1.7113,1.71176,1.00,1.50
2017.01.18 08:37:19.791,1.7113,1.71178,1.00,1.00
2017.01.18 08:37:20.093,1.71131,1.71176,1.00,1.00
2017.01.18 08:37:20.144,1.71128,1.71176,1.00,1.00
2017.01.18 08:37:20.195,1.71128,1.71178,1.00,1.00
2017.01.18 08:37:20.296,1.71132,1.71178,1.00,1.00
2017.01.18 08:37:20.397,1.71133,1.7118,1.00,1.00
2017.01.18 08:37:20.447,1.71141,1.71182,1.00,1.00
2017.01.18 08:37:20.834,1.71133,1.71181,1.00,1.00
2017.01.18 08:37:21.038,1.71142,1.71181,1.00,1.00
2017.01.18 08:37:21.161,1.71133,1.71181,1.00,1.00
2017.01.18 08:37:21.681,1.71142,1.71181,1.00,1.00
2017.01.18 08:37:22.203,1.71142,1.71182,1.00,1.00
2017.01.18 08:37:22.254,1.71132,1.71182,1.00,1.00
2017.01.18 08:37:22.778,1.71133,1.71182,1.00,1.00
2017.01.18 08:37:23.421,1.71134,1.71183,1.00,1.00
2017.01.18 08:37:23.961,1.71135,1.71183,1.00,1.00
2017.01.18 08:37:24.607,1.71134,1.71183,1.00,1.00
2017.01.18 08:37:25.136,1.71133,1.71182,1.00,1.00
2017.01.18 08:37:25.351,1.71132,1.71179,1.50,1.00
2017.01.18 08:37:25.955,1.71131,1.71179,1.50,1.00
2017.01.18 08:37:26.312,1.71131,1.71177,1.50,1.00
2017.01.18 08:37:26.363,1.71128,1.71175,1.00,1.00
2017.01.18 08:37:26.464,1.71126,1.71174,1.00,1.00
2017.01.18 08:37:26.515,1.71124,1.71174,1.00,1.00
2017.01.18 08:37:26.565,1.71122,1.71172,1.50,1.00
2017.01.18 08:37:26.872,1.71124,1.71172,1.00,1.00
2017.01.18 08:37:26.923,1.71122,1.71172,1.00,1.00
2017.01.18 08:37:27.024,1.71122,1.7117,1.00,1.00
2017.01.18 08:37:27.914,1.71122,1.71169,1.50,1.00
2017.01.18 08:37:28.776,1.71124,1.71174,1.00,1.00
2017.01.18 08:37:28.827,1.71124,1.71172,1.00,1.00
2017.01.18 08:37:28.877,1.71124,1.71174,1.00,1.00
2017.01.18 08:37:30.034,1.71126,1.71175,1.00,1.50
2017.01.18 08:37:30.600,1.71128,1.71175,1.00,1.00
2017.01.18 08:37:32.224,1.71129,1.71175,1.00,1.00
2017.01.18 08:37:32.476,1.71132,1.71179,1.00,1.00
2017.01.18 08:37:32.625,1.71129,1.71177,1.00,1.00
2017.01.18 08:37:32.726,1.71127,1.71177,1.00,1.00
2017.01.18 08:37:33.410,1.71127,1.71175,1.00,1.00
2017.01.18 08:37:33.787,1.71126,1.71177,1.00,1.00
2017.01.18 08:37:34.037,1.71128,1.71176,1.00,1.00
2017.01.18 08:37:34.614,1.71129,1.71177,1.00,1.00
2017.01.18 08:37:35.307,1.71129,1.71178,1.00,1.00
2017.01.18 08:37:35.839,1.7113,1.71178,1.00,1.00
2017.01.18 08:37:35.890,1.71128,1.71177,1.00,1.00
2017.01.18 08:37:36.042,1.71131,1.71177,1.00,1.00
2017.01.18 08:37:36.732,1.71132,1.71177,1.00,1.00
2017.01.18 08:37:36.782,1.71132,1.7118,1.50,1.00
2017.01.18 08:37:36.934,1.71129,1.71178,1.00,1.00
2017.01.18 08:37:36.985,1.71128,1.71176,1.00,1.00
2017.01.18 08:37:37.036,1.71126,1.71176,1.12,1.00
2017.01.18 08:37:37.668,1.71125,1.71175,1.00,1.00
2017.01.18 08:37:37.875,1.71123,1.71174,1.50,1.00
2017.01.18 08:37:37.926,1.71125,1.71173,1.00,1.00
2017.01.18 08:37:38.027,1.71123,1.71174,1.00,1.00
2017.01.18 08:37:38.585,1.71124,1.71174,1.00,1.00
2017.01.18 08:37:39.881,1.71125,1.71174,1.00,1.00
2017.01.18 08:37:40.517,1.71128,1.71175,1.00,1.00
2017.01.18 08:37:40.819,1.71132,1.71177,1.00,1.00
2017.01.18 08:37:41.189,1.71133,1.71181,1.00,1.00
2017.01.18 08:37:41.709,1.71134,1.71182,1.00,1.50
2017.01.18 08:37:42.252,1.71134,1.71183,1.00,1.00
2017.01.18 08:37:42.970,1.71133,1.71183,1.00,1.00
2017.01.18 08:37:43.559,1.71132,1.71182,1.00,1.00
2017.01.18 08:37:43.880,1.71135,1.71183,1.00,1.00
2017.01.18 08:37:44.478,1.71136,1.71184,1.00,1.00
2017.01.18 08:37:44.794,1.71139,1.71188,1.00,1.50
2017.01.18 08:37:44.896,1.71142,1.71191,1.00,1.50
2017.01.18 08:37:45.481,1.7114,1.71191,1.00,1.50
2017.01.18 08:37:45.688,1.71142,1.7119,1.00,1.00
2017.01.18 08:37:45.992,1.71132,1.71182,1.00,1.00
2017.01.18 08:37:46.597,1.71131,1.71181,1.00,1.50
2017.01.18 08:37:47.096,1.7113,1.71179,1.00,1.00
2017.01.18 08:37:47.697,1.7113,1.7118,1.00,1.00
2017.01.18 08:37:48.248,1.71129,1.7118,1.00,1.00
2017.01.18 08:37:49.510,1.71128,1.71178,1.00,1.00
2017.01.18 08:37:49.755,1.71125,1.71176,1.00,1.00
2017.01.18 08:37:49.806,1.71128,1.71177,1.00,1.00
2017.01.18 08:37:50.313,1.71128,1.71176,1.00,1.00
2017.01.18 08:37:50.912,1.71129,1.71176,1.00,1.00
2017.01.18 08:37:51.490,1.71128,1.71176,1.00,1.00
2017.01.18 08:37:52.603,1.71128,1.71177,1.00,1.50
2017.01.18 08:37:53.519,1.71126,1.71176,1.00,1.00
2017.01.18 08:37:53.569,1.71126,1.71174,1.00,1.00
2017.01.18 08:37:53.884,1.71124,1.71174,1.00,1.50
2017.01.18 08:37:54.035,1.71123,1.71172,1.00,1.00
2017.01.18 08:37:54.105,1.71123,1.71174,1.00,2.25
2017.01.18 08:37:54.618,1.71124,1.71174,1.00,1.50
2017.01.18 08:37:54.870,1.71131,1.71174,1.00,2.25
2017.01.18 08:37:54.921,1.71123,1.71174,1.00,2.25
2017.01.18 08:37:55.435,1.71124,1.71173,1.00,1.00
2017.01.18 08:37:55.542,1.71131,1.71174,1.00,1.00
2017.01.18 08:37:55.643,1.71125,1.71174,1.00,1.00
2017.01.18 08:37:56.010,1.71128,1.71174,1.37,1.00
2017.01.18 08:37:56.262,1.71134,1.71181,1.00,1.87
2017.01.18 08:37:57.397,1.71135,1.71183,1.00,1.75
2017.01.18 08:37:57.498,1.71135,1.71183,1.00,1.00
2017.01.18 08:37:58.008,1.71136,1.71184,1.00,1.00
2017.01.18 08:37:58.059,1.71141,1.71186,1.00,1.00
2017.01.18 08:37:58.261,1.71139,1.71189,1.00,1.00
2017.01.18 08:37:58.362,1.71141,1.71187,1.00,1.00
2017.01.18 08:37:58.945,1.71142,1.71187,1.00,1.00
2017.01.18 08:38:00.251,1.71142,1.71188,1.00,1.00
2017.01.18 08:38:00.555,1.71142,1.71186,1.00,1.00
2017.01.18 08:38:01.691,1.71141,1.71185,1.00,1.00
2017.01.18 08:38:02.316,1.71142,1.71186,1.00,1.00
2017.01.18 08:38:02.921,1.71134,1.71184,1.12,1.00
2017.01.18 08:38:03.023,1.71132,1.71178,1.50,1.00
2017.01.18 08:38:03.073,1.71132,1.71178,1.00,1.00
2017.01.18 08:38:03.225,1.71132,1.71176,1.00,1.00
2017.01.18 08:38:03.657,1.71125,1.71176,1.00,1.00
2017.01.18 08:38:04.717,1.71131,1.71176,1.00,1.50
2017.01.18 08:38:05.230,1.71131,1.71175,1.00,1.00
2017.01.18 08:38:05.354,1.71123,1.71171,1.00,1.00
2017.01.18 08:38:05.405,1.71122,1.71164,1.12,1.00
2017.01.18 08:38:05.455,1.71122,1.71167,1.00,1.00
2017.01.18 08:38:05.556,1.71122,1.71165,1.00,1.50
2017.01.18 08:38:05.708,1.71116,1.71165,1.50,1.50
2017.01.18 08:38:05.862,1.71113,1.71163,1.00,1.50
2017.01.18 08:38:05.964,1.71112,1.7116,1.50,1.00
2017.01.18 08:38:06.518,1.71113,1.71161,1.00,1.00
2017.01.18 08:38:07.758,1.71113,1.71162,1.00,1.00
2017.01.18 08:38:08.297,1.71112,1.71161,1.00,1.00
2017.01.18 08:38:09.392,1.71112,1.71161,1.37,1.00
2017.01.18 08:38:09.537,1.71114,1.71163,1.00,1.00
2017.01.18 08:38:09.588,1.71116,1.71166,1.37,1.87
2017.01.18 08:38:10.111,1.71116,1.71166,1.50,1.12
2017.01.18 08:38:10.658,1.71117,1.71166,1.00,1.12
2017.01.18 08:38:11.273,1.71119,1.7117,1.00,1.75
2017.01.18 08:38:11.374,1.71121,1.71171,1.00,1.87
2017.01.18 08:38:11.425,1.71121,1.71171,1.00,1.50
2017.01.18 08:38:11.476,1.71127,1.71174,1.00,1.87
2017.01.18 08:38:11.577,1.71122,1.71173,1.50,1.00
2017.01.18 08:38:11.627,1.71122,1.7117,1.00,1.00
2017.01.18 08:38:11.930,1.71132,1.71181,1.00,1.75
2017.01.18 08:38:12.909,1.71132,1.71181,1.00,1.50
2017.01.18 08:38:13.017,1.71132,1.71179,1.00,1.00
2017.01.18 08:38:14.162,1.71128,1.71179,1.00,1.00
2017.01.18 08:38:14.213,1.71128,1.71177,1.00,1.00
2017.01.18 08:38:14.853,1.71128,1.71176,1.00,1.00
2017.01.18 08:38:17.798,1.71126,1.71176,1.00,1.00
2017.01.18 08:38:18.252,1.71128,1.71176,1.00,1.00
2017.01.18 08:38:18.454,1.71122,1.71173,1.50,1.00
2017.01.18 08:38:18.636,1.7112,1.71169,1.00,1.00
2017.01.18 08:38:19.241,1.71121,1.71169,1.00,1.00
2017.01.18 08:38:19.943,1.7112,1.7117,1.00,2.25
2017.01.18 08:38:20.490,1.71121,1.71169,1.00,1.00
2017.01.18 08:38:20.742,1.71118,1.71167,1.50,1.00
2017.01.18 08:38:20.793,1.71121,1.71167,1.00,1.00
2017.01.18 08:38:21.429,1.71118,1.71167,1.00,1.00
2017.01.18 08:38:22.095,1.7112,1.71167,1.00,1.00
2017.01.18 08:38:22.531,1.71118,1.71167,1.00,1.00
2017.01.18 08:38:23.011,1.71115,1.71166,1.50,1.00
2017.01.18 08:38:23.529,1.71115,1.71165,1.00,1.00
2017.01.18 08:38:24.095,1.71115,1.71164,1.00,1.00
2017.01.18 08:38:24.375,1.71113,1.71164,1.00,1.00
2017.01.18 08:38:24.426,1.71121,1.71161,1.00,1.00
2017.01.18 08:38:24.577,1.71121,1.71163,1.00,1.50
2017.01.18 08:38:24.732,1.71122,1.71165,1.00,1.50
2017.01.18 08:38:24.783,1.71122,1.71163,1.00,1.00
2017.01.18 08:38:24.833,1.71112,1.7116,1.00,1.00
2017.01.18 08:38:25.085,1.71111,1.71158,1.00,1.00
2017.01.18 08:38:25.260,1.71106,1.71157,1.00,1.00
2017.01.18 08:38:25.473,1.71112,1.71157,1.00,1.50
2017.01.18 08:38:25.537,1.71106,1.71155,1.00,1.50
2017.01.18 08:38:25.638,1.71103,1.71152,1.50,1.00
2017.01.18 08:38:25.940,1.71112,1.71153,1.00,1.00
2017.01.18 08:38:26.041,1.71112,1.71158,1.00,1.00
2017.01.18 08:38:26.092,1.71122,1.71157,1.00,1.50
2017.01.18 08:38:26.142,1.71112,1.71156,1.00,1.00
2017.01.18 08:38:26.289,1.71111,1.71161,1.87,1.00
2017.01.18 08:38:26.456,1.71122,1.71161,1.00,1.00
2017.01.18 08:38:26.991,1.71121,1.71161,1.00,1.00
2017.01.18 08:38:27.042,1.71113,1.71161,1.00,1.00
2017.01.18 08:38:27.559,1.71114,1.71163,1.00,1.50
2017.01.18 08:38:27.660,1.71122,1.71163,1.00,1.00
2017.01.18 08:38:28.030,1.71115,1.71163,1.00,1.00
2017.01.18 08:38:28.181,1.71121,1.71168,1.00,1.50
2017.01.18 08:38:28.232,1.71117,1.71168,1.00,1.50
2017.01.18 08:38:28.333,1.71115,1.71163,1.00,1.00
2017.01.18 08:38:28.435,1.71114,1.71165,1.00,1.00
2017.01.18 08:38:28.536,1.71117,1.71164,1.00,1.00
2017.01.18 08:38:28.694,1.71112,1.71162,1.00,1.00
2017.01.18 08:38:28.745,1.71114,1.71162,1.00,1.00
2017.01.18 08:38:29.324,1.71115,1.71162,1.00,1.00
2017.01.18 08:38:29.526,1.71113,1.71162,1.50,1.50
2017.01.18 08:38:30.030,1.71111,1.71162,1.00,1.50
2017.01.18 08:38:30.577,1.71112,1.71162,1.00,2.25
2017.01.18 08:38:31.189,1.71111,1.71162,1.00,2.25
2017.01.18 08:38:31.240,1.71121,1.71162,1.00,2.25
2017.01.18 08:38:31.341,1.71113,1.71162,1.00,1.00
2017.01.18 08:38:31.593,1.71111,1.71162,1.50,2.25
2017.01.18 08:38:31.996,1.71111,1.71159,1.00,1.00
2017.01.18 08:38:32.499,1.71111,1.7116,1.50,1.00
2017.01.18 08:38:33.044,1.71112,1.71161,1.50,1.00
2017.01.18 08:38:34.307,1.71112,1.71162,2.25,1.00
2017.01.18 08:38:34.653,1.71115,1.71164,1.00,1.00
2017.01.18 08:38:34.855,1.71113,1.71164,1.00,1.00
2017.01.18 08:38:34.905,1.71112,1.71159,1.50,1.00
2017.01.18 08:38:35.410,1.71112,1.71163,1.50,1.75
2017.01.18 08:38:35.460,1.71112,1.71163,1.50,1.00
2017.01.18 08:38:35.612,1.71112,1.71161,2.25,1.00
2017.01.18 08:38:35.934,1.71111,1.71158,1.00,1.00
2017.01.18 08:38:36.580,1.7111,1.71159,1.00,1.00
2017.01.18 08:38:36.882,1.71113,1.71162,1.00,1.37
2017.01.18 08:38:37.210,1.71111,1.71158,1.00,1.00
2017.01.18 08:38:37.412,1.71102,1.71151,1.50,1.00
2017.01.18 08:38:37.563,1.71101,1.71147,1.00,1.00
2017.01.18 08:38:37.816,1.71101,1.71149,1.00,1.00
2017.01.18 08:38:38.101,1.71111,1.71151,1.00,1.00
2017.01.18 08:38:38.151,1.71111,1.71153,1.00,1.00
2017.01.18 08:38:38.353,1.71111,1.71157,1.00,1.00
2017.01.18 08:38:38.404,1.71111,1.71155,1.00,1.00
2017.01.18 08:38:38.568,1.71111,1.71158,1.00,1.00
2017.01.18 08:38:38.820,1.71112,1.71156,1.00,1.00
2017.01.18 08:38:39.285,1.71112,1.71158,1.00,1.00
2017.01.18 08:38:40.433,1.71112,1.71157,1.00,1.00
2017.01.18 08:38:41.655,1.71111,1.71157,1.00,1.00
2017.01.18 08:38:42.622,1.71111,1.71155,1.00,1.00
2017.01.18 08:38:43.365,1.71111,1.71156,1.00,1.00
2017.01.18 08:38:43.686,1.71111,1.71158,1.00,1.00
2017.01.18 08:38:43.737,1.71112,1.71161,1.50,1.87
2017.01.18 08:38:44.017,1.71114,1.71165,1.00,1.75
2017.01.18 08:38:44.068,1.71115,1.71164,1.00,1.00
2017.01.18 08:38:44.169,1.71115,1.71161,1.00,1.00
2017.01.18 08:38:44.220,1.71112,1.71161,1.00,1.00
2017.01.18 08:38:45.120,1.71121,1.71162,1.00,1.00
2017.01.18 08:38:45.170,1.71121,1.71165,1.00,1.00
2017.01.18 08:38:45.221,1.71121,1.71163,1.00,1.00
2017.01.18 08:38:45.405,1.71116,1.71163,1.00,1.00
2017.01.18 08:38:45.456,1.71114,1.71163,1.00,1.00
2017.01.18 08:38:45.506,1.71114,1.7116,1.00,1.00
2017.01.18 08:38:45.646,1.71111,1.71159,1.00,1.00
2017.01.18 08:38:45.697,1.71112,1.71156,1.00,1.00
2017.01.18 08:38:45.748,1.71106,1.71156,1.75,1.00
2017.01.18 08:38:46.051,1.71107,1.71158,1.00,1.00
2017.01.18 08:38:46.152,1.71112,1.71158,1.00,1.00
2017.01.18 08:38:46.303,1.71113,1.71161,1.00,1.50
2017.01.18 08:38:46.354,1.71116,1.71161,1.00,1.00
2017.01.18 08:38:46.405,1.71113,1.71161,1.00,1.00
2017.01.18 08:38:46.678,1.71107,1.71159,1.50,1.00
2017.01.18 08:38:46.728,1.71106,1.71153,1.00,1.00
2017.01.18 08:38:46.829,1.71103,1.71152,1.00,1.00
2017.01.18 08:38:47.035,1.71112,1.71153,1.00,1.00
2017.01.18 08:38:47.086,1.71112,1.71156,1.00,1.00
2017.01.18 08:38:47.237,1.71111,1.7116,1.50,2.25
2017.01.18 08:38:47.339,1.71114,1.7116,1.50,1.00
2017.01.18 08:38:47.749,1.71112,1.7116,1.50,1.00
2017.01.18 08:38:47.800,1.71112,1.71158,1.00,1.00
2017.01.18 08:38:47.952,1.71111,1.7116,1.00,1.50
2017.01.18 08:38:48.053,1.71107,1.71159,1.00,1.00
2017.01.18 08:38:48.306,1.71107,1.71156,1.00,1.00
2017.01.18 08:38:48.407,1.71107,1.71158,1.00,1.50
2017.01.18 08:38:48.458,1.71108,1.71156,1.00,1.00
2017.01.18 08:38:48.659,1.71106,1.71155,1.50,1.00
2017.01.18 08:38:49.467,1.71104,1.71156,1.50,1.00
2017.01.18 08:38:49.664,1.71106,1.71155,1.00,1.00
2017.01.18 08:38:49.791,1.71105,1.71157,1.00,1.00
2017.01.18 08:38:49.947,1.71111,1.71158,1.00,1.00
2017.01.18 08:38:50.048,1.71111,1.7116,1.00,1.50
2017.01.18 08:38:50.623,1.71112,1.7116,1.00,1.50
2017.01.18 08:38:51.145,1.71111,1.71159,1.00,1.00
2017.01.18 08:38:51.327,1.7111,1.71161,1.00,1.00
2017.01.18 08:38:51.514,1.71109,1.71158,1.50,1.00
2017.01.18 08:38:51.716,1.71106,1.71157,1.50,1.00
2017.01.18 08:38:51.766,1.71112,1.71157,1.00,1.00
2017.01.18 08:38:51.817,1.71112,1.71159,1.00,1.00
2017.01.18 08:38:51.918,1.71112,1.71157,1.00,1.00
2017.01.18 08:38:51.968,1.71108,1.71159,1.00,1.00
2017.01.18 08:38:52.019,1.71111,1.71159,1.00,1.00
2017.01.18 08:38:52.120,1.71107,1.71158,1.00,1.00
2017.01.18 08:38:52.291,1.71105,1.71156,1.50,1.00
2017.01.18 08:38:52.595,1.71103,1.71153,1.50,1.00
2017.01.18 08:38:52.902,1.71112,1.71153,1.00,1.00
2017.01.18 08:38:53.053,1.71105,1.71153,1.50,1.00
2017.01.18 08:38:53.104,1.71107,1.71153,1.00,1.00
2017.01.18 08:38:53.155,1.71104,1.71153,1.50,1.00
2017.01.18 08:38:53.256,1.71101,1.71151,1.00,1.00
2017.01.18 08:38:53.564,1.71102,1.71147,1.00,1.00
2017.01.18 08:38:53.615,1.71098,1.71149,1.00,1.00
2017.01.18 08:38:53.717,1.71098,1.71147,1.00,1.00
2017.01.18 08:38:54.020,1.71093,1.71144,1.00,1.00
2017.01.18 08:38:54.515,1.71095,1.71144,1.00,1.00
2017.01.18 08:38:54.717,1.71093,1.71144,1.00,1.00
2017.01.18 08:38:55.895,1.71092,1.71143,1.50,1.00
2017.01.18 08:38:56.055,1.71095,1.71144,1.00,1.00
2017.01.18 08:38:56.157,1.71092,1.71143,1.00,1.00
2017.01.18 08:38:56.257,1.71092,1.71141,1.00,1.00
2017.01.18 08:38:56.560,1.7109,1.71139,1.00,1.00
2017.01.18 08:38:56.661,1.71088,1.71138,1.00,1.00
2017.01.18 08:38:57.884,1.71091,1.71138,1.00,1.00
2017.01.18 08:38:58.137,1.71089,1.71138,1.00,1.00
2017.01.18 08:38:58.308,1.71092,1.71138,1.00,1.00
2017.01.18 08:38:58.822,1.71091,1.71138,1.00,1.00
2017.01.18 08:38:59.370,1.7109,1.71138,1.00,1.00
2017.01.18 08:39:00.001,1.71089,1.71138,1.00,1.50
2017.01.18 08:39:00.319,1.71092,1.7114,1.00,1.37
2017.01.18 08:39:00.521,1.71091,1.71141,2.25,1.00
2017.01.18 08:39:00.979,1.71091,1.71138,1.00,1.00
2017.01.18 08:39:01.039,1.71088,1.71138,1.00,1.00
2017.01.18 08:39:01.089,1.71087,1.71135,1.12,1.00
2017.01.18 08:39:01.191,1.71084,1.71135,1.50,1.00
2017.01.18 08:39:01.343,1.71084,1.71132,1.00,1.00
2017.01.18 08:39:01.514,1.71082,1.71131,1.00,1.00
2017.01.18 08:39:01.568,1.71088,1.71136,1.00,1.50
2017.01.18 08:39:01.770,1.71087,1.71138,1.00,1.12
2017.01.18 08:39:01.871,1.71087,1.71136,1.00,1.00
2017.01.18 08:39:01.972,1.71086,1.71138,1.00,1.00
2017.01.18 08:39:02.023,1.71087,1.71136,1.00,1.00
2017.01.18 08:39:02.175,1.71087,1.71138,1.00,1.00
2017.01.18 08:39:02.317,1.71089,1.71138,1.00,1.00
2017.01.18 08:39:03.145,1.71092,1.7114,1.00,1.00
2017.01.18 08:39:03.196,1.71093,1.71142,1.00,1.50
2017.01.18 08:39:03.500,1.71095,1.71142,1.00,1.00
2017.01.18 08:39:03.551,1.71097,1.71146,1.00,1.00
2017.01.18 08:39:03.602,1.71101,1.71148,1.00,1.50
2017.01.18 08:39:03.854,1.71101,1.71152,1.50,1.12
2017.01.18 08:39:03.905,1.71101,1.7115,1.50,1.00
2017.01.18 08:39:03.955,1.71101,1.71153,1.50,3.00
2017.01.18 08:39:04.056,1.71101,1.7115,1.00,1.00
2017.01.18 08:39:04.360,1.71101,1.71145,1.00,1.00
2017.01.18 08:39:04.918,1.71101,1.71147,1.00,1.00
2017.01.18 08:39:05.424,1.71102,1.71148,1.00,1.00
2017.01.18 08:39:05.475,1.71102,1.71144,1.00,1.00
2017.01.18 08:39:05.526,1.71096,1.71143,1.00,1.00
2017.01.18 08:39:05.627,1.71091,1.71142,3.00,1.50
2017.01.18 08:39:05.728,1.71091,1.7114,1.50,1.00
2017.01.18 08:39:06.547,1.71091,1.7114,1.00,1.00
2017.01.18 08:39:06.885,1.71091,1.71138,1.00,1.00
2017.01.18 08:39:06.935,1.71092,1.71141,1.50,1.00
2017.01.18 08:39:07.490,1.71091,1.7114,2.25,1.00
2017.01.18 08:39:08.137,1.71091,1.71139,1.00,1.00
2017.01.18 08:39:08.188,1.71092,1.71135,1.00,1.00
2017.01.18 08:39:08.350,1.71086,1.71133,1.50,1.00
2017.01.18 08:39:08.501,1.71086,1.71131,1.50,1.00
2017.01.18 08:39:08.652,1.71081,1.7113,1.50,1.00
2017.01.18 08:39:08.753,1.71082,1.71132,1.00,1.00
2017.01.18 08:39:09.006,1.71081,1.7113,1.50,1.00
2017.01.18 08:39:09.308,1.71081,1.71125,1.00,1.00
2017.01.18 08:39:09.569,1.71081,1.71127,1.00,1.00
2017.01.18 08:39:09.698,1.71081,1.71125,1.00,1.00
2017.01.18 08:39:10.013,1.71081,1.71127,1.00,1.00
2017.01.18 08:39:10.548,1.71081,1.71126,1.00,1.00
2017.01.18 08:39:11.568,1.71081,1.71127,1.00,1.00
2017.01.18 08:39:12.395,1.71082,1.71127,1.00,1.00
2017.01.18 08:39:13.055,1.71082,1.71128,1.00,1.00
2017.01.18 08:39:13.809,1.71081,1.71128,1.00,1.00
2017.01.18 08:39:14.325,1.71081,1.71127,1.00,1.00
2017.01.18 08:39:15.055,1.71081,1.71128,1.00,1.00
2017.01.18 08:39:15.606,1.71081,1.71127,1.00,1.00
2017.01.18 08:39:16.179,1.71081,1.71126,1.00,1.00
2017.01.18 08:39:16.824,1.71081,1.71127,1.00,1.00
2017.01.18 08:39:17.165,1.71081,1.7113,1.00,1.00
2017.01.18 08:39:17.468,1.71081,1.71132,1.00,1.50
2017.01.18 08:39:17.682,1.71081,1.71129,1.00,1.00
2017.01.18 08:39:17.846,1.7108,1.71131,1.00,1.00
2017.01.18 08:39:18.014,1.71082,1.71131,1.00,1.00
2017.01.18 08:39:18.110,1.7108,1.71131,1.00,1.00
2017.01.18 08:39:18.161,1.71082,1.71131,1.50,1.00
2017.01.18 08:39:18.821,1.71081,1.71131,1.00,1.50
2017.01.18 08:39:19.449,1.71082,1.71131,1.00,1.00
2017.01.18 08:39:19.661,1.71079,1.7113,1.00,1.00
2017.01.18 08:39:19.812,1.71079,1.71127,1.00,1.00
2017.01.18 08:39:20.271,1.7108,1.71129,1.00,1.00
2017.01.18 08:39:20.523,1.71078,1.71129,1.00,1.00
2017.01.18 08:39:20.575,1.71079,1.71131,1.00,1.00
2017.01.18 08:39:20.700,1.7108,1.71129,1.00,1.00
2017.01.18 08:39:21.499,1.71079,1.71128,1.00,1.00
2017.01.18 08:39:21.849,1.71082,1.71127,1.00,1.00
2017.01.18 08:39:21.951,1.71078,1.71126,1.00,1.00
2017.01.18 08:39:22.455,1.71081,1.71125,1.00,1.00
2017.01.18 08:39:23.314,1.71082,1.71125,1.00,1.00
2017.01.18 08:39:23.920,1.71082,1.71124,1.00,1.00
2017.01.18 08:39:24.232,1.71082,1.71121,1.00,1.00
2017.01.18 08:39:24.323,1.71072,1.71121,1.00,1.00
2017.01.18 08:39:24.599,1.71071,1.71115,1.00,1.00
2017.01.18 08:39:24.650,1.71072,1.71118,1.00,1.00
2017.01.18 08:39:24.700,1.71081,1.71121,1.00,1.00
2017.01.18 08:39:24.856,1.71072,1.7112,1.00,1.00
2017.01.18 08:39:24.957,1.71072,1.71117,1.00,1.00
2017.01.18 08:39:25.260,1.71067,1.71115,1.00,1.00
2017.01.18 08:39:25.711,1.71067,1.71117,1.00,1.00
2017.01.18 08:39:26.602,1.71071,1.71117,1.00,1.00
2017.01.18 08:39:27.138,1.71072,1.71116,1.00,1.00
2017.01.18 08:39:27.340,1.71071,1.7112,1.00,1.50
2017.01.18 08:39:27.459,1.71081,1.71118,1.00,1.00
2017.01.18 08:39:27.747,1.71071,1.71118,1.00,1.00
2017.01.18 08:39:28.179,1.71071,1.71112,1.00,1.00
2017.01.18 08:39:28.504,1.71072,1.7111,1.00,1.00
2017.01.18 08:39:29.076,1.71072,1.71109,1.00,1.50
2017.01.18 08:39:29.665,1.71071,1.71109,1.00,1.00
2017.01.18 08:39:30.192,1.71072,1.71109,1.00,1.00
2017.01.18 08:39:30.787,1.71081,1.71116,1.00,1.00
2017.01.18 08:39:30.888,1.71081,1.71121,1.00,1.12
2017.01.18 08:39:31.420,1.71082,1.71122,1.00,1.00
2017.01.18 08:39:31.521,1.71082,1.71119,1.00,1.00
2017.01.18 08:39:31.572,1.71081,1.71123,1.00,1.00
2017.01.18 08:39:31.723,1.71091,1.71123,1.00,1.00
2017.01.18 08:39:31.824,1.71082,1.71125,1.00,1.12
2017.01.18 08:39:32.048,1.71081,1.71131,1.50,1.50
2017.01.18 08:39:32.116,1.71091,1.7113,1.00,1.00
2017.01.18 08:39:32.667,1.71092,1.7113,1.00,1.00
2017.01.18 08:39:33.201,1.71091,1.7113,1.00,1.00
2017.01.18 08:39:33.548,1.71082,1.7113,1.00,1.00
2017.01.18 08:39:34.121,1.71082,1.71129,1.00,1.00
2017.01.18 08:39:34.382,1.71091,1.71129,1.00,1.00
2017.01.18 08:39:35.530,1.71082,1.7113,1.00,1.50
2017.01.18 08:39:35.823,1.71082,1.71128,1.00,1.00
2017.01.18 08:39:36.819,1.71081,1.71127,1.00,1.00
2017.01.18 08:39:37.126,1.71082,1.71125,1.00,1.00
2017.01.18 08:39:37.452,1.71082,1.71123,1.00,1.00
2017.01.18 08:39:37.778,1.71081,1.7112,1.00,1.00
2017.01.18 08:39:38.431,1.71082,1.7112,1.00,1.00
2017.01.18 08:39:38.733,1.71082,1.71118,1.00,1.00
2017.01.18 08:39:39.237,1.71081,1.71117,1.00,1.00
2017.01.18 08:39:39.713,1.71082,1.7112,1.00,1.50
2017.01.18 08:39:39.976,1.71082,1.71118,1.00,1.00
2017.01.18 08:39:40.249,1.71082,1.7112,1.00,1.50
2017.01.18 08:39:40.779,1.71082,1.71119,1.00,1.00
2017.01.18 08:39:41.428,1.71071,1.71117,1.00,1.00
2017.01.18 08:39:41.530,1.71071,1.71115,1.00,1.00
2017.01.18 08:39:41.911,1.71071,1.71113,1.00,1.00
2017.01.18 08:39:42.422,1.71071,1.71114,1.00,1.50
2017.01.18 08:39:42.918,1.71071,1.71117,1.00,1.50
2017.01.18 08:39:43.120,1.71082,1.71117,1.00,2.25
2017.01.18 08:39:43.271,1.71082,1.71119,1.00,1.00
2017.01.18 08:39:43.696,1.71081,1.71116,1.00,1.00
2017.01.18 08:39:44.714,1.71082,1.71116,1.00,1.00
2017.01.18 08:39:44.815,1.71072,1.71118,1.00,1.00
2017.01.18 08:39:45.235,1.71072,1.71116,1.00,1.00
2017.01.18 08:39:45.538,1.71081,1.71119,1.00,1.00
2017.01.18 08:39:45.639,1.71081,1.71121,1.00,1.00
2017.01.18 08:39:45.841,1.71082,1.71126,1.00,1.00
2017.01.18 08:39:45.942,1.71082,1.71128,1.00,1.00
2017.01.18 08:39:46.273,1.71091,1.71129,1.00,1.00
2017.01.18 08:39:46.475,1.71082,1.71127,1.00,1.00
2017.01.18 08:39:47.010,1.71081,1.71126,1.00,1.00
2017.01.18 08:39:47.520,1.71091,1.71129,1.00,1.00
2017.01.18 08:39:47.571,1.71081,1.71129,1.00,1.00
2017.01.18 08:39:47.622,1.71082,1.71131,1.00,1.00
2017.01.18 08:39:48.638,1.71082,1.71132,1.00,1.50
2017.01.18 08:39:48.689,1.71092,1.71132,1.00,1.50
2017.01.18 08:39:49.288,1.71091,1.71132,1.00,1.00
2017.01.18 08:39:50.002,1.71092,1.71131,1.00,1.00
2017.01.18 08:39:50.365,1.71091,1.71129,1.00,1.00
2017.01.18 08:39:50.551,1.71091,1.71131,1.00,1.00
2017.01.18 08:39:52.738,1.71091,1.71132,1.00,1.50
2017.01.18 08:39:54.429,1.71091,1.7113,1.00,1.00
2017.01.18 08:39:56.429,1.71092,1.7113,1.00,1.00
2017.01.18 08:39:57.404,1.71092,1.71131,1.00,1.00
2017.01.18 08:39:57.455,1.71092,1.71133,1.00,1.00
2017.01.18 08:39:57.606,1.71092,1.71135,1.00,1.00
2017.01.18 08:39:58.294,1.71091,1.71135,1.00,1.00
2017.01.18 08:39:58.973,1.71092,1.71135,1.00,1.00
2017.01.18 08:39:59.124,1.71092,1.71132,1.00,1.00
2017.01.18 08:39:59.225,1.71084,1.71132,1.00,1.50
2017.01.18 08:39:59.276,1.71084,1.7113,1.00,1.00
2017.01.18 08:39:59.615,1.71082,1.71127,1.00,1.50
2017.01.18 08:40:00.279,1.71082,1.71126,1.00,1.00
2017.01.18 08:40:00.627,1.71072,1.71115,1.50,1.00
2017.01.18 08:40:00.929,1.71072,1.71107,1.00,1.00
2017.01.18 08:40:02.644,1.71071,1.71107,1.00,1.00
2017.01.18 08:40:04.167,1.71062,1.71107,1.00,1.00
2017.01.18 08:40:04.466,1.71072,1.7111,1.00,1.00
2017.01.18 08:40:05.124,1.71072,1.71111,1.00,1.00
2017.01.18 08:40:05.642,1.71072,1.71114,1.00,1.12
2017.01.18 08:40:05.901,1.71071,1.71116,1.00,1.50
2017.01.18 08:40:06.052,1.71082,1.71118,1.00,1.00
2017.01.18 08:40:06.153,1.71082,1.7112,1.00,1.50
2017.01.18 08:40:06.316,1.71071,1.7112,1.00,1.50
2017.01.18 08:40:06.987,1.71072,1.7112,1.00,1.00
2017.01.18 08:40:07.759,1.71071,1.71119,1.00,1.00
2017.01.18 08:40:07.810,1.71071,1.71117,1.00,1.00
2017.01.18 08:40:08.341,1.71071,1.71116,1.00,1.00
2017.01.18 08:40:08.846,1.71071,1.71115,1.00,1.00
2017.01.18 08:40:08.970,1.71071,1.71118,1.00,1.00
2017.01.18 08:40:09.071,1.71071,1.7112,1.00,1.50
2017.01.18 08:40:09.416,1.71071,1.71118,1.00,1.00
2017.01.18 08:40:09.735,1.71082,1.71118,1.00,1.00
2017.01.18 08:40:10.372,1.71072,1.7112,1.00,1.50
2017.01.18 08:40:10.473,1.71072,1.71118,1.00,1.00
2017.01.18 08:40:10.675,1.71071,1.71122,1.50,1.87
2017.01.18 08:40:10.726,1.71073,1.71122,1.00,1.50
2017.01.18 08:40:10.777,1.71071,1.71121,1.50,1.00
2017.01.18 08:40:11.031,1.71072,1.71123,1.00,1.50
2017.01.18 08:40:11.373,1.71074,1.71123,1.00,1.50
2017.01.18 08:40:11.474,1.71072,1.71122,1.00,1.00
2017.01.18 08:40:11.575,1.71072,1.71119,1.00,1.00
2017.01.18 08:40:11.879,1.71081,1.71114,1.00,1.50
2017.01.18 08:40:11.929,1.71072,1.71113,1.00,1.00
2017.01.18 08:40:12.136,1.71072,1.71115,1.00,2.25
2017.01.18 08:40:12.645,1.71072,1.71114,1.00,1.00
2017.01.18 08:40:13.231,1.71071,1.71115,1.00,1.00
2017.01.18 08:40:15.744,1.71072,1.71115,1.00,1.00
2017.01.18 08:40:18.347,1.71082,1.71115,1.00,1.00
2017.01.18 08:40:18.501,1.71072,1.71115,1.00,1.00
2017.01.18 08:40:19.126,1.71071,1.71115,1.00,1.50
2017.01.18 08:40:19.827,1.71071,1.71114,1.00,1.00
2017.01.18 08:40:20.344,1.71071,1.71115,1.00,1.50
2017.01.18 08:40:21.473,1.71071,1.71116,1.00,1.00
2017.01.18 08:40:21.524,1.71082,1.71116,1.00,1.00
2017.01.18 08:40:22.139,1.71082,1.71117,1.00,1.00
2017.01.18 08:40:22.327,1.71071,1.71118,1.00,1.00
2017.01.18 08:40:22.887,1.71071,1.71117,1.00,1.00
2017.01.18 08:40:22.988,1.71071,1.71119,1.00,1.00
2017.01.18 08:40:23.923,1.71082,1.71119,1.00,1.00
2017.01.18 08:40:23.973,1.71082,1.71125,1.50,1.75
2017.01.18 08:40:24.024,1.71083,1.71125,1.00,1.00
2017.01.18 08:40:24.075,1.71092,1.71134,1.00,1.75
2017.01.18 08:40:24.261,1.71092,1.71134,1.00,1.00
2017.01.18 08:40:24.873,1.71092,1.71133,1.00,1.00
2017.01.18 08:40:25.584,1.71092,1.71132,1.00,1.00
2017.01.18 08:40:25.635,1.71081,1.71131,1.50,1.00
2017.01.18 08:40:26.294,1.71081,1.7113,1.00,1.50
2017.01.18 08:40:26.917,1.71082,1.7113,1.00,1.50
2017.01.18 08:40:27.714,1.71082,1.71128,1.00,1.00
2017.01.18 08:40:27.887,1.71082,1.7113,1.00,1.00
2017.01.18 08:40:27.938,1.71091,1.71131,1.00,1.00
2017.01.18 08:40:29.113,1.71091,1.71131,1.00,1.00
2017.01.18 08:40:29.164,1.71081,1.71131,1.00,1.50
2017.01.18 08:40:29.215,1.71081,1.71128,1.00,1.00
2017.01.18 08:40:29.517,1.71091,1.71131,1.00,1.50
2017.01.18 08:40:29.669,1.71091,1.71135,1.00,1.00
2017.01.18 08:40:29.870,1.71091,1.71137,1.00,1.00
2017.01.18 08:40:30.636,1.71091,1.71136,1.00,1.00
2017.01.18 08:40:31.121,1.71092,1.71134,1.00,1.00
2017.01.18 08:40:31.709,1.71092,1.71135,1.00,1.00
2017.01.18 08:40:33.639,1.71092,1.71137,1.00,1.00
2017.01.18 08:40:33.835,1.71092,1.71135,1.00,1.00
2017.01.18 08:40:34.136,1.71092,1.71133,1.00,1.00
2017.01.18 08:40:34.288,1.71092,1.71135,1.00,1.00
2017.01.18 08:40:34.339,1.71092,1.71137,1.00,1.50
2017.01.18 08:40:34.405,1.71092,1.71135,1.00,1.00
2017.01.18 08:40:34.556,1.71092,1.71137,1.00,1.00
2017.01.18 08:40:34.819,1.71091,1.71135,1.00,1.00
2017.01.18 08:40:35.347,1.71091,1.71134,1.00,1.00
2017.01.18 08:40:35.398,1.71083,1.71134,1.00,1.00
2017.01.18 08:40:35.452,1.71092,1.71132,1.00,1.00
2017.01.18 08:40:35.976,1.71092,1.71133,1.00,1.50
2017.01.18 08:40:36.795,1.71092,1.71131,1.00,1.00
2017.01.18 08:40:37.634,1.71091,1.71132,1.00,1.50
2017.01.18 08:40:38.582,1.71081,1.71126,1.00,1.00
2017.01.18 08:40:38.683,1.71075,1.71125,1.00,1.00
2017.01.18 08:40:38.734,1.71075,1.71121,1.00,1.00
2017.01.18 08:40:39.036,1.71071,1.71118,1.50,1.00
2017.01.18 08:40:39.087,1.71071,1.71118,1.00,1.00
2017.01.18 08:40:39.705,1.71071,1.71119,1.00,1.00
2017.01.18 08:40:39.806,1.71082,1.71119,1.00,1.00
2017.01.18 08:40:40.599,1.71072,1.71119,1.00,1.00
2017.01.18 08:40:40.649,1.71081,1.71119,1.00,1.50
2017.01.18 08:40:40.750,1.71081,1.71122,1.00,1.00
2017.01.18 08:40:40.801,1.71072,1.71115,1.50,1.00
2017.01.18 08:40:41.002,1.71071,1.71113,1.00,1.00
2017.01.18 08:40:41.053,1.71071,1.71115,1.00,1.00
2017.01.18 08:40:41.111,1.71071,1.71112,1.00,1.00
2017.01.18 08:40:41.212,1.71071,1.71114,1.00,1.00
2017.01.18 08:40:41.860,1.71072,1.71113,1.00,1.50
2017.01.18 08:40:42.645,1.71062,1.71113,1.50,1.50
2017.01.18 08:40:42.696,1.71062,1.7111,1.50,1.00
2017.01.18 08:40:42.997,1.71072,1.7111,1.00,1.00
2017.01.18 08:40:43.681,1.71072,1.71111,1.00,1.00
2017.01.18 08:40:45.687,1.71072,1.7111,1.00,1.00
2017.01.18 08:40:45.838,1.71062,1.7111,1.00,1.00
2017.01.18 08:40:46.265,1.71061,1.71108,1.00,1.00
2017.01.18 08:40:46.613,1.71062,1.71104,1.00,1.00
2017.01.18 08:40:47.067,1.71061,1.71106,1.00,1.00
2017.01.18 08:40:47.559,1.71061,1.71104,1.00,1.00
2017.01.18 08:40:47.755,1.71061,1.71106,1.00,1.00
2017.01.18 08:40:48.788,1.71061,1.71103,1.00,1.00
2017.01.18 08:40:49.376,1.71061,1.71102,1.00,1.00
2017.01.18 08:40:49.892,1.71062,1.71101,1.00,1.87
2017.01.18 08:40:50.554,1.71061,1.71102,1.00,1.00
2017.01.18 08:40:50.655,1.71062,1.71104,1.00,1.00
2017.01.18 08:40:51.059,1.71062,1.71101,1.00,1.00
2017.01.18 08:40:52.861,1.71062,1.71104,1.00,1.50
2017.01.18 08:40:53.784,1.71062,1.71102,1.00,1.00
2017.01.18 08:40:54.600,1.71062,1.71104,1.00,1.00
2017.01.18 08:40:54.890,1.71072,1.71106,1.00,1.00
2017.01.18 08:40:55.092,1.71072,1.71108,1.00,1.00
2017.01.18 08:40:55.143,1.71071,1.71112,1.00,1.00
2017.01.18 08:40:55.415,1.71071,1.71115,1.00,1.50
2017.01.18 08:40:55.998,1.71071,1.71113,1.00,1.00
2017.01.18 08:40:56.150,1.71066,1.71113,1.00,1.00
2017.01.18 08:40:56.352,1.71066,1.71111,1.00,1.00
2017.01.18 08:40:56.402,1.71061,1.71108,1.50,1.00
2017.01.18 08:40:56.503,1.71061,1.71106,1.00,1.00
2017.01.18 08:40:56.554,1.71062,1.71108,1.00,1.00
2017.01.18 08:40:56.706,1.71062,1.71106,1.00,1.00
2017.01.18 08:40:57.970,1.71071,1.71108,1.00,1.00
2017.01.18 08:40:58.020,1.71071,1.7111,1.00,1.00
2017.01.18 08:40:58.071,1.71071,1.71108,1.00,1.00
2017.01.18 08:40:58.601,1.71061,1.71107,1.00,1.00
2017.01.18 08:40:58.892,1.71061,1.71109,1.00,1.50
2017.01.18 08:40:59.977,1.71061,1.71107,1.00,1.00
2017.01.18 08:41:00.280,1.71082,1.71115,1.00,2.25
2017.01.18 08:41:00.432,1.71062,1.71102,1.00,1.00
2017.01.18 08:41:00.936,1.71061,1.71102,1.00,1.00
2017.01.18 08:41:00.987,1.71071,1.71104,1.00,1.00
2017.01.18 08:41:01.038,1.71072,1.71107,1.00,1.00
2017.01.18 08:41:01.139,1.71062,1.71108,1.00,1.00
2017.01.18 08:41:01.190,1.71071,1.7111,1.00,1.00
2017.01.18 08:41:01.241,1.71071,1.71112,1.00,1.12
2017.01.18 08:41:01.292,1.71071,1.7111,1.00,1.00
2017.01.18 08:41:01.494,1.71074,1.71124,1.00,1.87
2017.01.18 08:41:01.544,1.71081,1.71124,1.00,1.87
2017.01.18 08:41:02.038,1.71074,1.71121,1.00,1.75
2017.01.18 08:41:02.089,1.71072,1.7112,1.00,1.75
2017.01.18 08:41:02.190,1.71072,1.71119,1.00,1.50
2017.01.18 08:41:02.291,1.71071,1.71116,1.00,1.00
2017.01.18 08:41:02.342,1.71071,1.71119,1.00,1.50
2017.01.18 08:41:02.443,1.71071,1.71117,1.00,1.00
2017.01.18 08:41:02.746,1.71071,1.71115,1.00,1.00
2017.01.18 08:41:03.284,1.71071,1.71114,1.00,1.00
2017.01.18 08:41:03.335,1.71063,1.71114,1.87,1.00
2017.01.18 08:41:04.139,1.71071,1.71114,1.00,1.00
2017.01.18 08:41:04.190,1.71063,1.71114,1.87,1.00
2017.01.18 08:41:04.701,1.71063,1.71113,1.37,1.00
2017.01.18 08:41:05.518,1.71072,1.71113,1.00,1.00
2017.01.18 08:41:05.903,1.71062,1.71099,1.00,1.00
2017.01.18 08:41:06.006,1.71061,1.71101,1.00,1.00
2017.01.18 08:41:06.107,1.71062,1.71104,1.00,1.00
2017.01.18 08:41:06.360,1.71062,1.71108,1.00,1.00
2017.01.18 08:41:06.946,1.71062,1.71107,1.00,1.00
2017.01.18 08:41:07.515,1.71062,1.71105,1.00,1.00
2017.01.18 08:41:07.616,1.71062,1.71107,1.00,1.00
2017.01.18 08:41:08.064,1.71062,1.71109,1.00,1.50
2017.01.18 08:41:08.215,1.71062,1.71106,1.00,1.00
2017.01.18 08:41:08.367,1.71062,1.71108,1.00,1.00
2017.01.18 08:41:08.536,1.71062,1.71106,1.00,1.00
2017.01.18 08:41:08.838,1.71052,1.711,1.00,1.00
2017.01.18 08:41:09.040,1.71052,1.71098,1.00,1.00
2017.01.18 08:41:12.099,1.71052,1.71096,1.00,1.00
2017.01.18 08:41:12.621,1.71051,1.71097,1.00,1.00
2017.01.18 08:41:12.772,1.71051,1.711,1.00,1.50
2017.01.18 08:41:13.417,1.71052,1.711,1.00,1.00
2017.01.18 08:41:13.937,1.71052,1.71099,1.00,1.00
2017.01.18 08:41:14.517,1.71052,1.71098,1.00,1.00
2017.01.18 08:41:14.703,1.71051,1.71095,1.00,1.00
2017.01.18 08:41:15.304,1.71052,1.71095,1.00,1.00
2017.01.18 08:41:15.855,1.71051,1.71095,1.00,1.00
2017.01.18 08:41:16.453,1.71052,1.71096,1.00,1.00
2017.01.18 08:41:16.706,1.71052,1.71098,1.00,1.00
2017.01.18 08:41:17.304,1.71051,1.71098,1.00,1.00
2017.01.18 08:41:17.823,1.71052,1.71098,1.00,1.00
2017.01.18 08:41:19.738,1.71052,1.71099,1.50,1.12
2017.01.18 08:41:19.789,1.71062,1.71099,1.00,1.12
2017.01.18 08:41:19.941,1.71062,1.71104,1.00,1.00
2017.01.18 08:41:20.043,1.71052,1.71102,1.50,1.00
2017.01.18 08:41:20.144,1.71052,1.711,1.50,1.00
2017.01.18 08:41:20.646,1.71052,1.71099,1.00,1.00
2017.01.18 08:41:21.167,1.71052,1.71098,1.00,1.00
2017.01.18 08:41:21.746,1.71052,1.71099,1.00,1.00
2017.01.18 08:41:22.414,1.71061,1.71102,1.00,1.00
2017.01.18 08:41:22.515,1.71061,1.71104,1.00,1.12
2017.01.18 08:41:23.582,1.71061,1.71102,1.00,1.00
2017.01.18 08:41:24.113,1.71061,1.71101,1.00,1.00
2017.01.18 08:41:24.627,1.71052,1.71099,1.00,1.00
2017.01.18 08:41:24.678,1.71052,1.71101,1.00,1.00
2017.01.18 08:41:24.779,1.71061,1.71101,1.00,1.00
2017.01.18 08:41:25.327,1.71061,1.71098,1.00,1.00
2017.01.18 08:41:25.685,1.71061,1.71102,1.00,1.00
2017.01.18 08:41:25.786,1.71061,1.71104,1.00,1.12
2017.01.18 08:41:25.956,1.71061,1.71101,1.00,1.00
2017.01.18 08:41:26.158,1.71061,1.71104,1.00,1.50
2017.01.18 08:41:26.460,1.71061,1.71107,1.00,1.00
2017.01.18 08:41:26.728,1.71057,1.71106,1.00,1.00
2017.01.18 08:41:26.779,1.71055,1.71106,1.50,1.00
2017.01.18 08:41:27.460,1.71055,1.71104,1.50,1.00
2017.01.18 08:41:27.795,1.71061,1.71104,1.00,1.00
2017.01.18 08:41:28.337,1.71061,1.71105,1.00,1.00
2017.01.18 08:41:29.066,1.71061,1.71107,1.00,1.50
2017.01.18 08:41:29.431,1.71071,1.71108,1.00,1.00
2017.01.18 08:41:29.532,1.71071,1.71113,1.00,1.00
2017.01.18 08:41:30.046,1.71071,1.71114,1.00,1.00
2017.01.18 08:41:31.043,1.71072,1.71114,1.00,1.00
2017.01.18 08:41:31.500,1.71072,1.71116,1.00,1.50
2017.01.18 08:41:31.702,1.71071,1.71114,1.00,1.00
2017.01.18 08:41:32.241,1.71072,1.71114,1.00,1.00
2017.01.18 08:41:35.290,1.71072,1.71116,1.00,1.00
2017.01.18 08:41:35.604,1.71082,1.71116,1.00,1.00
2017.01.18 08:41:37.359,1.71082,1.71115,1.00,1.00
2017.01.18 08:41:37.618,1.71072,1.71115,1.00,1.00
2017.01.18 08:41:37.670,1.71072,1.71117,1.00,1.00
2017.01.18 08:41:38.367,1.71071,1.71116,1.00,1.00
2017.01.18 08:41:38.435,1.71081,1.71116,1.00,1.00
2017.01.18 08:41:38.551,1.71071,1.71116,1.00,1.50
2017.01.18 08:41:38.753,1.71071,1.71118,1.00,1.50
2017.01.18 08:41:38.804,1.71071,1.71116,1.00,1.00
2017.01.18 08:41:39.107,1.71071,1.71118,1.00,1.00
2017.01.18 08:41:39.157,1.71082,1.7112,1.00,1.37
2017.01.18 08:41:39.258,1.71082,1.71125,1.00,1.12
2017.01.18 08:41:39.511,1.71082,1.71123,1.00,1.00
2017.01.18 08:41:40.024,1.71082,1.71122,1.00,1.00
2017.01.18 08:41:41.521,1.71081,1.71122,1.00,1.00
2017.01.18 08:41:41.633,1.71081,1.71124,1.00,1.00
2017.01.18 08:41:41.935,1.71081,1.71121,1.00,1.00
2017.01.18 08:41:42.656,1.71081,1.7112,1.00,1.00
2017.01.18 08:41:44.416,1.71081,1.71123,1.00,1.50
2017.01.18 08:41:44.635,1.71081,1.71121,1.00,1.00
2017.01.18 08:41:45.297,1.71081,1.7112,1.00,1.00
2017.01.18 08:41:46.010,1.71081,1.71123,1.00,1.00
2017.01.18 08:41:46.161,1.71081,1.7112,1.00,1.00
2017.01.18 08:41:46.312,1.71081,1.71122,1.00,1.50
2017.01.18 08:41:46.640,1.71081,1.71124,1.00,1.50
2017.01.18 08:41:46.691,1.71081,1.71121,1.00,1.00
2017.01.18 08:41:46.742,1.71081,1.71124,1.00,1.50
2017.01.18 08:41:46.792,1.71081,1.71121,1.00,1.00
2017.01.18 08:41:46.843,1.71081,1.71123,1.00,1.00
2017.01.18 08:41:46.944,1.71081,1.71121,1.00,1.00
2017.01.18 08:41:47.609,1.71081,1.7112,1.00,1.00
2017.01.18 08:41:48.140,1.71081,1.71123,1.00,1.00
2017.01.18 08:41:48.241,1.71081,1.71125,1.00,1.50
2017.01.18 08:41:48.428,1.71081,1.71123,1.00,1.00
2017.01.18 08:41:48.974,1.71082,1.71122,1.00,1.00
2017.01.18 08:41:49.705,1.71082,1.7112,1.00,1.00
2017.01.18 08:41:50.214,1.71081,1.71121,1.00,1.00
2017.01.18 08:41:50.538,1.71092,1.71131,1.00,1.12
2017.01.18 08:41:51.244,1.71092,1.71129,1.00,1.00
2017.01.18 08:41:51.295,1.71092,1.71131,1.00,1.12
2017.01.18 08:41:52.048,1.71082,1.71131,1.00,1.00
2017.01.18 08:41:52.612,1.71091,1.71131,1.00,1.00
2017.01.18 08:41:52.713,1.71091,1.71134,1.00,1.00
2017.01.18 08:41:52.991,1.71091,1.71136,1.00,1.50
2017.01.18 08:41:53.142,1.71091,1.71132,1.00,1.00
2017.01.18 08:41:53.601,1.71083,1.71132,1.00,1.00
2017.01.18 08:41:53.859,1.71085,1.71136,1.00,1.00
2017.01.18 08:41:53.910,1.71092,1.71137,1.00,2.25
2017.01.18 08:41:53.961,1.71082,1.71134,1.50,1.00
2017.01.18 08:41:54.012,1.71082,1.71131,1.50,1.00
2017.01.18 08:41:54.314,1.71082,1.71127,1.00,1.00
2017.01.18 08:41:54.829,1.71082,1.71128,1.00,1.00
2017.01.18 08:41:57.034,1.71081,1.71128,1.00,1.00
2017.01.18 08:41:57.853,1.71082,1.71129,1.00,1.00
2017.01.18 08:42:00.312,1.71082,1.7113,1.00,1.00
2017.01.18 08:42:00.673,1.71081,1.71128,1.00,1.00
2017.01.18 08:42:00.724,1.71081,1.7113,1.00,1.00
2017.01.18 08:42:00.825,1.71092,1.71129,1.00,1.00
2017.01.18 08:42:01.178,1.71092,1.71131,1.00,1.00
2017.01.18 08:42:01.695,1.71091,1.71132,1.00,1.00
2017.01.18 08:42:02.284,1.71092,1.71133,1.00,1.00
2017.01.18 08:42:02.831,1.71091,1.71133,1.00,1.00
2017.01.18 08:42:04.131,1.71092,1.71136,1.00,1.00
2017.01.18 08:42:04.232,1.71092,1.71133,1.00,1.00
2017.01.18 08:42:04.464,1.71092,1.71135,1.00,1.00
2017.01.18 08:42:05.045,1.71092,1.71133,1.00,1.00
2017.01.18 08:42:05.096,1.71092,1.71135,1.00,1.00
2017.01.18 08:42:06.015,1.71092,1.71134,1.00,1.00
2017.01.18 08:42:06.599,1.71091,1.71135,1.00,1.00
2017.01.18 08:42:07.171,1.71092,1.71133,1.00,1.00
2017.01.18 08:42:07.784,1.71092,1.71134,1.00,1.00
2017.01.18 08:42:08.697,1.71085,1.71134,1.00,1.00
2017.01.18 08:42:10.044,1.71092,1.71134,1.00,1.00
2017.01.18 08:42:10.145,1.71092,1.71137,1.00,1.50
2017.01.18 08:42:10.196,1.71092,1.71135,1.00,1.00
2017.01.18 08:42:10.642,1.71092,1.71133,1.00,1.00
2017.01.18 08:42:10.804,1.71092,1.71136,1.00,1.00
2017.01.18 08:42:12.044,1.71091,1.71136,1.00,1.00
2017.01.18 08:42:12.605,1.71091,1.71135,1.00,1.50
2017.01.18 08:42:12.732,1.71092,1.71133,1.00,1.00
2017.01.18 08:42:14.527,1.71092,1.71132,1.00,1.00
2017.01.18 08:42:14.581,1.71082,1.71132,1.00,1.00
2017.01.18 08:42:15.192,1.71082,1.71131,1.00,1.00
2017.01.18 08:42:16.086,1.71091,1.71131,1.00,1.00
2017.01.18 08:42:16.137,1.71082,1.7113,1.00,1.00
2017.01.18 08:42:16.187,1.71082,1.71128,1.00,1.00
2017.01.18 08:42:18.200,1.71082,1.71126,1.00,1.00
2017.01.18 08:42:18.300,1.71082,1.7113,1.00,1.00
2017.01.18 08:42:19.006,1.71082,1.71129,1.00,1.00
2017.01.18 08:42:19.540,1.71081,1.71129,1.00,1.00
2017.01.18 08:42:19.591,1.71081,1.71126,1.00,1.00
2017.01.18 08:42:20.626,1.71081,1.71128,1.00,1.00
2017.01.18 08:42:21.216,1.71081,1.71127,1.00,1.00
2017.01.18 08:42:21.744,1.71081,1.71126,1.00,1.00
2017.01.18 08:42:22.276,1.71082,1.71123,1.00,1.00
2017.01.18 08:42:22.377,1.71082,1.71125,1.00,1.50
2017.01.18 08:42:22.820,1.71081,1.71123,1.00,1.00
2017.01.18 08:42:23.363,1.71082,1.71123,1.00,1.00
2017.01.18 08:42:23.414,1.71082,1.71125,1.00,1.50
2017.01.18 08:42:23.465,1.71082,1.71123,1.00,1.00
2017.01.18 08:42:24.022,1.71082,1.71122,1.00,1.00
2017.01.18 08:42:24.533,1.71081,1.71121,1.00,1.00
2017.01.18 08:42:24.584,1.71081,1.71123,1.00,1.00
2017.01.18 08:42:24.685,1.71081,1.71125,1.00,1.00
2017.01.18 08:42:25.435,1.71082,1.71125,1.00,1.00
2017.01.18 08:42:26.540,1.71081,1.71125,1.00,1.00
2017.01.18 08:42:27.083,1.71082,1.71125,1.00,1.00
2017.01.18 08:42:28.045,1.71091,1.71125,1.00,1.00
2017.01.18 08:42:29.845,1.71091,1.71124,1.00,1.00
2017.01.18 08:42:30.384,1.71091,1.71123,1.00,1.00
2017.01.18 08:42:30.555,1.71091,1.71125,1.00,1.00
2017.01.18 08:42:31.754,1.71082,1.71125,1.00,1.00
2017.01.18 08:42:32.743,1.71091,1.71125,1.00,1.00
2017.01.18 08:42:33.404,1.71091,1.71122,1.00,1.00
2017.01.18 08:42:33.455,1.71091,1.71125,1.00,1.50
2017.01.18 08:42:33.712,1.71092,1.71123,1.00,1.00
2017.01.18 08:42:34.332,1.71092,1.71122,1.00,1.50
2017.01.18 08:42:34.517,1.71082,1.71122,1.00,1.50
2017.01.18 08:42:35.610,1.71092,1.71122,1.00,1.50
2017.01.18 08:42:40.591,1.71092,1.71123,1.00,1.00
2017.01.18 08:42:41.325,1.71091,1.71123,1.00,1.00
2017.01.18 08:42:41.708,1.71073,1.71122,1.00,1.00
2017.01.18 08:42:42.109,1.71071,1.71122,1.50,1.00
2017.01.18 08:42:42.834,1.71071,1.71118,1.00,1.00
2017.01.18 08:42:43.137,1.71062,1.71107,1.00,1.00
2017.01.18 08:42:43.669,1.71061,1.71108,1.00,1.00
2017.01.18 08:42:44.319,1.71061,1.71107,1.00,1.00
2017.01.18 08:42:44.865,1.71061,1.71111,1.00,1.50
2017.01.18 08:42:45.447,1.7106,1.71107,1.00,1.00
2017.01.18 08:42:45.706,1.71056,1.71105,1.50,1.00
2017.01.18 08:42:46.109,1.71058,1.71106,1.00,1.00
2017.01.18 08:42:46.482,1.71056,1.71105,1.00,1.00
2017.01.18 08:42:46.716,1.71059,1.71108,1.00,1.00
2017.01.18 08:42:48.115,1.71058,1.71107,1.00,1.00
2017.01.18 08:42:48.647,1.71058,1.71106,1.00,1.00
2017.01.18 08:42:50.432,1.71054,1.71102,1.00,1.00
2017.01.18 08:42:50.965,1.71053,1.71099,1.12,1.00
2017.01.18 08:42:51.268,1.71042,1.71089,1.75,1.00
2017.01.18 08:42:51.420,1.71037,1.71082,1.00,1.00
2017.01.18 08:42:51.521,1.71037,1.7108,1.00,1.00
2017.01.18 08:42:51.672,1.71029,1.71075,1.00,1.00
2017.01.18 08:42:51.874,1.71023,1.71074,1.50,1.00
2017.01.18 08:42:52.026,1.71027,1.71076,1.00,1.00
2017.01.18 08:42:52.538,1.71029,1.71078,1.00,1.00
2017.01.18 08:42:53.313,1.71029,1.71077,1.00,1.00
2017.01.18 08:42:53.415,1.71031,1.71081,1.50,1.87
2017.01.18 08:42:53.465,1.71031,1.71079,1.50,1.00
2017.01.18 08:42:53.516,1.71031,1.71082,2.25,1.00
2017.01.18 08:42:53.617,1.71033,1.71083,1.00,1.00
2017.01.18 08:42:53.963,1.71035,1.71085,1.00,1.50
2017.01.18 08:42:54.282,1.71041,1.71089,1.50,1.00
2017.01.18 08:42:54.383,1.71039,1.71089,1.00,1.00
2017.01.18 08:42:54.535,1.71042,1.71088,1.00,1.00
2017.01.18 08:42:55.011,1.71042,1.7109,1.00,1.50
2017.01.18 08:42:55.564,1.71042,1.71089,1.00,1.00
2017.01.18 08:42:55.768,1.7104,1.71089,1.00,1.00
2017.01.18 08:42:55.819,1.71039,1.71087,1.00,1.00
2017.01.18 08:42:57.008,1.71038,1.71089,1.00,1.00
2017.01.18 08:42:57.059,1.71039,1.71087,1.00,1.00
2017.01.18 08:42:57.435,1.71041,1.71087,1.00,1.00
2017.01.18 08:42:58.051,1.71039,1.71087,1.50,1.00
2017.01.18 08:42:59.182,1.71039,1.71088,1.00,1.00
2017.01.18 08:42:59.555,1.71041,1.7109,1.00,1.00
2017.01.18 08:42:59.921,1.71043,1.71093,1.00,1.50
2017.01.18 08:43:00.022,1.71043,1.71091,1.00,1.00
2017.01.18 08:43:00.251,1.7104,1.71091,1.50,1.00
2017.01.18 08:43:00.682,1.71041,1.71089,1.50,1.00
2017.01.18 08:43:00.741,1.71041,1.71092,1.50,1.00
2017.01.18 08:43:00.792,1.71042,1.7109,1.00,1.00
2017.01.18 08:43:01.939,1.71043,1.7109,1.00,1.00
2017.01.18 08:43:02.314,1.71043,1.71092,1.00,1.00
2017.01.18 08:43:02.818,1.71043,1.71093,1.00,1.00
2017.01.18 08:43:03.869,1.71045,1.71093,1.50,1.00
2017.01.18 08:43:05.940,1.71045,1.71094,1.00,1.00
2017.01.18 08:43:06.192,1.71043,1.71094,1.50,1.00
2017.01.18 08:43:06.523,1.71043,1.71086,1.00,1.00
2017.01.18 08:43:06.826,1.71022,1.7107,1.75,1.00
2017.01.18 08:43:06.877,1.71022,1.71066,1.75,1.00
2017.01.18 08:43:06.928,1.71021,1.71068,1.00,1.00
2017.01.18 08:43:07.029,1.71024,1.71075,1.00,1.50
2017.01.18 08:43:07.079,1.71022,1.7107,1.00,1.00
2017.01.18 08:43:07.382,1.71022,1.71066,1.00,1.00
2017.01.18 08:43:07.744,1.71021,1.71069,1.50,1.00
2017.01.18 08:43:07.977,1.71028,1.71074,1.00,1.00
2017.01.18 08:43:08.027,1.71025,1.71073,1.00,1.00
2017.01.18 08:43:08.082,1.71026,1.71075,1.00,1.00
2017.01.18 08:43:08.233,1.71031,1.71078,1.00,1.00
2017.01.18 08:43:08.435,1.71028,1.71076,1.12,1.50
2017.01.18 08:43:08.486,1.71025,1.71074,1.50,1.00
2017.01.18 08:43:08.536,1.71025,1.71074,1.00,1.00
2017.01.18 08:43:09.114,1.71024,1.71074,1.00,1.00
2017.01.18 08:43:09.671,1.71024,1.71075,1.00,1.50
2017.01.18 08:43:09.974,1.71026,1.71074,1.00,1.00
2017.01.18 08:43:10.075,1.71026,1.71076,1.00,1.00
2017.01.18 08:43:10.359,1.71026,1.71074,1.00,1.00
2017.01.18 08:43:11.423,1.71027,1.71075,1.00,1.12
2017.01.18 08:43:11.625,1.71026,1.71077,1.00,1.50
2017.01.18 08:43:12.414,1.71027,1.71076,1.00,1.00
2017.01.18 08:43:15.521,1.71028,1.71077,1.00,1.00
2017.01.18 08:43:15.672,1.71027,1.71072,1.00,1.00
2017.01.18 08:43:15.774,1.71025,1.71071,1.00,1.00
2017.01.18 08:43:16.427,1.71025,1.71072,1.00,1.00
2017.01.18 08:43:16.944,1.71025,1.71071,1.00,1.50
2017.01.18 08:43:17.588,1.71025,1.7107,1.00,1.00
2017.01.18 08:43:18.341,1.71025,1.71071,1.00,1.00
2017.01.18 08:43:19.316,1.7102,1.7107,1.00,1.00
2017.01.18 08:43:19.417,1.71018,1.71069,1.50,1.00
2017.01.18 08:43:19.937,1.71018,1.71068,1.00,1.00
2017.01.18 08:43:20.282,1.7102,1.71069,1.00,1.50
2017.01.18 08:43:21.041,1.71022,1.71069,1.00,1.00
2017.01.18 08:43:21.091,1.71017,1.71068,1.00,1.50
2017.01.18 08:43:21.168,1.71017,1.71064,1.00,1.00
2017.01.18 08:43:21.346,1.71017,1.71067,1.00,1.00
2017.01.18 08:43:21.802,1.71016,1.71065,1.00,1.00
2017.01.18 08:43:22.140,1.71013,1.71061,1.00,1.00
2017.01.18 08:43:22.191,1.71011,1.71061,1.00,1.00
2017.01.18 08:43:22.342,1.71014,1.71061,1.00,1.00
2017.01.18 08:43:22.444,1.71014,1.71063,1.00,1.00
2017.01.18 08:43:22.710,1.71016,1.71064,1.00,1.00
2017.01.18 08:43:25.495,1.71017,1.71064,1.00,1.00
2017.01.18 08:43:25.989,1.71022,1.71064,1.00,1.00
2017.01.18 08:43:26.040,1.71016,1.71064,1.00,1.00
2017.01.18 08:43:27.093,1.71017,1.71064,1.00,1.00
2017.01.18 08:43:28.066,1.71016,1.71064,1.00,1.00
2017.01.18 08:43:28.576,1.71016,1.71067,1.00,1.50
2017.01.18 08:43:28.632,1.71016,1.71067,1.00,1.00
2017.01.18 08:43:28.994,1.71021,1.71067,1.00,1.00
2017.01.18 08:43:29.388,1.71021,1.71069,1.00,2.25
2017.01.18 08:43:29.517,1.71018,1.71069,1.00,3.00
2017.01.18 08:43:29.765,1.71022,1.71069,1.00,2.25
2017.01.18 08:43:29.866,1.71018,1.71069,1.00,3.00
2017.01.18 08:43:30.018,1.71016,1.71065,1.50,1.00
2017.01.18 08:43:30.370,1.71018,1.71069,1.00,2.25
2017.01.18 08:43:30.421,1.71022,1.71069,1.00,1.00
2017.01.18 08:43:30.922,1.71023,1.71069,1.00,1.00
2017.01.18 08:43:31.759,1.71021,1.71069,1.50,1.00
2017.01.18 08:43:31.860,1.7102,1.71066,1.00,1.00
2017.01.18 08:43:31.911,1.7102,1.71068,1.00,1.00
2017.01.18 08:43:31.961,1.71022,1.71069,1.00,1.00
2017.01.18 08:43:32.163,1.71019,1.71069,1.00,1.50
2017.01.18 08:43:32.468,1.71022,1.71069,1.00,1.50
2017.01.18 08:43:32.842,1.71032,1.71069,1.00,1.00
2017.01.18 08:43:32.943,1.71032,1.71078,1.00,1.00
2017.01.18 08:43:33.045,1.71032,1.7108,1.00,1.00
2017.01.18 08:43:33.146,1.71035,1.71083,1.00,1.12
2017.01.18 08:43:33.348,1.71033,1.71083,1.00,1.12
2017.01.18 08:43:33.854,1.71034,1.71084,1.00,1.00
2017.01.18 08:43:34.427,1.71034,1.71083,1.00,1.00
2017.01.18 08:43:34.575,1.71034,1.71085,1.00,1.50
2017.01.18 08:43:34.727,1.71034,1.71083,1.00,1.00
2017.01.18 08:43:35.068,1.71032,1.71083,1.50,1.00
2017.01.18 08:43:35.665,1.71032,1.71082,1.50,1.00
2017.01.18 08:43:36.228,1.71033,1.71082,1.00,1.50
2017.01.18 08:43:36.608,1.71034,1.71084,1.00,1.00
2017.01.18 08:43:36.659,1.71038,1.71084,1.00,1.00
2017.01.18 08:43:36.710,1.71036,1.71086,1.00,1.00
2017.01.18 08:43:37.118,1.71037,1.71088,1.00,3.00
2017.01.18 08:43:37.169,1.71037,1.71086,1.00,1.00
2017.01.18 08:43:37.344,1.71037,1.71088,1.00,2.25
2017.01.18 08:43:37.664,1.71038,1.71086,1.00,1.00
2017.01.18 08:43:37.974,1.71031,1.71078,1.00,1.00
2017.01.18 08:43:38.075,1.71027,1.71077,1.00,1.00
2017.01.18 08:43:38.126,1.71032,1.71077,1.00,1.50
2017.01.18 08:43:38.278,1.71028,1.71076,1.00,1.00
2017.01.18 08:43:38.776,1.71031,1.71076,1.00,1.00
2017.01.18 08:43:38.877,1.71028,1.71076,1.00,1.00
2017.01.18 08:43:39.097,1.71032,1.71076,1.00,1.00
2017.01.18 08:43:39.207,1.71024,1.71073,1.00,1.00
2017.01.18 08:43:39.258,1.71024,1.71069,1.00,1.00
2017.01.18 08:43:39.308,1.71022,1.71068,1.12,1.00
2017.01.18 08:43:39.359,1.71022,1.7107,1.00,1.50
2017.01.18 08:43:39.659,1.71023,1.71068,1.00,1.00
2017.01.18 08:43:39.829,1.71023,1.7107,1.00,1.00
2017.01.18 08:43:40.665,1.71025,1.7107,1.00,1.00
2017.01.18 08:43:40.716,1.71023,1.7107,1.00,1.00
2017.01.18 08:43:41.230,1.71019,1.71069,1.00,1.00
2017.01.18 08:43:41.331,1.71016,1.71067,1.50,1.00
2017.01.18 08:43:41.382,1.71014,1.71063,1.50,1.00
2017.01.18 08:43:42.508,1.71014,1.71062,1.00,1.00
2017.01.18 08:43:43.030,1.71014,1.71061,1.00,1.00
2017.01.18 08:43:43.985,1.71014,1.7106,1.00,1.00
2017.01.18 08:43:44.187,1.71016,1.71063,1.00,1.00
2017.01.18 08:43:44.288,1.71016,1.71066,1.00,1.00
2017.01.18 08:43:44.339,1.71018,1.71068,1.00,1.00
2017.01.18 08:43:44.670,1.7102,1.71067,1.00,1.00
2017.01.18 08:43:44.821,1.71021,1.7107,1.50,1.00
2017.01.18 08:43:45.024,1.71021,1.71068,1.00,1.00
2017.01.18 08:43:45.276,1.71012,1.71061,1.00,1.50
2017.01.18 08:43:45.327,1.71011,1.71058,1.00,1.00
2017.01.18 08:43:45.713,1.71006,1.71057,1.50,1.00
2017.01.18 08:43:46.226,1.71008,1.71058,1.00,1.50
2017.01.18 08:43:46.581,1.71011,1.71057,1.00,1.00
2017.01.18 08:43:46.732,1.71009,1.71058,1.00,1.50
2017.01.18 08:43:47.316,1.7101,1.71058,1.00,1.00
2017.01.18 08:43:47.418,1.71013,1.71058,1.00,1.00
2017.01.18 08:43:47.469,1.71011,1.71058,1.00,1.00
2017.01.18 08:43:47.706,1.71013,1.71059,1.00,1.00
2017.01.18 08:43:48.286,1.71012,1.71059,1.00,1.00
2017.01.18 08:43:49.010,1.71013,1.71059,1.00,1.00
2017.01.18 08:43:49.498,1.71011,1.71058,1.00,1.00
2017.01.18 08:43:49.549,1.71013,1.71058,1.00,1.00
2017.01.18 08:43:49.599,1.71009,1.71058,1.00,1.00
2017.01.18 08:43:50.058,1.71011,1.71059,1.00,1.50
2017.01.18 08:43:50.361,1.71023,1.71065,1.37,2.25
2017.01.18 08:43:50.664,1.71035,1.71074,1.00,2.55
2017.01.18 08:43:50.922,1.71032,1.71074,1.00,2.55
2017.01.18 08:43:51.275,1.71032,1.71079,1.50,1.00
2017.01.18 08:43:51.556,1.71033,1.71081,1.00,1.00
2017.01.18 08:43:51.606,1.71035,1.71081,1.00,1.00
2017.01.18 08:43:51.909,1.71037,1.71081,1.00,1.00
2017.01.18 08:43:52.060,1.71038,1.71086,1.00,1.00
2017.01.18 08:43:52.111,1.71039,1.71088,1.00,1.50
2017.01.18 08:43:52.161,1.71041,1.71088,1.00,1.00
2017.01.18 08:43:52.522,1.71043,1.71089,1.00,1.00
2017.01.18 08:43:52.573,1.71041,1.71089,1.00,1.00
2017.01.18 08:43:52.674,1.71039,1.71089,1.00,1.37
2017.01.18 08:43:52.775,1.71036,1.71085,1.50,1.00
2017.01.18 08:43:53.083,1.71035,1.71084,1.00,1.87
2017.01.18 08:43:53.184,1.71031,1.7108,1.00,1.12
2017.01.18 08:43:53.336,1.71032,1.71081,1.00,1.87
2017.01.18 08:43:53.386,1.71026,1.71076,1.50,1.00
2017.01.18 08:43:53.538,1.71026,1.71074,1.00,1.00
2017.01.18 08:43:53.639,1.71026,1.71077,1.00,1.50
2017.01.18 08:43:53.690,1.71028,1.71077,1.00,1.50
2017.01.18 08:43:54.093,1.71028,1.71074,1.00,1.00
2017.01.18 08:43:54.574,1.71026,1.71074,1.00,1.00
2017.01.18 08:43:54.926,1.71028,1.71074,1.00,1.00
2017.01.18 08:43:55.236,1.71032,1.71078,1.00,1.00
2017.01.18 08:43:55.690,1.71037,1.71084,1.12,1.00
2017.01.18 08:43:55.741,1.71038,1.71088,1.00,1.00
2017.01.18 08:43:55.993,1.71038,1.71085,1.00,1.00
2017.01.18 08:43:56.174,1.71039,1.71088,1.00,1.00
2017.01.18 08:43:56.476,1.7104,1.71086,1.00,1.00
2017.01.18 08:43:56.577,1.71042,1.7109,1.00,1.00
2017.01.18 08:43:56.679,1.7104,1.71091,1.00,1.00
2017.01.18 08:43:57.213,1.71041,1.71091,1.00,1.00
2017.01.18 08:43:57.516,1.71044,1.71093,1.00,1.00
2017.01.18 08:43:57.818,1.71047,1.71096,1.00,1.00
2017.01.18 08:43:58.140,1.71052,1.71098,1.00,1.00
2017.01.18 08:43:58.461,1.71048,1.71092,1.00,1.00
2017.01.18 08:43:58.533,1.71044,1.71091,1.00,1.00
2017.01.18 08:43:58.583,1.71044,1.71089,1.00,1.00
2017.01.18 08:43:58.836,1.71035,1.71086,1.50,1.50
2017.01.18 08:43:59.088,1.71035,1.71083,1.00,1.00
2017.01.18 08:43:59.383,1.71037,1.71086,1.00,1.00
2017.01.18 08:44:00.033,1.71035,1.71083,1.50,1.00
2017.01.18 08:44:00.134,1.71036,1.71087,1.00,1.00
2017.01.18 08:44:00.185,1.71035,1.71084,2.25,1.00
2017.01.18 08:44:00.487,1.71032,1.7107,2.25,1.00
2017.01.18 08:44:00.538,1.71022,1.71073,2.25,1.87
2017.01.18 08:44:02.194,1.71025,1.71073,1.00,1.00
2017.01.18 08:44:02.244,1.71032,1.71073,1.00,1.00
2017.01.18 08:44:03.025,1.71028,1.71073,1.00,1.00
2017.01.18 08:44:03.076,1.71028,1.71078,1.00,1.50
2017.01.18 08:44:03.127,1.7103,1.71078,1.00,1.50
2017.01.18 08:44:03.278,1.71027,1.71078,1.50,2.25
2017.01.18 08:44:03.379,1.71029,1.71078,1.00,2.25
2017.01.18 08:44:03.913,1.71029,1.71077,1.00,1.00
2017.01.18 08:44:04.222,1.71031,1.71077,1.00,1.00
2017.01.18 08:44:04.524,1.71031,1.71075,1.00,1.00
2017.01.18 08:44:04.827,1.71031,1.71078,1.00,1.50
2017.01.18 08:44:04.967,1.71032,1.7108,1.00,1.00
2017.01.18 08:44:05.463,1.71029,1.71079,1.00,1.00
2017.01.18 08:44:05.514,1.71028,1.71077,1.00,1.00
2017.01.18 08:44:05.816,1.71032,1.71079,1.00,1.00
2017.01.18 08:44:06.226,1.71032,1.71081,1.00,1.00
2017.01.18 08:44:06.554,1.71031,1.71078,1.00,1.00
2017.01.18 08:44:06.896,1.71017,1.71068,1.75,1.50
2017.01.18 08:44:06.947,1.7102,1.71068,1.00,1.00
2017.01.18 08:44:07.605,1.71019,1.71068,1.00,1.50
2017.01.18 08:44:08.202,1.71022,1.71068,1.00,1.00
2017.01.18 08:44:09.797,1.71022,1.7107,1.00,1.00
2017.01.18 08:44:10.316,1.71022,1.71069,1.00,1.00
2017.01.18 08:44:10.467,1.71022,1.71067,1.00,1.00
2017.01.18 08:44:10.518,1.71022,1.71069,1.00,1.50
2017.01.18 08:44:11.150,1.71022,1.71068,1.00,1.00
2017.01.18 08:44:11.650,1.71017,1.71066,1.00,1.00
2017.01.18 08:44:12.225,1.71016,1.71065,1.00,1.50
2017.01.18 08:44:12.885,1.71015,1.71064,1.00,1.00
2017.01.18 08:44:13.003,1.71013,1.71061,1.00,1.00
2017.01.18 08:44:13.466,1.71011,1.7106,1.50,1.00
2017.01.18 08:44:13.984,1.71012,1.7106,1.00,1.00
2017.01.18 08:44:14.085,1.71012,1.71062,1.00,1.87
2017.01.18 08:44:14.506,1.71012,1.7106,1.00,1.00
2017.01.18 08:44:14.765,1.71013,1.71062,1.00,1.87
2017.01.18 08:44:14.867,1.71017,1.71062,1.00,1.12
2017.01.18 08:44:15.018,1.71017,1.71067,1.00,1.00
2017.01.18 08:44:15.533,1.71018,1.71067,1.00,1.00
2017.01.18 08:44:16.080,1.71018,1.71068,1.00,1.12
2017.01.18 08:44:17.431,1.71021,1.71068,1.00,1.87
2017.01.18 08:44:17.734,1.71019,1.71069,1.00,1.00
2017.01.18 08:44:18.524,1.71018,1.71068,1.00,1.00
2017.01.18 08:44:18.859,1.7102,1.71068,1.00,1.00
2017.01.18 08:44:19.491,1.71018,1.71067,1.00,1.00
2017.01.18 08:44:20.231,1.71019,1.71068,1.00,1.00
2017.01.18 08:44:20.823,1.71018,1.71069,1.00,1.50
2017.01.18 08:44:21.338,1.71019,1.71069,1.00,1.00
2017.01.18 08:44:22.201,1.71019,1.7107,1.00,1.00
2017.01.18 08:44:22.936,1.71021,1.7107,1.00,1.50
2017.01.18 08:44:24.530,1.71022,1.71071,1.00,1.00
2017.01.18 08:44:24.684,1.71022,1.71073,1.00,1.87
2017.01.18 08:44:24.734,1.71024,1.71073,1.00,1.87
2017.01.18 08:44:24.785,1.71022,1.71073,1.00,1.12
2017.01.18 08:44:24.836,1.71024,1.71073,1.00,1.12
2017.01.18 08:44:25.038,1.71025,1.71076,1.50,1.00
2017.01.18 08:44:25.669,1.71026,1.71076,1.00,1.00
2017.01.18 08:44:26.209,1.71027,1.71076,1.00,1.00
2017.01.18 08:44:26.260,1.71025,1.71077,1.00,1.00
2017.01.18 08:44:26.793,1.71026,1.71077,1.00,1.00
2017.01.18 08:44:27.913,1.71026,1.71078,1.50,1.00
2017.01.18 08:44:27.964,1.71031,1.71079,1.00,2.25
2017.01.18 08:44:28.165,1.71034,1.71085,1.00,1.00
2017.01.18 08:44:28.216,1.71034,1.71078,1.00,1.00
2017.01.18 08:44:28.418,1.71034,1.71085,1.00,1.00
2017.01.18 08:44:30.201,1.71035,1.71085,1.00,1.00
2017.01.18 08:44:31.159,1.71035,1.71086,1.00,1.00
2017.01.18 08:44:31.739,1.71036,1.71087,1.50,1.00
2017.01.18 08:44:32.439,1.71036,1.71086,1.00,1.00
2017.01.18 08:44:33.424,1.71037,1.71086,1.00,1.00
2017.01.18 08:44:33.926,1.71036,1.71078,1.00,1.00
2017.01.18 08:44:33.977,1.71033,1.71076,1.50,1.00
2017.01.18 08:44:34.179,1.71026,1.71077,1.00,1.00
2017.01.18 08:44:34.230,1.71032,1.71076,1.00,1.00
2017.01.18 08:44:34.280,1.71032,1.71078,1.00,1.00
2017.01.18 08:44:34.531,1.71028,1.71078,1.00,1.00
2017.01.18 08:44:34.633,1.7103,1.71079,1.00,1.50
2017.01.18 08:44:34.947,1.71036,1.71086,1.00,1.37
2017.01.18 08:44:34.998,1.71036,1.71088,1.00,1.00
2017.01.18 08:44:35.506,1.71037,1.71088,1.00,1.50
2017.01.18 08:44:36.014,1.71036,1.71088,1.50,1.00
2017.01.18 08:44:36.317,1.71038,1.71087,1.00,1.00
2017.01.18 08:44:36.860,1.71037,1.71089,1.00,2.25
2017.01.18 08:44:37.760,1.71039,1.71089,1.00,1.50
2017.01.18 08:44:38.488,1.71039,1.71088,1.50,1.00
2017.01.18 08:44:40.409,1.71039,1.71087,1.00,1.00
2017.01.18 08:44:43.561,1.71037,1.71087,1.37,1.00
2017.01.18 08:44:47.531,1.71036,1.71088,2.25,1.50
2017.01.18 08:44:49.051,1.71037,1.71086,1.37,1.00
2017.01.18 08:44:56.031,1.71035,1.71085,1.75,1.12
2017.01.18 08:44:56.334,1.71032,1.71079,1.37,1.37
2017.01.18 08:44:56.963,1.71032,1.71079,1.37,1.00
2017.01.18 08:44:57.498,1.71032,1.71078,1.37,1.00
2017.01.18 08:44:58.250,1.71032,1.71082,3.00,1.12
2017.01.18 08:44:58.629,1.71032,1.71082,1.37,2.62
2017.01.18 08:44:58.788,1.71031,1.71079,1.87,1.12
2017.01.18 08:44:58.889,1.71032,1.71081,1.50,1.12
2017.01.18 08:44:59.513,1.71032,1.71081,1.75,1.12
2017.01.18 08:45:00.018,1.71031,1.71081,3.75,1.37
2017.01.18 08:45:00.119,1.71031,1.71078,1.87,1.37
2017.01.18 08:45:00.321,1.71029,1.71077,1.50,1.37
2017.01.18 08:45:00.875,1.71029,1.71078,1.00,1.87
2017.01.18 08:45:01.034,1.71029,1.71067,1.00,1.37
2017.01.18 08:45:01.105,1.71017,1.71067,1.00,1.87
2017.01.18 08:45:01.187,1.71016,1.71064,1.00,1.37
2017.01.18 08:45:01.339,1.71012,1.71061,1.37,1.37
2017.01.18 08:45:01.440,1.71012,1.71061,1.37,1.00
2017.01.18 08:45:01.588,1.71013,1.71063,1.37,1.12
2017.01.18 08:45:01.794,1.71014,1.71061,1.00,1.00
2017.01.18 08:45:02.046,1.71015,1.71064,1.12,1.00
2017.01.18 08:45:02.198,1.71015,1.71066,1.00,1.00
2017.01.18 08:45:02.394,1.71013,1.71065,1.00,1.50
2017.01.18 08:45:02.875,1.71013,1.71065,1.37,1.50
2017.01.18 08:45:03.177,1.71022,1.71068,1.00,1.00
2017.01.18 08:45:03.608,1.71022,1.7107,1.00,1.50
2017.01.18 08:45:03.830,1.7102,1.71069,1.00,1.00
2017.01.18 08:45:03.931,1.71018,1.71069,1.00,1.12
2017.01.18 08:45:04.032,1.71017,1.71067,1.50,1.00
2017.01.18 08:45:04.285,1.71017,1.71069,1.50,1.87
2017.01.18 08:45:04.902,1.71017,1.71068,1.50,1.00
2017.01.18 08:45:06.201,1.71017,1.71068,1.87,1.00
2017.01.18 08:45:06.750,1.71017,1.71068,1.50,1.00
2017.01.18 08:45:08.132,1.71018,1.71068,1.00,1.00
2017.01.18 08:45:08.825,1.7102,1.71068,1.00,1.00
2017.01.18 08:45:09.262,1.7102,1.71058,1.00,1.00
2017.01.18 08:45:09.814,1.71019,1.71058,1.00,1.00
2017.01.18 08:45:09.865,1.71019,1.71069,1.00,1.50
2017.01.18 08:45:10.015,1.71019,1.71058,1.00,1.00
2017.01.18 08:45:10.116,1.71018,1.71068,1.37,1.00
2017.01.18 08:45:10.217,1.71019,1.71066,1.37,1.00
2017.01.18 08:45:10.318,1.71017,1.71067,1.50,1.37
2017.01.18 08:45:11.182,1.71017,1.71068,1.37,1.50
2017.01.18 08:45:11.573,1.71025,1.71069,1.12,1.00
2017.01.18 08:45:11.901,1.71024,1.71074,1.12,1.00
2017.01.18 08:45:15.453,1.71024,1.71074,1.37,1.00
2017.01.18 08:45:15.503,1.71026,1.71076,1.00,1.12
2017.01.18 08:45:16.045,1.71026,1.71077,1.00,1.12
2017.01.18 08:45:16.147,1.71026,1.71077,1.37,1.00
2017.01.18 08:45:16.451,1.71031,1.71079,1.00,1.00
2017.01.18 08:45:16.847,1.71031,1.71076,1.50,1.12
2017.01.18 08:45:17.504,1.71031,1.71075,1.00,1.37
2017.01.18 08:45:17.662,1.71022,1.71072,1.87,1.00
2017.01.18 08:45:18.263,1.71024,1.71072,1.87,1.00
2017.01.18 08:45:18.364,1.71026,1.71077,2.62,1.00
2017.01.18 08:45:18.465,1.71027,1.71079,1.37,1.87
2017.01.18 08:45:18.616,1.71029,1.71078,1.00,1.37
2017.01.18 08:45:18.718,1.71031,1.71079,1.12,1.00
2017.01.18 08:45:18.819,1.71033,1.71079,1.37,1.00
2017.01.18 08:45:19.021,1.71035,1.71085,1.00,1.37
2017.01.18 08:45:19.580,1.71036,1.71086,1.00,1.37
2017.01.18 08:45:19.799,1.71036,1.71085,1.00,1.37
2017.01.18 08:45:20.377,1.71035,1.71085,1.00,1.37
2017.01.18 08:45:20.781,1.71037,1.71087,1.00,2.62
2017.01.18 08:45:20.882,1.71034,1.71086,1.00,1.37
2017.01.18 08:45:25.629,1.71034,1.71084,1.00,1.87
2017.01.18 08:45:25.730,1.71033,1.71085,1.12,1.37
2017.01.18 08:45:25.831,1.71032,1.71084,1.87,1.37
2017.01.18 08:45:26.243,1.71033,1.71079,1.37,1.00
2017.01.18 08:45:26.344,1.71033,1.71079,1.12,1.00
2017.01.18 08:45:26.395,1.71033,1.71079,1.37,1.00
2017.01.18 08:45:26.446,1.71033,1.71085,1.87,1.37
2017.01.18 08:45:26.675,1.71036,1.71087,1.37,1.37
2017.01.18 08:45:26.726,1.71036,1.71087,1.12,1.12
2017.01.18 08:45:26.786,1.71036,1.71087,1.37,1.37
2017.01.18 08:45:27.688,1.71035,1.71087,1.87,1.50
2017.01.18 08:45:28.297,1.71036,1.71086,1.37,1.00
2017.01.18 08:45:28.650,1.71041,1.7109,1.00,1.50
2017.01.18 08:45:29.160,1.71043,1.71089,1.00,1.00
2017.01.18 08:45:30.191,1.71044,1.71089,1.00,1.00
2017.01.18 08:45:31.331,1.71044,1.71089,1.00,1.37
2017.01.18 08:45:31.482,1.71039,1.71091,1.50,1.87
2017.01.18 08:45:31.533,1.71039,1.71091,1.87,1.50
2017.01.18 08:45:32.213,1.71041,1.71091,1.00,1.37
2017.01.18 08:45:32.313,1.7104,1.7109,1.00,1.00
2017.01.18 08:45:32.553,1.7104,1.7109,1.00,2.62
2017.01.18 08:45:32.654,1.7104,1.71092,1.37,2.62
2017.01.18 08:45:32.844,1.71039,1.71089,1.00,1.37
2017.01.18 08:45:35.228,1.7104,1.71091,1.00,1.37
2017.01.18 08:45:37.109,1.71036,1.71086,1.50,1.37
2017.01.18 08:45:37.411,1.71036,1.71078,1.00,1.00
2017.01.18 08:45:37.462,1.71036,1.71086,1.00,1.87
2017.01.18 08:45:37.678,1.71036,1.71085,1.00,1.37
2017.01.18 08:45:37.729,1.71036,1.71085,1.00,1.12
2017.01.18 08:45:37.931,1.71036,1.71086,1.37,1.00
2017.01.18 08:45:38.083,1.71039,1.7109,1.00,1.37
2017.01.18 08:45:38.285,1.71038,1.71088,1.00,1.87
2017.01.18 08:45:38.335,1.71036,1.71088,1.87,1.87
2017.01.18 08:45:38.386,1.71036,1.71085,1.00,1.37
2017.01.18 08:45:38.726,1.71036,1.71085,1.00,1.00
2017.01.18 08:45:39.086,1.71037,1.71089,1.00,2.62
2017.01.18 08:45:39.187,1.71038,1.71089,1.37,1.00
2017.01.18 08:45:39.712,1.71038,1.71088,1.12,1.87
2017.01.18 08:45:39.831,1.71036,1.71088,1.87,1.87
2017.01.18 08:45:40.336,1.71036,1.71087,1.12,1.12
2017.01.18 08:45:40.387,1.71036,1.71085,1.37,1.12
2017.01.18 08:45:40.892,1.71036,1.71086,1.87,1.00
2017.01.18 08:45:41.504,1.71036,1.71085,1.87,1.00
2017.01.18 08:45:43.049,1.71036,1.71086,1.87,1.00
2017.01.18 08:45:44.992,1.71036,1.71086,1.00,1.37
2017.01.18 08:45:45.505,1.71036,1.71084,1.00,1.37
2017.01.18 08:45:47.733,1.71039,1.71085,1.37,1.00
2017.01.18 08:45:47.783,1.71039,1.71088,1.00,1.00
2017.01.18 08:45:48.093,1.71041,1.71088,1.00,1.00
2017.01.18 08:45:48.766,1.7104,1.7109,1.00,1.87
2017.01.18 08:45:51.713,1.7104,1.7109,1.00,2.62
2017.01.18 08:45:53.262,1.71038,1.7109,1.00,2.62
2017.01.18 08:45:53.459,1.71038,1.7109,1.00,4.12
2017.01.18 08:45:53.776,1.71026,1.71076,1.00,1.87
2017.01.18 08:45:54.314,1.71026,1.71075,1.37,1.00
2017.01.18 08:45:54.415,1.71027,1.71075,1.12,1.00
2017.01.18 08:45:54.789,1.71028,1.71079,1.37,1.00
2017.01.18 08:45:55.091,1.71035,1.71083,2.25,1.00
2017.01.18 08:45:55.415,1.71039,1.71087,1.00,1.12
2017.01.18 08:45:55.837,1.71036,1.71078,1.00,1.00
2017.01.18 08:45:55.989,1.71029,1.71077,1.50,1.00
2017.01.18 08:45:56.090,1.71029,1.71078,1.37,1.50
2017.01.18 08:45:56.486,1.71034,1.71078,1.37,1.00
2017.01.18 08:45:56.536,1.71035,1.71085,1.00,2.25
2017.01.18 08:45:56.638,1.71034,1.71085,1.00,1.75
2017.01.18 08:45:56.739,1.71035,1.71079,1.00,1.00
2017.01.18 08:45:56.940,1.71036,1.71083,1.00,1.00
2017.01.18 08:45:57.732,1.71036,1.71086,1.37,1.87
2017.01.18 08:45:58.242,1.71039,1.71089,1.37,2.25
2017.01.18 08:45:58.545,1.7105,1.71097,1.00,2.55
2017.01.18 08:45:59.683,1.7105,1.711,1.00,1.37
2017.01.18 08:46:00.212,1.7105,1.71098,1.00,1.50
2017.01.18 08:46:00.431,1.7105,1.71098,1.87,1.00
2017.01.18 08:46:00.532,1.71054,1.71103,1.12,1.00
2017.01.18 08:46:00.582,1.71055,1.71103,2.62,1.00
2017.01.18 08:46:00.633,1.71059,1.71106,1.37,1.00
2017.01.18 08:46:00.734,1.71058,1.71108,1.37,1.00
2017.01.18 08:46:01.013,1.71058,1.71108,1.00,1.00
2017.01.18 08:46:01.339,1.71063,1.71108,2.62,1.00
2017.01.18 08:46:01.390,1.71063,1.71115,2.62,1.37
2017.01.18 08:46:01.441,1.71063,1.71115,2.25,1.37
2017.01.18 08:46:01.518,1.71064,1.71116,1.00,1.87
2017.01.18 08:46:01.720,1.71063,1.71112,1.50,1.37
2017.01.18 08:46:01.822,1.71063,1.71111,1.00,1.12
2017.01.18 08:46:02.347,1.71061,1.71113,1.50,1.87
2017.01.18 08:46:05.819,1.7106,1.71111,1.00,1.12
2017.01.18 08:46:08.168,1.7106,1.71111,1.00,1.37
2017.01.18 08:46:08.269,1.71059,1.71109,1.00,1.12
2017.01.18 08:46:08.320,1.71062,1.71109,1.00,1.12
2017.01.18 08:46:08.572,1.71063,1.71113,1.12,1.50
2017.01.18 08:46:08.623,1.71064,1.71113,1.37,1.00
2017.01.18 08:46:08.939,1.71072,1.71118,1.37,1.00
2017.01.18 08:46:09.550,1.71073,1.71123,1.00,1.87
2017.01.18 08:46:10.409,1.71072,1.71118,1.00,1.00
2017.01.18 08:46:10.835,1.7107,1.71117,1.00,2.62
2017.01.18 08:46:10.885,1.7107,1.71115,1.00,1.37
2017.01.18 08:46:10.936,1.7107,1.71114,1.00,1.37
2017.01.18 08:46:11.243,1.71057,1.71106,1.75,2.62
2017.01.18 08:46:11.345,1.71056,1.71108,1.00,1.37
2017.01.18 08:46:11.547,1.71059,1.71109,1.00,1.87
2017.01.18 08:46:11.871,1.71057,1.71106,1.00,1.37
2017.01.18 08:46:11.972,1.71057,1.71107,1.00,1.12
2017.01.18 08:46:12.334,1.71058,1.7111,1.37,1.50
2017.01.18 08:46:12.638,1.71053,1.71105,1.00,2.62
2017.01.18 08:46:12.790,1.71052,1.71104,1.12,1.12
2017.01.18 08:46:12.841,1.71056,1.71105,1.00,1.12
2017.01.18 08:46:13.162,1.71062,1.71112,1.00,1.87
2017.01.18 08:46:13.466,1.7106,1.71109,1.00,1.00
2017.01.18 08:46:13.632,1.71059,1.71108,1.00,2.62
2017.01.18 08:46:13.984,1.71056,1.71105,1.00,1.87
2017.01.18 08:46:14.035,1.71056,1.71106,1.00,1.37
2017.01.18 08:46:14.222,1.71054,1.71102,1.00,1.37
2017.01.18 08:46:14.273,1.71051,1.71102,1.00,1.37
2017.01.18 08:46:14.450,1.71052,1.71102,1.37,1.00
2017.01.18 08:46:14.916,1.7106,1.71108,1.00,1.00
2017.01.18 08:46:15.213,1.71061,1.71113,1.00,1.87
2017.01.18 08:46:15.387,1.71061,1.71113,1.00,1.87
2017.01.18 08:46:15.438,1.71065,1.71113,1.00,1.37
2017.01.18 08:46:15.770,1.71065,1.71109,1.00,1.00
2017.01.18 08:46:16.094,1.71065,1.71114,1.00,1.12
2017.01.18 08:46:16.145,1.71067,1.71114,1.00,1.37
2017.01.18 08:46:16.549,1.71065,1.71113,1.00,1.87
2017.01.18 08:46:17.092,1.71064,1.71113,1.00,1.12
2017.01.18 08:46:17.142,1.71066,1.71113,1.00,1.00
2017.01.18 08:46:17.193,1.71064,1.71113,1.00,1.00
2017.01.18 08:46:17.244,1.71064,1.71113,1.00,1.37
2017.01.18 08:46:17.771,1.71063,1.71111,1.00,1.00
2017.01.18 08:46:18.173,1.7106,1.71108,1.37,1.00
2017.01.18 08:46:18.426,1.71059,1.71108,1.00,1.00
2017.01.18 08:46:18.799,1.71055,1.71103,1.00,1.12
2017.01.18 08:46:19.102,1.7105,1.71097,1.12,1.00
2017.01.18 08:46:19.646,1.71047,1.71095,1.75,1.00
2017.01.18 08:46:20.177,1.71046,1.71094,1.75,1.00
2017.01.18 08:46:20.364,1.71047,1.71094,1.00,1.00
2017.01.18 08:46:20.947,1.71047,1.71095,1.00,1.00
2017.01.18 08:46:21.591,1.71047,1.71094,1.00,1.00
2017.01.18 08:46:22.179,1.71048,1.71094,1.00,1.00
2017.01.18 08:46:22.959,1.71048,1.71095,1.00,1.00
2017.01.18 08:46:23.196,1.71045,1.71095,1.00,1.12
2017.01.18 08:46:23.246,1.71043,1.71088,1.50,1.00
2017.01.18 08:46:23.768,1.71043,1.71089,1.00,1.37
2017.01.18 08:46:23.969,1.71035,1.71082,1.00,1.12
2017.01.18 08:46:24.020,1.71035,1.71078,1.00,1.37
2017.01.18 08:46:24.071,1.71027,1.71078,1.00,1.87
2017.01.18 08:46:24.121,1.71031,1.7108,1.00,1.37
2017.01.18 08:46:24.222,1.71029,1.7108,1.00,1.37
2017.01.18 08:46:24.273,1.71027,1.71079,1.87,1.37
2017.01.18 08:46:24.323,1.71027,1.71076,1.00,1.37
2017.01.18 08:46:24.525,1.71023,1.71073,1.37,1.00
2017.01.18 08:46:24.853,1.71023,1.71075,1.00,1.87
2017.01.18 08:46:25.121,1.71026,1.71075,1.37,1.00
2017.01.18 08:46:25.171,1.71027,1.71078,1.12,1.00
2017.01.18 08:46:25.272,1.71029,1.71078,1.00,1.00
2017.01.18 08:46:25.623,1.7103,1.71079,1.37,1.00
2017.01.18 08:46:26.160,1.71028,1.71078,1.37,1.00
2017.01.18 08:46:27.294,1.71027,1.71079,1.37,1.00
2017.01.18 08:46:27.344,1.71028,1.71079,1.37,1.00
2017.01.18 08:46:28.169,1.71028,1.71078,1.87,1.00
2017.01.18 08:46:28.894,1.71029,1.71079,1.12,1.50
2017.01.18 08:46:30.279,1.71029,1.71079,1.12,1.87
2017.01.18 08:46:30.330,1.71028,1.71078,1.50,1.37
2017.01.18 08:46:31.071,1.71027,1.71077,1.00,1.37
2017.01.18 08:46:31.799,1.71028,1.71078,1.00,1.37
2017.01.18 08:46:32.102,1.7102,1.71072,1.50,1.37
2017.01.18 08:46:32.152,1.7102,1.71066,1.00,1.87
2017.01.18 08:46:32.304,1.71011,1.71058,2.62,1.00
2017.01.18 08:46:32.506,1.71013,1.71061,1.37,1.00
2017.01.18 08:46:32.607,1.71013,1.71063,1.87,1.87
2017.01.18 08:46:32.658,1.71013,1.71063,1.87,1.87
2017.01.18 08:46:33.077,1.71016,1.71066,1.00,2.62
2017.01.18 08:46:33.128,1.71016,1.71066,1.00,2.62
2017.01.18 08:46:33.351,1.71014,1.71066,1.00,2.62
2017.01.18 08:46:33.891,1.71015,1.71066,1.00,1.87
2017.01.18 08:46:34.158,1.71017,1.71066,1.00,1.87
2017.01.18 08:46:34.564,1.7102,1.71066,1.37,1.00
2017.01.18 08:46:34.713,1.71022,1.71071,1.00,1.00
2017.01.18 08:46:34.915,1.71023,1.71071,1.37,1.00
2017.01.18 08:46:35.016,1.71023,1.71074,1.00,1.12
2017.01.18 08:46:35.539,1.71025,1.71074,1.00,1.00
2017.01.18 08:46:35.710,1.71028,1.71078,1.00,1.12
2017.01.18 08:46:35.862,1.71028,1.71078,1.00,1.37
2017.01.18 08:46:36.014,1.71028,1.7108,1.00,2.25
2017.01.18 08:46:36.394,1.7103,1.7108,1.37,1.87
2017.01.18 08:46:36.698,1.71037,1.71086,1.37,1.75
2017.01.18 08:46:37.001,1.71047,1.71093,1.00,2.55
2017.01.18 08:46:37.354,1.71049,1.71098,1.00,1.37
2017.01.18 08:46:37.638,1.7105,1.71098,1.00,2.62
2017.01.18 08:46:38.170,1.7105,1.71098,1.00,1.37
2017.01.18 08:46:38.667,1.71048,1.71099,1.50,2.62
2017.01.18 08:46:39.710,1.71048,1.71098,1.00,1.37
2017.01.18 08:46:39.761,1.71043,1.71088,1.00,1.12
2017.01.18 08:46:39.862,1.7104,1.71088,1.12,1.00
2017.01.18 08:46:39.913,1.71044,1.71088,1.00,1.00
2017.01.18 08:46:39.964,1.71044,1.71093,1.00,1.12
2017.01.18 08:46:40.014,1.71047,1.71093,1.00,1.12
2017.01.18 08:46:40.216,1.71045,1.71097,1.00,1.37
2017.01.18 08:46:40.267,1.71047,1.71096,1.00,1.37
2017.01.18 08:46:40.585,1.7105,1.71098,1.00,2.25
2017.01.18 08:46:40.894,1.71052,1.71098,1.00,2.25
2017.01.18 08:46:41.313,1.7105,1.71098,1.50,1.50
2017.01.18 08:46:41.778,1.7105,1.71098,1.00,1.50
2017.01.18 08:46:41.879,1.7105,1.71098,1.00,1.50
2017.01.18 08:46:41.930,1.71052,1.71098,1.00,1.12
2017.01.18 08:46:41.981,1.71049,1.71098,1.50,2.25
2017.01.18 08:46:42.132,1.71049,1.71099,1.37,1.37
2017.01.18 08:46:42.284,1.71053,1.71105,1.00,1.87
2017.01.18 08:46:42.335,1.71055,1.71106,1.00,2.62
2017.01.18 08:46:42.875,1.71056,1.71106,1.00,1.37
2017.01.18 08:46:43.456,1.71056,1.71107,1.00,1.37
2017.01.18 08:46:44.180,1.71056,1.71107,1.00,1.37
2017.01.18 08:46:44.612,1.71056,1.71106,1.00,1.00
2017.01.18 08:46:44.663,1.71055,1.71106,1.00,1.87
2017.01.18 08:46:44.818,1.71055,1.71107,1.00,1.37
2017.01.18 08:46:45.080,1.71054,1.71102,1.00,1.00
2017.01.18 08:46:45.632,1.71054,1.71101,1.00,1.12
2017.01.18 08:46:45.841,1.71054,1.71104,1.50,1.12
2017.01.18 08:46:46.363,1.71056,1.71104,1.00,1.00
2017.01.18 08:46:46.907,1.71056,1.71106,1.00,1.37
2017.01.18 08:46:47.618,1.71056,1.71099,1.00,1.00
2017.01.18 08:46:47.719,1.71056,1.71106,1.00,1.37
2017.01.18 08:46:48.117,1.71056,1.71099,1.00,1.00
2017.01.18 08:46:48.168,1.71052,1.71098,1.50,1.37
2017.01.18 08:46:48.269,1.7105,1.71098,1.00,2.62
2017.01.18 08:46:48.320,1.7105,1.71098,1.00,1.37
2017.01.18 08:46:48.421,1.71049,1.71098,1.00,1.37
2017.01.18 08:46:48.573,1.7105,1.71099,1.00,3.37
2017.01.18 08:46:48.624,1.7105,1.71099,1.00,1.50
2017.01.18 08:46:48.675,1.71052,1.71099,1.00,1.50
2017.01.18 08:46:48.977,1.71054,1.71103,1.00,1.37
2017.01.18 08:46:49.028,1.71052,1.71104,1.00,1.37
2017.01.18 08:46:49.569,1.71045,1.71094,1.37,1.37
2017.01.18 08:46:49.721,1.71043,1.71088,1.00,1.00
2017.01.18 08:46:49.873,1.71044,1.71093,1.00,1.00
2017.01.18 08:46:50.074,1.71047,1.71094,1.00,1.12
2017.01.18 08:46:50.327,1.71047,1.71096,1.50,1.00
2017.01.18 08:46:50.428,1.71047,1.71096,1.50,1.37
2017.01.18 08:46:50.921,1.71044,1.71095,1.00,1.87
2017.01.18 08:46:51.193,1.71044,1.71095,1.00,3.37
2017.01.18 08:46:51.589,1.71042,1.71092,1.50,1.37
2017.01.18 08:46:51.640,1.71043,1.71091,1.00,1.87
2017.01.18 08:46:51.691,1.71043,1.71093,1.00,1.87
2017.01.18 08:46:53.084,1.71043,1.71093,1.00,3.37
2017.01.18 08:46:53.337,1.71042,1.7109,1.00,1.12
2017.01.18 08:46:53.438,1.71036,1.71085,1.75,1.37
2017.01.18 08:46:53.540,1.71038,1.71087,1.50,1.37
2017.01.18 08:46:53.641,1.71038,1.71087,1.00,1.00
2017.01.18 08:46:53.742,1.71037,1.71087,1.00,1.37
2017.01.18 08:46:54.279,1.71039,1.71086,1.00,1.37
2017.01.18 08:46:54.821,1.7104,1.71086,1.00,1.12
2017.01.18 08:46:55.140,1.7104,1.71086,1.00,1.37
2017.01.18 08:46:55.190,1.71037,1.71086,1.50,1.37
2017.01.18 08:46:55.241,1.71037,1.71086,1.50,1.12
2017.01.18 08:46:56.266,1.71038,1.71086,1.00,1.37
2017.01.18 08:46:56.368,1.71032,1.71083,1.00,1.37
2017.01.18 08:46:56.418,1.71031,1.71071,1.00,1.37
2017.01.18 08:46:56.519,1.7102,1.71069,1.00,1.50
2017.01.18 08:46:56.570,1.71018,1.71069,1.00,1.50
2017.01.18 08:46:56.621,1.71022,1.71069,1.00,1.37
2017.01.18 08:46:56.923,1.71022,1.71066,1.00,1.37
2017.01.18 08:46:57.423,1.71016,1.71067,2.62,1.37
2017.01.18 08:46:58.413,1.7102,1.71068,1.00,1.87
2017.01.18 08:46:58.464,1.71021,1.71068,1.00,1.37
2017.01.18 08:46:58.565,1.71021,1.71072,1.50,1.37
2017.01.18 08:46:58.616,1.71023,1.71072,1.00,1.37
2017.01.18 08:46:59.678,1.71021,1.71071,1.00,1.37
2017.01.18 08:46:59.912,1.71022,1.7107,1.00,1.37
2017.01.18 08:47:00.416,1.71021,1.71068,1.00,1.87
2017.01.18 08:47:00.719,1.71042,1.71084,1.00,1.75
2017.01.18 08:47:00.904,1.71042,1.71085,1.00,1.50
2017.01.18 08:47:01.421,1.71042,1.71085,1.00,1.37
2017.01.18 08:47:01.623,1.71042,1.71088,1.00,1.87
2017.01.18 08:47:01.674,1.71042,1.71091,1.00,2.62
2017.01.18 08:47:01.724,1.71042,1.71091,1.00,1.37
2017.01.18 08:47:02.050,1.71044,1.71092,1.00,2.62
2017.01.18 08:47:02.101,1.71044,1.71092,1.00,1.00
2017.01.18 08:47:02.605,1.71044,1.71094,1.00,1.37
2017.01.18 08:47:03.266,1.71044,1.7109,1.00,1.87
2017.01.18 08:47:03.316,1.71044,1.71091,1.00,1.37
2017.01.18 08:47:03.679,1.71044,1.71093,1.50,1.87
2017.01.18 08:47:03.831,1.71044,1.71092,1.50,1.87
2017.01.18 08:47:05.578,1.71044,1.71093,1.50,1.87
2017.01.18 08:47:06.898,1.71051,1.71091,1.00,1.00
2017.01.18 08:47:07.000,1.71051,1.71093,1.00,1.00
2017.01.18 08:47:07.888,1.71051,1.71093,1.37,1.00
2017.01.18 08:47:07.989,1.71051,1.71093,3.37,1.00
2017.01.18 08:47:08.380,1.71061,1.71093,1.12,1.00
2017.01.18 08:47:13.939,1.71061,1.71093,1.37,1.00
2017.01.18 08:47:14.040,1.71061,1.71093,1.37,1.00
2017.01.18 08:47:15.910,1.71061,1.71093,1.00,1.00
2017.01.18 08:47:16.061,1.71071,1.71093,1.00,1.00
2017.01.18 08:47:16.917,1.71061,1.71093,1.50,1.00
2017.01.18 08:47:17.406,1.71055,1.71093,1.00,1.00
2017.01.18 08:47:17.811,1.71053,1.71093,1.12,1.00
2017.01.18 08:47:18.182,1.71062,1.71093,1.00,1.00
2017.01.18 08:47:18.383,1.71062,1.71106,1.00,1.37
2017.01.18 08:47:18.485,1.71065,1.71108,1.00,1.37
2017.01.18 08:47:18.586,1.71064,1.71108,1.00,1.12
2017.01.18 08:47:18.686,1.71061,1.71108,1.00,1.00
2017.01.18 08:47:18.737,1.71063,1.71111,1.00,1.37
2017.01.18 08:47:19.085,1.71063,1.71111,1.00,1.37
2017.01.18 08:47:19.662,1.71072,1.71113,1.00,1.37
2017.01.18 08:47:19.764,1.71072,1.71115,1.00,1.37
2017.01.18 08:47:19.814,1.71072,1.71115,1.00,1.37
2017.01.18 08:47:20.016,1.71072,1.71115,1.00,1.37
2017.01.18 08:47:20.527,1.71072,1.71118,1.00,1.37
2017.01.18 08:47:20.912,1.71072,1.71118,1.00,2.62
2017.01.18 08:47:21.482,1.71072,1.71117,1.00,1.87
2017.01.18 08:47:21.654,1.71068,1.71117,1.00,1.87
2017.01.18 08:47:21.766,1.71068,1.71115,1.00,1.87
2017.01.18 08:47:22.068,1.71072,1.71114,1.00,1.37
2017.01.18 08:47:22.316,1.71062,1.71107,1.00,1.87
2017.01.18 08:47:22.518,1.71062,1.71109,1.00,1.37
2017.01.18 08:47:22.720,1.71062,1.7111,1.00,1.37
2017.01.18 08:47:23.116,1.71062,1.7111,1.00,1.37
2017.01.18 08:47:23.217,1.71064,1.71112,1.00,2.62
2017.01.18 08:47:23.384,1.71062,1.71112,1.00,2.62
2017.01.18 08:47:23.743,1.71062,1.71107,1.00,1.87
2017.01.18 08:47:23.968,1.71058,1.71105,1.00,1.87
2017.01.18 08:47:24.019,1.71058,1.71108,1.00,2.62
2017.01.18 08:47:24.182,1.7106,1.71109,1.00,1.37
2017.01.18 08:47:24.503,1.71062,1.71109,1.00,1.87
2017.01.18 08:47:24.705,1.71053,1.71101,1.00,1.37
2017.01.18 08:47:24.907,1.71054,1.71102,1.12,1.00
2017.01.18 08:47:24.958,1.71061,1.71102,1.00,1.50
2017.01.18 08:47:25.008,1.71053,1.71101,1.00,1.00
2017.01.18 08:47:25.109,1.71055,1.71103,1.00,1.37
2017.01.18 08:47:25.446,1.71052,1.711,1.00,1.37
2017.01.18 08:47:25.688,1.71053,1.71101,1.00,1.12
2017.01.18 08:47:25.738,1.71062,1.71101,1.00,1.00
2017.01.18 08:47:25.789,1.71062,1.71109,1.87,1.00
2017.01.18 08:47:25.840,1.71064,1.71112,1.00,2.25
2017.01.18 08:47:26.213,1.71064,1.71112,1.00,1.75
2017.01.18 08:47:26.762,1.71063,1.71113,1.00,3.37
2017.01.18 08:47:27.194,1.71063,1.71111,1.00,2.25
2017.01.18 08:47:27.415,1.71063,1.71113,1.00,3.37
2017.01.18 08:47:28.007,1.71063,1.71112,1.00,1.75
2017.01.18 08:47:28.212,1.71063,1.71112,1.00,1.75
2017.01.18 08:47:28.714,1.71072,1.71112,1.00,1.75
2017.01.18 08:47:28.914,1.71063,1.71112,1.00,1.75
2017.01.18 08:47:28.965,1.71063,1.71111,1.00,2.25
2017.01.18 08:47:30.121,1.71063,1.71112,1.00,1.75
2017.01.18 08:47:31.340,1.71062,1.71111,1.50,1.87
2017.01.18 08:47:31.441,1.71062,1.71111,1.50,3.37
2017.01.18 08:47:31.966,1.71062,1.71111,1.50,1.87
2017.01.18 08:47:32.017,1.71064,1.71111,1.00,1.37
2017.01.18 08:47:32.390,1.71071,1.71111,1.00,1.37
2017.01.18 08:47:32.710,1.71071,1.71112,1.00,1.00
2017.01.18 08:47:32.811,1.71072,1.71117,1.00,1.12
2017.01.18 08:47:33.014,1.71071,1.71117,1.00,1.37
2017.01.18 08:47:34.739,1.71072,1.71118,1.00,1.37
2017.01.18 08:47:35.251,1.71071,1.71118,1.00,1.37
2017.01.18 08:47:35.450,1.71071,1.71118,1.00,1.37
2017.01.18 08:47:36.132,1.71072,1.71119,1.00,1.37
2017.01.18 08:47:38.112,1.71072,1.71117,1.00,1.37
2017.01.18 08:47:38.415,1.71072,1.71113,1.00,1.37
2017.01.18 08:47:38.828,1.71066,1.71113,1.00,1.37
2017.01.18 08:47:39.018,1.71066,1.71113,1.00,2.62
2017.01.18 08:47:39.321,1.71061,1.71107,1.00,1.87
2017.01.18 08:47:39.624,1.71061,1.71106,1.00,1.00
2017.01.18 08:47:39.827,1.71062,1.71108,1.12,1.00
2017.01.18 08:47:40.394,1.71072,1.71108,1.00,1.00
2017.01.18 08:47:40.569,1.71062,1.71108,1.00,1.00
2017.01.18 08:47:44.041,1.71062,1.71109,1.00,1.12
2017.01.18 08:47:44.578,1.71062,1.71111,1.50,1.37
2017.01.18 08:47:45.341,1.71062,1.71108,1.00,1.87
2017.01.18 08:47:45.492,1.71052,1.711,1.00,1.37
2017.01.18 08:47:45.694,1.71051,1.71094,1.00,1.37
2017.01.18 08:47:45.745,1.71045,1.71091,1.37,1.37
2017.01.18 08:47:45.947,1.71042,1.71089,1.00,1.00
2017.01.18 08:47:46.098,1.71042,1.71087,1.00,1.00
2017.01.18 08:47:46.404,1.71052,1.71085,1.00,1.00
2017.01.18 08:47:46.505,1.71052,1.71087,1.00,1.87
2017.01.18 08:47:47.116,1.71052,1.71088,1.00,1.87
2017.01.18 08:47:47.256,1.71052,1.71087,1.00,1.37
2017.01.18 08:47:49.064,1.71052,1.71085,1.00,1.37
2017.01.18 08:47:49.114,1.71051,1.71088,1.00,1.50
2017.01.18 08:47:49.216,1.71041,1.71088,1.00,1.37
2017.01.18 08:47:49.317,1.71041,1.71088,1.50,1.37
2017.01.18 08:47:49.960,1.71042,1.71089,1.00,1.87
2017.01.18 08:47:50.011,1.71042,1.71089,1.00,1.50
2017.01.18 08:47:50.323,1.71039,1.71086,1.00,1.12
2017.01.18 08:47:50.626,1.71041,1.71085,1.00,1.00
2017.01.18 08:47:50.727,1.71039,1.71086,1.00,1.37
2017.01.18 08:47:50.829,1.71037,1.71086,1.00,1.37
2017.01.18 08:47:50.930,1.71035,1.71084,1.12,1.37
2017.01.18 08:47:51.299,1.71035,1.71082,1.12,1.37
2017.01.18 08:47:51.451,1.71031,1.7108,1.87,1.00
2017.01.18 08:47:51.502,1.71033,1.71082,1.12,1.00
2017.01.18 08:47:52.052,1.71034,1.71081,1.00,1.00
2017.01.18 08:47:52.327,1.71041,1.71084,1.00,1.00
2017.01.18 08:47:52.378,1.71041,1.71086,1.00,1.00
2017.01.18 08:47:52.938,1.71042,1.71087,1.00,1.37
2017.01.18 08:47:54.598,1.71042,1.71086,1.00,1.37
2017.01.18 08:47:54.649,1.71038,1.71087,1.00,1.37
2017.01.18 08:47:54.700,1.71038,1.71087,1.00,1.37
2017.01.18 08:47:55.026,1.71025,1.71072,1.00,1.37
2017.01.18 08:47:55.077,1.71026,1.71074,1.00,1.12
2017.01.18 08:47:55.127,1.71032,1.71074,1.00,1.12
2017.01.18 08:47:55.228,1.71031,1.71077,1.00,1.00
2017.01.18 08:47:55.481,1.71042,1.71077,1.00,1.00
2017.01.18 08:47:58.781,1.71031,1.71077,1.00,1.00
2017.01.18 08:47:59.059,1.71042,1.7108,1.00,2.25
2017.01.18 08:47:59.110,1.71042,1.7108,1.00,1.12
2017.01.18 08:47:59.211,1.71042,1.71082,1.00,1.00
2017.01.18 08:47:59.363,1.71041,1.71082,1.00,1.37
2017.01.18 08:48:00.782,1.71033,1.71082,1.00,1.37
2017.01.18 08:48:00.947,1.71042,1.71082,1.00,1.37
2017.01.18 08:48:01.478,1.71042,1.71082,1.00,1.37
2017.01.18 08:48:02.556,1.71041,1.71082,1.00,1.37
2017.01.18 08:48:03.030,1.71041,1.71082,1.00,1.37
2017.01.18 08:48:03.411,1.71042,1.71082,1.00,2.62
2017.01.18 08:48:03.614,1.71033,1.7108,1.00,1.37
2017.01.18 08:48:03.755,1.71033,1.71078,1.00,1.87
2017.01.18 08:48:04.058,1.71031,1.71074,1.00,1.87
2017.01.18 08:48:04.614,1.71031,1.71073,1.00,1.87
2017.01.18 08:48:05.209,1.71032,1.71073,1.00,1.37
2017.01.18 08:48:06.026,1.71032,1.7107,1.00,1.00
2017.01.18 08:48:06.536,1.71031,1.7107,1.00,1.12
2017.01.18 08:48:08.026,1.71032,1.71071,1.00,1.37
2017.01.18 08:48:10.145,1.71032,1.71071,1.00,1.12
2017.01.18 08:48:10.794,1.71031,1.71071,1.00,1.12
2017.01.18 08:48:11.712,1.71031,1.71061,1.00,1.00
2017.01.18 08:48:11.914,1.71021,1.71055,1.00,1.12
2017.01.18 08:48:11.964,1.71021,1.71053,1.00,1.00
2017.01.18 08:48:12.015,1.71012,1.71049,1.00,1.00
2017.01.18 08:48:12.526,1.71011,1.71048,1.00,1.12
2017.01.18 08:48:13.051,1.71011,1.71047,1.00,1.12
2017.01.18 08:48:13.586,1.71012,1.7105,1.00,1.00
2017.01.18 08:48:13.940,1.71021,1.7105,1.00,1.00
2017.01.18 08:48:14.377,1.71022,1.71065,1.00,1.87
2017.01.18 08:48:14.429,1.71022,1.71065,1.00,1.12
2017.01.18 08:48:15.980,1.71022,1.71064,1.00,1.87
2017.01.18 08:48:16.030,1.71022,1.71065,1.00,1.87
2017.01.18 08:48:16.081,1.71022,1.71058,1.00,1.00
2017.01.18 08:48:16.397,1.71024,1.71067,1.12,1.75
2017.01.18 08:48:16.786,1.71023,1.71067,1.00,1.00
2017.01.18 08:48:18.176,1.71022,1.71067,1.00,1.00
2017.01.18 08:48:18.873,1.71023,1.71067,1.00,1.12
2017.01.18 08:48:20.211,1.71022,1.71068,1.00,1.37
2017.01.18 08:48:20.634,1.71034,1.71069,1.00,1.37
2017.01.18 08:48:20.735,1.71034,1.7107,1.00,1.50
2017.01.18 08:48:20.956,1.71031,1.7107,1.00,1.50
2017.01.18 08:48:21.576,1.7103,1.7107,1.00,1.50
2017.01.18 08:48:23.010,1.71029,1.7107,1.00,1.50
2017.01.18 08:48:23.654,1.71028,1.7107,1.00,1.00
2017.01.18 08:48:25.213,1.71028,1.7107,1.00,1.37
2017.01.18 08:48:25.314,1.71027,1.7107,1.00,1.00
2017.01.18 08:48:25.415,1.71024,1.71069,1.00,2.62
2017.01.18 08:48:25.546,1.7102,1.71064,1.00,1.12
2017.01.18 08:48:25.596,1.71017,1.71058,1.00,1.00
2017.01.18 08:48:25.953,1.71021,1.71058,1.00,1.00
2017.01.18 08:48:26.188,1.7102,1.71063,1.12,1.00
2017.01.18 08:48:26.238,1.71022,1.71063,1.00,1.00
2017.01.18 08:48:26.390,1.71023,1.71068,1.00,1.00
2017.01.18 08:48:26.591,1.71025,1.71068,1.00,1.00
2017.01.18 08:48:26.793,1.71023,1.71068,1.00,1.12
2017.01.18 08:48:26.894,1.71021,1.71068,1.50,1.37
2017.01.18 08:48:26.945,1.71023,1.71068,1.00,1.37
2017.01.18 08:48:27.046,1.71021,1.71068,1.50,1.37
2017.01.18 08:48:27.476,1.71021,1.71065,1.50,1.37
2017.01.18 08:48:27.903,1.71021,1.71066,1.50,1.00
2017.01.18 08:48:28.248,1.71023,1.71066,1.00,1.00
2017.01.18 08:48:28.299,1.71024,1.71068,1.00,1.00
2017.01.18 08:48:28.450,1.71026,1.71071,1.00,1.37
2017.01.18 08:48:28.501,1.71026,1.71072,1.00,1.37
2017.01.18 08:48:28.702,1.71035,1.71074,1.00,1.12
2017.01.18 08:48:28.904,1.71037,1.71081,1.00,1.00
2017.01.18 08:48:28.955,1.71039,1.71081,1.00,1.00
2017.01.18 08:48:29.580,1.71037,1.71081,1.00,1.12
2017.01.18 08:48:29.631,1.71035,1.71081,1.00,2.62
2017.01.18 08:48:29.732,1.71036,1.71081,1.00,1.00
2017.01.18 08:48:31.431,1.71037,1.71081,1.00,1.00
2017.01.18 08:48:31.716,1.71041,1.71081,1.00,1.00
2017.01.18 08:48:31.917,1.71046,1.7109,1.00,1.00
2017.01.18 08:48:32.069,1.71044,1.7109,1.00,1.00
2017.01.18 08:48:32.597,1.71048,1.7109,1.00,1.00
2017.01.18 08:48:32.926,1.71058,1.71099,1.00,1.75
2017.01.18 08:48:33.434,1.71058,1.71105,1.00,1.00
2017.01.18 08:48:33.535,1.71056,1.71104,1.00,1.37
2017.01.18 08:48:33.585,1.71056,1.71105,1.00,1.12
2017.01.18 08:48:33.636,1.71056,1.71103,1.00,1.00
2017.01.18 08:48:34.139,1.71056,1.71105,1.00,1.37
2017.01.18 08:48:34.461,1.71055,1.71102,1.00,1.12
2017.01.18 08:48:34.713,1.71053,1.71102,1.00,1.87
2017.01.18 08:48:35.215,1.71057,1.71102,1.00,1.00
2017.01.18 08:48:35.518,1.71072,1.71109,1.00,1.75
2017.01.18 08:48:35.569,1.71065,1.71109,1.00,1.75
2017.01.18 08:48:35.729,1.71072,1.71115,1.00,1.75
2017.01.18 08:48:36.058,1.71068,1.71115,1.00,1.75
2017.01.18 08:48:36.209,1.71069,1.71116,1.00,1.50
2017.01.18 08:48:38.109,1.71069,1.71116,1.00,1.87
2017.01.18 08:48:38.720,1.71069,1.71116,1.00,1.50
2017.01.18 08:48:39.084,1.71071,1.71116,1.00,1.00
2017.01.18 08:48:39.235,1.71069,1.71116,1.00,1.87
2017.01.18 08:48:39.286,1.71067,1.71116,1.00,1.87
2017.01.18 08:48:39.341,1.71066,1.71115,1.00,1.37
2017.01.18 08:48:40.937,1.71066,1.71113,1.12,1.00
2017.01.18 08:48:40.988,1.71067,1.71116,1.00,1.50
2017.01.18 08:48:41.039,1.71065,1.71114,1.50,1.12
2017.01.18 08:48:41.364,1.71058,1.71107,1.00,1.00
2017.01.18 08:48:41.517,1.71059,1.71109,1.00,1.50
2017.01.18 08:48:41.643,1.71061,1.71108,1.00,1.00
2017.01.18 08:48:42.175,1.71061,1.7111,1.12,1.00
2017.01.18 08:48:42.226,1.71061,1.7111,1.00,1.37
2017.01.18 08:48:43.365,1.71064,1.71111,1.00,1.37
2017.01.18 08:48:43.919,1.71064,1.71106,1.00,1.37
2017.01.18 08:48:43.970,1.71061,1.71106,1.00,1.37
2017.01.18 08:48:44.272,1.71064,1.71106,1.00,1.00
2017.01.18 08:48:44.575,1.71075,1.71116,1.00,1.12
2017.01.18 08:48:44.626,1.71076,1.71118,1.00,1.37
2017.01.18 08:48:44.779,1.7108,1.71118,1.00,1.00
2017.01.18 08:48:44.931,1.71071,1.71118,1.50,1.37
2017.01.18 08:48:45.032,1.7107,1.71114,1.00,1.37
2017.01.18 08:48:45.245,1.71071,1.71114,1.00,1.00
2017.01.18 08:48:45.776,1.71069,1.71114,1.00,1.37
2017.01.18 08:48:45.827,1.71069,1.71114,1.00,1.00
2017.01.18 08:48:45.927,1.71071,1.71114,1.50,1.00
2017.01.18 08:48:46.331,1.71072,1.71114,1.00,1.37
2017.01.18 08:48:46.643,1.71069,1.71114,1.00,1.12
2017.01.18 08:48:46.744,1.71067,1.71114,1.00,1.12
2017.01.18 08:48:47.440,1.71068,1.71114,1.00,1.37
2017.01.18 08:48:47.743,1.71076,1.71119,1.00,1.75
2017.01.18 08:48:47.793,1.7107,1.71117,1.00,1.87
2017.01.18 08:48:47.844,1.71068,1.71111,1.00,1.00
2017.01.18 08:48:48.298,1.71064,1.71111,1.00,1.37
2017.01.18 08:48:48.548,1.71066,1.71111,1.00,1.00
2017.01.18 08:48:49.052,1.71067,1.71111,1.00,1.00
2017.01.18 08:48:49.670,1.71066,1.71111,1.00,1.00
2017.01.18 08:48:50.604,1.71065,1.71111,1.00,1.00
2017.01.18 08:48:50.907,1.71056,1.71102,1.00,1.37
2017.01.18 08:48:51.134,1.71056,1.71102,1.00,1.00
2017.01.18 08:48:51.286,1.71057,1.71104,1.00,1.87
2017.01.18 08:48:51.438,1.71059,1.71104,1.00,1.00
2017.01.18 08:48:52.037,1.71059,1.71105,1.00,1.50
2017.01.18 08:48:52.419,1.71057,1.71105,1.00,1.50
2017.01.18 08:48:52.604,1.71059,1.71105,1.00,1.50
2017.01.18 08:48:53.008,1.71057,1.71105,1.00,2.25
2017.01.18 08:48:53.181,1.71059,1.71105,1.00,1.87
2017.01.18 08:48:53.687,1.71059,1.71106,1.00,1.12
2017.01.18 08:48:57.433,1.71065,1.71114,1.00,2.25
2017.01.18 08:48:57.782,1.71069,1.71116,1.00,1.37
2017.01.18 08:48:59.220,1.71069,1.71116,1.00,1.37
2017.01.18 08:48:59.321,1.71069,1.71118,1.00,1.37
2017.01.18 08:49:00.142,1.71069,1.71108,1.00,1.00
2017.01.18 08:49:00.445,1.7105,1.71091,1.75,1.37
2017.01.18 08:49:00.546,1.71048,1.71093,1.12,1.00
2017.01.18 08:49:01.061,1.71049,1.71094,1.75,1.00
2017.01.18 08:49:01.534,1.71049,1.71094,1.00,1.00
2017.01.18 08:49:01.914,1.71052,1.71094,1.00,1.00
2017.01.18 08:49:02.116,1.71052,1.71099,1.00,1.37
2017.01.18 08:49:02.626,1.71047,1.71094,1.00,1.37
2017.01.18 08:49:02.828,1.71045,1.71094,1.00,2.62
2017.01.18 08:49:03.337,1.71047,1.71094,1.00,1.37
2017.01.18 08:49:03.643,1.71066,1.71109,1.50,1.12
2017.01.18 08:49:03.947,1.7107,1.71112,1.00,1.12
2017.01.18 08:49:04.300,1.7108,1.71122,1.00,1.75
2017.01.18 08:49:04.452,1.71077,1.71119,1.00,1.12
2017.01.18 08:49:04.553,1.71074,1.71122,1.12,1.75
2017.01.18 08:49:04.604,1.71078,1.71123,1.37,3.30
2017.01.18 08:49:04.919,1.71083,1.71123,1.00,2.55
2017.01.18 08:49:04.970,1.71083,1.7113,1.00,1.50
2017.01.18 08:49:05.071,1.71083,1.71123,1.00,1.37
2017.01.18 08:49:05.222,1.71084,1.71126,1.37,1.00
2017.01.18 08:49:05.323,1.71082,1.71128,1.00,1.87
2017.01.18 08:49:05.373,1.71085,1.71126,1.00,1.87
2017.01.18 08:49:05.424,1.7108,1.71125,1.00,2.62
2017.01.18 08:49:05.475,1.7108,1.71123,1.00,1.37
2017.01.18 08:49:05.676,1.71081,1.71127,1.00,1.00
2017.01.18 08:49:05.828,1.71074,1.71122,1.00,1.00
2017.01.18 08:49:05.979,1.71075,1.71124,1.00,1.50
2017.01.18 08:49:06.130,1.71071,1.7111,1.00,1.00
2017.01.18 08:49:06.181,1.71071,1.71115,1.00,1.00
2017.01.18 08:49:06.232,1.71071,1.71113,1.00,1.50
2017.01.18 08:49:06.564,1.71062,1.71108,1.50,1.00
2017.01.18 08:49:06.866,1.71068,1.71108,1.37,1.00
2017.01.18 08:49:07.183,1.71079,1.71124,1.00,2.55
2017.01.18 08:49:07.403,1.71079,1.71127,1.00,1.00
2017.01.18 08:49:07.587,1.71082,1.71127,1.00,1.00
2017.01.18 08:49:08.128,1.71088,1.71134,1.12,1.50
2017.01.18 08:49:08.380,1.71087,1.71134,1.00,1.00
2017.01.18 08:49:08.531,1.71084,1.71132,1.37,1.00
2017.01.18 08:49:08.861,1.71083,1.71132,1.00,1.00
2017.01.18 08:49:09.179,1.71083,1.71128,1.00,1.00
2017.01.18 08:49:09.504,1.71059,1.71108,2.25,1.00
2017.01.18 08:49:09.606,1.71059,1.71106,1.00,1.00
2017.01.18 08:49:09.808,1.71063,1.71107,1.00,1.00
2017.01.18 08:49:09.960,1.71062,1.71109,1.00,1.00
2017.01.18 08:49:10.061,1.71059,1.71108,1.00,1.50
2017.01.18 08:49:10.491,1.71061,1.71107,1.00,1.00
2017.01.18 08:49:10.806,1.71067,1.71111,1.00,1.00
2017.01.18 08:49:10.856,1.71067,1.71116,1.12,1.00
2017.01.18 08:49:10.907,1.71071,1.71117,1.00,1.12
2017.01.18 08:49:11.008,1.71071,1.7112,1.00,1.50
2017.01.18 08:49:11.059,1.71071,1.71118,1.00,1.00
2017.01.18 08:49:11.354,1.71069,1.71118,1.00,1.87
2017.01.18 08:49:11.458,1.71065,1.71109,1.50,1.37
2017.01.18 08:49:11.760,1.71051,1.71098,1.75,1.50
2017.01.18 08:49:11.900,1.71051,1.71098,1.00,1.00
2017.01.18 08:49:12.001,1.71048,1.71096,1.00,1.00
2017.01.18 08:49:12.102,1.71046,1.71091,1.00,1.00
2017.01.18 08:49:12.153,1.71043,1.71092,1.00,1.37
2017.01.18 08:49:12.254,1.7104,1.71089,1.50,1.00
2017.01.18 08:49:12.516,1.71042,1.71091,1.00,1.37
2017.01.18 08:49:12.993,1.71042,1.71091,1.00,1.00
2017.01.18 08:49:13.044,1.71044,1.71091,1.00,1.00
2017.01.18 08:49:13.510,1.71054,1.71095,1.00,1.37
2017.01.18 08:49:13.560,1.71054,1.71096,1.00,1.00
2017.01.18 08:49:13.662,1.71055,1.71102,1.00,1.00
2017.01.18 08:49:15.148,1.71054,1.71104,1.00,1.12
2017.01.18 08:49:15.503,1.71056,1.71103,1.00,1.00
2017.01.18 08:49:15.799,1.71054,1.71104,1.00,1.12
2017.01.18 08:49:16.483,1.71055,1.71102,1.00,1.00
2017.01.18 08:49:17.580,1.71054,1.71102,1.00,1.37
2017.01.18 08:49:17.682,1.71051,1.71098,1.00,1.00
2017.01.18 08:49:17.783,1.71048,1.71096,1.87,1.00
2017.01.18 08:49:18.265,1.71051,1.71095,1.00,1.00
2017.01.18 08:49:18.393,1.71048,1.71095,1.00,1.00
2017.01.18 08:49:19.582,1.71047,1.71095,1.00,1.00
2017.01.18 08:49:20.370,1.71048,1.71096,1.00,1.00
2017.01.18 08:49:20.915,1.71048,1.71097,1.00,1.00
2017.01.18 08:49:21.554,1.71048,1.71098,1.00,1.00
2017.01.18 08:49:22.157,1.71049,1.71099,1.00,1.00
2017.01.18 08:49:22.208,1.71051,1.71098,1.00,1.00
2017.01.18 08:49:22.379,1.71045,1.71093,1.00,1.00
2017.01.18 08:49:22.480,1.71043,1.71091,1.00,1.00
2017.01.18 08:49:22.787,1.71047,1.71094,1.00,1.00
2017.01.18 08:49:23.112,1.71049,1.71096,1.00,1.00
2017.01.18 08:49:23.636,1.71048,1.71098,1.00,1.37
2017.01.18 08:49:24.406,1.7105,1.71097,1.00,1.12
2017.01.18 08:49:24.456,1.71048,1.71097,1.00,1.12
2017.01.18 08:49:24.992,1.71048,1.71098,1.00,1.00
2017.01.18 08:49:25.607,1.71048,1.71098,1.00,1.37
2017.01.18 08:49:25.924,1.71048,1.71095,1.00,1.00
2017.01.18 08:49:26.296,1.71047,1.71097,1.00,1.12
2017.01.18 08:49:26.673,1.7105,1.71098,1.00,1.12
2017.01.18 08:49:26.976,1.71042,1.71089,1.75,1.00
2017.01.18 08:49:27.313,1.71045,1.71092,1.00,1.00
2017.01.18 08:49:27.413,1.71045,1.71094,1.00,1.50
2017.01.18 08:49:27.464,1.71047,1.71094,1.00,1.00
2017.01.18 08:49:27.906,1.71045,1.71093,1.00,1.00
2017.01.18 08:49:28.057,1.7105,1.71098,1.37,1.00
2017.01.18 08:49:28.408,1.7106,1.71107,1.00,1.75
2017.01.18 08:49:28.711,1.71047,1.71095,1.00,1.12
2017.01.18 08:49:29.239,1.71047,1.71094,1.00,1.00
2017.01.18 08:49:29.491,1.71046,1.71091,1.00,1.00
2017.01.18 08:49:30.125,1.71046,1.7109,1.00,1.00
2017.01.18 08:49:31.466,1.71046,1.71088,1.00,1.00
2017.01.18 08:49:31.662,1.71039,1.71087,1.75,1.00
2017.01.18 08:49:31.763,1.71039,1.71087,1.00,1.00
2017.01.18 08:49:31.813,1.71038,1.71085,1.00,1.00
2017.01.18 08:49:31.914,1.71038,1.71087,1.00,1.00
2017.01.18 08:49:33.762,1.71038,1.71085,1.00,1.00
2017.01.18 08:49:34.657,1.71038,1.71085,1.00,1.37
2017.01.18 08:49:34.708,1.71036,1.71083,1.00,1.37
2017.01.18 08:49:34.914,1.71036,1.71084,1.00,1.50
2017.01.18 08:49:35.508,1.71035,1.71084,1.00,1.00
2017.01.18 08:49:36.659,1.71036,1.71084,1.00,1.00
2017.01.18 08:49:37.215,1.71037,1.71084,1.00,1.00
2017.01.18 08:49:39.346,1.71043,1.71084,1.37,1.00
2017.01.18 08:49:39.475,1.71046,1.71093,1.37,1.75
2017.01.18 08:49:39.687,1.71046,1.71093,1.12,1.00
2017.01.18 08:49:39.967,1.71043,1.71092,1.00,1.37
2017.01.18 08:49:40.169,1.71039,1.71089,1.37,1.50
2017.01.18 08:49:40.602,1.71044,1.71091,1.00,1.50
2017.01.18 08:49:40.910,1.7104,1.71088,1.00,1.00
2017.01.18 08:49:41.112,1.71041,1.7109,1.50,1.00
2017.01.18 08:49:41.625,1.71042,1.7109,1.00,1.50
2017.01.18 08:49:41.777,1.71041,1.71088,1.00,1.00
2017.01.18 08:49:42.975,1.71036,1.71086,1.00,1.00
2017.01.18 08:49:43.026,1.71039,1.71086,1.00,1.00
2017.01.18 08:49:43.228,1.71032,1.7108,1.00,1.00
2017.01.18 08:49:43.279,1.71032,1.71078,1.00,1.00
2017.01.18 08:49:43.447,1.71028,1.71075,1.50,1.00
2017.01.18 08:49:43.548,1.71029,1.71077,1.37,1.50
2017.01.18 08:49:43.868,1.71033,1.71077,1.00,1.00
2017.01.18 08:49:44.373,1.71032,1.71076,1.00,1.00
2017.01.18 08:49:44.429,1.71028,1.71077,1.37,1.00
2017.01.18 08:49:44.676,1.71027,1.71073,1.37,1.00
2017.01.18 08:49:45.310,1.71026,1.71073,1.37,1.00
2017.01.18 08:49:45.841,1.71026,1.71073,1.37,1.00
2017.01.18 08:49:46.604,1.71024,1.71071,1.37,1.00
2017.01.18 08:49:47.160,1.71031,1.71071,1.00,1.00
2017.01.18 08:49:47.312,1.71028,1.71075,1.00,1.00
2017.01.18 08:49:47.363,1.71026,1.71073,1.50,1.00
2017.01.18 08:49:47.464,1.71021,1.71071,3.00,1.50
2017.01.18 08:49:47.565,1.71022,1.71071,1.12,1.50
2017.01.18 08:49:47.615,1.71024,1.71071,1.37,1.00
2017.01.18 08:49:47.793,1.71025,1.71075,1.37,1.00
2017.01.18 08:49:47.844,1.71028,1.71076,1.00,1.00
2017.01.18 08:49:48.343,1.71026,1.71075,1.12,1.00
2017.01.18 08:49:49.112,1.71025,1.71074,1.37,1.00
2017.01.18 08:49:49.547,1.71035,1.71075,2.62,1.00
2017.01.18 08:49:49.598,1.71038,1.7108,2.62,1.12
2017.01.18 08:49:49.649,1.71041,1.71087,2.62,1.75
2017.01.18 08:49:49.802,1.71041,1.71091,1.87,1.87
2017.01.18 08:49:49.853,1.71041,1.71091,1.87,1.12
2017.01.18 08:49:49.904,1.71047,1.71093,1.12,1.00
2017.01.18 08:49:50.206,1.71056,1.71104,1.00,1.75
2017.01.18 08:49:50.257,1.71057,1.71105,1.00,1.00
2017.01.18 08:49:50.358,1.71067,1.71109,1.37,1.50
2017.01.18 08:49:50.459,1.7107,1.71118,1.12,1.75
2017.01.18 08:49:50.560,1.7107,1.71119,1.12,1.12
2017.01.18 08:49:50.671,1.71075,1.71121,1.37,1.50
2017.01.18 08:49:50.873,1.71083,1.7113,1.00,1.00
2017.01.18 08:49:50.974,1.71082,1.71132,1.00,1.12
2017.01.18 08:49:51.025,1.71085,1.71133,1.37,1.00
2017.01.18 08:49:51.341,1.71093,1.71133,1.00,1.00
2017.01.18 08:49:51.594,1.71075,1.71121,1.75,1.00
2017.01.18 08:49:51.696,1.7107,1.7112,1.75,1.37
2017.01.18 08:49:51.797,1.71072,1.71115,1.00,1.37
2017.01.18 08:49:51.848,1.71072,1.71117,1.00,1.00
2017.01.18 08:49:51.898,1.71072,1.71115,1.37,1.00
2017.01.18 08:49:51.950,1.71065,1.71115,1.12,1.87
2017.01.18 08:49:52.001,1.71073,1.71117,1.00,1.12
2017.01.18 08:49:52.052,1.7107,1.71117,1.00,1.12
2017.01.18 08:49:52.103,1.7107,1.71119,1.37,1.00
2017.01.18 08:49:52.313,1.71076,1.71124,1.12,2.62
2017.01.18 08:49:52.414,1.71084,1.71129,1.37,1.75
2017.01.18 08:49:52.515,1.71085,1.71128,1.00,1.87
2017.01.18 08:49:52.616,1.71082,1.71125,1.00,1.00
2017.01.18 08:49:52.667,1.71079,1.71125,1.00,1.00
2017.01.18 08:49:52.819,1.71088,1.71128,1.00,1.75
2017.01.18 08:49:52.870,1.71085,1.71128,1.00,1.75
2017.01.18 08:49:52.920,1.71085,1.71133,1.37,1.75
2017.01.18 08:49:52.971,1.71082,1.71126,1.00,1.37
2017.01.18 08:49:53.073,1.71079,1.71126,1.00,1.37
2017.01.18 08:49:53.225,1.71076,1.71123,1.00,1.00
2017.01.18 08:49:53.326,1.71076,1.71125,1.00,1.87
2017.01.18 08:49:53.874,1.71077,1.71125,1.00,1.50
2017.01.18 08:49:53.925,1.71076,1.71121,1.00,1.00
2017.01.18 08:49:54.026,1.71078,1.71125,1.00,1.00
2017.01.18 08:49:54.396,1.71088,1.71127,1.37,1.00
2017.01.18 08:49:54.497,1.7109,1.71133,1.12,1.00
2017.01.18 08:49:54.547,1.71089,1.71128,1.00,1.12
2017.01.18 08:49:54.648,1.71079,1.71129,2.25,1.37
2017.01.18 08:49:54.699,1.71079,1.71126,2.62,1.00
2017.01.18 08:49:54.901,1.71092,1.7114,1.87,1.00
2017.01.18 08:49:54.952,1.71095,1.71138,1.00,1.00
2017.01.18 08:49:55.254,1.71082,1.71125,1.00,1.00
2017.01.18 08:49:55.414,1.71077,1.71125,1.50,1.00
2017.01.18 08:49:55.994,1.7108,1.71127,1.37,1.00
2017.01.18 08:49:56.045,1.71081,1.71129,1.37,1.50
2017.01.18 08:49:56.096,1.71077,1.71125,2.25,1.00
2017.01.18 08:49:56.399,1.71077,1.71114,1.12,1.00
2017.01.18 08:49:56.601,1.71058,1.71105,1.00,1.00
2017.01.18 08:49:56.703,1.71058,1.71102,1.00,1.00
2017.01.18 08:49:57.071,1.71054,1.71103,1.37,1.00
2017.01.18 08:49:57.439,1.71054,1.71103,1.00,1.12
2017.01.18 08:49:57.540,1.71053,1.711,1.50,1.37
2017.01.18 08:49:58.916,1.71053,1.71098,1.00,1.50
2017.01.18 08:49:59.118,1.71048,1.71095,1.12,1.00
2017.01.18 08:49:59.219,1.71046,1.71094,1.12,1.00
2017.01.18 08:49:59.623,1.71045,1.71093,1.50,1.37
2017.01.18 08:49:59.962,1.71042,1.71086,1.37,1.00
2017.01.18 08:50:00.013,1.71044,1.71088,1.00,1.00
2017.01.18 08:50:00.165,1.71046,1.71092,1.00,1.00
2017.01.18 08:50:00.613,1.71045,1.71091,1.00,1.87
2017.01.18 08:50:00.664,1.71041,1.71088,1.00,1.37
2017.01.18 08:50:00.917,1.71042,1.71088,1.87,1.00
2017.01.18 08:50:00.968,1.71043,1.7109,1.37,1.50
2017.01.18 08:50:01.019,1.71047,1.71091,1.87,1.12
2017.01.18 08:50:01.120,1.71048,1.71097,1.37,1.75
2017.01.18 08:50:01.221,1.71047,1.71096,1.12,1.75
2017.01.18 08:50:01.323,1.71042,1.71091,1.12,1.12
2017.01.18 08:50:01.424,1.71043,1.71092,1.37,1.00
2017.01.18 08:50:01.726,1.71052,1.71092,1.00,1.00
2017.01.18 08:50:02.010,1.71044,1.71093,1.37,1.00
2017.01.18 08:50:02.111,1.71051,1.71093,1.00,1.00
2017.01.18 08:50:02.263,1.71044,1.71091,1.37,1.00
2017.01.18 08:50:02.364,1.71043,1.71093,1.37,1.00
2017.01.18 08:50:02.527,1.71043,1.71093,1.12,1.00
2017.01.18 08:50:02.579,1.71043,1.71093,1.00,1.37
2017.01.18 08:50:03.082,1.71044,1.71091,1.12,1.00
2017.01.18 08:50:03.234,1.71045,1.71095,1.37,1.50
2017.01.18 08:50:03.284,1.71045,1.71094,1.00,1.37
2017.01.18 08:50:03.603,1.71043,1.7109,1.37,1.00
2017.01.18 08:50:03.906,1.7104,1.71087,1.00,1.00
2017.01.18 08:50:04.158,1.71041,1.71087,1.37,1.00
2017.01.18 08:50:04.712,1.71041,1.71087,1.87,1.00
2017.01.18 08:50:05.015,1.71053,1.71102,1.37,1.87
2017.01.18 08:50:05.116,1.71053,1.71102,1.37,1.87
2017.01.18 08:50:05.415,1.71052,1.71099,1.37,1.00
2017.01.18 08:50:05.600,1.71052,1.71101,1.87,1.00
2017.01.18 08:50:06.162,1.71052,1.71102,1.87,1.87
2017.01.18 08:50:07.442,1.71052,1.71098,1.37,1.00
2017.01.18 08:50:07.493,1.71052,1.71102,1.37,1.87
2017.01.18 08:50:09.101,1.71054,1.71101,1.12,1.00
2017.01.18 08:50:09.423,1.71054,1.71101,1.37,1.00
2017.01.18 08:50:09.966,1.71055,1.71102,1.12,1.50
2017.01.18 08:50:10.887,1.71055,1.71102,1.00,1.87
2017.01.18 08:50:10.937,1.71051,1.71101,1.50,1.37
2017.01.18 08:50:11.038,1.71052,1.71101,1.37,1.00
2017.01.18 08:50:11.392,1.71052,1.71102,1.12,1.87
2017.01.18 08:50:11.442,1.71053,1.711,1.00,1.00
2017.01.18 08:50:11.572,1.71053,1.71102,1.00,1.87
2017.01.18 08:50:11.666,1.71055,1.71102,1.12,1.50
2017.01.18 08:50:12.592,1.71053,1.71102,1.00,1.87
2017.01.18 08:50:13.165,1.71053,1.71102,1.00,1.50
2017.01.18 08:50:13.784,1.71052,1.71093,1.00,2.62
2017.01.18 08:50:13.942,1.71042,1.7109,1.87,1.12
2017.01.18 08:50:14.446,1.71043,1.7109,1.00,1.50
2017.01.18 08:50:14.790,1.71045,1.7109,1.00,1.00
2017.01.18 08:50:15.334,1.71044,1.71091,1.37,1.00
2017.01.18 08:50:15.385,1.71042,1.71091,1.00,1.37
2017.01.18 08:50:16.738,1.71044,1.71089,1.00,1.00
2017.01.18 08:50:16.885,1.71044,1.71091,1.00,1.12
2017.01.18 08:50:17.164,1.71043,1.71092,1.37,1.50
2017.01.18 08:50:17.215,1.71043,1.71092,1.37,1.50
2017.01.18 08:50:17.548,1.71042,1.71091,1.00,1.37
2017.01.18 08:50:17.863,1.71042,1.71089,1.37,1.50
2017.01.18 08:50:18.116,1.71038,1.71086,1.87,1.00
2017.01.18 08:50:18.167,1.71039,1.71086,1.50,1.37
2017.01.18 08:50:18.478,1.71034,1.71082,1.12,1.00
2017.01.18 08:50:18.726,1.71032,1.71081,1.12,1.12
2017.01.18 08:50:19.245,1.71032,1.71081,1.87,1.00
2017.01.18 08:50:19.854,1.71034,1.71081,1.12,1.00
2017.01.18 08:50:20.497,1.71033,1.7108,1.00,1.50
2017.01.18 08:50:20.820,1.7103,1.71079,1.00,1.37
2017.01.18 08:50:21.542,1.71029,1.71078,1.37,1.12
2017.01.18 08:50:21.928,1.71032,1.71077,1.50,1.00
2017.01.18 08:50:22.231,1.71034,1.71082,1.37,1.00
2017.01.18 08:50:22.735,1.71042,1.71083,1.37,1.50
2017.01.18 08:50:22.836,1.71042,1.71088,1.37,1.00
2017.01.18 08:50:22.937,1.71042,1.71088,1.00,1.00
2017.01.18 08:50:23.574,1.71042,1.71089,1.50,1.00
2017.01.18 08:50:24.104,1.71042,1.7109,1.50,1.12
2017.01.18 08:50:24.916,1.71042,1.71089,1.50,1.00
2017.01.18 08:50:25.434,1.71043,1.7109,1.00,1.00
2017.01.18 08:50:26.940,1.71042,1.71092,1.50,1.50
2017.01.18 08:50:28.258,1.71041,1.71089,1.00,1.00
2017.01.18 08:50:28.410,1.71038,1.71088,1.37,1.00
2017.01.18 08:50:28.461,1.71039,1.71086,1.12,1.00
2017.01.18 08:50:28.533,1.71039,1.71088,1.12,1.00
2017.01.18 08:50:28.584,1.71042,1.71089,1.37,1.00
2017.01.18 08:50:28.685,1.71042,1.71089,1.87,1.00
2017.01.18 08:50:28.887,1.7104,1.7109,1.50,1.37
2017.01.18 08:50:29.515,1.71039,1.71088,1.37,1.00
2017.01.18 08:50:30.712,1.71039,1.71089,1.37,1.00
2017.01.18 08:50:31.219,1.7104,1.71088,1.12,1.00
2017.01.18 08:50:34.351,1.71039,1.71089,1.12,1.00
2017.01.18 08:50:34.402,1.71041,1.7109,1.00,1.12
2017.01.18 08:50:34.710,1.71036,1.71085,1.87,1.00
2017.01.18 08:50:35.505,1.71036,1.71084,1.12,1.00
2017.01.18 08:50:36.085,1.71037,1.71084,1.00,1.00
2017.01.18 08:50:36.387,1.71037,1.71086,1.50,1.50
2017.01.18 08:50:36.438,1.71038,1.71086,1.37,1.00
2017.01.18 08:50:36.729,1.71038,1.71086,1.00,1.00
2017.01.18 08:50:36.780,1.71036,1.71085,1.12,1.00
2017.01.18 08:50:37.330,1.71035,1.71085,1.00,1.00
2017.01.18 08:50:38.164,1.71036,1.71083,1.00,1.00
2017.01.18 08:50:38.693,1.71037,1.71084,1.00,1.00
2017.01.18 08:50:39.223,1.71037,1.71085,1.00,1.00
2017.01.18 08:50:39.730,1.71036,1.71084,1.00,1.00
2017.01.18 08:50:40.033,1.71032,1.71076,1.00,1.00
2017.01.18 08:50:40.184,1.71032,1.71079,1.00,1.50
2017.01.18 08:50:40.285,1.71028,1.71078,1.87,1.00
2017.01.18 08:50:40.336,1.71028,1.71076,1.87,1.00
2017.01.18 08:50:40.814,1.71029,1.71076,1.37,1.00
2017.01.18 08:50:41.009,1.7103,1.71077,1.00,1.00
2017.01.18 08:50:41.339,1.71027,1.71077,1.00,1.12
2017.01.18 08:50:41.390,1.71027,1.71077,1.00,1.37
2017.01.18 08:50:41.442,1.71027,1.71077,1.00,1.12
2017.01.18 08:50:42.094,1.71027,1.71077,1.00,1.37
2017.01.18 08:50:42.144,1.71027,1.71075,1.00,1.37
2017.01.18 08:50:42.717,1.71026,1.71074,1.37,1.00
2017.01.18 08:50:42.818,1.71026,1.71076,1.37,1.50
2017.01.18 08:50:42.869,1.71026,1.71076,1.00,1.12
2017.01.18 08:50:43.396,1.71027,1.71076,1.00,1.12
2017.01.18 08:50:43.987,1.71027,1.71077,1.00,1.00
2017.01.18 08:50:44.534,1.71028,1.71075,1.00,1.00
2017.01.18 08:50:46.360,1.71027,1.71075,1.00,1.00
2017.01.18 08:50:52.498,1.71028,1.71075,1.00,1.00
2017.01.18 08:50:53.733,1.71026,1.71076,1.00,1.00
2017.01.18 08:50:55.885,1.71026,1.71076,1.00,1.37
2017.01.18 08:50:56.037,1.71025,1.71073,1.00,1.12
2017.01.18 08:50:56.380,1.71025,1.7107,1.00,1.00
2017.01.18 08:50:56.899,1.71028,1.7107,1.37,1.00
2017.01.18 08:50:57.000,1.71032,1.71078,1.50,1.87
2017.01.18 08:50:57.050,1.71034,1.71078,1.00,1.87
2017.01.18 08:50:57.101,1.71032,1.71082,1.87,2.62
2017.01.18 08:50:57.454,1.71027,1.71077,1.00,1.00
2017.01.18 08:50:57.505,1.71029,1.71078,1.00,2.25
2017.01.18 08:50:58.517,1.71028,1.71078,1.00,2.25
2017.01.18 08:51:00.235,1.71029,1.71078,1.00,1.87
2017.01.18 08:51:00.286,1.71027,1.71075,1.12,1.00
2017.01.18 08:51:00.387,1.71029,1.71077,1.00,1.00
2017.01.18 08:51:00.689,1.71033,1.71078,1.00,1.00
2017.01.18 08:51:01.042,1.71035,1.71078,1.00,1.00
2017.01.18 08:51:01.271,1.71033,1.71078,1.00,1.00
2017.01.18 08:51:01.857,1.71034,1.71078,1.00,1.00
2017.01.18 08:51:02.441,1.71033,1.71078,1.87,1.00
2017.01.18 08:51:02.643,1.71034,1.71084,1.00,1.00
2017.01.18 08:51:03.288,1.71033,1.71081,1.37,1.00
2017.01.18 08:51:03.874,1.71034,1.71082,1.12,1.00
2017.01.18 08:51:04.666,1.71034,1.71082,1.37,1.00
2017.01.18 08:51:04.767,1.71035,1.71084,1.00,1.12
2017.01.18 08:51:05.078,1.71034,1.71081,1.00,1.00
2017.01.18 08:51:07.544,1.71035,1.71085,1.00,2.62
2017.01.18 08:51:07.645,1.71038,1.71085,1.00,1.50
2017.01.18 08:51:07.847,1.71039,1.71089,1.12,1.50
2017.01.18 08:51:07.897,1.71041,1.71089,1.00,1.50
2017.01.18 08:51:08.769,1.71039,1.71089,1.12,1.00
2017.01.18 08:51:09.235,1.7104,1.71087,1.00,1.37
2017.01.18 08:51:09.286,1.71038,1.71085,1.00,1.12
2017.01.18 08:51:09.387,1.71038,1.71088,1.00,1.00
2017.01.18 08:51:09.932,1.71039,1.71088,1.00,1.12
2017.01.18 08:51:10.477,1.71039,1.71086,1.00,1.00
2017.01.18 08:51:14.571,1.71039,1.71088,1.00,1.12
2017.01.18 08:51:14.622,1.71041,1.71088,1.00,1.12
2017.01.18 08:51:15.013,1.71039,1.71088,1.50,1.12
2017.01.18 08:51:15.201,1.71041,1.71088,1.37,1.00
2017.01.18 08:51:15.302,1.71042,1.71091,1.12,1.00
2017.01.18 08:51:15.755,1.71044,1.71093,1.00,1.87
2017.01.18 08:51:16.059,1.71053,1.71099,1.12,1.75
2017.01.18 08:51:16.160,1.71053,1.71099,1.00,1.12
2017.01.18 08:51:16.322,1.7105,1.71097,1.00,1.00
2017.01.18 08:51:16.826,1.71049,1.71096,1.00,1.00
2017.01.18 08:51:17.719,1.71048,1.71096,1.50,1.00
2017.01.18 08:51:18.501,1.71049,1.71096,1.00,1.00
2017.01.18 08:51:18.848,1.71048,1.71098,1.12,1.50
2017.01.18 08:51:18.899,1.71051,1.71098,1.12,1.00
2017.01.18 08:51:19.050,1.71051,1.711,1.00,1.12
2017.01.18 08:51:19.198,1.71046,1.71096,1.12,1.00
2017.01.18 08:51:19.249,1.71045,1.71092,1.87,1.00
2017.01.18 08:51:19.300,1.71045,1.71095,1.37,1.12
2017.01.18 08:51:19.812,1.71045,1.71093,1.37,1.00
2017.01.18 08:51:20.115,1.71041,1.71089,2.25,1.00
2017.01.18 08:51:20.216,1.71044,1.71091,1.87,1.50
2017.01.18 08:51:20.318,1.71046,1.71089,1.00,1.00
2017.01.18 08:51:20.833,1.71042,1.7109,1.37,1.00
2017.01.18 08:51:21.474,1.71042,1.71091,1.87,1.50
2017.01.18 08:51:21.863,1.71043,1.71091,1.12,1.00
2017.01.18 08:51:22.147,1.71041,1.71091,1.50,1.37
2017.01.18 08:51:22.469,1.7104,1.71087,1.00,1.00
2017.01.18 08:51:22.771,1.71042,1.71087,1.00,1.37
2017.01.18 08:51:23.577,1.71042,1.71087,1.00,1.00
2017.01.18 08:51:24.319,1.71042,1.71086,1.00,1.00
2017.01.18 08:51:24.641,1.71042,1.71084,1.00,1.00
2017.01.18 08:51:25.433,1.71042,1.71085,1.00,1.00
2017.01.18 08:51:25.779,1.71034,1.71083,1.12,1.00
2017.01.18 08:51:25.830,1.71033,1.71081,1.37,1.00
2017.01.18 08:51:26.132,1.71031,1.71078,1.37,1.00
2017.01.18 08:51:27.630,1.71031,1.71079,1.37,1.00
2017.01.18 08:51:28.078,1.71034,1.7108,1.00,1.12
2017.01.18 08:51:28.280,1.71032,1.71081,1.00,1.37
2017.01.18 08:51:28.956,1.71031,1.71081,1.50,1.37
2017.01.18 08:51:29.506,1.71032,1.71081,1.00,1.37
2017.01.18 08:51:29.651,1.71032,1.71081,1.00,1.12
2017.01.18 08:51:29.701,1.71034,1.71081,1.00,1.00
2017.01.18 08:51:29.752,1.71036,1.71084,1.00,1.12
2017.01.18 08:51:29.803,1.71036,1.71084,1.37,1.00
2017.01.18 08:51:30.096,1.71045,1.71092,1.00,1.00
2017.01.18 08:51:30.361,1.71046,1.71096,1.87,1.00
2017.01.18 08:51:30.877,1.71044,1.71093,1.00,1.37
2017.01.18 08:51:31.207,1.71043,1.71091,1.37,1.00
2017.01.18 08:51:31.257,1.71043,1.71093,1.37,1.00
2017.01.18 08:51:32.339,1.71044,1.71094,1.37,1.00
2017.01.18 08:51:32.495,1.71044,1.71094,1.37,1.37
2017.01.18 08:51:32.546,1.71043,1.71091,1.37,1.12
2017.01.18 08:51:33.065,1.71043,1.71091,1.12,1.00
2017.01.18 08:51:33.167,1.71045,1.71093,1.00,1.87
2017.01.18 08:51:33.472,1.71051,1.71094,1.00,1.12
2017.01.18 08:51:33.996,1.71051,1.71095,1.00,1.12
2017.01.18 08:51:34.614,1.71051,1.71096,1.00,1.37
2017.01.18 08:51:34.665,1.71048,1.71096,1.00,1.37
2017.01.18 08:51:34.768,1.71048,1.71096,1.00,1.12
2017.01.18 08:51:35.120,1.71051,1.71096,1.00,1.12
2017.01.18 08:51:35.486,1.71051,1.71096,1.00,1.37
2017.01.18 08:51:36.169,1.71051,1.71098,1.37,1.00
2017.01.18 08:51:36.478,1.71051,1.71098,1.00,1.37
2017.01.18 08:51:37.043,1.71052,1.71098,1.00,1.37
2017.01.18 08:51:37.656,1.71051,1.71098,1.00,1.37
2017.01.18 08:51:37.958,1.71044,1.7109,1.00,1.37
2017.01.18 08:51:38.176,1.71044,1.71092,1.37,1.00
2017.01.18 08:51:38.226,1.71044,1.71092,1.37,1.00
2017.01.18 08:51:38.610,1.71045,1.71092,1.37,1.00
2017.01.18 08:51:39.563,1.71048,1.71092,1.37,1.00
2017.01.18 08:51:39.742,1.71052,1.71096,1.37,1.00
2017.01.18 08:51:39.944,1.71052,1.71098,1.00,1.12
2017.01.18 08:51:40.283,1.71051,1.71098,1.12,1.37
2017.01.18 08:51:40.435,1.71046,1.71095,1.37,1.37
2017.01.18 08:51:40.487,1.71046,1.71093,1.00,1.87
2017.01.18 08:51:40.538,1.71044,1.71092,1.12,1.37
2017.01.18 08:51:41.142,1.71044,1.7109,1.12,1.00
2017.01.18 08:51:41.650,1.71044,1.71092,1.87,1.37
2017.01.18 08:51:42.475,1.71045,1.71092,1.87,1.00
2017.01.18 08:51:42.576,1.71051,1.71095,1.00,1.00
2017.01.18 08:51:42.923,1.71048,1.71095,1.00,1.37
2017.01.18 08:51:43.392,1.71047,1.71096,1.00,1.37
2017.01.18 08:51:43.443,1.71052,1.71095,1.00,1.00
2017.01.18 08:51:43.595,1.71052,1.71097,1.00,1.00
2017.01.18 08:51:43.796,1.71052,1.71095,1.37,1.00
2017.01.18 08:51:43.847,1.71051,1.71098,1.37,1.00
2017.01.18 08:51:43.961,1.71052,1.711,1.37,1.00
2017.01.18 08:51:44.015,1.71052,1.711,1.37,1.00
2017.01.18 08:51:44.234,1.71051,1.71099,1.50,1.37
2017.01.18 08:51:44.587,1.71051,1.71096,1.00,1.37
2017.01.18 08:51:44.638,1.71052,1.71096,1.00,1.00
2017.01.18 08:51:44.906,1.71052,1.71098,1.00,2.62
2017.01.18 08:51:45.219,1.71051,1.71097,1.00,1.00
2017.01.18 08:51:45.272,1.71051,1.71097,1.00,1.37
2017.01.18 08:51:45.578,1.71051,1.71093,1.00,1.37
2017.01.18 08:51:45.628,1.71051,1.71095,1.00,1.37
2017.01.18 08:51:45.830,1.71052,1.71096,1.00,1.00
2017.01.18 08:51:45.931,1.71052,1.71098,1.00,3.37
2017.01.18 08:51:46.032,1.71051,1.71096,1.00,1.87
2017.01.18 08:51:46.550,1.71052,1.71096,1.00,1.87
2017.01.18 08:51:46.715,1.71052,1.71095,1.00,1.87
2017.01.18 08:51:46.923,1.71044,1.71093,1.00,1.37
2017.01.18 08:51:46.980,1.71044,1.71091,1.00,1.87
2017.01.18 08:51:47.131,1.71043,1.71093,1.50,2.62
2017.01.18 08:51:47.381,1.71043,1.71093,1.00,1.37
2017.01.18 08:51:47.482,1.71043,1.71093,1.37,1.12
2017.01.18 08:51:47.532,1.71044,1.71094,1.00,1.37
2017.01.18 08:51:49.557,1.71043,1.71093,1.00,2.62
2017.01.18 08:51:52.800,1.71043,1.71091,1.00,1.12
2017.01.18 08:51:52.851,1.71044,1.71092,1.37,1.00
2017.01.18 08:51:52.952,1.71048,1.71095,1.12,1.00
2017.01.18 08:51:53.548,1.71046,1.71096,1.37,2.62
2017.01.18 08:51:53.741,1.71051,1.71096,1.00,2.62
2017.01.18 08:51:54.017,1.71043,1.71092,1.37,1.00
2017.01.18 08:51:54.118,1.71042,1.71092,1.87,1.00
2017.01.18 08:51:54.169,1.71042,1.71092,1.50,1.37
2017.01.18 08:51:54.397,1.71039,1.71089,1.37,1.87
2017.01.18 08:51:54.448,1.71041,1.71089,1.87,1.87
2017.01.18 08:51:55.984,1.71043,1.71089,1.00,1.12
2017.01.18 08:51:56.551,1.71043,1.71089,1.00,1.50
2017.01.18 08:51:56.653,1.71039,1.71088,1.00,1.37
2017.01.18 08:51:56.704,1.71039,1.71088,1.37,1.37
2017.01.18 08:51:56.756,1.71041,1.71089,1.12,2.62
2017.01.18 08:51:57.805,1.71042,1.71089,1.00,1.87
2017.01.18 08:52:01.362,1.71045,1.71089,1.37,1.12
2017.01.18 08:52:01.412,1.71045,1.71089,1.12,1.12
2017.01.18 08:52:01.672,1.71045,1.71095,1.12,1.75
2017.01.18 08:52:01.727,1.71045,1.71095,1.12,1.37
2017.01.18 08:52:01.797,1.71044,1.71093,1.37,1.00
2017.01.18 08:52:02.304,1.71044,1.71094,1.37,1.00
2017.01.18 08:52:03.373,1.71051,1.71094,1.00,1.00
2017.01.18 08:52:03.665,1.71046,1.71094,1.37,1.00
2017.01.18 08:52:03.816,1.71051,1.71094,1.00,1.00
2017.01.18 08:52:05.965,1.71051,1.71095,1.00,1.00
2017.01.18 08:52:07.141,1.71051,1.71095,1.00,1.37
2017.01.18 08:52:07.242,1.71051,1.71095,1.00,1.12
2017.01.18 08:52:07.414,1.71045,1.71095,1.37,1.12
2017.01.18 08:52:07.465,1.71051,1.71094,1.00,1.00
2017.01.18 08:52:07.586,1.71046,1.71094,1.37,1.00
2017.01.18 08:52:07.754,1.71045,1.71094,1.37,1.37
2017.01.18 08:52:08.731,1.71045,1.71094,1.00,1.37
2017.01.18 08:52:08.782,1.71047,1.71097,1.00,4.50
2017.01.18 08:52:09.337,1.71046,1.71094,1.00,1.37
2017.01.18 08:52:09.600,1.71043,1.71091,1.00,1.37
2017.01.18 08:52:09.912,1.71043,1.71091,1.37,1.00
2017.01.18 08:52:10.013,1.71044,1.71091,1.00,1.00
2017.01.18 08:52:10.455,1.71044,1.71091,1.00,1.37
2017.01.18 08:52:10.505,1.71045,1.71091,1.00,1.12
2017.01.18 08:52:10.556,1.71045,1.71089,1.37,1.00
2017.01.18 08:52:11.144,1.71046,1.71089,1.12,1.00
2017.01.18 08:52:11.801,1.71043,1.71089,1.00,1.00
2017.01.18 08:52:11.902,1.71041,1.71089,2.62,1.00
2017.01.18 08:52:12.316,1.71043,1.71089,1.00,1.00
2017.01.18 08:52:14.885,1.71043,1.71089,1.37,1.00
2017.01.18 08:52:15.037,1.71045,1.71093,1.87,1.00
2017.01.18 08:52:15.112,1.71045,1.71093,1.87,1.12
2017.01.18 08:52:17.617,1.71046,1.71094,1.50,1.37
2017.01.18 08:52:17.778,1.71043,1.71093,1.00,1.37
2017.01.18 08:52:18.310,1.71042,1.7109,1.00,1.37
2017.01.18 08:52:20.621,1.7104,1.7109,1.37,1.37
2017.01.18 08:52:20.835,1.71039,1.71089,1.37,1.87
2017.01.18 08:52:21.091,1.71035,1.71084,1.12,1.37
2017.01.18 08:52:21.192,1.71035,1.71083,1.00,1.37
2017.01.18 08:52:21.358,1.71032,1.7108,1.37,1.37
2017.01.18 08:52:22.015,1.71032,1.7108,1.87,1.00
2017.01.18 08:52:22.167,1.71042,1.71089,1.37,1.50
2017.01.18 08:52:22.462,1.71042,1.71089,1.50,1.37
2017.01.18 08:52:22.564,1.71042,1.71089,1.00,1.87
2017.01.18 08:52:22.615,1.71042,1.71089,1.00,1.87
2017.01.18 08:52:22.666,1.71042,1.71087,1.00,1.00
2017.01.18 08:52:23.214,1.71042,1.71089,1.00,2.62
2017.01.18 08:52:23.758,1.71041,1.71087,1.12,1.00
2017.01.18 08:52:23.948,1.71041,1.71087,1.37,1.00
2017.01.18 08:52:23.999,1.71041,1.71089,1.87,1.00
2017.01.18 08:52:24.100,1.71041,1.71089,2.62,1.00
2017.01.18 08:52:24.150,1.71042,1.7109,1.37,1.00
2017.01.18 08:52:24.251,1.71043,1.71091,1.00,1.12
2017.01.18 08:52:24.363,1.71043,1.7109,1.00,1.87
2017.01.18 08:52:24.427,1.71043,1.71091,1.00,1.37
2017.01.18 08:52:24.529,1.71038,1.71084,1.00,1.37
2017.01.18 08:52:24.932,1.71034,1.71084,1.87,1.37
2017.01.18 08:52:24.982,1.71034,1.71084,1.87,1.00
2017.01.18 08:52:25.643,1.71035,1.71086,1.37,1.87
2017.01.18 08:52:26.140,1.71036,1.71084,1.37,1.00
2017.01.18 08:52:26.749,1.71037,1.71085,1.12,1.00
2017.01.18 08:52:27.682,1.71037,1.71085,1.00,1.37
2017.01.18 08:52:27.733,1.71034,1.71085,1.87,1.37
2017.01.18 08:52:33.213,1.71034,1.71085,1.50,1.37
2017.01.18 08:52:34.010,1.71034,1.71082,1.00,1.00
2017.01.18 08:52:34.522,1.71041,1.71086,1.00,1.50
2017.01.18 08:52:34.623,1.71041,1.71088,1.37,1.00
2017.01.18 08:52:34.675,1.71042,1.71089,1.37,1.00
2017.01.18 08:52:35.112,1.71042,1.71089,1.12,1.00
2017.01.18 08:52:35.614,1.71043,1.71089,1.00,1.00
2017.01.18 08:52:36.533,1.71042,1.71089,1.12,1.00
2017.01.18 08:52:37.361,1.71042,1.71091,1.87,1.37
2017.01.18 08:52:39.166,1.71043,1.71091,1.00,1.37
2017.01.18 08:52:41.593,1.71043,1.71089,1.00,1.00
2017.01.18 08:52:42.643,1.71041,1.71089,1.87,1.00
2017.01.18 08:52:42.888,1.71047,1.71093,1.37,1.50
2017.01.18 08:52:42.939,1.71045,1.71093,1.00,1.87
2017.01.18 08:52:43.040,1.71046,1.71095,1.00,1.00
2017.01.18 08:52:43.632,1.71047,1.71096,1.50,1.37
2017.01.18 08:52:46.264,1.71049,1.71098,1.00,1.87
2017.01.18 08:52:46.653,1.71051,1.71098,1.00,1.37
2017.01.18 08:52:47.920,1.71049,1.71094,1.00,1.87
2017.01.18 08:52:47.971,1.71046,1.71094,1.00,1.87
2017.01.18 08:52:48.247,1.71044,1.71093,1.00,2.62
2017.01.18 08:52:48.416,1.71044,1.71093,1.00,1.37
2017.01.18 08:52:48.620,1.71044,1.71093,1.00,1.37
2017.01.18 08:52:50.633,1.71044,1.71092,1.00,1.37
2017.01.18 08:52:52.064,1.71044,1.71092,1.00,1.37
2017.01.18 08:52:52.165,1.71039,1.71088,1.12,1.37
2017.01.18 08:52:52.216,1.71039,1.71086,1.00,1.37
2017.01.18 08:52:52.317,1.71039,1.71087,1.00,1.37
2017.01.18 08:52:52.922,1.71038,1.71087,1.00,1.37
2017.01.18 08:52:57.095,1.7104,1.71089,1.00,1.37
2017.01.18 08:52:57.347,1.71045,1.71094,1.12,1.50
2017.01.18 08:52:57.398,1.71045,1.71094,1.37,1.50
2017.01.18 08:52:57.758,1.71051,1.71094,1.00,1.87
2017.01.18 08:52:57.859,1.71051,1.71094,1.00,1.12
2017.01.18 08:52:58.772,1.71051,1.71094,1.00,1.37
2017.01.18 08:52:59.661,1.71051,1.71094,1.00,1.37
2017.01.18 08:53:00.237,1.71052,1.71094,1.00,1.00
2017.01.18 08:53:05.473,1.71048,1.71094,1.00,1.12
2017.01.18 08:53:07.052,1.71051,1.71094,1.00,1.12
2017.01.18 08:53:07.677,1.71051,1.7108,1.00,1.87
2017.01.18 08:53:07.727,1.71045,1.7108,1.00,1.87
2017.01.18 08:53:07.778,1.71039,1.71077,1.00,1.37
2017.01.18 08:53:07.829,1.71041,1.71084,1.87,1.00
2017.01.18 08:53:07.879,1.71043,1.71084,1.37,1.00
2017.01.18 08:53:07.980,1.71045,1.7109,1.37,1.00
2017.01.18 08:53:08.031,1.71045,1.7109,2.62,1.00
2017.01.18 08:53:08.082,1.71049,1.71097,1.37,1.50
2017.01.18 08:53:08.132,1.71047,1.71096,1.87,1.50
2017.01.18 08:53:08.434,1.71051,1.71096,1.00,1.12
2017.01.18 08:53:08.585,1.71047,1.71096,1.50,1.50
2017.01.18 08:53:08.896,1.71052,1.71094,1.00,1.12
2017.01.18 08:53:09.858,1.71051,1.71096,1.37,1.12
2017.01.18 08:53:10.010,1.71052,1.71091,1.00,1.00
2017.01.18 08:53:10.060,1.71052,1.71093,1.00,1.00
2017.01.18 08:53:10.111,1.71043,1.71091,2.62,1.00
2017.01.18 08:53:10.161,1.71042,1.71087,1.87,1.00
2017.01.18 08:53:10.413,1.71042,1.71086,1.50,1.00
2017.01.18 08:53:10.820,1.71042,1.71084,1.00,1.00
2017.01.18 08:53:11.418,1.71042,1.71086,1.00,1.50
2017.01.18 08:53:11.570,1.71042,1.71084,1.00,1.00
2017.01.18 08:53:12.104,1.71041,1.71084,1.00,1.00
2017.01.18 08:53:12.998,1.71041,1.71087,1.12,1.50
2017.01.18 08:53:13.048,1.71042,1.71087,1.37,1.00
2017.01.18 08:53:13.465,1.71042,1.71087,1.00,1.37
2017.01.18 08:53:13.830,1.71042,1.71079,1.00,1.12
2017.01.18 08:53:13.881,1.71034,1.71076,1.12,1.00
2017.01.18 08:53:13.932,1.71031,1.71076,1.75,1.37
2017.01.18 08:53:14.134,1.71031,1.71072,1.00,1.00
2017.01.18 08:53:14.185,1.71031,1.7107,1.00,1.00
2017.01.18 08:53:14.680,1.71032,1.71072,1.00,1.00
2017.01.18 08:53:14.781,1.71032,1.71074,1.00,1.87
2017.01.18 08:53:15.526,1.71031,1.71074,1.00,1.50
2017.01.18 08:53:16.082,1.71032,1.71073,1.00,1.00
2017.01.18 08:53:16.898,1.71032,1.71075,1.00,1.00
2017.01.18 08:53:17.423,1.71032,1.71074,1.00,1.00
2017.01.18 08:53:18.764,1.71031,1.71074,1.00,1.00
2017.01.18 08:53:19.345,1.71032,1.71074,1.00,1.50
2017.01.18 08:53:19.893,1.71035,1.7108,1.37,1.00
2017.01.18 08:53:20.045,1.71041,1.71085,1.00,1.12
2017.01.18 08:53:20.097,1.71036,1.71085,1.00,1.50
2017.01.18 08:53:20.147,1.71042,1.71081,1.00,1.37
2017.01.18 08:53:20.352,1.71032,1.7108,1.50,1.00
2017.01.18 08:53:20.705,1.71031,1.71078,1.00,1.00
2017.01.18 08:53:21.239,1.71031,1.71077,1.00,1.00
2017.01.18 08:53:21.540,1.71025,1.71064,1.00,1.37
2017.01.18 08:53:21.730,1.71022,1.71067,1.00,1.00
2017.01.18 08:53:21.935,1.71022,1.71062,1.00,1.87
2017.01.18 08:53:21.986,1.71021,1.71064,1.00,1.37
2017.01.18 08:53:22.036,1.71019,1.71059,1.00,1.00
2017.01.18 08:53:22.087,1.71015,1.71059,1.50,1.00
2017.01.18 08:53:22.138,1.71017,1.71062,1.00,1.00
2017.01.18 08:53:22.239,1.71014,1.71063,1.00,1.50
2017.01.18 08:53:22.289,1.71011,1.71056,1.87,1.00
2017.01.18 08:53:22.340,1.71011,1.71058,1.12,1.00
2017.01.18 08:53:22.847,1.71011,1.71057,1.12,1.00
2017.01.18 08:53:22.898,1.71021,1.71057,1.00,1.00
2017.01.18 08:53:22.999,1.71021,1.71059,1.00,1.00
2017.01.18 08:53:23.050,1.71021,1.71062,1.00,1.00
2017.01.18 08:53:23.175,1.71021,1.71059,1.00,1.37
2017.01.18 08:53:23.226,1.71012,1.71055,1.00,1.00
2017.01.18 08:53:23.327,1.71011,1.71058,1.00,1.00
2017.01.18 08:53:23.378,1.71011,1.71056,1.00,1.12
2017.01.18 08:53:24.065,1.71011,1.71058,1.37,1.00
2017.01.18 08:53:24.267,1.71022,1.71067,1.00,1.87
2017.01.18 08:53:24.835,1.71022,1.71066,1.00,1.00
2017.01.18 08:53:25.361,1.71021,1.71055,1.00,1.37
2017.01.18 08:53:25.411,1.71021,1.71059,1.00,1.12
2017.01.18 08:53:25.462,1.71012,1.71061,1.00,1.37
2017.01.18 08:53:25.977,1.71011,1.71056,1.00,1.12
2017.01.18 08:53:26.300,1.71011,1.71059,1.50,1.87
2017.01.18 08:53:26.816,1.71011,1.71058,1.00,1.00
2017.01.18 08:53:27.325,1.71022,1.71058,1.00,1.00
2017.01.18 08:53:27.438,1.71012,1.71058,1.00,1.00
2017.01.18 08:53:27.539,1.71012,1.71055,1.00,1.37
2017.01.18 08:53:27.960,1.71012,1.71054,1.00,1.37
2017.01.18 08:53:28.061,1.71012,1.71056,1.00,1.37
2017.01.18 08:53:28.364,1.71022,1.71059,1.00,1.37
2017.01.18 08:53:28.415,1.71022,1.71059,1.00,1.37
2017.01.18 08:53:28.466,1.71022,1.71055,1.00,2.62
2017.01.18 08:53:28.516,1.71022,1.71055,1.00,1.37
2017.01.18 08:53:28.567,1.71011,1.71055,1.00,1.37
2017.01.18 08:53:28.730,1.71012,1.71056,1.00,1.00
2017.01.18 08:53:28.932,1.71012,1.71057,1.37,1.00
2017.01.18 08:53:28.983,1.71012,1.7106,1.87,2.25
2017.01.18 08:53:29.034,1.71012,1.71058,1.00,1.00
2017.01.18 08:53:29.336,1.71013,1.7106,1.37,1.00
2017.01.18 08:53:29.639,1.71011,1.71053,1.00,1.00
2017.01.18 08:53:29.740,1.71005,1.71053,1.87,1.00
2017.01.18 08:53:30.335,1.71005,1.71053,1.00,1.00
2017.01.18 08:53:30.386,1.71004,1.71051,1.12,1.00
2017.01.18 08:53:30.999,1.71004,1.71051,1.87,1.00
2017.01.18 08:53:31.338,1.71002,1.71045,1.00,1.00
2017.01.18 08:53:31.964,1.71001,1.71047,1.00,1.00
2017.01.18 08:53:32.071,1.71002,1.71049,1.50,1.00
2017.01.18 08:53:32.122,1.71002,1.71052,2.62,1.00
2017.01.18 08:53:32.273,1.71002,1.71047,1.00,2.62
2017.01.18 08:53:32.324,1.71002,1.71046,1.00,1.00
2017.01.18 08:53:32.425,1.71001,1.71043,1.00,1.00
2017.01.18 08:53:32.577,1.71001,1.71045,1.00,1.00
2017.01.18 08:53:32.829,1.70995,1.71042,1.50,1.37
2017.01.18 08:53:32.930,1.70991,1.71039,1.00,1.37
2017.01.18 08:53:33.031,1.70989,1.71024,1.37,1.12
2017.01.18 08:53:33.258,1.70965,1.71007,1.37,1.00
2017.01.18 08:53:33.409,1.70972,1.71016,1.37,1.75
2017.01.18 08:53:33.510,1.70981,1.7101,1.00,1.00
2017.01.18 08:53:33.561,1.70971,1.71019,1.87,1.37
2017.01.18 08:53:33.612,1.70971,1.71019,1.00,1.00
2017.01.18 08:53:33.713,1.70972,1.71016,1.00,1.00
2017.01.18 08:53:33.965,1.70975,1.7102,1.00,1.12
2017.01.18 08:53:34.016,1.70977,1.7102,1.00,1.12
2017.01.18 08:53:34.181,1.70975,1.7102,1.00,1.12
2017.01.18 08:53:34.232,1.70977,1.7102,1.00,1.12
2017.01.18 08:53:34.398,1.70975,1.7102,1.00,1.12
2017.01.18 08:53:34.479,1.70982,1.7102,1.12,1.12
2017.01.18 08:53:34.581,1.70981,1.71026,1.00,1.00
2017.01.18 08:53:34.632,1.70979,1.71028,1.00,2.25
2017.01.18 08:53:34.683,1.70977,1.71022,1.00,1.00
2017.01.18 08:53:34.886,1.70974,1.71023,1.00,1.00
2017.01.18 08:53:34.937,1.70981,1.71023,1.00,1.00
2017.01.18 08:53:35.140,1.70972,1.71017,1.00,1.00
2017.01.18 08:53:35.241,1.70972,1.71019,1.00,1.00
2017.01.18 08:53:35.343,1.70972,1.71017,1.00,1.00
2017.01.18 08:53:35.605,1.70981,1.71027,1.00,1.00
2017.01.18 08:53:35.656,1.70982,1.71028,1.87,1.12
2017.01.18 08:53:35.959,1.70987,1.71036,1.87,1.37
2017.01.18 08:53:36.009,1.70987,1.71036,1.87,1.00
2017.01.18 08:53:36.110,1.70988,1.71037,1.12,1.00
2017.01.18 08:53:36.161,1.70987,1.71033,1.00,1.00
2017.01.18 08:53:36.212,1.70984,1.71033,1.12,1.00
2017.01.18 08:53:36.268,1.70984,1.71032,1.37,1.00
2017.01.18 08:53:36.419,1.7099,1.71037,1.00,1.00
2017.01.18 08:53:36.571,1.70992,1.71039,1.00,1.50
2017.01.18 08:53:36.723,1.70992,1.71041,1.00,1.00
2017.01.18 08:53:37.220,1.70991,1.71039,1.50,1.00
2017.01.18 08:53:37.662,1.7099,1.71037,1.00,1.00
2017.01.18 08:53:38.372,1.70989,1.71038,1.12,1.00
2017.01.18 08:53:38.691,1.70992,1.71041,1.00,1.50
2017.01.18 08:53:39.350,1.70997,1.71044,1.00,2.25
2017.01.18 08:53:39.552,1.70994,1.71042,1.00,1.00
2017.01.18 08:53:39.906,1.70992,1.71039,1.87,1.00
2017.01.18 08:53:40.416,1.70992,1.7104,1.12,1.00
2017.01.18 08:53:41.112,1.71001,1.7104,1.00,1.00
2017.01.18 08:53:41.239,1.70992,1.7104,1.00,1.00
2017.01.18 08:53:41.566,1.71002,1.7104,1.00,1.00
2017.01.18 08:53:41.717,1.70988,1.71036,1.00,1.00
2017.01.18 08:53:41.768,1.70988,1.71032,1.00,1.00
2017.01.18 08:53:41.819,1.70989,1.71038,1.37,1.00
2017.01.18 08:53:41.869,1.70987,1.71036,2.62,1.00
2017.01.18 08:53:42.024,1.7099,1.71039,1.37,1.87
2017.01.18 08:53:42.242,1.70992,1.71037,1.00,1.00
2017.01.18 08:53:42.501,1.70989,1.71037,1.00,1.00
2017.01.18 08:53:42.904,1.70991,1.71038,1.00,1.00
2017.01.18 08:53:43.208,1.71001,1.71039,1.00,1.12
2017.01.18 08:53:43.714,1.71002,1.71045,1.00,1.75
2017.01.18 08:53:44.217,1.71002,1.71047,1.00,1.00
2017.01.18 08:53:44.760,1.71012,1.71051,1.00,1.00
2017.01.18 08:53:44.811,1.71012,1.71053,1.00,1.00
2017.01.18 08:53:44.862,1.71011,1.71056,1.00,1.00
2017.01.18 08:53:45.064,1.71011,1.71054,1.00,1.00
2017.01.18 08:53:45.390,1.71012,1.7105,1.00,1.00
2017.01.18 08:53:45.635,1.71012,1.71052,1.00,1.00
2017.01.18 08:53:46.086,1.71011,1.71054,1.00,1.00
2017.01.18 08:53:46.614,1.71011,1.71055,1.00,1.00
2017.01.18 08:53:47.135,1.71012,1.71055,1.00,1.00
2017.01.18 08:53:47.447,1.71012,1.71057,1.00,1.00
2017.01.18 08:53:47.649,1.71012,1.71059,1.00,1.00
2017.01.18 08:53:47.750,1.71012,1.71057,1.00,1.00
2017.01.18 08:53:48.053,1.7102,1.71063,1.00,1.00
2017.01.18 08:53:48.154,1.71014,1.71062,1.37,1.00
2017.01.18 08:53:48.536,1.71014,1.7106,1.37,1.00
2017.01.18 08:53:49.048,1.71014,1.71061,1.50,1.00
2017.01.18 08:53:49.551,1.71013,1.7106,1.00,1.00
2017.01.18 08:53:49.813,1.71009,1.71057,1.00,1.00
2017.01.18 08:53:49.913,1.71008,1.71055,1.00,1.00
2017.01.18 08:53:50.258,1.71011,1.71052,1.00,1.00
2017.01.18 08:53:50.765,1.71011,1.71051,1.00,1.00
2017.01.18 08:53:51.123,1.71003,1.7105,1.00,1.00
2017.01.18 08:53:51.600,1.71002,1.71047,1.87,1.00
2017.01.18 08:53:51.651,1.71002,1.71049,1.87,1.00
2017.01.18 08:53:52.442,1.71003,1.71049,1.00,1.00
2017.01.18 08:53:52.760,1.71011,1.71051,1.50,1.00
2017.01.18 08:53:52.998,1.71021,1.71066,1.00,1.00
2017.01.18 08:53:53.557,1.71021,1.71064,1.00,1.00
2017.01.18 08:53:53.658,1.71021,1.71066,1.00,1.50
2017.01.18 08:53:54.110,1.71021,1.71064,1.00,1.37
2017.01.18 08:53:54.262,1.71013,1.71059,1.00,1.00
2017.01.18 08:53:55.119,1.71022,1.71059,1.00,1.00
2017.01.18 08:53:56.080,1.71022,1.71058,1.00,1.00
2017.01.18 08:53:57.128,1.71023,1.71061,1.37,1.00
2017.01.18 08:53:57.179,1.71023,1.71061,1.00,1.00
2017.01.18 08:53:57.230,1.71031,1.71061,1.00,1.00
2017.01.18 08:53:57.280,1.71031,1.71066,1.00,1.00
2017.01.18 08:53:57.331,1.71024,1.71072,1.50,2.25
2017.01.18 08:53:57.382,1.71027,1.71072,1.00,1.75
2017.01.18 08:53:57.433,1.71025,1.71072,1.00,1.87
2017.01.18 08:53:57.484,1.71023,1.71072,1.00,1.87
2017.01.18 08:53:57.636,1.71025,1.71072,1.00,1.50
2017.01.18 08:53:57.687,1.71028,1.71072,1.00,1.37
2017.01.18 08:53:57.763,1.71024,1.7107,1.00,1.00
2017.01.18 08:53:57.914,1.71022,1.7107,1.50,1.00
2017.01.18 08:53:58.217,1.71022,1.71067,1.00,1.00
2017.01.18 08:53:58.545,1.71022,1.71065,1.00,1.00
2017.01.18 08:53:58.849,1.71022,1.71062,1.00,1.00
2017.01.18 08:53:59.384,1.71022,1.71063,1.00,1.00
2017.01.18 08:53:59.586,1.71022,1.71065,1.00,1.50
2017.01.18 08:53:59.637,1.71016,1.71062,1.37,1.00
2017.01.18 08:53:59.738,1.71014,1.71063,1.12,1.00
2017.01.18 08:53:59.929,1.71013,1.7106,1.87,1.00
2017.01.18 08:54:00.030,1.71013,1.71059,1.87,1.00
2017.01.18 08:54:00.080,1.71013,1.71059,3.37,1.00
2017.01.18 08:54:00.131,1.71014,1.71061,1.37,1.00
2017.01.18 08:54:00.232,1.71021,1.71061,1.00,1.00
2017.01.18 08:54:00.547,1.71014,1.7106,1.00,1.00
2017.01.18 08:54:01.052,1.71012,1.7106,1.87,1.00
2017.01.18 08:54:01.498,1.71022,1.71062,1.00,1.00
2017.01.18 08:54:01.549,1.71022,1.71064,1.00,1.00
2017.01.18 08:54:01.801,1.71022,1.71068,1.00,1.75
2017.01.18 08:54:01.953,1.71021,1.71062,1.00,1.00
2017.01.18 08:54:02.054,1.71013,1.71061,1.37,1.00
2017.01.18 08:54:02.105,1.71017,1.71063,1.37,1.00
2017.01.18 08:54:02.256,1.71017,1.71065,1.37,1.50
2017.01.18 08:54:02.632,1.71017,1.71064,1.00,1.00
2017.01.18 08:54:02.683,1.71022,1.71064,1.00,1.00
2017.01.18 08:54:02.884,1.71016,1.71065,1.00,1.50
2017.01.18 08:54:03.036,1.71022,1.71065,1.00,1.50
2017.01.18 08:54:03.159,1.71016,1.71062,1.00,1.00
2017.01.18 08:54:03.260,1.71016,1.71064,1.00,1.50
2017.01.18 08:54:03.310,1.71022,1.71064,1.00,1.00
2017.01.18 08:54:03.361,1.71015,1.71062,1.00,1.00
2017.01.18 08:54:03.412,1.71013,1.71061,1.00,1.00
2017.01.18 08:54:03.513,1.71015,1.71061,1.12,1.00
2017.01.18 08:54:03.816,1.71019,1.71065,1.00,1.00
2017.01.18 08:54:04.162,1.71003,1.71051,1.87,1.00
2017.01.18 08:54:04.465,1.71002,1.71044,1.00,1.00
2017.01.18 08:54:05.003,1.71002,1.71043,1.00,1.00
2017.01.18 08:54:05.662,1.71002,1.7104,1.00,1.00
2017.01.18 08:54:06.356,1.71001,1.71041,1.00,1.00
2017.01.18 08:54:06.407,1.71001,1.71043,1.00,1.00
2017.01.18 08:54:06.874,1.71001,1.71041,1.00,1.00
2017.01.18 08:54:07.133,1.71001,1.71043,1.00,1.00
2017.01.18 08:54:07.585,1.71003,1.71046,1.87,1.50
2017.01.18 08:54:07.636,1.71001,1.71046,1.87,1.00
2017.01.18 08:54:07.738,1.71001,1.71047,1.00,1.00
2017.01.18 08:54:08.291,1.71002,1.71047,1.00,1.00
2017.01.18 08:54:08.770,1.71002,1.71049,1.12,1.00
2017.01.18 08:54:08.821,1.71002,1.71045,1.12,1.00
2017.01.18 08:54:09.371,1.71002,1.71046,1.00,1.00
2017.01.18 08:54:09.640,1.71002,1.71048,1.00,1.00
2017.01.18 08:54:09.741,1.71003,1.71051,1.00,1.00
2017.01.18 08:54:09.909,1.71005,1.71051,1.00,1.00
2017.01.18 08:54:10.061,1.71011,1.71058,1.00,1.00
2017.01.18 08:54:10.582,1.71012,1.71059,1.87,1.00
2017.01.18 08:54:10.816,1.71012,1.71057,1.00,1.00
2017.01.18 08:54:11.119,1.71011,1.71052,1.00,1.00
2017.01.18 08:54:11.564,1.71011,1.71049,1.00,1.00
2017.01.18 08:54:11.665,1.71012,1.71051,1.00,1.00
2017.01.18 08:54:11.716,1.71003,1.71051,1.00,1.37
2017.01.18 08:54:11.817,1.71002,1.71044,1.00,1.00
2017.01.18 08:54:12.361,1.71001,1.71044,1.00,1.00
2017.01.18 08:54:12.900,1.71001,1.71045,1.00,1.00
2017.01.18 08:54:13.424,1.71002,1.71044,1.00,1.00
2017.01.18 08:54:13.836,1.71001,1.71046,1.00,1.00
2017.01.18 08:54:14.640,1.71001,1.71047,1.50,1.00
2017.01.18 08:54:15.108,1.71006,1.7105,1.37,1.50
2017.01.18 08:54:15.209,1.71007,1.71053,1.00,1.00
2017.01.18 08:54:15.461,1.7101,1.71056,1.00,1.12
2017.01.18 08:54:15.713,1.71006,1.71054,1.50,1.37
2017.01.18 08:54:15.814,1.71004,1.7105,1.50,1.00
2017.01.18 08:54:16.405,1.71005,1.71051,1.00,1.00
2017.01.18 08:54:16.854,1.71004,1.71053,1.00,1.00
2017.01.18 08:54:16.905,1.71006,1.71052,1.00,1.00
2017.01.18 08:54:17.979,1.71006,1.71052,1.50,1.37
2017.01.18 08:54:18.080,1.71001,1.71049,1.00,1.00
2017.01.18 08:54:18.292,1.71002,1.7105,1.37,1.00
2017.01.18 08:54:18.594,1.71007,1.71053,1.00,1.12
2017.01.18 08:54:18.796,1.71003,1.71051,1.00,1.37
2017.01.18 08:54:18.898,1.71,1.71046,1.37,1.00
2017.01.18 08:54:18.948,1.70999,1.71046,1.00,1.00
2017.01.18 08:54:19.050,1.70998,1.71045,1.37,1.00
2017.01.18 08:54:19.578,1.70997,1.71045,1.37,1.50
2017.01.18 08:54:19.729,1.71004,1.71051,1.00,1.00
2017.01.18 08:54:19.780,1.71004,1.71051,1.37,1.00
2017.01.18 08:54:19.831,1.71004,1.71052,1.00,1.50
2017.01.18 08:54:20.133,1.71004,1.71049,1.12,1.00
2017.01.18 08:54:20.335,1.71005,1.71052,1.12,1.00
2017.01.18 08:54:20.436,1.71005,1.71052,1.37,1.00
2017.01.18 08:54:20.537,1.71008,1.71054,1.00,2.25
2017.01.18 08:54:20.900,1.7101,1.71054,1.00,1.00
2017.01.18 08:54:21.527,1.71009,1.71054,1.00,1.00
2017.01.18 08:54:21.679,1.71014,1.7106,1.00,1.00
2017.01.18 08:54:21.830,1.71018,1.71063,1.37,1.00
2017.01.18 08:54:22.025,1.71019,1.71067,1.37,1.50
2017.01.18 08:54:22.076,1.71014,1.71056,1.37,1.00
2017.01.18 08:54:22.126,1.71016,1.71064,2.62,1.50
2017.01.18 08:54:22.328,1.71018,1.71063,1.12,1.00
2017.01.18 08:54:22.379,1.7102,1.71065,1.12,1.00
2017.01.18 08:54:22.681,1.71021,1.71067,1.00,1.00
2017.01.18 08:54:23.232,1.71021,1.71066,1.50,1.00
2017.01.18 08:54:23.804,1.71021,1.71067,1.00,1.00
2017.01.18 08:54:24.329,1.71022,1.71068,1.00,1.00
2017.01.18 08:54:24.640,1.71021,1.71066,1.12,1.00
2017.01.18 08:54:25.400,1.71021,1.71067,1.12,1.00
2017.01.18 08:54:25.703,1.71017,1.71062,1.50,1.00
2017.01.18 08:54:25.854,1.71015,1.71061,1.00,1.00
2017.01.18 08:54:25.905,1.71012,1.71058,2.62,1.00
2017.01.18 08:54:26.258,1.71021,1.71063,1.00,1.00
2017.01.18 08:54:26.461,1.71022,1.71065,1.87,1.00
2017.01.18 08:54:26.577,1.71022,1.71067,1.87,1.12
2017.01.18 08:54:26.628,1.71021,1.71065,1.00,1.00
2017.01.18 08:54:27.132,1.71021,1.71064,1.00,1.00
2017.01.18 08:54:27.514,1.71021,1.71062,1.00,1.00
2017.01.18 08:54:27.766,1.71018,1.71062,1.37,1.00
2017.01.18 08:54:27.867,1.71022,1.71061,1.00,1.00
2017.01.18 08:54:28.022,1.71022,1.71063,1.00,1.00
2017.01.18 08:54:28.325,1.71021,1.71061,1.00,1.00
2017.01.18 08:54:28.375,1.71017,1.71061,1.00,1.00
2017.01.18 08:54:28.530,1.71019,1.71063,1.00,1.00
2017.01.18 08:54:29.015,1.71019,1.71061,1.00,1.00
2017.01.18 08:54:29.066,1.71017,1.71061,1.12,1.00
2017.01.18 08:54:29.289,1.71021,1.71062,1.00,1.00
2017.01.18 08:54:29.339,1.71021,1.71064,1.00,1.00
2017.01.18 08:54:29.390,1.71017,1.71063,1.12,1.00
2017.01.18 08:54:29.441,1.71018,1.71065,1.00,1.00
2017.01.18 08:54:29.492,1.71017,1.71063,1.00,1.00
2017.01.18 08:54:30.465,1.71017,1.71057,1.00,1.00
2017.01.18 08:54:30.566,1.71013,1.71057,1.00,1.00
2017.01.18 08:54:30.617,1.71013,1.71059,1.12,1.00
2017.01.18 08:54:30.719,1.71015,1.7106,1.37,1.00
2017.01.18 08:54:31.087,1.71022,1.71065,1.37,1.75
2017.01.18 08:54:31.177,1.71018,1.71057,1.00,1.00
2017.01.18 08:54:31.278,1.71016,1.71057,1.00,1.00
2017.01.18 08:54:31.379,1.71012,1.71054,1.37,1.00
2017.01.18 08:54:31.783,1.71012,1.71056,1.37,1.00
2017.01.18 08:54:32.213,1.71009,1.71056,1.75,1.00
2017.01.18 08:54:32.816,1.71009,1.71054,1.75,1.00
2017.01.18 08:54:32.866,1.71008,1.71056,1.87,1.00
2017.01.18 08:54:32.917,1.71007,1.71051,1.75,1.00
2017.01.18 08:54:33.018,1.71005,1.71048,1.00,1.00
2017.01.18 08:54:33.069,1.71002,1.71048,1.37,1.00
2017.01.18 08:54:33.170,1.71001,1.71045,1.37,1.00
2017.01.18 08:54:33.271,1.71006,1.71051,1.37,1.00
2017.01.18 08:54:33.372,1.71008,1.71054,1.00,1.00
2017.01.18 08:54:33.423,1.7101,1.71054,1.00,1.00
2017.01.18 08:54:33.876,1.71008,1.71055,1.87,1.00
2017.01.18 08:54:34.018,1.71011,1.71056,1.00,1.00
2017.01.18 08:54:34.119,1.71011,1.71058,2.62,1.00
2017.01.18 08:54:34.484,1.71012,1.71055,1.00,1.00
2017.01.18 08:54:34.534,1.71012,1.71057,1.00,1.00
2017.01.18 08:54:34.753,1.71012,1.71055,1.00,1.00
2017.01.18 08:54:35.055,1.71012,1.71052,1.00,1.00
2017.01.18 08:54:35.366,1.71003,1.71048,1.37,1.00
2017.01.18 08:54:35.418,1.71012,1.71049,1.00,1.00
2017.01.18 08:54:35.468,1.71012,1.71053,1.00,1.00
2017.01.18 08:54:35.720,1.71008,1.71053,1.00,1.00
2017.01.18 08:54:36.013,1.71011,1.71055,1.00,1.50
2017.01.18 08:54:36.064,1.71009,1.71055,1.00,1.00
2017.01.18 08:54:36.215,1.71011,1.71055,1.00,1.50
2017.01.18 08:54:36.962,1.71011,1.71054,1.00,1.00
2017.01.18 08:54:37.013,1.71011,1.71056,1.00,1.00
2017.01.18 08:54:37.699,1.71011,1.71055,1.00,1.00
2017.01.18 08:54:38.737,1.71011,1.71056,1.00,1.00
2017.01.18 08:54:39.056,1.71012,1.71054,1.00,1.00
2017.01.18 08:54:39.488,1.71006,1.71052,1.00,1.00
2017.01.18 08:54:39.636,1.71006,1.7105,1.00,1.00
2017.01.18 08:54:39.687,1.71007,1.71052,1.00,1.00
2017.01.18 08:54:40.233,1.71004,1.71051,1.37,1.00
2017.01.18 08:54:40.925,1.71006,1.71053,1.00,1.00
2017.01.18 08:54:41.437,1.71004,1.71048,1.00,1.00
2017.01.18 08:54:41.538,1.71002,1.71047,1.00,1.00
2017.01.18 08:54:41.740,1.71002,1.71045,1.00,1.00
2017.01.18 08:54:41.892,1.71002,1.71047,1.50,1.00
2017.01.18 08:54:42.656,1.71002,1.71048,1.00,1.00
2017.01.18 08:54:43.233,1.71003,1.71049,1.00,1.00
2017.01.18 08:54:43.284,1.71001,1.71047,1.50,1.00
2017.01.18 08:54:43.595,1.71003,1.71048,1.00,1.00
2017.01.18 08:54:43.898,1.71002,1.71042,1.00,1.00
2017.01.18 08:54:44.201,1.71002,1.7104,1.00,1.00
2017.01.18 08:54:44.353,1.70996,1.7104,1.00,1.00
2017.01.18 08:54:44.438,1.70994,1.71038,1.37,1.00
2017.01.18 08:54:44.741,1.71001,1.7104,1.00,1.00
2017.01.18 08:54:45.970,1.71001,1.71038,1.00,1.00
2017.01.18 08:54:46.452,1.70993,1.7104,1.37,1.00
2017.01.18 08:54:46.503,1.70993,1.7104,1.00,1.00
2017.01.18 08:54:46.554,1.70995,1.71042,1.12,1.00
2017.01.18 08:54:46.856,1.71002,1.7104,1.00,1.00
2017.01.18 08:54:47.060,1.70992,1.71039,1.87,1.00
2017.01.18 08:54:47.377,1.70993,1.71037,1.00,1.00
2017.01.18 08:54:48.452,1.70991,1.71035,1.87,1.00
2017.01.18 08:54:48.705,1.70991,1.71036,1.50,1.00
2017.01.18 08:54:49.314,1.70992,1.71036,1.00,1.00
2017.01.18 08:54:49.977,1.70996,1.7104,1.00,1.50
2017.01.18 08:54:50.299,1.71003,1.71048,1.00,1.50
2017.01.18 08:54:50.652,1.71002,1.71046,1.37,1.00
2017.01.18 08:54:51.171,1.71002,1.71047,1.00,1.00
2017.01.18 08:54:52.753,1.71002,1.71046,1.00,1.00
2017.01.18 08:54:53.250,1.71002,1.71048,1.00,1.00
2017.01.18 08:54:53.731,1.71001,1.71045,1.50,1.00
2017.01.18 08:54:54.007,1.71001,1.71048,1.50,1.00
2017.01.18 08:54:54.759,1.71,1.71047,1.50,1.00
2017.01.18 08:54:55.156,1.71002,1.71047,1.00,1.00
2017.01.18 08:54:55.765,1.71002,1.71048,1.50,1.00
2017.01.18 08:54:56.208,1.71011,1.71052,1.87,1.00
2017.01.18 08:54:56.283,1.71014,1.71056,1.12,1.12
2017.01.18 08:54:56.334,1.71017,1.71061,1.00,1.75
2017.01.18 08:54:56.542,1.71017,1.71062,1.00,1.00
2017.01.18 08:54:56.979,1.71015,1.71061,1.12,1.00
2017.01.18 08:54:57.030,1.71016,1.71061,1.37,1.00
2017.01.18 08:54:57.390,1.71017,1.71063,1.00,1.00
2017.01.18 08:54:58.554,1.71017,1.71064,1.00,1.00
2017.01.18 08:54:59.385,1.71017,1.71062,1.00,1.00
2017.01.18 08:54:59.915,1.71017,1.71063,1.00,1.00
2017.01.18 08:55:00.632,1.71015,1.7106,1.00,1.00
2017.01.18 08:55:00.834,1.71013,1.71059,1.00,1.00
2017.01.18 08:55:01.035,1.71013,1.71057,1.00,1.00
2017.01.18 08:55:01.085,1.71012,1.71059,1.50,1.00
2017.01.18 08:55:01.300,1.71014,1.71058,1.00,1.00
2017.01.18 08:55:01.452,1.71015,1.71061,1.00,1.00
2017.01.18 08:55:01.503,1.7102,1.71062,1.00,1.12
2017.01.18 08:55:01.553,1.71017,1.71061,1.00,1.00
2017.01.18 08:55:01.653,1.71013,1.71059,1.00,1.00
2017.01.18 08:55:02.171,1.71012,1.71058,1.50,1.00
2017.01.18 08:55:02.373,1.71015,1.71059,1.00,1.00
2017.01.18 08:55:03.001,1.71014,1.71059,1.00,1.00
2017.01.18 08:55:03.312,1.71012,1.71056,1.00,1.00
2017.01.18 08:55:03.641,1.7101,1.71056,1.00,1.00
2017.01.18 08:55:03.742,1.71012,1.71056,1.00,1.50
2017.01.18 08:55:03.944,1.71006,1.71051,1.00,1.00
2017.01.18 08:55:03.995,1.71004,1.7105,1.00,1.00
2017.01.18 08:55:04.134,1.71001,1.71046,1.00,1.00
2017.01.18 08:55:04.285,1.70994,1.71041,1.00,1.00
2017.01.18 08:55:04.336,1.70996,1.7104,1.00,1.00
2017.01.18 08:55:06.652,1.70995,1.71039,1.00,1.00
2017.01.18 08:55:06.854,1.70992,1.71038,1.00,1.00
2017.01.18 08:55:06.955,1.70994,1.71038,1.00,1.00
2017.01.18 08:55:07.359,1.70994,1.7104,1.00,1.50
2017.01.18 08:55:08.964,1.70992,1.71036,1.50,1.00
2017.01.18 08:55:09.116,1.70993,1.71039,1.00,1.00
2017.01.18 08:55:09.368,1.70995,1.71039,1.00,1.00
2017.01.18 08:55:09.824,1.70993,1.71039,1.00,1.00
2017.01.18 08:55:10.154,1.70997,1.7104,1.00,1.00
2017.01.18 08:55:10.407,1.71001,1.71045,1.00,1.00
2017.01.18 08:55:10.702,1.70998,1.71045,1.00,1.00
2017.01.18 08:55:10.960,1.71,1.71046,1.00,1.00
2017.01.18 08:55:11.271,1.71003,1.71049,1.00,1.00
2017.01.18 08:55:11.574,1.71001,1.7104,1.00,1.00
2017.01.18 08:55:11.879,1.71001,1.71038,1.00,1.00
2017.01.18 08:55:12.140,1.70994,1.71038,1.00,1.00
2017.01.18 08:55:12.312,1.71001,1.71045,1.00,1.50
2017.01.18 08:55:12.648,1.70998,1.71044,1.00,1.00
2017.01.18 08:55:12.699,1.70996,1.71042,1.00,1.50
2017.01.18 08:55:13.003,1.70993,1.71037,1.00,1.00
2017.01.18 08:55:13.374,1.70991,1.71038,1.50,1.00
2017.01.18 08:55:13.553,1.70992,1.71036,1.00,1.00
2017.01.18 08:55:14.100,1.70991,1.71036,1.00,1.00
2017.01.18 08:55:14.770,1.70992,1.71036,1.00,1.00
2017.01.18 08:55:15.408,1.70991,1.71035,1.00,1.00
2017.01.18 08:55:15.607,1.70988,1.71034,1.00,1.00
2017.01.18 08:55:15.859,1.70986,1.71032,1.00,1.00
2017.01.18 08:55:16.463,1.70986,1.7103,1.00,1.00
2017.01.18 08:55:16.665,1.70982,1.71028,1.00,1.00
2017.01.18 08:55:16.716,1.70982,1.71024,1.00,1.00
2017.01.18 08:55:17.019,1.70981,1.7102,1.00,1.00
2017.01.18 08:55:17.452,1.70981,1.71022,1.00,1.00
2017.01.18 08:55:17.916,1.70986,1.71023,1.00,1.00
2017.01.18 08:55:18.017,1.70992,1.71031,1.00,1.12
2017.01.18 08:55:18.068,1.70986,1.71033,1.50,1.50
2017.01.18 08:55:18.220,1.70984,1.7103,1.00,1.00
2017.01.18 08:55:18.321,1.70983,1.71028,1.00,1.00
2017.01.18 08:55:18.624,1.70982,1.71025,1.00,1.00
2017.01.18 08:55:19.089,1.70982,1.71023,1.00,1.00
2017.01.18 08:55:19.456,1.70982,1.71026,1.00,1.00
2017.01.18 08:55:19.557,1.70982,1.71028,1.00,1.00
2017.01.18 08:55:19.758,1.70981,1.71026,1.00,1.00
2017.01.18 08:55:20.063,1.70991,1.71027,1.00,1.00
2017.01.18 08:55:20.366,1.71002,1.71045,1.00,2.55
2017.01.18 08:55:20.416,1.71002,1.71045,1.00,1.75
2017.01.18 08:55:20.618,1.71002,1.71044,1.00,1.00
2017.01.18 08:55:20.669,1.71002,1.71042,1.00,1.00
2017.01.18 08:55:20.974,1.71002,1.71039,1.00,1.00
2017.01.18 08:55:21.277,1.70992,1.71033,1.00,1.00
2017.01.18 08:55:21.378,1.70991,1.71036,1.00,1.00
2017.01.18 08:55:21.479,1.70992,1.71034,1.00,1.00
2017.01.18 08:55:21.630,1.70992,1.71036,1.00,1.00
2017.01.18 08:55:22.675,1.70991,1.71035,1.00,1.00
2017.01.18 08:55:23.151,1.70991,1.71037,1.00,1.00
2017.01.18 08:55:23.202,1.70991,1.71034,1.00,1.00
2017.01.18 08:55:23.253,1.70991,1.71036,1.00,1.00
2017.01.18 08:55:23.404,1.70991,1.71038,1.50,1.00
2017.01.18 08:55:23.455,1.70993,1.71037,1.00,1.00
2017.01.18 08:55:24.004,1.70992,1.71036,1.00,1.00
2017.01.18 08:55:24.156,1.70996,1.71042,1.00,1.12
2017.01.18 08:55:24.206,1.70998,1.71043,1.00,1.37
2017.01.18 08:55:24.528,1.71002,1.71047,1.00,1.00
2017.01.18 08:55:24.896,1.71002,1.71044,1.00,1.00
2017.01.18 08:55:25.048,1.71002,1.71048,1.50,1.00
2017.01.18 08:55:25.098,1.71004,1.71048,1.00,1.00
2017.01.18 08:55:25.200,1.71004,1.7105,1.00,1.00
2017.01.18 08:55:25.351,1.71003,1.71047,1.00,1.00
2017.01.18 08:55:25.864,1.71011,1.71047,1.00,1.00
2017.01.18 08:55:26.116,1.71011,1.71049,1.00,1.00
2017.01.18 08:55:26.167,1.71011,1.71046,1.00,1.00
2017.01.18 08:55:26.217,1.71011,1.71048,1.00,1.00
2017.01.18 08:55:26.319,1.71011,1.71046,1.00,1.00
2017.01.18 08:55:26.420,1.71005,1.71049,1.00,1.00
2017.01.18 08:55:26.471,1.71003,1.71049,1.12,1.00
2017.01.18 08:55:26.521,1.71011,1.71049,1.00,1.00
2017.01.18 08:55:26.925,1.71011,1.71047,1.00,1.00
2017.01.18 08:55:26.975,1.71002,1.71047,1.00,1.00
2017.01.18 08:55:27.127,1.71002,1.71044,1.00,1.00
2017.01.18 08:55:27.485,1.71001,1.71046,1.00,1.00
2017.01.18 08:55:27.996,1.71002,1.71046,1.00,1.00
2017.01.18 08:55:28.643,1.71001,1.71046,1.50,1.00
2017.01.18 08:55:28.744,1.71011,1.71048,1.00,1.00
2017.01.18 08:55:29.213,1.71011,1.7105,1.00,1.00
2017.01.18 08:55:29.923,1.71011,1.71051,1.00,1.00
2017.01.18 08:55:30.082,1.71011,1.71049,1.00,1.00
2017.01.18 08:55:30.604,1.71011,1.71051,1.00,1.00
2017.01.18 08:55:30.858,1.71011,1.71049,1.00,1.00
2017.01.18 08:55:31.010,1.71011,1.71053,1.00,1.00
2017.01.18 08:55:31.679,1.71012,1.71052,1.00,1.00
2017.01.18 08:55:32.454,1.71012,1.71051,1.00,1.00
2017.01.18 08:55:32.505,1.71012,1.71053,1.00,1.00
2017.01.18 08:55:32.830,1.71006,1.71052,1.00,1.00
2017.01.18 08:55:32.881,1.71008,1.71052,1.00,1.00
2017.01.18 08:55:33.215,1.71005,1.71049,1.00,1.00
2017.01.18 08:55:33.553,1.71011,1.71048,1.00,1.00
2017.01.18 08:55:33.705,1.71011,1.7105,1.00,1.00
2017.01.18 08:55:33.806,1.71011,1.71053,1.00,1.00
2017.01.18 08:55:34.059,1.71011,1.71057,1.00,1.50
2017.01.18 08:55:34.110,1.7101,1.71053,1.00,1.00
2017.01.18 08:55:34.515,1.71012,1.71053,1.00,1.00
2017.01.18 08:55:34.566,1.71012,1.71055,1.00,1.00
2017.01.18 08:55:34.715,1.71012,1.71053,1.00,1.00
2017.01.18 08:55:35.018,1.71011,1.71051,1.00,1.00
2017.01.18 08:55:35.341,1.71011,1.71049,1.00,1.00
2017.01.18 08:55:35.876,1.71011,1.7105,1.00,1.00
2017.01.18 08:55:36.078,1.71011,1.71052,1.00,1.00
2017.01.18 08:55:36.129,1.71011,1.71055,1.00,1.00
2017.01.18 08:55:36.521,1.71011,1.71052,1.00,1.00
2017.01.18 08:55:36.852,1.71006,1.7105,1.50,1.00
2017.01.18 08:55:37.047,1.71002,1.71047,1.50,1.00
2017.01.18 08:55:37.354,1.71002,1.71045,1.00,1.00
2017.01.18 08:55:37.707,1.71002,1.71047,1.50,1.00
2017.01.18 08:55:38.403,1.71005,1.71049,1.00,1.00
2017.01.18 08:55:39.446,1.71003,1.71048,1.00,1.00
2017.01.18 08:55:39.547,1.71005,1.71049,1.00,1.00
2017.01.18 08:55:39.849,1.71005,1.71051,1.00,1.00
2017.01.18 08:55:40.304,1.71004,1.71048,1.50,1.00
2017.01.18 08:55:40.824,1.71004,1.71049,1.00,1.00
2017.01.18 08:55:41.371,1.71003,1.71049,1.50,1.00
2017.01.18 08:55:41.709,1.71012,1.71051,1.00,1.00
2017.01.18 08:55:42.218,1.71012,1.71052,1.00,1.00
2017.01.18 08:55:42.754,1.71012,1.71051,1.00,1.00
2017.01.18 08:55:42.805,1.71006,1.71048,1.00,1.00
2017.01.18 08:55:42.856,1.71002,1.71045,1.50,1.00
2017.01.18 08:55:42.906,1.71002,1.71042,1.50,1.00
2017.01.18 08:55:42.957,1.70996,1.71038,1.00,1.00
2017.01.18 08:55:43.008,1.70996,1.71036,1.00,1.00
2017.01.18 08:55:43.058,1.70993,1.71036,1.00,1.00
2017.01.18 08:55:43.411,1.70994,1.71038,1.00,1.00
2017.01.18 08:55:43.589,1.70992,1.71037,1.50,1.00
2017.01.18 08:55:44.356,1.70993,1.71038,1.00,1.00
2017.01.18 08:55:44.855,1.70992,1.71035,1.00,1.00
2017.01.18 08:55:44.922,1.70992,1.71037,1.00,1.00
2017.01.18 08:55:45.263,1.70994,1.71037,1.00,1.00
2017.01.18 08:55:45.505,1.70991,1.71035,1.50,1.00
2017.01.18 08:55:46.042,1.70992,1.71036,1.00,1.00
2017.01.18 08:55:46.234,1.70994,1.7104,1.00,1.00
2017.01.18 08:55:46.294,1.71001,1.7104,1.00,1.00
2017.01.18 08:55:46.545,1.70993,1.71039,1.00,1.00
2017.01.18 08:55:47.039,1.71002,1.71039,1.00,1.00
2017.01.18 08:55:47.442,1.70994,1.7104,1.00,1.00
2017.01.18 08:55:47.692,1.70992,1.71037,1.12,1.00
2017.01.18 08:55:47.995,1.71002,1.71041,1.00,1.00
2017.01.18 08:55:48.045,1.71002,1.71043,1.00,1.00
2017.01.18 08:55:48.147,1.71002,1.71046,1.50,1.00
2017.01.18 08:55:48.353,1.71011,1.71048,1.00,1.00
2017.01.18 08:55:48.504,1.71011,1.7105,1.00,1.00
2017.01.18 08:55:48.797,1.71012,1.71053,1.00,1.00
2017.01.18 08:55:48.848,1.71011,1.71051,1.00,1.00
2017.01.18 08:55:49.000,1.71003,1.71047,1.00,1.00
2017.01.18 08:55:49.152,1.71012,1.71047,1.00,1.00
2017.01.18 08:55:49.494,1.71012,1.71049,1.00,1.00
2017.01.18 08:55:49.595,1.71012,1.71047,1.00,1.00
2017.01.18 08:55:49.846,1.71012,1.7105,1.00,1.00
2017.01.18 08:55:51.180,1.71012,1.71052,1.00,1.50
2017.01.18 08:55:51.617,1.71011,1.71048,1.00,1.00
2017.01.18 08:55:51.719,1.71011,1.7105,1.00,1.00
2017.01.18 08:55:52.734,1.71012,1.7105,1.00,1.00
2017.01.18 08:55:52.885,1.71012,1.71046,1.00,1.00
2017.01.18 08:55:53.558,1.71012,1.71047,1.00,1.00
2017.01.18 08:55:54.065,1.71012,1.71048,1.00,1.00
2017.01.18 08:55:54.423,1.71012,1.71044,1.00,1.00
2017.01.18 08:55:54.615,1.71012,1.71046,1.00,1.00
2017.01.18 08:55:54.909,1.71012,1.71048,1.00,1.00
2017.01.18 08:55:54.959,1.71012,1.71046,1.00,1.00
2017.01.18 08:55:55.060,1.71012,1.71048,1.00,1.00
2017.01.18 08:55:55.213,1.71012,1.7105,1.00,1.00
2017.01.18 08:55:55.403,1.71012,1.71052,1.00,1.00
2017.01.18 08:55:55.505,1.71012,1.71055,1.00,1.00
2017.01.18 08:55:55.606,1.71012,1.71053,1.00,1.00
2017.01.18 08:55:55.908,1.71011,1.71055,1.00,1.00
2017.01.18 08:55:56.009,1.71011,1.71052,1.00,1.00
2017.01.18 08:55:56.312,1.71005,1.71049,1.00,1.00
2017.01.18 08:55:56.464,1.71012,1.71049,1.00,1.00
2017.01.18 08:55:56.716,1.71003,1.71049,1.00,1.00
2017.01.18 08:55:56.928,1.71012,1.7105,1.00,1.00
2017.01.18 08:55:57.381,1.71012,1.71052,1.00,1.00
2017.01.18 08:55:57.483,1.71012,1.71054,1.00,1.00
2017.01.18 08:55:57.533,1.71012,1.71051,1.00,1.00
2017.01.18 08:55:57.634,1.71012,1.71053,1.00,1.00
2017.01.18 08:55:57.735,1.71012,1.71051,1.00,1.00
2017.01.18 08:55:57.786,1.71012,1.71053,1.00,1.00
2017.01.18 08:55:58.245,1.71012,1.71057,1.00,1.00
2017.01.18 08:55:58.626,1.71016,1.71061,1.00,2.25
2017.01.18 08:55:58.929,1.71022,1.71063,1.00,1.37
2017.01.18 08:55:59.030,1.71023,1.71066,1.00,1.00
2017.01.18 08:55:59.131,1.71025,1.71068,1.00,1.00
2017.01.18 08:55:59.333,1.71024,1.7107,1.00,1.00
2017.01.18 08:55:59.625,1.71024,1.71068,1.00,1.00
2017.01.18 08:55:59.966,1.71032,1.71073,1.00,1.00
2017.01.18 08:56:00.269,1.71025,1.71068,1.50,1.00
2017.01.18 08:56:00.552,1.71032,1.71074,1.00,1.00
2017.01.18 08:56:01.398,1.71032,1.71075,1.00,1.00
2017.01.18 08:56:01.707,1.71038,1.71083,1.00,1.00
2017.01.18 08:56:01.758,1.71042,1.71084,1.00,1.00
2017.01.18 08:56:02.010,1.71043,1.71087,1.00,1.00
2017.01.18 08:56:02.314,1.71047,1.71093,1.00,1.00
2017.01.18 08:56:02.365,1.71044,1.7109,1.00,1.00
2017.01.18 08:56:02.668,1.71049,1.71093,1.00,1.00
2017.01.18 08:56:03.062,1.71048,1.71091,1.00,1.00
2017.01.18 08:56:03.606,1.71047,1.71091,1.00,1.00
2017.01.18 08:56:04.241,1.71048,1.71092,1.00,1.00
2017.01.18 08:56:04.661,1.71044,1.71087,1.00,1.00
2017.01.18 08:56:04.764,1.71043,1.71089,1.87,1.00
2017.01.18 08:56:04.865,1.71042,1.71086,1.00,1.00
2017.01.18 08:56:04.916,1.71039,1.71085,1.00,1.00
2017.01.18 08:56:05.460,1.71039,1.71084,1.00,1.00
2017.01.18 08:56:05.680,1.71038,1.71082,1.00,1.00
2017.01.18 08:56:05.881,1.71035,1.71081,1.00,1.00
2017.01.18 08:56:06.909,1.71036,1.71081,1.00,1.00
2017.01.18 08:56:07.340,1.7103,1.71075,1.50,1.00
2017.01.18 08:56:07.642,1.71024,1.71068,1.00,1.00
2017.01.18 08:56:07.965,1.71028,1.71071,1.00,1.00
2017.01.18 08:56:08.066,1.71026,1.71071,1.00,1.00
2017.01.18 08:56:08.560,1.71022,1.71065,1.00,1.00
2017.01.18 08:56:08.661,1.71018,1.71064,1.12,1.00
2017.01.18 08:56:08.712,1.7102,1.71063,1.00,1.00
2017.01.18 08:56:08.914,1.71017,1.71063,1.00,1.00
2017.01.18 08:56:08.964,1.71019,1.71065,1.00,1.00
2017.01.18 08:56:10.490,1.71018,1.71064,1.00,1.00
2017.01.18 08:56:10.793,1.71016,1.71059,1.00,1.00
2017.01.18 08:56:10.843,1.71014,1.7106,1.00,1.00
2017.01.18 08:56:11.676,1.71016,1.71059,1.00,1.00
2017.01.18 08:56:11.726,1.71016,1.71061,1.00,1.00
2017.01.18 08:56:11.961,1.71019,1.71063,1.00,1.00
2017.01.18 08:56:12.012,1.7102,1.71065,1.00,1.00
2017.01.18 08:56:12.063,1.71023,1.71066,1.00,1.00
2017.01.18 08:56:12.449,1.71021,1.71066,1.00,1.00
2017.01.18 08:56:13.273,1.71023,1.71066,1.00,1.00
2017.01.18 08:56:14.806,1.71021,1.71064,1.00,1.00
2017.01.18 08:56:14.856,1.71018,1.71062,1.50,1.00
2017.01.18 08:56:14.957,1.71015,1.71061,1.00,1.00
2017.01.18 08:56:15.785,1.71017,1.7106,1.00,1.00
2017.01.18 08:56:15.835,1.71015,1.71061,1.00,1.00
2017.01.18 08:56:16.139,1.71018,1.71061,1.00,1.00
2017.01.18 08:56:16.190,1.71019,1.71063,1.00,1.00
2017.01.18 08:56:16.392,1.7102,1.71065,1.00,1.00
2017.01.18 08:56:16.711,1.71022,1.71065,1.00,1.00
2017.01.18 08:56:17.381,1.71022,1.71066,1.00,1.00
2017.01.18 08:56:19.076,1.71023,1.71066,1.00,1.00
2017.01.18 08:56:19.126,1.71024,1.71068,1.00,1.00
2017.01.18 08:56:19.227,1.71027,1.71071,1.00,1.00
2017.01.18 08:56:19.328,1.71027,1.71073,1.00,1.00
2017.01.18 08:56:19.892,1.71028,1.71073,1.00,1.00
2017.01.18 08:56:20.398,1.71027,1.71071,1.00,1.00
2017.01.18 08:56:21.981,1.71026,1.71067,1.00,1.12
2017.01.18 08:56:22.285,1.71011,1.71056,1.87,1.00
2017.01.18 08:56:22.587,1.71019,1.71063,1.37,1.00
2017.01.18 08:56:22.638,1.71018,1.71062,1.12,1.00
2017.01.18 08:56:22.840,1.71018,1.71059,1.00,1.00
2017.01.18 08:56:23.042,1.71015,1.71059,1.00,1.00
2017.01.18 08:56:23.371,1.71012,1.71055,1.37,1.00
2017.01.18 08:56:23.421,1.7101,1.71055,1.00,1.00
2017.01.18 08:56:23.480,1.71012,1.71055,1.00,1.00
2017.01.18 08:56:23.815,1.71009,1.71052,1.37,1.00
2017.01.18 08:56:23.916,1.71007,1.71052,1.00,1.00
2017.01.18 08:56:24.118,1.71007,1.7105,1.12,1.00
2017.01.18 08:56:24.843,1.71007,1.71052,1.12,1.00
2017.01.18 08:56:26.209,1.71007,1.71051,1.12,1.00
2017.01.18 08:56:26.312,1.71003,1.71043,1.00,1.00
2017.01.18 08:56:26.564,1.70994,1.71039,1.50,1.00
2017.01.18 08:56:26.938,1.70994,1.71037,2.25,1.00
2017.01.18 08:56:27.241,1.71,1.71045,1.37,1.50
2017.01.18 08:56:27.643,1.71,1.71044,1.00,1.00
2017.01.18 08:56:27.794,1.70999,1.71042,1.50,1.00
2017.01.18 08:56:28.532,1.71002,1.71043,1.00,1.00
2017.01.18 08:56:28.896,1.71012,1.71056,1.12,2.25
2017.01.18 08:56:29.198,1.71012,1.71054,1.00,1.00
2017.01.18 08:56:29.741,1.71011,1.71055,1.00,1.00
2017.01.18 08:56:32.841,1.71012,1.71055,1.00,1.00
2017.01.18 08:56:33.144,1.71006,1.71037,1.00,1.00
2017.01.18 08:56:33.308,1.70992,1.71035,1.00,1.50
2017.01.18 08:56:33.512,1.7099,1.71033,1.12,1.00
2017.01.18 08:56:34.140,1.7099,1.71035,1.00,1.50
2017.01.18 08:56:34.191,1.70991,1.71035,1.37,1.00
2017.01.18 08:56:34.849,1.70991,1.71035,1.00,1.00
2017.01.18 08:56:36.125,1.7099,1.71035,1.12,1.00
2017.01.18 08:56:36.430,1.70995,1.71038,1.00,1.50
2017.01.18 08:56:36.632,1.70995,1.7104,1.37,1.50
2017.01.18 08:56:36.733,1.71002,1.7104,1.00,1.00
2017.01.18 08:56:36.943,1.70997,1.71042,1.00,1.50
2017.01.18 08:56:37.094,1.70997,1.7104,1.00,1.00
2017.01.18 08:56:37.338,1.70996,1.71042,1.00,1.00
2017.01.18 08:56:37.649,1.70998,1.71041,1.00,1.00
2017.01.18 08:56:38.030,1.70999,1.71043,1.00,1.00
2017.01.18 08:56:38.579,1.70998,1.71043,1.00,1.00
2017.01.18 08:56:39.177,1.70997,1.71043,1.00,1.00
2017.01.18 08:56:39.457,1.70998,1.71041,1.00,1.00
2017.01.18 08:56:39.508,1.70996,1.71042,1.00,1.00
2017.01.18 08:56:40.229,1.70996,1.71041,1.00,1.00
2017.01.18 08:56:40.613,1.70993,1.71037,1.37,1.00
2017.01.18 08:56:40.775,1.70992,1.71037,1.00,1.00
2017.01.18 08:56:40.825,1.70994,1.71038,1.00,1.50
2017.01.18 08:56:41.128,1.71002,1.71042,1.00,1.00
2017.01.18 08:56:41.553,1.70997,1.71043,1.12,1.00
2017.01.18 08:56:41.911,1.70997,1.71041,1.12,1.00
2017.01.18 08:56:42.184,1.70994,1.71039,1.12,1.00
2017.01.18 08:56:42.697,1.70993,1.71038,1.50,1.00
2017.01.18 08:56:43.589,1.70993,1.71039,1.50,1.00
2017.01.18 08:56:43.791,1.70997,1.7104,1.00,1.00
2017.01.18 08:56:44.144,1.70995,1.71039,1.00,1.00
2017.01.18 08:56:44.245,1.70996,1.71041,1.00,1.00
2017.01.18 08:56:44.322,1.70994,1.7104,1.00,1.00
2017.01.18 08:56:44.373,1.70996,1.71039,1.00,1.00
2017.01.18 08:56:44.894,1.70995,1.71038,1.00,1.00
2017.01.18 08:56:44.945,1.70993,1.71038,1.50,1.00
2017.01.18 08:56:44.996,1.70995,1.71038,1.00,1.00
2017.01.18 08:56:45.560,1.70993,1.71037,1.50,1.00
2017.01.18 08:56:45.611,1.70993,1.71034,1.00,1.00
2017.01.18 08:56:45.863,1.70993,1.71036,1.12,1.00
2017.01.18 08:56:46.483,1.70992,1.71037,1.50,1.00
2017.01.18 08:56:46.534,1.70994,1.71037,1.00,1.00
2017.01.18 08:56:46.736,1.70992,1.71037,1.12,1.00
2017.01.18 08:56:46.838,1.70997,1.7104,1.00,1.50
2017.01.18 08:56:46.889,1.70995,1.7104,1.00,1.00
2017.01.18 08:56:47.242,1.70997,1.7104,1.00,1.00
2017.01.18 08:56:48.060,1.70994,1.71039,1.00,1.00
2017.01.18 08:56:48.161,1.70991,1.71036,1.50,1.00
2017.01.18 08:56:50.124,1.70991,1.71035,1.50,1.00
2017.01.18 08:56:50.518,1.70994,1.71039,1.37,1.00
2017.01.18 08:56:51.039,1.70993,1.71038,1.37,1.00
2017.01.18 08:56:51.244,1.70993,1.71038,1.00,1.00
2017.01.18 08:56:51.294,1.70991,1.71034,1.00,1.00
2017.01.18 08:56:51.345,1.70989,1.71033,1.00,1.00
2017.01.18 08:56:51.820,1.70991,1.71034,1.37,1.50
2017.01.18 08:56:52.085,1.7099,1.71035,1.00,1.00
2017.01.18 08:56:52.136,1.70989,1.71032,1.00,1.00
2017.01.18 08:56:52.187,1.70987,1.71032,1.00,1.00
2017.01.18 08:56:52.238,1.7099,1.71032,1.00,1.00
2017.01.18 08:56:52.288,1.70989,1.71034,1.00,1.00
2017.01.18 08:56:52.454,1.70991,1.71035,1.00,1.00
2017.01.18 08:56:52.755,1.70985,1.71029,1.00,1.00
2017.01.18 08:56:52.907,1.70982,1.71027,1.50,1.00
2017.01.18 08:56:52.958,1.70984,1.71027,1.00,1.00
2017.01.18 08:56:53.210,1.70987,1.71032,1.00,1.00
2017.01.18 08:56:53.804,1.70986,1.71031,1.00,1.00
2017.01.18 08:56:56.465,1.70987,1.71032,1.00,1.00
2017.01.18 08:56:57.311,1.70986,1.71031,1.00,1.00
2017.01.18 08:56:57.824,1.70984,1.71029,1.37,1.00
2017.01.18 08:56:58.494,1.70985,1.71028,1.37,1.00
2017.01.18 08:56:58.997,1.70986,1.71029,1.00,1.00
2017.01.18 08:56:59.199,1.70982,1.71027,1.50,1.00
2017.01.18 08:56:59.250,1.70982,1.71025,1.00,1.00
2017.01.18 08:56:59.564,1.70998,1.71041,1.00,1.75
2017.01.18 08:56:59.665,1.70995,1.71038,1.00,1.50
2017.01.18 08:56:59.918,1.70993,1.71038,1.00,1.50
2017.01.18 08:57:00.120,1.70991,1.71036,1.00,1.37
2017.01.18 08:57:00.638,1.70991,1.71036,1.00,1.00
2017.01.18 08:57:00.890,1.70992,1.71037,1.37,1.50
2017.01.18 08:57:01.192,1.70995,1.71038,1.00,1.00
2017.01.18 08:57:01.558,1.71001,1.71044,1.00,1.00
2017.01.18 08:57:01.710,1.71003,1.71048,1.00,1.00
2017.01.18 08:57:01.811,1.71005,1.71047,1.00,1.00
2017.01.18 08:57:01.912,1.71001,1.71046,1.00,1.00
2017.01.18 08:57:01.963,1.70999,1.71044,1.00,1.00
2017.01.18 08:57:02.344,1.70997,1.7104,1.00,1.00
2017.01.18 08:57:02.445,1.70995,1.7104,1.00,1.00
2017.01.18 08:57:02.546,1.70995,1.71038,1.00,1.00
2017.01.18 08:57:02.596,1.70993,1.71038,1.00,1.00
2017.01.18 08:57:02.798,1.70996,1.71039,1.00,1.00
2017.01.18 08:57:03.104,1.71006,1.7105,1.37,1.75
2017.01.18 08:57:03.155,1.71012,1.71052,1.37,1.00
2017.01.18 08:57:03.206,1.71015,1.71051,1.00,1.00
2017.01.18 08:57:03.307,1.71017,1.71062,1.12,1.75
2017.01.18 08:57:03.458,1.71017,1.7106,1.00,1.00
2017.01.18 08:57:03.905,1.71014,1.71059,1.12,1.00
2017.01.18 08:57:04.007,1.71013,1.71056,1.00,1.00
2017.01.18 08:57:04.209,1.71014,1.71058,1.00,1.00
2017.01.18 08:57:04.309,1.71016,1.71061,1.00,1.00
2017.01.18 08:57:04.503,1.71014,1.71059,1.00,1.00
2017.01.18 08:57:04.805,1.71017,1.7106,1.00,1.00
2017.01.18 08:57:05.072,1.71017,1.71062,1.00,1.00
2017.01.18 08:57:05.224,1.71011,1.71046,1.00,1.00
2017.01.18 08:57:05.275,1.71001,1.71044,1.75,1.00
2017.01.18 08:57:05.326,1.71,1.71043,2.25,1.87
2017.01.18 08:57:05.377,1.70997,1.71042,1.75,1.00
2017.01.18 08:57:05.478,1.71002,1.71045,1.00,1.00
2017.01.18 08:57:05.528,1.71,1.71043,1.00,1.00
2017.01.18 08:57:06.059,1.71002,1.71045,1.00,1.00
2017.01.18 08:57:06.387,1.70999,1.71044,1.00,1.00
2017.01.18 08:57:08.102,1.71001,1.71044,1.00,1.00
2017.01.18 08:57:08.615,1.71004,1.71046,1.00,1.00
2017.01.18 08:57:08.716,1.71007,1.71052,1.12,1.12
2017.01.18 08:57:09.123,1.71008,1.71052,1.37,1.00
2017.01.18 08:57:09.466,1.71013,1.71058,1.00,1.00
2017.01.18 08:57:09.618,1.71018,1.71063,1.12,1.50
2017.01.18 08:57:09.921,1.7102,1.71065,1.00,1.00
2017.01.18 08:57:10.223,1.71014,1.71057,1.00,1.00
2017.01.18 08:57:10.274,1.71014,1.71059,1.00,1.00
2017.01.18 08:57:10.456,1.71016,1.71059,1.00,1.00
2017.01.18 08:57:10.884,1.71014,1.71058,1.00,1.00
2017.01.18 08:57:11.389,1.71016,1.71061,1.00,1.00
2017.01.18 08:57:11.641,1.71019,1.71062,1.00,1.00
2017.01.18 08:57:11.946,1.71016,1.71059,1.00,1.00
2017.01.18 08:57:12.141,1.71014,1.71059,1.00,1.00
2017.01.18 08:57:12.394,1.71019,1.71062,1.00,1.00
2017.01.18 08:57:12.445,1.7102,1.71065,1.00,1.00
2017.01.18 08:57:12.779,1.71017,1.71062,1.00,1.00
2017.01.18 08:57:13.184,1.71012,1.71055,1.00,1.00
2017.01.18 08:57:13.468,1.71013,1.71058,1.50,1.00
2017.01.18 08:57:13.845,1.71012,1.71054,1.00,1.00
2017.01.18 08:57:13.946,1.7101,1.71055,1.50,1.00
2017.01.18 08:57:14.068,1.71012,1.71055,1.00,1.00
2017.01.18 08:57:15.092,1.7101,1.71055,1.50,1.00
2017.01.18 08:57:15.716,1.7101,1.71055,1.87,1.00
2017.01.18 08:57:16.465,1.71011,1.71056,1.00,1.00
2017.01.18 08:57:16.815,1.71011,1.71054,1.00,1.00
2017.01.18 08:57:17.047,1.71012,1.71057,1.00,1.00
2017.01.18 08:57:17.098,1.71012,1.71055,1.00,1.00
2017.01.18 08:57:17.671,1.71013,1.71056,1.00,1.00
2017.01.18 08:57:17.772,1.71011,1.71056,1.00,1.00
2017.01.18 08:57:18.560,1.7101,1.71056,1.50,1.00
2017.01.18 08:57:18.808,1.7101,1.7105,1.00,1.37
2017.01.18 08:57:18.909,1.71003,1.71046,1.00,1.00
2017.01.18 08:57:18.960,1.71005,1.7105,1.00,1.87
2017.01.18 08:57:19.313,1.71007,1.71051,1.00,1.00
2017.01.18 08:57:19.660,1.71011,1.71056,1.00,1.37
2017.01.18 08:57:19.963,1.71014,1.71058,1.00,1.50
2017.01.18 08:57:20.014,1.71014,1.71057,1.37,1.00
2017.01.18 08:57:20.133,1.71014,1.71055,1.37,1.00
2017.01.18 08:57:20.234,1.71015,1.71058,1.00,2.25
2017.01.18 08:57:20.385,1.7101,1.71054,1.00,1.87
2017.01.18 08:57:20.436,1.7101,1.71055,1.00,1.37
2017.01.18 08:57:20.487,1.71005,1.7105,1.87,2.62
2017.01.18 08:57:20.790,1.71002,1.71041,1.00,1.00
2017.01.18 08:57:20.840,1.71,1.71041,1.00,1.00
2017.01.18 08:57:20.891,1.71,1.71041,1.00,1.37
2017.01.18 08:57:20.942,1.70998,1.71041,1.00,1.37
2017.01.18 08:57:21.469,1.71,1.71041,1.00,1.12
2017.01.18 08:57:21.519,1.71001,1.71045,1.00,1.75
2017.01.18 08:57:21.658,1.71002,1.71046,1.37,1.37
2017.01.18 08:57:21.709,1.71004,1.71048,1.00,1.50
2017.01.18 08:57:21.911,1.71006,1.71049,1.00,1.00
2017.01.18 08:57:22.415,1.71004,1.71047,1.37,1.00
2017.01.18 08:57:22.516,1.71005,1.71049,1.37,1.00
2017.01.18 08:57:23.031,1.71004,1.7105,1.37,1.00
2017.01.18 08:57:23.248,1.71003,1.71048,1.37,1.00
2017.01.18 08:57:23.500,1.71004,1.7105,1.12,1.00
2017.01.18 08:57:23.601,1.71005,1.71048,1.00,1.00
2017.01.18 08:57:23.703,1.71,1.71046,1.00,1.00
2017.01.18 08:57:24.328,1.71,1.71045,1.00,1.50
2017.01.18 08:57:24.429,1.71003,1.71045,1.00,1.00
2017.01.18 08:57:24.832,1.71002,1.71047,1.12,1.00
2017.01.18 08:57:25.232,1.71001,1.71045,1.00,1.00
2017.01.18 08:57:25.601,1.70998,1.71043,1.37,1.00
2017.01.18 08:57:26.107,1.70998,1.71043,1.12,1.50
2017.01.18 08:57:26.931,1.70997,1.71042,1.00,1.00
2017.01.18 08:57:27.436,1.70997,1.71042,1.37,1.00
2017.01.18 08:57:27.980,1.70997,1.71041,1.37,1.50
2017.01.18 08:57:28.749,1.70996,1.7104,1.37,1.00
2017.01.18 08:57:29.704,1.70996,1.7104,1.00,1.00
2017.01.18 08:57:30.111,1.71,1.71043,1.00,1.50
2017.01.18 08:57:30.313,1.71003,1.71049,1.12,1.87
2017.01.18 08:57:30.423,1.71006,1.71049,1.12,1.50
2017.01.18 08:57:30.629,1.71006,1.71052,1.12,1.00
2017.01.18 08:57:30.681,1.71006,1.71049,1.12,1.00
2017.01.18 08:57:31.348,1.71004,1.71048,1.00,1.00
2017.01.18 08:57:31.449,1.71005,1.7105,1.00,1.00
2017.01.18 08:57:31.651,1.71006,1.71048,1.00,1.00
2017.01.18 08:57:32.314,1.71006,1.71049,1.00,1.00
2017.01.18 08:57:33.322,1.71006,1.7105,1.00,1.00
2017.01.18 08:57:33.814,1.71006,1.71048,1.12,1.00
2017.01.18 08:57:33.865,1.71006,1.7105,1.12,1.00
2017.01.18 08:57:34.204,1.71006,1.71052,1.00,1.00
2017.01.18 08:57:34.255,1.71003,1.71048,1.00,1.00
2017.01.18 08:57:34.306,1.71001,1.71047,2.62,1.00
2017.01.18 08:57:34.510,1.71002,1.71045,1.37,1.00
2017.01.18 08:57:34.611,1.71007,1.7105,1.00,1.00
2017.01.18 08:57:34.763,1.71005,1.71049,1.00,1.00
2017.01.18 08:57:35.036,1.71004,1.71047,1.12,1.00
2017.01.18 08:57:35.776,1.71004,1.71048,1.12,1.00
2017.01.18 08:57:36.213,1.71004,1.71048,1.37,1.00
2017.01.18 08:57:36.315,1.71006,1.71052,1.37,1.00
2017.01.18 08:57:36.365,1.71008,1.71051,1.37,1.00
2017.01.18 08:57:36.832,1.71006,1.71049,1.87,1.00
2017.01.18 08:57:37.135,1.71004,1.71047,1.37,1.00
2017.01.18 08:57:37.185,1.71003,1.71049,2.62,1.00
2017.01.18 08:57:37.287,1.71005,1.71048,1.37,1.00
2017.01.18 08:57:37.338,1.71005,1.71048,1.12,1.00
2017.01.18 08:57:37.601,1.71003,1.71046,1.87,1.00
2017.01.18 08:57:39.190,1.71005,1.7105,1.37,1.00
2017.01.18 08:57:39.241,1.71007,1.71051,2.62,1.00
2017.01.18 08:57:39.291,1.71007,1.71053,2.62,1.00
2017.01.18 08:57:39.342,1.71011,1.71055,1.87,1.00
2017.01.18 08:57:39.393,1.71012,1.71057,1.37,1.00
2017.01.18 08:57:39.445,1.7101,1.71055,1.37,1.00
2017.01.18 08:57:40.031,1.7101,1.71054,1.37,1.00
2017.01.18 08:57:40.238,1.71012,1.71054,2.62,1.00
2017.01.18 08:57:40.289,1.71014,1.71057,1.37,1.00
2017.01.18 08:57:40.390,1.71013,1.71059,1.37,1.00
2017.01.18 08:57:40.441,1.71013,1.71059,1.00,1.00
2017.01.18 08:57:40.813,1.71013,1.71057,1.00,1.00
2017.01.18 08:57:41.472,1.71014,1.71058,1.00,1.00
2017.01.18 08:57:44.104,1.71011,1.71052,1.00,1.00
2017.01.18 08:57:44.486,1.71004,1.71038,1.00,1.00
2017.01.18 08:57:45.114,1.71005,1.71039,1.12,1.00
2017.01.18 08:57:45.452,1.71005,1.71038,1.37,1.00
2017.01.18 08:57:45.553,1.71006,1.71038,1.12,1.00
2017.01.18 08:57:45.604,1.71005,1.71038,2.62,1.00
2017.01.18 08:57:45.655,1.71005,1.71047,1.12,1.00
2017.01.18 08:57:45.806,1.71011,1.71049,1.12,1.00
2017.01.18 08:57:46.311,1.71012,1.71048,1.00,1.00
2017.01.18 08:57:46.563,1.7101,1.71048,1.00,1.00
2017.01.18 08:57:47.029,1.71005,1.71038,1.00,1.00
2017.01.18 08:57:47.767,1.71005,1.71039,1.00,1.00
2017.01.18 08:57:47.919,1.70998,1.71038,1.37,1.00
2017.01.18 08:57:48.020,1.70997,1.71038,1.00,1.00
2017.01.18 08:57:48.373,1.70999,1.71038,1.00,1.00
2017.01.18 08:57:48.675,1.71,1.71038,2.62,1.00
2017.01.18 08:57:48.913,1.71006,1.71048,1.00,1.00
2017.01.18 08:57:49.165,1.71006,1.71038,1.00,1.00
2017.01.18 08:57:49.630,1.71003,1.71038,1.00,1.00
2017.01.18 08:57:50.265,1.71003,1.71039,1.00,1.00
2017.01.18 08:57:52.247,1.71003,1.71038,1.37,1.00
2017.01.18 08:57:52.432,1.71005,1.71048,1.00,1.50
2017.01.18 08:57:54.121,1.71007,1.71048,1.37,1.00
2017.01.18 08:57:54.516,1.71011,1.71049,1.00,1.00
2017.01.18 08:57:55.373,1.71008,1.71049,1.00,1.00
2017.01.18 08:57:55.914,1.71009,1.71049,1.00,1.00
2017.01.18 08:57:56.066,1.71007,1.71049,1.12,1.00
2017.01.18 08:57:56.167,1.71009,1.71049,1.00,1.00
2017.01.18 08:57:56.515,1.71012,1.71049,1.00,1.00
2017.01.18 08:57:57.231,1.71014,1.71049,1.00,1.00
2017.01.18 08:57:57.510,1.71012,1.71049,1.00,1.00
2017.01.18 08:57:57.611,1.71009,1.71049,1.00,1.00
2017.01.18 08:57:58.120,1.71006,1.71049,1.00,1.00
2017.01.18 08:57:58.171,1.7101,1.71049,1.00,1.00
2017.01.18 08:57:58.222,1.71007,1.71048,1.12,1.00
2017.01.18 08:57:58.377,1.71009,1.71048,1.00,1.00
2017.01.18 08:57:58.428,1.71012,1.71057,1.12,1.50
2017.01.18 08:57:58.529,1.71014,1.71058,1.37,1.50
2017.01.18 08:57:59.038,1.71017,1.71048,1.00,1.00
2017.01.18 08:57:59.140,1.71013,1.71048,1.00,1.00
2017.01.18 08:57:59.241,1.71013,1.71058,1.00,1.00
2017.01.18 08:57:59.342,1.71011,1.71049,1.00,1.00
2017.01.18 08:57:59.444,1.71009,1.71049,1.12,1.00
2017.01.18 08:57:59.825,1.71011,1.71049,1.37,1.00
2017.01.18 08:58:00.397,1.7101,1.71048,1.00,1.00
2017.01.18 08:58:00.448,1.71009,1.71048,1.37,1.00
2017.01.18 08:58:00.706,1.7101,1.71048,1.00,1.00
2017.01.18 08:58:00.757,1.71006,1.71049,1.37,1.00
2017.01.18 08:58:00.858,1.7101,1.71049,1.00,1.00
2017.01.18 08:58:00.960,1.71006,1.71049,1.37,1.00
2017.01.18 08:58:01.465,1.71006,1.71048,1.12,1.00
2017.01.18 08:58:02.384,1.71005,1.71048,1.00,1.00
2017.01.18 08:58:02.687,1.71003,1.71047,1.00,1.00
2017.01.18 08:58:03.232,1.71001,1.71038,1.00,1.00
2017.01.18 08:58:03.282,1.70999,1.71038,1.50,1.00
2017.01.18 08:58:03.740,1.70995,1.71039,1.12,1.00
2017.01.18 08:58:03.791,1.70997,1.71039,1.00,1.00
2017.01.18 08:58:04.096,1.71,1.71038,1.12,1.00
2017.01.18 08:58:04.197,1.71006,1.71045,1.00,1.00
2017.01.18 08:58:04.298,1.71007,1.71048,1.00,1.00
2017.01.18 08:58:04.399,1.71005,1.71048,1.00,1.00
2017.01.18 08:58:04.652,1.71004,1.71049,1.00,1.37
2017.01.18 08:58:04.753,1.71004,1.71049,1.00,1.00
2017.01.18 08:58:04.804,1.71005,1.71049,1.00,3.37
2017.01.18 08:58:05.005,1.70994,1.71038,1.50,1.00
2017.01.18 08:58:05.439,1.70995,1.7104,1.37,1.00
2017.01.18 08:58:05.968,1.70996,1.71039,1.37,1.00
2017.01.18 08:58:07.614,1.70993,1.71037,2.25,1.12
2017.01.18 08:58:07.715,1.70988,1.71032,1.37,1.00
2017.01.18 08:58:07.816,1.70991,1.71034,1.00,1.00
2017.01.18 08:58:07.968,1.70997,1.71041,1.00,1.50
2017.01.18 08:58:08.220,1.70999,1.71043,1.00,1.00
2017.01.18 08:58:09.805,1.70997,1.71041,1.00,1.00
2017.01.18 08:58:10.267,1.70995,1.71035,1.00,1.00
2017.01.18 08:58:10.368,1.70988,1.71034,1.00,1.00
2017.01.18 08:58:10.671,1.70986,1.71032,1.12,1.00
2017.01.18 08:58:11.131,1.70987,1.71031,1.00,1.37
2017.01.18 08:58:11.350,1.70985,1.71031,1.50,1.12
2017.01.18 08:58:11.604,1.70987,1.71031,1.00,1.12
2017.01.18 08:58:12.259,1.70986,1.7103,1.00,1.00
2017.01.18 08:58:12.376,1.70986,1.71033,1.00,1.50
2017.01.18 08:58:12.427,1.70986,1.7103,1.00,1.00
2017.01.18 08:58:12.556,1.70987,1.71032,1.00,1.00
2017.01.18 08:58:13.039,1.7099,1.71033,1.00,1.00
2017.01.18 08:58:13.090,1.7099,1.71036,1.12,1.50
2017.01.18 08:58:13.482,1.70988,1.71034,1.00,1.00
2017.01.18 08:58:14.012,1.70988,1.71034,1.37,1.00
2017.01.18 08:58:14.574,1.7099,1.71034,1.37,1.00
2017.01.18 08:58:14.926,1.7099,1.71034,1.00,1.00
2017.01.18 08:58:15.353,1.70988,1.71033,1.00,1.00
2017.01.18 08:58:15.404,1.70986,1.71033,1.00,1.00
2017.01.18 08:58:15.907,1.70986,1.71032,1.00,1.50
2017.01.18 08:58:16.417,1.70985,1.71031,1.87,1.00
2017.01.18 08:58:16.892,1.70987,1.71031,1.00,1.00
2017.01.18 08:58:17.204,1.70986,1.71031,1.37,1.00
2017.01.18 08:58:17.255,1.70986,1.71031,1.37,1.00
2017.01.18 08:58:17.306,1.70988,1.71033,1.00,1.00
2017.01.18 08:58:18.164,1.70988,1.71029,1.00,1.00
2017.01.18 08:58:18.215,1.70988,1.71033,1.00,1.00
2017.01.18 08:58:18.266,1.7099,1.71033,1.00,1.00
2017.01.18 08:58:18.522,1.70992,1.71037,1.00,1.00
2017.01.18 08:58:18.825,1.70992,1.71019,1.00,1.00
2017.01.18 08:58:18.875,1.7098,1.71019,1.87,1.00
2017.01.18 08:58:18.926,1.7098,1.71025,1.00,1.00
2017.01.18 08:58:19.027,1.7098,1.71022,1.00,1.00
2017.01.18 08:58:19.078,1.7098,1.71025,1.00,1.37
2017.01.18 08:58:19.128,1.7098,1.71018,1.00,1.00
2017.01.18 08:58:19.431,1.7098,1.71015,1.00,1.00
2017.01.18 08:58:19.770,1.7097,1.71004,1.00,1.00
2017.01.18 08:58:19.871,1.70961,1.71005,1.37,1.00
2017.01.18 08:58:19.972,1.70961,1.71004,1.00,1.00
2017.01.18 08:58:20.224,1.7096,1.71006,1.37,1.00
2017.01.18 08:58:20.735,1.70963,1.71007,1.37,1.00
2017.01.18 08:58:21.037,1.70966,1.71008,1.12,1.50
2017.01.18 08:58:21.561,1.70966,1.71006,1.00,1.00
2017.01.18 08:58:21.864,1.70966,1.71008,1.00,1.00
2017.01.18 08:58:22.116,1.70966,1.71006,1.12,1.00
2017.01.18 08:58:22.778,1.70966,1.71008,1.12,1.00
2017.01.18 08:58:22.879,1.70966,1.71006,1.12,1.00
2017.01.18 08:58:22.930,1.70966,1.71008,1.12,1.00
2017.01.18 08:58:22.981,1.70966,1.71006,1.12,1.00
2017.01.18 08:58:23.290,1.70961,1.71007,1.37,1.00
2017.01.18 08:58:23.816,1.70965,1.71009,1.00,1.50
2017.01.18 08:58:24.365,1.70962,1.71008,1.00,1.37
2017.01.18 08:58:24.431,1.70959,1.71004,1.00,1.00
2017.01.18 08:58:24.733,1.70962,1.71006,1.00,1.00
2017.01.18 08:58:24.987,1.70959,1.71006,1.87,1.00
2017.01.18 08:58:25.038,1.7096,1.70999,1.00,1.00
2017.01.18 08:58:25.581,1.70959,1.70998,1.87,1.00
2017.01.18 08:58:26.089,1.70959,1.70998,1.50,1.00
2017.01.18 08:58:26.246,1.70959,1.71006,1.50,1.00
2017.01.18 08:58:26.472,1.70957,1.70999,1.50,1.00
2017.01.18 08:58:26.523,1.70955,1.71002,1.37,1.00
2017.01.18 08:58:26.675,1.70953,1.71,3.00,1.00
2017.01.18 08:58:26.978,1.70955,1.70998,1.00,1.00
2017.01.18 08:58:27.439,1.70951,1.70989,1.75,1.00
2017.01.18 08:58:27.544,1.70951,1.70997,1.37,1.00
2017.01.18 08:58:27.940,1.70954,1.70998,1.37,1.50
2017.01.18 08:58:28.242,1.7097,1.71008,1.12,1.00
2017.01.18 08:58:28.445,1.7097,1.71017,1.12,1.00
2017.01.18 08:58:28.546,1.7097,1.71008,1.37,1.00
2017.01.18 08:58:28.857,1.70971,1.71016,1.37,1.00
2017.01.18 08:58:29.377,1.70977,1.71023,2.62,1.00
2017.01.18 08:58:29.428,1.7098,1.71025,1.12,1.00
2017.01.18 08:58:29.479,1.7098,1.71025,1.37,1.00
2017.01.18 08:58:29.782,1.70983,1.71027,1.37,1.00
2017.01.18 08:58:30.084,1.71,1.71041,1.37,1.50
2017.01.18 08:58:30.387,1.71006,1.71052,1.00,1.75
2017.01.18 08:58:30.851,1.71005,1.71049,1.00,1.00
2017.01.18 08:58:31.006,1.71003,1.71049,1.87,1.50
2017.01.18 08:58:31.538,1.71003,1.71048,1.87,1.00
2017.01.18 08:58:32.095,1.71004,1.71048,1.12,1.00
2017.01.18 08:58:32.812,1.71004,1.71048,1.37,1.00
2017.01.18 08:58:33.114,1.71009,1.71048,1.50,1.00
2017.01.18 08:58:33.981,1.71009,1.71053,1.50,1.00
2017.01.18 08:58:34.591,1.71009,1.71048,1.50,1.00
2017.01.18 08:58:34.755,1.71009,1.71052,1.00,1.00
2017.01.18 08:58:34.806,1.71005,1.7105,2.25,1.00
2017.01.18 08:58:34.908,1.71005,1.7105,1.87,1.00
2017.01.18 08:58:35.009,1.71005,1.71048,1.50,1.00
2017.01.18 08:58:36.038,1.71004,1.71048,1.00,1.00
2017.01.18 08:58:36.362,1.71007,1.71048,1.00,1.00
2017.01.18 08:58:37.209,1.71008,1.71048,1.00,1.00
2017.01.18 08:58:38.118,1.71008,1.71049,1.00,1.00
2017.01.18 08:58:39.378,1.71005,1.71049,1.00,1.00
2017.01.18 08:58:39.722,1.71007,1.71049,1.00,1.00
2017.01.18 08:58:40.246,1.71008,1.71048,1.00,1.00
2017.01.18 08:58:40.772,1.71007,1.71049,1.00,1.00
2017.01.18 08:58:40.823,1.71007,1.71053,1.00,1.50
2017.01.18 08:58:40.873,1.71018,1.71053,1.00,1.00
2017.01.18 08:58:40.924,1.71015,1.71059,1.00,1.37
2017.01.18 08:58:40.975,1.71023,1.71058,1.00,1.00
2017.01.18 08:58:41.026,1.7102,1.71058,1.00,1.12
2017.01.18 08:58:41.127,1.7102,1.71067,1.00,1.50
2017.01.18 08:58:41.178,1.7102,1.71067,1.00,1.12
2017.01.18 08:58:41.229,1.71022,1.71068,1.00,1.50
2017.01.18 08:58:41.623,1.71025,1.71069,1.00,1.50
2017.01.18 08:58:41.781,1.71022,1.71069,1.00,1.50
2017.01.18 08:58:42.290,1.71022,1.71069,1.37,1.50
2017.01.18 08:58:42.827,1.71023,1.71059,1.00,1.00
2017.01.18 08:58:42.928,1.71022,1.71068,1.00,1.50
2017.01.18 08:58:42.979,1.71025,1.71068,1.00,1.00
2017.01.18 08:58:43.633,1.71026,1.71069,1.00,1.00
2017.01.18 08:58:44.261,1.71026,1.71068,1.00,1.00
2017.01.18 08:58:44.564,1.71024,1.71068,1.00,1.12
2017.01.18 08:58:44.666,1.71021,1.71068,1.00,1.00
2017.01.18 08:58:44.716,1.7102,1.71059,1.12,1.00
2017.01.18 08:58:45.072,1.71022,1.71058,1.37,1.00
2017.01.18 08:58:45.223,1.71025,1.71069,1.00,1.00
2017.01.18 08:58:45.846,1.71025,1.71069,1.37,1.00
2017.01.18 08:58:46.655,1.71028,1.71069,1.00,1.00
2017.01.18 08:58:47.618,1.71028,1.71068,1.00,1.00
2017.01.18 08:58:47.669,1.71025,1.71068,1.00,1.00
2017.01.18 08:58:48.045,1.71027,1.71069,1.12,1.00
2017.01.18 08:58:48.448,1.71028,1.71069,1.37,1.00
2017.01.18 08:58:49.061,1.71028,1.71069,1.00,1.00
2017.01.18 08:58:49.883,1.7103,1.71069,1.00,1.00
2017.01.18 08:58:49.934,1.71032,1.71077,1.00,1.00
2017.01.18 08:58:50.221,1.71036,1.71078,1.37,1.00
2017.01.18 08:58:50.322,1.71041,1.71086,1.12,1.50
2017.01.18 08:58:50.695,1.71042,1.71088,1.00,1.00
2017.01.18 08:58:51.067,1.7104,1.71087,1.00,1.00
2017.01.18 08:58:51.168,1.7104,1.71085,1.00,1.00
2017.01.18 08:58:51.219,1.7104,1.71087,1.00,1.00
2017.01.18 08:58:51.320,1.7104,1.71085,1.00,1.00
2017.01.18 08:58:51.472,1.7104,1.71087,1.00,1.00
2017.01.18 08:58:51.783,1.71042,1.71088,1.00,1.00
2017.01.18 08:58:52.234,1.71041,1.71086,1.00,1.00
2017.01.18 08:58:53.275,1.71042,1.71089,1.00,1.50
2017.01.18 08:58:53.823,1.71043,1.71089,1.00,1.00
2017.01.18 08:58:53.874,1.71041,1.71088,1.00,1.50
2017.01.18 08:58:54.101,1.71036,1.71078,1.00,1.00
2017.01.18 08:58:54.152,1.71034,1.71079,1.00,1.00
2017.01.18 08:58:54.363,1.71034,1.71081,1.00,1.00
2017.01.18 08:58:54.421,1.71036,1.71083,1.00,1.00
2017.01.18 08:58:54.860,1.71036,1.71075,1.00,1.00
2017.01.18 08:58:55.011,1.71027,1.71068,1.00,1.00
2017.01.18 08:58:55.532,1.71027,1.71069,1.00,1.00
2017.01.18 08:58:55.894,1.71038,1.71069,1.00,1.00
2017.01.18 08:58:55.945,1.71043,1.71088,1.00,2.25
2017.01.18 08:58:55.996,1.71045,1.71089,1.00,1.12
2017.01.18 08:58:56.097,1.71047,1.71089,1.00,1.00
2017.01.18 08:58:56.452,1.71044,1.71078,1.00,1.00
2017.01.18 08:58:56.553,1.71036,1.71079,1.50,1.37
2017.01.18 08:58:56.654,1.71031,1.71069,2.25,1.00
2017.01.18 08:58:56.705,1.71031,1.71069,1.00,1.00
2017.01.18 08:58:56.756,1.7103,1.71075,1.37,1.00
2017.01.18 08:58:56.920,1.71028,1.71069,1.50,1.00
2017.01.18 08:58:57.324,1.71025,1.71068,1.00,1.00
2017.01.18 08:58:57.425,1.71022,1.71068,1.00,1.50
2017.01.18 08:58:57.627,1.7102,1.71065,1.12,1.00
2017.01.18 08:58:57.677,1.7102,1.71067,1.12,1.00
2017.01.18 08:58:57.728,1.71022,1.71067,1.00,1.00
2017.01.18 08:58:58.068,1.71025,1.71069,1.00,1.00
2017.01.18 08:58:58.378,1.71028,1.71069,1.00,1.00
2017.01.18 08:58:58.922,1.71022,1.71064,1.00,1.00
2017.01.18 08:58:58.973,1.71021,1.71059,1.00,1.00
2017.01.18 08:58:59.074,1.71017,1.71059,1.00,1.00
2017.01.18 08:58:59.614,1.71018,1.71059,1.00,1.00
2017.01.18 08:59:01.526,1.71027,1.71068,1.37,1.12
2017.01.18 08:59:01.829,1.71028,1.71068,1.37,1.00
2017.01.18 08:59:01.930,1.71025,1.71072,1.00,1.37
2017.01.18 08:59:01.981,1.71027,1.71072,1.00,1.37
2017.01.18 08:59:02.132,1.71019,1.71067,1.87,1.00
2017.01.18 08:59:02.183,1.7102,1.71065,1.00,1.00
2017.01.18 08:59:02.514,1.71026,1.71069,1.00,1.00
2017.01.18 08:59:02.615,1.71022,1.71066,1.00,1.00
2017.01.18 08:59:02.817,1.71024,1.71069,1.00,1.00
2017.01.18 08:59:03.272,1.71027,1.71069,1.00,1.00
2017.01.18 08:59:03.323,1.71025,1.71071,1.00,1.00
2017.01.18 08:59:03.424,1.71026,1.71069,1.00,1.00
2017.01.18 08:59:03.968,1.71025,1.71069,1.00,1.00
2017.01.18 08:59:04.517,1.71024,1.71069,1.00,1.50
2017.01.18 08:59:04.819,1.71018,1.71058,1.00,1.00
2017.01.18 08:59:05.122,1.71017,1.71062,1.00,1.00
2017.01.18 08:59:05.270,1.71017,1.71064,1.00,1.00
2017.01.18 08:59:05.389,1.7102,1.71065,1.00,1.00
2017.01.18 08:59:05.552,1.71018,1.71065,1.00,1.00
2017.01.18 08:59:05.603,1.7102,1.71065,1.00,1.00
2017.01.18 08:59:05.906,1.71014,1.7106,1.75,1.00
2017.01.18 08:59:06.209,1.71033,1.71078,1.12,1.00
2017.01.18 08:59:06.260,1.71037,1.71081,1.12,1.00
2017.01.18 08:59:06.394,1.71038,1.71083,1.00,1.50
2017.01.18 08:59:06.445,1.71036,1.71083,1.00,1.00
2017.01.18 08:59:06.495,1.71036,1.71081,1.00,1.00
2017.01.18 08:59:06.845,1.71036,1.71078,1.00,1.00
2017.01.18 08:59:06.946,1.71034,1.71078,1.00,1.00
2017.01.18 08:59:07.249,1.71036,1.71078,1.37,1.00
2017.01.18 08:59:07.350,1.71038,1.71084,1.37,1.00
2017.01.18 08:59:07.579,1.71039,1.71086,1.00,1.00
2017.01.18 08:59:07.681,1.71038,1.71084,1.12,1.00
2017.01.18 08:59:08.226,1.71038,1.71078,1.00,1.00
2017.01.18 08:59:08.327,1.71035,1.71078,1.00,1.00
2017.01.18 08:59:08.427,1.71033,1.71078,1.87,1.00
2017.01.18 08:59:08.478,1.71035,1.71078,1.00,1.00
2017.01.18 08:59:08.629,1.71035,1.71082,1.12,1.00
2017.01.18 08:59:09.464,1.71035,1.71079,1.00,1.00
2017.01.18 08:59:09.565,1.71033,1.71079,1.00,1.00
2017.01.18 08:59:09.716,1.71035,1.71079,1.00,1.00
2017.01.18 08:59:10.019,1.71034,1.71075,1.00,1.00
2017.01.18 08:59:10.070,1.71031,1.71073,1.00,1.00
2017.01.18 08:59:10.171,1.71029,1.71074,1.00,1.00
2017.01.18 08:59:10.221,1.71027,1.71068,1.12,1.00
2017.01.18 08:59:10.623,1.71029,1.71074,1.00,1.00
2017.01.18 08:59:10.724,1.7103,1.71078,1.00,1.00
2017.01.18 08:59:10.775,1.71033,1.71079,1.00,1.00
2017.01.18 08:59:11.078,1.71041,1.71079,1.00,1.00
2017.01.18 08:59:11.384,1.71037,1.71079,1.37,1.00
2017.01.18 08:59:11.485,1.71036,1.71079,1.00,1.00
2017.01.18 08:59:11.841,1.71039,1.71079,1.00,1.00
2017.01.18 08:59:11.942,1.71037,1.71078,1.00,1.00
2017.01.18 08:59:11.993,1.7103,1.71078,1.87,1.87
2017.01.18 08:59:12.044,1.7103,1.71068,1.00,1.00
2017.01.18 08:59:12.094,1.71027,1.71068,1.37,1.00
2017.01.18 08:59:12.145,1.71025,1.71068,1.37,1.00
2017.01.18 08:59:12.772,1.71024,1.71068,2.62,1.00
2017.01.18 08:59:12.974,1.7102,1.71065,1.50,1.00
2017.01.18 08:59:13.254,1.71018,1.71064,1.00,1.00
2017.01.18 08:59:13.305,1.71016,1.71061,1.87,1.00
2017.01.18 08:59:13.406,1.71016,1.7106,1.12,1.00
2017.01.18 08:59:13.810,1.71016,1.71049,1.12,1.00
2017.01.18 08:59:14.212,1.71022,1.71058,1.87,1.00
2017.01.18 08:59:14.302,1.71023,1.71061,2.62,1.00
2017.01.18 08:59:14.353,1.71027,1.71069,1.37,1.00
2017.01.18 08:59:14.404,1.7103,1.71069,1.00,1.00
2017.01.18 08:59:14.656,1.71028,1.71069,1.00,1.00
2017.01.18 08:59:15.190,1.71027,1.71069,1.00,1.00
2017.01.18 08:59:15.788,1.71026,1.71068,1.37,1.00
2017.01.18 08:59:17.127,1.71025,1.71069,1.87,1.00
2017.01.18 08:59:17.694,1.71023,1.71068,1.00,1.00
2017.01.18 08:59:18.755,1.71021,1.71068,1.00,1.87
2017.01.18 08:59:19.160,1.71022,1.71069,1.00,1.50
2017.01.18 08:59:19.516,1.71022,1.71068,1.00,1.37
2017.01.18 08:59:20.328,1.71022,1.71059,1.00,1.00
2017.01.18 08:59:20.697,1.71022,1.71069,1.37,1.50
2017.01.18 08:59:21.047,1.71022,1.71067,1.37,1.00
2017.01.18 08:59:21.097,1.71022,1.71067,1.00,1.00
2017.01.18 08:59:21.379,1.71022,1.71069,1.00,1.87
2017.01.18 08:59:21.685,1.71022,1.71058,1.00,1.00
2017.01.18 08:59:22.112,1.71019,1.71058,1.12,1.00
2017.01.18 08:59:22.922,1.71022,1.71058,1.00,1.00
2017.01.18 08:59:23.073,1.7102,1.71058,1.00,1.00
2017.01.18 08:59:23.469,1.71018,1.71058,1.50,1.00
2017.01.18 08:59:24.008,1.71019,1.71059,1.00,1.00
2017.01.18 08:59:24.961,1.71019,1.71058,1.00,1.00
2017.01.18 08:59:25.155,1.71021,1.71058,1.00,1.00
2017.01.18 08:59:25.357,1.71019,1.71058,1.00,1.00
2017.01.18 08:59:26.069,1.71019,1.71059,1.00,1.00
2017.01.18 08:59:26.815,1.7102,1.71059,1.00,1.00
2017.01.18 08:59:27.130,1.71015,1.71058,1.00,1.00
2017.01.18 08:59:27.231,1.71014,1.71059,1.87,1.00
2017.01.18 08:59:27.333,1.71014,1.71058,1.37,1.00
2017.01.18 08:59:27.535,1.71012,1.71057,1.00,1.00
2017.01.18 08:59:28.105,1.71008,1.71055,1.50,1.00
2017.01.18 08:59:28.155,1.71009,1.71053,1.00,1.00
2017.01.18 08:59:28.470,1.71007,1.71053,1.00,1.00
2017.01.18 08:59:28.626,1.7101,1.71056,1.00,1.00
2017.01.18 08:59:28.929,1.71014,1.71058,1.00,1.00
2017.01.18 08:59:29.282,1.71017,1.71058,1.00,1.00
2017.01.18 08:59:29.807,1.71016,1.71058,1.00,1.00
2017.01.18 08:59:30.110,1.71015,1.71059,2.62,1.00
2017.01.18 08:59:30.775,1.71021,1.71059,1.12,1.00
2017.01.18 08:59:30.912,1.7102,1.71065,1.12,1.00
2017.01.18 08:59:31.303,1.71019,1.71063,1.37,1.00
2017.01.18 08:59:31.770,1.71022,1.71069,1.12,2.25
2017.01.18 08:59:31.821,1.7102,1.71067,1.12,1.00
2017.01.18 08:59:32.139,1.71017,1.71064,1.00,1.37
2017.01.18 08:59:32.455,1.71015,1.71061,1.37,1.00
2017.01.18 08:59:32.505,1.71015,1.71061,1.12,1.00
2017.01.18 08:59:32.847,1.71018,1.71058,1.00,1.00
2017.01.18 08:59:32.999,1.71016,1.71061,1.37,1.00
2017.01.18 08:59:33.119,1.71016,1.71061,1.12,1.00
2017.01.18 08:59:33.221,1.71013,1.71049,1.50,1.12
2017.01.18 08:59:33.525,1.70993,1.71033,2.55,1.00
2017.01.18 08:59:33.576,1.70988,1.71033,1.12,1.12
2017.01.18 08:59:33.879,1.70993,1.71037,1.12,1.50
2017.01.18 08:59:34.113,1.70991,1.71037,1.00,1.37
2017.01.18 08:59:34.416,1.71008,1.71045,1.00,1.00
2017.01.18 08:59:34.568,1.7101,1.71056,1.00,1.37
2017.01.18 08:59:34.673,1.7101,1.71056,1.00,1.37
2017.01.18 08:59:34.976,1.71014,1.71059,1.12,1.50
2017.01.18 08:59:35.178,1.71015,1.71062,1.00,1.12
2017.01.18 08:59:36.161,1.71017,1.71062,1.00,1.00
2017.01.18 08:59:36.710,1.71018,1.71062,1.00,1.00
2017.01.18 08:59:37.119,1.71015,1.71061,1.00,1.37
2017.01.18 08:59:37.624,1.71014,1.7106,1.12,1.00
2017.01.18 08:59:37.962,1.71016,1.7106,1.00,1.00
2017.01.18 08:59:38.450,1.71015,1.71062,1.37,1.00
2017.01.18 08:59:39.056,1.71016,1.71062,1.00,1.00
2017.01.18 08:59:39.520,1.71019,1.71063,1.87,1.00
2017.01.18 08:59:39.722,1.71028,1.71075,1.87,1.75
2017.01.18 08:59:39.772,1.71032,1.71078,1.00,1.75
2017.01.18 08:59:40.279,1.71033,1.71076,1.00,1.12
2017.01.18 08:59:40.431,1.71031,1.71078,1.00,1.75
2017.01.18 08:59:40.583,1.71032,1.71076,2.62,1.75
2017.01.18 08:59:40.734,1.71032,1.71078,1.12,1.75
2017.01.18 08:59:40.835,1.7103,1.71074,1.50,1.50
2017.01.18 08:59:40.886,1.7103,1.71071,1.00,1.00
2017.01.18 08:59:40.937,1.71028,1.71073,1.00,1.37
2017.01.18 08:59:41.038,1.71027,1.71074,1.37,1.00
2017.01.18 08:59:41.192,1.7103,1.71074,1.00,1.00
2017.01.18 08:59:41.327,1.7103,1.71077,1.12,1.00
2017.01.18 08:59:41.479,1.71029,1.71073,1.50,1.00
2017.01.18 08:59:41.827,1.71027,1.71071,1.00,1.00
2017.01.18 08:59:41.878,1.71025,1.7107,1.00,1.00
2017.01.18 08:59:42.204,1.71023,1.7107,2.62,1.00
2017.01.18 08:59:42.305,1.71025,1.71069,1.00,1.00
2017.01.18 08:59:42.356,1.71023,1.7107,1.87,1.00
2017.01.18 08:59:42.457,1.71023,1.71067,1.50,1.37
2017.01.18 08:59:42.558,1.71019,1.71064,1.00,1.37
2017.01.18 08:59:42.710,1.71018,1.71065,1.00,1.00
2017.01.18 08:59:42.760,1.7102,1.71066,1.00,1.00
2017.01.18 08:59:43.063,1.71012,1.71056,1.75,1.00
2017.01.18 08:59:43.114,1.71012,1.71056,1.37,1.00
2017.01.18 08:59:43.165,1.71012,1.71056,1.00,1.00
2017.01.18 08:59:43.216,1.71012,1.71054,1.00,1.00
2017.01.18 08:59:43.618,1.71012,1.71056,1.50,1.00
2017.01.18 08:59:43.719,1.71012,1.71057,1.87,1.00
2017.01.18 08:59:43.770,1.71014,1.71061,1.12,1.00
2017.01.18 08:59:43.821,1.71016,1.71063,1.00,1.00
2017.01.18 08:59:44.123,1.71017,1.71061,1.00,1.00
2017.01.18 08:59:44.841,1.71016,1.71062,1.12,1.00
2017.01.18 08:59:45.320,1.71014,1.71059,1.00,1.00
2017.01.18 08:59:45.623,1.71015,1.71062,1.00,1.00
2017.01.18 08:59:45.674,1.71017,1.71062,1.12,1.00
2017.01.18 08:59:45.775,1.7102,1.71067,1.12,1.00
2017.01.18 08:59:45.825,1.7102,1.71067,1.37,1.00
2017.01.18 08:59:45.926,1.7102,1.71067,1.00,1.12
2017.01.18 08:59:46.134,1.71019,1.71063,1.00,1.37
2017.01.18 08:59:46.500,1.71019,1.71058,1.00,1.37
2017.01.18 08:59:46.551,1.71012,1.71055,1.50,1.12
2017.01.18 08:59:46.685,1.71012,1.71055,1.50,1.37
2017.01.18 08:59:46.787,1.71007,1.71054,1.00,1.00
2017.01.18 08:59:46.838,1.71011,1.71054,1.12,1.00
2017.01.18 08:59:47.140,1.71011,1.71052,1.00,1.00
2017.01.18 08:59:47.342,1.71015,1.7106,1.37,1.00
2017.01.18 08:59:47.443,1.71017,1.71063,1.12,1.00
2017.01.18 08:59:47.494,1.7102,1.71064,1.12,1.00
2017.01.18 08:59:47.596,1.71022,1.71067,1.00,1.00
2017.01.18 08:59:47.654,1.71017,1.71061,1.00,1.37
2017.01.18 08:59:47.983,1.71012,1.71057,1.37,1.00
2017.01.18 08:59:48.205,1.71011,1.71057,1.50,1.00
2017.01.18 08:59:48.256,1.71012,1.71059,1.50,1.00
2017.01.18 08:59:48.307,1.71011,1.71056,1.50,1.00
2017.01.18 08:59:48.408,1.7101,1.71055,1.87,1.00
2017.01.18 08:59:48.615,1.71012,1.71056,1.37,1.00
2017.01.18 08:59:48.716,1.71017,1.71061,1.12,1.00
2017.01.18 08:59:48.767,1.71017,1.71064,1.12,1.37
2017.01.18 08:59:48.818,1.71017,1.71064,1.37,1.37
2017.01.18 08:59:49.121,1.71026,1.7107,1.00,1.37
2017.01.18 08:59:49.171,1.71026,1.71071,1.00,1.00
2017.01.18 08:59:49.753,1.71027,1.71072,1.12,1.00
2017.01.18 08:59:50.195,1.71024,1.71069,1.00,1.00
2017.01.18 08:59:50.497,1.7102,1.71067,1.37,1.00
2017.01.18 08:59:50.859,1.71038,1.71083,1.00,1.37
2017.01.18 08:59:50.960,1.7104,1.71084,1.00,1.37
2017.01.18 08:59:51.011,1.71037,1.71082,1.00,1.50
2017.01.18 08:59:51.112,1.71039,1.71086,1.00,1.37
2017.01.18 08:59:51.267,1.71036,1.71083,1.00,1.37
2017.01.18 08:59:51.610,1.71033,1.71078,1.00,1.00
2017.01.18 08:59:51.913,1.71037,1.71078,1.37,1.50
2017.01.18 08:59:52.279,1.71056,1.71101,1.00,1.75
2017.01.18 08:59:52.335,1.71053,1.711,1.00,1.37
2017.01.18 08:59:52.386,1.71051,1.71098,1.37,1.00
2017.01.18 08:59:52.437,1.7105,1.71096,1.12,1.00
2017.01.18 08:59:52.538,1.71051,1.71098,1.00,1.00
2017.01.18 08:59:52.588,1.71054,1.71099,1.00,1.12
2017.01.18 08:59:52.639,1.71049,1.71096,1.00,1.12
2017.01.18 08:59:52.690,1.71048,1.71093,1.50,1.00
2017.01.18 08:59:53.145,1.71051,1.71096,1.00,1.50
2017.01.18 08:59:53.296,1.71049,1.71096,1.00,1.37
2017.01.18 08:59:53.347,1.71046,1.71093,1.00,1.00
2017.01.18 08:59:53.574,1.71046,1.71091,1.00,1.00
2017.01.18 08:59:54.843,1.71044,1.71091,1.12,1.50
2017.01.18 08:59:55.085,1.71041,1.71088,1.00,1.00
2017.01.18 08:59:55.388,1.71037,1.71078,1.00,1.00
2017.01.18 08:59:55.540,1.71039,1.71084,1.12,1.00
2017.01.18 08:59:55.641,1.7104,1.71087,1.00,1.00
2017.01.18 08:59:55.692,1.71043,1.71088,1.37,1.00
2017.01.18 08:59:55.751,1.71045,1.7109,1.37,1.00
2017.01.18 08:59:56.167,1.71042,1.71087,1.00,1.00
2017.01.18 08:59:56.218,1.7104,1.71085,1.00,1.00
2017.01.18 08:59:56.558,1.71042,1.71089,1.12,1.50
2017.01.18 08:59:56.760,1.7104,1.71086,1.00,1.00
2017.01.18 08:59:57.063,1.71034,1.71079,1.37,1.00
2017.01.18 08:59:57.114,1.71031,1.71078,1.00,1.00
2017.01.18 08:59:57.266,1.71029,1.71076,1.37,1.00
2017.01.18 08:59:57.671,1.71032,1.71078,1.00,1.00
2017.01.18 08:59:57.884,1.7103,1.71077,1.00,1.00
2017.01.18 08:59:58.338,1.71033,1.71078,1.00,1.00
2017.01.18 08:59:58.389,1.71033,1.7108,1.00,1.00
2017.01.18 08:59:58.439,1.71035,1.71082,1.00,1.00
2017.01.18 08:59:58.743,1.71037,1.71082,1.00,1.50
2017.01.18 08:59:59.302,1.71037,1.71084,1.00,1.00
2017.01.18 08:59:59.353,1.71039,1.71084,1.00,1.00
2017.01.18 08:59:59.666,1.71043,1.71088,1.37,1.00
2017.01.18 08:59:59.767,1.71043,1.7109,1.12,1.00
2017.01.18 08:59:59.868,1.71044,1.71092,1.12,1.12
2017.01.18 08:59:59.919,1.71052,1.71096,1.00,1.00
