2013.11.19 12:00:00.055,1.92664,1.92713,1.20,1.13
2013.11.19 12:00:01.511,1.92655,1.92705,2.25,1.50
2013.11.19 12:00:03.740,1.92655,1.92703,1.88,1.50
2013.11.19 12:00:04.439,1.92658,1.92707,1.20,1.13
2013.11.19 12:00:05.651,1.92658,1.92714,1.20,1.95
2013.11.19 12:00:05.802,1.92658,1.92714,1.95,1.95
2013.11.19 12:00:05.926,1.9267,1.92714,1.13,1.20
2013.11.19 12:00:06.540,1.92665,1.92714,1.58,1.50
2013.11.19 12:00:07.094,1.92666,1.92714,1.95,1.50
2013.11.19 12:00:08.120,1.92668,1.92722,1.65,1.65
2013.11.19 12:00:08.272,1.92672,1.92722,1.58,1.28
2013.11.19 12:00:08.373,1.92672,1.92716,1.58,1.13
2013.11.19 12:00:08.625,1.92673,1.92714,1.65,1.13
2013.11.19 12:00:08.776,1.92668,1.92714,1.20,1.13
2013.11.19 12:00:09.443,1.9267,1.92715,1.28,1.50
2013.11.19 12:00:11.401,1.92666,1.92704,1.28,1.13
2013.11.19 12:00:11.751,1.92667,1.92712,1.28,1.13
2013.11.19 12:00:13.361,1.92665,1.92712,1.28,1.13
2013.11.19 12:00:13.462,1.92661,1.92712,1.65,1.28
2013.11.19 12:00:13.613,1.92661,1.92704,1.65,1.13
2013.11.19 12:00:14.145,1.92666,1.92713,1.13,1.28
2013.11.19 12:00:15.131,1.92666,1.92713,1.13,1.28
2013.11.19 12:00:15.341,1.9266,1.92713,1.28,1.65
2013.11.19 12:00:17.007,1.92671,1.92714,1.13,1.09
2013.11.19 12:00:18.090,1.92671,1.92714,1.13,1.09
2013.11.19 12:00:18.141,1.92668,1.92715,1.20,1.20
2013.11.19 12:00:18.191,1.92668,1.92715,1.50,1.13
2013.11.19 12:00:19.631,1.92673,1.92722,1.20,1.13
2013.11.19 12:00:20.144,1.92673,1.92722,1.58,1.13
2013.11.19 12:00:24.530,1.92673,1.92723,1.58,1.13
2013.11.19 12:00:25.840,1.92673,1.92723,1.88,1.13
2013.11.19 12:00:26.340,1.92677,1.92723,1.20,1.88
2013.11.19 12:00:26.680,1.92677,1.92714,1.20,1.50
2013.11.19 12:00:28.196,1.92673,1.92713,1.20,1.13
2013.11.19 12:00:28.892,1.92673,1.92712,1.20,1.13
2013.11.19 12:00:30.420,1.92673,1.92714,1.20,1.50
2013.11.19 12:00:31.630,1.92673,1.92712,1.20,1.13
2013.11.19 12:00:34.186,1.92673,1.92714,1.20,1.50
2013.11.19 12:00:35.002,1.92678,1.92721,1.20,1.13
2013.11.19 12:00:35.154,1.92678,1.92724,1.20,1.50
2013.11.19 12:00:35.514,1.92678,1.92724,1.50,1.50
2013.11.19 12:00:35.822,1.92679,1.92724,1.50,1.50
2013.11.19 12:00:35.973,1.92669,1.92715,1.58,1.50
2013.11.19 12:00:36.074,1.92675,1.92723,1.50,1.13
2013.11.19 12:00:36.175,1.92675,1.92723,1.50,1.13
2013.11.19 12:00:37.810,1.92677,1.92722,1.20,1.13
2013.11.19 12:00:38.449,1.9267,1.92714,1.50,1.50
2013.11.19 12:00:40.591,1.9267,1.92714,1.50,1.50
2013.11.19 12:00:40.703,1.92668,1.92714,1.20,1.50
2013.11.19 12:00:40.870,1.92666,1.92713,1.50,1.13
2013.11.19 12:00:41.420,1.92666,1.92713,1.50,1.13
2013.11.19 12:00:46.374,1.92666,1.92713,1.50,1.13
2013.11.19 12:00:46.525,1.92666,1.92714,1.50,1.50
2013.11.19 12:00:47.139,1.92666,1.92714,1.50,1.50
2013.11.19 12:00:47.190,1.92664,1.92713,1.50,1.50
2013.11.19 12:00:47.411,1.92665,1.92715,1.50,1.50
2013.11.19 12:00:49.889,1.92665,1.92715,1.50,1.50
2013.11.19 12:00:51.450,1.92665,1.92712,1.50,1.13
2013.11.19 12:01:00.138,1.92665,1.92713,1.50,1.13
2013.11.19 12:01:00.678,1.92665,1.92713,1.20,1.13
2013.11.19 12:01:01.219,1.92665,1.92712,1.20,1.13
2013.11.19 12:01:03.859,1.92665,1.92715,1.20,1.50
2013.11.19 12:01:04.365,1.92663,1.92712,1.50,1.50
2013.11.19 12:01:04.680,1.92663,1.92712,1.50,1.50
2013.11.19 12:01:06.860,1.92665,1.92715,1.20,1.50
2013.11.19 12:01:06.961,1.92668,1.9272,1.28,1.20
2013.11.19 12:01:07.012,1.92672,1.9272,1.50,1.13
2013.11.19 12:01:09.049,1.92672,1.92722,1.88,1.50
2013.11.19 12:01:09.223,1.92668,1.9271,1.28,1.13
2013.11.19 12:01:09.426,1.92665,1.92713,1.28,1.50
2013.11.19 12:01:09.528,1.92663,1.9271,1.58,1.13
2013.11.19 12:01:09.899,1.92669,1.92713,1.58,1.88
2013.11.19 12:01:09.950,1.92676,1.92716,1.20,1.13
2013.11.19 12:01:10.589,1.92676,1.92716,1.20,1.13
2013.11.19 12:01:11.680,1.92669,1.92714,1.58,1.88
2013.11.19 12:01:12.040,1.92666,1.92714,1.28,1.50
2013.11.19 12:01:12.568,1.92662,1.92713,1.20,1.50
2013.11.19 12:01:13.230,1.92662,1.92712,1.13,1.50
2013.11.19 12:01:13.452,1.92662,1.9271,1.50,1.13
2013.11.19 12:01:13.970,1.92662,1.92709,1.58,1.13
2013.11.19 12:01:15.630,1.92664,1.92704,1.28,1.13
2013.11.19 12:01:15.781,1.92664,1.92704,1.20,1.13
2013.11.19 12:01:16.069,1.92658,1.92704,1.28,1.13
2013.11.19 12:01:16.120,1.92658,1.92703,1.28,1.13
2013.11.19 12:01:16.321,1.92656,1.92703,1.20,1.13
2013.11.19 12:01:16.422,1.92657,1.92703,1.58,1.13
2013.11.19 12:01:20.870,1.92658,1.92701,1.13,1.13
2013.11.19 12:01:20.973,1.92657,1.92701,1.58,1.13
2013.11.19 12:01:21.024,1.92657,1.92701,1.28,1.13
2013.11.19 12:01:21.403,1.92656,1.92697,1.20,1.13
2013.11.19 12:01:22.669,1.92656,1.92697,1.20,1.13
2013.11.19 12:01:22.719,1.92658,1.92704,1.13,1.20
2013.11.19 12:01:23.923,1.92655,1.92704,1.13,1.28
2013.11.19 12:01:24.024,1.92653,1.92703,1.20,1.65
2013.11.19 12:01:24.125,1.92647,1.92701,1.58,1.20
2013.11.19 12:01:24.226,1.92658,1.92709,1.20,2.03
2013.11.19 12:01:24.460,1.92658,1.9271,1.20,1.28
2013.11.19 12:01:25.113,1.92658,1.9271,1.20,1.28
2013.11.19 12:01:25.594,1.92658,1.92707,1.20,1.20
2013.11.19 12:01:25.645,1.9265,1.92702,1.58,1.20
2013.11.19 12:01:25.696,1.92647,1.92702,2.03,1.28
2013.11.19 12:01:25.897,1.92658,1.92706,1.13,1.20
2013.11.19 12:01:25.948,1.92658,1.92706,1.20,1.13
2013.11.19 12:01:26.849,1.92657,1.92709,1.28,1.28
2013.11.19 12:01:27.144,1.92651,1.92702,1.13,1.50
2013.11.19 12:01:27.195,1.92647,1.92702,1.58,1.20
2013.11.19 12:01:27.246,1.92647,1.92702,1.28,1.28
2013.11.19 12:01:27.347,1.92646,1.92694,1.28,1.50
2013.11.19 12:01:27.410,1.92646,1.92694,1.28,1.50
2013.11.19 12:01:27.512,1.92648,1.92694,2.33,1.50
2013.11.19 12:01:28.086,1.92648,1.92703,2.33,1.58
2013.11.19 12:01:30.167,1.92648,1.92702,1.58,1.13
2013.11.19 12:01:31.258,1.92648,1.92703,1.58,1.58
2013.11.19 12:01:31.361,1.92658,1.9271,1.13,1.58
2013.11.19 12:01:31.411,1.92658,1.92709,1.13,1.28
2013.11.19 12:01:31.715,1.92666,1.92712,1.50,1.88
2013.11.19 12:01:31.766,1.92666,1.92713,1.50,1.20
2013.11.19 12:01:31.817,1.92666,1.92715,1.50,1.28
2013.11.19 12:01:32.353,1.92667,1.92714,1.13,1.28
2013.11.19 12:01:34.269,1.92667,1.92709,1.13,1.20
2013.11.19 12:01:34.407,1.92667,1.92714,1.13,1.28
2013.11.19 12:01:36.947,1.92667,1.92709,1.13,1.20
2013.11.19 12:01:36.997,1.92662,1.92708,1.20,1.13
2013.11.19 12:01:37.472,1.92659,1.92712,1.28,2.03
2013.11.19 12:01:37.573,1.92658,1.92712,1.58,1.88
2013.11.19 12:01:37.623,1.92661,1.92712,1.28,1.13
2013.11.19 12:01:37.674,1.92667,1.92715,1.13,1.65
2013.11.19 12:01:38.651,1.9266,1.92713,1.28,1.20
2013.11.19 12:01:39.059,1.92658,1.92712,2.33,1.50
2013.11.19 12:01:39.248,1.92659,1.92708,1.20,1.28
2013.11.19 12:01:40.148,1.92658,1.92706,1.13,1.20
2013.11.19 12:01:40.649,1.92658,1.92706,1.13,1.20
2013.11.19 12:01:41.173,1.92658,1.92709,1.13,1.88
2013.11.19 12:01:42.690,1.92656,1.92709,1.88,1.88
2013.11.19 12:01:43.689,1.92654,1.92705,1.20,1.28
2013.11.19 12:01:43.880,1.92654,1.92705,1.20,1.28
2013.11.19 12:01:44.981,1.92657,1.92706,1.13,1.20
2013.11.19 12:01:45.095,1.92654,1.92706,1.20,1.58
2013.11.19 12:01:46.540,1.92658,1.92705,1.13,1.28
2013.11.19 12:01:46.649,1.92658,1.92706,1.13,1.20
2013.11.19 12:01:46.943,1.92658,1.9271,1.28,1.28
2013.11.19 12:01:48.017,1.92658,1.92712,1.28,1.65
2013.11.19 12:01:49.181,1.92658,1.92712,1.28,1.65
2013.11.19 12:01:50.829,1.9266,1.92713,1.13,1.95
2013.11.19 12:01:51.030,1.92664,1.92714,1.20,1.95
2013.11.19 12:01:51.081,1.92664,1.92719,1.28,1.28
2013.11.19 12:01:51.383,1.92667,1.9272,1.20,1.28
2013.11.19 12:01:54.066,1.92668,1.9272,1.28,1.50
2013.11.19 12:01:54.117,1.92668,1.9272,1.20,1.58
2013.11.19 12:01:55.960,1.92668,1.92719,1.58,1.28
2013.11.19 12:01:56.467,1.92668,1.92719,1.28,1.20
2013.11.19 12:01:57.802,1.92668,1.92717,1.20,1.28
2013.11.19 12:01:58.308,1.92668,1.9272,1.20,1.20
2013.11.19 12:01:59.072,1.92665,1.9272,1.28,1.20
2013.11.19 12:02:00.399,1.92668,1.9272,1.20,1.20
2013.11.19 12:02:01.100,1.92668,1.9272,1.20,1.20
2013.11.19 12:02:02.022,1.92668,1.92722,1.50,2.33
2013.11.19 12:02:06.818,1.92667,1.9272,1.13,1.20
2013.11.19 12:02:07.794,1.92667,1.9272,1.20,1.13
2013.11.19 12:02:08.133,1.92668,1.92721,1.28,1.28
2013.11.19 12:02:15.249,1.92665,1.9272,1.20,1.20
2013.11.19 12:02:17.477,1.92667,1.9272,1.58,1.20
2013.11.19 12:02:17.629,1.9267,1.92722,1.28,1.20
2013.11.19 12:02:17.730,1.92676,1.92722,1.58,1.13
2013.11.19 12:02:17.891,1.92678,1.92724,1.28,1.13
2013.11.19 12:02:18.708,1.92678,1.92724,1.28,1.13
2013.11.19 12:02:19.022,1.92682,1.92725,1.58,1.13
2013.11.19 12:02:20.909,1.92686,1.92735,1.28,1.20
2013.11.19 12:02:21.211,1.92688,1.92735,1.20,1.20
2013.11.19 12:02:21.465,1.92687,1.92735,1.20,1.20
2013.11.19 12:02:23.088,1.9268,1.92727,1.95,1.13
2013.11.19 12:02:31.798,1.9268,1.92725,1.58,1.13
2013.11.19 12:02:31.899,1.9268,1.92727,1.58,1.13
2013.11.19 12:02:32.749,1.92679,1.92726,1.28,1.13
2013.11.19 12:02:32.800,1.92679,1.92726,1.28,1.13
2013.11.19 12:02:32.850,1.92677,1.92721,1.65,1.13
2013.11.19 12:02:33.398,1.92675,1.92717,1.20,1.13
2013.11.19 12:02:33.842,1.92669,1.92717,1.28,1.13
2013.11.19 12:02:37.628,1.9267,1.92723,1.28,1.28
2013.11.19 12:02:37.948,1.9267,1.92721,2.03,1.13
2013.11.19 12:02:40.818,1.92672,1.92722,1.28,1.20
2013.11.19 12:02:40.919,1.92667,1.9272,1.58,1.13
2013.11.19 12:02:43.627,1.92667,1.92715,1.58,1.13
2013.11.19 12:02:48.364,1.92667,1.92715,1.58,1.13
2013.11.19 12:02:48.583,1.92667,1.92723,1.58,1.28
2013.11.19 12:02:49.130,1.92668,1.92715,1.28,1.13
2013.11.19 12:02:49.232,1.92668,1.92715,1.13,1.20
2013.11.19 12:02:49.434,1.92668,1.92715,1.58,1.13
2013.11.19 12:02:49.584,1.92668,1.92715,1.20,1.20
2013.11.19 12:02:49.685,1.92667,1.92722,1.20,1.58
2013.11.19 12:02:50.160,1.9266,1.92713,1.58,1.50
2013.11.19 12:02:57.199,1.92656,1.92703,1.50,1.13
2013.11.19 12:02:57.249,1.92656,1.92703,1.20,1.13
2013.11.19 12:02:57.300,1.92655,1.92703,2.33,1.13
2013.11.19 12:02:57.378,1.92655,1.92703,1.95,1.13
2013.11.19 12:02:58.774,1.92656,1.92713,1.28,1.65
2013.11.19 12:02:58.828,1.92657,1.92713,1.50,1.50
2013.11.19 12:03:03.886,1.92666,1.92714,1.58,1.58
2013.11.19 12:03:04.007,1.92666,1.92714,1.58,1.58
2013.11.19 12:03:09.383,1.92666,1.92712,1.58,1.50
2013.11.19 12:03:11.570,1.92666,1.92712,1.58,1.50
2013.11.19 12:03:12.468,1.92666,1.92712,1.58,1.50
2013.11.19 12:03:13.076,1.92666,1.92712,1.58,1.50
2013.11.19 12:03:15.256,1.92668,1.92712,1.58,1.50
2013.11.19 12:03:16.047,1.92668,1.92712,1.58,1.50
2013.11.19 12:03:16.577,1.92661,1.92713,2.33,1.50
2013.11.19 12:03:16.678,1.92661,1.92713,1.58,1.50
2013.11.19 12:03:16.780,1.92657,1.92704,1.28,1.13
2013.11.19 12:03:16.892,1.92658,1.92713,1.28,1.65
2013.11.19 12:03:16.993,1.92664,1.92713,1.13,1.65
2013.11.19 12:03:17.094,1.92662,1.92712,1.20,1.28
2013.11.19 12:03:17.213,1.92664,1.92712,1.13,1.28
2013.11.19 12:03:17.446,1.92661,1.92712,1.50,1.20
2013.11.19 12:03:17.749,1.92658,1.92704,1.13,1.13
2013.11.19 12:03:17.850,1.92658,1.92704,1.13,1.13
2013.11.19 12:03:18.001,1.92661,1.92713,1.20,1.13
2013.11.19 12:03:18.102,1.92668,1.92719,1.58,2.03
2013.11.19 12:03:18.405,1.92668,1.92722,2.03,1.20
2013.11.19 12:03:18.609,1.9267,1.92723,1.28,1.28
2013.11.19 12:03:18.940,1.92674,1.92723,1.20,1.13
2013.11.19 12:03:19.177,1.92674,1.92723,1.20,1.13
2013.11.19 12:03:20.123,1.92676,1.92715,1.50,1.13
2013.11.19 12:03:20.176,1.92681,1.92724,1.28,1.88
2013.11.19 12:03:20.677,1.92678,1.92733,1.20,1.20
2013.11.19 12:03:21.393,1.92677,1.92725,2.25,1.13
2013.11.19 12:03:21.772,1.92674,1.92725,1.20,1.13
2013.11.19 12:03:23.280,1.92674,1.92725,1.20,1.13
2013.11.19 12:03:23.866,1.92674,1.92725,1.20,1.13
2013.11.19 12:03:23.916,1.92674,1.92725,1.20,1.13
2013.11.19 12:03:24.668,1.92676,1.92732,1.65,1.28
2013.11.19 12:03:24.822,1.92676,1.92732,1.65,1.28
2013.11.19 12:03:25.074,1.92678,1.92724,1.20,1.13
2013.11.19 12:03:25.508,1.92678,1.92724,1.20,1.13
2013.11.19 12:03:26.230,1.92678,1.92724,1.20,1.13
2013.11.19 12:03:26.752,1.92678,1.92724,1.20,1.13
2013.11.19 12:03:27.299,1.92678,1.92724,1.20,1.13
2013.11.19 12:03:27.400,1.92676,1.92724,1.95,1.13
2013.11.19 12:03:27.575,1.92676,1.92724,1.65,1.13
2013.11.19 12:03:27.676,1.92676,1.92724,1.65,1.13
2013.11.19 12:03:28.047,1.92678,1.92724,1.20,1.13
2013.11.19 12:03:28.204,1.92684,1.92724,1.28,1.13
2013.11.19 12:03:28.254,1.92686,1.92724,1.20,1.13
2013.11.19 12:03:28.456,1.92678,1.92724,1.20,1.13
2013.11.19 12:03:28.653,1.92678,1.92724,1.20,1.13
2013.11.19 12:03:30.964,1.92678,1.92724,1.20,1.13
2013.11.19 12:03:31.150,1.92678,1.92724,1.20,1.13
2013.11.19 12:03:31.805,1.92681,1.92724,1.28,1.13
2013.11.19 12:03:31.927,1.92688,1.92734,1.13,1.20
2013.11.19 12:03:31.978,1.92688,1.92734,1.20,1.20
2013.11.19 12:03:32.344,1.92688,1.92734,1.28,1.13
2013.11.19 12:03:32.892,1.92688,1.92734,1.28,1.13
2013.11.19 12:03:33.715,1.92688,1.92734,1.28,1.13
2013.11.19 12:03:33.927,1.92688,1.92734,1.28,1.13
2013.11.19 12:03:35.067,1.92688,1.92734,1.28,1.13
2013.11.19 12:03:35.319,1.92687,1.92734,1.58,1.13
2013.11.19 12:03:35.440,1.92687,1.92734,1.58,1.13
2013.11.19 12:03:36.606,1.92694,1.92742,1.20,1.20
2013.11.19 12:03:39.766,1.92695,1.92742,1.13,1.20
2013.11.19 12:03:39.867,1.92699,1.92743,1.20,1.20
2013.11.19 12:03:40.221,1.92702,1.92752,1.28,1.13
2013.11.19 12:03:40.321,1.92698,1.92746,1.58,1.13
2013.11.19 12:03:40.817,1.92707,1.92753,1.13,1.13
2013.11.19 12:03:41.381,1.92707,1.92752,1.13,1.13
2013.11.19 12:03:43.257,1.92707,1.92752,1.20,1.13
2013.11.19 12:03:44.167,1.92707,1.92755,1.28,1.13
2013.11.19 12:03:46.956,1.92707,1.92755,1.20,1.20
2013.11.19 12:03:47.750,1.92707,1.92755,1.13,1.28
2013.11.19 12:03:47.879,1.92707,1.92752,1.13,1.20
2013.11.19 12:03:48.411,1.92707,1.92751,1.13,1.20
2013.11.19 12:03:48.867,1.92707,1.92754,1.13,1.28
2013.11.19 12:03:48.917,1.92707,1.92754,1.28,1.13
2013.11.19 12:03:49.666,1.92707,1.92754,1.28,1.13
2013.11.19 12:03:50.666,1.92706,1.92754,1.65,1.13
2013.11.19 12:03:51.071,1.92707,1.92763,1.65,1.28
2013.11.19 12:03:51.373,1.92709,1.92755,1.13,1.13
2013.11.19 12:03:51.474,1.92709,1.92757,1.13,1.13
2013.11.19 12:03:56.143,1.92714,1.92762,1.28,1.13
2013.11.19 12:03:56.194,1.92716,1.92762,1.28,1.13
2013.11.19 12:03:57.044,1.92717,1.92764,1.28,1.20
2013.11.19 12:03:57.375,1.92717,1.92759,1.28,1.13
2013.11.19 12:03:57.559,1.92717,1.92765,1.28,1.13
2013.11.19 12:03:57.928,1.92717,1.92762,1.58,1.13
2013.11.19 12:03:58.146,1.92724,1.92769,1.20,1.13
2013.11.19 12:03:58.913,1.92728,1.92774,1.28,1.13
2013.11.19 12:03:58.963,1.92729,1.92774,1.20,1.13
2013.11.19 12:03:59.265,1.92729,1.92779,1.20,1.13
2013.11.19 12:03:59.801,1.92737,1.92783,1.13,1.58
2013.11.19 12:04:00.258,1.92737,1.92783,1.20,1.50
2013.11.19 12:04:00.891,1.92737,1.92783,1.28,1.50
2013.11.19 12:04:01.627,1.92737,1.92783,1.28,1.50
2013.11.19 12:04:02.206,1.92737,1.92783,1.28,1.50
2013.11.19 12:04:04.816,1.92737,1.92783,1.28,1.50
2013.11.19 12:04:15.378,1.92737,1.92782,1.20,1.13
2013.11.19 12:04:15.646,1.92737,1.92783,1.20,1.13
2013.11.19 12:04:15.872,1.92737,1.92782,1.20,1.13
2013.11.19 12:04:16.482,1.92737,1.92783,1.28,1.88
2013.11.19 12:04:16.918,1.92737,1.92783,1.28,1.50
2013.11.19 12:04:16.971,1.92737,1.92785,1.28,1.50
2013.11.19 12:04:22.858,1.92737,1.92783,1.28,1.13
2013.11.19 12:04:27.196,1.92737,1.92781,1.28,1.13
2013.11.19 12:04:29.126,1.92737,1.92782,1.28,1.13
2013.11.19 12:04:29.661,1.92728,1.9278,1.58,1.13
2013.11.19 12:04:29.712,1.92727,1.92772,1.50,1.13
2013.11.19 12:04:29.905,1.92718,1.92771,1.95,1.13
2013.11.19 12:04:30.999,1.92718,1.92772,1.58,1.50
2013.11.19 12:04:31.112,1.92719,1.92772,1.28,1.88
2013.11.19 12:04:38.902,1.92718,1.92772,1.28,2.03
2013.11.19 12:04:39.438,1.92718,1.92765,1.28,1.13
2013.11.19 12:04:40.656,1.92718,1.92765,1.28,1.13
2013.11.19 12:04:42.818,1.92718,1.92765,1.28,1.13
2013.11.19 12:04:43.391,1.92718,1.92772,1.28,2.03
2013.11.19 12:04:44.722,1.92723,1.92772,1.20,1.95
2013.11.19 12:04:45.230,1.92723,1.92772,1.28,1.95
2013.11.19 12:04:51.285,1.92718,1.92772,1.58,1.95
2013.11.19 12:04:51.486,1.92717,1.92763,1.20,1.13
2013.11.19 12:04:51.932,1.92718,1.92757,1.20,1.13
2013.11.19 12:05:00.145,1.92718,1.92755,1.13,1.13
2013.11.19 12:05:00.705,1.92718,1.92754,1.13,1.13
2013.11.19 12:05:01.406,1.92718,1.92754,1.13,1.13
2013.11.19 12:05:02.483,1.92717,1.92754,1.20,1.13
2013.11.19 12:05:02.534,1.92717,1.92754,1.20,1.13
2013.11.19 12:05:02.685,1.92708,1.92753,1.58,1.13
2013.11.19 12:05:02.786,1.92708,1.92753,1.28,1.13
2013.11.19 12:05:03.386,1.92707,1.92746,1.28,1.13
2013.11.19 12:05:03.537,1.927,1.92745,1.20,1.13
2013.11.19 12:05:04.315,1.92698,1.92743,1.58,1.13
2013.11.19 12:05:04.467,1.92698,1.92738,1.13,1.13
2013.11.19 12:05:10.937,1.92696,1.92734,1.13,1.13
2013.11.19 12:05:11.311,1.92696,1.92731,1.13,1.13
2013.11.19 12:05:11.457,1.92696,1.92734,1.13,1.13
2013.11.19 12:05:11.558,1.92696,1.92731,1.13,1.13
2013.11.19 12:05:11.609,1.92689,1.92731,1.13,1.13
2013.11.19 12:05:12.557,1.92688,1.92735,1.13,1.28
2013.11.19 12:05:12.708,1.92697,1.92736,1.13,1.28
2013.11.19 12:05:13.064,1.92697,1.92736,1.13,1.13
2013.11.19 12:05:13.165,1.92697,1.92736,1.13,1.28
2013.11.19 12:05:17.525,1.92688,1.92735,1.13,1.28
2013.11.19 12:05:17.828,1.92682,1.92724,1.13,1.13
2013.11.19 12:05:17.979,1.92677,1.92724,1.13,1.20
2013.11.19 12:05:18.151,1.92676,1.92724,2.25,1.28
2013.11.19 12:05:18.201,1.92676,1.92724,1.88,1.28
2013.11.19 12:05:18.858,1.92676,1.92724,1.88,1.28
2013.11.19 12:05:22.495,1.92676,1.92724,1.50,1.88
2013.11.19 12:05:22.797,1.92667,1.92715,1.88,1.13
2013.11.19 12:05:22.898,1.92667,1.92715,1.13,1.95
2013.11.19 12:05:22.949,1.92667,1.92715,1.13,2.03
2013.11.19 12:05:23.468,1.92665,1.92715,1.50,2.03
2013.11.19 12:05:23.857,1.92658,1.92704,1.13,1.20
2013.11.19 12:05:24.476,1.92657,1.92704,1.13,1.20
2013.11.19 12:05:25.476,1.92656,1.92704,1.88,1.20
2013.11.19 12:05:26.105,1.92657,1.92704,1.13,1.20
2013.11.19 12:05:29.188,1.92656,1.92704,1.88,1.20
2013.11.19 12:05:29.625,1.92658,1.92704,1.13,1.20
2013.11.19 12:05:32.255,1.92658,1.92704,1.13,1.20
2013.11.19 12:05:34.129,1.92658,1.92704,1.13,1.20
2013.11.19 12:05:34.362,1.9266,1.92704,1.13,1.20
2013.11.19 12:05:34.718,1.92666,1.92714,1.50,1.28
2013.11.19 12:05:36.122,1.92659,1.92704,2.33,1.13
2013.11.19 12:05:38.128,1.92659,1.92704,1.20,1.13
2013.11.19 12:05:38.714,1.92659,1.92704,1.20,1.13
2013.11.19 12:05:38.866,1.9266,1.92704,1.28,1.13
2013.11.19 12:05:39.637,1.92659,1.92704,1.20,1.13
2013.11.19 12:05:40.022,1.92659,1.92704,1.20,1.13
2013.11.19 12:05:41.771,1.92656,1.92704,1.65,1.13
2013.11.19 12:05:41.872,1.92655,1.92705,2.03,1.13
2013.11.19 12:05:42.389,1.92656,1.92705,1.28,1.13
2013.11.19 12:05:44.145,1.92656,1.92705,1.28,1.13
2013.11.19 12:05:45.365,1.92657,1.92705,1.28,1.13
2013.11.19 12:05:46.128,1.9266,1.92705,1.20,1.13
2013.11.19 12:05:46.481,1.92655,1.92705,2.03,1.13
2013.11.19 12:05:46.707,1.92656,1.92705,1.28,1.13
2013.11.19 12:05:46.758,1.92656,1.92705,1.28,1.20
2013.11.19 12:05:46.809,1.92656,1.92705,1.20,1.28
2013.11.19 12:05:46.909,1.92649,1.92694,1.20,1.13
2013.11.19 12:05:48.435,1.92647,1.92694,2.25,1.13
2013.11.19 12:05:56.685,1.92652,1.92703,1.28,1.28
2013.11.19 12:05:56.844,1.92652,1.92703,1.28,1.28
2013.11.19 12:05:56.945,1.92658,1.9271,1.50,1.13
2013.11.19 12:05:57.160,1.92658,1.9271,1.50,1.13
2013.11.19 12:05:57.361,1.92666,1.92712,1.58,1.13
2013.11.19 12:05:57.569,1.92661,1.92713,1.28,1.20
2013.11.19 12:05:58.335,1.9266,1.92712,1.28,1.05
2013.11.19 12:05:58.696,1.9266,1.92712,1.20,1.20
2013.11.19 12:06:01.887,1.92662,1.92712,1.13,1.28
2013.11.19 12:06:04.178,1.92666,1.92712,1.58,1.20
2013.11.19 12:06:04.795,1.92661,1.92713,1.28,1.20
2013.11.19 12:06:05.455,1.92666,1.92712,1.58,1.20
2013.11.19 12:06:07.866,1.92666,1.92712,1.88,1.13
2013.11.19 12:06:08.185,1.92672,1.92712,1.20,1.13
2013.11.19 12:06:08.386,1.92672,1.92722,1.20,1.13
2013.11.19 12:06:08.487,1.92677,1.92722,1.20,1.50
2013.11.19 12:06:08.739,1.92685,1.92732,1.20,1.13
2013.11.19 12:06:08.866,1.92685,1.92732,1.20,1.13
2013.11.19 12:06:08.967,1.92685,1.92735,1.20,1.13
2013.11.19 12:06:09.531,1.92686,1.92734,1.65,1.13
2013.11.19 12:06:09.631,1.92686,1.92734,1.65,1.13
2013.11.19 12:06:09.732,1.92686,1.92735,1.65,1.13
2013.11.19 12:06:11.826,1.92696,1.92744,1.50,1.28
2013.11.19 12:06:12.385,1.92696,1.92744,1.50,1.28
2013.11.19 12:06:12.445,1.92696,1.92744,1.50,1.28
2013.11.19 12:06:17.175,1.92696,1.92744,1.50,1.28
2013.11.19 12:06:17.875,1.92697,1.92743,1.50,1.28
2013.11.19 12:06:18.095,1.92696,1.92743,1.50,1.28
2013.11.19 12:06:18.166,1.92696,1.92743,1.50,1.28
2013.11.19 12:06:18.886,1.92685,1.92732,1.20,1.13
2013.11.19 12:06:18.937,1.92685,1.92732,1.20,1.13
2013.11.19 12:06:22.391,1.92684,1.92732,1.20,1.13
2013.11.19 12:06:22.442,1.92683,1.92732,2.03,1.13
2013.11.19 12:06:22.492,1.92684,1.92732,1.28,1.13
2013.11.19 12:06:22.805,1.92675,1.92725,2.03,1.13
2013.11.19 12:06:24.584,1.92678,1.92732,1.58,1.28
2013.11.19 12:06:25.134,1.92678,1.92732,1.58,1.28
2013.11.19 12:06:30.854,1.92676,1.92728,1.65,1.20
2013.11.19 12:06:32.515,1.92677,1.92733,1.65,1.58
2013.11.19 12:06:32.853,1.92677,1.92733,1.65,1.58
2013.11.19 12:06:51.934,1.92677,1.92733,1.58,1.88
2013.11.19 12:06:52.157,1.92677,1.92733,1.95,1.28
2013.11.19 12:06:52.409,1.92677,1.92733,1.95,1.28
2013.11.19 12:06:52.611,1.92688,1.92742,1.65,1.28
2013.11.19 12:06:56.009,1.92687,1.92743,1.65,1.28
2013.11.19 12:06:58.039,1.92689,1.92742,1.20,1.20
2013.11.19 12:06:58.094,1.92689,1.92742,1.20,1.20
2013.11.19 12:06:58.204,1.92689,1.92742,1.20,1.20
2013.11.19 12:06:58.506,1.92698,1.92752,1.65,1.28
2013.11.19 12:06:59.641,1.92698,1.92752,1.65,1.28
2013.11.19 12:07:05.794,1.92694,1.92745,1.95,1.13
2013.11.19 12:07:05.919,1.92694,1.92745,1.95,1.13
2013.11.19 12:07:06.071,1.92687,1.92743,1.20,1.28
2013.11.19 12:07:06.275,1.92685,1.92736,1.88,1.13
2013.11.19 12:07:08.357,1.92684,1.92737,1.65,1.20
2013.11.19 12:07:11.252,1.92686,1.92739,1.20,1.20
2013.11.19 12:07:11.555,1.92707,1.92758,1.50,1.20
2013.11.19 12:07:14.042,1.92698,1.92752,1.50,2.25
2013.11.19 12:07:17.144,1.92698,1.92751,1.13,1.50
2013.11.19 12:07:18.388,1.92698,1.92751,1.13,1.50
2013.11.19 12:07:18.738,1.92699,1.92754,1.58,1.20
2013.11.19 12:07:18.839,1.92699,1.92756,1.65,1.20
2013.11.19 12:07:19.043,1.92707,1.92758,1.20,1.20
2013.11.19 12:07:19.145,1.92707,1.92761,1.28,1.58
2013.11.19 12:07:19.325,1.92708,1.92763,1.20,1.88
2013.11.19 12:07:20.243,1.92716,1.92763,1.50,1.88
2013.11.19 12:07:23.748,1.92716,1.92763,1.50,1.58
2013.11.19 12:07:23.799,1.92716,1.92769,1.50,1.13
2013.11.19 12:07:23.900,1.92709,1.92762,1.28,1.28
2013.11.19 12:07:23.951,1.92706,1.92762,1.20,1.58
2013.11.19 12:07:24.174,1.92705,1.92762,1.65,1.58
2013.11.19 12:07:24.912,1.92705,1.92762,1.58,1.58
2013.11.19 12:07:25.867,1.92705,1.92758,1.50,1.88
2013.11.19 12:07:25.968,1.927,1.92749,1.28,1.13
2013.11.19 12:07:26.018,1.927,1.92749,1.13,1.88
2013.11.19 12:07:26.335,1.92693,1.92742,1.13,1.58
2013.11.19 12:07:26.385,1.92693,1.92742,1.13,1.58
2013.11.19 12:07:27.133,1.92693,1.92743,1.13,2.63
2013.11.19 12:07:28.583,1.92693,1.92742,1.13,1.58
2013.11.19 12:07:29.793,1.92688,1.92742,1.58,1.58
2013.11.19 12:07:32.873,1.92687,1.92743,1.58,2.63
2013.11.19 12:07:37.951,1.92697,1.92751,1.50,1.88
2013.11.19 12:07:38.510,1.927,1.92752,1.20,1.13
2013.11.19 12:07:38.616,1.927,1.92752,1.20,1.13
2013.11.19 12:07:38.723,1.927,1.92752,1.20,1.13
2013.11.19 12:07:39.228,1.927,1.92752,1.20,1.13
2013.11.19 12:07:39.607,1.927,1.92753,1.20,1.20
2013.11.19 12:07:40.131,1.92693,1.92743,1.20,1.13
2013.11.19 12:07:40.181,1.92695,1.92743,1.28,1.13
2013.11.19 12:07:40.931,1.92698,1.92752,1.58,1.28
2013.11.19 12:07:43.124,1.92697,1.92752,1.28,1.28
2013.11.19 12:07:43.699,1.92691,1.92743,1.28,1.28
2013.11.19 12:07:43.906,1.92691,1.92742,1.28,1.28
2013.11.19 12:07:44.007,1.92688,1.92742,1.65,1.28
2013.11.19 12:07:44.108,1.92691,1.92742,1.28,1.28
2013.11.19 12:07:44.211,1.92691,1.92742,1.28,1.28
2013.11.19 12:07:44.262,1.92691,1.92742,1.28,1.65
2013.11.19 12:07:46.009,1.92693,1.92742,1.20,1.20
2013.11.19 12:07:46.212,1.92695,1.92742,1.20,1.13
2013.11.19 12:07:47.285,1.92695,1.92742,1.20,1.13
2013.11.19 12:07:57.103,1.92698,1.92752,1.65,1.28
2013.11.19 12:07:57.337,1.92699,1.92743,1.58,1.13
2013.11.19 12:07:58.043,1.927,1.92743,1.13,1.13
2013.11.19 12:08:00.989,1.92699,1.92742,1.20,1.13
2013.11.19 12:08:08.403,1.92693,1.92742,1.65,1.13
2013.11.19 12:08:15.920,1.92698,1.92742,1.20,1.13
2013.11.19 12:08:18.273,1.92698,1.92742,1.20,1.13
2013.11.19 12:08:21.403,1.92698,1.92753,1.95,1.28
2013.11.19 12:08:21.453,1.92698,1.92753,1.95,1.28
2013.11.19 12:08:21.954,1.92704,1.92753,1.20,1.13
2013.11.19 12:08:22.674,1.92704,1.92753,1.20,1.13
2013.11.19 12:08:26.304,1.92704,1.92753,1.20,1.13
2013.11.19 12:08:27.072,1.92704,1.92753,1.20,1.13
2013.11.19 12:08:27.223,1.92704,1.92753,1.20,1.13
2013.11.19 12:08:27.402,1.92706,1.92754,1.65,1.13
2013.11.19 12:08:27.453,1.92698,1.92752,1.95,1.28
2013.11.19 12:08:41.836,1.92698,1.92742,1.65,1.13
2013.11.19 12:08:41.937,1.92701,1.92752,1.65,1.28
2013.11.19 12:08:49.662,1.92703,1.92752,1.20,1.13
2013.11.19 12:08:49.814,1.92702,1.92753,1.65,1.28
2013.11.19 12:08:51.482,1.927,1.92753,1.28,1.28
2013.11.19 12:08:51.609,1.927,1.92753,1.28,1.28
2013.11.19 12:08:56.274,1.927,1.92746,1.50,1.13
2013.11.19 12:08:57.372,1.92703,1.92753,1.20,1.13
2013.11.19 12:08:57.432,1.92703,1.92753,1.20,1.13
2013.11.19 12:09:02.035,1.92708,1.92762,1.20,1.13
2013.11.19 12:09:03.933,1.92708,1.92763,1.20,1.20
2013.11.19 12:09:03.983,1.92697,1.92752,1.58,1.58
2013.11.19 12:09:04.417,1.92697,1.92746,1.50,1.13
2013.11.19 12:09:04.901,1.92685,1.92744,1.65,1.28
2013.11.19 12:09:05.404,1.92685,1.92743,1.65,1.28
2013.11.19 12:09:06.419,1.92685,1.9274,1.50,1.88
2013.11.19 12:09:09.031,1.92685,1.9274,1.50,1.13
2013.11.19 12:09:14.716,1.92688,1.9274,1.50,1.13
2013.11.19 12:09:14.893,1.92685,1.9274,1.50,1.13
2013.11.19 12:09:26.372,1.92685,1.92738,1.50,1.13
2013.11.19 12:09:27.181,1.92677,1.92735,2.03,1.20
2013.11.19 12:09:27.621,1.92685,1.92736,1.50,1.20
2013.11.19 12:09:29.632,1.92688,1.92737,1.50,1.88
2013.11.19 12:09:30.074,1.92686,1.92737,1.50,1.88
2013.11.19 12:09:30.174,1.92679,1.92735,1.28,1.58
2013.11.19 12:09:30.326,1.92677,1.9273,1.13,1.20
2013.11.19 12:09:30.427,1.92677,1.9273,1.88,1.20
2013.11.19 12:09:30.528,1.92677,1.9273,1.13,1.58
2013.11.19 12:09:31.046,1.92677,1.92731,1.13,1.88
2013.11.19 12:09:31.885,1.92678,1.92731,1.50,1.88
2013.11.19 12:09:32.728,1.92678,1.9273,1.50,1.13
2013.11.19 12:09:33.030,1.92678,1.92724,1.50,1.58
2013.11.19 12:09:35.701,1.92678,1.92724,1.50,1.28
2013.11.19 12:09:38.171,1.92675,1.9273,1.58,1.20
2013.11.19 12:09:39.392,1.92678,1.9273,1.50,1.20
2013.11.19 12:09:40.187,1.92685,1.9273,1.50,1.20
2013.11.19 12:09:40.438,1.92685,1.92736,1.50,1.50
2013.11.19 12:09:44.651,1.92687,1.92736,1.50,1.88
2013.11.19 12:09:44.953,1.92695,1.92736,1.50,1.13
2013.11.19 12:09:45.003,1.92695,1.92741,1.50,1.58
2013.11.19 12:09:58.626,1.92686,1.92741,1.58,1.58
2013.11.19 12:09:58.750,1.92686,1.92742,1.58,2.63
2013.11.19 12:09:58.821,1.92688,1.92742,1.50,2.63
2013.11.19 12:09:59.141,1.92688,1.92737,1.50,1.88
2013.11.19 12:10:06.878,1.92685,1.92737,1.50,1.88
2013.11.19 12:10:07.662,1.92688,1.92737,1.50,1.88
2013.11.19 12:10:10.593,1.92688,1.92736,1.50,1.58
2013.11.19 12:10:14.881,1.92688,1.92737,1.50,1.50
2013.11.19 12:10:15.261,1.92695,1.92742,1.50,1.50
2013.11.19 12:10:15.747,1.92698,1.92742,1.50,1.50
2013.11.19 12:10:16.311,1.92696,1.92742,1.50,1.50
2013.11.19 12:10:16.362,1.92688,1.92742,1.50,2.25
2013.11.19 12:10:17.710,1.92688,1.92741,1.50,1.13
2013.11.19 12:10:17.960,1.92688,1.92742,1.50,2.63
2013.11.19 12:10:36.031,1.92685,1.9274,1.65,1.28
2013.11.19 12:10:36.237,1.92685,1.92738,1.58,1.20
2013.11.19 12:10:36.406,1.92678,1.92735,2.03,1.20
2013.11.19 12:10:42.964,1.92678,1.92732,1.65,1.28
2013.11.19 12:10:44.831,1.92678,1.92731,1.65,1.28
2013.11.19 12:10:44.933,1.92671,1.92716,1.20,1.13
2013.11.19 12:10:45.084,1.92668,1.92716,1.58,1.20
2013.11.19 12:10:45.185,1.92668,1.92709,1.58,1.13
2013.11.19 12:10:45.387,1.92666,1.92709,1.50,1.20
2013.11.19 12:10:45.488,1.9266,1.92709,1.13,1.28
2013.11.19 12:10:45.911,1.9265,1.92709,1.28,1.65
2013.11.19 12:10:46.350,1.92648,1.92703,1.20,1.20
2013.11.19 12:10:48.477,1.92653,1.92703,1.28,1.20
2013.11.19 12:10:49.951,1.92656,1.92707,1.13,1.28
2013.11.19 12:10:53.099,1.92656,1.92707,1.13,1.28
2013.11.19 12:10:56.281,1.92656,1.92707,1.13,1.28
2013.11.19 12:10:56.611,1.92656,1.92707,1.13,1.28
2013.11.19 12:10:58.379,1.92649,1.92707,1.28,1.28
2013.11.19 12:10:58.595,1.92649,1.92707,1.28,1.28
2013.11.19 12:10:58.709,1.92649,1.92707,1.28,1.28
2013.11.19 12:10:59.282,1.9265,1.92706,1.28,1.28
2013.11.19 12:11:00.050,1.9265,1.92706,1.28,1.28
2013.11.19 12:11:02.580,1.9265,1.92705,1.28,1.65
2013.11.19 12:11:03.130,1.92648,1.92701,1.58,1.13
2013.11.19 12:11:03.814,1.92648,1.92703,1.58,1.20
2013.11.19 12:11:04.131,1.92649,1.92703,1.28,1.20
2013.11.19 12:11:05.116,1.92649,1.92703,1.28,1.20
2013.11.19 12:11:05.217,1.92649,1.92698,1.13,1.20
2013.11.19 12:11:05.584,1.92648,1.92698,1.13,1.58
2013.11.19 12:11:05.987,1.92648,1.92702,1.95,1.58
2013.11.19 12:11:06.320,1.92648,1.92702,1.95,1.58
2013.11.19 12:11:06.540,1.92648,1.92702,1.95,1.58
2013.11.19 12:11:06.751,1.92657,1.92704,1.50,1.28
2013.11.19 12:11:07.676,1.92657,1.92704,1.50,1.58
2013.11.19 12:11:08.005,1.92654,1.92702,1.13,1.95
2013.11.19 12:11:09.531,1.92648,1.92703,1.28,1.58
2013.11.19 12:11:09.632,1.92648,1.92698,2.03,1.28
2013.11.19 12:11:10.207,1.92648,1.92697,1.13,1.20
2013.11.19 12:11:10.849,1.92648,1.927,1.50,1.50
2013.11.19 12:11:12.257,1.92648,1.92702,1.95,1.58
2013.11.19 12:11:12.399,1.92648,1.92703,1.28,1.58
2013.11.19 12:11:18.646,1.92655,1.92705,1.50,1.88
2013.11.19 12:11:18.798,1.92655,1.92708,1.58,1.28
2013.11.19 12:11:23.165,1.92655,1.92705,1.58,1.28
2013.11.19 12:11:23.500,1.92651,1.92703,1.65,1.20
2013.11.19 12:11:24.104,1.92655,1.92705,1.58,1.28
2013.11.19 12:11:24.690,1.92651,1.92697,1.65,1.13
2013.11.19 12:11:24.841,1.92655,1.92705,1.58,1.28
2013.11.19 12:11:24.900,1.92655,1.92705,1.58,1.28
2013.11.19 12:11:25.410,1.92651,1.92702,2.03,1.20
2013.11.19 12:11:25.890,1.92651,1.92702,1.65,1.20
2013.11.19 12:11:26.559,1.92655,1.92705,1.58,1.28
2013.11.19 12:11:29.561,1.9265,1.92703,1.65,1.20
2013.11.19 12:11:30.633,1.9265,1.92703,1.65,1.20
2013.11.19 12:11:31.415,1.92657,1.92711,1.65,1.65
2013.11.19 12:11:43.969,1.92657,1.92713,1.65,1.65
2013.11.19 12:11:47.913,1.92655,1.92711,1.28,1.65
2013.11.19 12:11:50.153,1.92655,1.92704,1.28,1.50
2013.11.19 12:11:50.944,1.92648,1.92704,1.95,1.58
2013.11.19 12:11:51.889,1.92656,1.92704,1.50,1.58
2013.11.19 12:11:54.960,1.92661,1.92707,1.13,1.28
2013.11.19 12:11:55.116,1.92665,1.92707,1.50,1.13
2013.11.19 12:11:55.318,1.92665,1.92715,1.95,1.50
2013.11.19 12:11:55.520,1.92667,1.92714,1.20,1.13
2013.11.19 12:12:01.199,1.92668,1.92715,1.13,1.20
2013.11.19 12:12:01.465,1.92668,1.92714,1.13,1.13
2013.11.19 12:12:04.950,1.92666,1.92714,1.20,1.13
2013.11.19 12:12:05.273,1.92658,1.92713,1.20,1.20
2013.11.19 12:12:05.324,1.92657,1.92713,1.65,1.28
2013.11.19 12:12:05.374,1.92661,1.92713,1.20,1.28
2013.11.19 12:12:05.704,1.92657,1.92713,1.65,1.28
2013.11.19 12:12:06.099,1.92661,1.92713,1.20,1.28
2013.11.19 12:12:06.150,1.92662,1.92713,1.20,1.28
2013.11.19 12:12:06.236,1.92666,1.92714,1.50,1.28
2013.11.19 12:12:07.127,1.92662,1.92712,1.20,1.28
2013.11.19 12:12:08.842,1.92663,1.92709,1.20,1.20
2013.11.19 12:12:08.892,1.92663,1.92715,1.20,1.58
2013.11.19 12:12:08.943,1.92667,1.92715,1.20,1.28
2013.11.19 12:12:09.270,1.92671,1.92714,1.13,1.13
2013.11.19 12:12:14.427,1.92677,1.92715,1.13,1.13
2013.11.19 12:12:16.717,1.92677,1.92722,1.13,1.20
2013.11.19 12:12:17.023,1.92667,1.92712,1.13,1.65
2013.11.19 12:12:17.175,1.92675,1.92713,1.13,1.20
2013.11.19 12:12:17.922,1.92667,1.92712,1.13,1.65
2013.11.19 12:12:18.167,1.92676,1.92713,1.13,1.20
2013.11.19 12:12:18.485,1.92668,1.92713,1.13,1.20
2013.11.19 12:12:18.689,1.92668,1.92713,1.13,1.20
2013.11.19 12:12:19.242,1.92668,1.92713,1.13,1.20
2013.11.19 12:12:24.584,1.92668,1.9272,1.13,1.20
2013.11.19 12:12:24.961,1.92676,1.92721,1.13,1.13
2013.11.19 12:12:25.479,1.92678,1.92723,1.13,1.13
2013.11.19 12:12:25.580,1.92678,1.92724,1.13,1.28
2013.11.19 12:12:25.631,1.92678,1.92724,1.13,1.28
2013.11.19 12:12:26.368,1.92677,1.92724,1.13,1.65
2013.11.19 12:12:26.954,1.92674,1.92722,1.20,1.20
2013.11.19 12:12:27.105,1.92674,1.92722,1.13,1.58
2013.11.19 12:12:27.956,1.92681,1.92722,1.13,1.20
2013.11.19 12:12:28.171,1.92676,1.92723,1.50,1.13
2013.11.19 12:12:28.600,1.92673,1.92722,1.13,1.20
2013.11.19 12:12:28.759,1.92673,1.92717,1.13,1.50
2013.11.19 12:12:28.809,1.92668,1.92716,1.13,1.20
2013.11.19 12:12:28.921,1.92667,1.92715,1.13,1.28
2013.11.19 12:12:30.456,1.92668,1.92715,1.13,1.28
2013.11.19 12:12:36.819,1.92672,1.92717,1.13,1.88
2013.11.19 12:12:40.338,1.92672,1.92717,1.13,1.88
2013.11.19 12:12:41.328,1.92672,1.92717,1.13,1.88
2013.11.19 12:12:43.858,1.92668,1.92717,1.50,1.88
2013.11.19 12:12:43.909,1.92665,1.92713,1.50,1.28
2013.11.19 12:12:47.973,1.92665,1.92712,1.50,2.33
2013.11.19 12:12:48.074,1.92667,1.92712,1.50,1.58
2013.11.19 12:12:48.352,1.92672,1.92719,1.13,2.63
2013.11.19 12:12:51.813,1.92676,1.92724,1.13,2.03
2013.11.19 12:12:55.669,1.92676,1.92725,1.50,1.95
2013.11.19 12:12:56.205,1.9267,1.92723,1.20,1.28
2013.11.19 12:12:56.781,1.92671,1.92723,1.20,1.28
2013.11.19 12:13:00.107,1.92677,1.92723,1.50,1.28
2013.11.19 12:13:00.608,1.92677,1.92723,1.50,1.28
2013.11.19 12:13:01.127,1.92675,1.92723,1.50,1.28
2013.11.19 12:13:01.280,1.92675,1.92723,1.50,1.58
2013.11.19 12:13:01.847,1.92677,1.92722,1.13,1.13
2013.11.19 12:13:02.368,1.92677,1.92722,1.13,1.13
2013.11.19 12:13:03.028,1.92675,1.92722,1.13,1.13
2013.11.19 12:13:03.826,1.92675,1.9272,1.13,1.58
2013.11.19 12:13:05.698,1.92675,1.9272,1.13,1.58
2013.11.19 12:13:06.108,1.92675,1.9272,1.13,1.58
2013.11.19 12:13:07.699,1.92675,1.9272,1.13,1.58
2013.11.19 12:13:08.872,1.92671,1.92715,1.13,1.28
2013.11.19 12:13:08.923,1.92671,1.92715,1.13,1.58
2013.11.19 12:13:09.225,1.92677,1.92719,1.88,1.28
2013.11.19 12:13:09.566,1.92667,1.92723,1.65,1.28
2013.11.19 12:13:09.678,1.92677,1.92723,1.50,1.58
2013.11.19 12:13:10.618,1.92671,1.92722,1.13,1.58
2013.11.19 12:13:10.953,1.92677,1.92723,1.50,1.88
2013.11.19 12:13:11.157,1.92678,1.92726,1.50,1.58
2013.11.19 12:13:11.208,1.92688,1.92726,1.13,1.28
2013.11.19 12:13:11.380,1.92686,1.92723,1.13,1.13
2013.11.19 12:13:11.430,1.9267,1.92722,1.58,1.13
2013.11.19 12:13:11.658,1.92667,1.92723,1.65,1.28
2013.11.19 12:13:12.175,1.92667,1.92723,1.65,1.28
2013.11.19 12:13:12.397,1.92667,1.92718,1.58,1.28
2013.11.19 12:13:12.649,1.92676,1.92718,1.13,1.58
2013.11.19 12:13:13.150,1.92673,1.9272,1.13,1.13
2013.11.19 12:13:13.472,1.92674,1.92723,1.13,1.58
2013.11.19 12:13:13.890,1.92669,1.92723,1.28,1.28
2013.11.19 12:13:14.173,1.92667,1.92723,1.65,1.28
2013.11.19 12:13:14.329,1.92667,1.92723,1.65,1.28
2013.11.19 12:13:14.578,1.92675,1.92726,1.50,1.13
2013.11.19 12:13:15.378,1.92675,1.92725,1.50,1.58
2013.11.19 12:13:16.148,1.92675,1.92725,1.50,1.58
2013.11.19 12:13:16.368,1.92675,1.92725,1.50,1.58
2013.11.19 12:13:17.250,1.92675,1.92725,1.50,1.58
2013.11.19 12:13:17.351,1.92667,1.92723,2.03,1.28
2013.11.19 12:13:17.916,1.92686,1.92725,1.50,1.13
2013.11.19 12:13:17.966,1.92686,1.92734,1.50,1.28
2013.11.19 12:13:18.017,1.92686,1.92736,1.50,1.58
2013.11.19 12:13:18.168,1.92677,1.92733,1.65,1.28
2013.11.19 12:13:18.370,1.92678,1.9273,1.50,1.58
2013.11.19 12:13:20.178,1.92675,1.9273,1.95,1.58
2013.11.19 12:13:20.545,1.92678,1.9273,1.50,1.58
2013.11.19 12:13:22.228,1.92678,1.92731,1.65,1.28
2013.11.19 12:13:22.908,1.92678,1.92732,1.65,1.28
2013.11.19 12:13:25.502,1.92678,1.92732,1.65,1.28
2013.11.19 12:13:25.603,1.92676,1.92732,1.65,1.28
2013.11.19 12:13:25.757,1.92676,1.92732,1.58,1.58
2013.11.19 12:13:25.808,1.92675,1.92723,1.13,1.28
2013.11.19 12:13:26.161,1.92676,1.92729,1.50,1.58
2013.11.19 12:13:26.907,1.92676,1.92725,1.50,1.28
2013.11.19 12:13:29.128,1.92676,1.92726,1.50,1.28
2013.11.19 12:13:29.675,1.92676,1.92724,1.50,1.58
2013.11.19 12:13:29.977,1.92676,1.92718,1.50,1.13
2013.11.19 12:13:33.067,1.92667,1.92718,1.50,1.88
2013.11.19 12:13:33.864,1.92676,1.92718,1.50,1.88
2013.11.19 12:13:35.718,1.92667,1.92718,1.50,1.88
2013.11.19 12:13:36.128,1.92667,1.92716,1.50,1.58
2013.11.19 12:13:36.280,1.92667,1.92723,1.65,1.58
2013.11.19 12:13:38.029,1.92677,1.92725,1.50,1.28
2013.11.19 12:13:38.967,1.92677,1.9273,1.50,2.63
2013.11.19 12:13:40.348,1.92677,1.92726,1.50,1.28
2013.11.19 12:13:43.144,1.92678,1.9273,1.50,1.13
2013.11.19 12:13:43.194,1.92677,1.9273,1.50,1.13
2013.11.19 12:13:43.661,1.92687,1.92733,1.58,1.13
2013.11.19 12:13:43.862,1.92687,1.92733,1.50,1.28
2013.11.19 12:13:48.157,1.9268,1.92728,1.20,1.13
2013.11.19 12:13:48.460,1.92678,1.92729,1.50,1.13
2013.11.19 12:13:48.685,1.92678,1.92729,1.50,1.13
2013.11.19 12:13:49.174,1.92669,1.92722,1.28,1.28
2013.11.19 12:13:52.667,1.92668,1.92722,1.65,1.28
2013.11.19 12:13:53.881,1.92671,1.92722,1.28,1.28
2013.11.19 12:13:55.423,1.92672,1.92722,1.28,1.28
2013.11.19 12:13:55.896,1.92674,1.92725,1.20,1.13
2013.11.19 12:13:56.167,1.92677,1.9273,1.65,1.28
2013.11.19 12:13:56.678,1.92679,1.9273,1.28,1.28
2013.11.19 12:14:01.167,1.9268,1.92732,1.13,1.28
2013.11.19 12:14:01.488,1.9268,1.92732,1.20,1.20
2013.11.19 12:14:01.937,1.92688,1.9273,1.50,1.20
2013.11.19 12:14:02.139,1.92688,1.92736,1.50,1.28
2013.11.19 12:14:02.740,1.92688,1.92737,1.50,1.28
2013.11.19 12:14:04.406,1.92688,1.92737,1.50,1.58
2013.11.19 12:14:04.457,1.92679,1.92733,1.65,1.20
2013.11.19 12:14:04.763,1.92678,1.92729,1.58,1.20
2013.11.19 12:14:05.116,1.92678,1.92727,1.50,1.20
2013.11.19 12:14:05.419,1.92686,1.92727,1.50,1.20
2013.11.19 12:14:06.066,1.92686,1.92732,1.50,1.50
2013.11.19 12:14:06.450,1.92686,1.92732,1.50,1.20
2013.11.19 12:14:11.346,1.92683,1.92732,1.13,1.95
2013.11.19 12:14:11.397,1.92678,1.92732,1.20,1.95
2013.11.19 12:14:11.447,1.92678,1.92732,1.13,1.95
2013.11.19 12:14:11.598,1.92676,1.92725,1.50,1.20
2013.11.19 12:14:11.649,1.92678,1.92725,1.13,1.20
2013.11.19 12:14:11.969,1.92678,1.92725,1.13,1.20
2013.11.19 12:14:12.486,1.92678,1.92725,1.13,1.20
2013.11.19 12:14:13.897,1.92677,1.92725,1.13,1.20
2013.11.19 12:14:14.587,1.92679,1.92725,1.13,1.20
2013.11.19 12:14:14.828,1.92679,1.9273,1.13,1.20
2013.11.19 12:14:15.138,1.92682,1.9273,1.13,1.20
2013.11.19 12:14:18.067,1.92678,1.92732,1.13,2.63
2013.11.19 12:14:19.046,1.92675,1.9273,1.28,1.20
2013.11.19 12:14:19.148,1.92675,1.92723,1.20,1.28
2013.11.19 12:14:19.198,1.92674,1.92722,1.13,1.28
2013.11.19 12:14:19.249,1.92674,1.9272,1.13,1.58
2013.11.19 12:14:19.749,1.9267,1.92712,1.13,1.20
2013.11.19 12:14:22.577,1.92666,1.92712,1.13,1.20
2013.11.19 12:14:23.137,1.92666,1.92712,1.13,1.20
2013.11.19 12:14:23.357,1.92666,1.92712,1.13,1.20
2013.11.19 12:14:26.451,1.92658,1.92702,1.13,1.20
2013.11.19 12:14:26.552,1.92648,1.92695,1.28,1.13
2013.11.19 12:14:27.097,1.92648,1.92695,1.28,1.13
2013.11.19 12:14:29.837,1.92647,1.92689,2.33,1.13
2013.11.19 12:14:34.238,1.92644,1.92686,1.20,1.13
2013.11.19 12:14:34.288,1.92642,1.92686,1.58,1.13
2013.11.19 12:14:34.931,1.92642,1.92685,1.58,1.13
2013.11.19 12:14:35.336,1.92642,1.92684,1.58,1.13
2013.11.19 12:14:35.437,1.9264,1.92675,1.20,1.13
2013.11.19 12:14:35.488,1.92638,1.92675,1.28,1.13
2013.11.19 12:14:35.640,1.92635,1.92675,1.28,1.13
2013.11.19 12:14:35.892,1.92635,1.92682,1.28,1.50
2013.11.19 12:14:35.942,1.92636,1.92682,1.20,1.50
2013.11.19 12:14:37.128,1.92644,1.92682,1.13,1.13
2013.11.19 12:14:37.485,1.92639,1.92682,2.03,1.13
2013.11.19 12:14:37.795,1.92638,1.92682,1.28,1.13
2013.11.19 12:14:42.928,1.92638,1.92685,1.65,1.13
2013.11.19 12:14:43.038,1.92638,1.92688,1.65,1.50
2013.11.19 12:14:43.189,1.9264,1.92686,1.20,1.13
2013.11.19 12:14:43.843,1.92645,1.92693,1.28,1.13
2013.11.19 12:14:45.466,1.92645,1.92693,1.28,1.13
2013.11.19 12:14:52.136,1.9264,1.92691,1.88,1.13
2013.11.19 12:14:52.186,1.9264,1.92687,1.13,1.13
2013.11.19 12:14:52.237,1.92637,1.92687,1.28,1.13
2013.11.19 12:14:52.338,1.92639,1.92693,1.28,2.03
2013.11.19 12:14:52.439,1.92646,1.92693,1.13,2.03
2013.11.19 12:14:52.557,1.92637,1.92687,1.28,1.50
2013.11.19 12:14:52.617,1.92636,1.92682,2.70,1.13
2013.11.19 12:14:53.211,1.92633,1.92679,1.28,1.13
2013.11.19 12:14:56.687,1.92636,1.92682,1.20,1.88
2013.11.19 12:14:56.856,1.92637,1.92682,1.13,1.13
2013.11.19 12:14:57.008,1.92637,1.92685,1.50,1.13
2013.11.19 12:14:57.058,1.92638,1.92686,1.28,1.13
2013.11.19 12:14:57.363,1.9264,1.92686,1.58,1.13
2013.11.19 12:14:59.412,1.92646,1.92686,1.28,1.13
2013.11.19 12:15:01.406,1.92646,1.92685,1.28,1.13
2013.11.19 12:15:02.126,1.92649,1.92695,1.20,1.58
2013.11.19 12:15:05.096,1.92647,1.92685,1.20,1.13
2013.11.19 12:15:15.943,1.92647,1.92686,1.28,1.13
2013.11.19 12:15:27.524,1.92647,1.92686,1.28,1.13
2013.11.19 12:15:28.086,1.92647,1.92692,1.28,1.13
2013.11.19 12:15:31.444,1.92637,1.92685,1.58,1.50
2013.11.19 12:15:31.494,1.92637,1.92685,1.28,1.58
2013.11.19 12:15:31.545,1.92631,1.92683,1.20,1.50
2013.11.19 12:15:31.646,1.9263,1.92683,1.28,1.65
2013.11.19 12:15:31.898,1.92627,1.92674,1.28,1.13
2013.11.19 12:15:32.431,1.92627,1.92674,1.28,1.13
2013.11.19 12:15:32.761,1.92625,1.92672,1.95,1.13
2013.11.19 12:15:33.316,1.92624,1.9267,1.58,1.13
2013.11.19 12:15:33.367,1.92624,1.9267,1.13,1.20
2013.11.19 12:15:33.418,1.92624,1.92664,1.13,1.88
2013.11.19 12:15:33.569,1.92616,1.92664,1.28,1.88
2013.11.19 12:15:34.413,1.92616,1.92662,1.28,1.13
2013.11.19 12:15:34.886,1.92618,1.92666,1.65,1.13
2013.11.19 12:15:35.038,1.92619,1.92666,1.20,1.13
2013.11.19 12:15:35.352,1.92619,1.92664,1.13,1.13
2013.11.19 12:15:35.950,1.92621,1.92672,1.20,1.13
2013.11.19 12:15:49.595,1.92619,1.92665,1.50,1.13
2013.11.19 12:15:49.696,1.92615,1.92663,2.25,1.13
2013.11.19 12:15:49.797,1.92615,1.92663,1.95,1.13
2013.11.19 12:15:50.063,1.92615,1.92663,1.65,1.20
2013.11.19 12:15:50.165,1.92608,1.92654,1.58,1.13
2013.11.19 12:15:51.583,1.92609,1.92662,1.20,1.20
2013.11.19 12:15:51.634,1.92609,1.92662,1.20,1.20
2013.11.19 12:15:51.685,1.92614,1.92663,1.13,1.50
2013.11.19 12:15:52.236,1.92614,1.92663,1.20,1.50
2013.11.19 12:15:52.846,1.92614,1.92663,1.20,1.50
2013.11.19 12:15:55.627,1.92613,1.92657,1.50,1.13
2013.11.19 12:15:58.707,1.92614,1.92663,1.20,1.13
2013.11.19 12:15:59.620,1.92614,1.92663,1.20,1.13
2013.11.19 12:15:59.930,1.92621,1.92662,1.50,1.13
2013.11.19 12:16:00.234,1.92632,1.92667,1.13,1.13
2013.11.19 12:16:00.501,1.92625,1.92672,1.28,1.13
2013.11.19 12:16:00.626,1.92631,1.92672,1.20,1.13
2013.11.19 12:16:05.772,1.92626,1.92672,1.28,1.13
2013.11.19 12:16:07.093,1.92631,1.92672,1.20,1.13
2013.11.19 12:16:09.617,1.92625,1.92672,1.58,1.13
2013.11.19 12:16:10.193,1.92631,1.92672,1.20,1.13
2013.11.19 12:16:12.376,1.92617,1.92663,1.50,1.13
2013.11.19 12:16:13.582,1.92618,1.92665,1.50,1.88
2013.11.19 12:16:13.734,1.92625,1.9267,1.20,1.50
2013.11.19 12:16:17.336,1.92623,1.92663,1.50,1.50
2013.11.19 12:16:20.305,1.92625,1.92662,1.20,1.13
2013.11.19 12:16:21.805,1.92625,1.92664,1.20,1.13
2013.11.19 12:16:24.995,1.92625,1.92673,1.20,1.13
2013.11.19 12:16:25.502,1.92625,1.92664,1.20,1.13
2013.11.19 12:16:26.575,1.92625,1.92673,1.20,1.13
2013.11.19 12:16:27.105,1.92625,1.92673,1.20,1.13
2013.11.19 12:16:28.625,1.92625,1.92667,1.20,1.13
2013.11.19 12:16:29.167,1.92625,1.92663,1.20,1.13
2013.11.19 12:16:30.917,1.92617,1.92663,1.50,1.13
2013.11.19 12:16:34.725,1.9262,1.92673,1.20,1.58
2013.11.19 12:16:34.776,1.92625,1.92673,1.20,1.50
2013.11.19 12:16:35.108,1.92626,1.92672,1.20,1.50
2013.11.19 12:16:35.410,1.92623,1.92666,1.50,1.13
2013.11.19 12:16:37.244,1.92626,1.92673,1.20,1.50
2013.11.19 12:16:37.807,1.92629,1.92673,1.65,1.50
2013.11.19 12:16:41.160,1.92634,1.92673,1.20,1.50
2013.11.19 12:16:41.211,1.92634,1.92683,1.20,1.50
2013.11.19 12:16:41.367,1.92634,1.92683,1.20,1.50
2013.11.19 12:16:41.468,1.92636,1.92682,1.95,1.50
2013.11.19 12:16:41.671,1.9264,1.92693,1.20,1.58
2013.11.19 12:16:41.722,1.9264,1.92693,1.20,1.20
2013.11.19 12:16:41.875,1.9264,1.92693,1.20,1.20
2013.11.19 12:16:41.926,1.92644,1.92693,1.20,1.13
2013.11.19 12:16:42.287,1.92644,1.92682,1.95,1.13
2013.11.19 12:16:42.438,1.92645,1.92695,1.65,1.13
2013.11.19 12:16:42.590,1.92642,1.92695,1.20,1.20
2013.11.19 12:16:42.906,1.92639,1.92693,1.65,1.28
2013.11.19 12:16:43.294,1.92639,1.92693,2.03,1.65
2013.11.19 12:16:43.625,1.92646,1.92694,2.40,1.13
2013.11.19 12:16:43.811,1.92646,1.92697,2.40,1.13
2013.11.19 12:16:45.615,1.92647,1.92703,1.65,1.65
2013.11.19 12:16:45.766,1.92655,1.92703,1.20,1.50
2013.11.19 12:16:50.679,1.92659,1.92703,1.28,1.13
2013.11.19 12:16:50.730,1.92665,1.92703,1.20,1.13
2013.11.19 12:16:50.946,1.92665,1.92713,1.20,1.13
2013.11.19 12:16:53.321,1.92665,1.92713,1.20,1.13
2013.11.19 12:16:53.977,1.92669,1.92723,1.95,1.20
2013.11.19 12:16:54.078,1.92672,1.92722,1.20,1.13
2013.11.19 12:16:54.589,1.92672,1.92725,1.20,1.73
2013.11.19 12:16:54.952,1.92672,1.92725,1.20,1.73
2013.11.19 12:16:55.173,1.92672,1.92722,1.20,1.28
2013.11.19 12:16:55.385,1.92672,1.92722,1.20,1.13
2013.11.19 12:16:55.435,1.92672,1.92722,1.20,1.13
2013.11.19 12:16:55.632,1.92669,1.92719,1.50,1.13
2013.11.19 12:16:55.733,1.92667,1.92719,1.58,1.20
2013.11.19 12:16:55.839,1.92667,1.92719,1.28,1.20
2013.11.19 12:16:57.382,1.92667,1.92714,1.28,1.13
2013.11.19 12:16:57.714,1.92663,1.92707,1.50,1.13
2013.11.19 12:16:57.815,1.92664,1.92713,1.20,1.50
2013.11.19 12:16:57.916,1.92666,1.92714,1.50,1.65
2013.11.19 12:16:58.104,1.92661,1.92713,1.28,1.58
2013.11.19 12:16:58.369,1.92656,1.92703,2.25,1.13
2013.11.19 12:16:58.420,1.92656,1.92703,1.20,1.50
2013.11.19 12:16:58.471,1.92655,1.92703,1.65,1.50
2013.11.19 12:16:58.572,1.92652,1.927,1.20,1.13
2013.11.19 12:16:58.723,1.92646,1.92693,1.88,1.13
2013.11.19 12:16:58.880,1.92646,1.92693,1.58,1.13
2013.11.19 12:16:59.488,1.92646,1.92693,1.20,1.50
2013.11.19 12:17:00.352,1.92644,1.92693,1.20,1.20
2013.11.19 12:17:00.452,1.92638,1.92693,1.95,1.20
2013.11.19 12:17:03.415,1.92638,1.92692,2.70,1.13
2013.11.19 12:17:07.625,1.92638,1.92692,2.70,1.13
2013.11.19 12:17:07.936,1.92647,1.927,1.58,1.13
2013.11.19 12:17:08.358,1.92647,1.92703,1.65,1.65
2013.11.19 12:17:08.686,1.92648,1.92702,1.65,1.65
2013.11.19 12:17:10.857,1.92646,1.92702,1.20,1.65
2013.11.19 12:17:11.047,1.92646,1.92692,1.20,1.13
2013.11.19 12:17:11.368,1.92645,1.92693,1.20,1.13
2013.11.19 12:17:11.964,1.92646,1.92695,1.20,1.13
2013.11.19 12:17:12.447,1.92646,1.92699,1.20,1.13
2013.11.19 12:17:16.435,1.92648,1.92701,1.20,1.50
2013.11.19 12:17:16.687,1.92653,1.92702,1.20,1.50
2013.11.19 12:17:17.576,1.92658,1.92712,1.58,1.95
2013.11.19 12:17:17.685,1.92656,1.92704,1.65,1.50
2013.11.19 12:17:17.836,1.92658,1.92712,1.58,1.95
2013.11.19 12:17:21.594,1.92653,1.92702,1.20,1.50
2013.11.19 12:17:24.936,1.92653,1.92702,1.20,1.50
2013.11.19 12:17:28.355,1.92653,1.92702,1.20,1.50
2013.11.19 12:17:28.407,1.92653,1.92702,1.20,1.50
2013.11.19 12:17:28.795,1.92651,1.92702,1.65,1.58
2013.11.19 12:17:29.317,1.92656,1.92704,1.50,1.28
2013.11.19 12:17:30.253,1.92656,1.92704,1.50,1.28
2013.11.19 12:17:30.945,1.92656,1.92704,1.50,1.28
2013.11.19 12:17:32.114,1.92656,1.92704,1.50,1.28
2013.11.19 12:17:33.104,1.92656,1.92704,1.50,1.65
2013.11.19 12:17:34.659,1.92656,1.92704,1.50,1.65
2013.11.19 12:17:35.002,1.92658,1.92712,1.58,1.95
2013.11.19 12:17:35.528,1.92658,1.92712,1.58,1.95
2013.11.19 12:17:35.856,1.92658,1.92712,1.58,1.95
2013.11.19 12:17:36.405,1.92658,1.92712,1.58,1.95
2013.11.19 12:17:37.191,1.92658,1.92712,1.58,1.58
2013.11.19 12:17:48.538,1.92657,1.92713,1.88,1.28
2013.11.19 12:17:48.640,1.92657,1.92702,1.13,1.13
2013.11.19 12:17:48.850,1.92655,1.92702,1.13,1.28
2013.11.19 12:17:49.102,1.92651,1.92702,1.13,1.58
2013.11.19 12:17:49.203,1.92658,1.92702,1.13,1.58
2013.11.19 12:17:49.304,1.92658,1.92702,1.13,1.28
2013.11.19 12:17:49.405,1.92655,1.92702,1.13,1.28
2013.11.19 12:17:49.854,1.92658,1.92703,1.13,1.28
2013.11.19 12:17:54.458,1.92656,1.92703,1.13,1.28
2013.11.19 12:17:54.609,1.92656,1.92703,1.13,1.28
2013.11.19 12:17:58.873,1.92649,1.92697,1.13,1.13
2013.11.19 12:17:58.974,1.92647,1.92695,1.65,1.13
2013.11.19 12:17:59.025,1.92647,1.92695,1.50,1.28
2013.11.19 12:17:59.277,1.92655,1.92703,1.13,1.58
2013.11.19 12:18:00.584,1.92655,1.92697,1.13,1.20
2013.11.19 12:18:00.736,1.92645,1.92695,1.20,1.20
2013.11.19 12:18:00.787,1.92645,1.92695,1.20,1.28
2013.11.19 12:18:00.943,1.92645,1.92695,1.20,1.28
2013.11.19 12:18:01.104,1.92645,1.92695,1.20,1.28
2013.11.19 12:18:01.154,1.92645,1.92699,1.95,1.13
2013.11.19 12:18:01.496,1.92647,1.92699,1.50,1.13
2013.11.19 12:18:01.548,1.92647,1.92701,1.65,1.28
2013.11.19 12:18:01.606,1.92645,1.92695,1.65,1.13
2013.11.19 12:18:02.884,1.92645,1.92703,1.65,2.70
2013.11.19 12:18:03.106,1.92645,1.92695,1.65,1.13
2013.11.19 12:18:06.532,1.92645,1.92695,1.65,1.13
2013.11.19 12:18:06.683,1.92648,1.92695,1.20,1.13
2013.11.19 12:18:07.654,1.92647,1.92703,2.33,1.20
2013.11.19 12:18:11.786,1.92648,1.92702,1.20,1.58
2013.11.19 12:18:11.908,1.92648,1.92704,1.20,2.03
2013.11.19 12:18:12.010,1.92648,1.92702,1.20,1.58
2013.11.19 12:18:12.232,1.92643,1.92694,1.20,1.50
2013.11.19 12:18:12.550,1.92638,1.92693,1.65,1.28
2013.11.19 12:18:24.853,1.92638,1.92692,1.28,1.65
2013.11.19 12:18:26.286,1.92638,1.92692,1.28,1.65
2013.11.19 12:18:26.341,1.92638,1.92676,1.20,1.13
2013.11.19 12:18:26.442,1.92636,1.92668,1.13,1.13
2013.11.19 12:18:26.656,1.92642,1.92667,1.13,1.13
2013.11.19 12:18:26.873,1.92642,1.92683,1.13,1.20
2013.11.19 12:18:27.243,1.92641,1.92684,1.13,1.20
2013.11.19 12:18:27.294,1.92641,1.9269,1.13,1.20
2013.11.19 12:18:27.445,1.92642,1.92684,1.13,1.58
2013.11.19 12:18:27.744,1.92636,1.92684,1.13,1.58
2013.11.19 12:18:28.261,1.92636,1.92684,1.13,1.58
2013.11.19 12:18:28.549,1.92636,1.92684,1.28,1.50
2013.11.19 12:18:28.650,1.92641,1.92694,1.20,1.20
2013.11.19 12:18:28.979,1.92641,1.92695,1.28,1.65
2013.11.19 12:18:33.582,1.92643,1.92695,1.65,1.65
2013.11.19 12:18:37.872,1.92641,1.92695,1.28,1.65
2013.11.19 12:18:40.299,1.9264,1.92693,1.20,1.20
2013.11.19 12:18:40.501,1.9264,1.92694,1.20,1.28
2013.11.19 12:18:40.551,1.92637,1.92694,2.03,1.28
2013.11.19 12:18:42.895,1.92637,1.92694,1.28,1.28
2013.11.19 12:18:46.632,1.92637,1.92692,1.28,1.65
2013.11.19 12:18:47.003,1.92638,1.92695,1.28,2.33
2013.11.19 12:18:57.865,1.92638,1.92692,1.28,1.28
2013.11.19 12:19:00.778,1.92638,1.92692,1.28,1.20
2013.11.19 12:19:03.592,1.92636,1.92687,1.58,1.13
2013.11.19 12:19:03.694,1.92635,1.92685,1.58,1.28
2013.11.19 12:19:04.154,1.92631,1.92683,1.28,1.58
2013.11.19 12:19:04.922,1.92631,1.92683,1.28,1.43
2013.11.19 12:19:05.912,1.92631,1.92682,1.28,1.13
2013.11.19 12:19:12.658,1.92629,1.92682,1.20,1.13
2013.11.19 12:19:23.759,1.92627,1.92683,2.40,1.28
2013.11.19 12:19:31.548,1.9263,1.92682,1.13,1.20
2013.11.19 12:19:33.372,1.9263,1.92683,1.20,1.13
2013.11.19 12:19:34.972,1.9263,1.92687,1.20,1.65
2013.11.19 12:19:43.901,1.92638,1.92692,2.63,1.20
2013.11.19 12:19:44.003,1.92638,1.92694,2.78,1.28
2013.11.19 12:19:46.674,1.9264,1.92692,1.65,1.20
2013.11.19 12:19:48.954,1.9264,1.92693,1.28,1.28
2013.11.19 12:19:53.853,1.92643,1.92693,1.20,1.20
2013.11.19 12:19:54.928,1.92641,1.92692,1.95,1.20
2013.11.19 12:19:55.029,1.9264,1.92692,1.65,1.28
2013.11.19 12:19:59.299,1.92644,1.92694,1.95,1.20
2013.11.19 12:19:59.350,1.92644,1.92694,2.03,1.20
2013.11.19 12:19:59.401,1.92645,1.92695,1.28,2.03
2013.11.19 12:20:00.177,1.92644,1.92694,1.28,1.20
2013.11.19 12:20:00.382,1.92643,1.92692,1.65,1.13
2013.11.19 12:20:02.383,1.92644,1.92695,1.65,2.03
2013.11.19 12:20:03.354,1.92652,1.92696,1.13,1.28
2013.11.19 12:20:03.455,1.92652,1.92702,1.13,1.13
2013.11.19 12:20:03.555,1.92652,1.92703,1.20,1.28
2013.11.19 12:20:07.496,1.92652,1.92703,1.13,1.58
2013.11.19 12:20:07.604,1.92648,1.927,1.20,1.28
2013.11.19 12:20:07.655,1.92647,1.92697,1.58,1.28
2013.11.19 12:20:07.856,1.92641,1.92694,1.50,1.20
2013.11.19 12:20:08.594,1.9264,1.92692,1.50,2.03
2013.11.19 12:20:09.078,1.92646,1.92693,1.13,1.65
2013.11.19 12:20:10.908,1.92649,1.92693,1.13,1.65
2013.11.19 12:20:11.075,1.92646,1.92693,1.20,1.28
2013.11.19 12:20:11.125,1.92646,1.92693,1.20,1.20
2013.11.19 12:20:11.378,1.92647,1.92695,1.13,1.28
2013.11.19 12:20:11.656,1.92648,1.92695,1.13,1.58
2013.11.19 12:20:12.260,1.92646,1.92693,1.13,1.28
2013.11.19 12:20:12.474,1.92638,1.92692,1.65,2.03
2013.11.19 12:20:12.807,1.92645,1.92692,1.50,1.28
2013.11.19 12:20:13.159,1.92648,1.92695,1.88,1.13
2013.11.19 12:20:17.244,1.92652,1.92698,1.13,1.58
2013.11.19 12:20:17.843,1.92652,1.92698,1.13,1.88
2013.11.19 12:20:18.650,1.92648,1.92695,1.50,1.13
2013.11.19 12:20:27.502,1.92652,1.92698,1.13,1.28
2013.11.19 12:20:27.683,1.92652,1.92698,1.13,1.28
2013.11.19 12:20:28.343,1.92651,1.92692,1.13,1.20
2013.11.19 12:20:29.664,1.92651,1.92694,1.13,1.28
2013.11.19 12:20:31.284,1.92651,1.92692,1.13,1.58
2013.11.19 12:20:31.795,1.92653,1.92701,1.13,1.13
2013.11.19 12:20:37.123,1.92648,1.92699,1.13,1.20
2013.11.19 12:20:40.425,1.92648,1.92699,1.13,1.20
2013.11.19 12:20:43.378,1.92648,1.92701,1.20,1.58
2013.11.19 12:20:51.792,1.92647,1.92703,1.65,1.28
2013.11.19 12:20:56.006,1.92647,1.92703,1.65,1.28
2013.11.19 12:20:57.655,1.92651,1.92703,1.20,1.28
2013.11.19 12:21:03.014,1.92651,1.92703,1.20,1.28
2013.11.19 12:21:03.547,1.92651,1.92703,1.20,1.28
2013.11.19 12:21:08.979,1.9266,1.92706,1.13,1.28
2013.11.19 12:21:09.080,1.9266,1.92706,1.13,1.28
2013.11.19 12:21:10.714,1.92666,1.92713,1.13,1.58
2013.11.19 12:21:10.764,1.92666,1.92713,1.13,1.28
2013.11.19 12:21:11.162,1.92665,1.92714,1.13,1.28
2013.11.19 12:21:12.065,1.92665,1.92715,1.13,2.03
2013.11.19 12:21:12.746,1.92673,1.92716,1.13,1.20
2013.11.19 12:21:12.870,1.92666,1.92714,1.13,1.65
2013.11.19 12:21:13.502,1.92673,1.92716,1.13,1.20
2013.11.19 12:21:13.603,1.92666,1.92714,1.20,1.58
2013.11.19 12:21:13.653,1.92666,1.92714,1.28,1.58
2013.11.19 12:21:13.937,1.92667,1.92714,1.20,1.13
2013.11.19 12:21:14.011,1.92667,1.92714,1.28,1.13
2013.11.19 12:21:14.326,1.92668,1.92723,1.28,1.95
2013.11.19 12:21:14.629,1.92656,1.92703,1.28,1.50
2013.11.19 12:21:14.886,1.92656,1.92704,1.65,1.13
2013.11.19 12:21:14.936,1.92656,1.92712,2.03,1.20
2013.11.19 12:21:15.087,1.92662,1.92715,1.28,1.28
2013.11.19 12:21:18.066,1.92664,1.92715,1.20,1.20
2013.11.19 12:21:18.117,1.92666,1.92715,1.20,1.13
2013.11.19 12:21:18.428,1.92669,1.92725,1.13,1.50
2013.11.19 12:21:18.769,1.92668,1.92721,1.58,1.13
2013.11.19 12:21:19.402,1.92669,1.92715,1.20,1.50
2013.11.19 12:21:20.492,1.92666,1.92714,1.50,1.50
2013.11.19 12:21:20.652,1.92666,1.92714,1.50,1.50
2013.11.19 12:21:21.393,1.92668,1.92723,1.20,1.13
2013.11.19 12:21:21.733,1.92666,1.92724,1.65,1.65
2013.11.19 12:21:21.939,1.92666,1.92724,2.25,1.58
2013.11.19 12:21:22.493,1.92666,1.92719,1.65,1.20
2013.11.19 12:21:23.133,1.92666,1.92719,1.65,1.20
2013.11.19 12:21:23.353,1.92665,1.92719,1.65,1.20
2013.11.19 12:21:25.995,1.92666,1.92719,1.65,1.20
2013.11.19 12:21:26.105,1.92666,1.92719,1.65,1.20
2013.11.19 12:21:26.928,1.92666,1.92719,1.65,1.20
2013.11.19 12:21:28.366,1.92668,1.92722,1.65,1.28
2013.11.19 12:21:28.567,1.9267,1.92725,1.28,1.20
2013.11.19 12:21:29.592,1.92675,1.92731,1.20,1.20
2013.11.19 12:21:30.362,1.92675,1.9273,1.20,1.28
2013.11.19 12:21:30.956,1.92675,1.92731,1.20,1.20
2013.11.19 12:21:31.682,1.92675,1.92731,1.20,1.20
2013.11.19 12:21:32.394,1.92675,1.9273,1.13,1.28
2013.11.19 12:21:32.545,1.92674,1.9273,1.20,1.58
2013.11.19 12:21:32.851,1.92675,1.92732,1.58,1.13
2013.11.19 12:21:33.003,1.92677,1.92734,1.28,1.65
2013.11.19 12:21:33.317,1.92679,1.92734,1.28,1.28
2013.11.19 12:21:33.842,1.92685,1.92737,1.50,1.13
2013.11.19 12:21:36.167,1.92685,1.92742,1.58,2.25
2013.11.19 12:21:36.217,1.92685,1.92742,1.65,1.58
2013.11.19 12:21:36.318,1.92687,1.92742,1.58,1.58
2013.11.19 12:21:36.419,1.92685,1.92742,1.65,1.58
2013.11.19 12:21:36.715,1.92688,1.92742,1.58,1.20
2013.11.19 12:21:36.867,1.92683,1.92741,1.28,1.20
2013.11.19 12:21:36.968,1.92687,1.92744,1.13,1.95
2013.11.19 12:21:37.043,1.92687,1.92744,1.20,1.65
2013.11.19 12:21:37.832,1.92688,1.92742,1.28,1.65
2013.11.19 12:21:39.392,1.92687,1.92743,1.58,1.28
2013.11.19 12:21:40.710,1.92688,1.92744,1.28,1.65
2013.11.19 12:21:40.973,1.92689,1.92744,1.20,1.58
2013.11.19 12:21:41.074,1.92695,1.92747,1.28,1.20
2013.11.19 12:21:43.160,1.92697,1.92753,1.65,2.03
2013.11.19 12:21:45.536,1.92696,1.9275,1.28,1.28
2013.11.19 12:21:45.643,1.92696,1.92753,2.03,2.03
2013.11.19 12:21:46.157,1.92697,1.92753,1.28,2.03
2013.11.19 12:21:46.332,1.927,1.92753,1.13,2.03
2013.11.19 12:21:49.752,1.927,1.92753,1.13,2.33
2013.11.19 12:21:49.853,1.92697,1.92746,1.13,1.20
2013.11.19 12:21:49.913,1.92696,1.92746,1.50,1.58
2013.11.19 12:21:50.174,1.92691,1.9274,1.13,1.20
2013.11.19 12:21:50.276,1.92685,1.92735,1.28,1.28
2013.11.19 12:21:51.288,1.92684,1.92734,1.28,1.20
2013.11.19 12:21:51.342,1.92684,1.92733,1.28,1.13
2013.11.19 12:21:53.655,1.92679,1.92733,1.20,1.13
2013.11.19 12:21:54.201,1.92681,1.92735,1.28,1.28
2013.11.19 12:21:54.252,1.92683,1.9274,1.28,1.65
2013.11.19 12:21:54.691,1.92688,1.92742,1.13,1.50
2013.11.19 12:21:55.631,1.92688,1.92742,1.13,1.88
2013.11.19 12:21:57.282,1.92686,1.92739,1.20,1.28
2013.11.19 12:21:57.842,1.92678,1.92734,2.33,1.58
2013.11.19 12:21:58.180,1.92679,1.92733,1.58,1.13
2013.11.19 12:21:58.701,1.9268,1.92733,1.28,1.13
2013.11.19 12:21:59.313,1.92677,1.92733,3.00,1.13
2013.11.19 12:21:59.814,1.92677,1.92729,2.25,1.13
2013.11.19 12:21:59.966,1.92675,1.92725,1.65,1.50
2013.11.19 12:22:00.264,1.92673,1.92725,1.65,1.58
2013.11.19 12:22:00.315,1.92673,1.92725,1.58,1.65
2013.11.19 12:22:00.416,1.92671,1.92723,1.28,1.58
2013.11.19 12:22:02.244,1.92667,1.92722,1.28,1.13
2013.11.19 12:22:02.295,1.92667,1.92722,1.28,1.20
2013.11.19 12:22:03.112,1.92666,1.92718,1.28,1.28
2013.11.19 12:22:03.432,1.92668,1.92716,1.28,1.20
2013.11.19 12:22:03.790,1.92668,1.92716,1.28,1.20
2013.11.19 12:22:06.012,1.92668,1.92723,1.28,1.58
2013.11.19 12:22:09.484,1.9267,1.92724,1.20,1.95
2013.11.19 12:22:09.535,1.9267,1.92724,1.28,1.65
2013.11.19 12:22:09.686,1.92669,1.92722,1.28,1.20
2013.11.19 12:22:10.766,1.92675,1.92723,1.58,1.13
2013.11.19 12:22:10.872,1.92675,1.92727,1.20,1.13
2013.11.19 12:22:11.421,1.9267,1.92727,1.58,1.28
2013.11.19 12:22:12.745,1.9267,1.92722,1.20,1.13
2013.11.19 12:22:12.945,1.92671,1.92727,1.28,1.28
2013.11.19 12:22:13.401,1.92674,1.92722,1.28,1.13
2013.11.19 12:22:13.885,1.92671,1.92722,1.28,1.13
2013.11.19 12:22:14.301,1.92671,1.92722,1.28,1.13
2013.11.19 12:22:15.256,1.92676,1.92722,1.13,1.13
2013.11.19 12:22:15.408,1.92685,1.92722,1.13,1.13
2013.11.19 12:22:15.623,1.92685,1.92722,1.13,1.13
2013.11.19 12:22:15.976,1.9269,1.92725,1.13,1.13
2013.11.19 12:22:16.127,1.9269,1.92732,1.13,1.20
2013.11.19 12:22:16.329,1.92685,1.92724,1.13,1.13
2013.11.19 12:22:16.852,1.92685,1.92724,1.13,1.13
2013.11.19 12:22:16.953,1.92683,1.92723,1.20,1.13
2013.11.19 12:22:18.291,1.92683,1.92723,1.13,1.13
2013.11.19 12:22:18.648,1.92683,1.92723,1.13,1.28
2013.11.19 12:22:19.049,1.92683,1.92723,1.13,1.13
2013.11.19 12:22:19.150,1.92685,1.92724,1.13,1.20
2013.11.19 12:22:19.675,1.92684,1.92722,1.13,1.13
2013.11.19 12:22:21.341,1.92676,1.92722,1.28,1.13
2013.11.19 12:22:21.493,1.92676,1.92722,1.28,1.13
2013.11.19 12:22:21.872,1.92673,1.92721,1.28,1.13
2013.11.19 12:22:22.242,1.92672,1.92712,1.58,1.13
2013.11.19 12:22:22.293,1.92672,1.92712,1.20,1.13
2013.11.19 12:22:22.444,1.92667,1.92723,1.65,1.28
2013.11.19 12:22:22.696,1.92667,1.92723,2.03,1.65
2013.11.19 12:22:23.853,1.92672,1.92723,1.20,1.65
2013.11.19 12:22:24.148,1.92672,1.92723,1.20,1.65
2013.11.19 12:22:24.502,1.92672,1.92723,1.20,1.65
2013.11.19 12:22:26.661,1.92672,1.92723,1.20,1.65
2013.11.19 12:22:27.211,1.92672,1.92723,1.20,1.65
2013.11.19 12:22:29.882,1.92672,1.92723,1.20,1.65
2013.11.19 12:22:29.933,1.9267,1.92723,1.20,1.20
2013.11.19 12:22:30.034,1.92675,1.92723,1.20,1.13
2013.11.19 12:22:30.628,1.92677,1.92723,1.20,1.13
2013.11.19 12:22:31.385,1.92671,1.92713,1.20,1.13
2013.11.19 12:22:32.691,1.92671,1.92713,1.20,1.13
2013.11.19 12:22:36.546,1.92667,1.92723,1.65,1.28
2013.11.19 12:22:37.283,1.92671,1.92723,1.13,1.28
2013.11.19 12:22:41.196,1.92668,1.92723,1.28,1.28
2013.11.19 12:22:41.297,1.92667,1.92718,1.28,1.13
2013.11.19 12:22:41.449,1.92662,1.92715,1.20,1.50
2013.11.19 12:22:41.751,1.9266,1.92717,2.03,1.28
2013.11.19 12:22:42.094,1.92661,1.92714,1.65,1.58
2013.11.19 12:22:42.371,1.92666,1.92714,1.13,1.58
2013.11.19 12:22:43.141,1.92661,1.92714,1.28,1.58
2013.11.19 12:22:43.361,1.92666,1.92714,1.13,1.58
2013.11.19 12:22:43.691,1.92663,1.92714,1.20,1.58
2013.11.19 12:22:44.636,1.92662,1.92717,1.28,1.28
2013.11.19 12:22:45.151,1.92662,1.92717,1.28,1.28
2013.11.19 12:22:45.421,1.92662,1.92714,1.28,1.58
2013.11.19 12:22:45.861,1.92662,1.92717,1.28,1.28
2013.11.19 12:22:46.411,1.92662,1.92714,1.28,1.58
2013.11.19 12:22:46.620,1.9266,1.92716,1.28,1.28
2013.11.19 12:22:47.612,1.92664,1.92715,1.20,1.58
2013.11.19 12:22:49.531,1.92664,1.92716,1.13,1.20
2013.11.19 12:22:49.661,1.92665,1.92722,1.65,1.65
2013.11.19 12:22:49.711,1.92668,1.92722,1.65,1.65
2013.11.19 12:22:49.762,1.92668,1.92722,1.65,1.65
2013.11.19 12:22:51.611,1.92667,1.92723,1.65,1.65
2013.11.19 12:22:52.131,1.92667,1.92723,1.65,1.65
2013.11.19 12:22:52.231,1.92667,1.9272,1.58,1.13
2013.11.19 12:22:52.747,1.92664,1.92717,1.20,1.28
2013.11.19 12:22:53.301,1.92664,1.92717,1.20,1.28
2013.11.19 12:22:53.656,1.92664,1.92717,1.28,1.13
2013.11.19 12:22:53.952,1.92667,1.92723,1.65,1.65
2013.11.19 12:22:54.872,1.92669,1.92717,1.20,1.13
2013.11.19 12:22:55.051,1.92669,1.92723,1.20,1.13
2013.11.19 12:22:56.040,1.92669,1.92718,1.20,1.13
2013.11.19 12:22:56.171,1.92667,1.92707,1.13,1.13
2013.11.19 12:22:56.373,1.92663,1.92713,1.20,1.13
2013.11.19 12:22:56.625,1.92667,1.92723,1.65,1.65
2013.11.19 12:22:57.547,1.92667,1.92723,1.65,2.03
2013.11.19 12:22:58.303,1.92669,1.92722,1.58,1.13
2013.11.19 12:23:00.413,1.9267,1.92722,1.28,1.13
2013.11.19 12:23:00.673,1.9267,1.92722,1.20,1.28
2013.11.19 12:23:01.325,1.9267,1.92722,1.28,1.13
2013.11.19 12:23:03.600,1.92669,1.92722,1.20,1.13
2013.11.19 12:23:06.942,1.92668,1.92723,1.28,1.58
2013.11.19 12:23:07.416,1.92668,1.92723,1.28,1.65
2013.11.19 12:23:07.466,1.92674,1.92723,1.13,1.65
2013.11.19 12:23:07.671,1.92668,1.92722,1.65,1.65
2013.11.19 12:23:08.160,1.92671,1.92723,1.13,1.65
2013.11.19 12:23:08.226,1.92667,1.92723,1.65,1.65
2013.11.19 12:23:08.926,1.92667,1.92723,1.65,1.65
2013.11.19 12:23:09.652,1.92667,1.92723,1.65,1.65
2013.11.19 12:23:09.870,1.92667,1.92723,1.65,1.65
2013.11.19 12:23:10.313,1.9267,1.92723,1.20,1.65
2013.11.19 12:23:10.603,1.9267,1.92722,1.20,1.28
2013.11.19 12:23:10.654,1.92667,1.92722,1.65,1.28
2013.11.19 12:23:10.979,1.92667,1.92722,1.65,1.28
2013.11.19 12:23:11.183,1.92667,1.92722,1.65,1.28
2013.11.19 12:23:14.043,1.92667,1.92721,1.50,1.13
2013.11.19 12:23:14.093,1.9267,1.92721,1.13,1.13
2013.11.19 12:23:14.144,1.9267,1.92721,1.13,1.13
2013.11.19 12:23:14.194,1.92668,1.92721,1.50,1.13
2013.11.19 12:23:14.622,1.92667,1.92721,1.50,1.13
2013.11.19 12:23:19.395,1.92658,1.92712,1.95,1.20
2013.11.19 12:23:19.446,1.92658,1.92712,1.95,1.58
2013.11.19 12:23:20.114,1.92657,1.92704,1.65,1.13
2013.11.19 12:23:21.261,1.9266,1.92707,1.20,1.65
2013.11.19 12:23:21.607,1.9266,1.92704,1.13,2.03
2013.11.19 12:23:22.078,1.92663,1.92702,1.13,1.20
2013.11.19 12:23:22.556,1.92663,1.92702,1.13,1.50
2013.11.19 12:23:23.597,1.92663,1.92702,1.13,1.50
2013.11.19 12:23:24.053,1.92665,1.92704,1.13,1.28
2013.11.19 12:23:26.880,1.92665,1.92703,1.13,1.50
2013.11.19 12:23:27.193,1.9265,1.92702,1.13,1.58
2013.11.19 12:23:42.173,1.92648,1.92702,1.50,1.58
2013.11.19 12:23:45.982,1.92649,1.92703,1.20,1.58
2013.11.19 12:23:46.083,1.92649,1.92703,1.28,1.28
2013.11.19 12:24:04.563,1.92647,1.92703,1.65,1.28
2013.11.19 12:24:04.864,1.92657,1.92712,1.50,1.13
2013.11.19 12:24:05.250,1.92657,1.92713,1.58,1.58
2013.11.19 12:24:09.380,1.92658,1.92712,1.58,1.58
2013.11.19 12:24:09.481,1.92658,1.92713,1.88,1.28
2013.11.19 12:24:09.532,1.92658,1.92713,1.88,1.28
2013.11.19 12:24:09.649,1.92665,1.92714,1.58,1.28
2013.11.19 12:24:09.952,1.92672,1.92723,1.20,1.50
2013.11.19 12:24:10.219,1.92672,1.92723,1.20,1.13
2013.11.19 12:24:10.775,1.92672,1.9273,1.20,1.28
2013.11.19 12:24:11.299,1.92672,1.9273,1.20,1.28
2013.11.19 12:24:11.404,1.92672,1.9273,1.20,1.28
2013.11.19 12:24:11.576,1.92675,1.92731,1.20,1.13
2013.11.19 12:24:11.677,1.92678,1.92738,1.95,1.20
2013.11.19 12:24:26.449,1.92676,1.92733,1.95,1.20
2013.11.19 12:24:26.756,1.92672,1.92733,1.20,1.95
2013.11.19 12:24:27.093,1.92675,1.92728,1.20,1.20
2013.11.19 12:24:27.559,1.92675,1.92728,1.13,1.20
2013.11.19 12:24:28.769,1.92668,1.92728,3.15,1.20
2013.11.19 12:24:30.360,1.92668,1.92725,1.28,1.65
2013.11.19 12:24:33.717,1.9267,1.92728,1.20,1.20
2013.11.19 12:24:34.226,1.9267,1.92732,1.50,1.20
2013.11.19 12:24:44.078,1.9267,1.92728,1.20,1.20
2013.11.19 12:24:44.128,1.92667,1.92726,1.95,1.20
2013.11.19 12:24:45.203,1.92666,1.92723,1.65,1.50
2013.11.19 12:24:45.409,1.92666,1.92723,2.03,1.95
2013.11.19 12:24:45.459,1.92666,1.92723,2.33,1.65
2013.11.19 12:24:48.846,1.92666,1.92723,2.33,1.20
2013.11.19 12:24:48.897,1.92666,1.92722,2.03,1.20
2013.11.19 12:24:48.947,1.92666,1.92721,1.28,1.65
2013.11.19 12:24:53.256,1.92662,1.92713,1.20,1.88
2013.11.19 12:24:55.821,1.92662,1.92713,1.13,1.95
2013.11.19 12:24:56.066,1.92662,1.92713,1.50,1.95
2013.11.19 12:25:00.548,1.92664,1.92713,1.13,1.95
2013.11.19 12:25:00.850,1.92675,1.92713,1.13,1.65
2013.11.19 12:25:11.870,1.92675,1.92717,1.13,1.20
2013.11.19 12:25:12.419,1.92675,1.92719,1.13,1.50
2013.11.19 12:25:15.725,1.92675,1.92714,1.13,1.50
2013.11.19 12:25:16.632,1.92675,1.92714,1.13,1.50
2013.11.19 12:25:18.359,1.92675,1.92713,1.13,1.50
2013.11.19 12:25:19.129,1.92675,1.92713,1.13,1.50
2013.11.19 12:25:21.660,1.92675,1.92714,1.13,1.50
2013.11.19 12:25:22.719,1.92666,1.92713,1.13,2.25
2013.11.19 12:25:25.299,1.92674,1.92712,1.13,1.20
2013.11.19 12:25:28.955,1.92674,1.92709,1.13,1.20
2013.11.19 12:25:29.157,1.92666,1.92709,1.13,1.50
2013.11.19 12:25:30.909,1.92674,1.92709,1.13,1.50
2013.11.19 12:25:31.422,1.92679,1.92721,1.13,1.13
2013.11.19 12:25:31.522,1.92686,1.92726,1.13,2.03
2013.11.19 12:25:31.732,1.92681,1.92722,1.13,1.95
2013.11.19 12:25:32.036,1.92681,1.92721,1.13,1.50
2013.11.19 12:25:35.265,1.92682,1.92713,1.13,1.20
2013.11.19 12:25:36.822,1.92686,1.92717,1.13,1.20
2013.11.19 12:25:39.400,1.92676,1.92717,1.13,1.20
2013.11.19 12:25:40.141,1.92676,1.92717,1.13,1.20
2013.11.19 12:25:40.191,1.92678,1.92717,1.13,1.20
2013.11.19 12:25:40.521,1.92676,1.92717,1.13,1.20
2013.11.19 12:25:40.809,1.92678,1.92717,1.13,1.20
2013.11.19 12:25:41.139,1.92676,1.92717,1.13,1.20
2013.11.19 12:25:41.354,1.92676,1.92717,1.13,1.20
2013.11.19 12:25:41.687,1.92676,1.92704,1.13,1.13
2013.11.19 12:25:41.738,1.92676,1.92711,1.13,1.50
2013.11.19 12:25:41.840,1.92675,1.92711,1.13,1.50
2013.11.19 12:25:42.119,1.92675,1.92711,1.13,1.50
2013.11.19 12:25:42.905,1.92675,1.92711,1.13,1.50
2013.11.19 12:25:44.431,1.92667,1.92711,1.13,1.50
2013.11.19 12:25:44.652,1.92666,1.92711,1.13,1.50
2013.11.19 12:25:45.649,1.92675,1.92711,1.13,1.50
2013.11.19 12:25:45.750,1.92675,1.92712,1.13,1.65
2013.11.19 12:25:46.586,1.92675,1.92719,1.13,1.95
2013.11.19 12:25:48.431,1.92675,1.92719,1.13,1.95
2013.11.19 12:25:49.159,1.92686,1.92719,1.13,1.20
2013.11.19 12:25:49.488,1.92682,1.92719,1.13,1.20
2013.11.19 12:25:49.740,1.92682,1.92725,1.13,1.95
2013.11.19 12:25:55.609,1.92676,1.92724,1.13,1.65
2013.11.19 12:25:56.110,1.92676,1.92724,1.13,1.65
2013.11.19 12:25:57.683,1.92678,1.92724,1.13,1.65
2013.11.19 12:25:57.882,1.92678,1.92724,1.13,1.65
2013.11.19 12:25:58.768,1.92676,1.92722,1.13,1.20
2013.11.19 12:25:59.081,1.92676,1.92722,1.13,1.50
2013.11.19 12:26:01.442,1.92681,1.92722,1.13,1.50
2013.11.19 12:26:01.549,1.92675,1.92722,1.13,1.50
2013.11.19 12:26:04.403,1.92661,1.92719,1.65,1.20
2013.11.19 12:26:04.453,1.92661,1.92713,1.50,1.50
2013.11.19 12:26:04.655,1.92655,1.9271,1.28,1.20
2013.11.19 12:26:04.806,1.92655,1.92706,1.13,1.20
2013.11.19 12:26:09.150,1.92655,1.92704,1.13,1.65
2013.11.19 12:26:09.429,1.92656,1.92704,1.13,1.65
2013.11.19 12:26:09.780,1.92662,1.92706,1.13,1.20
2013.11.19 12:26:10.788,1.92662,1.92707,1.13,1.65
2013.11.19 12:26:15.899,1.92656,1.92711,1.20,1.28
2013.11.19 12:26:15.949,1.92675,1.92713,1.13,1.20
2013.11.19 12:26:16.100,1.92675,1.92715,1.13,1.28
2013.11.19 12:26:20.028,1.92676,1.92714,1.13,1.20
2013.11.19 12:26:20.567,1.92668,1.92715,1.13,1.28
2013.11.19 12:26:32.830,1.92665,1.92713,1.20,1.20
2013.11.19 12:26:35.192,1.92665,1.92714,1.20,1.20
2013.11.19 12:26:35.940,1.92665,1.92714,1.13,1.20
2013.11.19 12:26:38.797,1.92665,1.92715,1.13,2.03
2013.11.19 12:26:43.448,1.92675,1.92713,1.13,1.28
2013.11.19 12:26:43.618,1.92675,1.92712,1.13,1.20
2013.11.19 12:26:43.994,1.92663,1.92705,1.13,1.20
2013.11.19 12:26:44.667,1.92661,1.92707,1.13,1.28
2013.11.19 12:26:47.199,1.92675,1.92711,1.13,1.20
2013.11.19 12:26:47.630,1.92665,1.92706,1.13,1.28
2013.11.19 12:26:47.731,1.92665,1.92706,1.13,1.28
2013.11.19 12:26:47.781,1.92665,1.92706,1.13,1.58
2013.11.19 12:26:47.832,1.92665,1.92706,1.13,1.58
2013.11.19 12:26:48.028,1.9266,1.92702,1.13,1.28
2013.11.19 12:26:48.248,1.92662,1.92706,1.13,1.58
2013.11.19 12:26:48.399,1.92659,1.92711,1.13,1.95
2013.11.19 12:26:57.599,1.92672,1.92711,1.13,1.95
2013.11.19 12:27:00.362,1.92675,1.92711,1.13,1.20
2013.11.19 12:27:05.408,1.92675,1.92714,1.13,1.28
2013.11.19 12:27:08.107,1.92662,1.92702,1.13,1.13
2013.11.19 12:27:09.648,1.92662,1.92703,1.13,1.20
2013.11.19 12:27:10.908,1.92673,1.92713,1.13,1.28
2013.11.19 12:27:11.183,1.92673,1.92713,1.13,1.13
2013.11.19 12:27:11.530,1.92673,1.92713,1.13,1.28
2013.11.19 12:27:11.631,1.92673,1.92713,1.13,1.28
2013.11.19 12:27:14.808,1.92674,1.92714,1.13,1.28
2013.11.19 12:27:14.909,1.92674,1.92714,1.13,1.13
2013.11.19 12:27:15.110,1.92685,1.92732,1.13,1.50
2013.11.19 12:27:15.370,1.92685,1.9273,1.13,1.20
2013.11.19 12:27:15.681,1.92685,1.9273,1.13,1.20
2013.11.19 12:27:15.928,1.92685,1.92729,1.13,1.28
2013.11.19 12:27:16.580,1.92685,1.92727,1.13,1.28
2013.11.19 12:27:16.902,1.92684,1.92723,1.13,1.13
2013.11.19 12:27:21.107,1.92675,1.92723,1.13,1.20
2013.11.19 12:27:21.158,1.92675,1.92723,1.13,1.20
2013.11.19 12:27:21.693,1.92675,1.92722,1.13,1.28
2013.11.19 12:27:23.344,1.92675,1.92718,1.88,1.20
2013.11.19 12:27:23.394,1.92675,1.92715,1.13,1.65
2013.11.19 12:27:23.697,1.92674,1.92715,1.13,1.65
2013.11.19 12:27:23.904,1.92667,1.92713,1.13,1.20
2013.11.19 12:27:24.261,1.92667,1.92715,1.50,1.65
2013.11.19 12:27:24.917,1.92676,1.92717,1.13,1.20
2013.11.19 12:27:25.137,1.92676,1.92717,1.13,1.20
2013.11.19 12:27:27.457,1.92676,1.92717,1.13,1.20
2013.11.19 12:27:27.617,1.92666,1.92713,1.13,1.20
2013.11.19 12:27:27.668,1.92666,1.92713,1.13,1.58
2013.11.19 12:27:27.893,1.92666,1.92707,1.13,1.28
2013.11.19 12:27:28.196,1.92666,1.92704,1.13,1.20
2013.11.19 12:27:28.679,1.92666,1.92708,1.13,1.50
2013.11.19 12:27:28.987,1.92666,1.92711,1.13,1.13
2013.11.19 12:27:29.244,1.92666,1.92712,1.13,1.13
2013.11.19 12:27:29.877,1.92676,1.92712,1.13,1.50
2013.11.19 12:27:30.028,1.92676,1.92717,1.13,1.20
2013.11.19 12:27:31.627,1.92675,1.92717,1.13,1.20
2013.11.19 12:27:34.382,1.92676,1.92717,1.13,1.20
2013.11.19 12:27:34.835,1.92676,1.92723,1.13,1.95
2013.11.19 12:27:36.259,1.92679,1.92723,1.13,1.95
2013.11.19 12:27:36.768,1.92679,1.92723,1.13,1.65
2013.11.19 12:27:36.819,1.92676,1.92723,1.13,1.65
2013.11.19 12:27:36.919,1.92677,1.92727,1.13,1.28
2013.11.19 12:27:37.136,1.92682,1.9273,1.13,1.20
2013.11.19 12:27:37.187,1.92682,1.92733,1.13,1.65
2013.11.19 12:27:37.397,1.92685,1.92734,1.13,1.20
2013.11.19 12:27:37.980,1.92685,1.92735,1.20,1.65
2013.11.19 12:27:38.031,1.92685,1.92735,1.28,1.58
2013.11.19 12:27:40.647,1.92685,1.92735,1.28,1.58
2013.11.19 12:27:42.777,1.92693,1.92741,1.13,1.58
2013.11.19 12:27:43.065,1.92696,1.92742,1.13,1.28
2013.11.19 12:27:43.397,1.92696,1.92743,1.13,1.28
2013.11.19 12:27:43.529,1.92696,1.92743,1.13,1.28
2013.11.19 12:27:44.397,1.92694,1.92743,1.13,2.03
2013.11.19 12:27:44.657,1.92688,1.92742,1.28,2.03
2013.11.19 12:27:44.848,1.92687,1.92743,1.28,2.40
2013.11.19 12:27:44.898,1.92685,1.92742,1.95,1.28
2013.11.19 12:27:44.949,1.92685,1.92741,1.58,1.28
2013.11.19 12:27:45.063,1.92685,1.92741,1.28,1.58
2013.11.19 12:27:45.596,1.92685,1.92741,1.28,1.58
2013.11.19 12:27:53.151,1.92686,1.92734,1.58,1.50
2013.11.19 12:27:53.467,1.92686,1.92734,1.28,1.88
2013.11.19 12:27:55.606,1.92686,1.92733,1.28,1.13
2013.11.19 12:28:02.877,1.9268,1.92714,1.13,1.13
2013.11.19 12:28:02.927,1.92668,1.92714,1.28,1.13
2013.11.19 12:28:03.141,1.92669,1.92712,1.28,1.13
2013.11.19 12:28:03.444,1.92674,1.92722,1.20,1.13
2013.11.19 12:28:03.979,1.92677,1.92725,1.13,1.65
2013.11.19 12:28:05.340,1.92674,1.92725,1.20,1.65
2013.11.19 12:28:05.576,1.92674,1.92725,1.20,1.65
2013.11.19 12:28:05.738,1.9267,1.92723,1.13,1.50
2013.11.19 12:28:07.056,1.9267,1.92723,1.20,1.20
2013.11.19 12:28:07.933,1.92675,1.92723,1.13,1.20
2013.11.19 12:28:08.034,1.92675,1.92732,1.28,1.20
2013.11.19 12:28:08.371,1.92675,1.92732,1.28,1.20
2013.11.19 12:28:08.472,1.92678,1.92732,1.20,1.20
2013.11.19 12:28:08.900,1.92678,1.92732,1.28,1.13
2013.11.19 12:28:09.002,1.92678,1.92735,1.58,1.58
2013.11.19 12:28:09.052,1.92678,1.92735,1.58,1.65
2013.11.19 12:28:09.103,1.92678,1.92735,1.28,1.95
2013.11.19 12:28:09.154,1.92678,1.92734,1.65,1.65
2013.11.19 12:28:09.457,1.92675,1.92732,1.50,1.20
2013.11.19 12:28:09.518,1.92675,1.92729,1.20,1.20
2013.11.19 12:28:09.619,1.92677,1.92729,1.20,1.20
2013.11.19 12:28:11.786,1.92676,1.9273,1.20,1.65
2013.11.19 12:28:14.266,1.92681,1.9273,1.13,1.65
2013.11.19 12:28:15.036,1.92675,1.9273,1.28,1.65
2013.11.19 12:28:18.556,1.92681,1.9273,1.13,1.65
2013.11.19 12:28:18.886,1.92675,1.92725,1.28,1.65
2013.11.19 12:28:19.681,1.92675,1.92725,1.20,1.95
2013.11.19 12:28:19.731,1.92675,1.92724,1.13,1.20
2013.11.19 12:28:22.886,1.92675,1.92724,1.13,1.95
2013.11.19 12:28:25.636,1.92675,1.92724,1.13,1.95
2013.11.19 12:28:28.813,1.92675,1.92724,1.13,1.95
2013.11.19 12:28:34.838,1.92675,1.92724,1.13,1.20
2013.11.19 12:28:35.411,1.92675,1.92724,1.13,1.20
2013.11.19 12:28:35.462,1.92675,1.92725,1.20,1.65
2013.11.19 12:28:36.856,1.92675,1.92725,1.20,1.65
2013.11.19 12:28:37.186,1.92675,1.92725,1.20,1.65
2013.11.19 12:28:37.814,1.92684,1.92728,1.13,1.20
2013.11.19 12:28:40.304,1.92685,1.92735,1.13,1.65
2013.11.19 12:28:40.355,1.92686,1.92738,1.13,1.20
2013.11.19 12:28:40.456,1.92696,1.92739,1.13,1.13
2013.11.19 12:28:40.507,1.92696,1.92743,1.13,2.40
2013.11.19 12:28:40.558,1.92686,1.92734,1.65,1.50
2013.11.19 12:28:40.860,1.92675,1.92718,1.50,1.20
2013.11.19 12:28:41.156,1.92676,1.9272,1.13,2.25
2013.11.19 12:28:41.307,1.92676,1.92724,1.13,1.65
2013.11.19 12:28:41.458,1.92676,1.92724,1.13,1.65
2013.11.19 12:28:41.942,1.92676,1.92724,1.20,1.58
2013.11.19 12:28:43.195,1.92676,1.92724,1.20,1.58
2013.11.19 12:28:43.416,1.92676,1.92724,1.20,1.58
2013.11.19 12:28:43.676,1.92676,1.92724,1.20,1.58
2013.11.19 12:28:44.669,1.92676,1.92724,1.20,1.95
2013.11.19 12:28:44.845,1.92676,1.92724,1.20,1.58
2013.11.19 12:28:48.589,1.92676,1.92724,1.20,1.58
2013.11.19 12:28:48.979,1.92676,1.92724,2.55,1.50
2013.11.19 12:28:53.467,1.92676,1.92724,1.28,1.50
2013.11.19 12:28:54.095,1.92676,1.92724,1.28,1.50
2013.11.19 12:28:54.457,1.92676,1.92724,1.28,1.50
2013.11.19 12:28:55.129,1.92676,1.92724,1.28,1.50
2013.11.19 12:28:56.176,1.92676,1.92724,1.28,1.50
2013.11.19 12:28:56.398,1.92676,1.92724,1.28,1.50
2013.11.19 12:28:56.945,1.92676,1.92724,1.28,1.50
2013.11.19 12:28:57.626,1.92676,1.92724,1.28,1.50
2013.11.19 12:28:59.146,1.92676,1.92724,1.58,1.50
2013.11.19 12:28:59.468,1.92676,1.92724,2.33,1.50
2013.11.19 12:29:01.125,1.92685,1.92732,1.20,1.20
2013.11.19 12:29:01.458,1.92685,1.92732,1.20,1.20
2013.11.19 12:29:01.898,1.92676,1.92724,1.58,1.50
2013.11.19 12:29:02.449,1.92676,1.92724,1.58,1.50
2013.11.19 12:29:07.647,1.92686,1.92729,1.13,1.13
2013.11.19 12:29:08.422,1.92686,1.9273,1.13,1.28
2013.11.19 12:29:14.446,1.92686,1.9273,1.13,1.13
2013.11.19 12:29:20.375,1.92686,1.92729,1.13,1.28
2013.11.19 12:29:21.695,1.92686,1.9273,1.13,1.13
2013.11.19 12:29:22.025,1.92686,1.92734,1.13,1.58
2013.11.19 12:29:22.399,1.92686,1.92734,1.13,1.58
2013.11.19 12:29:22.735,1.92686,1.92734,1.13,1.58
2013.11.19 12:29:22.905,1.92686,1.92734,1.13,1.58
2013.11.19 12:29:26.094,1.92686,1.92734,1.13,1.58
2013.11.19 12:29:27.416,1.92686,1.92734,1.13,1.58
2013.11.19 12:29:28.146,1.92686,1.92734,1.13,1.58
2013.11.19 12:29:29.287,1.92686,1.92734,1.13,1.58
2013.11.19 12:29:29.439,1.92681,1.92724,1.28,1.88
2013.11.19 12:29:29.776,1.92676,1.92722,1.88,1.13
2013.11.19 12:29:29.827,1.92676,1.92722,1.58,1.13
2013.11.19 12:29:29.877,1.92675,1.92717,1.58,1.13
2013.11.19 12:29:31.595,1.92672,1.92716,1.20,1.13
2013.11.19 12:29:32.818,1.92676,1.92722,1.28,1.13
2013.11.19 12:29:33.855,1.92676,1.92722,1.13,1.20
2013.11.19 12:29:42.721,1.92676,1.92722,1.13,1.20
2013.11.19 12:29:43.069,1.92676,1.92722,1.13,1.20
2013.11.19 12:29:43.380,1.92676,1.92716,1.13,1.13
2013.11.19 12:29:43.921,1.92667,1.92714,1.58,1.50
2013.11.19 12:29:45.279,1.92678,1.92714,1.13,1.50
2013.11.19 12:29:45.794,1.92678,1.92719,1.88,1.13
2013.11.19 12:29:46.097,1.92695,1.92734,1.28,1.13
2013.11.19 12:29:46.615,1.92696,1.92734,1.28,1.13
2013.11.19 12:29:46.784,1.92696,1.92737,1.28,1.13
2013.11.19 12:29:50.224,1.92696,1.92743,1.13,1.65
2013.11.19 12:29:50.425,1.92687,1.92735,1.28,1.50
2013.11.19 12:29:51.071,1.92687,1.92735,1.28,1.13
2013.11.19 12:29:51.587,1.92687,1.92736,1.28,1.13
2013.11.19 12:29:51.637,1.92687,1.92736,1.28,1.13
2013.11.19 12:29:51.814,1.92692,1.92743,1.28,1.28
2013.11.19 12:29:51.966,1.92694,1.92745,1.13,1.65
2013.11.19 12:29:52.067,1.92695,1.92747,1.88,1.95
2013.11.19 12:29:52.225,1.92698,1.92752,1.20,2.03
2013.11.19 12:29:52.628,1.92698,1.92752,1.20,2.03
2013.11.19 12:29:53.822,1.92698,1.92752,1.50,2.03
2013.11.19 12:29:54.469,1.92698,1.92752,1.58,1.95
2013.11.19 12:30:00.220,1.92697,1.92747,1.88,1.13
2013.11.19 12:30:00.270,1.92697,1.92747,1.28,1.20
2013.11.19 12:30:00.645,1.92695,1.92752,1.28,1.28
2013.11.19 12:30:00.974,1.92695,1.92747,1.28,1.20
2013.11.19 12:30:01.208,1.92691,1.92745,1.58,1.50
2013.11.19 12:30:03.417,1.92691,1.92747,1.58,1.20
2013.11.19 12:30:03.522,1.92695,1.92752,1.28,1.28
2013.11.19 12:30:03.615,1.92695,1.92747,1.28,1.20
2013.11.19 12:30:04.054,1.92695,1.92752,1.28,2.03
2013.11.19 12:30:05.894,1.92695,1.92752,1.28,1.28
2013.11.19 12:30:09.499,1.92698,1.92752,1.58,1.20
2013.11.19 12:30:09.853,1.92705,1.92755,1.58,1.50
2013.11.19 12:30:16.236,1.92704,1.92755,1.20,1.65
2013.11.19 12:30:18.658,1.92705,1.92755,1.20,1.65
2013.11.19 12:30:18.886,1.92705,1.92755,1.20,1.65
2013.11.19 12:30:19.235,1.92707,1.92755,1.88,1.50
2013.11.19 12:30:24.857,1.92707,1.92755,1.50,1.50
2013.11.19 12:30:25.159,1.92707,1.92752,1.88,1.13
2013.11.19 12:30:26.418,1.92705,1.92752,1.28,1.50
2013.11.19 12:30:28.144,1.92701,1.92752,1.20,1.50
2013.11.19 12:30:28.345,1.92695,1.92742,1.28,1.13
2013.11.19 12:30:32.139,1.92695,1.92753,1.28,1.28
2013.11.19 12:30:33.423,1.92695,1.92754,1.28,1.28
2013.11.19 12:30:33.806,1.92698,1.92754,1.28,1.20
2013.11.19 12:30:34.118,1.92704,1.92754,1.13,1.20
2013.11.19 12:30:34.269,1.9271,1.92762,1.13,1.88
2013.11.19 12:30:34.746,1.92715,1.92762,1.13,1.58
2013.11.19 12:30:36.065,1.92708,1.92758,1.13,1.28
2013.11.19 12:30:36.393,1.92715,1.92756,1.13,1.28
2013.11.19 12:30:36.444,1.92715,1.92758,1.13,1.28
2013.11.19 12:30:42.673,1.92715,1.92756,1.13,1.28
2013.11.19 12:30:43.144,1.92715,1.92761,1.13,1.65
2013.11.19 12:30:46.674,1.92712,1.92762,1.20,1.20
2013.11.19 12:30:46.876,1.92713,1.92762,1.28,1.13
2013.11.19 12:30:47.442,1.92709,1.92762,1.20,1.13
2013.11.19 12:30:52.657,1.92708,1.92762,2.03,1.28
2013.11.19 12:30:55.893,1.92707,1.92763,2.03,1.28
2013.11.19 12:30:57.669,1.92712,1.92763,1.13,1.28
2013.11.19 12:30:59.773,1.92712,1.92763,1.28,1.13
2013.11.19 12:31:06.315,1.92712,1.92763,1.28,1.13
2013.11.19 12:31:06.681,1.92715,1.92763,1.28,1.13
2013.11.19 12:31:07.571,1.92715,1.92763,1.28,1.13
2013.11.19 12:31:07.671,1.92711,1.92763,1.28,1.13
2013.11.19 12:31:08.152,1.92711,1.92763,1.28,1.13
2013.11.19 12:31:08.203,1.92715,1.92763,1.28,1.13
2013.11.19 12:31:08.653,1.9271,1.92762,1.20,1.13
2013.11.19 12:31:09.139,1.92715,1.92762,1.28,1.13
2013.11.19 12:31:09.551,1.92716,1.92762,1.20,1.13
2013.11.19 12:31:09.882,1.92716,1.92762,1.20,1.13
2013.11.19 12:31:10.183,1.92716,1.92762,1.20,1.13
2013.11.19 12:31:10.633,1.92715,1.92762,1.20,1.13
2013.11.19 12:31:10.743,1.92714,1.92762,1.20,1.13
2013.11.19 12:31:10.844,1.92709,1.92762,1.65,1.13
2013.11.19 12:31:16.892,1.92715,1.92765,1.20,2.03
2013.11.19 12:31:17.072,1.92715,1.92765,1.95,1.28
2013.11.19 12:31:17.394,1.92717,1.92775,1.65,1.65
2013.11.19 12:31:20.445,1.92716,1.92771,2.33,1.20
2013.11.19 12:31:37.486,1.92717,1.92772,1.20,1.20
2013.11.19 12:31:43.600,1.92718,1.92772,1.65,1.58
2013.11.19 12:31:44.026,1.9272,1.92772,1.65,1.20
2013.11.19 12:31:44.343,1.92713,1.92763,1.50,1.50
2013.11.19 12:31:44.782,1.92717,1.92771,1.58,1.20
2013.11.19 12:31:45.103,1.92719,1.92765,1.28,1.13
2013.11.19 12:31:45.480,1.92717,1.92763,1.20,1.50
2013.11.19 12:31:46.706,1.92717,1.92763,1.58,1.50
2013.11.19 12:31:47.392,1.92718,1.92763,1.28,1.50
2013.11.19 12:31:52.482,1.92718,1.92763,1.58,1.13
2013.11.19 12:31:53.424,1.9272,1.9277,1.13,1.13
2013.11.19 12:31:53.592,1.9272,1.92773,1.13,1.13
2013.11.19 12:31:54.632,1.92727,1.92782,1.28,1.28
2013.11.19 12:31:54.783,1.92728,1.92783,1.13,1.13
2013.11.19 12:31:55.182,1.92736,1.92793,1.13,1.65
2013.11.19 12:31:55.233,1.92736,1.92793,1.20,1.65
2013.11.19 12:31:55.284,1.92736,1.92793,1.20,1.65
2013.11.19 12:31:55.385,1.92734,1.9279,1.50,1.13
2013.11.19 12:31:56.044,1.92735,1.92784,1.20,1.50
2013.11.19 12:31:57.601,1.92735,1.92784,1.50,1.50
2013.11.19 12:31:57.955,1.92739,1.92784,1.20,1.50
2013.11.19 12:32:00.092,1.92739,1.92783,1.20,1.50
2013.11.19 12:32:00.312,1.92739,1.92785,1.20,1.50
2013.11.19 12:32:00.865,1.92739,1.92783,1.20,1.50
2013.11.19 12:32:01.260,1.92739,1.92783,1.20,1.50
2013.11.19 12:32:02.401,1.92739,1.92784,1.50,1.50
2013.11.19 12:32:04.041,1.92739,1.92792,1.50,1.13
2013.11.19 12:32:13.177,1.92741,1.92793,1.20,1.50
2013.11.19 12:32:22.532,1.92736,1.92785,1.88,1.13
2013.11.19 12:32:33.342,1.92745,1.92794,1.13,1.20
2013.11.19 12:32:33.393,1.92745,1.92797,1.20,1.13
2013.11.19 12:32:33.545,1.92746,1.92797,1.58,2.03
2013.11.19 12:32:33.595,1.92746,1.92797,1.58,1.95
2013.11.19 12:32:38.851,1.92744,1.92794,1.20,1.13
2013.11.19 12:32:39.209,1.92748,1.92802,1.28,1.65
2013.11.19 12:32:39.310,1.92749,1.92802,1.58,1.50
2013.11.19 12:32:39.488,1.92755,1.92802,1.28,1.13
2013.11.19 12:32:40.987,1.92757,1.92807,1.28,1.13
2013.11.19 12:32:53.432,1.92756,1.92805,1.20,1.13
2013.11.19 12:32:54.098,1.92758,1.9281,1.65,1.13
2013.11.19 12:32:54.367,1.92758,1.92812,1.28,1.28
2013.11.19 12:32:59.132,1.92764,1.92812,1.20,1.20
2013.11.19 12:32:59.384,1.92774,1.92824,1.28,2.03
2013.11.19 12:32:59.434,1.92776,1.92824,1.20,1.65
2013.11.19 12:32:59.662,1.92777,1.92831,1.13,1.50
2013.11.19 12:32:59.813,1.92778,1.92829,1.13,1.20
2013.11.19 12:32:59.914,1.92776,1.92831,1.95,1.58
2013.11.19 12:33:00.069,1.92776,1.92831,1.65,1.95
2013.11.19 12:33:00.451,1.92778,1.92832,1.20,1.65
2013.11.19 12:33:00.753,1.92792,1.92837,1.13,1.13
2013.11.19 12:33:00.804,1.92792,1.92842,1.13,1.28
2013.11.19 12:33:01.062,1.92795,1.92845,1.50,1.58
2013.11.19 12:33:01.372,1.92795,1.92843,1.13,1.28
2013.11.19 12:33:01.755,1.92797,1.92846,1.13,1.28
2013.11.19 12:33:02.163,1.92795,1.92845,1.20,1.58
2013.11.19 12:33:02.561,1.92788,1.92842,1.58,1.50
2013.11.19 12:33:03.084,1.92796,1.92842,1.13,1.28
2013.11.19 12:33:03.301,1.92797,1.92843,1.13,1.20
2013.11.19 12:33:05.914,1.92787,1.92843,1.58,1.58
2013.11.19 12:33:10.379,1.92802,1.92843,1.13,1.58
2013.11.19 12:33:10.681,1.92816,1.92853,1.20,1.13
2013.11.19 12:33:10.732,1.92817,1.92863,1.13,1.20
2013.11.19 12:33:10.833,1.92828,1.92868,1.13,1.28
2013.11.19 12:33:11.341,1.92828,1.92868,1.13,1.28
2013.11.19 12:33:11.392,1.92817,1.92868,1.88,1.28
2013.11.19 12:33:11.443,1.92817,1.92863,1.50,1.20
2013.11.19 12:33:11.644,1.92816,1.92864,1.65,1.50
2013.11.19 12:33:11.746,1.92814,1.92864,1.50,1.20
2013.11.19 12:33:11.797,1.92816,1.92865,1.13,1.28
2013.11.19 12:33:12.110,1.92819,1.92859,1.13,1.13
2013.11.19 12:33:12.161,1.92818,1.92858,1.13,1.13
2013.11.19 12:33:12.212,1.92818,1.92858,1.13,1.13
2013.11.19 12:33:12.730,1.92818,1.92866,1.28,1.13
2013.11.19 12:33:13.201,1.92818,1.92864,1.28,1.05
2013.11.19 12:33:14.389,1.92818,1.92864,1.13,1.28
2013.11.19 12:33:14.665,1.92818,1.92864,1.13,1.28
2013.11.19 12:33:15.985,1.92816,1.92864,1.50,1.28
2013.11.19 12:33:16.579,1.92812,1.92857,1.58,1.13
2013.11.19 12:33:17.850,1.92812,1.92862,1.20,1.20
2013.11.19 12:33:18.311,1.92815,1.92865,1.50,1.28
2013.11.19 12:33:18.890,1.92817,1.92863,1.13,1.28
2013.11.19 12:33:19.220,1.92827,1.92873,1.13,1.65
2013.11.19 12:33:21.265,1.92822,1.92872,1.13,1.65
2013.11.19 12:33:24.237,1.92818,1.92872,1.28,2.40
2013.11.19 12:33:24.339,1.92818,1.92872,1.28,2.40
2013.11.19 12:33:24.541,1.92809,1.92862,1.65,1.65
2013.11.19 12:33:24.646,1.92809,1.92862,1.65,1.65
2013.11.19 12:33:24.800,1.92809,1.92865,1.65,2.40
2013.11.19 12:33:25.130,1.92808,1.9286,1.65,1.20
2013.11.19 12:33:25.901,1.92808,1.92862,1.28,1.28
2013.11.19 12:33:26.062,1.92808,1.92862,1.28,1.28
2013.11.19 12:33:26.406,1.92808,1.9286,1.28,1.20
2013.11.19 12:33:27.330,1.92808,1.9286,1.28,1.20
2013.11.19 12:33:27.431,1.92806,1.92852,1.20,1.58
2013.11.19 12:33:27.532,1.92805,1.92852,1.28,1.58
2013.11.19 12:33:29.411,1.92798,1.92852,2.03,1.65
2013.11.19 12:33:30.180,1.92798,1.92851,2.03,1.28
2013.11.19 12:33:33.670,1.92798,1.92846,1.28,1.13
2013.11.19 12:33:34.282,1.92802,1.92846,1.28,1.13
2013.11.19 12:33:34.662,1.92801,1.92844,1.20,1.13
2013.11.19 12:33:35.920,1.92798,1.92844,1.65,1.13
2013.11.19 12:33:36.556,1.92797,1.92844,1.50,1.13
2013.11.19 12:33:36.656,1.92797,1.92844,1.50,1.13
2013.11.19 12:33:36.908,1.92798,1.92852,1.50,1.88
2013.11.19 12:33:37.539,1.92803,1.92857,1.20,1.20
2013.11.19 12:33:37.590,1.92805,1.92857,1.65,1.20
2013.11.19 12:33:38.435,1.92818,1.92862,1.13,1.20
2013.11.19 12:33:38.737,1.92818,1.92868,1.13,1.65
2013.11.19 12:33:39.014,1.92826,1.92871,1.13,1.20
2013.11.19 12:33:39.318,1.92818,1.92867,1.13,1.65
2013.11.19 12:33:39.368,1.92818,1.92867,1.13,1.65
2013.11.19 12:33:39.419,1.92813,1.92864,1.13,1.20
2013.11.19 12:33:40.313,1.9281,1.92862,1.20,1.50
2013.11.19 12:33:40.414,1.92808,1.92862,1.58,1.50
2013.11.19 12:33:40.520,1.92808,1.92862,1.28,1.65
2013.11.19 12:33:40.780,1.92808,1.92862,1.28,1.65
2013.11.19 12:33:41.356,1.92803,1.92853,1.58,1.50
2013.11.19 12:33:41.670,1.92798,1.92852,1.95,1.58
2013.11.19 12:33:43.092,1.92798,1.92852,1.20,1.58
2013.11.19 12:33:43.344,1.92797,1.92853,1.58,1.28
2013.11.19 12:33:43.394,1.92804,1.92854,1.20,2.40
2013.11.19 12:33:43.719,1.92808,1.92854,1.13,1.65
2013.11.19 12:33:46.698,1.92808,1.92855,1.13,1.28
2013.11.19 12:33:47.051,1.92808,1.92855,1.13,1.28
2013.11.19 12:33:47.212,1.92806,1.92854,1.13,1.28
2013.11.19 12:33:47.263,1.92798,1.92853,1.20,1.65
2013.11.19 12:33:47.432,1.92798,1.92853,1.20,1.65
2013.11.19 12:33:48.673,1.92798,1.92853,1.20,1.65
2013.11.19 12:33:50.350,1.92798,1.92855,1.20,1.65
2013.11.19 12:33:52.122,1.92808,1.92857,1.20,1.20
2013.11.19 12:33:56.554,1.92807,1.92861,1.28,1.28
2013.11.19 12:33:56.839,1.92807,1.92857,1.28,1.20
2013.11.19 12:33:57.537,1.92807,1.92857,1.28,1.20
2013.11.19 12:33:58.600,1.92807,1.92861,1.28,1.28
2013.11.19 12:33:59.345,1.92807,1.92863,1.28,1.65
2013.11.19 12:33:59.506,1.92807,1.92863,1.28,1.65
2013.11.19 12:34:00.557,1.92807,1.92863,1.28,1.65
2013.11.19 12:34:00.662,1.92807,1.92856,1.28,1.13
2013.11.19 12:34:01.167,1.92807,1.92855,1.28,1.13
2013.11.19 12:34:01.513,1.92807,1.92858,1.28,1.20
2013.11.19 12:34:01.652,1.92807,1.92856,1.28,1.13
2013.11.19 12:34:02.480,1.92807,1.92856,1.20,1.20
2013.11.19 12:34:02.817,1.92807,1.92856,1.13,1.58
2013.11.19 12:34:03.711,1.92807,1.92856,1.20,1.20
2013.11.19 12:34:03.812,1.92807,1.92856,1.28,1.13
2013.11.19 12:34:04.100,1.92807,1.92863,1.28,1.65
2013.11.19 12:34:04.798,1.92807,1.92863,1.28,1.65
2013.11.19 12:34:05.389,1.92807,1.92863,1.28,1.65
2013.11.19 12:34:05.926,1.92807,1.92863,1.28,1.28
2013.11.19 12:34:06.603,1.92807,1.92863,1.28,1.28
2013.11.19 12:34:07.069,1.92815,1.92863,1.13,1.28
2013.11.19 12:34:07.221,1.92807,1.92863,1.28,1.28
2013.11.19 12:34:09.799,1.92807,1.92857,1.28,1.20
2013.11.19 12:34:10.408,1.92807,1.92855,1.28,1.13
2013.11.19 12:34:13.463,1.92808,1.92855,1.28,1.13
2013.11.19 12:34:14.366,1.92808,1.92855,1.28,1.13
2013.11.19 12:34:14.969,1.92808,1.92856,1.28,1.13
2013.11.19 12:34:15.121,1.92807,1.92856,1.28,1.13
2013.11.19 12:34:15.435,1.92807,1.92855,1.28,1.13
2013.11.19 12:34:16.008,1.92807,1.92857,1.28,1.20
2013.11.19 12:34:17.847,1.92803,1.92855,1.50,1.50
2013.11.19 12:34:18.150,1.92798,1.92853,1.20,1.58
2013.11.19 12:34:19.299,1.92798,1.92855,1.20,1.65
2013.11.19 12:34:20.007,1.92808,1.92855,1.13,1.65
2013.11.19 12:34:21.059,1.92815,1.92857,1.13,1.28
2013.11.19 12:34:21.221,1.92816,1.92864,1.50,1.28
2013.11.19 12:34:21.323,1.92815,1.92863,1.13,1.28
2013.11.19 12:34:21.424,1.92807,1.92857,2.33,1.13
2013.11.19 12:34:21.626,1.92801,1.92855,1.20,1.58
2013.11.19 12:34:22.607,1.92801,1.92853,1.20,1.50
2013.11.19 12:34:22.710,1.92815,1.92862,1.13,1.58
2013.11.19 12:34:23.089,1.92805,1.92857,1.28,1.28
2013.11.19 12:34:23.299,1.92807,1.92863,1.20,1.58
2013.11.19 12:34:23.500,1.92815,1.92863,1.20,1.20
2013.11.19 12:34:23.681,1.92816,1.92862,1.13,1.20
2013.11.19 12:34:24.074,1.92818,1.92868,1.28,1.28
2013.11.19 12:34:24.174,1.92819,1.92871,1.28,1.65
2013.11.19 12:34:25.421,1.9282,1.92873,1.20,1.65
2013.11.19 12:34:25.949,1.92822,1.92873,1.13,1.65
2013.11.19 12:34:26.339,1.92817,1.92873,1.28,1.65
2013.11.19 12:34:26.489,1.92815,1.92868,1.28,1.28
2013.11.19 12:34:26.942,1.92815,1.92867,1.28,1.20
2013.11.19 12:34:31.359,1.92815,1.92867,1.28,1.20
2013.11.19 12:34:31.994,1.92815,1.9287,1.28,1.28
2013.11.19 12:34:35.649,1.92815,1.92864,1.28,1.13
2013.11.19 12:34:36.349,1.92824,1.92864,1.13,1.13
2013.11.19 12:34:36.895,1.92824,1.92872,1.13,1.28
2013.11.19 12:34:38.597,1.92818,1.92872,1.28,1.28
2013.11.19 12:34:38.948,1.92815,1.92865,1.28,1.13
2013.11.19 12:34:38.999,1.92815,1.92865,1.20,1.28
2013.11.19 12:34:39.629,1.92815,1.92865,1.20,1.28
2013.11.19 12:34:40.329,1.92808,1.92863,1.20,1.58
2013.11.19 12:34:40.380,1.92808,1.92863,1.20,1.95
2013.11.19 12:34:41.848,1.92815,1.92863,1.20,1.20
2013.11.19 12:34:41.949,1.92815,1.92863,1.20,1.20
2013.11.19 12:34:42.260,1.92801,1.92854,1.28,1.13
2013.11.19 12:34:45.315,1.9281,1.92855,1.28,1.13
2013.11.19 12:34:45.467,1.92815,1.92863,1.20,1.28
2013.11.19 12:34:46.086,1.92818,1.92865,1.28,1.13
2013.11.19 12:34:46.409,1.92819,1.92872,1.20,1.28
2013.11.19 12:34:48.446,1.9282,1.92872,1.20,1.28
2013.11.19 12:34:49.222,1.92818,1.92865,1.28,1.13
2013.11.19 12:34:49.628,1.92816,1.92865,1.65,1.13
2013.11.19 12:34:50.236,1.92819,1.92865,1.20,1.13
2013.11.19 12:34:50.708,1.9282,1.92865,1.20,1.13
2013.11.19 12:34:51.317,1.9282,1.92865,1.20,1.13
2013.11.19 12:34:51.972,1.92822,1.92873,1.20,1.50
2013.11.19 12:34:53.375,1.92825,1.92877,1.20,1.58
2013.11.19 12:34:53.426,1.92826,1.92877,1.20,1.50
2013.11.19 12:34:53.728,1.92827,1.92878,1.58,1.13
2013.11.19 12:34:54.255,1.92827,1.92883,2.33,1.20
2013.11.19 12:34:54.356,1.92832,1.92878,1.28,1.13
2013.11.19 12:34:54.699,1.92826,1.92872,1.88,1.13
2013.11.19 12:34:56.369,1.92827,1.92872,1.13,1.13
2013.11.19 12:34:56.978,1.92826,1.92872,1.28,1.13
2013.11.19 12:34:57.546,1.92835,1.92872,1.13,1.13
2013.11.19 12:34:58.619,1.92835,1.92872,1.13,1.13
2013.11.19 12:34:59.006,1.92839,1.92883,1.13,1.20
2013.11.19 12:34:59.438,1.92834,1.92883,1.13,1.58
2013.11.19 12:34:59.645,1.92831,1.92881,1.50,1.28
2013.11.19 12:35:01.811,1.92825,1.92875,1.65,1.13
2013.11.19 12:35:02.273,1.92825,1.92875,1.50,1.28
2013.11.19 12:35:02.493,1.92824,1.92873,1.13,1.28
2013.11.19 12:35:03.407,1.92825,1.92873,1.13,1.28
2013.11.19 12:35:03.683,1.92827,1.92875,1.28,1.50
2013.11.19 12:35:04.945,1.92827,1.92875,1.28,1.13
2013.11.19 12:35:06.338,1.92827,1.92875,1.28,1.13
2013.11.19 12:35:06.469,1.92827,1.92875,1.20,1.20
2013.11.19 12:35:07.329,1.92827,1.92875,1.13,1.28
2013.11.19 12:35:07.647,1.92832,1.92881,1.13,1.13
2013.11.19 12:35:10.742,1.9283,1.92881,1.13,1.13
2013.11.19 12:35:10.843,1.92827,1.92875,1.13,1.28
2013.11.19 12:35:10.894,1.92827,1.92875,1.13,1.28
2013.11.19 12:35:12.407,1.92825,1.92873,1.13,1.20
2013.11.19 12:35:15.371,1.92824,1.92873,1.20,1.20
2013.11.19 12:35:18.221,1.92817,1.92864,1.58,1.13
2013.11.19 12:35:19.450,1.92817,1.92864,1.13,1.28
2013.11.19 12:35:19.651,1.92807,1.92861,1.95,1.20
2013.11.19 12:35:19.702,1.92807,1.92859,1.58,1.13
2013.11.19 12:35:20.239,1.92808,1.92854,1.28,1.13
2013.11.19 12:35:20.838,1.92812,1.92862,1.28,1.28
2013.11.19 12:35:21.409,1.92807,1.92854,1.58,1.13
2013.11.19 12:35:22.079,1.92807,1.92853,1.58,1.13
2013.11.19 12:35:22.409,1.92807,1.92854,1.58,1.13
2013.11.19 12:35:25.379,1.92812,1.92863,1.28,1.28
2013.11.19 12:35:25.948,1.92807,1.92855,1.58,1.13
2013.11.19 12:35:30.472,1.92808,1.92855,1.28,1.13
2013.11.19 12:35:37.878,1.92815,1.92863,1.28,1.13
2013.11.19 12:35:38.085,1.92817,1.92865,1.28,1.13
2013.11.19 12:35:38.187,1.92825,1.92873,1.13,1.65
2013.11.19 12:35:38.688,1.92825,1.92872,1.28,1.13
2013.11.19 12:35:39.348,1.92823,1.92872,1.28,1.13
2013.11.19 12:35:39.679,1.92825,1.92872,1.28,1.13
2013.11.19 12:35:39.928,1.92818,1.92865,1.88,1.13
2013.11.19 12:35:40.448,1.92818,1.92865,1.50,1.13
2013.11.19 12:35:41.658,1.92818,1.92865,1.88,1.13
2013.11.19 12:35:51.438,1.92825,1.92865,1.28,1.13
2013.11.19 12:35:57.659,1.92828,1.92875,1.13,1.28
2013.11.19 12:35:57.709,1.92828,1.92875,1.28,1.13
2013.11.19 12:35:59.149,1.92829,1.92882,1.28,1.28
2013.11.19 12:36:05.250,1.92828,1.92874,1.28,1.13
2013.11.19 12:36:07.657,1.92828,1.92866,1.28,1.13
2013.11.19 12:36:08.334,1.92825,1.92864,1.58,1.13
2013.11.19 12:36:17.986,1.92825,1.92864,1.28,1.13
2013.11.19 12:36:21.627,1.92827,1.92865,1.28,1.13
2013.11.19 12:36:21.829,1.92827,1.92874,1.58,1.13
2013.11.19 12:36:29.658,1.92832,1.92883,1.28,1.28
2013.11.19 12:36:29.877,1.92829,1.92883,1.28,1.28
2013.11.19 12:36:31.637,1.92827,1.92875,1.20,1.13
2013.11.19 12:36:31.792,1.92826,1.92875,1.65,1.13
2013.11.19 12:36:32.076,1.92827,1.92883,1.65,1.58
2013.11.19 12:36:32.770,1.92827,1.92883,1.65,1.95
2013.11.19 12:36:39.556,1.92826,1.92874,1.65,1.13
2013.11.19 12:36:40.359,1.92826,1.92874,1.65,1.13
2013.11.19 12:36:44.617,1.92826,1.92874,1.65,1.13
2013.11.19 12:36:45.608,1.92826,1.92864,1.28,1.13
2013.11.19 12:36:50.709,1.92827,1.92874,1.28,1.13
2013.11.19 12:36:50.911,1.92837,1.92885,1.13,1.28
2013.11.19 12:36:51.079,1.92837,1.92885,1.28,1.13
2013.11.19 12:36:51.130,1.92837,1.92885,1.28,1.13
2013.11.19 12:36:52.097,1.92837,1.92885,1.28,1.13
2013.11.19 12:36:52.671,1.92839,1.92875,1.13,1.13
2013.11.19 12:36:53.231,1.9284,1.92883,1.58,1.13
2013.11.19 12:36:55.667,1.9284,1.92876,1.58,1.13
2013.11.19 12:36:55.986,1.9284,1.92875,1.20,1.13
2013.11.19 12:36:56.217,1.92832,1.92875,1.13,1.13
2013.11.19 12:36:58.697,1.92838,1.92885,1.28,1.13
2013.11.19 12:36:59.686,1.92838,1.92885,1.28,1.13
2013.11.19 12:37:05.528,1.92838,1.92888,1.28,1.28
2013.11.19 12:37:09.697,1.92838,1.92888,1.58,1.13
2013.11.19 12:37:12.226,1.92846,1.92892,1.13,1.13
2013.11.19 12:37:14.002,1.92846,1.92892,1.13,1.20
2013.11.19 12:37:19.596,1.92846,1.92892,1.13,1.28
2013.11.19 12:37:21.400,1.92838,1.92892,1.95,1.28
2013.11.19 12:37:31.426,1.92838,1.92884,1.20,1.13
2013.11.19 12:37:33.676,1.92838,1.92886,1.20,1.13
2013.11.19 12:37:33.938,1.92838,1.92886,1.28,1.13
2013.11.19 12:37:43.795,1.92838,1.92884,1.28,1.13
2013.11.19 12:37:44.039,1.92838,1.92884,1.20,1.13
2013.11.19 12:37:44.676,1.92837,1.92884,1.28,1.13
2013.11.19 12:37:57.656,1.92837,1.92887,1.28,1.20
2013.11.19 12:37:58.425,1.92837,1.92886,1.28,1.20
2013.11.19 12:37:58.856,1.92837,1.92886,1.28,1.20
2013.11.19 12:37:58.907,1.92836,1.92875,1.20,1.13
2013.11.19 12:37:59.415,1.92827,1.92875,1.28,1.13
2013.11.19 12:37:59.466,1.92827,1.92875,1.20,1.20
2013.11.19 12:37:59.636,1.92825,1.92874,1.28,1.20
2013.11.19 12:38:00.838,1.92821,1.92872,1.58,1.50
2013.11.19 12:38:00.990,1.92821,1.92865,1.20,1.13
2013.11.19 12:38:01.073,1.92821,1.92865,1.20,1.13
2013.11.19 12:38:01.376,1.92826,1.92873,1.13,1.28
2013.11.19 12:38:05.797,1.92826,1.92872,1.20,1.50
2013.11.19 12:38:07.684,1.92826,1.92872,1.13,1.28
2013.11.19 12:38:11.907,1.92826,1.92872,1.13,1.28
2013.11.19 12:38:12.452,1.92824,1.92872,1.13,1.28
2013.11.19 12:38:16.847,1.92825,1.92872,1.13,1.28
2013.11.19 12:38:17.404,1.92826,1.92872,1.13,1.28
2013.11.19 12:38:19.107,1.92826,1.92872,1.20,1.13
2013.11.19 12:38:19.439,1.92826,1.92873,1.20,1.20
2013.11.19 12:38:21.635,1.92828,1.92873,1.13,1.20
2013.11.19 12:38:23.615,1.92827,1.92873,1.13,1.20
2013.11.19 12:38:28.346,1.92826,1.92873,1.20,1.20
2013.11.19 12:38:31.646,1.92826,1.92873,1.20,1.20
2013.11.19 12:38:35.055,1.92826,1.92873,1.13,1.58
2013.11.19 12:38:40.805,1.92826,1.92872,1.13,1.28
2013.11.19 12:38:40.906,1.92831,1.92872,1.13,1.20
2013.11.19 12:38:41.268,1.92833,1.92882,1.13,1.58
2013.11.19 12:38:41.779,1.92838,1.92883,1.13,1.28
2013.11.19 12:38:41.830,1.92836,1.92883,1.13,1.28
2013.11.19 12:38:42.145,1.92837,1.92885,1.13,1.28
2013.11.19 12:38:42.246,1.92837,1.92885,1.13,1.28
2013.11.19 12:38:42.469,1.9284,1.92885,1.13,1.28
2013.11.19 12:38:43.155,1.92841,1.92885,1.13,1.13
2013.11.19 12:38:43.458,1.92848,1.92894,1.50,1.50
2013.11.19 12:38:43.509,1.92848,1.92894,1.50,1.20
2013.11.19 12:38:43.640,1.92847,1.92894,1.50,1.20
2013.11.19 12:38:45.645,1.92857,1.92895,1.13,1.28
2013.11.19 12:38:46.956,1.92858,1.92901,1.13,1.58
2013.11.19 12:38:47.173,1.92856,1.92902,1.88,1.58
2013.11.19 12:38:47.224,1.92856,1.92902,1.88,1.28
2013.11.19 12:38:55.624,1.92856,1.92902,1.05,1.28
2013.11.19 12:38:58.388,1.92855,1.92903,1.13,1.28
2013.11.19 12:39:00.369,1.92856,1.92903,1.13,1.28
2013.11.19 12:39:05.194,1.92856,1.92903,1.13,1.28
2013.11.19 12:39:09.694,1.92856,1.92902,1.13,1.28
2013.11.19 12:39:15.887,1.92856,1.92903,1.13,1.28
2013.11.19 12:39:19.594,1.92856,1.92903,1.13,1.28
2013.11.19 12:39:25.614,1.92862,1.92903,1.13,1.28
2013.11.19 12:39:25.915,1.92865,1.92905,1.13,1.58
2013.11.19 12:39:26.167,1.92868,1.92912,1.13,1.28
2013.11.19 12:39:26.218,1.92868,1.92913,1.50,1.20
2013.11.19 12:39:26.419,1.92867,1.92915,1.50,1.28
2013.11.19 12:39:26.520,1.92867,1.92915,1.58,1.20
2013.11.19 12:39:26.672,1.92868,1.92915,1.65,1.13
2013.11.19 12:39:27.063,1.92872,1.92922,1.20,1.65
2013.11.19 12:39:27.594,1.92875,1.92924,1.13,1.58
2013.11.19 12:39:27.794,1.92878,1.92921,1.13,1.28
2013.11.19 12:39:30.153,1.92868,1.92915,1.65,1.13
2013.11.19 12:39:33.713,1.92867,1.92919,1.65,1.20
2013.11.19 12:39:34.064,1.92875,1.92923,1.13,1.28
2013.11.19 12:39:34.114,1.92875,1.92923,1.13,1.28
2013.11.19 12:39:34.275,1.92875,1.92923,1.28,1.13
2013.11.19 12:39:34.486,1.92875,1.92923,1.28,1.13
2013.11.19 12:39:35.104,1.92875,1.92923,1.28,1.13
2013.11.19 12:39:35.480,1.92875,1.92923,1.13,1.28
2013.11.19 12:39:36.394,1.92868,1.92918,1.28,1.13
2013.11.19 12:39:36.445,1.92868,1.92916,1.28,1.13
2013.11.19 12:39:37.302,1.92875,1.92923,1.13,1.28
2013.11.19 12:39:38.134,1.92879,1.92923,1.13,1.28
2013.11.19 12:39:38.184,1.92882,1.92922,1.13,1.28
2013.11.19 12:39:41.875,1.92876,1.92922,1.13,1.28
2013.11.19 12:39:42.536,1.92868,1.92919,2.03,1.13
2013.11.19 12:39:42.867,1.92876,1.92922,1.13,1.28
2013.11.19 12:39:43.684,1.92876,1.92922,1.13,1.28
2013.11.19 12:39:45.506,1.92876,1.92922,1.58,1.13
2013.11.19 12:39:45.658,1.92876,1.92922,1.13,1.28
2013.11.19 12:39:47.043,1.92868,1.92917,1.65,1.13
2013.11.19 12:39:47.528,1.92868,1.92922,1.65,1.65
2013.11.19 12:39:49.597,1.92876,1.92924,1.50,1.65
2013.11.19 12:39:49.838,1.92867,1.92923,1.65,2.03
2013.11.19 12:39:50.499,1.92867,1.92923,1.65,1.65
2013.11.19 12:39:55.646,1.92867,1.92923,1.65,1.65
2013.11.19 12:39:55.696,1.92867,1.9292,1.65,1.28
2013.11.19 12:39:55.896,1.92867,1.92923,1.65,1.65
2013.11.19 12:39:55.975,1.92867,1.92923,1.65,1.65
2013.11.19 12:39:57.654,1.92867,1.92923,1.65,1.65
2013.11.19 12:40:00.044,1.92875,1.92925,1.50,2.33
2013.11.19 12:40:00.551,1.92877,1.92925,1.58,1.20
2013.11.19 12:40:01.821,1.92877,1.92925,1.58,1.20
2013.11.19 12:40:02.380,1.9287,1.92923,1.20,1.50
2013.11.19 12:40:02.761,1.9287,1.92921,1.20,1.13
2013.11.19 12:40:03.173,1.9287,1.92923,1.20,1.50
2013.11.19 12:40:04.117,1.92876,1.92924,1.28,1.50
2013.11.19 12:40:07.432,1.92876,1.92924,1.20,1.58
2013.11.19 12:40:07.712,1.92876,1.92924,1.13,2.03
2013.11.19 12:40:08.347,1.92884,1.92923,1.13,1.28
2013.11.19 12:40:22.235,1.92885,1.92924,1.13,1.20
2013.11.19 12:40:22.286,1.92885,1.92924,1.13,1.13
2013.11.19 12:40:24.166,1.92884,1.92923,1.13,1.13
2013.11.19 12:40:24.606,1.92884,1.92923,1.13,1.13
2013.11.19 12:40:26.396,1.92886,1.92933,1.13,1.28
2013.11.19 12:40:26.741,1.92884,1.92933,1.13,1.28
2013.11.19 12:40:28.126,1.92883,1.92923,1.13,1.13
2013.11.19 12:40:30.766,1.92886,1.92927,1.13,1.20
2013.11.19 12:40:31.116,1.92876,1.92924,1.20,1.58
2013.11.19 12:40:31.446,1.92885,1.92926,1.13,1.28
2013.11.19 12:40:31.671,1.92885,1.92926,1.13,1.28
2013.11.19 12:40:31.836,1.92885,1.92926,1.20,1.20
2013.11.19 12:40:33.076,1.92885,1.92924,1.20,1.13
2013.11.19 12:40:33.586,1.92885,1.92926,1.20,1.13
2013.11.19 12:40:33.637,1.92885,1.92932,1.20,1.20
2013.11.19 12:40:33.846,1.92885,1.92926,1.20,1.13
2013.11.19 12:40:37.256,1.92885,1.92924,1.20,1.13
2013.11.19 12:40:37.979,1.9288,1.92923,1.13,1.13
2013.11.19 12:40:38.539,1.92881,1.92923,1.13,1.13
2013.11.19 12:40:41.946,1.92875,1.92923,1.65,1.13
2013.11.19 12:40:41.997,1.92875,1.92923,1.65,1.13
2013.11.19 12:40:42.397,1.92875,1.92923,1.65,1.13
2013.11.19 12:40:44.045,1.92875,1.92924,1.65,1.13
2013.11.19 12:40:48.926,1.92885,1.92924,1.13,1.13
2013.11.19 12:40:51.415,1.92886,1.92926,1.13,1.13
2013.11.19 12:40:52.066,1.92871,1.92923,1.88,1.50
2013.11.19 12:40:53.178,1.92871,1.92923,1.88,1.50
2013.11.19 12:40:59.886,1.92874,1.92923,1.88,1.50
2013.11.19 12:41:01.967,1.92867,1.92923,2.03,1.65
2013.11.19 12:41:03.298,1.92867,1.92923,2.03,1.65
2013.11.19 12:41:03.813,1.92867,1.9292,1.28,1.65
2013.11.19 12:41:03.964,1.92867,1.92918,1.20,1.13
2013.11.19 12:41:08.017,1.92875,1.9292,1.13,1.50
2013.11.19 12:41:08.138,1.92876,1.9292,1.13,1.50
2013.11.19 12:41:08.804,1.92876,1.9292,1.13,1.50
2013.11.19 12:41:14.615,1.92867,1.92913,1.50,1.28
2013.11.19 12:41:14.666,1.92863,1.92909,1.13,1.28
2013.11.19 12:41:14.767,1.92863,1.92906,1.13,1.20
2013.11.19 12:41:15.155,1.92856,1.92904,1.13,1.20
2013.11.19 12:41:16.620,1.92853,1.92903,1.13,1.28
2013.11.19 12:41:16.876,1.92853,1.929,1.13,1.20
2013.11.19 12:41:18.372,1.92845,1.92895,1.50,2.03
2013.11.19 12:41:18.623,1.92851,1.92901,1.13,1.88
2013.11.19 12:41:18.831,1.92847,1.92895,1.13,1.28
2013.11.19 12:41:18.881,1.92847,1.92895,1.13,1.58
2013.11.19 12:41:19.311,1.92845,1.92892,1.50,1.28
2013.11.19 12:41:19.951,1.92845,1.92892,1.43,1.28
2013.11.19 12:41:20.595,1.92845,1.92891,1.43,1.28
2013.11.19 12:41:20.697,1.92841,1.9289,1.05,2.03
2013.11.19 12:41:20.826,1.92835,1.92885,1.05,1.65
2013.11.19 12:41:21.581,1.92835,1.92885,1.13,1.65
2013.11.19 12:41:21.875,1.92837,1.92885,1.13,1.65
2013.11.19 12:41:22.334,1.92843,1.92886,1.13,1.58
2013.11.19 12:41:23.128,1.92836,1.92884,1.13,1.65
2013.11.19 12:41:23.645,1.92836,1.92884,1.13,1.65
2013.11.19 12:41:28.431,1.92836,1.92882,1.13,1.20
2013.11.19 12:41:29.301,1.92839,1.92882,1.13,1.20
2013.11.19 12:41:39.797,1.92843,1.9289,1.13,1.58
2013.11.19 12:41:45.634,1.92838,1.92882,1.88,1.13
2013.11.19 12:41:46.079,1.92838,1.92882,1.13,1.28
2013.11.19 12:41:55.838,1.92833,1.92882,1.13,1.28
2013.11.19 12:41:56.090,1.92833,1.92881,1.13,1.58
2013.11.19 12:41:56.141,1.92825,1.92875,2.70,1.65
2013.11.19 12:41:56.196,1.92825,1.92875,2.70,1.65
2013.11.19 12:41:56.417,1.92825,1.92872,1.58,1.20
2013.11.19 12:41:56.575,1.92826,1.92873,1.13,1.28
2013.11.19 12:41:56.866,1.92826,1.92872,1.13,1.20
2013.11.19 12:41:57.844,1.92826,1.92872,1.13,1.20
2013.11.19 12:41:58.174,1.92826,1.92872,1.13,1.20
2013.11.19 12:42:00.154,1.92826,1.92872,1.13,1.20
2013.11.19 12:42:00.375,1.92826,1.92872,1.13,1.20
2013.11.19 12:42:00.936,1.92828,1.92872,1.13,1.20
2013.11.19 12:42:01.254,1.92829,1.92872,1.13,1.20
2013.11.19 12:42:01.305,1.92818,1.92866,1.58,1.13
2013.11.19 12:42:01.406,1.92817,1.92863,1.13,1.13
2013.11.19 12:42:01.708,1.92826,1.92873,1.13,1.58
2013.11.19 12:42:01.758,1.92826,1.92873,1.13,1.28
2013.11.19 12:42:01.814,1.92826,1.92873,1.13,1.20
2013.11.19 12:42:01.953,1.92826,1.92873,1.13,1.20
2013.11.19 12:42:02.065,1.92827,1.92873,1.13,1.20
2013.11.19 12:42:02.643,1.92826,1.92873,1.13,1.20
2013.11.19 12:42:05.491,1.92826,1.92864,1.13,1.13
2013.11.19 12:42:06.644,1.92826,1.92862,1.13,1.13
2013.11.19 12:42:07.634,1.92826,1.92864,1.13,1.13
2013.11.19 12:42:10.604,1.92826,1.92862,1.13,1.13
2013.11.19 12:42:13.370,1.92813,1.92862,1.58,1.13
2013.11.19 12:42:14.143,1.92813,1.92863,1.58,1.13
2013.11.19 12:42:15.074,1.92813,1.92863,1.58,1.13
2013.11.19 12:42:18.223,1.92813,1.92853,1.20,1.13
2013.11.19 12:42:18.762,1.92814,1.92853,1.28,1.13
2013.11.19 12:42:18.814,1.92814,1.92853,1.28,1.13
2013.11.19 12:42:19.331,1.92815,1.92863,1.13,1.28
2013.11.19 12:42:19.382,1.92815,1.92863,1.13,1.28
2013.11.19 12:42:19.584,1.92816,1.92853,1.13,1.13
2013.11.19 12:42:19.685,1.92821,1.92863,1.13,1.28
2013.11.19 12:42:19.887,1.92826,1.92864,1.13,1.13
2013.11.19 12:42:20.433,1.92826,1.92873,1.13,1.28
2013.11.19 12:42:20.944,1.92823,1.92872,1.20,1.20
2013.11.19 12:42:21.164,1.92826,1.92873,1.13,1.28
2013.11.19 12:42:21.584,1.92827,1.92873,1.13,1.28
2013.11.19 12:42:21.635,1.9283,1.92875,1.13,1.28
2013.11.19 12:42:21.736,1.9283,1.92875,1.20,1.13
2013.11.19 12:42:21.934,1.92828,1.92873,1.20,1.13
2013.11.19 12:42:22.593,1.92832,1.92873,1.13,1.13
2013.11.19 12:42:26.294,1.92826,1.92873,1.28,1.13
2013.11.19 12:42:27.396,1.92832,1.92873,1.13,1.13
2013.11.19 12:42:27.726,1.92828,1.92873,1.20,1.13
2013.11.19 12:42:28.715,1.92832,1.92873,1.13,1.13
2013.11.19 12:42:53.356,1.92825,1.92873,1.28,1.13
2013.11.19 12:42:59.082,1.92827,1.92873,1.58,1.13
2013.11.19 12:42:59.384,1.92836,1.92875,1.58,1.13
2013.11.19 12:43:00.166,1.92838,1.92882,1.20,1.13
2013.11.19 12:43:00.267,1.92839,1.92882,1.28,1.13
2013.11.19 12:43:00.318,1.92846,1.92882,1.50,1.13
2013.11.19 12:43:00.368,1.92854,1.92884,1.20,1.50
2013.11.19 12:43:00.419,1.92854,1.92895,1.20,1.50
2013.11.19 12:43:00.520,1.92854,1.92895,1.58,1.50
2013.11.19 12:43:00.854,1.92854,1.92896,1.58,1.50
2013.11.19 12:43:01.168,1.92857,1.92913,1.58,1.20
2013.11.19 12:43:01.218,1.9286,1.92915,1.88,2.25
2013.11.19 12:43:02.503,1.92865,1.92914,1.28,1.50
2013.11.19 12:43:02.554,1.92866,1.92914,1.20,1.50
2013.11.19 12:43:02.813,1.92874,1.92923,1.20,1.20
2013.11.19 12:43:05.643,1.92876,1.92923,1.28,1.13
2013.11.19 12:43:07.366,1.92869,1.92915,1.13,1.13
2013.11.19 12:43:07.417,1.92868,1.92915,1.13,1.13
2013.11.19 12:43:07.569,1.92868,1.92915,1.13,2.63
2013.11.19 12:43:07.887,1.92861,1.92908,1.13,1.50
2013.11.19 12:43:10.893,1.92857,1.92905,1.13,1.20
2013.11.19 12:43:11.554,1.92858,1.92908,1.50,1.88
2013.11.19 12:43:16.063,1.92856,1.92905,1.50,1.20
2013.11.19 12:43:16.185,1.92856,1.92904,1.50,1.20
2013.11.19 12:43:16.236,1.92849,1.92902,1.20,1.20
2013.11.19 12:43:16.287,1.92849,1.92902,1.13,1.50
2013.11.19 12:43:16.589,1.92846,1.92893,1.05,2.25
2013.11.19 12:43:16.639,1.92837,1.92886,1.88,1.20
2013.11.19 12:43:16.690,1.92837,1.92884,1.80,1.20
2013.11.19 12:43:16.941,1.92828,1.92882,1.58,1.28
2013.11.19 12:43:17.162,1.92835,1.92883,1.05,1.20
2013.11.19 12:43:17.673,1.92827,1.92883,1.65,1.20
2013.11.19 12:43:17.924,1.92836,1.92883,1.13,1.20
2013.11.19 12:43:19.468,1.9283,1.92883,1.28,1.13
2013.11.19 12:43:19.519,1.9283,1.92884,1.58,1.50
2013.11.19 12:43:19.893,1.92836,1.92888,1.58,1.28
2013.11.19 12:43:19.995,1.92836,1.92888,2.40,1.20
2013.11.19 12:43:20.424,1.92839,1.92893,1.28,1.20
2013.11.19 12:43:21.002,1.92847,1.929,1.65,1.28
2013.11.19 12:43:31.954,1.92847,1.92899,1.58,1.58
2013.11.19 12:43:35.799,1.92847,1.929,1.88,1.50
2013.11.19 12:43:35.900,1.92847,1.92903,1.95,1.58
2013.11.19 12:43:36.902,1.92847,1.92902,1.65,1.13
2013.11.19 12:43:40.813,1.92846,1.929,1.28,1.28
2013.11.19 12:43:42.572,1.92847,1.92902,1.65,1.20
2013.11.19 12:43:42.918,1.92858,1.92905,1.88,1.20
2013.11.19 12:43:42.969,1.92858,1.92911,1.88,2.25
2013.11.19 12:43:45.542,1.92864,1.92912,1.13,1.65
2013.11.19 12:43:46.314,1.92868,1.92914,2.25,1.50
2013.11.19 12:43:46.925,1.9288,1.92914,1.20,1.50
2013.11.19 12:43:48.707,1.92873,1.92914,1.20,1.50
2013.11.19 12:43:54.884,1.9287,1.92912,1.20,1.50
2013.11.19 12:43:55.036,1.92856,1.92902,2.70,1.13
2013.11.19 12:43:57.092,1.92856,1.92898,1.50,1.13
2013.11.19 12:44:00.612,1.92857,1.92903,1.50,1.13
2013.11.19 12:44:00.682,1.92857,1.92903,1.50,1.13
2013.11.19 12:44:00.783,1.92857,1.92903,1.20,1.13
2013.11.19 12:44:00.834,1.92857,1.92902,1.20,1.13
2013.11.19 12:44:01.053,1.92857,1.92903,1.20,1.13
2013.11.19 12:44:01.395,1.92857,1.92903,1.20,1.50
2013.11.19 12:44:01.824,1.92857,1.92905,1.20,1.50
2013.11.19 12:44:02.438,1.92857,1.92905,1.20,1.50
2013.11.19 12:44:05.213,1.92857,1.92906,4.13,1.13
2013.11.19 12:44:05.554,1.92868,1.92913,1.88,1.13
2013.11.19 12:44:08.860,1.92869,1.9292,1.58,1.13
2013.11.19 12:44:09.011,1.92868,1.92923,1.88,1.50
2013.11.19 12:44:10.741,1.92874,1.92923,1.05,1.50
2013.11.19 12:44:13.330,1.92873,1.92923,1.58,1.58
2013.11.19 12:44:13.381,1.92869,1.92923,1.13,1.58
2013.11.19 12:44:13.442,1.92869,1.92923,1.13,1.58
2013.11.19 12:44:13.771,1.92869,1.92923,1.13,1.58
2013.11.19 12:44:14.321,1.92869,1.92923,1.13,1.58
2013.11.19 12:44:15.101,1.92876,1.92924,1.28,1.58
2013.11.19 12:44:15.202,1.92876,1.92924,1.58,1.50
2013.11.19 12:44:15.508,1.92893,1.92931,1.20,1.13
2013.11.19 12:44:15.558,1.92899,1.92954,1.20,1.58
2013.11.19 12:44:15.786,1.92913,1.92955,1.13,1.50
2013.11.19 12:44:15.886,1.92913,1.92955,1.13,1.13
2013.11.19 12:44:16.491,1.92909,1.92963,1.13,1.58
2013.11.19 12:44:16.857,1.92906,1.92958,1.28,1.28
2013.11.19 12:44:17.211,1.92901,1.9296,1.20,1.28
2013.11.19 12:44:17.524,1.92898,1.92956,1.65,1.20
2013.11.19 12:44:24.771,1.92899,1.9295,1.65,1.20
2013.11.19 12:44:25.321,1.92897,1.92945,1.20,1.50
2013.11.19 12:44:25.824,1.92899,1.92952,1.13,1.20
2013.11.19 12:44:25.925,1.92898,1.92952,1.13,1.95
2013.11.19 12:44:26.091,1.92895,1.92945,2.03,1.58
2013.11.19 12:44:30.602,1.92895,1.92945,1.28,1.58
2013.11.19 12:44:43.408,1.92895,1.92945,1.58,1.58
2013.11.19 12:44:43.741,1.92897,1.92945,1.58,1.50
2013.11.19 12:44:44.474,1.92897,1.92945,1.20,1.65
2013.11.19 12:44:44.600,1.92894,1.92943,1.28,1.58
2013.11.19 12:44:45.121,1.92894,1.92943,1.28,1.58
2013.11.19 12:44:52.063,1.92895,1.92946,1.28,1.28
2013.11.19 12:44:55.625,1.92896,1.92947,1.95,1.28
2013.11.19 12:44:56.258,1.92893,1.92944,1.28,1.58
2013.11.19 12:44:58.766,1.92896,1.92947,1.58,1.28
2013.11.19 12:44:58.816,1.92893,1.92947,1.28,1.28
2013.11.19 12:44:58.917,1.92898,1.92952,1.50,3.38
2013.11.19 12:44:59.525,1.92896,1.92944,1.95,1.13
2013.11.19 12:45:00.005,1.92895,1.92949,2.25,1.13
2013.11.19 12:45:14.639,1.92908,1.92961,1.50,1.50
2013.11.19 12:45:15.267,1.92908,1.92964,1.65,1.28
2013.11.19 12:45:20.569,1.92913,1.92965,1.13,1.20
2013.11.19 12:45:20.670,1.9292,1.9297,1.13,1.50
2013.11.19 12:45:20.721,1.9292,1.92971,1.13,1.20
2013.11.19 12:45:22.224,1.92918,1.92972,1.20,1.88
2013.11.19 12:45:23.112,1.92918,1.9297,1.20,1.20
2013.11.19 12:45:23.562,1.92921,1.92969,1.88,1.20
2013.11.19 12:45:24.000,1.92933,1.92973,1.28,1.50
2013.11.19 12:45:24.339,1.92951,1.92983,1.50,1.50
2013.11.19 12:45:24.541,1.92951,1.92982,1.20,1.50
2013.11.19 12:45:24.642,1.92951,1.92982,1.20,1.50
2013.11.19 12:45:25.224,1.92951,1.92988,1.20,1.13
2013.11.19 12:45:25.556,1.92941,1.92988,1.50,1.13
2013.11.19 12:45:25.607,1.92941,1.92988,1.50,1.13
2013.11.19 12:45:26.707,1.92941,1.92992,1.50,1.50
2013.11.19 12:45:27.634,1.92942,1.92992,1.58,1.88
2013.11.19 12:45:27.685,1.92957,1.92994,1.28,1.50
2013.11.19 12:45:27.736,1.92957,1.93003,1.28,1.50
2013.11.19 12:45:27.887,1.92957,1.93007,2.03,1.28
2013.11.19 12:45:27.988,1.92961,1.93013,1.58,1.88
2013.11.19 12:45:28.490,1.92963,1.93016,1.20,1.28
2013.11.19 12:45:48.190,1.92958,1.93012,2.03,1.65
2013.11.19 12:45:50.138,1.92966,1.93017,1.13,1.95
2013.11.19 12:45:58.374,1.92966,1.93017,1.88,1.95
2013.11.19 12:46:00.488,1.92967,1.93017,1.50,1.20
2013.11.19 12:46:00.568,1.92968,1.9302,1.50,1.13
2013.11.19 12:46:01.346,1.92968,1.93017,1.13,1.20
2013.11.19 12:46:01.672,1.9296,1.9301,1.13,1.20
2013.11.19 12:46:01.824,1.92961,1.9301,1.13,1.95
2013.11.19 12:46:02.362,1.92968,1.93014,1.50,1.65
2013.11.19 12:46:02.669,1.9297,1.93014,1.13,1.50
2013.11.19 12:46:02.771,1.9297,1.93015,1.13,1.20
2013.11.19 12:46:02.922,1.92964,1.93015,1.88,1.20
2013.11.19 12:46:03.238,1.92962,1.93008,1.13,1.20
2013.11.19 12:46:04.098,1.92961,1.93008,1.13,1.20
2013.11.19 12:46:04.149,1.92958,1.93004,1.13,1.28
2013.11.19 12:46:04.225,1.92952,1.93,1.20,1.13
2013.11.19 12:46:04.377,1.92949,1.93,1.13,1.20
2013.11.19 12:46:04.428,1.92947,1.93,1.20,1.20
2013.11.19 12:46:04.614,1.92946,1.92995,1.20,1.58
2013.11.19 12:46:04.916,1.92945,1.92982,1.50,1.50
2013.11.19 12:46:05.238,1.92931,1.92981,1.13,1.20
2013.11.19 12:46:05.439,1.92925,1.92975,1.50,2.25
2013.11.19 12:46:05.591,1.92925,1.92975,1.50,2.25
2013.11.19 12:46:05.984,1.92925,1.92975,1.50,2.25
2013.11.19 12:46:06.135,1.92915,1.92966,1.13,1.20
2013.11.19 12:46:07.059,1.92918,1.92967,1.50,1.50
2013.11.19 12:46:07.568,1.92925,1.92968,1.50,1.50
2013.11.19 12:46:09.300,1.92925,1.92968,1.50,1.50
2013.11.19 12:46:21.411,1.92916,1.92967,1.50,1.13
2013.11.19 12:46:25.850,1.92915,1.92962,1.50,1.50
2013.11.19 12:46:37.341,1.92915,1.92962,1.50,1.50
2013.11.19 12:46:37.707,1.92925,1.92967,1.50,1.88
2013.11.19 12:46:38.331,1.92917,1.92967,1.50,1.88
2013.11.19 12:46:38.568,1.92916,1.92967,1.50,1.88
2013.11.19 12:46:40.528,1.92913,1.92965,1.13,1.58
2013.11.19 12:46:40.579,1.92908,1.92962,1.28,1.65
2013.11.19 12:46:41.251,1.92908,1.92962,1.28,1.65
2013.11.19 12:46:41.580,1.92908,1.92957,1.13,1.20
2013.11.19 12:46:41.708,1.92907,1.92957,1.13,1.20
2013.11.19 12:46:43.089,1.92916,1.92958,1.50,1.88
2013.11.19 12:46:45.498,1.92907,1.92957,1.13,1.20
2013.11.19 12:46:47.575,1.92907,1.92957,1.13,1.20
2013.11.19 12:46:48.183,1.92906,1.92957,1.13,1.20
2013.11.19 12:46:58.608,1.92905,1.92957,1.88,1.20
2013.11.19 12:46:58.658,1.92907,1.92957,1.13,1.20
2013.11.19 12:46:58.809,1.92908,1.92962,1.28,1.65
2013.11.19 12:46:58.860,1.92908,1.92962,1.28,1.65
2013.11.19 12:46:59.227,1.92908,1.92958,1.28,1.28
2013.11.19 12:47:00.657,1.92908,1.92958,1.28,1.28
2013.11.19 12:47:12.367,1.92908,1.92958,1.28,1.28
2013.11.19 12:47:31.095,1.92916,1.92957,1.65,1.13
2013.11.19 12:47:31.145,1.92917,1.92959,1.20,1.13
2013.11.19 12:47:31.456,1.92917,1.92965,1.28,1.13
2013.11.19 12:47:36.346,1.92918,1.92965,1.28,1.13
2013.11.19 12:47:36.649,1.92915,1.92965,1.50,1.28
2013.11.19 12:47:45.459,1.92915,1.92964,1.50,1.88
2013.11.19 12:48:01.538,1.92915,1.92965,1.50,1.95
2013.11.19 12:48:01.791,1.92915,1.92965,1.50,1.65
2013.11.19 12:48:06.422,1.92915,1.92965,1.50,1.28
2013.11.19 12:48:22.087,1.92915,1.92965,1.50,1.28
2013.11.19 12:48:42.036,1.9291,1.92967,1.28,1.58
2013.11.19 12:48:54.211,1.9291,1.92967,1.20,1.58
2013.11.19 12:49:12.668,1.92916,1.92964,1.13,1.50
2013.11.19 12:49:14.294,1.92916,1.92966,1.13,1.20
2013.11.19 12:49:34.944,1.92916,1.92967,1.13,1.50
2013.11.19 12:49:39.585,1.92919,1.92967,1.09,1.50
2013.11.19 12:49:39.686,1.92926,1.92972,1.13,1.88
2013.11.19 12:49:39.787,1.92927,1.92974,1.13,2.33
2013.11.19 12:49:48.726,1.92927,1.92974,1.13,2.33
2013.11.19 12:49:52.144,1.92917,1.92973,1.65,2.40
2013.11.19 12:49:52.488,1.92922,1.92973,1.20,1.65
2013.11.19 12:49:54.014,1.92917,1.92973,1.65,2.40
2013.11.19 12:49:54.165,1.92917,1.92969,1.50,1.20
2013.11.19 12:49:55.934,1.92917,1.92969,1.50,1.20
2013.11.19 12:49:58.378,1.92917,1.92969,1.50,1.20
2013.11.19 12:50:00.357,1.92924,1.92973,1.13,2.25
2013.11.19 12:50:00.904,1.92917,1.92969,1.50,1.20
2013.11.19 12:50:05.502,1.92917,1.92972,1.88,1.20
2013.11.19 12:50:06.189,1.92917,1.92972,1.20,1.20
2013.11.19 12:50:06.341,1.9292,1.92973,1.13,1.20
2013.11.19 12:50:06.392,1.92926,1.92974,1.13,1.95
2013.11.19 12:50:06.493,1.92926,1.92977,1.88,1.20
2013.11.19 12:50:06.845,1.92928,1.92979,1.50,1.88
2013.11.19 12:50:11.026,1.92928,1.92977,1.50,1.20
2013.11.19 12:50:11.076,1.92933,1.92977,1.13,1.20
2013.11.19 12:50:11.498,1.92937,1.92978,1.50,1.20
2013.11.19 12:50:11.599,1.92933,1.92977,1.13,1.20
2013.11.19 12:50:11.685,1.92937,1.92978,1.50,1.20
2013.11.19 12:50:12.785,1.92937,1.92978,1.50,1.20
2013.11.19 12:50:26.430,1.92937,1.92979,1.50,1.50
2013.11.19 12:50:36.905,1.92927,1.92974,1.13,1.28
2013.11.19 12:50:37.056,1.92926,1.92974,1.50,1.28
2013.11.19 12:50:37.518,1.92926,1.92974,1.50,1.58
2013.11.19 12:50:48.427,1.92927,1.92975,1.13,1.65
2013.11.19 12:50:48.578,1.92927,1.92979,1.88,1.28
2013.11.19 12:50:50.427,1.92927,1.92979,1.13,1.28
2013.11.19 12:51:07.274,1.92927,1.92975,1.13,1.20
2013.11.19 12:51:27.441,1.92926,1.92976,1.50,1.20
2013.11.19 12:51:37.363,1.92922,1.92975,1.20,1.28
2013.11.19 12:51:39.347,1.92916,1.92975,1.95,1.28
2013.11.19 12:51:39.649,1.92922,1.92972,1.13,1.50
2013.11.19 12:51:39.961,1.9292,1.92972,1.13,3.00
2013.11.19 12:51:40.371,1.9292,1.92973,1.13,3.38
2013.11.19 12:51:43.202,1.92918,1.92972,1.50,2.63
2013.11.19 12:51:43.906,1.92918,1.92972,1.50,3.75
2013.11.19 12:51:44.194,1.92918,1.92972,1.50,3.75
2013.11.19 12:51:45.166,1.92918,1.92971,1.50,1.58
2013.11.19 12:51:45.706,1.92918,1.92971,1.50,1.58
2013.11.19 12:51:46.242,1.92918,1.9297,1.50,1.58
2013.11.19 12:51:46.593,1.92918,1.9297,1.50,1.58
2013.11.19 12:51:47.363,1.92918,1.92968,1.50,1.28
2013.11.19 12:51:47.898,1.92908,1.92969,2.33,1.58
2013.11.19 12:51:48.099,1.92907,1.92964,2.03,1.58
2013.11.19 12:51:48.150,1.92907,1.92964,1.95,1.58
2013.11.19 12:51:49.112,1.92906,1.92956,1.58,1.28
2013.11.19 12:51:49.409,1.92908,1.92958,1.50,1.58
2013.11.19 12:51:53.874,1.92908,1.9296,1.65,1.20
2013.11.19 12:51:54.026,1.92908,1.9296,1.58,1.58
2013.11.19 12:51:54.344,1.92899,1.92958,1.28,1.20
2013.11.19 12:51:54.446,1.92902,1.92961,1.65,1.95
2013.11.19 12:51:54.546,1.92907,1.92961,1.65,1.65
2013.11.19 12:51:55.248,1.92917,1.92965,1.58,1.28
2013.11.19 12:51:58.888,1.92917,1.92969,1.50,1.20
2013.11.19 12:51:59.090,1.92909,1.92959,1.13,1.65
2013.11.19 12:51:59.140,1.929,1.92954,1.58,1.13
2013.11.19 12:51:59.453,1.92897,1.92953,1.65,1.28
2013.11.19 12:51:59.605,1.92897,1.92953,1.65,1.28
2013.11.19 12:51:59.708,1.92897,1.92953,1.65,1.65
2013.11.19 12:52:00.013,1.92897,1.92949,1.65,1.20
2013.11.19 12:52:00.674,1.92897,1.92949,1.65,1.20
2013.11.19 12:52:05.513,1.92897,1.92949,1.65,1.20
2013.11.19 12:52:07.416,1.92895,1.92945,1.65,1.13
2013.11.19 12:52:08.128,1.92895,1.92945,1.65,1.13
2013.11.19 12:52:09.313,1.92895,1.92945,1.65,1.13
2013.11.19 12:52:14.593,1.92895,1.92945,1.65,1.13
2013.11.19 12:52:14.794,1.92903,1.92949,1.20,1.13
2013.11.19 12:52:14.946,1.92912,1.92953,1.50,1.13
2013.11.19 12:52:14.997,1.92914,1.92964,1.20,1.13
2013.11.19 12:52:15.349,1.92925,1.92973,1.20,1.95
2013.11.19 12:52:15.400,1.92926,1.92973,1.13,1.20
2013.11.19 12:52:15.451,1.92926,1.92975,2.03,1.13
2013.11.19 12:52:15.552,1.92938,1.92988,1.65,1.50
2013.11.19 12:52:15.653,1.92941,1.92992,1.20,1.13
2013.11.19 12:52:15.956,1.92939,1.92985,1.50,1.13
2013.11.19 12:52:16.007,1.92939,1.92985,1.50,1.13
2013.11.19 12:52:16.159,1.92947,1.92995,1.28,1.58
2013.11.19 12:52:16.210,1.92947,1.92998,2.03,1.28
2013.11.19 12:52:16.311,1.92947,1.92998,2.63,1.13
2013.11.19 12:52:20.343,1.9295,1.9301,1.28,1.58
2013.11.19 12:52:23.658,1.92957,1.9301,1.13,1.20
2013.11.19 12:52:23.972,1.9296,1.93011,1.50,1.50
2013.11.19 12:52:24.125,1.9296,1.93014,1.58,1.58
2013.11.19 12:52:24.427,1.92967,1.93014,1.13,1.20
2013.11.19 12:52:26.143,1.92967,1.93015,1.13,1.20
2013.11.19 12:52:26.300,1.92967,1.93021,1.13,1.95
2013.11.19 12:52:32.712,1.92967,1.93015,1.13,1.50
2013.11.19 12:52:32.863,1.92967,1.93014,1.13,1.50
2013.11.19 12:52:32.914,1.92964,1.93013,1.13,1.95
2013.11.19 12:52:33.230,1.92958,1.93013,1.28,1.95
2013.11.19 12:52:33.403,1.92958,1.93013,1.28,1.95
2013.11.19 12:52:33.561,1.92957,1.93013,1.28,1.95
2013.11.19 12:52:33.622,1.92957,1.93013,1.28,1.95
2013.11.19 12:52:34.173,1.92957,1.93013,1.28,1.95
2013.11.19 12:52:34.393,1.92957,1.93013,1.28,1.95
2013.11.19 12:52:35.315,1.92959,1.93013,1.20,1.95
2013.11.19 12:52:35.763,1.92956,1.93008,1.65,1.65
2013.11.19 12:52:35.814,1.92956,1.93007,1.58,1.20
2013.11.19 12:52:48.362,1.92958,1.93007,1.13,1.20
2013.11.19 12:52:48.680,1.92958,1.93012,1.20,2.03
2013.11.19 12:52:50.167,1.92958,1.93009,1.20,1.28
2013.11.19 12:52:50.369,1.92958,1.93012,1.20,2.03
2013.11.19 12:52:57.602,1.92958,1.93012,1.20,2.03
2013.11.19 12:52:57.941,1.92963,1.93012,1.13,1.28
2013.11.19 12:53:02.352,1.92957,1.93009,1.20,1.28
2013.11.19 12:53:03.600,1.92958,1.93013,1.20,2.70
2013.11.19 12:53:09.281,1.92957,1.93009,1.20,1.28
2013.11.19 12:53:25.332,1.92956,1.93007,1.20,1.28
2013.11.19 12:53:25.997,1.92956,1.93007,1.13,1.58
2013.11.19 12:53:29.541,1.92957,1.93008,1.50,1.13
2013.11.19 12:53:44.281,1.92951,1.93003,1.28,1.28
2013.11.19 12:53:45.622,1.92948,1.93002,1.95,1.20
2013.11.19 12:53:47.175,1.92958,1.93008,1.50,1.13
2013.11.19 12:53:47.226,1.92958,1.93008,1.50,1.13
2013.11.19 12:53:47.532,1.92957,1.93012,1.58,1.20
2013.11.19 12:53:47.582,1.92967,1.93012,1.50,1.20
2013.11.19 12:53:48.166,1.9296,1.93012,1.13,1.20
2013.11.19 12:53:50.146,1.9296,1.93012,1.13,1.20
2013.11.19 12:53:57.611,1.92957,1.93011,1.20,1.65
2013.11.19 12:53:57.662,1.92956,1.93011,1.58,1.65
2013.11.19 12:53:57.906,1.92956,1.93005,1.50,1.13
2013.11.19 12:53:58.208,1.92956,1.92999,1.50,1.13
2013.11.19 12:53:58.752,1.92956,1.92999,1.50,1.50
2013.11.19 12:53:59.229,1.92957,1.93005,1.13,1.95
2013.11.19 12:53:59.531,1.92957,1.93009,1.20,1.20
2013.11.19 12:54:02.274,1.92958,1.93007,1.13,1.20
2013.11.19 12:54:02.623,1.92957,1.93011,1.88,1.50
2013.11.19 12:54:02.939,1.92968,1.93014,1.50,1.13
2013.11.19 12:54:03.596,1.92968,1.93017,1.50,1.95
2013.11.19 12:54:05.404,1.92966,1.93014,1.50,1.28
2013.11.19 12:54:06.054,1.92966,1.93014,1.95,1.20
2013.11.19 12:54:06.105,1.92966,1.93014,2.03,1.13
2013.11.19 12:54:06.416,1.92966,1.93016,2.03,1.13
2013.11.19 12:54:06.835,1.92967,1.93023,1.65,1.28
2013.11.19 12:54:07.188,1.92967,1.93023,1.65,1.28
2013.11.19 12:54:10.891,1.92968,1.93022,1.65,1.28
2013.11.19 12:54:11.143,1.92969,1.93023,1.20,1.20
2013.11.19 12:54:11.491,1.92975,1.93024,1.20,1.95
2013.11.19 12:54:11.877,1.92977,1.93029,1.50,1.28
2013.11.19 12:54:14.810,1.92983,1.93033,1.13,1.50
2013.11.19 12:54:15.187,1.92985,1.93033,1.50,1.50
2013.11.19 12:54:15.566,1.92986,1.93034,1.13,1.65
2013.11.19 12:54:15.617,1.92987,1.93035,1.50,1.20
2013.11.19 12:54:16.273,1.92988,1.93035,1.50,1.20
2013.11.19 12:54:16.385,1.92988,1.93037,1.58,1.20
2013.11.19 12:54:16.436,1.92988,1.93042,1.58,1.65
2013.11.19 12:54:16.638,1.92987,1.93043,1.58,1.95
2013.11.19 12:54:16.860,1.92992,1.93043,1.13,1.20
2013.11.19 12:54:17.392,1.92988,1.93042,1.58,1.65
2013.11.19 12:54:17.644,1.92995,1.93045,1.13,2.25
2013.11.19 12:54:18.040,1.92988,1.93043,1.58,1.20
2013.11.19 12:54:18.111,1.92988,1.93042,1.58,1.65
2013.11.19 12:54:18.161,1.92988,1.93042,1.58,1.65
2013.11.19 12:54:20.427,1.92992,1.93042,1.13,1.28
2013.11.19 12:54:20.731,1.92988,1.93036,1.13,1.20
2013.11.19 12:54:20.781,1.92987,1.93036,1.13,1.20
2013.11.19 12:54:28.391,1.92986,1.93034,1.13,1.65
2013.11.19 12:54:29.037,1.92981,1.93032,1.50,1.20
2013.11.19 12:54:30.621,1.92986,1.93032,1.50,1.50
2013.11.19 12:54:30.900,1.92983,1.93033,1.13,1.50
2013.11.19 12:54:31.411,1.92986,1.93033,1.13,2.25
2013.11.19 12:54:41.362,1.9298,1.9303,1.09,1.20
2013.11.19 12:54:48.941,1.92986,1.93032,1.13,1.50
2013.11.19 12:54:51.180,1.92986,1.93032,1.13,1.20
2013.11.19 12:54:51.750,1.92986,1.93032,1.50,1.20
2013.11.19 12:54:51.901,1.92995,1.93042,1.88,1.50
2013.11.19 12:54:52.488,1.92995,1.93042,1.88,1.50
2013.11.19 12:55:01.080,1.92995,1.93042,1.88,1.50
2013.11.19 12:55:04.562,1.92995,1.93045,1.88,1.28
2013.11.19 12:55:05.098,1.92995,1.93045,1.88,1.28
2013.11.19 12:55:05.701,1.92995,1.93046,1.88,1.28
2013.11.19 12:55:06.411,1.92995,1.93046,1.88,1.28
2013.11.19 12:55:09.452,1.92995,1.93045,1.88,1.28
2013.11.19 12:55:09.604,1.92995,1.93045,1.65,1.13
2013.11.19 12:55:09.705,1.92997,1.9305,1.28,2.03
2013.11.19 12:55:09.758,1.92997,1.93048,1.20,1.13
2013.11.19 12:55:10.068,1.92998,1.9305,1.50,1.88
2013.11.19 12:55:10.492,1.93006,1.9305,1.50,1.88
2013.11.19 12:55:11.407,1.93006,1.93054,1.50,1.28
2013.11.19 12:55:14.281,1.92998,1.93053,1.28,1.28
2013.11.19 12:55:14.585,1.92996,1.93048,1.65,1.20
2013.11.19 12:55:15.024,1.92997,1.93053,1.65,1.28
2013.11.19 12:55:15.375,1.92997,1.93053,1.65,1.28
2013.11.19 12:55:15.622,1.92997,1.93053,1.58,1.58
2013.11.19 12:55:15.937,1.92997,1.93042,1.50,1.88
2013.11.19 12:55:20.636,1.92986,1.93035,2.03,1.28
2013.11.19 12:55:21.181,1.92996,1.93042,1.50,1.88
2013.11.19 12:55:21.660,1.92996,1.93042,1.50,1.88
2013.11.19 12:55:21.963,1.92996,1.93038,1.50,1.88
2013.11.19 12:55:30.791,1.92996,1.93038,1.50,1.88
2013.11.19 12:55:30.943,1.92996,1.93044,1.88,1.95
2013.11.19 12:55:31.358,1.92998,1.93044,1.13,1.20
2013.11.19 12:55:31.870,1.92998,1.93042,1.13,2.03
2013.11.19 12:55:33.331,1.93004,1.93044,1.13,1.58
2013.11.19 12:55:33.432,1.93006,1.93049,1.50,1.28
2013.11.19 12:55:33.533,1.93006,1.93054,1.58,1.20
2013.11.19 12:55:33.634,1.93007,1.9306,1.20,1.20
2013.11.19 12:55:33.987,1.93006,1.93057,1.95,1.20
2013.11.19 12:55:34.747,1.93006,1.93057,1.95,1.20
2013.11.19 12:55:40.680,1.93006,1.93055,1.95,1.20
2013.11.19 12:55:40.937,1.93006,1.93046,1.13,1.13
2013.11.19 12:55:41.240,1.93006,1.93055,1.28,1.13
2013.11.19 12:55:41.343,1.93007,1.93054,1.28,1.13
2013.11.19 12:55:41.892,1.93017,1.93064,1.09,1.65
2013.11.19 12:55:41.943,1.93017,1.93064,1.47,1.28
2013.11.19 12:55:42.573,1.93026,1.93073,1.50,1.65
2013.11.19 12:55:42.889,1.93017,1.93073,1.58,1.28
2013.11.19 12:55:44.401,1.93017,1.93073,1.58,1.28
2013.11.19 12:55:46.998,1.93025,1.93072,1.50,1.13
2013.11.19 12:55:47.099,1.93019,1.93072,1.13,1.13
2013.11.19 12:55:47.150,1.93019,1.93072,1.13,1.13
2013.11.19 12:55:47.403,1.93018,1.93065,1.20,1.28
2013.11.19 12:55:47.504,1.93018,1.93065,1.13,1.58
2013.11.19 12:55:47.781,1.93015,1.93065,1.50,1.58
2013.11.19 12:55:48.857,1.93007,1.9306,1.28,1.20
2013.11.19 12:55:48.907,1.93007,1.93055,1.28,1.13
2013.11.19 12:55:49.009,1.93005,1.93055,2.03,1.20
2013.11.19 12:55:49.060,1.93015,1.93059,1.50,1.58
2013.11.19 12:55:49.161,1.93016,1.9306,1.13,1.58
2013.11.19 12:55:49.262,1.93017,1.93065,1.13,2.33
2013.11.19 12:55:49.464,1.93007,1.93065,1.65,1.28
2013.11.19 12:55:49.636,1.93007,1.93054,1.65,1.13
2013.11.19 12:55:49.687,1.93007,1.93054,1.65,1.13
2013.11.19 12:55:49.838,1.93017,1.93067,1.50,1.20
2013.11.19 12:55:49.939,1.9302,1.93068,1.88,1.13
2013.11.19 12:55:50.141,1.93022,1.93073,1.20,1.13
2013.11.19 12:55:50.462,1.93022,1.93073,1.20,1.13
2013.11.19 12:55:50.714,1.93026,1.93074,2.03,1.13
2013.11.19 12:55:50.815,1.93021,1.93069,1.13,1.13
2013.11.19 12:55:51.118,1.93021,1.93064,1.20,1.13
2013.11.19 12:55:51.169,1.93016,1.93062,1.65,1.13
2013.11.19 12:55:51.370,1.93013,1.93057,1.28,1.13
2013.11.19 12:55:51.472,1.93013,1.93055,1.28,1.13
2013.11.19 12:55:52.111,1.93008,1.93052,1.95,1.13
2013.11.19 12:55:53.431,1.93001,1.93052,2.33,1.28
2013.11.19 12:55:53.935,1.93002,1.9305,1.20,1.13
2013.11.19 12:55:57.191,1.93006,1.93054,1.65,1.20
2013.11.19 12:55:57.342,1.93007,1.93054,1.20,1.13
2013.11.19 12:55:57.713,1.93007,1.93054,1.20,1.13
2013.11.19 12:55:58.690,1.93007,1.93054,1.20,1.13
2013.11.19 12:55:58.975,1.93006,1.93054,1.58,1.20
2013.11.19 12:56:00.914,1.93006,1.93054,1.58,1.20
2013.11.19 12:56:01.045,1.93001,1.9305,1.28,1.13
2013.11.19 12:56:01.246,1.93006,1.93054,1.65,1.13
2013.11.19 12:56:01.347,1.93008,1.93062,1.65,1.28
2013.11.19 12:56:01.441,1.93008,1.93062,1.65,1.28
2013.11.19 12:56:01.660,1.93008,1.93062,1.65,1.28
2013.11.19 12:56:01.887,1.93008,1.93062,1.65,1.28
2013.11.19 12:56:02.310,1.93005,1.93055,1.95,1.13
2013.11.19 12:56:02.547,1.93005,1.93055,1.65,1.28
2013.11.19 12:56:03.090,1.93005,1.93055,1.65,1.28
2013.11.19 12:56:05.952,1.93005,1.93055,1.65,1.28
2013.11.19 12:56:06.104,1.93005,1.93059,1.65,1.20
2013.11.19 12:56:06.387,1.93005,1.93059,1.65,1.13
2013.11.19 12:56:06.438,1.93005,1.93062,1.65,1.65
2013.11.19 12:56:07.050,1.93005,1.93055,1.65,1.05
2013.11.19 12:56:07.622,1.93008,1.93062,1.20,1.13
2013.11.19 12:56:07.723,1.93012,1.93062,1.28,1.80
2013.11.19 12:56:08.034,1.93012,1.93062,1.28,1.43
2013.11.19 12:56:08.385,1.93012,1.93062,1.28,1.13
2013.11.19 12:56:11.550,1.93015,1.93062,1.28,1.13
2013.11.19 12:56:16.155,1.93015,1.93062,1.58,1.13
2013.11.19 12:56:16.256,1.93017,1.93067,1.95,1.13
2013.11.19 12:56:16.602,1.93019,1.9307,1.58,1.13
2013.11.19 12:56:17.046,1.9302,1.93073,1.13,1.88
2013.11.19 12:56:18.088,1.93025,1.93073,1.20,1.13
2013.11.19 12:56:18.394,1.93033,1.93085,1.13,2.70
2013.11.19 12:56:18.445,1.93033,1.93085,1.13,2.70
2013.11.19 12:56:18.495,1.93033,1.93085,1.20,2.40
2013.11.19 12:56:18.546,1.93033,1.93085,1.28,2.33
2013.11.19 12:56:21.910,1.9303,1.93083,1.20,1.13
2013.11.19 12:56:23.165,1.93028,1.93083,1.28,1.28
2013.11.19 12:56:23.535,1.93028,1.9308,1.13,1.20
2013.11.19 12:56:23.586,1.93028,1.93081,1.20,1.28
2013.11.19 12:56:23.637,1.93028,1.93081,1.28,1.28
2013.11.19 12:56:25.743,1.93028,1.93081,1.28,1.28
2013.11.19 12:56:25.850,1.93028,1.93082,2.03,1.28
2013.11.19 12:56:35.690,1.93035,1.93084,1.20,1.65
2013.11.19 12:56:35.741,1.93035,1.93084,1.28,1.58
2013.11.19 12:56:36.119,1.9304,1.9309,1.13,1.20
2013.11.19 12:56:36.170,1.9304,1.93093,1.28,1.20
2013.11.19 12:56:36.271,1.93044,1.93095,1.20,1.58
2013.11.19 12:56:36.574,1.93055,1.93103,1.20,1.28
2013.11.19 12:56:36.675,1.93065,1.93103,1.13,1.20
2013.11.19 12:56:36.928,1.93061,1.9311,1.13,1.20
2013.11.19 12:56:37.230,1.93058,1.93111,1.20,1.20
2013.11.19 12:56:37.360,1.93058,1.93111,1.13,1.20
2013.11.19 12:56:37.663,1.93058,1.93112,1.20,1.65
2013.11.19 12:56:37.865,1.93058,1.93112,1.20,1.65
2013.11.19 12:56:38.321,1.93058,1.9311,1.20,1.13
2013.11.19 12:56:38.422,1.93057,1.9311,1.20,1.20
2013.11.19 12:56:38.626,1.93057,1.93104,1.13,1.13
2013.11.19 12:56:41.600,1.93058,1.93104,1.13,1.20
2013.11.19 12:56:41.650,1.93064,1.93112,1.13,1.20
2013.11.19 12:56:42.950,1.93067,1.93114,1.13,1.50
2013.11.19 12:56:45.915,1.93067,1.93119,1.28,1.28
2013.11.19 12:56:45.966,1.93067,1.93119,1.58,1.20
2013.11.19 12:56:46.349,1.93072,1.93131,1.50,1.13
2013.11.19 12:56:46.651,1.93086,1.93132,1.50,1.13
2013.11.19 12:56:47.539,1.93088,1.93132,1.50,1.50
2013.11.19 12:56:47.742,1.93088,1.93135,1.88,1.20
2013.11.19 12:56:52.084,1.93088,1.93135,1.13,1.95
2013.11.19 12:56:56.491,1.93085,1.93133,1.50,1.65
2013.11.19 12:56:56.706,1.93085,1.93133,1.13,1.65
2013.11.19 12:57:04.411,1.93085,1.93133,1.50,1.65
2013.11.19 12:57:05.513,1.93085,1.93133,1.13,1.28
2013.11.19 12:57:05.967,1.93085,1.93135,1.13,1.95
2013.11.19 12:57:09.029,1.93085,1.93135,1.47,1.95
2013.11.19 12:57:09.351,1.93096,1.93138,1.13,1.50
2013.11.19 12:57:09.959,1.93091,1.93132,1.09,1.50
2013.11.19 12:57:10.262,1.93095,1.93137,1.13,1.50
2013.11.19 12:57:10.313,1.93095,1.93137,1.13,1.20
2013.11.19 12:57:12.067,1.93095,1.93138,1.50,1.20
2013.11.19 12:57:12.118,1.93095,1.93141,1.50,1.20
2013.11.19 12:57:12.624,1.93095,1.93142,1.50,1.50
2013.11.19 12:57:13.161,1.93095,1.93142,1.50,1.50
2013.11.19 12:57:16.412,1.93095,1.93141,1.50,1.20
2013.11.19 12:57:16.462,1.93095,1.93138,1.50,1.20
2013.11.19 12:57:16.788,1.93095,1.93138,1.50,1.50
2013.11.19 12:57:17.183,1.93088,1.93136,1.13,1.20
2013.11.19 12:57:17.460,1.93085,1.93133,2.25,1.50
2013.11.19 12:57:21.673,1.93088,1.93139,1.50,1.88
2013.11.19 12:57:21.989,1.93095,1.9314,1.13,1.50
2013.11.19 12:57:27.914,1.93097,1.9314,1.13,1.20
2013.11.19 12:57:27.964,1.93097,1.93145,1.13,2.25
2013.11.19 12:57:28.065,1.93097,1.93143,1.13,1.20
2013.11.19 12:57:28.166,1.93094,1.93143,1.13,1.95
2013.11.19 12:57:29.649,1.93097,1.93143,1.13,1.95
2013.11.19 12:57:29.868,1.93097,1.93143,1.13,1.95
2013.11.19 12:57:31.364,1.93097,1.93143,1.50,1.20
2013.11.19 12:57:31.415,1.93097,1.93143,1.13,1.20
2013.11.19 12:57:31.667,1.93094,1.93143,1.13,1.20
2013.11.19 12:57:35.137,1.93088,1.93142,1.20,1.65
2013.11.19 12:57:35.245,1.93088,1.93138,1.20,1.20
2013.11.19 12:57:35.609,1.93087,1.93136,1.13,1.20
2013.11.19 12:57:36.218,1.93086,1.93134,1.50,1.28
2013.11.19 12:57:43.248,1.93087,1.93136,1.13,1.20
2013.11.19 12:57:43.858,1.93087,1.93136,1.13,1.20
2013.11.19 12:57:47.689,1.93087,1.93136,1.13,1.20
2013.11.19 12:57:50.878,1.93086,1.93136,1.88,1.20
2013.11.19 12:57:51.419,1.93086,1.93136,1.88,1.20
2013.11.19 12:57:52.149,1.93086,1.93136,1.13,1.20
2013.11.19 12:57:56.538,1.93086,1.93134,1.50,1.28
2013.11.19 12:57:58.935,1.93086,1.93141,1.58,1.20
2013.11.19 12:57:59.615,1.93086,1.93137,1.95,1.20
2013.11.19 12:57:59.918,1.93086,1.93135,1.88,1.20
2013.11.19 12:58:00.748,1.93086,1.93135,1.50,1.20
2013.11.19 12:58:01.418,1.93088,1.93135,1.13,1.20
2013.11.19 12:58:01.931,1.93086,1.93135,1.50,1.20
2013.11.19 12:58:05.428,1.93088,1.93137,1.20,1.20
2013.11.19 12:58:05.531,1.93088,1.93142,1.20,1.95
2013.11.19 12:58:05.633,1.93088,1.93142,1.20,2.33
2013.11.19 12:58:14.334,1.93086,1.93134,1.65,1.13
2013.11.19 12:58:14.435,1.93086,1.93136,1.65,1.28
2013.11.19 12:58:14.637,1.93081,1.93131,1.20,1.13
2013.11.19 12:58:14.833,1.93086,1.93134,1.65,1.13
2013.11.19 12:58:15.828,1.9308,1.93131,1.13,1.13
2013.11.19 12:58:16.011,1.93077,1.93131,1.65,1.20
2013.11.19 12:58:16.233,1.93077,1.9313,1.65,1.95
2013.11.19 12:58:16.454,1.93076,1.93124,1.65,1.20
2013.11.19 12:58:17.132,1.93076,1.93125,1.58,1.28
2013.11.19 12:58:17.492,1.93076,1.93125,1.50,1.58
2013.11.19 12:58:17.893,1.93068,1.93123,1.65,1.28
2013.11.19 12:58:18.688,1.93069,1.93123,1.13,2.48
2013.11.19 12:58:19.590,1.93067,1.9312,1.50,1.20
2013.11.19 12:58:20.008,1.93066,1.93114,1.50,2.33
2013.11.19 12:58:20.210,1.93057,1.93107,1.50,1.20
2013.11.19 12:58:20.398,1.93057,1.93107,1.50,1.20
2013.11.19 12:58:20.551,1.93057,1.93113,1.65,1.95
2013.11.19 12:58:20.618,1.93057,1.93113,1.65,2.33
2013.11.19 12:58:23.739,1.93059,1.93113,1.20,1.58
2013.11.19 12:58:27.478,1.93066,1.93113,1.50,1.20
2013.11.19 12:58:28.427,1.9306,1.93112,1.20,1.28
2013.11.19 12:58:36.144,1.93059,1.93113,1.20,2.33
2013.11.19 12:58:36.195,1.93059,1.93113,1.58,1.95
2013.11.19 12:58:39.555,1.93075,1.93122,1.50,1.13
2013.11.19 12:58:39.757,1.93075,1.93125,1.50,1.58
2013.11.19 12:58:42.437,1.93068,1.93123,1.28,1.28
2013.11.19 12:58:42.538,1.93067,1.93119,1.28,1.20
2013.11.19 12:58:43.269,1.93068,1.93123,1.28,1.28
2013.11.19 12:58:43.821,1.93067,1.93119,1.28,1.20
2013.11.19 12:58:44.535,1.93067,1.93122,1.65,1.28
2013.11.19 12:58:45.577,1.93075,1.93123,1.13,1.28
2013.11.19 12:58:46.398,1.93076,1.93127,1.88,1.88
2013.11.19 12:58:46.448,1.93076,1.93121,2.25,1.13
2013.11.19 12:58:52.948,1.93076,1.93119,1.88,1.20
2013.11.19 12:58:58.646,1.93076,1.93125,1.50,1.50
2013.11.19 12:58:59.153,1.93077,1.93124,1.13,1.50
2013.11.19 12:59:06.487,1.93077,1.93124,1.13,1.20
2013.11.19 12:59:08.246,1.93078,1.93124,1.13,1.20
2013.11.19 12:59:10.908,1.93077,1.93124,1.13,1.95
2013.11.19 12:59:11.109,1.93077,1.93121,1.13,1.13
2013.11.19 12:59:11.242,1.93077,1.93119,1.13,1.50
2013.11.19 12:59:11.728,1.93077,1.93124,1.13,1.88
2013.11.19 12:59:12.407,1.93075,1.93121,1.13,1.28
2013.11.19 12:59:14.436,1.93072,1.93124,1.13,1.13
2013.11.19 12:59:14.827,1.93077,1.93122,1.13,1.13
2013.11.19 12:59:15.129,1.93071,1.93116,1.13,1.20
2013.11.19 12:59:17.676,1.93067,1.93118,1.13,1.50
2013.11.19 12:59:18.151,1.93071,1.93118,1.13,1.50
2013.11.19 12:59:19.296,1.93071,1.93113,1.13,1.20
2013.11.19 12:59:19.348,1.93067,1.93113,1.13,1.50
2013.11.19 12:59:19.694,1.93071,1.93113,1.13,1.50
2013.11.19 12:59:19.966,1.93071,1.93114,1.13,1.65
2013.11.19 12:59:21.327,1.93067,1.93116,1.13,1.20
2013.11.19 12:59:23.929,1.93068,1.93114,1.13,1.20
2013.11.19 12:59:24.632,1.93068,1.9311,1.13,1.20
2013.11.19 12:59:28.640,1.93072,1.93112,1.13,1.50
2013.11.19 12:59:28.837,1.93068,1.93112,1.13,1.50
2013.11.19 12:59:30.418,1.93068,1.93115,1.13,1.20
2013.11.19 12:59:38.294,1.93068,1.93118,1.20,1.65
2013.11.19 12:59:39.556,1.93068,1.93122,1.20,1.20
2013.11.19 12:59:40.063,1.93067,1.93122,1.20,1.20
2013.11.19 12:59:41.086,1.93067,1.93118,1.20,1.28
2013.11.19 12:59:41.238,1.93067,1.93118,1.20,1.28
2013.11.19 12:59:41.580,1.93062,1.93111,1.13,1.20
2013.11.19 12:59:44.230,1.93056,1.93108,1.58,1.28
2013.11.19 12:59:44.431,1.93054,1.93108,1.28,1.28
2013.11.19 12:59:44.532,1.93054,1.93108,1.28,1.28
2013.11.19 12:59:45.095,1.93054,1.93103,1.13,1.20
2013.11.19 12:59:45.606,1.93054,1.93105,1.13,2.25
2013.11.19 12:59:45.979,1.93058,1.93111,1.28,1.28
2013.11.19 12:59:46.522,1.93062,1.93111,1.20,1.13
2013.11.19 12:59:48.748,1.93062,1.93115,1.20,1.28
2013.11.19 12:59:51.659,1.93066,1.93114,1.50,1.28
2013.11.19 12:59:52.360,1.93067,1.93114,1.13,1.28
2013.11.19 12:59:52.715,1.93066,1.93114,1.50,1.28
2013.11.19 12:59:54.112,1.9306,1.93111,1.28,1.20
2013.11.19 12:59:54.443,1.93067,1.93115,1.13,1.28
2013.11.19 12:59:54.651,1.93059,1.93111,1.65,1.20
2013.11.19 12:59:56.316,1.93059,1.9311,1.58,1.13
2013.11.19 12:59:56.840,1.93059,1.93111,1.65,1.28
