2010.11.24 20:00:00.000,2.07069,2.07143,1.10,2.30
2010.11.24 20:00:01.088,2.07061,2.07142,1.10,1.10
2010.11.24 20:00:01.425,2.07069,2.07148,1.10,1.10
2010.11.24 20:00:04.934,2.07069,2.07148,1.10,1.20
2010.11.24 20:00:09.668,2.07067,2.07148,1.10,2.10
2010.11.24 20:00:10.268,2.0706,2.07145,1.10,1.20
2010.11.24 20:00:11.963,2.07052,2.07139,1.10,2.10
2010.11.24 20:00:18.893,2.07052,2.07135,1.10,1.10
2010.11.24 20:00:24.188,2.07052,2.07135,1.10,2.30
2010.11.24 20:00:26.738,2.07047,2.07131,1.10,1.10
2010.11.24 20:00:27.178,2.07047,2.07131,1.10,1.20
2010.11.24 20:00:38.955,2.07047,2.07131,1.10,1.10
2010.11.24 20:00:39.178,2.07047,2.07131,1.10,1.40
2010.11.24 20:00:40.298,2.07047,2.07131,1.10,1.10
2010.11.24 20:00:42.118,2.07042,2.07109,1.10,1.10
2010.11.24 20:00:43.537,2.07042,2.07109,1.10,1.40
2010.11.24 20:00:47.638,2.07042,2.07109,1.10,1.10
2010.11.24 20:00:47.970,2.07055,2.07122,1.10,1.20
2010.11.24 20:00:48.189,2.07056,2.07122,1.10,1.20
2010.11.24 20:00:50.158,2.07056,2.07122,1.10,1.40
2010.11.24 20:00:50.376,2.07043,2.07108,1.10,1.10
2010.11.24 20:00:50.598,2.07049,2.07114,1.10,1.10
2010.11.24 20:00:57.715,2.07052,2.07119,1.10,1.20
2010.11.24 20:00:59.876,2.07049,2.07114,1.10,1.20
2010.11.24 20:01:00.929,2.07043,2.07108,1.10,1.10
2010.11.24 20:01:02.269,2.07043,2.07108,1.10,1.20
2010.11.24 20:01:04.614,2.07043,2.07108,1.10,1.10
2010.11.24 20:01:04.968,2.07028,2.07095,1.10,1.10
2010.11.24 20:01:05.187,2.07028,2.07095,1.10,2.00
2010.11.24 20:01:05.642,2.07016,2.07081,1.10,1.10
2010.11.24 20:01:10.784,2.07021,2.07088,1.10,1.10
2010.11.24 20:01:12.958,2.07016,2.07081,1.10,1.10
2010.11.24 20:01:23.370,2.07021,2.07088,1.10,1.10
2010.11.24 20:01:23.844,2.07029,2.07094,1.10,1.40
2010.11.24 20:01:24.278,2.07028,2.07095,1.10,1.10
2010.11.24 20:01:24.731,2.07008,2.07075,1.10,1.10
2010.11.24 20:01:26.237,2.07014,2.07079,1.10,1.30
2010.11.24 20:01:27.776,2.07009,2.07074,1.10,1.10
2010.11.24 20:01:31.598,2.07009,2.07074,1.30,1.10
2010.11.24 20:01:32.147,2.07009,2.07074,1.10,1.30
2010.11.24 20:01:34.058,2.07009,2.07074,1.10,1.30
2010.11.24 20:01:41.414,2.07003,2.07068,1.10,1.10
2010.11.24 20:01:50.839,2.06997,2.07062,1.30,1.10
2010.11.24 20:01:57.658,2.0701,2.07072,1.10,1.10
2010.11.24 20:01:57.770,2.0701,2.07076,1.10,1.20
2010.11.24 20:01:58.541,2.07013,2.071,1.10,1.30
2010.11.24 20:01:58.656,2.07023,2.07127,1.10,1.20
2010.11.24 20:02:06.527,2.07017,2.0712,1.10,1.10
2010.11.24 20:02:08.242,2.07017,2.0712,1.10,3.10
2010.11.24 20:02:08.348,2.07017,2.0712,1.10,1.10
2010.11.24 20:02:15.660,2.07017,2.0712,1.10,3.00
2010.11.24 20:02:17.409,2.07011,2.07114,1.10,3.40
2010.11.24 20:02:20.198,2.07011,2.07114,1.10,3.40
2010.11.24 20:02:28.868,2.07008,2.07109,1.10,1.10
2010.11.24 20:02:31.787,2.07011,2.07114,1.10,3.20
2010.11.24 20:02:57.147,2.07017,2.07115,1.10,5.80
2010.11.24 20:03:15.008,2.07024,2.07122,1.10,3.60
2010.11.24 20:03:15.123,2.07024,2.07123,1.10,1.10
2010.11.24 20:03:15.784,2.07017,2.0712,1.10,3.30
2010.11.24 20:03:26.559,2.07017,2.07103,1.10,1.10
2010.11.24 20:03:28.482,2.07017,2.07114,1.10,3.30
2010.11.24 20:03:33.988,2.07023,2.07123,1.10,6.10
2010.11.24 20:03:34.428,2.07029,2.07122,1.10,1.30
2010.11.24 20:03:34.539,2.07029,2.07128,1.10,1.70
2010.11.24 20:03:43.317,2.07029,2.07117,1.10,1.40
2010.11.24 20:03:47.034,2.07029,2.07122,1.10,1.10
2010.11.24 20:03:47.249,2.06997,2.07102,1.20,1.30
2010.11.24 20:03:47.362,2.06997,2.07102,1.10,1.30
2010.11.24 20:03:47.789,2.0701,2.07116,1.10,3.30
2010.11.24 20:03:49.459,2.0701,2.07102,1.10,1.20
2010.11.24 20:03:51.566,2.0701,2.07112,1.10,1.20
2010.11.24 20:03:51.897,2.07017,2.0712,1.10,3.90
2010.11.24 20:03:54.321,2.07007,2.07093,1.10,2.90
2010.11.24 20:03:54.649,2.07007,2.07093,1.10,3.30
2010.11.24 20:03:55.181,2.07001,2.07086,1.10,1.20
2010.11.24 20:03:55.524,2.07001,2.07086,1.10,3.10
2010.11.24 20:03:56.709,2.07001,2.07086,1.10,3.30
2010.11.24 20:03:57.519,2.07001,2.07086,1.10,3.30
2010.11.24 20:03:57.627,2.06975,2.07059,1.10,1.10
2010.11.24 20:03:57.738,2.06975,2.07059,1.30,1.10
2010.11.24 20:03:57.849,2.06995,2.07079,1.10,1.40
2010.11.24 20:03:58.312,2.0699,2.07056,1.10,1.10
2010.11.24 20:03:58.527,2.06983,2.07051,1.10,1.10
2010.11.24 20:03:58.747,2.0699,2.07056,1.10,1.10
2010.11.24 20:03:59.911,2.06996,2.07064,1.10,1.20
2010.11.24 20:04:00.430,2.06996,2.07064,1.10,3.10
2010.11.24 20:04:02.467,2.07,2.07067,1.10,3.50
2010.11.24 20:04:03.638,2.07004,2.07069,1.10,1.10
2010.11.24 20:04:03.748,2.07004,2.07069,1.10,3.10
2010.11.24 20:04:03.902,2.07004,2.07069,1.10,1.10
2010.11.24 20:04:06.017,2.07,2.07067,1.10,1.10
2010.11.24 20:04:11.264,2.07004,2.07069,1.10,1.10
2010.11.24 20:04:13.780,2.07004,2.07069,1.10,1.10
2010.11.24 20:04:13.891,2.0701,2.07076,1.10,1.10
2010.11.24 20:04:16.098,2.07016,2.07083,1.10,2.90
2010.11.24 20:04:17.174,2.07016,2.07083,1.10,1.30
2010.11.24 20:04:19.579,2.0701,2.07076,1.10,1.10
2010.11.24 20:04:19.799,2.07016,2.07083,1.10,1.20
2010.11.24 20:04:20.128,2.0701,2.07076,1.10,1.10
2010.11.24 20:04:21.638,2.07016,2.07083,1.10,1.10
2010.11.24 20:04:24.863,2.07016,2.07083,1.10,3.40
2010.11.24 20:04:33.138,2.07016,2.07083,1.10,3.10
2010.11.24 20:04:40.957,2.07016,2.07083,1.10,3.90
2010.11.24 20:04:44.279,2.07016,2.07083,1.10,3.10
2010.11.24 20:04:44.389,2.07016,2.07083,1.10,1.20
2010.11.24 20:04:44.499,2.07023,2.0709,1.10,3.10
2010.11.24 20:04:49.630,2.07023,2.0709,1.10,2.90
2010.11.24 20:04:51.009,2.07023,2.0709,1.10,3.40
2010.11.24 20:04:51.230,2.06999,2.07086,1.10,2.90
2010.11.24 20:04:52.249,2.06999,2.07083,1.10,1.20
2010.11.24 20:04:57.969,2.06993,2.07079,1.10,3.50
2010.11.24 20:04:58.187,2.06999,2.07083,1.10,1.20
2010.11.24 20:05:11.281,2.06999,2.07083,1.10,1.20
2010.11.24 20:05:11.499,2.06999,2.07086,1.10,3.10
2010.11.24 20:05:11.719,2.06999,2.07083,1.10,1.20
2010.11.24 20:05:14.029,2.06994,2.07078,1.10,3.50
2010.11.24 20:05:15.459,2.06994,2.07078,1.10,1.20
2010.11.24 20:05:16.401,2.06999,2.07085,1.10,1.20
2010.11.24 20:05:16.729,2.07007,2.07091,1.10,3.00
2010.11.24 20:05:20.458,2.07003,2.07068,1.10,1.10
2010.11.24 20:05:21.008,2.0698,2.07064,1.10,1.10
2010.11.24 20:05:23.451,2.0698,2.07064,1.10,3.10
2010.11.24 20:05:27.337,2.06976,2.0704,1.10,1.10
2010.11.24 20:05:28.676,2.06976,2.0704,1.10,1.20
2010.11.24 20:05:31.149,2.06976,2.0704,1.10,3.10
2010.11.24 20:05:32.949,2.06968,2.07035,1.10,2.90
2010.11.24 20:05:33.059,2.06968,2.07035,1.10,1.10
2010.11.24 20:05:37.457,2.0696,2.07027,1.10,1.10
2010.11.24 20:05:39.885,2.0696,2.07027,1.10,1.20
2010.11.24 20:05:43.467,2.06962,2.07027,1.10,1.20
2010.11.24 20:05:47.097,2.06962,2.07027,1.10,2.90
2010.11.24 20:05:47.219,2.06948,2.07015,1.10,1.10
2010.11.24 20:05:48.439,2.06948,2.07015,1.10,2.00
2010.11.24 20:05:48.548,2.06935,2.07,1.30,1.10
2010.11.24 20:05:51.428,2.06949,2.07014,1.30,1.30
2010.11.24 20:05:52.573,2.06949,2.07014,1.10,2.00
2010.11.24 20:05:52.898,2.06934,2.07001,1.30,1.30
2010.11.24 20:05:53.908,2.06934,2.07001,2.00,1.10
2010.11.24 20:05:54.128,2.06948,2.07015,1.10,1.20
2010.11.24 20:05:55.558,2.06948,2.07015,2.90,1.10
2010.11.24 20:05:55.668,2.06961,2.07028,1.10,1.10
2010.11.24 20:05:56.447,2.06961,2.07028,1.10,1.40
2010.11.24 20:05:56.779,2.06961,2.07028,1.10,1.10
2010.11.24 20:05:57.589,2.06955,2.07019,1.20,1.10
2010.11.24 20:05:58.130,2.06961,2.07026,1.10,1.10
2010.11.24 20:06:00.477,2.06961,2.07026,1.10,1.10
2010.11.24 20:06:01.418,2.06955,2.07022,1.10,1.10
2010.11.24 20:06:08.743,2.06953,2.07018,1.10,1.10
2010.11.24 20:06:16.611,2.06957,2.07024,1.20,1.10
2010.11.24 20:06:17.169,2.06962,2.07027,2.80,1.10
2010.11.24 20:06:17.388,2.06976,2.07043,1.20,1.10
2010.11.24 20:06:17.900,2.06969,2.07035,1.10,1.10
2010.11.24 20:06:23.867,2.06969,2.07035,2.00,1.10
2010.11.24 20:06:23.979,2.07037,2.07073,1.10,1.10
2010.11.24 20:06:24.376,2.07037,2.07103,1.10,2.80
2010.11.24 20:06:24.490,2.07054,2.07141,1.10,3.20
2010.11.24 20:06:27.528,2.07047,2.07133,1.30,1.20
2010.11.24 20:06:29.833,2.07047,2.07133,1.30,1.40
2010.11.24 20:06:35.197,2.07047,2.07133,2.00,1.40
2010.11.24 20:06:35.419,2.07054,2.07141,2.00,1.30
2010.11.24 20:06:38.417,2.07061,2.07145,1.10,1.20
2010.11.24 20:06:42.981,2.07061,2.07145,1.10,3.10
2010.11.24 20:06:45.520,2.07067,2.07154,1.10,3.50
2010.11.24 20:06:50.228,2.07065,2.07149,1.10,3.00
2010.11.24 20:06:52.672,2.07057,2.07141,1.10,1.20
2010.11.24 20:06:52.780,2.0705,2.07136,1.30,1.10
2010.11.24 20:06:57.057,2.0705,2.07136,1.10,1.20
2010.11.24 20:07:00.789,2.07056,2.07145,1.10,1.20
2010.11.24 20:07:07.547,2.07064,2.0715,1.10,3.30
2010.11.24 20:07:16.664,2.07061,2.07126,1.10,1.10
2010.11.24 20:07:37.352,2.07052,2.07119,1.10,1.10
2010.11.24 20:07:37.678,2.07061,2.07126,1.10,1.10
2010.11.24 20:07:40.144,2.07063,2.07131,1.10,1.10
2010.11.24 20:07:42.708,2.0707,2.07135,1.10,1.20
2010.11.24 20:07:45.202,2.0707,2.07135,1.10,1.10
2010.11.24 20:07:45.687,2.0707,2.07135,1.10,2.90
2010.11.24 20:07:48.855,2.0707,2.07135,1.10,1.20
2010.11.24 20:07:54.010,2.07076,2.07143,1.10,1.30
2010.11.24 20:07:54.339,2.0707,2.07135,1.10,1.20
2010.11.24 20:07:56.601,2.07067,2.07134,1.10,1.30
2010.11.24 20:07:59.079,2.07067,2.07134,1.10,1.30
2010.11.24 20:07:59.189,2.0706,2.07127,1.10,1.10
2010.11.24 20:08:03.614,2.07076,2.07143,1.10,1.20
2010.11.24 20:08:03.939,2.07063,2.07131,1.10,1.10
2010.11.24 20:08:17.078,2.07063,2.07131,1.10,1.10
2010.11.24 20:08:23.683,2.07063,2.07131,1.10,1.10
2010.11.24 20:08:28.962,2.07069,2.07136,1.10,1.10
2010.11.24 20:08:33.082,2.07072,2.07137,1.10,1.10
2010.11.24 20:08:33.596,2.07072,2.07137,2.00,3.10
2010.11.24 20:08:33.979,2.0705,2.07153,1.30,1.10
2010.11.24 20:08:34.199,2.0705,2.07153,1.10,1.30
2010.11.24 20:08:34.307,2.07026,2.0715,2.00,1.30
2010.11.24 20:08:35.168,2.07026,2.0715,1.10,1.10
2010.11.24 20:08:36.918,2.07026,2.0715,1.10,1.40
2010.11.24 20:08:37.111,2.07026,2.0715,1.10,1.10
2010.11.24 20:08:38.898,2.07021,2.07144,1.10,1.10
2010.11.24 20:08:39.118,2.0701,2.07142,1.10,1.10
2010.11.24 20:08:42.465,2.07021,2.07145,1.10,1.10
2010.11.24 20:08:45.889,2.07026,2.0715,1.10,1.10
2010.11.24 20:08:46.339,2.07026,2.0715,1.10,3.00
2010.11.24 20:08:59.469,2.07033,2.07158,1.10,3.00
2010.11.24 20:09:13.140,2.07033,2.07158,1.10,3.00
2010.11.24 20:09:17.099,2.07021,2.07144,1.20,2.80
2010.11.24 20:09:37.970,2.0703,2.07134,1.20,1.10
2010.11.24 20:09:52.540,2.0703,2.07134,1.20,1.30
2010.11.24 20:09:52.649,2.07022,2.07088,1.20,1.10
2010.11.24 20:09:52.757,2.07022,2.07088,1.10,1.10
2010.11.24 20:10:12.828,2.07011,2.07086,1.10,1.10
2010.11.24 20:10:12.939,2.07011,2.07086,1.20,1.10
2010.11.24 20:10:17.320,2.07009,2.07076,1.20,1.10
2010.11.24 20:10:29.944,2.07011,2.07086,1.20,1.10
2010.11.24 20:10:36.998,2.0701,2.07087,1.20,1.10
2010.11.24 20:10:58.648,2.07011,2.07086,1.20,1.10
2010.11.24 20:11:10.959,2.07009,2.07074,1.20,1.10
2010.11.24 20:11:13.058,2.07009,2.07074,1.10,1.10
2010.11.24 20:11:15.746,2.06996,2.07073,1.10,1.10
2010.11.24 20:11:16.481,2.07014,2.07081,1.10,1.10
2010.11.24 20:11:48.250,2.07014,2.07081,3.00,1.10
2010.11.24 20:11:52.469,2.07022,2.07088,2.90,1.10
2010.11.24 20:11:53.109,2.07022,2.07088,1.10,1.10
2010.11.24 20:11:55.638,2.07015,2.07082,1.20,1.10
2010.11.24 20:11:56.261,2.07021,2.07089,1.10,1.10
2010.11.24 20:12:04.630,2.07016,2.07081,1.10,1.10
2010.11.24 20:12:12.051,2.07022,2.07088,1.10,1.10
2010.11.24 20:12:16.460,2.07022,2.07088,1.10,1.10
2010.11.24 20:12:16.811,2.07035,2.07101,1.10,1.10
2010.11.24 20:12:20.421,2.07021,2.07089,1.20,1.10
2010.11.24 20:12:23.521,2.07047,2.07114,1.10,1.20
2010.11.24 20:12:23.740,2.07035,2.07101,1.20,1.10
2010.11.24 20:12:30.420,2.07035,2.07101,1.20,1.10
2010.11.24 20:12:30.531,2.07024,2.07099,1.20,1.10
2010.11.24 20:12:30.639,2.07024,2.07099,1.10,1.10
2010.11.24 20:12:30.748,2.07034,2.07102,1.10,1.10
2010.11.24 20:12:36.936,2.07034,2.07102,1.10,1.10
2010.11.24 20:12:37.599,2.07011,2.07086,1.10,1.10
2010.11.24 20:12:37.709,2.07021,2.07089,1.10,1.10
2010.11.24 20:12:39.288,2.07034,2.07101,1.10,1.10
2010.11.24 20:12:51.407,2.07036,2.07103,1.10,1.10
2010.11.24 20:13:47.309,2.07034,2.07101,1.10,1.10
2010.11.24 20:14:34.781,2.07022,2.07088,1.10,1.10
2010.11.24 20:14:34.998,2.07008,2.07075,1.10,1.10
2010.11.24 20:14:40.859,2.07001,2.07068,1.10,1.10
2010.11.24 20:14:40.970,2.0701,2.07107,1.10,3.10
2010.11.24 20:14:41.079,2.0701,2.07113,1.30,1.10
2010.11.24 20:14:43.938,2.0701,2.07113,1.30,1.10
2010.11.24 20:14:44.049,2.07033,2.07117,1.10,1.10
2010.11.24 20:14:56.437,2.07033,2.07117,3.10,1.10
2010.11.24 20:14:58.659,2.07033,2.07117,2.90,1.10
2010.11.24 20:14:58.770,2.07033,2.07117,1.20,1.10
2010.11.24 20:14:59.371,2.07027,2.07111,1.40,1.10
2010.11.24 20:14:59.710,2.07032,2.07118,1.40,1.10
2010.11.24 20:15:22.806,2.07032,2.07118,1.30,2.00
2010.11.24 20:15:23.140,2.0702,2.07081,1.10,1.10
2010.11.24 20:15:23.360,2.07028,2.07095,2.90,1.10
2010.11.24 20:15:23.471,2.07033,2.07117,1.10,1.10
2010.11.24 20:15:24.010,2.07033,2.07117,1.10,1.10
2010.11.24 20:15:30.268,2.0704,2.07125,1.10,1.10
2010.11.24 20:15:38.481,2.07033,2.07117,1.10,1.10
2010.11.24 20:15:47.690,2.07027,2.07111,1.30,1.10
2010.11.24 20:15:51.309,2.07032,2.07118,1.10,1.10
2010.11.24 20:16:33.372,2.07032,2.07118,1.10,1.10
2010.11.24 20:16:36.501,2.07032,2.07118,1.10,1.20
2010.11.24 20:16:39.467,2.07032,2.07118,1.10,1.10
2010.11.24 20:16:40.568,2.07032,2.07118,1.10,1.20
2010.11.24 20:16:58.831,2.07032,2.07118,1.10,1.10
2010.11.24 20:17:37.919,2.07015,2.0708,3.30,1.10
2010.11.24 20:17:38.139,2.07015,2.0708,2.90,1.10
2010.11.24 20:17:38.360,2.07015,2.0708,1.10,1.10
2010.11.24 20:17:38.471,2.07029,2.07094,1.30,1.10
2010.11.24 20:17:38.579,2.07032,2.07118,1.10,1.10
2010.11.24 20:17:40.299,2.0704,2.07124,1.10,1.10
2010.11.24 20:17:43.418,2.07033,2.07117,1.10,1.10
2010.11.24 20:17:51.021,2.07033,2.07117,1.30,1.10
2010.11.24 20:17:51.351,2.07066,2.07152,1.10,1.10
2010.11.24 20:17:51.569,2.07066,2.07152,1.10,1.10
2010.11.24 20:18:00.619,2.07073,2.07157,1.10,1.40
2010.11.24 20:18:08.167,2.07073,2.07157,1.10,1.40
2010.11.24 20:18:10.463,2.07073,2.07157,1.10,3.10
2010.11.24 20:18:10.684,2.07073,2.07157,1.10,1.20
2010.11.24 20:18:10.912,2.07073,2.07157,1.10,3.50
2010.11.24 20:18:11.680,2.07073,2.07157,1.10,1.20
2010.11.24 20:18:14.939,2.07073,2.07157,1.10,3.50
2010.11.24 20:18:15.157,2.07073,2.07157,1.10,1.40
2010.11.24 20:18:31.107,2.07073,2.07157,1.10,1.10
2010.11.24 20:18:47.105,2.07073,2.07157,1.10,1.10
2010.11.24 20:19:02.658,2.07073,2.07157,1.10,1.10
2010.11.24 20:19:12.371,2.07079,2.07165,1.10,1.20
2010.11.24 20:19:12.483,2.07072,2.07158,1.10,1.10
2010.11.24 20:19:16.940,2.0708,2.07164,1.10,1.20
2010.11.24 20:19:17.521,2.07072,2.07158,1.10,1.10
2010.11.24 20:19:18.257,2.07087,2.07171,1.10,1.10
2010.11.24 20:19:20.460,2.07079,2.07165,1.10,1.10
2010.11.24 20:19:20.790,2.07086,2.07172,1.10,1.10
2010.11.24 20:19:21.121,2.07093,2.07178,1.10,1.40
2010.11.24 20:19:21.451,2.07093,2.07178,1.10,3.20
2010.11.24 20:19:26.909,2.07093,2.07172,1.10,1.20
2010.11.24 20:19:29.101,2.07093,2.07178,1.10,3.60
2010.11.24 20:19:43.650,2.07093,2.07178,1.10,1.30
2010.11.24 20:19:43.980,2.07105,2.07191,1.10,3.60
2010.11.24 20:19:44.202,2.07109,2.07195,1.10,3.40
2010.11.24 20:19:44.419,2.07109,2.07195,1.10,1.20
2010.11.24 20:19:44.803,2.0712,2.07205,1.10,2.90
2010.11.24 20:19:47.426,2.0712,2.07205,1.10,3.10
2010.11.24 20:19:54.999,2.07126,2.0721,1.10,3.60
2010.11.24 20:19:55.550,2.0712,2.07205,1.10,3.10
2010.11.24 20:19:56.099,2.07126,2.0721,1.10,3.50
2010.11.24 20:19:56.209,2.07126,2.0721,1.10,1.40
2010.11.24 20:19:57.521,2.07126,2.0721,1.10,3.50
2010.11.24 20:20:13.127,2.07126,2.0721,1.10,1.40
2010.11.24 20:20:13.370,2.07126,2.0721,1.10,3.50
2010.11.24 20:20:13.591,2.07119,2.07206,1.10,3.10
2010.11.24 20:20:14.251,2.07112,2.07198,1.10,1.40
2010.11.24 20:20:32.789,2.0712,2.07205,1.10,3.40
2010.11.24 20:20:35.452,2.07125,2.07211,1.10,3.60
2010.11.24 20:20:36.515,2.07102,2.07207,1.30,3.40
2010.11.24 20:20:40.893,2.07102,2.07207,1.10,3.20
2010.11.24 20:20:41.233,2.07102,2.07203,1.10,1.20
2010.11.24 20:20:50.439,2.07102,2.07202,1.10,1.20
2010.11.24 20:20:51.440,2.07095,2.07201,1.10,3.50
2010.11.24 20:20:53.070,2.07102,2.07202,1.10,1.20
2010.11.24 20:20:54.010,2.07096,2.072,1.10,3.50
2010.11.24 20:20:55.250,2.07102,2.07203,1.10,1.20
2010.11.24 20:20:59.472,2.0709,2.07193,1.10,1.50
2010.11.24 20:20:59.582,2.0709,2.07193,1.10,1.20
2010.11.24 20:21:01.416,2.0709,2.07193,1.10,3.10
2010.11.24 20:21:07.632,2.07096,2.07199,1.10,3.50
2010.11.24 20:21:08.061,2.07103,2.07206,1.10,2.90
2010.11.24 20:21:08.282,2.07103,2.07206,1.10,1.20
2010.11.24 20:21:08.390,2.07103,2.07206,1.10,2.90
2010.11.24 20:21:08.611,2.07095,2.07201,1.10,1.20
2010.11.24 20:21:08.721,2.07102,2.07203,1.10,1.20
2010.11.24 20:21:09.222,2.07102,2.07207,1.10,3.50
2010.11.24 20:21:09.342,2.07096,2.072,1.10,1.20
2010.11.24 20:21:10.400,2.07096,2.072,1.10,3.10
2010.11.24 20:21:14.995,2.07096,2.07193,1.10,1.20
2010.11.24 20:21:15.106,2.07096,2.072,1.10,3.10
2010.11.24 20:21:15.220,2.07096,2.072,1.10,1.40
2010.11.24 20:21:15.330,2.07091,2.07178,1.10,1.10
2010.11.24 20:21:16.800,2.07105,2.07189,1.10,1.20
2010.11.24 20:21:17.239,2.071,2.07167,1.10,1.10
2010.11.24 20:21:17.570,2.071,2.07167,1.10,2.00
2010.11.24 20:21:18.242,2.07087,2.07155,1.30,1.30
2010.11.24 20:21:19.580,2.0709,2.07165,1.10,1.10
2010.11.24 20:21:19.909,2.071,2.07168,1.10,1.10
2010.11.24 20:21:21.801,2.07084,2.0717,1.10,1.10
2010.11.24 20:21:25.011,2.07108,2.07173,1.10,1.10
2010.11.24 20:21:31.449,2.071,2.07167,1.10,1.10
2010.11.24 20:21:31.989,2.0709,2.07163,1.10,1.10
2010.11.24 20:21:42.105,2.07058,2.07164,1.10,1.10
2010.11.24 20:21:49.955,2.07089,2.07166,1.10,1.10
2010.11.24 20:22:05.431,2.07077,2.07152,1.10,1.10
2010.11.24 20:22:20.770,2.07087,2.07155,1.10,1.10
2010.11.24 20:22:28.357,2.07092,2.07159,1.10,1.10
2010.11.24 20:22:30.758,2.07095,2.07162,1.10,1.10
2010.11.24 20:22:36.564,2.07095,2.07162,1.10,1.10
2010.11.24 20:22:38.991,2.07093,2.07158,1.10,1.10
2010.11.24 20:22:50.783,2.07094,2.0716,1.10,1.10
2010.11.24 20:22:53.351,2.07091,2.07156,1.10,1.10
2010.11.24 20:22:59.071,2.0709,2.07157,1.10,1.10
2010.11.24 20:22:59.491,2.0708,2.07148,1.30,1.10
2010.11.24 20:23:11.210,2.0708,2.07148,1.10,1.10
2010.11.24 20:23:13.752,2.07056,2.07131,1.10,1.10
2010.11.24 20:23:20.890,2.07042,2.07119,1.10,1.10
2010.11.24 20:23:21.001,2.07042,2.07119,3.30,1.10
2010.11.24 20:23:21.482,2.0704,2.07111,1.10,1.10
2010.11.24 20:23:38.321,2.07041,2.07107,1.10,1.10
2010.11.24 20:23:38.689,2.07027,2.07093,1.10,1.10
2010.11.24 20:23:41.847,2.07027,2.07093,1.30,1.10
2010.11.24 20:23:48.505,2.0704,2.07108,1.30,1.10
2010.11.24 20:23:48.831,2.0704,2.07108,1.30,1.10
2010.11.24 20:23:55.811,2.07043,2.07118,1.10,1.10
2010.11.24 20:23:56.141,2.07054,2.0712,1.10,1.10
2010.11.24 20:24:00.588,2.07062,2.07127,1.10,1.30
2010.11.24 20:24:01.091,2.07033,2.071,1.10,1.10
2010.11.24 20:24:01.750,2.06997,2.07083,1.20,1.10
2010.11.24 20:24:02.190,2.06974,2.07079,1.10,1.30
2010.11.24 20:24:02.300,2.06953,2.07075,1.30,1.30
2010.11.24 20:24:02.423,2.06951,2.07075,3.00,1.30
2010.11.24 20:24:03.117,2.06951,2.07075,1.10,1.10
2010.11.24 20:24:03.415,2.06951,2.07075,3.50,1.10
2010.11.24 20:24:05.499,2.06951,2.07075,1.20,1.10
2010.11.24 20:24:09.285,2.06957,2.07079,1.20,1.10
2010.11.24 20:24:10.049,2.06957,2.07079,1.40,1.10
2010.11.24 20:24:18.423,2.07002,2.07088,1.10,1.30
2010.11.24 20:24:18.942,2.06982,2.07067,1.40,1.10
2010.11.24 20:24:22.909,2.07005,2.07071,1.10,1.10
2010.11.24 20:24:23.474,2.07021,2.07086,1.10,1.10
2010.11.24 20:24:23.681,2.07025,2.07092,1.10,1.10
2010.11.24 20:24:26.310,2.07025,2.07092,1.10,2.00
2010.11.24 20:24:26.420,2.06999,2.07064,1.10,1.10
2010.11.24 20:24:27.114,2.07004,2.0707,1.10,1.10
2010.11.24 20:24:27.439,2.06998,2.07065,1.10,1.10
2010.11.24 20:24:48.810,2.06998,2.07065,2.00,1.10
2010.11.24 20:24:49.029,2.07003,2.07071,1.30,1.30
2010.11.24 20:24:51.200,2.06977,2.07043,1.30,1.10
2010.11.24 20:24:51.421,2.06954,2.07039,3.00,1.10
2010.11.24 20:24:51.530,2.06954,2.07039,1.10,1.10
2010.11.24 20:25:07.652,2.06968,2.07052,1.10,1.10
2010.11.24 20:25:07.760,2.06948,2.07034,1.10,1.10
2010.11.24 20:25:09.451,2.06918,2.07032,1.50,1.10
2010.11.24 20:25:09.999,2.06907,2.07032,3.10,1.10
2010.11.24 20:25:14.076,2.06907,2.07032,3.90,1.10
2010.11.24 20:25:14.482,2.06916,2.07038,3.10,1.10
2010.11.24 20:25:16.874,2.06916,2.07038,3.10,1.10
2010.11.24 20:25:23.969,2.06916,2.07038,3.30,1.10
2010.11.24 20:25:25.420,2.06916,2.07038,3.10,1.10
2010.11.24 20:25:32.650,2.06917,2.07038,1.20,1.10
2010.11.24 20:25:33.419,2.06916,2.07038,2.90,1.10
2010.11.24 20:25:39.931,2.06985,2.0705,1.10,3.20
2010.11.24 20:25:40.149,2.06985,2.0705,1.10,1.10
2010.11.24 20:25:49.129,2.06992,2.07056,1.10,1.10
2010.11.24 20:25:51.139,2.06998,2.07063,1.10,1.10
2010.11.24 20:25:51.359,2.07002,2.07069,1.10,1.10
2010.11.24 20:26:08.650,2.06998,2.07063,1.10,1.10
2010.11.24 20:26:09.370,2.0699,2.07056,1.10,1.10
2010.11.24 20:26:10.909,2.06984,2.07051,1.10,1.10
2010.11.24 20:26:11.020,2.06977,2.07043,1.10,1.10
2010.11.24 20:26:14.882,2.06969,2.07036,1.10,1.10
2010.11.24 20:26:15.452,2.06964,2.0703,1.10,1.10
2010.11.24 20:26:19.752,2.06978,2.07043,1.10,1.10
2010.11.24 20:26:20.080,2.06972,2.07037,1.10,1.10
2010.11.24 20:26:20.300,2.06965,2.07042,1.10,1.10
2010.11.24 20:26:20.730,2.06971,2.07038,1.10,1.10
2010.11.24 20:26:21.512,2.06963,2.07028,1.10,1.10
2010.11.24 20:26:21.950,2.06968,2.07035,1.10,1.10
2010.11.24 20:26:22.720,2.06963,2.07028,1.10,1.10
2010.11.24 20:26:25.732,2.06963,2.07031,1.10,1.10
2010.11.24 20:26:25.950,2.06951,2.07025,1.10,1.10
2010.11.24 20:26:26.060,2.06942,2.07009,1.10,1.10
2010.11.24 20:26:32.121,2.06952,2.07029,1.10,1.10
2010.11.24 20:26:34.881,2.06951,2.07025,1.10,1.10
2010.11.24 20:26:37.412,2.06953,2.07028,1.10,1.10
2010.11.24 20:26:58.608,2.06951,2.07017,1.10,1.10
2010.11.24 20:27:00.212,2.06951,2.07025,1.10,1.10
2010.11.24 20:27:00.670,2.06964,2.0703,1.10,1.10
2010.11.24 20:27:00.781,2.06976,2.07044,1.10,1.10
2010.11.24 20:27:04.311,2.06972,2.07039,1.10,1.10
2010.11.24 20:27:16.265,2.06964,2.0703,1.20,1.10
2010.11.24 20:27:16.591,2.06972,2.07037,1.10,1.10
2010.11.24 20:27:28.826,2.06963,2.07031,1.20,1.10
2010.11.24 20:27:29.253,2.06972,2.07037,1.10,1.10
2010.11.24 20:27:29.581,2.06976,2.07044,1.10,1.10
2010.11.24 20:27:31.504,2.06985,2.07082,1.10,1.10
2010.11.24 20:27:32.050,2.0698,2.07083,1.20,1.10
2010.11.24 20:27:32.161,2.0698,2.07083,1.10,1.10
2010.11.24 20:27:34.374,2.0698,2.07083,1.40,1.10
2010.11.24 20:27:36.440,2.0696,2.07063,3.50,1.10
2010.11.24 20:27:36.659,2.0696,2.07063,3.50,1.10
2010.11.24 20:27:36.769,2.06961,2.07074,3.50,1.10
2010.11.24 20:27:39.130,2.06961,2.07074,3.30,1.10
2010.11.24 20:27:39.930,2.06961,2.07074,3.20,1.10
2010.11.24 20:27:40.150,2.0702,2.07095,1.10,2.10
2010.11.24 20:27:40.369,2.07035,2.0711,1.10,1.10
2010.11.24 20:27:41.479,2.07046,2.07112,1.10,1.10
2010.11.24 20:27:41.809,2.07058,2.07126,1.10,1.10
2010.11.24 20:27:43.310,2.07086,2.07152,1.10,1.10
2010.11.24 20:27:43.529,2.07071,2.07139,1.10,1.10
2010.11.24 20:27:54.201,2.07058,2.07126,1.10,1.10
2010.11.24 20:27:59.131,2.07052,2.07117,1.10,1.10
2010.11.24 20:27:59.252,2.07059,2.07125,1.10,1.10
2010.11.24 20:28:01.692,2.0706,2.07125,1.10,1.10
2010.11.24 20:28:03.480,2.07046,2.07113,1.30,1.10
2010.11.24 20:28:04.930,2.07066,2.07132,1.10,1.10
2010.11.24 20:28:05.920,2.07067,2.07131,1.10,1.10
2010.11.24 20:28:07.300,2.07058,2.07126,1.30,1.10
2010.11.24 20:28:07.630,2.07051,2.07118,2.00,1.10
2010.11.24 20:28:08.139,2.07059,2.07125,1.30,1.10
2010.11.24 20:28:10.191,2.07067,2.07131,1.10,1.30
2010.11.24 20:28:10.499,2.07058,2.07126,1.10,1.10
2010.11.24 20:28:12.891,2.07058,2.07126,1.40,1.10
2010.11.24 20:28:13.791,2.07058,2.07126,1.20,1.10
2010.11.24 20:28:13.905,2.07053,2.07118,1.40,1.10
2010.11.24 20:28:16.101,2.07059,2.07125,1.10,1.10
2010.11.24 20:28:16.320,2.07052,2.07119,1.20,1.10
2010.11.24 20:28:17.180,2.07058,2.07126,1.20,1.10
2010.11.24 20:28:17.620,2.07053,2.07118,1.20,1.10
2010.11.24 20:28:18.542,2.07059,2.07125,1.10,1.10
2010.11.24 20:28:18.760,2.07053,2.07118,1.20,1.10
2010.11.24 20:28:19.140,2.07053,2.07118,1.10,2.00
2010.11.24 20:28:20.051,2.07013,2.0708,1.10,1.10
2010.11.24 20:28:21.171,2.07013,2.0708,3.10,1.10
2010.11.24 20:28:22.410,2.07013,2.0708,1.20,1.10
2010.11.24 20:28:24.191,2.0702,2.07087,1.10,1.30
2010.11.24 20:28:25.642,2.0702,2.07087,1.40,1.30
2010.11.24 20:28:26.862,2.0702,2.07087,1.10,1.30
2010.11.24 20:28:27.720,2.0704,2.07105,1.10,1.10
2010.11.24 20:28:35.495,2.07039,2.07106,1.10,1.10
2010.11.24 20:28:41.741,2.07032,2.07099,1.20,1.10
2010.11.24 20:28:42.484,2.07032,2.07099,1.10,1.10
2010.11.24 20:28:43.914,2.0704,2.07105,1.10,1.10
2010.11.24 20:28:44.022,2.07045,2.07113,1.10,1.10
2010.11.24 20:28:52.833,2.07045,2.07113,1.30,1.10
2010.11.24 20:28:53.159,2.07072,2.0714,1.10,1.10
2010.11.24 20:28:53.859,2.07066,2.07133,1.10,1.10
2010.11.24 20:28:54.580,2.07059,2.07127,1.10,1.10
2010.11.24 20:28:55.250,2.07066,2.07133,1.10,1.10
2010.11.24 20:29:00.451,2.07066,2.07133,1.30,1.10
2010.11.24 20:29:09.982,2.07066,2.07133,1.40,1.10
2010.11.24 20:29:10.093,2.07066,2.07132,1.30,1.10
2010.11.24 20:29:10.202,2.07066,2.07132,1.10,1.30
2010.11.24 20:29:10.681,2.07066,2.07132,1.30,1.10
2010.11.24 20:29:15.059,2.07058,2.07126,1.10,1.10
2010.11.24 20:29:27.070,2.07067,2.07131,1.10,1.10
2010.11.24 20:29:42.571,2.07059,2.07125,1.10,1.10
2010.11.24 20:29:42.791,2.07066,2.07132,1.10,1.10
2010.11.24 20:29:44.360,2.07059,2.07125,1.10,1.10
2010.11.24 20:29:45.670,2.07066,2.07132,1.10,1.10
2010.11.24 20:29:52.951,2.07058,2.07126,1.10,1.10
2010.11.24 20:29:57.292,2.07051,2.07118,1.10,1.10
2010.11.24 20:29:57.513,2.07048,2.07123,1.10,1.10
2010.11.24 20:30:00.041,2.07047,2.07124,1.10,1.10
2010.11.24 20:30:04.816,2.07052,2.07125,1.10,1.10
2010.11.24 20:30:09.033,2.07052,2.07125,1.10,1.10
2010.11.24 20:30:11.091,2.07052,2.07125,1.10,1.10
2010.11.24 20:30:12.993,2.07033,2.071,1.10,1.10
2010.11.24 20:30:13.616,2.06995,2.07098,3.30,1.10
2010.11.24 20:30:13.721,2.06993,2.07098,1.20,1.10
2010.11.24 20:30:13.942,2.06999,2.07104,1.10,1.10
2010.11.24 20:30:20.550,2.06993,2.07098,1.20,1.10
2010.11.24 20:30:24.400,2.07,2.07103,1.10,1.10
2010.11.24 20:30:24.729,2.06987,2.07092,2.90,1.10
2010.11.24 20:30:30.440,2.06987,2.07092,2.10,1.10
2010.11.24 20:31:00.180,2.07033,2.071,1.30,1.10
2010.11.24 20:31:00.291,2.07042,2.07145,1.30,1.30
2010.11.24 20:31:02.189,2.07035,2.07138,1.20,1.10
2010.11.24 20:31:06.022,2.07042,2.07145,1.10,1.10
2010.11.24 20:31:06.350,2.07034,2.07139,1.10,1.10
2010.11.24 20:31:08.203,2.07034,2.07139,3.10,1.10
2010.11.24 20:31:08.312,2.07034,2.07139,1.20,1.10
2010.11.24 20:31:08.533,2.07034,2.07139,3.10,1.10
2010.11.24 20:31:09.108,2.07034,2.07139,1.20,1.10
2010.11.24 20:31:09.223,2.07034,2.07139,3.10,1.10
2010.11.24 20:31:10.811,2.07034,2.07139,1.20,1.10
2010.11.24 20:31:22.273,2.07034,2.07139,1.20,1.10
2010.11.24 20:31:32.782,2.07034,2.07139,2.90,1.10
2010.11.24 20:31:37.717,2.07032,2.07137,3.10,1.10
2010.11.24 20:31:46.983,2.07032,2.07133,1.20,1.10
2010.11.24 20:31:50.399,2.07028,2.07132,3.50,1.10
2010.11.24 20:31:55.263,2.07033,2.07136,2.90,1.10
2010.11.24 20:32:10.931,2.07035,2.07138,3.00,1.10
2010.11.24 20:32:11.812,2.07035,2.07138,2.90,1.10
2010.11.24 20:32:15.102,2.07082,2.07147,1.10,1.10
2010.11.24 20:32:18.651,2.07094,2.07161,1.10,1.10
2010.11.24 20:32:19.190,2.07109,2.07174,1.10,1.10
2010.11.24 20:32:22.462,2.07121,2.07188,1.30,1.10
2010.11.24 20:32:22.808,2.07136,2.07201,1.10,1.10
2010.11.24 20:32:30.049,2.07136,2.07201,1.10,1.30
2010.11.24 20:32:30.700,2.07121,2.07188,1.10,1.10
2010.11.24 20:32:37.559,2.07121,2.07188,1.30,1.10
2010.11.24 20:32:37.890,2.07136,2.07201,1.10,1.10
2010.11.24 20:32:50.804,2.07113,2.07197,1.20,1.10
2010.11.24 20:32:51.023,2.07113,2.07197,1.10,1.10
2010.11.24 20:33:10.341,2.07113,2.07197,1.10,1.10
2010.11.24 20:33:24.651,2.07105,2.07191,1.20,1.10
2010.11.24 20:33:24.992,2.07105,2.07191,1.10,1.10
2010.11.24 20:33:37.700,2.07113,2.07197,1.10,1.10
2010.11.24 20:33:49.176,2.07113,2.07197,1.20,1.10
2010.11.24 20:33:51.713,2.07113,2.07197,1.10,1.10
2010.11.24 20:33:58.567,2.07113,2.07197,1.20,1.10
2010.11.24 20:34:05.803,2.07113,2.07197,3.10,1.10
2010.11.24 20:34:06.022,2.07113,2.07197,1.10,1.10
2010.11.24 20:34:16.026,2.07113,2.07197,1.40,1.10
2010.11.24 20:34:19.459,2.07113,2.07197,1.10,1.10
2010.11.24 20:34:21.788,2.07113,2.07197,1.10,1.10
2010.11.24 20:34:24.796,2.07113,2.07197,3.10,1.10
2010.11.24 20:34:26.994,2.07113,2.07197,1.20,1.10
2010.11.24 20:34:27.586,2.07113,2.07197,3.40,1.10
2010.11.24 20:34:29.588,2.07113,2.07197,1.20,1.10
2010.11.24 20:34:30.214,2.07113,2.07197,3.40,1.10
2010.11.24 20:34:33.411,2.07113,2.07197,1.20,1.10
2010.11.24 20:35:40.676,2.07113,2.07197,1.10,1.10
2010.11.24 20:35:51.076,2.07113,2.07197,1.10,1.10
2010.11.24 20:36:21.142,2.07119,2.07203,1.10,1.10
2010.11.24 20:36:25.095,2.07113,2.07197,1.40,1.10
2010.11.24 20:36:26.062,2.07105,2.07191,1.20,1.10
2010.11.24 20:36:28.450,2.07105,2.07191,1.20,1.10
2010.11.24 20:36:30.931,2.07119,2.07203,1.10,1.10
2010.11.24 20:36:33.376,2.07118,2.07196,1.10,1.10
2010.11.24 20:36:33.729,2.07189,2.0723,1.10,1.10
2010.11.24 20:36:33.846,2.07189,2.07254,1.10,1.10
2010.11.24 20:36:33.951,2.07174,2.07241,1.10,1.10
2010.11.24 20:36:34.280,2.07161,2.07228,1.10,1.10
2010.11.24 20:36:45.471,2.07157,2.07222,1.10,1.10
2010.11.24 20:36:52.114,2.07161,2.07228,1.10,1.10
2010.11.24 20:37:05.431,2.07162,2.07227,1.10,1.10
2010.11.24 20:37:06.391,2.07148,2.07213,1.10,1.10
2010.11.24 20:37:07.281,2.07135,2.072,1.10,1.10
2010.11.24 20:37:39.650,2.07126,2.07193,1.10,1.10
2010.11.24 20:37:42.269,2.07126,2.07193,1.10,1.10
2010.11.24 20:37:42.766,2.07134,2.07201,1.10,1.10
2010.11.24 20:37:59.962,2.07126,2.07193,1.20,1.10
2010.11.24 20:38:00.290,2.07135,2.072,1.10,1.10
2010.11.24 20:38:13.990,2.07128,2.07195,1.10,1.10
2010.11.24 20:38:14.430,2.07123,2.07188,1.10,1.10
2010.11.24 20:38:24.122,2.07119,2.07186,1.10,1.10
2010.11.24 20:38:29.602,2.07123,2.07188,1.10,1.10
2010.11.24 20:38:38.221,2.07129,2.07194,1.10,1.10
2010.11.24 20:39:22.710,2.07136,2.07201,1.10,1.10
2010.11.24 20:39:31.790,2.07128,2.07195,1.10,1.10
2010.11.24 20:39:46.600,2.07123,2.07188,1.10,1.10
2010.11.24 20:39:47.921,2.07127,2.07195,1.10,1.10
2010.11.24 20:39:52.182,2.07122,2.07189,1.10,1.10
2010.11.24 20:39:57.381,2.07129,2.07194,1.10,1.10
2010.11.24 20:39:57.713,2.07123,2.07188,1.10,1.10
2010.11.24 20:40:09.663,2.07128,2.07195,1.10,1.10
2010.11.24 20:40:09.772,2.07116,2.07181,1.10,1.10
2010.11.24 20:40:10.388,2.07122,2.07189,1.10,1.10
2010.11.24 20:40:12.312,2.07135,2.07202,1.10,1.10
2010.11.24 20:40:14.981,2.07135,2.07202,1.30,1.10
2010.11.24 20:40:15.092,2.0715,2.07215,1.10,1.10
2010.11.24 20:40:16.712,2.07135,2.07202,1.10,1.10
2010.11.24 20:40:20.453,2.07135,2.07202,1.10,1.30
2010.11.24 20:40:20.564,2.07122,2.07189,1.10,1.10
2010.11.24 20:40:27.383,2.07127,2.07211,1.10,1.10
2010.11.24 20:40:29.503,2.07123,2.07209,1.10,1.10
2010.11.24 20:40:30.743,2.07105,2.07192,1.10,1.10
2010.11.24 20:40:32.911,2.07114,2.07198,1.10,1.10
2010.11.24 20:40:38.151,2.07129,2.07195,1.10,1.10
2010.11.24 20:40:42.681,2.07129,2.07195,1.30,1.10
2010.11.24 20:40:42.793,2.07141,2.07209,1.10,1.10
2010.11.24 20:40:43.452,2.07141,2.07209,1.10,1.30
2010.11.24 20:40:43.775,2.07128,2.07196,1.10,1.10
2010.11.24 20:40:44.791,2.07128,2.07196,1.30,1.10
2010.11.24 20:40:45.122,2.07142,2.07208,1.10,1.10
2010.11.24 20:40:47.961,2.07142,2.07208,1.10,1.30
2010.11.24 20:40:48.083,2.07128,2.07196,1.10,1.10
2010.11.24 20:40:55.401,2.07122,2.07189,1.10,1.10
2010.11.24 20:41:00.038,2.07122,2.07189,1.20,1.10
2010.11.24 20:41:00.653,2.07129,2.07196,1.10,1.10
2010.11.24 20:41:06.070,2.07123,2.07188,1.30,1.10
2010.11.24 20:41:06.733,2.07129,2.07195,1.10,1.10
2010.11.24 20:41:06.951,2.07129,2.07195,1.30,1.10
2010.11.24 20:41:07.384,2.07141,2.07209,1.10,1.10
2010.11.24 20:41:11.598,2.07122,2.07189,1.10,1.10
2010.11.24 20:41:12.462,2.07129,2.07195,1.10,1.10
2010.11.24 20:41:12.902,2.07122,2.07189,1.10,1.10
2010.11.24 20:41:17.133,2.07128,2.07196,1.10,1.10
2010.11.24 20:41:22.301,2.07128,2.07196,1.10,1.30
2010.11.24 20:41:22.413,2.07114,2.07182,1.20,1.10
2010.11.24 20:41:22.632,2.07114,2.07182,1.10,1.10
2010.11.24 20:41:26.733,2.07114,2.07182,1.10,1.10
2010.11.24 20:41:37.698,2.07129,2.07197,1.10,1.10
2010.11.24 20:41:39.733,2.07122,2.07189,1.10,1.10
2010.11.24 20:41:42.962,2.07136,2.07203,1.10,1.10
2010.11.24 20:41:45.161,2.07123,2.07188,1.20,1.10
2010.11.24 20:41:50.302,2.07136,2.07203,1.20,1.10
2010.11.24 20:41:50.411,2.07136,2.07203,1.20,2.00
2010.11.24 20:42:02.412,2.07117,2.07183,2.80,1.10
2010.11.24 20:42:13.662,2.07129,2.07197,1.20,1.10
2010.11.24 20:42:14.078,2.07129,2.07197,1.10,1.10
2010.11.24 20:42:14.329,2.07129,2.07197,1.10,2.00
2010.11.24 20:42:14.441,2.07117,2.07183,1.10,1.10
2010.11.24 20:42:23.791,2.0713,2.07196,1.10,1.10
2010.11.24 20:42:28.148,2.07129,2.07204,1.10,1.10
2010.11.24 20:42:36.330,2.07129,2.07204,1.30,1.10
2010.11.24 20:42:36.552,2.07129,2.07204,2.00,1.10
2010.11.24 20:42:36.662,2.07143,2.07217,1.30,1.10
2010.11.24 20:42:36.773,2.0715,2.07234,1.10,1.30
2010.11.24 20:42:38.701,2.07136,2.07222,1.10,1.10
2010.11.24 20:42:39.031,2.07153,2.07239,1.10,1.10
2010.11.24 20:42:39.685,2.07165,2.07249,1.10,1.10
2010.11.24 20:42:42.081,2.07166,2.07252,1.10,1.30
2010.11.24 20:42:42.669,2.07153,2.07229,1.10,1.10
2010.11.24 20:42:43.242,2.07141,2.07228,1.10,1.10
2010.11.24 20:42:45.467,2.07146,2.07229,1.10,1.10
2010.11.24 20:42:54.073,2.07153,2.07229,1.10,1.10
2010.11.24 20:42:55.432,2.07153,2.07229,1.10,1.40
2010.11.24 20:42:55.712,2.07142,2.07227,1.10,1.40
2010.11.24 20:42:56.472,2.07153,2.07229,1.10,1.40
2010.11.24 20:42:56.691,2.07153,2.07229,1.10,1.10
2010.11.24 20:42:58.405,2.07153,2.07229,1.10,1.40
2010.11.24 20:42:59.055,2.07139,2.07217,1.10,1.10
2010.11.24 20:43:06.671,2.07128,2.07214,1.10,1.10
2010.11.24 20:43:07.908,2.07135,2.07216,1.10,1.10
2010.11.24 20:43:08.344,2.07126,2.07203,1.10,1.10
2010.11.24 20:43:08.561,2.07128,2.07214,1.10,1.40
2010.11.24 20:43:13.090,2.07135,2.07216,1.10,1.40
2010.11.24 20:43:15.032,2.07129,2.07213,1.10,1.20
2010.11.24 20:43:15.347,2.0714,2.07215,1.10,1.20
2010.11.24 20:43:16.765,2.07126,2.07203,1.10,1.10
2010.11.24 20:43:17.980,2.07128,2.07214,1.10,1.40
2010.11.24 20:43:18.205,2.07128,2.07214,2.00,1.10
2010.11.24 20:43:18.531,2.07129,2.07213,1.10,1.10
2010.11.24 20:43:20.548,2.07129,2.07213,1.30,1.20
2010.11.24 20:43:20.991,2.07141,2.07228,1.10,1.20
2010.11.24 20:43:23.303,2.07141,2.07228,1.10,1.10
2010.11.24 20:43:23.523,2.0716,2.07234,1.10,1.40
2010.11.24 20:43:23.937,2.07178,2.07253,1.10,1.20
2010.11.24 20:43:24.504,2.07165,2.07242,1.10,3.90
2010.11.24 20:43:24.612,2.07165,2.07242,1.10,1.10
2010.11.24 20:43:41.616,2.07163,2.0724,1.10,1.10
2010.11.24 20:43:42.392,2.07165,2.07242,1.10,1.50
2010.11.24 20:43:43.954,2.07165,2.07242,1.10,3.10
2010.11.24 20:43:44.378,2.07165,2.07242,1.10,1.10
2010.11.24 20:43:44.514,2.0714,2.07227,1.10,1.10
2010.11.24 20:43:45.595,2.0714,2.07227,1.10,2.90
2010.11.24 20:43:46.142,2.07152,2.07228,1.10,1.20
2010.11.24 20:43:46.737,2.07152,2.07228,1.10,1.10
2010.11.24 20:43:48.365,2.07152,2.07228,1.10,1.40
2010.11.24 20:43:50.465,2.07152,2.07228,1.10,3.10
2010.11.24 20:43:54.866,2.07152,2.07228,1.10,1.40
2010.11.24 20:43:56.366,2.07166,2.07241,1.10,1.40
2010.11.24 20:43:56.473,2.07158,2.07234,1.10,1.20
2010.11.24 20:43:56.802,2.07166,2.07241,1.10,1.10
2010.11.24 20:43:57.926,2.07166,2.07241,1.10,1.10
2010.11.24 20:43:58.253,2.07151,2.07229,1.10,1.10
2010.11.24 20:44:04.313,2.07151,2.07229,1.10,1.20
2010.11.24 20:44:10.045,2.07166,2.07241,1.10,1.40
2010.11.24 20:44:10.705,2.07166,2.07241,1.10,1.10
2010.11.24 20:44:12.387,2.07166,2.07241,1.10,1.40
2010.11.24 20:44:15.145,2.07166,2.07241,1.10,1.10
2010.11.24 20:44:16.465,2.07166,2.07241,1.10,1.20
2010.11.24 20:44:16.927,2.07166,2.07241,1.10,1.10
2010.11.24 20:44:17.686,2.07166,2.07241,1.10,1.40
2010.11.24 20:44:19.693,2.07166,2.07241,1.10,1.10
2010.11.24 20:44:22.343,2.07158,2.07234,1.10,1.10
2010.11.24 20:44:27.578,2.07158,2.07234,1.10,1.30
2010.11.24 20:44:27.693,2.0715,2.07227,1.10,1.10
2010.11.24 20:44:29.262,2.07164,2.07239,1.10,1.10
2010.11.24 20:44:30.145,2.07157,2.07234,1.10,1.10
2010.11.24 20:44:31.287,2.07165,2.07241,1.10,1.10
2010.11.24 20:44:32.963,2.07219,2.07273,1.10,5.70
2010.11.24 20:44:33.182,2.07192,2.07268,1.10,2.00
2010.11.24 20:44:36.047,2.07192,2.07268,1.10,2.00
2010.11.24 20:44:36.371,2.07178,2.07255,1.10,1.30
2010.11.24 20:44:36.481,2.07171,2.07247,1.10,1.10
2010.11.24 20:44:37.572,2.07168,2.07248,1.30,1.10
2010.11.24 20:44:37.686,2.07182,2.07261,1.10,1.30
2010.11.24 20:44:39.542,2.07168,2.07248,1.10,1.30
2010.11.24 20:44:39.982,2.07155,2.07234,1.10,1.10
2010.11.24 20:44:49.671,2.07155,2.07234,1.10,1.20
2010.11.24 20:45:00.520,2.07155,2.07234,1.10,1.10
2010.11.24 20:45:00.634,2.07165,2.07241,1.10,1.40
2010.11.24 20:45:00.742,2.07165,2.07241,1.10,1.10
2010.11.24 20:45:01.605,2.07157,2.07234,1.10,1.10
2010.11.24 20:45:01.713,2.07163,2.0724,1.10,1.10
2010.11.24 20:45:04.263,2.07157,2.07234,1.10,1.10
2010.11.24 20:45:04.719,2.07157,2.07234,1.10,1.30
2010.11.24 20:45:04.826,2.07151,2.07226,1.10,1.10
2010.11.24 20:45:05.427,2.07158,2.07233,1.10,1.10
2010.11.24 20:45:09.073,2.07151,2.07226,1.10,1.10
2010.11.24 20:45:14.183,2.07151,2.07226,1.10,1.10
2010.11.24 20:45:16.064,2.07144,2.07221,1.10,1.10
2010.11.24 20:45:20.812,2.07144,2.07221,1.10,1.30
2010.11.24 20:45:29.912,2.0716,2.07239,1.10,1.10
2010.11.24 20:45:30.243,2.07173,2.0726,1.10,1.20
2010.11.24 20:45:30.681,2.07161,2.07245,1.10,1.10
2010.11.24 20:45:35.224,2.07161,2.07245,1.20,1.10
2010.11.24 20:45:35.692,2.07161,2.07245,1.10,1.30
2010.11.24 20:45:36.022,2.07147,2.07232,1.30,1.10
2010.11.24 20:45:36.132,2.0716,2.07246,1.10,1.10
2010.11.24 20:45:36.402,2.07171,2.07267,1.10,2.10
2010.11.24 20:45:36.622,2.07171,2.07287,2.00,1.10
2010.11.24 20:45:37.341,2.07175,2.07323,2.50,1.10
2010.11.24 20:45:37.450,2.07177,2.07326,1.10,1.10
2010.11.24 20:45:37.670,2.07185,2.07334,1.10,1.10
2010.11.24 20:45:37.890,2.07164,2.07253,1.50,1.10
2010.11.24 20:45:38.000,2.07103,2.07253,1.10,1.10
2010.11.24 20:45:38.110,2.07158,2.07296,1.10,1.50
2010.11.24 20:45:38.220,2.0714,2.07292,2.10,2.10
2010.11.24 20:45:38.559,2.0714,2.0727,1.10,1.10
2010.11.24 20:45:38.661,2.07152,2.07302,1.10,1.10
2010.11.24 20:45:38.880,2.07165,2.07316,2.10,2.10
2010.11.24 20:45:38.990,2.07157,2.07308,2.10,2.10
2010.11.24 20:45:39.430,2.07211,2.07363,2.10,2.10
2010.11.24 20:45:39.804,2.0722,2.0737,1.10,1.10
2010.11.24 20:45:40.020,2.07228,2.07378,1.10,1.10
2010.11.24 20:45:40.130,2.07233,2.07384,2.10,2.10
2010.11.24 20:45:40.380,2.07233,2.07384,2.10,2.30
2010.11.24 20:45:40.601,2.07199,2.0735,2.10,2.10
2010.11.24 20:45:41.124,2.07226,2.0735,1.10,1.10
2010.11.24 20:45:41.231,2.07227,2.07377,1.10,1.10
2010.11.24 20:45:41.930,2.07227,2.07377,2.00,1.30
2010.11.24 20:45:44.451,2.07243,2.0738,1.40,5.80
2010.11.24 20:45:45.187,2.07229,2.07375,2.70,3.20
2010.11.24 20:45:53.663,2.07244,2.07375,1.10,3.10
2010.11.24 20:45:53.777,2.07244,2.07375,1.10,1.10
2010.11.24 20:45:53.882,2.07248,2.07389,1.10,1.40
2010.11.24 20:45:54.323,2.07258,2.07404,1.10,2.20
2010.11.24 20:45:54.778,2.07284,2.07412,1.30,2.30
2010.11.24 20:45:55.432,2.07289,2.07427,1.10,1.10
2010.11.24 20:45:58.056,2.07294,2.07431,1.30,2.10
2010.11.24 20:45:58.383,2.07339,2.07457,1.10,1.10
2010.11.24 20:45:58.711,2.07339,2.07468,1.10,1.20
2010.11.24 20:46:05.081,2.07333,2.07468,1.10,1.40
2010.11.24 20:46:07.653,2.07333,2.07458,1.10,1.10
2010.11.24 20:46:08.962,2.07345,2.0747,1.10,1.40
2010.11.24 20:46:12.900,2.07345,2.0747,1.10,3.50
2010.11.24 20:46:14.189,2.07333,2.07462,1.10,1.10
2010.11.24 20:46:27.400,2.07346,2.07462,1.10,1.10
2010.11.24 20:46:27.623,2.07346,2.07469,1.10,3.60
2010.11.24 20:46:27.953,2.07339,2.07464,1.10,1.30
2010.11.24 20:46:28.295,2.07346,2.07469,1.10,3.10
2010.11.24 20:46:28.404,2.07338,2.07462,1.10,1.10
2010.11.24 20:46:28.856,2.07345,2.0747,1.10,3.60
2010.11.24 20:46:30.470,2.07345,2.07463,1.10,1.40
2010.11.24 20:46:31.456,2.07345,2.07467,1.10,1.30
2010.11.24 20:46:33.722,2.07345,2.0747,1.10,2.90
2010.11.24 20:46:36.763,2.07333,2.07467,1.10,1.30
2010.11.24 20:46:38.231,2.07333,2.07462,1.10,1.10
2010.11.24 20:46:41.861,2.07333,2.07468,1.10,3.30
2010.11.24 20:46:43.184,2.07333,2.07458,1.10,1.10
2010.11.24 20:46:46.412,2.07358,2.07458,1.10,1.10
2010.11.24 20:46:46.633,2.07358,2.07471,1.10,3.50
2010.11.24 20:46:49.923,2.07357,2.07468,1.10,1.30
2010.11.24 20:46:50.142,2.07369,2.07468,1.10,1.30
2010.11.24 20:46:51.152,2.07369,2.07473,1.10,1.50
2010.11.24 20:46:52.273,2.07369,2.07472,1.10,1.20
2010.11.24 20:46:52.597,2.07369,2.07473,1.10,3.10
2010.11.24 20:46:52.708,2.07369,2.07473,1.10,3.90
2010.11.24 20:46:52.812,2.07369,2.07473,1.10,1.50
2010.11.24 20:46:52.922,2.07369,2.07473,1.10,1.20
2010.11.24 20:46:57.402,2.07369,2.07473,1.10,1.20
2010.11.24 20:47:17.803,2.07369,2.07473,1.10,3.20
2010.11.24 20:47:17.912,2.07361,2.07466,1.10,1.20
2010.11.24 20:47:26.453,2.07368,2.07473,1.10,3.20
2010.11.24 20:47:26.563,2.07368,2.07473,1.10,1.30
2010.11.24 20:47:26.674,2.07348,2.07453,1.10,1.10
2010.11.24 20:47:29.962,2.07348,2.07453,1.10,3.10
2010.11.24 20:47:30.072,2.07342,2.07448,1.10,1.40
2010.11.24 20:47:32.101,2.07345,2.07448,1.10,1.40
2010.11.24 20:47:32.654,2.07349,2.07452,1.10,1.20
2010.11.24 20:47:33.103,2.07349,2.07452,1.10,1.20
2010.11.24 20:47:33.214,2.07343,2.07459,1.10,1.10
2010.11.24 20:47:33.323,2.07343,2.07447,1.10,1.10
2010.11.24 20:47:35.744,2.07355,2.07461,1.10,1.10
2010.11.24 20:47:35.962,2.07355,2.07461,1.10,1.20
2010.11.24 20:47:37.306,2.07357,2.0746,1.10,1.10
2010.11.24 20:47:42.595,2.07355,2.07461,1.10,1.10
2010.11.24 20:47:43.941,2.07358,2.07464,1.10,3.30
2010.11.24 20:47:46.027,2.07356,2.0746,1.10,1.20
2010.11.24 20:47:50.594,2.07357,2.0746,1.10,1.20
2010.11.24 20:47:54.076,2.07344,2.07421,1.10,1.10
2010.11.24 20:47:54.292,2.07344,2.07421,1.10,1.10
2010.11.24 20:48:09.673,2.07345,2.0742,1.10,1.10
2010.11.24 20:48:13.473,2.07344,2.0742,1.10,1.10
2010.11.24 20:48:18.044,2.07344,2.0742,2.00,1.10
2010.11.24 20:48:18.152,2.07399,2.07458,1.10,2.10
2010.11.24 20:48:18.636,2.07378,2.07465,1.10,2.00
2010.11.24 20:48:18.742,2.07371,2.07447,1.10,1.30
2010.11.24 20:48:21.583,2.0737,2.07444,1.10,1.10
2010.11.24 20:48:26.573,2.07379,2.07454,1.10,1.10
2010.11.24 20:48:26.995,2.074,2.07477,1.10,3.50
2010.11.24 20:48:27.103,2.0739,2.07477,1.10,3.50
2010.11.24 20:48:27.488,2.07397,2.07482,1.10,3.90
2010.11.24 20:48:27.596,2.07405,2.07501,1.30,1.10
2010.11.24 20:48:27.703,2.07405,2.07501,1.30,1.40
2010.11.24 20:48:28.683,2.07403,2.0749,1.10,1.10
2010.11.24 20:48:28.902,2.07394,2.0747,1.10,1.10
2010.11.24 20:48:30.822,2.07394,2.0747,1.10,1.30
2010.11.24 20:48:31.173,2.07379,2.07457,1.10,1.10
2010.11.24 20:48:40.824,2.07379,2.07457,1.10,1.30
2010.11.24 20:48:42.912,2.07374,2.07448,1.10,1.30
2010.11.24 20:48:43.028,2.07359,2.07436,1.10,1.10
2010.11.24 20:48:43.352,2.07342,2.07428,1.10,1.10
2010.11.24 20:48:58.942,2.07373,2.07449,1.10,1.10
2010.11.24 20:48:59.435,2.07359,2.07436,1.10,1.10
2010.11.24 20:48:59.652,2.07343,2.07427,1.10,1.10
2010.11.24 20:49:08.216,2.07333,2.07407,1.10,1.10
2010.11.24 20:49:13.832,2.07333,2.07407,1.10,1.30
2010.11.24 20:49:14.053,2.07319,2.07394,1.10,1.10
2010.11.24 20:49:14.713,2.07333,2.07407,1.10,1.10
2010.11.24 20:49:15.233,2.07333,2.07407,1.10,2.00
2010.11.24 20:49:15.452,2.07319,2.07394,1.10,1.30
2010.11.24 20:49:17.033,2.07311,2.07388,1.30,1.30
2010.11.24 20:49:17.362,2.07319,2.07394,1.10,1.30
2010.11.24 20:49:19.103,2.07319,2.07394,1.10,2.00
2010.11.24 20:49:19.212,2.07304,2.07381,1.30,2.00
2010.11.24 20:49:20.513,2.07304,2.07381,1.10,1.10
2010.11.24 20:49:26.131,2.07304,2.07381,1.10,2.00
2010.11.24 20:49:26.244,2.07292,2.07366,1.10,1.30
2010.11.24 20:49:33.146,2.07292,2.07366,2.00,1.10
2010.11.24 20:49:33.253,2.07305,2.0738,1.30,1.30
2010.11.24 20:49:36.152,2.07305,2.07402,2.00,1.20
2010.11.24 20:49:36.486,2.07374,2.07448,1.30,1.10
2010.11.24 20:49:42.442,2.0736,2.07435,1.30,1.30
2010.11.24 20:49:44.701,2.0736,2.07435,1.10,1.10
2010.11.24 20:49:45.703,2.07365,2.07442,1.10,1.10
2010.11.24 20:49:47.903,2.0736,2.07435,1.10,1.10
2010.11.24 20:50:14.804,2.0736,2.07435,1.10,1.30
2010.11.24 20:50:15.133,2.07345,2.07422,1.10,1.10
2010.11.24 20:50:15.244,2.07332,2.07408,1.10,1.10
2010.11.24 20:50:23.822,2.07332,2.07408,1.10,1.30
2010.11.24 20:50:24.439,2.07304,2.07381,1.20,1.10
2010.11.24 20:50:25.373,2.07304,2.07381,3.10,1.10
2010.11.24 20:50:27.907,2.07304,2.07381,1.10,1.10
2010.11.24 20:50:49.873,2.07304,2.07381,1.20,1.10
2010.11.24 20:50:51.822,2.07312,2.07389,1.10,1.10
2010.11.24 20:50:52.973,2.07319,2.07395,1.10,1.30
2010.11.24 20:50:53.634,2.07326,2.07401,1.10,1.10
2010.11.24 20:50:58.745,2.07326,2.07401,1.20,1.10
2010.11.24 20:51:00.376,2.07326,2.07401,2.90,1.10
2010.11.24 20:51:02.746,2.07324,2.07402,1.20,1.10
2010.11.24 20:51:10.263,2.07325,2.07401,1.20,1.10
2010.11.24 20:51:10.713,2.07325,2.07401,3.10,1.10
2010.11.24 20:51:13.706,2.07325,2.07401,1.20,1.10
2010.11.24 20:51:19.363,2.07324,2.07402,2.90,1.10
2010.11.24 20:51:21.370,2.07324,2.07402,1.20,1.10
2010.11.24 20:51:22.037,2.07324,2.07402,3.10,1.10
2010.11.24 20:51:36.798,2.07325,2.07402,2.00,1.10
2010.11.24 20:51:36.903,2.07353,2.07429,1.10,1.10
2010.11.24 20:51:38.883,2.07353,2.07429,2.00,1.10
2010.11.24 20:51:38.992,2.07366,2.07443,1.30,1.40
2010.11.24 20:51:40.213,2.07355,2.07432,1.10,1.30
2010.11.24 20:51:41.581,2.07355,2.07432,1.10,2.00
2010.11.24 20:51:41.692,2.07343,2.07417,1.20,1.30
2010.11.24 20:51:41.802,2.07343,2.07417,1.20,2.00
2010.11.24 20:51:42.023,2.07328,2.07405,1.50,1.30
2010.11.24 20:51:42.242,2.07328,2.07405,1.50,1.10
2010.11.24 20:51:46.310,2.07338,2.07405,1.10,1.10
2010.11.24 20:51:46.422,2.07353,2.07429,1.10,1.30
2010.11.24 20:51:49.061,2.07353,2.07429,1.30,1.10
2010.11.24 20:51:49.392,2.07367,2.07442,1.10,1.10
2010.11.24 20:51:52.824,2.07365,2.07443,1.10,2.00
2010.11.24 20:51:53.307,2.07342,2.07418,1.10,1.30
2010.11.24 20:51:56.432,2.07349,2.07423,1.10,1.10
2010.11.24 20:52:01.874,2.07355,2.07431,1.10,1.30
2010.11.24 20:52:02.144,2.07349,2.07423,1.10,1.10
2010.11.24 20:52:12.023,2.07354,2.07432,1.10,1.30
2010.11.24 20:52:18.384,2.07354,2.07432,1.20,2.80
2010.11.24 20:52:24.267,2.07365,2.07443,1.10,3.00
2010.11.24 20:52:24.487,2.07365,2.07443,1.10,1.20
2010.11.24 20:52:26.659,2.07365,2.07443,1.10,1.10
2010.11.24 20:52:36.359,2.07365,2.07443,1.10,1.30
2010.11.24 20:52:36.473,2.07354,2.07441,1.10,1.10
2010.11.24 20:52:36.912,2.07352,2.0743,1.60,1.10
2010.11.24 20:52:40.919,2.07354,2.07441,3.00,1.20
2010.11.24 20:53:22.124,2.07365,2.07443,1.10,3.10
2010.11.24 20:53:31.665,2.07365,2.07429,1.20,1.10
2010.11.24 20:53:31.886,2.0738,2.07455,1.10,1.40
2010.11.24 20:53:34.664,2.0738,2.07452,1.10,1.20
2010.11.24 20:53:34.773,2.07352,2.07429,1.30,1.30
2010.11.24 20:53:45.144,2.07352,2.07429,1.10,1.30
2010.11.24 20:53:45.257,2.07352,2.07429,2.80,1.30
2010.11.24 20:53:45.584,2.07353,2.07428,1.10,1.10
2010.11.24 20:53:45.803,2.07359,2.07434,1.10,1.10
2010.11.24 20:53:51.531,2.07359,2.07434,3.00,1.10
2010.11.24 20:54:00.661,2.07359,2.07434,2.90,1.10
2010.11.24 20:54:00.993,2.07354,2.07428,3.00,1.10
2010.11.24 20:54:01.105,2.07354,2.07428,2.90,1.10
2010.11.24 20:54:12.874,2.07359,2.07434,2.90,1.10
2010.11.24 20:54:24.974,2.07354,2.07428,2.90,1.10
2010.11.24 20:54:27.165,2.07358,2.07435,2.80,1.10
2010.11.24 20:55:00.584,2.07358,2.07435,3.10,1.10
2010.11.24 20:55:01.289,2.07367,2.07453,3.40,1.10
2010.11.24 20:55:01.503,2.07379,2.07454,1.10,1.10
2010.11.24 20:55:05.234,2.07379,2.07454,2.00,1.10
2010.11.24 20:55:05.453,2.07405,2.07483,1.10,2.00
2010.11.24 20:55:05.563,2.07379,2.07454,1.10,1.10
2010.11.24 20:55:06.533,2.07368,2.07452,1.10,1.10
2010.11.24 20:55:08.683,2.07378,2.07455,1.10,1.10
2010.11.24 20:55:09.463,2.07365,2.07441,1.10,1.10
2010.11.24 20:55:09.684,2.07351,2.07428,1.10,1.10
2010.11.24 20:55:11.733,2.07362,2.07447,1.10,1.30
2010.11.24 20:55:11.843,2.07362,2.07447,1.10,1.10
2010.11.24 20:55:14.913,2.07362,2.07447,1.10,1.20
2010.11.24 20:55:15.057,2.07362,2.07447,1.30,1.20
2010.11.24 20:55:18.534,2.07392,2.07468,2.00,1.10
2010.11.24 20:55:18.643,2.07392,2.07468,1.30,1.10
2010.11.24 20:55:18.752,2.07406,2.07482,1.10,1.20
2010.11.24 20:55:19.682,2.07391,2.07469,1.10,1.10
2010.11.24 20:55:22.923,2.07368,2.07452,1.10,1.10
2010.11.24 20:55:23.472,2.07379,2.07454,1.10,1.10
2010.11.24 20:55:25.083,2.07379,2.07454,1.10,2.00
2010.11.24 20:55:25.193,2.07364,2.07442,1.10,2.00
2010.11.24 20:55:25.303,2.07352,2.07427,1.10,1.10
2010.11.24 20:55:27.152,2.07361,2.07448,1.10,1.10
2010.11.24 20:55:27.373,2.07337,2.07415,1.20,1.10
2010.11.24 20:55:31.337,2.07351,2.07428,2.00,1.10
2010.11.24 20:55:31.553,2.07379,2.07454,1.10,1.10
2010.11.24 20:55:31.664,2.07379,2.07454,1.10,2.00
2010.11.24 20:55:32.114,2.07361,2.07448,1.30,1.30
2010.11.24 20:55:33.626,2.07361,2.07448,1.10,1.10
2010.11.24 20:55:45.905,2.07361,2.07448,1.30,1.10
2010.11.24 20:55:46.414,2.07392,2.07468,1.10,2.80
2010.11.24 20:55:46.524,2.07392,2.07468,1.10,1.10
2010.11.24 20:55:59.077,2.07418,2.07468,1.20,1.10
2010.11.24 20:55:59.187,2.07432,2.0751,1.30,1.10
2010.11.24 20:55:59.295,2.07423,2.07507,1.30,1.30
2010.11.24 20:55:59.624,2.07423,2.07507,1.10,2.00
2010.11.24 20:56:14.597,2.07404,2.07501,1.10,1.10
2010.11.24 20:56:15.344,2.07384,2.07466,2.80,1.10
2010.11.24 20:56:15.456,2.07381,2.07466,1.40,1.10
2010.11.24 20:56:21.287,2.07381,2.07466,3.20,1.10
2010.11.24 20:56:24.117,2.07381,2.07466,1.10,1.30
2010.11.24 20:56:24.445,2.07368,2.07452,1.10,1.10
2010.11.24 20:56:31.516,2.07378,2.07455,1.10,1.10
2010.11.24 20:56:37.578,2.07379,2.07454,1.10,1.10
2010.11.24 20:56:37.905,2.07406,2.07482,1.10,1.20
2010.11.24 20:56:42.004,2.07406,2.07483,1.30,1.10
2010.11.24 20:56:43.474,2.07406,2.07483,2.00,1.10
2010.11.24 20:56:46.104,2.07419,2.07495,2.00,1.30
2010.11.24 20:56:46.599,2.07422,2.07499,1.30,1.30
2010.11.24 20:56:47.326,2.07422,2.07499,1.10,2.00
2010.11.24 20:56:47.433,2.07398,2.07481,1.30,2.00
2010.11.24 20:56:47.653,2.07398,2.07481,2.00,1.10
2010.11.24 20:56:48.318,2.07415,2.07492,1.10,2.00
2010.11.24 20:56:48.713,2.07422,2.07499,1.10,2.00
2010.11.24 20:56:48.823,2.07415,2.07492,1.10,2.00
2010.11.24 20:56:52.403,2.0741,2.07485,1.30,1.30
2010.11.24 20:56:53.083,2.07412,2.07482,1.10,1.10
2010.11.24 20:56:53.545,2.07384,2.07461,1.30,2.00
2010.11.24 20:56:53.653,2.07384,2.07461,1.10,1.10
2010.11.24 20:56:54.944,2.0737,2.07454,1.10,1.10
2010.11.24 20:56:57.763,2.07379,2.07454,1.10,1.10
2010.11.24 20:57:14.676,2.07364,2.07442,1.10,1.30
2010.11.24 20:57:15.127,2.07351,2.07428,1.10,1.10
2010.11.24 20:57:17.606,2.07355,2.0743,1.10,1.10
2010.11.24 20:57:21.823,2.07357,2.07434,1.10,1.10
2010.11.24 20:57:22.355,2.07354,2.07431,1.10,1.10
2010.11.24 20:57:23.014,2.07365,2.0744,1.10,1.10
2010.11.24 20:57:23.344,2.07357,2.07434,1.10,1.10
2010.11.24 20:57:23.818,2.07364,2.07441,1.10,1.10
2010.11.24 20:57:33.414,2.07377,2.07453,1.10,1.10
2010.11.24 20:57:33.898,2.07364,2.07441,1.10,1.30
2010.11.24 20:57:34.116,2.07355,2.0743,1.10,1.10
2010.11.24 20:57:36.493,2.07364,2.0744,1.10,1.10
2010.11.24 20:57:39.964,2.0737,2.07447,1.10,1.30
2010.11.24 20:57:40.295,2.07377,2.07454,1.10,1.10
2010.11.24 20:57:42.866,2.07378,2.07453,1.10,1.10
2010.11.24 20:57:43.105,2.0737,2.07447,1.10,1.10
2010.11.24 20:57:43.815,2.07377,2.07454,1.10,1.10
2010.11.24 20:57:44.634,2.0738,2.07465,1.10,1.20
2010.11.24 20:57:44.853,2.07378,2.07453,1.10,1.10
2010.11.24 20:57:48.437,2.07378,2.07453,1.10,1.50
2010.11.24 20:57:49.204,2.07378,2.07453,1.10,1.20
2010.11.24 20:57:50.207,2.07377,2.07454,1.10,3.10
2010.11.24 20:57:50.318,2.07377,2.07454,1.10,1.20
2010.11.24 20:57:50.533,2.07391,2.07465,1.10,3.10
2010.11.24 20:57:50.755,2.07371,2.07446,1.10,1.20
2010.11.24 20:57:51.715,2.07378,2.07453,1.10,1.20
2010.11.24 20:57:52.846,2.07378,2.07453,1.10,3.10
2010.11.24 20:57:55.046,2.07378,2.07453,1.10,1.20
2010.11.24 20:57:55.284,2.07378,2.07453,1.10,2.90
2010.11.24 20:57:56.001,2.07378,2.07453,1.10,1.20
2010.11.24 20:57:56.164,2.07378,2.07453,1.10,1.50
2010.11.24 20:57:57.334,2.07378,2.07453,1.10,1.20
2010.11.24 20:57:57.744,2.07378,2.07453,1.10,1.50
2010.11.24 20:57:58.098,2.07378,2.07453,1.10,1.20
2010.11.24 20:57:58.255,2.07378,2.07453,1.10,3.10
2010.11.24 20:57:58.368,2.07378,2.07453,1.10,1.20
2010.11.24 20:57:58.698,2.07378,2.07453,1.10,1.50
2010.11.24 20:58:00.377,2.07378,2.07453,1.10,1.20
2010.11.24 20:58:00.703,2.07378,2.07453,1.10,1.30
2010.11.24 20:58:00.984,2.07378,2.07453,1.10,1.20
2010.11.24 20:58:01.634,2.07371,2.07446,1.10,1.10
2010.11.24 20:58:03.571,2.07357,2.07432,1.10,1.10
2010.11.24 20:58:05.066,2.07343,2.07419,1.30,1.30
2010.11.24 20:58:05.283,2.07356,2.07433,1.30,1.40
2010.11.24 20:58:13.934,2.07355,2.07429,1.30,1.10
2010.11.24 20:58:16.045,2.07357,2.07432,1.30,1.30
2010.11.24 20:58:26.605,2.07357,2.07432,1.10,2.10
2010.11.24 20:58:31.565,2.07363,2.07435,1.10,1.10
2010.11.24 20:58:31.675,2.07363,2.07437,1.10,1.30
2010.11.24 20:58:32.113,2.07357,2.07432,1.10,1.10
2010.11.24 20:58:35.512,2.07362,2.07438,1.10,1.30
2010.11.24 20:58:38.398,2.07355,2.07429,1.10,1.30
2010.11.24 20:58:39.405,2.07362,2.07438,1.10,1.30
2010.11.24 20:58:40.726,2.07355,2.07429,1.10,1.30
2010.11.24 20:58:42.996,2.07356,2.07431,1.10,1.30
2010.11.24 20:58:46.813,2.07348,2.07423,1.10,2.00
2010.11.24 20:58:48.054,2.07348,2.07423,1.10,1.30
2010.11.24 20:58:56.113,2.07348,2.07423,1.10,2.00
2010.11.24 20:58:56.334,2.07341,2.07417,1.10,1.30
2010.11.24 20:58:56.806,2.07347,2.07424,1.10,2.00
2010.11.24 20:59:01.114,2.07347,2.07424,1.20,2.00
2010.11.24 20:59:01.224,2.07355,2.07429,1.10,1.30
2010.11.24 20:59:03.564,2.07357,2.07432,1.10,2.00
2010.11.24 20:59:04.004,2.07323,2.07392,2.50,1.10
2010.11.24 20:59:04.222,2.07327,2.07411,1.30,2.00
2010.11.24 20:59:05.433,2.07327,2.07411,1.10,1.10
2010.11.24 20:59:08.016,2.07332,2.07416,1.10,1.10
2010.11.24 20:59:08.535,2.07326,2.07412,1.10,1.10
2010.11.24 20:59:08.753,2.07344,2.07418,1.10,1.10
2010.11.24 20:59:10.704,2.07349,2.07426,1.10,1.10
2010.11.24 20:59:20.698,2.07349,2.07426,1.20,1.10
2010.11.24 20:59:20.807,2.07349,2.07426,1.10,1.10
2010.11.24 20:59:24.982,2.07349,2.07426,1.40,1.10
2010.11.24 20:59:25.206,2.07349,2.07426,1.10,1.10
2010.11.24 20:59:26.074,2.07349,2.07426,1.20,1.10
2010.11.24 20:59:26.754,2.07349,2.07426,1.10,1.10
2010.11.24 20:59:27.820,2.07349,2.07426,1.20,1.10
2010.11.24 20:59:27.935,2.07349,2.07426,1.10,1.10
2010.11.24 20:59:28.416,2.07349,2.07426,1.40,1.10
2010.11.24 20:59:28.843,2.07349,2.07426,1.10,1.10
2010.11.24 20:59:31.179,2.07349,2.07426,1.40,1.10
2010.11.24 20:59:31.534,2.07349,2.07426,1.10,1.10
2010.11.24 20:59:32.540,2.07349,2.07426,1.40,1.10
2010.11.24 20:59:33.304,2.07349,2.07426,1.10,1.10
2010.11.24 20:59:33.746,2.07356,2.07433,1.20,1.10
2010.11.24 20:59:34.184,2.07351,2.07426,1.20,1.10
2010.11.24 20:59:35.964,2.07351,2.07426,1.10,1.10
2010.11.24 20:59:36.085,2.07363,2.07441,1.20,1.10
2010.11.24 20:59:41.021,2.07363,2.07441,1.20,1.10
2010.11.24 20:59:47.493,2.07363,2.0744,1.10,1.10
2010.11.24 20:59:49.687,2.07364,2.07439,1.10,1.10
2010.11.24 20:59:53.045,2.07373,2.07439,1.20,1.10
2010.11.24 20:59:53.152,2.07404,2.07481,1.10,1.10
2010.11.24 20:59:53.483,2.07404,2.07481,1.10,2.00
2010.11.24 20:59:53.904,2.07378,2.07452,1.30,1.10
2010.11.24 20:59:54.013,2.0737,2.07444,2.00,1.10
2010.11.24 20:59:54.234,2.07362,2.07439,3.00,1.10
2010.11.24 20:59:54.454,2.07358,2.07433,1.10,1.10
2010.11.24 20:59:54.895,2.07351,2.07428,1.30,1.10
2010.11.24 20:59:58.403,2.0734,2.07425,1.40,1.10
2010.11.24 20:59:58.523,2.07339,2.0742,1.10,1.10
2010.11.24 20:59:59.276,2.07349,2.0744,1.10,1.10
2010.11.24 20:59:59.493,2.07349,2.0744,1.30,1.10
2010.11.24 20:59:59.714,2.07357,2.07487,2.00,1.20
2010.11.24 20:59:59.934,2.07381,2.0749,1.10,1.10
