2016.02.12 02:00:00.448,2.16332,2.16417,1.00,1.00
2016.02.12 02:00:00.955,2.16331,2.16417,1.00,1.00
2016.02.12 02:00:01.106,2.16333,2.16427,1.00,1.00
2016.02.12 02:00:01.157,2.16333,2.16427,1.75,1.00
2016.02.12 02:00:01.357,2.16333,2.16437,1.75,1.00
2016.02.12 02:00:01.408,2.16351,2.16437,1.00,1.00
2016.02.12 02:00:01.937,2.16352,2.16437,1.00,1.00
2016.02.12 02:00:02.527,2.16352,2.16436,1.00,1.00
2016.02.12 02:00:02.730,2.16341,2.16426,1.00,1.00
2016.02.12 02:00:03.233,2.16342,2.16427,1.00,1.00
2016.02.12 02:00:03.836,2.16341,2.16427,1.00,1.00
2016.02.12 02:00:05.694,2.16342,2.16427,1.00,1.00
2016.02.12 02:00:05.839,2.16342,2.16435,1.00,1.00
2016.02.12 02:00:05.890,2.16342,2.16437,1.00,1.00
2016.02.12 02:00:06.380,2.16341,2.16436,2.25,1.00
2016.02.12 02:00:06.697,2.16341,2.16426,1.75,1.00
2016.02.12 02:00:06.798,2.16341,2.16426,1.00,1.00
2016.02.12 02:00:07.488,2.16342,2.16416,1.00,1.00
2016.02.12 02:00:07.853,2.16342,2.16427,1.00,1.00
2016.02.12 02:00:08.004,2.16351,2.16427,1.00,1.00
2016.02.12 02:00:08.110,2.16342,2.16427,1.00,1.00
2016.02.12 02:00:08.993,2.16341,2.16427,1.00,1.00
2016.02.12 02:00:09.509,2.16342,2.16416,1.00,1.00
2016.02.12 02:00:10.363,2.16342,2.16427,1.00,1.00
2016.02.12 02:00:10.814,2.16342,2.16416,1.00,1.00
2016.02.12 02:00:11.768,2.16341,2.16416,1.00,1.00
2016.02.12 02:00:12.272,2.16342,2.16416,1.00,1.00
2016.02.12 02:00:12.474,2.16341,2.16426,1.00,1.00
2016.02.12 02:00:13.972,2.16341,2.16427,1.00,1.00
2016.02.12 02:00:15.693,2.16342,2.16427,1.00,1.00
2016.02.12 02:00:16.963,2.16342,2.16426,1.00,1.00
2016.02.12 02:00:17.164,2.16342,2.16416,1.00,1.00
2016.02.12 02:00:17.271,2.16342,2.16426,1.00,1.00
2016.02.12 02:00:18.024,2.16341,2.16426,1.00,1.00
2016.02.12 02:00:18.528,2.16342,2.16427,1.00,1.00
2016.02.12 02:00:19.261,2.16341,2.16427,1.00,1.00
2016.02.12 02:00:19.514,2.16343,2.16437,1.00,1.00
2016.02.12 02:00:20.131,2.16344,2.16436,1.00,1.00
2016.02.12 02:00:21.693,2.16342,2.16427,1.00,1.00
2016.02.12 02:00:21.794,2.16343,2.16437,1.00,1.00
2016.02.12 02:00:22.924,2.16344,2.16436,1.00,1.00
2016.02.12 02:00:23.127,2.16345,2.16446,1.00,1.75
2016.02.12 02:00:23.303,2.16354,2.16445,1.00,1.00
2016.02.12 02:00:23.606,2.16342,2.16436,1.75,1.00
2016.02.12 02:00:23.922,2.16351,2.16436,1.00,1.00
2016.02.12 02:00:24.272,2.16362,2.16436,1.00,1.00
2016.02.12 02:00:24.323,2.16362,2.16447,1.00,1.00
2016.02.12 02:00:24.551,2.16354,2.16446,1.00,1.00
2016.02.12 02:00:24.602,2.16354,2.16446,1.75,1.00
2016.02.12 02:00:24.905,2.16362,2.16446,1.00,1.00
2016.02.12 02:00:25.223,2.16362,2.16437,1.00,1.00
2016.02.12 02:00:25.274,2.16362,2.16447,1.00,1.00
2016.02.12 02:00:25.375,2.16352,2.16447,1.75,1.00
2016.02.12 02:00:25.425,2.16361,2.16447,1.00,1.00
2016.02.12 02:00:25.781,2.16361,2.16436,1.00,1.00
2016.02.12 02:00:25.832,2.16351,2.16436,1.00,1.00
2016.02.12 02:00:27.280,2.16352,2.16436,1.00,1.00
2016.02.12 02:00:27.482,2.16361,2.16436,1.00,1.00
2016.02.12 02:00:27.583,2.16361,2.16446,1.00,1.00
2016.02.12 02:00:28.063,2.16372,2.16456,1.00,1.00
2016.02.12 02:00:28.362,2.16362,2.16456,1.75,1.00
2016.02.12 02:00:28.472,2.16371,2.16456,1.00,1.00
2016.02.12 02:00:28.724,2.16371,2.16466,1.00,1.00
2016.02.12 02:00:28.825,2.16371,2.16456,1.00,1.00
2016.02.12 02:00:29.384,2.16372,2.16456,1.00,1.00
2016.02.12 02:00:29.910,2.16371,2.16446,1.00,1.00
2016.02.12 02:00:30.233,2.16362,2.16446,1.00,1.00
2016.02.12 02:00:32.455,2.16361,2.16446,1.00,1.00
2016.02.12 02:00:33.001,2.16361,2.16447,1.00,1.00
2016.02.12 02:00:33.658,2.16362,2.16447,1.00,1.00
2016.02.12 02:00:34.208,2.16362,2.16436,1.00,1.00
2016.02.12 02:00:35.108,2.16351,2.16436,1.00,1.00
2016.02.12 02:00:35.514,2.16351,2.16426,1.00,1.00
2016.02.12 02:00:35.565,2.16334,2.16426,1.00,1.00
2016.02.12 02:00:35.767,2.16332,2.16417,1.00,1.00
2016.02.12 02:00:37.042,2.16332,2.16416,1.00,1.00
2016.02.12 02:00:38.897,2.16331,2.16406,1.00,1.00
2016.02.12 02:00:39.199,2.16322,2.16407,1.00,1.00
2016.02.12 02:00:39.739,2.16321,2.16407,1.00,1.00
2016.02.12 02:00:41.374,2.16322,2.16407,1.00,1.12
2016.02.12 02:00:42.032,2.16322,2.16406,1.00,1.00
2016.02.12 02:00:42.122,2.16332,2.16406,1.00,1.00
2016.02.12 02:00:42.474,2.16322,2.16406,1.00,1.00
2016.02.12 02:00:43.011,2.16321,2.16406,1.00,1.00
2016.02.12 02:00:43.556,2.16332,2.16416,1.00,1.75
2016.02.12 02:00:43.658,2.16333,2.16417,1.00,1.00
2016.02.12 02:00:43.759,2.16334,2.16426,1.00,1.00
2016.02.12 02:00:44.120,2.16342,2.16426,1.00,1.00
2016.02.12 02:00:44.422,2.16332,2.16416,1.00,1.00
2016.02.12 02:00:45.267,2.16332,2.16427,1.00,1.00
2016.02.12 02:00:45.322,2.16332,2.16425,1.00,1.00
2016.02.12 02:00:45.624,2.16331,2.16416,1.00,1.50
2016.02.12 02:00:45.776,2.16321,2.1641,1.00,1.75
2016.02.12 02:00:45.877,2.16314,2.16406,1.00,1.00
2016.02.12 02:00:45.978,2.16311,2.16396,1.00,1.00
2016.02.12 02:00:46.029,2.16304,2.16393,1.00,1.00
2016.02.12 02:00:46.158,2.16304,2.16393,1.00,1.75
2016.02.12 02:00:46.208,2.16301,2.16387,1.00,1.37
2016.02.12 02:00:46.360,2.16292,2.16387,1.00,1.37
2016.02.12 02:00:46.763,2.16301,2.16387,1.00,1.37
2016.02.12 02:00:46.986,2.16291,2.16387,1.00,1.37
2016.02.12 02:00:48.190,2.16301,2.16387,1.00,1.37
2016.02.12 02:00:49.173,2.16296,2.16387,1.00,1.37
2016.02.12 02:00:49.224,2.16291,2.16387,1.00,1.37
2016.02.12 02:00:49.425,2.16301,2.16387,1.00,1.37
2016.02.12 02:00:50.177,2.16302,2.16387,1.00,1.37
2016.02.12 02:00:50.784,2.16302,2.16387,1.00,1.00
2016.02.12 02:00:51.285,2.16301,2.16387,1.00,1.00
2016.02.12 02:00:51.786,2.16301,2.16386,1.00,1.00
2016.02.12 02:00:53.052,2.16302,2.16386,1.00,1.00
2016.02.12 02:00:53.443,2.16301,2.16397,1.00,1.50
2016.02.12 02:00:53.494,2.16301,2.16397,1.12,1.00
2016.02.12 02:00:54.900,2.16301,2.16387,1.87,1.00
2016.02.12 02:00:57.556,2.16302,2.16387,1.00,1.00
2016.02.12 02:01:00.171,2.16301,2.16387,1.00,1.00
2016.02.12 02:01:00.633,2.16311,2.16387,1.00,1.00
2016.02.12 02:01:00.734,2.16311,2.16397,1.00,1.50
2016.02.12 02:01:00.835,2.16321,2.16404,1.00,1.75
2016.02.12 02:01:00.986,2.16321,2.16406,1.00,1.50
2016.02.12 02:01:03.223,2.16321,2.16407,1.00,1.12
2016.02.12 02:01:03.837,2.16322,2.16407,1.00,1.12
2016.02.12 02:01:04.419,2.16322,2.16406,1.00,1.00
2016.02.12 02:01:05.120,2.16311,2.16406,1.00,1.00
2016.02.12 02:01:05.689,2.16342,2.16406,1.00,1.00
2016.02.12 02:01:06.219,2.16341,2.16406,1.00,1.00
2016.02.12 02:01:06.601,2.16342,2.16416,1.00,1.00
2016.02.12 02:01:07.137,2.16341,2.16416,1.00,1.00
2016.02.12 02:01:07.663,2.16342,2.16416,1.00,1.00
2016.02.12 02:01:08.027,2.16331,2.16416,1.00,1.00
2016.02.12 02:01:08.231,2.16341,2.16416,1.00,1.00
2016.02.12 02:01:09.324,2.16332,2.16416,1.00,1.00
2016.02.12 02:01:09.646,2.16341,2.16426,1.00,1.37
2016.02.12 02:01:10.049,2.16341,2.16427,1.00,1.00
2016.02.12 02:01:10.132,2.16344,2.16427,1.00,1.00
2016.02.12 02:01:10.182,2.16351,2.16436,1.00,1.00
2016.02.12 02:01:10.510,2.16351,2.16447,1.00,1.00
2016.02.12 02:01:10.712,2.16351,2.16437,1.00,1.00
2016.02.12 02:01:11.102,2.16362,2.16437,1.00,1.00
2016.02.12 02:01:11.610,2.16361,2.16437,1.00,1.00
2016.02.12 02:01:12.111,2.16362,2.16437,1.00,1.00
2016.02.12 02:01:12.162,2.16362,2.16447,1.00,1.00
2016.02.12 02:01:12.631,2.16371,2.16446,1.00,1.00
2016.02.12 02:01:14.490,2.16361,2.16446,1.00,1.00
2016.02.12 02:01:14.995,2.16362,2.16446,1.00,1.00
2016.02.12 02:01:15.557,2.16361,2.16446,1.00,1.00
2016.02.12 02:01:16.104,2.16362,2.16446,1.00,1.00
2016.02.12 02:01:16.658,2.16361,2.16446,1.00,1.00
2016.02.12 02:01:18.199,2.16364,2.16456,1.00,1.00
2016.02.12 02:01:18.982,2.16361,2.16447,1.00,1.00
2016.02.12 02:01:20.174,2.16351,2.16447,1.00,1.00
2016.02.12 02:01:20.391,2.16361,2.16447,1.00,1.00
2016.02.12 02:01:20.832,2.16361,2.16457,1.00,1.75
2016.02.12 02:01:21.084,2.16362,2.16457,1.37,1.00
2016.02.12 02:01:23.384,2.16364,2.16466,1.00,1.00
2016.02.12 02:01:23.580,2.16372,2.16466,1.00,1.00
2016.02.12 02:01:25.267,2.16381,2.16467,1.00,1.00
2016.02.12 02:01:31.662,2.16382,2.16467,1.00,1.00
2016.02.12 02:01:31.864,2.16373,2.16467,1.00,1.00
2016.02.12 02:01:32.065,2.16381,2.16467,1.00,1.00
2016.02.12 02:01:32.714,2.16391,2.16467,1.00,1.00
2016.02.12 02:01:33.515,2.16381,2.16467,1.00,1.00
2016.02.12 02:01:34.168,2.16382,2.16467,1.00,1.00
2016.02.12 02:01:34.269,2.16382,2.16467,1.00,1.37
2016.02.12 02:01:34.601,2.16382,2.16457,1.00,1.00
2016.02.12 02:01:38.643,2.16382,2.16461,1.00,1.00
2016.02.12 02:01:38.795,2.16381,2.16463,1.00,1.00
2016.02.12 02:01:39.487,2.16381,2.1646,1.00,1.00
2016.02.12 02:01:39.638,2.16381,2.16467,1.00,1.75
2016.02.12 02:01:40.491,2.16381,2.16457,1.00,1.00
2016.02.12 02:01:40.542,2.16373,2.16457,1.00,1.00
2016.02.12 02:01:41.053,2.16372,2.16456,1.00,1.00
2016.02.12 02:01:43.502,2.16372,2.16456,1.00,1.87
2016.02.12 02:01:43.877,2.16381,2.16456,1.00,1.87
2016.02.12 02:01:44.306,2.16371,2.16454,1.00,1.12
2016.02.12 02:01:45.042,2.16381,2.16454,1.00,1.12
2016.02.12 02:01:45.383,2.16372,2.16454,1.00,1.12
2016.02.12 02:01:45.484,2.16381,2.16454,1.00,1.12
2016.02.12 02:01:45.591,2.16372,2.16454,1.00,1.12
2016.02.12 02:01:46.119,2.16372,2.16453,1.00,1.00
2016.02.12 02:01:46.170,2.16381,2.16453,1.00,1.00
2016.02.12 02:01:46.708,2.16381,2.16454,1.00,1.12
2016.02.12 02:01:47.511,2.16381,2.16453,1.00,1.00
2016.02.12 02:01:48.220,2.16381,2.16454,1.00,1.12
2016.02.12 02:01:53.011,2.16381,2.16452,1.00,1.00
2016.02.12 02:01:56.195,2.16371,2.16452,1.00,1.00
2016.02.12 02:01:56.296,2.16371,2.16456,1.00,1.37
2016.02.12 02:01:56.397,2.16364,2.16454,1.00,1.12
2016.02.12 02:01:56.498,2.16361,2.16447,1.00,1.00
2016.02.12 02:01:56.917,2.16372,2.16447,1.00,1.00
2016.02.12 02:01:56.967,2.16362,2.16447,1.00,1.00
2016.02.12 02:01:57.127,2.16362,2.16457,1.00,2.25
2016.02.12 02:01:57.733,2.16362,2.16453,1.00,1.00
2016.02.12 02:01:57.889,2.16362,2.16447,1.00,1.00
2016.02.12 02:02:00.223,2.16372,2.16447,1.00,1.00
2016.02.12 02:02:00.640,2.16372,2.16457,1.00,1.00
2016.02.12 02:02:01.143,2.16372,2.16456,1.00,1.00
2016.02.12 02:02:01.959,2.16372,2.16457,1.00,1.00
2016.02.12 02:02:02.310,2.16371,2.16447,1.00,1.00
2016.02.12 02:02:02.361,2.16361,2.16447,1.00,1.00
2016.02.12 02:02:02.879,2.16362,2.16456,1.00,1.50
2016.02.12 02:02:02.980,2.16362,2.16437,1.00,1.00
2016.02.12 02:02:03.722,2.16362,2.16447,1.00,1.00
2016.02.12 02:02:04.520,2.16364,2.16456,1.00,1.50
2016.02.12 02:02:04.871,2.16364,2.16454,1.00,1.00
2016.02.12 02:02:05.391,2.16364,2.16455,1.00,1.00
2016.02.12 02:02:06.048,2.16364,2.16456,1.00,1.00
2016.02.12 02:02:06.378,2.16362,2.16447,1.00,1.00
2016.02.12 02:02:08.362,2.16361,2.16447,1.00,1.00
2016.02.12 02:02:08.559,2.16361,2.16455,1.00,1.00
2016.02.12 02:02:08.611,2.16371,2.16455,1.00,1.00
2016.02.12 02:02:08.800,2.16362,2.16455,1.00,1.00
2016.02.12 02:02:09.291,2.16362,2.16457,1.00,1.50
2016.02.12 02:02:09.342,2.16362,2.16446,1.00,1.00
2016.02.12 02:02:09.493,2.16354,2.16443,1.00,1.00
2016.02.12 02:02:12.053,2.16354,2.16435,1.00,1.00
2016.02.12 02:02:12.601,2.16354,2.16436,1.00,1.00
2016.02.12 02:02:13.273,2.16354,2.16432,1.00,1.00
2016.02.12 02:02:13.324,2.16351,2.16432,1.00,1.00
2016.02.12 02:02:14.458,2.16351,2.16434,1.00,1.00
2016.02.12 02:02:14.861,2.16351,2.16437,1.00,1.50
2016.02.12 02:02:15.259,2.16351,2.16435,1.00,1.00
2016.02.12 02:02:16.212,2.16352,2.16435,1.00,1.00
2016.02.12 02:02:16.814,2.16351,2.16435,1.00,1.00
2016.02.12 02:02:18.283,2.16344,2.16434,1.00,1.00
2016.02.12 02:02:18.639,2.16351,2.16434,1.00,1.00
2016.02.12 02:02:19.287,2.16351,2.16433,1.00,1.00
2016.02.12 02:02:20.007,2.16351,2.16435,1.00,1.00
2016.02.12 02:02:20.069,2.16351,2.16433,1.00,1.00
2016.02.12 02:02:20.570,2.16351,2.16434,1.00,1.00
2016.02.12 02:02:20.819,2.16344,2.16434,1.00,1.00
2016.02.12 02:02:23.075,2.16344,2.16432,1.00,1.00
2016.02.12 02:02:23.576,2.16344,2.16434,1.00,1.00
2016.02.12 02:02:23.677,2.16344,2.16431,1.00,1.00
2016.02.12 02:02:24.077,2.16344,2.16433,1.00,1.00
2016.02.12 02:02:24.139,2.16351,2.16433,1.00,1.00
2016.02.12 02:02:24.190,2.16351,2.16439,1.00,1.00
2016.02.12 02:02:24.359,2.16364,2.16445,1.00,1.00
2016.02.12 02:02:24.510,2.16352,2.16447,1.12,1.00
2016.02.12 02:02:24.661,2.16352,2.16447,1.00,1.37
2016.02.12 02:02:24.913,2.16343,2.16437,1.00,1.00
2016.02.12 02:02:25.734,2.16343,2.16441,1.00,1.00
2016.02.12 02:02:25.790,2.16352,2.16441,1.00,1.00
2016.02.12 02:02:26.080,2.16352,2.16445,1.00,1.12
2016.02.12 02:02:26.308,2.16352,2.16436,1.00,1.00
2016.02.12 02:02:26.813,2.16351,2.16436,1.00,1.00
2016.02.12 02:02:27.371,2.16343,2.16437,1.00,1.00
2016.02.12 02:02:27.930,2.16341,2.16436,1.12,1.00
2016.02.12 02:02:28.200,2.16354,2.16443,1.00,1.00
2016.02.12 02:02:28.301,2.16354,2.16446,1.00,1.37
2016.02.12 02:02:28.920,2.16354,2.16443,1.00,1.00
2016.02.12 02:02:29.021,2.16354,2.16446,1.00,1.37
2016.02.12 02:02:29.187,2.16354,2.16442,1.00,1.00
2016.02.12 02:02:29.487,2.16354,2.16446,1.00,1.37
2016.02.12 02:02:29.888,2.16354,2.16441,1.00,1.00
2016.02.12 02:02:31.691,2.16354,2.16446,1.00,1.37
2016.02.12 02:02:31.791,2.16354,2.16443,1.00,1.00
2016.02.12 02:02:31.988,2.16343,2.16437,1.00,1.00
2016.02.12 02:02:32.870,2.16351,2.16445,1.00,1.12
2016.02.12 02:02:33.996,2.16351,2.16437,1.00,1.00
2016.02.12 02:02:34.279,2.16343,2.16437,1.00,1.00
2016.02.12 02:02:34.958,2.16351,2.16437,1.00,1.00
2016.02.12 02:02:36.019,2.16343,2.16437,1.00,1.00
2016.02.12 02:02:36.489,2.16352,2.16437,1.00,1.00
2016.02.12 02:02:36.540,2.16353,2.16447,1.00,1.87
2016.02.12 02:02:36.742,2.16353,2.16443,1.00,1.00
2016.02.12 02:02:37.090,2.16352,2.16437,1.00,1.00
2016.02.12 02:02:37.709,2.16352,2.16443,1.00,1.00
2016.02.12 02:02:38.275,2.16352,2.16444,1.00,1.00
2016.02.12 02:02:43.015,2.16352,2.16446,1.00,1.37
2016.02.12 02:02:43.116,2.16352,2.16442,1.00,1.00
2016.02.12 02:02:43.466,2.16352,2.1644,1.00,1.00
2016.02.12 02:02:44.149,2.16352,2.16441,1.00,1.00
2016.02.12 02:02:44.450,2.16352,2.16446,1.00,1.50
2016.02.12 02:02:44.551,2.16354,2.16445,1.00,1.00
2016.02.12 02:02:45.152,2.16354,2.16446,1.00,1.00
2016.02.12 02:02:46.071,2.16352,2.16447,1.00,1.00
2016.02.12 02:02:46.721,2.16352,2.16445,1.00,1.00
2016.02.12 02:02:47.465,2.16352,2.16447,1.00,1.00
2016.02.12 02:02:48.091,2.16354,2.16446,1.00,1.00
2016.02.12 02:02:50.181,2.16352,2.16446,1.00,1.00
2016.02.12 02:02:52.581,2.16352,2.16447,1.00,1.00
2016.02.12 02:02:53.122,2.16352,2.16446,1.00,1.00
2016.02.12 02:02:53.274,2.16352,2.16442,1.00,1.00
2016.02.12 02:02:55.188,2.16351,2.16442,1.00,1.00
2016.02.12 02:02:55.238,2.16351,2.16446,1.00,1.00
2016.02.12 02:02:55.442,2.16353,2.16447,1.00,1.00
2016.02.12 02:02:55.844,2.16353,2.16445,1.00,1.00
2016.02.12 02:02:56.251,2.16353,2.16447,1.00,1.00
2016.02.12 02:02:56.629,2.16351,2.16447,1.00,1.00
2016.02.12 02:02:57.291,2.16354,2.16446,1.00,1.00
2016.02.12 02:02:59.962,2.16353,2.16447,1.00,1.00
2016.02.12 02:03:00.550,2.16353,2.16447,1.87,1.00
2016.02.12 02:03:01.999,2.16362,2.16447,1.00,1.00
2016.02.12 02:03:02.542,2.16361,2.16447,1.00,1.00
2016.02.12 02:03:03.090,2.16361,2.16446,1.00,1.00
2016.02.12 02:03:11.614,2.16354,2.16446,1.12,1.00
2016.02.12 02:03:11.884,2.16356,2.16446,1.00,1.00
2016.02.12 02:03:12.371,2.16362,2.16446,1.00,1.00
2016.02.12 02:03:12.800,2.16354,2.16446,1.12,1.00
2016.02.12 02:03:13.548,2.16361,2.16446,1.00,1.00
2016.02.12 02:03:19.970,2.16362,2.16446,1.00,1.00
2016.02.12 02:03:20.071,2.16354,2.16446,1.75,1.00
2016.02.12 02:03:25.037,2.16353,2.16447,1.75,1.00
2016.02.12 02:03:25.588,2.16354,2.16446,1.75,1.00
2016.02.12 02:03:29.528,2.16353,2.16447,1.75,1.00
2016.02.12 02:03:30.103,2.16361,2.16447,1.00,1.00
2016.02.12 02:03:30.204,2.16353,2.16447,1.75,1.00
2016.02.12 02:03:30.738,2.16353,2.16447,1.37,1.50
2016.02.12 02:03:30.839,2.16353,2.16447,1.00,1.00
2016.02.12 02:03:30.902,2.16353,2.16443,1.00,1.00
2016.02.12 02:03:31.308,2.16353,2.16445,1.00,1.00
2016.02.12 02:03:31.741,2.16353,2.16446,1.37,1.00
2016.02.12 02:03:32.261,2.16355,2.16447,1.75,1.00
2016.02.12 02:03:32.814,2.16351,2.16446,2.25,1.00
2016.02.12 02:03:33.336,2.16355,2.16447,1.75,1.50
2016.02.12 02:03:36.581,2.16351,2.16436,1.75,1.00
2016.02.12 02:03:36.632,2.16351,2.16436,1.37,1.00
2016.02.12 02:03:36.683,2.16349,2.16436,1.00,1.00
2016.02.12 02:03:36.734,2.16344,2.16436,1.75,1.00
2016.02.12 02:03:36.986,2.16343,2.16437,1.00,1.00
2016.02.12 02:03:37.256,2.16341,2.16427,1.00,1.00
2016.02.12 02:03:37.357,2.16331,2.16427,1.75,1.00
2016.02.12 02:03:38.236,2.16341,2.16427,1.00,1.00
2016.02.12 02:03:42.882,2.16341,2.16427,1.75,1.00
2016.02.12 02:03:42.983,2.16344,2.16441,1.75,1.00
2016.02.12 02:03:43.104,2.16344,2.16439,1.75,1.00
2016.02.12 02:03:43.154,2.16352,2.16444,1.00,1.00
2016.02.12 02:03:43.205,2.16352,2.16436,1.00,1.00
2016.02.12 02:03:43.407,2.16344,2.16436,1.75,1.00
2016.02.12 02:03:43.862,2.16344,2.16434,1.75,1.00
2016.02.12 02:03:43.963,2.16344,2.16436,1.75,1.00
2016.02.12 02:03:44.631,2.16344,2.16434,1.75,1.00
2016.02.12 02:03:44.839,2.16344,2.16436,1.75,1.50
2016.02.12 02:03:45.345,2.16344,2.16437,3.00,1.00
2016.02.12 02:03:45.396,2.16344,2.16446,3.75,1.00
2016.02.12 02:03:45.447,2.16346,2.16441,1.37,1.00
2016.02.12 02:03:45.548,2.16346,2.16443,1.37,1.00
2016.02.12 02:03:45.598,2.16353,2.16443,1.00,1.00
2016.02.12 02:03:45.919,2.16346,2.16443,1.75,1.00
2016.02.12 02:03:46.244,2.16348,2.16436,1.75,1.00
2016.02.12 02:03:47.477,2.16343,2.16443,2.25,1.00
2016.02.12 02:03:47.678,2.16347,2.1644,1.75,1.00
2016.02.12 02:03:47.977,2.16343,2.16445,1.75,1.00
2016.02.12 02:03:48.137,2.16346,2.16441,1.75,1.00
2016.02.12 02:03:48.278,2.16343,2.16444,2.25,1.00
2016.02.12 02:03:48.337,2.16346,2.16442,1.75,1.00
2016.02.12 02:03:48.679,2.16344,2.16436,1.75,1.00
2016.02.12 02:03:51.891,2.16344,2.16436,1.75,1.00
2016.02.12 02:03:54.299,2.16351,2.16436,1.00,1.00
2016.02.12 02:03:56.118,2.16352,2.16436,1.00,1.00
2016.02.12 02:03:57.998,2.16341,2.16426,1.37,1.00
2016.02.12 02:03:58.049,2.16341,2.16426,1.00,1.00
2016.02.12 02:03:58.100,2.16341,2.16424,1.00,1.00
2016.02.12 02:03:58.251,2.16332,2.16417,1.00,1.00
2016.02.12 02:03:58.555,2.16322,2.16416,1.00,1.00
2016.02.12 02:03:59.018,2.16332,2.16416,1.00,1.00
2016.02.12 02:04:00.172,2.16332,2.16415,1.00,1.00
2016.02.12 02:04:00.273,2.16332,2.16417,1.00,1.00
2016.02.12 02:04:00.549,2.16332,2.16415,1.00,1.00
2016.02.12 02:04:00.604,2.16332,2.16417,1.00,1.50
2016.02.12 02:04:00.705,2.16332,2.16414,1.00,1.00
2016.02.12 02:04:00.861,2.16332,2.16416,1.00,1.00
2016.02.12 02:04:01.365,2.16332,2.16417,1.00,1.00
2016.02.12 02:04:01.899,2.16331,2.16417,1.00,1.00
2016.02.12 02:04:03.385,2.16342,2.16426,1.00,1.00
2016.02.12 02:04:03.940,2.16341,2.16426,1.00,1.00
2016.02.12 02:04:04.498,2.16341,2.16427,1.00,1.00
2016.02.12 02:04:05.028,2.16342,2.16427,1.00,1.00
2016.02.12 02:04:05.532,2.16341,2.16426,1.00,1.00
2016.02.12 02:04:05.690,2.16333,2.16423,1.00,1.00
2016.02.12 02:04:05.883,2.16333,2.16426,1.00,1.00
2016.02.12 02:04:05.933,2.16342,2.16426,1.00,1.00
2016.02.12 02:04:06.185,2.16343,2.16431,1.00,1.00
2016.02.12 02:04:06.286,2.16344,2.16433,1.00,1.00
2016.02.12 02:04:06.387,2.16352,2.16432,1.00,1.00
2016.02.12 02:04:06.589,2.16351,2.16435,1.00,1.12
2016.02.12 02:04:07.108,2.16351,2.16432,1.00,1.00
2016.02.12 02:04:07.678,2.16351,2.16433,1.00,1.00
2016.02.12 02:04:07.908,2.16352,2.16436,1.00,1.50
2016.02.12 02:04:08.780,2.16352,2.16433,1.00,1.00
2016.02.12 02:04:09.080,2.16352,2.16436,1.00,2.25
2016.02.12 02:04:10.418,2.16351,2.16436,1.00,2.25
2016.02.12 02:04:11.863,2.16352,2.16437,1.00,1.75
2016.02.12 02:04:12.165,2.16352,2.16445,1.00,1.00
2016.02.12 02:04:12.676,2.16351,2.16446,1.00,1.00
2016.02.12 02:04:13.162,2.16351,2.16446,1.37,1.00
2016.02.12 02:04:13.488,2.16362,2.16447,1.00,1.00
2016.02.12 02:04:13.670,2.16363,2.16457,1.00,1.50
2016.02.12 02:04:13.872,2.16371,2.16456,1.00,1.50
2016.02.12 02:04:13.974,2.16364,2.16456,1.00,1.00
2016.02.12 02:04:15.519,2.16364,2.16454,1.00,1.00
2016.02.12 02:04:15.926,2.16364,2.16456,1.00,1.50
2016.02.12 02:04:16.040,2.16361,2.16456,1.00,1.00
2016.02.12 02:04:16.141,2.16361,2.16453,1.00,1.00
2016.02.12 02:04:16.595,2.16353,2.16453,1.75,1.00
2016.02.12 02:04:16.645,2.16352,2.16446,1.75,1.00
2016.02.12 02:04:17.677,2.16361,2.16446,1.00,1.00
2016.02.12 02:04:20.050,2.16361,2.16457,1.00,1.50
2016.02.12 02:04:20.559,2.16361,2.16456,1.00,1.00
2016.02.12 02:04:21.107,2.16362,2.16456,1.00,1.00
2016.02.12 02:04:22.111,2.16362,2.16447,1.00,1.00
2016.02.12 02:04:24.208,2.16362,2.16446,1.00,1.00
2016.02.12 02:04:25.067,2.16361,2.16446,1.00,1.00
2016.02.12 02:04:26.074,2.16362,2.16447,1.00,1.50
2016.02.12 02:04:26.378,2.16362,2.16443,1.00,1.75
2016.02.12 02:04:26.429,2.16352,2.16443,1.00,1.75
2016.02.12 02:04:26.530,2.16352,2.16437,1.00,1.00
2016.02.12 02:04:28.816,2.16352,2.16442,1.00,1.75
2016.02.12 02:04:33.669,2.16361,2.1644,1.00,1.37
2016.02.12 02:04:33.977,2.16351,2.1644,1.00,1.37
2016.02.12 02:04:34.163,2.16351,2.16436,1.00,1.00
2016.02.12 02:04:35.367,2.16351,2.16437,1.00,1.00
2016.02.12 02:04:35.802,2.16361,2.16437,1.00,1.00
2016.02.12 02:04:36.034,2.16351,2.16437,1.00,1.00
2016.02.12 02:04:37.343,2.16351,2.16436,1.00,1.00
2016.02.12 02:04:37.502,2.16362,2.16436,1.00,1.00
2016.02.12 02:04:37.867,2.16361,2.16446,1.00,2.25
2016.02.12 02:04:37.982,2.16351,2.16436,1.00,1.00
2016.02.12 02:04:38.485,2.16352,2.16437,1.00,1.00
2016.02.12 02:04:41.346,2.16352,2.16439,1.00,1.00
2016.02.12 02:04:41.851,2.16351,2.16439,1.00,1.00
2016.02.12 02:04:42.456,2.16362,2.1644,1.00,1.00
2016.02.12 02:04:42.585,2.16362,2.16446,1.00,1.00
2016.02.12 02:04:42.996,2.16364,2.16453,1.00,1.00
2016.02.12 02:04:43.047,2.16364,2.16456,1.00,1.00
2016.02.12 02:04:45.526,2.16363,2.16457,1.00,1.00
2016.02.12 02:04:45.678,2.16361,2.16457,1.50,1.00
2016.02.12 02:04:46.633,2.16362,2.16457,1.00,1.00
2016.02.12 02:04:47.188,2.16361,2.16457,1.00,1.00
2016.02.12 02:04:47.399,2.16362,2.16455,1.00,1.00
2016.02.12 02:04:47.452,2.16362,2.16457,1.00,1.00
2016.02.12 02:04:47.553,2.16362,2.16455,1.00,1.00
2016.02.12 02:04:47.856,2.16362,2.16446,1.00,1.00
2016.02.12 02:04:48.829,2.16362,2.16436,1.00,1.00
2016.02.12 02:04:49.081,2.16352,2.16437,1.00,1.12
2016.02.12 02:04:49.663,2.16351,2.16436,1.00,1.00
2016.02.12 02:04:51.861,2.16351,2.16434,1.00,1.00
2016.02.12 02:04:52.064,2.16351,2.16436,1.00,1.50
2016.02.12 02:04:52.294,2.16351,2.16432,1.00,1.00
2016.02.12 02:04:52.928,2.16351,2.16427,1.00,1.00
2016.02.12 02:04:55.865,2.16351,2.16429,1.00,1.00
2016.02.12 02:04:56.487,2.16352,2.16429,1.00,1.00
2016.02.12 02:04:58.636,2.16351,2.16429,1.00,1.00
2016.02.12 02:04:59.514,2.16351,2.16433,1.00,1.00
2016.02.12 02:04:59.616,2.16351,2.16436,1.00,1.00
2016.02.12 02:04:59.717,2.16351,2.16446,1.00,1.37
2016.02.12 02:04:59.768,2.16362,2.16446,1.00,1.00
2016.02.12 02:05:00.071,2.16362,2.16437,1.00,1.00
2016.02.12 02:05:00.189,2.16362,2.16446,1.00,1.00
2016.02.12 02:05:00.720,2.16354,2.16446,1.00,1.00
2016.02.12 02:05:01.653,2.16354,2.16446,1.75,1.00
2016.02.12 02:05:02.696,2.16361,2.16454,1.12,1.00
2016.02.12 02:05:03.097,2.16361,2.16457,1.12,1.50
2016.02.12 02:05:05.370,2.16364,2.16456,1.00,1.00
2016.02.12 02:05:05.945,2.16364,2.16449,1.00,1.00
2016.02.12 02:05:08.085,2.16352,2.16447,1.12,1.00
2016.02.12 02:05:09.531,2.16351,2.16446,1.37,1.00
2016.02.12 02:05:10.332,2.16351,2.16447,1.87,1.00
2016.02.12 02:05:10.383,2.16354,2.16446,1.00,1.00
2016.02.12 02:05:14.169,2.16354,2.16442,1.00,1.00
2016.02.12 02:05:14.472,2.16351,2.16434,1.37,1.00
2016.02.12 02:05:14.522,2.16351,2.16437,1.37,1.00
2016.02.12 02:05:14.724,2.16352,2.16434,1.12,1.00
2016.02.12 02:05:14.841,2.16351,2.16437,1.37,1.00
2016.02.12 02:05:16.776,2.16351,2.16436,1.37,1.00
2016.02.12 02:05:21.115,2.16341,2.16436,1.00,1.00
2016.02.12 02:05:21.468,2.16341,2.16434,1.00,1.00
2016.02.12 02:05:23.238,2.16341,2.16429,1.00,1.00
2016.02.12 02:05:23.569,2.16341,2.16424,1.00,1.00
2016.02.12 02:05:23.619,2.16332,2.16424,1.00,1.00
2016.02.12 02:05:23.680,2.16332,2.16421,1.00,1.00
2016.02.12 02:05:23.991,2.16332,2.16417,1.00,1.00
2016.02.12 02:05:25.916,2.16332,2.16419,1.00,1.00
2016.02.12 02:05:26.042,2.16332,2.16423,1.00,1.00
2016.02.12 02:05:26.142,2.16332,2.16421,1.00,1.00
2016.02.12 02:05:26.357,2.16332,2.16425,1.00,1.00
2016.02.12 02:05:26.569,2.16331,2.16427,1.00,1.50
2016.02.12 02:05:26.684,2.16331,2.16416,1.00,1.00
2016.02.12 02:05:27.006,2.16332,2.16411,1.00,1.00
2016.02.12 02:05:30.650,2.16332,2.1641,1.00,1.00
2016.02.12 02:05:31.674,2.16342,2.1641,1.00,1.00
2016.02.12 02:05:32.377,2.16342,2.16415,1.00,1.00
2016.02.12 02:05:34.463,2.16342,2.16416,1.00,1.00
2016.02.12 02:05:35.378,2.16332,2.16416,1.00,1.50
2016.02.12 02:05:35.993,2.16331,2.16415,1.00,1.00
2016.02.12 02:05:37.027,2.16332,2.16415,1.00,1.00
2016.02.12 02:05:37.380,2.16341,2.16416,1.00,1.00
2016.02.12 02:05:37.916,2.16331,2.16416,1.00,1.00
2016.02.12 02:05:38.236,2.16341,2.16416,1.00,1.00
2016.02.12 02:05:39.105,2.16341,2.16426,1.00,1.00
2016.02.12 02:05:39.546,2.16344,2.16433,1.12,1.00
2016.02.12 02:05:39.698,2.16344,2.16436,1.12,1.50
2016.02.12 02:05:39.799,2.16352,2.16436,1.00,1.00
2016.02.12 02:05:40.307,2.16352,2.16437,1.00,1.00
2016.02.12 02:05:40.882,2.16344,2.16436,1.12,1.00
2016.02.12 02:05:40.983,2.16343,2.16432,1.50,1.00
2016.02.12 02:05:41.285,2.16342,2.16427,1.00,1.00
2016.02.12 02:05:41.812,2.16342,2.16426,1.00,1.00
2016.02.12 02:05:44.520,2.16342,2.16425,1.00,1.00
2016.02.12 02:05:45.022,2.16342,2.16426,1.00,1.00
2016.02.12 02:05:45.652,2.16341,2.16426,1.00,1.00
2016.02.12 02:05:46.155,2.16342,2.16427,1.00,1.00
2016.02.12 02:05:46.458,2.16342,2.16427,1.75,1.00
2016.02.12 02:05:46.559,2.16342,2.16436,1.75,1.00
2016.02.12 02:05:46.744,2.16352,2.16436,1.00,1.00
2016.02.12 02:05:46.946,2.16341,2.16436,1.75,1.00
2016.02.12 02:05:52.448,2.16351,2.16436,1.00,1.50
2016.02.12 02:05:52.757,2.16345,2.16399,1.37,1.00
2016.02.12 02:05:53.009,2.16334,2.16409,1.37,1.00
2016.02.12 02:05:53.163,2.16324,2.16409,1.00,1.00
2016.02.12 02:05:53.264,2.16312,2.16396,1.00,1.00
2016.02.12 02:05:53.315,2.16305,2.16396,1.75,1.00
2016.02.12 02:05:54.452,2.16304,2.16406,1.75,1.00
2016.02.12 02:05:54.817,2.16303,2.16397,1.75,1.00
2016.02.12 02:05:55.573,2.16314,2.16406,1.00,1.00
2016.02.12 02:05:56.927,2.16304,2.16396,1.75,1.00
2016.02.12 02:06:01.177,2.16303,2.16397,1.75,1.00
2016.02.12 02:06:01.514,2.16296,2.16386,1.75,1.00
2016.02.12 02:06:02.298,2.16305,2.16396,1.75,1.00
2016.02.12 02:06:02.752,2.16313,2.16396,1.00,1.00
2016.02.12 02:06:02.917,2.16308,2.16396,1.37,1.00
2016.02.12 02:06:03.018,2.16312,2.16396,1.00,1.00
2016.02.12 02:06:03.254,2.1631,2.16396,1.00,1.00
2016.02.12 02:06:03.356,2.16312,2.16396,1.00,1.00
2016.02.12 02:06:03.446,2.1631,2.16396,1.00,1.00
2016.02.12 02:06:03.955,2.16311,2.16396,1.00,1.00
2016.02.12 02:06:04.060,2.16305,2.16396,1.75,1.00
2016.02.12 02:06:04.161,2.16305,2.16407,1.75,1.00
2016.02.12 02:06:04.387,2.16304,2.16397,1.75,1.00
2016.02.12 02:06:08.544,2.16304,2.16397,1.75,1.00
2016.02.12 02:06:09.426,2.16304,2.16396,2.25,1.00
2016.02.12 02:06:10.064,2.16303,2.16397,1.75,1.00
2016.02.12 02:06:10.428,2.16303,2.16397,1.00,1.00
2016.02.12 02:06:10.730,2.16298,2.16396,1.00,1.00
2016.02.12 02:06:10.781,2.16303,2.16397,1.00,1.00
2016.02.12 02:06:14.512,2.16304,2.16396,1.00,1.00
2016.02.12 02:06:17.477,2.16304,2.16396,1.37,1.00
2016.02.12 02:06:17.830,2.16314,2.16416,1.00,1.75
2016.02.12 02:06:18.158,2.16314,2.16416,1.37,1.37
2016.02.12 02:06:18.259,2.16314,2.16416,1.75,1.50
2016.02.12 02:06:18.561,2.16314,2.16413,1.75,1.00
2016.02.12 02:06:18.663,2.16314,2.16416,1.75,1.00
2016.02.12 02:06:18.713,2.16313,2.16407,1.75,1.00
2016.02.12 02:06:18.944,2.16313,2.16407,1.37,1.00
2016.02.12 02:06:18.994,2.16313,2.16405,1.37,1.00
2016.02.12 02:06:19.045,2.16303,2.16397,1.75,1.00
2016.02.12 02:06:20.002,2.16313,2.16407,1.00,1.00
2016.02.12 02:06:20.255,2.16309,2.16406,1.37,1.00
2016.02.12 02:06:20.784,2.16315,2.16407,1.50,1.00
2016.02.12 02:06:22.563,2.16314,2.16406,1.75,1.00
2016.02.12 02:06:22.765,2.16314,2.16414,1.75,1.00
2016.02.12 02:06:23.565,2.16316,2.16416,1.37,1.00
2016.02.12 02:06:23.616,2.16316,2.16407,1.37,1.00
2016.02.12 02:06:25.719,2.1631,2.16396,1.75,1.00
2016.02.12 02:06:25.971,2.16311,2.16407,1.75,1.00
2016.02.12 02:06:27.176,2.16304,2.16396,2.25,1.00
2016.02.12 02:06:28.124,2.16306,2.16407,1.75,1.00
2016.02.12 02:06:28.175,2.16306,2.16397,1.75,1.00
2016.02.12 02:06:28.579,2.16306,2.16406,1.75,1.00
2016.02.12 02:06:28.715,2.16308,2.16396,1.75,1.00
2016.02.12 02:06:34.883,2.16303,2.16397,2.25,1.00
2016.02.12 02:06:34.984,2.16303,2.16397,1.75,1.00
2016.02.12 02:06:35.085,2.16303,2.16397,1.75,1.00
2016.02.12 02:06:35.186,2.16311,2.16397,1.00,1.00
2016.02.12 02:06:35.504,2.16303,2.16397,1.75,1.00
2016.02.12 02:06:35.655,2.16303,2.16407,2.25,1.00
2016.02.12 02:06:36.069,2.16311,2.16406,1.00,1.00
2016.02.12 02:06:36.608,2.16303,2.16397,1.75,1.00
2016.02.12 02:06:41.227,2.16314,2.16397,1.00,1.00
2016.02.12 02:06:41.328,2.1631,2.16396,1.00,1.00
2016.02.12 02:06:41.530,2.16313,2.16396,1.00,1.00
2016.02.12 02:06:41.631,2.16305,2.16396,1.12,1.00
2016.02.12 02:06:41.732,2.16311,2.16397,1.00,1.00
2016.02.12 02:06:42.711,2.1631,2.16397,1.00,1.00
2016.02.12 02:06:43.234,2.16311,2.16397,1.00,1.00
2016.02.12 02:06:43.799,2.16309,2.16397,1.00,1.00
2016.02.12 02:06:43.900,2.16311,2.16397,1.00,1.00
2016.02.12 02:06:44.001,2.16304,2.16396,2.25,1.00
2016.02.12 02:06:44.626,2.16302,2.16387,2.25,1.00
2016.02.12 02:06:45.336,2.16304,2.16396,1.50,1.00
2016.02.12 02:06:45.437,2.16307,2.16396,1.00,1.00
2016.02.12 02:06:45.947,2.16307,2.16397,1.00,1.00
2016.02.12 02:06:48.810,2.16302,2.16397,1.75,1.00
2016.02.12 02:06:49.036,2.16307,2.16397,1.00,1.00
2016.02.12 02:06:50.573,2.16307,2.16397,1.37,1.00
2016.02.12 02:06:50.953,2.16307,2.16387,1.75,1.00
2016.02.12 02:06:51.054,2.16307,2.16387,1.00,1.00
2016.02.12 02:06:51.156,2.16301,2.16387,2.25,1.00
2016.02.12 02:06:51.666,2.16301,2.16386,1.75,1.00
2016.02.12 02:06:53.563,2.16302,2.16387,1.50,1.00
2016.02.12 02:06:55.419,2.16302,2.16386,1.50,1.00
2016.02.12 02:06:55.980,2.16301,2.16396,1.75,1.00
2016.02.12 02:06:57.432,2.16312,2.16396,1.50,1.00
2016.02.12 02:06:57.976,2.16312,2.16397,1.50,1.00
2016.02.12 02:06:58.815,2.16312,2.16396,1.50,1.00
2016.02.12 02:06:59.363,2.16311,2.16397,1.75,1.00
2016.02.12 02:07:00.941,2.16301,2.16396,2.25,1.00
2016.02.12 02:07:01.244,2.16298,2.16387,1.75,1.00
2016.02.12 02:07:07.223,2.16302,2.16386,1.12,1.00
2016.02.12 02:07:10.585,2.16312,2.16386,1.00,1.00
2016.02.12 02:07:13.606,2.16312,2.16387,1.00,1.00
2016.02.12 02:07:16.124,2.16312,2.16386,1.00,1.00
2016.02.12 02:07:17.884,2.16307,2.16386,1.00,1.00
2016.02.12 02:07:18.199,2.16305,2.16386,1.00,1.00
2016.02.12 02:07:18.602,2.16303,2.16386,1.00,1.00
2016.02.12 02:07:18.703,2.16305,2.16386,1.00,1.00
2016.02.12 02:07:19.065,2.16307,2.16386,1.00,1.00
2016.02.12 02:07:19.168,2.16301,2.16386,1.37,1.00
2016.02.12 02:07:20.155,2.16302,2.16396,1.12,1.00
2016.02.12 02:07:20.206,2.16304,2.16396,1.00,1.00
2016.02.12 02:07:21.694,2.16301,2.16397,1.37,1.00
2016.02.12 02:07:21.795,2.16302,2.16392,1.12,1.00
2016.02.12 02:07:22.873,2.16301,2.16396,1.37,1.00
2016.02.12 02:07:23.006,2.16312,2.16397,1.37,1.00
2016.02.12 02:07:23.057,2.16312,2.16406,1.75,1.00
2016.02.12 02:07:23.158,2.16321,2.16416,1.00,1.00
2016.02.12 02:07:23.208,2.16328,2.16416,1.37,1.00
2016.02.12 02:07:23.511,2.16331,2.16416,1.00,1.00
2016.02.12 02:07:23.813,2.16342,2.16416,1.00,1.00
2016.02.12 02:07:24.266,2.16344,2.16436,1.00,1.00
2016.02.12 02:07:24.367,2.16341,2.16426,1.00,1.00
2016.02.12 02:07:28.665,2.16341,2.16427,1.00,1.00
2016.02.12 02:07:28.767,2.16331,2.16427,1.00,1.00
2016.02.12 02:07:28.869,2.16332,2.16416,1.00,1.00
2016.02.12 02:07:29.418,2.16331,2.16416,1.00,1.00
2016.02.12 02:07:31.727,2.16332,2.16416,1.00,1.00
2016.02.12 02:07:32.046,2.16332,2.16427,1.00,1.00
2016.02.12 02:07:32.097,2.16332,2.16422,1.00,1.00
2016.02.12 02:07:33.108,2.16332,2.16423,1.00,1.00
2016.02.12 02:07:34.223,2.16332,2.16427,1.00,1.50
2016.02.12 02:07:34.916,2.16332,2.16426,1.00,1.00
2016.02.12 02:07:38.734,2.16332,2.16427,1.00,1.00
2016.02.12 02:07:39.106,2.16341,2.16427,1.00,1.00
2016.02.12 02:07:40.062,2.16332,2.16427,1.00,1.00
2016.02.12 02:07:40.213,2.16332,2.16417,1.00,1.00
2016.02.12 02:07:40.621,2.16342,2.16417,1.00,1.00
2016.02.12 02:07:41.487,2.16341,2.16417,1.00,1.00
2016.02.12 02:07:42.158,2.16342,2.16417,1.00,1.00
2016.02.12 02:07:43.044,2.16341,2.16417,1.00,1.00
2016.02.12 02:07:43.715,2.16342,2.16417,1.00,1.00
2016.02.12 02:07:44.262,2.16342,2.16426,1.00,1.00
2016.02.12 02:07:44.733,2.16345,2.16427,1.00,1.00
2016.02.12 02:07:44.835,2.16348,2.16436,1.00,1.00
2016.02.12 02:07:44.936,2.16352,2.16437,1.00,1.00
2016.02.12 02:07:45.606,2.16352,2.16436,1.00,1.00
2016.02.12 02:07:47.768,2.16344,2.16436,1.75,1.00
2016.02.12 02:07:49.437,2.16351,2.16436,1.00,1.00
2016.02.12 02:07:49.538,2.16352,2.16444,1.00,1.00
2016.02.12 02:07:49.639,2.16352,2.16447,1.37,1.00
2016.02.12 02:07:50.042,2.1636,2.16446,1.50,1.00
2016.02.12 02:07:53.044,2.16366,2.16456,1.75,1.00
2016.02.12 02:08:00.426,2.16361,2.16447,1.75,1.00
2016.02.12 02:08:01.284,2.16361,2.16447,1.75,1.00
2016.02.12 02:08:01.335,2.16361,2.16447,1.50,1.00
2016.02.12 02:08:04.265,2.16366,2.16457,1.00,1.00
2016.02.12 02:08:04.474,2.16364,2.16457,1.00,1.00
2016.02.12 02:08:05.047,2.16362,2.16456,1.37,1.00
2016.02.12 02:08:07.357,2.16363,2.16457,1.12,1.00
2016.02.12 02:08:08.674,2.16367,2.16457,1.00,1.50
2016.02.12 02:08:08.876,2.16365,2.16457,1.00,1.00
2016.02.12 02:08:09.476,2.16367,2.16457,1.00,1.50
2016.02.12 02:08:09.843,2.16364,2.16446,1.00,1.00
2016.02.12 02:08:10.956,2.16367,2.16446,1.00,1.00
2016.02.12 02:08:11.156,2.16365,2.16446,1.00,1.00
2016.02.12 02:08:11.257,2.16368,2.16446,1.00,1.00
2016.02.12 02:08:11.308,2.16368,2.16457,1.75,1.00
2016.02.12 02:08:14.388,2.16373,2.16464,1.75,1.00
2016.02.12 02:08:14.640,2.16373,2.16456,1.75,1.00
2016.02.12 02:08:14.942,2.16372,2.16456,1.75,1.00
2016.02.12 02:08:15.093,2.16376,2.16467,1.75,1.00
2016.02.12 02:08:16.197,2.16387,2.16467,1.00,1.00
2016.02.12 02:08:16.748,2.16388,2.16467,1.00,1.00
2016.02.12 02:08:17.486,2.16386,2.16467,1.12,1.00
2016.02.12 02:08:19.478,2.16388,2.16467,1.00,1.00
2016.02.12 02:08:19.711,2.16386,2.16467,1.12,1.00
2016.02.12 02:08:21.644,2.16386,2.16476,1.12,1.00
2016.02.12 02:08:22.483,2.16389,2.16476,1.00,1.00
2016.02.12 02:08:22.785,2.16392,2.16476,1.50,1.00
2016.02.12 02:08:23.501,2.16392,2.16476,1.37,1.00
2016.02.12 02:08:25.789,2.16392,2.16475,1.75,1.00
2016.02.12 02:08:25.941,2.16384,2.16467,1.50,1.00
2016.02.12 02:08:38.719,2.16382,2.16467,1.37,1.00
2016.02.12 02:08:38.770,2.16382,2.16467,1.00,1.00
2016.02.12 02:08:38.821,2.16382,2.16457,1.00,1.00
2016.02.12 02:08:43.634,2.16381,2.16457,1.00,1.00
2016.02.12 02:08:49.278,2.16382,2.16457,1.00,1.00
2016.02.12 02:08:50.683,2.16382,2.16466,1.00,1.00
2016.02.12 02:08:51.204,2.16382,2.16467,1.00,1.00
2016.02.12 02:08:51.773,2.16381,2.16467,1.00,1.00
2016.02.12 02:08:56.529,2.16382,2.16467,1.00,1.00
2016.02.12 02:08:56.989,2.16382,2.16465,1.00,1.00
2016.02.12 02:08:57.294,2.16381,2.16457,1.00,1.00
2016.02.12 02:08:58.047,2.16382,2.16457,1.00,1.00
2016.02.12 02:08:58.558,2.16381,2.16457,1.00,1.00
2016.02.12 02:09:00.601,2.16382,2.16457,1.00,1.00
2016.02.12 02:09:01.013,2.16392,2.16457,1.00,1.00
2016.02.12 02:09:03.332,2.16392,2.16469,1.00,1.00
2016.02.12 02:09:05.091,2.16392,2.16472,1.00,1.00
2016.02.12 02:09:05.365,2.16392,2.16469,1.00,1.00
2016.02.12 02:09:06.175,2.16392,2.16473,1.00,1.00
2016.02.12 02:09:06.301,2.16392,2.16476,1.00,1.00
2016.02.12 02:09:06.453,2.16384,2.16475,1.75,1.00
2016.02.12 02:09:07.723,2.16391,2.16475,1.00,1.00
2016.02.12 02:09:07.774,2.16391,2.16477,1.00,1.00
2016.02.12 02:09:07.875,2.16393,2.16487,1.00,1.00
2016.02.12 02:09:07.925,2.16393,2.16487,1.37,1.00
2016.02.12 02:09:08.450,2.16395,2.16487,1.75,1.00
2016.02.12 02:09:08.739,2.16404,2.16496,1.00,1.00
2016.02.12 02:09:08.840,2.16404,2.16496,1.37,1.00
2016.02.12 02:09:08.991,2.16413,2.16504,1.00,1.00
2016.02.12 02:09:09.193,2.16409,2.165,1.75,1.00
2016.02.12 02:09:09.879,2.16403,2.16503,2.25,1.00
2016.02.12 02:09:09.979,2.16409,2.165,1.75,1.00
2016.02.12 02:09:11.362,2.16414,2.165,1.00,1.00
2016.02.12 02:09:13.342,2.16413,2.165,1.00,1.00
2016.02.12 02:09:14.591,2.16413,2.16507,1.00,1.00
2016.02.12 02:09:18.001,2.16413,2.16505,1.00,1.00
2016.02.12 02:09:20.043,2.16413,2.16507,1.00,1.00
2016.02.12 02:09:20.204,2.16415,2.16507,1.00,1.00
2016.02.12 02:09:20.450,2.16413,2.16507,1.00,1.00
2016.02.12 02:09:21.058,2.16414,2.16507,1.00,1.00
2016.02.12 02:09:21.284,2.16424,2.1651,1.00,1.00
2016.02.12 02:09:21.536,2.16424,2.16514,1.00,1.00
2016.02.12 02:09:21.745,2.16424,2.16514,1.75,1.00
2016.02.12 02:09:22.534,2.16424,2.16516,1.75,1.00
2016.02.12 02:09:24.128,2.16423,2.16517,1.75,1.00
2016.02.12 02:09:28.526,2.16423,2.16516,1.75,1.00
2016.02.12 02:09:30.756,2.16427,2.16517,1.12,1.00
2016.02.12 02:09:31.312,2.16427,2.16518,1.12,1.00
2016.02.12 02:09:32.727,2.16425,2.1652,1.50,1.00
2016.02.12 02:09:32.828,2.16424,2.16516,2.25,1.00
2016.02.12 02:09:37.757,2.16423,2.16517,1.75,1.50
2016.02.12 02:09:38.292,2.16424,2.16516,1.75,1.00
2016.02.12 02:09:39.192,2.16423,2.16517,1.75,1.00
2016.02.12 02:09:40.899,2.16423,2.16517,2.25,1.50
2016.02.12 02:09:41.222,2.16423,2.16517,1.75,1.00
2016.02.12 02:09:41.474,2.16423,2.16515,1.00,1.00
2016.02.12 02:09:42.678,2.16423,2.16516,1.00,1.00
2016.02.12 02:09:43.233,2.16423,2.16517,1.00,1.50
2016.02.12 02:09:46.181,2.16423,2.16517,1.75,1.00
2016.02.12 02:09:46.484,2.16423,2.16517,1.37,1.00
2016.02.12 02:09:46.786,2.16423,2.16515,1.37,1.00
2016.02.12 02:09:47.109,2.16423,2.16508,1.00,1.00
2016.02.12 02:09:47.160,2.16411,2.16497,1.12,1.00
2016.02.12 02:09:47.261,2.16404,2.165,1.75,1.00
2016.02.12 02:09:47.463,2.16404,2.16498,1.75,1.00
2016.02.12 02:09:47.805,2.16414,2.16497,1.00,1.00
2016.02.12 02:09:48.075,2.16414,2.165,1.00,1.00
2016.02.12 02:09:48.327,2.16414,2.16499,1.75,1.00
2016.02.12 02:09:48.962,2.16413,2.16501,1.75,1.00
2016.02.12 02:09:49.306,2.16415,2.16505,1.75,1.00
2016.02.12 02:09:49.407,2.16421,2.16513,1.12,1.00
2016.02.12 02:09:49.458,2.16423,2.16513,1.00,1.00
2016.02.12 02:09:49.831,2.16423,2.16513,2.25,1.00
2016.02.12 02:09:49.882,2.16427,2.16515,1.75,1.00
2016.02.12 02:09:50.478,2.16423,2.16517,1.75,1.00
2016.02.12 02:09:50.630,2.16422,2.16516,1.00,1.00
2016.02.12 02:09:50.680,2.16424,2.16515,1.00,1.00
2016.02.12 02:09:51.208,2.16423,2.16515,1.00,1.00
2016.02.12 02:09:51.593,2.16423,2.16513,1.00,1.00
2016.02.12 02:09:52.298,2.16423,2.16512,1.00,1.00
2016.02.12 02:09:52.671,2.16423,2.16517,1.00,1.50
2016.02.12 02:09:52.772,2.16423,2.1651,1.00,1.00
2016.02.12 02:09:53.323,2.16424,2.1651,1.00,1.00
2016.02.12 02:09:53.374,2.16424,2.16516,1.00,1.50
2016.02.12 02:09:53.475,2.16424,2.16508,1.00,1.00
2016.02.12 02:09:53.576,2.16424,2.16514,1.00,1.00
2016.02.12 02:09:53.677,2.16424,2.16516,1.00,1.00
2016.02.12 02:09:53.728,2.16422,2.16516,1.00,1.00
2016.02.12 02:09:53.829,2.16415,2.16516,1.50,1.00
2016.02.12 02:09:54.021,2.16414,2.16513,2.25,1.00
2016.02.12 02:09:54.614,2.16413,2.16507,1.75,1.00
2016.02.12 02:09:54.979,2.16403,2.16495,1.75,1.00
2016.02.12 02:09:55.080,2.16403,2.16497,1.75,1.00
2016.02.12 02:09:55.513,2.16401,2.16497,1.00,1.00
2016.02.12 02:09:55.715,2.16404,2.16493,1.00,1.00
2016.02.12 02:09:56.058,2.16404,2.1649,1.00,1.00
2016.02.12 02:09:56.573,2.16404,2.16491,1.00,1.00
2016.02.12 02:09:57.225,2.16404,2.16493,1.00,1.00
2016.02.12 02:09:57.276,2.16394,2.16493,2.25,1.00
2016.02.12 02:09:57.377,2.16394,2.16496,2.25,1.00
2016.02.12 02:09:57.490,2.164,2.16496,1.00,1.00
2016.02.12 02:09:57.878,2.16403,2.16495,1.00,1.00
2016.02.12 02:09:58.028,2.164,2.16495,1.00,1.00
2016.02.12 02:09:58.129,2.16402,2.16495,1.75,1.00
2016.02.12 02:09:58.332,2.16402,2.16495,1.00,1.00
2016.02.12 02:09:58.869,2.16402,2.16496,1.00,1.00
2016.02.12 02:09:58.994,2.16397,2.16495,1.00,1.00
2016.02.12 02:09:59.534,2.16398,2.16493,1.00,1.00
2016.02.12 02:10:00.080,2.16404,2.16496,1.00,1.00
2016.02.12 02:10:00.383,2.16414,2.16505,1.00,1.00
2016.02.12 02:10:00.925,2.16414,2.16506,1.00,1.00
2016.02.12 02:10:02.317,2.16414,2.16506,1.87,1.00
2016.02.12 02:10:03.172,2.16414,2.16509,1.75,1.00
2016.02.12 02:10:03.704,2.16416,2.16508,1.50,1.00
2016.02.12 02:10:04.001,2.16413,2.1651,2.25,1.00
2016.02.12 02:10:04.537,2.16413,2.16507,1.75,1.00
2016.02.12 02:10:04.638,2.16413,2.16507,1.00,1.00
2016.02.12 02:10:04.854,2.16409,2.16506,1.00,1.00
2016.02.12 02:10:04.957,2.16412,2.16506,1.00,1.00
2016.02.12 02:10:05.309,2.16412,2.16484,1.00,1.00
2016.02.12 02:10:05.444,2.16404,2.16484,1.00,1.00
2016.02.12 02:10:05.545,2.16413,2.16505,1.00,2.25
2016.02.12 02:10:05.646,2.16405,2.16499,1.00,1.37
2016.02.12 02:10:05.697,2.16412,2.16499,1.00,1.37
2016.02.12 02:10:05.848,2.16413,2.16502,1.00,1.00
2016.02.12 02:10:05.949,2.16414,2.16498,1.00,1.00
2016.02.12 02:10:06.050,2.16414,2.16503,1.00,1.00
2016.02.12 02:10:06.151,2.16393,2.16481,1.75,1.00
2016.02.12 02:10:06.252,2.16393,2.16481,1.00,1.00
2016.02.12 02:10:06.398,2.16391,2.16476,1.00,1.00
2016.02.12 02:10:06.600,2.16394,2.16486,1.00,1.00
2016.02.12 02:10:06.701,2.16394,2.16495,1.00,2.25
2016.02.12 02:10:06.953,2.16393,2.1649,2.25,1.00
2016.02.12 02:10:07.288,2.16387,2.16476,1.75,1.00
2016.02.12 02:10:07.389,2.16384,2.16468,1.75,1.00
2016.02.12 02:10:07.491,2.16381,2.16467,1.00,1.00
2016.02.12 02:10:07.642,2.16381,2.16463,1.00,1.00
2016.02.12 02:10:07.693,2.16372,2.16463,1.50,1.00
2016.02.12 02:10:07.744,2.16372,2.16465,1.50,1.00
2016.02.12 02:10:07.845,2.16372,2.16456,1.00,1.00
2016.02.12 02:10:07.947,2.16371,2.16464,1.00,1.00
2016.02.12 02:10:08.048,2.16364,2.16461,1.00,1.00
2016.02.12 02:10:08.133,2.16364,2.16459,1.00,1.00
2016.02.12 02:10:08.436,2.16362,2.16439,1.00,1.00
2016.02.12 02:10:08.487,2.16351,2.16436,1.00,1.00
2016.02.12 02:10:08.739,2.16352,2.1643,1.00,1.00
2016.02.12 02:10:08.840,2.16352,2.16434,1.00,1.00
2016.02.12 02:10:08.941,2.16354,2.16429,1.00,1.00
2016.02.12 02:10:09.029,2.16351,2.16429,1.00,1.00
2016.02.12 02:10:09.132,2.16351,2.16435,1.00,1.00
2016.02.12 02:10:09.233,2.16361,2.16435,1.00,1.00
2016.02.12 02:10:09.737,2.16361,2.16446,1.00,1.50
2016.02.12 02:10:09.788,2.16372,2.16446,1.00,1.50
2016.02.12 02:10:09.889,2.16373,2.16459,1.00,1.00
2016.02.12 02:10:10.026,2.16375,2.16467,1.00,1.00
2016.02.12 02:10:10.077,2.16375,2.16467,1.75,1.00
2016.02.12 02:10:10.129,2.16374,2.16475,1.75,1.00
2016.02.12 02:10:10.331,2.16373,2.16467,1.75,1.00
2016.02.12 02:10:10.482,2.16382,2.16476,1.00,1.50
2016.02.12 02:10:10.785,2.16384,2.16476,1.00,1.00
2016.02.12 02:10:11.090,2.16392,2.16477,1.00,1.00
2016.02.12 02:10:11.141,2.16392,2.16487,1.00,1.50
2016.02.12 02:10:11.645,2.16393,2.16487,1.00,1.00
2016.02.12 02:10:12.973,2.16403,2.16496,1.00,1.00
2016.02.12 02:10:13.325,2.16405,2.16497,1.12,1.00
2016.02.12 02:10:14.326,2.16406,2.16497,1.00,1.00
2016.02.12 02:10:14.836,2.16403,2.16497,1.50,1.00
2016.02.12 02:10:15.522,2.16406,2.16497,1.00,1.00
2016.02.12 02:10:16.036,2.16403,2.16497,1.50,1.00
2016.02.12 02:10:16.086,2.16403,2.16498,1.00,1.00
2016.02.12 02:10:16.191,2.16401,2.16497,1.00,1.00
2016.02.12 02:10:16.242,2.16401,2.16489,1.00,1.00
2016.02.12 02:10:16.292,2.16393,2.16489,1.00,1.00
2016.02.12 02:10:16.738,2.16393,2.16491,1.00,1.00
2016.02.12 02:10:16.839,2.16392,2.16486,1.00,1.00
2016.02.12 02:10:16.940,2.16381,2.16477,1.87,1.00
2016.02.12 02:10:17.046,2.16384,2.16476,1.00,1.00
2016.02.12 02:10:18.453,2.16392,2.16476,1.00,1.00
2016.02.12 02:10:18.705,2.16392,2.16483,1.00,1.00
2016.02.12 02:10:18.844,2.16392,2.16486,1.00,1.87
2016.02.12 02:10:18.995,2.16393,2.16495,1.50,1.00
2016.02.12 02:10:19.163,2.16401,2.16497,1.00,1.00
2016.02.12 02:10:19.501,2.16401,2.16494,1.00,1.00
2016.02.12 02:10:19.703,2.16403,2.16497,1.00,1.50
2016.02.12 02:10:20.852,2.16403,2.16495,1.00,1.00
2016.02.12 02:10:21.190,2.16409,2.16497,1.00,1.00
2016.02.12 02:10:21.241,2.16409,2.16505,1.00,1.00
2016.02.12 02:10:21.342,2.16411,2.16505,1.00,1.00
2016.02.12 02:10:21.443,2.16411,2.16507,1.00,1.00
2016.02.12 02:10:21.897,2.16414,2.16506,1.00,1.00
2016.02.12 02:10:22.552,2.16414,2.16505,1.00,1.00
2016.02.12 02:10:23.164,2.16414,2.16506,1.00,1.00
2016.02.12 02:10:26.060,2.16413,2.16507,1.00,1.00
2016.02.12 02:10:26.362,2.16423,2.16517,1.00,1.00
2016.02.12 02:10:27.012,2.16424,2.16516,1.00,1.00
2016.02.12 02:10:27.630,2.16424,2.16516,1.37,1.00
2016.02.12 02:10:27.731,2.16433,2.16526,1.00,1.00
2016.02.12 02:10:28.468,2.16433,2.16527,1.00,1.50
2016.02.12 02:10:28.519,2.16432,2.16516,1.00,1.00
2016.02.12 02:10:28.620,2.16424,2.16516,1.37,1.00
2016.02.12 02:10:28.721,2.16432,2.16516,1.00,1.00
2016.02.12 02:10:29.155,2.16433,2.16527,1.00,1.00
2016.02.12 02:10:29.206,2.16433,2.16532,1.00,1.00
2016.02.12 02:10:29.307,2.16438,2.16536,1.00,1.00
2016.02.12 02:10:29.610,2.16444,2.16536,1.00,1.00
2016.02.12 02:10:32.762,2.16444,2.16537,1.00,1.00
2016.02.12 02:10:33.485,2.16445,2.16537,1.00,1.00
2016.02.12 02:10:34.416,2.16443,2.16537,1.00,1.50
2016.02.12 02:10:34.668,2.16453,2.16544,1.00,1.00
2016.02.12 02:10:35.135,2.16443,2.16533,1.00,1.00
2016.02.12 02:10:35.186,2.16444,2.16536,1.00,1.00
2016.02.12 02:10:35.687,2.16444,2.16535,1.00,1.00
2016.02.12 02:10:36.175,2.16446,2.16533,1.00,1.00
2016.02.12 02:10:36.579,2.16444,2.16536,1.12,1.00
2016.02.12 02:10:37.601,2.16444,2.16532,1.12,1.00
2016.02.12 02:10:37.753,2.16437,2.16526,1.00,1.00
2016.02.12 02:10:37.854,2.16435,2.16526,1.00,1.00
2016.02.12 02:10:39.033,2.16443,2.16531,1.00,1.00
2016.02.12 02:10:39.192,2.16446,2.16537,1.00,1.50
2016.02.12 02:10:39.293,2.16444,2.16537,1.00,1.00
2016.02.12 02:10:39.424,2.16447,2.16537,1.12,1.00
2016.02.12 02:10:40.667,2.16454,2.16545,1.00,1.00
2016.02.12 02:10:40.791,2.16454,2.16542,1.00,1.00
2016.02.12 02:10:41.124,2.16453,2.16539,1.00,1.00
2016.02.12 02:10:41.376,2.16443,2.16537,2.25,1.00
2016.02.12 02:10:42.519,2.16448,2.16537,1.00,1.00
2016.02.12 02:10:42.569,2.16453,2.1654,1.00,1.00
2016.02.12 02:10:43.208,2.16453,2.16543,1.00,1.00
2016.02.12 02:10:44.230,2.16453,2.16538,1.00,1.00
2016.02.12 02:10:47.287,2.16454,2.16538,1.00,1.00
2016.02.12 02:10:49.280,2.16453,2.16538,1.00,1.00
2016.02.12 02:10:51.917,2.16453,2.16541,1.00,1.00
2016.02.12 02:10:52.454,2.16453,2.1654,1.00,1.00
2016.02.12 02:10:54.683,2.16453,2.16536,1.00,1.00
2016.02.12 02:10:54.734,2.16444,2.16536,1.00,1.00
2016.02.12 02:10:56.842,2.16444,2.1654,1.00,1.00
2016.02.12 02:10:58.179,2.16442,2.16537,1.37,1.00
2016.02.12 02:11:00.253,2.16444,2.16536,1.00,1.00
2016.02.12 02:11:04.101,2.16443,2.16537,1.12,1.00
2016.02.12 02:11:04.422,2.16453,2.16546,1.00,1.00
2016.02.12 02:11:04.674,2.16463,2.16557,1.00,1.00
2016.02.12 02:11:04.977,2.16464,2.16555,1.00,1.00
2016.02.12 02:11:05.129,2.16463,2.16557,1.00,1.00
2016.02.12 02:11:05.180,2.16463,2.16555,1.00,1.00
2016.02.12 02:11:06.551,2.16463,2.16557,1.00,1.50
2016.02.12 02:11:07.122,2.16464,2.16556,1.00,1.00
2016.02.12 02:11:07.473,2.16464,2.16554,1.00,1.00
2016.02.12 02:11:08.577,2.16464,2.16556,1.00,1.00
2016.02.12 02:11:08.678,2.16464,2.16556,1.37,1.00
2016.02.12 02:11:09.182,2.16464,2.16548,1.37,1.00
2016.02.12 02:11:09.233,2.16464,2.16548,1.00,1.00
2016.02.12 02:11:09.355,2.16454,2.16543,1.50,1.00
2016.02.12 02:11:09.406,2.16452,2.16541,1.75,1.00
2016.02.12 02:11:09.507,2.16449,2.16546,1.75,1.50
2016.02.12 02:11:09.608,2.16443,2.16537,1.37,1.00
2016.02.12 02:11:09.658,2.16443,2.16537,1.50,1.00
2016.02.12 02:11:09.759,2.16447,2.16537,1.00,1.00
2016.02.12 02:11:09.823,2.16453,2.16547,1.00,1.50
2016.02.12 02:11:10.371,2.16454,2.16546,1.00,1.00
2016.02.12 02:11:10.787,2.16456,2.16546,1.00,1.00
2016.02.12 02:11:10.992,2.16454,2.16546,1.50,1.00
2016.02.12 02:11:12.915,2.16456,2.16546,1.00,1.00
2016.02.12 02:11:13.208,2.16454,2.16546,1.00,1.00
2016.02.12 02:11:13.719,2.16448,2.16547,1.75,1.00
2016.02.12 02:11:14.224,2.16454,2.16546,1.00,1.00
2016.02.12 02:11:14.662,2.16448,2.16536,1.75,1.00
2016.02.12 02:11:15.121,2.16454,2.16546,1.00,1.00
2016.02.12 02:11:15.222,2.16453,2.16557,1.12,1.00
2016.02.12 02:11:15.374,2.16453,2.16555,1.87,1.00
2016.02.12 02:11:15.679,2.16463,2.16557,1.00,1.00
2016.02.12 02:11:18.316,2.16463,2.16554,1.00,1.00
2016.02.12 02:11:18.418,2.16463,2.16556,1.00,1.00
2016.02.12 02:11:18.519,2.16454,2.16554,1.00,1.00
2016.02.12 02:11:18.620,2.16454,2.16551,1.00,1.00
2016.02.12 02:11:18.999,2.16454,2.16546,1.00,1.00
2016.02.12 02:11:19.953,2.16453,2.16547,1.12,1.00
2016.02.12 02:11:20.255,2.16444,2.16536,1.75,1.00
2016.02.12 02:11:20.306,2.16443,2.16547,1.75,1.00
2016.02.12 02:11:20.632,2.16443,2.16537,1.75,1.00
2016.02.12 02:11:20.957,2.16443,2.16547,1.75,1.00
2016.02.12 02:11:21.159,2.16454,2.16556,1.00,1.00
2016.02.12 02:11:21.337,2.16454,2.16556,1.37,1.00
2016.02.12 02:11:21.841,2.16454,2.16556,1.75,1.00
2016.02.12 02:11:22.284,2.16449,2.16546,1.75,1.00
2016.02.12 02:11:22.385,2.16444,2.16546,1.75,1.50
2016.02.12 02:11:22.706,2.16443,2.16537,1.75,1.00
2016.02.12 02:11:23.136,2.16449,2.16546,1.75,1.00
2016.02.12 02:11:23.241,2.16454,2.16551,1.00,1.00
2016.02.12 02:11:23.292,2.16454,2.16556,1.00,1.50
2016.02.12 02:11:23.596,2.16454,2.16553,1.00,1.00
2016.02.12 02:11:23.917,2.16454,2.16546,1.00,1.00
2016.02.12 02:11:24.241,2.16443,2.16537,2.25,1.00
2016.02.12 02:11:24.603,2.16443,2.16537,1.12,1.00
2016.02.12 02:11:26.364,2.16443,2.16543,1.12,1.00
2016.02.12 02:11:26.415,2.16443,2.16547,1.12,1.00
2016.02.12 02:11:27.518,2.16445,2.16544,1.37,1.00
2016.02.12 02:11:27.797,2.16454,2.16547,1.12,1.00
2016.02.12 02:11:29.983,2.16454,2.16552,1.12,1.00
2016.02.12 02:11:30.033,2.16456,2.16554,1.00,1.00
2016.02.12 02:11:30.134,2.16454,2.16554,1.12,1.00
2016.02.12 02:11:30.766,2.16454,2.16546,1.12,1.00
2016.02.12 02:11:33.916,2.16453,2.16547,1.37,1.00
2016.02.12 02:11:34.796,2.16454,2.16546,1.12,1.00
2016.02.12 02:11:35.501,2.16453,2.16547,1.37,1.00
2016.02.12 02:11:35.718,2.16454,2.16552,1.12,1.00
2016.02.12 02:11:35.769,2.16455,2.16554,1.00,1.00
2016.02.12 02:11:35.820,2.16464,2.16554,1.00,1.00
2016.02.12 02:11:35.870,2.16464,2.16556,1.00,1.50
2016.02.12 02:11:36.381,2.16461,2.16547,1.00,1.00
2016.02.12 02:11:36.432,2.16453,2.16547,1.37,1.00
2016.02.12 02:11:36.911,2.16445,2.16537,1.75,1.00
2016.02.12 02:11:37.012,2.16445,2.16546,1.75,1.00
2016.02.12 02:11:37.658,2.16453,2.16547,1.37,1.50
2016.02.12 02:11:38.202,2.16454,2.16546,1.12,1.00
2016.02.12 02:11:38.861,2.16453,2.16547,1.37,1.00
2016.02.12 02:11:39.203,2.16449,2.16536,1.75,1.00
2016.02.12 02:11:39.605,2.16444,2.16536,1.00,1.00
2016.02.12 02:11:40.087,2.16444,2.16541,1.00,1.00
2016.02.12 02:11:41.634,2.16444,2.16543,1.00,1.00
2016.02.12 02:11:41.735,2.16444,2.16541,1.00,1.00
2016.02.12 02:11:42.435,2.16444,2.16542,1.00,1.00
2016.02.12 02:11:42.667,2.16444,2.16544,1.00,1.00
2016.02.12 02:11:42.869,2.16446,2.16546,1.00,1.00
2016.02.12 02:11:42.970,2.16444,2.16546,1.50,1.00
2016.02.12 02:11:43.373,2.16454,2.16546,1.00,1.00
2016.02.12 02:11:43.583,2.16454,2.16551,1.12,1.00
2016.02.12 02:11:44.130,2.16454,2.1655,1.12,1.00
2016.02.12 02:11:45.440,2.16454,2.16553,1.12,1.00
2016.02.12 02:11:46.493,2.16457,2.16555,1.00,1.00
2016.02.12 02:11:46.843,2.16463,2.16555,1.00,1.00
2016.02.12 02:11:47.666,2.16457,2.16546,1.00,1.00
2016.02.12 02:11:47.874,2.16453,2.16547,1.87,1.00
2016.02.12 02:11:48.899,2.16453,2.16552,1.87,1.00
2016.02.12 02:11:49.349,2.16453,2.16555,1.37,1.00
2016.02.12 02:11:49.492,2.16454,2.16552,1.12,1.00
2016.02.12 02:11:51.071,2.16454,2.16546,1.87,1.00
2016.02.12 02:11:51.666,2.16464,2.16552,1.00,1.00
2016.02.12 02:11:51.868,2.16454,2.16546,1.87,1.00
2016.02.12 02:11:54.619,2.16454,2.16547,1.12,1.00
2016.02.12 02:11:55.157,2.16454,2.16546,1.12,1.00
2016.02.12 02:11:55.610,2.16451,2.16536,1.75,1.00
2016.02.12 02:11:55.813,2.16454,2.16546,1.12,1.00
2016.02.12 02:11:56.764,2.16453,2.16547,1.37,1.00
2016.02.12 02:11:56.865,2.16444,2.16545,1.75,1.00
2016.02.12 02:11:57.186,2.16444,2.16536,1.75,1.00
2016.02.12 02:11:58.122,2.16443,2.16537,1.75,1.00
2016.02.12 02:11:58.444,2.16452,2.16537,1.12,1.00
2016.02.12 02:11:58.700,2.16443,2.16537,1.00,1.00
2016.02.12 02:12:00.272,2.16443,2.16536,1.00,1.00
2016.02.12 02:12:00.323,2.16441,2.16527,1.37,1.00
2016.02.12 02:12:00.705,2.16433,2.16525,1.75,1.00
2016.02.12 02:12:00.806,2.16431,2.16517,1.37,1.00
2016.02.12 02:12:01.022,2.16422,2.16514,1.75,1.00
2016.02.12 02:12:01.072,2.16422,2.16514,1.37,1.00
2016.02.12 02:12:01.123,2.16422,2.16514,1.00,1.00
2016.02.12 02:12:01.224,2.16422,2.16516,1.00,1.50
2016.02.12 02:12:01.325,2.16418,2.16516,1.75,1.00
2016.02.12 02:12:01.376,2.16422,2.16516,1.00,1.00
2016.02.12 02:12:01.698,2.16428,2.16516,1.00,1.00
2016.02.12 02:12:02.213,2.16427,2.16516,1.00,1.00
2016.02.12 02:12:02.277,2.16422,2.16516,1.00,1.00
2016.02.12 02:12:02.328,2.16431,2.16517,1.00,1.00
2016.02.12 02:12:02.501,2.16424,2.16516,1.00,1.00
2016.02.12 02:12:02.804,2.16427,2.16517,1.00,1.00
2016.02.12 02:12:02.956,2.16431,2.16526,1.00,1.12
2016.02.12 02:12:03.108,2.16422,2.16508,1.00,1.00
2016.02.12 02:12:03.316,2.16405,2.16496,1.75,1.00
2016.02.12 02:12:03.418,2.16413,2.16507,1.00,1.50
2016.02.12 02:12:03.519,2.16413,2.16498,1.00,1.00
2016.02.12 02:12:03.863,2.16388,2.16476,1.75,1.50
2016.02.12 02:12:03.914,2.16384,2.1647,1.00,1.00
2016.02.12 02:12:04.270,2.16383,2.16466,1.00,1.00
2016.02.12 02:12:04.523,2.16378,2.16466,1.75,1.00
2016.02.12 02:12:05.272,2.16384,2.16476,1.00,1.00
2016.02.12 02:12:05.423,2.16386,2.16476,1.00,1.00
2016.02.12 02:12:05.728,2.16404,2.16494,1.00,1.00
2016.02.12 02:12:06.037,2.16404,2.16491,1.00,1.00
2016.02.12 02:12:06.206,2.16404,2.16496,1.00,1.00
2016.02.12 02:12:06.711,2.16403,2.16497,1.00,1.00
2016.02.12 02:12:08.736,2.16403,2.16497,1.50,1.00
2016.02.12 02:12:10.581,2.16413,2.16507,1.00,1.00
2016.02.12 02:12:10.803,2.16416,2.16506,1.00,1.00
2016.02.12 02:12:11.106,2.16418,2.16506,1.00,1.00
2016.02.12 02:12:11.422,2.16433,2.16525,1.00,1.00
2016.02.12 02:12:12.104,2.16433,2.16527,1.00,1.00
2016.02.12 02:12:14.107,2.16424,2.16526,1.37,1.00
2016.02.12 02:12:14.747,2.16432,2.16526,1.00,1.00
2016.02.12 02:12:15.049,2.16441,2.16527,1.00,1.00
2016.02.12 02:12:15.301,2.16433,2.16527,1.00,1.00
2016.02.12 02:12:15.652,2.16441,2.16527,1.00,1.00
2016.02.12 02:12:15.753,2.16433,2.16527,1.00,1.00
2016.02.12 02:12:16.221,2.16441,2.16527,1.00,1.00
2016.02.12 02:12:16.728,2.16442,2.16527,1.00,1.00
2016.02.12 02:12:18.130,2.16442,2.16537,1.00,2.25
2016.02.12 02:12:20.391,2.16441,2.16537,1.00,2.25
2016.02.12 02:12:21.100,2.16444,2.16534,1.00,1.75
2016.02.12 02:12:23.552,2.16444,2.16536,1.00,1.00
2016.02.12 02:12:24.118,2.16443,2.16537,1.00,1.50
2016.02.12 02:12:28.945,2.16434,2.16526,1.37,1.00
2016.02.12 02:12:29.731,2.16441,2.16526,1.00,1.00
2016.02.12 02:12:29.812,2.16434,2.16526,1.37,1.00
2016.02.12 02:12:31.174,2.16442,2.16526,1.00,1.00
2016.02.12 02:12:31.927,2.16434,2.16526,1.00,1.00
2016.02.12 02:12:32.537,2.16433,2.16527,1.00,1.00
2016.02.12 02:12:34.789,2.16444,2.16536,1.00,2.25
2016.02.12 02:12:34.940,2.16444,2.16536,1.00,1.50
2016.02.12 02:12:34.991,2.16444,2.16533,1.00,1.00
2016.02.12 02:12:35.293,2.16414,2.16506,1.75,1.00
2016.02.12 02:12:35.419,2.16418,2.16506,1.00,1.00
2016.02.12 02:12:35.479,2.16414,2.16506,1.00,1.00
2016.02.12 02:12:35.893,2.16421,2.16506,1.00,1.00
2016.02.12 02:12:36.095,2.16414,2.16506,1.00,1.00
2016.02.12 02:12:36.297,2.16424,2.16516,1.00,1.75
2016.02.12 02:12:36.743,2.16424,2.16516,1.00,1.00
2016.02.12 02:12:37.248,2.16423,2.16517,1.00,1.00
2016.02.12 02:12:38.148,2.16423,2.16516,1.00,1.00
2016.02.12 02:12:38.483,2.16424,2.16513,1.00,1.00
2016.02.12 02:12:38.920,2.16422,2.16507,1.00,1.00
2016.02.12 02:12:39.491,2.16418,2.16507,1.00,1.00
2016.02.12 02:12:39.551,2.16413,2.16507,1.00,1.00
2016.02.12 02:12:39.959,2.16422,2.16507,1.00,1.00
2016.02.12 02:12:40.020,2.16423,2.16513,1.00,1.00
2016.02.12 02:12:40.354,2.16434,2.16526,1.00,1.75
2016.02.12 02:12:40.575,2.16434,2.16525,1.00,1.00
2016.02.12 02:12:41.263,2.16434,2.16526,1.00,1.87
2016.02.12 02:12:41.956,2.16434,2.16524,1.00,1.00
2016.02.12 02:12:42.158,2.16423,2.16514,1.00,1.00
2016.02.12 02:12:42.259,2.16421,2.16505,1.00,1.00
2016.02.12 02:12:42.360,2.16414,2.16505,1.00,1.00
2016.02.12 02:12:42.562,2.16424,2.16503,1.00,1.00
2016.02.12 02:12:42.739,2.16413,2.165,1.00,1.00
2016.02.12 02:12:42.891,2.16413,2.16504,1.00,1.00
2016.02.12 02:12:42.992,2.16413,2.16501,1.00,1.00
2016.02.12 02:12:43.193,2.16412,2.16507,1.00,1.00
2016.02.12 02:12:43.244,2.16414,2.16508,1.00,1.00
2016.02.12 02:12:43.399,2.16414,2.16511,1.00,1.12
2016.02.12 02:12:43.450,2.16413,2.16507,1.00,1.00
2016.02.12 02:12:43.870,2.16414,2.1651,1.00,1.00
2016.02.12 02:12:44.478,2.16414,2.16511,1.00,1.12
2016.02.12 02:12:44.960,2.16414,2.16516,1.37,1.37
2016.02.12 02:12:45.011,2.16414,2.16516,1.50,1.00
2016.02.12 02:12:45.330,2.16422,2.16516,1.00,1.00
2016.02.12 02:12:45.980,2.16421,2.16516,1.00,1.00
2016.02.12 02:12:46.367,2.16423,2.16517,1.00,1.00
2016.02.12 02:12:47.620,2.16423,2.16516,1.00,1.00
2016.02.12 02:12:48.074,2.16423,2.1652,1.00,1.00
2016.02.12 02:12:48.172,2.16423,2.16518,1.00,1.00
2016.02.12 02:12:48.695,2.16423,2.16519,1.00,1.00
2016.02.12 02:12:48.896,2.16423,2.16522,1.00,1.12
2016.02.12 02:12:49.147,2.16421,2.16516,1.00,1.00
2016.02.12 02:12:49.678,2.16422,2.16516,1.00,1.00
2016.02.12 02:12:51.859,2.16424,2.16516,1.00,1.00
2016.02.12 02:12:52.580,2.16424,2.16507,1.00,1.00
2016.02.12 02:12:52.864,2.16422,2.16506,1.00,1.00
2016.02.12 02:12:52.915,2.16414,2.16506,1.50,1.00
2016.02.12 02:12:53.783,2.16414,2.16506,1.00,1.00
2016.02.12 02:12:54.320,2.16414,2.16504,1.00,1.00
2016.02.12 02:12:54.825,2.16414,2.16505,1.00,1.00
2016.02.12 02:12:55.260,2.16421,2.16505,1.00,1.00
2016.02.12 02:12:55.373,2.16414,2.16506,1.00,1.00
2016.02.12 02:12:55.424,2.16423,2.16513,1.00,1.37
2016.02.12 02:12:55.626,2.16423,2.16516,1.00,1.00
2016.02.12 02:12:55.727,2.16413,2.16507,1.75,1.00
2016.02.12 02:12:56.038,2.16413,2.16507,1.00,1.00
2016.02.12 02:12:56.140,2.16421,2.16507,1.00,1.00
2016.02.12 02:12:56.241,2.16413,2.16507,1.00,1.00
2016.02.12 02:12:56.988,2.16421,2.16507,1.00,1.00
2016.02.12 02:12:57.983,2.16432,2.16507,1.00,1.00
2016.02.12 02:12:58.033,2.16432,2.16515,1.00,1.75
2016.02.12 02:12:58.134,2.16432,2.16517,1.00,1.00
2016.02.12 02:12:58.337,2.16441,2.16516,1.00,1.00
2016.02.12 02:12:58.387,2.16441,2.16519,1.00,1.00
2016.02.12 02:12:58.610,2.16442,2.16537,1.00,1.50
2016.02.12 02:12:58.661,2.16444,2.16537,1.00,1.00
2016.02.12 02:12:59.108,2.16444,2.1653,1.00,1.00
2016.02.12 02:12:59.496,2.16444,2.16526,1.00,1.00
2016.02.12 02:13:00.498,2.16444,2.1653,1.00,1.00
2016.02.12 02:13:00.599,2.16444,2.16526,1.00,1.00
2016.02.12 02:13:00.902,2.16434,2.16524,1.00,1.00
2016.02.12 02:13:01.104,2.16423,2.16517,1.37,1.00
2016.02.12 02:13:01.154,2.16423,2.16517,1.00,1.00
2016.02.12 02:13:01.738,2.16423,2.16507,1.00,1.00
2016.02.12 02:13:01.939,2.16414,2.165,1.00,1.00
2016.02.12 02:13:02.101,2.16414,2.16495,1.00,1.00
2016.02.12 02:13:02.353,2.16393,2.16477,1.00,1.00
2016.02.12 02:13:02.404,2.16393,2.16479,1.00,1.00
2016.02.12 02:13:02.455,2.16391,2.16476,1.00,1.00
2016.02.12 02:13:02.633,2.16381,2.16467,1.00,1.00
2016.02.12 02:13:02.735,2.16364,2.16459,1.75,1.00
2016.02.12 02:13:02.836,2.16371,2.16464,1.00,1.00
2016.02.12 02:13:03.038,2.16372,2.16462,1.00,1.00
2016.02.12 02:13:03.545,2.16372,2.16461,1.00,1.00
2016.02.12 02:13:04.048,2.16381,2.16462,1.00,1.00
2016.02.12 02:13:04.149,2.16381,2.16471,1.00,1.00
2016.02.12 02:13:04.250,2.16391,2.16477,1.00,1.75
2016.02.12 02:13:04.351,2.16394,2.1649,1.00,1.75
2016.02.12 02:13:04.452,2.16394,2.165,1.75,1.00
2016.02.12 02:13:04.553,2.164,2.16506,1.12,1.12
2016.02.12 02:13:04.604,2.16411,2.16506,1.00,1.12
2016.02.12 02:13:04.955,2.16414,2.16514,1.00,1.37
2016.02.12 02:13:05.008,2.16414,2.16514,1.12,1.00
2016.02.12 02:13:05.059,2.16421,2.16515,1.00,1.00
2016.02.12 02:13:05.311,2.16422,2.16517,1.00,1.50
2016.02.12 02:13:05.413,2.16422,2.16493,1.00,1.00
2016.02.12 02:13:05.463,2.16413,2.16493,1.50,1.00
2016.02.12 02:13:05.514,2.16411,2.16489,1.37,1.00
2016.02.12 02:13:05.565,2.16401,2.16489,1.00,1.00
2016.02.12 02:13:05.616,2.16401,2.16486,1.00,1.00
2016.02.12 02:13:06.120,2.16401,2.16487,1.00,1.00
2016.02.12 02:13:06.244,2.16391,2.16487,1.00,1.00
2016.02.12 02:13:06.410,2.16391,2.16482,1.00,1.00
2016.02.12 02:13:06.562,2.16382,2.16482,1.75,1.00
2016.02.12 02:13:06.713,2.16382,2.16473,1.75,1.00
2016.02.12 02:13:06.764,2.16382,2.16473,1.00,1.00
2016.02.12 02:13:06.815,2.16382,2.16466,1.00,1.00
2016.02.12 02:13:06.916,2.16373,2.16463,1.00,1.00
2016.02.12 02:13:06.967,2.16371,2.16457,1.00,1.00
2016.02.12 02:13:07.171,2.16372,2.16463,1.00,1.00
2016.02.12 02:13:07.222,2.16372,2.16466,1.00,1.00
2016.02.12 02:13:07.913,2.16372,2.16462,1.00,1.00
2016.02.12 02:13:08.233,2.16372,2.16466,1.00,1.37
2016.02.12 02:13:08.334,2.16372,2.16466,1.75,1.00
2016.02.12 02:13:08.486,2.16381,2.16476,1.00,1.00
2016.02.12 02:13:08.537,2.16384,2.16476,1.00,1.00
2016.02.12 02:13:08.738,2.16393,2.16496,1.75,1.00
2016.02.12 02:13:09.242,2.16393,2.16497,1.75,1.00
2016.02.12 02:13:09.747,2.16393,2.16496,1.75,1.00
2016.02.12 02:13:10.418,2.16393,2.16497,1.75,1.50
2016.02.12 02:13:10.953,2.16393,2.16496,1.75,1.00
2016.02.12 02:13:11.306,2.16421,2.16496,1.00,1.00
2016.02.12 02:13:11.458,2.16422,2.16504,1.00,1.50
2016.02.12 02:13:12.006,2.16422,2.16502,1.00,1.00
2016.02.12 02:13:12.520,2.16422,2.16503,1.00,1.12
2016.02.12 02:13:12.570,2.16422,2.165,1.00,1.00
2016.02.12 02:13:12.671,2.16422,2.16502,1.00,1.00
2016.02.12 02:13:12.823,2.16422,2.165,1.00,1.00
2016.02.12 02:13:12.924,2.16422,2.16502,1.00,1.00
2016.02.12 02:13:13.151,2.16422,2.165,1.00,1.00
2016.02.12 02:13:13.252,2.16422,2.16503,1.00,1.12
2016.02.12 02:13:13.460,2.16422,2.16499,1.00,1.00
2016.02.12 02:13:13.561,2.16422,2.16503,1.00,1.12
2016.02.12 02:13:13.662,2.16422,2.16499,1.00,1.00
2016.02.12 02:13:13.825,2.16422,2.16504,1.00,1.50
2016.02.12 02:13:13.926,2.16422,2.16498,1.00,1.00
2016.02.12 02:13:14.027,2.16422,2.16505,1.00,1.75
2016.02.12 02:13:14.232,2.16421,2.165,1.00,1.00
2016.02.12 02:13:14.364,2.16421,2.16507,1.00,1.75
2016.02.12 02:13:14.878,2.16421,2.16502,1.00,1.00
2016.02.12 02:13:15.066,2.16422,2.165,1.00,1.00
2016.02.12 02:13:15.167,2.16422,2.16503,1.00,1.12
2016.02.12 02:13:16.141,2.16421,2.16505,1.00,1.75
2016.02.12 02:13:17.333,2.16422,2.16505,1.00,1.75
2016.02.12 02:13:18.077,2.16422,2.165,1.00,1.00
2016.02.12 02:13:18.434,2.16422,2.16498,1.00,1.00
2016.02.12 02:13:18.758,2.16422,2.16506,1.00,1.75
2016.02.12 02:13:19.361,2.16422,2.16502,1.00,1.00
2016.02.12 02:13:19.674,2.16411,2.16502,1.00,1.00
2016.02.12 02:13:20.237,2.16412,2.16502,1.00,1.00
2016.02.12 02:13:20.792,2.16411,2.16502,1.00,1.00
2016.02.12 02:13:21.340,2.16411,2.16501,1.00,1.00
2016.02.12 02:13:24.345,2.16411,2.165,1.00,1.00
2016.02.12 02:13:26.020,2.16412,2.165,1.00,1.00
2016.02.12 02:13:26.850,2.16412,2.16503,1.00,1.12
2016.02.12 02:13:27.150,2.16422,2.16502,1.00,1.00
2016.02.12 02:13:27.353,2.16421,2.16508,1.00,1.00
2016.02.12 02:13:27.538,2.16421,2.16512,1.00,1.12
2016.02.12 02:13:27.703,2.16431,2.16512,1.00,1.00
2016.02.12 02:13:28.053,2.16431,2.16514,1.00,1.00
2016.02.12 02:13:28.255,2.16431,2.16512,1.00,1.00
2016.02.12 02:13:28.843,2.16431,2.16519,1.00,1.00
2016.02.12 02:13:29.364,2.16432,2.16518,1.00,1.00
2016.02.12 02:13:29.869,2.16431,2.16518,1.00,1.00
2016.02.12 02:13:30.377,2.16432,2.16518,1.00,1.00
2016.02.12 02:13:31.701,2.16432,2.16519,1.00,1.00
2016.02.12 02:13:35.119,2.16432,2.1652,1.00,1.00
2016.02.12 02:13:35.704,2.16431,2.1652,1.00,1.00
2016.02.12 02:13:35.910,2.16434,2.1652,1.00,1.00
2016.02.12 02:13:36.660,2.16434,2.16519,1.00,1.00
2016.02.12 02:13:36.960,2.16432,2.16519,1.00,1.00
2016.02.12 02:13:37.509,2.16431,2.16519,1.00,1.00
2016.02.12 02:13:38.199,2.16431,2.1652,1.00,1.00
2016.02.12 02:13:39.410,2.16431,2.16518,1.00,1.00
2016.02.12 02:13:40.483,2.16431,2.16514,1.00,1.00
2016.02.12 02:13:41.371,2.16434,2.16514,1.00,1.00
2016.02.12 02:13:41.623,2.16424,2.16512,1.00,1.37
2016.02.12 02:13:41.724,2.16424,2.16505,1.00,1.00
2016.02.12 02:13:41.825,2.16392,2.16486,1.00,1.00
2016.02.12 02:13:42.110,2.16392,2.1648,1.00,1.00
2016.02.12 02:13:42.420,2.16391,2.1648,1.37,1.00
2016.02.12 02:13:42.729,2.16391,2.16491,2.25,1.00
2016.02.12 02:13:43.726,2.16399,2.16488,1.37,1.00
2016.02.12 02:13:45.593,2.16402,2.16492,1.75,1.00
2016.02.12 02:13:46.704,2.16401,2.16494,1.75,1.00
2016.02.12 02:13:46.805,2.16401,2.16492,1.75,1.00
2016.02.12 02:13:47.241,2.16401,2.16487,1.75,1.00
2016.02.12 02:13:47.798,2.16401,2.16486,1.75,1.00
2016.02.12 02:13:50.091,2.16402,2.16489,1.75,1.00
2016.02.12 02:13:50.142,2.16402,2.16486,1.75,1.00
2016.02.12 02:13:50.686,2.16402,2.16487,1.75,1.00
2016.02.12 02:13:53.134,2.16402,2.16488,1.75,1.00
2016.02.12 02:13:56.328,2.16401,2.1649,1.75,1.00
2016.02.12 02:13:56.429,2.16401,2.16486,1.37,1.00
2016.02.12 02:13:56.480,2.16401,2.16486,1.00,1.00
2016.02.12 02:13:56.531,2.16401,2.16488,1.00,1.00
2016.02.12 02:13:56.682,2.16401,2.16486,1.00,1.00
2016.02.12 02:13:56.961,2.16394,2.16487,1.75,1.00
2016.02.12 02:13:57.497,2.16392,2.16486,1.75,1.50
2016.02.12 02:13:58.435,2.16397,2.16489,1.12,1.00
2016.02.12 02:13:58.486,2.16402,2.16489,1.00,1.00
2016.02.12 02:13:58.819,2.16402,2.1649,1.75,1.00
2016.02.12 02:14:00.721,2.16402,2.16489,1.75,1.00
2016.02.12 02:14:01.038,2.16402,2.16487,1.75,1.00
2016.02.12 02:14:01.590,2.16402,2.16486,1.75,1.00
2016.02.12 02:14:01.840,2.16399,2.16488,1.75,1.00
2016.02.12 02:14:01.941,2.16394,2.16482,1.50,1.00
2016.02.12 02:14:01.992,2.16394,2.16482,1.50,1.00
2016.02.12 02:14:02.143,2.16394,2.16485,1.50,1.00
2016.02.12 02:14:02.501,2.16392,2.16476,1.75,1.00
2016.02.12 02:14:02.945,2.16392,2.16484,1.75,1.00
2016.02.12 02:14:03.047,2.16391,2.16486,2.25,1.00
2016.02.12 02:14:03.248,2.16397,2.16488,1.00,1.00
2016.02.12 02:14:03.349,2.16401,2.16488,1.00,1.00
2016.02.12 02:14:04.088,2.16398,2.16488,1.00,1.00
2016.02.12 02:14:04.540,2.16396,2.16489,1.12,1.00
2016.02.12 02:14:04.958,2.16402,2.16489,1.00,1.00
2016.02.12 02:14:05.338,2.16402,2.16487,1.00,1.00
2016.02.12 02:14:06.772,2.16421,2.16496,1.00,1.00
2016.02.12 02:14:06.873,2.16406,2.16496,1.75,1.00
2016.02.12 02:14:06.974,2.16412,2.16505,1.00,1.00
2016.02.12 02:14:07.186,2.16422,2.16505,1.00,1.00
2016.02.12 02:14:07.338,2.16422,2.1651,1.37,1.00
2016.02.12 02:14:07.439,2.16422,2.16504,1.37,1.00
2016.02.12 02:14:07.540,2.16422,2.16515,1.37,1.00
2016.02.12 02:14:07.735,2.16422,2.16507,1.37,1.00
2016.02.12 02:14:07.844,2.16421,2.16516,1.50,1.00
2016.02.12 02:14:07.962,2.16421,2.16503,1.50,1.00
2016.02.12 02:14:08.070,2.16421,2.16515,1.50,1.00
2016.02.12 02:14:08.171,2.16421,2.16512,1.50,1.00
2016.02.12 02:14:09.003,2.16421,2.16507,1.00,1.00
2016.02.12 02:14:09.625,2.16422,2.16507,1.00,1.00
2016.02.12 02:14:10.142,2.16421,2.16506,1.00,1.00
2016.02.12 02:14:10.780,2.16421,2.16507,1.00,1.00
2016.02.12 02:14:11.114,2.16432,2.16516,1.00,1.00
2016.02.12 02:14:11.229,2.16418,2.16516,1.00,1.50
2016.02.12 02:14:11.280,2.16414,2.16506,1.12,1.00
2016.02.12 02:14:11.583,2.16414,2.16501,1.12,1.00
2016.02.12 02:14:12.084,2.16414,2.165,1.12,1.00
2016.02.12 02:14:12.200,2.16414,2.16504,1.12,1.00
2016.02.12 02:14:12.251,2.16414,2.16499,1.12,1.00
2016.02.12 02:14:12.453,2.16414,2.16502,1.12,1.00
2016.02.12 02:14:13.289,2.16414,2.16499,1.12,1.00
2016.02.12 02:14:13.491,2.16414,2.16502,1.12,1.00
2016.02.12 02:14:13.592,2.16414,2.16504,1.12,1.00
2016.02.12 02:14:14.142,2.16411,2.16505,1.75,1.00
2016.02.12 02:14:14.393,2.16414,2.16515,1.12,1.00
2016.02.12 02:14:14.494,2.16414,2.16506,1.12,1.00
2016.02.12 02:14:15.133,2.16412,2.16496,1.50,1.00
2016.02.12 02:14:15.284,2.16406,2.16502,1.75,1.00
2016.02.12 02:14:15.385,2.16404,2.16504,1.00,1.00
2016.02.12 02:14:15.898,2.16404,2.16497,1.00,1.00
2016.02.12 02:14:16.445,2.16403,2.16497,1.12,1.00
2016.02.12 02:14:17.354,2.16404,2.16501,1.00,1.00
2016.02.12 02:14:17.404,2.16406,2.16505,1.37,1.00
2016.02.12 02:14:17.579,2.16413,2.1651,1.00,1.00
2016.02.12 02:14:17.630,2.16413,2.1651,1.75,1.00
2016.02.12 02:14:18.458,2.16414,2.16516,2.25,1.00
2016.02.12 02:14:18.609,2.16431,2.16516,1.00,1.00
2016.02.12 02:14:18.929,2.16441,2.16526,1.00,1.00
2016.02.12 02:14:19.561,2.16441,2.16517,1.00,1.00
2016.02.12 02:14:20.424,2.16431,2.16516,1.50,1.00
2016.02.12 02:14:20.928,2.16432,2.16517,1.00,1.00
2016.02.12 02:14:21.729,2.16432,2.16506,1.00,1.00
2016.02.12 02:14:23.828,2.16431,2.16506,1.00,1.00
2016.02.12 02:14:25.137,2.16431,2.16512,1.00,1.00
2016.02.12 02:14:26.690,2.16432,2.16513,1.00,1.00
2016.02.12 02:14:26.791,2.16432,2.1651,1.00,1.00
2016.02.12 02:14:26.842,2.16414,2.1651,1.87,1.00
2016.02.12 02:14:26.893,2.16414,2.16512,1.37,1.00
2016.02.12 02:14:26.981,2.16412,2.16506,1.00,1.00
2016.02.12 02:14:27.032,2.16412,2.16496,1.00,1.00
2016.02.12 02:14:27.233,2.16432,2.16517,1.00,1.00
2016.02.12 02:14:27.789,2.16442,2.16517,1.00,1.00
2016.02.12 02:14:28.133,2.16432,2.16517,1.00,1.00
2016.02.12 02:14:28.880,2.16432,2.16506,1.00,1.00
2016.02.12 02:14:29.099,2.16432,2.16514,1.00,1.00
2016.02.12 02:14:29.500,2.16432,2.16506,1.00,1.00
2016.02.12 02:14:30.129,2.16432,2.16507,1.00,1.00
2016.02.12 02:14:30.656,2.16432,2.16506,1.00,1.00
2016.02.12 02:14:32.014,2.16422,2.16506,1.75,1.00
2016.02.12 02:14:32.166,2.16414,2.16506,1.00,1.00
2016.02.12 02:14:32.217,2.16405,2.16504,1.75,1.00
2016.02.12 02:14:32.385,2.16405,2.16504,1.00,1.00
2016.02.12 02:14:32.436,2.16405,2.16496,1.00,1.00
2016.02.12 02:14:32.955,2.16404,2.16496,1.00,1.00
2016.02.12 02:14:33.265,2.16411,2.16496,1.00,1.00
2016.02.12 02:14:35.697,2.16411,2.16497,1.00,1.00
2016.02.12 02:14:38.250,2.16411,2.16503,1.00,1.00
2016.02.12 02:14:38.301,2.16411,2.16505,1.00,1.00
2016.02.12 02:14:38.352,2.16411,2.16496,1.00,1.00
2016.02.12 02:14:39.138,2.16413,2.16507,1.00,1.00
2016.02.12 02:14:39.703,2.16413,2.16506,1.00,1.00
2016.02.12 02:14:40.208,2.16413,2.16507,1.00,1.00
2016.02.12 02:14:40.511,2.16418,2.16507,1.00,1.00
2016.02.12 02:14:40.663,2.16432,2.16522,1.00,1.00
2016.02.12 02:14:40.814,2.16441,2.16522,1.00,1.00
2016.02.12 02:14:41.153,2.16441,2.16518,1.00,1.00
2016.02.12 02:14:41.254,2.16432,2.16518,1.00,1.00
2016.02.12 02:14:41.355,2.16442,2.16518,1.00,1.00
2016.02.12 02:14:46.489,2.16441,2.16518,1.00,1.00
2016.02.12 02:14:47.028,2.16441,2.16517,1.00,1.00
2016.02.12 02:14:47.180,2.16423,2.16517,1.00,1.00
2016.02.12 02:14:47.230,2.16423,2.16509,1.00,1.00
2016.02.12 02:14:47.533,2.16412,2.16496,1.00,1.00
2016.02.12 02:14:47.584,2.16412,2.16506,1.00,1.00
2016.02.12 02:14:47.853,2.16412,2.16497,1.00,1.00
2016.02.12 02:14:47.956,2.16412,2.16503,1.00,1.00
2016.02.12 02:14:48.057,2.16422,2.16507,1.00,1.00
2016.02.12 02:14:48.360,2.16422,2.16515,1.00,1.00
2016.02.12 02:14:48.461,2.16422,2.16517,1.00,1.00
2016.02.12 02:14:48.919,2.16431,2.16517,1.00,1.00
2016.02.12 02:14:49.136,2.16421,2.16517,1.00,1.00
2016.02.12 02:14:49.338,2.16421,2.16514,1.00,1.00
2016.02.12 02:14:50.425,2.16421,2.16517,1.00,1.00
2016.02.12 02:14:50.475,2.16431,2.16517,1.00,1.00
2016.02.12 02:14:51.007,2.16431,2.16516,1.00,1.50
2016.02.12 02:14:52.019,2.16431,2.16517,1.00,1.50
2016.02.12 02:14:54.197,2.16431,2.16516,1.00,1.00
2016.02.12 02:14:54.738,2.16421,2.16516,1.00,1.00
2016.02.12 02:14:54.889,2.16424,2.16525,1.00,1.75
2016.02.12 02:14:54.990,2.16431,2.16526,1.00,1.75
2016.02.12 02:14:55.166,2.16431,2.16527,1.75,1.00
2016.02.12 02:14:55.217,2.16434,2.16536,1.12,1.00
2016.02.12 02:14:55.542,2.16441,2.16527,1.00,1.00
2016.02.12 02:14:55.845,2.16451,2.16527,1.00,1.00
2016.02.12 02:14:55.895,2.16451,2.16536,1.00,1.00
2016.02.12 02:14:58.257,2.16452,2.16536,1.00,1.00
2016.02.12 02:14:59.707,2.16452,2.16526,1.00,1.00
2016.02.12 02:15:03.139,2.16441,2.16526,1.00,1.00
2016.02.12 02:15:04.342,2.16441,2.16527,1.00,1.00
2016.02.12 02:15:04.543,2.16452,2.16527,1.00,1.00
2016.02.12 02:15:05.960,2.16442,2.16527,1.00,1.00
2016.02.12 02:15:06.079,2.16442,2.16537,1.00,1.00
2016.02.12 02:15:06.450,2.16442,2.16537,1.37,1.50
2016.02.12 02:15:06.760,2.16446,2.16537,1.00,1.00
2016.02.12 02:15:07.304,2.16451,2.16537,1.00,1.00
2016.02.12 02:15:08.309,2.16451,2.16536,1.00,1.00
2016.02.12 02:15:08.380,2.16447,2.16536,1.00,1.00
2016.02.12 02:15:08.930,2.16451,2.16536,1.00,1.00
2016.02.12 02:15:09.052,2.16451,2.16545,2.25,1.00
2016.02.12 02:15:09.104,2.16461,2.16546,1.00,1.00
2016.02.12 02:15:09.720,2.16461,2.16551,1.50,1.00
2016.02.12 02:15:09.821,2.16463,2.16556,1.00,1.00
2016.02.12 02:15:09.973,2.16463,2.16547,1.00,1.00
2016.02.12 02:15:10.289,2.16452,2.16547,1.75,1.00
2016.02.12 02:15:10.740,2.16464,2.16555,1.00,1.00
2016.02.12 02:15:10.942,2.16464,2.16566,1.75,1.00
2016.02.12 02:15:11.043,2.16464,2.16556,2.25,1.00
2016.02.12 02:15:11.372,2.16471,2.16557,1.00,1.00
2016.02.12 02:15:11.675,2.16482,2.16567,1.50,1.00
2016.02.12 02:15:11.826,2.16483,2.16577,1.37,1.00
2016.02.12 02:15:12.238,2.16493,2.16587,1.00,1.50
2016.02.12 02:15:12.496,2.16484,2.16576,1.12,1.00
2016.02.12 02:15:13.156,2.16483,2.16577,1.37,1.00
2016.02.12 02:15:13.886,2.16487,2.16577,1.00,1.00
2016.02.12 02:15:13.987,2.16483,2.16577,1.87,1.00
2016.02.12 02:15:14.567,2.1648,2.16566,1.75,1.00
2016.02.12 02:15:14.769,2.16471,2.16557,1.37,1.00
2016.02.12 02:15:14.921,2.16463,2.16557,1.87,1.00
2016.02.12 02:15:15.028,2.16474,2.16566,1.00,1.00
2016.02.12 02:15:15.230,2.16463,2.16557,1.12,1.00
2016.02.12 02:15:15.731,2.16464,2.16556,1.00,1.00
2016.02.12 02:15:15.984,2.16474,2.16565,1.00,1.00
2016.02.12 02:15:16.235,2.16463,2.16557,1.12,1.00
2016.02.12 02:15:17.287,2.16464,2.16557,1.00,1.00
2016.02.12 02:15:17.488,2.16466,2.16557,1.00,1.00
2016.02.12 02:15:18.118,2.16465,2.16557,1.00,1.00
2016.02.12 02:15:18.219,2.16463,2.16557,1.12,1.00
2016.02.12 02:15:18.386,2.16466,2.16557,1.00,1.00
2016.02.12 02:15:18.893,2.16465,2.16557,1.00,1.00
2016.02.12 02:15:20.089,2.16463,2.16557,1.12,1.00
2016.02.12 02:15:20.762,2.16464,2.16557,1.00,1.00
2016.02.12 02:15:20.813,2.16477,2.16557,1.00,1.00
2016.02.12 02:15:21.065,2.16501,2.16586,1.00,1.00
2016.02.12 02:15:21.240,2.16501,2.1658,1.00,1.00
2016.02.12 02:15:21.291,2.16494,2.1658,1.00,1.00
2016.02.12 02:15:21.493,2.16491,2.16576,1.00,1.00
2016.02.12 02:15:21.745,2.16484,2.16576,1.00,1.00
2016.02.12 02:15:21.795,2.16484,2.16565,1.00,1.00
2016.02.12 02:15:21.846,2.16471,2.16557,1.12,1.00
2016.02.12 02:15:22.048,2.16459,2.16546,1.50,1.00
2016.02.12 02:15:22.275,2.16453,2.16547,1.00,1.00
2016.02.12 02:15:22.778,2.16454,2.16546,1.00,1.00
2016.02.12 02:15:22.997,2.16456,2.16546,1.00,1.00
2016.02.12 02:15:23.359,2.16461,2.16546,1.87,1.00
2016.02.12 02:15:23.699,2.16466,2.16546,1.00,1.00
2016.02.12 02:15:24.163,2.16473,2.16567,1.00,1.00
2016.02.12 02:15:24.265,2.16473,2.16567,1.75,1.00
2016.02.12 02:15:24.815,2.16474,2.16566,1.50,1.00
2016.02.12 02:15:27.099,2.16473,2.16567,2.25,1.00
2016.02.12 02:15:27.941,2.1648,2.16567,1.37,1.00
2016.02.12 02:15:28.193,2.16483,2.16577,1.75,1.00
2016.02.12 02:15:28.859,2.16481,2.16576,1.75,1.00
2016.02.12 02:15:30.502,2.16483,2.16577,1.75,1.00
2016.02.12 02:15:30.948,2.16493,2.16587,1.00,1.00
2016.02.12 02:15:33.706,2.16494,2.16586,1.00,1.00
2016.02.12 02:15:34.928,2.16495,2.16586,1.00,1.00
2016.02.12 02:15:35.029,2.16504,2.16596,1.00,1.75
2016.02.12 02:15:35.080,2.16504,2.16596,1.00,1.00
2016.02.12 02:15:35.130,2.16509,2.16596,1.00,1.00
2016.02.12 02:15:35.231,2.16507,2.16596,1.00,1.00
2016.02.12 02:15:35.332,2.16509,2.16596,1.00,1.00
2016.02.12 02:15:35.877,2.16508,2.16596,1.00,1.00
2016.02.12 02:15:37.017,2.16509,2.16596,1.00,1.00
2016.02.12 02:15:37.224,2.16504,2.16596,1.00,1.00
2016.02.12 02:15:37.536,2.16509,2.16596,1.00,1.00
2016.02.12 02:15:37.688,2.16514,2.16606,1.00,1.00
2016.02.12 02:15:37.789,2.16509,2.16597,1.00,1.00
2016.02.12 02:15:38.093,2.16513,2.16607,1.50,1.00
2016.02.12 02:15:38.627,2.16513,2.16607,1.50,1.00
2016.02.12 02:15:38.939,2.16524,2.16616,1.00,1.00
2016.02.12 02:15:40.401,2.16523,2.16617,1.00,1.00
2016.02.12 02:15:40.704,2.16532,2.16617,1.00,1.00
2016.02.12 02:15:40.755,2.16533,2.16627,1.00,1.00
2016.02.12 02:15:40.856,2.16538,2.16626,1.00,1.00
2016.02.12 02:15:41.057,2.16538,2.16637,1.37,1.00
2016.02.12 02:15:41.208,2.16544,2.16646,1.00,1.87
2016.02.12 02:15:41.410,2.16544,2.16636,1.00,1.00
2016.02.12 02:15:41.960,2.16538,2.16627,1.37,1.00
2016.02.12 02:15:42.213,2.16534,2.16626,1.00,1.00
2016.02.12 02:15:42.488,2.16525,2.16617,1.75,1.00
2016.02.12 02:15:42.838,2.16521,2.16617,1.00,1.00
2016.02.12 02:15:42.889,2.16515,2.16617,1.75,1.00
2016.02.12 02:15:43.151,2.16519,2.16617,1.00,1.00
2016.02.12 02:15:43.516,2.16519,2.16607,1.00,1.00
2016.02.12 02:15:43.624,2.16513,2.16607,1.75,1.00
2016.02.12 02:15:43.726,2.16511,2.16606,1.00,1.00
2016.02.12 02:15:43.827,2.16513,2.16607,1.00,1.00
2016.02.12 02:15:44.159,2.16521,2.16616,1.00,1.75
2016.02.12 02:15:44.210,2.16514,2.16616,1.00,1.75
2016.02.12 02:15:44.261,2.16522,2.16616,1.00,1.75
2016.02.12 02:15:44.752,2.16523,2.16617,1.50,1.00
2016.02.12 02:15:46.120,2.16533,2.16622,1.00,1.00
2016.02.12 02:15:46.628,2.16533,2.16627,1.00,1.75
2016.02.12 02:15:47.328,2.16525,2.16627,1.00,1.75
2016.02.12 02:15:47.548,2.16528,2.16627,1.00,1.75
2016.02.12 02:15:47.932,2.16532,2.16627,1.00,1.75
2016.02.12 02:15:48.186,2.16528,2.16627,1.00,1.75
2016.02.12 02:15:48.236,2.16534,2.16626,1.00,1.75
2016.02.12 02:15:50.544,2.16532,2.16626,1.00,1.75
2016.02.12 02:15:50.596,2.16524,2.16626,1.00,1.75
2016.02.12 02:15:50.647,2.16523,2.16617,1.00,1.00
2016.02.12 02:15:50.949,2.16522,2.16607,1.00,1.00
2016.02.12 02:15:51.106,2.16524,2.16616,1.00,1.00
2016.02.12 02:15:51.310,2.16522,2.16606,1.00,1.00
2016.02.12 02:15:51.628,2.16524,2.16614,1.00,1.50
2016.02.12 02:15:51.729,2.16522,2.16607,1.00,1.00
2016.02.12 02:15:52.609,2.16521,2.16607,1.00,1.00
2016.02.12 02:15:52.834,2.16521,2.16613,1.00,1.12
2016.02.12 02:15:53.158,2.16514,2.16614,1.00,1.50
2016.02.12 02:15:53.941,2.16513,2.16607,1.00,1.00
2016.02.12 02:15:54.262,2.16493,2.16587,1.00,1.00
2016.02.12 02:15:54.600,2.16504,2.16596,1.00,1.75
2016.02.12 02:15:54.751,2.16504,2.16596,1.00,1.37
2016.02.12 02:15:54.893,2.16504,2.16596,1.00,1.00
2016.02.12 02:15:58.335,2.16503,2.16607,1.00,2.25
2016.02.12 02:15:58.386,2.16506,2.16606,1.00,1.50
2016.02.12 02:15:58.874,2.16503,2.16602,1.50,1.00
2016.02.12 02:15:59.207,2.16513,2.16606,1.00,1.50
2016.02.12 02:16:01.548,2.16506,2.16596,1.00,1.00
2016.02.12 02:16:02.029,2.16504,2.16596,1.50,1.00
2016.02.12 02:16:02.358,2.16511,2.16596,1.00,1.00
2016.02.12 02:16:02.467,2.16504,2.16596,1.50,1.00
2016.02.12 02:16:02.995,2.16504,2.16583,1.00,1.00
2016.02.12 02:16:03.096,2.16501,2.16581,1.00,1.00
2016.02.12 02:16:03.155,2.16493,2.16581,1.00,1.37
2016.02.12 02:16:03.206,2.16492,2.16575,1.00,1.00
2016.02.12 02:16:03.342,2.16482,2.16566,1.00,1.00
2016.02.12 02:16:03.393,2.16474,2.16566,1.00,1.00
2016.02.12 02:16:03.545,2.16472,2.16557,1.00,1.00
2016.02.12 02:16:03.696,2.16463,2.16557,1.75,1.00
2016.02.12 02:16:03.797,2.16464,2.16556,1.00,1.00
2016.02.12 02:16:03.848,2.16461,2.16546,1.00,1.00
2016.02.12 02:16:04.150,2.16454,2.16546,1.00,1.00
2016.02.12 02:16:05.254,2.16461,2.16546,1.00,1.00
2016.02.12 02:16:05.305,2.16461,2.16556,1.00,1.75
2016.02.12 02:16:05.356,2.16472,2.16556,1.00,1.37
2016.02.12 02:16:05.406,2.16473,2.16567,1.00,1.75
2016.02.12 02:16:05.508,2.16475,2.16567,1.00,1.75
2016.02.12 02:16:05.609,2.16483,2.16577,1.00,1.00
2016.02.12 02:16:05.710,2.16481,2.16567,1.50,1.00
2016.02.12 02:16:05.811,2.16481,2.16577,1.50,1.00
2016.02.12 02:16:06.335,2.16482,2.16577,1.00,1.00
2016.02.12 02:16:06.587,2.16483,2.16582,1.00,1.00
2016.02.12 02:16:06.638,2.16484,2.16586,1.00,1.50
2016.02.12 02:16:06.918,2.16488,2.16587,1.00,1.75
2016.02.12 02:16:08.692,2.16489,2.16587,1.00,2.25
2016.02.12 02:16:09.694,2.16491,2.16585,1.00,1.37
2016.02.12 02:16:10.608,2.1649,2.16584,1.00,1.12
2016.02.12 02:16:11.138,2.16492,2.16586,1.00,1.50
2016.02.12 02:16:11.729,2.16493,2.16586,1.00,1.50
2016.02.12 02:16:12.240,2.16501,2.16587,1.00,1.75
2016.02.12 02:16:12.290,2.16501,2.16587,1.00,1.00
2016.02.12 02:16:12.442,2.16498,2.16597,1.00,1.75
2016.02.12 02:16:12.499,2.16503,2.16596,1.00,1.75
2016.02.12 02:16:12.809,2.16509,2.16597,1.00,1.00
2016.02.12 02:16:12.859,2.16514,2.16606,1.00,1.00
2016.02.12 02:16:13.409,2.16506,2.16607,1.00,1.00
2016.02.12 02:16:13.632,2.16508,2.16607,1.00,1.00
2016.02.12 02:16:13.935,2.16511,2.16607,1.00,1.00
2016.02.12 02:16:14.239,2.16524,2.16613,1.00,1.75
2016.02.12 02:16:15.005,2.16524,2.16616,1.00,1.00
2016.02.12 02:16:15.308,2.16534,2.1662,1.00,1.37
2016.02.12 02:16:15.442,2.16524,2.16616,1.00,1.00
2016.02.12 02:16:15.745,2.16534,2.16626,1.00,1.00
2016.02.12 02:16:15.847,2.16533,2.1663,1.00,1.12
2016.02.12 02:16:15.948,2.16536,2.16637,1.00,2.25
2016.02.12 02:16:16.108,2.16533,2.16637,1.00,1.75
2016.02.12 02:16:16.209,2.16534,2.16634,1.50,1.00
2016.02.12 02:16:16.437,2.16534,2.16637,1.50,1.00
2016.02.12 02:16:16.588,2.16543,2.16639,1.00,1.00
2016.02.12 02:16:16.639,2.16543,2.16647,1.50,2.25
2016.02.12 02:16:16.740,2.16546,2.16647,1.75,1.00
2016.02.12 02:16:17.043,2.16553,2.16647,1.00,1.00
2016.02.12 02:16:17.829,2.16553,2.16653,1.00,1.00
2016.02.12 02:16:18.035,2.16553,2.16647,1.00,1.00
2016.02.12 02:16:18.347,2.16549,2.16636,1.50,1.00
2016.02.12 02:16:18.550,2.16544,2.16636,1.50,1.00
2016.02.12 02:16:19.564,2.16545,2.16636,1.00,1.00
2016.02.12 02:16:19.665,2.16552,2.16636,1.00,1.00
2016.02.12 02:16:19.812,2.16553,2.16647,1.00,1.37
2016.02.12 02:16:20.248,2.16543,2.16637,1.00,1.00
2016.02.12 02:16:24.335,2.16543,2.16635,1.00,1.00
2016.02.12 02:16:25.228,2.16543,2.16637,1.00,1.87
2016.02.12 02:16:25.278,2.16543,2.16634,1.00,1.00
2016.02.12 02:16:25.430,2.16534,2.16626,1.00,1.00
2016.02.12 02:16:25.632,2.16523,2.16617,1.00,1.00
2016.02.12 02:16:26.080,2.16534,2.16626,1.00,2.25
2016.02.12 02:16:26.585,2.16533,2.16627,1.00,1.75
2016.02.12 02:16:26.686,2.16533,2.16627,1.00,1.00
2016.02.12 02:16:27.039,2.16532,2.16616,1.00,1.00
2016.02.12 02:16:27.262,2.16524,2.16616,1.37,1.00
2016.02.12 02:16:27.363,2.16531,2.16616,1.00,1.00
2016.02.12 02:16:27.486,2.16533,2.16627,1.00,1.00
2016.02.12 02:16:30.013,2.16543,2.16637,1.00,1.75
2016.02.12 02:16:30.064,2.16543,2.16637,1.00,1.37
2016.02.12 02:16:30.165,2.16543,2.16637,1.00,1.00
2016.02.12 02:16:34.273,2.16533,2.16627,1.50,1.00
2016.02.12 02:16:34.475,2.16533,2.16627,1.12,1.00
2016.02.12 02:16:35.714,2.16533,2.16636,1.00,1.75
2016.02.12 02:16:37.777,2.16533,2.16627,1.00,1.00
2016.02.12 02:16:38.692,2.16533,2.16627,1.37,1.00
2016.02.12 02:16:38.895,2.16543,2.16637,1.00,1.00
2016.02.12 02:16:39.097,2.16544,2.16637,1.37,1.00
2016.02.12 02:16:40.709,2.16543,2.16637,1.12,1.00
2016.02.12 02:16:42.305,2.16544,2.16636,1.00,1.00
2016.02.12 02:16:43.852,2.1654,2.16627,1.00,1.00
2016.02.12 02:16:43.902,2.16533,2.16627,1.37,1.00
2016.02.12 02:16:44.828,2.16543,2.16637,1.00,1.00
2016.02.12 02:16:45.278,2.16533,2.16627,1.37,1.00
2016.02.12 02:16:45.939,2.16538,2.16627,1.00,1.00
2016.02.12 02:16:46.592,2.16536,2.16627,1.00,1.00
2016.02.12 02:16:46.927,2.16543,2.16637,1.00,1.00
2016.02.12 02:16:47.035,2.16543,2.16637,1.37,1.00
2016.02.12 02:16:47.588,2.16554,2.16646,1.00,1.00
2016.02.12 02:16:47.689,2.16544,2.16646,1.75,1.00
2016.02.12 02:16:47.740,2.1655,2.16646,1.00,1.00
2016.02.12 02:16:47.941,2.16554,2.16653,1.75,1.00
2016.02.12 02:16:48.143,2.16559,2.16647,1.00,1.00
2016.02.12 02:16:49.253,2.16562,2.16647,1.00,1.00
2016.02.12 02:16:49.450,2.16557,2.16647,1.00,1.00
2016.02.12 02:16:49.570,2.16561,2.16647,1.00,1.00
2016.02.12 02:16:49.656,2.16563,2.16657,1.00,1.00
2016.02.12 02:16:49.968,2.16563,2.16657,1.87,1.00
2016.02.12 02:16:52.097,2.16564,2.16656,1.75,1.00
2016.02.12 02:17:00.774,2.16566,2.16657,1.37,1.00
2016.02.12 02:17:01.230,2.16561,2.16646,1.75,1.00
2016.02.12 02:17:01.583,2.16551,2.16636,1.75,1.00
2016.02.12 02:17:01.751,2.16551,2.16633,1.37,1.00
2016.02.12 02:17:01.802,2.16541,2.16627,1.37,1.00
2016.02.12 02:17:01.903,2.16534,2.16626,1.00,1.00
2016.02.12 02:17:02.105,2.16532,2.16616,1.00,1.00
2016.02.12 02:17:02.206,2.16534,2.16626,1.00,1.00
2016.02.12 02:17:02.257,2.16534,2.16623,1.00,1.00
2016.02.12 02:17:02.559,2.16511,2.16596,1.37,1.00
2016.02.12 02:17:02.610,2.16511,2.16596,1.00,1.00
2016.02.12 02:17:03.113,2.16512,2.16597,1.00,1.00
2016.02.12 02:17:03.665,2.16511,2.16597,1.00,1.00
2016.02.12 02:17:03.908,2.16514,2.16606,1.00,1.12
2016.02.12 02:17:04.222,2.16514,2.16616,1.12,1.50
2016.02.12 02:17:04.330,2.16514,2.16614,1.12,1.00
2016.02.12 02:17:05.153,2.16514,2.16613,1.12,1.00
2016.02.12 02:17:06.137,2.16514,2.16614,1.12,1.00
2016.02.12 02:17:06.234,2.16514,2.16616,1.12,1.00
2016.02.12 02:17:07.256,2.16513,2.16607,2.25,1.00
2016.02.12 02:17:08.276,2.16521,2.16607,1.00,1.00
2016.02.12 02:17:08.802,2.16513,2.16607,2.25,1.00
2016.02.12 02:17:08.954,2.16511,2.16606,1.37,1.37
2016.02.12 02:17:09.005,2.16511,2.16606,1.00,1.75
2016.02.12 02:17:09.055,2.16511,2.16586,1.00,1.00
2016.02.12 02:17:09.156,2.16502,2.16586,1.00,1.00
2016.02.12 02:17:09.257,2.16502,2.16577,1.00,1.00
2016.02.12 02:17:09.358,2.16502,2.16587,1.00,1.00
2016.02.12 02:17:09.610,2.16501,2.16596,1.00,2.25
2016.02.12 02:17:09.711,2.16512,2.16596,1.00,2.25
2016.02.12 02:17:09.812,2.16501,2.16589,1.00,1.00
2016.02.12 02:17:09.963,2.16501,2.16595,1.00,1.37
2016.02.12 02:17:10.094,2.16491,2.16587,1.00,1.00
2016.02.12 02:17:10.145,2.16494,2.16584,1.00,1.00
2016.02.12 02:17:10.466,2.16484,2.16586,1.00,1.75
2016.02.12 02:17:10.806,2.16481,2.16556,1.00,1.00
2016.02.12 02:17:11.008,2.16462,2.16546,1.00,1.00
2016.02.12 02:17:11.116,2.16461,2.16537,1.00,1.00
2016.02.12 02:17:11.167,2.16452,2.16537,1.37,1.00
2016.02.12 02:17:11.218,2.16452,2.16537,1.00,1.00
2016.02.12 02:17:11.370,2.16443,2.16537,1.75,1.00
2016.02.12 02:17:11.521,2.16446,2.16537,1.00,1.00
2016.02.12 02:17:11.976,2.16442,2.16537,1.00,1.00
2016.02.12 02:17:12.026,2.16451,2.16537,1.00,1.00
2016.02.12 02:17:12.207,2.16442,2.16537,1.00,1.00
2016.02.12 02:17:12.463,2.16444,2.16537,1.00,1.00
2016.02.12 02:17:12.665,2.16442,2.16537,1.00,1.00
2016.02.12 02:17:12.896,2.16451,2.16537,1.00,1.00
2016.02.12 02:17:13.483,2.16451,2.16536,1.00,1.00
2016.02.12 02:17:15.004,2.16442,2.16536,1.00,1.00
2016.02.12 02:17:15.170,2.16444,2.16536,1.00,1.00
2016.02.12 02:17:15.666,2.16451,2.16537,1.00,1.00
2016.02.12 02:17:15.934,2.16454,2.1655,1.00,1.00
2016.02.12 02:17:15.985,2.16454,2.16556,1.00,1.87
2016.02.12 02:17:16.308,2.16462,2.16556,1.00,1.87
2016.02.12 02:17:16.661,2.16462,2.16557,1.12,1.00
2016.02.12 02:17:17.177,2.16462,2.16556,1.12,1.00
2016.02.12 02:17:18.036,2.16462,2.16546,1.12,1.00
2016.02.12 02:17:18.238,2.16452,2.16546,1.00,1.12
2016.02.12 02:17:19.767,2.16452,2.16546,1.50,1.00
2016.02.12 02:17:20.171,2.16456,2.16546,1.00,1.00
2016.02.12 02:17:20.473,2.16461,2.16546,1.00,1.00
2016.02.12 02:17:20.810,2.16462,2.16551,1.00,1.00
2016.02.12 02:17:21.014,2.16462,2.16547,1.00,1.00
2016.02.12 02:17:21.565,2.16461,2.16547,1.00,1.00
2016.02.12 02:17:22.068,2.16461,2.16546,1.00,1.00
2016.02.12 02:17:22.470,2.16452,2.16536,1.50,1.00
2016.02.12 02:17:22.672,2.16452,2.16537,1.00,1.00
2016.02.12 02:17:24.527,2.16451,2.16537,1.00,1.00
2016.02.12 02:17:26.175,2.16451,2.16536,1.00,1.00
2016.02.12 02:17:26.447,2.16452,2.16536,1.87,1.00
2016.02.12 02:17:26.548,2.16452,2.16546,2.25,1.00
2016.02.12 02:17:26.879,2.16467,2.16546,1.00,1.00
2016.02.12 02:17:26.980,2.16471,2.16556,1.00,1.00
2016.02.12 02:17:27.081,2.16474,2.16566,1.00,1.00
2016.02.12 02:17:27.182,2.16474,2.16566,1.75,1.50
2016.02.12 02:17:27.623,2.16472,2.16557,1.75,1.00
2016.02.12 02:17:30.261,2.16472,2.16567,1.75,1.00
2016.02.12 02:17:30.792,2.16472,2.16566,1.75,1.00
2016.02.12 02:17:33.573,2.16474,2.16567,1.75,1.00
2016.02.12 02:17:36.104,2.16475,2.16556,1.50,1.00
2016.02.12 02:17:37.186,2.16464,2.16547,1.37,1.00
2016.02.12 02:17:39.283,2.16464,2.16556,1.37,1.00
2016.02.12 02:17:40.592,2.16463,2.16557,2.25,1.00
2016.02.12 02:17:42.826,2.16471,2.16557,1.00,1.00
2016.02.12 02:17:43.336,2.16467,2.16557,1.00,1.00
2016.02.12 02:17:43.781,2.16467,2.16546,1.00,1.00
2016.02.12 02:17:43.831,2.16462,2.16546,1.75,1.00
2016.02.12 02:17:43.983,2.16454,2.16545,1.00,1.00
2016.02.12 02:17:44.033,2.16442,2.16527,1.50,1.00
2016.02.12 02:17:44.212,2.16433,2.16527,1.00,1.00
2016.02.12 02:17:44.263,2.16432,2.16517,1.00,1.00
2016.02.12 02:17:45.018,2.16423,2.16517,1.75,1.00
2016.02.12 02:17:45.731,2.16432,2.16517,1.00,1.00
2016.02.12 02:17:46.244,2.16424,2.16517,1.75,1.00
2016.02.12 02:17:46.944,2.16432,2.16517,1.00,1.00
2016.02.12 02:17:50.816,2.16432,2.16526,1.00,1.00
2016.02.12 02:17:51.068,2.1643,2.16516,1.37,1.00
2016.02.12 02:17:51.271,2.16432,2.16527,1.00,1.00
2016.02.12 02:17:51.767,2.16433,2.16527,1.37,1.00
2016.02.12 02:17:52.074,2.16432,2.16527,1.75,1.00
2016.02.12 02:17:56.315,2.16434,2.16517,1.75,1.00
2016.02.12 02:17:57.100,2.16433,2.16526,1.75,1.00
2016.02.12 02:17:57.201,2.16433,2.16517,1.75,1.00
2016.02.12 02:17:58.297,2.16434,2.16526,1.75,1.00
2016.02.12 02:18:02.187,2.16433,2.16517,1.75,1.00
2016.02.12 02:18:03.294,2.16435,2.16527,1.75,1.00
2016.02.12 02:18:04.455,2.16435,2.16526,1.75,1.00
2016.02.12 02:18:06.115,2.16452,2.16537,1.00,1.00
2016.02.12 02:18:06.326,2.16442,2.16537,1.12,1.00
2016.02.12 02:18:08.101,2.16442,2.16526,1.12,1.00
2016.02.12 02:18:08.673,2.16444,2.16536,1.00,1.00
2016.02.12 02:18:08.883,2.16442,2.16526,1.00,1.00
2016.02.12 02:18:09.556,2.16441,2.16526,1.12,1.00
2016.02.12 02:18:10.654,2.16442,2.16537,1.00,1.00
2016.02.12 02:18:13.720,2.16433,2.16537,2.25,1.00
2016.02.12 02:18:14.949,2.16442,2.16537,1.00,1.00
2016.02.12 02:18:15.016,2.16433,2.16519,1.75,1.00
2016.02.12 02:18:15.126,2.16433,2.16528,1.75,1.00
2016.02.12 02:18:15.509,2.16424,2.16526,1.75,1.00
2016.02.12 02:18:15.711,2.16424,2.16526,1.37,1.00
2016.02.12 02:18:17.596,2.16434,2.16526,1.00,1.00
2016.02.12 02:18:17.941,2.16424,2.16517,1.37,1.00
2016.02.12 02:18:19.644,2.16433,2.16527,1.00,1.00
2016.02.12 02:18:24.044,2.16423,2.16527,1.37,1.50
2016.02.12 02:18:25.715,2.16424,2.16516,1.87,1.00
2016.02.12 02:18:27.674,2.16433,2.16527,1.00,1.00
2016.02.12 02:18:29.658,2.16426,2.16526,1.00,1.00
2016.02.12 02:18:29.809,2.16433,2.16527,1.00,1.00
2016.02.12 02:18:31.667,2.16434,2.16526,1.00,1.00
2016.02.12 02:18:39.144,2.16433,2.16533,1.00,1.00
2016.02.12 02:18:39.696,2.16433,2.16532,1.00,1.00
2016.02.12 02:18:40.226,2.16433,2.16533,1.00,1.00
2016.02.12 02:18:41.783,2.16434,2.16526,1.00,1.00
2016.02.12 02:18:43.853,2.16433,2.16527,1.00,1.00
2016.02.12 02:18:45.952,2.16434,2.16526,1.00,1.00
2016.02.12 02:18:46.265,2.16431,2.16527,1.37,1.00
2016.02.12 02:18:46.521,2.16434,2.16526,1.00,1.00
2016.02.12 02:18:46.823,2.16424,2.16526,1.75,1.00
2016.02.12 02:18:47.914,2.16433,2.16527,1.00,1.00
2016.02.12 02:18:48.065,2.16434,2.16532,1.12,1.00
2016.02.12 02:18:48.979,2.16434,2.16533,1.12,1.00
2016.02.12 02:18:49.153,2.16434,2.16526,1.12,1.00
2016.02.12 02:18:49.668,2.16435,2.16526,1.00,1.00
2016.02.12 02:18:50.170,2.16433,2.16527,1.87,1.00
2016.02.12 02:18:50.696,2.16434,2.16526,1.87,1.00
2016.02.12 02:18:50.998,2.16444,2.16536,1.00,1.00
2016.02.12 02:18:51.803,2.16444,2.16535,1.00,1.00
2016.02.12 02:18:52.127,2.16444,2.16534,1.00,1.37
2016.02.12 02:18:52.445,2.16431,2.16517,1.00,1.00
2016.02.12 02:18:52.949,2.16432,2.16517,1.00,1.00
2016.02.12 02:18:53.104,2.16433,2.16527,1.87,1.00
2016.02.12 02:18:53.169,2.16441,2.16527,1.00,1.00
2016.02.12 02:18:53.270,2.16434,2.16526,1.75,1.00
2016.02.12 02:18:53.634,2.16434,2.16536,1.75,1.00
2016.02.12 02:18:53.797,2.16434,2.16534,2.25,1.00
2016.02.12 02:18:54.094,2.16435,2.16536,1.75,1.00
2016.02.12 02:18:54.281,2.16441,2.16536,1.00,1.00
2016.02.12 02:18:54.533,2.16447,2.16545,1.12,1.00
2016.02.12 02:18:54.634,2.16453,2.16544,1.00,1.00
2016.02.12 02:18:55.262,2.16453,2.16547,1.00,1.00
2016.02.12 02:18:55.635,2.16454,2.1655,1.00,1.00
2016.02.12 02:18:55.736,2.16454,2.1655,1.37,1.00
2016.02.12 02:18:56.039,2.16464,2.16545,1.00,1.00
2016.02.12 02:18:56.685,2.16464,2.16555,1.00,1.00
2016.02.12 02:18:56.837,2.16462,2.16546,1.00,1.00
2016.02.12 02:18:57.089,2.16466,2.16556,1.75,1.50
2016.02.12 02:19:02.315,2.16473,2.16556,1.00,1.00
2016.02.12 02:19:03.064,2.16473,2.16557,1.00,1.00
2016.02.12 02:19:03.215,2.16465,2.16557,1.75,1.00
2016.02.12 02:19:03.317,2.16471,2.16557,1.00,1.00
2016.02.12 02:19:04.524,2.16471,2.16556,1.00,1.00
2016.02.12 02:19:05.420,2.16464,2.16556,2.25,1.00
2016.02.12 02:19:06.287,2.1646,2.16547,1.75,1.00
2016.02.12 02:19:06.689,2.16453,2.16547,1.75,1.00
2016.02.12 02:19:07.206,2.16455,2.16546,1.50,1.00
2016.02.12 02:19:07.733,2.16456,2.16547,1.37,1.00
2016.02.12 02:19:08.718,2.16464,2.16547,1.00,1.00
2016.02.12 02:19:08.935,2.16468,2.16556,1.12,1.00
2016.02.12 02:19:10.444,2.1647,2.16556,1.00,1.00
2016.02.12 02:19:10.977,2.16469,2.16556,1.00,1.00
2016.02.12 02:19:11.330,2.16472,2.16556,1.00,1.00
2016.02.12 02:19:11.381,2.16472,2.16566,1.00,1.00
2016.02.12 02:19:11.817,2.16474,2.16566,1.00,1.00
2016.02.12 02:19:12.119,2.1648,2.16567,1.00,1.00
2016.02.12 02:19:12.271,2.16484,2.16576,1.00,1.50
2016.02.12 02:19:12.372,2.16476,2.16567,1.00,1.00
2016.02.12 02:19:12.834,2.16471,2.16567,1.50,1.00
2016.02.12 02:19:12.935,2.16473,2.16567,1.00,1.00
2016.02.12 02:19:13.238,2.16466,2.16556,1.50,1.00
2016.02.12 02:19:13.576,2.16472,2.16556,1.00,1.00
2016.02.12 02:19:14.094,2.16473,2.16567,1.00,1.00
2016.02.12 02:19:14.355,2.16472,2.16557,1.00,1.00
2016.02.12 02:19:14.996,2.16471,2.16557,1.00,1.00
2016.02.12 02:19:15.853,2.16473,2.16557,1.00,1.00
2016.02.12 02:19:15.908,2.16471,2.16557,1.00,1.00
2016.02.12 02:19:16.445,2.16472,2.16557,1.00,1.00
2016.02.12 02:19:16.963,2.16472,2.16567,1.00,1.00
2016.02.12 02:19:17.504,2.16474,2.16566,1.00,1.00
2016.02.12 02:19:18.722,2.16477,2.16566,1.00,1.00
2016.02.12 02:19:19.364,2.16476,2.16566,1.00,1.00
2016.02.12 02:19:19.741,2.16478,2.16567,1.37,1.00
2016.02.12 02:19:23.911,2.16472,2.16566,2.25,1.00
2016.02.12 02:19:26.524,2.16475,2.16556,1.75,1.00
2016.02.12 02:19:28.088,2.16474,2.16566,1.75,1.00
2016.02.12 02:19:28.619,2.16473,2.16567,1.75,1.00
2016.02.12 02:19:30.264,2.16485,2.16567,1.00,1.00
2016.02.12 02:19:30.517,2.16485,2.16576,1.00,1.00
2016.02.12 02:19:31.845,2.16489,2.16576,1.00,1.00
2016.02.12 02:19:32.732,2.16489,2.16576,1.37,1.00
2016.02.12 02:19:33.266,2.16493,2.16577,1.00,1.00
2016.02.12 02:19:33.775,2.16492,2.16577,1.12,1.00
2016.02.12 02:19:34.876,2.16489,2.16577,1.00,1.00
2016.02.12 02:19:35.365,2.16485,2.16577,1.00,1.00
2016.02.12 02:19:35.466,2.16482,2.16577,1.00,1.00
2016.02.12 02:19:35.853,2.16485,2.16577,1.00,1.00
2016.02.12 02:19:36.498,2.16486,2.16577,1.00,1.00
2016.02.12 02:19:36.858,2.16484,2.16577,1.00,1.50
2016.02.12 02:19:36.909,2.16484,2.16566,1.00,1.00
2016.02.12 02:19:37.319,2.16487,2.16566,1.00,1.00
2016.02.12 02:19:39.073,2.16486,2.16566,1.00,1.00
2016.02.12 02:19:39.409,2.16488,2.16566,1.00,1.00
2016.02.12 02:19:39.610,2.16481,2.16567,1.12,1.00
2016.02.12 02:19:40.489,2.16483,2.16567,1.00,1.00
2016.02.12 02:19:41.469,2.16482,2.16567,1.00,1.00
2016.02.12 02:19:41.990,2.16473,2.16567,2.25,1.00
2016.02.12 02:19:43.463,2.1648,2.16566,1.50,1.00
2016.02.12 02:19:43.774,2.1649,2.16566,1.00,1.00
2016.02.12 02:19:43.825,2.1649,2.16576,1.00,1.00
2016.02.12 02:19:43.980,2.1649,2.16576,1.37,1.00
2016.02.12 02:19:44.594,2.16496,2.16576,1.00,1.00
2016.02.12 02:19:45.985,2.16497,2.16576,1.00,1.00
2016.02.12 02:19:46.191,2.16492,2.16576,1.75,1.00
2016.02.12 02:19:46.242,2.16492,2.16566,1.75,1.00
2016.02.12 02:19:46.343,2.16501,2.16576,1.00,1.00
2016.02.12 02:19:46.394,2.16498,2.16576,1.12,1.00
2016.02.12 02:19:46.696,2.16488,2.16576,1.37,1.00
2016.02.12 02:19:46.747,2.16488,2.16576,1.00,1.00
2016.02.12 02:19:46.911,2.16495,2.16576,1.00,1.00
2016.02.12 02:19:47.474,2.16496,2.16576,1.00,1.00
2016.02.12 02:19:47.525,2.16492,2.16576,1.00,1.00
2016.02.12 02:19:47.626,2.16496,2.16576,1.00,1.00
2016.02.12 02:19:48.743,2.16496,2.16586,1.00,1.00
2016.02.12 02:19:48.794,2.16501,2.16586,1.00,1.00
2016.02.12 02:19:49.096,2.1652,2.16607,1.00,1.12
2016.02.12 02:19:49.449,2.16521,2.16597,1.00,1.00
2016.02.12 02:19:49.780,2.16521,2.16606,1.00,1.00
2016.02.12 02:19:50.082,2.16524,2.16616,1.00,1.50
2016.02.12 02:19:51.285,2.16524,2.16607,1.00,1.00
2016.02.12 02:19:52.187,2.16525,2.16607,1.00,1.00
2016.02.12 02:19:53.004,2.16527,2.16607,1.00,1.00
2016.02.12 02:19:53.055,2.16527,2.16617,1.00,1.50
2016.02.12 02:19:54.220,2.16525,2.16616,1.00,1.00
2016.02.12 02:19:55.139,2.16523,2.16617,1.00,1.00
2016.02.12 02:19:55.392,2.16523,2.16617,1.37,1.00
2016.02.12 02:19:56.038,2.16531,2.16617,1.00,1.00
2016.02.12 02:19:56.089,2.16528,2.16617,1.37,1.00
2016.02.12 02:19:56.650,2.1653,2.16617,1.00,1.00
2016.02.12 02:19:58.093,2.16534,2.16624,1.00,1.00
2016.02.12 02:19:58.627,2.16534,2.16625,1.50,1.00
2016.02.12 02:19:58.782,2.16534,2.16626,1.37,1.00
2016.02.12 02:19:59.854,2.16536,2.16629,1.75,1.00
2016.02.12 02:19:59.955,2.16549,2.16636,1.00,1.00
2016.02.12 02:20:00.106,2.16556,2.16646,1.00,1.00
2016.02.12 02:20:00.257,2.16563,2.16646,1.00,1.00
2016.02.12 02:20:00.560,2.16568,2.16646,1.00,1.00
2016.02.12 02:20:01.257,2.16575,2.16646,1.00,1.00
2016.02.12 02:20:01.561,2.16575,2.16646,1.75,1.00
2016.02.12 02:20:02.424,2.16578,2.16646,1.00,1.00
2016.02.12 02:20:03.090,2.16578,2.16666,1.00,1.00
2016.02.12 02:20:04.940,2.16576,2.16666,1.50,1.00
2016.02.12 02:20:07.251,2.16574,2.16663,1.75,1.00
2016.02.12 02:20:07.352,2.16573,2.16665,1.75,1.00
2016.02.12 02:20:07.896,2.16575,2.16666,1.75,1.00
2016.02.12 02:20:11.258,2.16602,2.16666,1.00,1.00
2016.02.12 02:20:11.701,2.16592,2.16667,1.00,1.00
2016.02.12 02:20:11.812,2.16592,2.16676,1.00,1.50
2016.02.12 02:20:12.377,2.16591,2.16676,1.00,1.50
2016.02.12 02:20:13.733,2.16592,2.16676,1.00,1.50
2016.02.12 02:20:14.234,2.16591,2.16677,1.00,1.00
2016.02.12 02:20:14.907,2.16592,2.16677,1.00,1.00
2016.02.12 02:20:16.326,2.16602,2.16683,1.00,1.00
2016.02.12 02:20:16.681,2.16592,2.16683,1.50,1.00
2016.02.12 02:20:17.497,2.16597,2.16685,1.00,1.00
2016.02.12 02:20:18.108,2.16597,2.16686,1.00,1.50
2016.02.12 02:20:19.595,2.16595,2.16683,1.00,1.00
2016.02.12 02:20:19.696,2.16593,2.16687,1.75,1.00
2016.02.12 02:20:19.747,2.16594,2.16686,1.75,1.00
2016.02.12 02:20:19.899,2.16584,2.16676,1.75,1.50
2016.02.12 02:20:20.000,2.16584,2.16672,1.75,1.00
2016.02.12 02:20:20.101,2.16583,2.16667,1.75,1.00
2016.02.12 02:20:20.814,2.16584,2.16671,1.75,1.00
2016.02.12 02:20:20.915,2.16584,2.16668,1.75,1.00
2016.02.12 02:20:21.376,2.16583,2.16674,1.75,1.00
2016.02.12 02:20:21.548,2.16583,2.16677,1.75,1.00
2016.02.12 02:20:21.598,2.16581,2.16667,1.75,1.00
2016.02.12 02:20:21.828,2.16583,2.16676,1.75,1.00
2016.02.12 02:20:22.364,2.16583,2.16677,1.75,1.00
2016.02.12 02:20:23.164,2.16593,2.16677,1.00,1.00
2016.02.12 02:20:23.215,2.16593,2.16682,1.00,1.00
2016.02.12 02:20:23.416,2.16593,2.16686,1.00,1.00
2016.02.12 02:20:24.360,2.16594,2.16686,1.00,1.50
2016.02.12 02:20:24.889,2.16594,2.16685,1.00,1.00
2016.02.12 02:20:25.041,2.16593,2.16688,1.00,1.00
2016.02.12 02:20:25.365,2.16593,2.16687,1.87,1.50
2016.02.12 02:20:25.895,2.16593,2.16684,1.50,1.00
2016.02.12 02:20:25.996,2.16594,2.16687,1.37,1.50
2016.02.12 02:20:27.487,2.16593,2.16686,1.50,1.00
2016.02.12 02:20:27.686,2.16593,2.16683,1.50,1.00
2016.02.12 02:20:29.290,2.16594,2.16686,1.37,1.00
2016.02.12 02:20:29.703,2.16599,2.16686,1.00,1.00
2016.02.12 02:20:29.804,2.16597,2.16686,1.00,1.00
2016.02.12 02:20:30.011,2.16599,2.16686,1.00,1.00
2016.02.12 02:20:30.112,2.16597,2.16686,1.00,1.00
2016.02.12 02:20:30.314,2.16599,2.16686,1.00,1.00
2016.02.12 02:20:30.415,2.16597,2.16686,1.00,1.00
2016.02.12 02:20:30.592,2.16599,2.16686,1.00,1.00
2016.02.12 02:20:30.693,2.16597,2.16686,1.00,1.00
2016.02.12 02:20:30.943,2.16601,2.16686,1.00,1.00
2016.02.12 02:20:31.319,2.16599,2.16686,1.00,1.00
2016.02.12 02:20:31.515,2.16597,2.16686,1.00,1.00
2016.02.12 02:20:31.617,2.16599,2.16686,1.00,1.00
2016.02.12 02:20:31.962,2.16594,2.16676,1.00,1.00
2016.02.12 02:20:32.013,2.16589,2.16676,1.00,1.00
2016.02.12 02:20:32.114,2.16587,2.16676,1.00,1.00
2016.02.12 02:20:32.215,2.16577,2.16676,1.75,1.00
2016.02.12 02:20:32.316,2.16574,2.16674,1.75,1.00
2016.02.12 02:20:32.422,2.16574,2.16676,2.25,1.00
2016.02.12 02:20:32.586,2.16577,2.16656,1.37,1.00
2016.02.12 02:20:32.637,2.16573,2.16656,1.50,1.00
2016.02.12 02:20:34.410,2.16565,2.16656,1.00,1.00
2016.02.12 02:20:35.240,2.16584,2.16671,1.00,1.37
2016.02.12 02:20:35.291,2.16584,2.16672,1.00,1.00
2016.02.12 02:20:35.492,2.16573,2.16667,1.37,1.00
2016.02.12 02:20:36.365,2.16584,2.16672,1.00,1.00
2016.02.12 02:20:36.624,2.16584,2.16674,1.00,1.00
2016.02.12 02:20:36.674,2.16578,2.16666,1.00,1.00
2016.02.12 02:20:37.356,2.16581,2.16674,1.00,1.00
2016.02.12 02:20:37.509,2.16574,2.16676,1.37,1.00
2016.02.12 02:20:38.346,2.16583,2.16674,1.00,1.00
2016.02.12 02:20:38.453,2.16585,2.16677,1.00,1.50
2016.02.12 02:20:38.719,2.16588,2.16677,1.00,1.00
2016.02.12 02:20:38.955,2.16586,2.16677,1.12,1.00
2016.02.12 02:20:39.056,2.16589,2.16677,1.00,1.00
2016.02.12 02:20:39.331,2.16583,2.16677,1.75,1.00
2016.02.12 02:20:41.517,2.16584,2.16676,1.50,1.00
2016.02.12 02:20:41.918,2.16584,2.16676,1.12,1.00
2016.02.12 02:20:42.724,2.16583,2.16676,1.00,1.00
2016.02.12 02:20:42.926,2.16573,2.16667,1.75,1.00
2016.02.12 02:20:43.604,2.16583,2.16671,1.00,1.00
2016.02.12 02:20:43.756,2.16583,2.16677,1.00,1.00
2016.02.12 02:20:45.676,2.16584,2.16676,1.00,1.00
2016.02.12 02:20:46.937,2.16584,2.16675,1.00,1.00
2016.02.12 02:20:47.339,2.16584,2.16673,1.00,1.00
2016.02.12 02:20:47.879,2.16584,2.16674,1.00,1.00
2016.02.12 02:20:48.331,2.16573,2.16667,1.75,1.00
2016.02.12 02:20:49.144,2.16579,2.16667,1.00,1.00
2016.02.12 02:20:49.245,2.16575,2.16667,1.12,1.00
2016.02.12 02:20:49.346,2.16593,2.16682,1.00,1.12
2016.02.12 02:20:49.648,2.16585,2.16676,1.50,1.00
2016.02.12 02:20:50.653,2.16587,2.16676,1.00,1.00
2016.02.12 02:20:51.158,2.16588,2.16676,1.00,1.00
2016.02.12 02:20:51.267,2.16593,2.16685,1.00,1.50
2016.02.12 02:20:51.894,2.16593,2.16683,1.00,1.00
2016.02.12 02:20:52.045,2.16593,2.16685,1.00,1.12
2016.02.12 02:20:52.679,2.16593,2.16687,1.00,1.50
2016.02.12 02:20:53.659,2.16593,2.16685,1.00,1.00
2016.02.12 02:20:54.523,2.16593,2.16685,1.37,1.00
2016.02.12 02:20:54.624,2.16604,2.16696,1.50,1.00
2016.02.12 02:20:54.728,2.16613,2.16697,1.00,1.00
2016.02.12 02:20:54.779,2.16613,2.16701,1.00,1.00
2016.02.12 02:20:55.182,2.16615,2.16706,1.00,1.00
2016.02.12 02:20:55.728,2.16616,2.16707,1.00,1.50
2016.02.12 02:20:56.694,2.16615,2.16706,1.00,1.00
2016.02.12 02:20:57.201,2.16614,2.16707,1.00,1.00
2016.02.12 02:20:57.252,2.16607,2.16697,1.37,1.00
2016.02.12 02:20:57.655,2.16594,2.16692,1.75,1.00
2016.02.12 02:20:57.756,2.16593,2.16695,1.75,1.00
2016.02.12 02:20:57.807,2.16593,2.16695,1.75,1.00
2016.02.12 02:20:57.949,2.16593,2.16691,1.75,1.00
2016.02.12 02:20:58.164,2.16594,2.16694,1.50,1.00
2016.02.12 02:20:58.265,2.16595,2.16692,1.37,1.00
2016.02.12 02:20:58.388,2.16599,2.16697,1.00,1.00
2016.02.12 02:20:58.439,2.16603,2.16697,1.00,1.00
2016.02.12 02:20:59.095,2.16604,2.16696,1.00,1.00
2016.02.12 02:20:59.314,2.16594,2.16697,1.50,1.00
2016.02.12 02:20:59.867,2.16603,2.16695,1.00,1.00
2016.02.12 02:20:59.968,2.16603,2.16697,1.00,1.00
2016.02.12 02:21:00.119,2.16604,2.16701,1.00,1.37
2016.02.12 02:21:00.621,2.16603,2.16702,1.00,1.50
2016.02.12 02:21:01.505,2.16604,2.16707,1.00,2.25
2016.02.12 02:21:01.972,2.16606,2.16706,1.00,1.75
2016.02.12 02:21:02.274,2.16603,2.16704,1.00,1.75
2016.02.12 02:21:02.325,2.16604,2.16696,1.00,1.00
2016.02.12 02:21:02.627,2.16614,2.16704,1.00,1.75
2016.02.12 02:21:03.003,2.16614,2.16689,1.00,1.00
2016.02.12 02:21:03.054,2.16603,2.16689,1.00,1.00
2016.02.12 02:21:03.105,2.16603,2.16668,1.00,1.00
2016.02.12 02:21:03.206,2.16573,2.16667,1.37,1.50
2016.02.12 02:21:03.257,2.16573,2.16667,1.00,1.50
2016.02.12 02:21:03.408,2.16563,2.16661,1.87,1.00
2016.02.12 02:21:03.458,2.16563,2.16661,1.50,1.00
2016.02.12 02:21:03.509,2.16563,2.16647,1.00,1.00
2016.02.12 02:21:03.713,2.16564,2.16656,1.00,1.00
2016.02.12 02:21:03.935,2.16554,2.16637,1.37,1.00
2016.02.12 02:21:03.985,2.16554,2.16637,1.00,1.00
2016.02.12 02:21:04.086,2.16544,2.16636,1.00,1.00
2016.02.12 02:21:04.396,2.16544,2.16632,1.00,1.00
2016.02.12 02:21:04.566,2.16544,2.16634,1.00,1.00
2016.02.12 02:21:04.807,2.16544,2.16628,1.00,1.00
2016.02.12 02:21:04.908,2.16544,2.16636,1.00,1.00
2016.02.12 02:21:05.029,2.16553,2.16644,1.00,1.00
2016.02.12 02:21:05.080,2.16553,2.16647,1.00,1.00
2016.02.12 02:21:06.078,2.16555,2.16647,1.00,1.00
2016.02.12 02:21:06.917,2.16556,2.16656,1.00,2.25
2016.02.12 02:21:06.968,2.16556,2.16656,1.00,1.87
2016.02.12 02:21:07.113,2.16563,2.16657,1.00,1.00
2016.02.12 02:21:07.622,2.16564,2.16656,1.00,1.00
2016.02.12 02:21:08.153,2.16563,2.16657,1.00,1.00
2016.02.12 02:21:08.524,2.16563,2.16655,1.00,1.00
2016.02.12 02:21:08.776,2.16563,2.16657,1.00,1.50
2016.02.12 02:21:08.928,2.16555,2.16656,1.12,1.00
2016.02.12 02:21:08.979,2.16555,2.16656,1.00,1.37
2016.02.12 02:21:09.578,2.16554,2.16656,1.50,1.75
2016.02.12 02:21:10.031,2.16553,2.16647,1.00,1.00
2016.02.12 02:21:10.359,2.16563,2.16657,1.00,1.75
2016.02.12 02:21:10.411,2.16563,2.16657,1.00,1.37
2016.02.12 02:21:10.512,2.16563,2.16657,1.00,1.00
2016.02.12 02:21:10.562,2.16573,2.16667,1.00,1.75
2016.02.12 02:21:11.067,2.16574,2.16675,1.00,1.75
2016.02.12 02:21:11.599,2.16573,2.16677,1.00,1.75
2016.02.12 02:21:11.784,2.16584,2.16676,1.00,1.75
2016.02.12 02:21:14.305,2.16583,2.16677,1.00,1.75
2016.02.12 02:21:14.809,2.16584,2.16676,1.00,1.75
2016.02.12 02:21:15.483,2.16583,2.16681,1.00,1.75
2016.02.12 02:21:15.963,2.16574,2.16666,1.00,1.00
2016.02.12 02:21:16.215,2.16574,2.16666,1.00,1.37
2016.02.12 02:21:16.266,2.16564,2.16666,1.00,1.75
2016.02.12 02:21:16.812,2.16564,2.1666,1.00,1.00
2016.02.12 02:21:16.963,2.16564,2.16656,1.00,1.00
2016.02.12 02:21:19.151,2.16574,2.16662,1.00,1.37
2016.02.12 02:21:19.303,2.16574,2.16666,1.00,1.87
2016.02.12 02:21:19.404,2.16574,2.16666,1.00,1.00
2016.02.12 02:21:19.987,2.16573,2.16667,1.00,1.00
2016.02.12 02:21:20.872,2.16564,2.16666,1.75,1.00
2016.02.12 02:21:23.222,2.16573,2.16667,1.00,1.00
2016.02.12 02:21:23.525,2.16584,2.16676,1.00,1.37
2016.02.12 02:21:23.738,2.16583,2.16677,1.00,1.00
2016.02.12 02:21:24.517,2.16584,2.16676,1.00,1.00
2016.02.12 02:21:25.280,2.16583,2.16685,1.00,1.37
2016.02.12 02:21:25.834,2.16583,2.16681,1.00,1.50
2016.02.12 02:21:26.136,2.16574,2.16666,1.00,1.00
2016.02.12 02:21:26.479,2.16568,2.16656,1.00,1.00
2016.02.12 02:21:26.732,2.16573,2.16667,1.00,1.00
2016.02.12 02:21:26.833,2.16573,2.16665,1.00,1.00
2016.02.12 02:21:26.934,2.16573,2.16667,1.00,1.00
2016.02.12 02:21:27.924,2.16573,2.1667,1.00,1.00
2016.02.12 02:21:28.025,2.16583,2.16676,1.00,1.75
2016.02.12 02:21:28.428,2.16583,2.16677,1.00,1.00
2016.02.12 02:21:28.479,2.16573,2.16677,1.75,1.00
2016.02.12 02:21:30.442,2.16573,2.16667,1.75,1.00
2016.02.12 02:21:30.904,2.16574,2.16676,1.75,1.00
2016.02.12 02:21:31.005,2.16573,2.16667,1.75,1.00
2016.02.12 02:21:31.582,2.16583,2.16677,1.00,1.00
2016.02.12 02:21:33.538,2.16579,2.16677,1.00,1.00
2016.02.12 02:21:34.102,2.16576,2.16676,1.50,1.00
2016.02.12 02:21:35.288,2.16573,2.16667,1.75,1.00
2016.02.12 02:21:35.792,2.16574,2.16666,1.75,1.00
2016.02.12 02:21:35.842,2.16573,2.16667,1.00,1.00
2016.02.12 02:21:36.175,2.16575,2.16667,1.00,1.00
2016.02.12 02:21:36.377,2.16573,2.16667,1.00,1.00
2016.02.12 02:21:38.264,2.16574,2.16666,1.00,1.00
2016.02.12 02:21:38.516,2.16567,2.16667,1.00,1.00
2016.02.12 02:21:38.567,2.16563,2.16667,1.50,1.00
2016.02.12 02:21:38.724,2.16563,2.16657,1.50,1.00
2016.02.12 02:21:39.939,2.16567,2.16657,1.00,1.00
2016.02.12 02:21:40.907,2.16573,2.16667,1.00,1.00
2016.02.12 02:21:41.699,2.16567,2.16657,1.00,1.00
2016.02.12 02:21:41.800,2.16573,2.16667,1.00,1.00
2016.02.12 02:21:42.593,2.16563,2.16657,2.25,1.00
2016.02.12 02:21:43.127,2.16564,2.16656,1.00,1.00
2016.02.12 02:21:43.781,2.16563,2.16657,1.00,1.00
2016.02.12 02:21:46.216,2.16553,2.16647,1.50,1.00
2016.02.12 02:21:46.267,2.16553,2.16647,1.00,1.50
2016.02.12 02:21:46.317,2.16551,2.16636,1.00,1.00
2016.02.12 02:21:46.408,2.16544,2.16636,1.75,1.00
2016.02.12 02:21:46.459,2.16544,2.16636,1.00,1.00
2016.02.12 02:21:46.661,2.16542,2.16636,1.00,1.00
2016.02.12 02:21:46.863,2.16554,2.16643,1.00,1.75
2016.02.12 02:21:47.761,2.16543,2.16641,1.00,1.12
2016.02.12 02:21:47.963,2.16554,2.1664,1.00,1.00
2016.02.12 02:21:48.165,2.16543,2.1664,1.00,1.00
2016.02.12 02:21:48.592,2.16553,2.1664,1.00,1.00
2016.02.12 02:21:50.013,2.16553,2.16636,1.00,1.00
2016.02.12 02:21:50.063,2.16543,2.16636,1.00,1.00
2016.02.12 02:21:50.567,2.16543,2.16637,1.00,1.00
2016.02.12 02:21:51.085,2.16544,2.16636,1.00,1.00
2016.02.12 02:21:52.816,2.16534,2.16626,1.50,1.00
2016.02.12 02:21:53.368,2.16534,2.16626,1.00,1.00
2016.02.12 02:21:54.290,2.16544,2.16636,1.00,1.75
2016.02.12 02:21:55.001,2.16543,2.16637,1.00,1.75
2016.02.12 02:21:55.297,2.16543,2.16637,1.00,1.00
2016.02.12 02:21:55.828,2.16544,2.16638,1.00,1.00
2016.02.12 02:21:55.929,2.16544,2.16642,1.00,1.37
2016.02.12 02:21:57.413,2.16544,2.16639,1.00,1.00
2016.02.12 02:21:57.722,2.16543,2.16637,1.00,1.00
2016.02.12 02:21:59.619,2.16544,2.16636,1.00,1.00
2016.02.12 02:22:00.185,2.16543,2.16637,1.00,1.00
2016.02.12 02:22:00.823,2.16544,2.16636,1.00,1.00
2016.02.12 02:22:01.462,2.16543,2.16637,1.00,1.00
2016.02.12 02:22:13.464,2.16544,2.16642,1.00,1.00
2016.02.12 02:22:14.000,2.16544,2.16643,1.00,1.12
2016.02.12 02:22:14.342,2.16546,2.16644,1.00,1.37
2016.02.12 02:22:14.645,2.16554,2.16646,1.00,1.00
2016.02.12 02:22:14.897,2.16547,2.16647,1.75,1.00
2016.02.12 02:22:15.533,2.16543,2.16647,1.00,1.75
2016.02.12 02:22:15.583,2.16553,2.16647,1.00,1.75
2016.02.12 02:22:18.242,2.16553,2.16641,1.00,1.00
2016.02.12 02:22:18.293,2.16544,2.16636,1.00,1.00
2016.02.12 02:22:18.545,2.16554,2.1664,1.00,1.00
2016.02.12 02:22:18.996,2.16554,2.16642,1.00,1.12
2016.02.12 02:22:19.322,2.16554,2.1664,1.00,1.00
2016.02.12 02:22:19.625,2.16554,2.16635,1.00,1.00
2016.02.12 02:22:19.726,2.16554,2.16641,1.00,1.00
2016.02.12 02:22:19.928,2.16554,2.16638,1.00,1.00
2016.02.12 02:22:20.024,2.16554,2.1664,1.00,1.00
2016.02.12 02:22:20.303,2.16554,2.16636,1.00,1.00
2016.02.12 02:22:20.629,2.16543,2.16632,1.00,1.00
2016.02.12 02:22:21.176,2.16543,2.16633,1.00,1.00
2016.02.12 02:22:21.227,2.16543,2.16635,1.00,1.00
2016.02.12 02:22:21.434,2.16543,2.16631,1.00,1.00
2016.02.12 02:22:21.936,2.16554,2.16636,1.00,1.00
2016.02.12 02:22:22.328,2.16554,2.16634,1.00,1.00
2016.02.12 02:22:23.954,2.16554,2.16636,1.00,1.00
2016.02.12 02:22:24.062,2.16554,2.16634,1.00,1.00
2016.02.12 02:22:24.263,2.16554,2.16637,1.00,1.00
2016.02.12 02:22:24.444,2.16554,2.16635,1.00,1.00
2016.02.12 02:22:24.546,2.16554,2.16637,1.00,1.00
2016.02.12 02:22:24.631,2.16554,2.16633,1.00,1.00
2016.02.12 02:22:24.966,2.16554,2.1664,1.00,1.00
2016.02.12 02:22:25.449,2.16553,2.16636,1.00,1.00
2016.02.12 02:22:25.600,2.16543,2.16636,1.00,1.00
2016.02.12 02:22:27.655,2.16554,2.16636,1.00,1.00
2016.02.12 02:22:29.402,2.16544,2.16636,1.00,1.50
2016.02.12 02:22:30.018,2.16543,2.16636,1.00,1.00
2016.02.12 02:22:30.282,2.16543,2.16639,1.00,1.00
2016.02.12 02:22:32.392,2.16554,2.16642,1.00,1.12
2016.02.12 02:22:32.694,2.16554,2.1664,1.00,1.00
2016.02.12 02:22:33.010,2.16554,2.16637,1.00,1.00
2016.02.12 02:22:33.262,2.16554,2.16641,1.00,1.00
2016.02.12 02:22:33.363,2.16554,2.16638,1.00,1.00
2016.02.12 02:22:33.598,2.16544,2.16636,1.00,1.00
2016.02.12 02:22:33.648,2.16544,2.16633,1.00,1.00
2016.02.12 02:22:34.024,2.16544,2.16635,1.00,1.00
2016.02.12 02:22:34.351,2.16544,2.16631,1.00,1.00
2016.02.12 02:22:34.855,2.16544,2.16632,1.00,1.00
2016.02.12 02:22:35.706,2.16543,2.16632,1.00,1.00
2016.02.12 02:22:36.160,2.16543,2.16627,1.00,1.00
2016.02.12 02:22:36.320,2.16533,2.16627,1.00,1.50
2016.02.12 02:22:36.754,2.16533,2.16622,1.00,1.00
2016.02.12 02:22:36.855,2.16534,2.16626,1.00,1.00
2016.02.12 02:22:36.906,2.16544,2.16632,1.00,1.75
2016.02.12 02:22:37.112,2.16534,2.16626,1.00,1.00
2016.02.12 02:22:37.767,2.16543,2.16629,1.00,1.37
2016.02.12 02:22:38.090,2.16543,2.16624,1.00,1.00
2016.02.12 02:22:38.201,2.16543,2.16627,1.00,1.00
2016.02.12 02:22:38.718,2.16543,2.16631,1.00,1.75
2016.02.12 02:22:38.769,2.16543,2.16637,1.00,1.50
2016.02.12 02:22:39.047,2.16543,2.16635,1.00,1.00
2016.02.12 02:22:39.461,2.16543,2.16637,1.00,1.50
2016.02.12 02:22:39.960,2.16543,2.16635,1.00,1.00
2016.02.12 02:22:40.461,2.16543,2.16631,1.00,1.00
2016.02.12 02:22:40.877,2.16543,2.16629,1.00,1.00
2016.02.12 02:22:41.463,2.16543,2.1663,1.00,1.00
2016.02.12 02:22:41.707,2.16543,2.16634,1.00,1.00
2016.02.12 02:22:42.221,2.16544,2.16634,1.00,1.00
2016.02.12 02:22:42.985,2.16544,2.16635,1.00,1.00
2016.02.12 02:22:43.394,2.16544,2.16633,1.00,1.00
2016.02.12 02:22:43.495,2.16533,2.16631,1.12,1.00
2016.02.12 02:22:43.596,2.16533,2.16636,1.12,1.00
2016.02.12 02:22:43.697,2.16533,2.16632,1.12,1.00
2016.02.12 02:22:44.013,2.16534,2.16626,1.00,1.00
2016.02.12 02:22:44.240,2.16534,2.16633,1.00,1.00
2016.02.12 02:22:44.895,2.16534,2.16634,1.00,1.00
2016.02.12 02:22:45.276,2.16534,2.16636,1.00,1.50
2016.02.12 02:22:45.377,2.16534,2.16634,1.00,1.00
2016.02.12 02:22:45.902,2.16534,2.16633,1.00,1.00
2016.02.12 02:22:46.222,2.16544,2.16631,1.00,1.00
2016.02.12 02:22:46.273,2.16533,2.16631,1.12,1.00
2016.02.12 02:22:46.374,2.16534,2.16635,1.00,1.00
2016.02.12 02:22:46.565,2.16543,2.16635,1.00,1.00
2016.02.12 02:22:47.069,2.16544,2.16636,1.00,1.50
2016.02.12 02:22:47.608,2.16544,2.16633,1.00,1.00
2016.02.12 02:22:47.799,2.16544,2.16635,1.00,1.00
2016.02.12 02:22:50.396,2.16544,2.16636,1.00,1.50
2016.02.12 02:22:51.976,2.16543,2.16637,1.00,1.00
2016.02.12 02:22:52.796,2.16543,2.16635,1.00,1.00
2016.02.12 02:22:53.118,2.16544,2.16632,1.00,1.00
2016.02.12 02:22:53.286,2.16544,2.16636,1.00,1.00
2016.02.12 02:22:53.589,2.16544,2.16632,1.00,1.00
2016.02.12 02:22:54.135,2.16544,2.16633,1.00,1.00
2016.02.12 02:22:54.738,2.16544,2.16636,1.00,1.50
2016.02.12 02:22:55.507,2.16544,2.16633,1.00,1.00
2016.02.12 02:22:57.891,2.16543,2.16633,1.00,1.00
2016.02.12 02:22:58.501,2.16543,2.1663,1.00,1.00
2016.02.12 02:22:58.797,2.16543,2.16634,1.00,1.00
2016.02.12 02:22:59.614,2.16543,2.16632,1.00,1.00
2016.02.12 02:23:01.348,2.16543,2.16631,1.00,1.00
2016.02.12 02:23:02.831,2.16543,2.1663,1.00,1.00
2016.02.12 02:23:03.831,2.16544,2.1663,1.00,1.00
2016.02.12 02:23:04.033,2.16544,2.16636,1.00,1.00
2016.02.12 02:23:04.134,2.16544,2.16633,1.00,1.00
2016.02.12 02:23:04.639,2.16544,2.1663,1.00,1.00
2016.02.12 02:23:04.825,2.16544,2.16636,1.00,1.00
2016.02.12 02:23:04.927,2.16544,2.1663,1.00,1.00
2016.02.12 02:23:06.441,2.16544,2.16633,1.00,1.00
2016.02.12 02:23:08.121,2.16544,2.16636,1.00,1.00
2016.02.12 02:23:08.182,2.16544,2.16636,1.50,1.00
2016.02.12 02:23:08.807,2.16546,2.16641,1.12,1.00
2016.02.12 02:23:09.723,2.16545,2.16643,1.37,1.00
2016.02.12 02:23:10.521,2.16546,2.16645,1.12,1.00
2016.02.12 02:23:11.622,2.16548,2.16646,1.00,1.00
2016.02.12 02:23:13.961,2.16543,2.16635,1.75,1.00
2016.02.12 02:23:14.264,2.16543,2.16632,1.75,1.00
2016.02.12 02:23:17.733,2.16543,2.16634,1.75,1.00
2016.02.12 02:23:18.241,2.16543,2.16635,1.75,1.00
2016.02.12 02:23:20.237,2.16543,2.16637,1.75,1.00
2016.02.12 02:23:21.475,2.16543,2.16632,1.37,1.00
2016.02.12 02:23:21.575,2.16543,2.16636,1.00,1.00
2016.02.12 02:23:22.079,2.16543,2.16635,1.00,1.00
2016.02.12 02:23:22.541,2.16543,2.16631,1.00,1.00
2016.02.12 02:23:22.642,2.16543,2.16635,1.00,1.00
2016.02.12 02:23:23.170,2.16543,2.16632,1.00,1.00
2016.02.12 02:23:23.680,2.16543,2.16636,1.00,1.00
2016.02.12 02:23:23.781,2.16543,2.16633,1.00,1.00
2016.02.12 02:23:24.083,2.16543,2.16631,1.00,1.00
2016.02.12 02:23:24.425,2.16543,2.16635,1.00,1.00
2016.02.12 02:23:24.673,2.16543,2.16633,1.00,1.00
2016.02.12 02:23:25.265,2.16543,2.16634,1.00,1.00
2016.02.12 02:23:25.664,2.16543,2.16631,1.00,1.00
2016.02.12 02:23:25.994,2.16543,2.16636,1.00,1.00
2016.02.12 02:23:26.095,2.16544,2.16634,1.00,1.00
2016.02.12 02:23:26.621,2.16543,2.16634,1.00,1.00
2016.02.12 02:23:27.162,2.16544,2.16629,1.00,1.00
2016.02.12 02:23:27.414,2.16534,2.16623,1.00,1.00
2016.02.12 02:23:27.464,2.16534,2.1662,1.00,1.00
2016.02.12 02:23:27.616,2.16523,2.16617,1.75,1.00
2016.02.12 02:23:27.666,2.16523,2.16614,1.75,1.00
2016.02.12 02:23:27.767,2.16523,2.16617,1.37,1.00
2016.02.12 02:23:27.818,2.16523,2.16617,1.00,1.00
2016.02.12 02:23:28.254,2.16524,2.16612,1.00,1.00
2016.02.12 02:23:28.654,2.16524,2.16616,1.00,1.00
2016.02.12 02:23:29.203,2.16523,2.16616,1.00,1.00
2016.02.12 02:23:29.254,2.16534,2.16616,1.00,1.00
2016.02.12 02:23:29.561,2.16534,2.16625,1.00,1.75
2016.02.12 02:23:29.662,2.16534,2.16617,1.00,1.00
2016.02.12 02:23:29.763,2.16534,2.16621,1.00,1.37
2016.02.12 02:23:30.015,2.16534,2.16622,1.00,1.00
2016.02.12 02:23:30.066,2.16534,2.16626,1.00,1.00
2016.02.12 02:23:30.167,2.16534,2.16621,1.00,1.00
2016.02.12 02:23:30.386,2.16534,2.16626,1.00,1.00
2016.02.12 02:23:30.664,2.16534,2.16623,1.00,1.00
2016.02.12 02:23:30.866,2.16534,2.16626,1.00,1.00
2016.02.12 02:23:31.064,2.16534,2.16621,1.00,1.00
2016.02.12 02:23:31.196,2.16534,2.16626,1.00,1.00
2016.02.12 02:23:32.650,2.16524,2.16616,2.25,1.00
2016.02.12 02:23:33.321,2.16524,2.16616,1.00,1.00
2016.02.12 02:23:33.691,2.16523,2.16624,1.00,1.37
2016.02.12 02:23:33.861,2.16523,2.16617,1.00,1.00
2016.02.12 02:23:34.187,2.16513,2.16607,1.37,1.00
2016.02.12 02:23:34.238,2.16513,2.16607,1.00,1.00
2016.02.12 02:23:34.339,2.16524,2.16615,1.00,3.75
2016.02.12 02:23:34.441,2.16514,2.16606,1.00,1.00
2016.02.12 02:23:34.945,2.16513,2.16607,1.00,1.00
2016.02.12 02:23:35.172,2.16513,2.16605,1.00,1.00
2016.02.12 02:23:35.323,2.16513,2.16607,1.00,1.00
2016.02.12 02:23:35.711,2.16513,2.16605,1.00,1.00
2016.02.12 02:23:36.119,2.16513,2.16607,1.00,1.50
2016.02.12 02:23:36.524,2.16514,2.16605,1.00,1.00
2016.02.12 02:23:37.122,2.16514,2.16606,1.00,1.00
2016.02.12 02:23:37.855,2.16513,2.16613,1.00,1.37
2016.02.12 02:23:37.914,2.16513,2.16608,1.00,1.00
2016.02.12 02:23:38.014,2.16513,2.1661,1.00,1.00
2016.02.12 02:23:38.317,2.16513,2.16615,1.00,1.75
2016.02.12 02:23:39.211,2.16513,2.1661,1.50,1.00
2016.02.12 02:23:39.312,2.16513,2.16612,1.50,1.12
2016.02.12 02:23:39.413,2.16516,2.16616,1.37,1.37
2016.02.12 02:23:39.464,2.16516,2.16616,1.75,1.00
2016.02.12 02:23:39.515,2.16523,2.1662,1.00,1.00
2016.02.12 02:23:39.788,2.16533,2.16618,1.00,1.00
2016.02.12 02:23:39.839,2.16533,2.16627,1.00,1.50
2016.02.12 02:23:40.293,2.16533,2.16621,1.00,1.00
2016.02.12 02:23:40.621,2.16544,2.16622,1.00,1.00
2016.02.12 02:23:40.981,2.16544,2.1662,1.00,1.00
2016.02.12 02:23:41.588,2.16544,2.16621,1.00,1.00
2016.02.12 02:23:41.940,2.16534,2.1662,1.00,1.00
2016.02.12 02:23:42.496,2.16534,2.16619,1.00,1.00
2016.02.12 02:23:43.091,2.16534,2.16618,1.00,1.00
2016.02.12 02:23:43.192,2.16534,2.1662,1.00,1.00
2016.02.12 02:23:43.569,2.16524,2.16616,1.75,1.00
2016.02.12 02:23:44.201,2.16523,2.16619,1.75,1.00
2016.02.12 02:23:45.321,2.16523,2.16617,1.75,1.00
2016.02.12 02:23:45.371,2.16523,2.16617,1.00,1.00
2016.02.12 02:23:45.422,2.16523,2.16619,1.00,1.00
2016.02.12 02:23:45.762,2.16524,2.16616,1.00,1.00
2016.02.12 02:23:50.756,2.16524,2.16614,1.00,1.00
2016.02.12 02:23:52.722,2.16524,2.16616,1.00,1.50
2016.02.12 02:23:52.823,2.16523,2.1662,1.00,1.00
2016.02.12 02:23:52.924,2.16533,2.16625,1.00,1.12
2016.02.12 02:23:53.252,2.16543,2.16629,1.00,1.00
2016.02.12 02:23:53.612,2.16543,2.16632,1.00,1.00
2016.02.12 02:23:54.112,2.16543,2.1663,1.00,1.00
2016.02.12 02:23:54.924,2.16543,2.16631,1.00,1.00
2016.02.12 02:23:55.533,2.16544,2.16631,1.00,1.00
2016.02.12 02:23:55.634,2.16544,2.16633,1.00,1.00
2016.02.12 02:23:55.937,2.16544,2.16636,1.00,1.50
2016.02.12 02:23:56.386,2.16544,2.16629,1.00,1.00
2016.02.12 02:23:56.588,2.16523,2.16618,1.00,1.00
2016.02.12 02:23:56.638,2.16523,2.16611,1.00,1.00
2016.02.12 02:23:56.789,2.16505,2.16605,1.75,1.00
2016.02.12 02:23:56.840,2.16504,2.166,1.75,1.00
2016.02.12 02:23:56.941,2.16504,2.16605,1.75,1.00
2016.02.12 02:23:56.992,2.16503,2.16597,1.75,1.00
2016.02.12 02:23:57.193,2.16513,2.16607,1.00,1.00
2016.02.12 02:23:58.957,2.16514,2.16602,1.00,1.00
2016.02.12 02:23:59.259,2.16502,2.16586,1.37,1.00
2016.02.12 02:23:59.310,2.16502,2.16586,1.00,1.00
2016.02.12 02:23:59.361,2.16494,2.16586,1.00,1.00
2016.02.12 02:23:59.748,2.16504,2.16594,1.00,1.00
2016.02.12 02:24:00.060,2.16504,2.1659,1.00,1.00
2016.02.12 02:24:00.591,2.16503,2.16591,1.00,1.00
2016.02.12 02:24:00.642,2.16503,2.16594,1.00,1.00
2016.02.12 02:24:00.844,2.16503,2.16596,1.00,1.12
2016.02.12 02:24:01.015,2.16494,2.16586,1.00,1.00
2016.02.12 02:24:01.167,2.16493,2.16591,1.00,1.00
2016.02.12 02:24:01.345,2.16493,2.16594,1.00,1.00
2016.02.12 02:24:02.580,2.16493,2.16588,1.00,1.00
2016.02.12 02:24:02.681,2.16493,2.1659,1.00,1.00
2016.02.12 02:24:03.523,2.16493,2.16593,1.50,1.00
2016.02.12 02:24:04.032,2.16493,2.16594,1.00,1.00
2016.02.12 02:24:04.083,2.16493,2.16597,1.50,1.87
2016.02.12 02:24:04.184,2.16497,2.16593,1.00,1.00
2016.02.12 02:24:04.532,2.16503,2.16593,1.00,1.00
2016.02.12 02:24:05.184,2.16503,2.16596,1.00,1.12
2016.02.12 02:24:05.456,2.16503,2.16594,1.00,1.00
2016.02.12 02:24:05.964,2.16503,2.16597,1.00,1.37
2016.02.12 02:24:06.891,2.16503,2.16592,1.00,1.00
2016.02.12 02:24:07.242,2.16504,2.16588,1.00,1.00
2016.02.12 02:24:07.750,2.16493,2.16588,1.50,1.00
2016.02.12 02:24:07.800,2.16495,2.1659,1.00,1.00
2016.02.12 02:24:08.124,2.16495,2.16586,1.00,1.00
2016.02.12 02:24:09.501,2.16494,2.16585,1.00,1.00
2016.02.12 02:24:10.665,2.16494,2.16586,1.00,1.50
2016.02.12 02:24:11.520,2.16493,2.16586,1.00,1.00
2016.02.12 02:24:12.920,2.16504,2.16586,1.00,1.00
2016.02.12 02:24:13.256,2.16504,2.16594,1.00,1.00
2016.02.12 02:24:13.306,2.16504,2.1659,1.00,1.00
2016.02.12 02:24:13.407,2.16504,2.16594,1.00,1.00
2016.02.12 02:24:14.834,2.16504,2.16594,1.00,1.37
2016.02.12 02:24:15.335,2.16504,2.16591,1.00,1.00
2016.02.12 02:24:15.881,2.16504,2.1659,1.00,1.00
2016.02.12 02:24:16.385,2.16504,2.16591,1.00,1.00
2016.02.12 02:24:17.269,2.16504,2.16585,1.00,1.00
2016.02.12 02:24:17.323,2.16504,2.1659,1.00,1.00
2016.02.12 02:24:17.895,2.16504,2.16589,1.00,1.00
2016.02.12 02:24:18.379,2.16504,2.16585,1.00,1.00
2016.02.12 02:24:18.574,2.16504,2.1659,1.00,1.00
2016.02.12 02:24:18.725,2.16504,2.16585,1.00,1.00
2016.02.12 02:24:18.826,2.16504,2.16589,1.00,1.00
2016.02.12 02:24:19.200,2.16504,2.16585,1.00,1.00
2016.02.12 02:24:19.301,2.16504,2.1659,1.00,1.00
2016.02.12 02:24:19.412,2.16504,2.16593,1.00,1.37
2016.02.12 02:24:19.613,2.16504,2.1659,1.00,1.00
2016.02.12 02:24:20.124,2.16504,2.16589,1.00,1.00
2016.02.12 02:24:20.426,2.16504,2.16584,1.00,1.00
2016.02.12 02:24:20.527,2.16504,2.16591,1.00,1.00
2016.02.12 02:24:20.729,2.16504,2.16588,1.00,1.00
2016.02.12 02:24:21.210,2.16504,2.16595,1.00,1.50
2016.02.12 02:24:22.923,2.16504,2.1659,1.00,1.00
2016.02.12 02:24:23.024,2.16504,2.16594,1.00,1.37
2016.02.12 02:24:23.225,2.16504,2.1659,1.00,1.00
2016.02.12 02:24:23.427,2.16504,2.16596,1.00,1.00
2016.02.12 02:24:23.628,2.16504,2.16592,1.00,1.00
2016.02.12 02:24:24.021,2.16504,2.1659,1.00,1.00
2016.02.12 02:24:24.329,2.16504,2.16588,1.00,1.00
2016.02.12 02:24:24.531,2.16504,2.16592,1.00,1.00
2016.02.12 02:24:24.724,2.16504,2.16588,1.00,1.00
2016.02.12 02:24:24.792,2.16504,2.16591,1.00,1.00
2016.02.12 02:24:25.700,2.16504,2.1659,1.00,1.00
2016.02.12 02:24:26.221,2.16503,2.1659,1.00,1.00
2016.02.12 02:24:27.406,2.16503,2.16594,1.00,1.37
2016.02.12 02:24:27.798,2.16503,2.16588,1.00,1.00
2016.02.12 02:24:27.900,2.16503,2.16591,1.00,1.00
2016.02.12 02:24:30.430,2.16496,2.16591,1.37,1.00
2016.02.12 02:24:30.503,2.16493,2.16595,1.75,1.00
2016.02.12 02:24:30.705,2.16498,2.16591,1.12,1.00
2016.02.12 02:24:31.085,2.16495,2.16595,1.50,1.00
2016.02.12 02:24:31.236,2.16497,2.16591,1.37,1.00
2016.02.12 02:24:32.619,2.16493,2.16592,2.25,1.00
2016.02.12 02:24:32.871,2.16493,2.16592,1.00,1.75
2016.02.12 02:24:32.972,2.16494,2.16586,1.00,1.00
2016.02.12 02:24:36.467,2.16493,2.16592,1.00,1.75
2016.02.12 02:24:36.669,2.16493,2.16593,1.50,1.00
2016.02.12 02:24:36.821,2.16497,2.16591,1.00,1.00
2016.02.12 02:24:37.146,2.16504,2.16588,1.00,1.00
2016.02.12 02:24:39.955,2.16504,2.16589,1.00,1.00
2016.02.12 02:24:40.006,2.16493,2.16589,1.50,1.00
2016.02.12 02:24:40.057,2.16493,2.16588,1.00,1.75
2016.02.12 02:24:40.381,2.16494,2.1658,1.00,1.00
2016.02.12 02:24:40.822,2.16494,2.16572,1.00,1.00
2016.02.12 02:24:41.323,2.16494,2.16575,1.00,1.00
2016.02.12 02:24:44.339,2.16494,2.16577,1.00,1.00
2016.02.12 02:24:45.029,2.16494,2.16578,1.00,1.00
2016.02.12 02:24:45.129,2.16494,2.16576,1.00,1.00
2016.02.12 02:24:46.679,2.16493,2.16576,1.00,1.00
2016.02.12 02:24:48.059,2.16493,2.16577,1.00,1.00
2016.02.12 02:24:48.159,2.16493,2.1658,1.00,1.00
2016.02.12 02:24:48.382,2.16493,2.16582,1.00,1.00
2016.02.12 02:24:48.483,2.16493,2.16587,1.00,1.50
2016.02.12 02:24:51.518,2.16503,2.16589,1.00,1.75
2016.02.12 02:24:52.509,2.16494,2.16586,1.00,1.37
2016.02.12 02:24:52.891,2.16493,2.16571,1.00,1.00
2016.02.12 02:24:52.992,2.16493,2.16574,1.00,1.00
2016.02.12 02:24:53.143,2.16493,2.1658,1.00,1.00
2016.02.12 02:24:53.345,2.16493,2.16585,1.00,1.12
2016.02.12 02:24:53.546,2.16494,2.16582,1.00,1.00
2016.02.12 02:24:53.753,2.16494,2.16593,1.00,1.75
2016.02.12 02:24:56.260,2.16493,2.16585,1.00,1.12
2016.02.12 02:24:57.815,2.16493,2.16587,1.00,1.00
2016.02.12 02:24:57.916,2.16504,2.16589,1.00,1.00
2016.02.12 02:24:58.353,2.16504,2.16587,1.00,1.00
2016.02.12 02:24:58.453,2.16504,2.16592,1.00,1.00
2016.02.12 02:24:58.995,2.16504,2.16591,1.00,1.00
2016.02.12 02:25:00.900,2.16504,2.16589,1.00,1.37
2016.02.12 02:25:01.456,2.16494,2.16589,1.00,1.37
2016.02.12 02:25:01.881,2.16494,2.16578,1.00,1.00
2016.02.12 02:25:02.085,2.16494,2.16584,1.00,1.00
2016.02.12 02:25:02.662,2.16494,2.16582,1.00,1.00
2016.02.12 02:25:02.870,2.16494,2.16588,1.00,1.12
2016.02.12 02:25:08.417,2.16494,2.16586,1.00,1.00
2016.02.12 02:25:08.719,2.16494,2.16582,1.00,1.00
2016.02.12 02:25:09.047,2.16494,2.1658,1.00,1.00
2016.02.12 02:25:09.676,2.16494,2.16581,1.00,1.00
2016.02.12 02:25:10.076,2.16494,2.16579,1.00,1.00
2016.02.12 02:25:10.592,2.16494,2.1658,1.00,1.00
2016.02.12 02:25:10.989,2.16494,2.16582,1.00,1.00
2016.02.12 02:25:11.040,2.16484,2.16576,1.00,1.00
2016.02.12 02:25:11.718,2.16484,2.16567,1.00,1.00
2016.02.12 02:25:11.769,2.16474,2.16566,1.00,1.00
2016.02.12 02:25:11.920,2.16479,2.16566,1.00,1.00
2016.02.12 02:25:12.122,2.16475,2.16566,1.00,1.00
2016.02.12 02:25:12.681,2.16474,2.16566,1.00,1.00
2016.02.12 02:25:12.782,2.16474,2.16564,1.00,1.00
2016.02.12 02:25:13.124,2.16474,2.16566,1.00,1.00
2016.02.12 02:25:13.225,2.16474,2.16562,1.00,1.00
2016.02.12 02:25:13.878,2.16484,2.16562,1.00,1.00
2016.02.12 02:25:15.090,2.16484,2.16563,1.00,1.00
2016.02.12 02:25:15.290,2.16484,2.1657,1.00,1.00
2016.02.12 02:25:15.391,2.16484,2.16565,1.00,1.00
2016.02.12 02:25:15.734,2.16484,2.16571,1.00,1.00
2016.02.12 02:25:15.786,2.16484,2.16573,1.00,1.00
2016.02.12 02:25:16.210,2.16484,2.1657,1.00,1.00
2016.02.12 02:25:16.613,2.16484,2.16572,1.00,1.00
2016.02.12 02:25:18.102,2.16484,2.16575,1.00,1.00
2016.02.12 02:25:18.585,2.16484,2.16565,1.00,1.00
2016.02.12 02:25:18.636,2.16484,2.16575,1.00,1.00
2016.02.12 02:25:18.938,2.16484,2.16564,1.00,1.00
2016.02.12 02:25:19.383,2.16481,2.16564,1.00,1.00
2016.02.12 02:25:19.728,2.16474,2.16564,1.00,1.00
2016.02.12 02:25:19.952,2.16474,2.16569,1.00,1.00
2016.02.12 02:25:20.004,2.16481,2.16565,1.00,1.00
2016.02.12 02:25:20.205,2.16483,2.16571,1.00,1.00
2016.02.12 02:25:20.717,2.16483,2.16568,1.00,1.00
2016.02.12 02:25:21.048,2.16483,2.16564,1.00,1.00
2016.02.12 02:25:21.300,2.16483,2.16566,1.00,1.00
2016.02.12 02:25:21.401,2.16483,2.16563,1.00,1.00
2016.02.12 02:25:21.621,2.16483,2.16565,1.00,1.00
2016.02.12 02:25:21.722,2.16483,2.16569,1.00,1.37
2016.02.12 02:25:22.339,2.16483,2.16563,1.00,1.00
2016.02.12 02:25:22.441,2.16473,2.16563,1.00,1.00
2016.02.12 02:25:24.529,2.16473,2.16567,1.00,1.00
2016.02.12 02:25:24.630,2.16473,2.1656,1.00,1.00
2016.02.12 02:25:24.932,2.16484,2.1656,1.00,1.00
2016.02.12 02:25:25.629,2.16484,2.16564,1.00,1.00
2016.02.12 02:25:28.277,2.16474,2.16564,1.00,1.00
2016.02.12 02:25:28.630,2.16474,2.16562,1.00,1.00
2016.02.12 02:25:28.802,2.16474,2.16569,1.00,1.00
2016.02.12 02:25:28.853,2.16481,2.16569,1.00,1.00
2016.02.12 02:25:28.954,2.16474,2.16569,1.00,1.00
2016.02.12 02:25:29.011,2.16474,2.16563,1.00,1.00
2016.02.12 02:25:29.512,2.16474,2.16564,1.00,1.00
2016.02.12 02:25:30.160,2.16474,2.16576,1.00,1.50
2016.02.12 02:25:30.261,2.16474,2.16566,1.00,1.00
2016.02.12 02:25:30.362,2.16474,2.16575,1.00,1.00
2016.02.12 02:25:30.884,2.16474,2.16576,1.00,1.50
2016.02.12 02:25:30.935,2.16474,2.16566,1.00,1.00
2016.02.12 02:25:32.230,2.16483,2.16566,1.00,1.00
2016.02.12 02:25:33.455,2.16483,2.16571,1.00,1.00
2016.02.12 02:25:33.657,2.16483,2.16568,1.00,1.00
2016.02.12 02:25:33.959,2.16483,2.16573,1.00,1.00
2016.02.12 02:25:34.474,2.16483,2.16574,1.00,1.00
2016.02.12 02:25:35.017,2.16494,2.16575,1.00,1.00
2016.02.12 02:25:35.067,2.16494,2.16578,1.00,1.12
2016.02.12 02:25:35.219,2.16483,2.16582,1.00,1.75
2016.02.12 02:25:35.320,2.16473,2.16567,1.50,1.00
2016.02.12 02:25:35.640,2.16463,2.16565,1.00,1.75
2016.02.12 02:25:35.993,2.16473,2.16562,1.00,1.37
2016.02.12 02:25:36.094,2.16453,2.16547,2.25,1.00
2016.02.12 02:25:36.296,2.16453,2.16547,1.00,1.00
2016.02.12 02:25:36.447,2.16463,2.16548,1.00,1.00
2016.02.12 02:25:36.533,2.16453,2.16547,1.00,1.00
2016.02.12 02:25:37.315,2.16463,2.16553,1.00,1.50
2016.02.12 02:25:37.620,2.16463,2.16548,1.00,1.00
2016.02.12 02:25:37.973,2.16463,2.16546,1.00,1.00
2016.02.12 02:25:38.175,2.16454,2.16545,1.50,1.00
2016.02.12 02:25:38.427,2.16464,2.16546,1.00,1.00
2016.02.12 02:25:38.579,2.16463,2.1655,1.00,1.00
2016.02.12 02:25:39.247,2.16463,2.16551,1.00,1.00
2016.02.12 02:25:39.631,2.16463,2.16555,1.00,1.00
2016.02.12 02:25:39.732,2.16463,2.16551,1.00,1.00
2016.02.12 02:25:39.834,2.16463,2.16554,1.00,1.00
2016.02.12 02:25:39.935,2.16463,2.1655,1.00,1.00
2016.02.12 02:25:40.467,2.16463,2.16551,1.00,1.00
2016.02.12 02:25:40.848,2.16463,2.16555,1.00,1.00
2016.02.12 02:25:41.479,2.16463,2.1655,1.00,1.00
2016.02.12 02:25:43.347,2.16463,2.16553,1.00,1.00
2016.02.12 02:25:43.453,2.16463,2.16557,1.00,1.50
2016.02.12 02:25:43.554,2.16463,2.16553,1.00,1.00
2016.02.12 02:25:47.660,2.16455,2.16547,1.37,1.00
2016.02.12 02:25:47.779,2.16455,2.16551,1.37,1.00
2016.02.12 02:25:48.079,2.16454,2.16551,1.00,1.12
2016.02.12 02:25:48.181,2.16454,2.16546,1.00,1.00
2016.02.12 02:25:48.549,2.16464,2.16548,1.00,1.00
2016.02.12 02:25:50.609,2.16463,2.16548,1.00,1.00
2016.02.12 02:25:50.760,2.16463,2.16557,1.00,2.25
2016.02.12 02:25:51.019,2.16464,2.1656,1.00,1.37
2016.02.12 02:25:51.070,2.16473,2.16565,1.00,1.75
2016.02.12 02:25:51.121,2.16473,2.16565,1.00,1.75
2016.02.12 02:25:52.452,2.16473,2.16558,1.00,1.00
2016.02.12 02:25:52.654,2.16473,2.16561,1.00,1.12
2016.02.12 02:25:52.705,2.16464,2.16561,1.00,1.12
2016.02.12 02:25:52.755,2.16464,2.16555,1.00,1.00
2016.02.12 02:25:53.058,2.16464,2.16549,1.00,1.12
2016.02.12 02:25:55.457,2.16464,2.16548,1.00,1.00
2016.02.12 02:25:55.958,2.16464,2.16546,1.00,1.00
2016.02.12 02:25:56.110,2.16453,2.16543,1.00,1.00
2016.02.12 02:25:56.499,2.16453,2.16547,1.00,1.50
2016.02.12 02:25:56.751,2.16464,2.16547,1.00,1.00
2016.02.12 02:25:57.061,2.16454,2.16531,1.00,1.00
2016.02.12 02:25:57.112,2.16442,2.16526,1.00,1.00
2016.02.12 02:25:57.414,2.16444,2.16536,1.00,1.50
2016.02.12 02:25:57.640,2.16451,2.16536,1.00,1.00
2016.02.12 02:25:57.943,2.16463,2.16557,1.00,1.00
2016.02.12 02:25:59.952,2.16464,2.16556,1.00,1.00
2016.02.12 02:26:02.112,2.16464,2.16555,1.00,1.00
2016.02.12 02:26:03.294,2.16464,2.16556,1.00,1.00
2016.02.12 02:26:04.120,2.16463,2.16557,1.00,1.50
2016.02.12 02:26:04.322,2.16465,2.16557,1.00,1.00
2016.02.12 02:26:04.661,2.16474,2.16562,1.00,1.00
2016.02.12 02:26:05.193,2.16474,2.16561,1.00,1.00
2016.02.12 02:26:05.549,2.16468,2.16557,1.00,1.00
2016.02.12 02:26:05.676,2.16465,2.16557,1.00,1.00
2016.02.12 02:26:06.111,2.16468,2.16557,1.00,1.00
2016.02.12 02:26:06.578,2.16466,2.16557,1.00,1.00
2016.02.12 02:26:06.822,2.16464,2.16556,1.50,1.00
2016.02.12 02:26:07.485,2.16468,2.16556,1.00,1.00
2016.02.12 02:26:07.536,2.16468,2.16562,1.00,1.00
2016.02.12 02:26:08.199,2.16463,2.16558,1.00,1.00
2016.02.12 02:26:08.401,2.16463,2.16555,1.00,1.00
2016.02.12 02:26:08.704,2.16451,2.16546,1.00,1.00
2016.02.12 02:26:09.284,2.16448,2.16545,1.37,1.00
2016.02.12 02:26:09.792,2.1645,2.16546,1.00,1.00
2016.02.12 02:26:10.344,2.16448,2.16546,1.37,1.00
2016.02.12 02:26:10.864,2.16448,2.16547,1.37,1.50
2016.02.12 02:26:10.978,2.16447,2.16543,1.50,1.00
2016.02.12 02:26:11.490,2.16449,2.16542,1.12,1.00
2016.02.12 02:26:12.856,2.16451,2.16542,1.00,1.00
2016.02.12 02:26:12.991,2.16451,2.16547,1.00,1.50
2016.02.12 02:26:13.306,2.16451,2.16543,1.00,1.00
2016.02.12 02:26:13.407,2.16451,2.16546,1.50,1.00
2016.02.12 02:26:13.808,2.16454,2.16543,1.00,1.00
2016.02.12 02:26:14.410,2.16454,2.16546,1.00,1.50
2016.02.12 02:26:18.000,2.16454,2.16543,1.00,1.00
2016.02.12 02:26:18.817,2.16454,2.16542,1.00,1.00
2016.02.12 02:26:18.924,2.16454,2.16546,1.00,1.00
2016.02.12 02:26:19.203,2.16454,2.16544,1.00,1.00
2016.02.12 02:26:19.527,2.16454,2.16546,1.00,1.50
2016.02.12 02:26:19.727,2.16454,2.16544,1.00,1.00
2016.02.12 02:26:20.129,2.16454,2.16546,1.00,1.00
2016.02.12 02:26:20.706,2.16454,2.16545,1.00,1.00
2016.02.12 02:26:21.434,2.16454,2.16544,1.00,1.00
2016.02.12 02:26:21.985,2.16454,2.16545,1.00,1.00
2016.02.12 02:26:23.603,2.16454,2.16544,1.00,1.00
2016.02.12 02:26:24.344,2.16454,2.16545,1.00,1.00
2016.02.12 02:26:25.464,2.16454,2.16546,1.50,1.00
2016.02.12 02:26:26.029,2.16455,2.16546,1.00,1.00
2016.02.12 02:26:26.689,2.16454,2.16546,1.00,1.00
2016.02.12 02:26:27.419,2.16454,2.16545,1.00,1.00
2016.02.12 02:26:27.470,2.16451,2.16545,1.50,1.00
2016.02.12 02:26:27.571,2.16453,2.16547,1.00,1.00
2016.02.12 02:26:28.060,2.16453,2.16545,1.00,1.00
2016.02.12 02:26:28.461,2.16453,2.16547,1.00,1.00
2016.02.12 02:26:28.520,2.16453,2.16545,1.00,1.00
2016.02.12 02:26:29.666,2.16454,2.16545,1.00,1.00
2016.02.12 02:26:31.231,2.16454,2.16546,1.00,1.00
2016.02.12 02:26:31.997,2.16454,2.16545,1.00,1.00
2016.02.12 02:26:32.628,2.16454,2.16546,1.00,1.00
2016.02.12 02:26:33.319,2.16454,2.16543,1.00,1.00
2016.02.12 02:26:33.649,2.16454,2.16541,1.00,1.00
2016.02.12 02:26:35.087,2.16454,2.16546,1.00,1.50
2016.02.12 02:26:35.346,2.16454,2.16542,1.00,1.00
2016.02.12 02:26:35.446,2.16454,2.16546,1.00,1.00
2016.02.12 02:26:35.747,2.16454,2.16542,1.00,1.00
2016.02.12 02:26:36.055,2.16457,2.16546,1.00,1.00
2016.02.12 02:26:36.390,2.16461,2.16547,1.00,1.00
2016.02.12 02:26:37.904,2.16464,2.16556,1.00,1.00
2016.02.12 02:26:38.156,2.16464,2.16544,1.00,1.00
2016.02.12 02:26:38.308,2.16453,2.1654,1.00,1.00
2016.02.12 02:26:38.358,2.16444,2.16537,1.75,1.00
2016.02.12 02:26:39.205,2.16444,2.16536,1.75,1.00
2016.02.12 02:26:39.990,2.1644,2.16526,1.75,1.00
2016.02.12 02:26:40.141,2.1644,2.16526,1.37,1.00
2016.02.12 02:26:40.192,2.16441,2.16526,1.00,1.00
2016.02.12 02:26:40.343,2.1644,2.16516,1.00,1.00
2016.02.12 02:26:40.444,2.1644,2.16527,1.00,1.00
2016.02.12 02:26:40.495,2.16442,2.16527,1.00,1.00
2016.02.12 02:26:41.030,2.16441,2.16527,1.00,1.00
2016.02.12 02:26:41.563,2.1644,2.16527,1.00,1.00
2016.02.12 02:26:41.862,2.16438,2.16527,1.00,1.00
2016.02.12 02:26:41.963,2.16441,2.16527,1.00,1.00
2016.02.12 02:26:42.564,2.1644,2.16527,1.00,1.00
2016.02.12 02:26:43.671,2.16439,2.16527,1.00,1.00
2016.02.12 02:26:44.890,2.1644,2.16527,1.00,1.00
2016.02.12 02:26:45.269,2.16442,2.16527,1.00,1.00
2016.02.12 02:26:45.370,2.1644,2.16527,1.00,1.00
2016.02.12 02:26:45.773,2.16438,2.16527,1.00,1.00
2016.02.12 02:26:45.874,2.1644,2.16527,1.00,1.50
2016.02.12 02:26:47.118,2.1644,2.16526,1.00,1.00
2016.02.12 02:26:47.873,2.16437,2.16526,1.12,1.00
2016.02.12 02:26:48.024,2.16436,2.16516,1.00,1.00
2016.02.12 02:26:48.152,2.16434,2.16516,1.00,1.00
2016.02.12 02:26:48.203,2.16436,2.16516,1.00,1.00
2016.02.12 02:26:48.456,2.16436,2.16525,1.00,1.00
2016.02.12 02:26:48.702,2.16435,2.16522,1.00,1.00
2016.02.12 02:26:48.813,2.16438,2.16526,1.00,1.50
2016.02.12 02:26:49.024,2.16435,2.16522,1.00,1.00
2016.02.12 02:26:49.125,2.16436,2.16526,1.00,1.00
2016.02.12 02:26:49.277,2.16434,2.16525,1.00,1.00
2016.02.12 02:26:49.778,2.16435,2.16525,1.00,1.00
2016.02.12 02:26:49.876,2.16433,2.16526,1.00,1.50
2016.02.12 02:26:50.377,2.16436,2.16523,1.00,1.00
2016.02.12 02:26:51.779,2.16431,2.16524,1.00,1.00
2016.02.12 02:26:51.830,2.16441,2.16524,1.00,1.00
2016.02.12 02:26:51.881,2.16441,2.16526,1.00,1.00
2016.02.12 02:26:51.931,2.16451,2.16526,1.00,1.00
2016.02.12 02:26:51.982,2.16451,2.16533,1.00,1.12
2016.02.12 02:26:52.680,2.16451,2.16534,1.00,1.00
2016.02.12 02:26:56.089,2.16451,2.16533,1.00,1.00
2016.02.12 02:26:56.487,2.16451,2.16529,1.00,1.00
2016.02.12 02:26:56.703,2.16451,2.16533,1.00,1.00
2016.02.12 02:26:56.905,2.16451,2.16529,1.00,1.00
2016.02.12 02:26:57.006,2.16442,2.16529,1.00,1.00
2016.02.12 02:26:58.758,2.16451,2.16529,1.00,1.00
2016.02.12 02:26:58.969,2.16442,2.16529,1.00,1.00
2016.02.12 02:26:59.215,2.16452,2.1653,1.00,1.00
2016.02.12 02:26:59.545,2.16433,2.1653,1.75,1.00
2016.02.12 02:26:59.596,2.16434,2.16526,1.50,1.00
2016.02.12 02:26:59.747,2.16434,2.1653,1.50,1.00
2016.02.12 02:26:59.798,2.16433,2.16527,1.75,1.00
2016.02.12 02:27:00.008,2.16437,2.1653,1.00,1.00
2016.02.12 02:27:00.215,2.16437,2.16527,1.00,1.00
2016.02.12 02:27:00.536,2.16441,2.16527,1.00,1.00
2016.02.12 02:27:00.617,2.16437,2.16527,1.00,1.00
2016.02.12 02:27:00.753,2.16452,2.16527,1.00,1.00
2016.02.12 02:27:00.804,2.16452,2.1653,1.00,1.00
2016.02.12 02:27:01.596,2.16452,2.16529,1.00,1.00
2016.02.12 02:27:01.798,2.16452,2.16532,1.00,1.00
2016.02.12 02:27:01.899,2.16452,2.16529,1.00,1.00
2016.02.12 02:27:02.178,2.16435,2.16526,1.12,1.00
2016.02.12 02:27:02.617,2.16452,2.16526,1.00,1.00
2016.02.12 02:27:02.773,2.16452,2.16528,1.00,1.00
2016.02.12 02:27:02.925,2.16452,2.16526,1.00,1.00
2016.02.12 02:27:03.026,2.16452,2.16529,1.00,1.00
2016.02.12 02:27:03.399,2.16452,2.16527,1.00,1.00
2016.02.12 02:27:03.537,2.16452,2.16533,1.00,1.00
2016.02.12 02:27:04.044,2.16451,2.16533,1.00,1.00
2016.02.12 02:27:04.346,2.16452,2.16535,1.00,1.00
2016.02.12 02:27:04.397,2.16461,2.16535,1.00,1.00
2016.02.12 02:27:04.902,2.16452,2.16536,1.00,1.00
2016.02.12 02:27:05.611,2.16452,2.16534,1.00,1.00
2016.02.12 02:27:07.524,2.16452,2.16535,1.00,1.00
2016.02.12 02:27:08.397,2.16452,2.16527,1.00,1.00
2016.02.12 02:27:08.447,2.1644,2.16527,1.75,1.00
2016.02.12 02:27:08.599,2.16443,2.16531,1.12,1.00
2016.02.12 02:27:09.832,2.16443,2.16532,1.00,1.00
2016.02.12 02:27:09.933,2.16434,2.16526,1.00,1.00
2016.02.12 02:27:10.469,2.16435,2.16526,1.00,1.00
2016.02.12 02:27:10.679,2.16435,2.16526,1.37,1.00
2016.02.12 02:27:10.781,2.16443,2.16531,1.00,1.00
2016.02.12 02:27:10.832,2.16443,2.16534,1.00,1.00
2016.02.12 02:27:11.238,2.16434,2.16526,2.25,1.00
2016.02.12 02:27:11.923,2.16442,2.16526,1.00,1.00
2016.02.12 02:27:12.463,2.16444,2.16526,1.00,1.00
2016.02.12 02:27:14.223,2.16444,2.16535,1.50,1.00
2016.02.12 02:27:15.320,2.16444,2.16536,1.50,1.50
2016.02.12 02:27:16.365,2.16444,2.16533,1.00,1.00
2016.02.12 02:27:16.416,2.1644,2.16533,1.37,1.00
2016.02.12 02:27:16.723,2.16439,2.1653,1.50,1.00
2016.02.12 02:27:16.824,2.16442,2.16535,1.00,1.00
2016.02.12 02:27:17.025,2.16439,2.16531,1.50,1.00
2016.02.12 02:27:18.124,2.16441,2.16532,1.12,1.00
2016.02.12 02:27:18.626,2.16441,2.16531,1.12,1.00
2016.02.12 02:27:18.754,2.16442,2.16533,1.00,1.00
2016.02.12 02:27:19.177,2.16438,2.16527,1.75,1.00
2016.02.12 02:27:19.968,2.16442,2.16527,1.00,1.00
2016.02.12 02:27:20.858,2.16441,2.16527,1.12,1.00
2016.02.12 02:27:21.190,2.16444,2.16527,1.00,1.00
2016.02.12 02:27:22.433,2.16446,2.16527,1.00,1.00
2016.02.12 02:27:22.534,2.16442,2.16527,1.00,1.00
2016.02.12 02:27:22.786,2.16444,2.16532,1.00,1.00
2016.02.12 02:27:22.988,2.1644,2.16527,1.37,1.00
2016.02.12 02:27:23.291,2.16445,2.16527,1.00,1.00
2016.02.12 02:27:23.658,2.16445,2.16536,1.00,1.00
2016.02.12 02:27:24.171,2.16444,2.16535,1.00,1.00
2016.02.12 02:27:24.714,2.16444,2.16536,1.00,1.00
2016.02.12 02:27:25.224,2.16445,2.16536,1.00,1.00
2016.02.12 02:27:25.275,2.16448,2.16536,1.00,1.00
2016.02.12 02:27:25.555,2.16444,2.16536,1.50,1.50
2016.02.12 02:27:26.078,2.16444,2.16534,1.50,1.00
2016.02.12 02:27:26.279,2.16435,2.16532,2.25,1.00
2016.02.12 02:27:26.380,2.16438,2.16529,1.75,1.00
2016.02.12 02:27:26.482,2.1644,2.16531,1.50,1.00
2016.02.12 02:27:27.020,2.16442,2.16532,1.12,1.00
2016.02.12 02:27:27.272,2.16444,2.16533,1.00,1.00
2016.02.12 02:27:32.729,2.16447,2.16536,1.00,1.50
2016.02.12 02:27:34.056,2.16448,2.16536,1.00,1.50
2016.02.12 02:27:34.356,2.16444,2.16536,1.50,1.00
2016.02.12 02:27:34.658,2.16444,2.16533,1.00,1.00
2016.02.12 02:27:34.960,2.16444,2.1653,1.00,1.00
2016.02.12 02:27:35.387,2.16444,2.16533,1.00,1.00
2016.02.12 02:27:35.438,2.16441,2.16527,1.87,1.00
2016.02.12 02:27:35.640,2.16453,2.16544,1.75,1.00
2016.02.12 02:27:35.691,2.16453,2.16539,1.75,1.00
2016.02.12 02:27:35.893,2.16451,2.16546,1.75,1.50
2016.02.12 02:27:35.960,2.16451,2.16543,1.75,1.00
2016.02.12 02:27:36.262,2.16444,2.16545,2.25,1.00
2016.02.12 02:27:36.361,2.16447,2.16538,1.75,1.00
2016.02.12 02:27:36.462,2.16445,2.16542,1.75,1.00
2016.02.12 02:27:36.512,2.16445,2.16537,1.75,1.00
2016.02.12 02:27:36.764,2.16453,2.1654,1.75,1.00
2016.02.12 02:27:37.193,2.16447,2.16536,1.75,1.00
2016.02.12 02:27:39.485,2.16453,2.16538,1.75,1.00
2016.02.12 02:27:39.586,2.16453,2.16542,1.75,1.00
2016.02.12 02:27:39.667,2.16453,2.16539,1.75,1.00
2016.02.12 02:27:39.867,2.16454,2.16542,1.50,1.00
2016.02.12 02:27:40.273,2.16454,2.16545,1.50,1.00
2016.02.12 02:27:40.375,2.16454,2.16542,1.50,1.00
2016.02.12 02:27:40.621,2.16454,2.16544,1.50,1.00
2016.02.12 02:27:41.093,2.16454,2.16546,1.50,1.50
2016.02.12 02:27:41.271,2.16454,2.16544,1.50,1.00
2016.02.12 02:27:45.417,2.16453,2.1654,1.75,1.00
2016.02.12 02:27:45.720,2.16451,2.16536,1.75,1.00
2016.02.12 02:27:45.887,2.16451,2.16536,1.00,1.00
2016.02.12 02:27:46.432,2.16452,2.16536,1.00,1.00
2016.02.12 02:27:46.965,2.16451,2.16536,1.50,1.00
2016.02.12 02:27:47.872,2.16453,2.1654,1.00,1.00
2016.02.12 02:27:48.397,2.16453,2.16539,1.00,1.00
2016.02.12 02:27:50.154,2.16452,2.16536,1.00,1.00
2016.02.12 02:27:52.690,2.16451,2.16536,1.00,1.00
2016.02.12 02:27:54.696,2.16451,2.16536,1.37,1.00
2016.02.12 02:27:55.401,2.16453,2.16537,1.75,1.00
2016.02.12 02:27:55.743,2.16455,2.16547,1.50,1.00
2016.02.12 02:27:55.794,2.16463,2.16548,1.00,1.00
2016.02.12 02:27:55.845,2.16464,2.16557,1.00,1.00
2016.02.12 02:27:55.896,2.16464,2.16566,1.50,1.75
2016.02.12 02:27:55.947,2.16482,2.16566,1.00,1.00
2016.02.12 02:27:56.101,2.16479,2.16567,1.37,1.50
2016.02.12 02:27:56.197,2.16483,2.16567,1.00,1.00
2016.02.12 02:27:56.898,2.16479,2.16567,1.37,1.00
2016.02.12 02:27:57.434,2.16481,2.16567,1.00,1.50
2016.02.12 02:27:58.417,2.16482,2.16567,1.00,1.00
2016.02.12 02:27:58.535,2.16483,2.16574,1.37,1.00
2016.02.12 02:27:59.094,2.16489,2.16575,1.75,1.00
2016.02.12 02:27:59.815,2.16492,2.16576,1.00,1.00
2016.02.12 02:28:00.117,2.16492,2.16577,1.37,1.00
2016.02.12 02:28:00.168,2.16494,2.16586,1.75,1.50
2016.02.12 02:28:00.298,2.16504,2.16593,1.75,1.50
2016.02.12 02:28:00.349,2.16504,2.16596,1.75,1.00
2016.02.12 02:28:00.601,2.16514,2.16595,1.00,1.00
2016.02.12 02:28:00.719,2.16514,2.16598,1.00,1.00
2016.02.12 02:28:00.820,2.16511,2.16595,1.37,1.00
2016.02.12 02:28:00.906,2.16512,2.16598,1.12,1.00
2016.02.12 02:28:01.221,2.16512,2.16596,1.12,1.00
2016.02.12 02:28:01.544,2.16513,2.16602,1.75,1.00
2016.02.12 02:28:01.614,2.16514,2.16604,2.25,1.00
2016.02.12 02:28:01.816,2.16523,2.16607,1.37,1.00
2016.02.12 02:28:02.026,2.16527,2.16611,1.75,1.00
2016.02.12 02:28:02.425,2.16532,2.16617,1.37,1.50
2016.02.12 02:28:02.705,2.16536,2.16621,1.75,1.00
2016.02.12 02:28:02.756,2.16544,2.16626,1.00,1.00
2016.02.12 02:28:02.807,2.16544,2.16629,1.00,1.00
2016.02.12 02:28:02.857,2.16547,2.16631,1.75,1.00
2016.02.12 02:28:03.428,2.1655,2.16634,1.37,1.00
2016.02.12 02:28:04.448,2.16546,2.16632,1.75,1.00
2016.02.12 02:28:04.514,2.16549,2.16634,1.50,1.00
2016.02.12 02:28:04.834,2.16546,2.1663,1.75,1.00
2016.02.12 02:28:05.052,2.16548,2.16634,1.75,1.00
2016.02.12 02:28:05.355,2.16557,2.16642,1.00,1.00
2016.02.12 02:28:05.456,2.16564,2.16646,1.37,1.00
2016.02.12 02:28:05.557,2.16567,2.16651,1.75,1.00
2016.02.12 02:28:05.659,2.16572,2.16656,1.00,1.00
2016.02.12 02:28:05.760,2.16572,2.16656,1.37,1.00
2016.02.12 02:28:06.099,2.16575,2.16666,1.75,1.00
2016.02.12 02:28:06.150,2.16573,2.16657,1.75,1.00
2016.02.12 02:28:07.158,2.16566,2.16656,1.75,1.00
2016.02.12 02:28:07.764,2.16569,2.16657,1.75,1.00
2016.02.12 02:28:08.207,2.16582,2.16677,1.00,2.25
2016.02.12 02:28:08.258,2.16581,2.16677,1.37,1.00
2016.02.12 02:28:08.761,2.16584,2.16676,1.75,1.00
2016.02.12 02:28:10.537,2.16593,2.16686,1.00,1.00
2016.02.12 02:28:11.128,2.16593,2.16687,1.00,1.50
2016.02.12 02:28:12.504,2.16592,2.16676,1.12,1.00
2016.02.12 02:28:14.917,2.16593,2.16687,1.00,1.50
2016.02.12 02:28:15.640,2.16593,2.16685,1.00,1.00
2016.02.12 02:28:15.943,2.16588,2.16677,1.75,1.00
2016.02.12 02:28:16.036,2.16588,2.16677,1.00,1.00
2016.02.12 02:28:16.138,2.16584,2.16676,1.00,1.00
2016.02.12 02:28:16.686,2.16584,2.16676,1.37,1.00
2016.02.12 02:28:18.086,2.16594,2.16681,1.00,1.00
2016.02.12 02:28:18.489,2.16594,2.16684,1.00,1.00
2016.02.12 02:28:19.443,2.16594,2.16678,1.00,1.00
2016.02.12 02:28:19.774,2.16594,2.1668,1.00,1.00
2016.02.12 02:28:19.844,2.16594,2.16678,1.00,1.00
2016.02.12 02:28:20.380,2.16594,2.16679,1.00,1.00
2016.02.12 02:28:20.696,2.1659,2.16676,1.75,1.00
2016.02.12 02:28:23.751,2.16597,2.16676,1.00,1.00
2016.02.12 02:28:23.852,2.16597,2.16686,1.00,1.50
2016.02.12 02:28:23.903,2.16597,2.16686,1.37,1.50
2016.02.12 02:28:24.563,2.16601,2.16687,1.50,1.00
2016.02.12 02:28:25.293,2.16604,2.16687,1.00,1.00
2016.02.12 02:28:25.805,2.16603,2.16686,1.12,1.00
2016.02.12 02:28:26.347,2.16604,2.16686,1.00,1.00
2016.02.12 02:28:26.859,2.16602,2.16687,1.37,1.00
2016.02.12 02:28:28.405,2.16605,2.16687,1.00,1.00
2016.02.12 02:28:28.657,2.16605,2.16694,1.00,1.00
2016.02.12 02:28:28.751,2.16599,2.16696,1.75,1.00
2016.02.12 02:28:29.661,2.16602,2.16686,1.37,1.00
2016.02.12 02:28:30.062,2.16609,2.16686,1.00,1.00
2016.02.12 02:28:30.264,2.16607,2.16686,1.00,1.00
2016.02.12 02:28:30.671,2.16603,2.16697,1.12,1.00
2016.02.12 02:28:31.266,2.16607,2.16694,1.00,1.00
2016.02.12 02:28:31.667,2.16607,2.16697,1.00,1.50
2016.02.12 02:28:31.768,2.16604,2.16694,1.00,1.00
2016.02.12 02:28:32.106,2.16608,2.16686,1.00,1.00
2016.02.12 02:28:32.770,2.16604,2.16686,1.00,1.00
2016.02.12 02:28:33.072,2.16606,2.16686,1.00,1.00
2016.02.12 02:28:33.603,2.16602,2.16686,1.37,1.00
2016.02.12 02:28:33.884,2.16605,2.16686,1.00,1.00
2016.02.12 02:28:33.935,2.16605,2.16696,1.00,1.00
2016.02.12 02:28:34.413,2.16611,2.16696,1.00,1.00
2016.02.12 02:28:34.714,2.1661,2.16696,1.75,1.50
2016.02.12 02:28:38.002,2.16606,2.16687,1.75,1.00
2016.02.12 02:28:38.448,2.16604,2.16687,1.00,1.00
2016.02.12 02:28:38.509,2.16596,2.16686,2.25,1.00
2016.02.12 02:28:38.811,2.16596,2.1668,1.75,1.00
2016.02.12 02:28:39.382,2.16596,2.16682,1.75,1.00
2016.02.12 02:28:39.483,2.16595,2.1668,1.75,1.00
2016.02.12 02:28:40.048,2.16597,2.16681,1.75,1.00
2016.02.12 02:28:40.220,2.16595,2.16684,1.75,1.00
2016.02.12 02:28:40.786,2.16595,2.16682,1.75,1.00
2016.02.12 02:28:41.202,2.16595,2.16687,1.75,1.00
2016.02.12 02:28:41.304,2.16603,2.16689,1.00,1.00
2016.02.12 02:28:41.405,2.16603,2.16697,1.00,1.00
2016.02.12 02:28:41.506,2.16606,2.16697,1.00,1.00
2016.02.12 02:28:41.808,2.16603,2.16697,1.75,1.00
2016.02.12 02:28:42.060,2.16603,2.16697,1.00,1.00
2016.02.12 02:28:42.438,2.16613,2.16703,1.00,1.00
2016.02.12 02:28:42.539,2.16604,2.16696,1.00,1.00
2016.02.12 02:28:43.069,2.16613,2.16707,1.00,1.37
2016.02.12 02:28:43.581,2.16613,2.16703,1.00,1.00
2016.02.12 02:28:43.886,2.16605,2.16697,1.75,1.00
2016.02.12 02:28:44.340,2.16613,2.16697,1.00,1.00
2016.02.12 02:28:44.693,2.16617,2.16697,1.00,1.00
2016.02.12 02:28:44.955,2.16618,2.16707,1.75,1.00
2016.02.12 02:28:46.308,2.16613,2.16705,1.75,1.00
2016.02.12 02:28:46.459,2.16613,2.16704,1.00,1.00
2016.02.12 02:28:46.798,2.16607,2.16696,1.00,1.00
2016.02.12 02:28:47.030,2.16614,2.16704,1.00,1.00
2016.02.12 02:28:47.201,2.16614,2.16706,1.00,1.00
2016.02.12 02:28:47.353,2.16609,2.16696,1.00,1.00
2016.02.12 02:28:47.604,2.16616,2.16715,1.00,1.00
2016.02.12 02:28:47.706,2.16618,2.16715,1.00,1.00
2016.02.12 02:28:48.010,2.1662,2.16707,1.00,1.00
2016.02.12 02:28:48.514,2.16617,2.16707,1.00,1.00
2016.02.12 02:28:48.649,2.16614,2.16706,1.50,1.00
2016.02.12 02:28:48.700,2.16621,2.16706,1.00,1.00
2016.02.12 02:28:48.801,2.16621,2.16717,1.00,1.00
2016.02.12 02:28:49.104,2.16614,2.16717,1.00,1.00
2016.02.12 02:28:49.154,2.16624,2.16716,1.00,1.00
2016.02.12 02:28:50.228,2.16623,2.16719,1.50,1.00
2016.02.12 02:28:50.329,2.16626,2.1672,1.00,1.00
2016.02.12 02:28:50.504,2.1663,2.16726,1.00,1.00
2016.02.12 02:28:51.599,2.1663,2.16716,1.00,1.00
2016.02.12 02:28:51.795,2.16633,2.16726,1.00,1.00
2016.02.12 02:28:52.299,2.16633,2.16727,1.00,1.00
2016.02.12 02:28:52.550,2.16633,2.16725,1.00,1.00
2016.02.12 02:28:52.752,2.16633,2.16727,1.00,1.50
2016.02.12 02:28:52.853,2.16633,2.16723,1.00,1.00
2016.02.12 02:28:53.045,2.16633,2.16725,1.00,1.00
2016.02.12 02:28:53.348,2.16633,2.16727,1.00,1.50
2016.02.12 02:28:53.550,2.16633,2.16725,1.00,1.00
2016.02.12 02:28:53.651,2.16633,2.16727,1.00,1.00
2016.02.12 02:28:53.953,2.16629,2.16716,1.00,1.00
2016.02.12 02:28:54.189,2.16633,2.16726,1.00,1.00
2016.02.12 02:28:55.714,2.16633,2.16723,1.00,1.00
2016.02.12 02:28:56.215,2.16633,2.16724,1.00,1.00
2016.02.12 02:28:56.616,2.16633,2.16722,1.00,1.00
2016.02.12 02:28:57.227,2.16634,2.16723,1.00,1.00
2016.02.12 02:28:58.728,2.16633,2.16727,1.50,1.00
2016.02.12 02:28:58.792,2.16644,2.16734,1.00,1.00
2016.02.12 02:28:59.044,2.16633,2.16727,1.00,1.00
2016.02.12 02:28:59.422,2.16633,2.16724,1.00,1.00
2016.02.12 02:28:59.573,2.16623,2.16718,1.00,1.00
2016.02.12 02:28:59.624,2.16628,2.16719,1.00,1.00
2016.02.12 02:28:59.948,2.16628,2.16716,1.00,1.00
2016.02.12 02:29:00.049,2.16624,2.16716,1.00,1.00
2016.02.12 02:29:00.150,2.16617,2.16707,1.00,1.00
2016.02.12 02:29:00.251,2.16613,2.16707,1.00,1.00
2016.02.12 02:29:00.475,2.16613,2.16715,1.00,1.00
2016.02.12 02:29:00.764,2.16617,2.16713,1.00,1.00
2016.02.12 02:29:01.067,2.16623,2.16714,1.00,1.00
2016.02.12 02:29:01.370,2.16618,2.16707,1.00,1.00
2016.02.12 02:29:01.577,2.16624,2.16716,1.00,1.00
2016.02.12 02:29:02.453,2.16623,2.16717,1.00,1.00
2016.02.12 02:29:03.131,2.16627,2.16717,1.00,1.00
2016.02.12 02:29:03.357,2.16623,2.16717,1.00,1.00
2016.02.12 02:29:03.458,2.16625,2.16717,1.00,1.00
2016.02.12 02:29:03.559,2.16633,2.16727,1.00,1.50
2016.02.12 02:29:03.660,2.16634,2.16722,1.00,1.00
2016.02.12 02:29:04.178,2.16633,2.16722,1.00,1.00
2016.02.12 02:29:04.522,2.16633,2.16718,1.00,1.00
2016.02.12 02:29:04.573,2.16633,2.1672,1.00,1.00
2016.02.12 02:29:04.969,2.16633,2.16722,1.00,1.00
2016.02.12 02:29:05.334,2.16633,2.1672,1.00,1.00
2016.02.12 02:29:05.483,2.16633,2.16722,1.00,1.00
2016.02.12 02:29:05.684,2.16633,2.16725,1.00,1.00
2016.02.12 02:29:05.804,2.16623,2.16725,1.00,1.00
2016.02.12 02:29:05.855,2.16623,2.16727,1.50,1.00
2016.02.12 02:29:06.056,2.16623,2.16725,1.00,1.00
2016.02.12 02:29:06.286,2.16623,2.16727,1.00,1.50
2016.02.12 02:29:06.789,2.16623,2.16726,1.50,1.00
2016.02.12 02:29:07.179,2.1663,2.16727,1.00,1.00
2016.02.12 02:29:07.239,2.16628,2.16727,1.00,1.00
2016.02.12 02:29:07.340,2.16623,2.16725,1.50,1.00
2016.02.12 02:29:07.441,2.16623,2.16727,1.00,1.00
2016.02.12 02:29:07.915,2.16633,2.16727,1.00,1.00
2016.02.12 02:29:08.260,2.16643,2.16735,1.00,1.00
2016.02.12 02:29:08.361,2.16643,2.16737,1.00,1.00
2016.02.12 02:29:08.865,2.16644,2.1673,1.00,1.00
2016.02.12 02:29:08.916,2.16634,2.16726,1.00,1.00
2016.02.12 02:29:09.644,2.16636,2.16726,1.00,1.00
2016.02.12 02:29:09.801,2.16636,2.16733,1.00,1.00
2016.02.12 02:29:09.852,2.16634,2.16728,1.00,1.00
2016.02.12 02:29:10.353,2.16633,2.16727,1.00,1.00
2016.02.12 02:29:11.901,2.16643,2.16737,1.00,1.00
2016.02.12 02:29:12.408,2.16644,2.16736,1.00,1.50
2016.02.12 02:29:12.760,2.16644,2.16733,1.00,1.00
2016.02.12 02:29:12.966,2.16644,2.16736,1.00,1.00
2016.02.12 02:29:13.382,2.16646,2.16737,1.00,1.00
2016.02.12 02:29:13.433,2.16646,2.1674,1.00,1.00
2016.02.12 02:29:13.484,2.16646,2.16738,1.00,1.00
2016.02.12 02:29:13.585,2.16644,2.1674,1.00,1.00
2016.02.12 02:29:13.988,2.16644,2.16736,1.00,1.00
2016.02.12 02:29:15.843,2.16643,2.16737,1.50,1.00
2016.02.12 02:29:16.395,2.16644,2.16737,1.00,1.00
2016.02.12 02:29:18.585,2.16644,2.16736,1.50,1.00
2016.02.12 02:29:19.162,2.16645,2.16736,1.00,1.00
2016.02.12 02:29:19.763,2.16644,2.16736,1.00,1.00
2016.02.12 02:29:20.083,2.16654,2.1674,1.00,1.00
2016.02.12 02:29:20.514,2.16654,2.16742,1.00,1.00
2016.02.12 02:29:20.666,2.16654,2.16746,1.00,1.50
2016.02.12 02:29:21.170,2.16653,2.16745,1.00,1.00
2016.02.12 02:29:21.275,2.16643,2.16737,1.00,1.00
2016.02.12 02:29:21.335,2.16653,2.16744,1.00,1.00
2016.02.12 02:29:21.486,2.16643,2.16737,1.00,1.00
2016.02.12 02:29:22.200,2.16643,2.16736,1.00,1.00
2016.02.12 02:29:22.352,2.16634,2.16736,1.00,1.50
2016.02.12 02:29:22.402,2.16634,2.16734,1.00,1.00
2016.02.12 02:29:22.705,2.16632,2.16726,1.00,1.00
2016.02.12 02:29:22.806,2.16624,2.16726,1.00,1.00
2016.02.12 02:29:23.108,2.16626,2.16725,1.00,1.00
2016.02.12 02:29:23.457,2.16625,2.16723,1.00,1.00
2016.02.12 02:29:23.795,2.16631,2.16726,1.00,1.00
2016.02.12 02:29:24.183,2.16633,2.16727,1.00,1.00
2016.02.12 02:29:25.404,2.16634,2.16726,1.00,1.00
2016.02.12 02:29:26.004,2.16634,2.16725,1.00,1.00
2016.02.12 02:29:30.295,2.16634,2.16726,1.00,1.00
2016.02.12 02:29:30.396,2.16634,2.1673,1.00,1.00
2016.02.12 02:29:32.664,2.16644,2.1673,1.00,1.00
2016.02.12 02:29:33.289,2.16644,2.16726,1.00,1.00
2016.02.12 02:29:35.304,2.16636,2.16726,1.00,1.00
2016.02.12 02:29:35.526,2.16643,2.16726,1.00,1.00
2016.02.12 02:29:35.694,2.16643,2.16729,1.00,1.00
2016.02.12 02:29:35.795,2.16643,2.16724,1.00,1.00
2016.02.12 02:29:35.896,2.16634,2.16724,1.00,1.00
2016.02.12 02:29:36.198,2.16634,2.16722,1.00,1.00
2016.02.12 02:29:36.533,2.16634,2.16724,1.00,1.00
2016.02.12 02:29:36.896,2.16635,2.16726,1.00,1.50
2016.02.12 02:29:37.407,2.16634,2.16726,1.50,1.50
2016.02.12 02:29:38.702,2.16634,2.16725,1.00,1.00
2016.02.12 02:29:39.202,2.16634,2.16718,1.00,1.00
2016.02.12 02:29:39.516,2.16634,2.16713,1.00,1.00
2016.02.12 02:29:39.816,2.16634,2.16715,1.00,1.00
2016.02.12 02:29:40.018,2.16634,2.16717,1.00,1.00
2016.02.12 02:29:40.219,2.16634,2.16721,1.00,1.00
2016.02.12 02:29:40.320,2.16634,2.16719,1.00,1.00
2016.02.12 02:29:40.573,2.16623,2.16717,1.50,1.00
2016.02.12 02:29:40.623,2.16623,2.16714,1.00,1.00
2016.02.12 02:29:40.898,2.16597,2.16696,1.00,1.00
2016.02.12 02:29:40.949,2.16599,2.16696,1.00,1.00
2016.02.12 02:29:41.207,2.16597,2.16696,1.00,1.00
2016.02.12 02:29:41.308,2.16594,2.16696,1.50,1.00
2016.02.12 02:29:41.409,2.16596,2.16696,1.00,1.00
2016.02.12 02:29:41.717,2.16603,2.16697,1.00,1.00
2016.02.12 02:29:42.128,2.16595,2.16697,1.00,1.00
2016.02.12 02:29:43.733,2.16593,2.16697,1.00,1.00
2016.02.12 02:29:44.339,2.16594,2.16697,1.00,1.00
2016.02.12 02:29:45.015,2.16596,2.16697,1.00,1.00
2016.02.12 02:29:45.615,2.16597,2.16697,1.00,1.00
2016.02.12 02:29:46.844,2.16596,2.16697,1.00,1.00
2016.02.12 02:29:48.532,2.16603,2.16697,1.00,1.00
2016.02.12 02:29:49.953,2.16603,2.16694,1.00,1.00
2016.02.12 02:29:50.055,2.16593,2.16687,1.00,1.00
2016.02.12 02:29:50.323,2.16594,2.16684,1.00,1.00
2016.02.12 02:29:50.625,2.16574,2.16672,1.12,1.00
2016.02.12 02:29:50.726,2.16573,2.16667,1.00,1.00
2016.02.12 02:29:51.042,2.16566,2.16657,1.00,1.00
2016.02.12 02:29:51.254,2.16566,2.16666,1.00,1.50
2016.02.12 02:29:51.761,2.16564,2.16666,1.00,1.00
2016.02.12 02:29:51.811,2.16573,2.16667,1.00,1.00
2016.02.12 02:29:52.395,2.16584,2.16672,1.00,1.00
2016.02.12 02:29:52.598,2.16574,2.16673,1.00,1.00
2016.02.12 02:29:52.649,2.16574,2.16658,1.00,1.00
2016.02.12 02:29:52.700,2.16564,2.16656,1.50,1.00
2016.02.12 02:29:52.751,2.16564,2.16653,1.00,1.00
2016.02.12 02:29:53.055,2.16551,2.16647,1.00,1.00
2016.02.12 02:29:53.449,2.16553,2.16647,1.00,1.50
2016.02.12 02:29:54.232,2.16556,2.16647,1.00,1.00
2016.02.12 02:29:54.531,2.16554,2.16647,1.00,1.00
2016.02.12 02:29:55.059,2.16555,2.16647,1.00,1.00
2016.02.12 02:29:56.378,2.16553,2.16647,1.50,1.00
2016.02.12 02:29:56.479,2.16555,2.16647,1.00,1.00
2016.02.12 02:29:59.724,2.16555,2.16646,1.00,1.00
2016.02.12 02:30:00.186,2.16554,2.16656,1.00,1.75
2016.02.12 02:30:00.374,2.16556,2.16655,1.00,1.75
2016.02.12 02:30:00.963,2.16564,2.16656,1.00,1.75
2016.02.12 02:30:01.215,2.16564,2.16656,1.00,1.00
2016.02.12 02:30:02.154,2.16563,2.16657,1.50,1.00
2016.02.12 02:30:02.305,2.16567,2.16657,1.00,1.00
2016.02.12 02:30:02.626,2.16565,2.16657,1.00,1.00
2016.02.12 02:30:02.686,2.16567,2.16657,1.00,1.00
2016.02.12 02:30:02.987,2.16569,2.16657,1.00,1.00
2016.02.12 02:30:03.138,2.16573,2.16667,1.00,1.75
2016.02.12 02:30:03.340,2.16574,2.16667,1.00,1.00
2016.02.12 02:30:03.390,2.16577,2.16667,1.00,1.00
2016.02.12 02:30:03.894,2.16579,2.16667,1.00,1.00
2016.02.12 02:30:04.115,2.16573,2.16667,1.00,1.00
2016.02.12 02:30:04.166,2.16571,2.16667,1.00,1.00
2016.02.12 02:30:04.267,2.16574,2.16666,1.00,1.00
2016.02.12 02:30:04.770,2.16573,2.16667,1.00,1.00
2016.02.12 02:30:05.073,2.16577,2.16667,1.00,1.00
2016.02.12 02:30:05.420,2.16583,2.16677,1.00,1.75
2016.02.12 02:30:05.471,2.16574,2.16676,1.50,1.50
2016.02.12 02:30:05.941,2.16576,2.16676,1.00,1.50
2016.02.12 02:30:06.193,2.16574,2.16674,1.00,1.12
2016.02.12 02:30:06.419,2.16574,2.1667,1.00,1.00
2016.02.12 02:30:06.896,2.16571,2.16666,1.00,1.00
2016.02.12 02:30:06.947,2.16567,2.16666,1.37,1.00
2016.02.12 02:30:06.998,2.1657,2.16666,1.00,1.00
2016.02.12 02:30:07.360,2.16574,2.16666,1.00,1.00
2016.02.12 02:30:09.848,2.16573,2.16667,1.00,1.00
2016.02.12 02:30:10.403,2.16564,2.16666,1.75,1.00
2016.02.12 02:30:11.171,2.16574,2.16666,1.00,1.00
2016.02.12 02:30:13.497,2.16573,2.16667,1.00,1.00
2016.02.12 02:30:13.800,2.16584,2.16671,1.00,1.00
2016.02.12 02:30:13.910,2.16584,2.16673,1.00,1.00
2016.02.12 02:30:14.011,2.16584,2.16671,1.00,1.00
2016.02.12 02:30:14.315,2.16584,2.16676,1.00,2.25
2016.02.12 02:30:14.503,2.16573,2.16667,1.00,1.00
2016.02.12 02:30:14.755,2.16574,2.16664,1.00,1.00
2016.02.12 02:30:15.058,2.16564,2.16656,1.75,1.00
2016.02.12 02:30:15.363,2.16573,2.16667,1.00,1.00
2016.02.12 02:30:15.583,2.16584,2.16667,1.00,1.00
2016.02.12 02:30:15.634,2.16584,2.16671,1.00,1.00
2016.02.12 02:30:15.735,2.16584,2.16675,1.00,1.37
2016.02.12 02:30:16.249,2.16583,2.16675,1.00,1.37
2016.02.12 02:30:16.450,2.16574,2.16666,1.50,1.00
2016.02.12 02:30:16.616,2.16576,2.16666,1.00,1.00
2016.02.12 02:30:16.747,2.16574,2.16666,1.00,1.00
2016.02.12 02:30:17.252,2.16573,2.16667,1.00,1.00
2016.02.12 02:30:22.496,2.16571,2.16667,1.00,1.00
2016.02.12 02:30:22.597,2.16567,2.16667,1.37,1.00
2016.02.12 02:30:22.748,2.16563,2.16657,1.75,1.00
2016.02.12 02:30:22.799,2.16563,2.16657,1.00,1.00
2016.02.12 02:30:23.934,2.16564,2.16657,1.00,1.00
2016.02.12 02:30:24.483,2.16563,2.16657,1.00,1.00
2016.02.12 02:30:25.389,2.16564,2.16656,1.00,1.00
2016.02.12 02:30:26.639,2.16565,2.16656,1.00,1.00
2016.02.12 02:30:26.876,2.16573,2.16656,1.00,1.00
2016.02.12 02:30:27.211,2.16575,2.16656,1.75,1.00
2016.02.12 02:30:27.691,2.16584,2.16676,1.00,1.00
2016.02.12 02:30:28.222,2.16584,2.16681,1.00,1.00
2016.02.12 02:30:28.690,2.16584,2.16685,1.00,1.12
2016.02.12 02:30:28.946,2.16584,2.16682,1.00,1.00
2016.02.12 02:30:29.271,2.16584,2.16677,1.00,1.00
2016.02.12 02:30:29.774,2.16584,2.16679,1.00,1.00
2016.02.12 02:30:30.378,2.16584,2.1668,1.00,1.00
2016.02.12 02:30:30.429,2.16583,2.16676,1.00,1.00
2016.02.12 02:30:30.530,2.16577,2.16676,1.75,1.00
2016.02.12 02:30:30.858,2.16577,2.16666,1.75,1.00
2016.02.12 02:30:32.306,2.16572,2.16657,1.37,1.00
2016.02.12 02:30:32.356,2.16572,2.16657,1.00,1.00
2016.02.12 02:30:32.407,2.16564,2.16657,1.75,1.00
2016.02.12 02:30:35.727,2.16573,2.16664,1.00,1.00
2016.02.12 02:30:35.879,2.16573,2.16666,1.00,1.00
2016.02.12 02:30:36.080,2.16577,2.16667,1.00,1.00
2016.02.12 02:30:38.816,2.16582,2.16667,1.00,1.00
2016.02.12 02:30:39.871,2.16583,2.16667,1.00,1.00
2016.02.12 02:30:40.173,2.16587,2.16667,1.00,1.00
2016.02.12 02:30:40.572,2.16583,2.16667,1.00,1.00
2016.02.12 02:30:40.675,2.16574,2.16658,1.75,1.00
2016.02.12 02:30:40.776,2.16572,2.16655,1.00,1.00
2016.02.12 02:30:41.009,2.16564,2.16656,1.00,1.00
2016.02.12 02:30:41.111,2.16564,2.16654,1.00,1.00
2016.02.12 02:30:41.413,2.16564,2.1665,1.00,1.00
2016.02.12 02:30:41.474,2.16564,2.16653,1.00,1.00
2016.02.12 02:30:41.995,2.16564,2.16655,1.00,1.00
2016.02.12 02:30:42.105,2.16564,2.16653,1.00,1.00
2016.02.12 02:30:42.606,2.16564,2.16654,1.00,1.00
2016.02.12 02:30:43.110,2.16563,2.16657,1.00,1.00
2016.02.12 02:30:43.211,2.16573,2.16659,1.00,1.00
2016.02.12 02:30:43.563,2.16574,2.16662,1.12,1.00
2016.02.12 02:30:43.715,2.16573,2.16666,1.37,1.00
2016.02.12 02:30:43.857,2.16584,2.16666,1.00,1.00
2016.02.12 02:30:44.214,2.16584,2.1667,1.00,1.00
2016.02.12 02:30:44.315,2.16584,2.16668,1.00,1.00
2016.02.12 02:30:44.416,2.16574,2.16666,1.87,1.00
2016.02.12 02:30:45.027,2.16575,2.16666,1.00,1.00
2016.02.12 02:30:45.077,2.16583,2.1667,1.00,1.00
2016.02.12 02:30:47.332,2.16583,2.16675,1.00,1.00
2016.02.12 02:30:47.594,2.16593,2.16687,1.00,1.00
2016.02.12 02:30:47.796,2.16603,2.16688,1.00,1.00
2016.02.12 02:30:48.098,2.16604,2.16691,1.00,1.00
2016.02.12 02:30:48.653,2.16603,2.16691,1.00,1.00
2016.02.12 02:30:48.704,2.16603,2.16695,1.00,1.00
2016.02.12 02:30:49.200,2.16603,2.16692,1.00,1.00
2016.02.12 02:30:49.352,2.16594,2.16686,1.12,1.00
2016.02.12 02:30:49.705,2.16594,2.16682,1.12,1.00
2016.02.12 02:30:50.214,2.16594,2.16683,1.00,1.00
2016.02.12 02:30:50.933,2.16594,2.16677,1.00,1.00
2016.02.12 02:30:51.499,2.16594,2.16676,1.00,1.00
2016.02.12 02:30:51.600,2.16594,2.16678,1.00,1.00
2016.02.12 02:30:52.648,2.16584,2.16676,1.00,1.00
2016.02.12 02:30:53.011,2.16573,2.16674,1.75,1.00
2016.02.12 02:30:53.112,2.16573,2.16669,1.37,1.00
2016.02.12 02:30:53.162,2.16573,2.16669,1.00,1.00
2016.02.12 02:30:53.215,2.16574,2.16666,1.00,1.00
2016.02.12 02:30:54.214,2.16583,2.16669,1.00,1.00
2016.02.12 02:30:54.315,2.16574,2.16666,1.00,1.00
2016.02.12 02:30:54.394,2.16584,2.16669,1.00,1.00
2016.02.12 02:30:54.665,2.16574,2.16666,1.00,1.00
2016.02.12 02:30:55.194,2.16584,2.16669,1.00,1.00
2016.02.12 02:30:55.633,2.16573,2.16667,1.00,1.00
2016.02.12 02:30:56.136,2.16574,2.16666,1.00,1.00
2016.02.12 02:30:57.631,2.16574,2.16662,1.00,1.00
2016.02.12 02:30:58.015,2.16573,2.1666,1.00,1.00
2016.02.12 02:30:58.412,2.16573,2.16666,1.00,1.00
2016.02.12 02:30:59.124,2.16573,2.16667,1.00,1.00
2016.02.12 02:30:59.275,2.16584,2.16668,1.00,1.00
2016.02.12 02:30:59.445,2.16584,2.16671,1.00,1.00
2016.02.12 02:30:59.546,2.16584,2.16675,1.00,1.00
2016.02.12 02:31:00.147,2.16573,2.16667,1.00,1.00
2016.02.12 02:31:00.349,2.16576,2.16667,1.00,1.00
2016.02.12 02:31:00.551,2.16573,2.16667,1.50,1.00
2016.02.12 02:31:04.764,2.16573,2.16665,1.00,1.00
2016.02.12 02:31:05.066,2.16574,2.16663,1.00,1.00
2016.02.12 02:31:05.218,2.16563,2.16657,1.00,1.00
2016.02.12 02:31:05.925,2.16567,2.16657,1.00,1.00
2016.02.12 02:31:06.076,2.16574,2.16666,1.00,1.12
2016.02.12 02:31:06.325,2.16574,2.16663,1.00,1.00
2016.02.12 02:31:06.427,2.16573,2.16667,1.00,1.50
2016.02.12 02:31:06.639,2.16573,2.16661,1.00,1.00
2016.02.12 02:31:06.966,2.16573,2.16653,1.00,1.00
2016.02.12 02:31:07.067,2.16563,2.16658,1.00,1.00
2016.02.12 02:31:07.268,2.16573,2.1666,1.00,1.00
2016.02.12 02:31:07.470,2.16573,2.16663,1.00,1.12
2016.02.12 02:31:07.521,2.16563,2.16657,1.00,1.00
2016.02.12 02:31:07.622,2.16574,2.16663,1.00,1.12
2016.02.12 02:31:08.113,2.16573,2.16666,1.00,1.00
2016.02.12 02:31:08.163,2.16583,2.16675,1.00,1.00
2016.02.12 02:31:08.672,2.16583,2.16674,1.00,1.00
2016.02.12 02:31:08.924,2.16563,2.16657,1.00,1.00
2016.02.12 02:31:09.432,2.16564,2.16656,1.00,1.00
2016.02.12 02:31:09.534,2.16566,2.16656,1.00,1.00
2016.02.12 02:31:09.635,2.16564,2.16656,1.00,1.00
2016.02.12 02:31:09.686,2.16574,2.16666,1.00,1.75
2016.02.12 02:31:11.788,2.16567,2.16657,1.00,1.00
2016.02.12 02:31:12.265,2.16569,2.16657,1.00,1.00
2016.02.12 02:31:14.118,2.16569,2.16666,1.00,1.75
2016.02.12 02:31:14.667,2.16568,2.16666,1.00,1.75
2016.02.12 02:31:14.874,2.16574,2.16666,1.00,2.25
2016.02.12 02:31:15.401,2.16573,2.16667,1.00,2.25
2016.02.12 02:31:15.553,2.16583,2.16677,1.00,1.75
2016.02.12 02:31:15.755,2.16584,2.16676,1.75,1.00
2016.02.12 02:31:16.306,2.16587,2.16676,1.00,1.00
2016.02.12 02:31:17.071,2.16594,2.16676,1.00,1.00
2016.02.12 02:31:17.604,2.16594,2.16686,1.00,1.00
2016.02.12 02:31:18.751,2.16597,2.16687,1.00,1.00
2016.02.12 02:31:19.068,2.16605,2.16686,1.00,1.00
2016.02.12 02:31:19.269,2.16608,2.16696,1.00,1.00
2016.02.12 02:31:19.371,2.16604,2.16696,1.50,1.00
2016.02.12 02:31:19.599,2.16604,2.16686,1.00,1.00
2016.02.12 02:31:19.902,2.166,2.16686,1.00,1.50
2016.02.12 02:31:20.003,2.16603,2.16686,1.00,1.00
2016.02.12 02:31:20.625,2.16602,2.16686,1.00,1.00
2016.02.12 02:31:21.081,2.16605,2.16686,1.00,1.00
2016.02.12 02:31:21.182,2.16597,2.16686,1.12,1.00
2016.02.12 02:31:21.484,2.16602,2.16686,1.00,1.00
2016.02.12 02:31:21.787,2.16584,2.16657,1.00,1.00
2016.02.12 02:31:21.938,2.16576,2.16657,1.00,1.00
2016.02.12 02:31:21.989,2.1657,2.16657,1.00,1.00
2016.02.12 02:31:22.090,2.16565,2.16656,1.00,1.00
2016.02.12 02:31:22.370,2.16556,2.16646,1.75,1.00
2016.02.12 02:31:22.572,2.16554,2.16646,1.00,1.50
2016.02.12 02:31:22.673,2.16554,2.16637,1.00,1.00
2016.02.12 02:31:22.775,2.16534,2.16637,1.75,1.00
2016.02.12 02:31:22.927,2.16533,2.16637,1.37,1.37
2016.02.12 02:31:22.978,2.16533,2.16637,1.00,1.75
2016.02.12 02:31:23.129,2.16533,2.16627,1.50,1.00
2016.02.12 02:31:23.608,2.16535,2.16627,1.00,1.00
2016.02.12 02:31:26.005,2.16534,2.16627,1.00,1.00
2016.02.12 02:31:26.306,2.16538,2.16627,1.00,1.00
2016.02.12 02:31:26.407,2.16533,2.16627,1.00,1.00
2016.02.12 02:31:26.457,2.16533,2.16627,1.75,1.00
2016.02.12 02:31:26.770,2.16539,2.16627,1.00,1.00
2016.02.12 02:31:27.008,2.16534,2.16627,1.75,1.00
2016.02.12 02:31:27.371,2.16539,2.16627,1.00,1.00
2016.02.12 02:31:27.623,2.16539,2.16631,1.00,1.00
2016.02.12 02:31:27.724,2.16534,2.16636,1.75,1.00
2016.02.12 02:31:28.915,2.16539,2.16633,1.00,1.00
2016.02.12 02:31:30.024,2.16535,2.16637,1.50,1.00
2016.02.12 02:31:30.125,2.16541,2.16635,1.00,1.00
2016.02.12 02:31:30.276,2.16535,2.16637,1.50,1.00
2016.02.12 02:31:31.494,2.16543,2.16646,1.00,1.75
2016.02.12 02:31:31.878,2.16546,2.16639,1.50,1.00
2016.02.12 02:31:33.663,2.16546,2.16636,1.50,1.00
2016.02.12 02:31:34.082,2.16555,2.16636,1.00,1.00
2016.02.12 02:31:34.133,2.16555,2.16646,1.00,1.00
2016.02.12 02:31:34.184,2.16565,2.16646,1.00,1.00
2016.02.12 02:31:34.235,2.16565,2.16656,1.00,1.75
2016.02.12 02:31:34.436,2.16565,2.16656,1.12,1.00
2016.02.12 02:31:36.524,2.16565,2.16657,1.12,1.00
2016.02.12 02:31:38.769,2.16565,2.16656,1.12,1.00
2016.02.12 02:31:41.595,2.16571,2.16656,1.00,1.00
2016.02.12 02:31:48.877,2.1657,2.16656,1.00,1.00
2016.02.12 02:31:49.943,2.1657,2.16657,1.00,1.00
2016.02.12 02:31:50.354,2.16565,2.16657,1.12,1.00
2016.02.12 02:31:53.438,2.16568,2.16657,1.00,1.00
2016.02.12 02:31:53.747,2.16565,2.16657,1.12,1.00
2016.02.12 02:31:55.163,2.16567,2.16657,1.00,1.00
2016.02.12 02:31:56.621,2.16566,2.16657,1.00,1.00
2016.02.12 02:32:00.772,2.16564,2.16657,1.50,1.00
2016.02.12 02:32:04.686,2.16559,2.16646,1.75,1.00
2016.02.12 02:32:04.934,2.1656,2.16657,1.75,1.00
2016.02.12 02:32:11.646,2.16567,2.16657,1.00,1.00
2016.02.12 02:32:12.689,2.16563,2.16657,1.75,1.00
2016.02.12 02:32:12.970,2.16563,2.16657,1.00,1.00
2016.02.12 02:32:13.380,2.16563,2.16647,1.00,1.00
2016.02.12 02:32:14.686,2.16559,2.16647,1.12,1.00
2016.02.12 02:32:14.787,2.16562,2.16647,1.00,1.00
2016.02.12 02:32:14.838,2.16562,2.16657,1.00,1.00
2016.02.12 02:32:15.151,2.16562,2.16646,1.00,1.00
2016.02.12 02:32:15.503,2.16564,2.16657,1.00,1.00
2016.02.12 02:32:16.055,2.16563,2.16657,1.00,1.00
2016.02.12 02:32:16.600,2.16564,2.16656,1.00,1.00
2016.02.12 02:32:18.772,2.16561,2.16657,1.00,1.00
2016.02.12 02:32:18.985,2.16563,2.16657,1.00,1.00
2016.02.12 02:32:19.662,2.16559,2.16657,1.12,1.00
2016.02.12 02:32:20.007,2.16562,2.16657,1.00,1.00
2016.02.12 02:32:20.574,2.16563,2.16657,1.00,1.00
2016.02.12 02:32:21.465,2.1656,2.16657,1.00,1.00
2016.02.12 02:32:21.692,2.16562,2.16657,1.00,1.00
2016.02.12 02:32:21.877,2.1656,2.16657,1.00,1.00
2016.02.12 02:32:22.066,2.16563,2.16657,1.00,1.00
2016.02.12 02:32:25.095,2.16561,2.16657,1.00,1.00
2016.02.12 02:32:25.642,2.16562,2.16657,1.00,1.00
2016.02.12 02:32:26.474,2.16569,2.16657,1.00,1.00
2016.02.12 02:32:26.975,2.16571,2.16657,1.00,1.00
2016.02.12 02:32:27.099,2.16569,2.16657,1.00,1.00
2016.02.12 02:32:27.307,2.16571,2.16657,1.00,1.00
2016.02.12 02:32:27.509,2.16568,2.16657,1.00,1.00
2016.02.12 02:32:27.802,2.1657,2.16657,1.00,1.00
2016.02.12 02:32:30.888,2.16571,2.16657,1.00,1.00
2016.02.12 02:32:31.884,2.16563,2.16657,1.50,1.00
2016.02.12 02:32:33.321,2.16571,2.16657,1.00,1.00
2016.02.12 02:32:33.632,2.16563,2.16657,1.50,1.00
2016.02.12 02:32:34.190,2.16564,2.16657,1.00,1.00
2016.02.12 02:32:35.594,2.16565,2.16657,1.00,1.00
2016.02.12 02:32:36.056,2.16563,2.16657,1.00,1.00
2016.02.12 02:32:36.584,2.16564,2.16657,1.00,1.00
2016.02.12 02:32:36.895,2.16572,2.16657,1.00,1.00
2016.02.12 02:32:37.211,2.16568,2.16656,1.00,1.00
2016.02.12 02:32:37.619,2.16572,2.16656,1.00,1.00
2016.02.12 02:32:38.998,2.16564,2.16656,1.00,1.00
2016.02.12 02:32:45.966,2.16564,2.16655,1.00,1.50
2016.02.12 02:32:46.017,2.16564,2.16655,1.00,2.25
2016.02.12 02:32:46.067,2.16545,2.16637,1.00,1.00
2016.02.12 02:32:46.118,2.16543,2.16637,1.12,1.00
2016.02.12 02:32:46.219,2.16543,2.16637,1.00,1.75
2016.02.12 02:32:46.818,2.16544,2.16636,1.00,1.50
2016.02.12 02:32:48.826,2.16553,2.16647,1.00,1.75
2016.02.12 02:32:49.031,2.16553,2.16647,1.00,1.50
2016.02.12 02:32:49.522,2.16561,2.16647,1.00,1.50
2016.02.12 02:32:49.725,2.16564,2.16656,1.00,1.00
2016.02.12 02:32:49.928,2.16564,2.16652,1.00,1.00
2016.02.12 02:32:50.130,2.16564,2.16656,1.00,1.00
2016.02.12 02:32:50.667,2.16563,2.16657,1.00,1.00
2016.02.12 02:32:51.557,2.16563,2.16654,1.00,1.00
2016.02.12 02:32:51.972,2.16563,2.16657,1.00,1.00
2016.02.12 02:32:53.035,2.16563,2.16656,1.00,1.00
2016.02.12 02:32:53.439,2.16554,2.16646,1.50,1.00
2016.02.12 02:32:53.741,2.16557,2.16646,1.00,1.00
2016.02.12 02:32:53.893,2.1656,2.16654,1.00,1.00
2016.02.12 02:32:54.094,2.1656,2.16646,1.00,1.00
2016.02.12 02:32:54.639,2.16558,2.16646,1.00,1.00
2016.02.12 02:32:55.141,2.16557,2.16646,1.00,1.00
2016.02.12 02:32:55.642,2.16559,2.16646,1.00,1.00
2016.02.12 02:32:56.430,2.16559,2.16655,1.00,1.00
2016.02.12 02:32:56.760,2.16556,2.16654,1.00,1.00
2016.02.12 02:32:57.482,2.16564,2.16654,1.00,1.00
2016.02.12 02:32:58.146,2.16564,2.16653,1.00,1.00
2016.02.12 02:32:58.353,2.16564,2.16656,1.00,1.00
2016.02.12 02:32:58.847,2.16564,2.16653,1.00,1.00
2016.02.12 02:32:58.947,2.16564,2.16655,1.00,1.00
2016.02.12 02:32:59.481,2.16564,2.16656,1.00,1.00
2016.02.12 02:33:00.010,2.16563,2.16655,1.00,1.00
2016.02.12 02:33:00.061,2.16566,2.16657,1.00,1.00
2016.02.12 02:33:00.570,2.16563,2.16657,1.75,1.00
2016.02.12 02:33:01.663,2.1657,2.16657,1.00,1.00
2016.02.12 02:33:01.865,2.16563,2.16657,1.75,1.00
2016.02.12 02:33:01.966,2.16571,2.16657,1.00,1.00
2016.02.12 02:33:02.322,2.16583,2.16667,1.37,1.00
2016.02.12 02:33:03.181,2.16589,2.16667,1.00,1.00
2016.02.12 02:33:03.532,2.16589,2.16676,1.00,1.00
2016.02.12 02:33:03.684,2.16585,2.16675,1.00,1.00
2016.02.12 02:33:03.785,2.16587,2.16676,1.00,1.00
2016.02.12 02:33:03.886,2.16582,2.16676,1.37,1.00
2016.02.12 02:33:03.987,2.16586,2.16676,1.00,1.50
2016.02.12 02:33:04.088,2.16584,2.16676,1.87,1.00
2016.02.12 02:33:04.290,2.16589,2.16676,1.00,1.00
2016.02.12 02:33:04.838,2.1659,2.16677,1.00,1.00
2016.02.12 02:33:05.140,2.16592,2.16677,1.00,1.00
2016.02.12 02:33:05.442,2.16594,2.16677,1.00,1.00
2016.02.12 02:33:05.963,2.16595,2.16677,1.00,1.00
2016.02.12 02:33:07.299,2.16591,2.16682,1.00,1.00
2016.02.12 02:33:07.400,2.16586,2.1668,1.00,1.00
2016.02.12 02:33:07.501,2.16585,2.16676,1.00,1.00
2016.02.12 02:33:07.804,2.16585,2.16667,1.00,1.00
2016.02.12 02:33:08.338,2.16585,2.16666,1.00,1.00
2016.02.12 02:33:08.843,2.16581,2.16666,1.50,1.00
2016.02.12 02:33:09.347,2.16585,2.16667,1.00,1.00
2016.02.12 02:33:09.862,2.16586,2.16667,1.00,1.00
2016.02.12 02:33:10.190,2.16582,2.16667,1.37,1.00
2016.02.12 02:33:10.572,2.16574,2.16663,1.75,1.00
2016.02.12 02:33:10.767,2.16574,2.16663,1.37,1.00
2016.02.12 02:33:10.818,2.16574,2.16663,1.00,1.00
2016.02.12 02:33:11.124,2.16563,2.16657,2.25,1.00
2016.02.12 02:33:11.376,2.16571,2.16657,1.00,1.00
2016.02.12 02:33:11.712,2.16579,2.16657,1.00,1.00
2016.02.12 02:33:11.763,2.16579,2.16667,1.00,1.00
2016.02.12 02:33:11.814,2.16577,2.16665,1.00,1.00
2016.02.12 02:33:12.216,2.1658,2.16667,1.00,1.50
2016.02.12 02:33:12.877,2.16576,2.16663,1.00,1.00
2016.02.12 02:33:13.298,2.16576,2.16666,1.00,1.00
2016.02.12 02:33:13.399,2.16574,2.16661,1.00,1.00
2016.02.12 02:33:13.500,2.16574,2.16663,1.00,1.00
2016.02.12 02:33:14.021,2.16573,2.16662,1.00,1.00
2016.02.12 02:33:14.300,2.16575,2.16662,1.00,1.00
2016.02.12 02:33:15.908,2.16576,2.16663,1.00,1.00
2016.02.12 02:33:16.451,2.16575,2.16663,1.00,1.00
2016.02.12 02:33:16.806,2.16574,2.16666,1.00,1.50
2016.02.12 02:33:16.907,2.16574,2.16656,1.00,1.00
2016.02.12 02:33:16.958,2.16568,2.16656,1.00,1.00
2016.02.12 02:33:17.059,2.16563,2.16657,1.37,1.00
2016.02.12 02:33:17.109,2.16563,2.16653,1.00,1.00
2016.02.12 02:33:17.387,2.16562,2.16655,1.00,1.00
2016.02.12 02:33:17.494,2.16561,2.16653,1.50,1.00
2016.02.12 02:33:17.595,2.16562,2.16655,1.00,1.00
2016.02.12 02:33:17.903,2.16562,2.16653,1.00,1.00
2016.02.12 02:33:18.441,2.16563,2.16654,1.00,1.00
2016.02.12 02:33:18.492,2.16563,2.16656,1.50,1.00
2016.02.12 02:33:18.594,2.16565,2.16657,1.00,1.00
2016.02.12 02:33:18.955,2.16574,2.16665,1.00,1.75
2016.02.12 02:33:19.006,2.16574,2.16665,1.00,1.37
2016.02.12 02:33:19.066,2.16574,2.16665,1.00,1.00
2016.02.12 02:33:19.571,2.16574,2.16666,1.00,1.00
2016.02.12 02:33:20.197,2.16575,2.16666,1.00,1.00
2016.02.12 02:33:20.298,2.16575,2.16666,1.37,1.00
2016.02.12 02:33:20.500,2.16588,2.16681,1.00,1.00
2016.02.12 02:33:20.603,2.16592,2.16684,1.00,1.37
2016.02.12 02:33:20.935,2.16597,2.16687,1.00,1.50
2016.02.12 02:33:21.423,2.16594,2.16687,1.00,1.00
2016.02.12 02:33:21.625,2.16592,2.16687,1.00,1.00
2016.02.12 02:33:21.809,2.16586,2.16677,1.75,1.00
2016.02.12 02:33:21.961,2.16574,2.16666,1.75,1.00
2016.02.12 02:33:22.213,2.16573,2.16667,1.87,1.00
2016.02.12 02:33:22.264,2.16573,2.16667,1.50,1.00
2016.02.12 02:33:23.902,2.16574,2.16667,1.00,1.00
2016.02.12 02:33:24.107,2.16574,2.16675,1.00,1.37
2016.02.12 02:33:24.208,2.16579,2.16673,1.00,1.12
2016.02.12 02:33:24.523,2.16574,2.16666,1.00,1.00
2016.02.12 02:33:25.305,2.16575,2.16666,1.00,1.00
2016.02.12 02:33:25.681,2.16573,2.16667,1.00,1.00
2016.02.12 02:33:26.961,2.16574,2.16666,1.00,1.00
2016.02.12 02:33:27.415,2.16574,2.16677,1.00,1.75
2016.02.12 02:33:27.516,2.16573,2.16667,1.00,1.00
2016.02.12 02:33:29.294,2.16573,2.16667,1.37,1.00
2016.02.12 02:33:29.647,2.16584,2.16676,1.00,1.00
2016.02.12 02:33:29.798,2.16583,2.16677,1.87,1.00
2016.02.12 02:33:30.507,2.16593,2.16677,1.00,1.00
2016.02.12 02:33:30.815,2.16593,2.16686,1.00,1.00
2016.02.12 02:33:31.325,2.16596,2.16684,1.00,1.00
2016.02.12 02:33:31.426,2.16592,2.16684,1.12,1.00
2016.02.12 02:33:31.565,2.16588,2.16676,1.75,1.00
2016.02.12 02:33:31.867,2.16581,2.16667,1.75,1.00
2016.02.12 02:33:32.220,2.16583,2.16667,1.37,1.00
2016.02.12 02:33:32.271,2.16579,2.16667,1.37,1.00
2016.02.12 02:33:32.322,2.16582,2.16667,1.00,1.00
2016.02.12 02:33:32.429,2.1658,2.16667,1.12,1.00
2016.02.12 02:33:32.479,2.16592,2.16673,1.00,1.00
2016.02.12 02:33:32.831,2.16592,2.16671,1.00,1.00
2016.02.12 02:33:32.932,2.16592,2.16673,1.00,1.00
2016.02.12 02:33:33.133,2.16584,2.16673,1.00,1.00
2016.02.12 02:33:33.464,2.16584,2.16671,1.00,1.00
2016.02.12 02:33:33.565,2.16584,2.16673,1.00,1.00
2016.02.12 02:33:33.666,2.16584,2.16675,1.50,1.00
2016.02.12 02:33:33.856,2.16584,2.16673,1.00,1.00
2016.02.12 02:33:34.159,2.16584,2.16671,1.00,1.00
2016.02.12 02:33:34.260,2.16584,2.16673,1.00,1.00
2016.02.12 02:33:35.026,2.16584,2.16674,1.00,1.00
2016.02.12 02:33:35.321,2.16584,2.16667,1.00,1.00
2016.02.12 02:33:35.372,2.16581,2.16667,1.00,1.00
2016.02.12 02:33:35.995,2.16577,2.16667,1.75,1.00
2016.02.12 02:33:40.260,2.16581,2.16667,1.00,1.00
2016.02.12 02:33:40.335,2.16583,2.16667,1.00,1.00
2016.02.12 02:33:40.478,2.16581,2.16667,1.00,1.00
2016.02.12 02:33:40.985,2.16582,2.16667,1.00,1.00
2016.02.12 02:33:41.038,2.16584,2.16667,1.00,1.00
2016.02.12 02:33:41.417,2.16586,2.16667,1.00,1.00
2016.02.12 02:33:41.941,2.16585,2.16667,1.00,1.00
2016.02.12 02:33:42.770,2.16579,2.16667,1.37,1.00
2016.02.12 02:33:42.871,2.16582,2.16667,1.00,1.00
2016.02.12 02:33:43.401,2.16581,2.16667,1.00,1.00
2016.02.12 02:33:44.145,2.16582,2.16667,1.00,1.00
2016.02.12 02:33:44.489,2.16579,2.16667,1.37,1.00
2016.02.12 02:33:47.932,2.1658,2.16667,1.37,1.00
2016.02.12 02:33:48.083,2.16583,2.16674,1.37,1.00
2016.02.12 02:33:48.184,2.16583,2.16676,1.37,1.00
2016.02.12 02:33:48.285,2.16583,2.16674,1.37,1.00
2016.02.12 02:33:48.386,2.16579,2.16676,1.75,1.00
2016.02.12 02:33:48.437,2.16579,2.16666,1.75,1.00
2016.02.12 02:33:49.954,2.16585,2.16666,1.00,1.00
2016.02.12 02:33:50.842,2.16585,2.16667,1.00,1.00
2016.02.12 02:33:50.943,2.1659,2.16676,1.00,1.00
2016.02.12 02:33:51.095,2.16593,2.16676,1.00,1.00
2016.02.12 02:33:51.299,2.1659,2.16676,1.00,1.00
2016.02.12 02:33:51.400,2.16594,2.16676,1.00,1.00
2016.02.12 02:33:51.958,2.16592,2.16676,1.00,1.00
2016.02.12 02:33:52.659,2.16589,2.16676,1.00,1.00
2016.02.12 02:33:52.760,2.16592,2.16676,1.00,1.00
2016.02.12 02:33:53.064,2.16573,2.16667,1.75,1.00
2016.02.12 02:33:53.266,2.16563,2.16653,1.37,1.00
2016.02.12 02:33:53.317,2.16561,2.16653,1.00,1.00
2016.02.12 02:33:53.418,2.16555,2.1665,1.00,1.00
2016.02.12 02:33:53.469,2.16553,2.16651,1.00,1.00
2016.02.12 02:33:53.519,2.16554,2.16646,1.00,1.00
2016.02.12 02:33:53.821,2.16561,2.16647,1.00,1.00
2016.02.12 02:33:53.946,2.16558,2.16647,1.00,1.00
2016.02.12 02:33:53.997,2.16561,2.16647,1.37,1.00
2016.02.12 02:33:54.148,2.16563,2.16651,1.50,1.00
2016.02.12 02:33:54.299,2.16563,2.16655,2.25,1.00
2016.02.12 02:33:54.508,2.16563,2.16657,1.50,1.50
2016.02.12 02:33:55.064,2.16563,2.16653,1.50,1.00
2016.02.12 02:33:55.264,2.16563,2.16657,1.50,1.00
2016.02.12 02:33:55.389,2.16563,2.16652,1.50,1.00
2016.02.12 02:33:55.713,2.16564,2.16655,1.87,1.00
2016.02.12 02:33:56.377,2.16564,2.16652,1.12,1.00
2016.02.12 02:33:56.698,2.16557,2.16647,1.75,1.00
2016.02.12 02:33:57.269,2.16567,2.16647,1.00,1.00
2016.02.12 02:33:57.669,2.16565,2.16647,1.00,1.00
2016.02.12 02:33:58.212,2.16566,2.16647,1.00,1.00
2016.02.12 02:34:00.552,2.16566,2.16656,1.00,1.00
2016.02.12 02:34:00.782,2.16564,2.16657,1.12,1.50
2016.02.12 02:34:01.160,2.16566,2.16657,1.00,1.50
2016.02.12 02:34:02.103,2.16567,2.16657,1.00,1.50
2016.02.12 02:34:03.502,2.16565,2.16647,1.00,1.00
2016.02.12 02:34:04.030,2.16564,2.16647,1.12,1.00
2016.02.12 02:34:04.512,2.16568,2.16647,1.00,1.00
2016.02.12 02:34:04.613,2.16569,2.16657,1.00,1.00
2016.02.12 02:34:04.931,2.16565,2.16657,1.00,1.00
2016.02.12 02:34:04.982,2.16568,2.16657,1.00,1.00
2016.02.12 02:34:07.487,2.16569,2.16657,1.00,1.00
2016.02.12 02:34:08.488,2.16567,2.16657,1.00,1.00
2016.02.12 02:34:08.589,2.16565,2.16657,1.00,1.00
2016.02.12 02:34:08.690,2.16569,2.16657,1.00,1.00
2016.02.12 02:34:09.039,2.16571,2.16657,1.00,1.00
2016.02.12 02:34:09.090,2.16568,2.16657,1.00,1.00
2016.02.12 02:34:09.292,2.16563,2.16653,1.50,1.00
2016.02.12 02:34:09.615,2.16562,2.16646,1.75,1.00
2016.02.12 02:34:10.018,2.16569,2.16646,1.00,1.00
2016.02.12 02:34:10.119,2.16567,2.16646,1.00,1.00
2016.02.12 02:34:10.220,2.16574,2.16666,1.00,1.00
2016.02.12 02:34:10.522,2.16577,2.16667,1.00,1.00
2016.02.12 02:34:10.674,2.16583,2.16677,1.50,1.00
2016.02.12 02:34:10.724,2.16583,2.16677,1.37,1.00
2016.02.12 02:34:11.625,2.16589,2.16677,1.00,1.00
2016.02.12 02:34:12.829,2.16593,2.16677,1.00,1.00
2016.02.12 02:34:13.081,2.16594,2.16686,1.00,1.00
2016.02.12 02:34:13.598,2.16595,2.16686,1.00,1.00
2016.02.12 02:34:13.833,2.16602,2.16686,1.00,1.00
2016.02.12 02:34:14.337,2.16602,2.16687,1.00,1.00
2016.02.12 02:34:16.102,2.16601,2.16687,1.00,1.00
2016.02.12 02:34:19.107,2.16598,2.16687,1.00,1.00
2016.02.12 02:34:19.231,2.16594,2.16683,1.00,1.00
2016.02.12 02:34:19.548,2.16594,2.16677,1.00,1.00
2016.02.12 02:34:21.312,2.16593,2.16677,1.00,1.00
2016.02.12 02:34:21.855,2.16592,2.16676,1.00,1.00
2016.02.12 02:34:22.222,2.16595,2.16676,1.00,1.00
2016.02.12 02:34:23.215,2.16596,2.16676,1.00,1.00
2016.02.12 02:34:24.217,2.16594,2.16676,1.00,1.00
2016.02.12 02:34:24.318,2.16596,2.16676,1.00,1.00
2016.02.12 02:34:24.978,2.16596,2.16685,1.00,1.00
2016.02.12 02:34:25.586,2.16595,2.16685,1.00,1.00
2016.02.12 02:34:25.999,2.16593,2.16686,1.00,1.00
2016.02.12 02:34:26.220,2.16594,2.16681,1.00,1.00
2016.02.12 02:34:26.721,2.16593,2.16678,1.00,1.00
2016.02.12 02:34:26.821,2.16593,2.16682,1.50,1.00
2016.02.12 02:34:27.250,2.16595,2.16687,1.00,1.50
2016.02.12 02:34:28.324,2.16597,2.16686,1.00,1.00
2016.02.12 02:34:29.425,2.16595,2.16687,1.00,1.50
2016.02.12 02:34:30.208,2.16595,2.16686,1.00,1.00
2016.02.12 02:34:30.551,2.16594,2.16683,1.00,1.00
2016.02.12 02:34:31.640,2.16592,2.16683,1.00,1.00
2016.02.12 02:34:34.133,2.16593,2.16681,1.00,1.00
2016.02.12 02:34:36.040,2.16584,2.16679,1.75,1.00
2016.02.12 02:34:36.141,2.16584,2.16668,1.37,1.00
2016.02.12 02:34:36.269,2.16573,2.16662,1.00,1.12
2016.02.12 02:34:36.370,2.16563,2.16655,1.00,1.00
2016.02.12 02:34:36.421,2.16563,2.16655,1.00,1.37
2016.02.12 02:34:36.623,2.16553,2.16647,1.00,1.00
2016.02.12 02:34:36.723,2.16547,2.16637,1.00,1.00
2016.02.12 02:34:36.932,2.16553,2.16647,1.00,1.00
2016.02.12 02:34:36.983,2.16553,2.16643,1.00,1.00
2016.02.12 02:34:37.033,2.16546,2.16643,1.00,1.00
2016.02.12 02:34:38.151,2.16554,2.16643,1.00,1.00
2016.02.12 02:34:38.350,2.16546,2.16636,1.00,1.00
2016.02.12 02:34:38.940,2.16545,2.16636,1.00,1.00
2016.02.12 02:34:39.745,2.1655,2.16636,1.00,1.00
2016.02.12 02:34:39.796,2.16553,2.16647,1.00,1.50
2016.02.12 02:34:40.472,2.16554,2.16646,1.00,1.00
2016.02.12 02:34:41.118,2.16553,2.16647,1.00,1.00
2016.02.12 02:34:42.071,2.16552,2.16637,1.00,1.00
2016.02.12 02:34:42.122,2.16554,2.16646,1.00,1.00
2016.02.12 02:34:42.459,2.16563,2.16654,1.00,1.37
2016.02.12 02:34:42.510,2.16563,2.16654,1.00,1.00
2016.02.12 02:34:42.647,2.16563,2.16656,1.00,1.00
2016.02.12 02:34:43.416,2.16563,2.16657,1.00,1.00
2016.02.12 02:34:44.065,2.16563,2.16653,1.00,1.00
2016.02.12 02:34:44.368,2.16555,2.16646,1.50,1.00
2016.02.12 02:34:44.758,2.16559,2.16646,1.00,1.00
2016.02.12 02:34:44.971,2.16556,2.16646,1.37,1.00
2016.02.12 02:34:45.182,2.16564,2.16656,1.00,1.00
2016.02.12 02:34:48.558,2.16566,2.16656,1.00,1.00
2016.02.12 02:34:50.590,2.16573,2.16664,1.00,1.00
2016.02.12 02:34:50.691,2.16573,2.16667,1.00,1.50
2016.02.12 02:34:51.552,2.16584,2.16669,1.00,1.00
2016.02.12 02:34:51.637,2.16584,2.16672,1.00,1.12
2016.02.12 02:34:51.688,2.16584,2.16669,1.00,1.00
2016.02.12 02:34:51.903,2.16584,2.16676,1.00,1.75
2016.02.12 02:34:52.004,2.16584,2.16674,1.00,1.00
2016.02.12 02:34:52.105,2.16584,2.16672,1.00,1.00
2016.02.12 02:34:52.466,2.16584,2.16674,1.00,1.00
2016.02.12 02:34:53.023,2.16584,2.16675,1.00,1.00
2016.02.12 02:34:53.175,2.16584,2.16672,1.00,1.00
2016.02.12 02:34:53.283,2.16584,2.16676,1.00,1.00
2016.02.12 02:34:53.384,2.16584,2.16671,1.00,1.00
2016.02.12 02:34:53.910,2.16584,2.16672,1.00,1.00
2016.02.12 02:34:54.670,2.16584,2.16676,1.00,1.50
2016.02.12 02:34:54.973,2.16584,2.16671,1.00,1.00
2016.02.12 02:34:55.124,2.16573,2.16666,1.00,1.00
2016.02.12 02:34:55.560,2.16573,2.16672,1.00,1.00
2016.02.12 02:34:56.073,2.16574,2.16673,1.00,1.00
2016.02.12 02:34:56.574,2.16573,2.16673,1.00,1.00
2016.02.12 02:34:56.977,2.16573,2.1667,1.50,1.00
2016.02.12 02:34:59.505,2.16573,2.16667,1.00,1.00
2016.02.12 02:35:00.709,2.16574,2.16666,1.00,1.50
2016.02.12 02:35:01.012,2.16572,2.16656,1.00,1.00
2016.02.12 02:35:01.139,2.16574,2.16666,1.00,1.00
2016.02.12 02:35:01.645,2.16573,2.16667,1.00,1.00
2016.02.12 02:35:03.451,2.16564,2.16656,1.75,1.00
2016.02.12 02:35:04.139,2.16574,2.16666,1.00,1.00
2016.02.12 02:35:05.610,2.16574,2.16665,1.00,1.00
2016.02.12 02:35:06.143,2.16574,2.16666,1.00,1.00
2016.02.12 02:35:06.496,2.16574,2.16664,1.00,1.00
2016.02.12 02:35:06.594,2.16574,2.16666,1.00,1.00
2016.02.12 02:35:09.224,2.16575,2.16666,1.00,1.00
2016.02.12 02:35:09.288,2.16584,2.16671,1.00,1.00
2016.02.12 02:35:09.339,2.16584,2.16674,1.00,1.00
2016.02.12 02:35:09.947,2.16584,2.16675,1.00,1.12
2016.02.12 02:35:12.936,2.16584,2.16676,1.00,1.00
2016.02.12 02:35:13.269,2.16579,2.16677,1.00,1.00
2016.02.12 02:35:14.038,2.16579,2.16674,1.00,1.00
2016.02.12 02:35:14.610,2.16578,2.16673,1.00,1.00
2016.02.12 02:35:14.936,2.16578,2.1667,1.00,1.00
2016.02.12 02:35:15.037,2.16573,2.16673,2.25,1.00
2016.02.12 02:35:15.138,2.16577,2.16671,1.12,1.00
2016.02.12 02:35:15.509,2.16579,2.16674,1.00,1.00
2016.02.12 02:35:15.944,2.16575,2.16674,1.50,1.00
2016.02.12 02:35:16.045,2.1658,2.16673,1.00,1.00
2016.02.12 02:35:16.441,2.1658,2.16675,1.00,1.00
2016.02.12 02:35:18.814,2.16574,2.16671,1.75,1.00
2016.02.12 02:35:18.915,2.16575,2.16676,1.50,1.00
2016.02.12 02:35:19.016,2.16582,2.16676,1.00,1.00
2016.02.12 02:35:19.067,2.16584,2.16683,1.00,1.50
2016.02.12 02:35:19.597,2.16586,2.16683,1.00,1.50
2016.02.12 02:35:19.749,2.16587,2.16684,1.37,1.00
2016.02.12 02:35:19.951,2.16584,2.16686,1.75,1.50
2016.02.12 02:35:20.052,2.16586,2.16684,1.50,1.00
2016.02.12 02:35:20.153,2.16586,2.16686,1.50,1.50
2016.02.12 02:35:20.318,2.16584,2.16684,1.75,1.00
2016.02.12 02:35:20.632,2.16584,2.16676,1.75,1.00
2016.02.12 02:35:21.260,2.16591,2.16676,1.00,1.00
2016.02.12 02:35:21.667,2.16593,2.16676,1.00,1.00
2016.02.12 02:35:22.216,2.16594,2.16676,1.00,1.00
2016.02.12 02:35:22.350,2.16594,2.16686,1.50,1.00
2016.02.12 02:35:23.022,2.16595,2.16686,1.00,1.00
2016.02.12 02:35:23.626,2.16594,2.16686,1.00,1.00
2016.02.12 02:35:24.177,2.16595,2.16687,1.00,1.00
2016.02.12 02:35:24.328,2.16597,2.16687,1.00,1.00
2016.02.12 02:35:24.552,2.16593,2.16687,1.00,1.00
2016.02.12 02:35:25.228,2.16595,2.16687,1.00,1.00
2016.02.12 02:35:25.530,2.16597,2.16687,1.00,1.50
2016.02.12 02:35:26.036,2.16596,2.16687,1.00,1.50
2016.02.12 02:35:26.579,2.16596,2.16686,1.00,1.00
2016.02.12 02:35:26.630,2.16593,2.16687,1.00,1.50
2016.02.12 02:35:26.731,2.16594,2.16681,1.00,1.00
2016.02.12 02:35:27.033,2.16594,2.16686,1.00,1.50
2016.02.12 02:35:27.246,2.16594,2.16684,1.00,1.00
2016.02.12 02:35:27.331,2.16594,2.16686,1.00,1.50
2016.02.12 02:35:27.662,2.16591,2.16687,1.00,1.50
2016.02.12 02:35:27.864,2.16591,2.16685,1.00,1.00
2016.02.12 02:35:27.972,2.16589,2.16686,1.00,1.00
2016.02.12 02:35:28.032,2.16591,2.16687,1.00,1.50
2016.02.12 02:35:28.133,2.16586,2.16687,1.50,1.00
2016.02.12 02:35:28.184,2.16586,2.16677,1.50,1.00
2016.02.12 02:35:30.881,2.1659,2.16677,1.00,1.00
2016.02.12 02:35:32.240,2.16589,2.16677,1.00,1.00
2016.02.12 02:35:32.741,2.1659,2.16677,1.00,1.00
2016.02.12 02:35:32.842,2.16588,2.16676,1.12,1.00
2016.02.12 02:35:33.041,2.1659,2.16676,1.00,1.00
2016.02.12 02:35:33.659,2.16586,2.16676,1.50,1.00
2016.02.12 02:35:34.244,2.1659,2.16676,1.00,1.00
2016.02.12 02:35:34.595,2.16592,2.16676,1.00,1.00
2016.02.12 02:35:41.255,2.16591,2.16676,1.00,1.00
2016.02.12 02:35:41.507,2.16596,2.16687,1.00,1.00
2016.02.12 02:35:41.657,2.16599,2.16687,1.00,1.00
2016.02.12 02:35:41.758,2.16597,2.16687,1.00,1.00
2016.02.12 02:35:41.859,2.166,2.16687,1.00,1.00
2016.02.12 02:35:42.061,2.16589,2.16687,1.00,1.00
2016.02.12 02:35:42.162,2.1659,2.16683,1.00,1.00
2016.02.12 02:35:42.464,2.16585,2.16684,1.75,1.00
2016.02.12 02:35:42.565,2.16589,2.16686,1.00,1.00
2016.02.12 02:35:42.666,2.16592,2.16686,1.00,1.00
2016.02.12 02:35:42.759,2.1659,2.16686,1.00,1.00
2016.02.12 02:35:42.860,2.16593,2.16684,1.00,1.00
2016.02.12 02:35:42.972,2.16593,2.16687,1.00,1.50
2016.02.12 02:35:43.174,2.16595,2.16686,1.00,1.50
2016.02.12 02:35:43.889,2.16594,2.16685,1.00,1.00
2016.02.12 02:35:44.411,2.16594,2.16686,1.00,1.00
2016.02.12 02:35:45.261,2.16593,2.16687,1.50,1.50
2016.02.12 02:35:45.777,2.16594,2.16686,1.00,1.00
2016.02.12 02:35:46.409,2.16593,2.16686,1.00,1.00
2016.02.12 02:35:49.270,2.16594,2.16686,1.00,1.00
2016.02.12 02:35:49.701,2.16594,2.16679,1.00,1.00
2016.02.12 02:35:50.003,2.16594,2.16676,1.00,1.00
2016.02.12 02:35:51.851,2.16586,2.16676,1.00,1.00
2016.02.12 02:35:54.181,2.16587,2.16676,1.00,1.00
2016.02.12 02:35:57.088,2.16586,2.16677,1.00,1.00
2016.02.12 02:36:03.100,2.16583,2.16677,1.00,1.00
2016.02.12 02:36:07.941,2.16583,2.16675,1.00,1.00
2016.02.12 02:36:08.271,2.16583,2.16672,1.00,1.00
2016.02.12 02:36:08.540,2.16583,2.16675,1.00,1.00
2016.02.12 02:36:09.711,2.16583,2.16676,1.00,1.00
2016.02.12 02:36:10.215,2.16583,2.16677,1.00,1.00
2016.02.12 02:36:15.961,2.16587,2.16675,1.00,1.00
2016.02.12 02:36:18.628,2.16591,2.16677,1.00,1.00
2016.02.12 02:36:18.880,2.16593,2.16687,1.50,1.75
2016.02.12 02:36:18.931,2.16593,2.16687,1.50,1.00
2016.02.12 02:36:19.349,2.16599,2.16687,1.00,1.00
2016.02.12 02:36:19.875,2.166,2.16687,1.00,1.00
2016.02.12 02:36:20.397,2.166,2.16687,1.37,1.00
2016.02.12 02:36:20.725,2.16613,2.16696,1.00,1.00
2016.02.12 02:36:20.826,2.16614,2.16704,1.12,1.00
2016.02.12 02:36:23.837,2.16608,2.16701,1.75,1.00
2016.02.12 02:36:24.140,2.16606,2.16696,1.75,1.00
2016.02.12 02:36:27.220,2.16608,2.16697,1.75,1.00
2016.02.12 02:36:28.211,2.1661,2.16696,1.75,1.00
2016.02.12 02:36:29.960,2.1661,2.16696,1.00,1.00
2016.02.12 02:36:31.370,2.16608,2.16696,1.00,1.00
2016.02.12 02:36:31.945,2.16604,2.16696,1.00,1.50
2016.02.12 02:36:32.621,2.16604,2.16695,1.00,1.00
2016.02.12 02:36:32.873,2.16609,2.16696,1.00,1.00
2016.02.12 02:36:34.376,2.16608,2.16696,1.00,1.00
2016.02.12 02:36:34.962,2.16609,2.16696,1.00,1.00
2016.02.12 02:36:35.574,2.16608,2.16696,1.00,1.00
2016.02.12 02:36:35.675,2.16606,2.16696,1.00,1.00
2016.02.12 02:36:35.764,2.1661,2.16696,1.00,1.00
2016.02.12 02:36:36.066,2.16608,2.16696,1.00,1.00
2016.02.12 02:36:36.479,2.16611,2.16696,1.00,1.00
2016.02.12 02:36:36.767,2.16609,2.16696,1.00,1.00
2016.02.12 02:36:37.903,2.16604,2.16696,1.50,1.50
2016.02.12 02:36:38.870,2.16603,2.16695,1.50,1.00
2016.02.12 02:36:39.172,2.16604,2.16693,1.00,1.00
2016.02.12 02:36:39.919,2.16606,2.16697,1.00,1.50
2016.02.12 02:36:42.176,2.16609,2.16699,1.00,1.00
2016.02.12 02:36:43.785,2.1661,2.167,1.00,1.00
2016.02.12 02:36:44.114,2.16614,2.167,1.00,1.00
2016.02.12 02:36:46.615,2.16614,2.16698,1.00,1.00
2016.02.12 02:36:46.817,2.16594,2.16689,2.25,1.00
2016.02.12 02:36:46.992,2.16603,2.1668,1.00,1.00
2016.02.12 02:36:47.143,2.16593,2.1668,1.12,1.00
2016.02.12 02:36:47.497,2.16593,2.16675,1.12,1.00
2016.02.12 02:36:47.598,2.16593,2.1668,1.12,1.00
2016.02.12 02:36:47.800,2.16593,2.16677,1.12,1.00
2016.02.12 02:36:48.372,2.16593,2.16678,1.12,1.00
2016.02.12 02:36:49.188,2.16593,2.1668,1.12,1.00
2016.02.12 02:36:49.489,2.16593,2.16682,1.12,1.00
2016.02.12 02:36:49.590,2.16593,2.1668,1.12,1.00
2016.02.12 02:36:49.741,2.16584,2.16675,1.00,1.00
2016.02.12 02:36:50.268,2.16584,2.16674,1.00,1.00
2016.02.12 02:36:50.529,2.16579,2.16673,1.75,1.00
2016.02.12 02:36:50.630,2.16579,2.16675,1.75,1.00
2016.02.12 02:36:51.229,2.16575,2.16666,1.75,1.00
2016.02.12 02:36:51.732,2.16574,2.16666,1.87,1.00
2016.02.12 02:36:51.783,2.16574,2.16666,1.50,1.00
2016.02.12 02:36:51.993,2.16576,2.16666,1.00,1.00
2016.02.12 02:36:52.095,2.16576,2.16668,1.00,1.00
2016.02.12 02:36:52.296,2.16574,2.16667,1.00,1.00
2016.02.12 02:36:52.535,2.16578,2.16667,1.00,1.00
2016.02.12 02:36:52.636,2.16578,2.16669,1.00,1.00
2016.02.12 02:36:52.837,2.16584,2.1667,1.00,1.00
2016.02.12 02:36:53.010,2.16584,2.16672,1.00,1.00
2016.02.12 02:36:53.337,2.16584,2.16674,1.00,1.00
2016.02.12 02:36:53.438,2.16584,2.16672,1.00,1.00
2016.02.12 02:36:53.741,2.16576,2.1667,1.00,1.00
2016.02.12 02:36:53.843,2.16578,2.16671,1.00,1.00
2016.02.12 02:36:54.203,2.16576,2.16673,1.00,1.00
2016.02.12 02:36:54.304,2.16578,2.16669,1.00,1.00
2016.02.12 02:36:55.344,2.16578,2.16672,1.00,1.00
2016.02.12 02:36:55.932,2.16577,2.16671,1.00,1.00
2016.02.12 02:36:57.229,2.16575,2.16669,1.00,1.00
2016.02.12 02:37:01.443,2.16575,2.16668,1.00,1.00
2016.02.12 02:37:01.746,2.16583,2.16668,1.00,1.00
2016.02.12 02:37:01.847,2.16578,2.16668,1.00,1.00
2016.02.12 02:37:01.948,2.16576,2.16667,1.00,1.00
2016.02.12 02:37:02.065,2.16574,2.16669,1.00,1.00
2016.02.12 02:37:02.166,2.16573,2.16667,1.00,1.00
2016.02.12 02:37:02.717,2.16573,2.16666,1.00,1.00
2016.02.12 02:37:02.827,2.16573,2.16668,1.00,1.00
2016.02.12 02:37:03.031,2.16573,2.16666,1.00,1.00
2016.02.12 02:37:03.534,2.16573,2.16667,1.00,1.00
2016.02.12 02:37:04.125,2.16574,2.16664,1.00,1.00
2016.02.12 02:37:04.643,2.16577,2.16667,1.00,1.00
2016.02.12 02:37:04.845,2.16573,2.16665,1.00,1.00
2016.02.12 02:37:04.946,2.16577,2.16667,1.00,1.00
2016.02.12 02:37:05.147,2.16573,2.16666,1.00,1.00
2016.02.12 02:37:05.350,2.16577,2.16667,1.00,1.00
2016.02.12 02:37:12.238,2.16573,2.16667,1.50,1.00
2016.02.12 02:37:15.857,2.16574,2.1667,1.00,1.00
2016.02.12 02:37:16.159,2.16578,2.16668,1.00,1.00
2016.02.12 02:37:18.350,2.16577,2.16667,1.00,1.00
2016.02.12 02:37:18.652,2.16584,2.16657,1.00,1.00
2016.02.12 02:37:18.703,2.16574,2.16657,1.00,1.00
2016.02.12 02:37:18.753,2.16574,2.16654,1.00,1.00
2016.02.12 02:37:18.860,2.16574,2.16656,1.00,1.00
2016.02.12 02:37:18.961,2.16574,2.16644,1.00,1.00
2016.02.12 02:37:19.011,2.16563,2.16644,1.00,1.00
2016.02.12 02:37:19.263,2.16554,2.16645,1.75,1.00
2016.02.12 02:37:19.770,2.16554,2.16644,1.75,1.00
2016.02.12 02:37:20.006,2.16564,2.16644,1.00,1.00
2016.02.12 02:37:20.057,2.16564,2.16647,1.00,1.00
2016.02.12 02:37:20.452,2.16553,2.16647,2.25,1.50
2016.02.12 02:37:20.974,2.16557,2.16646,1.75,1.00
2016.02.12 02:37:21.227,2.16563,2.16647,1.00,1.00
2016.02.12 02:37:21.378,2.16563,2.16649,1.00,1.50
2016.02.12 02:37:21.992,2.16563,2.16648,1.00,1.50
2016.02.12 02:37:22.101,2.16563,2.16646,1.00,1.00
2016.02.12 02:37:22.605,2.16563,2.16645,1.00,1.00
2016.02.12 02:37:23.276,2.16563,2.16647,1.00,1.00
2016.02.12 02:37:23.565,2.16563,2.16645,1.00,1.00
2016.02.12 02:37:23.665,2.16563,2.16648,1.00,1.50
2016.02.12 02:37:24.166,2.16563,2.16647,1.00,1.00
2016.02.12 02:37:24.694,2.16563,2.16648,1.00,1.50
2016.02.12 02:37:25.093,2.16563,2.16645,1.00,1.00
2016.02.12 02:37:25.270,2.16563,2.16648,1.00,1.00
2016.02.12 02:37:26.297,2.16563,2.16647,1.00,1.00
2016.02.12 02:37:26.773,2.16563,2.16645,1.00,1.00
2016.02.12 02:37:27.109,2.16563,2.16647,1.00,1.00
2016.02.12 02:37:27.328,2.16563,2.16645,1.00,1.00
2016.02.12 02:37:29.461,2.16555,2.16645,1.37,1.00
2016.02.12 02:37:29.512,2.16553,2.16644,1.00,1.00
2016.02.12 02:37:31.684,2.16553,2.16647,1.00,1.50
2016.02.12 02:37:31.887,2.16553,2.16645,1.00,1.00
2016.02.12 02:37:32.428,2.16553,2.16646,1.00,1.00
2016.02.12 02:37:33.484,2.16553,2.16645,1.00,1.00
2016.02.12 02:37:33.906,2.16553,2.16647,1.00,1.50
2016.02.12 02:37:34.315,2.16555,2.16648,1.00,1.00
2016.02.12 02:37:34.686,2.16557,2.16648,1.00,1.00
2016.02.12 02:37:34.758,2.16557,2.16654,1.00,1.00
2016.02.12 02:37:34.809,2.16553,2.16655,1.00,1.12
2016.02.12 02:37:34.859,2.16564,2.16655,1.00,1.12
2016.02.12 02:37:35.061,2.16556,2.16653,1.00,1.00
2016.02.12 02:37:35.212,2.16555,2.16651,1.00,1.00
2016.02.12 02:37:35.698,2.16554,2.16655,1.50,1.12
2016.02.12 02:37:35.799,2.16557,2.16656,1.00,1.87
2016.02.12 02:37:36.101,2.16563,2.16655,1.00,1.12
2016.02.12 02:37:36.893,2.16563,2.16657,1.00,1.00
2016.02.12 02:37:37.065,2.16573,2.16658,1.00,1.00
2016.02.12 02:37:38.390,2.16564,2.16656,1.00,1.00
2016.02.12 02:37:38.441,2.16564,2.16654,1.00,1.00
2016.02.12 02:37:38.750,2.16554,2.16646,2.25,1.00
2016.02.12 02:37:39.245,2.16556,2.16652,1.75,1.00
2016.02.12 02:37:39.617,2.16564,2.16656,1.00,1.00
2016.02.12 02:37:40.599,2.16564,2.16649,1.00,1.00
2016.02.12 02:37:41.260,2.16564,2.16656,1.00,1.50
2016.02.12 02:37:41.851,2.16564,2.16655,1.00,1.00
2016.02.12 02:37:42.302,2.16564,2.16652,1.00,1.00
2016.02.12 02:37:42.605,2.16564,2.1665,1.00,1.00
2016.02.12 02:37:45.736,2.16564,2.16653,1.00,1.00
2016.02.12 02:37:45.837,2.16564,2.16656,1.50,1.50
2016.02.12 02:37:45.938,2.16564,2.16654,1.00,1.00
2016.02.12 02:37:46.289,2.16569,2.16656,1.00,1.50
2016.02.12 02:37:46.816,2.16568,2.16655,1.00,1.00
2016.02.12 02:37:47.160,2.1657,2.16656,1.00,1.00
2016.02.12 02:37:47.317,2.16568,2.16656,1.00,1.00
2016.02.12 02:37:47.710,2.1657,2.16656,1.00,1.00
2016.02.12 02:37:48.211,2.16569,2.16656,1.00,1.50
2016.02.12 02:37:48.554,2.16564,2.16656,1.50,1.50
2016.02.12 02:37:48.605,2.16568,2.16656,1.00,1.00
2016.02.12 02:37:48.923,2.1657,2.16656,1.00,1.00
2016.02.12 02:37:49.392,2.1657,2.16649,1.00,1.00
2016.02.12 02:37:49.443,2.16564,2.16649,1.00,1.00
2016.02.12 02:37:49.544,2.16564,2.16617,1.00,1.00
2016.02.12 02:37:49.595,2.16544,2.16617,1.75,1.00
2016.02.12 02:37:49.646,2.16544,2.16611,1.75,1.00
2016.02.12 02:37:49.697,2.16544,2.16611,1.00,1.00
2016.02.12 02:37:49.798,2.16544,2.16617,1.00,1.00
2016.02.12 02:37:49.929,2.16532,2.16616,1.00,1.00
2016.02.12 02:37:50.461,2.16532,2.16615,1.00,1.00
2016.02.12 02:37:50.562,2.16532,2.16613,1.00,1.00
2016.02.12 02:37:50.831,2.16524,2.16614,1.00,1.00
2016.02.12 02:37:50.979,2.16532,2.16614,1.00,1.00
2016.02.12 02:37:51.527,2.16532,2.16615,1.00,1.00
2016.02.12 02:37:51.738,2.16532,2.16618,1.00,1.00
2016.02.12 02:37:51.940,2.16533,2.16615,1.00,1.00
2016.02.12 02:37:52.464,2.16532,2.16615,1.00,1.00
2016.02.12 02:37:52.514,2.16524,2.16615,1.00,1.00
2016.02.12 02:37:52.578,2.16531,2.16615,1.00,1.00
2016.02.12 02:37:53.029,2.16524,2.16615,1.00,1.00
2016.02.12 02:37:53.339,2.16541,2.16616,1.00,1.00
2016.02.12 02:37:53.491,2.16549,2.16626,1.00,1.00
2016.02.12 02:37:53.692,2.16553,2.16638,1.00,1.00
2016.02.12 02:37:54.347,2.16553,2.16639,1.00,1.00
2016.02.12 02:37:57.451,2.16555,2.16639,1.00,1.00
2016.02.12 02:37:57.552,2.16553,2.16639,1.50,1.00
2016.02.12 02:37:58.210,2.16553,2.16638,1.50,1.00
2016.02.12 02:37:58.535,2.16555,2.16638,1.00,1.00
2016.02.12 02:37:59.169,2.16553,2.16638,1.00,1.00
2016.02.12 02:37:59.855,2.16554,2.16638,1.00,1.00
2016.02.12 02:38:00.948,2.16555,2.16638,1.00,1.00
2016.02.12 02:38:01.163,2.16553,2.16638,1.00,1.00
2016.02.12 02:38:01.383,2.16549,2.16639,1.00,1.00
2016.02.12 02:38:01.434,2.16544,2.16637,1.00,1.00
2016.02.12 02:38:01.537,2.16544,2.16639,1.00,1.00
2016.02.12 02:38:03.054,2.16545,2.16639,1.00,1.00
2016.02.12 02:38:04.573,2.16549,2.16642,1.00,1.00
2016.02.12 02:38:04.882,2.16553,2.16643,1.00,1.00
2016.02.12 02:38:05.526,2.16553,2.16644,1.00,1.00
2016.02.12 02:38:08.945,2.16554,2.16646,1.00,1.00
2016.02.12 02:38:09.350,2.16553,2.16638,1.00,1.00
2016.02.12 02:38:09.401,2.16544,2.16636,1.37,1.00
2016.02.12 02:38:09.452,2.16544,2.16634,1.00,1.00
2016.02.12 02:38:09.553,2.16544,2.16631,1.00,1.00
2016.02.12 02:38:09.604,2.16533,2.16631,1.12,1.00
2016.02.12 02:38:09.724,2.16533,2.16627,1.00,1.37
2016.02.12 02:38:10.043,2.16533,2.16624,1.00,1.00
2016.02.12 02:38:10.549,2.16533,2.1662,1.00,1.00
2016.02.12 02:38:10.650,2.16533,2.16622,1.00,1.00
2016.02.12 02:38:10.701,2.16533,2.16622,1.00,1.37
2016.02.12 02:38:11.149,2.16533,2.16615,1.00,1.00
2016.02.12 02:38:11.550,2.16533,2.16618,1.00,1.50
2016.02.12 02:38:12.552,2.16533,2.16615,1.00,1.00
2016.02.12 02:38:13.080,2.16533,2.1662,1.00,1.75
2016.02.12 02:38:13.181,2.16524,2.16614,1.00,1.00
2016.02.12 02:38:13.497,2.16523,2.16621,1.00,1.75
2016.02.12 02:38:15.659,2.16524,2.16621,1.00,1.75
2016.02.12 02:38:16.689,2.16524,2.16612,1.00,1.00
2016.02.12 02:38:17.667,2.16523,2.16612,1.00,1.00
2016.02.12 02:38:18.563,2.16523,2.1661,1.00,1.00
2016.02.12 02:38:18.702,2.16523,2.16613,1.00,1.00
2016.02.12 02:38:19.564,2.16523,2.16611,1.00,1.00
2016.02.12 02:38:20.065,2.16524,2.16611,1.00,1.00
2016.02.12 02:38:20.273,2.16524,2.16613,1.00,1.00
2016.02.12 02:38:20.775,2.16524,2.16615,1.00,1.00
2016.02.12 02:38:21.368,2.16524,2.16613,1.00,1.00
2016.02.12 02:38:27.177,2.16524,2.16612,1.00,1.00
2016.02.12 02:38:27.379,2.16524,2.16616,1.00,1.00
2016.02.12 02:38:27.506,2.16524,2.16611,1.00,1.00
2016.02.12 02:38:27.907,2.16523,2.16617,1.00,1.12
2016.02.12 02:38:28.008,2.16523,2.16611,1.00,1.00
2016.02.12 02:38:28.111,2.16523,2.16617,1.00,1.12
2016.02.12 02:38:28.480,2.16523,2.16615,1.00,1.00
2016.02.12 02:38:28.800,2.16513,2.16612,1.00,1.75
2016.02.12 02:38:29.223,2.16503,2.16607,1.00,1.75
2016.02.12 02:38:29.325,2.16513,2.16607,1.00,1.75
2016.02.12 02:38:29.628,2.16516,2.16609,1.00,1.75
2016.02.12 02:38:29.730,2.16514,2.16606,1.00,1.50
2016.02.12 02:38:29.831,2.16517,2.16606,1.00,1.50
2016.02.12 02:38:29.932,2.16514,2.16606,1.00,1.50
2016.02.12 02:38:30.481,2.16514,2.16606,1.00,1.00
2016.02.12 02:38:30.532,2.16514,2.16612,1.00,1.00
2016.02.12 02:38:30.633,2.16524,2.16616,1.00,1.00
2016.02.12 02:38:30.935,2.16524,2.16609,1.00,1.00
2016.02.12 02:38:30.986,2.16524,2.16614,1.00,1.00
2016.02.12 02:38:33.090,2.16524,2.16609,1.00,1.00
2016.02.12 02:38:33.591,2.16524,2.16616,1.00,1.00
2016.02.12 02:38:33.793,2.16524,2.16608,1.00,1.00
2016.02.12 02:38:34.192,2.16524,2.16616,1.00,1.00
2016.02.12 02:38:34.293,2.16524,2.16608,1.00,1.00
2016.02.12 02:38:34.394,2.16524,2.16616,1.00,1.00
2016.02.12 02:38:34.495,2.16524,2.16609,1.00,1.00
2016.02.12 02:38:34.697,2.16523,2.16617,1.00,1.00
2016.02.12 02:38:35.344,2.16543,2.16625,1.00,1.00
2016.02.12 02:38:35.848,2.16543,2.16626,1.00,1.00
2016.02.12 02:38:36.610,2.16543,2.16631,1.00,1.75
2016.02.12 02:38:36.661,2.16543,2.16631,1.00,1.37
2016.02.12 02:38:36.762,2.16543,2.16633,1.37,1.00
2016.02.12 02:38:36.813,2.16543,2.16635,1.37,1.00
2016.02.12 02:38:36.914,2.16543,2.16637,1.37,1.50
2016.02.12 02:38:37.116,2.16553,2.16637,1.00,1.00
2016.02.12 02:38:37.418,2.16554,2.1664,1.00,1.00
2016.02.12 02:38:37.927,2.16554,2.16639,1.00,1.00
2016.02.12 02:38:38.880,2.16544,2.16645,1.12,1.00
2016.02.12 02:38:38.934,2.16544,2.16636,1.12,1.00
2016.02.12 02:38:39.249,2.16544,2.16634,1.12,1.00
2016.02.12 02:38:40.303,2.16544,2.16635,1.12,1.00
2016.02.12 02:38:42.406,2.16544,2.16634,1.12,1.00
2016.02.12 02:38:44.212,2.16544,2.16636,1.12,1.00
2016.02.12 02:38:44.428,2.16544,2.16632,1.12,1.00
2016.02.12 02:38:44.530,2.16543,2.16635,1.37,1.00
2016.02.12 02:38:44.631,2.16543,2.16637,1.00,1.12
2016.02.12 02:38:45.415,2.16543,2.16635,1.00,1.00
2016.02.12 02:38:45.516,2.16533,2.16627,1.12,1.00
2016.02.12 02:38:45.718,2.16533,2.16627,1.00,1.50
2016.02.12 02:38:46.027,2.16533,2.1662,1.00,1.00
2016.02.12 02:38:46.128,2.16524,2.1662,1.00,1.00
2016.02.12 02:38:46.301,2.16524,2.16622,1.00,1.00
2016.02.12 02:38:46.351,2.16533,2.16627,1.00,2.25
2016.02.12 02:38:46.603,2.16533,2.16627,1.50,1.50
2016.02.12 02:38:46.755,2.16537,2.16627,1.00,1.00
2016.02.12 02:38:47.057,2.16544,2.16632,1.00,1.00
2016.02.12 02:38:47.463,2.16543,2.16627,1.00,1.00
2016.02.12 02:38:47.834,2.16543,2.16625,1.00,1.00
2016.02.12 02:38:48.373,2.16543,2.16626,1.00,1.00
2016.02.12 02:38:48.551,2.16533,2.16626,1.00,1.00
2016.02.12 02:38:48.753,2.1654,2.16627,1.12,1.00
2016.02.12 02:38:49.007,2.16545,2.16635,1.00,1.00
2016.02.12 02:38:49.628,2.16546,2.16636,1.00,1.00
2016.02.12 02:38:50.065,2.16543,2.16625,1.00,1.00
2016.02.12 02:38:50.217,2.16517,2.16612,1.75,1.00
2016.02.12 02:38:50.420,2.16523,2.16611,1.00,1.00
2016.02.12 02:38:50.773,2.16523,2.16613,1.00,1.00
2016.02.12 02:38:50.874,2.16523,2.16609,1.00,1.00
2016.02.12 02:38:51.182,2.16518,2.16609,1.75,1.00
2016.02.12 02:38:51.334,2.16523,2.16609,1.00,1.00
2016.02.12 02:38:51.628,2.16523,2.16611,1.00,1.00
2016.02.12 02:38:52.236,2.16523,2.1661,1.00,1.00
2016.02.12 02:38:52.730,2.16523,2.16612,1.00,1.00
2016.02.12 02:38:52.834,2.16523,2.1661,1.00,1.00
2016.02.12 02:38:52.931,2.16523,2.16612,1.00,1.00
2016.02.12 02:38:53.532,2.16523,2.16609,1.00,1.00
2016.02.12 02:38:54.155,2.16523,2.16613,1.00,1.50
2016.02.12 02:38:54.265,2.16523,2.16609,1.00,1.00
2016.02.12 02:38:56.337,2.16523,2.1661,1.00,1.00
2016.02.12 02:38:56.746,2.16524,2.16608,1.00,1.00
2016.02.12 02:38:57.457,2.16524,2.16604,1.00,1.00
2016.02.12 02:38:58.239,2.16524,2.16607,1.00,1.00
2016.02.12 02:38:58.340,2.16524,2.16605,1.00,1.00
2016.02.12 02:39:00.216,2.16523,2.16605,1.00,1.00
2016.02.12 02:39:00.267,2.16523,2.16609,1.00,1.00
2016.02.12 02:39:00.876,2.16524,2.16608,1.00,1.00
2016.02.12 02:39:01.145,2.16524,2.16606,1.00,1.00
2016.02.12 02:39:03.068,2.16524,2.1661,1.00,1.00
2016.02.12 02:39:03.169,2.16524,2.16608,1.00,1.00
2016.02.12 02:39:03.678,2.16524,2.16609,1.00,1.00
2016.02.12 02:39:04.002,2.16524,2.16607,1.00,1.00
2016.02.12 02:39:04.151,2.16524,2.1661,1.00,1.00
2016.02.12 02:39:04.269,2.16524,2.16605,1.00,1.00
2016.02.12 02:39:04.752,2.16524,2.16608,1.00,1.00
2016.02.12 02:39:05.375,2.16524,2.16606,1.00,1.00
2016.02.12 02:39:05.476,2.16524,2.16609,1.00,1.00
2016.02.12 02:39:06.184,2.16514,2.16609,1.37,1.00
2016.02.12 02:39:06.235,2.16514,2.16609,1.37,1.00
2016.02.12 02:39:06.386,2.16513,2.16606,1.37,1.00
2016.02.12 02:39:06.717,2.16513,2.16603,1.37,1.00
2016.02.12 02:39:09.467,2.16513,2.16604,1.37,1.00
2016.02.12 02:39:10.375,2.16514,2.1661,1.37,1.00
2016.02.12 02:39:10.476,2.16522,2.16608,1.00,1.00
2016.02.12 02:39:10.780,2.16524,2.16608,1.00,1.00
2016.02.12 02:39:11.785,2.16524,2.16605,1.00,1.00
2016.02.12 02:39:11.886,2.16524,2.16611,1.00,1.00
2016.02.12 02:39:12.166,2.16524,2.16607,1.37,1.00
2016.02.12 02:39:12.867,2.16523,2.16611,1.37,1.00
2016.02.12 02:39:13.276,2.16523,2.16609,1.37,1.00
2016.02.12 02:39:13.478,2.16523,2.16613,1.37,1.00
2016.02.12 02:39:13.568,2.16523,2.16608,1.37,1.00
2016.02.12 02:39:13.669,2.16523,2.16608,1.00,1.00
2016.02.12 02:39:14.170,2.16523,2.16612,1.00,1.00
2016.02.12 02:39:14.271,2.16523,2.16614,1.37,1.00
2016.02.12 02:39:14.637,2.16523,2.16609,1.37,1.00
2016.02.12 02:39:14.940,2.16523,2.16606,1.00,1.00
2016.02.12 02:39:15.398,2.16523,2.16617,1.00,1.00
2016.02.12 02:39:15.701,2.16523,2.16617,1.37,1.00
2016.02.12 02:39:16.003,2.16533,2.1662,1.00,1.00
2016.02.12 02:39:16.310,2.16513,2.16607,1.37,1.00
2016.02.12 02:39:16.713,2.16513,2.16605,1.00,1.00
2016.02.12 02:39:16.814,2.16513,2.16607,1.00,1.00
2016.02.12 02:39:17.016,2.16513,2.16604,1.00,1.00
2016.02.12 02:39:17.517,2.16513,2.16605,1.00,1.00
2016.02.12 02:39:18.038,2.16513,2.16604,1.00,1.00
2016.02.12 02:39:19.030,2.16513,2.16607,1.00,1.00
2016.02.12 02:39:19.310,2.16513,2.16605,1.00,1.00
2016.02.12 02:39:19.813,2.16513,2.16607,1.00,1.00
2016.02.12 02:39:20.205,2.16513,2.16605,1.00,1.50
2016.02.12 02:39:20.560,2.16512,2.16596,1.00,1.00
2016.02.12 02:39:20.661,2.16514,2.16604,1.00,1.50
2016.02.12 02:39:20.907,2.16513,2.16607,1.00,1.00
2016.02.12 02:39:21.008,2.16513,2.16605,1.00,1.00
2016.02.12 02:39:21.517,2.16514,2.16604,1.00,1.00
2016.02.12 02:39:23.532,2.16514,2.16606,1.00,1.00
2016.02.12 02:39:26.700,2.16514,2.16598,1.00,1.00
2016.02.12 02:39:27.100,2.16514,2.16601,1.00,1.00
2016.02.12 02:39:27.921,2.16514,2.16603,1.00,1.00
2016.02.12 02:39:28.026,2.16513,2.166,1.00,1.00
2016.02.12 02:39:28.466,2.16524,2.166,1.00,1.00
2016.02.12 02:39:28.516,2.16524,2.16607,1.00,1.00
2016.02.12 02:39:28.617,2.16524,2.1661,1.00,1.37
2016.02.12 02:39:28.724,2.16524,2.16614,1.00,1.00
2016.02.12 02:39:29.302,2.16524,2.16613,1.00,1.00
2016.02.12 02:39:29.803,2.16524,2.16612,1.00,1.00
2016.02.12 02:39:30.457,2.16524,2.16615,1.00,1.00
2016.02.12 02:39:30.507,2.16524,2.16612,1.00,1.00
2016.02.12 02:39:30.618,2.16524,2.16615,1.00,1.00
2016.02.12 02:39:31.209,2.16524,2.16616,1.00,1.00
2016.02.12 02:39:31.812,2.16524,2.16609,1.00,1.00
2016.02.12 02:39:32.113,2.16524,2.16616,1.00,1.50
2016.02.12 02:39:33.921,2.16524,2.16609,1.00,1.00
2016.02.12 02:39:35.019,2.16524,2.16613,1.00,1.00
2016.02.12 02:39:35.226,2.16523,2.16617,1.00,1.00
2016.02.12 02:39:35.736,2.16524,2.16616,1.00,1.00
2016.02.12 02:39:36.822,2.16524,2.1661,1.00,1.00
2016.02.12 02:39:38.338,2.16524,2.16607,1.00,1.00
2016.02.12 02:39:38.574,2.16524,2.1661,1.00,1.00
2016.02.12 02:39:38.851,2.16524,2.16608,1.00,1.00
2016.02.12 02:39:39.528,2.16524,2.16607,1.00,1.00
2016.02.12 02:39:40.140,2.16524,2.16609,1.00,1.00
2016.02.12 02:39:40.657,2.16524,2.1661,1.00,1.00
2016.02.12 02:39:42.531,2.16524,2.16611,1.00,1.00
2016.02.12 02:39:44.965,2.16523,2.16611,1.00,1.00
2016.02.12 02:39:45.336,2.16523,2.16609,1.00,1.00
2016.02.12 02:39:45.437,2.16523,2.16611,1.00,1.00
2016.02.12 02:39:45.673,2.16524,2.16609,1.00,1.00
2016.02.12 02:39:45.838,2.16524,2.16614,1.00,1.00
2016.02.12 02:39:45.939,2.16524,2.16607,1.00,1.00
2016.02.12 02:39:46.040,2.16523,2.16609,1.00,1.00
2016.02.12 02:39:47.166,2.16523,2.16606,1.00,1.00
2016.02.12 02:39:47.365,2.16523,2.16609,1.00,1.00
2016.02.12 02:39:47.879,2.16523,2.16608,1.00,1.00
2016.02.12 02:39:48.241,2.16523,2.16612,1.00,1.00
2016.02.12 02:39:48.681,2.16523,2.16609,1.00,1.00
2016.02.12 02:39:48.732,2.16517,2.16607,1.00,1.00
2016.02.12 02:39:49.143,2.16515,2.16607,1.00,1.00
2016.02.12 02:39:49.244,2.16521,2.16607,1.00,1.00
2016.02.12 02:39:49.611,2.16517,2.16607,1.00,1.00
2016.02.12 02:39:49.712,2.16516,2.16609,1.00,1.00
2016.02.12 02:39:49.763,2.16521,2.16609,1.00,1.00
2016.02.12 02:39:50.345,2.16521,2.1661,1.00,1.00
2016.02.12 02:39:51.235,2.16521,2.16607,1.00,1.00
2016.02.12 02:39:51.566,2.16521,2.1661,1.00,1.00
2016.02.12 02:39:52.086,2.16521,2.16609,1.00,1.00
2016.02.12 02:39:52.527,2.16513,2.16608,1.00,1.00
2016.02.12 02:39:52.755,2.16521,2.16607,1.00,1.00
2016.02.12 02:39:52.856,2.16513,2.16607,1.00,1.00
2016.02.12 02:39:53.162,2.16521,2.16607,1.00,1.00
2016.02.12 02:39:53.491,2.16524,2.1661,1.00,1.00
2016.02.12 02:39:53.799,2.16524,2.16607,1.00,1.00
2016.02.12 02:39:54.318,2.16524,2.16608,1.00,1.00
2016.02.12 02:39:55.855,2.16515,2.16608,1.75,1.00
2016.02.12 02:39:56.786,2.16514,2.16609,2.25,1.00
2016.02.12 02:39:56.887,2.16514,2.16606,1.50,1.00
2016.02.12 02:39:57.180,2.16517,2.16608,1.00,1.00
2016.02.12 02:39:57.281,2.16514,2.16608,1.00,1.00
2016.02.12 02:39:57.687,2.16521,2.16606,1.00,1.00
2016.02.12 02:39:57.889,2.16521,2.16611,1.00,1.00
2016.02.12 02:40:00.570,2.16521,2.16613,1.00,1.00
2016.02.12 02:40:00.671,2.16521,2.16611,1.00,1.00
2016.02.12 02:40:00.775,2.16515,2.16611,1.00,1.00
2016.02.12 02:40:00.927,2.16523,2.16611,1.00,1.00
2016.02.12 02:40:01.229,2.16523,2.16609,1.00,1.00
2016.02.12 02:40:01.364,2.16523,2.16612,1.00,1.00
2016.02.12 02:40:02.130,2.16523,2.1661,1.00,1.00
2016.02.12 02:40:02.449,2.16523,2.16607,1.00,1.00
2016.02.12 02:40:02.747,2.16523,2.1661,1.00,1.00
2016.02.12 02:40:03.222,2.16523,2.16608,1.00,1.00
2016.02.12 02:40:03.329,2.16523,2.16613,1.00,1.00
2016.02.12 02:40:03.622,2.16523,2.16608,1.00,1.00
2016.02.12 02:40:04.602,2.16523,2.16606,1.00,1.00
2016.02.12 02:40:05.107,2.16523,2.16607,1.00,1.00
2016.02.12 02:40:05.604,2.16523,2.16611,1.00,1.00
2016.02.12 02:40:06.234,2.16523,2.16614,1.00,1.37
2016.02.12 02:40:06.915,2.16523,2.16611,1.00,1.00
2016.02.12 02:40:07.117,2.16523,2.16613,1.00,1.12
2016.02.12 02:40:07.207,2.16523,2.16607,1.00,1.00
2016.02.12 02:40:07.644,2.16523,2.16609,1.00,1.00
2016.02.12 02:40:08.310,2.16523,2.1661,1.00,1.00
2016.02.12 02:40:08.411,2.16523,2.16605,1.00,1.00
2016.02.12 02:40:08.512,2.16514,2.16604,1.00,1.00
2016.02.12 02:40:08.714,2.16514,2.16606,1.00,1.00
2016.02.12 02:40:08.865,2.16524,2.16612,1.00,1.00
2016.02.12 02:40:09.465,2.16524,2.16614,1.00,1.37
2016.02.12 02:40:10.013,2.16524,2.16606,1.00,1.00
2016.02.12 02:40:11.015,2.16524,2.16611,1.00,1.00
2016.02.12 02:40:13.665,2.16524,2.16607,1.00,1.00
2016.02.12 02:40:15.323,2.16524,2.1661,1.00,1.00
2016.02.12 02:40:15.824,2.16524,2.16607,1.00,1.00
2016.02.12 02:40:18.186,2.16523,2.16607,1.00,1.00
2016.02.12 02:40:20.845,2.16523,2.1661,1.00,1.00
2016.02.12 02:40:20.933,2.16523,2.16607,1.00,1.00
2016.02.12 02:40:22.437,2.16523,2.16609,1.00,1.00
2016.02.12 02:40:22.987,2.16523,2.1661,1.00,1.00
2016.02.12 02:40:23.137,2.16523,2.16607,1.00,1.00
2016.02.12 02:40:23.239,2.16523,2.1661,1.00,1.00
2016.02.12 02:40:23.765,2.16523,2.16609,1.00,1.00
2016.02.12 02:40:24.640,2.16523,2.16607,1.00,1.00
2016.02.12 02:40:27.426,2.16524,2.16607,1.00,1.00
2016.02.12 02:40:27.971,2.16523,2.16607,1.00,1.00
2016.02.12 02:40:28.589,2.16524,2.16607,1.00,1.00
2016.02.12 02:40:29.068,2.16524,2.16612,1.00,1.00
2016.02.12 02:40:29.270,2.16524,2.16608,1.00,1.00
2016.02.12 02:40:29.796,2.16523,2.16608,1.00,1.00
2016.02.12 02:40:30.207,2.16524,2.16612,1.00,1.00
2016.02.12 02:40:30.258,2.16524,2.16608,1.00,1.00
2016.02.12 02:40:30.599,2.16524,2.16611,1.00,1.00
2016.02.12 02:40:30.760,2.16524,2.16608,1.00,1.00
2016.02.12 02:40:31.902,2.16524,2.16609,1.00,1.00
2016.02.12 02:40:32.382,2.16524,2.16607,1.00,1.00
2016.02.12 02:40:32.686,2.16524,2.1661,1.00,1.00
2016.02.12 02:40:32.788,2.16524,2.16608,1.00,1.00
2016.02.12 02:40:33.311,2.16523,2.16608,1.00,1.00
2016.02.12 02:40:33.682,2.16523,2.16611,1.00,1.00
2016.02.12 02:40:34.189,2.16523,2.16609,1.00,1.00
2016.02.12 02:40:34.484,2.16523,2.16613,1.00,1.00
2016.02.12 02:40:34.917,2.16523,2.16608,1.00,1.00
2016.02.12 02:40:36.320,2.16523,2.16605,1.00,1.00
2016.02.12 02:40:36.724,2.16523,2.1661,1.00,1.00
2016.02.12 02:40:37.274,2.16523,2.16609,1.00,1.00
2016.02.12 02:40:37.375,2.16523,2.16616,1.00,1.00
2016.02.12 02:40:37.685,2.16523,2.16613,1.00,1.00
2016.02.12 02:40:38.192,2.16523,2.16612,1.00,1.00
2016.02.12 02:40:38.368,2.16523,2.16615,1.00,1.00
2016.02.12 02:40:38.879,2.16523,2.16616,1.00,1.00
2016.02.12 02:40:38.930,2.16523,2.1662,1.00,1.50
2016.02.12 02:40:39.109,2.16523,2.16617,1.00,1.00
2016.02.12 02:40:39.210,2.16523,2.1662,1.00,1.50
2016.02.12 02:40:40.697,2.16523,2.16611,1.00,1.00
2016.02.12 02:40:41.118,2.16523,2.16614,1.00,1.00
2016.02.12 02:40:41.539,2.16523,2.16617,1.00,1.00
2016.02.12 02:40:43.355,2.16523,2.16613,1.00,1.00
2016.02.12 02:40:43.855,2.16523,2.16609,1.00,1.00
2016.02.12 02:40:43.956,2.16523,2.16616,1.00,1.00
2016.02.12 02:40:44.621,2.16523,2.16615,1.00,1.00
2016.02.12 02:40:45.311,2.16523,2.16616,1.00,1.00
2016.02.12 02:40:45.614,2.16523,2.16622,1.00,1.00
2016.02.12 02:40:45.712,2.16523,2.16616,1.00,1.00
2016.02.12 02:40:46.113,2.16523,2.1662,1.00,1.00
2016.02.12 02:40:46.293,2.16524,2.16616,1.00,1.50
2016.02.12 02:40:48.964,2.16524,2.16615,1.00,1.00
2016.02.12 02:40:49.497,2.16524,2.16616,1.00,1.00
2016.02.12 02:40:50.326,2.16523,2.16612,1.00,1.00
2016.02.12 02:40:50.541,2.16523,2.16615,1.00,1.00
2016.02.12 02:40:50.845,2.16523,2.16611,1.00,1.00
2016.02.12 02:40:51.046,2.16523,2.16615,1.00,1.00
2016.02.12 02:40:51.574,2.16513,2.16615,1.75,1.00
2016.02.12 02:40:52.087,2.16523,2.16615,1.00,1.00
2016.02.12 02:40:52.138,2.16523,2.16617,1.00,1.50
2016.02.12 02:40:52.664,2.16523,2.16616,1.00,1.00
2016.02.12 02:40:53.204,2.16523,2.16615,1.00,1.00
2016.02.12 02:40:54.073,2.16524,2.16616,1.00,1.00
2016.02.12 02:40:58.840,2.16524,2.16614,1.00,1.00
2016.02.12 02:40:59.989,2.16524,2.16609,1.00,1.00
2016.02.12 02:41:00.667,2.16524,2.16613,1.00,1.00
2016.02.12 02:41:01.466,2.16524,2.16609,1.00,1.00
2016.02.12 02:41:01.567,2.16524,2.16614,1.00,1.00
2016.02.12 02:41:01.945,2.16524,2.16616,1.00,1.12
2016.02.12 02:41:02.446,2.16524,2.16615,1.00,1.00
2016.02.12 02:41:02.948,2.16524,2.16614,1.00,1.00
2016.02.12 02:41:02.999,2.16534,2.16614,1.00,1.00
2016.02.12 02:41:03.186,2.16524,2.16609,1.12,1.00
2016.02.12 02:41:03.458,2.16524,2.16615,1.12,1.00
2016.02.12 02:41:03.850,2.16524,2.16607,1.12,1.00
2016.02.12 02:41:04.999,2.16524,2.16609,1.12,1.00
2016.02.12 02:41:05.500,2.16524,2.16608,1.12,1.00
2016.02.12 02:41:06.055,2.16524,2.16612,1.12,1.00
2016.02.12 02:41:06.587,2.16523,2.16609,1.37,1.00
2016.02.12 02:41:07.202,2.16523,2.16612,1.37,1.00
2016.02.12 02:41:07.303,2.16523,2.16609,1.37,1.00
2016.02.12 02:41:07.403,2.16523,2.16612,1.37,1.00
2016.02.12 02:41:07.505,2.16523,2.16617,1.37,1.00
2016.02.12 02:41:08.059,2.16523,2.16616,1.37,1.00
2016.02.12 02:41:08.563,2.16523,2.16617,1.37,1.00
2016.02.12 02:41:08.901,2.16523,2.16615,1.37,1.00
2016.02.12 02:41:09.261,2.16523,2.16617,1.37,1.00
2016.02.12 02:41:09.766,2.16524,2.16616,1.12,1.50
2016.02.12 02:41:10.463,2.16524,2.16612,1.12,1.00
2016.02.12 02:41:12.206,2.16524,2.16613,1.12,1.00
2016.02.12 02:41:12.823,2.16524,2.16612,1.12,1.00
2016.02.12 02:41:14.696,2.16524,2.16613,1.12,1.00
2016.02.12 02:41:16.977,2.16524,2.16608,1.12,1.00
2016.02.12 02:41:17.378,2.16524,2.16616,1.12,1.00
2016.02.12 02:41:17.896,2.16524,2.16615,1.12,1.00
2016.02.12 02:41:18.431,2.16524,2.16616,1.37,1.00
2016.02.12 02:41:18.696,2.16534,2.16624,1.00,1.00
2016.02.12 02:41:18.898,2.16544,2.16635,1.00,1.00
2016.02.12 02:41:19.056,2.16554,2.16635,1.00,1.00
2016.02.12 02:41:19.207,2.16554,2.16639,1.00,1.00
2016.02.12 02:41:19.536,2.16554,2.16641,1.00,1.00
2016.02.12 02:41:21.010,2.16554,2.16636,1.00,1.00
2016.02.12 02:41:22.536,2.16554,2.16635,1.00,1.00
2016.02.12 02:41:23.122,2.16554,2.16638,1.00,1.50
2016.02.12 02:41:26.170,2.16546,2.16637,1.75,1.00
2016.02.12 02:41:28.366,2.16553,2.16637,1.00,1.00
2016.02.12 02:41:28.497,2.16548,2.16637,1.37,1.00
2016.02.12 02:41:30.626,2.16552,2.16637,1.00,1.00
2016.02.12 02:41:33.906,2.16552,2.16635,1.00,1.00
2016.02.12 02:41:34.074,2.16543,2.16635,2.25,1.00
2016.02.12 02:41:34.206,2.16547,2.16637,1.50,1.00
2016.02.12 02:41:34.365,2.16551,2.16637,1.00,1.00
2016.02.12 02:41:34.635,2.16553,2.1664,1.00,1.00
2016.02.12 02:41:34.962,2.16553,2.16638,1.00,1.00
2016.02.12 02:41:35.265,2.16553,2.16636,1.00,1.00
2016.02.12 02:41:36.211,2.16553,2.16625,1.00,1.00
2016.02.12 02:41:36.312,2.16544,2.16621,1.37,1.00
2016.02.12 02:41:36.514,2.1653,2.16621,1.75,1.00
2016.02.12 02:41:37.246,2.16529,2.16622,1.75,1.00
2016.02.12 02:41:37.770,2.16532,2.16623,1.50,1.00
2016.02.12 02:41:38.272,2.16533,2.16624,2.62,1.00
2016.02.12 02:41:38.442,2.16533,2.16626,1.12,1.00
2016.02.12 02:41:38.620,2.16544,2.16633,1.00,1.00
2016.02.12 02:41:38.954,2.16546,2.16635,1.00,1.00
2016.02.12 02:41:39.256,2.16548,2.16635,1.00,1.00
2016.02.12 02:41:39.357,2.16544,2.16634,1.37,1.00
2016.02.12 02:41:39.458,2.16544,2.16628,1.37,1.00
2016.02.12 02:41:41.421,2.16543,2.1663,2.25,1.00
2016.02.12 02:41:42.759,2.16543,2.16631,1.50,1.00
2016.02.12 02:41:42.923,2.16541,2.16626,1.75,1.00
2016.02.12 02:41:43.454,2.16544,2.16631,1.37,1.00
2016.02.12 02:41:43.725,2.16543,2.16636,1.50,1.00
2016.02.12 02:41:44.626,2.16544,2.16635,1.37,1.00
2016.02.12 02:41:46.072,2.16543,2.16631,1.50,1.00
2016.02.12 02:41:46.625,2.16544,2.16632,1.37,1.00
2016.02.12 02:41:46.928,2.16562,2.16647,1.00,1.00
2016.02.12 02:41:47.180,2.16577,2.16666,1.00,1.50
2016.02.12 02:41:47.230,2.16578,2.16666,1.37,1.12
2016.02.12 02:41:47.435,2.16591,2.16676,1.00,1.00
2016.02.12 02:41:47.588,2.16594,2.16682,1.00,1.00
2016.02.12 02:41:47.639,2.16594,2.16686,1.00,1.00
2016.02.12 02:41:48.345,2.16599,2.16686,1.37,1.00
2016.02.12 02:41:48.396,2.16603,2.16694,1.37,1.00
2016.02.12 02:41:48.447,2.16606,2.16697,1.00,1.00
2016.02.12 02:41:48.648,2.16614,2.16702,1.75,1.00
2016.02.12 02:41:49.155,2.16606,2.16697,1.75,1.00
2016.02.12 02:41:49.307,2.16614,2.16702,1.75,1.00
2016.02.12 02:41:50.523,2.16608,2.16697,1.75,1.00
2016.02.12 02:41:50.725,2.16614,2.16703,1.75,1.00
2016.02.12 02:41:51.037,2.16614,2.16701,1.75,1.00
2016.02.12 02:41:51.632,2.16614,2.16702,1.75,1.50
2016.02.12 02:41:52.652,2.16614,2.16706,1.75,1.50
2016.02.12 02:41:53.435,2.16614,2.16706,1.00,1.50
2016.02.12 02:41:53.486,2.16614,2.16704,1.00,1.00
2016.02.12 02:41:53.789,2.16623,2.16704,1.00,1.00
2016.02.12 02:41:53.890,2.16623,2.16707,1.00,1.00
2016.02.12 02:41:53.991,2.16623,2.16711,1.00,1.00
2016.02.12 02:41:54.344,2.16625,2.16717,1.00,1.00
2016.02.12 02:41:54.445,2.16627,2.16717,1.50,1.00
2016.02.12 02:41:54.567,2.16633,2.16725,1.00,1.00
2016.02.12 02:41:54.671,2.16633,2.16727,1.00,1.00
2016.02.12 02:41:54.873,2.16633,2.16727,1.75,1.00
2016.02.12 02:41:55.175,2.16639,2.16727,1.00,1.00
2016.02.12 02:41:55.477,2.16641,2.16727,1.00,1.00
2016.02.12 02:41:55.579,2.16644,2.16734,1.00,1.00
2016.02.12 02:41:55.831,2.16644,2.16728,1.00,1.00
2016.02.12 02:41:55.988,2.16638,2.16727,1.00,1.00
2016.02.12 02:41:56.533,2.16639,2.16727,1.00,1.00
2016.02.12 02:41:57.035,2.1664,2.16727,1.00,1.00
2016.02.12 02:41:57.549,2.16639,2.16727,1.00,1.00
2016.02.12 02:41:58.055,2.16641,2.16727,1.00,1.00
2016.02.12 02:41:58.394,2.16644,2.1673,1.00,1.00
2016.02.12 02:41:58.655,2.16644,2.16734,1.00,1.00
2016.02.12 02:41:58.706,2.16644,2.16728,1.00,1.00
2016.02.12 02:41:59.342,2.16644,2.16728,1.75,1.00
2016.02.12 02:42:00.455,2.16644,2.16735,1.75,1.00
2016.02.12 02:42:00.974,2.16646,2.16736,1.50,1.00
2016.02.12 02:42:01.155,2.1665,2.16736,1.00,1.00
2016.02.12 02:42:01.281,2.16647,2.16736,1.12,1.00
2016.02.12 02:42:04.274,2.16655,2.16736,1.00,1.00
2016.02.12 02:42:05.874,2.16655,2.16744,1.00,1.00
2016.02.12 02:42:06.795,2.16655,2.16744,1.50,1.00
2016.02.12 02:42:08.265,2.16654,2.16746,1.75,1.00
2016.02.12 02:42:08.777,2.16655,2.16747,1.50,1.50
2016.02.12 02:42:09.775,2.16655,2.16746,1.50,1.00
2016.02.12 02:42:12.902,2.16661,2.16747,1.00,1.00
2016.02.12 02:42:13.204,2.16663,2.16747,1.75,1.00
2016.02.12 02:42:13.257,2.16673,2.16753,1.00,1.00
2016.02.12 02:42:13.379,2.16673,2.16758,1.00,1.50
2016.02.12 02:42:13.531,2.16673,2.16762,1.00,1.00
2016.02.12 02:42:13.582,2.16673,2.16762,1.37,1.00
2016.02.12 02:42:13.783,2.16675,2.16765,1.75,1.00
2016.02.12 02:42:15.407,2.16677,2.16767,1.50,1.50
2016.02.12 02:42:15.941,2.16677,2.16766,1.50,1.00
2016.02.12 02:42:16.482,2.16675,2.16765,1.75,1.00
2016.02.12 02:42:20.031,2.16673,2.16758,1.75,1.00
2016.02.12 02:42:21.342,2.16673,2.16757,1.75,1.00
2016.02.12 02:42:21.645,2.16673,2.16746,1.00,1.00
2016.02.12 02:42:21.746,2.16653,2.16747,1.75,1.50
2016.02.12 02:42:21.797,2.16653,2.16747,1.50,1.50
2016.02.12 02:42:21.898,2.16653,2.16747,1.12,1.50
2016.02.12 02:42:23.297,2.16653,2.16745,1.12,1.00
2016.02.12 02:42:26.224,2.16653,2.16747,1.87,1.50
2016.02.12 02:42:26.375,2.16664,2.16748,1.00,1.00
2016.02.12 02:42:26.911,2.16664,2.16749,1.00,1.00
2016.02.12 02:42:28.758,2.16674,2.16749,1.00,1.50
2016.02.12 02:42:29.809,2.16674,2.16747,1.00,1.00
2016.02.12 02:42:32.118,2.16674,2.16748,1.00,1.00
2016.02.12 02:42:34.061,2.16664,2.16748,1.00,1.00
2016.02.12 02:42:35.155,2.16664,2.16749,1.00,1.00
2016.02.12 02:42:37.377,2.16664,2.16748,1.00,1.00
2016.02.12 02:42:37.979,2.16663,2.16748,1.00,1.00
2016.02.12 02:42:38.872,2.16663,2.16749,1.00,1.50
2016.02.12 02:42:39.275,2.16663,2.16751,1.00,1.00
2016.02.12 02:42:40.238,2.1667,2.16755,1.00,1.00
2016.02.12 02:42:40.541,2.16713,2.16785,1.00,1.00
2016.02.12 02:42:40.843,2.16713,2.16789,1.00,1.50
2016.02.12 02:42:40.958,2.16704,2.16796,1.00,1.00
2016.02.12 02:42:41.160,2.16711,2.16797,1.00,1.00
2016.02.12 02:42:41.463,2.16734,2.16809,1.00,1.00
2016.02.12 02:42:41.514,2.16734,2.16818,1.00,1.00
2016.02.12 02:42:41.565,2.16723,2.16818,1.12,1.00
2016.02.12 02:42:42.139,2.16723,2.16819,1.12,1.00
2016.02.12 02:42:45.471,2.16723,2.16808,1.12,1.00
2016.02.12 02:42:46.414,2.16723,2.16814,1.12,1.00
2016.02.12 02:42:47.173,2.16723,2.16816,1.12,1.00
2016.02.12 02:42:47.563,2.16734,2.16816,1.00,1.00
2016.02.12 02:42:48.013,2.16734,2.16811,1.00,1.00
2016.02.12 02:42:49.050,2.16734,2.16815,1.00,1.00
2016.02.12 02:42:49.151,2.16734,2.1681,1.00,1.00
2016.02.12 02:42:49.252,2.16724,2.1681,1.00,1.00
2016.02.12 02:42:50.187,2.16724,2.16813,1.00,1.00
2016.02.12 02:42:50.293,2.16724,2.16816,1.00,1.00
2016.02.12 02:42:53.438,2.16734,2.16819,1.00,1.00
2016.02.12 02:42:53.589,2.16735,2.16824,1.00,3.00
2016.02.12 02:42:53.690,2.16738,2.16827,1.00,1.00
2016.02.12 02:42:53.842,2.16753,2.16843,1.00,1.00
2016.02.12 02:42:53.993,2.16753,2.16841,1.00,1.00
2016.02.12 02:42:54.149,2.16753,2.16846,1.00,1.00
2016.02.12 02:42:54.200,2.16744,2.16846,1.75,1.00
2016.02.12 02:42:54.351,2.16751,2.16843,1.00,1.00
2016.02.12 02:42:55.251,2.16745,2.1684,1.75,1.00
2016.02.12 02:42:55.554,2.16744,2.16835,1.75,1.00
2016.02.12 02:42:55.655,2.16743,2.16837,1.75,1.00
2016.02.12 02:42:56.080,2.16744,2.16835,1.75,1.00
2016.02.12 02:42:57.856,2.16744,2.16833,1.75,1.00
2016.02.12 02:43:00.877,2.16743,2.16834,2.25,1.00
2016.02.12 02:43:01.174,2.16745,2.16837,1.75,1.00
2016.02.12 02:43:01.275,2.16744,2.16835,1.75,1.00
2016.02.12 02:43:02.058,2.16744,2.16835,1.37,1.00
2016.02.12 02:43:02.238,2.16744,2.16825,1.00,1.87
2016.02.12 02:43:02.339,2.16709,2.16796,1.00,1.00
2016.02.12 02:43:02.390,2.167,2.16778,1.87,1.00
2016.02.12 02:43:02.441,2.16694,2.16778,1.00,1.00
2016.02.12 02:43:02.492,2.16694,2.16776,1.00,1.00
2016.02.12 02:43:02.542,2.16691,2.16776,1.00,1.00
2016.02.12 02:43:02.593,2.16684,2.16778,1.50,1.00
2016.02.12 02:43:02.644,2.16704,2.16778,1.00,1.00
2016.02.12 02:43:02.845,2.16709,2.16808,1.75,1.00
2016.02.12 02:43:02.946,2.16714,2.16808,1.00,1.50
2016.02.12 02:43:02.997,2.16698,2.16806,1.75,1.00
2016.02.12 02:43:03.098,2.16683,2.16791,1.75,1.37
2016.02.12 02:43:03.149,2.16683,2.16791,1.50,1.37
2016.02.12 02:43:03.515,2.16693,2.16793,1.00,1.50
2016.02.12 02:43:03.954,2.16684,2.16793,1.37,2.25
2016.02.12 02:43:04.308,2.16684,2.16788,1.37,1.00
2016.02.12 02:43:04.833,2.16684,2.16787,1.37,1.00
2016.02.12 02:43:05.000,2.16684,2.16789,1.37,1.50
2016.02.12 02:43:05.516,2.16684,2.16788,1.37,1.50
2016.02.12 02:43:05.617,2.16684,2.16793,1.37,1.50
2016.02.12 02:43:05.717,2.16684,2.16788,1.37,1.00
2016.02.12 02:43:05.818,2.16684,2.1679,1.37,1.12
2016.02.12 02:43:06.277,2.16684,2.16791,1.75,1.00
2016.02.12 02:43:06.601,2.16688,2.16786,1.75,1.00
2016.02.12 02:43:06.720,2.16688,2.16788,1.75,1.00
2016.02.12 02:43:07.096,2.16692,2.1679,1.75,1.00
2016.02.12 02:43:07.411,2.16688,2.16786,1.75,1.00
2016.02.12 02:43:07.675,2.167,2.16795,1.00,1.00
2016.02.12 02:43:07.725,2.16711,2.16795,1.00,1.00
2016.02.12 02:43:07.776,2.16711,2.16802,1.00,1.12
2016.02.12 02:43:07.999,2.16712,2.16808,1.00,1.00
2016.02.12 02:43:08.100,2.16712,2.16808,1.75,1.00
2016.02.12 02:43:11.614,2.16712,2.16801,1.00,1.00
2016.02.12 02:43:11.933,2.16712,2.16799,1.00,1.00
2016.02.12 02:43:12.189,2.16712,2.16802,1.00,1.00
2016.02.12 02:43:12.340,2.16714,2.16802,1.00,1.00
2016.02.12 02:43:12.965,2.16714,2.16803,1.00,1.00
2016.02.12 02:43:15.034,2.16714,2.16804,1.00,1.00
2016.02.12 02:43:15.136,2.16714,2.16809,1.00,1.00
2016.02.12 02:43:15.287,2.16714,2.16809,1.87,1.00
2016.02.12 02:43:15.592,2.16715,2.16809,1.75,1.00
2016.02.12 02:43:15.895,2.1673,2.16825,1.00,1.00
2016.02.12 02:43:15.996,2.16732,2.16824,1.00,1.00
2016.02.12 02:43:16.047,2.16732,2.16831,1.00,1.00
2016.02.12 02:43:16.098,2.16734,2.16833,1.00,1.00
2016.02.12 02:43:16.236,2.16733,2.16838,1.00,1.12
2016.02.12 02:43:16.286,2.16743,2.16838,1.00,1.12
2016.02.12 02:43:16.588,2.16744,2.16842,1.12,1.00
2016.02.12 02:43:17.206,2.16744,2.16837,1.12,1.00
2016.02.12 02:43:18.413,2.16743,2.16838,1.37,1.00
2016.02.12 02:43:19.425,2.1674,2.16837,1.75,1.00
2016.02.12 02:43:20.322,2.1674,2.16834,1.75,1.00
2016.02.12 02:43:20.802,2.16743,2.16837,1.37,1.00
2016.02.12 02:43:22.038,2.16743,2.16833,1.37,1.00
2016.02.12 02:43:22.139,2.16743,2.16836,1.37,1.00
2016.02.12 02:43:22.805,2.1674,2.16833,1.75,1.00
2016.02.12 02:43:23.656,2.16743,2.1683,1.37,1.00
2016.02.12 02:43:24.407,2.16744,2.16832,1.12,1.00
2016.02.12 02:43:24.808,2.16744,2.16829,1.12,1.00
2016.02.12 02:43:25.910,2.16735,2.16822,2.25,1.00
2016.02.12 02:43:26.011,2.16734,2.16827,1.75,1.00
2016.02.12 02:43:26.162,2.16724,2.16828,1.75,1.00
2016.02.12 02:43:26.414,2.16717,2.16821,1.37,1.00
2016.02.12 02:43:26.590,2.16717,2.16819,1.37,1.00
2016.02.12 02:43:26.893,2.16703,2.16801,1.75,1.00
2016.02.12 02:43:27.195,2.16705,2.16794,1.37,1.00
2016.02.12 02:43:27.507,2.16707,2.16792,1.00,1.00
2016.02.12 02:43:28.059,2.16707,2.16791,1.00,1.00
2016.02.12 02:43:30.847,2.16703,2.1679,1.75,1.00
2016.02.12 02:43:31.053,2.16715,2.16804,1.00,1.00
2016.02.12 02:43:31.154,2.16724,2.16813,1.00,1.12
2016.02.12 02:43:31.498,2.16731,2.16817,1.00,1.00
2016.02.12 02:43:31.851,2.16725,2.16809,1.75,1.00
2016.02.12 02:43:32.355,2.16724,2.16817,1.75,1.00
2016.02.12 02:43:32.456,2.16724,2.16811,1.75,1.00
2016.02.12 02:43:32.729,2.16724,2.16812,1.00,1.00
2016.02.12 02:43:34.242,2.16724,2.16811,1.00,1.00
2016.02.12 02:43:34.850,2.16724,2.16812,1.00,1.00
2016.02.12 02:43:35.229,2.16724,2.16808,1.00,1.00
2016.02.12 02:43:35.838,2.16724,2.16809,1.00,1.00
2016.02.12 02:43:38.932,2.16733,2.16809,1.00,1.00
2016.02.12 02:43:39.135,2.16733,2.16821,1.00,1.00
2016.02.12 02:43:39.236,2.16735,2.1682,1.00,1.00
2016.02.12 02:43:41.737,2.16737,2.16822,1.00,1.00
2016.02.12 02:43:41.888,2.16738,2.16824,1.00,1.00
2016.02.12 02:43:41.939,2.16743,2.16824,1.00,1.00
2016.02.12 02:43:42.259,2.16743,2.16826,1.00,1.00
2016.02.12 02:43:42.828,2.16743,2.16827,1.00,1.00
2016.02.12 02:43:43.053,2.16743,2.16825,1.00,1.00
2016.02.12 02:43:43.400,2.16733,2.16818,1.00,1.00
2016.02.12 02:43:43.458,2.16743,2.16819,1.00,1.00
2016.02.12 02:43:43.663,2.16733,2.16821,1.00,1.00
2016.02.12 02:43:44.469,2.16733,2.1682,1.50,1.00
2016.02.12 02:43:45.444,2.16733,2.16815,1.00,1.00
2016.02.12 02:43:45.651,2.16733,2.16817,1.00,1.00
2016.02.12 02:43:46.459,2.16733,2.16816,1.00,1.00
2016.02.12 02:43:47.247,2.16733,2.16817,1.00,1.00
2016.02.12 02:43:47.550,2.16733,2.16814,1.00,1.00
2016.02.12 02:43:47.892,2.16743,2.16814,1.00,1.00
2016.02.12 02:43:48.369,2.16743,2.16817,1.00,1.00
2016.02.12 02:43:48.491,2.16743,2.16814,1.00,1.00
2016.02.12 02:43:49.050,2.16743,2.16825,1.00,1.00
2016.02.12 02:43:49.480,2.16743,2.16827,1.00,1.00
2016.02.12 02:43:49.878,2.16743,2.16821,1.00,1.00
2016.02.12 02:43:50.435,2.16744,2.16821,1.00,1.00
2016.02.12 02:43:50.752,2.16744,2.16823,1.00,1.00
2016.02.12 02:43:50.853,2.16744,2.16821,1.00,1.00
2016.02.12 02:43:51.200,2.16744,2.16819,1.00,1.00
2016.02.12 02:43:51.302,2.16744,2.16823,1.00,1.00
2016.02.12 02:43:51.895,2.16744,2.16822,1.00,1.00
2016.02.12 02:43:54.778,2.16735,2.16822,1.00,1.00
2016.02.12 02:43:54.880,2.16734,2.16815,1.00,1.00
2016.02.12 02:43:56.894,2.16733,2.16815,1.00,1.00
2016.02.12 02:43:58.114,2.16733,2.16814,1.00,1.00
2016.02.12 02:43:59.171,2.16734,2.16814,1.00,1.00
2016.02.12 02:43:59.795,2.16734,2.16813,1.00,1.00
2016.02.12 02:44:00.506,2.16734,2.16811,1.00,1.00
2016.02.12 02:44:01.384,2.16734,2.16814,1.00,1.00
2016.02.12 02:44:01.939,2.16734,2.16813,1.00,1.00
2016.02.12 02:44:02.395,2.16734,2.16816,1.00,1.00
2016.02.12 02:44:02.496,2.16734,2.16811,1.00,1.00
2016.02.12 02:44:03.059,2.16734,2.16812,1.00,1.00
2016.02.12 02:44:03.210,2.16734,2.16815,1.00,1.00
2016.02.12 02:44:03.725,2.16734,2.16816,1.00,1.00
2016.02.12 02:44:03.776,2.16734,2.16819,1.00,1.00
2016.02.12 02:44:04.717,2.16734,2.16813,1.00,1.00
2016.02.12 02:44:05.525,2.16734,2.16819,1.00,1.00
2016.02.12 02:44:05.677,2.16744,2.16819,1.00,1.00
2016.02.12 02:44:05.727,2.16744,2.16825,1.00,1.00
2016.02.12 02:44:06.421,2.16743,2.16825,1.00,1.00
2016.02.12 02:44:06.724,2.16743,2.16827,1.00,1.00
2016.02.12 02:44:08.082,2.16743,2.16828,1.00,1.00
2016.02.12 02:44:08.183,2.16743,2.16826,1.00,1.00
2016.02.12 02:44:08.802,2.16743,2.1682,1.00,1.00
2016.02.12 02:44:08.988,2.16733,2.16815,1.00,1.00
2016.02.12 02:44:10.188,2.16733,2.16812,1.00,1.00
2016.02.12 02:44:10.794,2.16733,2.16814,1.00,1.00
2016.02.12 02:44:11.488,2.16733,2.16816,1.00,1.00
2016.02.12 02:44:11.589,2.16733,2.16814,1.00,1.00
2016.02.12 02:44:12.603,2.16733,2.16816,1.00,1.00
2016.02.12 02:44:12.704,2.16733,2.16813,1.00,1.00
2016.02.12 02:44:13.033,2.16734,2.16822,1.00,1.00
2016.02.12 02:44:13.134,2.16736,2.16822,1.00,1.00
2016.02.12 02:44:13.331,2.16744,2.16832,1.00,1.00
2016.02.12 02:44:13.432,2.16744,2.16834,1.50,1.00
2016.02.12 02:44:13.533,2.16748,2.16836,1.00,1.50
2016.02.12 02:44:13.634,2.16754,2.16844,1.00,1.00
2016.02.12 02:44:13.735,2.16754,2.1684,1.00,1.00
2016.02.12 02:44:14.038,2.16763,2.16844,1.00,1.00
2016.02.12 02:44:14.554,2.16763,2.16843,1.00,1.00
2016.02.12 02:44:14.604,2.16763,2.16846,1.00,1.00
2016.02.12 02:44:14.839,2.16763,2.16844,1.00,1.00
2016.02.12 02:44:15.357,2.16763,2.16843,1.00,1.00
2016.02.12 02:44:15.796,2.16763,2.1684,1.00,1.00
2016.02.12 02:44:16.113,2.16763,2.16833,1.00,1.00
2016.02.12 02:44:16.667,2.16744,2.16833,1.50,1.00
2016.02.12 02:44:17.020,2.16754,2.16832,1.00,1.00
2016.02.12 02:44:20.303,2.16754,2.1683,1.00,1.00
2016.02.12 02:44:21.532,2.16754,2.16828,1.00,1.00
2016.02.12 02:44:22.006,2.16754,2.16834,1.00,1.00
2016.02.12 02:44:22.107,2.16754,2.16825,1.00,1.00
2016.02.12 02:44:22.208,2.16754,2.16827,1.00,1.00
2016.02.12 02:44:22.309,2.16754,2.1682,1.00,1.00
2016.02.12 02:44:22.410,2.16744,2.16821,1.00,1.00
2016.02.12 02:44:22.511,2.16736,2.1682,1.00,1.00
2016.02.12 02:44:23.109,2.16734,2.1682,1.50,1.00
2016.02.12 02:44:23.210,2.16736,2.1682,1.00,1.00
2016.02.12 02:44:23.518,2.16734,2.16816,1.00,1.00
2016.02.12 02:44:23.720,2.16728,2.16814,1.00,1.00
2016.02.12 02:44:23.821,2.16734,2.16814,1.00,1.00
2016.02.12 02:44:25.113,2.16734,2.16813,1.00,1.00
2016.02.12 02:44:28.865,2.16734,2.16819,1.00,1.00
2016.02.12 02:44:28.966,2.16733,2.16819,1.87,1.00
2016.02.12 02:44:29.067,2.16734,2.16818,1.12,1.00
2016.02.12 02:44:30.741,2.16731,2.16816,1.00,1.00
2016.02.12 02:44:32.767,2.16733,2.16818,1.00,1.00
2016.02.12 02:44:34.628,2.16733,2.1682,1.00,1.00
2016.02.12 02:44:34.729,2.16733,2.16817,1.00,1.00
2016.02.12 02:44:35.360,2.16733,2.1682,1.00,1.00
2016.02.12 02:44:36.483,2.16733,2.16819,1.00,1.00
2016.02.12 02:44:37.252,2.16734,2.16819,1.00,1.00
2016.02.12 02:44:39.048,2.16734,2.16818,1.00,1.00
2016.02.12 02:44:39.149,2.16728,2.16817,1.00,1.00
2016.02.12 02:44:39.939,2.16729,2.16817,1.00,1.00
2016.02.12 02:44:40.539,2.16726,2.16817,1.00,1.00
2016.02.12 02:44:43.143,2.16726,2.16815,1.00,1.00
2016.02.12 02:44:43.950,2.16728,2.16814,1.00,1.00
2016.02.12 02:44:44.345,2.16726,2.16814,1.00,1.00
2016.02.12 02:44:44.452,2.16723,2.1681,1.00,1.00
2016.02.12 02:44:44.756,2.16724,2.16806,1.00,1.00
2016.02.12 02:44:44.958,2.16728,2.16813,1.00,1.00
2016.02.12 02:44:45.185,2.16725,2.16815,1.00,1.00
2016.02.12 02:44:47.165,2.16727,2.16815,1.00,1.00
2016.02.12 02:44:47.715,2.16733,2.16815,1.00,1.00
2016.02.12 02:44:50.222,2.16734,2.16815,1.00,1.00
2016.02.12 02:44:50.472,2.16734,2.16821,1.50,1.37
2016.02.12 02:44:50.573,2.16744,2.16825,1.00,1.75
2016.02.12 02:44:50.674,2.16743,2.16828,1.00,1.00
2016.02.12 02:44:50.876,2.16743,2.16834,1.00,1.75
2016.02.12 02:44:51.279,2.16743,2.16827,1.50,1.00
2016.02.12 02:44:52.332,2.16744,2.16827,1.00,1.00
2016.02.12 02:44:52.971,2.16744,2.16828,1.00,1.00
2016.02.12 02:44:53.867,2.16743,2.16828,1.00,1.00
2016.02.12 02:44:55.399,2.16743,2.16834,1.00,2.25
2016.02.12 02:44:55.600,2.16743,2.16828,1.00,1.00
2016.02.12 02:44:56.179,2.16743,2.16833,1.00,1.50
2016.02.12 02:44:56.587,2.16743,2.16828,1.00,1.00
2016.02.12 02:44:57.667,2.16743,2.16827,1.50,1.00
2016.02.12 02:45:00.372,2.16743,2.16828,1.00,1.00
2016.02.12 02:45:00.873,2.16743,2.16833,1.50,1.50
2016.02.12 02:45:01.399,2.16744,2.16833,1.00,1.50
2016.02.12 02:45:01.684,2.16744,2.16833,1.00,1.00
2016.02.12 02:45:02.825,2.16743,2.16834,1.00,1.00
2016.02.12 02:45:05.399,2.16746,2.16832,1.00,1.00
2016.02.12 02:45:06.407,2.16743,2.16837,1.00,1.00
2016.02.12 02:45:06.609,2.16744,2.16833,1.00,1.00
2016.02.12 02:45:07.031,2.16753,2.16833,1.00,1.00
2016.02.12 02:45:07.147,2.16753,2.16835,1.00,1.00
2016.02.12 02:45:08.328,2.16753,2.16836,1.00,1.00
2016.02.12 02:45:09.106,2.16753,2.1684,1.00,1.00
2016.02.12 02:45:10.208,2.16753,2.16838,1.00,1.00
2016.02.12 02:45:10.745,2.16753,2.16841,1.00,1.12
2016.02.12 02:45:10.846,2.16753,2.16837,1.00,1.00
2016.02.12 02:45:11.048,2.16744,2.16836,1.00,1.75
2016.02.12 02:45:13.042,2.16744,2.16828,1.00,1.00
2016.02.12 02:45:13.456,2.16744,2.16832,1.00,1.75
2016.02.12 02:45:13.864,2.16754,2.16832,1.00,1.75
2016.02.12 02:45:14.096,2.16743,2.16832,1.00,1.75
2016.02.12 02:45:16.043,2.16753,2.16833,1.00,1.75
2016.02.12 02:45:16.404,2.16753,2.16828,1.00,1.00
2016.02.12 02:45:16.454,2.16753,2.16835,1.00,1.75
2016.02.12 02:45:17.261,2.16753,2.16828,1.00,1.00
2016.02.12 02:45:17.362,2.16753,2.16832,1.00,1.75
2016.02.12 02:45:18.043,2.16744,2.16833,1.00,1.75
2016.02.12 02:45:18.263,2.16753,2.16833,1.00,1.75
2016.02.12 02:45:20.467,2.16753,2.16829,1.00,1.00
2016.02.12 02:45:21.379,2.16753,2.16828,1.00,1.00
2016.02.12 02:45:21.429,2.16753,2.16832,1.00,1.75
2016.02.12 02:45:24.480,2.16753,2.16828,1.00,1.00
2016.02.12 02:45:24.681,2.16743,2.16828,1.00,1.00
2016.02.12 02:45:25.253,2.16743,2.16826,1.00,1.00
2016.02.12 02:45:28.298,2.16743,2.16828,1.00,1.00
2016.02.12 02:45:28.752,2.16743,2.16827,1.00,1.75
2016.02.12 02:45:30.265,2.16743,2.16818,1.00,1.00
2016.02.12 02:45:30.964,2.16743,2.16824,1.00,1.50
2016.02.12 02:45:31.476,2.16744,2.16821,1.00,1.00
2016.02.12 02:45:31.989,2.16744,2.16822,1.00,1.12
2016.02.12 02:45:32.600,2.16753,2.16825,1.00,1.75
2016.02.12 02:45:32.752,2.16753,2.16833,1.00,1.00
2016.02.12 02:45:33.301,2.16754,2.16834,1.00,1.12
2016.02.12 02:45:34.386,2.16754,2.1683,1.00,1.00
2016.02.12 02:45:35.454,2.16754,2.16832,1.00,1.00
2016.02.12 02:45:37.887,2.16753,2.16835,1.00,1.50
2016.02.12 02:45:38.483,2.16753,2.16831,1.00,1.00
2016.02.12 02:45:38.636,2.16733,2.16815,1.00,1.00
2016.02.12 02:45:38.687,2.16733,2.16817,1.00,1.00
2016.02.12 02:45:38.787,2.16733,2.16815,1.00,1.00
2016.02.12 02:45:39.121,2.16732,2.16816,1.00,2.25
2016.02.12 02:45:39.323,2.16733,2.16821,1.00,1.00
2016.02.12 02:45:39.575,2.16734,2.16817,1.00,1.00
2016.02.12 02:45:39.625,2.16731,2.16817,1.00,1.50
2016.02.12 02:45:39.794,2.16732,2.16815,1.00,1.00
2016.02.12 02:45:39.949,2.16732,2.16817,1.00,1.50
2016.02.12 02:45:40.100,2.16732,2.16815,1.00,1.00
2016.02.12 02:45:40.979,2.16732,2.16817,1.00,1.00
2016.02.12 02:45:41.080,2.16741,2.16817,1.00,1.00
2016.02.12 02:45:41.181,2.16741,2.16821,1.00,1.00
2016.02.12 02:45:41.785,2.16741,2.1682,1.00,1.00
2016.02.12 02:45:42.087,2.16741,2.16817,1.00,1.00
2016.02.12 02:45:42.188,2.16741,2.1682,1.00,1.00
2016.02.12 02:45:42.390,2.16733,2.16816,1.00,1.00
2016.02.12 02:45:42.567,2.16733,2.16819,1.00,1.00
2016.02.12 02:45:42.804,2.16733,2.16816,1.00,1.00
2016.02.12 02:45:43.310,2.16733,2.16818,1.00,1.00
2016.02.12 02:45:43.417,2.16733,2.16821,1.00,1.00
2016.02.12 02:45:43.870,2.16737,2.16827,1.00,1.50
2016.02.12 02:45:43.920,2.16742,2.16827,1.00,1.50
2016.02.12 02:45:44.072,2.16743,2.16832,1.00,1.00
2016.02.12 02:45:44.173,2.16746,2.16837,1.00,1.12
2016.02.12 02:45:44.413,2.16753,2.16838,1.00,1.00
2016.02.12 02:45:44.464,2.16753,2.16844,1.00,1.00
2016.02.12 02:45:44.904,2.16751,2.16836,1.00,1.00
2016.02.12 02:45:45.005,2.16754,2.16843,1.00,1.00
2016.02.12 02:45:46.674,2.16754,2.16844,1.00,1.00
2016.02.12 02:45:46.776,2.16753,2.16837,1.00,1.00
2016.02.12 02:45:46.978,2.16743,2.16833,1.00,1.00
2016.02.12 02:45:47.331,2.16738,2.16827,1.00,1.00
2016.02.12 02:45:47.392,2.16735,2.16827,1.00,1.00
2016.02.12 02:45:47.494,2.16738,2.16827,1.00,1.00
2016.02.12 02:45:48.084,2.16737,2.16827,1.00,1.00
2016.02.12 02:45:48.385,2.16739,2.16827,1.00,1.00
2016.02.12 02:45:48.486,2.16735,2.16827,1.50,1.00
2016.02.12 02:45:48.637,2.16743,2.16831,1.00,1.00
2016.02.12 02:45:48.814,2.16743,2.16834,1.00,1.00
2016.02.12 02:45:49.318,2.16743,2.16835,1.00,1.00
2016.02.12 02:45:49.684,2.16743,2.16826,1.00,1.00
2016.02.12 02:45:49.735,2.16733,2.16826,1.00,1.00
2016.02.12 02:45:50.236,2.16733,2.16825,1.00,1.00
2016.02.12 02:45:50.742,2.16733,2.16824,1.00,1.00
2016.02.12 02:45:52.721,2.16734,2.16824,1.00,1.00
2016.02.12 02:45:53.311,2.16734,2.16826,1.00,1.00
2016.02.12 02:45:53.425,2.16734,2.16824,1.00,1.00
2016.02.12 02:45:53.931,2.16734,2.16821,1.00,1.00
2016.02.12 02:45:55.774,2.16733,2.16821,1.00,1.00
2016.02.12 02:45:56.093,2.16734,2.16817,1.00,1.00
2016.02.12 02:45:56.195,2.16742,2.16826,1.00,1.50
2016.02.12 02:45:56.246,2.16752,2.16826,1.00,1.00
2016.02.12 02:45:56.297,2.16752,2.16835,1.00,1.00
2016.02.12 02:45:56.449,2.16764,2.16841,1.00,1.00
2016.02.12 02:45:56.550,2.16764,2.16844,1.00,1.00
2016.02.12 02:45:57.068,2.16764,2.16843,1.00,1.00
2016.02.12 02:45:58.963,2.16754,2.16843,1.00,1.00
2016.02.12 02:45:59.144,2.16754,2.16841,1.00,1.00
2016.02.12 02:45:59.194,2.16743,2.16837,1.00,1.00
2016.02.12 02:45:59.245,2.16743,2.16831,1.00,1.00
2016.02.12 02:45:59.701,2.16743,2.16834,1.00,1.00
2016.02.12 02:45:59.902,2.16743,2.16832,1.50,1.00
2016.02.12 02:46:00.603,2.16743,2.16837,1.50,1.00
2016.02.12 02:46:01.509,2.16745,2.16837,1.00,1.50
2016.02.12 02:46:01.610,2.16743,2.16837,1.00,1.00
2016.02.12 02:46:01.805,2.16745,2.16837,1.00,1.50
2016.02.12 02:46:04.009,2.16743,2.16837,1.00,1.00
2016.02.12 02:46:04.628,2.16744,2.16837,1.00,1.00
2016.02.12 02:46:04.911,2.16744,2.16835,1.00,1.00
2016.02.12 02:46:05.518,2.16743,2.16835,1.00,1.00
2016.02.12 02:46:06.036,2.16743,2.16836,1.00,1.00
2016.02.12 02:46:06.459,2.16743,2.16834,1.00,1.00
2016.02.12 02:46:08.159,2.16743,2.16836,1.00,1.00
2016.02.12 02:46:11.559,2.16743,2.16835,1.00,1.00
2016.02.12 02:46:12.736,2.16744,2.16836,1.00,1.00
2016.02.12 02:46:14.142,2.16753,2.16836,1.00,1.00
2016.02.12 02:46:15.653,2.16753,2.16835,1.00,1.00
2016.02.12 02:46:22.240,2.16753,2.16837,1.00,1.00
2016.02.12 02:46:22.340,2.16753,2.16834,1.00,1.00
2016.02.12 02:46:24.694,2.16753,2.16836,1.00,1.00
2016.02.12 02:46:24.845,2.16762,2.16846,1.00,1.50
2016.02.12 02:46:25.254,2.16772,2.16845,1.00,1.00
2016.02.12 02:46:25.613,2.16763,2.16845,1.00,1.00
2016.02.12 02:46:25.949,2.16763,2.16848,1.00,1.00
2016.02.12 02:46:26.050,2.16763,2.16846,1.00,1.00
2016.02.12 02:46:28.112,2.16761,2.16846,1.00,1.00
2016.02.12 02:46:28.767,2.16772,2.16846,1.00,1.00
2016.02.12 02:46:29.317,2.16762,2.16847,1.00,1.00
2016.02.12 02:46:29.770,2.16772,2.16847,1.00,1.00
2016.02.12 02:46:32.559,2.16772,2.16852,1.00,1.00
2016.02.12 02:46:32.761,2.16772,2.16849,1.00,1.00
2016.02.12 02:46:33.387,2.16772,2.16852,1.00,1.50
2016.02.12 02:46:33.690,2.16771,2.16847,1.00,1.00
2016.02.12 02:46:33.841,2.16763,2.16846,1.00,1.00
2016.02.12 02:46:33.892,2.16763,2.16842,1.00,1.00
2016.02.12 02:46:34.116,2.16761,2.16842,1.00,1.00
2016.02.12 02:46:34.167,2.16762,2.16846,1.00,1.00
2016.02.12 02:46:35.265,2.16761,2.16846,1.00,1.00
2016.02.12 02:46:36.182,2.16764,2.1685,1.00,1.00
2016.02.12 02:46:36.283,2.16764,2.16852,1.00,1.00
2016.02.12 02:46:36.869,2.16764,2.16851,1.00,1.00
2016.02.12 02:46:38.982,2.16764,2.16845,1.00,1.00
2016.02.12 02:46:39.083,2.16762,2.16846,1.00,1.50
2016.02.12 02:46:39.629,2.16761,2.16846,1.00,1.00
2016.02.12 02:46:39.871,2.16761,2.16843,1.00,1.00
2016.02.12 02:46:40.402,2.16761,2.16845,1.00,1.00
2016.02.12 02:46:40.928,2.16761,2.16846,1.00,1.50
2016.02.12 02:46:43.579,2.16761,2.16847,1.00,1.00
2016.02.12 02:46:45.924,2.16762,2.16847,1.00,1.50
2016.02.12 02:46:46.551,2.16764,2.16855,1.00,1.00
2016.02.12 02:46:46.601,2.16764,2.16851,1.00,1.00
2016.02.12 02:46:46.760,2.16764,2.16853,1.00,1.00
2016.02.12 02:46:47.212,2.16764,2.16851,1.00,1.00
2016.02.12 02:46:48.811,2.16764,2.16852,1.00,1.00
2016.02.12 02:46:50.589,2.16764,2.16854,1.00,1.00
2016.02.12 02:46:51.362,2.16763,2.16854,1.00,1.00
2016.02.12 02:46:52.139,2.16764,2.16854,1.00,1.00
2016.02.12 02:46:55.398,2.16764,2.16853,1.00,1.00
2016.02.12 02:46:55.502,2.16764,2.16856,1.00,1.00
2016.02.12 02:46:57.362,2.16764,2.16829,1.00,1.00
2016.02.12 02:46:57.664,2.16754,2.16829,1.00,1.00
2016.02.12 02:46:58.118,2.16745,2.16828,1.00,1.00
2016.02.12 02:46:58.219,2.16743,2.16828,1.00,1.00
2016.02.12 02:46:58.328,2.16754,2.16829,1.00,1.00
2016.02.12 02:46:58.429,2.16744,2.16829,1.00,1.00
2016.02.12 02:46:59.566,2.16744,2.16828,1.00,1.00
2016.02.12 02:47:00.533,2.16743,2.16828,1.00,1.00
2016.02.12 02:47:01.469,2.16743,2.16831,1.00,1.00
2016.02.12 02:47:02.411,2.16743,2.1683,1.50,1.00
2016.02.12 02:47:02.752,2.16743,2.16828,1.50,1.00
2016.02.12 02:47:04.261,2.16754,2.16828,1.00,1.00
2016.02.12 02:47:08.251,2.16754,2.16829,1.00,1.00
2016.02.12 02:47:10.649,2.16754,2.16828,1.00,1.00
2016.02.12 02:47:10.851,2.16743,2.16823,1.00,1.00
2016.02.12 02:47:10.952,2.16744,2.16826,1.00,1.00
2016.02.12 02:47:12.156,2.16744,2.16829,1.00,1.00
2016.02.12 02:47:12.749,2.16744,2.1683,1.00,1.00
2016.02.12 02:47:14.148,2.16743,2.1683,1.00,1.00
2016.02.12 02:47:14.742,2.16743,2.16829,1.00,1.00
2016.02.12 02:47:17.056,2.16743,2.16825,1.00,1.00
2016.02.12 02:47:17.157,2.16743,2.16829,1.00,1.50
2016.02.12 02:47:17.359,2.16743,2.16822,1.00,1.00
2016.02.12 02:47:17.579,2.16743,2.16826,1.00,1.00
2016.02.12 02:47:17.781,2.16734,2.16823,1.00,1.00
2016.02.12 02:47:20.658,2.16738,2.16826,1.00,1.00
2016.02.12 02:47:21.035,2.16743,2.16828,1.00,1.00
2016.02.12 02:47:22.931,2.16744,2.16828,1.00,1.00
2016.02.12 02:47:23.773,2.16744,2.16829,1.00,1.00
2016.02.12 02:47:25.262,2.16754,2.16828,1.00,1.00
2016.02.12 02:47:27.583,2.16754,2.16833,1.00,1.00
2016.02.12 02:47:28.462,2.16754,2.16832,1.00,1.00
2016.02.12 02:47:28.792,2.16743,2.16832,1.00,1.00
2016.02.12 02:47:29.501,2.16743,2.16828,1.00,1.00
2016.02.12 02:47:36.098,2.16744,2.16828,1.00,1.00
2016.02.12 02:47:36.767,2.16744,2.16832,1.00,1.00
2016.02.12 02:47:38.631,2.16744,2.16828,1.00,1.00
2016.02.12 02:47:38.892,2.16727,2.16815,1.00,1.00
2016.02.12 02:47:38.993,2.16723,2.1681,1.00,1.00
2016.02.12 02:47:39.144,2.16718,2.16806,1.00,1.00
2016.02.12 02:47:39.195,2.16714,2.16802,1.00,1.00
2016.02.12 02:47:39.497,2.16714,2.16794,1.00,1.00
2016.02.12 02:47:40.201,2.16708,2.16794,1.00,1.00
2016.02.12 02:47:40.275,2.16704,2.16786,1.00,1.00
2016.02.12 02:47:40.326,2.16695,2.16786,1.00,1.50
2016.02.12 02:47:40.427,2.16704,2.16786,1.00,1.00
2016.02.12 02:47:42.031,2.16721,2.16786,1.00,1.00
2016.02.12 02:47:42.177,2.16714,2.16806,1.00,1.50
2016.02.12 02:47:42.228,2.16715,2.168,1.00,1.00
2016.02.12 02:47:42.480,2.16693,2.1678,1.00,1.00
2016.02.12 02:47:42.682,2.16694,2.16784,1.00,1.00
2016.02.12 02:47:45.485,2.16694,2.16786,1.00,1.50
2016.02.12 02:47:45.631,2.16694,2.16784,1.00,1.00
2016.02.12 02:47:46.087,2.16694,2.16786,1.00,1.50
2016.02.12 02:47:46.488,2.16694,2.16784,1.00,1.00
2016.02.12 02:47:47.490,2.16694,2.16786,1.00,1.50
2016.02.12 02:47:49.596,2.16694,2.16784,1.00,1.00
2016.02.12 02:47:50.587,2.16693,2.16784,1.00,1.00
2016.02.12 02:47:50.889,2.16704,2.16794,1.00,1.00
2016.02.12 02:47:51.700,2.16705,2.16797,1.00,1.00
2016.02.12 02:47:55.532,2.16705,2.16798,1.00,1.00
2016.02.12 02:47:56.207,2.16706,2.16797,1.00,1.00
2016.02.12 02:47:56.754,2.16706,2.16796,1.00,1.00
2016.02.12 02:47:57.911,2.16706,2.16797,1.00,1.50
2016.02.12 02:47:58.510,2.16704,2.16796,1.00,1.00
2016.02.12 02:48:00.461,2.16703,2.16794,1.00,1.00
2016.02.12 02:48:00.966,2.16704,2.16794,1.00,1.00
2016.02.12 02:48:01.017,2.167,2.16793,1.00,1.00
2016.02.12 02:48:02.120,2.16694,2.16787,1.00,1.00
2016.02.12 02:48:02.425,2.16693,2.16783,1.00,1.00
2016.02.12 02:48:03.783,2.16694,2.16783,1.00,1.00
2016.02.12 02:48:05.822,2.16694,2.16781,1.00,1.00
2016.02.12 02:48:06.474,2.16694,2.16778,1.00,1.00
2016.02.12 02:48:08.272,2.16694,2.16774,1.00,1.00
2016.02.12 02:48:08.373,2.16684,2.16774,1.00,1.00
2016.02.12 02:48:08.580,2.16694,2.16774,1.00,1.00
2016.02.12 02:48:13.036,2.16694,2.16778,1.00,1.00
2016.02.12 02:48:13.137,2.16684,2.16777,1.00,1.00
2016.02.12 02:48:13.238,2.16684,2.16769,1.00,1.00
2016.02.12 02:48:13.541,2.16684,2.16766,1.00,1.00
2016.02.12 02:48:13.738,2.16674,2.16766,1.50,1.50
2016.02.12 02:48:14.839,2.16674,2.16764,1.00,1.00
2016.02.12 02:48:15.091,2.16663,2.16757,1.00,1.00
2016.02.12 02:48:15.343,2.16663,2.16751,1.00,1.00
2016.02.12 02:48:16.373,2.16663,2.16757,1.00,1.50
2016.02.12 02:48:18.399,2.16674,2.16757,1.00,1.00
2016.02.12 02:48:19.166,2.16674,2.16756,1.00,1.00
2016.02.12 02:48:19.700,2.16674,2.16755,1.00,1.00
2016.02.12 02:48:20.248,2.16674,2.16761,1.00,1.00
2016.02.12 02:48:20.350,2.16674,2.16756,1.00,1.00
2016.02.12 02:48:20.771,2.16674,2.16761,1.00,1.00
2016.02.12 02:48:21.271,2.16674,2.16757,1.00,1.00
2016.02.12 02:48:21.350,2.16674,2.1676,1.00,1.00
2016.02.12 02:48:23.548,2.16669,2.16756,1.00,1.00
2016.02.12 02:48:24.200,2.16673,2.1676,1.00,1.00
2016.02.12 02:48:25.569,2.16673,2.16761,1.00,1.00
2016.02.12 02:48:26.780,2.16673,2.16762,1.00,1.00
2016.02.12 02:48:28.680,2.16673,2.16756,1.00,1.00
2016.02.12 02:48:31.389,2.16665,2.16756,1.00,1.00
2016.02.12 02:48:32.869,2.16666,2.16756,1.00,1.00
2016.02.12 02:48:35.373,2.16664,2.16756,1.00,1.00
2016.02.12 02:48:35.474,2.16664,2.16763,1.00,1.00
2016.02.12 02:48:35.575,2.16666,2.16756,1.00,1.00
2016.02.12 02:48:38.169,2.16674,2.16761,1.00,1.00
2016.02.12 02:48:38.747,2.16674,2.16762,1.00,1.00
2016.02.12 02:48:40.580,2.16674,2.1676,1.00,1.00
2016.02.12 02:48:41.582,2.16674,2.16766,1.00,1.00
2016.02.12 02:48:41.827,2.16674,2.16764,1.00,1.00
2016.02.12 02:48:42.378,2.16673,2.16764,1.00,1.00
2016.02.12 02:48:43.118,2.16673,2.16766,1.00,1.00
2016.02.12 02:48:43.320,2.1668,2.16767,1.00,1.00
2016.02.12 02:48:43.631,2.16694,2.16777,1.00,1.00
2016.02.12 02:48:43.732,2.16693,2.1678,1.00,1.00
2016.02.12 02:48:44.410,2.16693,2.16785,1.00,1.00
2016.02.12 02:48:44.721,2.16693,2.1678,1.00,1.00
2016.02.12 02:48:45.979,2.16689,2.16776,1.00,1.00
2016.02.12 02:48:48.344,2.1669,2.16776,1.00,1.00
2016.02.12 02:48:48.982,2.16689,2.16776,1.00,1.00
2016.02.12 02:48:50.091,2.16689,2.16766,1.00,1.00
2016.02.12 02:48:50.819,2.16689,2.16777,1.00,1.00
2016.02.12 02:48:50.920,2.16684,2.16777,1.00,1.00
2016.02.12 02:48:51.729,2.16686,2.16777,1.00,1.50
2016.02.12 02:48:52.031,2.16683,2.16777,1.00,1.50
2016.02.12 02:48:53.140,2.16683,2.16771,1.00,1.00
2016.02.12 02:48:53.293,2.16674,2.16766,1.00,1.00
2016.02.12 02:48:53.344,2.16674,2.16763,1.00,1.00
2016.02.12 02:48:53.546,2.16673,2.16766,1.00,1.00
2016.02.12 02:48:53.647,2.16673,2.1676,1.00,1.00
2016.02.12 02:48:54.158,2.16674,2.1676,1.00,1.00
2016.02.12 02:48:54.209,2.16674,2.16765,1.00,1.00
2016.02.12 02:48:54.756,2.16674,2.16764,1.00,1.00
2016.02.12 02:48:55.106,2.16674,2.16766,1.00,1.50
2016.02.12 02:48:55.223,2.16674,2.16759,1.00,1.00
2016.02.12 02:48:55.323,2.16674,2.16761,1.00,1.00
2016.02.12 02:48:55.424,2.16674,2.16758,1.00,1.00
2016.02.12 02:48:55.525,2.16674,2.1676,1.00,1.00
2016.02.12 02:48:56.327,2.16674,2.16766,1.00,1.00
2016.02.12 02:48:56.508,2.16674,2.16764,1.00,1.00
2016.02.12 02:48:56.808,2.16674,2.16766,1.00,1.50
2016.02.12 02:48:58.409,2.16673,2.16767,1.00,1.50
2016.02.12 02:48:58.951,2.16674,2.16766,1.00,1.00
2016.02.12 02:48:59.599,2.16673,2.16767,1.00,1.50
2016.02.12 02:49:01.017,2.16673,2.16766,1.00,1.00
2016.02.12 02:49:01.519,2.16673,2.1676,1.00,1.00
2016.02.12 02:49:01.821,2.16674,2.16758,1.00,1.00
2016.02.12 02:49:02.562,2.16674,2.16759,1.00,1.00
2016.02.12 02:49:02.764,2.16674,2.16761,1.00,1.00
2016.02.12 02:49:02.930,2.16674,2.16758,1.00,1.00
2016.02.12 02:49:03.031,2.16674,2.16761,1.00,1.00
2016.02.12 02:49:03.760,2.16674,2.1676,1.00,1.00
2016.02.12 02:49:04.140,2.16673,2.16762,1.00,1.00
2016.02.12 02:49:04.323,2.16673,2.16758,1.00,1.00
2016.02.12 02:49:04.626,2.16673,2.16756,1.00,1.00
2016.02.12 02:49:04.726,2.16663,2.16753,1.00,1.00
2016.02.12 02:49:04.828,2.16663,2.16751,1.00,1.00
2016.02.12 02:49:05.154,2.16663,2.16749,1.00,1.00
2016.02.12 02:49:05.456,2.16662,2.16747,1.00,1.50
2016.02.12 02:49:07.499,2.16653,2.16747,1.00,1.00
2016.02.12 02:49:07.550,2.16664,2.16748,1.00,1.00
2016.02.12 02:49:08.039,2.16664,2.16745,1.00,1.00
2016.02.12 02:49:08.090,2.16653,2.16745,1.00,1.00
2016.02.12 02:49:08.141,2.16653,2.16747,1.00,1.00
2016.02.12 02:49:08.343,2.16653,2.16738,1.00,1.00
2016.02.12 02:49:08.544,2.16645,2.16737,1.50,1.00
2016.02.12 02:49:08.746,2.16652,2.16737,1.00,1.00
2016.02.12 02:49:09.071,2.16663,2.16746,1.00,1.00
2016.02.12 02:49:09.122,2.16653,2.16746,1.00,1.00
2016.02.12 02:49:09.374,2.16653,2.16741,1.00,1.00
2016.02.12 02:49:09.475,2.16653,2.16745,1.00,1.00
2016.02.12 02:49:13.638,2.16653,2.16746,1.00,1.00
2016.02.12 02:49:14.370,2.16654,2.16746,1.00,1.00
2016.02.12 02:49:17.444,2.16654,2.16745,1.00,1.00
2016.02.12 02:49:17.856,2.16654,2.16743,1.00,1.00
2016.02.12 02:49:20.584,2.16654,2.16742,1.00,1.00
2016.02.12 02:49:22.180,2.16653,2.16742,1.00,1.00
2016.02.12 02:49:22.280,2.16643,2.16737,1.75,1.00
2016.02.12 02:49:22.411,2.16643,2.16737,1.00,1.00
2016.02.12 02:49:22.782,2.16643,2.16731,1.00,1.00
2016.02.12 02:49:22.984,2.16643,2.16735,1.00,1.00
2016.02.12 02:49:23.135,2.16643,2.16735,1.00,1.75
2016.02.12 02:49:23.388,2.16634,2.16726,1.00,1.00
2016.02.12 02:49:23.608,2.16642,2.16727,1.00,1.00
2016.02.12 02:49:23.709,2.16633,2.16727,1.00,1.00
2016.02.12 02:49:23.760,2.16633,2.16725,1.00,1.00
2016.02.12 02:49:24.087,2.16633,2.16722,1.00,1.00
2016.02.12 02:49:24.553,2.16633,2.16719,1.00,1.00
2016.02.12 02:49:26.770,2.16633,2.16717,1.00,1.00
2016.02.12 02:49:26.861,2.16633,2.16723,1.00,1.00
2016.02.12 02:49:27.071,2.16633,2.16719,1.00,1.00
2016.02.12 02:49:27.272,2.16633,2.16727,1.00,1.50
2016.02.12 02:49:27.323,2.16642,2.16727,1.00,1.50
2016.02.12 02:49:30.638,2.16644,2.1673,1.00,1.00
2016.02.12 02:49:31.801,2.16644,2.16731,1.00,1.12
2016.02.12 02:49:32.068,2.16654,2.16734,1.00,1.00
2016.02.12 02:49:32.220,2.16654,2.16739,1.00,1.00
2016.02.12 02:49:32.343,2.16654,2.16744,1.00,1.00
2016.02.12 02:49:33.123,2.16654,2.16746,1.00,1.87
2016.02.12 02:49:33.173,2.16654,2.16735,1.00,1.00
2016.02.12 02:49:33.325,2.16644,2.16733,1.00,1.00
2016.02.12 02:49:33.376,2.16644,2.16729,1.00,1.00
2016.02.12 02:49:33.926,2.16644,2.1673,1.00,1.00
2016.02.12 02:49:34.097,2.16653,2.1674,1.00,1.00
2016.02.12 02:49:34.299,2.16653,2.16736,1.00,1.00
2016.02.12 02:49:34.660,2.16662,2.16729,1.00,1.00
2016.02.12 02:49:35.076,2.16662,2.16734,1.00,1.00
2016.02.12 02:49:35.486,2.16662,2.16732,1.00,1.00
2016.02.12 02:49:35.687,2.16662,2.16735,1.00,1.00
2016.02.12 02:49:36.069,2.16662,2.16737,1.00,1.00
2016.02.12 02:49:36.178,2.16662,2.16741,1.00,1.00
2016.02.12 02:49:37.393,2.16662,2.16736,1.00,1.00
2016.02.12 02:49:39.200,2.16661,2.16736,1.00,1.00
2016.02.12 02:49:39.430,2.16663,2.16746,1.00,1.37
2016.02.12 02:49:40.069,2.16681,2.16746,1.00,1.37
2016.02.12 02:49:40.170,2.16681,2.1676,1.75,1.00
2016.02.12 02:49:40.221,2.16703,2.16788,1.00,1.50
2016.02.12 02:49:40.271,2.16703,2.16788,1.75,1.00
2016.02.12 02:49:40.322,2.16703,2.16791,1.75,1.00
2016.02.12 02:49:40.423,2.16703,2.16797,1.75,1.00
2016.02.12 02:49:40.524,2.16713,2.16803,1.00,1.00
2016.02.12 02:49:40.732,2.16714,2.16801,1.00,1.00
2016.02.12 02:49:40.783,2.16703,2.16797,1.75,1.00
2016.02.12 02:49:40.984,2.16704,2.16796,1.00,1.50
2016.02.12 02:49:41.035,2.16704,2.1679,1.00,1.00
2016.02.12 02:49:41.338,2.16703,2.16787,1.00,1.00
2016.02.12 02:49:41.540,2.16693,2.16786,1.37,1.00
2016.02.12 02:49:42.526,2.16694,2.16785,1.12,1.00
2016.02.12 02:49:42.639,2.16704,2.16786,1.00,1.00
2016.02.12 02:49:42.690,2.16704,2.16788,1.00,1.00
2016.02.12 02:49:42.741,2.16712,2.16788,1.00,1.00
2016.02.12 02:49:42.791,2.16712,2.16795,1.00,1.00
2016.02.12 02:49:42.993,2.16711,2.16791,1.00,1.00
2016.02.12 02:49:43.327,2.16712,2.16789,1.00,1.00
2016.02.12 02:49:43.429,2.16712,2.16791,1.00,1.00
2016.02.12 02:49:44.292,2.16712,2.16792,1.00,1.00
2016.02.12 02:49:45.294,2.16712,2.1679,1.00,1.00
2016.02.12 02:49:45.466,2.16704,2.16789,1.00,1.00
2016.02.12 02:49:45.719,2.16701,2.16785,1.00,1.00
2016.02.12 02:49:46.172,2.16701,2.16787,1.00,1.00
2016.02.12 02:49:47.798,2.16703,2.16791,1.00,2.25
2016.02.12 02:49:48.327,2.16703,2.16783,1.00,1.00
2016.02.12 02:49:48.644,2.16712,2.16789,1.00,1.50
2016.02.12 02:49:48.796,2.16711,2.16794,1.00,1.00
2016.02.12 02:49:49.000,2.16711,2.16797,1.00,1.00
2016.02.12 02:49:49.418,2.16712,2.16789,1.00,1.00
2016.02.12 02:49:49.717,2.16712,2.16791,1.00,1.00
2016.02.12 02:49:50.402,2.16712,2.16786,1.00,1.00
2016.02.12 02:49:50.928,2.16712,2.16787,1.00,1.00
2016.02.12 02:49:51.442,2.16712,2.16785,1.00,1.00
2016.02.12 02:49:52.533,2.16712,2.16792,1.00,1.00
2016.02.12 02:49:53.092,2.16712,2.16791,1.00,1.00
2016.02.12 02:49:53.427,2.16703,2.16792,1.00,1.50
2016.02.12 02:49:53.808,2.16703,2.16786,1.00,1.00
2016.02.12 02:49:54.110,2.16703,2.16782,1.00,1.50
2016.02.12 02:49:54.728,2.16704,2.16782,1.00,2.25
2016.02.12 02:49:55.310,2.16704,2.16781,1.00,1.00
2016.02.12 02:49:56.445,2.16704,2.16783,1.00,3.00
2016.02.12 02:49:57.052,2.16704,2.16782,1.00,1.50
2016.02.12 02:49:58.668,2.16704,2.16783,1.00,3.00
2016.02.12 02:49:59.710,2.16704,2.16782,1.00,1.50
2016.02.12 02:50:00.218,2.16704,2.16783,1.00,3.00
2016.02.12 02:50:00.719,2.16704,2.16782,1.00,1.50
2016.02.12 02:50:01.519,2.16711,2.16782,1.00,1.50
2016.02.12 02:50:01.671,2.16714,2.16791,1.00,1.00
2016.02.12 02:50:03.030,2.16714,2.1679,1.00,1.00
2016.02.12 02:50:03.659,2.16714,2.16788,1.00,1.00
2016.02.12 02:50:03.760,2.16703,2.16785,1.00,1.00
2016.02.12 02:50:04.235,2.16704,2.1679,1.00,1.00
2016.02.12 02:50:04.425,2.16703,2.16788,1.00,1.00
2016.02.12 02:50:04.526,2.16703,2.16792,1.50,1.00
2016.02.12 02:50:04.737,2.16703,2.16787,1.50,1.00
2016.02.12 02:50:05.307,2.16705,2.16789,1.00,1.00
2016.02.12 02:50:05.609,2.16703,2.16784,1.00,1.00
2016.02.12 02:50:05.660,2.16703,2.16787,1.00,1.00
2016.02.12 02:50:05.761,2.16703,2.16789,1.00,1.00
2016.02.12 02:50:05.828,2.16703,2.16785,1.00,1.00
2016.02.12 02:50:06.529,2.16703,2.16784,1.00,1.00
2016.02.12 02:50:08.279,2.16703,2.16783,1.00,1.00
2016.02.12 02:50:08.966,2.16713,2.16796,1.00,1.00
2016.02.12 02:50:09.067,2.16713,2.16791,1.00,1.00
2016.02.12 02:50:09.453,2.16713,2.16787,1.00,1.00
2016.02.12 02:50:11.558,2.16714,2.16787,1.00,1.00
2016.02.12 02:50:11.740,2.16714,2.16792,1.00,1.00
2016.02.12 02:50:12.218,2.16703,2.16792,1.00,1.00
2016.02.12 02:50:12.370,2.16703,2.1679,1.50,1.00
2016.02.12 02:50:13.035,2.16703,2.16788,1.00,1.00
2016.02.12 02:50:13.774,2.16703,2.16787,1.00,1.00
2016.02.12 02:50:14.529,2.16704,2.16787,1.00,1.00
2016.02.12 02:50:14.777,2.16696,2.16782,1.00,1.00
2016.02.12 02:50:17.772,2.16697,2.16783,1.00,1.00
2016.02.12 02:50:18.309,2.16697,2.16784,1.00,1.00
2016.02.12 02:50:18.461,2.16699,2.16783,1.00,1.00
2016.02.12 02:50:18.561,2.16697,2.16783,1.00,1.00
2016.02.12 02:50:18.662,2.16698,2.16785,1.00,1.00
2016.02.12 02:50:18.951,2.16698,2.16782,1.00,1.00
2016.02.12 02:50:19.482,2.16697,2.16781,1.00,1.00
2016.02.12 02:50:19.552,2.16695,2.16783,1.00,1.00
2016.02.12 02:50:19.653,2.16699,2.16784,1.00,1.00
2016.02.12 02:50:19.855,2.16698,2.16786,1.00,1.00
2016.02.12 02:50:19.956,2.167,2.16784,1.00,1.00
2016.02.12 02:50:20.341,2.16702,2.16784,1.00,1.00
2016.02.12 02:50:21.007,2.16703,2.16784,1.00,1.00
2016.02.12 02:50:21.496,2.16703,2.16788,1.00,1.00
2016.02.12 02:50:21.868,2.16703,2.16791,1.00,1.00
2016.02.12 02:50:21.919,2.16714,2.16791,1.00,1.00
2016.02.12 02:50:21.970,2.16714,2.16793,1.00,1.00
2016.02.12 02:50:22.071,2.16714,2.16791,1.00,1.00
2016.02.12 02:50:22.175,2.16713,2.16796,1.00,1.00
2016.02.12 02:50:22.481,2.16713,2.16806,1.00,1.37
2016.02.12 02:50:22.583,2.16713,2.16803,1.00,1.00
2016.02.12 02:50:23.100,2.16713,2.16802,1.00,1.00
2016.02.12 02:50:24.655,2.16703,2.16797,1.50,1.00
2016.02.12 02:50:25.108,2.1671,2.16797,1.00,1.00
2016.02.12 02:50:25.369,2.16704,2.16797,1.00,1.00
2016.02.12 02:50:25.879,2.16707,2.16797,1.00,1.00
2016.02.12 02:50:25.980,2.16713,2.16807,1.00,1.50
2016.02.12 02:50:26.845,2.16714,2.16806,1.00,1.00
2016.02.12 02:50:28.067,2.16713,2.16806,1.50,1.00
2016.02.12 02:50:28.776,2.16713,2.16805,1.00,1.00
2016.02.12 02:50:30.106,2.16713,2.16803,1.00,1.00
2016.02.12 02:50:30.974,2.16713,2.16802,1.00,1.00
2016.02.12 02:50:34.569,2.16714,2.16802,1.00,1.00
2016.02.12 02:50:35.113,2.16714,2.168,1.00,1.00
2016.02.12 02:50:35.315,2.16713,2.16804,1.00,1.00
2016.02.12 02:50:35.417,2.16713,2.16802,1.00,1.00
2016.02.12 02:50:35.720,2.16713,2.16795,1.00,1.00
2016.02.12 02:50:38.487,2.16713,2.16796,1.00,1.00
2016.02.12 02:50:42.916,2.16713,2.1679,1.00,1.00
2016.02.12 02:50:43.018,2.16704,2.1679,1.00,1.00
2016.02.12 02:50:43.533,2.16704,2.16793,1.00,1.00
2016.02.12 02:50:43.820,2.16704,2.16791,1.00,1.00
2016.02.12 02:50:43.899,2.16706,2.16794,1.00,1.00
2016.02.12 02:50:44.724,2.16704,2.16793,1.50,1.00
2016.02.12 02:50:45.437,2.16714,2.16793,1.00,1.00
2016.02.12 02:50:48.105,2.16714,2.16792,1.00,1.00
2016.02.12 02:50:48.786,2.16704,2.16792,1.00,1.00
2016.02.12 02:50:48.937,2.16708,2.16796,1.00,1.00
2016.02.12 02:50:49.071,2.16713,2.16807,1.00,1.00
2016.02.12 02:50:49.588,2.16714,2.16806,1.00,1.00
2016.02.12 02:50:52.120,2.16714,2.16804,1.00,1.00
2016.02.12 02:50:52.522,2.16714,2.16806,1.00,1.00
2016.02.12 02:50:52.860,2.16714,2.16804,1.00,1.00
2016.02.12 02:50:54.149,2.16715,2.16806,1.00,1.00
2016.02.12 02:50:54.250,2.16719,2.16806,1.00,1.00
2016.02.12 02:50:54.351,2.16724,2.16816,1.50,1.00
2016.02.12 02:50:54.502,2.16723,2.16821,1.00,1.00
2016.02.12 02:50:54.624,2.16723,2.16819,1.50,1.00
2016.02.12 02:50:54.933,2.16726,2.16818,1.00,1.00
2016.02.12 02:50:55.258,2.16724,2.16821,1.00,1.00
2016.02.12 02:50:55.359,2.16723,2.16826,1.00,1.00
2016.02.12 02:50:55.460,2.16725,2.16821,1.00,1.00
2016.02.12 02:50:55.974,2.16727,2.16821,1.00,1.00
2016.02.12 02:50:56.277,2.16729,2.16822,1.00,1.00
2016.02.12 02:50:56.378,2.16727,2.16821,1.00,1.00
2016.02.12 02:50:56.429,2.16729,2.16822,1.00,1.00
2016.02.12 02:50:56.731,2.16734,2.16821,1.00,1.00
2016.02.12 02:50:56.966,2.16734,2.16823,1.00,1.00
2016.02.12 02:50:57.067,2.16734,2.16826,1.00,1.00
2016.02.12 02:50:57.118,2.16744,2.16827,1.00,1.00
2016.02.12 02:50:57.168,2.16744,2.1683,1.00,1.00
2016.02.12 02:50:57.293,2.16744,2.16832,1.00,1.00
2016.02.12 02:50:57.444,2.16743,2.16837,1.00,1.87
2016.02.12 02:50:57.545,2.16745,2.16837,1.00,1.37
2016.02.12 02:50:57.646,2.16743,2.16837,1.00,1.37
2016.02.12 02:50:57.747,2.16746,2.16837,1.00,1.37
2016.02.12 02:50:57.999,2.16744,2.16836,1.00,1.00
2016.02.12 02:50:58.050,2.16744,2.16826,1.00,1.00
2016.02.12 02:50:58.151,2.16744,2.16828,1.00,1.00
2016.02.12 02:50:58.252,2.16743,2.16826,1.00,1.00
2016.02.12 02:50:58.353,2.16743,2.16835,1.00,1.00
2016.02.12 02:50:58.520,2.16743,2.16825,1.00,1.00
2016.02.12 02:50:58.571,2.16743,2.16827,1.00,1.00
2016.02.12 02:50:58.672,2.16743,2.1683,1.00,1.00
2016.02.12 02:50:58.773,2.16743,2.16825,1.00,1.00
2016.02.12 02:50:59.136,2.16743,2.16837,1.00,1.00
2016.02.12 02:50:59.237,2.16743,2.1683,1.00,1.00
2016.02.12 02:50:59.641,2.16743,2.16835,1.00,1.00
2016.02.12 02:50:59.843,2.16743,2.16832,1.00,1.00
2016.02.12 02:51:00.148,2.16743,2.16837,1.00,1.50
2016.02.12 02:51:00.249,2.16743,2.16824,1.00,1.00
2016.02.12 02:51:00.350,2.16743,2.16827,1.00,1.00
2016.02.12 02:51:00.401,2.1673,2.16827,1.00,1.50
2016.02.12 02:51:00.451,2.16735,2.16827,1.00,1.00
2016.02.12 02:51:00.653,2.16733,2.16826,1.50,1.00
2016.02.12 02:51:00.754,2.16729,2.16824,1.00,1.00
2016.02.12 02:51:00.956,2.16729,2.16821,1.00,1.00
2016.02.12 02:51:01.281,2.16734,2.16819,1.00,1.00
2016.02.12 02:51:01.655,2.16734,2.16816,1.00,1.00
2016.02.12 02:51:02.265,2.16734,2.16819,1.00,1.00
2016.02.12 02:51:02.440,2.16734,2.16816,1.00,1.00
2016.02.12 02:51:02.586,2.16734,2.1682,1.00,1.00
2016.02.12 02:51:02.687,2.16734,2.16817,1.00,1.00
2016.02.12 02:51:03.684,2.16734,2.1682,1.00,1.00
2016.02.12 02:51:04.215,2.16733,2.16819,1.00,1.00
2016.02.12 02:51:04.266,2.16733,2.16827,1.00,1.00
2016.02.12 02:51:04.951,2.16733,2.16826,1.00,1.00
2016.02.12 02:51:05.872,2.16733,2.16823,1.00,1.00
2016.02.12 02:51:06.175,2.16733,2.1682,1.00,1.00
2016.02.12 02:51:06.579,2.16733,2.16823,1.00,1.00
2016.02.12 02:51:06.680,2.16733,2.16819,1.50,1.00
2016.02.12 02:51:06.876,2.16733,2.16823,1.00,1.00
2016.02.12 02:51:06.983,2.16733,2.16819,1.00,1.00
2016.02.12 02:51:07.049,2.16733,2.16821,1.50,1.00
2016.02.12 02:51:07.350,2.16733,2.16818,1.00,1.00
2016.02.12 02:51:07.451,2.16733,2.16823,1.00,1.00
2016.02.12 02:51:07.579,2.16733,2.16821,1.00,1.00
2016.02.12 02:51:08.151,2.16734,2.16818,1.00,1.00
2016.02.12 02:51:08.451,2.16734,2.16826,1.00,1.50
2016.02.12 02:51:11.055,2.16734,2.16824,1.00,1.00
2016.02.12 02:51:11.465,2.16734,2.1682,1.00,1.00
2016.02.12 02:51:12.170,2.16734,2.16819,1.00,1.00
2016.02.12 02:51:13.001,2.16734,2.16821,1.00,1.00
2016.02.12 02:51:13.602,2.16734,2.1682,1.00,1.00
2016.02.12 02:51:13.703,2.16734,2.16822,1.00,1.00
2016.02.12 02:51:15.061,2.16734,2.16819,1.00,1.00
2016.02.12 02:51:20.392,2.16734,2.16823,1.00,1.00
2016.02.12 02:51:20.470,2.16734,2.1682,1.00,1.00
2016.02.12 02:51:20.691,2.16734,2.16823,1.00,1.00
2016.02.12 02:51:20.972,2.16734,2.16821,1.00,1.00
2016.02.12 02:51:21.322,2.16734,2.16817,1.00,1.00
2016.02.12 02:51:21.485,2.16734,2.16822,1.00,1.00
2016.02.12 02:51:21.586,2.16734,2.16818,1.00,1.00
2016.02.12 02:51:22.293,2.16734,2.16821,1.00,1.00
2016.02.12 02:51:22.603,2.16734,2.16817,1.00,1.00
2016.02.12 02:51:23.175,2.16733,2.16822,1.00,1.00
2016.02.12 02:51:23.509,2.16733,2.16818,1.00,1.00
2016.02.12 02:51:23.776,2.16733,2.16826,1.00,1.00
2016.02.12 02:51:24.076,2.16735,2.16821,1.00,1.00
2016.02.12 02:51:24.612,2.16734,2.16819,1.00,1.00
2016.02.12 02:51:25.014,2.16734,2.16823,1.00,1.00
2016.02.12 02:51:25.216,2.16737,2.16822,1.00,1.00
2016.02.12 02:51:25.317,2.16735,2.16824,1.00,1.00
2016.02.12 02:51:25.379,2.16737,2.16825,1.00,1.00
2016.02.12 02:51:25.903,2.16738,2.16825,1.00,1.00
2016.02.12 02:51:26.681,2.16735,2.16826,1.00,1.00
2016.02.12 02:51:26.783,2.16733,2.16819,1.00,1.00
2016.02.12 02:51:27.085,2.16734,2.16822,1.00,1.00
2016.02.12 02:51:27.186,2.16734,2.16819,1.00,1.00
2016.02.12 02:51:27.388,2.16734,2.16821,1.50,1.00
2016.02.12 02:51:27.517,2.16734,2.16819,1.00,1.00
2016.02.12 02:51:27.683,2.16735,2.16822,1.00,1.00
2016.02.12 02:51:28.526,2.16734,2.16822,1.00,1.00
2016.02.12 02:51:28.627,2.16741,2.16827,1.00,1.00
2016.02.12 02:51:28.678,2.16743,2.1683,1.00,1.00
2016.02.12 02:51:28.909,2.16754,2.16833,1.00,1.00
2016.02.12 02:51:29.211,2.16754,2.16829,1.00,1.00
2016.02.12 02:51:29.588,2.16754,2.16827,1.00,1.00
2016.02.12 02:51:29.921,2.16754,2.16821,1.00,1.00
2016.02.12 02:51:30.528,2.16754,2.16822,1.00,1.00
2016.02.12 02:51:30.844,2.16754,2.16819,1.00,1.00
2016.02.12 02:51:30.894,2.16754,2.16829,1.00,1.00
2016.02.12 02:51:31.090,2.16754,2.16819,1.00,1.00
2016.02.12 02:51:31.491,2.16754,2.16822,1.00,1.00
2016.02.12 02:51:31.542,2.16733,2.16822,1.00,1.00
2016.02.12 02:51:32.048,2.16733,2.16821,1.00,1.00
2016.02.12 02:51:35.267,2.16744,2.16821,1.00,1.00
2016.02.12 02:51:35.798,2.16744,2.16822,1.00,1.00
2016.02.12 02:51:35.900,2.16743,2.16827,1.00,1.00
2016.02.12 02:51:36.001,2.16743,2.16832,1.00,1.00
2016.02.12 02:51:36.512,2.16744,2.16836,1.00,1.50
2016.02.12 02:51:37.042,2.16753,2.16842,1.00,1.00
2016.02.12 02:51:37.345,2.16753,2.16839,1.00,1.00
2016.02.12 02:51:37.446,2.16753,2.16842,1.00,1.00
2016.02.12 02:51:37.748,2.16753,2.16845,1.00,1.00
2016.02.12 02:51:38.541,2.16756,2.16847,1.00,1.50
2016.02.12 02:51:38.869,2.16761,2.16847,1.00,1.00
2016.02.12 02:51:39.239,2.16754,2.16847,1.00,1.00
2016.02.12 02:51:39.751,2.16753,2.16845,1.00,1.00
2016.02.12 02:51:40.728,2.16753,2.16847,1.00,1.50
2016.02.12 02:51:40.933,2.16758,2.16847,1.00,1.00
2016.02.12 02:51:41.084,2.16773,2.16863,1.00,1.00
2016.02.12 02:51:41.135,2.16773,2.16867,1.00,1.87
2016.02.12 02:51:41.435,2.16783,2.16874,1.00,1.00
2016.02.12 02:51:41.738,2.16783,2.16868,1.00,1.00
2016.02.12 02:51:41.990,2.16773,2.16865,1.37,1.00
2016.02.12 02:51:42.212,2.16773,2.16863,1.37,1.00
2016.02.12 02:51:47.621,2.16774,2.16862,1.12,1.00
2016.02.12 02:51:48.170,2.16774,2.16863,1.12,1.00
2016.02.12 02:51:49.046,2.16776,2.16865,1.00,1.00
2016.02.12 02:51:51.065,2.16774,2.16862,1.50,1.00
2016.02.12 02:51:51.368,2.16763,2.16855,1.00,1.00
2016.02.12 02:51:51.695,2.16763,2.16847,1.00,1.00
2016.02.12 02:51:51.876,2.16763,2.16855,1.00,1.00
2016.02.12 02:51:56.661,2.16763,2.16852,1.00,1.00
2016.02.12 02:51:56.964,2.16754,2.16846,1.00,1.00
2016.02.12 02:51:57.315,2.16763,2.16851,1.00,1.00
2016.02.12 02:51:57.665,2.16763,2.16845,1.00,1.00
2016.02.12 02:51:57.967,2.16754,2.16836,1.00,1.00
2016.02.12 02:51:58.068,2.16743,2.16837,1.50,1.00
2016.02.12 02:51:58.119,2.16743,2.16837,1.50,1.37
2016.02.12 02:51:58.424,2.16743,2.16832,1.50,1.00
2016.02.12 02:51:58.592,2.16744,2.16836,1.00,1.87
2016.02.12 02:51:58.643,2.16744,2.16827,1.00,1.00
2016.02.12 02:51:58.945,2.16754,2.16829,1.00,1.00
2016.02.12 02:51:59.146,2.16754,2.16834,1.00,1.00
2016.02.12 02:51:59.576,2.16754,2.16831,1.00,1.00
2016.02.12 02:52:00.095,2.16754,2.16832,1.00,1.00
2016.02.12 02:52:04.395,2.16754,2.16828,1.00,1.00
2016.02.12 02:52:04.490,2.16744,2.16828,1.00,1.00
2016.02.12 02:52:04.541,2.16744,2.16826,1.00,1.50
2016.02.12 02:52:05.561,2.16744,2.16827,1.00,1.00
2016.02.12 02:52:05.763,2.16734,2.16826,1.00,1.50
2016.02.12 02:52:06.307,2.16733,2.16827,1.00,1.00
2016.02.12 02:52:06.358,2.16736,2.16827,1.00,1.00
2016.02.12 02:52:06.666,2.16733,2.16827,1.00,1.00
2016.02.12 02:52:06.767,2.16733,2.16823,1.50,1.00
2016.02.12 02:52:07.069,2.16733,2.16825,1.50,1.00
2016.02.12 02:52:07.559,2.16737,2.16827,1.00,1.50
2016.02.12 02:52:07.959,2.16733,2.16827,1.00,1.50
2016.02.12 02:52:08.161,2.16734,2.16824,1.00,1.00
2016.02.12 02:52:10.084,2.16737,2.16827,1.00,1.50
2016.02.12 02:52:10.386,2.16744,2.16835,1.00,1.12
2016.02.12 02:52:10.931,2.16743,2.16836,1.12,1.00
2016.02.12 02:52:11.667,2.16743,2.16837,1.12,1.00
2016.02.12 02:52:12.068,2.16743,2.16831,1.12,1.00
2016.02.12 02:52:12.270,2.16743,2.16833,1.12,1.00
2016.02.12 02:52:12.371,2.16743,2.16829,1.12,1.00
2016.02.12 02:52:12.472,2.16743,2.16833,1.87,1.00
2016.02.12 02:52:12.673,2.16748,2.16837,1.00,1.50
2016.02.12 02:52:12.774,2.16744,2.16837,1.00,1.00
2016.02.12 02:52:13.077,2.16746,2.16836,1.00,1.00
2016.02.12 02:52:13.248,2.16744,2.16836,1.00,1.00
2016.02.12 02:52:13.701,2.16749,2.16837,1.00,1.00
2016.02.12 02:52:14.076,2.16752,2.16837,1.00,1.00
2016.02.12 02:52:14.398,2.16759,2.16837,1.00,1.00
2016.02.12 02:52:14.571,2.16773,2.16852,1.00,1.00
2016.02.12 02:52:14.622,2.16773,2.16857,1.00,1.00
2016.02.12 02:52:15.091,2.16778,2.16866,1.00,1.00
2016.02.12 02:52:15.142,2.16778,2.16866,1.37,1.00
2016.02.12 02:52:15.452,2.16783,2.16866,1.00,1.00
2016.02.12 02:52:16.175,2.16783,2.16868,1.00,1.00
2016.02.12 02:52:18.630,2.16782,2.16866,1.50,1.00
2016.02.12 02:52:18.731,2.16783,2.1687,1.00,1.00
2016.02.12 02:52:18.832,2.16784,2.16873,1.00,1.00
2016.02.12 02:52:19.314,2.16783,2.16871,1.00,1.00
2016.02.12 02:52:19.617,2.16781,2.16866,1.00,1.00
2016.02.12 02:52:20.020,2.16774,2.16866,1.00,1.00
2016.02.12 02:52:20.122,2.16774,2.16864,1.00,1.00
2016.02.12 02:52:20.479,2.16774,2.16858,1.00,1.00
2016.02.12 02:52:21.309,2.16774,2.16859,1.00,1.00
2016.02.12 02:52:21.625,2.16764,2.16849,1.00,1.00
2016.02.12 02:52:21.971,2.16754,2.16836,1.00,1.00
2016.02.12 02:52:25.992,2.16754,2.16837,1.00,1.00
2016.02.12 02:52:26.618,2.16753,2.16837,1.00,1.00
2016.02.12 02:52:30.924,2.16754,2.16841,1.00,1.00
2016.02.12 02:52:30.974,2.16764,2.16841,1.00,1.00
2016.02.12 02:52:31.025,2.16764,2.16851,1.00,1.00
2016.02.12 02:52:31.126,2.16764,2.16856,1.50,1.37
2016.02.12 02:52:31.177,2.16764,2.16856,1.50,1.00
2016.02.12 02:52:31.824,2.16764,2.16853,1.00,1.00
2016.02.12 02:52:32.127,2.16755,2.16847,1.75,1.50
2016.02.12 02:52:32.430,2.16753,2.16841,1.37,1.00
2016.02.12 02:52:32.483,2.16753,2.16841,1.00,1.00
2016.02.12 02:52:32.584,2.16753,2.16845,1.00,1.00
2016.02.12 02:52:32.735,2.16764,2.16843,1.00,1.00
2016.02.12 02:52:33.063,2.16763,2.1684,1.00,1.00
2016.02.12 02:52:33.114,2.16763,2.16845,1.00,1.00
2016.02.12 02:52:33.215,2.16763,2.16848,1.00,1.00
2016.02.12 02:52:33.417,2.16763,2.16856,1.00,1.00
2016.02.12 02:52:33.468,2.16763,2.16856,1.37,1.00
2016.02.12 02:52:33.771,2.16774,2.16857,1.00,1.00
2016.02.12 02:52:33.822,2.1677,2.16856,1.00,1.00
2016.02.12 02:52:34.019,2.16774,2.16856,1.00,1.00
2016.02.12 02:52:35.785,2.16764,2.16856,1.75,1.50
2016.02.12 02:52:39.960,2.16763,2.16852,1.75,1.00
2016.02.12 02:52:40.342,2.16763,2.16856,1.75,1.00
2016.02.12 02:52:40.493,2.16763,2.16857,1.00,1.00
2016.02.12 02:52:40.691,2.16763,2.16857,1.75,1.00
2016.02.12 02:52:41.648,2.16769,2.16857,1.00,1.00
2016.02.12 02:52:42.621,2.16763,2.16857,1.75,1.00
2016.02.12 02:52:44.731,2.16769,2.16857,1.00,1.00
2016.02.12 02:52:46.368,2.16768,2.16857,1.12,1.00
2016.02.12 02:52:46.877,2.16769,2.16857,1.00,1.00
2016.02.12 02:52:47.770,2.16763,2.16857,1.75,1.00
2016.02.12 02:52:48.361,2.16773,2.16861,1.00,1.00
2016.02.12 02:52:48.736,2.16773,2.16866,1.00,1.00
2016.02.12 02:52:48.837,2.16773,2.1686,1.00,1.00
2016.02.12 02:52:48.938,2.16773,2.16863,1.00,1.00
2016.02.12 02:52:48.989,2.16763,2.16857,1.75,1.00
2016.02.12 02:52:49.787,2.16769,2.16857,1.00,1.00
2016.02.12 02:52:51.385,2.16769,2.16856,1.00,1.00
2016.02.12 02:52:57.887,2.16765,2.16856,1.00,1.00
2016.02.12 02:52:58.671,2.16764,2.16856,1.00,1.00
2016.02.12 02:52:59.853,2.16768,2.16856,1.00,1.00
2016.02.12 02:53:01.434,2.16774,2.16856,1.12,1.00
2016.02.12 02:53:01.485,2.16774,2.16866,1.87,1.00
2016.02.12 02:53:01.656,2.16776,2.16867,1.00,1.00
2016.02.12 02:53:01.981,2.16784,2.16866,1.00,1.00
2016.02.12 02:53:02.483,2.16774,2.16864,1.12,1.00
2016.02.12 02:53:02.584,2.16774,2.16861,1.12,1.00
2016.02.12 02:53:02.785,2.16775,2.16864,1.00,1.00
2016.02.12 02:53:02.887,2.16773,2.16861,1.87,1.00
2016.02.12 02:53:03.258,2.16776,2.16863,1.00,1.00
2016.02.12 02:53:05.188,2.16775,2.16867,1.00,1.00
2016.02.12 02:53:05.374,2.16773,2.16865,1.37,1.00
2016.02.12 02:53:05.704,2.16767,2.16856,1.75,1.00
2016.02.12 02:53:05.947,2.16767,2.16856,1.00,1.00
2016.02.12 02:53:06.410,2.16774,2.16856,1.00,1.00
2016.02.12 02:53:07.266,2.16764,2.16856,1.50,1.00
2016.02.12 02:53:07.468,2.1677,2.16856,1.00,1.00
2016.02.12 02:53:08.116,2.16766,2.16856,1.00,1.00
2016.02.12 02:53:08.217,2.16774,2.16858,1.00,1.00
2016.02.12 02:53:09.069,2.16774,2.1686,1.00,1.00
2016.02.12 02:53:09.570,2.16774,2.16861,1.00,1.00
2016.02.12 02:53:10.986,2.16774,2.1686,1.00,1.00
2016.02.12 02:53:11.087,2.16772,2.16856,1.12,1.00
2016.02.12 02:53:21.299,2.16764,2.16854,1.75,1.00
2016.02.12 02:53:21.523,2.16763,2.16853,1.00,1.00
2016.02.12 02:53:22.105,2.16763,2.16854,1.00,1.00
2016.02.12 02:53:22.493,2.16763,2.16849,1.00,1.00
2016.02.12 02:53:22.594,2.16763,2.16852,1.00,1.00
2016.02.12 02:53:22.693,2.16763,2.16855,1.00,1.00
2016.02.12 02:53:22.805,2.16763,2.16853,1.00,1.00
2016.02.12 02:53:23.215,2.16763,2.16857,1.00,1.50
2016.02.12 02:53:23.746,2.16763,2.16856,1.00,1.00
2016.02.12 02:53:24.415,2.16763,2.16857,1.00,1.50
2016.02.12 02:53:24.516,2.16767,2.16857,1.00,1.00
2016.02.12 02:53:24.617,2.16763,2.16857,1.00,1.00
2016.02.12 02:53:25.076,2.16763,2.16857,2.25,1.00
2016.02.12 02:53:25.177,2.16773,2.16865,1.12,1.00
2016.02.12 02:53:25.228,2.16778,2.16866,1.00,1.00
2016.02.12 02:53:25.921,2.16774,2.16866,1.00,1.00
2016.02.12 02:53:26.646,2.16776,2.16864,1.00,1.00
2016.02.12 02:53:26.704,2.16774,2.16863,1.50,1.00
2016.02.12 02:53:26.904,2.16775,2.16866,1.00,1.50
2016.02.12 02:53:28.537,2.16778,2.16865,1.00,1.00
2016.02.12 02:53:28.739,2.16784,2.16876,1.00,1.50
2016.02.12 02:53:28.840,2.16784,2.16869,1.00,1.00
2016.02.12 02:53:29.317,2.16784,2.16873,1.12,1.00
2016.02.12 02:53:29.534,2.16784,2.16868,1.12,1.00
2016.02.12 02:53:32.539,2.16783,2.16869,1.37,1.00
2016.02.12 02:53:35.695,2.16784,2.16866,1.12,1.00
2016.02.12 02:53:40.242,2.16784,2.16865,1.00,1.00
2016.02.12 02:53:41.551,2.16783,2.16865,1.00,1.00
2016.02.12 02:53:41.652,2.16786,2.16873,1.00,1.00
2016.02.12 02:53:44.234,2.16787,2.16874,1.00,1.00
2016.02.12 02:53:44.743,2.16784,2.16876,1.00,1.00
2016.02.12 02:53:44.844,2.16787,2.16874,1.00,1.00
2016.02.12 02:53:45.081,2.16785,2.16875,1.00,1.00
2016.02.12 02:53:45.244,2.16788,2.16875,1.00,1.00
2016.02.12 02:53:46.340,2.16785,2.16875,1.00,1.00
2016.02.12 02:53:46.545,2.16788,2.16874,1.00,1.00
2016.02.12 02:53:46.646,2.16788,2.16877,1.00,1.00
2016.02.12 02:53:46.747,2.16793,2.16886,1.00,1.00
2016.02.12 02:53:46.797,2.16793,2.16886,1.75,1.00
2016.02.12 02:53:47.122,2.16803,2.16896,1.00,1.00
2016.02.12 02:53:47.691,2.16803,2.16891,1.00,1.00
2016.02.12 02:53:47.843,2.16797,2.16886,1.00,1.00
2016.02.12 02:53:48.378,2.16795,2.16886,1.50,1.00
2016.02.12 02:53:49.029,2.16797,2.16886,1.00,1.00
2016.02.12 02:53:49.231,2.16803,2.16896,1.00,1.00
2016.02.12 02:53:49.281,2.16803,2.16894,1.00,1.00
2016.02.12 02:53:49.383,2.16803,2.16897,1.00,1.00
2016.02.12 02:53:49.947,2.16804,2.16896,1.00,1.00
2016.02.12 02:53:50.953,2.16803,2.16897,1.00,1.50
2016.02.12 02:53:51.568,2.16803,2.16896,1.00,1.00
2016.02.12 02:53:52.760,2.16803,2.1689,1.00,1.00
2016.02.12 02:53:53.012,2.16784,2.16876,1.37,1.00
2016.02.12 02:53:53.191,2.16784,2.16874,1.37,1.00
2016.02.12 02:53:53.512,2.16784,2.1687,1.00,1.00
2016.02.12 02:53:53.865,2.16774,2.16866,1.37,1.00
2016.02.12 02:53:57.926,2.16773,2.16867,1.50,1.00
2016.02.12 02:53:58.477,2.16773,2.16865,1.50,1.00
2016.02.12 02:53:58.579,2.16773,2.16867,1.50,1.00
2016.02.12 02:53:59.895,2.16774,2.16866,1.37,1.00
2016.02.12 02:54:01.677,2.16774,2.16863,1.37,1.00
2016.02.12 02:54:01.979,2.16765,2.16856,1.75,1.00
2016.02.12 02:54:02.204,2.16774,2.16861,1.37,1.00
2016.02.12 02:54:05.984,2.16774,2.16862,1.37,1.00
2016.02.12 02:54:06.054,2.16764,2.16856,1.75,1.00
2016.02.12 02:54:09.690,2.16764,2.16853,2.25,1.00
2016.02.12 02:54:09.791,2.16764,2.16855,1.75,1.00
2016.02.12 02:54:09.842,2.16763,2.16855,1.00,1.00
2016.02.12 02:54:09.892,2.16763,2.1685,1.00,1.00
2016.02.12 02:54:10.539,2.16764,2.1685,1.00,1.00
2016.02.12 02:54:11.535,2.16764,2.16853,1.37,1.00
2016.02.12 02:54:11.636,2.16765,2.16855,1.12,1.00
2016.02.12 02:54:11.939,2.16768,2.16856,1.00,1.00
2016.02.12 02:54:12.570,2.16774,2.16859,1.00,1.00
2016.02.12 02:54:13.647,2.16773,2.16859,1.00,1.00
2016.02.12 02:54:14.219,2.16773,2.1686,1.00,1.00
2016.02.12 02:54:14.774,2.16773,2.16861,1.00,1.00
2016.02.12 02:54:16.723,2.16774,2.16861,1.00,1.00
2016.02.12 02:54:17.462,2.16774,2.16861,1.50,1.00
2016.02.12 02:54:18.440,2.16774,2.16865,1.50,1.00
2016.02.12 02:54:21.554,2.16774,2.16864,1.50,1.00
2016.02.12 02:54:24.312,2.16773,2.16863,1.75,1.00
2016.02.12 02:54:25.413,2.16773,2.16857,1.75,1.00
2016.02.12 02:54:26.623,2.16771,2.16856,1.75,1.00
2016.02.12 02:54:30.298,2.16773,2.16861,1.75,1.00
2016.02.12 02:54:30.872,2.16773,2.16862,1.75,1.00
2016.02.12 02:54:30.923,2.16768,2.16856,1.75,1.00
2016.02.12 02:54:32.969,2.16768,2.16856,1.75,1.00
2016.02.12 02:54:33.566,2.16773,2.16861,1.00,1.00
2016.02.12 02:54:36.587,2.16773,2.16862,1.00,1.00
2016.02.12 02:54:37.657,2.16773,2.16855,1.00,1.00
2016.02.12 02:54:37.959,2.16774,2.16857,1.00,1.00
2016.02.12 02:54:38.644,2.16774,2.16858,1.00,1.00
2016.02.12 02:54:38.745,2.16774,2.16855,1.00,1.00
2016.02.12 02:54:39.337,2.16774,2.16856,1.00,1.00
2016.02.12 02:54:39.884,2.16773,2.16856,1.00,1.00
2016.02.12 02:54:40.418,2.16773,2.16857,1.00,1.00
2016.02.12 02:54:40.742,2.16764,2.16856,1.00,1.50
2016.02.12 02:54:40.943,2.16764,2.1685,1.00,1.00
2016.02.12 02:54:41.449,2.16764,2.16851,1.00,1.00
2016.02.12 02:54:41.975,2.16764,2.1685,1.00,1.00
2016.02.12 02:54:44.051,2.16764,2.16852,1.00,1.00
2016.02.12 02:54:44.253,2.16773,2.16859,1.00,1.00
2016.02.12 02:54:44.355,2.16773,2.16861,1.00,1.00
2016.02.12 02:54:44.456,2.16774,2.16866,1.00,1.37
2016.02.12 02:54:44.678,2.16783,2.16866,1.00,1.00
2016.02.12 02:54:44.779,2.16783,2.16869,1.00,1.00
2016.02.12 02:54:45.182,2.16783,2.16872,1.50,1.00
2016.02.12 02:54:45.283,2.16783,2.16877,1.00,3.00
2016.02.12 02:54:45.384,2.16786,2.16876,1.00,1.37
2016.02.12 02:54:45.720,2.16789,2.16877,1.00,1.50
2016.02.12 02:54:45.771,2.16783,2.16877,1.87,1.50
2016.02.12 02:54:45.872,2.1679,2.16877,1.00,1.00
2016.02.12 02:54:45.973,2.16785,2.16877,1.00,1.00
2016.02.12 02:54:46.074,2.16791,2.16877,1.00,1.00
2016.02.12 02:54:46.492,2.16788,2.16876,1.00,1.00
2016.02.12 02:54:46.593,2.16784,2.16876,1.12,1.00
2016.02.12 02:54:46.763,2.16788,2.16876,1.00,1.00
2016.02.12 02:54:47.772,2.1679,2.16876,1.00,1.00
2016.02.12 02:54:48.089,2.16794,2.16876,1.00,1.00
2016.02.12 02:54:49.001,2.16793,2.16877,1.00,1.00
2016.02.12 02:54:49.524,2.16793,2.16878,1.37,1.00
2016.02.12 02:54:49.776,2.16798,2.16887,1.00,1.00
2016.02.12 02:54:49.928,2.16798,2.16887,1.37,1.00
2016.02.12 02:54:49.978,2.16804,2.16896,1.50,1.00
2016.02.12 02:54:51.509,2.16793,2.16887,1.75,1.00
2016.02.12 02:54:51.611,2.16793,2.16887,1.50,1.00
2016.02.12 02:54:51.712,2.16787,2.16877,1.00,1.00
2016.02.12 02:54:51.960,2.16794,2.16886,1.00,1.00
2016.02.12 02:54:52.010,2.16794,2.16884,1.00,1.00
2016.02.12 02:54:52.313,2.16794,2.16876,1.00,1.00
2016.02.12 02:54:52.924,2.16783,2.16877,1.75,1.00
2016.02.12 02:54:53.968,2.16791,2.16877,1.00,1.00
2016.02.12 02:54:54.278,2.16793,2.16876,1.00,1.00
2016.02.12 02:54:56.395,2.16792,2.16876,1.00,1.00
2016.02.12 02:54:56.497,2.16789,2.16876,1.00,1.00
2016.02.12 02:54:58.779,2.1679,2.16876,1.00,1.00
2016.02.12 02:55:01.505,2.16803,2.16886,1.00,1.00
2016.02.12 02:55:01.607,2.16803,2.1689,1.00,1.00
2016.02.12 02:55:01.708,2.16803,2.16895,1.50,1.00
2016.02.12 02:55:01.823,2.16806,2.16893,1.00,1.00
2016.02.12 02:55:01.924,2.16803,2.16891,1.00,1.00
2016.02.12 02:55:02.459,2.16803,2.1689,1.00,1.00
2016.02.12 02:55:03.389,2.16803,2.16891,1.00,1.00
2016.02.12 02:55:05.343,2.168,2.16887,1.00,1.00
2016.02.12 02:55:06.646,2.16799,2.16887,1.00,1.00
2016.02.12 02:55:07.296,2.16796,2.16886,1.37,1.00
2016.02.12 02:55:07.498,2.16796,2.16884,1.37,1.00
2016.02.12 02:55:07.847,2.16795,2.16877,1.50,1.00
2016.02.12 02:55:08.701,2.168,2.16877,1.00,1.00
2016.02.12 02:55:08.802,2.16803,2.16887,1.00,1.00
2016.02.12 02:55:09.148,2.16804,2.16892,1.00,1.00
2016.02.12 02:55:09.654,2.16805,2.16891,1.00,1.00
2016.02.12 02:55:13.414,2.16803,2.16893,1.00,1.00
2016.02.12 02:55:13.515,2.16795,2.16886,1.50,1.00
2016.02.12 02:55:14.021,2.16804,2.16886,1.00,1.00
2016.02.12 02:55:15.625,2.16798,2.16886,1.00,1.00
2016.02.12 02:55:19.919,2.16797,2.16886,1.12,1.00
2016.02.12 02:55:20.439,2.16796,2.16886,1.00,1.50
2016.02.12 02:55:20.769,2.16798,2.16886,1.00,1.50
2016.02.12 02:55:21.037,2.16794,2.16886,1.00,1.00
2016.02.12 02:55:21.138,2.16796,2.16882,1.00,1.00
2016.02.12 02:55:21.502,2.16794,2.16881,1.00,1.00
2016.02.12 02:55:21.654,2.16794,2.16879,1.00,1.00
2016.02.12 02:55:24.143,2.16794,2.16883,1.00,1.00
2016.02.12 02:55:24.194,2.16793,2.16877,1.00,1.00
2016.02.12 02:55:24.395,2.16794,2.1688,1.00,1.00
2016.02.12 02:55:26.358,2.16793,2.1688,1.00,1.00
2016.02.12 02:55:26.834,2.16798,2.16886,1.00,1.00
2016.02.12 02:55:27.571,2.16798,2.16886,1.37,1.00
2016.02.12 02:55:27.672,2.16803,2.16887,1.00,1.00
2016.02.12 02:55:31.154,2.16801,2.16887,1.00,1.00
2016.02.12 02:55:31.877,2.16804,2.1689,1.00,1.00
2016.02.12 02:55:33.662,2.16804,2.16891,1.00,1.00
2016.02.12 02:55:39.466,2.16804,2.16892,1.00,1.00
2016.02.12 02:55:41.212,2.16805,2.16893,1.00,1.00
2016.02.12 02:55:41.535,2.16813,2.16896,1.00,1.00
2016.02.12 02:55:41.871,2.16813,2.16898,1.00,1.00
2016.02.12 02:55:42.923,2.16813,2.16901,1.00,1.00
2016.02.12 02:55:45.603,2.1681,2.16896,1.12,1.00
2016.02.12 02:55:53.395,2.16804,2.16896,1.00,1.00
2016.02.12 02:55:54.142,2.16803,2.16897,1.50,1.00
2016.02.12 02:55:58.919,2.16807,2.16897,1.00,1.00
2016.02.12 02:55:59.228,2.16805,2.16897,1.75,1.00
2016.02.12 02:56:00.013,2.16811,2.16897,1.00,1.00
2016.02.12 02:56:00.835,2.16809,2.16897,1.50,1.00
2016.02.12 02:56:01.336,2.16805,2.16896,1.75,1.00
2016.02.12 02:56:03.619,2.16804,2.16896,1.50,1.00
2016.02.12 02:56:06.764,2.16805,2.16896,1.00,1.00
2016.02.12 02:56:07.870,2.16804,2.16896,1.00,1.00
2016.02.12 02:56:07.971,2.16806,2.16896,1.00,1.00
2016.02.12 02:56:10.674,2.16809,2.16896,1.00,1.00
2016.02.12 02:56:11.535,2.1681,2.16896,1.00,1.00
2016.02.12 02:56:12.536,2.16807,2.16896,1.00,1.00
2016.02.12 02:56:12.638,2.16809,2.16896,1.00,1.00
2016.02.12 02:56:12.979,2.16807,2.16896,1.00,1.00
2016.02.12 02:56:13.080,2.16805,2.16896,1.00,1.00
2016.02.12 02:56:13.543,2.16803,2.16897,1.00,1.00
2016.02.12 02:56:14.049,2.16805,2.16897,1.00,1.00
2016.02.12 02:56:14.627,2.16806,2.16897,1.00,1.00
2016.02.12 02:56:17.082,2.16805,2.16897,1.00,1.00
2016.02.12 02:56:17.603,2.16804,2.16897,1.00,1.00
2016.02.12 02:56:18.104,2.16803,2.16897,1.00,1.00
2016.02.12 02:56:19.062,2.16803,2.16891,1.00,1.00
2016.02.12 02:56:19.365,2.16797,2.16886,1.75,1.00
2016.02.12 02:56:20.563,2.16802,2.16886,1.00,1.00
2016.02.12 02:56:20.613,2.16803,2.16893,1.00,1.00
2016.02.12 02:56:21.794,2.16803,2.16894,1.50,1.00
2016.02.12 02:56:22.293,2.16803,2.16897,1.50,1.00
2016.02.12 02:56:22.892,2.16804,2.16896,1.00,1.00
2016.02.12 02:56:24.892,2.16806,2.16896,1.00,1.50
2016.02.12 02:56:28.603,2.16804,2.16896,1.00,1.00
2016.02.12 02:56:29.010,2.16806,2.16895,1.00,1.00
2016.02.12 02:56:29.205,2.16804,2.16895,1.50,1.00
2016.02.12 02:56:29.332,2.16806,2.16894,1.00,1.00
2016.02.12 02:56:30.209,2.16807,2.16895,1.00,1.00
2016.02.12 02:56:30.367,2.16805,2.16895,1.00,1.00
2016.02.12 02:56:31.068,2.16804,2.16895,1.00,1.00
2016.02.12 02:56:31.169,2.16806,2.16896,1.00,1.50
2016.02.12 02:56:31.530,2.16805,2.16894,1.00,1.00
2016.02.12 02:56:32.589,2.16805,2.16896,1.00,1.50
2016.02.12 02:56:33.095,2.16804,2.16895,1.00,1.00
2016.02.12 02:56:38.287,2.16804,2.16892,1.00,1.00
2016.02.12 02:56:38.439,2.16796,2.16887,1.00,1.00
2016.02.12 02:56:38.490,2.16794,2.16887,1.00,1.00
2016.02.12 02:56:39.081,2.16797,2.16887,1.00,1.00
2016.02.12 02:56:39.472,2.16801,2.16887,1.00,1.00
2016.02.12 02:56:45.362,2.16804,2.16894,1.00,1.00
2016.02.12 02:56:45.893,2.16804,2.16893,1.00,1.00
2016.02.12 02:56:46.456,2.16804,2.16892,1.50,1.00
2016.02.12 02:56:47.599,2.16804,2.16893,1.00,1.00
2016.02.12 02:56:48.301,2.16804,2.16894,1.00,1.00
2016.02.12 02:56:49.779,2.16804,2.16896,1.00,1.50
2016.02.12 02:56:49.829,2.16805,2.16893,1.00,1.00
2016.02.12 02:56:50.154,2.16807,2.16895,1.00,1.00
2016.02.12 02:56:51.146,2.16808,2.16896,1.00,1.00
2016.02.12 02:56:51.545,2.16804,2.16896,1.00,1.00
2016.02.12 02:56:51.596,2.16804,2.16886,1.00,1.00
2016.02.12 02:56:52.308,2.16808,2.16886,1.00,1.00
2016.02.12 02:56:52.409,2.16805,2.16886,1.00,1.00
2016.02.12 02:56:52.510,2.16807,2.16886,1.00,1.00
2016.02.12 02:56:52.730,2.16809,2.16896,1.50,1.00
2016.02.12 02:56:58.117,2.16805,2.16887,1.75,1.00
2016.02.12 02:56:58.218,2.16794,2.16887,1.75,1.00
2016.02.12 02:56:58.268,2.16803,2.16887,1.00,1.00
2016.02.12 02:56:58.632,2.16797,2.16887,1.75,1.00
2016.02.12 02:56:58.733,2.16793,2.16884,2.25,1.00
2016.02.12 02:56:58.834,2.16793,2.16884,1.50,1.00
2016.02.12 02:56:59.036,2.16793,2.16887,1.00,1.50
2016.02.12 02:56:59.137,2.16794,2.16883,1.00,1.00
2016.02.12 02:56:59.804,2.16793,2.16886,1.00,1.00
2016.02.12 02:56:59.854,2.1679,2.16876,1.00,1.00
2016.02.12 02:56:59.956,2.16785,2.16876,1.50,1.00
2016.02.12 02:57:00.530,2.16784,2.16876,1.00,1.00
2016.02.12 02:57:00.934,2.16788,2.16876,1.00,1.00
2016.02.12 02:57:01.459,2.16789,2.16876,1.00,1.00
2016.02.12 02:57:01.659,2.16785,2.16876,1.12,1.00
2016.02.12 02:57:01.926,2.1679,2.16876,1.00,1.00
2016.02.12 02:57:02.389,2.16793,2.16878,1.00,1.00
2016.02.12 02:57:03.243,2.16793,2.16884,1.00,1.00
2016.02.12 02:57:03.344,2.16793,2.16876,1.00,1.00
2016.02.12 02:57:03.729,2.16793,2.16886,1.00,1.00
2016.02.12 02:57:03.845,2.16793,2.16876,1.00,1.00
2016.02.12 02:57:04.270,2.16793,2.16881,1.00,1.00
2016.02.12 02:57:04.391,2.16794,2.16885,1.00,1.00
2016.02.12 02:57:04.493,2.16795,2.16886,1.37,1.00
2016.02.12 02:57:05.273,2.16804,2.16891,1.87,1.00
2016.02.12 02:57:05.971,2.16808,2.16895,1.00,1.00
2016.02.12 02:57:06.272,2.1681,2.16896,1.00,1.00
2016.02.12 02:57:06.885,2.16812,2.16896,1.00,1.00
2016.02.12 02:57:14.696,2.16811,2.16896,1.00,1.00
2016.02.12 02:57:14.847,2.16804,2.16896,1.87,1.00
2016.02.12 02:57:18.460,2.16811,2.16896,1.00,1.00
2016.02.12 02:57:18.762,2.16813,2.16896,1.00,1.00
2016.02.12 02:57:19.570,2.16807,2.16897,1.00,1.00
2016.02.12 02:57:19.872,2.16805,2.16897,1.00,1.00
2016.02.12 02:57:20.212,2.16805,2.16897,1.37,1.00
2016.02.12 02:57:21.054,2.16806,2.16896,1.75,1.00
2016.02.12 02:57:21.660,2.16806,2.16897,1.75,1.00
2016.02.12 02:57:25.063,2.16803,2.16896,1.75,1.00
2016.02.12 02:57:25.164,2.16803,2.16892,1.50,1.00
2016.02.12 02:57:25.265,2.16803,2.16887,1.00,1.00
2016.02.12 02:57:25.871,2.16802,2.16887,1.00,1.00
2016.02.12 02:57:26.975,2.16801,2.16887,1.00,1.00
2016.02.12 02:57:27.870,2.16802,2.16887,1.00,1.00
2016.02.12 02:57:28.413,2.16801,2.16886,1.00,1.00
2016.02.12 02:57:28.577,2.16798,2.16886,1.00,1.00
2016.02.12 02:57:29.074,2.16802,2.16886,1.00,1.00
2016.02.12 02:57:29.225,2.16804,2.16896,2.25,1.00
2016.02.12 02:57:32.662,2.16793,2.16887,2.25,1.00
2016.02.12 02:57:32.814,2.16793,2.16885,1.50,1.00
2016.02.12 02:57:33.015,2.16793,2.16887,1.00,1.00
2016.02.12 02:57:33.116,2.16793,2.16885,1.00,1.00
2016.02.12 02:57:33.431,2.16794,2.16881,1.00,1.00
2016.02.12 02:57:33.933,2.16794,2.16882,1.00,1.00
2016.02.12 02:57:34.788,2.16794,2.16882,1.37,1.00
2016.02.12 02:57:34.913,2.16793,2.16887,1.50,1.00
2016.02.12 02:57:35.014,2.16801,2.16887,1.00,1.00
2016.02.12 02:57:35.490,2.16801,2.16887,1.75,1.00
2016.02.12 02:57:39.354,2.16804,2.16889,1.37,1.00
2016.02.12 02:57:40.612,2.16804,2.16891,1.37,1.00
2016.02.12 02:57:40.712,2.16804,2.16889,1.37,1.00
2016.02.12 02:57:41.714,2.16804,2.16891,1.37,1.00
2016.02.12 02:57:42.716,2.16804,2.16892,1.37,1.00
2016.02.12 02:57:42.816,2.16804,2.1689,1.37,1.00
2016.02.12 02:57:43.318,2.16804,2.16891,1.37,1.00
2016.02.12 02:57:43.866,2.16804,2.1689,1.37,1.00
2016.02.12 02:57:44.619,2.16804,2.16891,1.37,1.00
2016.02.12 02:57:44.719,2.16804,2.16893,1.37,1.00
2016.02.12 02:57:45.252,2.16804,2.16892,1.87,1.00
2016.02.12 02:57:45.820,2.16804,2.16893,1.37,1.00
2016.02.12 02:57:46.422,2.16805,2.16897,1.12,1.50
2016.02.12 02:57:47.275,2.16804,2.16896,1.37,1.00
2016.02.12 02:57:52.432,2.16807,2.16896,1.00,1.00
2016.02.12 02:57:52.765,2.16808,2.16897,1.37,1.00
2016.02.12 02:57:53.093,2.16814,2.169,1.00,1.00
2016.02.12 02:57:53.143,2.16814,2.16904,1.00,1.00
2016.02.12 02:57:53.666,2.16815,2.16905,1.00,1.00
2016.02.12 02:57:53.717,2.16815,2.16905,1.75,1.00
2016.02.12 02:57:54.415,2.16816,2.16906,1.50,1.50
2016.02.12 02:58:01.966,2.16815,2.16905,1.75,1.00
2016.02.12 02:58:02.347,2.16814,2.16903,2.25,1.00
2016.02.12 02:58:02.463,2.16814,2.16906,1.75,1.00
2016.02.12 02:58:06.655,2.16816,2.16904,1.50,1.00
2016.02.12 02:58:07.283,2.16815,2.16906,1.75,1.00
2016.02.12 02:58:09.426,2.16815,2.16906,1.37,1.00
2016.02.12 02:58:09.477,2.16814,2.16905,1.00,1.00
2016.02.12 02:58:09.594,2.16814,2.16896,1.00,1.00
2016.02.12 02:58:10.046,2.16814,2.16906,1.50,1.00
2016.02.12 02:58:10.260,2.16816,2.16905,1.00,1.00
2016.02.12 02:58:10.384,2.16814,2.16906,1.00,1.00
2016.02.12 02:58:10.497,2.16814,2.16904,1.50,1.00
2016.02.12 02:58:10.861,2.16815,2.16906,1.00,1.50
2016.02.12 02:58:11.373,2.16816,2.16905,1.00,1.00
2016.02.12 02:58:11.602,2.16816,2.16903,1.00,1.00
2016.02.12 02:58:12.314,2.16816,2.16904,1.00,1.00
2016.02.12 02:58:13.375,2.16817,2.16905,1.00,1.00
2016.02.12 02:58:13.761,2.16816,2.16903,1.00,1.00
2016.02.12 02:58:13.989,2.16814,2.16902,1.00,1.00
2016.02.12 02:58:14.243,2.16811,2.16897,1.50,1.00
2016.02.12 02:58:21.360,2.16814,2.16903,1.00,1.00
2016.02.12 02:58:23.344,2.16812,2.16896,1.37,1.00
2016.02.12 02:58:23.696,2.16817,2.16896,1.00,1.00
2016.02.12 02:58:23.990,2.16814,2.16896,1.00,1.00
2016.02.12 02:58:24.091,2.16817,2.16896,1.00,1.00
2016.02.12 02:58:24.441,2.16824,2.16907,1.00,1.00
2016.02.12 02:58:24.693,2.16824,2.16912,1.00,1.00
2016.02.12 02:58:24.899,2.16828,2.16916,1.00,1.50
2016.02.12 02:58:25.202,2.16834,2.16925,1.00,1.00
2016.02.12 02:58:25.303,2.16836,2.16925,1.12,1.00
2016.02.12 02:58:25.626,2.16839,2.16926,1.00,1.00
2016.02.12 02:58:25.785,2.16843,2.16934,1.00,1.50
2016.02.12 02:58:25.886,2.16843,2.16925,1.00,1.00
2016.02.12 02:58:26.105,2.16843,2.16927,1.00,1.00
2016.02.12 02:58:27.210,2.16843,2.16926,1.00,1.00
2016.02.12 02:58:27.789,2.16843,2.16927,1.00,1.00
2016.02.12 02:58:28.169,2.16834,2.16926,1.75,1.00
2016.02.12 02:58:30.092,2.16834,2.16924,1.75,1.00
2016.02.12 02:58:30.413,2.16834,2.16921,1.75,1.00
2016.02.12 02:58:30.616,2.16835,2.16924,1.50,1.00
2016.02.12 02:58:31.194,2.16834,2.16922,1.75,1.00
2016.02.12 02:58:31.396,2.16834,2.16925,2.25,1.00
2016.02.12 02:58:31.497,2.16834,2.16922,1.75,1.00
2016.02.12 02:58:31.695,2.16834,2.16925,2.25,1.00
2016.02.12 02:58:31.795,2.16834,2.16921,1.75,1.00
2016.02.12 02:58:31.995,2.16834,2.16925,2.25,1.00
2016.02.12 02:58:32.096,2.16834,2.16922,1.75,1.00
2016.02.12 02:58:32.215,2.16834,2.16926,1.75,1.50
2016.02.12 02:58:32.317,2.16834,2.16922,1.00,1.00
2016.02.12 02:58:32.418,2.16834,2.16926,1.00,1.50
2016.02.12 02:58:32.519,2.16834,2.16919,1.00,1.00
2016.02.12 02:58:32.670,2.16824,2.16916,1.50,1.00
2016.02.12 02:58:32.922,2.16823,2.16912,1.00,1.00
2016.02.12 02:58:33.124,2.16823,2.16917,1.00,1.50
2016.02.12 02:58:33.382,2.16824,2.16914,1.37,1.00
2016.02.12 02:58:33.433,2.16824,2.16916,1.37,1.00
2016.02.12 02:58:33.635,2.16828,2.16916,1.00,1.00
2016.02.12 02:58:33.937,2.16833,2.16927,1.50,1.00
2016.02.12 02:58:34.109,2.16843,2.16927,1.00,1.00
2016.02.12 02:58:34.331,2.16834,2.16926,1.37,1.00
2016.02.12 02:58:35.703,2.16834,2.16925,1.87,1.00
2016.02.12 02:58:36.229,2.16836,2.16924,1.12,1.00
2016.02.12 02:58:38.014,2.16836,2.16926,1.12,1.50
2016.02.12 02:58:38.610,2.16834,2.16919,1.37,1.00
2016.02.12 02:58:38.921,2.16834,2.16916,1.37,1.00
2016.02.12 02:58:39.760,2.16833,2.16917,1.50,1.00
2016.02.12 02:58:40.627,2.16833,2.16914,1.00,1.00
2016.02.12 02:58:41.162,2.16824,2.16915,1.50,1.00
2016.02.12 02:58:41.430,2.16825,2.16913,1.37,1.00
2016.02.12 02:58:41.765,2.16824,2.16916,1.50,1.00
2016.02.12 02:58:42.033,2.16824,2.16914,1.50,1.00
2016.02.12 02:58:42.214,2.16824,2.16916,1.50,1.00
2016.02.12 02:58:42.315,2.16825,2.16913,1.37,1.00
2016.02.12 02:58:42.901,2.16824,2.16914,2.25,1.00
2016.02.12 02:58:43.416,2.16824,2.1691,1.50,1.00
2016.02.12 02:58:43.600,2.16823,2.1691,1.37,1.00
2016.02.12 02:58:43.651,2.16823,2.16915,1.00,1.50
2016.02.12 02:58:43.853,2.16823,2.16908,1.00,1.00
2016.02.12 02:58:44.138,2.16823,2.16913,1.00,1.00
2016.02.12 02:58:44.239,2.16823,2.16915,1.00,1.00
2016.02.12 02:58:44.340,2.16823,2.169,1.00,1.00
2016.02.12 02:58:44.442,2.16823,2.16905,1.00,1.00
2016.02.12 02:58:44.606,2.16823,2.16901,1.00,1.00
2016.02.12 02:58:45.648,2.16823,2.16905,1.00,1.00
2016.02.12 02:58:46.423,2.16823,2.16913,1.00,1.00
2016.02.12 02:58:46.473,2.16823,2.16906,1.00,1.00
2016.02.12 02:58:47.254,2.16823,2.1691,1.00,1.00
2016.02.12 02:58:47.678,2.16824,2.16906,1.00,1.00
2016.02.12 02:58:47.880,2.16824,2.16916,1.50,1.00
2016.02.12 02:58:48.947,2.16828,2.16916,1.00,1.50
2016.02.12 02:58:49.486,2.16825,2.16916,1.37,1.00
2016.02.12 02:58:49.537,2.16832,2.16916,1.00,1.00
2016.02.12 02:58:49.638,2.16833,2.16923,1.00,1.00
2016.02.12 02:58:50.065,2.16833,2.16918,1.00,1.00
2016.02.12 02:58:50.217,2.16823,2.16911,1.00,1.00
2016.02.12 02:58:50.318,2.16816,2.16907,1.00,1.00
2016.02.12 02:58:50.369,2.16822,2.16907,1.00,1.00
2016.02.12 02:58:50.520,2.16824,2.16912,1.00,1.00
2016.02.12 02:58:50.570,2.16824,2.16908,1.00,1.00
2016.02.12 02:58:50.672,2.16824,2.16914,1.00,1.00
2016.02.12 02:58:50.722,2.16834,2.16914,1.00,1.00
2016.02.12 02:58:50.841,2.16834,2.16922,1.00,1.12
2016.02.12 02:58:50.942,2.16841,2.16926,1.00,1.00
2016.02.12 02:58:51.170,2.16843,2.16934,1.50,1.00
2016.02.12 02:58:51.472,2.16843,2.16931,1.50,1.00
2016.02.12 02:58:51.573,2.16843,2.16935,1.50,1.00
2016.02.12 02:58:51.775,2.16843,2.16932,1.50,1.00
2016.02.12 02:58:52.172,2.16843,2.1693,1.50,1.00
2016.02.12 02:58:52.490,2.16843,2.16926,1.50,1.00
2016.02.12 02:58:53.619,2.16843,2.16927,1.50,1.00
2016.02.12 02:58:54.280,2.16843,2.1693,1.50,1.00
2016.02.12 02:58:54.381,2.16843,2.16928,1.50,1.00
2016.02.12 02:58:56.971,2.16844,2.16934,1.37,1.00
2016.02.12 02:58:58.191,2.16844,2.16932,1.37,1.00
2016.02.12 02:58:59.256,2.16844,2.16933,1.37,1.00
2016.02.12 02:58:59.757,2.16844,2.16932,1.37,1.00
2016.02.12 02:58:59.858,2.16844,2.16935,1.37,1.00
2016.02.12 02:59:01.160,2.16844,2.16927,1.37,1.00
2016.02.12 02:59:01.261,2.16844,2.1693,1.37,1.00
2016.02.12 02:59:01.962,2.16844,2.16926,1.37,1.00
2016.02.12 02:59:02.474,2.16844,2.16925,1.00,1.00
2016.02.12 02:59:02.819,2.16841,2.16925,1.00,1.00
2016.02.12 02:59:03.027,2.16851,2.16925,1.00,1.00
2016.02.12 02:59:03.078,2.16851,2.16927,1.00,1.00
2016.02.12 02:59:03.179,2.16853,2.16932,1.00,1.00
2016.02.12 02:59:03.280,2.16853,2.16938,1.00,1.00
2016.02.12 02:59:03.381,2.16853,2.16934,1.00,1.00
2016.02.12 02:59:03.542,2.16853,2.16938,1.00,1.00
2016.02.12 02:59:04.712,2.16853,2.16942,1.00,1.00
2016.02.12 02:59:04.969,2.16856,2.16946,1.00,1.00
2016.02.12 02:59:05.581,2.16857,2.16946,1.00,1.00
2016.02.12 02:59:06.005,2.16854,2.16947,1.00,1.50
2016.02.12 02:59:07.122,2.16853,2.16946,1.50,1.50
2016.02.12 02:59:07.471,2.16853,2.16937,1.00,1.00
2016.02.12 02:59:07.714,2.16854,2.16939,1.00,1.00
2016.02.12 02:59:08.223,2.16854,2.16938,1.00,1.00
2016.02.12 02:59:08.989,2.16853,2.16936,1.00,1.00
2016.02.12 02:59:09.323,2.16851,2.16934,1.00,1.00
2016.02.12 02:59:09.628,2.16843,2.16925,1.00,1.00
2016.02.12 02:59:09.930,2.16842,2.1692,1.00,1.00
2016.02.12 02:59:11.185,2.16842,2.16925,1.00,1.00
2016.02.12 02:59:11.879,2.16842,2.16923,1.00,1.00
2016.02.12 02:59:12.170,2.16842,2.16925,1.00,1.00
2016.02.12 02:59:12.907,2.16842,2.16924,1.00,1.00
2016.02.12 02:59:13.082,2.16842,2.1692,1.00,1.00
2016.02.12 02:59:13.184,2.16842,2.16922,1.00,1.00
2016.02.12 02:59:13.405,2.16832,2.16912,1.75,1.00
2016.02.12 02:59:13.506,2.16824,2.16912,1.00,1.00
2016.02.12 02:59:13.683,2.16823,2.16906,1.00,1.00
2016.02.12 02:59:14.394,2.16823,2.16909,1.00,1.00
2016.02.12 02:59:14.601,2.16823,2.16911,1.00,1.00
2016.02.12 02:59:14.702,2.16823,2.16913,1.00,1.00
2016.02.12 02:59:15.210,2.16824,2.16913,1.00,1.50
2016.02.12 02:59:15.748,2.16823,2.16913,1.00,1.00
2016.02.12 02:59:15.950,2.16833,2.16913,1.00,1.00
2016.02.12 02:59:16.325,2.16833,2.16911,1.00,1.00
2016.02.12 02:59:16.729,2.16833,2.16913,1.00,1.50
2016.02.12 02:59:16.830,2.16823,2.16913,1.00,1.50
2016.02.12 02:59:17.739,2.16823,2.16912,1.00,1.00
2016.02.12 02:59:17.892,2.16823,2.16908,1.00,1.00
2016.02.12 02:59:18.261,2.16823,2.16905,1.00,1.00
2016.02.12 02:59:19.816,2.16823,2.16904,1.00,1.00
2016.02.12 02:59:22.150,2.16823,2.16905,1.00,1.00
2016.02.12 02:59:24.606,2.16823,2.16903,1.00,1.00
2016.02.12 02:59:25.448,2.16823,2.16904,1.00,1.00
2016.02.12 02:59:26.508,2.16823,2.16902,1.00,1.00
2016.02.12 02:59:27.159,2.16824,2.16902,1.00,1.00
2016.02.12 02:59:27.460,2.16821,2.16897,1.00,1.50
2016.02.12 02:59:27.511,2.16821,2.16901,1.00,1.50
2016.02.12 02:59:27.562,2.16814,2.16901,1.00,1.50
2016.02.12 02:59:27.663,2.16822,2.16901,1.00,1.00
2016.02.12 02:59:27.815,2.16824,2.16905,1.00,1.00
2016.02.12 02:59:28.231,2.16832,2.16905,1.00,1.00
2016.02.12 02:59:28.558,2.16824,2.16912,1.00,1.50
2016.02.12 02:59:28.962,2.16832,2.16912,1.00,1.50
2016.02.12 02:59:30.169,2.16824,2.16912,1.00,1.50
2016.02.12 02:59:30.220,2.16824,2.16907,1.00,1.00
2016.02.12 02:59:32.314,2.16823,2.16907,1.00,1.00
2016.02.12 02:59:32.644,2.16823,2.16909,1.00,1.00
2016.02.12 02:59:35.423,2.16823,2.16906,1.00,1.00
2016.02.12 02:59:35.724,2.16823,2.16909,1.00,1.00
2016.02.12 02:59:35.825,2.16827,2.16912,1.00,1.00
2016.02.12 02:59:36.160,2.16832,2.16912,1.00,1.00
2016.02.12 02:59:36.462,2.16834,2.16912,1.00,1.00
2016.02.12 02:59:38.479,2.16832,2.16912,1.00,1.00
2016.02.12 02:59:40.031,2.16832,2.16915,1.00,1.50
2016.02.12 02:59:41.054,2.16832,2.16912,1.00,1.00
2016.02.12 02:59:41.579,2.16832,2.16913,1.00,1.00
2016.02.12 02:59:43.940,2.16832,2.16912,1.00,1.00
2016.02.12 02:59:44.140,2.16825,2.16912,1.00,1.00
2016.02.12 02:59:44.799,2.16832,2.16912,1.00,1.00
2016.02.12 02:59:45.129,2.16825,2.16912,1.00,1.00
2016.02.12 02:59:45.368,2.16831,2.16912,1.00,1.00
2016.02.12 02:59:45.870,2.16831,2.16909,1.00,1.00
2016.02.12 02:59:47.572,2.16831,2.16908,1.00,1.00
2016.02.12 02:59:47.788,2.16824,2.16908,1.00,1.00
2016.02.12 02:59:48.248,2.16831,2.16909,1.00,1.00
2016.02.12 02:59:48.562,2.16824,2.16909,1.00,1.00
2016.02.12 02:59:48.758,2.16832,2.16909,1.00,1.00
2016.02.12 02:59:49.263,2.16832,2.16908,1.00,1.00
2016.02.12 02:59:49.983,2.16824,2.16908,1.00,1.00
2016.02.12 02:59:50.644,2.16832,2.16908,1.00,1.00
2016.02.12 02:59:51.112,2.16823,2.16907,1.00,1.00
2016.02.12 02:59:52.914,2.16824,2.16907,1.00,1.00
2016.02.12 02:59:53.355,2.16824,2.16914,1.00,1.50
2016.02.12 02:59:54.123,2.16823,2.16914,1.00,1.50
2016.02.12 02:59:55.477,2.16823,2.16913,1.50,1.00
2016.02.12 02:59:57.448,2.16879,2.16913,1.00,1.50
2016.02.12 02:59:57.700,2.16891,2.16917,1.00,1.00
2016.02.12 02:59:57.751,2.16891,2.16932,1.00,1.00
2016.02.12 02:59:57.802,2.16882,2.16932,1.00,1.00
2016.02.12 02:59:57.903,2.16902,2.16955,1.00,1.75
2016.02.12 02:59:58.004,2.16901,2.16955,1.00,1.00
2016.02.12 02:59:58.390,2.16902,2.16957,1.00,1.00
2016.02.12 02:59:58.441,2.16912,2.16957,1.00,1.00
2016.02.12 02:59:58.697,2.16892,2.16946,1.00,1.50
2016.02.12 02:59:58.999,2.16892,2.16943,1.00,1.00
2016.02.12 02:59:59.535,2.16892,2.16942,1.00,1.00
2016.02.12 02:59:59.969,2.16891,2.16939,1.00,1.00
