2012.10.08 01:00:00.512,1.96706,1.96772,2.48,2.38
2012.10.08 01:00:06.591,1.96706,1.96772,2.48,2.38
2012.10.08 01:00:06.712,1.96706,1.96772,3.00,1.73
2012.10.08 01:00:06.892,1.96715,1.96775,2.48,1.32
2012.10.08 01:00:07.433,1.96715,1.96775,1.73,1.32
2012.10.08 01:00:07.786,1.96715,1.96771,1.50,1.32
2012.10.08 01:00:08.112,1.96715,1.96779,2.25,1.65
2012.10.08 01:00:08.173,1.96715,1.96781,2.48,1.73
2012.10.08 01:00:15.382,1.96715,1.96782,2.48,2.48
2012.10.08 01:00:15.932,1.96715,1.96782,2.48,2.10
2012.10.08 01:00:16.554,1.96715,1.96782,2.48,2.10
2012.10.08 01:00:27.402,1.96724,1.96782,1.50,1.73
2012.10.08 01:00:27.742,1.96724,1.96784,2.25,1.36
2012.10.08 01:00:30.102,1.96724,1.96778,1.50,1.36
2012.10.08 01:00:30.162,1.96724,1.96775,1.50,1.47
2012.10.08 01:00:35.522,1.96714,1.96775,2.25,1.47
2012.10.08 01:00:35.832,1.96714,1.96774,2.25,1.47
2012.10.08 01:00:36.012,1.96714,1.9678,2.48,1.32
2012.10.08 01:00:38.703,1.96714,1.96778,2.48,1.32
2012.10.08 01:00:38.762,1.96714,1.96777,2.48,1.50
2012.10.08 01:00:39.064,1.96734,1.96783,2.25,1.50
2012.10.08 01:00:39.122,1.96734,1.96785,2.25,1.73
2012.10.08 01:00:39.183,1.96734,1.96783,1.50,1.73
2012.10.08 01:00:39.504,1.96734,1.96786,2.25,1.27
2012.10.08 01:00:40.102,1.96734,1.9679,2.25,1.17
2012.10.08 01:00:41.092,1.96731,1.9679,2.48,2.10
2012.10.08 01:00:41.152,1.96724,1.96789,1.23,1.35
2012.10.08 01:00:41.212,1.96723,1.96787,2.48,1.50
2012.10.08 01:00:41.867,1.96723,1.96787,1.73,1.50
2012.10.08 01:00:41.982,1.96719,1.96775,1.73,1.35
2012.10.08 01:00:42.102,1.9671,1.96774,2.25,1.43
2012.10.08 01:00:42.162,1.9671,1.96775,2.48,1.35
2012.10.08 01:00:42.486,1.9671,1.96774,2.48,1.54
2012.10.08 01:00:42.615,1.9671,1.96775,2.48,1.35
2012.10.08 01:00:44.615,1.9671,1.96776,2.48,1.59
2012.10.08 01:00:44.733,1.96722,1.96784,2.48,1.73
2012.10.08 01:00:47.812,1.96722,1.96783,1.73,1.73
2012.10.08 01:00:47.932,1.96722,1.96781,1.50,1.45
2012.10.08 01:00:48.132,1.96722,1.96785,2.25,2.20
2012.10.08 01:00:48.252,1.96722,1.96785,2.48,1.73
2012.10.08 01:00:54.062,1.96716,1.96776,1.34,1.50
2012.10.08 01:00:54.302,1.96713,1.96776,1.32,2.95
2012.10.08 01:00:54.367,1.96708,1.96776,2.07,2.95
2012.10.08 01:00:54.693,1.96697,1.96761,1.35,1.73
2012.10.08 01:00:54.752,1.96704,1.96761,1.27,1.50
2012.10.08 01:00:54.932,1.96697,1.96761,1.35,1.73
2012.10.08 01:01:09.466,1.96696,1.96761,1.35,2.48
2012.10.08 01:01:09.739,1.96697,1.96761,1.35,1.73
2012.10.08 01:01:15.392,1.96692,1.96757,1.63,2.48
2012.10.08 01:01:15.514,1.96689,1.96757,2.82,2.48
2012.10.08 01:01:15.942,1.96693,1.96745,1.56,1.50
2012.10.08 01:01:16.194,1.96689,1.96745,1.32,2.48
2012.10.08 01:01:16.404,1.96689,1.96745,1.32,2.48
2012.10.08 01:01:16.705,1.96689,1.96745,1.32,1.50
2012.10.08 01:01:17.224,1.96691,1.96745,1.34,1.50
2012.10.08 01:01:20.213,1.96693,1.96745,1.29,1.50
2012.10.08 01:01:20.712,1.96693,1.96748,1.29,1.50
2012.10.08 01:01:20.772,1.96693,1.96755,1.29,1.73
2012.10.08 01:01:26.474,1.96693,1.96755,1.43,1.50
2012.10.08 01:01:29.373,1.96693,1.96755,1.43,2.25
2012.10.08 01:01:29.492,1.96689,1.96755,2.48,2.48
2012.10.08 01:01:43.583,1.9669,1.96755,2.48,2.10
2012.10.08 01:01:44.146,1.9669,1.96755,2.48,2.10
2012.10.08 01:01:44.202,1.9669,1.96754,1.73,1.35
2012.10.08 01:01:44.263,1.9669,1.96754,1.73,1.35
2012.10.08 01:01:44.322,1.9669,1.96754,2.48,1.35
2012.10.08 01:01:49.592,1.9669,1.96754,1.73,1.35
2012.10.08 01:01:52.772,1.9669,1.96754,2.48,1.35
2012.10.08 01:02:21.352,1.96685,1.96753,2.82,2.48
2012.10.08 01:02:21.575,1.96686,1.96753,1.32,1.73
2012.10.08 01:02:22.463,1.96695,1.96754,2.25,1.35
2012.10.08 01:02:36.213,1.96695,1.96754,1.50,1.35
2012.10.08 01:02:38.741,1.96695,1.96754,2.25,1.35
2012.10.08 01:03:23.183,1.96692,1.96755,1.50,1.63
2012.10.08 01:03:23.432,1.96692,1.96755,2.25,1.63
2012.10.08 01:03:24.612,1.96695,1.96759,1.13,1.63
2012.10.08 01:03:24.732,1.96708,1.96764,1.73,1.73
2012.10.08 01:03:24.792,1.96708,1.96771,1.73,1.73
2012.10.08 01:03:25.050,1.96708,1.96774,2.48,1.36
2012.10.08 01:03:25.276,1.96708,1.96777,2.48,3.19
2012.10.08 01:03:25.394,1.96719,1.96777,1.50,1.69
2012.10.08 01:03:30.111,1.96719,1.96777,1.50,1.69
2012.10.08 01:03:30.482,1.96719,1.96773,1.50,1.27
2012.10.08 01:03:30.942,1.96709,1.9677,1.73,1.73
2012.10.08 01:03:31.002,1.96709,1.96766,1.50,1.50
2012.10.08 01:03:31.252,1.96709,1.96774,1.50,2.20
2012.10.08 01:03:39.173,1.96711,1.96776,1.61,1.73
2012.10.08 01:03:39.822,1.96722,1.96782,1.50,1.73
2012.10.08 01:03:40.224,1.96722,1.96784,2.25,1.73
2012.10.08 01:03:40.466,1.96722,1.96785,2.48,1.73
2012.10.08 01:03:43.904,1.96722,1.96786,2.48,1.73
2012.10.08 01:03:48.374,1.96722,1.96789,2.48,2.82
2012.10.08 01:03:48.555,1.96722,1.96789,2.91,2.48
2012.10.08 01:03:49.112,1.96731,1.96795,2.48,2.10
2012.10.08 01:03:50.382,1.96731,1.9679,1.73,2.48
2012.10.08 01:03:50.714,1.96731,1.96786,1.50,1.73
2012.10.08 01:03:52.046,1.96731,1.9679,2.25,1.36
2012.10.08 01:04:00.460,1.96731,1.96787,1.50,1.73
2012.10.08 01:04:04.083,1.9672,1.96786,2.48,1.73
2012.10.08 01:04:04.142,1.9672,1.96785,2.48,1.50
2012.10.08 01:04:08.037,1.96725,1.96785,1.50,2.25
2012.10.08 01:04:08.372,1.9672,1.96785,2.48,1.50
2012.10.08 01:04:08.433,1.96722,1.96789,1.47,1.73
2012.10.08 01:04:23.652,1.96731,1.96795,1.73,1.35
2012.10.08 01:04:24.093,1.96731,1.96785,1.50,1.56
2012.10.08 01:04:25.692,1.96731,1.96795,1.50,1.35
2012.10.08 01:04:25.812,1.96731,1.96795,1.50,1.35
2012.10.08 01:04:26.412,1.96731,1.96786,1.50,1.25
2012.10.08 01:04:29.004,1.96723,1.96786,2.25,1.25
2012.10.08 01:04:29.549,1.96723,1.96786,1.50,1.25
2012.10.08 01:04:29.972,1.96723,1.96778,1.50,1.20
2012.10.08 01:04:30.626,1.96723,1.96784,2.25,1.20
2012.10.08 01:04:30.694,1.96723,1.96785,2.25,1.36
2012.10.08 01:04:31.383,1.96714,1.96771,1.73,2.48
2012.10.08 01:04:31.920,1.96714,1.96767,1.73,1.35
2012.10.08 01:04:32.105,1.96704,1.96767,2.48,1.35
2012.10.08 01:04:32.292,1.96704,1.96766,2.48,1.34
2012.10.08 01:04:33.625,1.96704,1.96767,2.48,1.35
2012.10.08 01:04:35.498,1.96714,1.96773,1.50,2.48
2012.10.08 01:04:36.789,1.96714,1.96775,2.25,1.25
2012.10.08 01:04:37.013,1.96714,1.96776,2.48,1.73
2012.10.08 01:04:37.722,1.96722,1.9678,1.73,1.35
2012.10.08 01:04:37.782,1.96722,1.96777,1.50,1.56
2012.10.08 01:04:37.843,1.96713,1.96777,2.48,1.56
2012.10.08 01:04:38.754,1.96713,1.96781,2.48,2.48
2012.10.08 01:04:38.974,1.96713,1.96778,2.48,1.50
2012.10.08 01:04:39.527,1.96713,1.96781,2.48,1.73
2012.10.08 01:04:39.842,1.96724,1.96791,3.02,1.73
2012.10.08 01:04:40.630,1.96724,1.96791,2.48,2.29
2012.10.08 01:04:40.692,1.96724,1.9679,2.48,1.54
2012.10.08 01:04:40.872,1.96724,1.96791,2.48,2.29
2012.10.08 01:04:41.003,1.96724,1.96791,2.84,1.73
2012.10.08 01:04:43.830,1.96724,1.96791,2.84,2.48
2012.10.08 01:04:44.246,1.96724,1.96786,2.25,1.50
2012.10.08 01:04:45.633,1.96715,1.9678,1.32,2.48
2012.10.08 01:04:45.752,1.96715,1.96778,1.32,1.50
2012.10.08 01:04:59.549,1.96714,1.9678,2.48,2.25
2012.10.08 01:04:59.672,1.96719,1.9678,1.27,1.73
2012.10.08 01:05:01.112,1.96731,1.9678,1.20,1.50
2012.10.08 01:05:01.237,1.96731,1.96784,1.20,1.50
2012.10.08 01:05:01.292,1.96731,1.96791,1.20,3.23
2012.10.08 01:05:04.944,1.96731,1.96791,1.20,1.73
2012.10.08 01:05:05.166,1.96731,1.96791,1.20,1.73
2012.10.08 01:05:17.088,1.96731,1.96791,1.20,2.07
2012.10.08 01:05:17.203,1.96725,1.9679,1.20,2.59
2012.10.08 01:05:17.263,1.96722,1.96789,2.48,1.50
2012.10.08 01:05:22.160,1.96727,1.9679,1.35,2.25
2012.10.08 01:05:22.223,1.96731,1.9679,1.34,1.50
2012.10.08 01:05:23.017,1.96731,1.96791,1.34,1.73
2012.10.08 01:05:34.349,1.96735,1.96799,1.32,2.48
2012.10.08 01:05:34.533,1.96743,1.96799,1.56,1.50
2012.10.08 01:05:45.072,1.96753,1.96809,1.32,1.73
2012.10.08 01:05:46.563,1.96753,1.96809,1.32,2.48
2012.10.08 01:05:46.824,1.9674,1.96802,2.48,1.96
2012.10.08 01:05:57.118,1.96735,1.96797,1.32,1.73
2012.10.08 01:05:57.233,1.96738,1.96804,2.48,1.35
2012.10.08 01:05:58.878,1.96738,1.96806,2.48,2.10
2012.10.08 01:05:58.993,1.96748,1.96806,1.47,1.50
2012.10.08 01:05:59.212,1.96738,1.96806,1.50,1.50
2012.10.08 01:06:01.297,1.96738,1.96806,2.25,1.50
2012.10.08 01:06:01.542,1.9676,1.96815,1.59,1.50
2012.10.08 01:06:02.882,1.9676,1.96815,1.59,1.50
2012.10.08 01:06:03.163,1.96767,1.96826,1.47,1.50
2012.10.08 01:06:06.403,1.96765,1.96826,1.47,2.25
2012.10.08 01:06:06.523,1.96757,1.96825,2.48,1.50
2012.10.08 01:06:06.642,1.96757,1.96826,2.48,3.00
2012.10.08 01:06:06.703,1.96767,1.96826,1.56,2.25
2012.10.08 01:06:06.920,1.96767,1.96826,1.56,3.00
2012.10.08 01:06:07.043,1.96757,1.96822,2.48,1.73
2012.10.08 01:06:07.743,1.96755,1.96816,1.59,2.48
2012.10.08 01:06:08.292,1.96755,1.96816,1.59,1.73
2012.10.08 01:06:16.493,1.96755,1.96816,1.59,3.23
2012.10.08 01:06:16.672,1.96755,1.96814,1.59,1.50
2012.10.08 01:06:16.732,1.96753,1.96814,1.32,1.73
2012.10.08 01:06:19.568,1.96749,1.96816,1.47,3.57
2012.10.08 01:06:19.682,1.96756,1.96816,1.61,3.57
2012.10.08 01:06:20.277,1.96756,1.96816,1.61,2.82
2012.10.08 01:06:21.682,1.96747,1.96816,2.36,3.57
2012.10.08 01:06:21.803,1.96747,1.96814,1.73,1.29
2012.10.08 01:06:21.878,1.96747,1.96814,1.73,1.29
2012.10.08 01:06:21.993,1.96739,1.96802,1.73,1.61
2012.10.08 01:06:22.203,1.96739,1.96805,2.09,2.48
2012.10.08 01:06:22.338,1.96744,1.96805,1.34,2.48
2012.10.08 01:06:25.303,1.96748,1.96813,2.07,1.54
2012.10.08 01:06:25.363,1.96748,1.96815,2.82,1.54
2012.10.08 01:06:25.482,1.96748,1.96816,2.82,2.48
2012.10.08 01:06:56.954,1.96751,1.9682,2.48,2.85
2012.10.08 01:06:57.189,1.96751,1.9682,2.48,2.85
2012.10.08 01:06:57.514,1.96751,1.9682,2.48,2.85
2012.10.08 01:06:58.244,1.96751,1.9682,2.48,2.85
2012.10.08 01:06:58.435,1.96751,1.9682,2.48,2.85
2012.10.08 01:06:58.794,1.96745,1.96807,1.27,1.50
2012.10.08 01:07:01.824,1.9675,1.96816,2.48,2.48
2012.10.08 01:07:11.972,1.9675,1.96816,3.11,2.48
2012.10.08 01:07:12.430,1.96759,1.96822,2.48,1.12
2012.10.08 01:07:12.501,1.96759,1.9682,1.73,1.35
2012.10.08 01:07:13.522,1.96759,1.9682,1.50,1.35
2012.10.08 01:07:21.364,1.96759,1.96821,2.25,1.63
2012.10.08 01:07:21.425,1.9676,1.96826,1.73,2.48
2012.10.08 01:07:25.548,1.96759,1.96826,3.23,1.73
2012.10.08 01:07:25.904,1.9677,1.96837,1.67,1.73
2012.10.08 01:07:38.714,1.9677,1.96837,1.35,1.73
2012.10.08 01:07:38.785,1.96773,1.96837,1.43,1.73
2012.10.08 01:07:38.892,1.9678,1.96837,1.32,1.50
2012.10.08 01:07:39.444,1.9678,1.96846,1.32,2.48
2012.10.08 01:07:46.684,1.96778,1.96841,2.07,1.35
2012.10.08 01:07:46.864,1.96768,1.96834,1.47,1.73
2012.10.08 01:08:18.128,1.96769,1.96836,2.48,1.73
2012.10.08 01:08:18.185,1.96779,1.96836,1.59,1.50
2012.10.08 01:08:18.364,1.96776,1.96836,1.59,2.25
2012.10.08 01:08:18.424,1.96771,1.96836,1.35,2.48
2012.10.08 01:08:25.611,1.96771,1.96836,1.35,1.73
2012.10.08 01:08:25.924,1.9678,1.96836,1.29,1.50
2012.10.08 01:08:25.987,1.9678,1.96844,1.29,1.32
2012.10.08 01:09:03.394,1.96776,1.9684,1.29,2.48
2012.10.08 01:09:03.455,1.96775,1.96832,1.32,1.73
2012.10.08 01:09:04.175,1.96773,1.96832,1.54,1.50
2012.10.08 01:09:04.355,1.96773,1.9684,3.04,1.73
2012.10.08 01:09:04.416,1.96775,1.96841,1.54,1.32
2012.10.08 01:09:04.775,1.96775,1.96841,2.08,1.09
2012.10.08 01:09:04.837,1.96773,1.96834,2.48,1.50
2012.10.08 01:09:04.894,1.96772,1.96832,1.38,1.50
2012.10.08 01:09:05.293,1.96772,1.96832,1.38,1.50
2012.10.08 01:09:05.435,1.96772,1.96832,1.38,1.50
2012.10.08 01:09:05.495,1.96768,1.96832,1.20,1.73
2012.10.08 01:09:54.894,1.96764,1.96832,2.48,1.50
2012.10.08 01:09:54.954,1.96764,1.96828,2.48,1.13
2012.10.08 01:09:55.264,1.96756,1.96821,1.38,1.50
2012.10.08 01:09:55.617,1.96755,1.96821,3.00,1.73
2012.10.08 01:09:55.804,1.96768,1.96832,1.25,2.10
2012.10.08 01:10:05.539,1.96768,1.9682,1.25,1.50
2012.10.08 01:10:15.884,1.96768,1.96831,1.25,2.10
2012.10.08 01:10:16.489,1.9678,1.96831,1.52,1.50
2012.10.08 01:10:20.607,1.96775,1.96831,1.20,1.50
2012.10.08 01:10:35.841,1.96775,1.96834,1.20,1.50
2012.10.08 01:10:37.116,1.96775,1.96836,1.20,1.73
2012.10.08 01:10:37.545,1.96787,1.9685,1.73,1.73
2012.10.08 01:10:37.654,1.96787,1.96855,2.48,1.73
2012.10.08 01:10:37.986,1.96791,1.96856,1.61,3.23
2012.10.08 01:10:53.685,1.96787,1.96854,2.48,1.73
2012.10.08 01:10:55.055,1.96787,1.96854,1.73,2.48
2012.10.08 01:10:55.365,1.96787,1.96854,2.48,1.73
2012.10.08 01:10:59.645,1.96787,1.96854,2.48,1.73
2012.10.08 01:10:59.705,1.96798,1.96854,1.61,1.50
2012.10.08 01:11:00.155,1.96788,1.96854,1.35,1.73
2012.10.08 01:11:00.925,1.96792,1.96854,1.54,1.73
2012.10.08 01:11:07.717,1.96787,1.96854,2.48,1.73
2012.10.08 01:11:08.346,1.96786,1.96844,1.25,1.50
2012.10.08 01:11:09.735,1.96786,1.96848,2.75,1.73
2012.10.08 01:11:12.805,1.96795,1.96855,1.32,2.48
2012.10.08 01:11:18.954,1.96795,1.96855,1.32,3.23
2012.10.08 01:11:19.444,1.96795,1.96855,1.32,2.48
2012.10.08 01:12:24.595,1.96797,1.96863,2.48,2.25
2012.10.08 01:12:24.774,1.96803,1.96863,1.52,1.50
2012.10.08 01:12:24.895,1.9681,1.96866,1.73,2.48
2012.10.08 01:12:24.955,1.9681,1.96875,2.48,1.47
2012.10.08 01:12:25.075,1.96816,1.96879,1.43,2.44
2012.10.08 01:12:26.145,1.9682,1.96879,1.32,2.10
2012.10.08 01:12:26.385,1.96825,1.96885,1.56,1.50
2012.10.08 01:12:26.625,1.96828,1.96888,1.56,1.73
2012.10.08 01:12:26.805,1.96826,1.96888,1.56,2.48
2012.10.08 01:12:27.095,1.9682,1.96881,2.85,1.73
2012.10.08 01:12:42.866,1.9682,1.96872,1.35,1.50
2012.10.08 01:12:43.794,1.9682,1.96869,1.35,1.50
2012.10.08 01:12:59.173,1.96816,1.96869,1.35,1.50
2012.10.08 01:13:00.166,1.9682,1.96869,1.35,1.50
2012.10.08 01:13:02.935,1.9682,1.96872,1.35,1.50
2012.10.08 01:13:16.675,1.96819,1.96881,1.35,2.48
2012.10.08 01:13:24.968,1.96815,1.96871,1.70,1.50
2012.10.08 01:13:25.085,1.96809,1.96871,1.65,1.73
2012.10.08 01:13:31.170,1.96805,1.96871,1.65,2.48
2012.10.08 01:13:31.225,1.96805,1.96871,1.32,2.48
2012.10.08 01:13:32.797,1.96805,1.96862,1.32,1.50
2012.10.08 01:13:32.975,1.968,1.96862,1.50,1.73
2012.10.08 01:13:33.375,1.96794,1.96862,1.59,2.48
2012.10.08 01:13:33.707,1.96794,1.9685,1.32,1.73
2012.10.08 01:13:48.435,1.96792,1.9685,1.13,1.73
2012.10.08 01:13:53.615,1.96783,1.9685,2.82,2.48
2012.10.08 01:13:54.045,1.96783,1.9685,2.82,1.73
2012.10.08 01:14:09.334,1.96783,1.9685,2.82,2.48
2012.10.08 01:14:09.553,1.96783,1.9685,2.82,1.73
2012.10.08 01:14:09.883,1.96783,1.9685,2.82,2.48
2012.10.08 01:14:11.753,1.96783,1.9685,2.82,1.73
2012.10.08 01:14:12.875,1.96783,1.9685,2.82,1.73
2012.10.08 01:14:13.000,1.96793,1.9685,1.38,1.50
2012.10.08 01:14:13.245,1.96786,1.9685,1.35,1.73
2012.10.08 01:14:13.625,1.96786,1.9685,1.35,1.73
2012.10.08 01:14:13.986,1.96788,1.96845,1.59,1.50
2012.10.08 01:14:19.716,1.96786,1.96845,1.35,1.50
2012.10.08 01:14:21.225,1.96785,1.96832,1.47,1.50
2012.10.08 01:14:21.285,1.96779,1.96832,1.73,1.50
2012.10.08 01:14:22.854,1.96773,1.96832,1.20,1.50
2012.10.08 01:14:22.915,1.96765,1.96832,2.48,1.73
2012.10.08 01:14:23.275,1.96758,1.96823,1.35,1.73
2012.10.08 01:14:26.025,1.96758,1.96823,1.36,1.73
2012.10.08 01:14:38.326,1.96756,1.96823,1.59,1.73
2012.10.08 01:14:38.543,1.96757,1.96823,1.41,1.50
2012.10.08 01:14:43.160,1.96757,1.96822,1.41,1.50
2012.10.08 01:14:43.215,1.96757,1.96819,1.41,1.50
2012.10.08 01:14:49.777,1.96753,1.96819,1.89,1.73
2012.10.08 01:15:03.355,1.96756,1.96824,1.50,2.48
2012.10.08 01:15:06.656,1.96756,1.96824,1.50,1.73
2012.10.08 01:15:06.752,1.96761,1.96824,1.29,1.73
2012.10.08 01:15:06.875,1.96761,1.96824,1.29,1.73
2012.10.08 01:15:06.995,1.96755,1.96824,2.85,1.73
2012.10.08 01:15:12.486,1.96758,1.96824,1.45,1.73
2012.10.08 01:15:39.765,1.96758,1.9682,1.45,1.50
2012.10.08 01:15:59.901,1.96758,1.96824,1.45,1.73
2012.10.08 01:16:01.347,1.96757,1.96823,2.58,1.32
2012.10.08 01:16:01.465,1.96757,1.96822,1.50,2.20
2012.10.08 01:16:02.027,1.96748,1.96816,2.48,2.48
2012.10.08 01:16:04.725,1.96748,1.96814,2.48,2.16
2012.10.08 01:16:04.970,1.96748,1.9681,1.73,1.73
2012.10.08 01:16:07.395,1.96749,1.96805,1.35,1.73
2012.10.08 01:16:07.575,1.96753,1.96816,1.23,1.73
2012.10.08 01:17:07.464,1.96752,1.96819,2.31,1.73
2012.10.08 01:17:10.375,1.96773,1.96827,1.13,2.97
2012.10.08 01:17:10.555,1.96776,1.96827,1.45,1.50
2012.10.08 01:17:28.749,1.96771,1.96827,1.35,1.50
2012.10.08 01:17:31.495,1.96767,1.96827,1.32,1.50
2012.10.08 01:17:32.425,1.96765,1.96827,1.32,2.25
2012.10.08 01:17:32.485,1.96758,1.96827,3.28,2.48
2012.10.08 01:17:32.559,1.96758,1.96819,3.28,1.50
2012.10.08 01:17:32.928,1.96758,1.96817,1.78,1.50
2012.10.08 01:17:52.493,1.96758,1.96818,1.78,1.50
2012.10.08 01:18:03.921,1.96752,1.96818,3.15,1.73
2012.10.08 01:18:03.986,1.96752,1.96818,3.15,2.48
2012.10.08 01:18:04.106,1.96753,1.96818,1.29,1.73
2012.10.08 01:18:06.436,1.96764,1.96818,1.13,1.73
2012.10.08 01:18:06.727,1.96772,1.96841,2.48,2.00
2012.10.08 01:18:06.846,1.96775,1.96841,1.45,2.48
2012.10.08 01:18:06.906,1.96772,1.96838,2.48,1.38
2012.10.08 01:18:07.205,1.96772,1.96841,2.48,2.13
2012.10.08 01:18:07.266,1.96776,1.96841,1.50,1.73
2012.10.08 01:18:13.895,1.96772,1.96841,2.48,2.48
2012.10.08 01:18:14.398,1.96771,1.96831,1.35,1.50
2012.10.08 01:18:20.744,1.96765,1.96831,1.56,1.73
2012.10.08 01:18:25.399,1.96765,1.96831,1.56,2.48
2012.10.08 01:18:25.515,1.96763,1.96831,2.48,2.48
2012.10.08 01:18:25.575,1.96757,1.9682,1.61,1.50
2012.10.08 01:18:43.236,1.96757,1.9682,1.61,1.50
2012.10.08 01:18:43.892,1.96757,1.9682,1.61,1.50
2012.10.08 01:18:45.550,1.96757,1.96818,1.61,1.50
2012.10.08 01:18:45.916,1.96756,1.96818,1.61,2.25
2012.10.08 01:18:45.976,1.96751,1.96818,2.48,2.48
2012.10.08 01:18:46.095,1.96751,1.96818,2.48,1.73
2012.10.08 01:18:46.293,1.96752,1.96818,1.32,1.73
2012.10.08 01:18:48.135,1.96752,1.96812,1.32,1.50
2012.10.08 01:18:48.905,1.96752,1.96808,1.32,1.50
2012.10.08 01:18:50.415,1.96752,1.96808,1.32,1.50
2012.10.08 01:18:50.476,1.96746,1.96808,1.29,1.50
2012.10.08 01:18:53.980,1.96746,1.96808,1.34,1.73
2012.10.08 01:19:09.184,1.9676,1.96817,1.50,1.29
2012.10.08 01:19:12.120,1.9676,1.96816,1.50,1.63
2012.10.08 01:19:21.115,1.9676,1.9682,2.25,1.22
2012.10.08 01:19:21.835,1.9676,1.96824,2.48,1.32
2012.10.08 01:19:42.461,1.9676,1.96822,1.73,1.32
2012.10.08 01:19:43.248,1.9676,1.96825,2.48,1.32
2012.10.08 01:19:57.345,1.9676,1.96822,1.73,1.32
2012.10.08 01:19:57.406,1.9676,1.96818,1.50,1.43
2012.10.08 01:19:57.918,1.9676,1.96819,1.50,1.56
2012.10.08 01:19:58.017,1.96757,1.96818,1.50,2.48
2012.10.08 01:19:58.587,1.96749,1.96818,2.48,2.48
2012.10.08 01:20:05.348,1.96749,1.96818,2.48,1.73
2012.10.08 01:20:05.486,1.9675,1.96818,1.63,1.73
2012.10.08 01:20:06.945,1.96761,1.96818,1.84,1.73
2012.10.08 01:20:07.006,1.96762,1.96829,3.72,1.73
2012.10.08 01:20:15.578,1.96762,1.96829,2.97,2.48
2012.10.08 01:20:15.697,1.96762,1.96825,2.25,1.59
2012.10.08 01:20:36.807,1.96753,1.96819,2.48,2.48
2012.10.08 01:20:37.605,1.96753,1.96819,2.48,1.73
2012.10.08 01:20:39.435,1.96755,1.96819,1.56,1.50
2012.10.08 01:20:40.615,1.96759,1.96819,1.73,1.50
2012.10.08 01:20:40.936,1.96761,1.9683,2.84,1.73
2012.10.08 01:21:05.796,1.96765,1.96824,1.32,1.50
2012.10.08 01:21:10.777,1.96765,1.96824,1.32,1.50
2012.10.08 01:21:10.896,1.96765,1.96824,1.32,1.50
2012.10.08 01:21:10.957,1.96765,1.96824,1.32,1.50
2012.10.08 01:21:12.636,1.96768,1.96835,1.73,2.48
2012.10.08 01:21:20.405,1.96768,1.96836,2.48,3.11
2012.10.08 01:21:57.959,1.96767,1.96831,1.73,1.56
2012.10.08 01:21:58.386,1.96767,1.96835,2.48,1.36
2012.10.08 01:21:58.456,1.96767,1.96836,2.48,3.11
2012.10.08 01:22:00.412,1.96765,1.96825,2.48,1.50
2012.10.08 01:22:02.425,1.96766,1.96835,2.48,2.48
2012.10.08 01:22:10.396,1.96775,1.96835,1.13,1.73
2012.10.08 01:22:10.576,1.96777,1.96835,1.34,1.50
2012.10.08 01:22:10.640,1.96779,1.96837,2.48,1.73
2012.10.08 01:22:10.815,1.96779,1.96846,1.73,2.48
2012.10.08 01:22:11.126,1.96779,1.96845,3.00,1.56
2012.10.08 01:22:11.246,1.96779,1.96846,3.23,2.48
2012.10.08 01:22:11.605,1.96779,1.96842,1.73,1.32
2012.10.08 01:22:11.925,1.96779,1.96843,2.25,1.01
2012.10.08 01:22:11.993,1.96779,1.96845,2.48,1.35
2012.10.08 01:22:12.375,1.96779,1.96841,1.73,1.32
2012.10.08 01:22:12.565,1.96767,1.96834,2.48,2.48
2012.10.08 01:22:18.615,1.96775,1.96834,1.35,1.73
2012.10.08 01:22:18.736,1.96779,1.96846,2.48,2.48
2012.10.08 01:22:18.855,1.96779,1.96846,2.48,1.73
2012.10.08 01:22:18.927,1.96789,1.96846,1.29,1.50
2012.10.08 01:22:27.226,1.96784,1.96846,1.35,1.73
2012.10.08 01:22:45.158,1.96792,1.9685,1.13,1.73
2012.10.08 01:22:45.336,1.96794,1.96852,2.48,1.50
2012.10.08 01:22:45.396,1.96794,1.96862,2.48,1.73
2012.10.08 01:22:45.936,1.968,1.96862,1.25,1.73
2012.10.08 01:22:56.376,1.96805,1.96855,1.73,1.09
2012.10.08 01:22:56.556,1.96796,1.96855,1.25,2.59
2012.10.08 01:22:56.616,1.96789,1.96854,2.25,1.50
2012.10.08 01:22:56.676,1.96789,1.96854,2.48,1.59
2012.10.08 01:23:03.057,1.96783,1.96845,1.71,2.07
2012.10.08 01:23:09.866,1.96783,1.96841,1.13,1.13
2012.10.08 01:23:09.926,1.96779,1.96839,2.48,1.32
2012.10.08 01:23:11.786,1.96775,1.96833,1.73,1.73
2012.10.08 01:23:12.097,1.9677,1.96833,1.94,1.73
2012.10.08 01:23:12.443,1.96772,1.96833,1.52,1.50
2012.10.08 01:23:15.194,1.96772,1.96833,1.52,1.50
2012.10.08 01:23:15.635,1.96772,1.96833,1.52,1.50
2012.10.08 01:23:29.971,1.96772,1.9683,1.52,1.50
2012.10.08 01:23:35.106,1.96782,1.9683,1.35,1.50
2012.10.08 01:23:35.167,1.96782,1.96843,1.35,2.07
2012.10.08 01:23:35.227,1.96784,1.96843,1.34,1.84
2012.10.08 01:23:47.335,1.96781,1.96839,1.71,1.09
2012.10.08 01:23:47.455,1.96776,1.96839,3.23,1.32
2012.10.08 01:23:47.957,1.9677,1.96834,1.35,2.48
2012.10.08 01:23:53.146,1.9677,1.96825,1.35,1.50
2012.10.08 01:23:54.895,1.9677,1.96834,1.35,2.82
2012.10.08 01:23:56.884,1.9677,1.96825,1.35,1.50
2012.10.08 01:23:57.914,1.9677,1.96823,1.35,1.50
2012.10.08 01:24:04.195,1.96755,1.96823,3.30,1.73
2012.10.08 01:24:04.255,1.96769,1.96823,1.50,1.73
2012.10.08 01:24:04.435,1.9677,1.96823,1.73,1.50
2012.10.08 01:24:06.995,1.96761,1.96823,1.35,1.73
2012.10.08 01:24:19.415,1.96773,1.96826,1.41,1.50
2012.10.08 01:24:19.735,1.96766,1.96826,3.60,2.48
2012.10.08 01:24:22.577,1.96769,1.96825,1.50,1.25
2012.10.08 01:24:22.695,1.96759,1.96825,2.48,1.25
2012.10.08 01:24:28.145,1.96754,1.96805,2.27,1.09
2012.10.08 01:24:28.445,1.96754,1.96807,1.54,1.50
2012.10.08 01:24:28.625,1.96754,1.96809,1.54,1.50
2012.10.08 01:24:28.685,1.96754,1.96817,1.54,1.73
2012.10.08 01:24:31.655,1.96754,1.96817,1.54,2.82
2012.10.08 01:24:31.835,1.96749,1.96817,1.17,2.82
2012.10.08 01:24:31.955,1.96748,1.96817,2.10,2.82
2012.10.08 01:24:32.075,1.96748,1.96813,1.73,1.47
2012.10.08 01:24:32.144,1.96748,1.96808,1.50,1.32
2012.10.08 01:24:32.285,1.9674,1.96805,1.73,2.48
2012.10.08 01:24:32.635,1.96748,1.96814,2.25,1.65
2012.10.08 01:24:32.816,1.96748,1.96814,2.48,1.32
2012.10.08 01:24:32.936,1.96748,1.9681,1.73,1.32
2012.10.08 01:24:33.363,1.96748,1.96804,1.73,1.32
2012.10.08 01:24:34.132,1.96748,1.96812,1.73,1.43
2012.10.08 01:24:37.055,1.96748,1.96812,2.48,1.43
2012.10.08 01:24:37.355,1.96766,1.96815,1.36,1.50
2012.10.08 01:24:37.535,1.96765,1.96815,1.13,1.73
2012.10.08 01:24:37.755,1.96765,1.96815,1.96,1.50
2012.10.08 01:24:37.875,1.96765,1.96826,1.96,1.50
2012.10.08 01:24:38.376,1.96768,1.96836,2.48,2.48
2012.10.08 01:24:38.705,1.96776,1.96836,1.13,1.73
2012.10.08 01:24:38.893,1.96776,1.96836,1.13,2.48
2012.10.08 01:24:39.226,1.96777,1.96836,1.61,1.50
2012.10.08 01:24:42.685,1.96777,1.96846,3.13,2.48
2012.10.08 01:24:46.415,1.96777,1.96846,2.38,2.48
2012.10.08 01:24:46.475,1.96777,1.96843,1.73,1.27
2012.10.08 01:24:46.595,1.96777,1.96845,2.48,1.27
2012.10.08 01:24:46.897,1.96777,1.96846,2.73,2.48
2012.10.08 01:25:14.814,1.96793,1.96848,1.50,1.32
2012.10.08 01:25:15.125,1.96779,1.96843,1.32,1.73
2012.10.08 01:25:17.415,1.96786,1.96849,2.48,1.34
2012.10.08 01:25:17.595,1.96786,1.96849,1.73,1.34
2012.10.08 01:25:18.635,1.96786,1.96854,2.48,2.09
2012.10.08 01:25:18.815,1.96786,1.96854,2.48,2.00
2012.10.08 01:25:19.855,1.96786,1.96854,2.48,2.75
2012.10.08 01:25:20.065,1.96786,1.96849,1.73,1.61
2012.10.08 01:25:21.926,1.96786,1.96837,1.50,1.29
2012.10.08 01:25:22.045,1.96784,1.96837,1.50,1.29
2012.10.08 01:25:22.105,1.96775,1.96837,2.48,1.29
2012.10.08 01:25:22.165,1.96775,1.96843,2.48,2.38
2012.10.08 01:25:22.225,1.96778,1.96843,1.41,2.07
2012.10.08 01:25:23.624,1.96788,1.96845,1.73,1.35
2012.10.08 01:25:23.925,1.9678,1.96843,2.63,2.82
2012.10.08 01:25:24.045,1.96785,1.96843,1.73,2.07
2012.10.08 01:25:24.106,1.96788,1.96845,1.50,1.69
2012.10.08 01:25:25.572,1.96788,1.96843,1.50,1.32
2012.10.08 01:25:25.815,1.96777,1.96837,1.50,1.29
2012.10.08 01:25:26.619,1.96777,1.96835,2.25,1.32
2012.10.08 01:25:26.822,1.96777,1.96835,1.50,1.32
2012.10.08 01:25:26.935,1.96778,1.96846,1.27,2.48
2012.10.08 01:25:30.175,1.96777,1.96835,2.02,1.09
2012.10.08 01:25:30.235,1.96777,1.96835,1.50,1.32
2012.10.08 01:25:30.852,1.96767,1.96834,1.73,2.48
2012.10.08 01:25:31.519,1.96767,1.96834,2.48,1.73
2012.10.08 01:25:33.845,1.96771,1.96834,1.35,1.73
2012.10.08 01:25:34.025,1.96777,1.96834,1.29,1.50
2012.10.08 01:25:43.705,1.96767,1.96834,2.48,1.73
2012.10.08 01:25:44.435,1.96767,1.96834,2.48,1.73
2012.10.08 01:25:44.495,1.96777,1.96834,1.45,1.50
2012.10.08 01:25:47.405,1.96777,1.96844,2.95,2.10
2012.10.08 01:25:54.382,1.96777,1.9684,2.20,1.35
2012.10.08 01:25:55.018,1.96777,1.96834,1.50,1.59
2012.10.08 01:25:57.352,1.96777,1.9684,2.25,1.21
2012.10.08 01:25:57.415,1.96777,1.96844,2.48,1.73
2012.10.08 01:26:00.325,1.96777,1.96841,1.73,1.35
2012.10.08 01:26:00.685,1.96777,1.96835,2.25,1.65
2012.10.08 01:26:00.845,1.96777,1.96835,1.50,1.32
2012.10.08 01:26:00.905,1.96777,1.96844,2.48,2.85
2012.10.08 01:26:01.278,1.96777,1.96841,1.73,1.35
2012.10.08 01:26:01.672,1.96777,1.96835,1.50,1.25
2012.10.08 01:26:02.495,1.96777,1.96835,2.25,1.25
2012.10.08 01:26:03.212,1.96777,1.96835,1.50,1.25
2012.10.08 01:26:05.163,1.96773,1.96831,2.48,1.73
2012.10.08 01:26:06.645,1.96769,1.96831,1.35,1.73
2012.10.08 01:26:06.765,1.96776,1.96842,1.43,1.73
2012.10.08 01:26:08.335,1.96776,1.96842,1.43,2.82
2012.10.08 01:26:08.515,1.96771,1.96835,2.48,1.54
2012.10.08 01:26:10.331,1.96771,1.96837,2.48,1.17
2012.10.08 01:26:10.506,1.96776,1.96842,1.43,1.73
2012.10.08 01:26:11.069,1.96776,1.96842,1.43,2.07
2012.10.08 01:26:11.456,1.96771,1.96834,2.48,1.72
2012.10.08 01:26:16.355,1.96768,1.96833,1.35,2.07
2012.10.08 01:26:16.415,1.96764,1.96824,1.41,1.32
2012.10.08 01:26:16.535,1.96753,1.96823,1.73,2.40
2012.10.08 01:26:17.178,1.96752,1.96811,1.50,1.54
2012.10.08 01:26:17.372,1.96752,1.96821,2.25,1.11
2012.10.08 01:26:17.745,1.96752,1.96822,3.06,2.56
2012.10.08 01:26:27.906,1.96746,1.96809,1.56,2.25
2012.10.08 01:26:28.035,1.96741,1.96809,2.48,2.48
2012.10.08 01:26:28.526,1.96739,1.96798,1.34,1.50
2012.10.08 01:26:31.895,1.96736,1.96798,1.34,2.59
2012.10.08 01:26:31.955,1.96732,1.96798,1.35,3.40
2012.10.08 01:26:32.170,1.96728,1.96795,2.10,1.59
2012.10.08 01:26:34.055,1.96732,1.96787,1.13,1.73
2012.10.08 01:26:34.295,1.96732,1.96797,1.78,1.73
2012.10.08 01:26:34.415,1.96732,1.96797,1.78,2.48
2012.10.08 01:26:34.535,1.96732,1.96795,1.13,1.47
2012.10.08 01:26:34.895,1.96714,1.96774,2.25,1.25
2012.10.08 01:26:34.955,1.96714,1.96775,2.48,1.35
2012.10.08 01:26:35.478,1.96723,1.96775,1.50,1.35
2012.10.08 01:26:36.005,1.96727,1.96775,1.50,1.35
2012.10.08 01:26:36.365,1.96727,1.96774,1.50,1.41
2012.10.08 01:26:36.536,1.96727,1.96775,1.50,1.35
2012.10.08 01:26:37.515,1.9671,1.96775,2.48,1.35
2012.10.08 01:26:46.036,1.9671,1.96774,2.48,1.47
2012.10.08 01:26:46.335,1.96725,1.96789,1.41,2.48
2012.10.08 01:26:46.718,1.96731,1.96798,2.48,2.77
2012.10.08 01:26:46.838,1.96731,1.96794,2.25,1.36
2012.10.08 01:26:46.965,1.96731,1.96797,2.48,1.63
2012.10.08 01:26:59.416,1.96727,1.96789,1.25,1.73
2012.10.08 01:27:15.446,1.96739,1.96799,1.47,1.73
2012.10.08 01:27:15.625,1.96739,1.96799,1.47,1.73
2012.10.08 01:27:15.883,1.96735,1.96799,1.35,2.18
2012.10.08 01:27:18.366,1.96731,1.96791,2.10,1.32
2012.10.08 01:27:18.546,1.96731,1.96786,1.50,1.43
2012.10.08 01:27:18.866,1.96731,1.96788,2.25,2.18
2012.10.08 01:27:19.226,1.96741,1.96798,2.25,1.36
2012.10.08 01:27:20.125,1.96738,1.96791,1.50,1.32
2012.10.08 01:27:20.190,1.96725,1.96791,2.82,1.32
2012.10.08 01:27:20.305,1.96725,1.96785,2.48,1.36
2012.10.08 01:27:21.165,1.96725,1.96792,2.48,1.32
2012.10.08 01:27:21.285,1.96735,1.96797,2.48,1.97
2012.10.08 01:27:24.856,1.96735,1.96797,2.48,1.63
2012.10.08 01:27:25.036,1.96739,1.96803,1.27,1.73
2012.10.08 01:27:25.096,1.96739,1.96803,1.27,1.73
2012.10.08 01:27:25.286,1.96736,1.96793,1.35,1.73
2012.10.08 01:27:57.625,1.96736,1.96782,1.35,1.50
2012.10.08 01:27:57.944,1.96736,1.96778,1.35,1.50
2012.10.08 01:27:58.964,1.96738,1.96782,2.25,1.50
2012.10.08 01:27:59.272,1.96738,1.968,2.25,1.08
2012.10.08 01:28:01.244,1.96736,1.96782,1.35,1.50
2012.10.08 01:28:02.110,1.96736,1.96778,1.35,1.50
2012.10.08 01:28:03.204,1.96736,1.96778,1.35,1.50
2012.10.08 01:28:03.270,1.96736,1.96794,1.35,1.73
2012.10.08 01:28:03.326,1.96739,1.96794,1.45,1.50
2012.10.08 01:28:03.386,1.96739,1.96794,1.45,1.50
2012.10.08 01:28:03.569,1.96736,1.96794,1.35,1.73
2012.10.08 01:28:05.247,1.96735,1.96794,1.35,1.73
2012.10.08 01:28:05.306,1.96735,1.96794,1.35,1.73
2012.10.08 01:28:05.626,1.96727,1.96794,2.48,1.73
2012.10.08 01:28:06.776,1.96727,1.96783,2.48,1.50
2012.10.08 01:28:07.101,1.9672,1.96771,1.54,1.50
2012.10.08 01:28:08.212,1.96725,1.96785,2.48,1.32
2012.10.08 01:28:09.091,1.96725,1.96791,2.48,1.32
2012.10.08 01:28:09.252,1.96725,1.96785,2.48,1.32
2012.10.08 01:28:09.538,1.96725,1.96791,2.48,2.82
2012.10.08 01:28:09.756,1.96725,1.96785,2.48,1.32
2012.10.08 01:28:21.512,1.96713,1.96781,2.48,1.73
2012.10.08 01:28:23.866,1.96713,1.96781,2.48,1.73
2012.10.08 01:28:23.926,1.96727,1.96781,1.43,1.50
2012.10.08 01:28:24.911,1.96722,1.96781,1.36,1.50
2012.10.08 01:28:26.058,1.96722,1.96781,1.36,1.88
2012.10.08 01:28:26.296,1.96713,1.96774,2.48,1.32
2012.10.08 01:28:26.867,1.96709,1.9677,1.29,1.50
2012.10.08 01:28:33.637,1.96705,1.9677,1.29,2.25
2012.10.08 01:28:33.756,1.96704,1.9677,2.77,1.73
2012.10.08 01:28:33.830,1.96704,1.9677,2.77,2.48
2012.10.08 01:28:34.687,1.96698,1.96768,1.34,1.41
2012.10.08 01:28:37.494,1.96693,1.96765,1.63,1.38
2012.10.08 01:28:40.915,1.96692,1.96762,2.85,1.15
2012.10.08 01:28:43.006,1.96702,1.9676,1.23,1.50
2012.10.08 01:28:43.066,1.96702,1.96769,1.23,2.48
2012.10.08 01:28:43.306,1.96713,1.96778,1.61,1.32
2012.10.08 01:28:45.516,1.96713,1.96781,1.61,2.07
2012.10.08 01:28:45.636,1.96716,1.96781,1.45,1.73
2012.10.08 01:28:49.086,1.96711,1.96781,1.34,2.11
2012.10.08 01:28:49.546,1.96716,1.96781,1.63,1.73
2012.10.08 01:29:21.635,1.96716,1.96789,2.01,1.15
2012.10.08 01:29:21.847,1.96723,1.96791,1.20,2.07
2012.10.08 01:29:27.916,1.96717,1.96787,1.25,1.20
2012.10.08 01:29:42.446,1.96713,1.96776,2.48,1.45
2012.10.08 01:29:42.752,1.96717,1.96783,1.47,1.69
2012.10.08 01:29:43.875,1.96721,1.96779,1.73,1.35
2012.10.08 01:29:44.026,1.96713,1.96775,2.48,1.20
2012.10.08 01:29:46.362,1.96713,1.96779,2.48,1.58
2012.10.08 01:29:46.426,1.96716,1.96783,1.56,1.32
2012.10.08 01:30:04.166,1.96715,1.96784,2.48,1.25
2012.10.08 01:30:04.466,1.96715,1.96778,2.48,1.32
2012.10.08 01:30:04.525,1.96715,1.96778,2.48,1.54
2012.10.08 01:30:04.848,1.96711,1.96775,2.25,1.29
2012.10.08 01:30:04.966,1.96711,1.96775,2.48,1.52
2012.10.08 01:30:34.876,1.96705,1.96781,1.63,1.14
2012.10.08 01:30:35.016,1.96716,1.96784,1.52,1.69
2012.10.08 01:30:36.956,1.96716,1.96788,1.52,1.41
2012.10.08 01:30:37.276,1.96716,1.96785,1.52,1.35
2012.10.08 01:30:49.878,1.96721,1.9679,1.35,1.41
2012.10.08 01:30:50.056,1.96716,1.9678,1.52,1.32
2012.10.08 01:30:50.116,1.96718,1.96778,1.29,1.13
2012.10.08 01:30:50.236,1.96705,1.96775,1.63,1.50
2012.10.08 01:30:51.367,1.96705,1.96778,1.63,1.12
2012.10.08 01:30:51.548,1.96716,1.96785,1.63,1.32
2012.10.08 01:30:52.405,1.96716,1.96788,1.63,1.25
2012.10.08 01:30:52.525,1.96709,1.96775,1.35,1.23
2012.10.08 01:30:54.686,1.96709,1.96784,1.35,1.23
2012.10.08 01:30:54.800,1.96717,1.96786,1.38,1.73
2012.10.08 01:30:56.146,1.96716,1.96778,1.38,1.35
2012.10.08 01:30:56.266,1.96705,1.96775,1.32,1.43
2012.10.08 01:31:08.326,1.96705,1.96774,1.32,1.32
2012.10.08 01:31:08.506,1.96692,1.96764,1.25,1.72
2012.10.08 01:31:08.566,1.96692,1.96763,1.25,1.32
2012.10.08 01:31:08.736,1.96687,1.96755,1.35,1.52
2012.10.08 01:31:09.036,1.96669,1.96745,1.38,1.67
2012.10.08 01:31:27.426,1.96675,1.96749,1.35,1.24
2012.10.08 01:31:27.546,1.9668,1.96752,1.23,1.15
2012.10.08 01:31:29.516,1.9668,1.96747,1.23,1.32
2012.10.08 01:31:29.696,1.9668,1.96741,1.23,1.50
2012.10.08 01:31:29.816,1.9668,1.96747,1.23,1.32
2012.10.08 01:31:30.786,1.9668,1.96752,1.23,1.15
2012.10.08 01:31:31.996,1.96687,1.96762,1.35,2.04
2012.10.08 01:31:32.056,1.96692,1.96763,1.32,1.32
2012.10.08 01:31:42.505,1.96681,1.96766,1.20,1.73
2012.10.08 01:31:42.626,1.96681,1.96764,1.20,1.50
2012.10.08 01:31:42.806,1.96669,1.96744,1.54,1.85
2012.10.08 01:31:42.926,1.96666,1.96739,1.54,1.47
2012.10.08 01:31:43.136,1.96669,1.96744,1.54,1.10
2012.10.08 01:31:43.377,1.9667,1.96744,1.73,1.10
2012.10.08 01:31:43.923,1.96668,1.96744,1.56,1.12
2012.10.08 01:31:44.555,1.9667,1.9674,1.73,1.50
2012.10.08 01:31:52.249,1.96668,1.96744,1.56,1.87
2012.10.08 01:31:57.676,1.96675,1.9675,1.35,1.95
2012.10.08 01:31:57.736,1.9668,1.96752,1.27,1.72
2012.10.08 01:31:59.326,1.9668,1.96751,1.27,2.07
2012.10.08 01:31:59.636,1.9668,1.96745,1.27,1.69
2012.10.08 01:31:59.766,1.96669,1.96743,1.38,1.28
2012.10.08 01:32:00.825,1.96669,1.96743,1.38,1.28
2012.10.08 01:32:01.066,1.96681,1.96755,1.52,2.62
2012.10.08 01:32:02.805,1.96681,1.96755,1.52,1.12
2012.10.08 01:32:03.047,1.96692,1.96765,1.25,1.74
2012.10.08 01:32:03.165,1.96692,1.96767,1.25,1.78
2012.10.08 01:32:03.286,1.96704,1.96769,1.52,2.10
2012.10.08 01:32:05.556,1.96704,1.96774,1.52,1.73
2012.10.08 01:32:05.676,1.96716,1.9678,1.38,2.48
2012.10.08 01:32:05.736,1.96716,1.9678,1.38,1.73
2012.10.08 01:32:08.606,1.96716,1.96758,1.38,1.84
2012.10.08 01:32:08.666,1.96706,1.96755,1.50,1.56
2012.10.08 01:32:08.966,1.96681,1.96756,1.36,1.23
2012.10.08 01:32:09.026,1.9668,1.96774,2.36,2.48
2012.10.08 01:32:09.086,1.96698,1.96774,1.13,1.73
2012.10.08 01:32:09.625,1.96705,1.96775,1.63,1.43
2012.10.08 01:32:11.596,1.96705,1.96775,1.63,2.18
2012.10.08 01:32:11.776,1.96681,1.96754,1.61,1.50
2012.10.08 01:32:11.836,1.96681,1.96751,1.61,1.50
2012.10.08 01:32:12.006,1.96674,1.96745,1.35,1.45
2012.10.08 01:32:14.956,1.96681,1.96751,1.32,1.32
2012.10.08 01:32:28.146,1.96681,1.96747,1.32,1.35
2012.10.08 01:32:28.266,1.96674,1.96744,1.59,1.79
2012.10.08 01:32:28.905,1.96675,1.96744,1.54,1.32
2012.10.08 01:32:30.866,1.96669,1.96744,1.20,1.90
2012.10.08 01:32:31.376,1.96669,1.96746,1.20,1.15
2012.10.08 01:32:31.436,1.96681,1.96752,1.32,1.32
2012.10.08 01:32:34.077,1.96681,1.96746,1.32,1.32
2012.10.08 01:32:34.286,1.96677,1.96745,1.35,1.73
2012.10.08 01:32:34.646,1.96681,1.96752,1.23,2.07
2012.10.08 01:32:36.055,1.96681,1.96752,1.23,2.07
2012.10.08 01:32:36.117,1.96683,1.96753,1.35,1.06
2012.10.08 01:32:36.256,1.96693,1.96755,1.25,1.32
2012.10.08 01:32:36.446,1.96693,1.96754,1.25,1.09
2012.10.08 01:32:36.506,1.96683,1.96754,1.35,1.74
2012.10.08 01:32:40.116,1.96681,1.96748,1.47,1.32
2012.10.08 01:32:40.566,1.96675,1.96739,1.29,1.13
2012.10.08 01:32:40.928,1.96682,1.96753,1.35,1.29
2012.10.08 01:32:41.046,1.96693,1.96756,1.38,1.73
2012.10.08 01:32:41.166,1.96682,1.96754,2.01,1.70
2012.10.08 01:32:45.388,1.96682,1.96746,1.63,1.69
2012.10.08 01:32:45.447,1.96676,1.96746,1.34,2.21
2012.10.08 01:32:45.896,1.96676,1.96746,1.34,1.46
2012.10.08 01:32:46.016,1.96681,1.96751,1.50,1.32
2012.10.08 01:32:50.286,1.96681,1.96751,1.50,2.82
2012.10.08 01:32:50.355,1.96681,1.96744,1.50,1.32
2012.10.08 01:32:50.477,1.96669,1.96741,1.32,1.02
2012.10.08 01:32:59.044,1.96667,1.96739,2.07,1.32
2012.10.08 01:32:59.296,1.96661,1.96728,1.32,1.54
2012.10.08 01:33:00.482,1.96661,1.96728,1.32,1.34
2012.10.08 01:33:01.795,1.96661,1.96734,1.32,1.71
2012.10.08 01:33:02.487,1.96668,1.9674,2.88,1.59
2012.10.08 01:33:07.548,1.96676,1.9674,1.73,1.59
2012.10.08 01:33:07.726,1.96692,1.96755,1.32,1.73
2012.10.08 01:33:07.886,1.96692,1.96755,1.32,1.73
2012.10.08 01:33:08.006,1.96705,1.9676,1.29,1.09
2012.10.08 01:33:08.376,1.96705,1.96764,1.29,1.50
2012.10.08 01:33:08.436,1.96683,1.96755,2.25,2.48
2012.10.08 01:33:10.288,1.96687,1.96757,1.50,2.48
2012.10.08 01:33:10.796,1.96687,1.96757,2.04,2.48
2012.10.08 01:33:11.167,1.96697,1.96765,2.48,1.23
2012.10.08 01:33:11.585,1.96697,1.96764,1.73,1.23
2012.10.08 01:33:11.766,1.96697,1.96754,1.50,1.45
2012.10.08 01:33:12.315,1.96686,1.96754,1.35,1.45
2012.10.08 01:33:13.146,1.96686,1.96762,1.35,2.83
2012.10.08 01:33:13.206,1.96692,1.96762,1.47,1.73
2012.10.08 01:33:14.566,1.96692,1.96762,1.47,1.73
2012.10.08 01:33:14.760,1.96705,1.96762,1.45,1.50
2012.10.08 01:33:14.817,1.96705,1.96771,1.45,1.73
2012.10.08 01:33:37.695,1.96706,1.96774,1.20,1.32
2012.10.08 01:33:37.805,1.96706,1.9675,1.20,1.84
2012.10.08 01:33:38.183,1.96694,1.96755,1.23,1.73
2012.10.08 01:33:38.246,1.96694,1.96764,1.23,1.36
2012.10.08 01:33:38.746,1.96688,1.96764,1.50,1.45
2012.10.08 01:33:41.606,1.96688,1.96764,2.25,1.45
2012.10.08 01:33:42.069,1.96705,1.96766,1.38,1.50
2012.10.08 01:33:46.055,1.96705,1.96766,1.38,1.84
2012.10.08 01:33:46.366,1.96693,1.96762,1.56,1.32
2012.10.08 01:33:52.606,1.96703,1.96763,1.32,1.59
2012.10.08 01:33:52.846,1.96715,1.96777,1.27,2.25
2012.10.08 01:33:52.966,1.9671,1.96776,1.35,1.47
2012.10.08 01:34:05.374,1.9671,1.96777,1.35,2.22
2012.10.08 01:34:05.616,1.96716,1.96785,1.43,1.32
2012.10.08 01:34:07.347,1.96716,1.96784,1.43,1.32
2012.10.08 01:34:07.609,1.9671,1.96775,1.35,1.32
2012.10.08 01:34:07.807,1.96705,1.96775,1.73,1.32
2012.10.08 01:34:07.928,1.96704,1.96763,1.50,1.38
2012.10.08 01:34:08.286,1.96695,1.96759,1.73,1.32
2012.10.08 01:34:20.577,1.96693,1.96766,1.38,2.47
2012.10.08 01:34:20.696,1.96705,1.96766,1.41,1.73
2012.10.08 01:34:24.326,1.96716,1.96775,1.13,1.02
2012.10.08 01:34:24.448,1.96723,1.96784,1.63,1.73
2012.10.08 01:34:25.084,1.96716,1.96786,2.01,1.32
2012.10.08 01:34:25.207,1.96716,1.96781,1.35,1.29
2012.10.08 01:34:39.416,1.96708,1.96773,2.00,1.35
2012.10.08 01:34:39.476,1.96699,1.96769,1.56,1.20
2012.10.08 01:35:29.398,1.96705,1.96773,1.35,1.95
2012.10.08 01:35:29.516,1.9671,1.96773,1.23,1.73
2012.10.08 01:35:29.636,1.96706,1.96773,1.23,2.48
2012.10.08 01:35:29.756,1.96705,1.9677,1.35,1.56
2012.10.08 01:35:41.636,1.96705,1.96773,1.69,2.31
2012.10.08 01:35:41.696,1.9671,1.96773,1.45,1.73
2012.10.08 01:35:55.186,1.96705,1.96773,3.29,1.35
2012.10.08 01:35:55.366,1.96705,1.9677,1.32,1.54
2012.10.08 01:35:58.884,1.96705,1.96773,1.32,1.17
2012.10.08 01:35:59.016,1.96705,1.96774,1.32,2.85
2012.10.08 01:36:06.178,1.96712,1.96774,1.59,2.48
2012.10.08 01:36:10.676,1.96707,1.96772,2.34,1.32
2012.10.08 01:36:10.736,1.96699,1.9677,1.45,1.59
2012.10.08 01:36:25.396,1.96704,1.96772,1.35,1.17
2012.10.08 01:36:25.576,1.96712,1.96773,1.45,2.07
2012.10.08 01:36:29.818,1.96712,1.96773,1.45,2.07
2012.10.08 01:36:29.937,1.96712,1.96774,1.45,1.32
2012.10.08 01:36:32.116,1.96705,1.96772,2.95,1.32
2012.10.08 01:36:32.298,1.967,1.96769,1.23,1.34
2012.10.08 01:36:52.857,1.967,1.9677,1.23,1.34
2012.10.08 01:36:52.977,1.96706,1.96775,2.48,1.63
2012.10.08 01:36:53.096,1.96706,1.96775,2.93,1.32
2012.10.08 01:36:57.366,1.96706,1.96773,1.43,1.73
2012.10.08 01:36:57.768,1.96718,1.96773,1.47,1.50
2012.10.08 01:36:57.826,1.96718,1.96781,1.47,1.73
2012.10.08 01:36:58.073,1.96722,1.96781,1.54,1.50
2012.10.08 01:36:58.677,1.96722,1.96781,1.54,1.50
2012.10.08 01:36:59.216,1.96726,1.96781,1.47,1.50
2012.10.08 01:37:00.226,1.96718,1.96781,1.62,1.73
2012.10.08 01:37:01.186,1.96718,1.96781,1.62,1.73
2012.10.08 01:37:01.558,1.96718,1.96781,1.35,1.73
2012.10.08 01:37:06.837,1.96712,1.96781,1.36,2.34
2012.10.08 01:37:07.238,1.96712,1.96781,1.36,3.09
2012.10.08 01:37:14.659,1.96724,1.96781,1.52,1.50
2012.10.08 01:37:15.017,1.96715,1.96777,1.52,1.09
2012.10.08 01:37:15.421,1.96703,1.96772,3.09,1.73
2012.10.08 01:37:17.916,1.96715,1.96772,1.38,1.50
2012.10.08 01:37:18.036,1.96715,1.96782,1.38,2.07
2012.10.08 01:37:20.516,1.96719,1.96782,1.43,2.07
2012.10.08 01:37:24.137,1.9672,1.96782,1.27,2.07
2012.10.08 01:37:27.626,1.9672,1.96782,1.27,2.07
2012.10.08 01:37:27.858,1.9672,1.96782,1.20,2.07
2012.10.08 01:37:34.896,1.9672,1.96782,1.63,2.07
2012.10.08 01:37:39.800,1.9672,1.96782,1.59,1.73
2012.10.08 01:37:40.388,1.96717,1.96774,1.21,1.09
2012.10.08 01:37:40.627,1.9671,1.96771,1.35,2.07
2012.10.08 01:37:40.898,1.96719,1.96771,1.54,1.50
2012.10.08 01:37:44.366,1.96715,1.96771,1.74,1.50
2012.10.08 01:37:44.435,1.96715,1.96771,1.35,1.50
2012.10.08 01:37:44.678,1.96717,1.96771,1.35,1.50
2012.10.08 01:37:44.917,1.96712,1.96771,1.50,1.50
2012.10.08 01:37:45.566,1.96711,1.96771,1.24,1.50
2012.10.08 01:37:46.446,1.96712,1.96771,1.19,1.50
2012.10.08 01:37:47.056,1.96712,1.96771,1.19,3.00
2012.10.08 01:37:47.386,1.96711,1.9676,1.43,1.50
2012.10.08 01:37:47.687,1.967,1.9676,1.50,3.57
2012.10.08 01:37:47.808,1.96691,1.96751,2.48,1.32
2012.10.08 01:37:48.270,1.96688,1.96747,1.24,1.50
2012.10.08 01:37:48.467,1.96685,1.96747,1.62,2.25
2012.10.08 01:37:50.331,1.96688,1.96747,1.24,1.50
2012.10.08 01:37:51.814,1.9669,1.96747,1.47,1.50
2012.10.08 01:37:52.117,1.9669,1.96747,1.47,1.50
2012.10.08 01:37:52.296,1.96702,1.96758,1.35,1.50
2012.10.08 01:37:54.767,1.96702,1.96765,1.35,1.32
2012.10.08 01:37:54.886,1.96702,1.96767,1.35,1.73
2012.10.08 01:37:54.946,1.96714,1.96767,1.37,1.50
2012.10.08 01:37:55.061,1.96714,1.96767,1.37,1.50
2012.10.08 01:37:55.568,1.96713,1.96767,1.37,1.50
2012.10.08 01:37:58.581,1.96713,1.96767,1.37,1.50
2012.10.08 01:37:59.748,1.96713,1.96767,1.53,1.50
2012.10.08 01:38:00.067,1.96713,1.96753,1.53,1.84
2012.10.08 01:38:00.126,1.96703,1.96753,1.03,1.84
2012.10.08 01:38:00.187,1.9669,1.96753,1.38,2.07
2012.10.08 01:38:00.507,1.96684,1.96753,2.48,2.07
2012.10.08 01:38:04.177,1.96683,1.96743,1.54,1.50
2012.10.08 01:38:05.749,1.96687,1.96743,1.23,1.50
2012.10.08 01:38:06.299,1.96683,1.96743,1.43,1.50
2012.10.08 01:38:07.837,1.96688,1.96743,1.43,1.50
2012.10.08 01:38:10.257,1.96676,1.96743,1.36,1.73
2012.10.08 01:38:10.389,1.96679,1.96731,1.73,1.50
2012.10.08 01:38:10.518,1.96675,1.96731,2.25,1.73
2012.10.08 01:38:10.577,1.96678,1.96731,1.50,1.73
2012.10.08 01:38:10.696,1.96675,1.96731,1.20,1.50
2012.10.08 01:38:13.117,1.96675,1.96731,1.20,1.50
2012.10.08 01:38:13.607,1.96665,1.96731,2.48,1.73
2012.10.08 01:38:14.857,1.96674,1.96731,1.50,1.73
2012.10.08 01:38:15.097,1.96678,1.96731,1.73,1.50
2012.10.08 01:38:19.667,1.96681,1.96731,1.27,1.50
2012.10.08 01:38:19.787,1.96681,1.96741,1.27,1.50
2012.10.08 01:38:19.907,1.96681,1.96741,1.27,1.50
2012.10.08 01:38:19.967,1.96684,1.96744,2.48,1.73
2012.10.08 01:38:20.027,1.96693,1.96751,1.29,1.50
2012.10.08 01:38:23.739,1.96693,1.96751,1.29,1.50
2012.10.08 01:38:23.874,1.96693,1.96751,1.29,1.50
2012.10.08 01:38:26.407,1.96693,1.96751,1.29,1.50
2012.10.08 01:38:26.670,1.96698,1.9676,1.43,1.73
2012.10.08 01:38:26.729,1.96694,1.9676,3.00,1.73
2012.10.08 01:38:32.892,1.96694,1.9676,3.00,1.73
2012.10.08 01:38:33.067,1.96717,1.9676,1.23,1.50
2012.10.08 01:38:33.127,1.96715,1.96764,1.23,1.50
2012.10.08 01:38:33.187,1.96715,1.96772,1.23,1.50
2012.10.08 01:38:33.597,1.96715,1.96772,1.23,1.84
2012.10.08 01:38:33.657,1.96711,1.96772,1.35,2.07
2012.10.08 01:38:38.920,1.96706,1.96772,2.82,2.07
2012.10.08 01:38:39.877,1.96706,1.96772,2.82,1.73
2012.10.08 01:38:39.937,1.96711,1.96772,1.20,1.50
2012.10.08 01:38:46.085,1.96718,1.96775,1.73,3.19
2012.10.08 01:38:48.736,1.96718,1.96778,2.48,1.32
2012.10.08 01:38:49.291,1.96718,1.96782,2.48,1.32
2012.10.08 01:38:54.108,1.96718,1.96783,2.48,1.32
2012.10.08 01:38:54.801,1.96718,1.96775,2.25,1.32
2012.10.08 01:38:57.726,1.96718,1.96777,1.50,1.23
2012.10.08 01:38:57.890,1.96718,1.96784,2.25,2.69
2012.10.08 01:38:57.947,1.9673,1.96784,3.04,1.84
2012.10.08 01:38:58.127,1.96734,1.96795,2.48,2.07
2012.10.08 01:38:58.307,1.96734,1.9679,2.25,1.15
2012.10.08 01:38:58.367,1.96734,1.968,2.25,1.20
2012.10.08 01:38:58.427,1.96734,1.96801,2.48,1.73
2012.10.08 01:39:03.616,1.96734,1.96794,2.48,1.32
2012.10.08 01:39:03.677,1.96734,1.96791,2.25,1.04
2012.10.08 01:39:06.457,1.96726,1.96789,1.32,1.73
2012.10.08 01:39:07.827,1.96726,1.96789,1.32,1.73
2012.10.08 01:39:08.197,1.96729,1.96789,1.35,1.73
2012.10.08 01:39:10.627,1.96735,1.96789,1.32,1.73
2012.10.08 01:39:10.746,1.96736,1.96801,1.32,1.73
2012.10.08 01:39:19.427,1.96735,1.96795,2.48,1.45
2012.10.08 01:39:28.667,1.96725,1.96783,1.50,1.50
2012.10.08 01:39:28.995,1.96715,1.96783,2.48,1.73
2012.10.08 01:39:35.927,1.96718,1.96783,1.32,1.73
2012.10.08 01:39:40.907,1.96715,1.96783,2.48,2.20
2012.10.08 01:39:51.538,1.96715,1.96783,2.48,2.20
2012.10.08 01:39:51.876,1.96726,1.96793,2.48,2.72
2012.10.08 01:40:21.107,1.96729,1.96793,2.25,1.06
2012.10.08 01:40:21.167,1.96729,1.96794,2.25,1.23
2012.10.08 01:40:21.487,1.96729,1.96796,2.25,2.02
2012.10.08 01:40:21.547,1.96729,1.96796,2.84,1.73
2012.10.08 01:40:39.978,1.96729,1.96785,1.34,1.50
2012.10.08 01:40:40.367,1.96726,1.96785,1.34,2.25
2012.10.08 01:40:40.579,1.96725,1.96785,2.48,2.48
2012.10.08 01:40:40.648,1.96718,1.96775,1.73,1.13
2012.10.08 01:40:41.508,1.96708,1.96775,2.48,1.76
2012.10.08 01:40:56.044,1.96708,1.96775,2.48,1.01
2012.10.08 01:40:56.124,1.9671,1.96776,1.45,2.10
2012.10.08 01:41:00.805,1.9671,1.96769,1.12,1.50
2012.10.08 01:41:01.922,1.9671,1.96769,1.26,1.50
2012.10.08 01:41:02.102,1.96721,1.96769,1.50,1.50
2012.10.08 01:41:02.241,1.96721,1.96781,1.50,1.50
2012.10.08 01:41:02.301,1.96714,1.96781,2.48,3.06
2012.10.08 01:41:02.422,1.96721,1.96781,1.45,2.25
2012.10.08 01:41:02.629,1.96714,1.96781,2.48,2.02
2012.10.08 01:41:02.691,1.96714,1.96781,2.48,2.02
2012.10.08 01:41:02.871,1.96714,1.9678,2.48,1.27
2012.10.08 01:41:03.004,1.96721,1.96781,1.20,1.50
2012.10.08 01:41:04.072,1.96721,1.96781,1.20,1.50
2012.10.08 01:41:04.432,1.96733,1.96792,1.45,1.84
2012.10.08 01:41:04.921,1.96721,1.96781,1.17,1.50
2012.10.08 01:41:05.532,1.96724,1.96784,2.48,1.73
2012.10.08 01:41:06.336,1.96724,1.96791,2.48,1.73
2012.10.08 01:41:12.901,1.96724,1.96784,2.48,1.50
2012.10.08 01:41:13.033,1.96721,1.96782,2.25,2.48
2012.10.08 01:41:13.151,1.96714,1.96782,2.48,2.48
2012.10.08 01:41:13.271,1.96721,1.96782,1.43,2.25
2012.10.08 01:41:26.300,1.96721,1.96782,1.43,1.50
2012.10.08 01:41:26.531,1.96724,1.96791,2.48,2.10
2012.10.08 01:41:29.088,1.96724,1.96791,2.48,2.10
2012.10.08 01:41:29.262,1.96722,1.96781,1.34,1.50
2012.10.08 01:41:29.381,1.96722,1.96781,1.34,1.50
2012.10.08 01:41:29.462,1.96722,1.96781,1.34,1.50
2012.10.08 01:41:29.681,1.96722,1.96781,1.34,1.50
2012.10.08 01:41:29.742,1.96718,1.96781,1.32,1.73
2012.10.08 01:41:29.801,1.96718,1.96781,1.32,1.73
2012.10.08 01:41:30.494,1.96718,1.96781,1.32,1.73
2012.10.08 01:41:31.882,1.96725,1.96787,2.25,1.17
2012.10.08 01:41:32.352,1.96725,1.96787,2.25,1.92
2012.10.08 01:41:32.531,1.96725,1.96787,2.48,1.35
2012.10.08 01:41:41.843,1.96718,1.96783,1.32,1.73
2012.10.08 01:41:42.673,1.96721,1.96783,2.48,1.73
2012.10.08 01:41:42.738,1.96725,1.96783,1.52,1.50
2012.10.08 01:41:42.922,1.96725,1.96793,1.52,2.48
2012.10.08 01:41:43.427,1.96725,1.96793,1.52,1.73
2012.10.08 01:41:57.881,1.96725,1.96778,1.52,1.50
2012.10.08 01:42:11.050,1.96731,1.96794,2.48,1.35
2012.10.08 01:42:13.286,1.96731,1.96795,1.73,1.69
2012.10.08 01:42:13.401,1.96731,1.96794,1.73,1.26
2012.10.08 01:42:19.912,1.96731,1.96797,2.48,2.38
2012.10.08 01:42:20.330,1.96739,1.96795,1.50,1.63
2012.10.08 01:42:20.392,1.9675,1.96795,1.50,1.63
2012.10.08 01:42:20.511,1.9675,1.96799,1.50,1.47
2012.10.08 01:42:20.632,1.9675,1.96795,1.50,1.73
2012.10.08 01:42:20.931,1.96739,1.9679,1.50,1.25
2012.10.08 01:42:21.012,1.96737,1.9679,1.50,1.25
2012.10.08 01:42:21.072,1.9673,1.9679,1.50,1.25
2012.10.08 01:42:22.482,1.9673,1.96794,1.73,1.43
2012.10.08 01:42:22.722,1.9673,1.96791,1.50,1.59
2012.10.08 01:42:23.461,1.9673,1.96794,1.73,1.25
2012.10.08 01:42:24.943,1.9673,1.96791,1.50,1.23
2012.10.08 01:42:26.092,1.9673,1.96779,1.50,1.50
2012.10.08 01:42:26.944,1.9672,1.96779,1.50,1.50
2012.10.08 01:42:28.175,1.9672,1.96781,2.25,1.50
2012.10.08 01:42:28.353,1.9673,1.96792,2.25,1.25
2012.10.08 01:42:28.601,1.9673,1.96792,2.25,1.25
2012.10.08 01:42:28.904,1.9673,1.96792,2.25,1.25
2012.10.08 01:42:35.091,1.96743,1.96795,1.73,1.50
2012.10.08 01:42:35.221,1.96743,1.96795,1.50,1.41
2012.10.08 01:42:35.281,1.96732,1.96795,2.48,1.41
2012.10.08 01:42:35.341,1.96732,1.96797,2.48,1.03
2012.10.08 01:42:35.658,1.96734,1.968,1.20,1.32
2012.10.08 01:42:40.302,1.96734,1.968,1.20,1.32
2012.10.08 01:42:54.932,1.96742,1.96807,2.48,1.32
2012.10.08 01:42:55.111,1.96742,1.96807,1.73,1.32
2012.10.08 01:42:55.458,1.96742,1.96795,1.50,1.27
2012.10.08 01:42:56.901,1.96742,1.96784,1.50,1.38
2012.10.08 01:42:56.961,1.9674,1.96784,1.50,1.38
2012.10.08 01:42:57.022,1.96731,1.96784,1.50,1.38
2012.10.08 01:43:00.501,1.96731,1.96787,1.50,1.32
2012.10.08 01:43:02.336,1.96742,1.96787,1.50,1.32
2012.10.08 01:43:02.797,1.96744,1.96793,1.50,1.14
2012.10.08 01:43:10.834,1.96734,1.96793,2.25,1.14
2012.10.08 01:43:12.132,1.96734,1.9679,1.50,1.89
2012.10.08 01:43:12.432,1.96721,1.96779,2.25,1.20
2012.10.08 01:43:12.693,1.96721,1.96779,1.50,1.20
2012.10.08 01:43:13.843,1.96721,1.96779,2.25,1.20
2012.10.08 01:43:14.161,1.96721,1.96779,2.25,1.20
2012.10.08 01:43:14.354,1.96721,1.96779,2.25,1.20
2012.10.08 01:43:14.412,1.96721,1.96779,1.50,1.20
2012.10.08 01:43:17.856,1.96735,1.96779,1.50,1.20
2012.10.08 01:43:18.273,1.96738,1.96779,1.50,1.20
2012.10.08 01:43:25.053,1.96735,1.96779,1.50,1.20
2012.10.08 01:43:25.111,1.96726,1.96779,1.50,1.20
2012.10.08 01:43:25.232,1.96726,1.96785,1.50,1.32
2012.10.08 01:43:25.566,1.96735,1.96785,1.50,1.32
2012.10.08 01:43:25.982,1.96737,1.96785,1.50,1.32
2012.10.08 01:43:31.809,1.96737,1.96786,1.50,1.27
2012.10.08 01:43:31.932,1.96737,1.96795,1.50,1.27
2012.10.08 01:43:32.493,1.96737,1.96796,1.50,1.29
2012.10.08 01:43:33.052,1.96737,1.96804,2.25,1.29
2012.10.08 01:43:33.304,1.96737,1.96805,2.48,1.52
2012.10.08 01:43:33.858,1.96748,1.96805,1.50,1.52
2012.10.08 01:43:36.402,1.96732,1.96798,1.35,1.73
2012.10.08 01:43:37.641,1.96735,1.96798,1.38,1.73
2012.10.08 01:43:50.872,1.96741,1.96801,1.73,1.35
2012.10.08 01:43:51.232,1.96731,1.96794,2.48,1.32
2012.10.08 01:43:51.442,1.96731,1.9679,2.25,1.17
2012.10.08 01:43:56.150,1.96731,1.96789,1.50,1.59
2012.10.08 01:44:00.465,1.96731,1.96785,1.50,1.23
2012.10.08 01:44:11.279,1.96729,1.96785,1.50,1.23
2012.10.08 01:44:17.952,1.96729,1.96795,2.25,3.09
2012.10.08 01:44:18.012,1.96729,1.96795,3.23,2.77
2012.10.08 01:44:18.191,1.96738,1.96795,1.50,1.27
2012.10.08 01:44:27.059,1.96738,1.96795,1.84,1.27
2012.10.08 01:44:27.242,1.96749,1.96815,2.48,1.61
2012.10.08 01:44:27.702,1.96749,1.96816,2.48,1.56
2012.10.08 01:44:42.471,1.96749,1.96815,2.48,1.25
2012.10.08 01:44:43.672,1.96749,1.96812,1.73,1.32
2012.10.08 01:44:43.792,1.96749,1.96805,1.50,1.54
2012.10.08 01:44:43.911,1.96745,1.96805,1.13,1.54
2012.10.08 01:44:50.182,1.96745,1.96806,1.73,1.73
2012.10.08 01:44:50.482,1.96758,1.96814,1.50,1.35
2012.10.08 01:45:04.923,1.96758,1.96823,2.48,2.07
2012.10.08 01:45:07.924,1.96758,1.96825,2.48,1.32
2012.10.08 01:45:08.274,1.96758,1.96825,2.48,1.32
2012.10.08 01:45:11.392,1.9676,1.96823,1.73,1.32
2012.10.08 01:45:11.713,1.9676,1.96825,2.48,1.35
2012.10.08 01:45:16.182,1.9676,1.96825,2.25,1.36
2012.10.08 01:45:38.192,1.96764,1.96807,1.50,1.50
2012.10.08 01:45:38.252,1.96754,1.96807,1.50,1.50
2012.10.08 01:45:38.852,1.96754,1.96805,1.50,1.47
2012.10.08 01:45:40.452,1.96754,1.96795,1.50,1.47
2012.10.08 01:45:45.145,1.96742,1.96795,1.50,1.47
2012.10.08 01:45:48.152,1.96742,1.96805,1.50,1.25
2012.10.08 01:45:54.103,1.96742,1.96805,1.50,1.52
2012.10.08 01:46:15.562,1.96742,1.96805,1.50,1.50
2012.10.08 01:46:22.329,1.96742,1.96805,1.50,1.23
2012.10.08 01:46:25.223,1.96747,1.96805,1.50,1.23
2012.10.08 01:46:36.677,1.96747,1.96805,1.50,1.20
2012.10.08 01:46:44.152,1.96747,1.96808,1.50,1.20
2012.10.08 01:46:45.201,1.96751,1.96808,1.50,1.20
2012.10.08 01:46:55.588,1.96751,1.96814,2.25,1.58
2012.10.08 01:46:55.722,1.96751,1.96808,1.50,1.20
2012.10.08 01:47:04.966,1.96751,1.96812,1.50,1.59
2012.10.08 01:47:05.111,1.96751,1.96807,1.50,1.43
2012.10.08 01:47:05.502,1.96753,1.96807,1.50,1.43
2012.10.08 01:47:13.722,1.9675,1.96807,1.50,1.43
2012.10.08 01:47:13.782,1.96742,1.96807,2.48,1.43
2012.10.08 01:47:15.440,1.96742,1.96811,2.48,2.48
2012.10.08 01:47:15.797,1.96742,1.96811,2.48,1.73
2012.10.08 01:47:17.567,1.96755,1.96815,1.09,1.71
2012.10.08 01:47:17.802,1.9677,1.96831,2.48,1.73
2012.10.08 01:47:18.723,1.96772,1.96832,2.25,1.08
2012.10.08 01:47:18.782,1.96772,1.96835,2.48,1.32
2012.10.08 01:47:33.847,1.96763,1.96827,1.47,2.07
2012.10.08 01:47:33.902,1.96763,1.96825,1.47,1.09
2012.10.08 01:47:34.022,1.96763,1.96815,1.47,1.50
2012.10.08 01:47:34.082,1.96756,1.96815,2.48,1.73
2012.10.08 01:47:34.433,1.96752,1.96815,1.63,2.48
2012.10.08 01:47:34.552,1.9675,1.96815,1.13,2.79
2012.10.08 01:47:36.312,1.9675,1.96815,1.35,2.48
2012.10.08 01:47:37.985,1.96748,1.96815,2.48,3.09
2012.10.08 01:47:49.892,1.96748,1.96815,2.48,2.48
2012.10.08 01:48:02.172,1.96754,1.96815,2.25,1.61
2012.10.08 01:48:02.393,1.96754,1.96816,2.25,1.35
2012.10.08 01:48:04.482,1.96754,1.96815,2.25,1.45
2012.10.08 01:48:14.122,1.96757,1.96815,1.50,1.45
2012.10.08 01:48:31.183,1.96753,1.96813,2.25,2.20
2012.10.08 01:48:34.986,1.96745,1.96813,1.73,2.20
2012.10.08 01:48:58.302,1.96747,1.96816,1.50,2.22
2012.10.08 01:48:58.405,1.96747,1.96816,1.73,2.27
2012.10.08 01:48:58.623,1.96747,1.96808,1.50,1.63
2012.10.08 01:48:59.410,1.96747,1.96814,2.25,1.63
2012.10.08 01:48:59.533,1.96758,1.96814,1.50,1.38
2012.10.08 01:48:59.772,1.96758,1.96824,2.25,3.11
2012.10.08 01:49:00.076,1.96758,1.96824,2.25,2.36
2012.10.08 01:49:00.422,1.96758,1.96824,2.25,2.36
2012.10.08 01:49:00.484,1.96783,1.96824,1.13,1.73
2012.10.08 01:49:00.656,1.96793,1.96859,2.48,1.73
2012.10.08 01:49:05.402,1.96793,1.96859,2.48,2.13
2012.10.08 01:49:05.513,1.96793,1.96859,2.48,1.73
2012.10.08 01:49:05.805,1.96793,1.96859,2.48,2.48
2012.10.08 01:49:05.963,1.96793,1.96856,2.25,1.50
2012.10.08 01:49:09.106,1.96793,1.96856,1.50,1.50
2012.10.08 01:49:09.527,1.96783,1.96851,1.35,1.73
2012.10.08 01:49:15.504,1.9679,1.96851,1.50,1.73
2012.10.08 01:49:16.037,1.96793,1.96854,1.50,1.56
2012.10.08 01:49:22.692,1.96803,1.96862,2.25,1.38
2012.10.08 01:49:22.752,1.96803,1.96865,2.25,1.63
2012.10.08 01:49:29.423,1.96814,1.96865,1.50,1.63
2012.10.08 01:49:29.755,1.96814,1.96869,1.50,1.59
2012.10.08 01:49:37.602,1.96814,1.96873,2.25,2.34
2012.10.08 01:49:37.722,1.96814,1.96873,2.48,1.73
2012.10.08 01:49:37.842,1.96814,1.96873,1.73,2.48
2012.10.08 01:49:38.244,1.96814,1.9687,1.50,1.20
2012.10.08 01:49:40.565,1.96814,1.96873,2.25,1.95
2012.10.08 01:49:40.742,1.96814,1.96873,2.48,1.73
2012.10.08 01:49:40.902,1.96814,1.96873,1.73,2.48
2012.10.08 01:49:41.232,1.96814,1.96869,1.50,1.20
2012.10.08 01:49:47.735,1.96814,1.96867,1.50,1.38
2012.10.08 01:49:49.416,1.96811,1.96866,1.50,2.48
2012.10.08 01:49:49.473,1.96806,1.96866,2.25,2.48
2012.10.08 01:49:54.702,1.96806,1.96866,2.48,2.48
2012.10.08 01:50:14.973,1.96818,1.96868,1.50,2.48
2012.10.08 01:50:16.939,1.96816,1.96865,1.50,2.48
2012.10.08 01:50:17.019,1.96807,1.96865,1.73,2.48
2012.10.08 01:50:37.005,1.96803,1.96862,3.98,1.50
2012.10.08 01:50:41.463,1.96803,1.96862,1.73,2.25
2012.10.08 01:50:41.583,1.96803,1.9686,1.50,1.52
2012.10.08 01:50:42.553,1.96803,1.96862,2.25,1.95
2012.10.08 01:50:42.722,1.96803,1.96862,2.48,1.73
2012.10.08 01:50:49.911,1.96803,1.96862,2.25,1.73
2012.10.08 01:50:50.653,1.96803,1.96862,2.48,1.73
2012.10.08 01:50:53.102,1.96803,1.96862,2.48,1.73
2012.10.08 01:50:54.352,1.96806,1.96862,1.73,1.73
2012.10.08 01:50:54.712,1.96828,1.96887,1.73,2.48
2012.10.08 01:50:54.772,1.96828,1.96885,1.50,1.43
2012.10.08 01:50:54.992,1.96828,1.96887,1.73,1.73
2012.10.08 01:50:59.098,1.96828,1.9688,1.73,1.50
2012.10.08 01:50:59.272,1.96816,1.96877,2.48,1.73
2012.10.08 01:50:59.388,1.96816,1.96877,2.48,1.73
2012.10.08 01:50:59.767,1.96823,1.96877,1.38,1.50
2012.10.08 01:50:59.921,1.96827,1.9688,1.73,1.50
2012.10.08 01:50:59.983,1.96827,1.96888,1.73,2.10
2012.10.08 01:51:02.878,1.96824,1.96876,2.48,1.50
2012.10.08 01:51:02.992,1.96817,1.96876,1.73,1.73
2012.10.08 01:51:03.124,1.96817,1.96876,2.48,1.73
2012.10.08 01:51:03.433,1.96824,1.96876,1.34,1.50
2012.10.08 01:51:03.648,1.96826,1.9688,2.48,1.50
2012.10.08 01:51:03.762,1.96826,1.96887,2.48,1.73
2012.10.08 01:51:06.558,1.96826,1.96887,2.48,2.10
2012.10.08 01:51:06.732,1.96814,1.96874,2.48,1.73
2012.10.08 01:51:15.584,1.96814,1.96874,2.48,1.73
2012.10.08 01:51:15.825,1.96814,1.96874,2.48,1.50
2012.10.08 01:51:16.473,1.96815,1.96874,1.63,1.50
2012.10.08 01:51:23.433,1.96823,1.96877,1.73,1.50
2012.10.08 01:51:23.493,1.96823,1.96884,1.73,2.44
2012.10.08 01:51:26.902,1.96823,1.96884,1.50,2.07
2012.10.08 01:51:27.263,1.96823,1.96879,1.50,1.38
2012.10.08 01:51:33.240,1.96821,1.96871,1.50,1.73
2012.10.08 01:51:33.320,1.96812,1.96871,1.73,1.73
2012.10.08 01:51:35.853,1.96812,1.9687,1.73,1.35
2012.10.08 01:51:36.152,1.96797,1.96858,2.48,1.73
2012.10.08 01:51:42.132,1.96797,1.96856,1.73,1.13
2012.10.08 01:51:42.252,1.96797,1.96854,1.50,1.41
2012.10.08 01:51:46.174,1.96797,1.96858,1.73,2.48
2012.10.08 01:51:54.343,1.96807,1.96861,1.50,1.23
2012.10.08 01:51:54.755,1.96807,1.96865,1.73,1.32
2012.10.08 01:51:54.872,1.96807,1.96867,1.73,2.48
2012.10.08 01:51:59.252,1.96807,1.96867,1.50,3.51
2012.10.08 01:52:05.843,1.96804,1.96854,2.25,1.50
2012.10.08 01:52:12.133,1.96793,1.96846,2.09,2.25
2012.10.08 01:52:12.252,1.96784,1.96844,2.79,2.25
2012.10.08 01:52:23.403,1.96794,1.96853,2.48,1.73
2012.10.08 01:52:23.872,1.96805,1.96866,2.48,2.85
2012.10.08 01:52:27.193,1.96805,1.96866,1.73,2.85
2012.10.08 01:52:40.661,1.96805,1.96866,2.48,2.85
2012.10.08 01:52:43.853,1.96807,1.96866,1.50,2.85
2012.10.08 01:52:43.912,1.9681,1.96866,1.50,1.35
2012.10.08 01:53:03.777,1.96808,1.96866,1.50,1.35
2012.10.08 01:53:23.822,1.96803,1.96864,2.48,2.48
2012.10.08 01:53:30.133,1.96803,1.96864,1.73,2.48
2012.10.08 01:53:30.313,1.96793,1.96852,1.73,1.35
2012.10.08 01:53:30.653,1.96793,1.96852,1.73,1.35
2012.10.08 01:53:30.833,1.96785,1.96843,1.50,2.48
2012.10.08 01:53:30.953,1.96785,1.96843,2.48,1.50
2012.10.08 01:53:31.193,1.96785,1.96843,2.75,1.50
2012.10.08 01:53:31.324,1.96785,1.96843,3.00,1.73
2012.10.08 01:53:31.843,1.96785,1.96843,1.50,2.48
2012.10.08 01:53:41.050,1.96785,1.96843,1.88,2.48
2012.10.08 01:53:41.233,1.96808,1.96866,1.73,1.32
2012.10.08 01:53:41.593,1.96808,1.9685,1.73,1.09
2012.10.08 01:53:41.773,1.96794,1.96845,1.50,1.35
2012.10.08 01:53:42.322,1.96784,1.96844,1.50,2.48
2012.10.08 01:53:42.389,1.96784,1.96844,1.50,2.48
2012.10.08 01:53:42.782,1.96784,1.96844,1.50,2.48
2012.10.08 01:53:45.091,1.96784,1.96844,1.50,2.48
2012.10.08 01:53:45.453,1.96784,1.96834,1.50,1.13
2012.10.08 01:53:47.863,1.96784,1.96828,1.50,1.13
2012.10.08 01:53:48.043,1.96774,1.96828,1.50,1.35
2012.10.08 01:53:49.412,1.96783,1.96835,2.25,1.73
2012.10.08 01:53:49.473,1.96785,1.96835,1.50,1.50
2012.10.08 01:53:49.533,1.96786,1.96847,2.48,1.50
2012.10.08 01:53:56.645,1.96799,1.9685,1.50,1.73
2012.10.08 01:53:57.084,1.96799,1.96857,2.25,1.32
2012.10.08 01:53:57.144,1.96799,1.96858,2.48,1.50
2012.10.08 01:53:57.203,1.96808,1.96862,1.73,2.48
2012.10.08 01:53:57.734,1.96818,1.96864,1.50,1.35
2012.10.08 01:53:59.063,1.96818,1.96871,2.25,1.25
2012.10.08 01:53:59.243,1.96824,1.96877,2.48,1.50
2012.10.08 01:53:59.303,1.96827,1.96884,1.73,1.32
2012.10.08 01:53:59.610,1.96827,1.96884,1.73,1.32
2012.10.08 01:53:59.913,1.96827,1.96881,1.50,1.52
2012.10.08 01:54:01.041,1.96827,1.96871,1.50,2.07
2012.10.08 01:54:01.223,1.96805,1.96852,1.50,1.35
2012.10.08 01:54:01.353,1.96805,1.9685,1.50,1.41
2012.10.08 01:54:01.598,1.96805,1.96866,1.73,2.48
2012.10.08 01:54:01.663,1.96813,1.96862,1.50,1.29
2012.10.08 01:54:02.192,1.96815,1.96862,1.50,1.29
2012.10.08 01:54:03.528,1.96815,1.9686,1.50,1.41
2012.10.08 01:54:04.464,1.96805,1.9686,1.50,1.41
2012.10.08 01:54:09.295,1.96812,1.96863,1.50,1.27
2012.10.08 01:54:10.117,1.96816,1.96863,1.50,1.27
2012.10.08 01:54:13.533,1.96816,1.9686,1.50,1.41
2012.10.08 01:54:29.393,1.9681,1.9686,1.50,1.41
2012.10.08 01:54:30.885,1.9681,1.96864,1.50,1.27
2012.10.08 01:54:51.193,1.9681,1.96861,1.50,1.56
2012.10.08 01:54:52.203,1.968,1.96861,1.50,3.06
2012.10.08 01:54:56.672,1.968,1.96861,1.50,2.48
2012.10.08 01:54:57.093,1.968,1.96852,1.50,1.13
2012.10.08 01:54:57.333,1.96788,1.96849,1.73,2.48
2012.10.08 01:54:59.092,1.96788,1.96849,2.48,1.73
2012.10.08 01:54:59.333,1.96788,1.96849,2.48,2.10
2012.10.08 01:54:59.453,1.96789,1.96849,1.41,1.50
2012.10.08 01:54:59.693,1.96798,1.96859,1.73,2.48
2012.10.08 01:55:01.050,1.96798,1.96859,1.73,2.48
2012.10.08 01:55:01.622,1.96798,1.96857,1.50,1.50
2012.10.08 01:55:03.799,1.96798,1.96857,1.50,1.50
2012.10.08 01:55:03.932,1.96798,1.96859,1.73,2.48
2012.10.08 01:55:06.176,1.96798,1.96859,1.73,2.48
2012.10.08 01:55:18.654,1.96798,1.96859,1.73,2.48
2012.10.08 01:55:28.742,1.96809,1.96862,1.50,3.11
2012.10.08 01:55:29.613,1.96809,1.96862,1.50,1.61
2012.10.08 01:55:29.733,1.96806,1.96852,1.50,1.35
2012.10.08 01:55:29.793,1.96798,1.96851,1.50,1.38
2012.10.08 01:55:30.663,1.96798,1.96855,1.73,1.35
2012.10.08 01:55:31.132,1.96808,1.96861,1.50,2.48
2012.10.08 01:55:31.593,1.96808,1.96865,1.73,1.69
2012.10.08 01:55:33.340,1.96808,1.96868,2.48,2.10
2012.10.08 01:55:33.523,1.96822,1.96883,2.48,2.07
2012.10.08 01:55:33.583,1.96822,1.96883,2.48,1.73
2012.10.08 01:55:33.783,1.96827,1.96883,1.23,1.50
2012.10.08 01:55:34.004,1.96822,1.96883,2.48,1.73
2012.10.08 01:55:34.122,1.96822,1.96883,2.48,1.73
2012.10.08 01:55:34.193,1.96827,1.96883,1.34,1.50
2012.10.08 01:55:34.433,1.96822,1.96883,2.48,1.73
2012.10.08 01:55:34.553,1.96822,1.96883,2.48,1.73
2012.10.08 01:55:34.743,1.96827,1.96883,1.20,1.50
2012.10.08 01:55:34.870,1.96832,1.96886,2.48,1.50
2012.10.08 01:55:34.933,1.96832,1.96892,2.48,1.73
2012.10.08 01:55:35.324,1.96832,1.96892,1.73,2.48
2012.10.08 01:55:35.383,1.96832,1.96887,1.50,1.36
2012.10.08 01:55:35.443,1.96829,1.96883,1.50,2.48
2012.10.08 01:55:35.503,1.96822,1.96883,1.73,2.48
2012.10.08 01:55:37.453,1.96822,1.96876,1.73,1.47
2012.10.08 01:55:37.957,1.96813,1.96872,1.73,2.48
2012.10.08 01:55:41.590,1.96813,1.96872,2.48,1.73
2012.10.08 01:55:41.914,1.96824,1.96875,1.50,1.41
2012.10.08 01:55:42.213,1.96824,1.96876,1.73,1.09
2012.10.08 01:55:49.510,1.96824,1.96885,2.48,2.48
2012.10.08 01:56:01.363,1.96824,1.96885,2.48,3.23
2012.10.08 01:56:01.869,1.96824,1.96884,2.48,1.73
2012.10.08 01:56:05.349,1.96824,1.96885,2.48,2.48
2012.10.08 01:56:05.664,1.96837,1.96888,1.73,1.73
2012.10.08 01:56:09.292,1.96837,1.96887,1.73,1.50
2012.10.08 01:56:09.353,1.96828,1.96884,1.23,1.50
2012.10.08 01:56:13.803,1.96825,1.96884,2.48,1.73
2012.10.08 01:56:13.943,1.96825,1.96884,2.48,1.73
2012.10.08 01:56:14.012,1.96828,1.96884,1.27,1.50
2012.10.08 01:56:15.755,1.96831,1.96884,1.41,1.50
2012.10.08 01:56:16.455,1.96827,1.96884,1.43,1.50
2012.10.08 01:56:29.312,1.96828,1.96887,2.48,1.88
2012.10.08 01:56:32.393,1.96828,1.96887,2.48,2.22
2012.10.08 01:56:32.453,1.96826,1.96876,1.43,1.50
2012.10.08 01:56:32.573,1.96816,1.96876,1.50,1.73
2012.10.08 01:56:32.983,1.96815,1.96875,1.50,1.52
2012.10.08 01:56:33.284,1.96828,1.96888,1.23,2.10
2012.10.08 01:56:33.463,1.96827,1.96887,1.50,1.85
2012.10.08 01:56:33.584,1.96821,1.96872,1.32,1.50
2012.10.08 01:56:37.483,1.96822,1.96883,2.48,1.73
2012.10.08 01:56:44.872,1.96822,1.96883,2.48,1.73
2012.10.08 01:56:44.997,1.96827,1.96883,1.34,1.50
2012.10.08 01:56:46.224,1.96825,1.96875,1.34,1.50
2012.10.08 01:56:46.343,1.96822,1.96875,2.48,1.50
2012.10.08 01:56:46.523,1.96821,1.96872,1.32,1.50
2012.10.08 01:56:52.391,1.96822,1.96875,2.48,1.50
2012.10.08 01:56:52.453,1.96822,1.96883,2.48,1.73
2012.10.08 01:56:54.403,1.96822,1.96883,2.48,1.73
2012.10.08 01:56:54.463,1.96827,1.96883,1.29,1.50
2012.10.08 01:57:04.117,1.96832,1.9687,1.32,1.50
2012.10.08 01:57:05.703,1.96816,1.9687,1.32,1.50
2012.10.08 01:57:19.949,1.96828,1.9687,1.25,1.50
2012.10.08 01:57:20.425,1.96828,1.96883,1.25,1.50
2012.10.08 01:57:31.063,1.96826,1.96883,1.32,1.73
2012.10.08 01:57:31.123,1.96831,1.96883,1.32,1.73
2012.10.08 01:57:31.736,1.96834,1.96883,1.61,1.50
2012.10.08 01:57:32.785,1.96834,1.96883,1.61,2.25
2012.10.08 01:57:33.063,1.96834,1.96883,1.61,1.50
2012.10.08 01:57:33.775,1.96832,1.96883,1.61,1.50
2012.10.08 01:57:36.538,1.96836,1.96883,1.32,1.50
2012.10.08 01:57:36.783,1.96845,1.96897,1.32,1.50
2012.10.08 01:57:36.844,1.96844,1.96897,1.08,2.25
2012.10.08 01:57:37.384,1.96839,1.96897,1.73,2.48
2012.10.08 01:57:38.734,1.96839,1.96897,2.07,2.48
2012.10.08 01:57:45.328,1.96842,1.96897,1.09,1.73
2012.10.08 01:57:51.562,1.96839,1.96897,1.73,2.48
2012.10.08 01:57:56.706,1.96836,1.96892,2.10,1.50
2012.10.08 01:58:06.288,1.96835,1.96892,3.19,1.50
2012.10.08 01:58:06.691,1.96846,1.96892,1.32,1.50
2012.10.08 01:58:06.754,1.96846,1.96903,1.32,1.50
2012.10.08 01:58:08.624,1.96846,1.96903,1.32,1.50
2012.10.08 01:58:09.064,1.96845,1.96892,1.73,1.50
2012.10.08 01:58:20.634,1.96849,1.96908,1.73,2.48
2012.10.08 01:58:22.580,1.96842,1.96897,1.50,1.50
2012.10.08 01:58:23.974,1.96838,1.96897,2.48,1.73
2012.10.08 01:58:25.924,1.96838,1.96894,1.73,1.13
2012.10.08 01:58:25.985,1.96838,1.96894,1.50,1.35
2012.10.08 01:58:28.845,1.96825,1.96886,2.48,2.48
2012.10.08 01:58:30.394,1.96833,1.96886,1.32,1.73
2012.10.08 01:58:30.634,1.96836,1.96896,1.43,1.73
2012.10.08 01:58:34.634,1.96835,1.96896,2.48,1.73
2012.10.08 01:58:34.761,1.96835,1.96896,2.86,1.50
2012.10.08 01:58:34.885,1.96835,1.96896,2.48,2.48
2012.10.08 01:58:35.226,1.96835,1.96896,2.77,2.48
2012.10.08 01:58:35.995,1.96836,1.96896,1.27,1.73
2012.10.08 01:58:46.548,1.96846,1.96896,1.32,1.73
2012.10.08 01:58:46.893,1.96859,1.96909,1.32,1.84
2012.10.08 01:58:47.224,1.96839,1.96897,1.32,1.73
2012.10.08 01:58:47.284,1.96848,1.96897,1.63,1.50
2012.10.08 01:58:47.775,1.96848,1.96897,1.63,2.25
2012.10.08 01:58:47.954,1.96838,1.96895,2.48,1.50
2012.10.08 01:58:48.214,1.96838,1.96897,2.48,1.73
2012.10.08 01:58:48.994,1.96838,1.96897,2.48,2.48
2012.10.08 01:58:49.535,1.96838,1.96897,2.48,1.73
2012.10.08 01:58:54.414,1.96848,1.96897,1.36,1.50
2012.10.08 01:58:57.223,1.96843,1.96897,1.32,1.50
2012.10.08 01:58:57.494,1.96843,1.96897,1.32,1.50
2012.10.08 01:58:57.749,1.96845,1.96897,1.32,1.50
2012.10.08 01:58:57.867,1.96844,1.96897,1.41,1.50
2012.10.08 01:59:00.894,1.96838,1.96897,2.49,2.25
2012.10.08 01:59:00.954,1.96838,1.96897,2.07,2.48
2012.10.08 01:59:01.074,1.9684,1.96897,1.32,1.73
2012.10.08 01:59:01.445,1.96843,1.96897,1.43,1.50
2012.10.08 01:59:06.974,1.96843,1.96901,1.43,3.00
2012.10.08 01:59:10.634,1.96843,1.96901,1.43,2.25
2012.10.08 01:59:10.934,1.96845,1.96901,1.73,1.50
2012.10.08 01:59:13.634,1.96844,1.96901,1.50,1.88
2012.10.08 01:59:14.734,1.96843,1.96901,1.54,1.50
2012.10.08 01:59:16.329,1.96843,1.96901,1.54,2.25
2012.10.08 01:59:16.684,1.96855,1.96901,1.38,2.25
2012.10.08 01:59:17.309,1.96855,1.96901,1.38,1.50
2012.10.08 01:59:19.894,1.96855,1.96901,1.38,1.50
2012.10.08 01:59:20.014,1.96868,1.96916,1.61,1.50
2012.10.08 01:59:20.255,1.96868,1.96927,1.61,1.50
2012.10.08 01:59:20.624,1.9688,1.96927,1.27,1.50
2012.10.08 01:59:20.687,1.96877,1.96936,1.73,2.85
2012.10.08 01:59:20.744,1.96877,1.96926,1.73,1.50
2012.10.08 01:59:21.045,1.9688,1.96923,1.27,1.50
2012.10.08 01:59:21.224,1.96865,1.96923,2.48,1.73
2012.10.08 01:59:21.465,1.96867,1.96923,1.23,1.50
2012.10.08 01:59:22.634,1.96875,1.96923,1.32,1.50
2012.10.08 01:59:22.874,1.96879,1.96936,1.29,1.50
2012.10.08 01:59:23.374,1.96879,1.96928,2.04,1.50
2012.10.08 01:59:23.694,1.96879,1.96926,1.29,1.50
2012.10.08 01:59:24.244,1.9688,1.96926,1.20,1.50
2012.10.08 01:59:25.256,1.96873,1.96926,1.56,1.50
2012.10.08 01:59:28.624,1.96884,1.96926,1.13,1.50
2012.10.08 01:59:28.984,1.96896,1.96928,1.34,1.50
2012.10.08 01:59:29.044,1.96896,1.96946,1.34,1.50
2012.10.08 01:59:33.184,1.969,1.9695,1.73,1.50
2012.10.08 01:59:33.244,1.969,1.96958,1.73,1.50
2012.10.08 01:59:33.304,1.969,1.96958,2.13,1.50
2012.10.08 01:59:42.655,1.96909,1.96958,1.38,1.50
2012.10.08 01:59:42.715,1.96917,1.9697,1.73,1.50
2012.10.08 01:59:42.774,1.96922,1.9697,1.43,1.50
2012.10.08 01:59:49.924,1.96924,1.96981,1.35,1.50
2012.10.08 01:59:50.045,1.96934,1.96981,1.20,1.50
2012.10.08 01:59:50.224,1.96924,1.96981,1.35,1.50
2012.10.08 01:59:53.344,1.96924,1.96981,1.35,1.50
2012.10.08 01:59:53.644,1.96933,1.9699,1.29,1.50
