2012.06.12 05:00:04.669,2.00559,2.00619,1.88,1.13
2012.06.12 05:00:04.956,2.00559,2.00619,1.13,1.50
2012.06.12 05:00:05.023,2.00555,2.00612,1.50,1.13
2012.06.12 05:00:05.153,2.00553,2.00612,1.13,1.13
2012.06.12 05:00:05.223,2.00559,2.00619,1.13,1.13
2012.06.12 05:00:12.204,2.00559,2.00619,1.88,1.13
2012.06.12 05:00:12.428,2.00559,2.00619,1.13,1.13
2012.06.12 05:00:13.378,2.00559,2.00619,1.88,1.13
2012.06.12 05:00:13.922,2.00559,2.00619,1.13,1.13
2012.06.12 05:00:17.223,2.00559,2.00619,1.88,1.13
2012.06.12 05:00:17.364,2.00559,2.00619,1.13,1.13
2012.06.12 05:00:17.656,2.00559,2.00619,1.88,1.13
2012.06.12 05:00:17.775,2.00559,2.00619,1.13,1.13
2012.06.12 05:00:22.618,2.00559,2.00619,1.88,1.13
2012.06.12 05:00:27.428,2.00559,2.00619,2.63,1.13
2012.06.12 05:00:29.208,2.00559,2.00619,1.88,1.13
2012.06.12 05:00:31.618,2.00566,2.00625,1.13,1.13
2012.06.12 05:00:31.688,2.0057,2.00633,1.13,1.50
2012.06.12 05:00:32.188,2.0057,2.00632,1.13,1.50
2012.06.12 05:00:32.745,2.0057,2.00622,1.13,1.50
2012.06.12 05:00:33.295,2.0057,2.00629,1.13,1.50
2012.06.12 05:00:37.023,2.0057,2.00633,1.13,1.50
2012.06.12 05:00:37.227,2.0057,2.00633,1.88,1.50
2012.06.12 05:00:37.437,2.0057,2.00633,1.13,1.50
2012.06.12 05:00:38.003,2.0057,2.00631,1.13,1.50
2012.06.12 05:00:38.221,2.0057,2.00633,1.13,1.50
2012.06.12 05:00:40.469,2.0057,2.00622,1.13,1.50
2012.06.12 05:00:40.536,2.0057,2.00628,1.13,1.50
2012.06.12 05:00:42.022,2.0057,2.00633,1.13,1.50
2012.06.12 05:00:42.114,2.00566,2.00625,1.13,1.13
2012.06.12 05:00:43.383,2.00566,2.00625,1.13,1.88
2012.06.12 05:00:44.158,2.0056,2.00618,1.13,1.13
2012.06.12 05:00:44.715,2.0056,2.00618,1.13,1.50
2012.06.12 05:00:45.073,2.00553,2.00612,1.13,1.13
2012.06.12 05:00:46.863,2.00553,2.00612,1.13,2.22
2012.06.12 05:00:47.114,2.00539,2.006,1.13,1.13
2012.06.12 05:00:47.244,2.00547,2.00605,1.13,1.13
2012.06.12 05:00:47.555,2.00559,2.00614,1.13,1.50
2012.06.12 05:00:48.623,2.00566,2.00614,1.13,1.50
2012.06.12 05:00:49.062,2.0056,2.00615,1.13,1.50
2012.06.12 05:00:53.569,2.00559,2.00615,1.13,1.50
2012.06.12 05:00:58.296,2.00559,2.00615,1.13,2.25
2012.06.12 05:01:03.506,2.00559,2.00611,1.13,1.50
2012.06.12 05:01:11.083,2.00559,2.00618,1.13,2.25
2012.06.12 05:01:13.077,2.00559,2.00618,1.13,1.50
2012.06.12 05:01:13.606,2.00559,2.00619,1.13,1.13
2012.06.12 05:01:14.932,2.00562,2.00619,1.50,1.13
2012.06.12 05:01:16.964,2.00559,2.00619,1.13,1.13
2012.06.12 05:01:25.876,2.00572,2.00632,1.13,2.63
2012.06.12 05:01:29.186,2.00576,2.00632,1.50,1.13
2012.06.12 05:01:33.997,2.00572,2.00632,1.13,1.13
2012.06.12 05:01:35.309,2.00576,2.00632,1.50,1.13
2012.06.12 05:01:35.585,2.00572,2.00632,1.13,1.13
2012.06.12 05:01:36.924,2.00572,2.00628,1.13,1.50
2012.06.12 05:01:39.711,2.00572,2.00628,1.88,1.50
2012.06.12 05:01:39.775,2.00572,2.00632,1.88,1.13
2012.06.12 05:01:39.959,2.00583,2.00632,1.50,1.13
2012.06.12 05:01:40.435,2.00575,2.00632,2.25,1.13
2012.06.12 05:01:40.872,2.00575,2.00632,2.25,1.13
2012.06.12 05:01:42.492,2.00575,2.00632,2.25,1.13
2012.06.12 05:01:43.888,2.00572,2.00632,1.88,1.13
2012.06.12 05:01:44.983,2.00572,2.00629,1.88,1.50
2012.06.12 05:01:46.908,2.00572,2.00629,1.13,1.50
2012.06.12 05:01:51.274,2.00572,2.00629,1.88,1.50
2012.06.12 05:01:52.425,2.00572,2.00621,1.88,1.50
2012.06.12 05:01:52.637,2.00572,2.00621,1.13,1.50
2012.06.12 05:01:52.706,2.00572,2.00628,1.88,1.50
2012.06.12 05:01:52.863,2.00572,2.00632,1.88,1.50
2012.06.12 05:01:55.215,2.00572,2.00628,1.88,1.50
2012.06.12 05:01:55.762,2.00572,2.00632,1.88,1.50
2012.06.12 05:01:57.120,2.00572,2.00624,1.88,1.50
2012.06.12 05:01:57.243,2.00572,2.00624,1.13,1.50
2012.06.12 05:01:57.585,2.00565,2.00624,1.13,1.50
2012.06.12 05:01:59.514,2.00565,2.00626,1.88,1.13
2012.06.12 05:02:03.174,2.00565,2.00626,1.88,1.13
2012.06.12 05:02:03.245,2.00578,2.00628,1.13,1.50
2012.06.12 05:02:03.697,2.00573,2.00628,1.13,1.50
2012.06.12 05:02:12.316,2.00573,2.00628,1.88,1.50
2012.06.12 05:02:12.923,2.00573,2.00631,1.88,1.13
2012.06.12 05:02:17.974,2.00573,2.00622,1.88,1.50
2012.06.12 05:02:28.334,2.00573,2.0063,1.88,1.50
2012.06.12 05:02:28.953,2.00586,2.0063,1.13,1.50
2012.06.12 05:02:29.023,2.00586,2.00638,1.13,1.50
2012.06.12 05:02:31.895,2.00586,2.00638,1.13,2.25
2012.06.12 05:02:33.124,2.00586,2.0063,1.13,1.50
2012.06.12 05:02:33.194,2.00586,2.00635,1.13,1.13
2012.06.12 05:02:33.385,2.00573,2.00631,1.13,1.13
2012.06.12 05:02:35.209,2.00573,2.0063,1.13,1.50
2012.06.12 05:02:37.632,2.00573,2.00622,1.13,1.50
2012.06.12 05:02:41.753,2.00553,2.00622,1.13,1.50
2012.06.12 05:02:41.905,2.00553,2.00622,1.88,1.50
2012.06.12 05:02:42.213,2.00572,2.00624,1.13,1.50
2012.06.12 05:02:44.296,2.00572,2.00632,1.13,2.63
2012.06.12 05:02:45.414,2.00572,2.00626,1.13,1.50
2012.06.12 05:02:45.956,2.00572,2.0061,1.13,1.50
2012.06.12 05:02:46.026,2.00572,2.00628,1.13,1.50
2012.06.12 05:02:46.096,2.00572,2.00632,1.13,1.13
2012.06.12 05:02:46.672,2.00572,2.00625,1.13,1.50
2012.06.12 05:02:50.012,2.00572,2.00632,1.13,1.13
2012.06.12 05:02:52.702,2.00572,2.00632,1.88,1.13
2012.06.12 05:02:53.043,2.00586,2.00637,1.13,1.50
2012.06.12 05:02:56.743,2.00573,2.00629,1.13,1.50
2012.06.12 05:03:01.065,2.00573,2.00629,1.88,1.50
2012.06.12 05:03:01.195,2.00579,2.00631,2.25,1.13
2012.06.12 05:03:01.384,2.00611,2.00649,1.13,1.50
2012.06.12 05:03:20.983,2.00605,2.00649,1.13,1.50
2012.06.12 05:03:21.235,2.00605,2.00646,1.13,1.50
2012.06.12 05:03:22.244,2.00605,2.00654,1.13,1.50
2012.06.12 05:03:25.373,2.00599,2.00654,1.13,2.25
2012.06.12 05:03:26.504,2.00599,2.00655,1.13,2.25
2012.06.12 05:03:27.758,2.00599,2.00657,1.13,1.13
2012.06.12 05:03:28.023,2.00611,2.00663,1.13,1.50
2012.06.12 05:03:28.153,2.00598,2.00658,1.13,1.13
2012.06.12 05:03:28.613,2.00611,2.00663,1.13,1.88
2012.06.12 05:03:28.682,2.00599,2.00657,1.13,1.88
2012.06.12 05:03:28.893,2.00611,2.00663,1.13,1.50
2012.06.12 05:03:29.143,2.00598,2.00658,1.13,1.88
2012.06.12 05:03:29.334,2.00598,2.00658,1.13,1.13
2012.06.12 05:03:29.845,2.00599,2.00657,1.13,1.88
2012.06.12 05:03:30.153,2.00611,2.00664,1.13,1.50
2012.06.12 05:03:31.234,2.00611,2.00655,1.13,1.50
2012.06.12 05:03:32.264,2.00611,2.00655,1.13,2.25
2012.06.12 05:03:32.516,2.00611,2.00656,1.13,1.50
2012.06.12 05:03:32.644,2.00611,2.00656,1.13,2.25
2012.06.12 05:03:32.955,2.00611,2.00656,1.13,1.50
2012.06.12 05:03:33.145,2.00611,2.00667,1.13,2.25
2012.06.12 05:03:38.455,2.00611,2.0066,1.13,1.50
2012.06.12 05:03:40.624,2.00611,2.0066,1.13,2.25
2012.06.12 05:03:41.067,2.00611,2.0066,1.13,1.50
2012.06.12 05:03:41.175,2.00611,2.0066,1.13,2.25
2012.06.12 05:03:43.939,2.00611,2.0066,1.13,1.50
2012.06.12 05:03:57.733,2.00611,2.00668,1.13,2.25
2012.06.12 05:04:02.976,2.00611,2.00671,1.13,1.88
2012.06.12 05:04:03.557,2.00611,2.00663,1.13,1.50
2012.06.12 05:04:08.397,2.00611,2.00656,1.13,1.50
2012.06.12 05:04:09.155,2.00611,2.00648,1.13,1.50
2012.06.12 05:04:09.374,2.00598,2.00648,1.13,1.50
2012.06.12 05:04:09.445,2.00598,2.0064,1.13,1.50
2012.06.12 05:04:09.758,2.00598,2.00648,1.13,1.50
2012.06.12 05:04:09.944,2.00611,2.00648,1.13,1.50
2012.06.12 05:04:10.144,2.00598,2.00648,1.13,1.50
2012.06.12 05:04:10.463,2.00611,2.00648,1.13,1.50
2012.06.12 05:04:15.308,2.00611,2.00654,1.13,2.25
2012.06.12 05:04:15.868,2.00599,2.00654,1.13,2.25
2012.06.12 05:04:20.179,2.00599,2.00648,1.13,1.50
2012.06.12 05:04:20.304,2.00599,2.00656,1.13,2.25
2012.06.12 05:04:20.433,2.00599,2.00646,1.13,1.50
2012.06.12 05:04:27.066,2.00599,2.00657,1.13,1.13
2012.06.12 05:04:31.202,2.00599,2.00657,1.88,1.13
2012.06.12 05:04:31.392,2.00612,2.00664,1.13,1.50
2012.06.12 05:04:33.143,2.00612,2.0067,1.13,1.13
2012.06.12 05:04:34.077,2.00612,2.00664,1.13,1.50
2012.06.12 05:04:39.685,2.00612,2.0067,1.13,1.13
2012.06.12 05:04:39.755,2.00612,2.0067,1.13,1.88
2012.06.12 05:04:54.667,2.00613,2.0067,1.50,1.88
2012.06.12 05:04:54.735,2.00613,2.0067,1.50,1.13
2012.06.12 05:05:01.326,2.00621,2.0067,1.50,1.13
2012.06.12 05:05:01.453,2.00612,2.0067,1.88,1.13
2012.06.12 05:05:01.583,2.00625,2.00683,1.13,1.13
2012.06.12 05:05:01.653,2.00628,2.00683,1.50,1.13
2012.06.12 05:05:08.761,2.00625,2.00683,1.13,1.13
2012.06.12 05:05:10.742,2.00628,2.00683,1.50,1.13
2012.06.12 05:05:12.913,2.00628,2.00688,2.63,1.13
2012.06.12 05:05:14.163,2.00628,2.00684,1.50,1.13
2012.06.12 05:05:15.927,2.00624,2.00684,1.13,1.13
2012.06.12 05:05:16.473,2.00624,2.00683,1.13,1.50
2012.06.12 05:05:18.287,2.00624,2.00684,1.13,1.13
2012.06.12 05:05:19.626,2.0063,2.00684,1.50,1.13
2012.06.12 05:05:22.526,2.00624,2.00684,1.13,1.88
2012.06.12 05:05:28.296,2.00624,2.00682,1.13,1.50
2012.06.12 05:05:28.544,2.00624,2.00684,1.13,1.88
2012.06.12 05:05:29.284,2.00631,2.00684,1.50,1.88
2012.06.12 05:05:30.064,2.00624,2.00684,2.63,1.13
2012.06.12 05:05:32.775,2.00631,2.00684,1.50,1.13
2012.06.12 05:05:34.295,2.00624,2.00684,1.13,1.13
2012.06.12 05:05:34.964,2.0063,2.00684,1.50,1.13
2012.06.12 05:05:36.264,2.00624,2.00684,1.13,1.13
2012.06.12 05:05:51.643,2.00626,2.00684,1.50,1.13
2012.06.12 05:05:52.460,2.00626,2.00683,1.50,1.13
2012.06.12 05:06:11.695,2.00628,2.00683,1.50,1.13
2012.06.12 05:06:12.467,2.00634,2.00683,1.50,1.13
2012.06.12 05:06:12.806,2.00627,2.00683,1.50,1.13
2012.06.12 05:06:16.714,2.00636,2.00683,1.50,1.13
2012.06.12 05:06:20.404,2.00625,2.00683,2.63,1.13
2012.06.12 05:06:21.343,2.0063,2.00683,1.50,1.13
2012.06.12 05:06:21.728,2.0063,2.00685,1.50,1.13
2012.06.12 05:06:22.094,2.00638,2.00691,1.50,1.13
2012.06.12 05:06:24.464,2.00646,2.00691,1.50,1.13
2012.06.12 05:06:26.674,2.00653,2.00691,1.50,1.13
2012.06.12 05:06:27.144,2.00646,2.00704,1.50,1.13
2012.06.12 05:06:29.138,2.00657,2.00716,1.13,3.38
2012.06.12 05:06:29.204,2.00657,2.00716,1.13,1.13
2012.06.12 05:06:30.833,2.00659,2.00716,1.50,1.13
2012.06.12 05:06:32.512,2.00657,2.00716,1.13,1.13
2012.06.12 05:06:39.815,2.00658,2.00717,1.13,1.13
2012.06.12 05:06:43.048,2.00663,2.00717,1.50,1.13
2012.06.12 05:06:44.408,2.00663,2.00716,1.50,1.13
2012.06.12 05:06:47.533,2.00657,2.00716,1.13,1.13
2012.06.12 05:06:48.555,2.00663,2.00723,1.13,1.50
2012.06.12 05:06:48.803,2.00661,2.00716,1.50,1.13
2012.06.12 05:06:48.874,2.00657,2.00716,1.13,1.13
2012.06.12 05:06:48.944,2.0066,2.00716,1.50,1.13
2012.06.12 05:06:49.016,2.00664,2.00732,1.13,3.38
2012.06.12 05:06:49.274,2.00664,2.00732,1.13,2.63
2012.06.12 05:06:49.513,2.00673,2.00732,1.50,1.13
2012.06.12 05:06:49.844,2.00683,2.00742,1.13,1.13
2012.06.12 05:06:50.095,2.0069,2.00753,1.13,1.50
2012.06.12 05:06:50.163,2.0069,2.00753,1.13,1.88
2012.06.12 05:06:50.234,2.00683,2.00743,1.50,1.13
2012.06.12 05:06:50.545,2.0069,2.00747,1.13,2.25
2012.06.12 05:06:50.854,2.00683,2.00742,2.63,1.13
2012.06.12 05:06:51.106,2.0069,2.00754,1.13,2.25
2012.06.12 05:06:51.419,2.00692,2.00758,1.50,1.88
2012.06.12 05:06:51.484,2.00692,2.00758,1.50,1.88
2012.06.12 05:06:51.602,2.00692,2.00758,1.50,1.88
2012.06.12 05:06:52.375,2.00701,2.00758,1.50,1.88
2012.06.12 05:06:53.037,2.00693,2.00758,1.50,1.88
2012.06.12 05:06:53.177,2.00693,2.00755,1.50,1.50
2012.06.12 05:06:54.105,2.00693,2.00743,1.50,1.13
2012.06.12 05:06:54.856,2.00682,2.00743,1.13,1.13
2012.06.12 05:06:54.977,2.00682,2.00743,1.13,1.88
2012.06.12 05:06:55.237,2.00682,2.00743,1.13,1.13
2012.06.12 05:06:55.584,2.00683,2.00743,1.50,1.88
2012.06.12 05:06:56.886,2.00682,2.00743,1.13,1.13
2012.06.12 05:06:57.058,2.00682,2.00743,1.13,1.88
2012.06.12 05:07:03.592,2.00682,2.00743,1.13,1.13
2012.06.12 05:07:04.554,2.00686,2.00743,1.50,1.13
2012.06.12 05:07:04.884,2.00682,2.00742,1.13,2.25
2012.06.12 05:07:04.955,2.00682,2.00742,1.13,1.50
2012.06.12 05:07:05.493,2.00682,2.00743,1.13,1.13
2012.06.12 05:07:05.564,2.00687,2.00743,1.50,1.13
2012.06.12 05:07:07.098,2.00682,2.00743,1.13,1.13
2012.06.12 05:07:07.247,2.00688,2.00743,1.50,1.13
2012.06.12 05:07:07.479,2.00682,2.00743,1.13,1.13
2012.06.12 05:07:10.322,2.00682,2.00743,1.13,1.50
2012.06.12 05:07:10.633,2.0068,2.00736,1.50,1.13
2012.06.12 05:07:11.123,2.00676,2.00736,1.13,1.13
2012.06.12 05:07:11.194,2.00681,2.00736,1.50,1.13
2012.06.12 05:07:13.103,2.00688,2.00736,1.50,1.13
2012.06.12 05:07:17.103,2.00696,2.00736,1.50,1.13
2012.06.12 05:07:17.175,2.00696,2.00749,1.50,1.88
2012.06.12 05:07:17.558,2.00696,2.00736,1.50,1.13
2012.06.12 05:07:17.627,2.0069,2.00748,1.13,1.13
2012.06.12 05:07:17.694,2.0069,2.00745,1.13,1.50
2012.06.12 05:07:17.945,2.0069,2.00748,1.13,1.13
2012.06.12 05:07:18.107,2.0069,2.00745,1.13,1.13
2012.06.12 05:07:18.424,2.00695,2.00736,1.50,1.13
2012.06.12 05:07:18.496,2.0069,2.00748,1.13,1.13
2012.06.12 05:07:18.653,2.0069,2.00748,1.13,1.88
2012.06.12 05:07:18.906,2.00681,2.00736,1.50,1.13
2012.06.12 05:07:19.037,2.0069,2.00748,1.13,1.13
2012.06.12 05:07:19.104,2.0069,2.00748,1.13,1.88
2012.06.12 05:07:19.413,2.00688,2.00736,1.50,1.13
2012.06.12 05:07:19.484,2.0069,2.00748,1.13,1.13
2012.06.12 05:07:19.674,2.0069,2.00748,1.13,1.88
2012.06.12 05:07:20.016,2.00696,2.00749,1.50,1.13
2012.06.12 05:07:22.428,2.00696,2.00749,1.50,1.88
2012.06.12 05:07:22.495,2.00689,2.00749,1.13,1.88
2012.06.12 05:07:22.769,2.00689,2.00749,1.13,1.13
2012.06.12 05:07:25.372,2.00689,2.00749,3.38,1.13
2012.06.12 05:07:25.605,2.00715,2.00775,1.13,3.38
2012.06.12 05:07:25.798,2.0073,2.00785,1.13,2.25
2012.06.12 05:07:26.336,2.00729,2.00777,1.13,2.25
2012.06.12 05:07:26.495,2.00729,2.00787,1.13,3.38
2012.06.12 05:07:28.373,2.00729,2.00781,1.13,1.50
2012.06.12 05:07:29.372,2.00729,2.00787,1.13,1.88
2012.06.12 05:07:32.413,2.00729,2.00781,1.13,1.50
2012.06.12 05:07:34.827,2.00729,2.00787,1.13,1.13
2012.06.12 05:07:37.188,2.00733,2.00787,1.50,1.13
2012.06.12 05:07:37.493,2.00741,2.00801,1.13,1.88
2012.06.12 05:07:37.803,2.00733,2.00787,1.50,1.13
2012.06.12 05:07:39.835,2.00733,2.00787,1.50,1.50
2012.06.12 05:07:40.731,2.00733,2.00781,1.50,1.13
2012.06.12 05:07:41.367,2.00729,2.00787,1.13,1.13
2012.06.12 05:07:41.554,2.00749,2.00787,1.50,1.13
2012.06.12 05:07:41.624,2.00749,2.00801,1.50,1.13
2012.06.12 05:07:41.816,2.00756,2.00815,1.50,2.14
2012.06.12 05:07:42.006,2.00764,2.00818,1.50,1.99
2012.06.12 05:07:42.303,2.00757,2.00815,1.50,1.09
2012.06.12 05:07:42.827,2.00757,2.00818,1.50,1.84
2012.06.12 05:07:42.909,2.00757,2.00818,1.50,1.50
2012.06.12 05:07:43.094,2.00757,2.00818,1.50,1.88
2012.06.12 05:07:43.276,2.00749,2.00818,1.50,1.88
2012.06.12 05:07:43.785,2.00749,2.00818,1.50,1.88
2012.06.12 05:07:44.611,2.00749,2.00818,1.50,1.13
2012.06.12 05:07:44.763,2.00762,2.00818,1.50,1.13
2012.06.12 05:07:45.884,2.00768,2.00826,1.13,1.88
2012.06.12 05:07:46.394,2.00768,2.00823,1.13,1.50
2012.06.12 05:07:48.355,2.00768,2.00814,1.13,1.50
2012.06.12 05:07:48.923,2.00768,2.00823,1.13,1.50
2012.06.12 05:07:49.484,2.00768,2.00826,1.13,1.88
2012.06.12 05:07:49.976,2.00768,2.00826,1.13,1.88
2012.06.12 05:07:50.167,2.00768,2.00824,1.13,1.50
2012.06.12 05:07:51.608,2.00768,2.00826,1.13,1.88
2012.06.12 05:07:51.735,2.00768,2.00814,1.13,1.50
2012.06.12 05:07:52.043,2.00768,2.00817,1.13,2.25
2012.06.12 05:07:52.179,2.00768,2.00824,1.13,1.50
2012.06.12 05:07:53.856,2.00768,2.00826,1.13,1.88
2012.06.12 05:07:54.226,2.0077,2.00826,1.50,1.88
2012.06.12 05:07:55.145,2.0077,2.00826,1.50,1.13
2012.06.12 05:07:56.302,2.0077,2.00826,1.50,1.88
2012.06.12 05:07:56.912,2.00768,2.00826,1.13,1.88
2012.06.12 05:07:57.274,2.00769,2.00826,1.50,1.13
2012.06.12 05:07:57.903,2.00777,2.00826,1.50,1.88
2012.06.12 05:07:59.140,2.00777,2.00826,1.50,1.13
2012.06.12 05:08:01.190,2.00769,2.00826,1.50,1.13
2012.06.12 05:08:03.557,2.00768,2.00826,1.13,1.13
2012.06.12 05:08:03.707,2.00768,2.00826,1.13,1.88
2012.06.12 05:08:04.343,2.00768,2.00817,1.13,1.50
2012.06.12 05:08:04.698,2.00768,2.00805,1.13,1.50
2012.06.12 05:08:05.961,2.00768,2.00815,1.13,2.25
2012.06.12 05:08:06.845,2.00768,2.00826,1.13,3.38
2012.06.12 05:08:07.660,2.00768,2.00823,1.13,1.50
2012.06.12 05:08:08.771,2.00768,2.00812,1.13,1.50
2012.06.12 05:08:09.445,2.00767,2.00812,1.13,1.50
2012.06.12 05:08:09.966,2.00767,2.00805,1.13,1.50
2012.06.12 05:08:10.095,2.00755,2.00805,1.13,1.50
2012.06.12 05:08:11.227,2.00761,2.00813,1.50,1.13
2012.06.12 05:08:12.106,2.00768,2.00813,1.50,1.13
2012.06.12 05:08:12.979,2.00761,2.00813,1.50,1.13
2012.06.12 05:08:13.103,2.00755,2.00813,1.13,1.13
2012.06.12 05:08:14.059,2.00756,2.00815,1.13,1.88
2012.06.12 05:08:14.129,2.00768,2.00826,1.13,1.88
2012.06.12 05:08:14.675,2.00768,2.00826,1.13,1.13
2012.06.12 05:08:14.804,2.00772,2.00829,1.13,1.50
2012.06.12 05:08:16.627,2.00771,2.00829,1.13,1.50
2012.06.12 05:08:18.326,2.00771,2.0082,1.13,1.50
2012.06.12 05:08:20.370,2.00772,2.0082,1.13,1.50
2012.06.12 05:08:26.840,2.00772,2.00829,1.13,2.25
2012.06.12 05:08:27.758,2.00772,2.0081,1.13,1.50
2012.06.12 05:08:27.883,2.00759,2.0081,1.13,1.50
2012.06.12 05:08:28.015,2.00741,2.00809,1.13,1.13
2012.06.12 05:08:28.148,2.00741,2.00809,1.88,1.13
2012.06.12 05:08:28.454,2.00746,2.00809,1.13,1.13
2012.06.12 05:08:28.785,2.0077,2.00819,1.13,1.50
2012.06.12 05:08:29.260,2.00772,2.00819,1.13,1.50
2012.06.12 05:08:31.825,2.00766,2.00819,1.13,1.50
2012.06.12 05:08:31.897,2.00766,2.00825,1.13,1.88
2012.06.12 05:08:32.838,2.00766,2.00825,1.13,1.88
2012.06.12 05:08:32.965,2.0076,2.00821,1.13,1.88
2012.06.12 05:08:34.184,2.0076,2.00821,1.13,1.13
2012.06.12 05:08:34.317,2.00765,2.00826,1.13,1.50
2012.06.12 05:08:34.645,2.00776,2.00821,1.50,1.13
2012.06.12 05:08:34.837,2.0077,2.00826,1.50,1.88
2012.06.12 05:08:36.476,2.0077,2.00826,1.50,1.88
2012.06.12 05:08:36.546,2.00778,2.00832,1.13,1.13
2012.06.12 05:08:37.021,2.00771,2.00831,1.13,1.88
2012.06.12 05:08:37.089,2.00781,2.00836,1.13,2.25
2012.06.12 05:08:37.385,2.00781,2.00836,1.13,2.25
2012.06.12 05:08:37.574,2.00786,2.00836,1.13,2.25
2012.06.12 05:08:38.661,2.00786,2.00836,1.13,1.50
2012.06.12 05:08:38.724,2.00786,2.00847,1.13,1.88
2012.06.12 05:08:43.213,2.00786,2.00828,1.13,1.50
2012.06.12 05:08:46.364,2.00786,2.00835,1.13,1.50
2012.06.12 05:08:49.236,2.00784,2.00835,1.13,1.50
2012.06.12 05:08:49.737,2.00774,2.00835,1.13,3.38
2012.06.12 05:08:50.306,2.00774,2.00835,1.13,1.13
2012.06.12 05:08:50.378,2.00774,2.00833,1.13,1.13
2012.06.12 05:08:53.619,2.00774,2.00833,1.88,1.13
2012.06.12 05:08:53.925,2.00813,2.00855,1.13,1.50
2012.06.12 05:08:56.235,2.00813,2.00847,1.13,1.50
2012.06.12 05:08:56.424,2.0078,2.00839,1.50,1.50
2012.06.12 05:08:56.517,2.00799,2.00839,1.13,1.50
2012.06.12 05:08:57.059,2.008,2.00853,1.13,1.50
2012.06.12 05:08:57.196,2.008,2.00845,1.13,2.25
2012.06.12 05:08:57.949,2.00804,2.00845,1.13,1.50
2012.06.12 05:08:58.590,2.00804,2.00838,1.13,1.50
2012.06.12 05:08:59.637,2.00805,2.00838,1.13,1.50
2012.06.12 05:08:59.707,2.00805,2.00864,1.13,1.88
2012.06.12 05:08:59.774,2.00817,2.00865,1.13,2.25
2012.06.12 05:09:01.295,2.00817,2.00864,1.13,1.13
2012.06.12 05:09:01.424,2.00805,2.00853,1.13,1.50
2012.06.12 05:09:02.043,2.00811,2.00853,1.13,1.50
2012.06.12 05:09:02.122,2.00797,2.00853,1.13,1.88
2012.06.12 05:09:02.188,2.00797,2.00851,1.13,1.13
2012.06.12 05:09:02.258,2.00797,2.00853,1.13,1.88
2012.06.12 05:09:02.441,2.00791,2.0085,1.13,1.13
2012.06.12 05:09:02.507,2.00791,2.0085,1.13,1.88
2012.06.12 05:09:02.650,2.00787,2.00845,1.13,2.25
2012.06.12 05:09:02.980,2.0079,2.00845,1.13,2.25
2012.06.12 05:09:03.310,2.00786,2.00845,1.13,1.50
2012.06.12 05:09:03.496,2.00786,2.00847,1.13,1.13
2012.06.12 05:09:04.077,2.00786,2.00846,1.88,1.50
2012.06.12 05:09:04.394,2.00812,2.00855,1.13,1.50
2012.06.12 05:09:05.360,2.00812,2.00855,1.13,2.25
2012.06.12 05:09:05.670,2.008,2.00848,1.13,1.50
2012.06.12 05:09:09.185,2.008,2.00856,1.13,2.25
2012.06.12 05:09:09.385,2.00813,2.00856,1.13,2.25
2012.06.12 05:09:10.174,2.008,2.00856,1.13,2.25
2012.06.12 05:09:10.755,2.008,2.00856,1.13,1.50
2012.06.12 05:09:12.445,2.008,2.00856,1.13,2.25
2012.06.12 05:09:13.868,2.008,2.00856,1.13,1.50
2012.06.12 05:09:14.327,2.00793,2.00853,1.88,1.13
2012.06.12 05:09:14.396,2.00793,2.00853,1.13,1.13
2012.06.12 05:09:14.575,2.00793,2.00853,1.13,1.50
2012.06.12 05:09:14.644,2.00787,2.00846,1.13,1.13
2012.06.12 05:09:15.819,2.00787,2.00846,1.13,1.88
2012.06.12 05:09:20.324,2.00804,2.00846,1.50,1.88
2012.06.12 05:09:21.640,2.00804,2.00846,1.50,1.88
2012.06.12 05:09:22.273,2.00797,2.00846,1.50,1.88
2012.06.12 05:09:23.838,2.00797,2.00846,1.50,1.13
2012.06.12 05:09:24.045,2.00787,2.00846,2.63,1.88
2012.06.12 05:09:24.115,2.00787,2.00846,2.63,1.88
2012.06.12 05:09:24.186,2.00787,2.00846,2.63,1.88
2012.06.12 05:09:26.866,2.00787,2.00842,1.50,1.50
2012.06.12 05:09:27.217,2.00787,2.00839,1.50,1.13
2012.06.12 05:09:27.404,2.00787,2.00841,1.50,1.50
2012.06.12 05:09:27.778,2.00795,2.00841,1.50,1.50
2012.06.12 05:09:28.086,2.00788,2.00834,1.50,1.13
2012.06.12 05:09:31.389,2.00795,2.00834,1.50,1.13
2012.06.12 05:09:31.455,2.00795,2.00836,1.50,1.13
2012.06.12 05:09:32.728,2.00795,2.00834,1.50,1.13
2012.06.12 05:09:32.875,2.00795,2.00836,1.50,1.13
2012.06.12 05:09:33.149,2.00795,2.00842,1.50,1.13
2012.06.12 05:09:34.966,2.00809,2.00842,1.50,1.13
2012.06.12 05:09:35.156,2.00817,2.00855,1.50,1.13
2012.06.12 05:09:35.287,2.00817,2.00878,1.50,1.13
2012.06.12 05:09:35.416,2.00829,2.00878,1.50,1.13
2012.06.12 05:09:35.698,2.00821,2.00878,1.50,1.13
2012.06.12 05:09:35.956,2.00821,2.00889,1.50,1.88
2012.06.12 05:09:36.206,2.00821,2.00884,1.50,1.13
2012.06.12 05:09:36.396,2.00822,2.00885,1.13,1.13
2012.06.12 05:09:36.908,2.0082,2.00884,1.13,1.13
2012.06.12 05:09:36.991,2.0082,2.00884,1.13,1.13
2012.06.12 05:09:37.703,2.00821,2.00884,1.13,1.13
2012.06.12 05:09:37.896,2.00821,2.00885,1.13,1.13
2012.06.12 05:09:38.118,2.0082,2.00882,1.13,1.50
2012.06.12 05:09:38.668,2.0082,2.00882,1.13,2.25
2012.06.12 05:09:41.883,2.00812,2.0087,1.50,1.13
2012.06.12 05:09:42.457,2.00806,2.0087,1.13,1.13
2012.06.12 05:09:42.855,2.00799,2.0086,1.13,1.88
2012.06.12 05:09:42.985,2.00806,2.0087,1.13,1.13
2012.06.12 05:09:43.294,2.00809,2.0086,1.50,1.88
2012.06.12 05:09:43.797,2.00805,2.0086,1.50,1.88
2012.06.12 05:09:43.923,2.0081,2.0086,1.50,1.88
2012.06.12 05:09:44.106,2.00802,2.0086,1.50,1.88
2012.06.12 05:09:47.591,2.00802,2.0086,1.50,1.88
2012.06.12 05:09:48.228,2.00802,2.0086,1.50,1.88
2012.06.12 05:09:48.717,2.00802,2.0086,1.50,1.88
2012.06.12 05:09:48.785,2.00809,2.0086,1.50,1.88
2012.06.12 05:09:49.705,2.00809,2.0086,1.50,1.88
2012.06.12 05:09:49.776,2.00801,2.0086,1.50,1.88
2012.06.12 05:09:49.887,2.00801,2.0086,1.50,1.88
2012.06.12 05:09:50.235,2.00801,2.0086,1.50,1.88
2012.06.12 05:09:50.527,2.00799,2.0086,1.13,1.88
2012.06.12 05:09:51.514,2.008,2.0086,1.50,1.88
2012.06.12 05:09:51.704,2.008,2.0086,1.50,1.88
2012.06.12 05:09:51.987,2.008,2.0086,1.50,1.88
2012.06.12 05:09:52.258,2.00806,2.0086,1.50,1.88
2012.06.12 05:09:52.325,2.00806,2.0086,1.50,1.13
2012.06.12 05:09:52.727,2.00814,2.0086,1.50,1.13
2012.06.12 05:09:52.854,2.00807,2.0086,1.50,1.13
2012.06.12 05:09:55.448,2.00807,2.0086,1.50,1.88
2012.06.12 05:09:55.774,2.00807,2.0086,1.50,1.13
2012.06.12 05:09:56.373,2.00817,2.0086,1.50,1.13
2012.06.12 05:09:57.757,2.00817,2.0086,1.50,1.50
2012.06.12 05:09:58.108,2.00817,2.0086,1.50,1.88
2012.06.12 05:09:58.182,2.00823,2.00869,1.50,1.13
2012.06.12 05:10:02.574,2.00817,2.00869,1.50,1.13
2012.06.12 05:10:03.481,2.00815,2.00869,1.50,1.13
2012.06.12 05:10:03.773,2.00822,2.00869,1.50,1.13
2012.06.12 05:10:04.456,2.00831,2.00869,1.50,1.13
2012.06.12 05:10:04.805,2.00823,2.00869,1.50,1.13
2012.06.12 05:10:05.164,2.00823,2.00869,1.50,1.88
2012.06.12 05:10:05.649,2.00823,2.00869,1.50,1.13
2012.06.12 05:10:05.767,2.00831,2.00869,1.50,1.13
2012.06.12 05:10:06.439,2.00831,2.00871,1.50,1.13
2012.06.12 05:10:06.696,2.00831,2.00876,1.50,2.25
2012.06.12 05:10:07.239,2.00831,2.00876,1.50,1.50
2012.06.12 05:10:07.570,2.00831,2.00876,1.50,2.25
2012.06.12 05:10:07.919,2.00831,2.00876,1.50,1.50
2012.06.12 05:10:08.600,2.00831,2.00876,1.50,2.25
2012.06.12 05:10:09.776,2.00831,2.00876,1.50,1.50
2012.06.12 05:10:09.936,2.00831,2.00876,1.50,2.25
2012.06.12 05:10:10.157,2.00831,2.00876,1.50,1.50
2012.06.12 05:10:13.100,2.00824,2.00876,2.25,1.13
2012.06.12 05:10:13.171,2.00824,2.00883,1.50,1.88
2012.06.12 05:10:13.235,2.0083,2.00883,1.50,1.88
2012.06.12 05:10:13.306,2.00824,2.00883,1.50,1.88
2012.06.12 05:10:13.375,2.00824,2.00875,1.50,1.13
2012.06.12 05:10:14.965,2.00818,2.00875,1.50,1.13
2012.06.12 05:10:15.038,2.00818,2.0087,1.50,1.13
2012.06.12 05:10:15.313,2.00818,2.00876,1.50,1.13
2012.06.12 05:10:15.446,2.0082,2.00878,1.88,1.50
2012.06.12 05:10:15.757,2.00853,2.00915,1.13,1.88
2012.06.12 05:10:15.937,2.00853,2.00914,1.13,1.50
2012.06.12 05:10:16.004,2.00849,2.00904,1.50,1.13
2012.06.12 05:10:16.316,2.00855,2.00904,1.50,1.88
2012.06.12 05:10:16.626,2.00872,2.00927,1.13,2.25
2012.06.12 05:10:16.758,2.00858,2.00918,1.13,1.88
2012.06.12 05:10:17.236,2.00858,2.00913,1.13,2.25
2012.06.12 05:10:17.311,2.0084,2.00896,1.50,1.88
2012.06.12 05:10:17.576,2.00846,2.00904,1.13,1.88
2012.06.12 05:10:17.977,2.00855,2.00904,1.50,1.13
2012.06.12 05:10:18.676,2.00858,2.00918,1.13,1.88
2012.06.12 05:10:18.925,2.00858,2.00918,1.13,1.13
2012.06.12 05:10:18.996,2.00872,2.00927,1.13,2.25
2012.06.12 05:10:19.423,2.00879,2.00935,1.13,2.25
2012.06.12 05:10:19.736,2.00879,2.00923,1.13,2.25
2012.06.12 05:10:19.863,2.00872,2.0093,1.13,1.88
2012.06.12 05:10:20.915,2.00872,2.0093,1.13,1.88
2012.06.12 05:10:21.465,2.00872,2.00924,1.13,2.25
2012.06.12 05:10:21.899,2.00872,2.00923,1.13,1.50
2012.06.12 05:10:22.613,2.00873,2.0093,1.50,1.88
2012.06.12 05:10:24.069,2.00872,2.0093,1.13,3.38
2012.06.12 05:10:25.277,2.00872,2.00922,1.13,1.50
2012.06.12 05:10:25.464,2.00872,2.00925,1.13,2.25
2012.06.12 05:10:25.655,2.00885,2.00925,1.13,2.25
2012.06.12 05:10:25.904,2.00859,2.00909,1.13,1.50
2012.06.12 05:10:28.334,2.00859,2.00909,1.13,2.25
2012.06.12 05:10:28.804,2.00859,2.00909,1.13,1.50
2012.06.12 05:10:29.579,2.00859,2.00916,1.13,2.25
2012.06.12 05:10:29.647,2.00859,2.00908,1.13,1.50
2012.06.12 05:10:31.384,2.00859,2.00908,1.13,2.25
2012.06.12 05:10:31.515,2.00833,2.00891,1.13,1.13
2012.06.12 05:10:34.397,2.00833,2.00891,1.88,1.13
2012.06.12 05:10:37.230,2.00833,2.00891,1.13,1.13
2012.06.12 05:10:37.507,2.00833,2.00891,1.88,1.13
2012.06.12 05:10:39.978,2.00833,2.00891,1.13,1.13
2012.06.12 05:10:40.098,2.00833,2.00891,1.88,1.13
2012.06.12 05:10:49.134,2.00833,2.00891,1.13,1.13
2012.06.12 05:10:49.385,2.0083,2.00878,1.50,1.13
2012.06.12 05:10:49.576,2.00832,2.00892,1.13,1.13
2012.06.12 05:10:49.704,2.00821,2.00879,1.50,1.13
2012.06.12 05:10:50.015,2.00833,2.00891,1.13,1.13
2012.06.12 05:10:55.527,2.00845,2.00893,1.13,1.50
2012.06.12 05:10:55.834,2.00845,2.00905,1.13,1.13
2012.06.12 05:10:56.104,2.00845,2.00903,1.13,1.50
2012.06.12 05:10:57.225,2.00845,2.00896,1.13,1.50
2012.06.12 05:10:57.812,2.00845,2.00905,1.13,2.63
2012.06.12 05:10:58.627,2.00847,2.00905,1.50,1.13
2012.06.12 05:10:59.265,2.00845,2.00905,1.13,1.13
2012.06.12 05:11:00.655,2.00845,2.00905,1.88,1.13
2012.06.12 05:11:00.843,2.00845,2.00905,1.88,1.13
2012.06.12 05:11:00.915,2.00852,2.00907,1.88,1.50
2012.06.12 05:11:01.044,2.00852,2.00915,1.88,1.50
2012.06.12 05:11:01.538,2.00872,2.00915,1.13,1.50
2012.06.12 05:11:02.374,2.00872,2.00915,1.88,1.50
2012.06.12 05:11:02.506,2.00872,2.0093,1.88,1.13
2012.06.12 05:11:02.595,2.00872,2.0093,1.13,1.13
2012.06.12 05:11:02.728,2.00885,2.00932,1.13,1.50
2012.06.12 05:11:03.215,2.00897,2.00932,1.13,1.50
2012.06.12 05:11:03.465,2.00884,2.00939,1.13,2.25
2012.06.12 05:11:03.595,2.00884,2.00939,1.13,1.50
2012.06.12 05:11:03.664,2.00897,2.00939,1.13,1.50
2012.06.12 05:11:05.520,2.00884,2.00934,1.13,2.25
2012.06.12 05:11:05.873,2.00884,2.00919,1.13,1.50
2012.06.12 05:11:06.935,2.00884,2.00928,1.13,1.50
2012.06.12 05:11:07.194,2.00884,2.0094,1.13,2.25
2012.06.12 05:11:08.126,2.00884,2.0093,1.13,1.50
2012.06.12 05:11:10.169,2.00884,2.0093,1.13,2.25
2012.06.12 05:11:10.509,2.00871,2.00922,1.13,1.50
2012.06.12 05:11:10.575,2.00871,2.00916,1.13,1.50
2012.06.12 05:11:10.884,2.00871,2.00909,1.13,1.50
2012.06.12 05:11:11.143,2.00871,2.00917,1.13,1.50
2012.06.12 05:11:11.783,2.00871,2.00923,1.13,1.50
2012.06.12 05:11:12.575,2.00871,2.00913,1.13,1.50
2012.06.12 05:11:13.045,2.00871,2.00903,1.13,1.50
2012.06.12 05:11:13.119,2.00858,2.00903,1.13,2.25
2012.06.12 05:11:13.545,2.00846,2.00903,1.13,1.50
2012.06.12 05:11:14.374,2.00838,2.00899,1.13,1.13
2012.06.12 05:11:16.205,2.00839,2.00899,1.50,1.13
2012.06.12 05:11:16.407,2.00839,2.00899,2.25,1.13
2012.06.12 05:11:19.799,2.00839,2.00899,1.50,1.13
2012.06.12 05:11:20.323,2.00838,2.00899,1.13,1.13
2012.06.12 05:11:21.417,2.00838,2.00893,1.13,1.50
2012.06.12 05:11:21.965,2.00838,2.00899,1.13,1.13
2012.06.12 05:11:22.247,2.00844,2.00899,1.50,1.13
2012.06.12 05:11:22.373,2.00838,2.00899,1.13,1.13
2012.06.12 05:11:22.444,2.00846,2.00906,1.13,1.50
2012.06.12 05:11:22.754,2.00844,2.00899,1.50,1.13
2012.06.12 05:11:22.937,2.00851,2.00912,1.13,1.88
2012.06.12 05:11:23.184,2.00864,2.00914,1.13,1.50
2012.06.12 05:11:23.645,2.00864,2.00901,1.13,1.50
2012.06.12 05:11:23.935,2.00846,2.00901,1.13,1.50
2012.06.12 05:11:24.184,2.00846,2.00894,1.13,1.50
2012.06.12 05:11:24.568,2.00846,2.00901,1.13,1.50
2012.06.12 05:11:24.641,2.00838,2.00899,1.13,1.13
2012.06.12 05:11:24.764,2.00838,2.00893,1.13,1.50
2012.06.12 05:11:25.523,2.00838,2.00883,1.13,1.50
2012.06.12 05:11:35.363,2.00838,2.00891,1.13,1.50
2012.06.12 05:11:40.159,2.00838,2.00899,1.13,1.13
2012.06.12 05:11:45.077,2.00852,2.00909,1.13,1.50
2012.06.12 05:11:45.384,2.00865,2.00918,1.13,2.25
2012.06.12 05:11:45.913,2.00865,2.00918,1.13,1.50
2012.06.12 05:11:50.184,2.00856,2.00918,1.13,1.50
2012.06.12 05:11:50.376,2.00856,2.00918,1.13,1.88
2012.06.12 05:11:50.738,2.00851,2.0091,1.13,1.50
2012.06.12 05:11:51.107,2.00851,2.0091,1.13,2.25
2012.06.12 05:11:51.435,2.0084,2.00898,2.25,1.13
2012.06.12 05:11:52.518,2.0084,2.00898,1.50,1.13
2012.06.12 05:11:53.607,2.0084,2.00898,2.25,1.13
2012.06.12 05:11:53.731,2.0084,2.00898,1.50,1.13
2012.06.12 05:11:54.310,2.00848,2.00898,1.50,1.13
2012.06.12 05:11:54.376,2.00852,2.00911,1.13,1.13
2012.06.12 05:11:55.375,2.00852,2.00911,1.13,3.38
2012.06.12 05:11:55.844,2.00852,2.00911,1.13,2.63
2012.06.12 05:11:56.167,2.00852,2.00911,1.13,3.38
2012.06.12 05:11:56.557,2.00852,2.00911,1.13,2.63
2012.06.12 05:11:58.374,2.00852,2.00911,1.13,3.38
2012.06.12 05:11:58.491,2.00852,2.00911,1.13,3.38
2012.06.12 05:11:58.603,2.00852,2.00911,1.13,2.63
2012.06.12 05:12:00.566,2.00852,2.00911,1.13,3.38
2012.06.12 05:12:00.997,2.00852,2.00891,1.13,1.50
2012.06.12 05:12:01.594,2.00852,2.009,1.13,1.50
2012.06.12 05:12:02.176,2.00852,2.00906,1.13,1.50
2012.06.12 05:12:02.245,2.00864,2.00906,1.13,1.50
2012.06.12 05:12:03.164,2.00864,2.00912,1.13,1.50
2012.06.12 05:12:09.864,2.00865,2.0092,1.13,2.25
2012.06.12 05:12:09.993,2.00865,2.0092,1.13,1.50
2012.06.12 05:12:10.078,2.00865,2.0092,1.13,2.25
2012.06.12 05:12:12.034,2.00865,2.00909,1.13,1.50
2012.06.12 05:12:15.639,2.00865,2.00914,1.13,2.25
2012.06.12 05:12:24.208,2.00865,2.00914,1.13,2.25
2012.06.12 05:12:24.658,2.00847,2.00905,1.13,2.25
2012.06.12 05:12:24.725,2.00847,2.00895,1.13,1.50
2012.06.12 05:12:25.346,2.00847,2.00895,1.13,2.25
2012.06.12 05:12:25.654,2.00826,2.00885,1.13,1.13
2012.06.12 05:12:26.165,2.00839,2.00896,1.13,2.63
2012.06.12 05:12:26.295,2.00839,2.00898,1.13,1.13
2012.06.12 05:12:26.363,2.00839,2.00898,1.13,1.50
2012.06.12 05:12:26.676,2.00829,2.00888,2.25,1.13
2012.06.12 05:12:26.864,2.00846,2.00901,1.13,1.50
2012.06.12 05:12:27.386,2.00846,2.00904,1.13,1.50
2012.06.12 05:12:27.515,2.00837,2.00895,1.50,1.13
2012.06.12 05:12:27.824,2.00845,2.00901,1.13,1.50
2012.06.12 05:12:28.367,2.00845,2.00901,1.13,1.88
2012.06.12 05:12:28.439,2.00837,2.00895,1.50,1.13
2012.06.12 05:12:28.505,2.00846,2.00901,1.13,1.50
2012.06.12 05:12:28.724,2.00846,2.00904,1.13,2.25
2012.06.12 05:12:30.096,2.00851,2.00912,1.13,1.50
2012.06.12 05:12:31.556,2.00851,2.0091,1.13,2.22
2012.06.12 05:12:31.687,2.0082,2.00873,1.50,1.13
2012.06.12 05:12:34.724,2.00825,2.00883,1.88,1.50
2012.06.12 05:12:34.796,2.00828,2.00886,1.50,1.13
2012.06.12 05:12:34.984,2.00839,2.00889,1.13,1.16
2012.06.12 05:12:35.054,2.00839,2.00898,1.13,1.58
2012.06.12 05:12:35.124,2.00839,2.00898,1.13,1.13
2012.06.12 05:12:35.195,2.00835,2.00902,1.50,1.13
2012.06.12 05:12:37.686,2.00835,2.00902,1.50,1.88
2012.06.12 05:12:38.024,2.00835,2.00885,1.50,1.13
2012.06.12 05:12:43.079,2.00826,2.00885,3.38,1.13
2012.06.12 05:12:46.897,2.00826,2.00885,3.38,1.13
2012.06.12 05:12:46.967,2.00838,2.00898,1.13,1.50
2012.06.12 05:12:47.395,2.00838,2.00899,1.13,1.88
2012.06.12 05:12:47.918,2.00834,2.00886,1.50,1.13
2012.06.12 05:12:47.991,2.00834,2.00893,1.50,1.13
2012.06.12 05:12:51.877,2.00834,2.00888,1.50,1.13
2012.06.12 05:12:52.114,2.00834,2.00894,1.50,1.50
2012.06.12 05:12:52.908,2.00834,2.00892,1.50,1.13
2012.06.12 05:12:53.576,2.00831,2.00892,1.13,1.50
2012.06.12 05:12:53.647,2.00827,2.00885,1.50,1.13
2012.06.12 05:12:54.015,2.00831,2.00893,1.13,1.50
2012.06.12 05:12:54.086,2.00831,2.00893,1.13,1.50
2012.06.12 05:12:56.556,2.00829,2.00888,1.13,1.13
2012.06.12 05:12:58.295,2.00829,2.00888,1.88,1.13
2012.06.12 05:12:58.634,2.00838,2.00897,1.13,1.50
2012.06.12 05:12:58.764,2.00838,2.00899,1.13,1.13
2012.06.12 05:12:59.094,2.00838,2.00899,1.88,1.13
2012.06.12 05:12:59.178,2.00838,2.00899,1.13,1.13
2012.06.12 05:12:59.347,2.00838,2.00887,1.13,1.50
2012.06.12 05:12:59.617,2.00838,2.00893,1.13,1.50
2012.06.12 05:13:00.174,2.00838,2.00885,1.13,1.50
2012.06.12 05:13:02.727,2.00838,2.00892,1.13,1.50
2012.06.12 05:13:07.923,2.00838,2.00892,1.13,1.88
2012.06.12 05:13:07.995,2.00838,2.00891,1.13,1.13
2012.06.12 05:13:08.123,2.00826,2.00885,1.13,1.88
2012.06.12 05:13:08.684,2.00826,2.00885,1.13,1.13
2012.06.12 05:13:10.278,2.00826,2.00884,1.13,1.50
2012.06.12 05:13:10.793,2.00814,2.00872,2.25,1.13
2012.06.12 05:13:11.006,2.0082,2.00889,2.63,1.13
2012.06.12 05:13:11.076,2.0082,2.00884,1.13,1.50
2012.06.12 05:13:12.024,2.00821,2.00889,1.50,1.88
2012.06.12 05:13:12.102,2.00821,2.00889,2.25,1.13
2012.06.12 05:13:13.946,2.00839,2.00891,1.13,1.95
2012.06.12 05:13:14.861,2.00839,2.00884,1.13,1.50
2012.06.12 05:13:16.695,2.00826,2.00884,1.13,1.50
2012.06.12 05:13:17.004,2.00838,2.00883,1.13,1.50
2012.06.12 05:13:17.077,2.00838,2.00892,1.13,2.33
2012.06.12 05:13:17.143,2.00825,2.00886,1.88,1.13
2012.06.12 05:13:17.464,2.00839,2.00892,1.13,1.95
2012.06.12 05:13:17.714,2.00826,2.00885,1.13,1.13
2012.06.12 05:13:21.474,2.00826,2.00884,1.13,1.50
2012.06.12 05:13:22.715,2.00826,2.00876,1.13,1.50
2012.06.12 05:13:22.785,2.00813,2.00872,1.88,1.13
2012.06.12 05:13:23.974,2.00813,2.00872,1.13,1.13
2012.06.12 05:13:25.627,2.00813,2.00872,1.88,1.13
2012.06.12 05:13:25.796,2.00813,2.00872,1.13,1.13
2012.06.12 05:13:26.305,2.00813,2.0087,1.13,1.50
2012.06.12 05:13:27.380,2.00813,2.00872,1.13,1.13
2012.06.12 05:13:28.105,2.00813,2.00872,1.88,1.13
2012.06.12 05:13:34.265,2.00813,2.00872,1.13,1.13
2012.06.12 05:13:34.815,2.00813,2.00872,1.88,1.13
2012.06.12 05:13:35.254,2.0082,2.00872,1.50,1.13
2012.06.12 05:13:36.793,2.00813,2.00872,1.13,1.13
2012.06.12 05:13:37.068,2.00813,2.00872,1.88,1.13
2012.06.12 05:13:37.374,2.00813,2.00872,1.88,1.13
2012.06.12 05:13:37.826,2.00838,2.00875,1.13,1.50
2012.06.12 05:13:37.897,2.00838,2.00883,1.13,1.50
2012.06.12 05:13:37.966,2.00838,2.00892,1.13,1.95
2012.06.12 05:13:39.124,2.00838,2.00892,1.13,1.95
2012.06.12 05:13:39.528,2.00838,2.00872,1.13,1.50
2012.06.12 05:13:39.956,2.00838,2.0088,1.13,1.50
2012.06.12 05:13:40.429,2.00838,2.00888,1.13,1.50
2012.06.12 05:13:45.540,2.00838,2.00871,1.13,1.50
2012.06.12 05:13:47.624,2.00838,2.00879,1.13,1.50
2012.06.12 05:13:56.507,2.00838,2.00887,1.13,1.50
2012.06.12 05:13:56.714,2.00838,2.00887,1.88,1.50
2012.06.12 05:13:56.838,2.00838,2.00887,1.13,1.50
2012.06.12 05:13:57.332,2.00838,2.00887,1.88,1.50
2012.06.12 05:13:57.457,2.00838,2.00892,1.88,1.95
2012.06.12 05:13:57.927,2.00838,2.00899,1.88,1.13
2012.06.12 05:13:58.001,2.00838,2.00892,1.88,1.50
2012.06.12 05:13:58.125,2.00838,2.00892,1.88,1.50
2012.06.12 05:13:58.195,2.00838,2.00892,1.13,1.88
2012.06.12 05:13:58.324,2.00828,2.00886,2.25,1.13
2012.06.12 05:13:58.915,2.00825,2.00886,1.88,1.13
2012.06.12 05:13:59.028,2.00825,2.00886,1.88,1.13
2012.06.12 05:14:01.336,2.00825,2.00886,1.88,1.13
2012.06.12 05:14:20.964,2.00825,2.00884,1.88,1.50
2012.06.12 05:14:27.115,2.00825,2.00886,1.88,1.13
2012.06.12 05:14:29.685,2.00825,2.00886,3.38,1.13
2012.06.12 05:14:42.102,2.00834,2.0089,1.13,1.50
2012.06.12 05:14:48.880,2.00834,2.00901,1.13,2.63
2012.06.12 05:14:54.076,2.00834,2.00901,1.88,2.63
2012.06.12 05:14:54.463,2.00834,2.00901,1.88,2.63
2012.06.12 05:15:01.137,2.00834,2.00893,1.88,1.50
2012.06.12 05:15:01.206,2.00834,2.00893,1.13,1.50
2012.06.12 05:15:06.078,2.00826,2.00893,1.13,1.50
2012.06.12 05:15:06.326,2.00834,2.00893,1.13,1.50
2012.06.12 05:15:07.545,2.00834,2.00893,1.88,1.50
2012.06.12 05:15:11.294,2.00834,2.00893,1.13,1.50
2012.06.12 05:15:11.653,2.00834,2.00886,1.13,1.50
2012.06.12 05:15:11.745,2.00834,2.00892,1.13,1.50
2012.06.12 05:15:15.476,2.00834,2.00892,1.88,1.50
2012.06.12 05:15:16.021,2.00834,2.00892,1.13,1.50
2012.06.12 05:15:17.185,2.00834,2.00886,1.13,1.50
2012.06.12 05:15:17.395,2.00834,2.00894,1.13,1.88
2012.06.12 05:15:17.665,2.00826,2.00885,1.13,1.13
2012.06.12 05:15:23.303,2.00826,2.00885,1.13,1.47
2012.06.12 05:15:23.614,2.00813,2.00872,1.88,1.13
2012.06.12 05:15:25.800,2.00813,2.00872,1.88,1.88
2012.06.12 05:15:25.865,2.00813,2.00872,1.13,1.88
2012.06.12 05:15:25.934,2.0081,2.0086,1.50,1.13
2012.06.12 05:15:26.474,2.0081,2.00865,1.50,1.13
2012.06.12 05:15:26.604,2.0081,2.00865,2.25,1.13
2012.06.12 05:15:27.330,2.00812,2.00873,1.88,1.13
2012.06.12 05:15:27.885,2.00812,2.00873,1.88,1.13
2012.06.12 05:15:28.157,2.00812,2.00873,1.13,1.88
2012.06.12 05:15:28.470,2.0081,2.00859,1.50,1.13
2012.06.12 05:15:31.080,2.00802,2.00859,2.25,1.13
2012.06.12 05:15:31.906,2.00812,2.00873,1.88,2.63
2012.06.12 05:15:32.413,2.00812,2.00873,1.13,1.13
2012.06.12 05:15:33.297,2.00812,2.00873,1.88,1.13
2012.06.12 05:15:33.665,2.00812,2.00873,1.13,1.13
2012.06.12 05:15:34.304,2.00812,2.00873,1.13,1.47
2012.06.12 05:15:34.615,2.00802,2.0086,2.25,1.13
2012.06.12 05:15:36.626,2.00812,2.00873,1.13,2.63
2012.06.12 05:15:42.365,2.00819,2.00873,1.13,1.50
2012.06.12 05:15:42.495,2.00819,2.0088,1.13,2.93
2012.06.12 05:15:42.567,2.00819,2.0088,1.13,2.63
2012.06.12 05:15:43.455,2.00819,2.00874,1.13,1.50
2012.06.12 05:15:43.705,2.00825,2.00883,1.13,1.84
2012.06.12 05:15:43.895,2.00819,2.0088,1.13,1.13
2012.06.12 05:15:44.026,2.00819,2.00878,1.13,1.50
2012.06.12 05:15:45.127,2.00826,2.00878,1.88,1.50
2012.06.12 05:15:50.197,2.00826,2.00885,1.88,1.13
2012.06.12 05:15:54.418,2.00826,2.00885,1.88,1.13
2012.06.12 05:15:54.728,2.00819,2.0088,1.88,1.13
2012.06.12 05:16:01.655,2.00819,2.0088,1.13,1.13
2012.06.12 05:16:12.605,2.00819,2.0088,1.88,1.13
2012.06.12 05:16:19.386,2.00823,2.00883,1.88,1.13
2012.06.12 05:16:19.606,2.00821,2.00879,2.25,1.13
2012.06.12 05:16:19.965,2.00821,2.00879,2.25,1.13
2012.06.12 05:16:20.216,2.00825,2.00886,1.88,1.13
2012.06.12 05:16:20.406,2.00832,2.00892,1.88,1.13
2012.06.12 05:16:21.343,2.00832,2.00892,1.88,1.13
2012.06.12 05:16:21.646,2.00838,2.00899,1.88,1.13
2012.06.12 05:16:23.727,2.00842,2.00899,2.25,1.13
2012.06.12 05:16:24.046,2.00848,2.00916,1.88,3.72
2012.06.12 05:16:24.558,2.00848,2.00916,1.88,1.13
2012.06.12 05:16:24.627,2.00848,2.0091,1.88,1.50
2012.06.12 05:16:24.939,2.00853,2.00918,1.88,1.50
2012.06.12 05:16:25.468,2.00847,2.00917,1.88,1.50
2012.06.12 05:16:25.596,2.00847,2.00914,1.88,1.50
2012.06.12 05:16:25.905,2.00847,2.00914,1.88,1.50
2012.06.12 05:16:25.982,2.00847,2.00914,1.88,1.50
2012.06.12 05:16:26.257,2.00847,2.00917,3.38,3.00
2012.06.12 05:16:26.576,2.00847,2.00911,1.88,1.50
2012.06.12 05:16:29.320,2.00847,2.00911,1.88,1.50
2012.06.12 05:16:29.698,2.00847,2.00903,1.88,1.50
2012.06.12 05:16:30.036,2.00847,2.00896,1.88,1.50
2012.06.12 05:16:33.058,2.00847,2.00896,1.88,1.50
2012.06.12 05:16:34.354,2.00847,2.00896,1.88,1.50
2012.06.12 05:16:34.466,2.00847,2.00896,1.88,1.50
2012.06.12 05:16:35.071,2.00847,2.00896,1.88,1.50
2012.06.12 05:16:35.136,2.00847,2.00896,1.88,1.50
2012.06.12 05:16:35.268,2.00846,2.00903,1.88,1.50
2012.06.12 05:16:35.989,2.00846,2.00897,1.88,1.50
2012.06.12 05:16:37.412,2.00846,2.00903,1.88,1.50
2012.06.12 05:16:42.334,2.00846,2.00911,1.88,1.50
2012.06.12 05:16:43.334,2.00846,2.00901,1.88,1.50
2012.06.12 05:16:46.735,2.00846,2.00908,1.88,1.50
2012.06.12 05:16:48.274,2.00846,2.009,1.88,1.50
2012.06.12 05:16:49.286,2.00846,2.00909,1.88,1.50
2012.06.12 05:16:49.696,2.00846,2.00909,1.13,1.50
2012.06.12 05:16:50.616,2.00846,2.00909,1.88,1.50
2012.06.12 05:16:50.926,2.0086,2.00909,1.13,1.50
2012.06.12 05:16:51.056,2.00852,2.00918,1.88,1.50
2012.06.12 05:16:51.126,2.00852,2.00918,1.88,1.50
2012.06.12 05:16:51.707,2.0086,2.00918,1.13,1.50
2012.06.12 05:16:51.840,2.0086,2.00926,1.13,1.50
2012.06.12 05:16:52.549,2.00877,2.00919,1.13,1.50
2012.06.12 05:16:57.887,2.00859,2.00919,1.88,1.50
2012.06.12 05:16:57.957,2.00859,2.00919,1.88,1.50
2012.06.12 05:16:58.990,2.00859,2.00919,1.13,1.50
2012.06.12 05:16:59.105,2.00859,2.00919,1.88,1.50
2012.06.12 05:16:59.298,2.00866,2.00917,2.25,1.13
2012.06.12 05:16:59.427,2.00866,2.00915,2.25,1.13
2012.06.12 05:17:00.330,2.00865,2.0092,1.88,1.50
2012.06.12 05:17:00.400,2.00865,2.0092,1.88,1.88
2012.06.12 05:17:00.755,2.00852,2.00911,1.88,1.13
2012.06.12 05:17:01.627,2.00852,2.00911,1.88,1.13
2012.06.12 05:17:01.876,2.00865,2.00924,1.88,1.13
2012.06.12 05:17:02.008,2.00872,2.00918,1.13,1.50
2012.06.12 05:17:02.306,2.00864,2.00918,1.13,1.50
2012.06.12 05:17:02.436,2.00864,2.00925,1.13,1.13
2012.06.12 05:17:02.586,2.00864,2.00918,1.13,1.50
2012.06.12 05:17:04.597,2.00864,2.00918,1.88,1.50
2012.06.12 05:17:04.710,2.00864,2.00925,1.88,1.13
2012.06.12 05:17:04.919,2.00869,2.00925,1.50,1.13
2012.06.12 05:17:05.227,2.0089,2.00932,1.13,1.50
2012.06.12 05:17:05.297,2.0089,2.00938,1.13,1.50
2012.06.12 05:17:05.488,2.0089,2.00947,1.13,2.85
2012.06.12 05:17:05.557,2.00874,2.0094,2.25,1.13
2012.06.12 05:17:05.625,2.00873,2.00938,1.88,1.50
2012.06.12 05:17:06.939,2.00873,2.00918,1.13,1.50
2012.06.12 05:17:07.134,2.00864,2.00913,1.88,1.50
2012.06.12 05:17:07.956,2.00864,2.00925,1.88,1.13
2012.06.12 05:17:09.261,2.00864,2.00918,1.88,1.50
2012.06.12 05:17:11.466,2.00864,2.00925,1.88,2.63
2012.06.12 05:17:13.006,2.00864,2.00917,1.88,1.50
2012.06.12 05:17:13.528,2.00864,2.00917,1.13,1.50
2012.06.12 05:17:13.777,2.00864,2.00925,1.13,1.13
2012.06.12 05:17:15.125,2.00864,2.00925,1.88,1.13
2012.06.12 05:17:17.515,2.00864,2.00924,1.13,1.50
2012.06.12 05:17:18.267,2.00864,2.00924,1.88,1.50
2012.06.12 05:17:18.425,2.00864,2.00924,1.13,1.50
2012.06.12 05:17:21.448,2.00864,2.00924,1.88,1.50
2012.06.12 05:17:22.104,2.00864,2.00924,1.88,1.50
2012.06.12 05:17:37.459,2.00864,2.00917,1.88,1.50
2012.06.12 05:17:39.898,2.00864,2.00925,1.88,1.13
2012.06.12 05:17:41.379,2.00864,2.00918,1.88,1.50
2012.06.12 05:17:41.448,2.00864,2.00918,1.88,1.50
2012.06.12 05:17:41.517,2.00864,2.00913,1.88,1.50
2012.06.12 05:17:41.681,2.00864,2.00918,1.88,1.50
2012.06.12 05:17:47.777,2.00868,2.00918,1.13,1.50
2012.06.12 05:17:48.151,2.00865,2.00918,1.88,1.50
2012.06.12 05:17:50.947,2.00865,2.00924,1.88,1.13
2012.06.12 05:17:53.017,2.00865,2.00923,1.88,1.50
2012.06.12 05:18:00.429,2.00865,2.00916,1.88,1.50
2012.06.12 05:18:00.736,2.00865,2.00904,1.88,1.50
2012.06.12 05:18:01.377,2.00865,2.0091,1.88,1.50
2012.06.12 05:18:01.509,2.00865,2.00917,1.88,1.50
2012.06.12 05:18:03.437,2.00865,2.00917,1.88,1.50
2012.06.12 05:18:03.508,2.00865,2.00924,1.88,1.13
2012.06.12 05:18:04.286,2.00873,2.0094,1.88,2.97
2012.06.12 05:18:04.572,2.00873,2.0093,1.88,1.50
2012.06.12 05:18:05.227,2.00873,2.00935,1.88,1.50
2012.06.12 05:18:08.352,2.00875,2.00935,1.88,1.50
2012.06.12 05:18:08.574,2.00875,2.00935,1.88,1.50
2012.06.12 05:18:16.197,2.00871,2.00928,1.88,1.50
2012.06.12 05:18:16.579,2.00866,2.00935,1.88,1.50
2012.06.12 05:18:16.749,2.00886,2.00945,1.13,1.13
2012.06.12 05:18:17.048,2.00894,2.00952,1.13,1.50
2012.06.12 05:18:17.616,2.00893,2.00951,1.13,1.13
2012.06.12 05:18:19.287,2.00893,2.00944,1.13,1.50
2012.06.12 05:18:23.907,2.00872,2.00929,1.13,1.50
2012.06.12 05:18:24.218,2.00872,2.0093,1.88,1.50
2012.06.12 05:18:24.549,2.0088,2.00935,1.13,1.50
2012.06.12 05:18:25.297,2.00865,2.0093,2.25,1.13
2012.06.12 05:18:27.837,2.00871,2.0093,1.13,1.50
2012.06.12 05:18:29.588,2.00871,2.0093,1.13,2.25
2012.06.12 05:18:29.896,2.00824,2.00885,3.38,1.50
2012.06.12 05:18:29.968,2.00844,2.00885,2.25,1.13
2012.06.12 05:18:30.037,2.00844,2.00909,3.38,1.13
2012.06.12 05:18:30.108,2.00853,2.00911,1.50,1.13
2012.06.12 05:18:30.177,2.00853,2.00914,1.50,1.88
2012.06.12 05:18:30.689,2.00832,2.0089,1.88,1.88
2012.06.12 05:18:30.758,2.00832,2.0089,1.88,1.50
2012.06.12 05:18:31.178,2.00832,2.0089,1.88,1.50
2012.06.12 05:18:31.412,2.00837,2.00895,1.88,1.88
2012.06.12 05:18:32.406,2.00857,2.00895,1.13,1.88
2012.06.12 05:18:32.596,2.00857,2.00895,1.13,1.50
2012.06.12 05:18:32.668,2.00857,2.00921,1.13,1.50
2012.06.12 05:18:32.737,2.00857,2.00921,1.13,1.13
2012.06.12 05:18:34.720,2.00856,2.00924,2.25,1.88
2012.06.12 05:18:37.076,2.00856,2.00917,1.50,1.13
2012.06.12 05:18:37.595,2.00856,2.00923,2.25,1.88
2012.06.12 05:18:39.324,2.00861,2.00926,1.13,3.00
2012.06.12 05:18:40.639,2.0086,2.00925,1.13,1.50
2012.06.12 05:18:41.214,2.00861,2.00925,1.13,1.50
2012.06.12 05:18:41.541,2.00859,2.0092,1.13,1.88
2012.06.12 05:18:41.666,2.00857,2.0092,1.13,1.88
2012.06.12 05:18:43.740,2.00851,2.00919,1.88,1.50
2012.06.12 05:18:44.486,2.00853,2.0092,1.88,1.88
2012.06.12 05:18:46.176,2.00853,2.0092,1.88,1.88
2012.06.12 05:18:46.606,2.00857,2.0092,1.13,1.88
2012.06.12 05:18:46.677,2.00859,2.0092,1.13,1.88
2012.06.12 05:18:47.187,2.0086,2.0092,1.13,1.50
2012.06.12 05:18:50.720,2.00863,2.0092,1.13,1.50
2012.06.12 05:18:51.253,2.00867,2.0092,1.13,1.50
2012.06.12 05:18:52.497,2.00865,2.0092,1.88,1.50
2012.06.12 05:18:53.249,2.00865,2.0092,1.88,1.50
2012.06.12 05:18:53.318,2.00865,2.00927,1.88,1.88
2012.06.12 05:18:55.038,2.00865,2.00918,1.88,1.50
2012.06.12 05:19:06.886,2.00867,2.00918,1.13,1.50
2012.06.12 05:19:07.017,2.0086,2.00918,1.88,1.50
2012.06.12 05:19:07.667,2.00866,2.00918,1.13,1.50
2012.06.12 05:19:07.937,2.00866,2.00918,1.88,1.50
2012.06.12 05:19:12.825,2.00866,2.00907,1.88,1.50
2012.06.12 05:19:12.956,2.00866,2.00907,1.13,1.50
2012.06.12 05:19:21.410,2.00866,2.00907,1.88,1.50
2012.06.12 05:19:21.478,2.00866,2.00919,1.88,1.50
2012.06.12 05:19:22.342,2.00866,2.00919,1.88,1.50
2012.06.12 05:19:22.468,2.00866,2.00912,1.88,1.50
2012.06.12 05:19:22.800,2.0087,2.00912,1.13,1.50
2012.06.12 05:19:29.307,2.00867,2.00912,1.13,1.50
2012.06.12 05:19:29.438,2.00867,2.00922,1.13,1.50
2012.06.12 05:19:29.688,2.00866,2.00913,1.13,1.50
2012.06.12 05:19:47.580,2.00863,2.00913,1.13,1.50
2012.06.12 05:19:48.090,2.00865,2.00913,1.13,1.50
2012.06.12 05:19:48.980,2.00866,2.00913,1.13,1.50
2012.06.12 05:19:50.415,2.00866,2.00922,1.13,1.50
2012.06.12 05:19:50.557,2.00866,2.00929,1.13,1.65
2012.06.12 05:19:51.238,2.00866,2.00929,1.13,1.50
2012.06.12 05:19:52.645,2.00874,2.00929,1.13,1.50
2012.06.12 05:19:54.167,2.00874,2.00918,1.13,1.50
2012.06.12 05:19:59.545,2.00875,2.00918,1.13,1.50
2012.06.12 05:20:00.246,2.00875,2.00928,1.13,1.50
2012.06.12 05:20:06.898,2.0087,2.00928,1.13,1.50
2012.06.12 05:20:13.746,2.0087,2.0092,1.13,1.50
2012.06.12 05:20:15.200,2.0087,2.0092,1.88,1.50
2012.06.12 05:20:15.270,2.0087,2.00927,1.88,1.50
2012.06.12 05:20:15.401,2.00873,2.00927,1.13,1.50
2012.06.12 05:20:15.529,2.00868,2.0092,1.13,1.50
2012.06.12 05:20:16.115,2.00877,2.0092,1.13,1.50
2012.06.12 05:20:16.418,2.00858,2.00908,1.13,1.50
2012.06.12 05:20:16.550,2.00858,2.00902,1.13,1.50
2012.06.12 05:20:20.377,2.00865,2.00902,1.13,1.50
2012.06.12 05:20:20.610,2.00851,2.00902,1.13,1.50
2012.06.12 05:20:21.085,2.00851,2.00895,1.13,1.50
2012.06.12 05:20:25.537,2.00851,2.00903,1.13,1.50
2012.06.12 05:20:25.758,2.00851,2.00893,1.13,1.50
2012.06.12 05:20:26.928,2.00853,2.00893,1.13,1.50
2012.06.12 05:20:27.500,2.00854,2.00893,1.13,1.50
2012.06.12 05:20:32.245,2.00853,2.00893,1.13,1.50
2012.06.12 05:20:32.315,2.00853,2.009,1.13,1.50
2012.06.12 05:20:35.158,2.00853,2.00901,1.13,1.50
2012.06.12 05:20:35.286,2.00853,2.00908,1.13,1.50
2012.06.12 05:20:35.488,2.00853,2.00901,1.13,1.50
2012.06.12 05:20:35.755,2.00853,2.00909,1.13,1.50
2012.06.12 05:20:35.926,2.00853,2.00898,1.13,1.50
2012.06.12 05:20:36.256,2.00853,2.00909,1.13,1.50
2012.06.12 05:20:36.477,2.00853,2.00901,1.13,1.50
2012.06.12 05:20:36.857,2.00853,2.00909,1.13,1.50
2012.06.12 05:20:37.456,2.00853,2.00901,1.13,1.50
2012.06.12 05:20:37.691,2.00853,2.00912,1.13,1.50
2012.06.12 05:20:37.898,2.00853,2.00904,1.13,1.50
2012.06.12 05:20:38.281,2.00853,2.00911,1.13,1.50
2012.06.12 05:20:38.446,2.00853,2.00903,1.13,1.50
2012.06.12 05:20:44.696,2.00853,2.00889,1.13,1.50
2012.06.12 05:20:45.558,2.00853,2.00883,1.13,1.50
2012.06.12 05:20:45.748,2.00845,2.00883,1.13,1.50
2012.06.12 05:20:46.598,2.00833,2.00883,1.88,1.50
2012.06.12 05:20:46.738,2.00833,2.00875,1.88,1.50
2012.06.12 05:20:46.866,2.00833,2.00875,1.13,1.50
2012.06.12 05:20:47.058,2.0082,2.00875,1.88,1.50
2012.06.12 05:20:47.797,2.0082,2.00878,1.88,1.13
2012.06.12 05:20:48.017,2.0082,2.00875,1.88,1.50
2012.06.12 05:20:48.711,2.0082,2.00875,1.13,1.50
2012.06.12 05:20:48.780,2.0082,2.00878,1.13,1.13
2012.06.12 05:20:49.077,2.0082,2.00881,1.88,1.13
2012.06.12 05:20:52.123,2.00822,2.00881,1.88,1.88
2012.06.12 05:20:52.426,2.00809,2.00868,1.88,1.13
2012.06.12 05:20:56.186,2.00821,2.00875,1.88,1.50
2012.06.12 05:20:57.752,2.0079,2.00835,1.50,1.13
2012.06.12 05:20:58.057,2.00796,2.00855,1.88,2.10
2012.06.12 05:20:58.409,2.00796,2.00861,1.88,1.84
2012.06.12 05:20:58.597,2.00796,2.00861,1.88,1.84
2012.06.12 05:20:58.969,2.00804,2.00862,2.25,1.13
2012.06.12 05:20:59.039,2.00804,2.00864,2.25,1.28
2012.06.12 05:21:01.070,2.00804,2.00864,2.25,1.28
2012.06.12 05:21:01.248,2.00795,2.00862,1.88,1.50
2012.06.12 05:21:02.809,2.00795,2.00855,1.88,1.50
2012.06.12 05:21:04.899,2.00797,2.00864,2.25,1.13
2012.06.12 05:21:04.965,2.00797,2.00864,2.25,1.13
2012.06.12 05:21:05.946,2.00814,2.00868,1.88,1.50
2012.06.12 05:21:12.070,2.00814,2.00868,1.88,1.50
2012.06.12 05:21:12.177,2.00814,2.00874,1.88,1.13
2012.06.12 05:21:14.083,2.00814,2.00867,1.88,1.50
2012.06.12 05:21:14.148,2.00814,2.00867,1.88,1.50
2012.06.12 05:21:24.029,2.00817,2.00867,1.13,1.50
2012.06.12 05:21:24.280,2.0082,2.00867,1.13,1.50
2012.06.12 05:21:24.805,2.00819,2.00867,1.13,1.50
2012.06.12 05:21:25.039,2.00817,2.00867,1.13,1.50
2012.06.12 05:21:26.196,2.00807,2.00867,1.13,1.50
2012.06.12 05:21:26.319,2.00807,2.00867,1.88,1.50
2012.06.12 05:21:26.638,2.00807,2.00867,1.13,1.50
2012.06.12 05:21:35.402,2.00807,2.0086,1.13,1.50
2012.06.12 05:21:35.866,2.00807,2.00868,1.13,2.63
2012.06.12 05:21:39.519,2.00807,2.00868,1.88,2.63
2012.06.12 05:21:39.640,2.00807,2.00868,1.13,2.63
2012.06.12 05:22:18.020,2.00807,2.00865,1.13,1.50
2012.06.12 05:22:29.715,2.00807,2.00859,1.13,1.50
2012.06.12 05:22:36.177,2.00807,2.00859,1.88,1.50
2012.06.12 05:22:36.306,2.00807,2.00868,1.13,1.13
2012.06.12 05:22:36.395,2.00807,2.00868,1.88,1.13
2012.06.12 05:22:36.545,2.00807,2.00868,1.13,1.13
2012.06.12 05:22:36.837,2.00807,2.00868,1.88,1.13
2012.06.12 05:22:37.149,2.00807,2.00863,1.88,1.50
2012.06.12 05:22:37.215,2.00807,2.00863,1.13,1.50
2012.06.12 05:22:49.156,2.00807,2.00863,1.88,1.50
2012.06.12 05:22:49.275,2.00807,2.00863,1.13,1.50
2012.06.12 05:22:55.426,2.00807,2.00863,1.88,1.50
2012.06.12 05:22:55.647,2.00807,2.00863,1.13,1.50
2012.06.12 05:22:57.065,2.00807,2.00867,1.13,1.50
2012.06.12 05:23:02.484,2.00807,2.00868,1.13,1.13
2012.06.12 05:23:02.866,2.00807,2.00868,1.13,1.50
2012.06.12 05:23:03.175,2.00797,2.00854,1.88,1.13
2012.06.12 05:23:03.328,2.00808,2.00867,1.13,2.63
2012.06.12 05:23:03.395,2.00808,2.00867,1.13,3.38
2012.06.12 05:23:03.705,2.00797,2.00857,1.50,1.13
2012.06.12 05:23:04.026,2.00808,2.00867,1.13,2.63
2012.06.12 05:23:04.376,2.00797,2.00854,1.50,1.13
2012.06.12 05:23:04.446,2.00797,2.00857,1.50,1.13
2012.06.12 05:23:04.575,2.00797,2.00857,2.25,1.13
2012.06.12 05:23:04.706,2.00808,2.00867,1.13,2.63
2012.06.12 05:23:05.619,2.00808,2.00867,1.13,3.00
2012.06.12 05:23:05.816,2.00808,2.00859,1.13,1.50
2012.06.12 05:23:05.892,2.00794,2.00855,1.88,1.13
2012.06.12 05:23:06.447,2.00794,2.00855,1.88,1.50
2012.06.12 05:23:06.518,2.00794,2.00852,1.88,1.50
2012.06.12 05:23:06.656,2.00781,2.00842,3.38,1.13
2012.06.12 05:23:09.396,2.00781,2.00842,1.88,1.13
2012.06.12 05:23:09.468,2.00781,2.00827,1.88,1.50
2012.06.12 05:23:09.778,2.00789,2.00827,1.13,1.50
2012.06.12 05:23:09.847,2.0077,2.00827,1.88,1.50
2012.06.12 05:23:10.629,2.0077,2.00837,1.88,2.63
2012.06.12 05:23:10.696,2.0077,2.00837,1.88,2.63
2012.06.12 05:23:11.372,2.0077,2.00837,1.88,2.63
2012.06.12 05:23:11.638,2.00771,2.00837,1.13,1.50
2012.06.12 05:23:11.969,2.00771,2.00837,1.88,1.50
2012.06.12 05:23:12.298,2.00783,2.00837,1.88,1.50
2012.06.12 05:23:12.371,2.00783,2.00835,1.88,1.50
2012.06.12 05:23:13.798,2.00783,2.00835,1.88,1.50
2012.06.12 05:23:14.769,2.00789,2.00835,1.88,1.50
2012.06.12 05:23:14.899,2.00789,2.00835,1.88,1.50
2012.06.12 05:23:14.986,2.00789,2.00841,1.88,1.50
2012.06.12 05:23:15.249,2.00789,2.00834,1.88,1.50
2012.06.12 05:23:18.100,2.00789,2.00846,1.88,1.50
2012.06.12 05:23:18.615,2.00789,2.00846,1.88,1.50
2012.06.12 05:23:18.965,2.00789,2.00854,1.88,1.50
2012.06.12 05:23:20.448,2.00807,2.00847,1.13,1.50
2012.06.12 05:23:20.666,2.00788,2.00847,1.88,1.50
2012.06.12 05:23:21.197,2.00788,2.00846,1.88,1.50
2012.06.12 05:23:22.209,2.00788,2.00846,1.88,1.50
2012.06.12 05:23:22.320,2.00788,2.00846,1.88,1.50
2012.06.12 05:23:22.387,2.00788,2.00854,1.88,1.50
2012.06.12 05:23:22.456,2.00782,2.00851,3.38,1.13
2012.06.12 05:23:24.228,2.00782,2.00841,1.88,1.50
2012.06.12 05:23:24.798,2.00779,2.00841,1.88,1.50
2012.06.12 05:23:27.673,2.00782,2.00849,2.25,1.13
2012.06.12 05:23:27.739,2.00782,2.00845,2.25,1.13
2012.06.12 05:23:27.989,2.00788,2.00847,1.13,1.50
2012.06.12 05:23:34.681,2.00788,2.0084,1.13,1.50
2012.06.12 05:23:35.298,2.00789,2.0084,1.88,1.50
2012.06.12 05:23:39.366,2.00789,2.0084,1.13,1.50
2012.06.12 05:23:49.617,2.00789,2.00847,1.13,2.63
2012.06.12 05:23:50.771,2.00789,2.0084,1.13,1.50
2012.06.12 05:23:58.456,2.00789,2.0084,1.88,1.50
2012.06.12 05:23:59.116,2.00789,2.0084,1.13,1.50
2012.06.12 05:24:10.587,2.00789,2.00842,1.13,1.50
2012.06.12 05:24:10.718,2.00789,2.00847,1.13,1.13
2012.06.12 05:24:24.703,2.00789,2.00847,1.88,1.13
2012.06.12 05:24:31.347,2.00789,2.00847,1.13,1.13
2012.06.12 05:24:38.279,2.00789,2.00841,1.13,1.50
2012.06.12 05:24:38.606,2.00789,2.00834,1.13,1.50
2012.06.12 05:24:39.066,2.0077,2.00834,1.88,1.50
2012.06.12 05:24:40.368,2.0077,2.00834,1.88,1.50
2012.06.12 05:24:40.506,2.0077,2.00837,3.38,1.13
2012.06.12 05:24:42.346,2.0077,2.00837,3.38,1.13
2012.06.12 05:24:42.801,2.0077,2.00837,3.38,1.13
2012.06.12 05:24:45.938,2.0077,2.00837,3.38,1.13
2012.06.12 05:24:46.007,2.0077,2.00837,2.63,1.13
2012.06.12 05:24:46.090,2.0077,2.00837,3.38,1.13
2012.06.12 05:24:47.380,2.00775,2.00837,1.50,1.13
2012.06.12 05:24:47.688,2.00801,2.00849,1.13,1.50
2012.06.12 05:24:47.879,2.0078,2.00838,1.50,1.13
2012.06.12 05:24:52.795,2.00771,2.00838,2.25,1.13
2012.06.12 05:24:57.590,2.00769,2.00836,1.88,1.50
2012.06.12 05:24:57.939,2.00769,2.00836,1.88,1.50
2012.06.12 05:24:58.099,2.00773,2.00838,2.25,1.13
2012.06.12 05:25:00.491,2.00773,2.00838,2.25,1.13
2012.06.12 05:25:00.557,2.00773,2.00838,2.25,1.13
2012.06.12 05:25:03.248,2.00773,2.00832,2.25,1.13
2012.06.12 05:25:03.439,2.00766,2.00832,2.25,1.13
2012.06.12 05:25:03.569,2.00766,2.00824,2.25,1.13
2012.06.12 05:25:03.887,2.00766,2.00824,2.25,1.13
2012.06.12 05:25:04.188,2.00775,2.00835,1.88,1.13
2012.06.12 05:25:04.349,2.00775,2.00835,1.88,1.13
2012.06.12 05:25:04.417,2.00768,2.00829,1.88,1.13
2012.06.12 05:25:04.866,2.0078,2.00829,1.50,1.13
2012.06.12 05:25:04.936,2.00768,2.00829,1.13,1.13
2012.06.12 05:25:05.007,2.00768,2.00829,1.88,1.13
2012.06.12 05:25:05.494,2.00789,2.00829,2.25,1.13
2012.06.12 05:25:05.560,2.00789,2.00845,2.25,1.13
2012.06.12 05:25:05.626,2.00794,2.00852,1.88,1.13
2012.06.12 05:25:05.698,2.00794,2.00855,1.88,1.13
2012.06.12 05:25:07.725,2.00801,2.00859,1.13,1.50
2012.06.12 05:25:08.110,2.00801,2.00851,1.13,1.50
2012.06.12 05:25:08.271,2.00794,2.00851,1.88,1.50
2012.06.12 05:25:09.005,2.00794,2.00851,1.13,1.50
2012.06.12 05:25:11.633,2.00794,2.00851,1.88,1.50
2012.06.12 05:25:12.208,2.00794,2.00851,1.13,1.50
2012.06.12 05:25:12.905,2.00794,2.00851,1.88,1.50
2012.06.12 05:25:18.044,2.00794,2.00851,1.13,1.50
2012.06.12 05:25:18.168,2.00794,2.00855,1.13,1.13
2012.06.12 05:25:24.192,2.00794,2.00855,1.88,1.13
2012.06.12 05:25:43.717,2.00794,2.00853,1.88,1.50
2012.06.12 05:26:00.199,2.00795,2.00855,2.25,1.13
2012.06.12 05:26:03.172,2.00795,2.00855,2.25,1.13
2012.06.12 05:26:03.696,2.00803,2.0087,2.25,1.50
2012.06.12 05:26:04.010,2.0082,2.00875,1.13,2.10
2012.06.12 05:26:04.258,2.00811,2.00867,1.50,1.13
2012.06.12 05:26:04.458,2.00811,2.0087,1.50,1.13
2012.06.12 05:26:04.648,2.0082,2.00881,1.13,1.73
2012.06.12 05:26:05.831,2.0082,2.00881,1.13,1.13
2012.06.12 05:26:31.894,2.0082,2.00881,1.88,1.13
2012.06.12 05:26:32.301,2.0082,2.00881,1.13,1.13
2012.06.12 05:26:40.858,2.00823,2.00881,1.50,1.13
2012.06.12 05:26:46.718,2.0082,2.00881,1.13,1.13
2012.06.12 05:26:54.975,2.0082,2.00879,1.13,1.50
2012.06.12 05:27:05.411,2.0082,2.00881,1.13,1.13
2012.06.12 05:27:13.067,2.0082,2.00876,1.13,1.50
2012.06.12 05:27:22.196,2.0082,2.00881,1.13,1.13
2012.06.12 05:27:22.574,2.0082,2.00879,1.13,1.50
2012.06.12 05:27:23.516,2.0082,2.00881,1.13,1.13
2012.06.12 05:27:27.679,2.0082,2.0088,1.13,1.50
2012.06.12 05:27:32.469,2.00828,2.0088,1.13,1.50
2012.06.12 05:27:32.775,2.00828,2.00871,1.13,1.50
2012.06.12 05:27:33.090,2.00828,2.00871,1.13,1.88
2012.06.12 05:27:33.158,2.00802,2.0086,1.13,1.13
2012.06.12 05:27:33.946,2.00809,2.0086,1.50,1.13
2012.06.12 05:27:37.549,2.00802,2.0086,2.63,1.13
2012.06.12 05:27:37.619,2.00802,2.0086,3.38,1.13
2012.06.12 05:27:37.689,2.00802,2.0086,2.63,1.13
2012.06.12 05:27:38.030,2.00802,2.00856,1.13,1.50
2012.06.12 05:27:38.732,2.00801,2.00856,1.13,1.50
2012.06.12 05:27:41.626,2.00801,2.00861,1.13,1.13
2012.06.12 05:27:41.819,2.00807,2.00863,1.13,1.50
2012.06.12 05:27:42.170,2.00802,2.0086,1.13,1.13
2012.06.12 05:27:46.382,2.00802,2.00862,1.13,1.13
2012.06.12 05:27:46.780,2.00802,2.0086,1.13,1.13
2012.06.12 05:28:09.688,2.00804,2.0086,1.50,1.13
2012.06.12 05:28:17.026,2.00802,2.0086,1.13,1.13
2012.06.12 05:28:21.902,2.00802,2.00859,1.13,1.50
2012.06.12 05:28:22.582,2.00802,2.0086,1.13,1.13
2012.06.12 05:28:29.862,2.00802,2.0086,1.88,1.13
2012.06.12 05:28:30.250,2.00802,2.0086,1.13,1.13
2012.06.12 05:28:30.412,2.00802,2.0086,1.88,1.13
2012.06.12 05:28:30.639,2.00802,2.0086,1.13,1.13
2012.06.12 05:28:39.657,2.00802,2.0086,1.88,1.13
2012.06.12 05:28:39.770,2.00802,2.0086,1.13,1.13
2012.06.12 05:28:39.900,2.00804,2.0086,1.50,1.13
2012.06.12 05:28:40.029,2.00802,2.0086,1.13,1.13
2012.06.12 05:28:40.219,2.00807,2.00866,1.13,2.25
2012.06.12 05:28:40.570,2.00801,2.00861,1.13,1.47
2012.06.12 05:28:41.373,2.00801,2.00861,1.13,1.13
2012.06.12 05:28:41.439,2.00807,2.00866,1.13,1.50
2012.06.12 05:28:42.319,2.00807,2.00856,1.13,1.50
2012.06.12 05:28:43.910,2.00807,2.00848,1.13,1.50
2012.06.12 05:28:44.257,2.00807,2.00856,1.13,1.50
2012.06.12 05:28:44.509,2.00814,2.00856,1.13,1.50
2012.06.12 05:28:44.758,2.00802,2.00856,1.13,1.50
2012.06.12 05:28:44.950,2.00802,2.00856,1.50,1.50
2012.06.12 05:28:45.077,2.00789,2.00856,1.50,1.50
2012.06.12 05:28:45.268,2.00791,2.00849,1.88,1.50
2012.06.12 05:28:45.826,2.00793,2.00849,1.88,1.50
2012.06.12 05:28:46.018,2.00796,2.00854,1.13,1.50
2012.06.12 05:28:47.639,2.00795,2.00846,1.50,1.50
2012.06.12 05:28:47.710,2.00793,2.00846,1.88,1.50
2012.06.12 05:28:47.781,2.00798,2.00846,1.13,1.50
2012.06.12 05:28:48.310,2.00798,2.00854,1.13,1.50
2012.06.12 05:28:48.382,2.00806,2.00854,1.13,1.50
2012.06.12 05:28:48.758,2.00802,2.00864,1.88,1.50
2012.06.12 05:28:49.098,2.00802,2.00864,1.88,1.50
2012.06.12 05:28:49.169,2.00802,2.00855,1.13,1.50
2012.06.12 05:28:49.479,2.0082,2.00855,1.13,1.50
2012.06.12 05:28:52.597,2.00817,2.00855,1.13,1.50
2012.06.12 05:28:52.728,2.0081,2.00855,1.13,1.50
2012.06.12 05:28:52.802,2.0081,2.00864,1.13,1.50
2012.06.12 05:28:52.929,2.0081,2.00864,1.88,1.50
2012.06.12 05:28:52.998,2.0081,2.0087,1.88,2.63
2012.06.12 05:28:53.083,2.0081,2.0087,1.13,2.63
2012.06.12 05:28:53.150,2.0081,2.0087,1.13,2.78
2012.06.12 05:28:53.501,2.0081,2.00863,1.13,1.50
2012.06.12 05:29:01.300,2.0081,2.0087,1.13,1.58
2012.06.12 05:29:07.100,2.0081,2.00863,1.13,1.50
2012.06.12 05:29:11.316,2.0081,2.00855,1.13,1.50
2012.06.12 05:29:13.350,2.00797,2.00855,1.13,1.50
2012.06.12 05:29:13.600,2.00785,2.00844,2.25,1.13
2012.06.12 05:29:19.609,2.00785,2.0084,2.25,1.13
2012.06.12 05:29:20.881,2.00785,2.0084,2.25,1.13
2012.06.12 05:29:20.948,2.00788,2.00855,1.88,1.50
2012.06.12 05:29:21.077,2.00791,2.00858,2.25,1.13
2012.06.12 05:29:21.207,2.00808,2.00863,1.13,1.80
2012.06.12 05:29:21.799,2.00808,2.00863,1.13,1.80
2012.06.12 05:29:24.468,2.00808,2.0086,1.13,1.50
2012.06.12 05:29:25.786,2.00808,2.00853,1.13,1.50
2012.06.12 05:29:26.866,2.00808,2.00844,1.13,1.50
2012.06.12 05:29:27.137,2.00808,2.00852,1.13,1.50
2012.06.12 05:29:27.330,2.00808,2.00844,1.13,1.50
2012.06.12 05:29:27.399,2.00788,2.00844,1.13,1.50
2012.06.12 05:29:27.470,2.00788,2.00837,1.88,1.50
2012.06.12 05:29:27.662,2.00788,2.00837,1.88,1.50
2012.06.12 05:29:28.121,2.00788,2.00847,1.13,1.50
2012.06.12 05:29:28.268,2.00788,2.00847,1.88,1.50
2012.06.12 05:29:28.369,2.00788,2.00847,1.13,1.50
2012.06.12 05:29:28.637,2.00788,2.00839,1.13,1.50
2012.06.12 05:29:34.348,2.00782,2.00839,1.50,1.50
2012.06.12 05:29:34.653,2.00782,2.00839,2.25,1.50
2012.06.12 05:29:35.028,2.00789,2.00839,1.13,1.50
2012.06.12 05:29:38.555,2.00792,2.00839,1.13,1.50
2012.06.12 05:29:38.748,2.00788,2.00839,1.13,1.50
2012.06.12 05:29:39.136,2.00782,2.00839,1.88,1.50
2012.06.12 05:29:39.396,2.00782,2.00839,1.13,1.50
2012.06.12 05:29:39.467,2.00782,2.00846,1.13,1.50
2012.06.12 05:29:39.536,2.00775,2.00845,1.88,1.13
2012.06.12 05:29:39.606,2.00775,2.00826,1.13,1.50
2012.06.12 05:29:39.675,2.00764,2.00826,1.88,1.50
2012.06.12 05:29:40.014,2.00762,2.00826,1.13,1.50
2012.06.12 05:29:40.075,2.00762,2.00826,1.88,1.50
2012.06.12 05:29:40.315,2.00762,2.00832,2.63,1.13
2012.06.12 05:29:40.435,2.00762,2.00832,3.38,1.13
2012.06.12 05:29:40.795,2.00762,2.0082,1.13,1.50
2012.06.12 05:29:42.928,2.00762,2.00828,1.13,1.50
2012.06.12 05:29:43.357,2.00762,2.0082,1.13,1.50
2012.06.12 05:29:44.438,2.00762,2.0082,1.88,1.50
2012.06.12 05:29:44.549,2.00762,2.0082,1.13,1.50
2012.06.12 05:29:44.768,2.00762,2.00819,1.88,1.50
2012.06.12 05:29:44.988,2.00762,2.00819,1.13,1.50
2012.06.12 05:29:48.895,2.00762,2.00828,1.13,1.50
2012.06.12 05:29:51.413,2.00762,2.00828,1.50,1.50
2012.06.12 05:29:51.474,2.00767,2.00819,1.13,1.50
2012.06.12 05:30:00.328,2.00767,2.0082,1.13,1.50
2012.06.12 05:30:04.574,2.00767,2.00824,1.13,1.50
2012.06.12 05:30:05.212,2.00767,2.00815,1.13,1.50
2012.06.12 05:30:06.225,2.0075,2.00815,1.88,1.50
2012.06.12 05:30:06.286,2.0075,2.00815,1.50,1.50
2012.06.12 05:30:06.417,2.00745,2.00807,1.13,1.50
2012.06.12 05:30:06.725,2.00763,2.00816,1.13,1.50
2012.06.12 05:30:23.438,2.00763,2.00821,1.13,1.50
2012.06.12 05:30:25.913,2.00766,2.00831,1.50,2.63
2012.06.12 05:30:26.249,2.00765,2.00831,2.25,1.13
2012.06.12 05:30:27.675,2.00765,2.00831,1.50,1.13
2012.06.12 05:30:28.842,2.00765,2.00831,2.25,1.13
2012.06.12 05:30:30.551,2.00765,2.00831,2.25,1.13
2012.06.12 05:30:30.701,2.00765,2.00831,2.25,1.13
2012.06.12 05:30:31.757,2.00765,2.00831,2.25,1.13
2012.06.12 05:30:31.912,2.00765,2.00831,2.25,1.13
2012.06.12 05:30:31.981,2.00765,2.00831,1.50,1.13
2012.06.12 05:30:32.073,2.00765,2.00831,2.25,1.13
2012.06.12 05:30:37.368,2.00765,2.00831,1.50,1.13
2012.06.12 05:30:37.728,2.00763,2.00824,1.13,1.50
2012.06.12 05:30:38.065,2.00763,2.00816,1.13,1.50
2012.06.12 05:30:38.581,2.00764,2.0083,1.50,1.50
2012.06.12 05:30:44.833,2.00764,2.0083,2.25,1.50
2012.06.12 05:30:45.601,2.00764,2.0083,1.50,1.50
2012.06.12 05:30:46.642,2.00764,2.0083,2.25,1.50
2012.06.12 05:30:46.770,2.00764,2.0083,1.50,1.50
2012.06.12 05:30:46.882,2.00764,2.0083,2.25,1.50
2012.06.12 05:30:46.971,2.00764,2.0083,1.50,1.50
2012.06.12 05:30:47.860,2.00764,2.0083,2.25,1.50
2012.06.12 05:30:47.962,2.00764,2.0083,1.50,1.50
2012.06.12 05:30:50.444,2.00764,2.0083,2.25,1.50
2012.06.12 05:30:50.750,2.00788,2.0083,1.13,1.50
2012.06.12 05:30:50.823,2.00788,2.00845,1.13,1.50
2012.06.12 05:30:51.145,2.00778,2.00845,1.50,3.38
2012.06.12 05:30:51.214,2.00797,2.00837,1.50,1.13
2012.06.12 05:30:51.526,2.00803,2.00837,2.25,1.13
2012.06.12 05:30:51.711,2.00814,2.00874,1.13,1.50
2012.06.12 05:30:51.929,2.00809,2.00867,1.50,1.88
2012.06.12 05:30:52.763,2.00808,2.00867,1.13,1.88
2012.06.12 05:30:59.633,2.00808,2.00867,2.63,1.13
2012.06.12 05:30:59.757,2.00815,2.00867,1.50,1.13
2012.06.12 05:30:59.968,2.00815,2.00881,1.50,2.55
2012.06.12 05:31:00.240,2.00815,2.00868,1.50,1.13
2012.06.12 05:31:00.488,2.0081,2.00868,1.50,1.88
2012.06.12 05:31:03.687,2.0081,2.00868,1.50,1.88
2012.06.12 05:31:03.817,2.0081,2.00868,1.50,1.88
2012.06.12 05:31:03.887,2.00816,2.00868,1.50,1.88
2012.06.12 05:31:07.442,2.0081,2.00868,1.50,1.88
2012.06.12 05:31:07.621,2.0081,2.00868,1.50,1.13
2012.06.12 05:31:07.711,2.0081,2.00868,1.50,1.88
2012.06.12 05:31:08.697,2.00807,2.0086,1.13,1.50
2012.06.12 05:31:08.967,2.00795,2.00858,1.50,1.88
2012.06.12 05:31:09.158,2.00788,2.00852,1.13,1.50
2012.06.12 05:31:09.657,2.00788,2.00838,1.13,1.50
2012.06.12 05:31:09.789,2.00788,2.00844,1.13,1.50
2012.06.12 05:31:19.678,2.00788,2.00851,1.13,1.50
2012.06.12 05:31:27.128,2.00788,2.00846,1.13,1.50
2012.06.12 05:31:27.493,2.00795,2.00858,2.63,1.13
2012.06.12 05:31:27.566,2.00808,2.00866,1.13,1.50
2012.06.12 05:31:27.871,2.00801,2.00857,1.50,1.13
2012.06.12 05:31:27.998,2.00808,2.00866,1.13,1.50
2012.06.12 05:31:28.684,2.00808,2.00867,1.13,1.13
2012.06.12 05:31:29.601,2.00808,2.00867,1.13,1.88
2012.06.12 05:31:30.026,2.00808,2.00863,1.13,1.50
2012.06.12 05:31:31.252,2.00808,2.00867,1.13,1.13
2012.06.12 05:31:31.350,2.00808,2.00867,1.13,1.88
2012.06.12 05:31:31.687,2.00808,2.00862,1.13,2.25
2012.06.12 05:31:32.030,2.00789,2.0083,1.13,1.50
2012.06.12 05:31:32.280,2.00771,2.0083,1.13,1.50
2012.06.12 05:31:32.466,2.00772,2.00838,2.25,1.50
2012.06.12 05:31:33.329,2.0078,2.00845,1.50,1.88
2012.06.12 05:31:33.506,2.00773,2.00839,2.25,1.50
2012.06.12 05:31:35.463,2.00779,2.00844,1.50,1.50
2012.06.12 05:31:35.588,2.00779,2.00844,1.50,2.25
2012.06.12 05:31:35.717,2.00772,2.00834,1.50,1.13
2012.06.12 05:31:42.487,2.00779,2.00835,1.50,1.13
2012.06.12 05:31:42.806,2.00787,2.0084,1.50,2.63
2012.06.12 05:31:42.876,2.00787,2.0084,1.50,1.88
2012.06.12 05:31:42.947,2.00781,2.0084,1.50,1.88
2012.06.12 05:31:43.136,2.00781,2.00844,1.50,1.50
2012.06.12 05:31:49.609,2.00781,2.00844,1.50,2.25
2012.06.12 05:31:57.858,2.00781,2.00844,1.50,1.50
2012.06.12 05:31:59.838,2.00781,2.00844,1.50,2.25
2012.06.12 05:32:02.924,2.00776,2.00842,2.63,2.25
2012.06.12 05:32:08.561,2.00776,2.00842,3.38,1.50
2012.06.12 05:32:09.067,2.00776,2.00836,1.88,1.50
2012.06.12 05:32:11.028,2.00783,2.00844,1.50,1.50
2012.06.12 05:32:12.538,2.0079,2.00844,1.50,1.13
2012.06.12 05:32:15.848,2.00783,2.00844,2.25,1.13
2012.06.12 05:32:16.080,2.00783,2.00844,1.50,1.13
2012.06.12 05:32:16.389,2.00783,2.00838,1.50,1.13
2012.06.12 05:32:16.749,2.00777,2.00838,1.50,1.13
2012.06.12 05:32:24.547,2.00784,2.00838,1.50,1.13
2012.06.12 05:32:25.480,2.00789,2.00838,1.50,1.13
2012.06.12 05:32:25.551,2.00784,2.00838,1.50,1.13
2012.06.12 05:32:26.740,2.0079,2.00838,1.50,1.13
2012.06.12 05:32:27.499,2.00784,2.00838,1.50,1.13
2012.06.12 05:32:27.950,2.00776,2.00838,1.50,1.13
2012.06.12 05:32:28.079,2.0077,2.00837,2.63,2.25
2012.06.12 05:32:29.151,2.0077,2.00827,1.13,1.50
2012.06.12 05:32:30.800,2.0077,2.0082,1.13,1.50
2012.06.12 05:32:31.352,2.0077,2.00826,1.13,1.50
2012.06.12 05:32:35.391,2.0077,2.00826,1.13,2.25
2012.06.12 05:32:38.408,2.0077,2.00826,1.13,2.25
2012.06.12 05:32:39.746,2.0077,2.00826,1.13,2.25
2012.06.12 05:32:39.952,2.0077,2.00826,1.13,2.25
2012.06.12 05:32:40.070,2.0077,2.00826,1.13,2.25
2012.06.12 05:32:40.280,2.0077,2.00826,1.13,2.25
2012.06.12 05:32:41.451,2.0077,2.00816,1.13,1.50
2012.06.12 05:32:41.766,2.0077,2.00816,1.13,2.25
2012.06.12 05:32:42.085,2.0077,2.00816,1.13,1.50
2012.06.12 05:32:42.219,2.0077,2.00822,1.13,1.50
2012.06.12 05:32:45.487,2.0077,2.00816,1.13,1.50
2012.06.12 05:32:47.237,2.0077,2.00823,1.13,1.50
2012.06.12 05:32:47.459,2.0077,2.00833,1.13,1.50
2012.06.12 05:32:47.896,2.00774,2.00838,1.50,1.88
2012.06.12 05:32:47.960,2.00774,2.00838,1.50,1.13
2012.06.12 05:32:48.464,2.00774,2.00838,1.50,1.88
2012.06.12 05:32:49.389,2.0077,2.00827,1.13,1.50
2012.06.12 05:32:50.731,2.0077,2.00816,1.13,2.25
2012.06.12 05:32:51.352,2.00772,2.00824,1.13,2.25
2012.06.12 05:32:51.438,2.00772,2.00824,1.13,1.50
2012.06.12 05:32:51.568,2.00769,2.00824,1.13,1.50
2012.06.12 05:32:53.250,2.00769,2.00829,1.13,1.50
2012.06.12 05:32:54.210,2.00769,2.00823,1.13,2.25
2012.06.12 05:32:58.141,2.00769,2.00823,1.13,1.50
2012.06.12 05:32:58.240,2.00769,2.00823,1.13,2.25
2012.06.12 05:32:58.574,2.00771,2.00823,1.13,2.25
2012.06.12 05:32:58.640,2.00771,2.00829,1.13,2.25
2012.06.12 05:32:58.711,2.00771,2.00829,1.13,1.50
2012.06.12 05:32:58.780,2.00779,2.00839,1.50,2.25
2012.06.12 05:32:59.435,2.00779,2.00838,1.50,1.13
2012.06.12 05:32:59.559,2.00787,2.00838,1.50,1.13
2012.06.12 05:33:00.432,2.00787,2.00832,1.50,1.13
2012.06.12 05:33:00.501,2.00782,2.00832,1.50,1.13
2012.06.12 05:33:00.750,2.00781,2.00839,1.13,1.50
2012.06.12 05:33:00.820,2.00781,2.00842,2.63,1.13
2012.06.12 05:33:00.890,2.00781,2.00842,2.63,1.88
2012.06.12 05:33:01.402,2.00781,2.00842,2.63,1.88
2012.06.12 05:33:01.841,2.00781,2.00842,2.63,1.13
2012.06.12 05:33:02.008,2.00781,2.00842,2.63,1.88
2012.06.12 05:33:02.573,2.00781,2.00842,2.63,1.13
2012.06.12 05:33:02.643,2.00786,2.00845,1.13,1.88
2012.06.12 05:33:03.180,2.00786,2.00845,1.13,3.38
2012.06.12 05:33:03.431,2.00787,2.00842,1.50,1.13
2012.06.12 05:33:03.556,2.00781,2.00842,1.13,1.13
2012.06.12 05:33:03.620,2.00786,2.00845,1.13,1.88
2012.06.12 05:33:06.034,2.00782,2.00841,1.13,1.13
2012.06.12 05:33:06.429,2.00786,2.00841,1.50,1.13
2012.06.12 05:33:06.814,2.00786,2.00841,1.50,1.88
2012.06.12 05:33:07.055,2.00782,2.00841,1.13,3.38
2012.06.12 05:33:07.120,2.00782,2.00841,1.13,2.63
2012.06.12 05:33:07.243,2.00782,2.00841,1.13,3.38
2012.06.12 05:33:08.043,2.00782,2.00841,1.13,3.38
2012.06.12 05:33:08.111,2.00782,2.00841,1.13,2.63
2012.06.12 05:33:08.209,2.00782,2.00841,1.13,3.38
2012.06.12 05:33:10.209,2.00769,2.00829,1.50,1.88
2012.06.12 05:33:10.339,2.00769,2.00829,1.50,1.13
2012.06.12 05:33:10.530,2.00776,2.00834,1.13,1.13
2012.06.12 05:33:10.894,2.00782,2.00841,1.13,2.97
2012.06.12 05:33:12.091,2.00782,2.00836,1.13,1.50
2012.06.12 05:33:12.440,2.00777,2.00831,1.50,1.13
2012.06.12 05:33:12.802,2.0077,2.00831,1.50,1.13
2012.06.12 05:33:13.809,2.0077,2.00831,2.25,1.13
2012.06.12 05:33:14.127,2.0077,2.00837,3.38,1.50
2012.06.12 05:33:17.768,2.0077,2.00837,3.38,1.50
2012.06.12 05:33:18.224,2.0077,2.00837,2.63,2.25
2012.06.12 05:33:18.493,2.0077,2.0083,1.13,1.50
2012.06.12 05:33:24.902,2.00771,2.0083,1.13,1.50
2012.06.12 05:33:25.011,2.00769,2.0083,1.13,1.50
2012.06.12 05:33:26.744,2.00769,2.0083,1.88,1.50
2012.06.12 05:33:26.855,2.00769,2.0083,1.13,1.50
2012.06.12 05:33:27.240,2.00769,2.00836,2.63,2.25
2012.06.12 05:33:27.405,2.00769,2.00836,3.38,1.50
2012.06.12 05:33:35.547,2.00769,2.00836,2.63,2.25
2012.06.12 05:33:36.209,2.00769,2.0083,1.13,1.50
2012.06.12 05:33:45.603,2.00776,2.0083,1.13,2.25
2012.06.12 05:33:45.790,2.0076,2.00824,1.13,1.50
2012.06.12 05:33:45.921,2.0076,2.00817,1.13,1.50
2012.06.12 05:33:46.230,2.00774,2.00817,1.13,1.50
2012.06.12 05:33:46.460,2.00774,2.00828,1.13,1.50
2012.06.12 05:33:46.769,2.00779,2.00828,1.13,1.50
2012.06.12 05:33:49.652,2.00779,2.00844,2.63,1.50
2012.06.12 05:33:49.939,2.00779,2.00844,3.38,1.50
2012.06.12 05:33:50.192,2.00786,2.0085,2.25,1.50
2012.06.12 05:33:52.910,2.00786,2.0085,2.25,1.50
2012.06.12 05:33:53.021,2.00786,2.0085,1.50,1.50
2012.06.12 05:33:53.261,2.00779,2.00846,3.38,1.50
2012.06.12 05:33:55.828,2.00779,2.00837,1.88,1.50
2012.06.12 05:33:55.898,2.00779,2.00837,1.13,1.50
2012.06.12 05:33:59.599,2.00779,2.00837,1.88,1.50
2012.06.12 05:34:02.979,2.00779,2.00842,1.88,1.50
2012.06.12 05:34:07.728,2.00783,2.00849,2.25,1.50
2012.06.12 05:34:19.619,2.00783,2.00849,1.50,1.50
2012.06.12 05:34:19.839,2.00783,2.00849,2.25,1.50
2012.06.12 05:34:20.928,2.00788,2.00855,1.50,1.50
2012.06.12 05:34:23.129,2.00783,2.00849,2.25,1.50
2012.06.12 05:34:32.437,2.0079,2.00855,1.50,1.50
2012.06.12 05:34:38.316,2.0079,2.00855,1.50,2.25
2012.06.12 05:34:38.439,2.00782,2.00847,1.50,1.88
2012.06.12 05:34:43.109,2.00789,2.00853,1.50,1.88
2012.06.12 05:34:45.269,2.00781,2.00848,1.50,1.88
2012.06.12 05:34:53.228,2.00771,2.00837,1.50,1.50
2012.06.12 05:34:59.756,2.00777,2.00842,1.50,1.50
2012.06.12 05:35:00.129,2.00783,2.00851,1.50,2.25
2012.06.12 05:35:02.217,2.00777,2.00842,1.50,1.50
2012.06.12 05:35:02.397,2.00786,2.00845,1.50,1.13
2012.06.12 05:35:02.879,2.00794,2.00853,1.50,1.88
2012.06.12 05:35:07.097,2.0079,2.00853,1.50,1.88
2012.06.12 05:35:12.968,2.00779,2.00845,1.50,1.88
2012.06.12 05:35:15.139,2.00789,2.00845,1.50,1.13
2012.06.12 05:35:15.472,2.00794,2.00854,1.50,2.63
2012.06.12 05:35:16.012,2.00789,2.00854,1.50,2.63
2012.06.12 05:35:17.252,2.00781,2.00845,1.50,1.13
2012.06.12 05:35:17.711,2.00774,2.0084,1.50,1.50
2012.06.12 05:35:18.657,2.00774,2.0084,2.25,1.50
2012.06.12 05:35:19.142,2.00782,2.00847,1.50,1.88
2012.06.12 05:35:21.910,2.00776,2.00842,1.50,1.50
2012.06.12 05:35:23.297,2.00771,2.00836,1.50,1.50
2012.06.12 05:35:23.600,2.00771,2.00832,1.50,1.13
2012.06.12 05:35:23.909,2.00765,2.00824,1.13,1.50
2012.06.12 05:35:24.211,2.00765,2.00816,1.13,1.50
2012.06.12 05:35:24.550,2.00765,2.00816,1.13,2.25
2012.06.12 05:35:24.620,2.00757,2.00816,1.13,3.38
2012.06.12 05:35:24.750,2.00753,2.00807,1.50,1.13
2012.06.12 05:35:25.080,2.00747,2.00807,1.50,1.13
2012.06.12 05:35:25.332,2.00738,2.00798,1.88,1.50
2012.06.12 05:35:25.641,2.00747,2.00798,1.13,1.50
2012.06.12 05:35:25.711,2.00747,2.00806,1.13,2.63
2012.06.12 05:35:25.780,2.00747,2.00806,1.13,1.88
2012.06.12 05:35:25.970,2.00751,2.00806,1.13,1.50
2012.06.12 05:35:26.320,2.00756,2.00806,1.13,1.50
2012.06.12 05:35:26.391,2.00756,2.00815,1.13,1.13
2012.06.12 05:35:27.555,2.00758,2.00818,1.13,1.13
2012.06.12 05:35:29.333,2.00757,2.00816,1.13,1.13
2012.06.12 05:35:30.641,2.00762,2.00816,2.25,1.13
2012.06.12 05:35:43.608,2.00757,2.00816,1.13,1.13
2012.06.12 05:35:43.773,2.00757,2.00813,1.13,1.50
2012.06.12 05:35:44.187,2.00757,2.00816,1.88,1.13
2012.06.12 05:35:48.378,2.00757,2.00816,1.13,1.13
2012.06.12 05:35:48.509,2.00757,2.00812,1.13,1.50
2012.06.12 05:35:48.916,2.00757,2.00812,1.88,1.50
2012.06.12 05:35:49.451,2.00757,2.00816,1.88,1.13
2012.06.12 05:35:51.695,2.00756,2.00815,1.88,1.13
2012.06.12 05:35:54.775,2.00759,2.00817,1.88,1.13
2012.06.12 05:35:55.343,2.00755,2.00816,1.88,1.13
2012.06.12 05:35:57.432,2.00759,2.00817,1.88,1.13
2012.06.12 05:36:04.690,2.00755,2.00816,1.88,1.13
2012.06.12 05:36:06.086,2.00755,2.00816,1.13,1.13
2012.06.12 05:36:06.151,2.00755,2.00803,1.13,1.09
2012.06.12 05:36:06.731,2.00753,2.00776,2.25,1.13
2012.06.12 05:36:06.805,2.00755,2.00815,1.88,1.50
2012.06.12 05:36:07.341,2.00763,2.00815,1.13,1.50
2012.06.12 05:36:07.541,2.00763,2.00821,1.88,1.50
2012.06.12 05:36:07.612,2.00763,2.00821,1.13,1.50
2012.06.12 05:36:07.742,2.00763,2.00829,1.88,1.50
2012.06.12 05:36:07.871,2.00763,2.00829,1.88,1.50
2012.06.12 05:36:07.939,2.00782,2.00837,1.13,1.50
2012.06.12 05:36:08.199,2.00788,2.00837,1.13,1.50
2012.06.12 05:36:08.851,2.00788,2.00832,1.13,1.50
2012.06.12 05:36:09.672,2.00788,2.00838,1.13,1.50
2012.06.12 05:36:09.742,2.00788,2.00846,1.13,1.50
2012.06.12 05:36:10.281,2.00788,2.00837,1.13,1.50
2012.06.12 05:36:14.691,2.00788,2.00833,1.13,1.50
2012.06.12 05:36:15.020,2.00788,2.00837,1.13,1.50
2012.06.12 05:36:15.090,2.00781,2.00837,1.13,1.50
2012.06.12 05:36:17.250,2.00781,2.00829,1.13,1.50
2012.06.12 05:36:18.030,2.00781,2.00821,1.13,1.50
2012.06.12 05:36:18.160,2.00763,2.00816,1.13,1.50
2012.06.12 05:36:18.230,2.00763,2.00808,1.13,1.50
2012.06.12 05:36:19.939,2.00763,2.00815,1.13,1.50
2012.06.12 05:36:23.541,2.00762,2.00815,1.13,1.50
2012.06.12 05:36:25.205,2.00762,2.00815,1.88,1.50
2012.06.12 05:36:25.331,2.00762,2.00815,1.13,1.50
2012.06.12 05:36:25.462,2.00762,2.00815,1.88,1.50
2012.06.12 05:36:25.530,2.00762,2.00815,1.13,1.50
2012.06.12 05:36:26.020,2.00762,2.00821,1.13,1.50
2012.06.12 05:36:46.078,2.00762,2.00819,1.13,1.50
2012.06.12 05:36:50.291,2.00762,2.00812,1.13,1.50
2012.06.12 05:36:50.916,2.00762,2.00812,1.88,1.50
2012.06.12 05:36:50.978,2.00762,2.00818,1.88,1.50
2012.06.12 05:36:51.050,2.00762,2.00818,1.13,1.50
2012.06.12 05:36:51.250,2.00762,2.00818,1.88,1.50
2012.06.12 05:36:51.356,2.00762,2.00818,1.13,1.50
2012.06.12 05:37:02.686,2.00762,2.00818,1.88,1.50
2012.06.12 05:37:02.797,2.00762,2.00818,1.13,1.50
2012.06.12 05:37:02.920,2.00762,2.00818,1.88,1.50
2012.06.12 05:37:03.073,2.00762,2.00818,1.13,1.50
2012.06.12 05:37:10.591,2.00762,2.00808,1.13,1.50
2012.06.12 05:37:10.937,2.00762,2.00802,1.13,1.50
2012.06.12 05:37:11.631,2.00741,2.00802,1.88,1.50
2012.06.12 05:37:11.703,2.00741,2.0079,1.13,1.50
2012.06.12 05:37:14.891,2.00741,2.00795,1.13,1.50
2012.06.12 05:37:15.119,2.00741,2.00795,1.88,1.50
2012.06.12 05:37:19.268,2.00741,2.00795,1.13,1.50
2012.06.12 05:37:21.421,2.00737,2.00795,1.13,1.50
2012.06.12 05:37:21.831,2.00737,2.0079,1.13,1.50
2012.06.12 05:37:25.908,2.00739,2.0079,1.13,1.50
2012.06.12 05:37:26.152,2.00739,2.00795,1.13,1.50
2012.06.12 05:37:26.280,2.00736,2.00795,1.13,1.50
2012.06.12 05:37:35.159,2.00739,2.00806,1.50,3.00
2012.06.12 05:37:35.229,2.00739,2.00806,2.25,3.00
2012.06.12 05:37:36.689,2.0075,2.00806,1.50,1.13
2012.06.12 05:37:38.470,2.00743,2.00787,1.50,1.13
2012.06.12 05:37:38.539,2.00736,2.00787,2.25,1.13
2012.06.12 05:37:38.610,2.00736,2.00787,2.25,1.13
2012.06.12 05:37:38.681,2.00736,2.00803,3.38,1.50
2012.06.12 05:37:38.868,2.00736,2.00795,1.88,1.50
2012.06.12 05:37:38.940,2.00736,2.00795,1.88,1.50
2012.06.12 05:37:39.012,2.00736,2.00781,1.88,1.50
2012.06.12 05:37:39.302,2.00736,2.00792,1.88,1.50
2012.06.12 05:37:39.430,2.00736,2.00785,1.88,1.50
2012.06.12 05:37:39.739,2.00736,2.00781,1.13,1.50
2012.06.12 05:37:39.871,2.00726,2.00781,1.13,1.50
2012.06.12 05:37:39.961,2.00737,2.00781,1.13,1.50
2012.06.12 05:37:40.229,2.00726,2.00781,1.13,1.50
2012.06.12 05:37:41.063,2.00726,2.0078,1.88,1.50
2012.06.12 05:37:41.358,2.00728,2.0078,1.13,1.50
2012.06.12 05:37:42.186,2.00727,2.0078,1.13,1.50
2012.06.12 05:37:43.445,2.00727,2.00772,1.13,1.50
2012.06.12 05:37:45.955,2.00727,2.00781,1.13,1.50
2012.06.12 05:37:46.065,2.00727,2.00781,1.88,1.50
2012.06.12 05:37:46.188,2.00727,2.00786,3.38,1.13
2012.06.12 05:37:46.413,2.00727,2.00786,3.38,1.13
2012.06.12 05:37:46.949,2.00737,2.00802,2.25,1.50
2012.06.12 05:37:48.013,2.00736,2.00803,3.38,1.50
2012.06.12 05:37:48.085,2.00736,2.00803,2.63,1.50
2012.06.12 05:37:49.127,2.00736,2.00803,2.63,2.25
2012.06.12 05:37:49.274,2.00736,2.00803,2.63,1.88
2012.06.12 05:37:49.341,2.00736,2.00776,1.13,1.50
2012.06.12 05:37:49.409,2.00736,2.00782,1.13,1.50
2012.06.12 05:37:49.613,2.00736,2.00789,1.13,1.50
2012.06.12 05:37:49.950,2.00736,2.00782,1.13,1.50
2012.06.12 05:37:50.431,2.00736,2.00771,1.13,1.50
2012.06.12 05:37:50.503,2.00727,2.00771,1.13,1.50
2012.06.12 05:37:51.444,2.00733,2.00771,1.13,1.50
2012.06.12 05:37:51.921,2.00726,2.00771,1.88,1.50
2012.06.12 05:37:56.211,2.0072,2.00771,1.13,1.50
2012.06.12 05:37:57.602,2.00723,2.00771,1.13,1.50
2012.06.12 05:37:58.591,2.00725,2.00764,1.13,1.50
2012.06.12 05:37:58.718,2.00725,2.00774,1.13,1.50
2012.06.12 05:37:59.678,2.00725,2.00767,1.13,1.50
2012.06.12 05:38:00.532,2.00725,2.00773,1.13,1.50
2012.06.12 05:38:00.812,2.00725,2.0078,1.13,1.50
2012.06.12 05:38:02.039,2.00725,2.00774,1.13,1.50
2012.06.12 05:38:04.599,2.00725,2.00779,1.13,1.50
2012.06.12 05:38:08.491,2.00734,2.00779,1.13,1.50
2012.06.12 05:38:09.050,2.00726,2.00779,1.13,1.50
2012.06.12 05:38:10.402,2.00726,2.00782,1.13,1.84
2012.06.12 05:38:10.473,2.0072,2.00778,1.13,1.09
2012.06.12 05:38:10.540,2.0072,2.00767,1.13,1.50
2012.06.12 05:38:10.609,2.0072,2.00776,1.13,2.22
2012.06.12 05:38:10.741,2.0072,2.00764,1.13,1.50
2012.06.12 05:38:11.111,2.00713,2.00756,1.13,1.50
2012.06.12 05:38:12.621,2.00711,2.00756,1.13,1.50
2012.06.12 05:38:13.129,2.00712,2.00756,1.13,1.50
2012.06.12 05:38:17.219,2.00712,2.00763,1.13,1.50
2012.06.12 05:38:31.182,2.00712,2.00756,1.13,1.50
2012.06.12 05:38:32.090,2.00712,2.00764,1.13,1.50
2012.06.12 05:38:36.531,2.00712,2.00773,1.13,2.63
2012.06.12 05:38:36.799,2.00714,2.00773,1.50,1.13
2012.06.12 05:38:37.525,2.00712,2.00773,1.13,1.13
2012.06.12 05:38:38.581,2.00711,2.00771,1.13,1.13
2012.06.12 05:38:40.230,2.00711,2.00771,1.88,1.13
2012.06.12 05:38:40.731,2.00712,2.0077,1.88,1.13
2012.06.12 05:38:42.432,2.00712,2.0077,1.13,1.13
2012.06.12 05:38:42.500,2.00712,2.00758,1.13,1.50
2012.06.12 05:38:42.866,2.00712,2.0075,1.13,1.50
2012.06.12 05:38:42.990,2.00696,2.0075,1.13,1.50
2012.06.12 05:38:43.489,2.00696,2.0074,1.13,1.50
2012.06.12 05:38:43.739,2.00686,2.0074,1.13,1.50
2012.06.12 05:38:49.708,2.00686,2.00747,1.88,1.50
2012.06.12 05:38:49.929,2.00686,2.0074,1.88,1.50
2012.06.12 05:38:55.521,2.00686,2.00746,1.13,1.50
2012.06.12 05:38:55.830,2.00693,2.00746,1.13,1.50
2012.06.12 05:38:56.558,2.00693,2.00753,1.13,1.13
2012.06.12 05:38:56.689,2.007,2.00753,1.50,1.13
2012.06.12 05:38:56.951,2.00698,2.00753,1.50,1.13
2012.06.12 05:38:57.170,2.00693,2.00753,1.88,1.13
2012.06.12 05:38:57.334,2.00693,2.00753,1.13,1.13
2012.06.12 05:38:57.498,2.00693,2.0075,1.13,1.50
2012.06.12 05:38:59.150,2.00693,2.0075,1.88,1.50
2012.06.12 05:38:59.690,2.00693,2.00753,1.88,1.13
2012.06.12 05:38:59.819,2.00698,2.00753,1.50,1.13
2012.06.12 05:39:00.019,2.00693,2.00753,1.13,1.13
2012.06.12 05:39:06.352,2.00695,2.00753,1.50,1.13
2012.06.12 05:39:06.749,2.00693,2.00753,1.13,1.13
2012.06.12 05:39:09.699,2.00694,2.00754,1.88,1.13
2012.06.12 05:39:10.463,2.00696,2.00754,2.25,1.13
2012.06.12 05:39:10.531,2.00698,2.00758,1.13,1.13
2012.06.12 05:39:11.080,2.00698,2.00748,1.13,1.50
2012.06.12 05:39:11.670,2.00698,2.00753,1.13,1.50
2012.06.12 05:39:12.084,2.00695,2.00753,1.13,1.50
2012.06.12 05:39:13.029,2.00695,2.00756,1.13,1.13
2012.06.12 05:39:14.692,2.00695,2.00753,1.13,1.50
2012.06.12 05:39:16.934,2.00695,2.00756,1.13,1.13
2012.06.12 05:39:17.432,2.007,2.00756,1.50,1.13
2012.06.12 05:39:17.767,2.00695,2.00756,1.13,2.63
2012.06.12 05:39:18.183,2.00697,2.00756,1.50,1.13
2012.06.12 05:39:18.731,2.00695,2.00756,1.13,1.13
2012.06.12 05:39:29.860,2.00703,2.00757,1.13,1.50
2012.06.12 05:39:29.931,2.00703,2.00761,1.13,1.13
2012.06.12 05:39:30.643,2.00701,2.0076,1.13,1.13
2012.06.12 05:39:35.767,2.00701,2.00757,1.13,1.50
2012.06.12 05:39:36.799,2.007,2.00757,1.13,1.50
2012.06.12 05:39:36.941,2.00695,2.00753,1.13,1.13
2012.06.12 05:39:37.112,2.00699,2.00757,1.13,1.50
2012.06.12 05:39:37.435,2.00694,2.00754,1.13,1.13
2012.06.12 05:39:37.570,2.00694,2.0075,1.13,1.50
2012.06.12 05:39:50.439,2.00688,2.00747,1.13,1.13
2012.06.12 05:39:50.810,2.00688,2.00743,1.13,1.50
2012.06.12 05:39:51.214,2.00693,2.00743,1.13,1.50
2012.06.12 05:39:51.480,2.00693,2.00749,1.13,1.50
2012.06.12 05:39:51.551,2.00695,2.00749,1.13,1.50
2012.06.12 05:39:54.529,2.00693,2.00749,1.13,1.50
2012.06.12 05:39:55.873,2.00693,2.00749,1.88,1.50
2012.06.12 05:39:56.233,2.00693,2.00753,1.88,1.13
2012.06.12 05:39:56.644,2.00693,2.00753,1.13,1.13
2012.06.12 05:39:56.721,2.00693,2.00741,1.13,1.50
2012.06.12 05:39:57.271,2.00693,2.00747,1.13,1.50
2012.06.12 05:40:03.749,2.00693,2.00742,1.13,1.50
2012.06.12 05:40:03.940,2.00681,2.00739,1.88,1.13
2012.06.12 05:40:04.198,2.00693,2.00747,1.13,1.50
2012.06.12 05:40:04.530,2.00693,2.00739,1.13,1.50
2012.06.12 05:40:07.928,2.00693,2.00746,1.13,1.50
2012.06.12 05:40:08.359,2.00682,2.0074,1.13,1.13
2012.06.12 05:40:08.490,2.00686,2.0074,1.50,1.13
2012.06.12 05:40:23.639,2.00694,2.0075,1.13,1.50
2012.06.12 05:40:24.350,2.00699,2.00754,1.50,1.13
2012.06.12 05:40:24.481,2.00694,2.00754,1.13,1.13
2012.06.12 05:40:24.821,2.00685,2.0074,2.25,1.13
2012.06.12 05:40:25.184,2.0069,2.0074,2.25,1.13
2012.06.12 05:40:25.503,2.0069,2.0074,1.50,1.13
2012.06.12 05:40:25.710,2.0071,2.0074,1.50,1.13
2012.06.12 05:40:25.843,2.00697,2.0074,1.50,1.13
2012.06.12 05:40:25.912,2.00704,2.0074,1.50,1.13
2012.06.12 05:40:25.983,2.00704,2.00752,1.50,1.09
2012.06.12 05:40:26.054,2.00695,2.00747,1.50,1.50
2012.06.12 05:40:26.301,2.00688,2.00746,1.50,1.28
2012.06.12 05:40:26.373,2.00684,2.00744,1.88,1.13
2012.06.12 05:40:26.680,2.00682,2.00736,1.50,1.13
2012.06.12 05:40:27.127,2.00682,2.00733,2.25,1.13
2012.06.12 05:40:27.189,2.00682,2.00739,2.25,1.13
2012.06.12 05:40:27.261,2.00694,2.00739,1.50,1.13
2012.06.12 05:40:29.419,2.00687,2.00739,1.50,1.13
2012.06.12 05:40:37.258,2.00681,2.00739,3.38,1.13
2012.06.12 05:40:40.622,2.00681,2.00739,3.38,1.13
2012.06.12 05:40:41.139,2.00695,2.00759,2.25,2.63
2012.06.12 05:40:41.450,2.00696,2.00759,1.88,1.50
2012.06.12 05:40:42.399,2.00696,2.00759,1.13,1.50
2012.06.12 05:40:42.469,2.00696,2.00747,1.13,1.50
2012.06.12 05:40:42.970,2.00686,2.00744,1.88,1.13
2012.06.12 05:40:44.501,2.00686,2.00737,1.13,1.50
2012.06.12 05:40:46.950,2.00686,2.00732,1.13,1.50
2012.06.12 05:40:48.029,2.00686,2.00742,1.13,1.50
2012.06.12 05:40:48.249,2.00686,2.00734,1.13,1.50
2012.06.12 05:40:48.599,2.00686,2.00742,1.13,1.50
2012.06.12 05:40:48.889,2.00686,2.00742,1.88,1.50
2012.06.12 05:40:49.199,2.00686,2.00742,1.13,1.50
2012.06.12 05:40:49.332,2.00686,2.00735,1.88,1.50
2012.06.12 05:40:49.645,2.00693,2.00735,1.13,1.50
2012.06.12 05:40:50.082,2.00691,2.00735,1.13,1.50
2012.06.12 05:40:50.372,2.00691,2.00743,1.13,1.50
2012.06.12 05:40:50.509,2.00691,2.00752,1.13,1.13
2012.06.12 05:40:50.640,2.00691,2.00743,1.13,1.50
2012.06.12 05:40:56.490,2.00686,2.00743,1.13,1.50
2012.06.12 05:40:56.680,2.00688,2.00743,1.13,1.50
2012.06.12 05:40:56.991,2.00688,2.0073,1.13,1.50
2012.06.12 05:41:00.618,2.00688,2.00737,1.13,1.50
2012.06.12 05:41:01.618,2.00688,2.00743,1.13,1.50
2012.06.12 05:41:06.469,2.00688,2.00736,1.13,1.50
2012.06.12 05:41:08.542,2.00688,2.00743,1.13,1.50
2012.06.12 05:41:11.391,2.00679,2.00734,1.50,1.13
2012.06.12 05:41:11.640,2.00687,2.00743,1.13,1.50
2012.06.12 05:41:43.989,2.00687,2.00736,1.13,1.50
2012.06.12 05:41:44.640,2.00695,2.00736,1.13,1.50
2012.06.12 05:41:44.709,2.00695,2.00742,1.13,1.50
2012.06.12 05:41:48.219,2.00695,2.00737,1.13,1.50
2012.06.12 05:41:48.740,2.00681,2.00737,1.13,1.50
2012.06.12 05:41:52.080,2.00681,2.00741,1.13,1.13
2012.06.12 05:41:52.150,2.00681,2.00741,1.50,1.13
2012.06.12 05:41:52.484,2.00695,2.00743,1.13,1.50
2012.06.12 05:42:04.429,2.00687,2.00743,1.13,1.50
2012.06.12 05:42:10.208,2.00687,2.00737,1.13,1.50
2012.06.12 05:42:11.638,2.00687,2.00748,1.13,1.13
2012.06.12 05:42:11.711,2.00687,2.00748,1.88,1.13
2012.06.12 05:42:12.291,2.00687,2.00744,1.88,1.50
2012.06.12 05:42:13.060,2.00687,2.00748,1.88,1.13
2012.06.12 05:42:13.811,2.00683,2.00738,2.25,1.13
2012.06.12 05:42:13.901,2.00683,2.00738,1.50,1.13
2012.06.12 05:42:13.969,2.00679,2.00738,1.88,1.13
2012.06.12 05:42:15.989,2.00677,2.00725,1.50,1.50
2012.06.12 05:42:17.931,2.00683,2.00738,1.50,1.13
2012.06.12 05:42:18.002,2.00683,2.00738,2.25,1.13
2012.06.12 05:42:18.973,2.00683,2.00738,1.50,1.13
2012.06.12 05:42:19.070,2.00683,2.00738,2.25,1.13
2012.06.12 05:42:19.291,2.00683,2.00738,1.50,1.13
2012.06.12 05:42:20.390,2.00683,2.00738,2.25,1.13
2012.06.12 05:42:21.601,2.00683,2.00738,1.50,1.13
2012.06.12 05:42:21.956,2.00677,2.00738,1.50,1.13
2012.06.12 05:42:22.512,2.00677,2.00729,1.50,1.50
2012.06.12 05:42:23.890,2.00677,2.00729,1.13,1.50
2012.06.12 05:42:24.099,2.00666,2.00722,1.13,1.50
2012.06.12 05:42:24.169,2.00665,2.00722,1.13,1.50
2012.06.12 05:42:24.611,2.00656,2.0072,2.25,1.13
2012.06.12 05:42:24.740,2.00656,2.0072,1.50,1.13
2012.06.12 05:42:25.049,2.00662,2.0072,1.50,1.13
2012.06.12 05:42:25.511,2.00662,2.0072,2.25,1.13
2012.06.12 05:42:25.820,2.0066,2.00727,1.13,2.63
2012.06.12 05:42:32.393,2.00664,2.00727,2.25,1.13
2012.06.12 05:42:32.733,2.0067,2.00727,1.50,1.13
2012.06.12 05:42:32.800,2.00664,2.00727,2.25,1.13
2012.06.12 05:42:33.491,2.00664,2.00719,1.50,1.13
2012.06.12 05:42:33.560,2.00656,2.00719,2.25,1.13
2012.06.12 05:42:33.691,2.00659,2.00719,1.13,1.13
2012.06.12 05:42:33.760,2.00659,2.00723,1.13,1.13
2012.06.12 05:42:34.839,2.00658,2.00722,2.25,1.13
2012.06.12 05:42:40.368,2.00654,2.00719,1.88,1.50
2012.06.12 05:42:41.349,2.00654,2.00709,1.88,1.50
2012.06.12 05:42:41.775,2.00654,2.00718,1.88,1.50
2012.06.12 05:42:41.839,2.00654,2.00718,1.88,1.50
2012.06.12 05:42:42.229,2.00654,2.00718,1.88,1.50
2012.06.12 05:42:42.658,2.00654,2.00705,1.88,1.50
2012.06.12 05:42:42.892,2.00654,2.00705,1.88,1.50
2012.06.12 05:42:43.399,2.00656,2.00705,1.13,1.50
2012.06.12 05:42:43.529,2.00656,2.00711,1.13,1.50
2012.06.12 05:42:43.661,2.00658,2.00711,1.13,1.50
2012.06.12 05:42:45.421,2.00655,2.00711,1.13,1.50
2012.06.12 05:42:45.642,2.00658,2.00711,1.13,1.50
2012.06.12 05:42:47.539,2.00658,2.00705,1.13,1.50
2012.06.12 05:42:51.619,2.00645,2.00705,2.25,1.13
2012.06.12 05:42:51.781,2.00645,2.007,2.25,1.50
2012.06.12 05:42:52.322,2.00645,2.00705,2.25,2.63
2012.06.12 05:42:54.001,2.0064,2.00697,1.13,1.13
2012.06.12 05:42:54.714,2.00627,2.00679,2.25,1.13
2012.06.12 05:42:55.319,2.00621,2.00679,2.25,1.13
2012.06.12 05:42:59.378,2.00619,2.00675,2.25,1.50
2012.06.12 05:42:59.450,2.00619,2.00675,1.88,1.50
2012.06.12 05:42:59.520,2.00607,2.00666,1.13,1.13
2012.06.12 05:42:59.839,2.00632,2.00678,1.13,1.13
2012.06.12 05:43:00.033,2.00632,2.00689,2.25,1.50
2012.06.12 05:43:00.381,2.00632,2.00681,1.88,1.50
2012.06.12 05:43:00.639,2.0062,2.00678,1.88,1.13
2012.06.12 05:43:05.330,2.0062,2.00678,1.13,1.13
2012.06.12 05:43:05.460,2.00617,2.00675,1.13,1.13
2012.06.12 05:43:08.469,2.00617,2.0067,1.13,1.50
2012.06.12 05:43:09.820,2.00617,2.00664,1.13,1.50
2012.06.12 05:43:10.225,2.00617,2.00658,1.13,1.50
2012.06.12 05:43:10.478,2.00601,2.00666,1.13,1.50
2012.06.12 05:43:18.919,2.00595,2.00662,1.13,1.13
2012.06.12 05:43:21.671,2.00595,2.00655,1.13,1.50
2012.06.12 05:43:23.529,2.00595,2.0066,1.13,1.50
2012.06.12 05:43:27.450,2.00595,2.00654,1.13,1.50
2012.06.12 05:43:28.592,2.00595,2.0066,1.13,1.13
2012.06.12 05:43:28.662,2.00595,2.0066,1.13,1.13
2012.06.12 05:43:28.945,2.00595,2.00659,1.13,1.13
2012.06.12 05:43:29.374,2.00595,2.00659,1.13,1.13
2012.06.12 05:43:29.811,2.00601,2.00665,1.13,1.13
2012.06.12 05:43:30.034,2.00613,2.00667,1.13,1.50
2012.06.12 05:43:30.538,2.00606,2.00666,2.25,1.13
2012.06.12 05:43:38.239,2.0062,2.00668,2.25,1.50
2012.06.12 05:43:38.649,2.0062,2.00668,1.13,1.50
2012.06.12 05:43:38.726,2.00594,2.00658,1.13,1.13
2012.06.12 05:43:38.792,2.00594,2.00652,2.25,1.13
2012.06.12 05:43:38.859,2.00606,2.00664,1.88,1.50
2012.06.12 05:43:38.930,2.00606,2.00656,2.25,1.50
2012.06.12 05:43:39.178,2.00606,2.00665,1.88,1.50
2012.06.12 05:43:39.250,2.006,2.00659,1.13,1.13
2012.06.12 05:43:40.113,2.006,2.00658,1.13,1.50
2012.06.12 05:43:47.456,2.006,2.00648,1.13,1.50
2012.06.12 05:43:47.880,2.00596,2.00648,1.13,1.50
2012.06.12 05:43:50.190,2.0059,2.00648,1.50,1.50
2012.06.12 05:43:50.263,2.0059,2.0064,1.50,1.13
2012.06.12 05:43:51.111,2.00581,2.00634,1.13,1.50
2012.06.12 05:43:51.183,2.0058,2.00634,1.88,1.50
2012.06.12 05:43:51.252,2.0058,2.00622,1.88,1.50
2012.06.12 05:43:51.564,2.0058,2.00623,1.13,1.50
2012.06.12 05:43:51.635,2.00562,2.00617,1.13,1.50
2012.06.12 05:43:51.759,2.00562,2.00621,1.13,1.13
2012.06.12 05:43:52.389,2.00568,2.00621,1.13,1.13
2012.06.12 05:43:52.761,2.00569,2.00627,1.13,1.13
2012.06.12 05:43:56.350,2.00574,2.0063,1.13,1.50
2012.06.12 05:43:56.420,2.00581,2.0063,1.13,1.50
2012.06.12 05:43:56.553,2.00581,2.00637,2.25,1.50
2012.06.12 05:44:15.619,2.00581,2.00637,2.25,1.50
2012.06.12 05:44:16.497,2.00581,2.00635,2.25,1.50
2012.06.12 05:44:20.349,2.00581,2.00635,2.25,1.50
2012.06.12 05:44:23.473,2.00581,2.00628,2.25,1.50
2012.06.12 05:44:29.509,2.00581,2.00635,2.25,1.50
2012.06.12 05:44:37.937,2.00581,2.00635,2.25,1.50
2012.06.12 05:44:38.523,2.00586,2.00641,1.13,1.50
2012.06.12 05:44:38.895,2.00589,2.00641,1.13,1.50
2012.06.12 05:44:39.008,2.00585,2.00641,1.88,1.50
2012.06.12 05:44:39.262,2.00575,2.00637,1.13,1.13
2012.06.12 05:44:39.621,2.00575,2.00635,1.13,1.50
2012.06.12 05:44:44.691,2.00575,2.00635,1.13,1.50
2012.06.12 05:44:44.760,2.00575,2.00628,1.13,1.50
2012.06.12 05:44:45.012,2.00559,2.00619,1.88,2.63
2012.06.12 05:44:45.142,2.00561,2.00619,1.13,1.13
2012.06.12 05:44:45.211,2.00561,2.00614,1.13,1.50
2012.06.12 05:44:46.907,2.00569,2.00614,1.88,1.50
2012.06.12 05:44:49.877,2.00567,2.00614,1.13,1.50
2012.06.12 05:44:50.423,2.0058,2.00629,1.88,1.50
2012.06.12 05:44:50.491,2.00568,2.00627,1.13,1.13
2012.06.12 05:44:50.800,2.00581,2.00621,1.13,1.50
2012.06.12 05:44:51.311,2.00581,2.00621,1.13,1.50
2012.06.12 05:44:51.489,2.00581,2.0063,1.13,1.50
2012.06.12 05:44:51.759,2.00581,2.0063,1.13,1.50
2012.06.12 05:44:52.264,2.00581,2.00635,1.13,1.50
2012.06.12 05:44:52.408,2.00581,2.00635,1.13,1.50
2012.06.12 05:44:52.831,2.00581,2.0064,1.13,1.13
2012.06.12 05:44:56.572,2.00581,2.00641,2.25,1.13
2012.06.12 05:44:56.728,2.00581,2.00641,2.25,1.13
2012.06.12 05:44:57.242,2.00583,2.00635,1.88,1.50
2012.06.12 05:44:58.597,2.00561,2.0062,2.25,1.13
2012.06.12 05:44:58.722,2.00558,2.00618,1.88,1.13
2012.06.12 05:45:02.219,2.00561,2.00618,1.13,1.13
2012.06.12 05:45:02.411,2.00567,2.0062,1.13,1.13
2012.06.12 05:45:02.619,2.00567,2.00627,2.25,2.63
2012.06.12 05:45:04.078,2.00567,2.00627,2.25,1.13
2012.06.12 05:45:07.725,2.00567,2.0062,2.25,1.50
2012.06.12 05:45:08.635,2.00567,2.00626,2.25,1.50
2012.06.12 05:45:08.764,2.00567,2.00626,2.25,1.50
2012.06.12 05:45:10.680,2.00567,2.00626,1.50,1.50
2012.06.12 05:45:10.802,2.00567,2.00626,2.25,1.50
2012.06.12 05:45:11.180,2.00567,2.00626,1.50,1.50
2012.06.12 05:45:11.301,2.00567,2.00626,2.25,1.50
2012.06.12 05:45:12.957,2.00567,2.00618,2.25,1.50
2012.06.12 05:45:17.135,2.00567,2.00618,2.25,1.50
2012.06.12 05:45:17.281,2.00567,2.00625,2.25,1.50
2012.06.12 05:45:17.750,2.00567,2.00627,2.25,1.13
2012.06.12 05:45:17.822,2.00567,2.00627,2.25,1.13
2012.06.12 05:45:18.163,2.00573,2.00627,2.25,1.13
2012.06.12 05:45:19.429,2.00575,2.00634,1.13,1.13
2012.06.12 05:45:19.580,2.00575,2.00634,1.13,1.13
2012.06.12 05:45:19.791,2.00575,2.0063,1.13,1.50
2012.06.12 05:45:20.312,2.00575,2.0063,1.13,1.50
2012.06.12 05:45:20.596,2.00575,2.0063,1.13,1.50
2012.06.12 05:45:20.913,2.00575,2.00634,1.13,1.13
2012.06.12 05:45:24.378,2.00575,2.00634,1.13,1.13
2012.06.12 05:45:25.329,2.00575,2.00634,1.13,1.13
2012.06.12 05:45:29.772,2.00575,2.00634,1.13,1.13
2012.06.12 05:45:29.891,2.00575,2.00634,1.13,1.13
2012.06.12 05:45:30.426,2.00575,2.00634,1.13,1.13
2012.06.12 05:45:33.329,2.00575,2.00634,1.13,1.13
2012.06.12 05:45:33.401,2.00575,2.00634,1.13,1.13
2012.06.12 05:45:34.166,2.00575,2.00634,1.13,1.13
2012.06.12 05:45:34.277,2.00575,2.00634,1.13,1.13
2012.06.12 05:45:34.502,2.00575,2.00634,1.13,1.13
2012.06.12 05:45:34.670,2.00575,2.00634,1.13,1.13
2012.06.12 05:45:34.741,2.00575,2.00634,1.13,1.13
2012.06.12 05:45:35.548,2.00575,2.00629,1.13,1.50
2012.06.12 05:45:40.231,2.00573,2.00619,1.50,1.50
2012.06.12 05:45:40.452,2.00573,2.00619,1.13,1.50
2012.06.12 05:45:40.522,2.00562,2.00619,1.13,1.50
2012.06.12 05:45:40.591,2.00558,2.00619,1.50,1.50
2012.06.12 05:45:40.662,2.00573,2.00619,1.50,1.50
2012.06.12 05:45:40.972,2.00573,2.00606,1.50,1.50
2012.06.12 05:45:41.167,2.00573,2.0062,1.50,1.50
2012.06.12 05:45:54.982,2.00575,2.00626,1.13,1.50
2012.06.12 05:45:55.915,2.00575,2.00626,1.13,1.50
2012.06.12 05:45:56.100,2.00575,2.00634,1.13,1.13
2012.06.12 05:45:56.230,2.00575,2.00634,1.13,1.13
2012.06.12 05:45:56.731,2.00587,2.00634,1.13,1.13
2012.06.12 05:45:56.862,2.00587,2.00647,1.13,1.13
2012.06.12 05:45:59.297,2.00587,2.00647,1.13,1.13
2012.06.12 05:45:59.363,2.00587,2.00629,1.13,1.50
2012.06.12 05:45:59.495,2.00586,2.00634,1.88,1.50
2012.06.12 05:45:59.561,2.00586,2.0063,1.88,1.50
2012.06.12 05:45:59.695,2.00575,2.0063,1.13,1.50
2012.06.12 05:45:59.760,2.00575,2.00623,1.13,1.50
2012.06.12 05:46:00.065,2.00575,2.00623,1.13,1.50
2012.06.12 05:46:00.796,2.00575,2.0063,1.13,1.50
2012.06.12 05:46:01.221,2.00575,2.00623,1.13,1.50
2012.06.12 05:46:01.727,2.00575,2.00623,1.13,1.50
2012.06.12 05:46:03.212,2.00575,2.00623,1.13,1.50
2012.06.12 05:46:07.891,2.00575,2.00623,1.13,1.50
2012.06.12 05:46:08.020,2.00568,2.00618,2.25,1.50
2012.06.12 05:46:08.876,2.00568,2.00618,2.25,1.50
2012.06.12 05:46:09.005,2.00568,2.00618,2.25,1.50
2012.06.12 05:46:12.659,2.00568,2.00626,2.25,1.13
2012.06.12 05:46:12.732,2.00568,2.00626,2.25,1.13
2012.06.12 05:46:13.516,2.00568,2.00626,2.25,1.13
2012.06.12 05:46:14.180,2.00568,2.00617,2.25,1.50
2012.06.12 05:46:14.850,2.00568,2.00621,2.25,1.50
2012.06.12 05:46:15.911,2.00568,2.00626,2.25,1.13
2012.06.12 05:46:15.983,2.00568,2.00626,2.25,1.13
2012.06.12 05:46:16.139,2.00568,2.00626,2.25,1.13
2012.06.12 05:46:16.210,2.00568,2.00623,2.25,1.50
2012.06.12 05:46:16.461,2.00568,2.00623,1.13,1.50
2012.06.12 05:46:16.532,2.00555,2.00619,1.13,1.13
2012.06.12 05:46:20.097,2.00555,2.00619,1.13,1.13
2012.06.12 05:46:20.430,2.00555,2.00617,1.13,1.50
2012.06.12 05:46:20.903,2.00552,2.0061,1.88,1.50
2012.06.12 05:46:20.974,2.00545,2.00602,1.50,1.13
2012.06.12 05:46:21.291,2.00535,2.00601,1.13,2.63
2012.06.12 05:46:21.731,2.0053,2.00594,1.13,1.50
2012.06.12 05:46:22.042,2.00536,2.00595,1.13,1.13
2012.06.12 05:46:22.169,2.00537,2.00601,1.13,2.63
2012.06.12 05:46:22.712,2.00537,2.00602,1.13,1.13
2012.06.12 05:46:23.252,2.00536,2.00602,1.13,1.13
2012.06.12 05:46:23.699,2.00533,2.00583,2.25,1.13
2012.06.12 05:46:23.889,2.00532,2.00596,1.88,1.50
2012.06.12 05:46:23.960,2.00536,2.00588,1.13,1.50
2012.06.12 05:46:24.272,2.00537,2.00588,1.13,1.50
2012.06.12 05:46:24.761,2.00537,2.00597,1.13,1.50
2012.06.12 05:46:26.272,2.00543,2.00602,1.13,1.13
2012.06.12 05:46:26.341,2.00543,2.00604,1.13,1.50
2012.06.12 05:46:26.451,2.00543,2.00604,1.13,1.50
2012.06.12 05:46:29.170,2.00546,2.00604,1.50,1.50
2012.06.12 05:46:29.725,2.00556,2.00613,1.13,1.13
2012.06.12 05:46:29.793,2.00555,2.0061,1.50,1.50
2012.06.12 05:46:29.862,2.00556,2.0061,1.13,1.50
2012.06.12 05:46:30.346,2.00556,2.00603,1.13,1.50
2012.06.12 05:46:33.550,2.00556,2.00613,1.13,1.13
2012.06.12 05:46:33.770,2.00556,2.0061,1.13,1.50
2012.06.12 05:46:36.381,2.00556,2.0061,1.13,1.50
2012.06.12 05:46:36.512,2.00568,2.00613,1.13,1.13
2012.06.12 05:46:36.582,2.00568,2.00618,1.13,1.50
2012.06.12 05:46:36.651,2.00574,2.00623,1.13,1.50
2012.06.12 05:46:36.721,2.00574,2.00623,1.13,1.50
2012.06.12 05:46:37.256,2.00574,2.00623,1.13,1.50
2012.06.12 05:46:37.325,2.00574,2.00623,1.13,1.50
2012.06.12 05:46:39.664,2.00574,2.00623,1.13,1.50
2012.06.12 05:46:40.215,2.00573,2.00623,1.88,1.50
2012.06.12 05:46:40.282,2.00562,2.0062,1.13,1.13
2012.06.12 05:46:40.602,2.00549,2.00607,1.13,1.13
2012.06.12 05:46:41.297,2.00549,2.00607,1.13,1.13
2012.06.12 05:46:42.416,2.00549,2.00607,1.13,1.13
2012.06.12 05:46:42.701,2.0055,2.00604,1.88,1.50
2012.06.12 05:46:43.106,2.0055,2.00604,1.88,1.50
2012.06.12 05:46:44.596,2.0055,2.00604,1.88,1.50
2012.06.12 05:46:49.199,2.00542,2.00603,2.25,1.13
2012.06.12 05:46:59.738,2.00536,2.00595,1.13,1.13
2012.06.12 05:47:00.347,2.00543,2.00596,1.13,1.50
2012.06.12 05:47:00.691,2.00543,2.00603,1.13,1.13
2012.06.12 05:47:01.479,2.00543,2.00597,1.13,1.50
2012.06.12 05:47:04.085,2.00542,2.00597,1.88,2.25
2012.06.12 05:47:04.149,2.00542,2.00596,1.88,1.09
2012.06.12 05:47:04.220,2.00542,2.00579,1.88,1.50
2012.06.12 05:47:04.350,2.00504,2.00563,1.88,1.13
2012.06.12 05:47:10.832,2.00516,2.00577,1.88,1.13
2012.06.12 05:47:10.960,2.00503,2.00564,3.38,1.13
2012.06.12 05:47:11.840,2.00517,2.00576,1.88,1.13
2012.06.12 05:47:30.634,2.0052,2.00578,1.88,2.63
2012.06.12 05:47:30.703,2.0052,2.00578,1.88,2.63
2012.06.12 05:47:31.021,2.0052,2.00578,1.88,1.13
2012.06.12 05:47:31.093,2.00528,2.00588,1.88,1.13
2012.06.12 05:47:31.222,2.00528,2.00588,1.88,1.13
2012.06.12 05:47:31.475,2.00535,2.00582,1.88,1.50
2012.06.12 05:47:31.542,2.00518,2.00576,1.88,1.50
2012.06.12 05:47:31.864,2.00518,2.00576,1.88,1.50
2012.06.12 05:47:31.930,2.00518,2.00578,1.88,1.50
2012.06.12 05:47:32.003,2.00518,2.00578,1.88,1.50
2012.06.12 05:47:33.607,2.00518,2.00583,1.88,1.50
2012.06.12 05:47:34.974,2.00518,2.00577,1.88,1.50
2012.06.12 05:47:35.971,2.00518,2.00583,1.88,1.50
2012.06.12 05:47:36.411,2.00518,2.00577,1.88,1.50
2012.06.12 05:47:36.542,2.00525,2.00583,1.88,1.50
2012.06.12 05:47:44.712,2.00525,2.00583,1.88,1.50
2012.06.12 05:47:45.515,2.00525,2.00576,1.88,1.50
2012.06.12 05:47:45.899,2.00525,2.00576,1.88,1.50
2012.06.12 05:47:45.969,2.00525,2.00582,1.88,1.50
2012.06.12 05:47:46.525,2.00525,2.00582,1.88,1.50
2012.06.12 05:47:47.737,2.00525,2.00582,1.88,1.50
2012.06.12 05:47:47.847,2.00525,2.00582,1.88,1.50
2012.06.12 05:47:55.521,2.00525,2.00558,1.13,1.50
2012.06.12 05:47:55.592,2.00508,2.00558,1.88,1.50
2012.06.12 05:47:55.725,2.00503,2.00552,1.88,1.50
2012.06.12 05:47:55.795,2.00503,2.00562,1.88,1.50
2012.06.12 05:47:56.162,2.00486,2.00555,3.38,1.13
2012.06.12 05:47:57.432,2.00486,2.00555,1.88,1.13
2012.06.12 05:47:57.840,2.00486,2.00548,1.88,1.50
2012.06.12 05:47:58.423,2.00486,2.00548,1.88,1.50
2012.06.12 05:47:58.492,2.00486,2.00555,1.88,1.13
2012.06.12 05:48:00.445,2.00486,2.00555,1.88,1.13
2012.06.12 05:48:02.123,2.00488,2.00549,1.88,1.50
2012.06.12 05:48:02.759,2.00488,2.00549,1.88,1.50
2012.06.12 05:48:02.873,2.00488,2.00549,1.88,1.50
2012.06.12 05:48:03.323,2.00487,2.00549,1.88,1.50
2012.06.12 05:48:03.451,2.00487,2.00549,1.88,1.50
2012.06.12 05:48:03.702,2.00493,2.00549,1.88,1.50
2012.06.12 05:48:03.773,2.00493,2.00553,1.88,1.50
2012.06.12 05:48:04.140,2.005,2.00553,1.88,1.50
2012.06.12 05:48:04.391,2.005,2.00558,1.88,1.50
2012.06.12 05:48:04.542,2.005,2.00565,1.88,1.50
2012.06.12 05:48:05.455,2.005,2.00558,1.88,1.50
2012.06.12 05:48:06.409,2.005,2.00558,1.88,1.50
2012.06.12 05:48:08.979,2.005,2.00564,1.88,1.50
2012.06.12 05:48:11.234,2.005,2.00564,1.88,1.50
2012.06.12 05:48:14.473,2.005,2.00557,1.88,1.50
2012.06.12 05:48:14.682,2.005,2.00557,1.13,1.50
2012.06.12 05:48:14.751,2.0049,2.00548,1.88,1.13
2012.06.12 05:48:15.061,2.00499,2.00557,1.88,1.50
2012.06.12 05:48:18.041,2.00499,2.00568,3.38,1.13
2012.06.12 05:48:18.109,2.00515,2.0057,1.88,1.50
2012.06.12 05:48:18.181,2.00516,2.0057,1.13,1.50
2012.06.12 05:48:21.354,2.00516,2.0057,1.13,1.50
2012.06.12 05:48:21.422,2.00504,2.00568,1.88,1.13
2012.06.12 05:48:21.611,2.00499,2.00565,1.88,1.50
2012.06.12 05:48:21.682,2.00499,2.00565,1.13,1.50
2012.06.12 05:48:21.754,2.00494,2.00549,1.50,1.13
2012.06.12 05:48:22.101,2.00491,2.00542,2.25,1.13
2012.06.12 05:48:22.170,2.00491,2.00548,2.25,1.13
2012.06.12 05:48:22.696,2.00496,2.00548,1.50,1.13
2012.06.12 05:48:23.336,2.00496,2.00548,2.25,1.13
2012.06.12 05:48:23.461,2.00496,2.00548,1.50,1.13
2012.06.12 05:48:24.134,2.00491,2.00548,2.25,1.13
2012.06.12 05:48:30.931,2.00495,2.00548,1.13,1.13
2012.06.12 05:48:31.202,2.00498,2.00555,1.13,1.13
2012.06.12 05:48:38.144,2.00496,2.00555,2.25,1.13
2012.06.12 05:48:38.213,2.00496,2.00551,2.25,1.50
2012.06.12 05:48:38.594,2.00499,2.00555,2.25,1.13
2012.06.12 05:48:38.899,2.00496,2.00554,1.50,1.50
2012.06.12 05:48:38.962,2.00498,2.00554,1.13,1.50
2012.06.12 05:48:39.134,2.00496,2.00555,2.25,1.13
2012.06.12 05:48:39.355,2.00498,2.00555,1.13,2.63
2012.06.12 05:48:39.574,2.00496,2.00555,2.25,1.13
2012.06.12 05:48:39.906,2.00498,2.00555,1.13,1.13
2012.06.12 05:48:40.127,2.00496,2.00555,1.50,1.13
2012.06.12 05:48:40.369,2.00498,2.00555,1.13,1.13
2012.06.12 05:48:40.770,2.00496,2.00555,2.25,2.63
2012.06.12 05:48:40.929,2.00498,2.00555,1.13,1.13
2012.06.12 05:48:41.115,2.00496,2.00555,2.25,1.13
2012.06.12 05:48:41.336,2.00498,2.00554,1.13,1.50
2012.06.12 05:48:41.752,2.00496,2.00546,1.13,1.50
2012.06.12 05:48:41.940,2.00496,2.00555,1.13,1.50
2012.06.12 05:48:42.012,2.00496,2.00555,1.13,1.13
2012.06.12 05:48:42.200,2.00495,2.0053,2.25,1.13
2012.06.12 05:48:42.513,2.00495,2.0053,2.25,1.13
2012.06.12 05:48:42.582,2.00491,2.00535,1.13,1.13
2012.06.12 05:48:42.652,2.0049,2.0055,1.88,1.50
2012.06.12 05:48:42.720,2.00495,2.00554,2.25,1.13
2012.06.12 05:48:42.852,2.00486,2.00552,2.25,1.50
2012.06.12 05:48:43.162,2.00486,2.00552,2.25,1.50
2012.06.12 05:48:43.375,2.00486,2.0055,2.25,1.13
2012.06.12 05:48:43.622,2.00501,2.00553,2.25,1.13
2012.06.12 05:48:43.811,2.00501,2.0056,2.25,1.13
2012.06.12 05:48:44.241,2.00492,2.00555,1.13,1.50
2012.06.12 05:48:44.372,2.00495,2.00559,2.25,1.50
2012.06.12 05:48:44.682,2.00495,2.00559,2.25,1.50
2012.06.12 05:48:44.753,2.00495,2.00559,2.25,1.50
2012.06.12 05:48:44.991,2.00508,2.0056,1.50,1.13
2012.06.12 05:48:45.425,2.00492,2.00557,1.13,1.50
2012.06.12 05:48:45.666,2.00492,2.00557,1.13,1.50
2012.06.12 05:48:46.007,2.00499,2.0056,2.25,1.13
2012.06.12 05:48:46.071,2.00499,2.0056,2.25,1.13
2012.06.12 05:48:55.724,2.00507,2.0056,1.50,1.13
2012.06.12 05:48:55.793,2.00507,2.0056,2.25,1.13
2012.06.12 05:48:56.305,2.00501,2.00548,2.25,1.13
2012.06.12 05:48:56.614,2.00501,2.00548,2.25,1.13
2012.06.12 05:48:57.183,2.00509,2.00548,2.25,1.13
2012.06.12 05:48:58.374,2.00508,2.00548,2.25,1.13
2012.06.12 05:49:05.000,2.00503,2.00548,2.25,1.13
2012.06.12 05:49:05.085,2.00503,2.00548,2.25,1.13
2012.06.12 05:49:06.066,2.0051,2.00548,1.50,1.13
2012.06.12 05:49:06.254,2.0051,2.00556,2.25,1.13
2012.06.12 05:49:06.803,2.00517,2.00556,1.50,1.13
2012.06.12 05:49:07.760,2.00508,2.00556,2.25,1.13
2012.06.12 05:49:11.910,2.00508,2.00556,1.50,1.13
2012.06.12 05:49:12.823,2.00508,2.00556,1.88,1.13
2012.06.12 05:49:13.150,2.00509,2.00568,1.50,1.13
2012.06.12 05:49:13.220,2.00517,2.00568,1.50,1.13
2012.06.12 05:49:13.903,2.0051,2.00568,2.25,1.13
2012.06.12 05:49:14.031,2.0051,2.00568,1.50,1.13
2012.06.12 05:49:22.132,2.00516,2.00568,1.50,1.13
2012.06.12 05:49:22.260,2.00509,2.00568,1.13,1.13
2012.06.12 05:49:22.390,2.00508,2.00556,1.50,1.13
2012.06.12 05:49:23.741,2.00515,2.00556,1.50,1.13
2012.06.12 05:49:25.456,2.00515,2.00575,1.50,1.13
2012.06.12 05:49:27.429,2.00515,2.00575,2.25,1.13
2012.06.12 05:49:27.850,2.00534,2.00575,1.50,1.13
2012.06.12 05:49:28.406,2.00535,2.00575,2.25,1.13
2012.06.12 05:49:29.050,2.00534,2.00575,1.50,1.13
2012.06.12 05:49:29.121,2.00527,2.00575,1.50,1.13
2012.06.12 05:49:29.603,2.00531,2.00575,1.50,1.13
2012.06.12 05:49:31.383,2.00531,2.00575,2.25,1.13
2012.06.12 05:49:32.583,2.00531,2.00575,1.50,1.13
2012.06.12 05:49:33.731,2.00531,2.00574,1.50,1.13
2012.06.12 05:49:34.021,2.00531,2.00574,2.25,1.13
2012.06.12 05:49:34.272,2.00547,2.00587,1.50,1.13
2012.06.12 05:49:34.403,2.00541,2.00587,1.50,1.13
2012.06.12 05:49:34.531,2.00546,2.00587,1.50,1.13
2012.06.12 05:49:34.990,2.00546,2.00575,1.50,1.13
2012.06.12 05:49:37.241,2.00541,2.00575,1.50,1.13
2012.06.12 05:49:37.769,2.00546,2.00575,1.50,1.13
2012.06.12 05:49:38.326,2.00541,2.00575,1.50,1.13
2012.06.12 05:49:38.449,2.00547,2.00575,1.50,1.13
2012.06.12 05:49:38.890,2.00547,2.00587,1.50,1.13
2012.06.12 05:49:40.211,2.0054,2.00587,1.50,1.13
2012.06.12 05:49:40.397,2.00547,2.00587,1.50,1.13
2012.06.12 05:49:40.952,2.0054,2.00587,1.50,1.13
2012.06.12 05:49:43.560,2.00547,2.00587,1.50,1.13
2012.06.12 05:49:50.491,2.00541,2.00587,1.50,1.13
2012.06.12 05:49:51.122,2.00547,2.00587,1.50,1.13
2012.06.12 05:49:51.983,2.00541,2.00587,1.50,1.13
2012.06.12 05:49:53.086,2.00541,2.00587,1.88,1.13
2012.06.12 05:49:53.273,2.00542,2.006,1.50,1.13
2012.06.12 05:49:53.342,2.00546,2.006,1.50,1.13
2012.06.12 05:49:54.943,2.00541,2.00586,1.50,1.13
2012.06.12 05:49:55.075,2.00526,2.00585,1.50,1.50
2012.06.12 05:49:55.144,2.00525,2.00585,1.88,1.50
2012.06.12 05:49:55.393,2.00529,2.00587,1.13,1.13
2012.06.12 05:49:55.462,2.00531,2.00582,1.50,1.13
2012.06.12 05:49:56.655,2.00535,2.00594,1.13,1.13
2012.06.12 05:49:56.781,2.00537,2.00594,1.50,1.13
2012.06.12 05:50:03.702,2.00547,2.00603,1.50,1.50
2012.06.12 05:50:08.370,2.00547,2.00603,1.13,1.50
2012.06.12 05:50:08.555,2.00537,2.00595,1.88,1.13
2012.06.12 05:50:23.605,2.00535,2.00588,1.88,1.13
2012.06.12 05:50:23.672,2.00535,2.00588,1.50,1.13
2012.06.12 05:50:23.863,2.00528,2.00588,3.00,1.13
2012.06.12 05:50:27.621,2.00528,2.00588,2.63,1.13
2012.06.12 05:50:27.895,2.00525,2.00575,1.50,1.13
2012.06.12 05:50:28.785,2.00525,2.00575,2.25,1.13
2012.06.12 05:50:30.434,2.00525,2.00575,1.50,1.13
2012.06.12 05:50:31.174,2.00531,2.00575,1.50,1.13
2012.06.12 05:50:41.741,2.00525,2.00575,1.50,1.13
2012.06.12 05:50:43.712,2.00516,2.00575,1.88,1.13
2012.06.12 05:50:43.872,2.00516,2.00575,1.50,1.13
2012.06.12 05:50:44.064,2.00516,2.00561,1.50,1.13
2012.06.12 05:50:46.594,2.00516,2.00561,2.25,1.13
2012.06.12 05:50:46.688,2.00516,2.00561,1.50,1.13
2012.06.12 05:50:46.778,2.00525,2.00561,1.50,1.13
2012.06.12 05:50:48.325,2.00525,2.00561,2.25,1.13
2012.06.12 05:50:49.974,2.00525,2.00561,1.50,1.13
2012.06.12 05:50:50.535,2.00525,2.00561,2.25,1.13
2012.06.12 05:50:52.433,2.00531,2.00561,1.50,1.13
2012.06.12 05:50:52.740,2.00536,2.00561,1.50,1.13
2012.06.12 05:50:52.924,2.00533,2.00575,2.25,1.13
2012.06.12 05:50:53.304,2.00533,2.00561,2.25,1.13
2012.06.12 05:50:55.654,2.00526,2.00561,1.50,1.13
2012.06.12 05:50:56.474,2.00515,2.00561,2.25,1.13
2012.06.12 05:50:56.575,2.00515,2.00561,2.25,1.13
2012.06.12 05:50:57.124,2.00515,2.00561,1.50,1.13
2012.06.12 05:50:57.384,2.00521,2.00561,1.50,1.13
2012.06.12 05:50:59.903,2.00521,2.00561,2.25,1.13
2012.06.12 05:51:03.732,2.00516,2.00573,2.25,1.50
2012.06.12 05:51:04.302,2.00516,2.00574,2.25,1.13
2012.06.12 05:51:08.185,2.0052,2.00574,1.50,1.13
2012.06.12 05:51:10.854,2.00516,2.00574,2.25,1.13
2012.06.12 05:51:14.271,2.00516,2.00574,2.25,1.13
2012.06.12 05:51:14.336,2.00515,2.00575,1.50,1.13
2012.06.12 05:51:14.887,2.00517,2.00575,1.50,1.13
2012.06.12 05:51:16.029,2.00515,2.00575,1.50,1.13
2012.06.12 05:51:20.423,2.00515,2.00575,1.13,1.13
2012.06.12 05:51:20.554,2.00509,2.00561,1.84,1.13
2012.06.12 05:51:20.744,2.00509,2.00565,1.50,1.13
2012.06.12 05:51:21.095,2.00518,2.00565,1.50,1.13
2012.06.12 05:51:21.403,2.00518,2.00562,1.50,1.13
2012.06.12 05:51:23.336,2.00518,2.00562,2.25,1.13
2012.06.12 05:51:23.586,2.00541,2.00601,1.50,1.88
2012.06.12 05:51:23.654,2.00541,2.00601,1.50,1.13
2012.06.12 05:51:23.844,2.00547,2.00603,1.13,1.50
2012.06.12 05:51:24.155,2.00518,2.00577,1.13,1.50
2012.06.12 05:51:24.564,2.00518,2.00577,1.88,1.50
2012.06.12 05:51:24.753,2.00518,2.00577,1.13,1.50
2012.06.12 05:51:26.485,2.00518,2.00577,1.88,1.50
2012.06.12 05:51:26.553,2.00518,2.00583,1.88,1.50
2012.06.12 05:51:26.743,2.00522,2.00588,2.25,1.13
2012.06.12 05:51:26.814,2.00522,2.00585,2.25,1.13
2012.06.12 05:51:26.899,2.00522,2.00585,1.50,1.13
2012.06.12 05:51:27.054,2.00522,2.00585,2.25,1.13
2012.06.12 05:51:27.179,2.00522,2.00585,1.50,1.13
2012.06.12 05:51:27.364,2.00523,2.00589,1.13,1.50
2012.06.12 05:51:27.435,2.00523,2.00583,1.13,1.50
2012.06.12 05:51:27.744,2.00517,2.00569,1.50,1.50
2012.06.12 05:51:28.257,2.00517,2.00576,1.50,1.50
2012.06.12 05:51:28.852,2.00517,2.00576,1.88,1.50
2012.06.12 05:51:28.925,2.00517,2.00576,1.13,1.50
2012.06.12 05:51:29.479,2.00518,2.00585,1.50,1.50
2012.06.12 05:51:33.831,2.00518,2.00585,2.25,1.50
2012.06.12 05:51:34.180,2.00523,2.00585,1.13,1.50
2012.06.12 05:51:35.154,2.00525,2.00589,2.25,1.50
2012.06.12 05:51:39.033,2.00524,2.00585,1.88,1.50
2012.06.12 05:51:44.381,2.00524,2.0059,3.38,1.50
2012.06.12 05:51:44.773,2.00524,2.00585,1.88,1.50
2012.06.12 05:51:50.194,2.00518,2.00578,1.13,1.50
2012.06.12 05:51:50.322,2.00512,2.00578,2.25,1.50
2012.06.12 05:51:50.394,2.00515,2.00578,1.13,1.50
2012.06.12 05:51:51.331,2.00518,2.00578,1.13,1.50
2012.06.12 05:51:54.792,2.00518,2.00578,1.88,1.50
2012.06.12 05:51:55.764,2.00521,2.00585,2.25,2.63
2012.06.12 05:52:12.402,2.00521,2.00585,1.50,1.50
2012.06.12 05:52:12.473,2.00521,2.0058,1.50,1.13
2012.06.12 05:52:12.543,2.00515,2.0058,2.25,2.63
2012.06.12 05:52:12.613,2.00515,2.0058,2.63,2.63
2012.06.12 05:52:12.958,2.00517,2.0058,2.25,1.50
2012.06.12 05:52:13.204,2.00527,2.00586,1.50,1.13
2012.06.12 05:52:13.532,2.00518,2.00582,2.25,1.50
2012.06.12 05:52:19.762,2.00518,2.00582,1.50,1.50
2012.06.12 05:52:24.278,2.00523,2.00586,1.50,1.13
2012.06.12 05:52:27.226,2.00518,2.00582,1.50,1.50
2012.06.12 05:52:27.294,2.00518,2.00579,1.50,1.13
2012.06.12 05:52:32.475,2.00511,2.00576,1.13,1.50
2012.06.12 05:52:32.603,2.00509,2.00561,1.50,1.13
2012.06.12 05:52:33.003,2.00504,2.00561,2.25,1.13
2012.06.12 05:52:33.637,2.0051,2.00561,1.50,1.13
2012.06.12 05:52:41.814,2.00501,2.0056,1.13,1.50
2012.06.12 05:52:42.123,2.00504,2.0056,1.13,1.50
2012.06.12 05:52:42.534,2.0051,2.0056,1.13,1.50
2012.06.12 05:52:42.931,2.00503,2.0056,1.13,1.50
2012.06.12 05:52:44.144,2.00512,2.0056,1.13,1.50
2012.06.12 05:52:44.706,2.00512,2.00551,1.13,1.50
2012.06.12 05:52:47.093,2.00498,2.00551,1.13,1.50
2012.06.12 05:52:47.422,2.00487,2.00545,1.50,1.13
2012.06.12 05:52:49.685,2.00487,2.00545,2.25,1.13
2012.06.12 05:52:49.817,2.00498,2.00558,1.13,1.13
2012.06.12 05:52:51.226,2.005,2.00559,1.13,1.13
2012.06.12 05:52:55.196,2.005,2.00557,1.13,1.50
2012.06.12 05:52:56.495,2.00499,2.00557,1.13,1.13
2012.06.12 05:52:57.351,2.00499,2.00551,1.13,1.50
2012.06.12 05:52:57.482,2.00499,2.00557,1.13,1.13
2012.06.12 05:52:58.163,2.00512,2.00559,1.13,1.50
2012.06.12 05:52:59.158,2.00512,2.00567,1.13,1.50
2012.06.12 05:52:59.435,2.00502,2.00561,2.25,1.13
2012.06.12 05:52:59.506,2.00504,2.00563,1.88,1.13
2012.06.12 05:52:59.602,2.00502,2.00561,2.25,1.13
2012.06.12 05:53:00.161,2.00502,2.00561,2.25,1.13
2012.06.12 05:53:00.364,2.00502,2.00561,2.25,1.13
2012.06.12 05:53:00.705,2.00514,2.00561,2.25,1.13
2012.06.12 05:53:02.672,2.00515,2.00573,1.88,1.13
2012.06.12 05:53:03.013,2.0052,2.00573,1.50,1.13
2012.06.12 05:53:04.816,2.00515,2.00573,1.13,1.13
2012.06.12 05:53:05.848,2.00525,2.00577,1.13,1.50
2012.06.12 05:53:06.033,2.00514,2.00574,1.13,1.13
2012.06.12 05:53:06.103,2.00516,2.00574,1.13,1.13
2012.06.12 05:53:06.417,2.00511,2.00562,1.88,1.13
2012.06.12 05:53:07.623,2.00512,2.00562,1.50,1.13
2012.06.12 05:53:07.695,2.00502,2.00562,1.13,1.13
2012.06.12 05:53:08.234,2.00514,2.00562,1.50,1.13
2012.06.12 05:53:08.422,2.0052,2.00575,1.50,1.13
2012.06.12 05:53:08.563,2.00515,2.00575,1.13,1.13
2012.06.12 05:53:08.858,2.00515,2.00575,1.13,1.50
2012.06.12 05:53:09.223,2.00509,2.00562,1.50,1.13
2012.06.12 05:53:09.563,2.00514,2.00562,1.50,1.13
2012.06.12 05:53:09.872,2.00514,2.00579,1.50,2.55
2012.06.12 05:53:10.004,2.00512,2.00573,1.13,1.50
2012.06.12 05:53:10.253,2.00513,2.0058,1.50,1.50
2012.06.12 05:53:11.527,2.00513,2.00579,1.50,1.13
2012.06.12 05:53:12.283,2.00511,2.00571,1.13,1.50
2012.06.12 05:53:12.613,2.00511,2.00563,1.13,1.50
2012.06.12 05:53:13.902,2.00511,2.00577,2.63,1.50
2012.06.12 05:53:13.976,2.00516,2.00577,1.13,1.50
2012.06.12 05:53:14.045,2.00518,2.00579,1.50,1.13
2012.06.12 05:53:14.112,2.00525,2.00579,1.50,1.13
2012.06.12 05:53:14.182,2.00527,2.00587,1.13,1.50
2012.06.12 05:53:14.253,2.00527,2.00587,1.13,1.13
2012.06.12 05:53:14.322,2.00525,2.0058,1.50,1.13
2012.06.12 05:53:14.394,2.00518,2.0058,1.50,1.13
2012.06.12 05:53:15.087,2.0051,2.00574,1.88,1.50
2012.06.12 05:53:15.154,2.0051,2.00574,1.13,1.50
2012.06.12 05:53:15.435,2.00513,2.0058,1.50,2.63
2012.06.12 05:53:15.637,2.0051,2.00571,1.13,1.50
2012.06.12 05:53:16.626,2.00524,2.0058,1.50,1.13
2012.06.12 05:53:17.166,2.00531,2.0058,1.50,1.13
2012.06.12 05:53:33.332,2.00525,2.0058,1.50,1.13
2012.06.12 05:53:40.135,2.00525,2.0058,2.25,1.13
2012.06.12 05:53:40.218,2.00525,2.0058,2.25,1.13
2012.06.12 05:53:40.474,2.00528,2.00586,1.13,1.13
2012.06.12 05:53:52.014,2.00528,2.00586,1.88,1.13
2012.06.12 05:53:52.139,2.00528,2.00586,1.13,1.13
2012.06.12 05:53:52.610,2.00531,2.00586,1.50,1.13
2012.06.12 05:54:31.611,2.00531,2.00586,2.25,1.13
2012.06.12 05:54:31.963,2.00531,2.00587,2.25,1.13
2012.06.12 05:54:32.495,2.00531,2.00587,2.25,1.13
2012.06.12 05:54:35.982,2.00543,2.00587,1.50,1.13
2012.06.12 05:54:36.292,2.00543,2.00587,2.25,1.13
2012.06.12 05:54:36.391,2.00543,2.00587,1.50,1.13
2012.06.12 05:54:38.152,2.00543,2.00587,2.25,1.13
2012.06.12 05:54:38.283,2.00535,2.00587,2.25,1.13
2012.06.12 05:54:38.474,2.00531,2.0058,1.50,1.13
2012.06.12 05:54:38.783,2.00531,2.00568,1.50,1.13
2012.06.12 05:54:38.854,2.00524,2.00568,1.50,1.13
2012.06.12 05:54:39.387,2.00518,2.00568,2.25,1.13
2012.06.12 05:54:40.064,2.00519,2.00568,1.50,1.13
2012.06.12 05:54:40.132,2.00519,2.00562,1.50,1.13
2012.06.12 05:54:40.648,2.00519,2.0056,1.50,1.13
2012.06.12 05:54:51.311,2.00512,2.0056,2.25,1.13
2012.06.12 05:54:56.866,2.00512,2.0056,2.25,1.13
2012.06.12 05:54:57.217,2.00529,2.0056,1.50,1.13
2012.06.12 05:54:57.345,2.00531,2.00573,1.50,1.13
2012.06.12 05:54:58.501,2.00526,2.00573,1.50,1.13
2012.06.12 05:54:59.222,2.00531,2.00573,1.50,1.13
2012.06.12 05:54:59.472,2.00521,2.00573,1.50,1.13
2012.06.12 05:55:00.559,2.00515,2.00573,1.88,1.13
2012.06.12 05:55:00.805,2.00513,2.00561,1.50,1.13
2012.06.12 05:55:01.053,2.00501,2.00559,1.88,1.50
2012.06.12 05:55:01.523,2.00505,2.00561,2.25,1.13
2012.06.12 05:55:03.122,2.00501,2.00561,1.13,1.13
2012.06.12 05:55:03.235,2.00501,2.00561,1.88,1.13
2012.06.12 05:55:05.461,2.00513,2.00561,1.50,1.13
2012.06.12 05:55:05.771,2.00504,2.00561,2.25,1.13
2012.06.12 05:55:06.284,2.00501,2.0056,1.88,1.50
2012.06.12 05:55:06.398,2.00501,2.0056,1.88,1.50
2012.06.12 05:55:06.719,2.00518,2.00561,1.50,1.13
2012.06.12 05:55:09.598,2.00511,2.00561,2.25,1.13
2012.06.12 05:55:10.079,2.00511,2.00561,1.50,1.13
2012.06.12 05:55:10.272,2.00506,2.00561,2.25,1.13
2012.06.12 05:55:10.816,2.00501,2.00558,1.88,1.50
2012.06.12 05:55:11.185,2.00512,2.00561,2.25,1.13
2012.06.12 05:55:13.915,2.00512,2.00561,1.50,1.13
2012.06.12 05:55:14.314,2.00501,2.00559,1.13,1.50
2012.06.12 05:55:14.445,2.00501,2.00559,1.88,1.50
2012.06.12 05:55:14.514,2.0051,2.00561,2.25,1.13
2012.06.12 05:55:15.414,2.0051,2.00561,1.50,1.13
2012.06.12 05:55:15.483,2.00503,2.00561,2.25,1.13
2012.06.12 05:55:16.218,2.00503,2.0056,1.88,1.50
2012.06.12 05:55:16.687,2.00503,2.00558,1.88,1.50
2012.06.12 05:55:20.652,2.00491,2.00548,2.25,1.13
2012.06.12 05:55:24.903,2.00493,2.00551,1.88,1.13
2012.06.12 05:55:24.973,2.00493,2.00551,1.88,1.13
2012.06.12 05:55:37.700,2.00493,2.00551,3.38,1.13
2012.06.12 05:55:38.206,2.00493,2.00548,2.25,1.13
2012.06.12 05:55:54.930,2.00496,2.00555,1.88,1.13
2012.06.12 05:55:54.996,2.00496,2.00555,1.88,1.13
2012.06.12 05:55:55.148,2.00499,2.00555,1.50,1.13
2012.06.12 05:55:55.588,2.00496,2.00552,1.88,1.50
2012.06.12 05:55:55.773,2.00496,2.00555,3.38,1.13
2012.06.12 05:55:55.849,2.005,2.00555,1.50,1.13
2012.06.12 05:55:55.916,2.00496,2.00555,1.88,1.13
2012.06.12 05:55:56.130,2.00499,2.00557,1.13,1.13
2012.06.12 05:55:56.394,2.00496,2.00555,1.88,1.13
2012.06.12 05:55:56.967,2.00498,2.00555,1.50,1.13
2012.06.12 05:56:00.474,2.00496,2.00555,1.88,1.13
2012.06.12 05:56:02.294,2.00496,2.00552,1.88,1.50
2012.06.12 05:56:06.993,2.00496,2.00555,1.88,1.13
2012.06.12 05:56:09.183,2.00499,2.00557,1.13,1.50
2012.06.12 05:56:09.504,2.00495,2.00556,1.88,1.13
2012.06.12 05:56:09.635,2.00503,2.00561,1.13,1.13
2012.06.12 05:56:09.765,2.00499,2.00555,2.25,1.13
2012.06.12 05:56:09.837,2.00499,2.00555,1.50,1.13
2012.06.12 05:56:10.024,2.00499,2.00557,2.63,1.13
2012.06.12 05:56:10.764,2.00495,2.00556,1.88,1.13
2012.06.12 05:56:10.832,2.00498,2.00556,1.50,1.13
2012.06.12 05:56:10.902,2.00498,2.00558,2.63,1.13
2012.06.12 05:56:24.175,2.00498,2.00555,1.13,1.50
2012.06.12 05:56:28.267,2.00506,2.00555,1.13,1.50
2012.06.12 05:56:28.504,2.00503,2.00555,1.13,1.50
2012.06.12 05:56:28.775,2.00506,2.00555,1.13,1.50
2012.06.12 05:56:30.087,2.00508,2.00555,1.13,1.50
2012.06.12 05:56:30.216,2.00506,2.00555,1.13,1.50
2012.06.12 05:56:30.445,2.00498,2.00555,1.13,1.50
2012.06.12 05:56:30.574,2.00507,2.00555,1.13,1.50
2012.06.12 05:56:37.645,2.00507,2.00563,1.13,1.50
2012.06.12 05:56:37.713,2.00499,2.00552,1.50,1.13
2012.06.12 05:56:37.785,2.00494,2.00552,1.13,1.13
2012.06.12 05:56:39.664,2.00494,2.0055,1.13,1.50
2012.06.12 05:56:39.793,2.00494,2.00552,1.13,1.13
2012.06.12 05:56:41.324,2.005,2.00552,1.50,1.13
2012.06.12 05:56:41.914,2.00504,2.00552,1.50,1.13
2012.06.12 05:56:41.982,2.005,2.00552,1.50,1.13
2012.06.12 05:56:42.312,2.00504,2.00552,1.50,1.13
2012.06.12 05:56:43.883,2.00506,2.00565,1.13,1.50
2012.06.12 05:56:44.843,2.00504,2.00541,1.50,1.13
2012.06.12 05:56:45.037,2.00496,2.00541,1.50,1.13
2012.06.12 05:56:45.225,2.005,2.00542,1.50,1.13
2012.06.12 05:56:45.666,2.00504,2.00542,1.50,1.13
2012.06.12 05:56:46.393,2.00515,2.00542,1.50,1.13
2012.06.12 05:56:46.464,2.00521,2.00581,1.13,1.50
2012.06.12 05:56:46.774,2.00521,2.00576,1.13,2.25
2012.06.12 05:56:47.113,2.00509,2.00569,1.50,1.13
2012.06.12 05:56:47.413,2.00508,2.00564,1.13,1.50
2012.06.12 05:56:47.543,2.00508,2.00569,1.13,1.13
2012.06.12 05:56:47.672,2.00504,2.00562,1.50,1.13
2012.06.12 05:56:48.083,2.005,2.00562,1.50,1.13
2012.06.12 05:56:48.855,2.005,2.00559,1.50,1.13
2012.06.12 05:56:49.237,2.005,2.00559,2.25,1.13
2012.06.12 05:56:49.543,2.00508,2.00567,1.13,1.13
2012.06.12 05:56:49.613,2.00512,2.00567,2.25,1.13
2012.06.12 05:56:50.722,2.00524,2.00567,1.50,1.13
2012.06.12 05:56:53.294,2.00518,2.00567,1.50,1.13
2012.06.12 05:56:55.052,2.00518,2.00564,1.50,1.13
2012.06.12 05:56:56.972,2.00512,2.00564,2.25,1.13
2012.06.12 05:56:57.194,2.00512,2.00564,1.50,1.13
2012.06.12 05:57:05.708,2.00506,2.00564,3.38,1.13
2012.06.12 05:57:13.418,2.00506,2.00563,1.88,1.50
2012.06.12 05:57:15.398,2.00507,2.00564,1.50,1.13
2012.06.12 05:57:17.663,2.00508,2.00564,1.50,1.13
2012.06.12 05:57:20.255,2.00501,2.00556,1.50,1.13
2012.06.12 05:57:20.766,2.00495,2.00555,2.25,1.13
2012.06.12 05:57:28.144,2.00494,2.00555,1.88,2.63
2012.06.12 05:57:28.517,2.00513,2.00551,2.25,1.13
2012.06.12 05:57:28.844,2.00513,2.00547,2.25,1.13
2012.06.12 05:57:29.155,2.00501,2.00547,2.25,1.13
2012.06.12 05:57:29.225,2.00501,2.00566,2.25,1.50
2012.06.12 05:57:29.354,2.00501,2.00566,2.25,1.50
2012.06.12 05:57:29.874,2.00507,2.00567,2.25,1.13
2012.06.12 05:57:30.955,2.005,2.00567,2.25,2.63
2012.06.12 05:57:36.033,2.00501,2.00558,1.88,1.50
2012.06.12 05:57:40.142,2.00501,2.00558,1.13,1.50
2012.06.12 05:57:40.273,2.00494,2.00558,3.38,1.50
2012.06.12 05:57:43.384,2.00517,2.00563,1.50,1.13
2012.06.12 05:57:43.513,2.00523,2.00581,1.88,1.50
2012.06.12 05:57:43.703,2.00509,2.00563,2.25,1.13
2012.06.12 05:57:43.853,2.005,2.00563,2.25,1.13
2012.06.12 05:57:44.122,2.00511,2.00567,1.13,1.50
2012.06.12 05:57:49.384,2.00511,2.00559,1.13,1.50
2012.06.12 05:57:49.662,2.00497,2.00557,1.13,1.13
2012.06.12 05:57:49.734,2.00493,2.00544,1.50,1.13
2012.06.12 05:57:49.998,2.00488,2.00544,1.50,1.13
2012.06.12 05:57:51.064,2.00494,2.00553,1.13,1.50
2012.06.12 05:57:51.815,2.0049,2.00551,1.13,1.13
2012.06.12 05:57:55.562,2.00488,2.00543,1.50,1.13
2012.06.12 05:57:55.847,2.00488,2.00547,1.50,1.13
2012.06.12 05:57:58.097,2.00488,2.00548,2.63,1.13
2012.06.12 05:58:01.456,2.00488,2.00544,1.50,1.13
2012.06.12 05:58:02.663,2.00488,2.00541,2.25,1.13
2012.06.12 05:58:03.136,2.00498,2.00541,1.50,1.13
2012.06.12 05:58:03.517,2.00505,2.00541,1.50,1.13
2012.06.12 05:58:03.583,2.00499,2.00541,1.50,1.13
2012.06.12 05:58:08.053,2.00507,2.00541,1.50,1.13
2012.06.12 05:58:10.683,2.005,2.00541,1.50,1.13
2012.06.12 05:58:12.545,2.005,2.00547,1.50,1.13
2012.06.12 05:58:12.734,2.005,2.00547,2.25,1.13
2012.06.12 05:58:14.138,2.005,2.00547,1.50,1.13
2012.06.12 05:58:14.484,2.005,2.00547,2.25,1.13
2012.06.12 05:58:14.614,2.005,2.00547,1.50,1.13
2012.06.12 05:58:14.745,2.005,2.00542,1.50,1.13
2012.06.12 05:58:15.113,2.00495,2.00542,2.25,1.13
2012.06.12 05:58:19.906,2.00495,2.00542,2.25,1.13
2012.06.12 05:58:20.025,2.00495,2.00542,2.25,1.13
2012.06.12 05:58:24.693,2.00481,2.00542,1.13,1.13
2012.06.12 05:58:30.138,2.00481,2.00542,1.88,1.13
2012.06.12 05:58:35.199,2.00482,2.00542,1.50,1.13
2012.06.12 05:58:40.423,2.00492,2.00542,1.50,1.13
2012.06.12 05:58:40.505,2.00487,2.00542,1.50,1.13
2012.06.12 05:58:50.194,2.00491,2.00542,1.50,1.13
2012.06.12 05:58:50.321,2.00485,2.00542,2.25,1.13
2012.06.12 05:58:50.447,2.00485,2.00542,2.25,1.13
2012.06.12 05:58:50.632,2.00485,2.00542,2.25,1.13
2012.06.12 05:58:50.831,2.00485,2.00535,2.25,1.13
2012.06.12 05:58:59.633,2.00494,2.00535,1.50,1.13
2012.06.12 05:59:01.825,2.00494,2.00535,2.25,1.13
2012.06.12 05:59:02.072,2.00495,2.00548,2.25,1.13
2012.06.12 05:59:03.315,2.00495,2.00548,1.50,1.13
2012.06.12 05:59:07.976,2.00495,2.00548,2.25,1.13
2012.06.12 05:59:10.026,2.00503,2.00561,1.50,1.13
2012.06.12 05:59:10.096,2.0051,2.00561,2.25,1.13
2012.06.12 05:59:11.277,2.0051,2.00561,1.50,1.13
2012.06.12 05:59:11.577,2.0051,2.00561,2.25,1.13
2012.06.12 05:59:11.651,2.00497,2.00555,2.25,1.13
2012.06.12 05:59:11.716,2.00497,2.0055,1.50,1.13
2012.06.12 05:59:11.785,2.00491,2.0055,1.50,1.13
2012.06.12 05:59:12.293,2.00497,2.0055,1.50,1.13
2012.06.12 05:59:12.823,2.00497,2.00547,1.50,1.13
2012.06.12 05:59:13.254,2.00497,2.00551,1.50,1.13
2012.06.12 05:59:13.444,2.00497,2.00551,2.25,1.13
2012.06.12 05:59:13.514,2.00497,2.00551,1.50,1.13
2012.06.12 05:59:13.584,2.00497,2.00548,1.50,1.13
2012.06.12 05:59:14.064,2.00497,2.00548,2.25,1.13
2012.06.12 05:59:14.135,2.00492,2.00548,1.50,1.13
2012.06.12 05:59:19.272,2.00498,2.00548,1.50,1.13
2012.06.12 05:59:19.908,2.00498,2.00551,1.50,1.13
2012.06.12 05:59:20.242,2.00498,2.00547,1.50,1.13
2012.06.12 05:59:22.114,2.00498,2.00551,1.50,1.13
2012.06.12 05:59:22.251,2.00498,2.00547,1.50,1.13
2012.06.12 05:59:23.236,2.00498,2.00547,2.25,1.13
2012.06.12 05:59:23.305,2.00498,2.00547,1.50,1.13
2012.06.12 05:59:23.811,2.00498,2.00548,1.50,1.13
2012.06.12 05:59:24.054,2.00491,2.00548,1.50,1.13
2012.06.12 05:59:24.124,2.00496,2.00548,1.50,1.13
2012.06.12 05:59:25.154,2.0049,2.00548,1.50,1.13
2012.06.12 05:59:26.945,2.00496,2.00548,1.50,1.13
2012.06.12 05:59:28.487,2.0049,2.00548,1.50,1.13
2012.06.12 05:59:35.647,2.0049,2.00544,1.50,1.13
2012.06.12 05:59:36.156,2.0049,2.00543,1.50,1.13
2012.06.12 05:59:36.492,2.00498,2.00541,1.50,1.13
2012.06.12 05:59:36.553,2.0049,2.00541,1.50,1.13
2012.06.12 05:59:37.144,2.0049,2.00542,1.50,1.13
2012.06.12 05:59:37.514,2.0049,2.00542,2.25,1.13
2012.06.12 05:59:44.200,2.00499,2.00542,1.50,1.13
2012.06.12 05:59:45.514,2.00491,2.00542,2.25,1.13
2012.06.12 05:59:50.743,2.00487,2.00529,2.25,1.13
2012.06.12 05:59:50.943,2.00487,2.00529,1.50,1.13
2012.06.12 05:59:51.256,2.00487,2.00521,1.50,1.13
2012.06.12 05:59:52.119,2.00487,2.00528,1.50,1.13
2012.06.12 05:59:53.434,2.00487,2.00528,1.88,1.13
2012.06.12 05:59:53.504,2.00495,2.00554,1.88,1.13
2012.06.12 05:59:55.156,2.00495,2.00554,1.88,1.88
2012.06.12 05:59:55.463,2.00488,2.00541,2.25,1.13
2012.06.12 05:59:55.860,2.00488,2.00529,2.25,1.13
2012.06.12 05:59:56.225,2.00488,2.00515,1.50,1.13
2012.06.12 05:59:56.547,2.00488,2.00535,2.25,1.13
2012.06.12 05:59:56.794,2.00494,2.00541,2.25,1.13
2012.06.12 05:59:58.169,2.00494,2.00541,1.50,1.13
2012.06.12 05:59:58.233,2.00494,2.00534,1.50,1.13
