2017.02.13 18:00:00.067,1.74402,1.74449,1.00,1.00
2017.02.13 18:00:00.118,1.74392,1.74448,1.00,1.00
2017.02.13 18:00:00.168,1.74392,1.74444,1.00,1.00
2017.02.13 18:00:00.652,1.74402,1.74452,1.00,1.75
2017.02.13 18:00:00.753,1.74402,1.74452,1.00,1.00
2017.02.13 18:00:01.083,1.74401,1.74445,1.00,1.00
2017.02.13 18:00:01.390,1.74401,1.74438,1.00,1.00
2017.02.13 18:00:01.441,1.74391,1.74438,1.00,1.00
2017.02.13 18:00:01.809,1.74402,1.74438,1.00,1.00
2017.02.13 18:00:02.099,1.74392,1.74438,1.00,1.00
2017.02.13 18:00:02.149,1.74391,1.74433,1.00,1.00
2017.02.13 18:00:02.468,1.74392,1.74424,1.00,1.00
2017.02.13 18:00:03.264,1.74382,1.74421,1.00,1.00
2017.02.13 18:00:03.562,1.74391,1.7442,1.00,1.00
2017.02.13 18:00:03.663,1.74391,1.74422,1.00,1.50
2017.02.13 18:00:03.865,1.74391,1.74424,1.00,1.00
2017.02.13 18:00:04.592,1.74392,1.74424,1.00,1.00
2017.02.13 18:00:05.196,1.74391,1.74424,1.00,1.00
2017.02.13 18:00:05.297,1.74391,1.74428,1.00,1.87
2017.02.13 18:00:05.802,1.74392,1.74425,1.00,1.00
2017.02.13 18:00:06.497,1.74391,1.74425,1.00,1.00
2017.02.13 18:00:07.027,1.74391,1.74425,1.00,1.37
2017.02.13 18:00:07.229,1.74382,1.74423,1.50,1.12
2017.02.13 18:00:07.642,1.74382,1.74418,1.00,1.00
2017.02.13 18:00:08.498,1.74381,1.74418,1.00,1.00
2017.02.13 18:00:09.243,1.74382,1.74416,1.00,1.00
2017.02.13 18:00:09.545,1.74391,1.74428,1.00,1.00
2017.02.13 18:00:09.596,1.74391,1.7442,1.00,1.37
2017.02.13 18:00:09.848,1.74381,1.74418,1.00,1.12
2017.02.13 18:00:09.899,1.74381,1.74416,1.00,1.12
2017.02.13 18:00:10.204,1.74382,1.74412,1.00,1.00
2017.02.13 18:00:10.255,1.74384,1.74428,1.00,1.37
2017.02.13 18:00:10.305,1.74391,1.74427,1.00,1.37
2017.02.13 18:00:10.663,1.74382,1.74415,1.00,1.37
2017.02.13 18:00:10.977,1.74382,1.7441,1.00,1.00
2017.02.13 18:00:11.389,1.74382,1.74416,1.00,1.00
2017.02.13 18:00:11.440,1.74381,1.74413,1.00,1.00
2017.02.13 18:00:12.305,1.74382,1.7441,1.00,1.00
2017.02.13 18:00:14.356,1.74381,1.7441,1.00,1.00
2017.02.13 18:00:15.599,1.74382,1.7441,1.00,1.00
2017.02.13 18:00:15.735,1.74372,1.7441,1.50,1.00
2017.02.13 18:00:16.089,1.74372,1.74406,1.00,1.00
2017.02.13 18:00:16.410,1.74371,1.74401,1.00,1.00
2017.02.13 18:00:17.526,1.74371,1.744,1.00,1.00
2017.02.13 18:00:17.860,1.74371,1.74402,1.00,1.00
2017.02.13 18:00:18.012,1.74372,1.74404,1.00,1.00
2017.02.13 18:00:18.616,1.74372,1.74405,1.00,1.00
2017.02.13 18:00:18.885,1.74371,1.74403,1.00,1.00
2017.02.13 18:00:19.167,1.74364,1.74403,1.00,2.62
2017.02.13 18:00:19.218,1.74362,1.74403,1.00,1.87
2017.02.13 18:00:19.572,1.74361,1.74396,1.00,1.37
2017.02.13 18:00:19.623,1.74362,1.74398,1.00,1.00
2017.02.13 18:00:19.825,1.74362,1.74401,1.00,1.00
2017.02.13 18:00:19.927,1.74372,1.744,1.00,1.00
2017.02.13 18:00:20.079,1.74372,1.74404,1.00,1.00
2017.02.13 18:00:20.361,1.74382,1.74407,1.00,1.00
2017.02.13 18:00:20.615,1.74372,1.74405,1.00,1.37
2017.02.13 18:00:20.666,1.74371,1.74406,1.00,1.37
2017.02.13 18:00:20.767,1.74372,1.74408,1.00,1.37
2017.02.13 18:00:20.918,1.74372,1.74407,1.00,1.87
2017.02.13 18:00:21.121,1.74364,1.74404,1.00,1.37
2017.02.13 18:00:21.222,1.74372,1.74406,1.00,1.87
2017.02.13 18:00:21.685,1.74371,1.74408,1.00,1.37
2017.02.13 18:00:21.736,1.74364,1.74403,1.00,1.00
2017.02.13 18:00:21.787,1.74367,1.74403,1.00,1.00
2017.02.13 18:00:22.120,1.74365,1.74403,1.00,1.37
2017.02.13 18:00:22.604,1.74367,1.74405,1.00,1.37
2017.02.13 18:00:23.053,1.74371,1.74405,1.00,1.37
2017.02.13 18:00:23.104,1.74366,1.74405,1.00,1.37
2017.02.13 18:00:23.257,1.74366,1.74404,1.00,1.37
2017.02.13 18:00:23.625,1.74371,1.74403,1.00,1.37
2017.02.13 18:00:23.850,1.74367,1.74404,1.00,1.37
2017.02.13 18:00:23.951,1.74367,1.74406,1.00,1.37
2017.02.13 18:00:24.174,1.74371,1.74406,1.00,1.37
2017.02.13 18:00:24.467,1.74363,1.74402,1.00,1.00
2017.02.13 18:00:25.822,1.74371,1.74402,1.00,1.00
2017.02.13 18:00:25.873,1.74363,1.74402,1.00,1.00
2017.02.13 18:00:26.901,1.74364,1.74403,1.00,1.00
2017.02.13 18:00:27.337,1.74371,1.74404,1.00,1.00
2017.02.13 18:00:27.633,1.74366,1.74404,1.00,1.00
2017.02.13 18:00:27.771,1.7437,1.74404,1.00,1.00
2017.02.13 18:00:27.821,1.74371,1.74408,1.00,1.00
2017.02.13 18:00:27.973,1.74374,1.74411,1.00,1.00
2017.02.13 18:00:28.064,1.74373,1.74413,1.00,1.00
2017.02.13 18:00:28.611,1.74373,1.74412,1.00,1.00
2017.02.13 18:00:29.730,1.74372,1.74412,1.00,1.12
2017.02.13 18:00:29.831,1.74372,1.7441,1.00,1.00
2017.02.13 18:00:30.202,1.74368,1.74407,1.12,1.37
2017.02.13 18:00:30.790,1.74367,1.74406,1.37,1.37
2017.02.13 18:00:30.879,1.74367,1.74406,1.37,1.12
2017.02.13 18:00:31.102,1.74367,1.74406,1.37,1.37
2017.02.13 18:00:31.152,1.74367,1.74406,1.37,1.00
2017.02.13 18:00:31.354,1.74367,1.74404,1.37,1.00
2017.02.13 18:00:32.801,1.74367,1.74403,1.37,1.00
2017.02.13 18:00:33.689,1.74371,1.74402,1.00,1.00
2017.02.13 18:00:33.740,1.74371,1.74405,1.00,1.37
2017.02.13 18:00:34.331,1.74371,1.74405,1.00,1.12
2017.02.13 18:00:35.241,1.74371,1.74404,1.00,1.00
2017.02.13 18:00:35.757,1.74372,1.74403,1.00,1.00
2017.02.13 18:00:36.293,1.74371,1.74403,1.00,1.00
2017.02.13 18:00:37.417,1.74372,1.74403,1.00,1.00
2017.02.13 18:00:38.131,1.74372,1.74401,1.00,1.00
2017.02.13 18:00:38.912,1.74372,1.74403,1.00,1.00
2017.02.13 18:00:39.419,1.74372,1.74402,1.00,1.12
2017.02.13 18:00:39.955,1.74371,1.744,1.00,1.00
2017.02.13 18:00:40.056,1.74371,1.74402,1.00,1.00
2017.02.13 18:00:40.636,1.74371,1.74401,1.00,1.00
2017.02.13 18:00:41.341,1.74372,1.74401,1.00,1.00
2017.02.13 18:00:42.017,1.74372,1.74402,1.00,1.00
2017.02.13 18:00:42.912,1.74371,1.74404,1.00,1.37
2017.02.13 18:00:45.467,1.74372,1.74405,1.00,1.37
2017.02.13 18:00:45.518,1.74372,1.74405,1.00,1.00
2017.02.13 18:00:46.645,1.74371,1.74405,1.00,1.00
2017.02.13 18:00:48.459,1.74371,1.74406,1.00,1.00
2017.02.13 18:00:48.962,1.74382,1.74406,1.00,1.00
2017.02.13 18:00:49.363,1.74382,1.74408,1.00,1.00
2017.02.13 18:00:50.311,1.74382,1.74409,1.00,1.00
2017.02.13 18:00:50.362,1.74372,1.74407,1.00,1.37
2017.02.13 18:00:50.939,1.74371,1.74407,1.00,1.37
2017.02.13 18:00:51.106,1.74371,1.74407,1.00,1.37
2017.02.13 18:00:51.411,1.74372,1.74398,1.00,1.00
2017.02.13 18:00:51.635,1.74372,1.74401,1.00,1.00
2017.02.13 18:00:52.165,1.74372,1.74399,1.00,1.00
2017.02.13 18:00:52.510,1.74371,1.74403,1.00,1.00
2017.02.13 18:00:52.612,1.74371,1.74405,1.00,1.00
2017.02.13 18:00:53.380,1.74371,1.74401,1.00,1.00
2017.02.13 18:00:53.993,1.74371,1.74399,1.00,1.00
2017.02.13 18:00:54.460,1.74371,1.74402,1.00,1.00
2017.02.13 18:00:54.663,1.74381,1.74403,1.00,1.00
2017.02.13 18:00:54.713,1.74381,1.74405,1.00,1.00
2017.02.13 18:00:54.764,1.74381,1.74408,1.00,1.00
2017.02.13 18:00:55.316,1.74381,1.74407,1.00,1.00
2017.02.13 18:00:55.518,1.74382,1.74404,1.00,1.00
2017.02.13 18:00:55.620,1.74371,1.74402,1.00,1.00
2017.02.13 18:00:55.822,1.74381,1.74403,1.00,1.00
2017.02.13 18:00:55.924,1.74381,1.74406,1.00,1.00
2017.02.13 18:01:00.218,1.74372,1.74406,1.00,1.00
2017.02.13 18:01:00.765,1.74382,1.74412,1.00,1.00
2017.02.13 18:01:00.905,1.74381,1.74414,1.00,1.00
2017.02.13 18:01:01.057,1.74381,1.74419,1.00,1.00
2017.02.13 18:01:01.107,1.74391,1.74419,1.00,1.00
2017.02.13 18:01:01.158,1.74392,1.74422,1.00,1.00
2017.02.13 18:01:01.310,1.74392,1.74425,1.00,1.00
2017.02.13 18:01:02.168,1.74391,1.74424,1.00,1.00
2017.02.13 18:01:02.675,1.74391,1.74423,1.00,1.00
2017.02.13 18:01:04.317,1.74391,1.7442,1.00,1.00
2017.02.13 18:01:04.368,1.74391,1.74422,1.00,1.00
2017.02.13 18:01:04.418,1.74391,1.74417,1.00,1.00
2017.02.13 18:01:04.519,1.74391,1.74419,1.00,1.00
2017.02.13 18:01:04.722,1.74391,1.74417,1.00,1.00
2017.02.13 18:01:06.080,1.74391,1.74415,1.00,1.00
2017.02.13 18:01:06.181,1.74382,1.74415,1.00,1.00
2017.02.13 18:01:07.161,1.74381,1.74415,1.00,1.00
2017.02.13 18:01:07.262,1.74381,1.74417,1.00,1.00
2017.02.13 18:01:07.313,1.74381,1.74419,1.00,1.00
2017.02.13 18:01:07.364,1.74391,1.7442,1.00,1.00
2017.02.13 18:01:07.981,1.74391,1.74421,1.00,1.00
2017.02.13 18:01:09.411,1.74391,1.74418,1.00,1.00
2017.02.13 18:01:10.162,1.74382,1.74419,1.00,1.00
2017.02.13 18:01:10.264,1.74382,1.74416,1.00,1.00
2017.02.13 18:01:10.784,1.74381,1.74413,1.00,1.00
2017.02.13 18:01:11.538,1.74381,1.74414,1.00,1.00
2017.02.13 18:01:12.153,1.74381,1.74412,1.00,1.00
2017.02.13 18:01:12.690,1.74381,1.74414,1.00,1.00
2017.02.13 18:01:12.791,1.74382,1.74412,1.00,1.00
2017.02.13 18:01:13.632,1.74382,1.74413,1.00,1.00
2017.02.13 18:01:14.455,1.74382,1.74412,1.00,1.00
2017.02.13 18:01:14.819,1.74382,1.7441,1.00,1.00
2017.02.13 18:01:15.232,1.74382,1.74416,1.00,1.00
2017.02.13 18:01:15.283,1.74382,1.74414,1.00,1.00
2017.02.13 18:01:15.334,1.74382,1.74417,1.00,1.00
2017.02.13 18:01:15.582,1.74381,1.74419,1.00,1.00
2017.02.13 18:01:15.759,1.74381,1.74422,1.00,1.00
2017.02.13 18:01:15.810,1.74381,1.7442,1.00,1.00
2017.02.13 18:01:16.110,1.74381,1.74422,1.00,1.00
2017.02.13 18:01:16.161,1.74381,1.74418,1.00,1.00
2017.02.13 18:01:16.381,1.74381,1.7442,1.00,1.00
2017.02.13 18:01:16.432,1.74381,1.74418,1.00,1.00
2017.02.13 18:01:16.955,1.74381,1.74417,1.00,1.00
2017.02.13 18:01:17.371,1.74381,1.7442,1.00,1.00
2017.02.13 18:01:17.731,1.74381,1.74417,1.00,1.00
2017.02.13 18:01:18.389,1.74381,1.74416,1.00,1.00
2017.02.13 18:01:19.450,1.74381,1.74415,1.00,1.00
2017.02.13 18:01:19.980,1.74381,1.74414,1.00,1.00
2017.02.13 18:01:20.132,1.74382,1.74416,1.00,1.50
2017.02.13 18:01:20.183,1.74382,1.74412,1.00,1.00
2017.02.13 18:01:20.234,1.74382,1.74414,1.00,1.50
2017.02.13 18:01:21.104,1.74382,1.74415,1.00,1.00
2017.02.13 18:01:21.543,1.74382,1.74417,1.00,1.00
2017.02.13 18:01:21.594,1.74392,1.74418,1.00,1.00
2017.02.13 18:01:21.716,1.74382,1.74419,1.00,1.00
2017.02.13 18:01:21.868,1.74382,1.74417,1.00,1.00
2017.02.13 18:01:22.171,1.74381,1.74414,1.00,1.00
2017.02.13 18:01:22.634,1.74382,1.74416,1.00,1.00
2017.02.13 18:01:22.685,1.74382,1.74414,1.00,1.00
2017.02.13 18:01:23.243,1.74382,1.74413,1.00,1.00
2017.02.13 18:01:23.787,1.74381,1.74414,1.00,1.00
2017.02.13 18:01:24.221,1.74381,1.74409,1.00,1.00
2017.02.13 18:01:24.446,1.74381,1.74411,1.00,1.00
2017.02.13 18:01:24.924,1.74391,1.74413,1.00,1.00
2017.02.13 18:01:25.140,1.74382,1.74414,1.00,1.00
2017.02.13 18:01:26.216,1.74381,1.74414,1.00,1.00
2017.02.13 18:01:26.760,1.74381,1.74413,1.00,1.00
2017.02.13 18:01:27.115,1.74381,1.74415,1.00,1.00
2017.02.13 18:01:27.665,1.74382,1.74414,1.00,1.00
2017.02.13 18:01:28.861,1.74382,1.74413,1.00,1.00
2017.02.13 18:01:31.333,1.74382,1.74412,1.00,1.00
2017.02.13 18:01:32.114,1.74381,1.74412,1.00,1.00
2017.02.13 18:01:32.683,1.74382,1.74413,1.00,1.00
2017.02.13 18:01:33.082,1.74382,1.74411,1.00,1.00
2017.02.13 18:01:33.335,1.74381,1.74413,1.00,1.00
2017.02.13 18:01:33.547,1.74381,1.74415,1.00,1.00
2017.02.13 18:01:34.162,1.74381,1.74417,1.00,1.00
2017.02.13 18:01:34.485,1.74382,1.7442,1.00,1.00
2017.02.13 18:01:34.966,1.74381,1.74418,1.00,1.00
2017.02.13 18:01:35.268,1.74381,1.74414,1.00,1.00
2017.02.13 18:01:35.441,1.74381,1.74416,1.00,1.00
2017.02.13 18:01:36.071,1.74381,1.74415,1.00,1.00
2017.02.13 18:01:36.766,1.74382,1.74415,1.00,1.00
2017.02.13 18:01:37.696,1.74382,1.74414,1.00,1.00
2017.02.13 18:01:37.747,1.74382,1.74417,1.00,1.00
2017.02.13 18:01:37.848,1.74382,1.74421,1.00,1.12
2017.02.13 18:01:37.898,1.74382,1.74419,1.00,1.00
2017.02.13 18:01:38.377,1.74381,1.74416,1.00,1.00
2017.02.13 18:01:39.147,1.74381,1.74415,1.00,1.00
2017.02.13 18:01:39.968,1.74381,1.74413,1.00,1.00
2017.02.13 18:01:40.019,1.74382,1.74415,1.00,1.00
2017.02.13 18:01:40.619,1.74382,1.74414,1.00,1.00
2017.02.13 18:01:41.600,1.74382,1.74416,1.00,1.00
2017.02.13 18:01:42.760,1.74382,1.74415,1.00,1.00
2017.02.13 18:01:44.765,1.74382,1.7442,1.00,1.00
2017.02.13 18:01:45.416,1.74382,1.74421,1.00,1.00
2017.02.13 18:01:45.989,1.74381,1.74421,1.50,1.00
2017.02.13 18:01:46.616,1.74381,1.74422,1.50,1.00
2017.02.13 18:01:47.353,1.74381,1.74423,1.50,1.00
2017.02.13 18:01:49.739,1.74382,1.74423,1.00,1.00
2017.02.13 18:01:50.408,1.74381,1.74423,1.50,1.00
2017.02.13 18:01:50.509,1.74381,1.7442,1.00,1.00
2017.02.13 18:01:50.929,1.74382,1.74418,1.00,1.00
2017.02.13 18:01:51.742,1.74382,1.74416,1.00,1.00
2017.02.13 18:01:52.161,1.74382,1.74418,1.00,1.00
2017.02.13 18:01:52.426,1.74382,1.74424,1.12,1.00
2017.02.13 18:01:53.259,1.74383,1.74424,1.50,1.00
2017.02.13 18:01:53.562,1.74383,1.74422,1.00,1.00
2017.02.13 18:01:54.791,1.74383,1.74424,1.00,1.00
2017.02.13 18:01:59.228,1.74383,1.74422,1.00,1.00
2017.02.13 18:01:59.870,1.74382,1.74423,1.00,1.00
2017.02.13 18:02:00.631,1.74384,1.74423,1.00,1.00
2017.02.13 18:02:00.682,1.74384,1.74425,1.00,1.00
2017.02.13 18:02:01.196,1.74384,1.74424,1.50,1.00
2017.02.13 18:02:01.247,1.74384,1.74424,1.87,1.00
2017.02.13 18:02:03.472,1.74392,1.74424,1.00,1.00
2017.02.13 18:02:03.523,1.74392,1.74426,1.00,1.00
2017.02.13 18:02:04.311,1.74392,1.74423,1.00,1.00
2017.02.13 18:02:04.362,1.74392,1.74425,1.00,1.00
2017.02.13 18:02:04.463,1.74391,1.74423,1.00,1.00
2017.02.13 18:02:04.634,1.74384,1.74423,1.12,1.00
2017.02.13 18:02:04.735,1.74392,1.74423,1.00,1.00
2017.02.13 18:02:05.350,1.74384,1.74423,1.50,1.00
2017.02.13 18:02:05.725,1.74392,1.74423,1.00,1.00
2017.02.13 18:02:05.821,1.74384,1.74423,1.50,1.00
2017.02.13 18:02:05.872,1.74384,1.74423,1.12,1.00
2017.02.13 18:02:07.003,1.74384,1.74423,1.50,1.00
2017.02.13 18:02:07.053,1.74384,1.74425,2.25,1.00
2017.02.13 18:02:07.104,1.74392,1.74425,1.00,1.00
2017.02.13 18:02:07.264,1.74385,1.74425,1.37,1.00
2017.02.13 18:02:07.365,1.74384,1.74424,1.87,1.00
2017.02.13 18:02:08.200,1.74384,1.74423,1.12,1.00
2017.02.13 18:02:10.343,1.74392,1.74423,1.00,1.00
2017.02.13 18:02:10.505,1.74392,1.74425,1.00,1.50
2017.02.13 18:02:10.760,1.74384,1.74424,1.50,1.50
2017.02.13 18:02:11.472,1.74384,1.74423,1.50,1.00
2017.02.13 18:02:11.523,1.74391,1.74423,1.00,1.00
2017.02.13 18:02:11.574,1.74391,1.74427,1.37,1.00
2017.02.13 18:02:12.098,1.74391,1.74426,1.00,1.00
2017.02.13 18:02:12.609,1.74392,1.74426,1.00,1.00
2017.02.13 18:02:13.712,1.74392,1.74425,1.00,1.00
2017.02.13 18:02:14.317,1.74384,1.74425,1.12,1.00
2017.02.13 18:02:14.950,1.74385,1.74425,1.12,1.00
2017.02.13 18:02:15.016,1.74391,1.74425,1.00,1.00
2017.02.13 18:02:16.347,1.74391,1.74425,1.00,1.37
2017.02.13 18:02:17.483,1.74391,1.74425,1.00,1.37
2017.02.13 18:02:20.145,1.74391,1.74425,1.00,1.37
2017.02.13 18:02:20.761,1.74391,1.74425,1.00,1.37
2017.02.13 18:02:22.482,1.74391,1.74425,1.00,1.37
2017.02.13 18:02:22.684,1.74391,1.74426,1.00,1.37
2017.02.13 18:02:22.993,1.74391,1.74426,1.00,1.37
2017.02.13 18:02:23.177,1.74391,1.74427,1.00,1.37
2017.02.13 18:02:23.681,1.74391,1.74427,1.00,1.37
2017.02.13 18:02:24.283,1.74391,1.74427,1.00,1.37
2017.02.13 18:02:24.538,1.74382,1.74426,1.50,1.87
2017.02.13 18:02:25.162,1.74381,1.74423,1.50,1.37
2017.02.13 18:02:27.115,1.74382,1.74423,1.00,1.37
2017.02.13 18:02:28.476,1.74391,1.74423,1.00,1.37
2017.02.13 18:02:28.578,1.74392,1.74424,1.00,1.37
2017.02.13 18:02:28.629,1.74392,1.74425,1.00,1.87
2017.02.13 18:02:28.961,1.74392,1.74425,1.00,1.37
2017.02.13 18:02:29.199,1.74402,1.74425,1.00,1.37
2017.02.13 18:02:29.300,1.74402,1.74426,1.00,1.00
2017.02.13 18:02:29.485,1.74401,1.74437,1.00,1.37
2017.02.13 18:02:29.536,1.74401,1.7444,1.00,1.37
2017.02.13 18:02:29.638,1.74401,1.7444,1.00,1.37
2017.02.13 18:02:35.034,1.74401,1.7444,1.00,1.87
2017.02.13 18:02:35.186,1.74411,1.74448,1.00,1.37
2017.02.13 18:02:35.237,1.74411,1.74448,1.00,1.37
2017.02.13 18:02:35.338,1.74411,1.74449,1.00,1.87
2017.02.13 18:02:35.389,1.74411,1.74449,1.00,1.87
2017.02.13 18:02:35.490,1.74411,1.74447,1.00,1.87
2017.02.13 18:02:36.063,1.74411,1.74447,1.00,1.37
2017.02.13 18:02:37.495,1.74411,1.74447,1.00,1.87
2017.02.13 18:02:37.603,1.74411,1.74449,1.00,1.37
2017.02.13 18:02:38.985,1.74411,1.74449,1.00,1.37
2017.02.13 18:02:39.493,1.74412,1.74445,1.00,1.37
2017.02.13 18:02:40.048,1.74412,1.74445,1.00,1.87
2017.02.13 18:02:41.423,1.74412,1.74444,1.00,1.37
2017.02.13 18:02:41.514,1.74412,1.74444,1.00,1.37
2017.02.13 18:02:41.638,1.74402,1.74443,1.00,1.37
2017.02.13 18:02:41.689,1.74402,1.74443,1.00,1.87
2017.02.13 18:02:41.992,1.74402,1.74433,1.00,1.37
2017.02.13 18:02:42.278,1.74392,1.74422,1.00,1.00
2017.02.13 18:02:42.330,1.74392,1.74428,1.00,1.37
2017.02.13 18:02:42.482,1.74392,1.74432,1.00,1.87
2017.02.13 18:02:42.684,1.74392,1.74433,1.00,1.87
2017.02.13 18:02:43.257,1.74392,1.7443,1.00,1.87
2017.02.13 18:02:45.293,1.74392,1.7443,1.00,1.87
2017.02.13 18:02:45.394,1.74393,1.7443,1.00,1.00
2017.02.13 18:02:45.445,1.74401,1.74431,1.00,1.37
2017.02.13 18:02:45.546,1.74402,1.74433,1.00,1.37
2017.02.13 18:02:45.597,1.74391,1.74432,1.50,1.37
2017.02.13 18:02:45.647,1.74392,1.74435,1.00,1.37
2017.02.13 18:02:46.751,1.74391,1.74432,1.00,1.87
2017.02.13 18:02:48.208,1.74391,1.7443,1.00,1.87
2017.02.13 18:02:49.817,1.74392,1.74429,1.00,1.37
2017.02.13 18:02:50.019,1.74392,1.74429,1.00,1.37
2017.02.13 18:02:50.070,1.74392,1.74429,1.00,1.37
2017.02.13 18:02:51.113,1.74392,1.74429,1.00,1.37
2017.02.13 18:02:51.430,1.74392,1.74429,1.00,1.87
2017.02.13 18:02:51.842,1.74387,1.74425,1.00,1.37
2017.02.13 18:02:52.304,1.74387,1.74424,1.00,1.37
2017.02.13 18:02:52.355,1.74387,1.74425,1.00,1.37
2017.02.13 18:02:53.268,1.74387,1.74425,1.00,1.37
2017.02.13 18:02:53.509,1.74392,1.74423,1.00,1.37
2017.02.13 18:02:53.662,1.74387,1.74424,1.00,1.37
2017.02.13 18:02:55.119,1.74387,1.74424,1.00,1.37
2017.02.13 18:02:55.197,1.74381,1.74424,2.25,1.37
2017.02.13 18:02:55.298,1.74382,1.74424,1.50,1.87
2017.02.13 18:02:55.450,1.74382,1.7442,1.00,1.37
2017.02.13 18:02:55.551,1.74381,1.74419,1.00,1.87
2017.02.13 18:02:55.805,1.74374,1.74414,1.75,1.37
2017.02.13 18:02:56.036,1.74374,1.74414,1.00,1.37
2017.02.13 18:02:56.459,1.74376,1.74414,1.00,1.37
2017.02.13 18:02:58.788,1.74376,1.74416,1.00,1.37
2017.02.13 18:02:59.131,1.74382,1.74417,1.00,1.37
2017.02.13 18:03:00.162,1.74382,1.74418,1.00,1.37
2017.02.13 18:03:00.314,1.74382,1.74419,1.00,1.37
2017.02.13 18:03:00.621,1.74382,1.74419,1.00,1.37
2017.02.13 18:03:00.672,1.74382,1.74419,1.00,1.37
2017.02.13 18:03:01.134,1.74382,1.74421,1.00,1.37
2017.02.13 18:03:01.474,1.74382,1.7442,1.00,1.37
2017.02.13 18:03:01.694,1.74382,1.7442,1.00,1.37
2017.02.13 18:03:01.847,1.74382,1.74423,1.00,1.37
2017.02.13 18:03:01.999,1.74382,1.74421,1.00,1.37
2017.02.13 18:03:02.548,1.74381,1.7442,1.00,1.37
2017.02.13 18:03:03.346,1.74381,1.74418,1.00,1.37
2017.02.13 18:03:03.498,1.74381,1.74418,1.00,1.37
2017.02.13 18:03:04.327,1.74381,1.74418,1.00,1.37
2017.02.13 18:03:06.374,1.74381,1.74417,1.00,1.37
2017.02.13 18:03:08.102,1.74381,1.74417,1.00,1.37
2017.02.13 18:03:08.405,1.74381,1.74414,1.00,1.37
2017.02.13 18:03:08.819,1.74381,1.74415,1.00,1.37
2017.02.13 18:03:09.024,1.74382,1.74417,1.00,1.37
2017.02.13 18:03:10.272,1.74381,1.74416,1.00,1.37
2017.02.13 18:03:10.786,1.74382,1.74414,1.00,1.37
2017.02.13 18:03:11.382,1.74382,1.74412,1.00,1.37
2017.02.13 18:03:12.544,1.74381,1.74412,1.00,1.37
2017.02.13 18:03:14.741,1.74381,1.74414,1.00,1.37
2017.02.13 18:03:15.288,1.74381,1.74414,1.00,1.37
2017.02.13 18:03:15.440,1.74381,1.74414,1.00,1.12
2017.02.13 18:03:15.541,1.74392,1.74419,1.00,1.37
2017.02.13 18:03:15.844,1.74383,1.7442,1.00,1.37
2017.02.13 18:03:16.369,1.74382,1.74421,1.50,1.37
2017.02.13 18:03:20.215,1.74392,1.74421,1.00,1.37
2017.02.13 18:03:20.387,1.74392,1.74421,1.00,1.37
2017.02.13 18:03:20.795,1.74382,1.74421,1.00,1.37
2017.02.13 18:03:20.846,1.74382,1.74422,1.50,1.37
2017.02.13 18:03:20.943,1.74382,1.74422,1.50,1.37
2017.02.13 18:03:24.839,1.74382,1.74422,1.00,1.37
2017.02.13 18:03:24.896,1.74384,1.74422,1.00,1.37
2017.02.13 18:03:25.200,1.74384,1.74422,1.00,1.37
2017.02.13 18:03:25.828,1.74384,1.74422,1.00,1.37
2017.02.13 18:03:27.074,1.74383,1.74422,1.50,1.37
2017.02.13 18:03:27.502,1.74391,1.74422,1.00,1.37
2017.02.13 18:03:29.309,1.74391,1.74422,1.00,1.37
2017.02.13 18:03:30.167,1.74391,1.74422,1.00,1.37
2017.02.13 18:03:31.036,1.74391,1.74423,1.00,1.37
2017.02.13 18:03:31.714,1.74392,1.74423,1.00,1.37
2017.02.13 18:03:32.163,1.74392,1.74423,1.00,1.37
2017.02.13 18:03:37.567,1.74392,1.74423,1.00,1.37
2017.02.13 18:03:38.860,1.74392,1.74421,1.00,1.37
2017.02.13 18:03:39.114,1.74383,1.74422,1.50,1.37
2017.02.13 18:03:40.429,1.74383,1.74421,1.50,1.37
2017.02.13 18:03:42.961,1.74382,1.74421,1.00,1.37
2017.02.13 18:03:43.713,1.74382,1.74421,1.00,1.37
2017.02.13 18:03:44.494,1.74382,1.74421,1.00,1.37
2017.02.13 18:03:48.103,1.74382,1.74421,1.50,1.37
2017.02.13 18:03:48.154,1.74382,1.74421,1.00,1.37
2017.02.13 18:03:48.704,1.74381,1.74421,1.12,1.37
2017.02.13 18:03:48.805,1.74382,1.74422,1.00,1.37
2017.02.13 18:03:48.856,1.74391,1.74422,1.00,1.37
2017.02.13 18:03:49.733,1.74391,1.74422,1.00,1.37
2017.02.13 18:03:49.995,1.74382,1.74421,1.00,1.37
2017.02.13 18:03:50.412,1.74382,1.74421,1.00,1.37
2017.02.13 18:03:51.232,1.74382,1.74421,1.00,1.37
2017.02.13 18:03:52.150,1.74392,1.74421,1.00,1.37
2017.02.13 18:03:55.359,1.74383,1.74422,1.00,1.37
2017.02.13 18:03:55.868,1.74383,1.74422,1.00,1.37
2017.02.13 18:03:55.919,1.74391,1.74423,1.00,1.37
2017.02.13 18:03:56.165,1.74392,1.74423,1.00,1.37
2017.02.13 18:03:56.588,1.74392,1.74425,1.00,1.37
2017.02.13 18:03:56.955,1.74391,1.74426,1.00,1.37
2017.02.13 18:03:57.007,1.74391,1.74429,1.00,1.37
2017.02.13 18:03:57.488,1.74391,1.74429,1.00,1.87
2017.02.13 18:03:58.108,1.74392,1.74422,1.00,1.37
2017.02.13 18:04:00.970,1.74392,1.74425,1.00,1.37
2017.02.13 18:04:01.665,1.74392,1.74425,1.00,1.37
2017.02.13 18:04:01.716,1.74391,1.74425,1.00,1.37
2017.02.13 18:04:03.318,1.74391,1.74423,1.00,1.37
2017.02.13 18:04:03.866,1.74392,1.74425,1.00,1.37
2017.02.13 18:04:03.916,1.74392,1.74425,1.00,1.37
2017.02.13 18:04:05.554,1.74402,1.74431,1.00,1.37
2017.02.13 18:04:06.319,1.74402,1.7443,1.00,1.37
2017.02.13 18:04:10.557,1.74401,1.7443,1.00,1.37
2017.02.13 18:04:11.486,1.74401,1.74432,1.00,1.37
2017.02.13 18:04:12.484,1.74401,1.74432,1.00,1.37
2017.02.13 18:04:14.643,1.74401,1.74432,1.00,1.37
2017.02.13 18:04:15.426,1.74402,1.74428,1.00,1.37
2017.02.13 18:04:15.681,1.74402,1.74427,1.00,1.37
2017.02.13 18:04:15.732,1.74402,1.74429,1.00,1.37
2017.02.13 18:04:15.833,1.74402,1.74429,1.00,1.37
2017.02.13 18:04:16.085,1.74402,1.74428,1.00,1.37
2017.02.13 18:04:16.136,1.74402,1.74421,1.00,1.37
2017.02.13 18:04:16.577,1.74392,1.74416,1.00,1.12
2017.02.13 18:04:16.679,1.74392,1.74422,1.00,1.37
2017.02.13 18:04:16.852,1.74401,1.74424,1.00,1.37
2017.02.13 18:04:17.063,1.74391,1.74422,1.00,1.00
2017.02.13 18:04:17.340,1.74401,1.74422,1.00,1.37
2017.02.13 18:04:17.391,1.74401,1.74428,1.00,1.00
2017.02.13 18:04:17.441,1.74402,1.74429,1.00,1.37
2017.02.13 18:04:18.089,1.74401,1.74428,1.00,1.37
2017.02.13 18:04:20.896,1.74402,1.74429,1.00,1.37
2017.02.13 18:04:23.002,1.74401,1.74429,1.00,1.37
2017.02.13 18:04:23.053,1.74401,1.74429,1.00,1.12
2017.02.13 18:04:23.155,1.74401,1.74431,1.00,1.37
2017.02.13 18:04:23.532,1.74411,1.74432,1.00,1.37
2017.02.13 18:04:24.067,1.74411,1.74432,1.00,1.37
2017.02.13 18:04:24.278,1.74411,1.74435,1.00,1.00
2017.02.13 18:04:24.786,1.74412,1.74434,1.00,1.12
2017.02.13 18:04:25.253,1.74412,1.74434,1.00,1.37
2017.02.13 18:04:27.013,1.74402,1.74434,1.00,1.37
2017.02.13 18:04:27.283,1.74401,1.74438,1.00,1.37
2017.02.13 18:04:27.334,1.74412,1.74438,1.00,1.37
2017.02.13 18:04:27.385,1.74412,1.74436,1.00,1.00
2017.02.13 18:04:27.436,1.74402,1.74437,1.00,1.12
2017.02.13 18:04:27.537,1.74412,1.74437,1.00,1.12
2017.02.13 18:04:28.110,1.74411,1.74436,1.00,1.00
2017.02.13 18:04:28.620,1.74411,1.7444,1.00,1.37
2017.02.13 18:04:29.747,1.74411,1.7444,1.00,1.37
2017.02.13 18:04:30.778,1.74411,1.7444,1.00,1.37
2017.02.13 18:04:31.798,1.74412,1.74441,1.00,1.37
2017.02.13 18:04:31.849,1.74422,1.74442,1.00,1.37
2017.02.13 18:04:31.951,1.74412,1.74442,1.00,1.87
2017.02.13 18:04:32.052,1.74412,1.7444,1.00,1.37
2017.02.13 18:04:32.815,1.74421,1.74441,1.00,1.37
2017.02.13 18:04:32.866,1.74411,1.74441,1.00,1.37
2017.02.13 18:04:32.967,1.74412,1.74443,1.00,1.37
2017.02.13 18:04:33.201,1.74421,1.74442,1.00,1.12
2017.02.13 18:04:33.430,1.74412,1.7444,1.00,1.37
2017.02.13 18:04:33.481,1.74412,1.7444,1.00,1.37
2017.02.13 18:04:33.532,1.74412,1.7444,1.00,1.12
2017.02.13 18:04:33.583,1.74412,1.7444,1.00,1.37
2017.02.13 18:04:33.684,1.74412,1.74441,1.00,1.00
2017.02.13 18:04:33.735,1.74422,1.74451,1.00,1.37
2017.02.13 18:04:33.937,1.74411,1.74448,1.00,1.37
2017.02.13 18:04:34.514,1.74412,1.74445,1.00,1.37
2017.02.13 18:04:35.113,1.74412,1.74445,1.00,1.37
2017.02.13 18:04:35.615,1.74421,1.74446,1.00,1.37
2017.02.13 18:04:36.732,1.74411,1.74446,1.00,1.37
2017.02.13 18:04:39.337,1.74411,1.74446,1.00,1.37
2017.02.13 18:04:45.215,1.74412,1.74446,1.00,1.37
2017.02.13 18:04:45.473,1.74412,1.74439,1.00,1.37
2017.02.13 18:04:46.307,1.74412,1.74439,1.00,1.37
2017.02.13 18:04:46.621,1.74412,1.74439,1.00,1.37
2017.02.13 18:04:47.140,1.74412,1.74437,1.00,1.37
2017.02.13 18:04:47.805,1.74411,1.74439,1.00,1.37
2017.02.13 18:04:48.396,1.74412,1.74439,1.00,1.00
2017.02.13 18:04:48.497,1.74412,1.74439,1.00,1.37
2017.02.13 18:04:48.598,1.74411,1.7444,1.00,1.37
2017.02.13 18:04:48.700,1.74411,1.7444,1.00,1.37
2017.02.13 18:04:48.801,1.74412,1.74442,1.00,1.37
2017.02.13 18:04:49.335,1.74412,1.74439,1.00,1.37
2017.02.13 18:04:49.697,1.74411,1.7444,1.00,1.37
2017.02.13 18:04:49.899,1.74412,1.74439,1.00,1.37
2017.02.13 18:04:50.051,1.74401,1.74436,1.00,1.37
2017.02.13 18:04:50.743,1.74402,1.7444,1.00,1.37
2017.02.13 18:04:54.853,1.74412,1.74436,1.00,1.37
2017.02.13 18:04:55.256,1.74401,1.74434,1.00,1.37
2017.02.13 18:04:55.357,1.74401,1.74432,1.00,1.37
2017.02.13 18:04:55.698,1.74401,1.7443,1.00,1.37
2017.02.13 18:04:56.128,1.74401,1.7443,1.00,1.37
2017.02.13 18:04:56.633,1.74402,1.74431,1.00,1.37
2017.02.13 18:04:56.786,1.74402,1.74431,1.00,1.37
2017.02.13 18:04:56.887,1.74402,1.74433,1.00,1.37
2017.02.13 18:04:57.367,1.74402,1.74432,1.00,1.37
2017.02.13 18:04:57.418,1.74402,1.74433,1.00,1.00
2017.02.13 18:04:57.519,1.74402,1.74435,1.00,1.37
2017.02.13 18:04:58.353,1.74402,1.74435,1.00,1.37
2017.02.13 18:04:58.454,1.74402,1.74431,1.00,1.00
2017.02.13 18:04:59.357,1.74402,1.74433,1.00,1.37
2017.02.13 18:04:59.742,1.74402,1.74432,1.00,1.37
2017.02.13 18:05:00.204,1.74402,1.74432,1.00,1.12
2017.02.13 18:05:00.305,1.74402,1.74433,1.00,1.37
2017.02.13 18:05:00.939,1.74402,1.74431,1.00,1.37
2017.02.13 18:05:01.316,1.74402,1.74431,1.00,1.12
2017.02.13 18:05:01.599,1.74402,1.74434,1.00,1.37
2017.02.13 18:05:03.306,1.74402,1.74431,1.00,1.37
2017.02.13 18:05:03.609,1.74402,1.74426,1.00,1.37
2017.02.13 18:05:03.798,1.74402,1.74426,1.00,1.12
2017.02.13 18:05:04.321,1.74401,1.74426,1.00,1.12
2017.02.13 18:05:08.918,1.74401,1.74427,1.00,1.37
2017.02.13 18:05:08.969,1.74401,1.74425,1.00,1.00
2017.02.13 18:05:09.020,1.74392,1.74427,1.00,1.37
2017.02.13 18:05:09.226,1.74401,1.74426,1.00,1.12
2017.02.13 18:05:10.788,1.74401,1.74425,1.00,1.12
2017.02.13 18:05:11.321,1.74401,1.74426,1.00,1.00
2017.02.13 18:05:12.023,1.74401,1.74427,1.00,1.12
2017.02.13 18:05:12.685,1.74401,1.74426,1.00,1.00
2017.02.13 18:05:12.736,1.74392,1.74426,1.00,1.00
2017.02.13 18:05:13.839,1.74392,1.74426,1.00,1.37
2017.02.13 18:05:16.859,1.74392,1.74426,1.00,1.37
2017.02.13 18:05:19.131,1.74392,1.74426,1.00,1.37
2017.02.13 18:05:20.329,1.74392,1.74426,1.00,1.37
2017.02.13 18:05:22.686,1.74391,1.74424,1.00,1.37
2017.02.13 18:05:22.737,1.74395,1.74427,1.00,1.00
2017.02.13 18:05:23.040,1.74412,1.74434,1.00,1.37
2017.02.13 18:05:23.291,1.74401,1.74432,1.00,1.37
2017.02.13 18:05:23.392,1.74412,1.74437,1.00,1.37
2017.02.13 18:05:23.822,1.74401,1.74437,1.00,1.37
2017.02.13 18:05:26.096,1.74402,1.74438,1.00,1.37
2017.02.13 18:05:26.195,1.74402,1.74435,1.00,1.37
2017.02.13 18:05:26.347,1.74402,1.74436,1.00,1.37
2017.02.13 18:05:26.551,1.74402,1.74432,1.00,1.37
2017.02.13 18:05:26.830,1.74402,1.74434,1.00,1.37
2017.02.13 18:05:31.242,1.74401,1.74429,1.00,1.37
2017.02.13 18:05:31.444,1.74402,1.7443,1.00,1.37
2017.02.13 18:05:31.494,1.74402,1.7443,1.00,1.37
2017.02.13 18:05:31.596,1.74401,1.74433,1.00,1.37
2017.02.13 18:05:31.851,1.74401,1.74434,1.00,1.37
2017.02.13 18:05:32.451,1.74401,1.74434,1.00,1.37
2017.02.13 18:05:32.502,1.74401,1.74427,1.00,1.37
2017.02.13 18:05:32.833,1.74401,1.74427,1.00,1.37
2017.02.13 18:05:33.866,1.74402,1.7443,1.00,1.37
2017.02.13 18:05:37.935,1.74402,1.74428,1.00,1.37
2017.02.13 18:05:38.899,1.74402,1.74428,1.00,1.37
2017.02.13 18:05:39.001,1.74402,1.74434,1.00,1.12
2017.02.13 18:05:39.102,1.74402,1.74436,1.00,1.00
2017.02.13 18:05:39.153,1.74411,1.74437,1.00,1.00
2017.02.13 18:05:39.254,1.74402,1.74438,1.00,1.37
2017.02.13 18:05:40.183,1.74403,1.74439,1.00,1.37
2017.02.13 18:05:40.234,1.74412,1.74439,1.00,1.37
2017.02.13 18:05:40.285,1.74412,1.74439,1.00,1.12
2017.02.13 18:05:40.335,1.74412,1.74438,1.00,1.37
2017.02.13 18:05:40.538,1.74402,1.74435,1.00,1.37
2017.02.13 18:05:40.697,1.74402,1.74435,1.00,1.37
2017.02.13 18:05:44.717,1.74402,1.74434,1.00,1.37
2017.02.13 18:05:46.160,1.74402,1.74434,1.00,1.37
2017.02.13 18:05:46.349,1.74402,1.74432,1.00,1.37
2017.02.13 18:05:48.760,1.74402,1.74432,1.00,1.37
2017.02.13 18:05:48.926,1.74402,1.74432,1.00,1.37
2017.02.13 18:05:49.264,1.74402,1.74431,1.00,1.37
2017.02.13 18:05:49.574,1.74402,1.74432,1.00,1.37
2017.02.13 18:05:49.981,1.74402,1.74439,1.00,1.37
2017.02.13 18:05:50.356,1.74402,1.74439,1.00,1.37
2017.02.13 18:05:50.882,1.74402,1.74437,1.00,1.37
2017.02.13 18:05:51.225,1.74402,1.74437,1.00,1.37
2017.02.13 18:05:51.276,1.74412,1.74437,1.00,1.37
2017.02.13 18:05:51.428,1.74402,1.74443,1.00,1.37
2017.02.13 18:05:51.642,1.74402,1.74429,1.00,1.37
2017.02.13 18:05:51.758,1.74392,1.74428,1.00,1.37
2017.02.13 18:05:51.809,1.74401,1.74428,1.00,1.37
2017.02.13 18:05:51.860,1.74392,1.74428,1.00,1.37
2017.02.13 18:05:52.011,1.74401,1.74428,1.00,1.00
2017.02.13 18:05:52.163,1.74401,1.7444,1.00,1.37
2017.02.13 18:05:52.416,1.74402,1.74437,1.00,1.37
2017.02.13 18:05:52.851,1.74402,1.74438,1.00,1.37
2017.02.13 18:05:53.285,1.74402,1.74436,1.00,1.37
2017.02.13 18:05:53.621,1.74402,1.74433,1.00,1.37
2017.02.13 18:05:54.148,1.74402,1.74433,1.00,1.37
2017.02.13 18:05:54.712,1.74401,1.74433,1.00,1.37
2017.02.13 18:05:55.014,1.74402,1.74435,1.00,1.37
2017.02.13 18:05:55.557,1.74402,1.74432,1.00,1.37
2017.02.13 18:05:55.658,1.74402,1.74432,1.00,1.00
2017.02.13 18:05:55.759,1.74402,1.74435,1.00,1.00
2017.02.13 18:05:55.911,1.74402,1.74437,1.00,1.00
2017.02.13 18:05:56.467,1.74401,1.74437,1.00,1.00
2017.02.13 18:05:56.705,1.74401,1.74437,1.00,1.37
2017.02.13 18:05:57.246,1.74401,1.74437,1.00,1.37
2017.02.13 18:05:57.806,1.74402,1.74437,1.00,1.37
2017.02.13 18:05:58.008,1.74402,1.74441,1.00,1.37
2017.02.13 18:05:58.059,1.74411,1.74441,1.00,1.37
2017.02.13 18:05:58.640,1.74402,1.7444,1.00,1.37
2017.02.13 18:06:00.053,1.74402,1.7444,1.00,1.37
2017.02.13 18:06:00.367,1.74402,1.74437,1.00,1.37
2017.02.13 18:06:00.895,1.74402,1.74437,1.00,1.37
2017.02.13 18:06:01.425,1.74401,1.74435,1.00,1.37
2017.02.13 18:06:01.577,1.74402,1.74436,1.00,1.37
2017.02.13 18:06:01.648,1.74402,1.74436,1.00,1.37
2017.02.13 18:06:02.301,1.74402,1.74434,1.00,1.12
2017.02.13 18:06:02.974,1.74402,1.74434,1.00,1.37
2017.02.13 18:06:03.276,1.74402,1.74434,1.00,1.37
2017.02.13 18:06:04.707,1.74401,1.7443,1.00,1.37
2017.02.13 18:06:05.694,1.74401,1.74431,1.00,1.37
2017.02.13 18:06:06.015,1.74392,1.74429,1.00,1.37
2017.02.13 18:06:06.217,1.74392,1.74429,1.00,1.37
2017.02.13 18:06:06.329,1.74401,1.74429,1.00,1.37
2017.02.13 18:06:06.380,1.74401,1.74427,1.00,1.37
2017.02.13 18:06:06.862,1.74401,1.74431,1.00,1.37
2017.02.13 18:06:10.415,1.74401,1.7443,1.00,1.37
2017.02.13 18:06:16.324,1.74411,1.7443,1.00,1.37
2017.02.13 18:06:16.913,1.74411,1.74434,1.00,1.37
2017.02.13 18:06:16.964,1.74411,1.74434,1.00,1.00
2017.02.13 18:06:17.065,1.74411,1.74445,1.00,1.00
2017.02.13 18:06:17.116,1.74411,1.7444,1.00,1.37
2017.02.13 18:06:17.218,1.74411,1.74435,1.00,1.37
2017.02.13 18:06:17.522,1.74401,1.74435,1.00,1.37
2017.02.13 18:06:17.805,1.74412,1.74436,1.00,1.37
2017.02.13 18:06:17.856,1.74402,1.74436,1.00,1.37
2017.02.13 18:06:18.397,1.74401,1.74436,1.00,1.37
2017.02.13 18:06:19.962,1.74411,1.74434,1.00,1.37
2017.02.13 18:06:20.167,1.74402,1.74434,1.00,1.37
2017.02.13 18:06:20.574,1.74412,1.74434,1.00,1.37
2017.02.13 18:06:20.626,1.74402,1.74434,1.00,1.37
2017.02.13 18:06:21.160,1.74402,1.74435,1.00,1.37
2017.02.13 18:06:22.415,1.74402,1.74435,1.00,1.37
2017.02.13 18:06:27.119,1.74401,1.74435,1.00,1.37
2017.02.13 18:06:27.285,1.74401,1.74433,1.00,1.37
2017.02.13 18:06:27.750,1.74401,1.74433,1.00,1.37
2017.02.13 18:06:28.427,1.74401,1.74432,1.00,1.37
2017.02.13 18:06:28.920,1.74401,1.74432,1.00,1.37
2017.02.13 18:06:29.854,1.74401,1.7443,1.00,1.37
2017.02.13 18:06:30.379,1.74401,1.74429,1.00,1.37
2017.02.13 18:06:30.541,1.74401,1.7443,1.00,1.37
2017.02.13 18:06:30.692,1.74402,1.74433,1.00,1.37
2017.02.13 18:06:34.362,1.74402,1.74433,1.00,1.37
2017.02.13 18:06:35.351,1.74402,1.74429,1.00,1.37
2017.02.13 18:06:35.995,1.74401,1.74429,1.00,1.37
2017.02.13 18:06:36.214,1.74402,1.74431,1.00,1.37
2017.02.13 18:06:36.328,1.74411,1.74432,1.00,1.37
2017.02.13 18:06:36.378,1.74411,1.74432,1.00,1.12
2017.02.13 18:06:36.530,1.74401,1.74435,1.00,1.37
2017.02.13 18:06:36.820,1.74401,1.74435,1.00,1.37
2017.02.13 18:06:37.167,1.74401,1.74429,1.00,1.37
2017.02.13 18:06:38.458,1.74401,1.74429,1.00,1.37
2017.02.13 18:06:40.332,1.74401,1.74428,1.00,1.37
2017.02.13 18:06:40.840,1.74402,1.74431,1.00,1.37
2017.02.13 18:06:41.353,1.74402,1.74432,1.00,1.37
2017.02.13 18:06:41.857,1.74402,1.74432,1.00,1.37
2017.02.13 18:06:44.691,1.74402,1.74431,1.00,1.37
2017.02.13 18:06:44.810,1.74402,1.74433,1.00,1.37
2017.02.13 18:06:45.834,1.74402,1.74434,1.00,1.37
2017.02.13 18:06:46.603,1.74402,1.74434,1.00,1.37
2017.02.13 18:06:48.652,1.74402,1.74434,1.00,1.37
2017.02.13 18:06:48.754,1.74402,1.74436,1.00,1.37
2017.02.13 18:06:49.262,1.74402,1.74435,1.00,1.37
2017.02.13 18:06:49.770,1.74402,1.74435,1.00,1.37
2017.02.13 18:06:49.821,1.74402,1.74435,1.00,1.12
2017.02.13 18:06:50.338,1.74402,1.74431,1.00,1.37
2017.02.13 18:06:50.439,1.74401,1.74431,1.00,1.00
2017.02.13 18:06:50.490,1.74401,1.74437,1.00,1.00
2017.02.13 18:06:50.541,1.74411,1.74437,1.00,1.00
2017.02.13 18:06:50.592,1.74411,1.74439,1.00,1.00
2017.02.13 18:06:50.693,1.74411,1.74443,1.00,1.37
2017.02.13 18:06:50.744,1.74411,1.74443,1.00,1.00
2017.02.13 18:06:50.946,1.74421,1.74446,1.00,1.00
2017.02.13 18:06:51.748,1.74411,1.74448,1.00,1.37
2017.02.13 18:06:53.322,1.74411,1.74448,1.50,1.37
2017.02.13 18:06:53.526,1.74421,1.7445,1.00,1.37
2017.02.13 18:06:53.588,1.74421,1.7445,1.00,1.12
2017.02.13 18:06:54.423,1.74422,1.74451,1.00,1.37
2017.02.13 18:06:54.524,1.74422,1.74451,1.00,1.37
2017.02.13 18:06:56.204,1.74422,1.74451,1.00,1.37
2017.02.13 18:06:56.356,1.74412,1.7445,1.00,1.37
2017.02.13 18:06:56.407,1.74412,1.7445,1.00,1.37
2017.02.13 18:06:56.590,1.74422,1.74448,1.00,1.37
2017.02.13 18:06:56.641,1.74412,1.74448,1.00,1.37
2017.02.13 18:06:56.833,1.74421,1.74449,1.00,1.37
2017.02.13 18:06:56.934,1.74421,1.74449,1.00,1.12
2017.02.13 18:07:00.174,1.74421,1.74452,1.00,1.37
2017.02.13 18:07:00.225,1.74413,1.74452,1.00,1.37
2017.02.13 18:07:00.277,1.74422,1.74453,1.00,1.37
2017.02.13 18:07:00.590,1.74422,1.74443,1.00,1.37
2017.02.13 18:07:00.641,1.74422,1.74443,1.00,1.37
2017.02.13 18:07:00.743,1.74422,1.74449,1.00,1.37
2017.02.13 18:07:01.048,1.74412,1.74441,1.00,1.37
2017.02.13 18:07:01.200,1.74412,1.74442,1.00,1.37
2017.02.13 18:07:02.560,1.74412,1.74442,1.00,1.37
2017.02.13 18:07:02.611,1.74411,1.74442,1.00,1.12
2017.02.13 18:07:02.712,1.74411,1.74441,1.00,1.37
2017.02.13 18:07:03.014,1.74412,1.74441,1.00,1.37
2017.02.13 18:07:03.827,1.74412,1.7444,1.00,1.37
2017.02.13 18:07:03.978,1.74412,1.7444,1.00,1.37
2017.02.13 18:07:07.116,1.74412,1.7444,1.00,1.12
2017.02.13 18:07:07.499,1.74412,1.7444,1.00,1.37
2017.02.13 18:07:08.792,1.74412,1.74439,1.00,1.37
2017.02.13 18:07:08.948,1.74412,1.74439,1.00,1.00
2017.02.13 18:07:09.049,1.74412,1.74444,1.00,1.12
2017.02.13 18:07:09.099,1.74422,1.74445,1.00,1.37
2017.02.13 18:07:09.251,1.74412,1.74448,1.00,1.37
2017.02.13 18:07:10.528,1.74411,1.74448,1.50,1.37
2017.02.13 18:07:11.131,1.74412,1.7445,1.00,1.37
2017.02.13 18:07:14.157,1.74411,1.74447,1.00,1.37
2017.02.13 18:07:15.149,1.74411,1.74448,1.00,1.37
2017.02.13 18:07:15.250,1.74411,1.74448,1.00,1.37
2017.02.13 18:07:15.948,1.74412,1.7445,1.00,1.37
2017.02.13 18:07:16.344,1.74412,1.7445,1.00,1.37
2017.02.13 18:07:18.292,1.74412,1.74451,1.00,1.37
2017.02.13 18:07:18.431,1.74417,1.74453,1.00,1.00
2017.02.13 18:07:18.482,1.74421,1.74458,1.00,1.37
2017.02.13 18:07:19.479,1.74421,1.74458,1.00,1.37
2017.02.13 18:07:20.156,1.74421,1.74458,1.00,1.37
2017.02.13 18:07:20.218,1.74432,1.74458,1.00,1.37
2017.02.13 18:07:21.598,1.74422,1.74458,1.00,1.37
2017.02.13 18:07:26.417,1.74431,1.74457,1.00,1.37
2017.02.13 18:07:30.116,1.74421,1.74459,1.00,1.37
2017.02.13 18:07:30.729,1.74421,1.74459,1.00,1.37
2017.02.13 18:07:33.634,1.74421,1.74459,1.00,1.37
2017.02.13 18:07:34.222,1.74421,1.7446,1.00,1.37
2017.02.13 18:07:38.762,1.74421,1.7446,1.00,1.37
2017.02.13 18:07:39.268,1.74421,1.74458,1.00,1.37
2017.02.13 18:07:39.574,1.74431,1.74456,1.00,1.37
2017.02.13 18:07:39.625,1.74421,1.74456,1.00,1.37
2017.02.13 18:07:42.215,1.74421,1.74456,1.00,1.37
2017.02.13 18:07:43.012,1.74421,1.74456,1.00,1.37
2017.02.13 18:07:43.258,1.74422,1.74459,1.00,1.12
2017.02.13 18:07:43.460,1.74422,1.7446,1.50,1.37
2017.02.13 18:07:43.997,1.74422,1.7446,1.50,1.37
2017.02.13 18:07:44.098,1.74422,1.7446,1.00,1.37
2017.02.13 18:07:44.318,1.74422,1.7446,1.00,1.37
2017.02.13 18:07:44.576,1.74422,1.7446,1.00,1.37
2017.02.13 18:07:44.829,1.74422,1.7446,1.00,1.37
2017.02.13 18:07:45.182,1.74422,1.7446,1.00,1.37
2017.02.13 18:07:45.339,1.74422,1.7446,1.00,1.37
2017.02.13 18:07:45.881,1.74422,1.7446,1.00,1.37
2017.02.13 18:07:46.546,1.74422,1.7446,1.00,1.37
2017.02.13 18:07:48.178,1.74422,1.7446,1.00,1.37
2017.02.13 18:07:48.766,1.74422,1.7446,1.00,1.37
2017.02.13 18:07:50.117,1.74431,1.74459,1.00,1.37
2017.02.13 18:07:51.086,1.74431,1.74459,1.00,1.37
2017.02.13 18:07:53.982,1.74431,1.74459,1.00,1.37
2017.02.13 18:07:55.151,1.74431,1.7446,1.00,1.37
2017.02.13 18:07:56.075,1.74431,1.7446,1.00,1.37
2017.02.13 18:07:56.233,1.74432,1.74462,1.00,1.00
2017.02.13 18:07:56.284,1.74442,1.74471,1.00,1.37
2017.02.13 18:07:56.418,1.74434,1.74472,1.00,1.37
2017.02.13 18:07:56.523,1.74441,1.74472,1.00,1.37
2017.02.13 18:07:57.124,1.74441,1.74473,1.00,1.37
2017.02.13 18:07:58.734,1.74441,1.74479,1.00,1.37
2017.02.13 18:07:58.785,1.74452,1.74479,1.00,1.37
2017.02.13 18:07:58.836,1.74442,1.74479,1.00,1.37
2017.02.13 18:08:00.991,1.74442,1.74479,1.00,1.37
2017.02.13 18:08:01.540,1.74442,1.74479,1.00,1.37
2017.02.13 18:08:03.061,1.74442,1.7448,1.00,1.37
2017.02.13 18:08:03.473,1.7445,1.74479,1.00,1.00
2017.02.13 18:08:03.574,1.74452,1.74484,1.00,1.12
2017.02.13 18:08:03.625,1.74452,1.74489,1.00,1.87
2017.02.13 18:08:03.792,1.74451,1.7449,1.00,1.37
2017.02.13 18:08:04.381,1.74451,1.74487,1.00,1.37
2017.02.13 18:08:05.356,1.74451,1.74487,1.00,1.37
2017.02.13 18:08:05.703,1.74461,1.74504,1.50,1.37
2017.02.13 18:08:05.754,1.74461,1.74503,1.50,1.37
2017.02.13 18:08:06.057,1.74472,1.74507,1.00,1.37
2017.02.13 18:08:06.209,1.74463,1.74503,1.00,1.37
2017.02.13 18:08:06.260,1.74461,1.745,1.00,1.37
2017.02.13 18:08:06.311,1.74461,1.745,1.00,1.37
2017.02.13 18:08:06.412,1.74461,1.74497,1.00,1.37
2017.02.13 18:08:06.463,1.74457,1.74496,1.00,1.37
2017.02.13 18:08:06.665,1.74456,1.74495,1.00,1.37
2017.02.13 18:08:07.185,1.74455,1.74494,1.50,1.37
2017.02.13 18:08:07.598,1.74457,1.74495,1.00,1.37
2017.02.13 18:08:08.338,1.74455,1.74494,1.00,1.37
2017.02.13 18:08:08.840,1.74455,1.74493,1.00,1.37
2017.02.13 18:08:09.191,1.74455,1.74493,1.00,1.37
2017.02.13 18:08:09.501,1.74452,1.74488,1.37,1.00
2017.02.13 18:08:09.552,1.74453,1.7449,1.37,1.00
2017.02.13 18:08:09.946,1.74455,1.74492,1.00,1.00
2017.02.13 18:08:10.457,1.74455,1.74494,1.00,1.37
2017.02.13 18:08:10.543,1.74455,1.74494,1.00,1.37
2017.02.13 18:08:10.745,1.74452,1.74491,1.50,1.37
2017.02.13 18:08:10.796,1.74452,1.74491,1.50,1.37
2017.02.13 18:08:11.308,1.74452,1.74487,1.00,1.37
2017.02.13 18:08:11.942,1.74452,1.74487,1.00,1.37
2017.02.13 18:08:12.179,1.74452,1.74486,1.00,1.12
2017.02.13 18:08:12.230,1.74452,1.74488,1.00,1.12
2017.02.13 18:08:12.331,1.74454,1.74491,1.00,1.37
2017.02.13 18:08:12.634,1.74452,1.74489,1.00,1.37
2017.02.13 18:08:12.937,1.74451,1.74486,1.50,1.37
2017.02.13 18:08:13.636,1.74451,1.74487,1.50,1.37
2017.02.13 18:08:14.188,1.74452,1.74489,1.00,1.37
2017.02.13 18:08:14.482,1.74452,1.74489,1.00,1.37
2017.02.13 18:08:15.031,1.74452,1.74487,1.00,1.37
2017.02.13 18:08:15.395,1.74452,1.74485,1.00,1.37
2017.02.13 18:08:15.918,1.74447,1.74485,1.00,1.37
2017.02.13 18:08:16.204,1.74445,1.74485,1.50,1.37
2017.02.13 18:08:16.255,1.74451,1.74485,1.00,1.37
2017.02.13 18:08:16.491,1.74445,1.74484,1.50,1.37
2017.02.13 18:08:16.717,1.74452,1.74484,1.00,1.37
2017.02.13 18:08:17.716,1.74445,1.74484,1.50,1.37
2017.02.13 18:08:18.048,1.74452,1.74484,1.00,1.37
2017.02.13 18:08:18.359,1.74445,1.74484,1.50,1.37
2017.02.13 18:08:18.717,1.74452,1.74484,1.00,1.37
2017.02.13 18:08:19.116,1.74445,1.74484,1.50,1.37
2017.02.13 18:08:19.242,1.74445,1.74484,1.50,1.12
2017.02.13 18:08:19.293,1.74445,1.74484,1.50,1.37
2017.02.13 18:08:19.615,1.74452,1.74484,1.00,1.37
2017.02.13 18:08:19.963,1.74452,1.74484,1.00,1.00
2017.02.13 18:08:20.014,1.74459,1.74484,1.00,1.00
2017.02.13 18:08:20.065,1.74455,1.74493,1.00,1.37
2017.02.13 18:08:20.166,1.74455,1.74493,1.00,1.37
2017.02.13 18:08:20.480,1.74462,1.74495,1.00,1.37
2017.02.13 18:08:21.087,1.74461,1.74494,1.00,1.37
2017.02.13 18:08:22.154,1.74452,1.74491,2.25,1.12
2017.02.13 18:08:22.205,1.74454,1.74492,1.00,1.37
2017.02.13 18:08:22.358,1.74455,1.74495,1.00,1.37
2017.02.13 18:08:22.459,1.74462,1.74495,1.00,1.00
2017.02.13 18:08:22.561,1.74462,1.74502,1.00,1.37
2017.02.13 18:08:22.637,1.74462,1.74501,1.00,1.37
2017.02.13 18:08:22.789,1.74462,1.74501,1.00,1.37
2017.02.13 18:08:22.890,1.74461,1.745,1.00,1.37
2017.02.13 18:08:23.373,1.74461,1.74501,1.50,1.37
2017.02.13 18:08:23.627,1.74461,1.74501,1.50,1.37
2017.02.13 18:08:23.956,1.74464,1.74504,1.00,1.37
2017.02.13 18:08:24.007,1.74461,1.745,1.00,1.37
2017.02.13 18:08:24.179,1.74462,1.745,1.00,1.12
2017.02.13 18:08:24.280,1.74461,1.74501,1.00,1.37
2017.02.13 18:08:24.583,1.74471,1.74513,1.50,1.37
2017.02.13 18:08:24.684,1.74472,1.74514,1.00,1.37
2017.02.13 18:08:24.735,1.74471,1.74514,1.00,1.37
2017.02.13 18:08:24.937,1.74472,1.74515,1.00,1.37
2017.02.13 18:08:25.477,1.74472,1.74514,1.50,1.37
2017.02.13 18:08:25.732,1.74472,1.74511,1.00,1.37
2017.02.13 18:08:25.833,1.74469,1.74511,1.00,1.37
2017.02.13 18:08:26.000,1.74469,1.74511,1.00,1.37
2017.02.13 18:08:26.077,1.74471,1.74513,1.00,1.37
2017.02.13 18:08:26.608,1.74472,1.74513,1.00,1.37
2017.02.13 18:08:26.911,1.74466,1.74508,1.00,1.37
2017.02.13 18:08:27.012,1.74468,1.7451,1.00,1.37
2017.02.13 18:08:27.337,1.74471,1.74511,1.00,1.37
2017.02.13 18:08:27.844,1.74471,1.74512,1.00,1.37
2017.02.13 18:08:28.301,1.74471,1.7451,1.00,1.37
2017.02.13 18:08:28.883,1.74471,1.74511,1.00,1.87
2017.02.13 18:08:28.986,1.74471,1.74511,1.00,1.87
2017.02.13 18:08:29.606,1.74472,1.74511,1.00,1.37
2017.02.13 18:08:30.274,1.74472,1.74511,1.00,1.37
2017.02.13 18:08:30.325,1.74482,1.74517,1.00,1.00
2017.02.13 18:08:30.376,1.74481,1.74521,1.00,1.37
2017.02.13 18:08:30.477,1.74482,1.74523,1.00,1.37
2017.02.13 18:08:30.528,1.74483,1.74524,1.00,1.37
2017.02.13 18:08:30.919,1.74482,1.7452,1.00,1.37
2017.02.13 18:08:31.395,1.74481,1.74518,1.00,1.37
2017.02.13 18:08:32.016,1.74481,1.74518,1.00,1.37
2017.02.13 18:08:32.319,1.74482,1.7452,1.00,1.87
2017.02.13 18:08:32.470,1.74473,1.74516,1.00,1.87
2017.02.13 18:08:32.622,1.74473,1.74511,1.00,1.37
2017.02.13 18:08:33.232,1.74472,1.74507,1.00,1.37
2017.02.13 18:08:33.774,1.74472,1.74507,1.00,1.37
2017.02.13 18:08:38.439,1.74472,1.74506,1.00,1.37
2017.02.13 18:08:38.981,1.74472,1.74507,1.00,1.37
2017.02.13 18:08:39.572,1.74471,1.74504,1.00,1.37
2017.02.13 18:08:40.271,1.74471,1.74505,1.00,1.37
2017.02.13 18:08:41.248,1.74471,1.74504,1.00,1.37
2017.02.13 18:08:41.834,1.74471,1.74505,1.00,1.37
2017.02.13 18:08:42.547,1.74472,1.74507,1.00,1.37
2017.02.13 18:08:43.085,1.74472,1.74507,1.00,1.37
2017.02.13 18:08:43.730,1.74472,1.74507,1.00,1.37
2017.02.13 18:08:44.137,1.74471,1.74505,1.00,1.37
2017.02.13 18:08:44.639,1.74471,1.74507,1.00,1.37
2017.02.13 18:08:44.974,1.74471,1.74505,1.00,1.37
2017.02.13 18:08:48.847,1.74471,1.74505,1.00,1.37
2017.02.13 18:08:50.500,1.74471,1.74503,1.00,1.00
2017.02.13 18:08:51.076,1.74471,1.74505,1.00,1.37
2017.02.13 18:08:52.153,1.74471,1.74504,1.00,1.37
2017.02.13 18:08:52.355,1.74471,1.74504,1.00,1.37
2017.02.13 18:08:53.665,1.74471,1.74498,1.00,1.37
2017.02.13 18:08:53.717,1.74461,1.74491,1.00,1.37
2017.02.13 18:08:53.889,1.74461,1.74491,1.00,1.37
2017.02.13 18:08:54.356,1.74461,1.74494,1.00,1.37
2017.02.13 18:08:54.558,1.74462,1.74496,1.00,1.12
2017.02.13 18:08:56.215,1.74471,1.745,1.00,1.37
2017.02.13 18:08:56.415,1.74462,1.745,1.00,1.37
2017.02.13 18:08:56.642,1.74472,1.745,1.00,1.37
2017.02.13 18:08:57.326,1.74472,1.745,1.00,1.00
2017.02.13 18:08:57.653,1.74472,1.74498,1.00,1.00
2017.02.13 18:08:58.200,1.74472,1.74499,1.00,1.00
2017.02.13 18:08:59.508,1.74472,1.745,1.00,1.00
2017.02.13 18:09:00.121,1.74472,1.74499,1.00,1.00
2017.02.13 18:09:01.017,1.74461,1.74499,1.50,1.00
2017.02.13 18:09:01.547,1.74461,1.74491,1.00,1.00
2017.02.13 18:09:01.850,1.74453,1.74491,1.50,1.00
2017.02.13 18:09:02.002,1.74453,1.74487,1.00,1.00
2017.02.13 18:09:02.053,1.74451,1.74487,1.12,1.00
2017.02.13 18:09:02.254,1.74462,1.74488,1.00,1.00
2017.02.13 18:09:02.305,1.74462,1.7449,1.00,1.00
2017.02.13 18:09:02.507,1.74462,1.74492,1.00,1.00
2017.02.13 18:09:03.045,1.74462,1.74491,1.00,1.00
2017.02.13 18:09:05.574,1.74462,1.74493,1.37,1.00
2017.02.13 18:09:05.625,1.74472,1.74501,1.00,1.00
2017.02.13 18:09:05.726,1.74475,1.74504,1.00,1.00
2017.02.13 18:09:05.777,1.74472,1.74508,1.00,1.00
2017.02.13 18:09:05.828,1.74475,1.74508,1.00,1.00
2017.02.13 18:09:10.438,1.74475,1.74507,1.00,1.00
2017.02.13 18:09:11.388,1.74472,1.74506,1.12,1.00
2017.02.13 18:09:12.019,1.74471,1.74506,1.00,1.00
2017.02.13 18:09:12.567,1.74472,1.74505,1.00,1.00
2017.02.13 18:09:13.328,1.74471,1.74506,1.00,1.00
2017.02.13 18:09:16.484,1.74471,1.74505,1.00,1.00
2017.02.13 18:09:16.617,1.74467,1.74505,1.37,1.00
2017.02.13 18:09:18.085,1.74467,1.74505,1.00,1.00
2017.02.13 18:09:19.463,1.74472,1.74505,1.00,1.00
2017.02.13 18:09:19.564,1.74463,1.74501,1.12,1.00
2017.02.13 18:09:19.654,1.74465,1.74502,1.00,1.00
2017.02.13 18:09:20.160,1.74466,1.74503,1.00,1.00
2017.02.13 18:09:20.701,1.74465,1.74504,1.00,1.00
2017.02.13 18:09:21.005,1.74468,1.74504,1.00,1.00
2017.02.13 18:09:21.075,1.74468,1.74506,1.00,1.00
2017.02.13 18:09:21.246,1.74467,1.74504,1.00,1.00
2017.02.13 18:09:21.736,1.74472,1.74504,1.00,1.00
2017.02.13 18:09:22.398,1.74472,1.74505,1.00,1.00
2017.02.13 18:09:23.498,1.74472,1.74504,1.00,1.00
2017.02.13 18:09:24.442,1.74472,1.74507,1.00,1.00
2017.02.13 18:09:24.543,1.74482,1.74509,1.00,1.00
2017.02.13 18:09:25.698,1.74482,1.74508,1.00,1.00
2017.02.13 18:09:26.846,1.74482,1.74507,1.00,1.00
2017.02.13 18:09:26.897,1.74482,1.7451,1.00,1.00
2017.02.13 18:09:26.948,1.74482,1.74508,1.00,1.00
2017.02.13 18:09:27.486,1.74482,1.74509,1.00,1.00
2017.02.13 18:09:27.537,1.74482,1.74511,1.00,1.00
2017.02.13 18:09:28.192,1.74482,1.7451,1.00,1.00
2017.02.13 18:09:30.460,1.74472,1.74504,1.00,1.00
2017.02.13 18:09:30.511,1.74472,1.74506,1.00,1.00
2017.02.13 18:09:30.562,1.74472,1.74501,1.00,1.00
2017.02.13 18:09:30.714,1.74471,1.74504,1.00,1.00
2017.02.13 18:09:31.353,1.74472,1.74504,1.00,1.00
2017.02.13 18:09:32.001,1.74472,1.74503,1.00,1.00
2017.02.13 18:09:32.255,1.74481,1.74503,1.00,1.00
2017.02.13 18:09:34.053,1.74471,1.74503,1.00,1.00
2017.02.13 18:09:34.104,1.74482,1.74512,1.00,1.00
2017.02.13 18:09:34.155,1.74482,1.74516,1.00,1.00
2017.02.13 18:09:34.256,1.74482,1.74514,1.00,1.00
2017.02.13 18:09:34.307,1.74482,1.74516,1.00,1.00
2017.02.13 18:09:34.509,1.74482,1.74514,1.00,1.00
2017.02.13 18:09:34.802,1.74482,1.74516,1.00,1.00
2017.02.13 18:09:36.424,1.74482,1.74512,1.00,1.00
2017.02.13 18:09:36.627,1.74482,1.74516,1.37,1.00
2017.02.13 18:09:36.879,1.74482,1.74517,1.00,1.00
2017.02.13 18:09:37.412,1.74482,1.74516,1.00,1.00
2017.02.13 18:09:37.937,1.74482,1.74518,1.00,1.00
2017.02.13 18:09:39.458,1.74481,1.74518,1.00,1.00
2017.02.13 18:09:39.860,1.74481,1.7452,1.87,1.00
2017.02.13 18:09:40.418,1.74481,1.74519,1.87,1.00
2017.02.13 18:09:45.395,1.74481,1.74519,1.50,1.00
2017.02.13 18:09:46.543,1.74481,1.74518,1.00,1.00
2017.02.13 18:09:46.716,1.74481,1.74516,1.00,1.00
2017.02.13 18:09:46.807,1.74481,1.74518,1.00,1.00
2017.02.13 18:09:47.759,1.74481,1.74516,1.00,1.00
2017.02.13 18:09:49.086,1.74481,1.74517,1.00,1.00
2017.02.13 18:09:53.313,1.74481,1.74518,1.00,1.00
2017.02.13 18:09:53.646,1.74482,1.74514,1.00,1.00
2017.02.13 18:09:53.977,1.74482,1.74512,1.00,1.00
2017.02.13 18:09:54.128,1.74473,1.74511,1.00,1.00
2017.02.13 18:09:54.179,1.74471,1.74509,1.00,1.00
2017.02.13 18:09:54.484,1.74472,1.74503,1.00,1.00
2017.02.13 18:09:54.803,1.74472,1.74501,1.00,1.00
2017.02.13 18:09:55.454,1.74471,1.74501,1.00,1.00
2017.02.13 18:09:55.848,1.74471,1.74499,1.00,1.00
2017.02.13 18:09:56.471,1.74471,1.74502,1.00,1.00
2017.02.13 18:09:57.079,1.74472,1.74501,1.00,1.00
2017.02.13 18:09:57.614,1.74471,1.74501,1.00,1.00
2017.02.13 18:09:58.588,1.74472,1.74501,1.00,1.00
2017.02.13 18:09:59.730,1.74472,1.74499,1.00,1.00
2017.02.13 18:10:00.264,1.74472,1.74497,1.00,1.00
2017.02.13 18:10:00.799,1.74472,1.74498,1.00,1.00
2017.02.13 18:10:01.002,1.74472,1.745,1.00,1.00
2017.02.13 18:10:01.452,1.74472,1.74497,1.00,1.00
2017.02.13 18:10:01.907,1.74471,1.74494,1.00,1.00
2017.02.13 18:10:01.957,1.74471,1.74496,1.00,1.00
2017.02.13 18:10:02.311,1.74471,1.74498,1.00,1.00
2017.02.13 18:10:02.721,1.74471,1.74496,1.00,1.00
2017.02.13 18:10:03.032,1.74471,1.74494,1.00,1.00
2017.02.13 18:10:03.536,1.74471,1.74495,1.00,1.00
2017.02.13 18:10:04.030,1.74471,1.74497,1.00,1.00
2017.02.13 18:10:04.081,1.74471,1.74495,1.00,1.00
2017.02.13 18:10:05.238,1.74471,1.74494,1.00,1.00
2017.02.13 18:10:05.288,1.74471,1.74496,1.00,1.00
2017.02.13 18:10:05.494,1.74471,1.74498,1.00,1.00
2017.02.13 18:10:05.645,1.74471,1.745,1.00,1.00
2017.02.13 18:10:05.851,1.74471,1.74502,1.00,1.00
2017.02.13 18:10:05.902,1.74471,1.745,1.00,1.00
2017.02.13 18:10:06.493,1.74471,1.74501,1.00,1.00
2017.02.13 18:10:06.645,1.74472,1.74503,1.00,1.00
2017.02.13 18:10:07.268,1.74472,1.74502,1.00,1.00
2017.02.13 18:10:09.618,1.74471,1.74502,1.00,1.00
2017.02.13 18:10:14.463,1.74472,1.74502,1.00,1.00
2017.02.13 18:10:14.841,1.74461,1.74498,1.00,1.00
2017.02.13 18:10:14.892,1.74461,1.74492,1.00,1.00
2017.02.13 18:10:15.260,1.74451,1.74489,1.00,1.00
2017.02.13 18:10:15.550,1.74453,1.74488,1.00,1.00
2017.02.13 18:10:15.913,1.74461,1.74492,1.00,1.00
2017.02.13 18:10:19.587,1.74461,1.74495,1.00,1.00
2017.02.13 18:10:19.638,1.74472,1.74495,1.00,1.00
2017.02.13 18:10:19.689,1.74472,1.745,1.00,1.00
2017.02.13 18:10:19.841,1.74482,1.74512,1.00,1.00
2017.02.13 18:10:19.942,1.74482,1.74509,1.00,1.00
2017.02.13 18:10:20.245,1.74471,1.74508,1.00,1.00
2017.02.13 18:10:20.777,1.74471,1.74506,1.00,1.00
2017.02.13 18:10:21.135,1.74471,1.74508,1.00,1.00
2017.02.13 18:10:21.701,1.74471,1.74507,1.00,1.00
2017.02.13 18:10:21.943,1.74482,1.74508,1.00,1.00
2017.02.13 18:10:21.994,1.74482,1.7451,1.00,1.00
2017.02.13 18:10:22.246,1.74482,1.74514,1.00,1.00
2017.02.13 18:10:24.322,1.74482,1.74513,1.00,1.00
2017.02.13 18:10:26.871,1.74482,1.74514,1.00,1.00
2017.02.13 18:10:27.857,1.74482,1.74515,1.00,1.00
2017.02.13 18:10:31.819,1.74482,1.74513,1.00,1.00
2017.02.13 18:10:32.157,1.74482,1.74507,1.00,1.00
2017.02.13 18:10:32.258,1.74471,1.74506,1.37,1.00
2017.02.13 18:10:33.784,1.74471,1.74505,1.37,1.00
2017.02.13 18:10:34.801,1.74471,1.74506,1.37,1.00
2017.02.13 18:10:35.151,1.74471,1.74507,1.37,1.00
2017.02.13 18:10:36.122,1.74471,1.74508,1.87,1.00
2017.02.13 18:10:36.440,1.74475,1.74508,1.87,1.00
2017.02.13 18:10:36.541,1.74491,1.74523,1.12,1.00
2017.02.13 18:10:36.642,1.74491,1.74521,1.37,1.00
2017.02.13 18:10:36.693,1.74491,1.74524,1.37,1.00
2017.02.13 18:10:36.744,1.74491,1.74527,1.37,1.00
2017.02.13 18:10:36.895,1.74491,1.74527,1.00,1.00
2017.02.13 18:10:38.890,1.74492,1.74527,1.00,1.00
2017.02.13 18:10:44.900,1.74492,1.74517,1.00,1.00
2017.02.13 18:10:44.951,1.74481,1.74515,1.50,1.00
2017.02.13 18:10:45.052,1.74481,1.74512,1.50,1.00
2017.02.13 18:10:45.103,1.74481,1.74512,1.00,1.00
2017.02.13 18:10:45.204,1.74474,1.74512,1.00,1.00
2017.02.13 18:10:45.355,1.74481,1.74512,1.00,1.00
2017.02.13 18:10:45.507,1.74481,1.74515,1.00,1.00
2017.02.13 18:10:46.169,1.74481,1.74514,1.00,1.00
2017.02.13 18:10:47.418,1.74482,1.74514,1.00,1.00
2017.02.13 18:10:47.468,1.74482,1.74512,1.00,1.00
2017.02.13 18:10:47.572,1.74482,1.74514,1.00,1.00
2017.02.13 18:10:49.063,1.74481,1.74514,1.00,1.00
2017.02.13 18:10:49.969,1.74481,1.74516,1.00,1.00
2017.02.13 18:10:50.672,1.74482,1.74515,1.00,1.00
2017.02.13 18:10:51.433,1.74482,1.74516,1.00,1.00
2017.02.13 18:10:51.972,1.74482,1.74515,1.00,1.00
2017.02.13 18:10:52.493,1.74482,1.74514,1.00,1.00
2017.02.13 18:10:53.003,1.74482,1.74516,1.00,1.00
2017.02.13 18:10:53.918,1.74482,1.74515,1.00,1.00
2017.02.13 18:10:55.167,1.74481,1.74515,1.00,1.00
2017.02.13 18:10:59.265,1.74482,1.74515,1.00,1.00
2017.02.13 18:11:00.068,1.74481,1.74515,1.00,1.00
2017.02.13 18:11:00.119,1.74482,1.74517,1.00,1.00
2017.02.13 18:11:00.647,1.74481,1.74517,1.00,1.00
2017.02.13 18:11:01.318,1.74482,1.74517,1.00,1.00
2017.02.13 18:11:03.588,1.74482,1.74518,1.00,1.00
2017.02.13 18:11:03.639,1.74481,1.74515,1.00,1.00
2017.02.13 18:11:06.199,1.74481,1.74514,1.00,1.00
2017.02.13 18:11:06.830,1.74481,1.74512,1.00,1.00
2017.02.13 18:11:06.962,1.74474,1.74512,1.00,1.00
2017.02.13 18:11:07.013,1.74471,1.74506,1.00,1.00
2017.02.13 18:11:07.316,1.74471,1.74501,1.00,1.00
2017.02.13 18:11:07.619,1.74461,1.74497,1.37,1.00
2017.02.13 18:11:09.403,1.74472,1.74497,1.00,1.00
2017.02.13 18:11:09.505,1.74472,1.74499,1.00,1.00
2017.02.13 18:11:09.707,1.74471,1.74501,1.00,1.00
2017.02.13 18:11:10.544,1.74471,1.745,1.00,1.00
2017.02.13 18:11:11.094,1.74472,1.74501,1.00,1.00
2017.02.13 18:11:11.900,1.74472,1.74502,1.00,1.00
2017.02.13 18:11:11.983,1.74472,1.74505,1.00,1.00
2017.02.13 18:11:12.085,1.74472,1.74507,1.00,1.00
2017.02.13 18:11:12.515,1.74472,1.74504,1.00,1.00
2017.02.13 18:11:13.290,1.74472,1.74506,1.00,1.00
2017.02.13 18:11:13.870,1.74472,1.74507,1.00,1.00
2017.02.13 18:11:13.921,1.74472,1.74505,1.00,1.00
2017.02.13 18:11:14.960,1.74472,1.74506,1.00,1.00
2017.02.13 18:11:15.477,1.74472,1.74505,1.00,1.00
2017.02.13 18:11:16.032,1.74472,1.74504,1.00,1.00
2017.02.13 18:11:17.525,1.74472,1.74506,1.00,1.00
2017.02.13 18:11:17.715,1.74472,1.74504,1.00,1.00
2017.02.13 18:11:18.142,1.74472,1.74506,1.00,1.00
2017.02.13 18:11:18.546,1.74472,1.74504,1.00,1.00
2017.02.13 18:11:19.412,1.74472,1.74506,1.00,1.00
2017.02.13 18:11:19.610,1.74472,1.74504,1.00,1.00
2017.02.13 18:11:19.741,1.74472,1.74506,1.00,1.00
2017.02.13 18:11:19.859,1.74472,1.74504,1.00,1.00
2017.02.13 18:11:20.162,1.74473,1.74515,1.00,1.00
2017.02.13 18:11:20.213,1.74471,1.74506,1.00,1.00
2017.02.13 18:11:20.264,1.74466,1.74505,1.00,1.00
2017.02.13 18:11:20.315,1.74466,1.74503,1.00,1.00
2017.02.13 18:11:20.957,1.74465,1.74503,1.12,1.00
2017.02.13 18:11:21.454,1.74472,1.74503,1.00,1.00
2017.02.13 18:11:21.504,1.74472,1.74505,1.00,1.00
2017.02.13 18:11:21.606,1.74472,1.74507,1.00,1.00
2017.02.13 18:11:22.111,1.74472,1.74506,1.00,1.00
2017.02.13 18:11:24.130,1.74467,1.74506,1.37,1.00
2017.02.13 18:11:24.232,1.74471,1.74505,1.00,1.00
2017.02.13 18:11:24.333,1.74471,1.74507,1.00,1.00
2017.02.13 18:11:24.484,1.74476,1.74507,1.00,1.00
2017.02.13 18:11:24.636,1.74482,1.74515,1.00,1.00
2017.02.13 18:11:24.834,1.74475,1.74517,1.00,1.00
2017.02.13 18:11:25.036,1.74476,1.7452,1.00,1.00
2017.02.13 18:11:25.087,1.74481,1.7452,1.00,1.00
2017.02.13 18:11:25.390,1.74481,1.74514,1.00,1.00
2017.02.13 18:11:25.541,1.74481,1.74517,1.00,1.00
2017.02.13 18:11:26.059,1.74481,1.74514,1.00,1.00
2017.02.13 18:11:26.618,1.74481,1.74515,1.00,1.00
2017.02.13 18:11:27.256,1.74481,1.74514,1.00,1.00
2017.02.13 18:11:27.816,1.74481,1.74517,1.00,1.00
2017.02.13 18:11:28.317,1.74481,1.74516,1.00,1.00
2017.02.13 18:11:28.421,1.74481,1.74518,1.00,1.00
2017.02.13 18:11:28.472,1.74481,1.74516,1.00,1.00
2017.02.13 18:11:29.109,1.74481,1.74515,1.00,1.00
2017.02.13 18:11:29.339,1.74481,1.74517,1.00,1.00
2017.02.13 18:11:29.858,1.74482,1.74516,1.00,1.00
2017.02.13 18:11:30.080,1.74482,1.74514,1.00,1.00
2017.02.13 18:11:30.321,1.74482,1.74516,1.00,1.00
2017.02.13 18:11:30.880,1.74482,1.74517,1.00,1.00
2017.02.13 18:11:31.329,1.74482,1.74519,1.00,1.00
2017.02.13 18:11:31.654,1.74482,1.74517,1.00,1.00
2017.02.13 18:11:31.819,1.74482,1.74519,1.00,1.00
2017.02.13 18:11:32.335,1.74482,1.74518,1.00,1.00
2017.02.13 18:11:32.839,1.74481,1.74519,1.00,1.00
2017.02.13 18:11:33.150,1.74481,1.74517,1.00,1.00
2017.02.13 18:11:33.316,1.74481,1.74519,1.00,1.00
2017.02.13 18:11:33.830,1.74481,1.74518,1.00,1.00
2017.02.13 18:11:34.485,1.74481,1.74517,1.00,1.00
2017.02.13 18:11:34.536,1.74482,1.74519,1.00,1.00
2017.02.13 18:11:35.111,1.74481,1.74518,1.00,1.00
2017.02.13 18:11:35.613,1.74481,1.74519,1.00,1.00
2017.02.13 18:11:36.328,1.74481,1.7452,1.00,1.00
2017.02.13 18:11:36.379,1.74481,1.74518,1.00,1.00
2017.02.13 18:11:36.867,1.74481,1.7452,1.00,1.00
2017.02.13 18:11:36.918,1.74481,1.74518,1.00,1.00
2017.02.13 18:11:37.539,1.74482,1.74519,1.00,1.00
2017.02.13 18:11:45.260,1.74481,1.74519,1.00,1.00
2017.02.13 18:11:45.412,1.74481,1.74521,1.50,1.00
2017.02.13 18:11:45.948,1.74482,1.74521,1.00,1.00
2017.02.13 18:11:46.117,1.74484,1.74523,1.00,1.00
2017.02.13 18:11:46.534,1.74491,1.74527,1.00,1.00
2017.02.13 18:11:49.257,1.74489,1.74527,1.00,1.00
2017.02.13 18:11:50.695,1.74489,1.74529,1.00,1.00
2017.02.13 18:11:50.817,1.74492,1.74529,1.00,1.00
2017.02.13 18:11:56.090,1.74492,1.74528,1.00,1.00
2017.02.13 18:11:56.140,1.74489,1.74528,1.00,1.00
2017.02.13 18:11:56.700,1.74487,1.74526,1.37,1.00
2017.02.13 18:11:56.750,1.74487,1.74526,1.00,1.00
2017.02.13 18:11:56.902,1.74489,1.74526,1.00,1.00
2017.02.13 18:11:57.565,1.74489,1.74527,1.00,1.00
2017.02.13 18:11:58.859,1.74489,1.74528,1.00,1.00
2017.02.13 18:11:59.212,1.74491,1.74528,1.00,1.00
2017.02.13 18:12:00.117,1.7449,1.74528,1.00,1.00
2017.02.13 18:12:00.167,1.74488,1.74527,1.12,1.00
2017.02.13 18:12:00.847,1.74488,1.74526,1.12,1.00
2017.02.13 18:12:01.137,1.74492,1.74526,1.00,1.00
2017.02.13 18:12:01.316,1.74491,1.74528,1.00,1.00
2017.02.13 18:12:01.569,1.74491,1.74525,1.00,1.00
2017.02.13 18:12:01.721,1.74491,1.74528,1.00,1.37
2017.02.13 18:12:02.364,1.74491,1.74528,1.00,1.00
2017.02.13 18:12:03.243,1.74487,1.74528,1.00,1.00
2017.02.13 18:12:03.294,1.7449,1.74531,1.00,1.00
2017.02.13 18:12:04.087,1.74488,1.74529,1.37,1.00
2017.02.13 18:12:07.001,1.74491,1.74529,1.00,1.00
2017.02.13 18:12:07.203,1.74492,1.74532,1.87,1.00
2017.02.13 18:12:07.254,1.74493,1.74534,1.00,1.00
2017.02.13 18:12:07.603,1.74492,1.74532,1.87,1.00
2017.02.13 18:12:08.115,1.74492,1.74531,1.00,1.00
2017.02.13 18:12:08.422,1.74492,1.74528,1.00,1.00
2017.02.13 18:12:08.524,1.74487,1.74528,1.37,1.00
2017.02.13 18:12:10.224,1.74487,1.74528,1.12,1.00
2017.02.13 18:12:11.086,1.74488,1.74528,1.00,1.00
2017.02.13 18:12:11.136,1.74492,1.74529,1.00,1.00
2017.02.13 18:12:11.338,1.74493,1.74532,1.00,1.00
2017.02.13 18:12:11.440,1.74502,1.74533,1.00,1.00
2017.02.13 18:12:11.967,1.74502,1.74534,1.00,1.00
2017.02.13 18:12:12.207,1.74493,1.74534,1.00,1.00
2017.02.13 18:12:12.495,1.74492,1.74533,1.00,1.37
2017.02.13 18:12:12.748,1.74489,1.7453,1.00,1.00
2017.02.13 18:12:12.849,1.74487,1.74528,1.37,1.00
2017.02.13 18:12:13.116,1.74489,1.7453,1.00,1.00
2017.02.13 18:12:13.316,1.74491,1.7453,1.00,1.00
2017.02.13 18:12:13.661,1.74492,1.7453,1.37,1.00
2017.02.13 18:12:13.954,1.74491,1.7453,1.37,1.00
2017.02.13 18:12:14.106,1.74492,1.7453,1.37,1.00
2017.02.13 18:12:14.157,1.74492,1.7453,1.37,1.00
2017.02.13 18:12:14.309,1.74492,1.74529,1.37,1.00
2017.02.13 18:12:15.081,1.74492,1.74532,1.87,1.00
2017.02.13 18:12:15.761,1.74492,1.74533,1.87,1.00
2017.02.13 18:12:16.378,1.74492,1.74533,1.87,1.00
2017.02.13 18:12:16.479,1.74492,1.74531,1.37,1.00
2017.02.13 18:12:16.865,1.74492,1.74532,1.37,1.00
2017.02.13 18:12:16.916,1.74492,1.74534,1.87,1.50
2017.02.13 18:12:18.681,1.74492,1.74533,1.37,1.00
2017.02.13 18:12:19.513,1.74493,1.74534,1.37,1.00
2017.02.13 18:12:19.764,1.74493,1.74532,1.37,1.00
2017.02.13 18:12:20.079,1.74494,1.74534,1.37,1.00
2017.02.13 18:12:20.261,1.74492,1.74532,1.37,1.00
2017.02.13 18:12:20.362,1.74497,1.74539,1.37,1.00
2017.02.13 18:12:20.413,1.74493,1.74535,1.37,1.00
2017.02.13 18:12:20.962,1.74493,1.74534,1.87,1.00
2017.02.13 18:12:21.547,1.74501,1.74536,1.37,1.00
2017.02.13 18:12:22.110,1.74501,1.74537,1.37,1.50
2017.02.13 18:12:22.212,1.74501,1.74535,1.37,1.00
2017.02.13 18:12:22.617,1.74493,1.74532,1.87,1.00
2017.02.13 18:12:25.494,1.74493,1.74533,1.87,1.00
2017.02.13 18:12:26.210,1.74493,1.74533,1.87,1.00
2017.02.13 18:12:27.431,1.74493,1.74533,1.37,1.00
2017.02.13 18:12:28.030,1.74503,1.74535,1.37,1.00
2017.02.13 18:12:28.081,1.74511,1.74544,1.37,1.00
2017.02.13 18:12:28.132,1.74511,1.74548,1.37,1.00
2017.02.13 18:12:28.283,1.74508,1.74547,1.37,1.00
2017.02.13 18:12:29.594,1.74508,1.74546,1.37,1.00
2017.02.13 18:12:30.729,1.74508,1.74547,1.37,1.00
2017.02.13 18:12:30.780,1.74512,1.74547,1.37,1.00
2017.02.13 18:12:30.931,1.74513,1.7455,1.37,1.00
2017.02.13 18:12:30.982,1.74513,1.7455,1.37,1.00
2017.02.13 18:12:31.101,1.74513,1.7455,1.37,1.00
2017.02.13 18:12:31.152,1.74513,1.74552,1.37,1.50
2017.02.13 18:12:31.203,1.74509,1.74548,1.12,1.00
2017.02.13 18:12:31.506,1.74506,1.74545,1.37,1.00
2017.02.13 18:12:31.662,1.74506,1.74548,1.37,1.00
2017.02.13 18:12:31.748,1.74506,1.7455,1.37,1.00
2017.02.13 18:12:31.799,1.7451,1.74551,1.37,1.00
2017.02.13 18:12:31.849,1.7451,1.74554,1.37,1.00
2017.02.13 18:12:32.025,1.74512,1.74556,1.37,1.00
2017.02.13 18:12:32.215,1.74508,1.74552,1.37,1.00
2017.02.13 18:12:32.266,1.74506,1.74546,1.50,1.00
2017.02.13 18:12:32.816,1.74502,1.74544,1.37,1.00
2017.02.13 18:12:33.109,1.74513,1.74554,1.37,1.00
2017.02.13 18:12:33.161,1.74511,1.74553,1.87,1.00
2017.02.13 18:12:33.213,1.74511,1.7455,1.37,1.00
2017.02.13 18:12:33.314,1.74512,1.74554,1.37,1.00
2017.02.13 18:12:33.415,1.74511,1.74553,1.87,1.00
2017.02.13 18:12:33.466,1.74521,1.74554,1.00,1.00
2017.02.13 18:12:33.617,1.74512,1.74554,1.37,1.00
2017.02.13 18:12:33.718,1.74513,1.74555,1.37,1.00
2017.02.13 18:12:33.769,1.74511,1.74553,1.37,1.00
2017.02.13 18:12:34.022,1.74511,1.74555,1.87,1.00
2017.02.13 18:12:34.072,1.74512,1.74556,1.37,1.50
2017.02.13 18:12:34.376,1.74522,1.74557,1.00,1.50
2017.02.13 18:12:34.426,1.74513,1.74557,1.37,1.50
2017.02.13 18:12:34.613,1.74513,1.74555,1.37,1.00
2017.02.13 18:12:34.893,1.74513,1.74557,1.50,1.00
2017.02.13 18:12:35.095,1.74513,1.74554,1.50,1.00
2017.02.13 18:12:38.074,1.74513,1.74554,1.50,1.00
2017.02.13 18:12:38.175,1.74521,1.74563,1.87,1.00
2017.02.13 18:12:38.242,1.74521,1.74563,2.21,1.00
2017.02.13 18:12:38.293,1.74523,1.74564,1.37,1.00
2017.02.13 18:12:38.344,1.74521,1.74562,1.87,1.00
2017.02.13 18:12:38.445,1.74522,1.74564,1.87,1.00
2017.02.13 18:12:38.496,1.74522,1.74564,1.87,1.00
2017.02.13 18:12:38.597,1.74522,1.74561,1.37,1.00
2017.02.13 18:12:39.111,1.74522,1.74562,1.37,1.00
2017.02.13 18:12:39.162,1.74522,1.74564,1.87,1.00
2017.02.13 18:12:39.515,1.74522,1.74561,1.37,1.00
2017.02.13 18:12:40.090,1.74522,1.74561,1.37,1.00
2017.02.13 18:12:43.851,1.74523,1.74564,1.46,1.00
2017.02.13 18:12:44.410,1.74523,1.74564,1.71,1.00
2017.02.13 18:12:44.463,1.74524,1.74566,1.46,1.50
2017.02.13 18:12:44.520,1.74532,1.74564,1.37,1.00
2017.02.13 18:12:44.571,1.74532,1.74566,1.37,1.50
2017.02.13 18:12:45.099,1.74524,1.74564,1.37,1.00
2017.02.13 18:12:47.114,1.74525,1.74564,2.62,1.00
2017.02.13 18:12:47.208,1.74525,1.74566,1.37,1.00
2017.02.13 18:12:48.410,1.74525,1.74566,1.37,1.00
2017.02.13 18:12:48.461,1.74523,1.74563,2.25,1.00
2017.02.13 18:12:49.216,1.74523,1.74563,1.50,1.00
2017.02.13 18:12:49.795,1.74524,1.74564,1.37,1.00
2017.02.13 18:12:50.552,1.74523,1.74563,1.50,1.00
2017.02.13 18:12:51.109,1.74523,1.74563,1.50,1.00
2017.02.13 18:12:51.981,1.74521,1.7456,1.37,1.00
2017.02.13 18:12:52.629,1.74522,1.74561,1.37,1.00
2017.02.13 18:12:53.029,1.74522,1.74559,1.37,1.00
2017.02.13 18:12:53.638,1.74521,1.74558,1.37,1.00
2017.02.13 18:12:55.475,1.74521,1.74559,1.37,1.00
2017.02.13 18:12:56.130,1.74521,1.7456,1.87,1.00
2017.02.13 18:12:56.181,1.74522,1.74564,1.37,1.00
2017.02.13 18:12:56.232,1.74522,1.74564,1.87,1.00
2017.02.13 18:12:56.333,1.74522,1.74566,1.87,1.00
2017.02.13 18:12:56.434,1.74524,1.74568,1.37,1.00
2017.02.13 18:12:56.750,1.74526,1.74568,1.37,1.00
2017.02.13 18:12:57.714,1.74531,1.74568,1.37,1.00
2017.02.13 18:12:58.020,1.74531,1.74571,1.37,1.00
2017.02.13 18:12:58.121,1.74531,1.7457,1.37,1.00
2017.02.13 18:12:58.273,1.74534,1.74578,1.37,1.00
2017.02.13 18:12:58.374,1.74534,1.74578,1.37,1.00
2017.02.13 18:12:58.561,1.74535,1.74577,1.37,1.00
2017.02.13 18:12:58.820,1.74535,1.74577,1.00,1.00
2017.02.13 18:12:59.072,1.74533,1.74575,1.12,1.00
2017.02.13 18:12:59.425,1.74534,1.74578,1.37,1.00
2017.02.13 18:12:59.476,1.74534,1.74578,1.12,1.00
2017.02.13 18:12:59.670,1.74532,1.74573,1.37,1.00
2017.02.13 18:13:00.175,1.74532,1.74574,1.00,1.00
2017.02.13 18:13:01.510,1.74532,1.74576,1.00,1.00
2017.02.13 18:13:01.612,1.74534,1.74578,1.12,1.00
2017.02.13 18:13:02.002,1.74532,1.74576,1.87,1.00
2017.02.13 18:13:02.539,1.74533,1.74575,1.00,1.00
2017.02.13 18:13:03.211,1.74532,1.74573,1.00,1.00
2017.02.13 18:13:03.515,1.74531,1.74571,1.00,1.00
2017.02.13 18:13:04.089,1.74531,1.74573,1.00,1.00
2017.02.13 18:13:04.594,1.74531,1.74574,1.00,1.12
2017.02.13 18:13:04.695,1.74531,1.74572,1.00,1.00
2017.02.13 18:13:06.108,1.74531,1.74566,1.00,1.00
2017.02.13 18:13:07.296,1.74525,1.74565,1.00,1.00
2017.02.13 18:13:07.474,1.74525,1.74562,1.00,1.00
2017.02.13 18:13:07.524,1.74522,1.74561,1.12,1.00
2017.02.13 18:13:07.777,1.74522,1.74557,1.00,1.00
2017.02.13 18:13:07.929,1.74522,1.74559,1.00,1.50
2017.02.13 18:13:07.980,1.74522,1.74557,1.00,1.00
2017.02.13 18:13:08.131,1.74522,1.7456,1.12,1.00
2017.02.13 18:13:08.182,1.74522,1.74558,1.12,1.00
2017.02.13 18:13:08.233,1.74522,1.74561,1.12,1.00
2017.02.13 18:13:08.334,1.74522,1.74558,1.37,1.00
2017.02.13 18:13:08.869,1.74522,1.74557,1.00,1.00
2017.02.13 18:13:09.629,1.74518,1.74556,1.00,1.00
2017.02.13 18:13:10.133,1.74515,1.74555,1.12,1.00
2017.02.13 18:13:10.234,1.74513,1.7455,1.00,1.00
2017.02.13 18:13:10.385,1.74511,1.74549,1.00,1.00
2017.02.13 18:13:10.903,1.74511,1.74548,1.00,1.00
2017.02.13 18:13:11.509,1.74511,1.74547,1.00,1.00
2017.02.13 18:13:12.582,1.74516,1.74557,1.00,1.00
2017.02.13 18:13:12.633,1.74522,1.74557,1.00,1.00
2017.02.13 18:13:12.683,1.74522,1.74559,1.00,1.00
2017.02.13 18:13:12.734,1.74522,1.74561,1.37,1.00
2017.02.13 18:13:12.835,1.74532,1.74563,1.00,1.00
2017.02.13 18:13:12.937,1.74524,1.74563,1.00,1.00
2017.02.13 18:13:13.038,1.74522,1.74562,1.00,1.50
2017.02.13 18:13:13.140,1.74521,1.74559,1.00,1.00
2017.02.13 18:13:13.630,1.74521,1.74557,1.00,1.00
2017.02.13 18:13:13.680,1.74521,1.7456,1.50,1.00
2017.02.13 18:13:13.859,1.74523,1.74561,1.00,1.00
2017.02.13 18:13:14.548,1.74523,1.74562,1.00,1.00
2017.02.13 18:13:15.067,1.74522,1.74561,1.00,1.00
2017.02.13 18:13:15.449,1.74524,1.74563,1.00,1.00
2017.02.13 18:13:15.512,1.74522,1.74562,1.00,1.00
2017.02.13 18:13:15.582,1.74532,1.74561,1.00,1.00
2017.02.13 18:13:15.632,1.74522,1.74563,1.00,1.00
2017.02.13 18:13:15.942,1.74521,1.74561,1.00,1.12
2017.02.13 18:13:16.245,1.74513,1.74557,1.00,1.37
2017.02.13 18:13:17.644,1.74521,1.74557,1.00,1.37
2017.02.13 18:13:17.871,1.74521,1.74559,1.00,1.37
2017.02.13 18:13:18.383,1.74522,1.7456,1.00,1.12
2017.02.13 18:13:18.877,1.74521,1.74559,1.00,1.37
2017.02.13 18:13:19.079,1.74515,1.74557,1.00,1.00
2017.02.13 18:13:19.130,1.74513,1.74557,1.00,1.00
2017.02.13 18:13:19.315,1.74521,1.74557,1.00,1.50
2017.02.13 18:13:19.518,1.74521,1.74559,1.00,1.00
2017.02.13 18:13:19.949,1.74521,1.74557,1.00,1.00
2017.02.13 18:13:20.432,1.74516,1.74558,1.00,1.00
2017.02.13 18:13:20.937,1.74521,1.74558,1.00,1.00
2017.02.13 18:13:21.039,1.74524,1.74565,1.00,1.00
2017.02.13 18:13:21.140,1.74531,1.74568,1.00,1.50
2017.02.13 18:13:21.402,1.74542,1.74582,1.00,1.12
2017.02.13 18:13:21.453,1.74539,1.74583,1.37,1.00
2017.02.13 18:13:21.504,1.74536,1.74578,1.00,1.00
2017.02.13 18:13:21.807,1.74534,1.74576,1.00,1.00
2017.02.13 18:13:22.237,1.74529,1.74575,1.00,1.12
2017.02.13 18:13:22.288,1.74529,1.74573,1.00,1.00
2017.02.13 18:13:29.110,1.74528,1.7457,1.00,1.00
2017.02.13 18:13:29.784,1.74528,1.74572,1.00,1.00
2017.02.13 18:13:31.660,1.74529,1.74573,1.00,1.09
2017.02.13 18:13:32.938,1.74531,1.74573,1.00,1.09
2017.02.13 18:13:33.040,1.74532,1.74575,1.00,1.00
2017.02.13 18:13:33.141,1.74533,1.74577,1.00,1.00
2017.02.13 18:13:33.192,1.74535,1.74577,1.00,1.00
2017.02.13 18:13:33.541,1.74533,1.74577,1.00,1.00
2017.02.13 18:13:35.188,1.74533,1.74576,1.00,1.00
2017.02.13 18:13:35.340,1.74532,1.74574,1.50,1.00
2017.02.13 18:13:39.157,1.74533,1.74575,1.00,1.00
2017.02.13 18:13:39.460,1.7453,1.74572,1.37,1.00
2017.02.13 18:13:40.285,1.7453,1.74572,1.12,1.00
2017.02.13 18:13:44.317,1.74528,1.7457,1.37,1.00
2017.02.13 18:13:44.368,1.74527,1.74569,1.50,1.00
2017.02.13 18:13:44.418,1.74527,1.74569,1.87,1.00
2017.02.13 18:13:44.469,1.74527,1.74569,1.37,1.00
2017.02.13 18:13:44.621,1.74527,1.74567,1.37,1.00
2017.02.13 18:13:44.974,1.74527,1.74569,1.50,1.00
2017.02.13 18:13:45.075,1.74527,1.74571,1.50,1.00
2017.02.13 18:13:45.324,1.74531,1.74575,1.00,1.00
2017.02.13 18:13:45.672,1.74531,1.74573,1.00,1.00
2017.02.13 18:13:46.091,1.74529,1.74571,1.12,1.00
2017.02.13 18:13:48.051,1.74529,1.74573,1.00,1.00
2017.02.13 18:13:48.352,1.74531,1.74575,1.00,1.12
2017.02.13 18:13:48.675,1.74529,1.74571,1.00,1.00
2017.02.13 18:13:49.020,1.74526,1.7457,1.12,1.00
2017.02.13 18:13:49.531,1.74527,1.74571,1.00,1.00
2017.02.13 18:13:49.970,1.74525,1.74569,1.12,1.00
2017.02.13 18:13:50.629,1.74524,1.74566,1.00,1.00
2017.02.13 18:13:50.781,1.74521,1.74565,1.87,1.00
2017.02.13 18:13:51.203,1.74523,1.74567,1.00,1.00
2017.02.13 18:13:51.765,1.74523,1.74568,1.00,1.00
2017.02.13 18:13:52.185,1.74525,1.74567,1.00,1.00
2017.02.13 18:14:02.739,1.74525,1.74569,1.00,1.00
2017.02.13 18:14:03.303,1.74524,1.74566,1.00,1.00
2017.02.13 18:14:03.353,1.74522,1.74566,1.00,1.00
2017.02.13 18:14:03.659,1.74522,1.74564,1.50,1.00
2017.02.13 18:14:03.760,1.74524,1.74568,1.00,1.37
2017.02.13 18:14:04.396,1.74524,1.74566,1.00,1.00
2017.02.13 18:14:04.512,1.74522,1.74564,1.50,1.00
2017.02.13 18:14:05.480,1.74522,1.74563,1.00,1.00
2017.02.13 18:14:05.733,1.74521,1.74565,1.50,1.12
2017.02.13 18:14:06.082,1.74522,1.74563,1.00,1.00
2017.02.13 18:14:06.133,1.74523,1.74567,1.00,1.12
2017.02.13 18:14:06.662,1.74523,1.74566,1.00,1.00
2017.02.13 18:14:07.028,1.74524,1.74568,1.00,1.00
2017.02.13 18:14:07.543,1.74525,1.74569,1.00,1.12
2017.02.13 18:14:11.772,1.74523,1.74565,1.00,1.00
2017.02.13 18:14:12.381,1.74522,1.74564,1.00,1.00
2017.02.13 18:14:13.454,1.74522,1.74566,1.87,1.00
2017.02.13 18:14:13.505,1.74525,1.74567,1.00,1.00
2017.02.13 18:14:14.607,1.74526,1.74568,1.00,1.00
2017.02.13 18:14:15.011,1.74523,1.74565,1.12,1.00
2017.02.13 18:14:15.062,1.74524,1.74568,1.00,1.00
2017.02.13 18:14:15.163,1.74527,1.74569,1.00,1.00
2017.02.13 18:14:15.907,1.74526,1.74568,1.00,1.00
2017.02.13 18:14:16.059,1.74528,1.74572,1.00,1.00
2017.02.13 18:14:16.160,1.74532,1.74569,1.00,1.00
2017.02.13 18:14:16.211,1.74532,1.74571,1.00,1.00
2017.02.13 18:14:16.262,1.74529,1.74571,1.00,1.00
2017.02.13 18:14:16.363,1.74526,1.7457,1.00,1.00
2017.02.13 18:14:16.962,1.74525,1.74569,1.00,1.00
2017.02.13 18:14:18.201,1.74524,1.74568,1.00,1.00
2017.02.13 18:14:20.515,1.74526,1.74568,1.00,1.00
2017.02.13 18:14:20.818,1.74528,1.7457,1.00,1.12
2017.02.13 18:14:21.137,1.74531,1.74572,1.00,1.00
2017.02.13 18:14:21.340,1.74533,1.74575,1.00,1.12
2017.02.13 18:14:21.390,1.74535,1.74579,1.00,1.37
2017.02.13 18:14:21.441,1.74535,1.74579,1.12,1.00
2017.02.13 18:14:21.915,1.74534,1.74576,1.00,1.00
2017.02.13 18:14:24.360,1.74532,1.74576,1.50,1.12
2017.02.13 18:14:25.120,1.74532,1.74576,1.50,1.37
2017.02.13 18:14:25.436,1.74532,1.74574,1.50,1.37
2017.02.13 18:14:28.325,1.74532,1.74576,1.50,1.37
2017.02.13 18:14:28.376,1.74534,1.74576,1.00,1.37
2017.02.13 18:14:28.889,1.74533,1.74577,1.00,1.37
2017.02.13 18:14:30.267,1.74533,1.74577,1.00,1.37
2017.02.13 18:14:30.573,1.74531,1.74577,1.50,1.37
2017.02.13 18:14:30.675,1.74533,1.74575,1.00,1.00
2017.02.13 18:14:31.920,1.74531,1.74572,1.00,1.00
2017.02.13 18:14:32.122,1.74528,1.74572,1.00,1.00
2017.02.13 18:14:32.224,1.74528,1.7457,1.00,1.00
2017.02.13 18:14:32.645,1.74532,1.7457,1.00,1.00
2017.02.13 18:14:33.225,1.74527,1.74569,1.00,1.12
2017.02.13 18:14:33.276,1.74525,1.74569,1.00,1.00
2017.02.13 18:14:33.529,1.74531,1.74571,1.00,1.12
2017.02.13 18:14:35.244,1.74531,1.74572,1.00,1.00
2017.02.13 18:14:35.715,1.74527,1.74571,1.00,1.00
2017.02.13 18:14:35.816,1.74531,1.74573,1.12,1.00
2017.02.13 18:14:36.099,1.74532,1.74576,1.00,1.00
2017.02.13 18:14:36.377,1.74531,1.74572,1.00,1.00
2017.02.13 18:14:36.883,1.74531,1.74573,1.50,1.00
2017.02.13 18:14:39.260,1.74531,1.74571,1.00,1.00
2017.02.13 18:14:43.426,1.74549,1.74577,1.00,1.00
2017.02.13 18:14:43.477,1.74549,1.74584,1.00,1.00
2017.02.13 18:14:43.528,1.74551,1.74584,1.00,1.00
2017.02.13 18:14:43.579,1.74552,1.74592,1.00,1.75
2017.02.13 18:14:43.680,1.74552,1.74593,1.00,1.00
2017.02.13 18:14:44.034,1.74551,1.74591,1.00,1.00
2017.02.13 18:14:44.263,1.74551,1.74593,1.00,1.00
2017.02.13 18:14:44.598,1.74551,1.7459,1.00,1.00
2017.02.13 18:14:45.041,1.74551,1.74592,1.00,1.00
2017.02.13 18:14:47.107,1.74551,1.74593,1.00,1.00
2017.02.13 18:14:48.266,1.74551,1.74594,1.00,1.00
2017.02.13 18:14:49.429,1.74551,1.74592,1.00,1.00
2017.02.13 18:14:52.388,1.74551,1.74594,1.00,1.00
2017.02.13 18:14:52.439,1.74552,1.74596,1.87,1.00
2017.02.13 18:14:52.489,1.74556,1.74598,1.37,1.00
2017.02.13 18:14:52.691,1.74552,1.74596,1.87,1.00
2017.02.13 18:14:52.742,1.74552,1.74596,1.87,1.00
2017.02.13 18:14:52.843,1.74552,1.74596,1.50,1.00
2017.02.13 18:14:53.416,1.74552,1.74595,1.12,1.00
2017.02.13 18:14:54.358,1.74553,1.74595,1.00,1.00
2017.02.13 18:14:57.138,1.74554,1.74598,1.00,1.00
2017.02.13 18:14:58.743,1.74552,1.74596,1.12,1.00
2017.02.13 18:14:59.126,1.74552,1.74593,1.00,1.00
2017.02.13 18:14:59.513,1.74553,1.74595,1.00,1.50
2017.02.13 18:15:00.208,1.74553,1.74595,1.37,1.50
2017.02.13 18:15:00.774,1.74554,1.74596,1.12,1.50
2017.02.13 18:15:01.718,1.74551,1.74594,1.00,1.37
2017.02.13 18:15:01.920,1.74542,1.74584,1.12,1.87
2017.02.13 18:15:02.068,1.74541,1.74582,1.00,1.37
2017.02.13 18:15:02.220,1.74539,1.74582,1.12,1.00
2017.02.13 18:15:03.264,1.74541,1.74582,1.00,1.00
2017.02.13 18:15:03.568,1.74547,1.74587,1.00,1.12
2017.02.13 18:15:03.912,1.74562,1.74589,1.00,1.00
2017.02.13 18:15:03.966,1.74562,1.74596,1.00,1.50
2017.02.13 18:15:04.515,1.74562,1.74595,1.00,1.00
2017.02.13 18:15:04.718,1.74562,1.74593,1.00,1.00
2017.02.13 18:15:04.769,1.74552,1.7459,1.00,1.50
2017.02.13 18:15:05.018,1.74552,1.74588,1.00,1.00
2017.02.13 18:15:05.970,1.74551,1.74588,1.00,1.00
2017.02.13 18:15:06.485,1.74552,1.7459,1.00,1.00
2017.02.13 18:15:06.536,1.74553,1.7459,1.87,1.00
2017.02.13 18:15:06.838,1.74561,1.74601,1.00,1.00
2017.02.13 18:15:07.192,1.74562,1.74603,1.00,1.50
2017.02.13 18:15:07.520,1.74561,1.74601,1.00,1.00
2017.02.13 18:15:08.023,1.74561,1.746,1.00,1.00
2017.02.13 18:15:08.553,1.74562,1.74599,1.00,1.00
2017.02.13 18:15:09.260,1.74562,1.74601,1.00,1.50
2017.02.13 18:15:09.758,1.74562,1.74599,1.00,1.50
2017.02.13 18:15:09.860,1.74553,1.74593,1.00,1.00
2017.02.13 18:15:09.962,1.74551,1.7459,1.00,1.00
2017.02.13 18:15:10.495,1.74551,1.74589,1.00,1.00
2017.02.13 18:15:14.891,1.74551,1.74588,1.00,1.00
2017.02.13 18:15:15.029,1.74546,1.74588,1.00,1.00
2017.02.13 18:15:15.219,1.74551,1.74588,1.00,1.00
2017.02.13 18:15:17.863,1.74546,1.74587,1.00,1.00
2017.02.13 18:15:17.914,1.74551,1.74579,1.00,1.00
2017.02.13 18:15:17.965,1.74541,1.74583,1.00,1.50
2017.02.13 18:15:18.066,1.74541,1.74578,1.37,1.00
2017.02.13 18:15:18.117,1.74542,1.74584,1.37,1.50
2017.02.13 18:15:18.168,1.74551,1.74582,1.00,1.00
2017.02.13 18:15:18.395,1.74551,1.74585,1.00,1.00
2017.02.13 18:15:19.025,1.74543,1.74585,1.12,1.00
2017.02.13 18:15:19.076,1.74546,1.74585,1.00,1.00
2017.02.13 18:15:19.379,1.74551,1.74586,1.00,1.00
2017.02.13 18:15:20.188,1.74551,1.74582,1.00,1.00
2017.02.13 18:15:20.290,1.74541,1.74583,1.50,1.00
2017.02.13 18:15:20.792,1.74541,1.74582,1.00,1.00
2017.02.13 18:15:20.842,1.74552,1.74582,1.00,1.00
2017.02.13 18:15:20.969,1.74552,1.74584,1.00,1.00
2017.02.13 18:15:21.022,1.74551,1.74587,1.00,1.00
2017.02.13 18:15:21.110,1.74552,1.74585,1.00,1.00
2017.02.13 18:15:21.760,1.74542,1.74584,1.00,1.00
2017.02.13 18:15:22.104,1.74552,1.74584,1.00,1.00
2017.02.13 18:15:22.155,1.74552,1.74586,1.00,1.50
2017.02.13 18:15:22.407,1.74552,1.74589,1.00,1.00
2017.02.13 18:15:22.930,1.74552,1.74588,1.00,1.00
2017.02.13 18:15:25.315,1.74551,1.74585,1.00,1.00
2017.02.13 18:15:25.622,1.74551,1.74583,1.00,1.00
2017.02.13 18:15:26.833,1.74551,1.74585,1.00,1.00
2017.02.13 18:15:27.085,1.74543,1.74585,1.00,1.00
2017.02.13 18:15:27.136,1.74551,1.74587,1.00,1.00
2017.02.13 18:15:27.237,1.74551,1.74589,1.00,1.00
2017.02.13 18:15:27.763,1.74551,1.74588,1.00,1.00
2017.02.13 18:15:30.261,1.74551,1.74589,1.00,1.00
2017.02.13 18:15:31.266,1.74551,1.74588,1.00,1.00
2017.02.13 18:15:31.465,1.74546,1.7459,1.00,1.00
2017.02.13 18:15:31.517,1.74545,1.74587,1.00,1.00
2017.02.13 18:15:32.043,1.74551,1.7459,1.00,1.00
2017.02.13 18:15:33.117,1.74552,1.7459,1.00,1.00
2017.02.13 18:15:34.216,1.74552,1.74593,1.12,1.00
2017.02.13 18:15:34.267,1.74562,1.74595,1.00,1.00
2017.02.13 18:15:34.476,1.74562,1.74598,1.00,1.00
2017.02.13 18:15:35.509,1.74562,1.74596,1.00,1.00
2017.02.13 18:15:35.560,1.74552,1.74594,1.00,1.00
2017.02.13 18:15:36.148,1.74551,1.74593,1.50,1.00
2017.02.13 18:15:36.696,1.74551,1.74594,1.00,1.00
2017.02.13 18:15:37.222,1.74551,1.74592,1.00,1.00
2017.02.13 18:15:38.129,1.74561,1.74592,1.00,1.00
2017.02.13 18:15:39.312,1.74561,1.74595,1.00,1.00
2017.02.13 18:15:39.414,1.74561,1.74593,1.00,1.00
2017.02.13 18:15:39.626,1.74561,1.74595,1.00,1.00
2017.02.13 18:15:39.727,1.74551,1.7459,1.00,1.00
2017.02.13 18:15:39.871,1.74551,1.74593,1.00,1.00
2017.02.13 18:15:39.922,1.74561,1.74593,1.00,1.00
2017.02.13 18:15:40.224,1.74552,1.74594,1.00,1.00
2017.02.13 18:15:42.249,1.74552,1.74595,1.00,1.00
2017.02.13 18:15:42.300,1.74562,1.74593,1.00,1.00
2017.02.13 18:15:42.841,1.74562,1.74594,1.00,1.00
2017.02.13 18:15:42.892,1.74562,1.74596,1.00,1.12
2017.02.13 18:15:42.943,1.74562,1.74594,1.00,1.00
2017.02.13 18:15:43.666,1.74562,1.74597,1.00,1.37
2017.02.13 18:15:44.662,1.74562,1.74599,1.00,1.12
2017.02.13 18:15:44.763,1.74561,1.74602,1.00,1.00
2017.02.13 18:15:45.283,1.74561,1.74603,1.50,1.00
2017.02.13 18:15:45.435,1.74562,1.74601,1.00,1.00
2017.02.13 18:15:45.738,1.74561,1.74594,1.00,1.00
2017.02.13 18:15:46.420,1.74561,1.74595,1.00,1.00
2017.02.13 18:15:47.344,1.74552,1.74595,1.00,1.00
2017.02.13 18:15:48.205,1.74552,1.74596,1.50,1.00
2017.02.13 18:15:49.553,1.74552,1.74594,1.50,1.00
2017.02.13 18:15:50.535,1.74562,1.74593,1.00,1.00
2017.02.13 18:15:50.948,1.74552,1.74593,1.00,1.00
2017.02.13 18:15:52.118,1.74552,1.74587,1.00,1.00
2017.02.13 18:15:52.220,1.74552,1.74591,1.00,1.00
2017.02.13 18:15:53.981,1.74552,1.74592,1.00,1.00
2017.02.13 18:15:54.562,1.74552,1.74594,1.00,1.00
2017.02.13 18:15:55.501,1.74552,1.74595,1.00,1.00
2017.02.13 18:15:55.811,1.74562,1.7459,1.00,1.00
2017.02.13 18:15:55.862,1.74552,1.74595,1.37,2.25
2017.02.13 18:15:55.963,1.74561,1.74599,1.00,1.50
2017.02.13 18:15:56.014,1.74561,1.74601,1.00,1.37
2017.02.13 18:15:56.100,1.74561,1.74601,1.00,1.00
2017.02.13 18:15:56.252,1.74555,1.74599,1.12,1.00
2017.02.13 18:15:57.545,1.74555,1.74599,1.37,1.00
2017.02.13 18:15:58.995,1.74555,1.74599,1.00,1.00
2017.02.13 18:15:59.711,1.74555,1.74599,1.37,1.00
2017.02.13 18:15:59.762,1.74561,1.74599,1.00,1.00
2017.02.13 18:15:59.914,1.74554,1.74596,1.00,1.00
2017.02.13 18:15:59.964,1.74552,1.74594,1.00,1.00
2017.02.13 18:16:00.066,1.74552,1.74596,1.00,1.00
2017.02.13 18:16:00.167,1.74551,1.74591,1.00,1.00
2017.02.13 18:16:00.713,1.74551,1.74592,1.00,1.00
2017.02.13 18:16:00.814,1.74552,1.74594,1.00,1.00
2017.02.13 18:16:01.328,1.74552,1.74596,1.00,1.00
2017.02.13 18:16:04.306,1.74552,1.74594,1.00,1.00
2017.02.13 18:16:05.514,1.74553,1.74595,1.00,1.00
2017.02.13 18:16:12.344,1.74551,1.74595,1.50,1.37
2017.02.13 18:16:12.681,1.74551,1.74594,1.00,1.00
2017.02.13 18:16:12.783,1.74551,1.74591,1.00,1.00
2017.02.13 18:16:16.443,1.74551,1.74592,1.00,1.00
2017.02.13 18:16:18.230,1.74551,1.74591,1.00,1.00
2017.02.13 18:16:19.143,1.74551,1.74589,1.00,1.00
2017.02.13 18:16:20.179,1.74551,1.74588,1.00,1.00
2017.02.13 18:16:20.974,1.74552,1.74588,1.00,1.00
2017.02.13 18:16:21.220,1.74546,1.74586,1.00,1.00
2017.02.13 18:16:21.321,1.74544,1.74585,1.00,1.12
2017.02.13 18:16:22.290,1.74552,1.74586,1.00,1.00
2017.02.13 18:16:23.941,1.74552,1.74585,1.00,1.00
2017.02.13 18:16:26.831,1.74552,1.74586,1.00,1.00
2017.02.13 18:16:27.345,1.74552,1.74587,1.00,1.00
2017.02.13 18:16:27.902,1.74552,1.74588,1.00,1.00
2017.02.13 18:16:32.563,1.74552,1.74587,1.00,1.00
2017.02.13 18:16:32.761,1.74551,1.74591,1.00,1.00
2017.02.13 18:16:33.289,1.74551,1.74591,1.84,1.00
2017.02.13 18:16:35.698,1.74552,1.74589,1.09,1.00
2017.02.13 18:16:37.408,1.74552,1.74588,1.84,1.00
2017.02.13 18:16:37.711,1.74552,1.74586,1.00,1.00
2017.02.13 18:16:38.073,1.74552,1.74588,1.00,1.00
2017.02.13 18:16:38.274,1.74562,1.7459,1.00,1.00
2017.02.13 18:16:38.325,1.74552,1.74588,1.00,1.37
2017.02.13 18:16:39.542,1.74552,1.74586,1.00,1.00
2017.02.13 18:16:42.461,1.74561,1.7459,1.00,1.00
2017.02.13 18:16:45.615,1.74552,1.74592,1.00,1.00
2017.02.13 18:16:47.017,1.74561,1.74592,1.00,1.00
2017.02.13 18:16:50.114,1.7456,1.74595,1.00,1.00
2017.02.13 18:16:50.215,1.74561,1.74599,1.00,1.00
2017.02.13 18:16:50.559,1.74561,1.74597,1.00,1.00
2017.02.13 18:16:51.073,1.74561,1.74598,1.00,1.00
2017.02.13 18:16:52.152,1.74558,1.74595,1.00,1.00
2017.02.13 18:16:52.493,1.74561,1.74595,1.00,1.00
2017.02.13 18:16:53.830,1.74561,1.74594,1.00,1.00
2017.02.13 18:16:55.471,1.74561,1.74595,1.00,1.00
2017.02.13 18:17:00.352,1.74561,1.74593,1.00,1.00
2017.02.13 18:17:00.520,1.74561,1.74596,1.00,1.00
2017.02.13 18:17:01.261,1.74561,1.74595,1.00,1.00
2017.02.13 18:17:01.414,1.74561,1.74592,1.00,1.00
2017.02.13 18:17:02.499,1.74561,1.74593,1.00,1.00
2017.02.13 18:17:04.085,1.74561,1.74594,1.00,1.00
2017.02.13 18:17:04.136,1.74562,1.74596,1.00,1.00
2017.02.13 18:17:06.184,1.74562,1.74592,1.00,1.00
2017.02.13 18:17:07.514,1.74561,1.74592,1.00,1.00
2017.02.13 18:17:07.615,1.74555,1.74592,1.00,1.00
2017.02.13 18:17:07.757,1.74561,1.74593,1.00,1.00
2017.02.13 18:17:11.319,1.74561,1.74594,1.00,1.00
2017.02.13 18:17:14.214,1.74561,1.74595,1.00,1.00
2017.02.13 18:17:14.265,1.74561,1.74597,1.00,1.00
2017.02.13 18:17:14.937,1.74561,1.74598,1.00,1.00
2017.02.13 18:17:15.204,1.74561,1.74596,1.00,1.00
2017.02.13 18:17:15.255,1.74561,1.74598,1.00,1.00
2017.02.13 18:17:15.407,1.74561,1.74596,1.00,1.00
2017.02.13 18:17:15.974,1.74562,1.74596,1.00,1.00
2017.02.13 18:17:17.215,1.74562,1.74593,1.00,1.00
2017.02.13 18:17:17.704,1.74562,1.74595,1.00,1.00
2017.02.13 18:17:20.616,1.74562,1.74594,1.00,1.00
2017.02.13 18:17:21.204,1.74562,1.74593,1.00,1.00
2017.02.13 18:17:21.255,1.74553,1.74592,1.00,1.00
2017.02.13 18:17:21.356,1.74553,1.7459,1.00,1.00
2017.02.13 18:17:22.017,1.74551,1.7459,1.50,1.00
2017.02.13 18:17:22.604,1.74552,1.7459,1.00,1.00
2017.02.13 18:17:23.340,1.74552,1.74587,1.00,1.00
2017.02.13 18:17:23.868,1.74551,1.74587,1.50,1.00
2017.02.13 18:17:23.918,1.74551,1.7459,1.87,1.00
2017.02.13 18:17:27.056,1.74552,1.7459,1.00,1.00
2017.02.13 18:17:30.244,1.74552,1.74591,1.50,1.00
2017.02.13 18:17:30.976,1.74552,1.7459,1.00,1.00
2017.02.13 18:17:33.270,1.74552,1.74591,1.00,1.00
2017.02.13 18:17:34.359,1.74553,1.74591,1.00,1.00
2017.02.13 18:17:37.830,1.74551,1.74589,1.00,1.00
2017.02.13 18:17:39.601,1.74554,1.74591,1.00,1.00
2017.02.13 18:17:39.652,1.74553,1.74593,1.00,1.00
2017.02.13 18:17:39.900,1.74553,1.74591,1.00,1.00
2017.02.13 18:17:40.410,1.74552,1.74591,1.00,1.00
2017.02.13 18:17:40.571,1.74543,1.74585,1.87,1.00
2017.02.13 18:17:40.722,1.74542,1.74583,1.00,1.50
2017.02.13 18:17:41.196,1.74543,1.74585,1.00,1.00
2017.02.13 18:17:41.314,1.74552,1.74585,1.00,1.00
2017.02.13 18:17:41.779,1.74552,1.74587,1.00,1.00
2017.02.13 18:17:41.880,1.74552,1.7459,1.37,1.00
2017.02.13 18:17:41.931,1.74553,1.74592,1.00,1.00
2017.02.13 18:17:42.033,1.74552,1.7459,1.00,1.00
2017.02.13 18:17:44.056,1.74552,1.74589,1.00,1.00
2017.02.13 18:17:47.958,1.74552,1.74587,1.00,1.00
2017.02.13 18:17:48.059,1.74542,1.74578,1.00,1.00
2017.02.13 18:17:48.110,1.74542,1.7458,1.00,1.00
2017.02.13 18:17:48.161,1.74542,1.74576,1.00,1.00
2017.02.13 18:17:48.515,1.74542,1.74574,1.00,1.00
2017.02.13 18:17:49.562,1.74542,1.74571,1.00,1.00
2017.02.13 18:17:50.158,1.74541,1.7457,1.00,1.00
2017.02.13 18:17:53.799,1.74531,1.7457,1.50,1.00
2017.02.13 18:17:54.002,1.74532,1.74566,1.00,1.00
2017.02.13 18:17:54.717,1.74542,1.74567,1.00,1.00
2017.02.13 18:17:57.126,1.74532,1.74567,1.00,1.00
2017.02.13 18:17:58.221,1.74532,1.74568,1.00,1.00
2017.02.13 18:17:59.607,1.74532,1.74566,1.00,1.00
2017.02.13 18:18:00.977,1.74532,1.74567,1.00,1.00
2017.02.13 18:18:01.665,1.74532,1.74566,1.00,1.00
2017.02.13 18:18:02.016,1.74542,1.74567,1.00,1.00
2017.02.13 18:18:02.314,1.74542,1.74571,1.00,1.00
2017.02.13 18:18:02.465,1.74541,1.74576,1.00,1.00
2017.02.13 18:18:03.088,1.74541,1.74573,1.00,1.00
2017.02.13 18:18:03.841,1.74541,1.74572,1.00,1.00
2017.02.13 18:18:06.095,1.74541,1.74573,1.00,1.00
2017.02.13 18:18:06.728,1.74541,1.74572,1.00,1.00
2017.02.13 18:18:07.692,1.74541,1.74573,1.00,1.00
2017.02.13 18:18:08.416,1.74542,1.74573,1.00,1.00
2017.02.13 18:18:10.319,1.74542,1.74572,1.00,1.00
2017.02.13 18:18:10.637,1.74542,1.7457,1.00,1.00
2017.02.13 18:18:15.361,1.74532,1.7457,1.00,1.00
2017.02.13 18:18:15.975,1.74532,1.74571,1.50,1.00
2017.02.13 18:18:19.974,1.74542,1.74571,1.00,1.00
2017.02.13 18:18:21.266,1.74532,1.74571,1.50,1.00
2017.02.13 18:18:21.452,1.74542,1.74571,1.00,1.00
2017.02.13 18:18:26.662,1.74542,1.74569,1.00,1.00
2017.02.13 18:18:31.209,1.74542,1.74568,1.00,1.00
2017.02.13 18:18:31.311,1.74542,1.7457,1.00,1.00
2017.02.13 18:18:31.362,1.74542,1.74568,1.00,1.00
2017.02.13 18:18:31.463,1.74542,1.74571,1.00,1.00
2017.02.13 18:18:31.514,1.74542,1.74567,1.00,1.00
2017.02.13 18:18:31.731,1.74542,1.74569,1.00,1.00
2017.02.13 18:18:32.740,1.74542,1.7457,1.00,1.00
2017.02.13 18:18:34.584,1.74542,1.74568,1.00,1.00
2017.02.13 18:18:35.107,1.74541,1.74568,1.00,1.00
2017.02.13 18:18:35.647,1.74542,1.74568,1.00,1.00
2017.02.13 18:18:38.125,1.74542,1.7457,1.00,1.00
2017.02.13 18:18:45.858,1.74531,1.7457,1.50,1.00
2017.02.13 18:18:45.959,1.74542,1.74571,1.00,1.00
2017.02.13 18:18:47.768,1.74542,1.74569,1.00,1.00
2017.02.13 18:18:48.015,1.74531,1.74569,1.00,1.00
2017.02.13 18:18:48.312,1.74541,1.74569,1.00,1.00
2017.02.13 18:18:49.074,1.74541,1.7457,1.00,1.00
2017.02.13 18:18:49.175,1.74541,1.74572,1.00,1.00
2017.02.13 18:18:49.285,1.74552,1.74581,1.00,1.50
2017.02.13 18:18:49.336,1.74552,1.74586,1.00,1.00
2017.02.13 18:18:49.438,1.74562,1.74587,1.00,1.00
2017.02.13 18:18:49.488,1.74562,1.74589,1.00,1.00
2017.02.13 18:18:49.590,1.74562,1.74587,1.00,1.00
2017.02.13 18:18:49.996,1.74551,1.74578,1.00,1.00
2017.02.13 18:18:50.519,1.74551,1.74577,1.00,1.00
2017.02.13 18:18:51.140,1.74552,1.74577,1.00,1.00
2017.02.13 18:18:51.822,1.74542,1.74577,1.00,1.00
2017.02.13 18:18:53.014,1.74552,1.74577,1.00,1.00
2017.02.13 18:18:54.923,1.74551,1.74577,1.00,1.00
2017.02.13 18:18:57.189,1.74551,1.74578,1.00,1.50
2017.02.13 18:18:57.627,1.74551,1.74575,1.00,1.00
2017.02.13 18:18:57.969,1.74551,1.74573,1.00,1.00
2017.02.13 18:18:58.019,1.74551,1.74575,1.00,1.00
2017.02.13 18:18:58.120,1.74551,1.74577,1.00,1.00
2017.02.13 18:18:58.682,1.74551,1.74575,1.00,1.00
2017.02.13 18:18:58.830,1.74551,1.74577,1.00,1.00
2017.02.13 18:18:59.850,1.74551,1.74575,1.00,1.00
2017.02.13 18:19:00.408,1.74552,1.74575,1.00,1.00
2017.02.13 18:19:01.320,1.74552,1.74574,1.00,1.00
2017.02.13 18:19:03.433,1.74552,1.74575,1.00,1.00
2017.02.13 18:19:04.749,1.74552,1.74574,1.00,1.00
2017.02.13 18:19:05.871,1.74552,1.74576,1.00,1.00
2017.02.13 18:19:05.922,1.74541,1.74576,1.00,1.00
2017.02.13 18:19:05.973,1.74541,1.74574,1.00,1.00
2017.02.13 18:19:06.352,1.74552,1.74576,1.00,1.00
2017.02.13 18:19:07.765,1.74552,1.74574,1.00,1.00
2017.02.13 18:19:08.757,1.74552,1.74575,1.00,1.00
2017.02.13 18:19:09.111,1.74552,1.74573,1.00,1.00
2017.02.13 18:19:09.319,1.74541,1.74572,1.00,1.12
2017.02.13 18:19:09.369,1.74541,1.74566,1.00,1.00
2017.02.13 18:19:09.471,1.74532,1.74562,1.00,1.00
2017.02.13 18:19:09.521,1.74531,1.74559,1.00,1.00
2017.02.13 18:19:09.724,1.74522,1.74551,1.00,1.00
2017.02.13 18:19:09.960,1.74531,1.74553,1.00,1.00
2017.02.13 18:19:10.011,1.74531,1.74555,1.00,1.00
2017.02.13 18:19:11.210,1.74531,1.74553,1.00,1.00
2017.02.13 18:19:11.515,1.74531,1.74551,1.00,1.00
2017.02.13 18:19:12.707,1.74531,1.74552,1.00,1.00
2017.02.13 18:19:12.758,1.74521,1.74552,1.00,1.00
2017.02.13 18:19:13.014,1.74532,1.74552,1.00,1.00
2017.02.13 18:19:13.115,1.74521,1.7455,1.00,1.00
2017.02.13 18:19:14.140,1.74522,1.7455,1.00,1.00
2017.02.13 18:19:14.294,1.74521,1.74555,1.00,1.00
2017.02.13 18:19:14.505,1.74522,1.74548,1.00,1.00
2017.02.13 18:19:14.556,1.74511,1.74548,1.00,1.00
2017.02.13 18:19:14.863,1.74521,1.74547,1.00,1.00
2017.02.13 18:19:15.015,1.74512,1.74547,1.00,1.00
2017.02.13 18:19:15.217,1.74513,1.7455,1.12,1.00
2017.02.13 18:19:15.268,1.74514,1.74552,1.00,1.00
2017.02.13 18:19:15.623,1.74511,1.74545,1.00,1.00
2017.02.13 18:19:15.926,1.74531,1.74554,1.00,1.00
2017.02.13 18:19:16.295,1.74531,1.74558,1.00,1.00
2017.02.13 18:19:16.819,1.74522,1.74559,1.37,1.00
2017.02.13 18:19:16.870,1.74522,1.74559,1.00,1.00
2017.02.13 18:19:17.314,1.74532,1.74559,1.00,1.00
2017.02.13 18:19:17.851,1.74532,1.7456,1.00,1.00
2017.02.13 18:19:19.587,1.74532,1.74561,1.00,1.00
2017.02.13 18:19:20.978,1.74532,1.7456,1.00,1.00
2017.02.13 18:19:24.121,1.74532,1.74561,1.00,1.00
2017.02.13 18:19:24.786,1.74542,1.74561,1.00,1.00
2017.02.13 18:19:25.697,1.74532,1.74561,1.00,1.00
2017.02.13 18:19:27.043,1.74532,1.7456,1.00,1.00
2017.02.13 18:19:27.850,1.74532,1.74559,1.00,1.00
2017.02.13 18:19:28.699,1.74532,1.7456,1.00,1.00
2017.02.13 18:19:32.089,1.74532,1.74556,1.00,1.00
2017.02.13 18:19:32.190,1.74532,1.74558,1.00,1.00
2017.02.13 18:19:32.292,1.74532,1.7456,1.00,1.00
2017.02.13 18:19:34.418,1.74531,1.7456,1.00,1.00
2017.02.13 18:19:36.670,1.74531,1.74561,1.00,1.00
2017.02.13 18:19:37.024,1.74531,1.74559,1.00,1.00
2017.02.13 18:19:37.614,1.74532,1.74559,1.00,1.00
2017.02.13 18:19:38.507,1.74531,1.74559,1.00,1.00
2017.02.13 18:19:39.993,1.74532,1.74564,1.00,1.00
2017.02.13 18:19:40.094,1.74532,1.74566,1.00,1.00
2017.02.13 18:19:40.145,1.74532,1.74564,1.00,1.00
2017.02.13 18:19:41.440,1.74532,1.74563,1.00,1.00
2017.02.13 18:19:41.943,1.74532,1.74564,1.00,1.00
2017.02.13 18:19:42.493,1.74532,1.74566,1.00,1.00
2017.02.13 18:19:42.594,1.74532,1.74568,1.00,1.00
2017.02.13 18:19:42.755,1.74542,1.74568,1.00,1.00
2017.02.13 18:19:47.750,1.74531,1.74568,1.00,1.00
2017.02.13 18:19:47.800,1.74531,1.74566,1.00,1.00
2017.02.13 18:19:49.702,1.74531,1.74564,1.00,1.00
2017.02.13 18:19:55.285,1.74541,1.74564,1.00,1.00
2017.02.13 18:19:55.412,1.74531,1.74564,1.00,1.00
2017.02.13 18:19:55.943,1.74531,1.74562,1.00,1.00
2017.02.13 18:19:56.044,1.74532,1.74564,1.00,1.00
2017.02.13 18:19:57.082,1.74532,1.74565,1.00,1.00
2017.02.13 18:19:59.619,1.74532,1.74558,1.00,1.00
2017.02.13 18:20:00.073,1.74532,1.7456,1.00,1.00
2017.02.13 18:20:00.124,1.74532,1.74558,1.00,1.00
2017.02.13 18:20:00.448,1.74532,1.74562,1.00,1.00
2017.02.13 18:20:01.161,1.74532,1.74563,1.00,1.00
2017.02.13 18:20:03.404,1.74541,1.74563,1.00,1.00
2017.02.13 18:20:03.623,1.74541,1.74565,1.00,1.00
2017.02.13 18:20:03.774,1.74541,1.74563,1.00,1.00
2017.02.13 18:20:04.198,1.74532,1.74561,1.00,1.00
2017.02.13 18:20:04.883,1.74532,1.7456,1.00,1.00
2017.02.13 18:20:04.934,1.74532,1.74562,1.00,1.00
2017.02.13 18:20:08.034,1.74532,1.74563,1.00,1.00
2017.02.13 18:20:09.347,1.74532,1.74562,1.00,1.00
2017.02.13 18:20:09.979,1.74542,1.74562,1.00,1.00
2017.02.13 18:20:10.195,1.74542,1.74572,1.00,1.50
2017.02.13 18:20:10.246,1.74542,1.74568,1.00,1.00
2017.02.13 18:20:10.347,1.74542,1.7457,1.00,1.00
2017.02.13 18:20:10.592,1.74542,1.74575,1.00,1.00
2017.02.13 18:20:10.975,1.74542,1.74577,1.00,1.00
2017.02.13 18:20:11.216,1.74542,1.74579,1.12,1.00
2017.02.13 18:20:11.468,1.74542,1.74577,1.00,1.00
2017.02.13 18:20:12.505,1.74542,1.74574,1.00,1.00
2017.02.13 18:20:12.671,1.74542,1.74577,1.00,1.00
2017.02.13 18:20:13.021,1.74541,1.74573,1.00,1.87
2017.02.13 18:20:13.129,1.74531,1.74564,1.00,1.00
2017.02.13 18:20:13.281,1.74531,1.74562,1.00,1.00
2017.02.13 18:20:15.017,1.74531,1.74561,1.00,1.00
2017.02.13 18:20:15.478,1.74532,1.74559,1.00,1.00
2017.02.13 18:20:16.484,1.74532,1.7456,1.00,1.00
2017.02.13 18:20:17.700,1.74532,1.74562,1.00,1.00
2017.02.13 18:20:18.123,1.74541,1.74562,1.00,1.00
2017.02.13 18:20:18.244,1.74541,1.74565,1.00,1.00
2017.02.13 18:20:19.000,1.74541,1.74566,1.00,1.00
2017.02.13 18:20:25.776,1.74531,1.74566,1.00,1.00
2017.02.13 18:20:25.827,1.74542,1.74564,1.00,1.00
2017.02.13 18:20:26.681,1.74541,1.74565,1.00,1.00
2017.02.13 18:20:27.384,1.74541,1.74563,1.00,1.00
2017.02.13 18:20:28.373,1.74541,1.74561,1.00,1.00
2017.02.13 18:20:28.899,1.74532,1.74561,1.00,1.00
2017.02.13 18:20:29.475,1.74532,1.7456,1.00,1.00
2017.02.13 18:20:33.171,1.74532,1.74552,1.00,1.00
2017.02.13 18:20:33.222,1.74532,1.74555,1.00,1.00
2017.02.13 18:20:33.273,1.74532,1.74559,1.00,1.00
2017.02.13 18:20:33.821,1.74532,1.74561,1.00,1.00
2017.02.13 18:20:34.067,1.74532,1.74566,1.00,1.00
2017.02.13 18:20:35.511,1.74532,1.74561,1.00,1.00
2017.02.13 18:20:38.965,1.74532,1.74559,1.00,1.00
2017.02.13 18:20:39.167,1.74522,1.74555,1.00,1.00
2017.02.13 18:20:39.218,1.74522,1.74551,1.00,1.00
2017.02.13 18:20:39.586,1.74522,1.74549,1.00,1.00
2017.02.13 18:20:39.637,1.74512,1.74548,1.00,1.00
2017.02.13 18:20:40.123,1.74512,1.74546,1.00,1.00
2017.02.13 18:20:40.675,1.74512,1.7455,1.00,1.00
2017.02.13 18:20:40.726,1.74521,1.74548,1.00,1.00
2017.02.13 18:20:40.877,1.74521,1.74551,1.00,1.00
2017.02.13 18:20:41.029,1.74531,1.74552,1.00,1.00
2017.02.13 18:20:41.220,1.74522,1.7455,1.00,1.00
2017.02.13 18:20:41.820,1.74522,1.74549,1.00,1.00
2017.02.13 18:20:43.811,1.74521,1.74549,1.00,1.00
2017.02.13 18:20:43.863,1.74531,1.74549,1.00,1.00
2017.02.13 18:20:43.915,1.74532,1.74557,1.00,1.00
2017.02.13 18:20:43.966,1.74532,1.74552,1.00,1.00
2017.02.13 18:20:44.068,1.74521,1.74552,1.00,1.00
2017.02.13 18:20:44.169,1.74522,1.74548,1.00,1.00
2017.02.13 18:20:44.328,1.74512,1.74548,1.00,1.50
2017.02.13 18:20:44.380,1.74512,1.74542,1.00,1.00
2017.02.13 18:20:44.727,1.74512,1.74539,1.00,1.00
2017.02.13 18:20:45.604,1.74512,1.7454,1.00,1.00
2017.02.13 18:20:46.072,1.74512,1.74538,1.00,1.00
2017.02.13 18:20:47.772,1.74512,1.74539,1.00,1.00
2017.02.13 18:20:48.150,1.74511,1.74535,1.00,1.00
2017.02.13 18:20:48.200,1.74511,1.74537,1.00,1.00
2017.02.13 18:20:48.352,1.74511,1.7454,1.00,1.00
2017.02.13 18:20:48.454,1.74522,1.74542,1.00,1.00
2017.02.13 18:20:48.506,1.74522,1.74546,1.00,1.00
2017.02.13 18:20:48.657,1.74522,1.74548,1.00,1.00
2017.02.13 18:20:49.021,1.74522,1.74551,1.00,1.00
2017.02.13 18:20:49.071,1.74522,1.74548,1.00,1.00
2017.02.13 18:20:49.173,1.74522,1.74551,1.00,1.00
2017.02.13 18:20:49.224,1.74531,1.74547,1.00,1.00
2017.02.13 18:20:49.274,1.74531,1.74549,1.00,1.00
2017.02.13 18:20:49.476,1.74521,1.74554,1.00,1.00
2017.02.13 18:20:49.728,1.74531,1.74553,1.00,1.00
2017.02.13 18:20:49.830,1.74522,1.74555,1.00,1.00
2017.02.13 18:20:49.931,1.74522,1.74558,1.00,1.00
2017.02.13 18:20:50.120,1.74531,1.74558,1.00,1.00
2017.02.13 18:20:50.449,1.74531,1.74554,1.00,1.00
2017.02.13 18:20:50.651,1.74521,1.74552,1.00,1.00
2017.02.13 18:20:50.853,1.74522,1.74548,1.00,1.00
2017.02.13 18:20:51.156,1.74521,1.74544,1.00,1.00
2017.02.13 18:20:51.739,1.74521,1.74545,1.00,1.00
2017.02.13 18:20:52.287,1.74521,1.74544,1.00,1.00
2017.02.13 18:20:52.687,1.74521,1.74541,1.00,1.00
2017.02.13 18:20:54.072,1.74511,1.74541,1.00,1.00
2017.02.13 18:20:54.122,1.74511,1.74537,1.00,1.00
2017.02.13 18:20:54.569,1.74521,1.74538,1.00,1.00
2017.02.13 18:20:54.691,1.74521,1.74541,1.00,1.00
2017.02.13 18:20:54.792,1.74512,1.74541,1.00,1.00
2017.02.13 18:20:54.843,1.74512,1.74543,1.00,1.00
2017.02.13 18:20:55.981,1.74512,1.74542,1.00,1.00
2017.02.13 18:20:56.218,1.74511,1.7454,1.00,1.00
2017.02.13 18:20:56.470,1.74512,1.74542,1.00,1.00
2017.02.13 18:20:56.521,1.74521,1.74542,1.00,1.00
2017.02.13 18:20:56.622,1.74511,1.74542,1.00,1.00
2017.02.13 18:20:56.723,1.74511,1.7454,1.00,1.00
2017.02.13 18:20:56.775,1.74511,1.74542,1.00,1.00
2017.02.13 18:20:56.927,1.74511,1.7454,1.00,1.00
2017.02.13 18:20:57.230,1.74522,1.74547,1.00,1.00
2017.02.13 18:20:57.533,1.74521,1.74542,1.00,1.00
2017.02.13 18:20:57.934,1.74511,1.74542,1.00,1.00
2017.02.13 18:20:58.162,1.74521,1.74542,1.00,1.00
2017.02.13 18:20:58.913,1.74521,1.74543,1.00,1.00
2017.02.13 18:20:59.685,1.74512,1.74543,1.00,1.00
2017.02.13 18:21:00.069,1.74512,1.74539,1.00,1.00
2017.02.13 18:21:00.221,1.74502,1.74538,1.00,1.50
2017.02.13 18:21:00.272,1.74502,1.74534,1.00,1.00
2017.02.13 18:21:00.649,1.74502,1.74532,1.00,1.00
2017.02.13 18:21:01.191,1.74502,1.74533,1.00,1.00
2017.02.13 18:21:01.954,1.74511,1.74535,1.00,1.00
2017.02.13 18:21:02.005,1.74511,1.74537,1.00,1.00
2017.02.13 18:21:02.554,1.74511,1.74536,1.00,1.00
2017.02.13 18:21:02.952,1.74512,1.74539,1.00,1.00
2017.02.13 18:21:03.104,1.74512,1.74537,1.00,1.00
2017.02.13 18:21:03.436,1.74511,1.74535,1.00,1.00
2017.02.13 18:21:03.588,1.74511,1.74538,1.00,1.00
2017.02.13 18:21:04.198,1.74511,1.74539,1.00,1.00
2017.02.13 18:21:04.300,1.74511,1.74537,1.00,1.00
2017.02.13 18:21:04.721,1.74511,1.74539,1.00,1.00
2017.02.13 18:21:05.224,1.74511,1.7454,1.00,1.00
2017.02.13 18:21:05.506,1.74511,1.74535,1.00,1.00
2017.02.13 18:21:06.128,1.74511,1.74534,1.00,1.00
2017.02.13 18:21:07.031,1.74511,1.74538,1.00,1.50
2017.02.13 18:21:10.882,1.74511,1.74539,1.00,1.00
2017.02.13 18:21:11.644,1.74511,1.74538,1.00,1.00
2017.02.13 18:21:11.931,1.74511,1.74536,1.00,1.00
2017.02.13 18:21:12.079,1.74501,1.74536,1.00,1.00
2017.02.13 18:21:12.164,1.74501,1.74538,1.00,1.50
2017.02.13 18:21:12.471,1.74511,1.74538,1.00,1.50
2017.02.13 18:21:13.618,1.74511,1.74543,1.00,1.50
2017.02.13 18:21:15.296,1.74511,1.74544,1.00,1.00
2017.02.13 18:21:15.997,1.74511,1.74543,1.00,1.00
2017.02.13 18:21:19.300,1.74511,1.74546,1.00,1.00
2017.02.13 18:21:19.754,1.74522,1.74545,1.00,1.00
2017.02.13 18:21:19.805,1.74522,1.74547,1.00,1.00
2017.02.13 18:21:19.967,1.74511,1.74546,1.00,1.00
2017.02.13 18:21:21.622,1.74511,1.74547,1.00,1.00
2017.02.13 18:21:22.136,1.74511,1.74545,1.00,1.00
2017.02.13 18:21:23.084,1.74511,1.74546,1.00,1.00
2017.02.13 18:21:24.621,1.74511,1.74542,1.00,1.00
2017.02.13 18:21:28.446,1.74511,1.74544,1.00,1.00
2017.02.13 18:21:30.237,1.74522,1.74544,1.00,1.00
2017.02.13 18:21:30.543,1.74512,1.74544,1.00,1.00
2017.02.13 18:21:30.616,1.74512,1.74541,1.00,1.00
2017.02.13 18:21:30.767,1.74512,1.74544,1.00,1.00
2017.02.13 18:21:31.788,1.74512,1.74542,1.00,1.00
2017.02.13 18:21:31.892,1.74512,1.74544,1.00,1.00
2017.02.13 18:21:32.907,1.74512,1.74543,1.00,1.00
2017.02.13 18:21:34.644,1.74512,1.74545,1.00,1.00
2017.02.13 18:21:35.498,1.74512,1.74544,1.00,1.00
2017.02.13 18:21:36.642,1.74512,1.74543,1.00,1.00
2017.02.13 18:21:37.163,1.74511,1.7455,1.00,1.00
2017.02.13 18:21:37.264,1.74512,1.74546,1.00,1.00
2017.02.13 18:21:37.568,1.74511,1.74541,1.00,1.00
2017.02.13 18:21:37.669,1.74502,1.7454,1.12,1.00
2017.02.13 18:21:39.147,1.74511,1.7454,1.00,1.00
2017.02.13 18:21:39.652,1.74502,1.74543,1.00,1.50
2017.02.13 18:21:39.754,1.74501,1.7454,1.00,1.00
2017.02.13 18:21:40.102,1.74512,1.74537,1.00,1.00
2017.02.13 18:21:40.153,1.74501,1.74538,1.00,1.50
2017.02.13 18:21:40.344,1.74501,1.7454,1.00,1.50
2017.02.13 18:21:40.734,1.74511,1.7454,1.00,1.50
2017.02.13 18:21:41.357,1.74511,1.74538,1.00,1.00
2017.02.13 18:21:42.750,1.74511,1.7454,1.00,1.00
2017.02.13 18:21:42.801,1.74511,1.74545,1.00,1.00
2017.02.13 18:21:42.953,1.74512,1.74547,1.00,1.00
2017.02.13 18:21:43.520,1.74512,1.74548,1.00,1.00
2017.02.13 18:21:45.777,1.74512,1.74549,1.00,1.00
2017.02.13 18:21:46.373,1.74521,1.74549,1.00,1.00
2017.02.13 18:21:46.629,1.74511,1.74549,1.00,1.00
2017.02.13 18:21:47.474,1.74511,1.74548,1.00,1.50
2017.02.13 18:21:47.781,1.74511,1.74551,1.00,1.50
2017.02.13 18:21:48.723,1.74511,1.74549,1.00,1.00
2017.02.13 18:21:48.875,1.74501,1.74541,1.50,1.00
2017.02.13 18:21:48.926,1.74501,1.74539,1.00,1.00
2017.02.13 18:21:48.976,1.74501,1.74542,1.00,1.00
2017.02.13 18:21:49.256,1.74512,1.74541,1.00,1.00
2017.02.13 18:21:49.476,1.74511,1.74547,1.00,1.00
2017.02.13 18:21:49.528,1.74511,1.74549,1.00,1.00
2017.02.13 18:21:49.579,1.74511,1.74552,1.37,1.50
2017.02.13 18:21:49.708,1.74511,1.74552,1.37,1.50
2017.02.13 18:21:49.760,1.74521,1.74552,1.00,1.50
2017.02.13 18:21:50.232,1.74511,1.74551,1.00,1.50
2017.02.13 18:21:50.334,1.74511,1.74546,1.00,1.00
2017.02.13 18:21:50.990,1.74511,1.74547,1.00,1.50
2017.02.13 18:21:51.621,1.74512,1.74547,1.12,1.50
2017.02.13 18:21:51.672,1.74512,1.74549,1.12,1.00
2017.02.13 18:21:51.723,1.74512,1.74551,1.37,1.50
2017.02.13 18:21:52.242,1.74512,1.7455,1.00,1.00
2017.02.13 18:21:52.292,1.74512,1.74548,1.00,1.00
2017.02.13 18:21:53.334,1.74511,1.74547,1.00,1.12
2017.02.13 18:21:53.663,1.74511,1.74544,1.00,1.00
2017.02.13 18:21:54.097,1.74511,1.74547,1.00,1.00
2017.02.13 18:21:54.306,1.74511,1.74545,1.00,1.00
2017.02.13 18:21:54.611,1.74511,1.74543,1.00,1.00
2017.02.13 18:21:55.171,1.74511,1.74545,1.00,1.00
2017.02.13 18:21:56.620,1.74511,1.74543,1.00,1.00
2017.02.13 18:21:56.933,1.74511,1.74545,1.00,1.00
2017.02.13 18:21:57.771,1.74511,1.74546,1.00,1.50
2017.02.13 18:21:57.822,1.74501,1.74542,1.00,1.00
2017.02.13 18:21:58.416,1.74501,1.74545,1.50,1.00
2017.02.13 18:21:58.710,1.74501,1.74543,1.50,1.00
2017.02.13 18:22:01.728,1.74502,1.74544,1.00,1.00
2017.02.13 18:22:03.587,1.74501,1.74543,1.50,1.00
2017.02.13 18:22:03.975,1.74512,1.74547,1.00,1.00
2017.02.13 18:22:04.842,1.74512,1.74546,1.00,1.00
2017.02.13 18:22:05.470,1.74511,1.74543,1.00,1.00
2017.02.13 18:22:06.698,1.74511,1.74542,1.00,1.00
2017.02.13 18:22:07.289,1.74511,1.74544,1.00,1.00
2017.02.13 18:22:08.170,1.74511,1.74544,1.00,1.37
2017.02.13 18:22:08.857,1.74512,1.74544,1.00,1.37
2017.02.13 18:22:10.138,1.74512,1.74544,1.00,1.12
2017.02.13 18:22:10.996,1.74512,1.74543,1.00,1.12
2017.02.13 18:22:11.527,1.74511,1.74542,1.00,1.00
2017.02.13 18:22:12.768,1.74502,1.74542,1.00,1.00
2017.02.13 18:22:13.310,1.74502,1.74543,1.00,1.12
2017.02.13 18:22:13.763,1.74512,1.74543,1.00,1.37
2017.02.13 18:22:13.918,1.74501,1.74543,1.00,1.37
2017.02.13 18:22:15.566,1.74501,1.74543,1.00,1.00
2017.02.13 18:22:17.121,1.74501,1.74542,1.00,1.00
2017.02.13 18:22:17.669,1.74502,1.74543,1.00,1.00
2017.02.13 18:22:17.863,1.74512,1.74542,1.00,1.00
2017.02.13 18:22:17.964,1.74502,1.74542,1.00,1.00
2017.02.13 18:22:18.595,1.74502,1.74541,1.00,1.00
2017.02.13 18:22:25.741,1.74511,1.74541,1.00,1.00
2017.02.13 18:22:27.564,1.74511,1.74542,1.00,1.00
2017.02.13 18:22:27.729,1.74511,1.74546,1.00,1.00
2017.02.13 18:22:27.780,1.74511,1.74544,1.00,1.00
2017.02.13 18:22:28.999,1.74512,1.74544,1.00,1.00
2017.02.13 18:22:29.050,1.74512,1.74546,1.00,1.00
2017.02.13 18:22:29.107,1.74512,1.74544,1.00,1.00
2017.02.13 18:22:30.413,1.74512,1.74546,1.00,1.00
2017.02.13 18:22:31.511,1.74512,1.74549,1.00,1.12
2017.02.13 18:22:32.124,1.74512,1.74547,1.00,1.00
2017.02.13 18:22:32.225,1.74504,1.74546,1.00,1.12
2017.02.13 18:22:32.276,1.74502,1.74544,1.50,1.00
2017.02.13 18:22:32.824,1.74511,1.74543,1.00,1.00
2017.02.13 18:22:32.926,1.74502,1.74543,1.00,1.00
2017.02.13 18:22:32.977,1.74502,1.74545,1.00,1.00
2017.02.13 18:22:33.028,1.74502,1.74543,1.00,1.00
2017.02.13 18:22:33.352,1.74512,1.74547,1.00,1.12
2017.02.13 18:22:35.488,1.74512,1.74548,1.00,1.00
2017.02.13 18:22:36.256,1.74511,1.74548,1.00,1.00
2017.02.13 18:22:36.858,1.74512,1.74548,1.00,1.00
2017.02.13 18:22:37.618,1.74512,1.74549,1.00,1.00
2017.02.13 18:22:39.360,1.74512,1.7455,1.00,1.00
2017.02.13 18:22:39.663,1.74512,1.74548,1.00,1.00
2017.02.13 18:22:41.916,1.74512,1.7455,1.00,1.00
2017.02.13 18:22:44.084,1.74512,1.74549,1.00,1.00
2017.02.13 18:22:44.906,1.74512,1.74551,1.00,1.00
2017.02.13 18:22:45.158,1.74511,1.74548,1.00,1.00
2017.02.13 18:22:45.210,1.74511,1.74551,1.00,1.00
2017.02.13 18:22:45.994,1.74511,1.74552,1.00,1.12
2017.02.13 18:22:47.145,1.74511,1.7455,1.00,1.00
2017.02.13 18:22:47.447,1.74511,1.74547,1.00,1.00
2017.02.13 18:22:47.865,1.74512,1.74545,1.00,1.00
2017.02.13 18:22:48.168,1.74512,1.74547,1.00,1.00
2017.02.13 18:22:50.248,1.74512,1.74551,1.00,1.00
2017.02.13 18:22:50.299,1.74512,1.74548,1.00,1.00
2017.02.13 18:22:53.311,1.74511,1.7455,1.00,1.00
2017.02.13 18:22:53.903,1.74511,1.74552,1.00,1.50
2017.02.13 18:22:53.954,1.74511,1.7455,1.00,1.00
2017.02.13 18:22:54.511,1.74512,1.7455,1.00,1.00
2017.02.13 18:22:55.124,1.74512,1.74549,1.00,1.00
2017.02.13 18:22:55.670,1.74512,1.7455,1.00,1.00
2017.02.13 18:22:59.089,1.74511,1.7455,1.00,1.00
2017.02.13 18:23:00.038,1.74511,1.74549,1.00,1.00
2017.02.13 18:23:00.902,1.74512,1.74545,1.00,1.00
2017.02.13 18:23:01.205,1.74511,1.74548,1.00,1.00
2017.02.13 18:23:01.458,1.74512,1.74546,1.00,1.00
2017.02.13 18:23:02.459,1.74511,1.74546,1.00,1.00
2017.02.13 18:23:05.880,1.74511,1.74547,1.00,1.00
2017.02.13 18:23:06.442,1.74511,1.74546,1.00,1.00
2017.02.13 18:23:07.244,1.74511,1.74548,1.00,1.00
2017.02.13 18:23:07.752,1.74511,1.74545,1.00,1.00
2017.02.13 18:23:09.065,1.74511,1.74546,1.00,1.00
2017.02.13 18:23:09.613,1.74512,1.74547,1.00,1.00
2017.02.13 18:23:12.719,1.74522,1.74552,1.00,1.00
2017.02.13 18:23:13.022,1.74522,1.74556,1.00,1.00
2017.02.13 18:23:13.691,1.74522,1.74555,1.00,1.00
2017.02.13 18:23:13.912,1.74522,1.74551,1.00,1.00
2017.02.13 18:23:13.963,1.74522,1.74553,1.00,1.00
2017.02.13 18:23:14.847,1.74521,1.74554,1.00,1.00
2017.02.13 18:23:15.463,1.74521,1.74556,1.00,1.00
2017.02.13 18:23:15.719,1.74522,1.74553,1.00,1.00
2017.02.13 18:23:15.954,1.74522,1.74556,1.00,1.00
2017.02.13 18:23:16.878,1.74522,1.74555,1.00,1.00
2017.02.13 18:23:17.520,1.74522,1.74554,1.00,1.00
2017.02.13 18:23:17.622,1.74522,1.74556,1.00,1.00
2017.02.13 18:23:20.207,1.74522,1.74557,1.00,1.00
2017.02.13 18:23:20.258,1.74522,1.74559,1.00,1.00
2017.02.13 18:23:22.957,1.74522,1.74556,1.00,1.00
2017.02.13 18:23:23.290,1.74521,1.74554,1.00,1.00
2017.02.13 18:23:23.661,1.74521,1.74556,1.00,1.12
2017.02.13 18:23:23.914,1.74521,1.74554,1.00,1.00
2017.02.13 18:23:24.554,1.74521,1.74553,1.00,1.00
2017.02.13 18:23:24.606,1.74521,1.74555,1.00,1.12
2017.02.13 18:23:25.449,1.74512,1.74555,1.00,1.12
2017.02.13 18:23:33.443,1.74512,1.74554,1.00,1.00
2017.02.13 18:23:34.472,1.74512,1.74555,1.00,1.50
2017.02.13 18:23:35.160,1.74512,1.74554,1.00,1.00
2017.02.13 18:23:35.318,1.74522,1.74554,1.00,1.00
2017.02.13 18:23:35.995,1.74522,1.74555,1.00,1.00
2017.02.13 18:23:38.225,1.74512,1.74555,1.00,1.00
2017.02.13 18:23:40.282,1.74512,1.74546,1.00,1.00
2017.02.13 18:23:41.440,1.74511,1.74547,1.00,1.00
2017.02.13 18:23:41.922,1.74511,1.74543,1.00,1.00
2017.02.13 18:23:42.224,1.74511,1.7454,1.00,1.00
2017.02.13 18:23:49.517,1.74502,1.7454,1.00,1.00
2017.02.13 18:23:49.568,1.74502,1.74542,1.00,1.00
2017.02.13 18:23:57.754,1.74502,1.74543,1.00,1.00
2017.02.13 18:23:57.922,1.74512,1.74543,1.00,1.00
2017.02.13 18:24:00.132,1.74512,1.74544,1.00,1.00
2017.02.13 18:24:00.630,1.74512,1.74546,1.00,1.00
2017.02.13 18:24:01.581,1.74512,1.74547,1.00,1.00
2017.02.13 18:24:02.539,1.74512,1.74549,1.00,1.00
2017.02.13 18:24:04.256,1.74511,1.74549,1.00,1.00
2017.02.13 18:24:05.597,1.74511,1.74547,1.00,1.00
2017.02.13 18:24:09.891,1.74512,1.74547,1.00,1.00
2017.02.13 18:24:09.942,1.74512,1.74549,1.00,1.00
2017.02.13 18:24:09.993,1.74512,1.74546,1.00,1.00
2017.02.13 18:24:10.377,1.74512,1.74548,1.00,1.00
2017.02.13 18:24:15.575,1.74512,1.74547,1.00,1.00
2017.02.13 18:24:20.653,1.74512,1.74549,1.00,1.12
2017.02.13 18:24:22.016,1.74512,1.74549,1.00,1.37
2017.02.13 18:24:23.392,1.74512,1.74547,1.00,1.00
2017.02.13 18:24:27.143,1.74512,1.74545,1.00,1.00
2017.02.13 18:24:28.459,1.74512,1.74546,1.00,1.00
2017.02.13 18:24:28.957,1.74512,1.74548,1.00,1.00
2017.02.13 18:24:29.008,1.74512,1.7455,1.00,1.00
2017.02.13 18:24:29.158,1.74511,1.74552,1.00,1.00
2017.02.13 18:24:29.977,1.74512,1.74552,1.00,1.00
2017.02.13 18:24:30.805,1.74511,1.74552,1.00,1.00
2017.02.13 18:24:37.912,1.74512,1.74552,1.00,1.00
2017.02.13 18:24:42.016,1.74512,1.74553,1.00,1.00
2017.02.13 18:24:46.062,1.74511,1.74553,1.00,1.00
2017.02.13 18:24:46.132,1.74512,1.74551,1.00,1.00
2017.02.13 18:24:51.914,1.74512,1.74549,1.00,1.00
2017.02.13 18:24:52.116,1.74512,1.74551,1.00,1.00
2017.02.13 18:24:52.772,1.74512,1.74552,1.00,1.00
2017.02.13 18:24:55.877,1.74512,1.74553,1.00,1.50
2017.02.13 18:25:00.561,1.74512,1.74552,1.00,1.00
2017.02.13 18:25:01.112,1.74512,1.74553,1.00,1.50
2017.02.13 18:25:01.765,1.74511,1.74553,1.50,1.50
2017.02.13 18:25:03.774,1.74522,1.74553,1.00,1.50
2017.02.13 18:25:04.718,1.74522,1.74552,1.00,1.00
2017.02.13 18:25:04.865,1.74511,1.74552,1.00,1.00
2017.02.13 18:25:05.067,1.74511,1.7455,1.00,1.00
2017.02.13 18:25:05.973,1.74511,1.74549,1.00,1.00
2017.02.13 18:25:06.612,1.74511,1.74552,1.00,1.00
2017.02.13 18:25:06.663,1.74511,1.7455,1.00,1.00
2017.02.13 18:25:06.714,1.74511,1.74552,1.00,1.00
2017.02.13 18:25:07.719,1.74511,1.74553,1.00,1.00
2017.02.13 18:25:07.966,1.74512,1.74551,1.00,1.00
2017.02.13 18:25:08.264,1.74512,1.74553,1.00,1.00
2017.02.13 18:25:09.918,1.74511,1.74553,1.00,1.00
2017.02.13 18:25:15.209,1.74511,1.7455,1.00,1.00
2017.02.13 18:25:15.310,1.74511,1.74552,1.00,1.00
2017.02.13 18:25:15.573,1.74511,1.74554,1.00,1.00
2017.02.13 18:25:15.721,1.74511,1.74552,1.00,1.00
2017.02.13 18:25:17.165,1.74512,1.74551,1.00,1.00
2017.02.13 18:25:21.106,1.74512,1.7455,1.00,1.00
2017.02.13 18:25:21.741,1.74511,1.74551,1.00,1.00
2017.02.13 18:25:22.980,1.74512,1.74554,1.50,1.00
2017.02.13 18:25:23.135,1.74522,1.74554,1.00,1.00
2017.02.13 18:25:24.064,1.74512,1.74554,1.00,1.00
2017.02.13 18:25:24.287,1.74522,1.74554,1.00,1.00
2017.02.13 18:25:25.565,1.74522,1.74557,1.00,1.37
2017.02.13 18:25:25.828,1.74513,1.74555,1.00,1.00
2017.02.13 18:25:26.352,1.74512,1.74554,1.00,1.00
2017.02.13 18:25:26.882,1.74521,1.74554,1.00,1.00
2017.02.13 18:25:27.973,1.74521,1.74555,1.00,1.00
2017.02.13 18:25:29.831,1.74521,1.74556,1.00,1.00
2017.02.13 18:25:31.677,1.74522,1.74558,1.00,1.50
2017.02.13 18:25:32.140,1.74521,1.74562,1.00,1.37
2017.02.13 18:25:32.681,1.74521,1.74562,1.00,1.00
2017.02.13 18:25:40.266,1.74521,1.74559,1.00,1.00
2017.02.13 18:25:40.813,1.74522,1.74559,1.00,1.00
2017.02.13 18:25:41.116,1.74522,1.74557,1.00,1.00
2017.02.13 18:25:41.696,1.74522,1.74559,1.00,1.00
2017.02.13 18:25:42.225,1.74522,1.7456,1.00,1.00
2017.02.13 18:25:43.155,1.74522,1.74559,1.00,1.00
2017.02.13 18:25:43.205,1.74521,1.74557,1.00,1.00
2017.02.13 18:25:43.256,1.74521,1.74559,1.00,1.00
2017.02.13 18:25:45.910,1.74522,1.74559,1.00,1.00
2017.02.13 18:25:48.118,1.74521,1.74559,1.00,1.00
2017.02.13 18:25:49.533,1.74515,1.74557,1.00,1.00
2017.02.13 18:25:49.821,1.74522,1.74557,1.00,1.00
2017.02.13 18:25:50.413,1.74522,1.74558,1.00,1.00
2017.02.13 18:25:59.157,1.74522,1.74557,1.00,1.00
2017.02.13 18:25:59.640,1.74512,1.74554,1.00,1.00
2017.02.13 18:25:59.792,1.74511,1.74548,1.00,1.00
2017.02.13 18:26:00.314,1.74511,1.74547,1.00,1.00
2017.02.13 18:26:00.735,1.74522,1.74552,1.00,1.00
2017.02.13 18:26:00.837,1.74522,1.74555,1.00,1.00
2017.02.13 18:26:01.089,1.74521,1.74558,1.00,1.50
2017.02.13 18:26:01.908,1.74522,1.74558,1.00,1.12
2017.02.13 18:26:03.166,1.74522,1.74556,1.00,1.00
2017.02.13 18:26:04.463,1.74514,1.74556,1.00,1.00
2017.02.13 18:26:04.565,1.74522,1.74557,1.00,1.00
2017.02.13 18:26:07.082,1.74522,1.74556,1.00,1.00
2017.02.13 18:26:07.234,1.74512,1.74556,1.50,1.00
2017.02.13 18:26:09.115,1.74512,1.74555,1.00,1.00
2017.02.13 18:26:13.286,1.74512,1.74552,1.00,1.00
2017.02.13 18:26:13.656,1.74511,1.7455,1.00,1.00
2017.02.13 18:26:16.883,1.74511,1.74548,1.00,1.00
2017.02.13 18:26:17.118,1.74503,1.74547,1.37,1.00
2017.02.13 18:26:17.676,1.74505,1.74547,1.00,1.00
2017.02.13 18:26:18.270,1.74506,1.74548,1.00,1.00
2017.02.13 18:26:20.092,1.74504,1.74548,1.00,1.12
2017.02.13 18:26:20.193,1.74512,1.74548,1.00,1.12
2017.02.13 18:26:20.395,1.74506,1.7455,1.00,1.12
2017.02.13 18:26:20.446,1.74512,1.74548,1.00,1.00
2017.02.13 18:26:20.749,1.74511,1.7454,1.00,1.00
2017.02.13 18:26:21.292,1.74502,1.74537,1.00,1.00
2017.02.13 18:26:21.343,1.74502,1.74535,1.00,1.00
2017.02.13 18:26:21.667,1.74511,1.74532,1.00,1.00
2017.02.13 18:26:22.020,1.74511,1.74535,1.00,1.00
2017.02.13 18:26:22.122,1.74501,1.74535,1.00,1.00
2017.02.13 18:26:23.312,1.74501,1.74532,1.00,1.00
2017.02.13 18:26:29.661,1.74501,1.74536,1.00,1.00
2017.02.13 18:26:29.712,1.74501,1.74534,1.00,1.00
2017.02.13 18:26:29.813,1.74502,1.74536,1.00,1.00
2017.02.13 18:26:30.272,1.74502,1.74532,1.00,1.00
2017.02.13 18:26:30.575,1.74502,1.74529,1.00,1.00
2017.02.13 18:26:30.726,1.74502,1.74532,1.00,1.00
2017.02.13 18:26:30.878,1.74502,1.74529,1.00,1.00
2017.02.13 18:26:30.929,1.74502,1.74531,1.00,1.00
2017.02.13 18:26:31.113,1.74502,1.74529,1.00,1.00
2017.02.13 18:26:32.042,1.74502,1.74531,1.00,1.00
2017.02.13 18:26:32.733,1.74502,1.74528,1.00,1.00
2017.02.13 18:26:32.835,1.74491,1.74525,1.00,1.00
2017.02.13 18:26:33.138,1.74491,1.74523,1.00,1.00
2017.02.13 18:26:35.554,1.74491,1.74521,1.00,1.00
2017.02.13 18:26:35.863,1.74482,1.74518,1.37,1.00
2017.02.13 18:26:35.914,1.74482,1.74515,1.00,1.00
2017.02.13 18:26:36.218,1.74481,1.74508,1.00,1.00
2017.02.13 18:26:36.646,1.74491,1.74508,1.00,1.00
2017.02.13 18:26:36.747,1.74491,1.74515,1.00,1.00
2017.02.13 18:26:36.933,1.74491,1.74513,1.00,1.00
2017.02.13 18:26:36.984,1.74482,1.7451,1.00,1.00
2017.02.13 18:26:37.388,1.74482,1.74508,1.00,1.00
2017.02.13 18:26:37.923,1.74481,1.74507,1.00,1.00
2017.02.13 18:26:39.764,1.74482,1.74507,1.00,1.00
2017.02.13 18:26:39.815,1.74482,1.7451,1.00,1.00
2017.02.13 18:26:39.916,1.74482,1.74515,1.37,1.00
2017.02.13 18:26:39.967,1.74482,1.74516,1.00,1.00
2017.02.13 18:26:40.068,1.74482,1.74514,1.00,1.00
2017.02.13 18:26:40.596,1.74482,1.74515,1.00,1.00
2017.02.13 18:26:41.305,1.74482,1.74514,1.00,1.00
2017.02.13 18:26:41.608,1.74482,1.74509,1.00,1.00
2017.02.13 18:26:42.131,1.74482,1.74511,1.00,1.00
2017.02.13 18:26:42.422,1.74481,1.74513,1.00,1.00
2017.02.13 18:26:42.724,1.74481,1.74509,1.00,1.00
2017.02.13 18:26:46.694,1.74481,1.7451,1.00,1.00
2017.02.13 18:26:47.638,1.74482,1.74508,1.00,1.00
2017.02.13 18:26:48.145,1.74482,1.74509,1.00,1.00
2017.02.13 18:26:48.974,1.74482,1.7451,1.00,1.00
2017.02.13 18:26:50.803,1.74482,1.74508,1.00,1.00
2017.02.13 18:26:55.926,1.74482,1.7451,1.00,1.00
2017.02.13 18:27:00.568,1.74481,1.7451,1.00,1.00
2017.02.13 18:27:00.872,1.74481,1.74513,1.00,1.00
2017.02.13 18:27:01.058,1.74481,1.74509,1.00,1.00
2017.02.13 18:27:01.145,1.74481,1.74511,1.00,1.00
2017.02.13 18:27:04.030,1.74482,1.74511,1.00,1.00
2017.02.13 18:27:04.134,1.74482,1.74508,1.00,1.00
2017.02.13 18:27:04.185,1.74482,1.74511,1.00,1.00
2017.02.13 18:27:04.916,1.74481,1.74512,1.00,1.00
2017.02.13 18:27:06.392,1.74481,1.74513,1.00,1.00
2017.02.13 18:27:06.543,1.74492,1.74513,1.00,1.00
2017.02.13 18:27:06.645,1.74492,1.74517,1.00,1.00
2017.02.13 18:27:07.622,1.74492,1.74516,1.00,1.00
2017.02.13 18:27:08.351,1.74492,1.74515,1.00,1.00
2017.02.13 18:27:08.984,1.74492,1.74513,1.00,1.00
2017.02.13 18:27:09.054,1.74481,1.74513,1.00,1.00
2017.02.13 18:27:16.057,1.74491,1.74513,1.00,1.00
2017.02.13 18:27:16.526,1.74491,1.74517,1.00,1.00
2017.02.13 18:27:17.721,1.74491,1.74518,1.00,1.00
2017.02.13 18:27:20.085,1.74491,1.74524,1.00,1.00
2017.02.13 18:27:20.237,1.74491,1.74527,1.00,1.00
2017.02.13 18:27:21.008,1.74491,1.74526,1.00,1.00
2017.02.13 18:27:22.241,1.74492,1.74524,1.00,1.00
2017.02.13 18:27:26.466,1.74492,1.74521,1.00,1.00
2017.02.13 18:27:26.974,1.74492,1.74523,1.00,1.00
2017.02.13 18:27:27.722,1.74492,1.74525,1.00,1.37
2017.02.13 18:27:30.777,1.74492,1.74525,1.00,1.37
2017.02.13 18:27:30.879,1.74491,1.74524,1.00,1.37
2017.02.13 18:27:31.101,1.74502,1.74535,1.00,1.12
2017.02.13 18:27:31.236,1.74502,1.74536,1.00,1.37
2017.02.13 18:27:31.756,1.74502,1.74535,1.00,1.87
2017.02.13 18:27:31.958,1.74491,1.74533,1.50,1.37
2017.02.13 18:27:32.009,1.74502,1.74532,1.00,1.87
2017.02.13 18:27:32.217,1.74492,1.74529,1.00,1.37
2017.02.13 18:27:35.231,1.74501,1.7453,1.00,1.37
2017.02.13 18:27:35.282,1.74501,1.74529,1.00,1.37
2017.02.13 18:27:35.384,1.74501,1.74532,1.00,1.37
2017.02.13 18:27:35.434,1.74501,1.74531,1.00,1.37
2017.02.13 18:27:36.505,1.74501,1.74532,1.00,1.37
2017.02.13 18:27:36.556,1.74491,1.74532,1.50,1.37
2017.02.13 18:27:38.961,1.74492,1.74532,1.00,1.37
2017.02.13 18:27:39.266,1.74501,1.74532,1.00,1.37
2017.02.13 18:27:39.318,1.74491,1.74532,1.50,1.37
2017.02.13 18:27:39.755,1.74491,1.74532,1.50,1.37
2017.02.13 18:27:41.203,1.74501,1.74532,1.00,1.37
2017.02.13 18:27:41.416,1.74501,1.74532,1.00,1.00
2017.02.13 18:27:41.517,1.74501,1.74538,1.00,1.00
2017.02.13 18:27:41.568,1.74511,1.74541,1.00,1.00
2017.02.13 18:27:41.872,1.74511,1.74544,1.00,1.37
2017.02.13 18:27:41.973,1.74512,1.74545,1.00,1.37
2017.02.13 18:27:42.499,1.74511,1.74548,1.00,1.37
2017.02.13 18:27:42.550,1.74512,1.74545,1.00,1.37
2017.02.13 18:27:42.853,1.74503,1.74545,1.00,1.37
2017.02.13 18:27:42.904,1.74504,1.74546,1.00,1.37
2017.02.13 18:27:43.005,1.74503,1.74545,1.00,1.37
2017.02.13 18:27:43.056,1.74503,1.74547,1.37,1.00
2017.02.13 18:27:43.157,1.74511,1.74547,1.00,1.00
2017.02.13 18:27:43.770,1.74511,1.74548,1.00,1.00
2017.02.13 18:27:48.749,1.74505,1.74549,1.00,1.00
2017.02.13 18:27:48.800,1.74503,1.74547,1.37,1.00
2017.02.13 18:27:49.973,1.74501,1.74545,1.87,1.00
2017.02.13 18:27:50.295,1.74501,1.74542,1.00,1.00
2017.02.13 18:27:50.497,1.74501,1.74545,1.50,1.00
2017.02.13 18:27:50.850,1.74503,1.74545,1.00,1.00
2017.02.13 18:27:51.483,1.74501,1.74545,1.87,1.00
2017.02.13 18:27:52.961,1.74502,1.74545,1.00,1.00
2017.02.13 18:27:54.375,1.74502,1.74543,1.00,1.00
2017.02.13 18:27:54.697,1.74495,1.74537,1.87,1.00
2017.02.13 18:27:54.748,1.74495,1.74537,1.50,1.00
2017.02.13 18:27:55.021,1.74499,1.74539,1.87,1.00
2017.02.13 18:27:55.072,1.74499,1.74541,2.62,1.00
2017.02.13 18:27:55.123,1.74499,1.74541,1.00,1.00
2017.02.13 18:27:55.497,1.74497,1.74539,1.37,1.00
2017.02.13 18:27:56.009,1.74496,1.7454,1.37,1.00
2017.02.13 18:27:56.694,1.74496,1.74538,1.37,1.00
2017.02.13 18:27:57.472,1.74499,1.74541,1.00,1.00
2017.02.13 18:27:58.867,1.74496,1.7454,1.37,1.00
2017.02.13 18:28:00.257,1.74499,1.74541,1.00,1.00
2017.02.13 18:28:00.913,1.74497,1.74541,1.37,1.00
2017.02.13 18:28:03.168,1.74495,1.74539,1.37,1.00
2017.02.13 18:28:03.349,1.74493,1.74537,1.37,1.00
2017.02.13 18:28:03.840,1.74495,1.74539,1.00,1.00
2017.02.13 18:28:04.462,1.74496,1.7454,1.00,1.00
2017.02.13 18:28:05.859,1.74495,1.74539,1.00,1.00
2017.02.13 18:28:05.909,1.74495,1.74537,1.00,1.00
2017.02.13 18:28:08.055,1.74495,1.74539,1.00,1.00
2017.02.13 18:28:08.721,1.74496,1.7454,1.00,1.00
2017.02.13 18:28:08.772,1.74501,1.74545,1.00,1.37
2017.02.13 18:28:08.923,1.74502,1.74545,1.00,1.00
2017.02.13 18:28:09.209,1.74501,1.74543,1.50,1.00
2017.02.13 18:28:09.834,1.74502,1.74544,1.00,1.00
2017.02.13 18:28:10.036,1.74505,1.74549,1.00,1.12
2017.02.13 18:28:10.137,1.74508,1.7455,1.00,1.00
2017.02.13 18:28:10.595,1.74505,1.74549,1.12,1.00
2017.02.13 18:28:11.065,1.74505,1.74549,1.37,1.00
2017.02.13 18:28:13.133,1.74508,1.7455,1.37,1.00
2017.02.13 18:28:13.639,1.74508,1.7455,1.37,1.00
2017.02.13 18:28:16.224,1.74512,1.7455,1.00,1.00
2017.02.13 18:28:16.275,1.74512,1.74553,1.00,1.00
2017.02.13 18:28:16.427,1.74509,1.74553,1.37,1.00
2017.02.13 18:28:17.073,1.74509,1.74553,2.62,1.00
2017.02.13 18:28:17.614,1.74512,1.74554,1.87,1.00
2017.02.13 18:28:20.389,1.74512,1.74554,1.87,1.00
2017.02.13 18:28:20.541,1.74509,1.74551,1.12,1.00
2017.02.13 18:28:20.693,1.74511,1.74551,1.00,1.00
2017.02.13 18:28:20.794,1.74507,1.74549,1.12,1.00
2017.02.13 18:28:21.022,1.74513,1.74555,1.37,1.00
2017.02.13 18:28:21.187,1.74513,1.74557,1.37,1.00
2017.02.13 18:28:21.594,1.74517,1.74559,1.37,1.00
2017.02.13 18:28:21.838,1.74515,1.74557,1.37,1.00
2017.02.13 18:28:21.939,1.74515,1.74559,1.37,1.00
2017.02.13 18:28:21.990,1.74514,1.74556,1.37,1.00
2017.02.13 18:28:22.041,1.74514,1.74556,1.00,1.00
2017.02.13 18:28:22.450,1.74511,1.74553,1.87,1.00
2017.02.13 18:28:23.692,1.74511,1.74552,1.00,1.00
2017.02.13 18:28:24.014,1.74521,1.74562,1.00,1.00
2017.02.13 18:28:24.317,1.74521,1.74565,1.87,1.00
2017.02.13 18:28:24.368,1.74524,1.74568,1.00,1.37
2017.02.13 18:28:24.570,1.74522,1.74566,1.12,1.00
2017.02.13 18:28:25.991,1.74522,1.74565,1.12,1.00
2017.02.13 18:28:27.797,1.74522,1.74564,1.12,1.00
2017.02.13 18:28:27.945,1.74521,1.74562,1.87,1.00
2017.02.13 18:28:29.066,1.74521,1.74562,1.87,1.00
2017.02.13 18:28:30.010,1.74521,1.74563,1.37,1.00
2017.02.13 18:28:31.244,1.74524,1.74563,1.00,1.00
2017.02.13 18:28:31.346,1.74521,1.74562,1.00,1.00
2017.02.13 18:28:31.935,1.74521,1.74562,1.37,1.00
2017.02.13 18:28:32.532,1.74521,1.74563,1.87,1.50
2017.02.13 18:28:32.662,1.74521,1.74563,1.50,1.50
2017.02.13 18:28:32.864,1.74521,1.74561,1.00,1.00
2017.02.13 18:28:33.066,1.74522,1.74564,1.37,1.00
2017.02.13 18:28:33.117,1.74522,1.74566,1.12,1.50
2017.02.13 18:28:33.275,1.74521,1.74563,1.87,1.50
2017.02.13 18:28:33.852,1.74521,1.74564,1.37,1.50
2017.02.13 18:28:34.395,1.74521,1.74565,1.87,1.50
2017.02.13 18:28:34.728,1.74522,1.74561,1.00,1.00
2017.02.13 18:28:35.132,1.74522,1.74563,1.00,1.00
2017.02.13 18:28:35.729,1.74522,1.7456,1.00,1.50
2017.02.13 18:28:36.270,1.74521,1.7456,1.00,1.50
2017.02.13 18:28:36.623,1.74522,1.74557,1.00,1.00
2017.02.13 18:28:36.716,1.74522,1.74563,1.00,1.50
2017.02.13 18:28:37.460,1.74522,1.74562,1.00,1.00
2017.02.13 18:28:37.944,1.74522,1.74559,1.00,1.00
2017.02.13 18:28:38.457,1.74522,1.7456,1.00,1.50
2017.02.13 18:28:38.800,1.74522,1.74557,1.00,1.00
2017.02.13 18:28:39.729,1.74522,1.74558,1.00,1.00
2017.02.13 18:28:40.238,1.74522,1.74559,1.00,1.00
2017.02.13 18:28:41.326,1.74516,1.74559,1.12,1.00
2017.02.13 18:28:41.377,1.74521,1.74559,1.00,1.00
2017.02.13 18:28:41.478,1.74521,1.74561,1.00,1.50
2017.02.13 18:28:42.176,1.74521,1.74562,1.00,1.00
2017.02.13 18:28:43.418,1.74522,1.74562,1.00,1.00
2017.02.13 18:28:46.466,1.74521,1.74562,1.00,1.00
2017.02.13 18:28:47.805,1.74521,1.74561,1.00,1.00
2017.02.13 18:28:49.015,1.74522,1.7456,1.00,1.00
2017.02.13 18:28:49.523,1.74522,1.74561,1.00,1.00
2017.02.13 18:28:51.991,1.74522,1.74562,1.00,1.00
2017.02.13 18:28:53.128,1.74522,1.74561,1.00,1.00
2017.02.13 18:28:53.229,1.74522,1.74559,1.00,1.00
2017.02.13 18:28:53.531,1.74522,1.74557,1.00,1.00
2017.02.13 18:28:53.758,1.74514,1.74555,1.00,1.00
2017.02.13 18:28:54.322,1.74514,1.74556,1.00,1.00
2017.02.13 18:28:55.203,1.74522,1.74556,1.00,1.50
2017.02.13 18:28:55.925,1.74522,1.74555,1.00,1.00
2017.02.13 18:28:56.027,1.74522,1.74557,1.00,1.00
2017.02.13 18:28:56.142,1.74514,1.74557,1.00,1.00
2017.02.13 18:28:56.452,1.74521,1.74557,1.00,1.00
2017.02.13 18:28:56.966,1.74521,1.74551,1.00,1.00
2017.02.13 18:28:57.017,1.74512,1.74551,1.00,1.00
2017.02.13 18:28:57.584,1.74511,1.74551,1.00,1.00
2017.02.13 18:28:58.279,1.74511,1.7455,1.00,1.00
2017.02.13 18:28:59.171,1.74511,1.74549,1.00,1.00
2017.02.13 18:28:59.515,1.74511,1.74546,1.00,1.00
2017.02.13 18:29:00.216,1.74512,1.74546,1.00,1.00
2017.02.13 18:29:00.430,1.74522,1.74557,1.00,1.00
2017.02.13 18:29:00.632,1.74512,1.74556,2.62,1.00
2017.02.13 18:29:00.784,1.74512,1.74554,1.37,1.00
2017.02.13 18:29:01.182,1.74511,1.74552,1.37,1.00
2017.02.13 18:29:01.727,1.74512,1.74553,1.37,1.00
2017.02.13 18:29:03.417,1.74522,1.74553,1.00,1.00
2017.02.13 18:29:04.004,1.74513,1.74555,2.62,1.00
2017.02.13 18:29:04.251,1.74515,1.74556,1.37,1.00
2017.02.13 18:29:04.887,1.74522,1.74556,1.00,1.00
2017.02.13 18:29:05.484,1.74522,1.74557,1.00,1.00
2017.02.13 18:29:06.059,1.74522,1.74556,1.00,1.00
2017.02.13 18:29:07.157,1.74522,1.74557,1.00,1.50
2017.02.13 18:29:07.997,1.74522,1.74556,1.00,1.00
2017.02.13 18:29:09.336,1.74522,1.74558,1.00,1.00
2017.02.13 18:29:09.387,1.74522,1.7456,1.00,1.00
2017.02.13 18:29:09.437,1.74521,1.74563,1.37,1.00
2017.02.13 18:29:09.740,1.74531,1.74567,1.00,1.00
2017.02.13 18:29:12.050,1.74531,1.74566,1.00,1.00
2017.02.13 18:29:12.220,1.74522,1.74559,1.00,1.00
2017.02.13 18:29:12.271,1.74522,1.74562,1.00,1.00
2017.02.13 18:29:12.321,1.74522,1.7456,1.00,1.00
2017.02.13 18:29:14.171,1.74522,1.74559,1.00,1.00
2017.02.13 18:29:15.261,1.74522,1.7456,1.00,1.00
2017.02.13 18:29:19.660,1.74522,1.74559,1.00,1.00
2017.02.13 18:29:19.966,1.74522,1.74555,1.00,1.00
2017.02.13 18:29:20.472,1.74522,1.74556,1.00,1.00
2017.02.13 18:29:21.063,1.74514,1.74556,1.37,1.00
2017.02.13 18:29:21.147,1.74512,1.74554,1.50,1.00
2017.02.13 18:29:21.451,1.74514,1.74556,1.00,1.50
2017.02.13 18:29:21.794,1.74522,1.74556,1.00,1.50
2017.02.13 18:29:21.845,1.74512,1.74552,1.12,1.00
2017.02.13 18:29:21.946,1.74512,1.74554,1.87,1.00
2017.02.13 18:29:22.249,1.74521,1.74557,1.00,1.00
2017.02.13 18:29:22.951,1.74521,1.74558,1.00,1.00
2017.02.13 18:29:23.002,1.74521,1.74561,1.00,1.00
2017.02.13 18:29:25.050,1.74521,1.7456,1.00,1.00
2017.02.13 18:29:25.208,1.74521,1.74562,1.00,1.00
2017.02.13 18:29:26.060,1.74521,1.74563,1.00,1.12
2017.02.13 18:29:27.231,1.74521,1.74561,1.00,1.00
2017.02.13 18:29:29.495,1.74517,1.74561,1.50,1.00
2017.02.13 18:29:29.815,1.74517,1.74559,1.00,1.00
2017.02.13 18:29:30.617,1.74516,1.74558,1.00,1.00
2017.02.13 18:29:33.903,1.74518,1.7456,1.00,1.00
2017.02.13 18:29:34.171,1.74516,1.7456,1.50,1.00
2017.02.13 18:29:35.243,1.74516,1.7456,1.37,1.00
2017.02.13 18:29:35.765,1.74518,1.7456,1.37,1.00
2017.02.13 18:29:36.272,1.74517,1.74559,1.37,1.00
2017.02.13 18:29:36.854,1.74517,1.74559,1.12,1.00
2017.02.13 18:29:38.764,1.74523,1.74567,1.37,1.00
2017.02.13 18:29:39.278,1.74523,1.74567,1.37,1.00
2017.02.13 18:29:40.111,1.74522,1.74566,1.87,1.00
2017.02.13 18:29:40.659,1.74522,1.74566,1.87,1.00
2017.02.13 18:29:42.052,1.74522,1.74566,1.50,1.00
2017.02.13 18:29:42.103,1.74522,1.74563,1.00,1.00
2017.02.13 18:29:42.531,1.74521,1.74561,1.37,1.00
2017.02.13 18:29:43.199,1.74521,1.74562,1.37,1.00
2017.02.13 18:29:43.610,1.74521,1.74562,1.00,1.00
2017.02.13 18:29:43.661,1.74521,1.74558,1.00,1.00
2017.02.13 18:29:44.163,1.74517,1.74559,1.37,1.00
2017.02.13 18:29:45.996,1.74521,1.74559,1.00,1.00
2017.02.13 18:29:46.148,1.74521,1.74561,1.00,1.00
2017.02.13 18:29:46.250,1.74521,1.74564,1.37,1.00
2017.02.13 18:29:46.300,1.74521,1.74564,1.37,1.00
2017.02.13 18:29:47.087,1.74521,1.74565,1.87,1.00
2017.02.13 18:29:47.138,1.74521,1.74562,1.37,1.00
2017.02.13 18:29:47.465,1.74521,1.7456,1.00,1.00
2017.02.13 18:29:47.787,1.74515,1.74559,1.37,1.00
2017.02.13 18:29:47.838,1.74521,1.74559,1.00,1.00
2017.02.13 18:29:48.235,1.74521,1.74557,1.00,1.00
2017.02.13 18:29:50.435,1.74521,1.74556,1.00,1.00
2017.02.13 18:29:50.757,1.74521,1.7456,1.37,1.00
2017.02.13 18:29:50.959,1.74522,1.7456,1.00,1.00
2017.02.13 18:29:51.212,1.74522,1.74554,1.00,1.00
2017.02.13 18:29:51.287,1.74512,1.74552,1.00,1.00
2017.02.13 18:29:51.591,1.74512,1.74554,1.37,1.00
2017.02.13 18:29:52.091,1.74512,1.74554,1.37,1.00
2017.02.13 18:29:52.701,1.74512,1.74555,1.37,1.00
2017.02.13 18:29:53.243,1.74521,1.74555,1.00,1.00
2017.02.13 18:29:53.460,1.74512,1.74551,1.37,1.00
2017.02.13 18:29:53.561,1.74512,1.7455,1.00,1.00
2017.02.13 18:29:53.662,1.74512,1.74548,1.00,1.00
2017.02.13 18:29:54.285,1.74512,1.74547,1.00,1.00
2017.02.13 18:29:54.386,1.74512,1.7455,1.12,1.00
2017.02.13 18:29:54.908,1.74512,1.74552,1.37,1.00
2017.02.13 18:29:55.413,1.74512,1.74551,1.37,1.00
2017.02.13 18:29:57.137,1.74511,1.74553,1.37,1.00
2017.02.13 18:29:57.252,1.74521,1.74553,1.00,1.00
2017.02.13 18:29:57.454,1.74511,1.74553,1.87,1.00
2017.02.13 18:29:57.505,1.74511,1.74553,1.87,1.00
2017.02.13 18:29:57.556,1.74522,1.74553,1.00,1.00
2017.02.13 18:29:57.607,1.74512,1.74554,1.37,1.50
2017.02.13 18:29:57.657,1.74512,1.74554,1.37,1.50
2017.02.13 18:29:57.961,1.74521,1.74557,1.00,1.37
2017.02.13 18:29:58.469,1.74522,1.74557,1.12,1.37
2017.02.13 18:29:58.520,1.74522,1.74559,1.12,1.00
2017.02.13 18:29:59.892,1.74522,1.7456,1.37,1.00
2017.02.13 18:29:59.994,1.74522,1.7456,1.37,1.00
2017.02.13 18:30:00.247,1.74532,1.74567,1.00,1.00
2017.02.13 18:30:00.619,1.74532,1.74564,1.00,1.00
2017.02.13 18:30:00.805,1.74522,1.74562,1.37,1.00
2017.02.13 18:30:00.856,1.74532,1.74564,1.00,1.00
2017.02.13 18:30:01.284,1.74532,1.74566,1.00,1.00
2017.02.13 18:30:01.385,1.74522,1.74565,1.37,1.00
2017.02.13 18:30:02.071,1.74523,1.74565,1.37,1.00
2017.02.13 18:30:02.292,1.74522,1.74563,1.00,1.00
2017.02.13 18:30:02.393,1.74522,1.74556,1.00,1.00
2017.02.13 18:30:02.545,1.74511,1.74555,1.87,1.00
2017.02.13 18:30:02.596,1.74511,1.74555,1.50,1.12
2017.02.13 18:30:02.647,1.74511,1.74553,1.00,1.00
2017.02.13 18:30:03.625,1.74511,1.74552,1.00,1.00
2017.02.13 18:30:03.934,1.74521,1.74553,1.00,1.00
2017.02.13 18:30:04.463,1.74511,1.74553,1.50,1.00
2017.02.13 18:30:04.750,1.74511,1.74551,1.00,1.00
2017.02.13 18:30:05.093,1.74511,1.7455,1.00,1.37
2017.02.13 18:30:05.195,1.74511,1.74552,1.00,1.00
2017.02.13 18:30:05.246,1.74511,1.7455,1.00,1.00
2017.02.13 18:30:05.965,1.74511,1.74549,1.00,1.00
2017.02.13 18:30:06.449,1.74501,1.74539,1.00,1.00
2017.02.13 18:30:07.306,1.74501,1.74538,1.00,1.00
2017.02.13 18:30:07.832,1.74494,1.74538,1.12,1.00
2017.02.13 18:30:07.933,1.74502,1.74537,1.00,1.00
2017.02.13 18:30:09.135,1.74502,1.74536,1.00,1.00
2017.02.13 18:30:09.663,1.74501,1.74536,1.00,1.00
2017.02.13 18:30:10.079,1.74492,1.74536,1.87,1.00
2017.02.13 18:30:10.129,1.74492,1.74534,1.87,1.00
2017.02.13 18:30:10.462,1.74502,1.74534,1.00,1.00
2017.02.13 18:30:11.015,1.74501,1.74534,1.00,1.00
2017.02.13 18:30:11.960,1.74502,1.74534,1.00,1.00
2017.02.13 18:30:12.117,1.74502,1.74536,1.00,1.00
2017.02.13 18:30:13.557,1.74501,1.74537,1.00,1.00
2017.02.13 18:30:13.659,1.74493,1.74537,1.37,1.00
2017.02.13 18:30:14.487,1.74491,1.74535,1.50,1.12
2017.02.13 18:30:15.293,1.74491,1.74533,1.50,1.00
2017.02.13 18:30:16.018,1.74491,1.74532,1.00,1.00
2017.02.13 18:30:16.598,1.74491,1.74527,1.00,1.00
2017.02.13 18:30:16.649,1.74492,1.74529,1.00,1.00
2017.02.13 18:30:17.767,1.74491,1.74529,1.00,1.00
2017.02.13 18:30:17.825,1.74491,1.74531,1.00,1.00
2017.02.13 18:30:17.927,1.74502,1.74532,1.00,1.00
2017.02.13 18:30:18.079,1.74502,1.74534,1.00,1.00
2017.02.13 18:30:18.180,1.74502,1.74536,1.00,1.00
2017.02.13 18:30:19.144,1.74501,1.74537,1.00,1.00
2017.02.13 18:30:19.662,1.74501,1.74533,1.00,1.00
2017.02.13 18:30:19.763,1.74491,1.74533,1.00,1.00
2017.02.13 18:30:19.814,1.74491,1.74531,1.00,1.00
2017.02.13 18:30:20.374,1.74491,1.7453,1.00,1.00
2017.02.13 18:30:22.354,1.74491,1.74532,1.00,1.00
2017.02.13 18:30:24.163,1.74491,1.74531,1.00,1.00
2017.02.13 18:30:24.912,1.74491,1.7453,1.00,1.00
2017.02.13 18:30:29.560,1.74491,1.74528,1.00,1.00
2017.02.13 18:30:33.043,1.74492,1.74528,1.00,1.00
2017.02.13 18:30:33.592,1.74492,1.7453,1.00,1.00
2017.02.13 18:30:36.293,1.74492,1.74529,1.00,1.00
2017.02.13 18:30:36.581,1.74492,1.74522,1.00,1.00
2017.02.13 18:30:36.631,1.74492,1.74526,1.00,1.87
2017.02.13 18:30:37.218,1.74491,1.74526,1.00,1.12
2017.02.13 18:30:38.368,1.74491,1.74527,1.00,1.00
2017.02.13 18:30:38.469,1.74491,1.74531,1.00,1.00
2017.02.13 18:30:38.819,1.74502,1.74531,1.00,1.00
2017.02.13 18:30:39.662,1.74492,1.74522,1.00,1.00
2017.02.13 18:30:39.713,1.74492,1.74528,1.00,1.37
2017.02.13 18:30:39.764,1.74491,1.74523,1.00,1.12
2017.02.13 18:30:39.866,1.74482,1.74522,1.00,1.12
2017.02.13 18:30:40.017,1.74492,1.74522,1.00,1.00
2017.02.13 18:30:40.273,1.74492,1.74526,1.00,1.00
2017.02.13 18:30:41.220,1.74492,1.74527,1.00,1.00
2017.02.13 18:30:41.373,1.74492,1.74531,1.00,1.00
2017.02.13 18:30:41.525,1.74492,1.74533,1.00,1.12
2017.02.13 18:30:41.626,1.74501,1.74533,1.00,1.00
2017.02.13 18:30:44.013,1.74502,1.74533,1.00,1.00
2017.02.13 18:30:44.343,1.74492,1.74525,1.00,1.00
2017.02.13 18:30:44.696,1.74492,1.74523,1.00,1.00
2017.02.13 18:30:45.166,1.74492,1.74526,1.00,1.37
2017.02.13 18:30:45.318,1.74491,1.7453,1.00,1.00
2017.02.13 18:30:45.369,1.74501,1.74532,1.00,1.50
2017.02.13 18:30:46.041,1.74501,1.74531,1.00,1.00
2017.02.13 18:30:47.359,1.74491,1.74531,1.00,1.12
2017.02.13 18:30:47.460,1.74491,1.7453,1.00,1.37
2017.02.13 18:30:49.433,1.74491,1.7453,1.00,1.37
2017.02.13 18:30:49.736,1.74482,1.74521,1.00,1.00
2017.02.13 18:30:50.411,1.74481,1.74521,1.00,1.00
2017.02.13 18:30:50.613,1.74482,1.74518,1.00,1.00
2017.02.13 18:30:51.418,1.74492,1.74517,1.00,1.00
2017.02.13 18:30:53.062,1.74481,1.74517,1.00,1.00
2017.02.13 18:30:55.472,1.74481,1.74518,1.00,1.00
2017.02.13 18:30:58.231,1.74481,1.74516,1.00,1.00
2017.02.13 18:31:00.495,1.74481,1.74517,1.00,1.00
2017.02.13 18:31:04.179,1.74481,1.74519,1.00,1.00
2017.02.13 18:31:04.546,1.74481,1.74517,1.00,1.00
2017.02.13 18:31:05.669,1.74481,1.74515,1.00,1.00
2017.02.13 18:31:06.616,1.74482,1.74514,1.00,1.00
2017.02.13 18:31:07.030,1.74472,1.74513,1.00,1.12
2017.02.13 18:31:07.399,1.74472,1.74515,1.37,1.00
2017.02.13 18:31:07.702,1.74481,1.74515,1.00,1.00
2017.02.13 18:31:08.003,1.74471,1.74514,1.12,1.00
2017.02.13 18:31:08.181,1.74481,1.74514,1.00,1.00
2017.02.13 18:31:08.232,1.74481,1.74516,1.00,1.00
2017.02.13 18:31:08.779,1.74481,1.74517,1.00,1.00
2017.02.13 18:31:09.948,1.74481,1.74516,1.00,1.00
2017.02.13 18:31:10.696,1.74481,1.74514,1.00,1.00
2017.02.13 18:31:10.797,1.74481,1.74516,1.00,1.00
2017.02.13 18:31:11.621,1.74481,1.74515,1.00,1.00
2017.02.13 18:31:12.684,1.74471,1.74515,1.50,1.00
2017.02.13 18:31:12.882,1.74473,1.74515,1.00,1.00
2017.02.13 18:31:13.638,1.74471,1.74515,1.50,1.00
2017.02.13 18:31:14.238,1.74481,1.74512,1.00,1.00
2017.02.13 18:31:14.289,1.74481,1.74516,1.00,1.00
2017.02.13 18:31:14.388,1.74492,1.74517,1.00,1.00
2017.02.13 18:31:14.439,1.74492,1.7452,1.00,1.00
2017.02.13 18:31:14.541,1.74482,1.7452,1.00,1.00
2017.02.13 18:31:15.019,1.74491,1.74525,1.00,1.00
2017.02.13 18:31:15.070,1.74491,1.74528,1.12,1.00
2017.02.13 18:31:15.172,1.74491,1.74532,1.12,1.00
2017.02.13 18:31:15.223,1.74491,1.74534,1.12,1.00
2017.02.13 18:31:15.324,1.74491,1.74535,1.87,1.00
2017.02.13 18:31:15.627,1.74502,1.74539,1.00,1.00
2017.02.13 18:31:15.930,1.74501,1.74537,1.00,1.00
2017.02.13 18:31:16.234,1.74502,1.74535,1.00,1.00
2017.02.13 18:31:16.540,1.74502,1.74533,1.00,1.00
2017.02.13 18:31:17.047,1.74501,1.74533,1.00,1.00
2017.02.13 18:31:17.407,1.74491,1.74533,1.50,1.00
2017.02.13 18:31:17.530,1.74491,1.74529,1.00,1.00
2017.02.13 18:31:17.682,1.74491,1.74531,1.00,1.00
2017.02.13 18:31:17.733,1.74491,1.74535,1.50,1.00
2017.02.13 18:31:17.834,1.74502,1.74538,1.00,1.00
2017.02.13 18:31:18.023,1.74502,1.74541,1.00,1.00
2017.02.13 18:31:18.861,1.74501,1.74541,1.00,1.00
2017.02.13 18:31:19.562,1.74502,1.74541,1.00,1.00
2017.02.13 18:31:20.721,1.74501,1.74541,1.00,1.00
2017.02.13 18:31:22.127,1.74496,1.7454,1.00,1.00
2017.02.13 18:31:22.615,1.74494,1.74538,1.00,1.00
2017.02.13 18:31:22.928,1.74501,1.74538,1.00,1.00
2017.02.13 18:31:23.017,1.74494,1.74538,1.12,1.00
2017.02.13 18:31:23.117,1.74502,1.74538,1.00,1.00
2017.02.13 18:31:23.454,1.74501,1.74536,1.00,1.00
2017.02.13 18:31:23.505,1.74501,1.74538,1.00,1.00
2017.02.13 18:31:23.607,1.74501,1.7454,1.00,1.00
2017.02.13 18:31:23.962,1.74502,1.74539,1.00,1.37
2017.02.13 18:31:24.582,1.74502,1.74539,1.00,1.00
2017.02.13 18:31:27.780,1.74502,1.74538,1.00,1.00
2017.02.13 18:31:28.572,1.74502,1.74536,1.00,1.00
2017.02.13 18:31:29.280,1.74501,1.74536,1.00,1.00
2017.02.13 18:31:36.242,1.74501,1.74535,1.00,1.00
2017.02.13 18:31:36.847,1.74501,1.74538,1.00,1.37
2017.02.13 18:31:37.050,1.74502,1.74534,1.00,1.00
2017.02.13 18:31:37.556,1.74502,1.74533,1.00,1.00
2017.02.13 18:31:37.708,1.74491,1.74532,1.00,1.00
2017.02.13 18:31:38.998,1.74491,1.74533,1.00,1.12
2017.02.13 18:31:42.998,1.74491,1.74533,1.87,1.00
2017.02.13 18:31:43.315,1.74501,1.74534,1.00,1.00
2017.02.13 18:31:44.053,1.74492,1.74533,1.00,1.00
2017.02.13 18:31:45.710,1.74492,1.74531,1.00,1.00
2017.02.13 18:31:46.061,1.74492,1.74532,1.37,1.00
2017.02.13 18:31:46.145,1.74492,1.74534,1.00,1.00
2017.02.13 18:31:46.197,1.74492,1.74533,1.00,1.37
2017.02.13 18:31:47.114,1.74492,1.74531,1.00,1.37
2017.02.13 18:31:47.998,1.74492,1.74529,1.00,1.00
2017.02.13 18:31:48.525,1.74492,1.74531,1.00,1.37
2017.02.13 18:31:48.677,1.74492,1.74532,1.00,1.00
2017.02.13 18:31:48.778,1.74492,1.74534,1.00,1.00
2017.02.13 18:31:49.151,1.74501,1.74534,1.00,1.12
2017.02.13 18:31:49.325,1.74491,1.74532,1.00,1.00
2017.02.13 18:31:50.518,1.74502,1.74532,1.00,1.00
2017.02.13 18:31:51.466,1.74502,1.74529,1.00,1.00
2017.02.13 18:31:51.984,1.74502,1.74533,1.00,1.00
2017.02.13 18:31:52.035,1.74502,1.74535,1.00,1.00
2017.02.13 18:31:55.182,1.74502,1.74536,1.00,1.00
2017.02.13 18:31:56.281,1.74502,1.74538,1.00,1.00
2017.02.13 18:31:56.382,1.74501,1.7454,1.00,1.12
2017.02.13 18:31:56.655,1.74501,1.74542,1.00,1.00
2017.02.13 18:31:57.035,1.74501,1.7454,1.00,1.00
2017.02.13 18:32:00.022,1.74501,1.74539,1.00,1.00
2017.02.13 18:32:00.431,1.74502,1.74537,1.00,1.00
2017.02.13 18:32:00.483,1.74502,1.74541,1.00,1.00
2017.02.13 18:32:00.842,1.74502,1.74538,1.00,1.00
2017.02.13 18:32:02.816,1.74501,1.74538,1.00,1.00
2017.02.13 18:32:03.343,1.74501,1.74539,1.00,1.00
2017.02.13 18:32:05.161,1.74501,1.74537,1.00,1.00
2017.02.13 18:32:06.001,1.74501,1.74536,1.00,1.00
2017.02.13 18:32:06.684,1.74492,1.74528,1.00,1.00
2017.02.13 18:32:06.754,1.74492,1.74527,1.00,1.37
2017.02.13 18:32:07.057,1.74502,1.74537,1.00,1.37
2017.02.13 18:32:07.469,1.74502,1.74534,1.00,1.37
2017.02.13 18:32:08.365,1.74491,1.74533,1.00,1.12
2017.02.13 18:32:09.181,1.74492,1.7453,1.00,1.00
2017.02.13 18:32:09.774,1.74492,1.74529,1.00,1.00
2017.02.13 18:32:09.990,1.74492,1.74532,1.00,1.00
2017.02.13 18:32:10.546,1.74492,1.74533,1.00,1.00
2017.02.13 18:32:10.661,1.74502,1.74536,1.00,1.37
2017.02.13 18:32:10.762,1.74502,1.74538,1.00,1.12
2017.02.13 18:32:10.813,1.74502,1.74535,1.00,1.00
2017.02.13 18:32:12.002,1.74502,1.74534,1.00,1.00
2017.02.13 18:32:12.283,1.74502,1.74536,1.00,1.12
2017.02.13 18:32:12.845,1.74501,1.74536,1.00,1.00
2017.02.13 18:32:13.127,1.74495,1.74537,1.37,1.00
2017.02.13 18:32:13.178,1.74492,1.74535,1.87,1.00
2017.02.13 18:32:13.229,1.74491,1.74532,1.00,1.37
2017.02.13 18:32:13.280,1.74491,1.74529,1.00,1.00
2017.02.13 18:32:13.602,1.74501,1.74532,1.00,1.00
2017.02.13 18:32:13.934,1.74501,1.7453,1.00,1.00
2017.02.13 18:32:14.760,1.74491,1.74529,1.00,1.00
2017.02.13 18:32:14.861,1.74502,1.74531,1.00,1.00
2017.02.13 18:32:15.054,1.74501,1.74539,1.00,1.50
2017.02.13 18:32:15.156,1.74512,1.74543,1.00,1.37
2017.02.13 18:32:15.206,1.74512,1.74543,1.00,1.00
2017.02.13 18:32:15.307,1.74512,1.74541,1.00,1.00
2017.02.13 18:32:15.358,1.74502,1.74539,1.00,1.00
2017.02.13 18:32:15.459,1.74502,1.74537,1.00,1.00
2017.02.13 18:32:15.961,1.74501,1.74537,1.00,1.00
2017.02.13 18:32:16.651,1.74501,1.7454,1.00,1.00
2017.02.13 18:32:17.152,1.74501,1.74539,1.00,1.00
2017.02.13 18:32:17.430,1.74501,1.74537,1.00,1.00
2017.02.13 18:32:18.684,1.74501,1.74538,1.00,1.00
2017.02.13 18:32:18.785,1.74501,1.74541,1.00,1.00
2017.02.13 18:32:18.836,1.74501,1.74543,1.00,1.00
2017.02.13 18:32:20.316,1.74502,1.74543,1.00,1.00
2017.02.13 18:32:21.698,1.74502,1.74541,1.00,1.00
2017.02.13 18:32:24.138,1.74502,1.74543,1.00,1.00
2017.02.13 18:32:24.294,1.74501,1.7454,1.00,1.00
2017.02.13 18:32:24.446,1.74501,1.74542,1.00,1.00
2017.02.13 18:32:29.113,1.74501,1.7454,1.00,1.00
2017.02.13 18:32:29.416,1.74501,1.74536,1.00,1.00
2017.02.13 18:32:31.310,1.74501,1.74537,1.00,1.12
2017.02.13 18:32:33.493,1.74493,1.74537,1.00,1.12
2017.02.13 18:32:34.856,1.74502,1.74537,1.00,1.00
2017.02.13 18:32:40.658,1.74502,1.74532,1.00,1.00
2017.02.13 18:32:40.961,1.74492,1.7453,1.00,1.00
2017.02.13 18:32:45.690,1.74492,1.74529,1.00,1.00
2017.02.13 18:32:48.704,1.74487,1.74529,1.00,1.00
2017.02.13 18:32:52.468,1.74486,1.74533,1.12,1.12
2017.02.13 18:32:52.519,1.74493,1.74535,1.87,1.12
2017.02.13 18:32:52.772,1.74494,1.74538,1.00,1.50
2017.02.13 18:32:52.822,1.74496,1.74538,1.00,1.50
2017.02.13 18:32:53.365,1.74495,1.74537,1.00,1.00
2017.02.13 18:32:53.715,1.74488,1.74529,1.00,1.50
2017.02.13 18:32:53.766,1.74484,1.74526,1.00,1.00
2017.02.13 18:32:53.918,1.74484,1.74528,1.00,1.50
2017.02.13 18:32:53.969,1.74484,1.74526,1.00,1.00
2017.02.13 18:32:54.498,1.74482,1.74524,1.00,1.00
2017.02.13 18:32:55.253,1.74486,1.74527,1.87,1.00
2017.02.13 18:32:55.304,1.74487,1.74529,1.00,1.00
2017.02.13 18:32:55.861,1.74486,1.74528,1.50,1.50
2017.02.13 18:33:00.845,1.74494,1.74536,1.37,1.37
2017.02.13 18:33:01.308,1.74492,1.74535,1.00,1.00
2017.02.13 18:33:02.193,1.74492,1.74533,1.00,1.00
2017.02.13 18:33:02.294,1.7449,1.74533,1.00,1.00
2017.02.13 18:33:02.483,1.7449,1.7453,1.00,1.37
2017.02.13 18:33:02.534,1.74485,1.74528,1.50,1.12
2017.02.13 18:33:02.635,1.74485,1.74525,1.00,1.00
2017.02.13 18:33:02.686,1.74482,1.74524,1.50,1.00
2017.02.13 18:33:03.234,1.74482,1.74526,1.50,1.00
2017.02.13 18:33:03.335,1.74486,1.74528,1.37,1.00
2017.02.13 18:33:03.660,1.74489,1.74528,1.00,1.00
2017.02.13 18:33:03.862,1.74485,1.74527,1.00,1.00
2017.02.13 18:33:04.014,1.74487,1.74531,1.00,1.37
2017.02.13 18:33:04.149,1.74486,1.74528,1.00,1.00
2017.02.13 18:33:04.684,1.74489,1.74531,1.00,1.00
2017.02.13 18:33:04.735,1.74489,1.74533,1.87,1.00
2017.02.13 18:33:04.786,1.74489,1.74531,1.50,1.00
2017.02.13 18:33:05.201,1.74488,1.74528,1.50,1.00
2017.02.13 18:33:05.821,1.74487,1.74528,1.00,1.00
2017.02.13 18:33:06.124,1.74497,1.74539,1.37,1.37
2017.02.13 18:33:06.175,1.74499,1.74539,1.37,1.00
2017.02.13 18:33:06.327,1.74499,1.74541,1.37,1.00
2017.02.13 18:33:06.378,1.74499,1.74541,1.00,1.00
2017.02.13 18:33:06.536,1.74497,1.74541,1.00,1.00
2017.02.13 18:33:06.708,1.74497,1.74539,1.00,1.00
2017.02.13 18:33:06.759,1.74495,1.74539,1.00,1.00
2017.02.13 18:33:07.194,1.74499,1.74541,1.00,1.00
2017.02.13 18:33:08.064,1.74499,1.74543,1.00,1.00
2017.02.13 18:33:10.581,1.74497,1.74541,1.00,1.00
2017.02.13 18:33:10.920,1.74499,1.74541,1.00,1.00
2017.02.13 18:33:11.223,1.74502,1.74547,1.37,1.00
2017.02.13 18:33:12.072,1.74505,1.74548,1.00,1.00
2017.02.13 18:33:15.683,1.74504,1.74546,1.37,1.00
2017.02.13 18:33:16.572,1.74504,1.74546,1.00,1.00
2017.02.13 18:33:16.897,1.74501,1.74543,1.12,1.00
2017.02.13 18:33:17.201,1.74506,1.7455,1.12,1.00
2017.02.13 18:33:17.400,1.74506,1.74548,1.00,1.00
2017.02.13 18:33:17.704,1.74529,1.74568,1.00,1.75
2017.02.13 18:33:17.755,1.74526,1.74568,1.12,1.37
2017.02.13 18:33:17.806,1.74526,1.74568,1.12,1.00
2017.02.13 18:33:18.008,1.74523,1.74566,1.00,1.00
2017.02.13 18:33:18.109,1.74521,1.74563,1.37,1.00
2017.02.13 18:33:18.457,1.74516,1.74558,1.37,1.00
2017.02.13 18:33:18.507,1.74521,1.74563,1.12,1.00
2017.02.13 18:33:18.653,1.74519,1.74561,1.37,1.00
2017.02.13 18:33:19.267,1.74516,1.7456,1.37,1.00
2017.02.13 18:33:20.012,1.74516,1.7456,1.37,1.00
2017.02.13 18:33:22.619,1.74516,1.7456,1.37,1.00
2017.02.13 18:33:22.923,1.74535,1.74575,1.00,1.00
2017.02.13 18:33:23.074,1.74532,1.74573,1.00,1.00
2017.02.13 18:33:24.135,1.74534,1.74572,1.00,1.00
2017.02.13 18:33:24.236,1.74532,1.74571,1.00,1.00
2017.02.13 18:33:24.566,1.74527,1.74567,1.12,1.00
2017.02.13 18:33:25.093,1.74528,1.74568,1.00,1.00
2017.02.13 18:33:26.796,1.74528,1.74567,1.00,1.00
2017.02.13 18:33:26.947,1.74525,1.74567,1.00,1.00
2017.02.13 18:33:26.998,1.74525,1.74565,1.00,1.00
2017.02.13 18:33:32.339,1.74529,1.74569,1.00,1.00
2017.02.13 18:33:32.642,1.74538,1.74577,1.00,1.00
2017.02.13 18:33:33.162,1.74537,1.74576,1.00,1.00
2017.02.13 18:33:33.498,1.74536,1.74574,1.00,1.00
2017.02.13 18:33:34.067,1.74535,1.74574,1.00,1.00
2017.02.13 18:33:34.813,1.74535,1.74575,1.00,1.00
2017.02.13 18:33:35.477,1.74536,1.74575,1.00,1.00
2017.02.13 18:33:35.948,1.74534,1.74574,1.00,1.00
2017.02.13 18:33:36.449,1.74535,1.74579,1.37,1.50
2017.02.13 18:33:36.753,1.74558,1.74601,1.87,1.75
2017.02.13 18:33:36.804,1.74557,1.74601,1.37,1.75
2017.02.13 18:33:36.905,1.74559,1.74598,1.12,1.00
2017.02.13 18:33:37.192,1.74555,1.74597,1.37,1.00
2017.02.13 18:33:37.400,1.74557,1.74599,1.00,1.00
2017.02.13 18:33:37.552,1.74555,1.74598,1.12,1.00
2017.02.13 18:33:38.324,1.74555,1.74597,1.12,1.00
2017.02.13 18:33:39.535,1.74555,1.74597,1.37,1.00
2017.02.13 18:33:41.284,1.74557,1.74599,1.00,1.00
2017.02.13 18:33:42.289,1.74557,1.74599,1.37,1.00
2017.02.13 18:33:42.883,1.74557,1.74601,1.87,1.00
2017.02.13 18:33:43.972,1.74557,1.74601,1.87,1.00
2017.02.13 18:33:44.744,1.74556,1.74598,1.87,1.00
2017.02.13 18:33:45.852,1.74556,1.74598,1.37,1.00
2017.02.13 18:33:46.160,1.74556,1.74598,1.37,1.00
2017.02.13 18:33:46.211,1.74556,1.746,1.37,1.00
2017.02.13 18:33:47.466,1.74556,1.746,1.37,1.00
2017.02.13 18:33:47.567,1.74555,1.74599,1.37,1.50
2017.02.13 18:33:47.669,1.74553,1.74595,1.87,1.00
2017.02.13 18:33:48.217,1.74552,1.74594,1.37,1.00
2017.02.13 18:33:48.268,1.74552,1.74596,1.37,1.00
2017.02.13 18:33:48.319,1.74552,1.74596,1.37,1.00
2017.02.13 18:33:48.622,1.74555,1.74597,1.37,1.00
2017.02.13 18:33:49.884,1.74555,1.74597,1.37,1.00
2017.02.13 18:33:51.026,1.74552,1.74596,1.37,1.00
2017.02.13 18:33:53.092,1.74552,1.74588,1.37,1.00
2017.02.13 18:33:54.427,1.74552,1.74596,1.37,1.00
2017.02.13 18:33:57.357,1.74553,1.74597,1.37,1.00
2017.02.13 18:33:57.555,1.74553,1.74597,1.37,1.00
2017.02.13 18:33:57.606,1.74552,1.74594,1.37,1.00
2017.02.13 18:33:58.378,1.74552,1.74596,1.37,1.00
2017.02.13 18:33:58.610,1.74552,1.74594,1.37,1.00
2017.02.13 18:34:00.150,1.74551,1.74593,1.87,1.00
2017.02.13 18:34:00.663,1.74552,1.74594,1.37,1.00
2017.02.13 18:34:04.270,1.7455,1.74592,1.37,1.00
2017.02.13 18:34:04.820,1.74549,1.74593,1.37,1.00
2017.02.13 18:34:06.023,1.7455,1.74592,1.37,1.00
2017.02.13 18:34:08.207,1.7455,1.74592,1.37,1.00
2017.02.13 18:34:08.308,1.74547,1.74591,1.37,1.00
2017.02.13 18:34:08.359,1.74545,1.74589,1.37,1.00
2017.02.13 18:34:09.595,1.74544,1.74588,1.37,1.00
2017.02.13 18:34:09.839,1.74544,1.74588,1.37,1.00
2017.02.13 18:34:09.890,1.74542,1.74586,1.37,1.00
2017.02.13 18:34:10.193,1.74537,1.74579,1.37,1.00
2017.02.13 18:34:10.422,1.74538,1.74582,1.37,1.00
2017.02.13 18:34:10.524,1.74538,1.7458,1.37,1.00
2017.02.13 18:34:10.726,1.7454,1.74582,1.37,1.00
2017.02.13 18:34:10.827,1.74537,1.74579,1.37,1.00
2017.02.13 18:34:10.979,1.74535,1.74579,1.37,1.00
2017.02.13 18:34:12.132,1.74535,1.74577,1.37,1.00
2017.02.13 18:34:12.528,1.74535,1.7458,1.37,1.00
2017.02.13 18:34:13.276,1.74535,1.74579,1.37,1.00
2017.02.13 18:34:14.122,1.74527,1.74569,1.87,1.00
2017.02.13 18:34:14.172,1.7453,1.74574,1.87,1.00
2017.02.13 18:34:14.223,1.74535,1.74568,1.00,1.00
2017.02.13 18:34:14.325,1.74537,1.74576,1.12,1.00
2017.02.13 18:34:14.426,1.74537,1.74578,1.50,1.12
2017.02.13 18:34:14.477,1.74538,1.7458,1.37,1.50
2017.02.13 18:34:15.119,1.74542,1.74579,1.00,1.00
2017.02.13 18:34:15.745,1.7454,1.74579,1.12,1.50
2017.02.13 18:34:16.890,1.7454,1.74579,1.37,1.50
2017.02.13 18:34:22.752,1.74537,1.74576,1.37,1.00
2017.02.13 18:34:22.904,1.74534,1.74575,1.00,1.00
2017.02.13 18:34:22.954,1.74532,1.74573,1.12,1.00
2017.02.13 18:34:23.610,1.74531,1.74572,1.37,1.00
2017.02.13 18:34:24.463,1.74531,1.74572,1.12,1.00
2017.02.13 18:34:25.223,1.74532,1.74572,1.37,1.00
2017.02.13 18:34:25.614,1.74533,1.74574,1.37,1.00
2017.02.13 18:34:25.766,1.74537,1.74576,1.00,1.00
2017.02.13 18:34:25.867,1.74538,1.74577,1.37,1.00
2017.02.13 18:34:25.918,1.74538,1.74579,1.37,1.00
2017.02.13 18:34:25.969,1.74539,1.74581,1.37,1.00
2017.02.13 18:34:26.398,1.74545,1.74585,1.87,1.00
2017.02.13 18:34:26.501,1.74548,1.74588,1.12,1.37
2017.02.13 18:34:26.602,1.74551,1.74589,1.00,1.00
2017.02.13 18:34:26.812,1.74551,1.74591,1.00,1.00
2017.02.13 18:34:26.913,1.74551,1.74589,1.00,1.00
2017.02.13 18:34:28.014,1.74551,1.74591,1.00,1.00
2017.02.13 18:34:28.166,1.74547,1.74591,1.87,1.00
2017.02.13 18:34:28.268,1.74551,1.74593,1.37,1.00
2017.02.13 18:34:31.616,1.74551,1.74593,1.00,1.00
2017.02.13 18:34:31.908,1.74549,1.74591,1.37,1.00
2017.02.13 18:34:32.501,1.74549,1.74593,1.37,1.00
2017.02.13 18:34:33.511,1.74548,1.74592,1.37,1.00
2017.02.13 18:34:34.178,1.7455,1.74592,1.37,1.00
2017.02.13 18:34:35.942,1.7455,1.74592,1.37,1.00
2017.02.13 18:34:37.075,1.74548,1.74592,1.37,1.00
2017.02.13 18:34:40.895,1.74549,1.74593,1.37,1.00
2017.02.13 18:34:42.298,1.74548,1.74592,1.37,1.00
2017.02.13 18:34:42.732,1.74548,1.7459,1.37,1.00
2017.02.13 18:34:44.287,1.74549,1.74591,1.37,1.00
2017.02.13 18:34:46.258,1.74547,1.74589,1.37,1.00
2017.02.13 18:34:47.230,1.74547,1.74589,1.37,1.50
2017.02.13 18:34:47.410,1.74549,1.74591,1.37,1.00
2017.02.13 18:34:47.949,1.74548,1.7459,1.37,1.00
2017.02.13 18:34:49.327,1.74548,1.74588,1.37,1.00
2017.02.13 18:34:51.025,1.74548,1.74589,1.37,1.00
2017.02.13 18:34:52.628,1.74548,1.74589,1.37,1.00
2017.02.13 18:34:56.704,1.74546,1.74588,1.37,1.50
2017.02.13 18:34:56.805,1.74548,1.74586,1.37,1.00
2017.02.13 18:34:56.856,1.74548,1.74588,1.37,1.00
2017.02.13 18:34:58.180,1.74548,1.74589,1.37,1.00
2017.02.13 18:34:58.489,1.74555,1.74596,1.37,1.00
2017.02.13 18:34:58.542,1.74555,1.74596,1.37,1.00
2017.02.13 18:34:59.276,1.74554,1.74596,1.00,1.50
2017.02.13 18:34:59.327,1.74547,1.74589,1.37,1.50
2017.02.13 18:34:59.630,1.74543,1.74586,1.37,1.00
2017.02.13 18:34:59.988,1.74543,1.74584,1.37,1.00
2017.02.13 18:35:00.388,1.74543,1.74586,1.37,1.00
2017.02.13 18:35:00.501,1.74543,1.74584,1.37,1.00
2017.02.13 18:35:01.306,1.74543,1.74584,1.37,1.00
2017.02.13 18:35:02.541,1.74543,1.74584,1.37,1.00
2017.02.13 18:35:04.632,1.74543,1.74584,1.37,1.00
2017.02.13 18:35:04.683,1.74546,1.74584,1.00,1.00
2017.02.13 18:35:04.734,1.74538,1.74582,1.37,1.00
2017.02.13 18:35:04.785,1.74537,1.74581,1.37,1.00
2017.02.13 18:35:05.004,1.74536,1.74579,1.37,1.00
2017.02.13 18:35:05.102,1.74543,1.7458,1.37,1.00
2017.02.13 18:35:05.153,1.74542,1.74581,1.12,1.00
2017.02.13 18:35:05.255,1.74536,1.74578,1.12,1.50
2017.02.13 18:35:05.560,1.74534,1.74576,1.37,1.50
2017.02.13 18:35:06.065,1.74532,1.74574,1.37,1.00
2017.02.13 18:35:06.607,1.74532,1.74574,1.37,1.00
2017.02.13 18:35:06.953,1.74533,1.74575,1.37,1.00
2017.02.13 18:35:07.962,1.74533,1.74575,1.37,1.00
2017.02.13 18:35:08.480,1.74532,1.74574,1.37,1.00
2017.02.13 18:35:09.229,1.74532,1.74574,1.37,1.50
2017.02.13 18:35:09.446,1.74532,1.74572,1.37,1.00
2017.02.13 18:35:09.667,1.7453,1.74572,1.37,1.00
2017.02.13 18:35:09.720,1.74529,1.7457,1.37,1.00
2017.02.13 18:35:09.814,1.74529,1.74572,1.37,1.00
2017.02.13 18:35:10.632,1.74529,1.74571,1.37,1.00
2017.02.13 18:35:10.683,1.74531,1.74573,1.37,1.50
2017.02.13 18:35:10.785,1.74532,1.74573,1.37,1.00
2017.02.13 18:35:11.217,1.74533,1.74574,1.37,1.00
2017.02.13 18:35:11.482,1.74528,1.74571,1.37,1.00
2017.02.13 18:35:12.425,1.74527,1.74569,1.37,1.00
2017.02.13 18:35:12.939,1.74527,1.74568,1.37,1.00
2017.02.13 18:35:13.733,1.74526,1.74568,2.62,1.00
2017.02.13 18:35:13.785,1.74526,1.74568,1.37,1.00
2017.02.13 18:35:13.886,1.74529,1.74571,1.37,1.50
2017.02.13 18:35:14.511,1.74527,1.74571,1.37,1.50
2017.02.13 18:35:16.424,1.74528,1.74571,1.37,1.00
2017.02.13 18:35:16.475,1.74525,1.74567,1.37,1.50
2017.02.13 18:35:16.525,1.74519,1.74561,1.37,1.00
2017.02.13 18:35:16.627,1.74516,1.74559,1.37,1.00
2017.02.13 18:35:16.728,1.74516,1.74557,1.37,1.00
2017.02.13 18:35:17.191,1.74516,1.74558,1.37,1.00
2017.02.13 18:35:17.241,1.74516,1.7456,1.37,1.50
2017.02.13 18:35:17.292,1.74516,1.74558,1.37,1.00
2017.02.13 18:35:17.343,1.74516,1.74558,1.37,1.00
2017.02.13 18:35:17.495,1.7452,1.7456,1.37,1.00
2017.02.13 18:35:17.546,1.7452,1.74562,1.37,1.00
2017.02.13 18:35:17.597,1.7452,1.74563,1.37,1.00
2017.02.13 18:35:18.126,1.74521,1.74564,1.37,1.00
2017.02.13 18:35:19.300,1.74523,1.74564,1.37,1.00
2017.02.13 18:35:20.031,1.74521,1.74563,1.37,1.00
2017.02.13 18:35:22.047,1.74521,1.74563,1.37,1.00
2017.02.13 18:35:23.159,1.74521,1.74563,1.37,1.50
2017.02.13 18:35:23.210,1.74516,1.74558,1.12,1.00
2017.02.13 18:35:23.311,1.74513,1.74557,1.37,1.50
2017.02.13 18:35:23.612,1.74513,1.74555,1.37,1.00
2017.02.13 18:35:24.321,1.74513,1.74555,1.37,1.50
2017.02.13 18:35:25.075,1.74514,1.74558,1.37,1.00
2017.02.13 18:35:25.466,1.74514,1.74556,1.37,1.00
2017.02.13 18:35:25.995,1.74515,1.74557,1.37,1.00
2017.02.13 18:35:26.045,1.74503,1.74537,1.50,1.87
2017.02.13 18:35:26.264,1.74491,1.74528,1.00,1.00
2017.02.13 18:35:26.365,1.74492,1.74531,1.00,1.00
2017.02.13 18:35:26.761,1.74491,1.74529,1.87,1.00
2017.02.13 18:35:27.247,1.74492,1.74531,1.00,1.00
2017.02.13 18:35:28.513,1.74492,1.74532,1.00,1.00
2017.02.13 18:35:29.204,1.74491,1.7453,1.87,1.00
2017.02.13 18:35:29.355,1.74491,1.74532,1.87,1.00
2017.02.13 18:35:29.897,1.74494,1.74532,1.00,1.00
2017.02.13 18:35:30.020,1.74491,1.74532,1.00,1.00
2017.02.13 18:35:30.184,1.74493,1.74532,1.00,1.00
2017.02.13 18:35:30.234,1.74493,1.74534,1.00,1.00
2017.02.13 18:35:30.387,1.74492,1.74532,1.37,1.00
2017.02.13 18:35:30.555,1.74493,1.74534,1.37,1.00
2017.02.13 18:35:31.158,1.74493,1.74535,1.37,1.50
2017.02.13 18:35:31.803,1.74493,1.74533,1.37,1.00
2017.02.13 18:35:32.120,1.74494,1.74535,1.37,1.00
2017.02.13 18:35:32.302,1.74492,1.74533,1.37,1.00
2017.02.13 18:35:32.662,1.74494,1.74534,1.00,1.00
2017.02.13 18:35:32.713,1.74492,1.74534,1.00,1.50
2017.02.13 18:35:32.966,1.74492,1.74531,1.00,1.00
2017.02.13 18:35:33.017,1.7449,1.74531,1.00,1.00
2017.02.13 18:35:33.118,1.7449,1.74533,1.00,1.00
2017.02.13 18:35:34.017,1.74489,1.74531,1.12,1.00
2017.02.13 18:35:34.069,1.74492,1.74535,1.00,1.00
2017.02.13 18:35:34.271,1.74494,1.74535,1.00,1.00
2017.02.13 18:35:34.429,1.74492,1.74534,1.50,1.00
2017.02.13 18:35:34.934,1.74493,1.74535,1.00,1.87
2017.02.13 18:35:35.080,1.7449,1.74534,1.00,1.00
2017.02.13 18:35:35.621,1.74492,1.74534,1.00,1.50
2017.02.13 18:35:36.616,1.7449,1.74534,1.00,1.50
2017.02.13 18:35:37.039,1.74492,1.74534,1.00,1.50
2017.02.13 18:35:37.790,1.74492,1.74533,1.00,1.00
2017.02.13 18:35:38.034,1.74501,1.74545,1.00,1.87
2017.02.13 18:35:39.788,1.74499,1.74541,1.00,1.12
2017.02.13 18:35:40.023,1.74496,1.7454,1.12,1.00
2017.02.13 18:35:40.356,1.74499,1.74541,1.00,1.50
2017.02.13 18:35:40.669,1.74502,1.74544,1.00,1.00
2017.02.13 18:35:43.588,1.74504,1.74545,1.00,1.00
2017.02.13 18:35:43.790,1.745,1.74542,1.00,1.00
2017.02.13 18:35:43.932,1.74502,1.74546,1.00,1.50
2017.02.13 18:35:44.034,1.745,1.74544,1.12,1.50
2017.02.13 18:35:44.661,1.74499,1.74543,1.37,1.00
2017.02.13 18:35:45.982,1.74499,1.74543,1.00,1.00
2017.02.13 18:35:47.676,1.74498,1.74542,1.00,1.00
2017.02.13 18:35:48.058,1.74501,1.74544,1.00,1.00
2017.02.13 18:35:48.895,1.74501,1.74545,1.87,1.50
2017.02.13 18:35:49.046,1.74506,1.7455,1.00,1.00
2017.02.13 18:35:49.588,1.74508,1.74552,1.12,1.00
2017.02.13 18:35:49.931,1.74502,1.74546,1.87,1.00
2017.02.13 18:35:50.011,1.74496,1.74538,1.00,1.50
2017.02.13 18:35:50.112,1.74494,1.74538,1.00,1.50
2017.02.13 18:35:50.213,1.74497,1.74538,1.00,1.00
2017.02.13 18:35:50.524,1.74498,1.7454,1.00,1.50
2017.02.13 18:35:50.683,1.745,1.74542,1.00,1.50
2017.02.13 18:35:50.733,1.74498,1.74542,1.00,1.50
2017.02.13 18:35:51.017,1.74502,1.74542,1.00,1.50
2017.02.13 18:35:51.649,1.74502,1.74541,1.00,1.00
2017.02.13 18:35:51.751,1.74498,1.7454,1.00,1.00
2017.02.13 18:35:52.304,1.74497,1.74539,1.00,1.12
2017.02.13 18:35:52.355,1.74494,1.74536,1.00,1.00
2017.02.13 18:35:53.765,1.74492,1.74536,1.00,1.50
2017.02.13 18:35:54.145,1.74494,1.74536,1.00,1.00
2017.02.13 18:35:56.454,1.74495,1.74537,1.00,1.00
2017.02.13 18:36:00.361,1.74497,1.74539,1.00,1.00
2017.02.13 18:36:00.412,1.74497,1.74541,1.00,1.00
2017.02.13 18:36:00.463,1.74499,1.74543,1.00,1.00
2017.02.13 18:36:01.011,1.745,1.74544,1.00,1.00
2017.02.13 18:36:02.627,1.74501,1.74544,1.00,1.00
2017.02.13 18:36:04.827,1.74502,1.74544,1.00,1.00
2017.02.13 18:36:06.061,1.74503,1.74545,1.00,1.00
2017.02.13 18:36:06.112,1.74503,1.74547,1.00,1.00
2017.02.13 18:36:06.213,1.74501,1.74545,1.50,1.00
2017.02.13 18:36:07.424,1.74503,1.74545,1.00,1.00
2017.02.13 18:36:07.609,1.74503,1.74547,1.00,1.00
2017.02.13 18:36:08.000,1.74506,1.7455,1.00,1.00
2017.02.13 18:36:08.304,1.74508,1.7455,1.00,1.00
2017.02.13 18:36:08.811,1.74505,1.74549,1.12,1.00
2017.02.13 18:36:10.285,1.74505,1.74547,1.00,1.00
2017.02.13 18:36:10.336,1.74503,1.74547,1.00,1.00
2017.02.13 18:36:10.386,1.74503,1.74547,1.37,1.00
2017.02.13 18:36:10.676,1.74509,1.74553,1.12,1.00
2017.02.13 18:36:10.727,1.74515,1.74557,1.37,1.12
2017.02.13 18:36:10.929,1.74517,1.74559,1.00,1.00
2017.02.13 18:36:11.058,1.74515,1.74557,1.00,1.00
2017.02.13 18:36:11.649,1.74511,1.74555,1.00,1.37
2017.02.13 18:36:11.902,1.74517,1.74561,1.00,1.50
2017.02.13 18:36:13.114,1.74518,1.74562,1.00,1.12
2017.02.13 18:36:13.195,1.74518,1.7456,1.00,1.00
2017.02.13 18:36:13.347,1.74516,1.74561,1.00,1.37
2017.02.13 18:36:13.610,1.74505,1.74549,1.50,1.37
2017.02.13 18:36:13.662,1.74501,1.74543,1.00,1.00
2017.02.13 18:36:13.713,1.74498,1.7454,1.00,1.00
2017.02.13 18:36:13.814,1.74498,1.74542,1.00,1.00
2017.02.13 18:36:13.865,1.745,1.74542,1.00,1.00
2017.02.13 18:36:14.390,1.74503,1.74545,1.00,1.00
2017.02.13 18:36:14.491,1.74505,1.74549,1.00,1.00
2017.02.13 18:36:14.542,1.74509,1.74553,1.37,1.50
2017.02.13 18:36:14.717,1.74512,1.74556,1.50,1.00
2017.02.13 18:36:16.792,1.74514,1.74556,1.00,1.00
2017.02.13 18:36:23.479,1.74514,1.74558,1.00,1.00
2017.02.13 18:36:23.757,1.74514,1.74556,1.00,1.00
2017.02.13 18:36:24.832,1.74515,1.74557,1.00,1.00
2017.02.13 18:36:25.170,1.74513,1.74555,1.00,1.37
2017.02.13 18:36:25.220,1.74511,1.74553,1.00,1.12
2017.02.13 18:36:25.426,1.74509,1.74553,1.00,1.12
2017.02.13 18:36:26.079,1.74509,1.74553,1.00,1.37
2017.02.13 18:36:26.166,1.74503,1.74547,1.00,2.62
2017.02.13 18:36:26.217,1.74501,1.74544,1.00,1.37
2017.02.13 18:36:26.849,1.74501,1.74544,1.00,1.37
2017.02.13 18:36:28.614,1.74493,1.74544,1.00,1.37
2017.02.13 18:36:29.874,1.74493,1.74544,1.00,1.37
2017.02.13 18:36:33.682,1.74494,1.74543,1.00,1.37
2017.02.13 18:36:34.141,1.74492,1.74544,1.87,1.37
2017.02.13 18:36:34.192,1.74502,1.74544,1.00,1.37
2017.02.13 18:36:34.380,1.74502,1.74544,1.00,1.12
2017.02.13 18:36:34.588,1.74502,1.74543,1.00,1.37
2017.02.13 18:36:34.639,1.74492,1.74543,1.50,1.37
2017.02.13 18:36:34.876,1.74495,1.74544,1.00,1.00
2017.02.13 18:36:35.228,1.74493,1.74545,1.00,1.37
2017.02.13 18:36:35.677,1.74494,1.74545,1.00,1.37
2017.02.13 18:36:35.778,1.74493,1.74544,1.00,1.37
2017.02.13 18:36:36.123,1.74491,1.74541,1.09,1.87
2017.02.13 18:36:36.806,1.74492,1.74538,1.00,1.12
2017.02.13 18:36:39.116,1.74491,1.74538,1.09,1.00
2017.02.13 18:36:39.498,1.74493,1.74543,1.00,1.37
2017.02.13 18:36:39.592,1.74494,1.74543,1.00,1.00
2017.02.13 18:36:40.014,1.74501,1.74546,1.00,1.37
2017.02.13 18:36:40.498,1.74493,1.74544,1.00,1.37
2017.02.13 18:36:40.549,1.74502,1.74548,1.37,1.87
2017.02.13 18:36:40.651,1.74505,1.74556,1.37,1.00
2017.02.13 18:36:40.752,1.74502,1.74552,1.37,1.00
2017.02.13 18:36:40.802,1.74502,1.74552,1.00,1.00
2017.02.13 18:36:41.064,1.74502,1.74549,1.00,1.37
2017.02.13 18:36:41.160,1.74498,1.74547,1.00,1.12
2017.02.13 18:36:41.334,1.74502,1.74547,1.00,1.12
2017.02.13 18:36:41.687,1.74502,1.74552,1.00,1.37
2017.02.13 18:36:42.203,1.74502,1.7455,1.12,1.12
2017.02.13 18:36:42.976,1.74502,1.74552,1.00,1.37
2017.02.13 18:36:43.027,1.745,1.74549,1.37,1.00
2017.02.13 18:36:43.114,1.74502,1.74552,1.00,1.37
2017.02.13 18:36:43.323,1.74502,1.74548,1.00,1.00
2017.02.13 18:36:43.733,1.74502,1.74551,1.12,1.00
2017.02.13 18:36:43.784,1.74504,1.74553,1.00,1.37
2017.02.13 18:36:46.014,1.74508,1.74555,1.37,1.00
2017.02.13 18:36:46.217,1.74509,1.74558,1.00,1.00
2017.02.13 18:36:46.369,1.74507,1.74558,1.87,1.87
2017.02.13 18:36:46.686,1.7451,1.74552,1.00,1.00
2017.02.13 18:36:47.255,1.7451,1.74554,1.00,1.00
2017.02.13 18:36:47.466,1.74508,1.74552,1.12,1.00
2017.02.13 18:36:48.691,1.74508,1.74552,1.37,1.00
2017.02.13 18:36:48.995,1.74524,1.74568,1.37,1.00
2017.02.13 18:36:49.413,1.74523,1.74565,1.37,1.00
2017.02.13 18:36:49.464,1.74515,1.74559,1.37,1.00
2017.02.13 18:36:51.498,1.74514,1.74558,1.37,1.00
2017.02.13 18:36:52.341,1.74517,1.74559,1.37,1.00
2017.02.13 18:36:52.644,1.74519,1.74563,1.37,1.50
2017.02.13 18:36:52.984,1.74524,1.74568,1.37,1.00
2017.02.13 18:36:53.035,1.74526,1.7457,1.37,1.50
2017.02.13 18:36:53.556,1.74527,1.74571,1.37,1.00
2017.02.13 18:36:53.767,1.74527,1.74571,1.37,1.00
2017.02.13 18:36:53.970,1.74523,1.74565,1.12,1.00
2017.02.13 18:36:54.154,1.74523,1.74567,1.12,1.00
2017.02.13 18:36:54.255,1.74521,1.74565,1.37,1.00
2017.02.13 18:36:54.774,1.74521,1.74563,1.37,1.00
2017.02.13 18:36:55.080,1.74526,1.74569,1.37,1.00
2017.02.13 18:36:55.262,1.74527,1.74569,1.37,1.50
2017.02.13 18:36:55.363,1.74525,1.74566,1.37,1.00
2017.02.13 18:36:56.031,1.74525,1.74567,1.37,1.00
2017.02.13 18:36:56.568,1.74526,1.74568,1.37,1.00
2017.02.13 18:36:56.732,1.74525,1.74572,1.37,1.00
2017.02.13 18:36:56.783,1.74529,1.74571,1.37,1.00
2017.02.13 18:36:57.360,1.7453,1.74574,1.37,1.00
2017.02.13 18:36:57.411,1.7453,1.74572,1.37,1.00
2017.02.13 18:36:57.563,1.74526,1.7457,1.00,1.00
2017.02.13 18:36:58.081,1.74527,1.74569,1.00,1.00
2017.02.13 18:36:58.559,1.74528,1.7457,1.37,1.00
2017.02.13 18:36:58.883,1.74526,1.7457,1.12,1.00
2017.02.13 18:36:58.934,1.74526,1.7457,1.37,1.00
2017.02.13 18:36:59.263,1.74526,1.74568,1.37,1.00
2017.02.13 18:36:59.415,1.74527,1.74571,1.37,1.00
2017.02.13 18:36:59.516,1.74527,1.74569,1.37,1.00
2017.02.13 18:37:00.216,1.74525,1.74567,1.37,1.00
2017.02.13 18:37:00.472,1.74525,1.74567,1.37,1.00
2017.02.13 18:37:01.109,1.74524,1.74566,1.37,1.00
2017.02.13 18:37:01.160,1.74525,1.74567,1.00,1.00
2017.02.13 18:37:01.530,1.74526,1.74568,1.37,1.00
2017.02.13 18:37:01.582,1.74528,1.74572,1.37,2.25
2017.02.13 18:37:01.892,1.74529,1.74573,1.00,1.00
2017.02.13 18:37:01.943,1.7453,1.74574,1.37,1.00
2017.02.13 18:37:02.348,1.74533,1.74575,1.00,1.00
2017.02.13 18:37:02.651,1.74533,1.74577,1.37,1.00
2017.02.13 18:37:03.126,1.74532,1.74574,1.37,1.00
2017.02.13 18:37:05.380,1.7453,1.74572,1.37,1.00
2017.02.13 18:37:05.481,1.7453,1.74574,1.37,1.00
2017.02.13 18:37:05.668,1.7453,1.74572,1.37,1.00
2017.02.13 18:37:05.719,1.74529,1.74571,1.37,1.00
2017.02.13 18:37:05.990,1.74527,1.74571,1.37,1.00
2017.02.13 18:37:06.080,1.74527,1.74569,1.37,1.00
2017.02.13 18:37:06.617,1.74526,1.7457,1.37,1.00
2017.02.13 18:37:06.986,1.74526,1.74568,1.37,1.00
2017.02.13 18:37:07.375,1.7454,1.74577,1.00,1.00
2017.02.13 18:37:07.678,1.74551,1.74582,1.00,1.00
2017.02.13 18:37:07.981,1.7455,1.74578,1.00,1.00
2017.02.13 18:37:08.031,1.7455,1.74586,1.00,1.00
2017.02.13 18:37:08.214,1.7455,1.74578,1.00,1.00
2017.02.13 18:37:08.265,1.74545,1.74578,1.00,1.00
2017.02.13 18:37:08.430,1.74542,1.74586,1.00,1.00
2017.02.13 18:37:08.481,1.74547,1.74586,1.00,1.00
2017.02.13 18:37:08.784,1.74547,1.74578,1.00,1.00
2017.02.13 18:37:09.334,1.74547,1.74585,1.00,1.00
2017.02.13 18:37:09.828,1.74545,1.74583,1.00,1.00
2017.02.13 18:37:10.312,1.74549,1.74587,1.00,1.87
2017.02.13 18:37:10.465,1.74546,1.74585,1.00,1.00
2017.02.13 18:37:11.081,1.74546,1.74583,1.00,1.00
2017.02.13 18:37:11.216,1.74547,1.74585,1.00,1.00
2017.02.13 18:37:12.257,1.74548,1.74584,1.00,1.12
2017.02.13 18:37:12.308,1.74546,1.74584,1.00,1.12
2017.02.13 18:37:12.653,1.74548,1.74585,1.00,1.37
2017.02.13 18:37:13.051,1.74546,1.74584,1.00,1.00
2017.02.13 18:37:14.706,1.74546,1.74585,1.00,1.00
2017.02.13 18:37:14.757,1.74549,1.74585,1.00,1.00
2017.02.13 18:37:14.807,1.74547,1.74584,1.00,1.00
2017.02.13 18:37:15.214,1.74546,1.74582,1.00,1.00
2017.02.13 18:37:15.769,1.74546,1.74584,1.00,1.00
2017.02.13 18:37:15.820,1.74547,1.74582,1.00,1.00
2017.02.13 18:37:16.207,1.74545,1.74582,1.00,1.00
2017.02.13 18:37:16.299,1.74546,1.74584,1.00,1.00
2017.02.13 18:37:16.469,1.74546,1.74582,1.00,1.00
2017.02.13 18:37:16.520,1.74546,1.74585,1.00,1.12
2017.02.13 18:37:16.768,1.74547,1.74587,1.00,1.50
2017.02.13 18:37:16.970,1.74548,1.74587,1.00,1.87
2017.02.13 18:37:17.071,1.74546,1.74584,1.00,1.00
2017.02.13 18:37:17.369,1.74545,1.74578,1.00,1.00
2017.02.13 18:37:18.082,1.74545,1.74584,1.00,1.00
2017.02.13 18:37:19.377,1.74546,1.74578,1.00,1.00
2017.02.13 18:37:19.789,1.74546,1.74584,1.00,1.00
2017.02.13 18:37:19.947,1.74545,1.74579,1.00,1.00
2017.02.13 18:37:20.201,1.74545,1.74583,1.00,1.00
2017.02.13 18:37:20.452,1.74545,1.74579,1.00,1.00
2017.02.13 18:37:21.115,1.74543,1.74579,1.00,1.00
2017.02.13 18:37:21.323,1.74543,1.74581,1.00,1.00
2017.02.13 18:37:21.525,1.74543,1.74578,1.00,1.00
2017.02.13 18:37:21.793,1.74544,1.74583,1.00,1.00
2017.02.13 18:37:22.219,1.74541,1.74581,1.00,1.00
2017.02.13 18:37:22.319,1.74543,1.74583,1.00,1.00
2017.02.13 18:37:22.827,1.74543,1.74582,1.00,1.00
2017.02.13 18:37:23.504,1.74543,1.74584,1.00,1.12
2017.02.13 18:37:23.890,1.74543,1.74578,1.00,1.00
2017.02.13 18:37:24.987,1.74544,1.74578,1.00,1.00
2017.02.13 18:37:29.244,1.74544,1.74579,1.00,1.00
2017.02.13 18:37:29.345,1.74544,1.74584,1.50,1.00
2017.02.13 18:37:29.447,1.74549,1.74584,1.00,1.00
2017.02.13 18:37:29.759,1.74555,1.74589,1.00,1.00
2017.02.13 18:37:29.860,1.74546,1.74588,1.00,1.00
2017.02.13 18:37:29.911,1.74542,1.74586,1.00,1.00
2017.02.13 18:37:29.962,1.74538,1.74578,1.00,1.00
2017.02.13 18:37:30.265,1.74546,1.74578,1.00,1.00
2017.02.13 18:37:30.581,1.74549,1.74578,1.00,1.00
2017.02.13 18:37:30.834,1.74547,1.74578,1.00,1.00
2017.02.13 18:37:30.986,1.7455,1.74578,1.00,1.00
2017.02.13 18:37:31.037,1.74545,1.74578,1.00,1.00
2017.02.13 18:37:31.161,1.74541,1.74578,1.00,1.00
2017.02.13 18:37:31.483,1.74544,1.74578,1.00,1.00
2017.02.13 18:37:31.848,1.74546,1.74578,1.00,1.00
2017.02.13 18:37:32.179,1.74548,1.74578,1.00,1.00
2017.02.13 18:37:32.230,1.74548,1.74588,1.00,1.50
2017.02.13 18:37:32.281,1.7455,1.74588,1.00,1.50
2017.02.13 18:37:32.533,1.74553,1.74592,1.00,1.00
2017.02.13 18:37:33.010,1.74555,1.74593,1.00,1.00
2017.02.13 18:37:33.061,1.74553,1.74593,1.00,1.00
2017.02.13 18:37:33.467,1.74555,1.74594,1.00,1.00
2017.02.13 18:37:34.047,1.74556,1.74594,1.00,1.00
2017.02.13 18:37:34.226,1.74554,1.74593,1.00,1.00
2017.02.13 18:37:34.594,1.74556,1.74594,1.00,1.00
2017.02.13 18:37:34.729,1.74554,1.74594,1.00,1.00
2017.02.13 18:37:35.141,1.74554,1.74588,1.00,1.00
2017.02.13 18:37:35.836,1.74555,1.74588,1.00,1.00
2017.02.13 18:37:35.886,1.74553,1.74588,1.00,1.00
2017.02.13 18:37:36.390,1.74554,1.74588,1.00,1.00
2017.02.13 18:37:36.491,1.74553,1.74592,1.00,1.00
2017.02.13 18:37:36.813,1.74553,1.74589,1.00,1.00
2017.02.13 18:37:36.913,1.74553,1.74592,1.00,1.00
2017.02.13 18:37:37.589,1.74554,1.74593,1.00,1.00
2017.02.13 18:37:38.091,1.74553,1.74588,1.00,1.00
2017.02.13 18:37:38.142,1.74551,1.74588,1.00,1.00
2017.02.13 18:37:38.315,1.74551,1.7459,1.00,1.00
2017.02.13 18:37:38.433,1.74553,1.74592,1.00,1.00
2017.02.13 18:37:38.749,1.74558,1.74589,1.00,1.00
2017.02.13 18:37:39.091,1.74556,1.74589,1.00,1.00
2017.02.13 18:37:39.513,1.74555,1.74594,1.00,1.00
2017.02.13 18:37:40.519,1.74555,1.74588,1.00,1.00
2017.02.13 18:37:45.811,1.74554,1.74588,1.00,1.00
2017.02.13 18:37:45.862,1.74554,1.74594,1.00,1.37
2017.02.13 18:37:46.082,1.74554,1.74594,1.00,1.37
2017.02.13 18:37:46.423,1.74556,1.74595,1.00,1.37
2017.02.13 18:37:46.474,1.74554,1.74593,1.00,1.37
2017.02.13 18:37:46.524,1.74556,1.74594,1.00,1.37
2017.02.13 18:37:46.877,1.74555,1.74589,1.00,1.00
2017.02.13 18:37:46.978,1.74553,1.74589,1.00,1.00
2017.02.13 18:37:47.557,1.74554,1.74589,1.00,1.37
2017.02.13 18:37:47.608,1.7455,1.74589,1.00,1.37
2017.02.13 18:37:48.242,1.7455,1.7459,1.00,1.00
2017.02.13 18:37:48.662,1.7455,1.74589,1.00,1.37
2017.02.13 18:37:48.814,1.74548,1.74587,1.00,1.37
2017.02.13 18:37:49.066,1.74548,1.74588,1.00,1.87
2017.02.13 18:37:49.117,1.74548,1.74588,1.00,1.87
2017.02.13 18:37:49.168,1.74546,1.74587,1.00,1.12
2017.02.13 18:37:49.370,1.74549,1.74588,1.00,1.87
2017.02.13 18:37:50.000,1.74548,1.74588,1.00,1.87
2017.02.13 18:37:50.304,1.74559,1.74598,1.00,1.00
2017.02.13 18:37:50.355,1.74557,1.74598,1.00,1.00
2017.02.13 18:37:50.857,1.74558,1.74598,1.00,1.00
2017.02.13 18:37:51.478,1.74558,1.74597,1.00,1.00
2017.02.13 18:37:51.529,1.74556,1.74597,1.00,1.37
2017.02.13 18:37:51.844,1.74547,1.74586,1.00,1.00
2017.02.13 18:37:51.895,1.74549,1.74586,1.00,1.00
2017.02.13 18:37:52.046,1.7455,1.7459,1.00,1.37
2017.02.13 18:37:52.097,1.74548,1.74588,1.00,1.00
2017.02.13 18:37:52.542,1.7455,1.74589,1.00,1.00
2017.02.13 18:37:53.275,1.74549,1.74588,1.00,1.00
2017.02.13 18:37:55.145,1.74549,1.74587,1.00,1.00
2017.02.13 18:37:55.196,1.74546,1.74587,1.00,1.00
2017.02.13 18:37:55.298,1.74549,1.7459,1.00,1.37
2017.02.13 18:37:56.112,1.74549,1.74588,1.00,1.00
2017.02.13 18:37:56.617,1.7455,1.74589,1.00,1.12
2017.02.13 18:37:57.408,1.7455,1.74588,1.00,1.00
2017.02.13 18:37:57.998,1.74549,1.74588,1.00,1.00
2017.02.13 18:37:59.938,1.74548,1.74588,1.00,1.00
2017.02.13 18:38:01.219,1.74547,1.74587,1.00,1.37
2017.02.13 18:38:01.751,1.74547,1.74587,1.00,1.37
2017.02.13 18:38:01.852,1.74535,1.74575,1.00,1.12
2017.02.13 18:38:01.953,1.74532,1.74574,1.00,1.37
2017.02.13 18:38:02.054,1.74532,1.74569,1.00,1.00
2017.02.13 18:38:02.358,1.74534,1.74569,1.00,1.00
2017.02.13 18:38:02.651,1.74532,1.74574,1.00,1.00
2017.02.13 18:38:02.927,1.74534,1.74575,1.00,1.37
2017.02.13 18:38:03.434,1.74534,1.74568,1.00,1.00
2017.02.13 18:38:03.585,1.7453,1.74568,1.00,1.00
2017.02.13 18:38:03.636,1.74529,1.74571,1.00,1.00
2017.02.13 18:38:03.687,1.74531,1.7457,1.00,1.00
2017.02.13 18:38:03.738,1.74529,1.7457,1.00,1.87
2017.02.13 18:38:03.839,1.74529,1.74568,1.00,1.00
2017.02.13 18:38:04.174,1.74532,1.74568,1.00,1.00
2017.02.13 18:38:04.876,1.74533,1.74568,1.00,1.00
2017.02.13 18:38:05.038,1.74529,1.74568,1.00,1.37
2017.02.13 18:38:05.190,1.74527,1.74568,1.00,1.87
2017.02.13 18:38:05.291,1.74525,1.74566,1.00,1.37
2017.02.13 18:38:05.840,1.74525,1.74566,1.00,1.37
2017.02.13 18:38:05.941,1.74526,1.74567,1.00,1.37
2017.02.13 18:38:06.092,1.74526,1.74567,1.00,2.62
2017.02.13 18:38:06.388,1.74522,1.74562,1.00,1.37
2017.02.13 18:38:06.489,1.74523,1.74563,1.00,1.12
2017.02.13 18:38:06.692,1.74525,1.74566,1.00,1.37
2017.02.13 18:38:07.313,1.74526,1.74566,1.00,1.37
2017.02.13 18:38:07.948,1.74523,1.74564,1.00,1.37
2017.02.13 18:38:07.999,1.74523,1.74564,1.00,1.37
2017.02.13 18:38:08.049,1.74523,1.74563,1.00,1.37
2017.02.13 18:38:08.365,1.74523,1.74564,1.00,1.87
2017.02.13 18:38:08.416,1.74523,1.74565,1.00,1.37
2017.02.13 18:38:08.517,1.74521,1.74563,1.00,1.37
2017.02.13 18:38:08.669,1.74523,1.74565,1.00,1.37
2017.02.13 18:38:09.011,1.74525,1.74565,1.00,1.37
2017.02.13 18:38:09.608,1.74525,1.74565,1.00,1.00
2017.02.13 18:38:09.659,1.74528,1.74568,1.00,1.00
2017.02.13 18:38:10.184,1.74529,1.74569,1.00,1.50
2017.02.13 18:38:10.525,1.74524,1.74561,1.00,1.00
2017.02.13 18:38:11.609,1.74523,1.74561,1.00,1.00
2017.02.13 18:38:12.323,1.74524,1.74561,1.00,1.00
2017.02.13 18:38:12.823,1.74524,1.74556,1.00,1.12
2017.02.13 18:38:12.874,1.74516,1.74558,1.00,1.12
2017.02.13 18:38:13.029,1.74519,1.7456,1.00,1.37
2017.02.13 18:38:13.479,1.74522,1.74561,1.00,1.37
2017.02.13 18:38:13.681,1.74521,1.74561,1.00,1.87
2017.02.13 18:38:13.832,1.74523,1.74564,1.00,1.12
2017.02.13 18:38:13.933,1.74526,1.74565,1.00,1.12
2017.02.13 18:38:14.440,1.74525,1.74565,1.00,1.12
2017.02.13 18:38:15.788,1.7452,1.74561,1.00,1.00
2017.02.13 18:38:15.839,1.7452,1.74559,1.00,1.00
2017.02.13 18:38:16.358,1.74519,1.74561,1.00,1.37
2017.02.13 18:38:16.889,1.74519,1.74561,1.00,1.12
2017.02.13 18:38:17.408,1.7452,1.74561,1.00,1.12
2017.02.13 18:38:17.459,1.7452,1.74559,1.00,1.00
2017.02.13 18:38:18.769,1.74521,1.74559,1.00,1.00
2017.02.13 18:38:18.921,1.74521,1.74562,1.00,1.00
2017.02.13 18:38:19.123,1.74524,1.74563,1.00,1.00
2017.02.13 18:38:19.275,1.74522,1.74563,1.00,1.50
2017.02.13 18:38:19.990,1.74523,1.74563,1.00,1.12
2017.02.13 18:38:20.514,1.74522,1.74563,1.00,1.12
2017.02.13 18:38:20.665,1.74526,1.74567,1.00,1.87
2017.02.13 18:38:20.963,1.74524,1.74566,1.50,1.00
2017.02.13 18:38:21.014,1.74526,1.74566,1.00,1.00
2017.02.13 18:38:21.358,1.74524,1.74566,1.50,1.00
2017.02.13 18:38:21.840,1.74526,1.74566,1.00,1.00
2017.02.13 18:38:22.177,1.74519,1.74559,1.00,1.00
2017.02.13 18:38:22.639,1.74521,1.74561,1.00,1.12
2017.02.13 18:38:22.791,1.74522,1.74565,1.00,1.12
2017.02.13 18:38:22.841,1.74524,1.74563,1.00,1.00
2017.02.13 18:38:23.163,1.74525,1.74561,1.00,1.00
2017.02.13 18:38:24.626,1.74526,1.74561,1.00,1.00
2017.02.13 18:38:24.818,1.74524,1.74561,1.00,1.00
2017.02.13 18:38:25.184,1.74526,1.74561,1.00,1.00
2017.02.13 18:38:25.241,1.74526,1.74565,1.00,1.00
2017.02.13 18:38:25.292,1.74527,1.74566,1.00,1.75
2017.02.13 18:38:25.393,1.74523,1.74562,1.00,1.37
2017.02.13 18:38:25.445,1.74521,1.74564,1.00,1.37
2017.02.13 18:38:26.038,1.74522,1.74561,1.00,1.12
2017.02.13 18:38:27.212,1.74522,1.74559,1.00,1.00
2017.02.13 18:38:27.542,1.74519,1.74559,1.00,1.37
2017.02.13 18:38:27.644,1.74514,1.74555,1.00,1.00
2017.02.13 18:38:28.036,1.74514,1.74548,1.00,1.00
2017.02.13 18:38:28.207,1.74511,1.74548,1.00,1.00
2017.02.13 18:38:29.025,1.7451,1.7455,1.00,1.00
2017.02.13 18:38:29.888,1.74509,1.7455,1.00,1.00
2017.02.13 18:38:30.418,1.74508,1.7455,1.50,1.00
2017.02.13 18:38:31.228,1.7451,1.74551,1.00,1.12
2017.02.13 18:38:31.934,1.74508,1.74551,1.00,1.12
2017.02.13 18:38:31.985,1.74508,1.74549,1.00,1.00
2017.02.13 18:38:32.036,1.74508,1.74551,1.00,1.12
2017.02.13 18:38:32.439,1.74508,1.74549,1.00,1.00
2017.02.13 18:38:32.661,1.74506,1.74548,1.50,1.00
2017.02.13 18:38:32.763,1.74507,1.7455,1.00,1.00
2017.02.13 18:38:33.121,1.74508,1.74544,1.00,1.00
2017.02.13 18:38:33.171,1.74504,1.74544,1.00,1.00
2017.02.13 18:38:33.272,1.74504,1.74547,1.00,1.00
2017.02.13 18:38:33.777,1.74505,1.74547,1.50,1.00
2017.02.13 18:38:33.878,1.74507,1.74548,1.00,1.00
2017.02.13 18:38:34.383,1.74509,1.74549,1.00,1.00
2017.02.13 18:38:34.900,1.74508,1.74548,1.00,1.00
2017.02.13 18:38:35.209,1.7451,1.74549,1.00,1.00
2017.02.13 18:38:35.659,1.74512,1.74549,1.00,1.00
2017.02.13 18:38:36.322,1.74511,1.74549,1.00,1.00
2017.02.13 18:38:36.653,1.74515,1.74551,1.00,1.12
2017.02.13 18:38:36.704,1.74513,1.74553,1.00,1.00
2017.02.13 18:38:36.906,1.74511,1.74551,1.00,1.00
2017.02.13 18:38:37.236,1.74511,1.74549,1.00,1.00
2017.02.13 18:38:37.560,1.74511,1.74551,1.00,1.12
2017.02.13 18:38:37.611,1.74513,1.74551,1.00,1.12
2017.02.13 18:38:38.590,1.74513,1.7455,1.00,1.00
2017.02.13 18:38:38.641,1.74511,1.7455,1.00,1.00
2017.02.13 18:38:38.742,1.7451,1.74548,1.00,1.00
2017.02.13 18:38:39.560,1.74512,1.74551,1.00,1.12
2017.02.13 18:38:40.075,1.74511,1.74549,1.00,1.50
2017.02.13 18:38:42.615,1.74513,1.74549,1.00,1.00
2017.02.13 18:38:42.831,1.74506,1.74544,1.00,1.00
2017.02.13 18:38:42.932,1.74509,1.74549,1.00,1.50
2017.02.13 18:38:43.730,1.74508,1.74548,1.00,1.00
2017.02.13 18:38:48.538,1.74508,1.74549,1.00,1.50
2017.02.13 18:38:48.639,1.7451,1.74549,1.00,1.00
2017.02.13 18:38:49.988,1.74508,1.74548,1.00,1.00
2017.02.13 18:38:51.751,1.74509,1.74549,1.00,1.50
2017.02.13 18:38:52.039,1.74507,1.74548,1.00,1.00
2017.02.13 18:38:52.586,1.74509,1.74548,1.00,1.00
2017.02.13 18:38:53.652,1.7451,1.74549,1.00,1.50
2017.02.13 18:38:53.703,1.7451,1.74552,1.00,1.12
2017.02.13 18:38:53.754,1.74512,1.74554,1.00,1.37
2017.02.13 18:38:54.962,1.74512,1.74554,1.00,1.37
2017.02.13 18:38:55.013,1.74509,1.7455,1.00,1.00
2017.02.13 18:38:56.853,1.74509,1.7455,1.00,1.37
2017.02.13 18:38:59.844,1.74509,1.74547,1.00,1.00
2017.02.13 18:38:59.895,1.74507,1.74547,1.00,1.00
2017.02.13 18:39:00.147,1.74504,1.74545,1.00,1.00
2017.02.13 18:39:00.391,1.74503,1.74544,1.00,1.37
2017.02.13 18:39:00.698,1.74495,1.74536,1.00,3.00
2017.02.13 18:39:00.749,1.74493,1.74533,1.00,1.37
2017.02.13 18:39:00.800,1.74499,1.7453,1.00,1.87
2017.02.13 18:39:00.972,1.74488,1.74532,1.00,1.37
2017.02.13 18:39:01.023,1.74489,1.74533,1.00,2.62
2017.02.13 18:39:01.275,1.74487,1.7453,1.00,1.37
2017.02.13 18:39:02.186,1.74487,1.7453,1.00,1.37
2017.02.13 18:39:02.523,1.74491,1.7453,1.00,1.50
2017.02.13 18:39:02.624,1.74491,1.74532,1.50,1.00
2017.02.13 18:39:02.675,1.74493,1.74534,1.00,1.37
2017.02.13 18:39:02.978,1.74491,1.74529,1.00,1.00
2017.02.13 18:39:03.231,1.74489,1.74529,1.00,1.12
2017.02.13 18:39:03.282,1.74491,1.74529,1.00,1.00
2017.02.13 18:39:03.611,1.74489,1.74529,1.00,1.00
2017.02.13 18:39:04.076,1.74491,1.74529,1.00,1.37
2017.02.13 18:39:04.638,1.74491,1.74529,1.00,1.12
2017.02.13 18:39:05.185,1.74491,1.74529,1.00,1.37
2017.02.13 18:39:05.454,1.74487,1.74529,1.00,1.87
2017.02.13 18:39:06.034,1.74487,1.74529,1.00,1.50
2017.02.13 18:39:06.762,1.74491,1.74529,1.00,1.50
2017.02.13 18:39:07.703,1.74491,1.74533,1.00,1.00
2017.02.13 18:39:07.754,1.74495,1.74539,1.00,1.00
2017.02.13 18:39:08.226,1.74493,1.74537,1.50,1.00
2017.02.13 18:39:08.591,1.74495,1.74537,1.00,1.00
2017.02.13 18:39:09.130,1.74494,1.74538,1.00,1.00
2017.02.13 18:39:09.721,1.74495,1.74537,1.00,1.00
2017.02.13 18:39:09.880,1.74493,1.74537,1.50,1.00
2017.02.13 18:39:11.080,1.74495,1.74537,1.00,1.00
2017.02.13 18:39:11.627,1.74494,1.74536,1.00,1.00
2017.02.13 18:39:12.156,1.74495,1.74537,1.00,1.37
2017.02.13 18:39:12.580,1.74493,1.74537,1.50,1.37
2017.02.13 18:39:12.657,1.74495,1.74537,1.00,1.37
2017.02.13 18:39:13.610,1.74494,1.74537,1.00,1.37
2017.02.13 18:39:14.049,1.74496,1.74538,1.00,1.37
2017.02.13 18:39:14.201,1.74494,1.74538,1.00,1.37
2017.02.13 18:39:14.302,1.74494,1.74538,1.00,1.37
2017.02.13 18:39:15.053,1.74493,1.74537,1.50,1.37
2017.02.13 18:39:15.104,1.74495,1.74537,1.00,1.37
2017.02.13 18:39:15.205,1.74492,1.74536,2.25,1.37
2017.02.13 18:39:15.757,1.74492,1.74533,1.00,1.00
2017.02.13 18:39:16.280,1.74492,1.74535,1.00,1.37
2017.02.13 18:39:16.531,1.74493,1.74536,1.00,1.00
2017.02.13 18:39:16.869,1.74488,1.7453,1.00,1.00
2017.02.13 18:39:17.336,1.74485,1.74529,1.50,1.12
2017.02.13 18:39:19.551,1.74485,1.74529,1.50,1.37
2017.02.13 18:39:20.747,1.74485,1.74529,1.50,1.12
2017.02.13 18:39:21.558,1.74486,1.7453,1.50,1.87
2017.02.13 18:39:22.083,1.74486,1.7453,1.50,1.87
2017.02.13 18:39:23.024,1.74486,1.7453,1.50,1.87
2017.02.13 18:39:23.075,1.74486,1.7453,1.50,1.87
2017.02.13 18:39:23.432,1.7449,1.7453,1.00,1.00
2017.02.13 18:39:25.222,1.74493,1.7453,1.00,1.12
2017.02.13 18:39:28.589,1.74493,1.74528,1.00,1.00
2017.02.13 18:39:30.912,1.74493,1.7453,1.00,1.37
2017.02.13 18:39:31.611,1.74492,1.74528,1.00,1.00
2017.02.13 18:39:36.660,1.74492,1.74532,1.00,1.87
2017.02.13 18:39:36.711,1.74494,1.74532,1.00,1.00
2017.02.13 18:39:37.013,1.74494,1.74529,1.00,1.00
2017.02.13 18:39:40.815,1.74493,1.74529,1.00,1.00
2017.02.13 18:39:41.466,1.74493,1.74531,1.00,1.37
2017.02.13 18:39:42.741,1.7449,1.74529,1.00,1.00
2017.02.13 18:39:42.992,1.7449,1.74532,1.00,1.00
2017.02.13 18:39:43.093,1.74492,1.74532,1.00,1.00
2017.02.13 18:39:43.600,1.74493,1.74532,1.00,1.87
2017.02.13 18:39:43.752,1.7449,1.74531,1.00,1.12
2017.02.13 18:39:46.692,1.7449,1.74531,1.00,1.37
2017.02.13 18:39:46.743,1.74488,1.74528,1.00,1.00
2017.02.13 18:39:47.850,1.74488,1.74527,1.00,1.00
2017.02.13 18:39:48.216,1.7449,1.74529,1.00,1.00
2017.02.13 18:39:48.318,1.74488,1.74529,1.00,1.00
2017.02.13 18:39:48.469,1.7449,1.74529,1.00,1.37
2017.02.13 18:39:48.576,1.74488,1.74529,1.00,1.37
2017.02.13 18:39:50.240,1.74489,1.74528,1.00,1.00
2017.02.13 18:39:50.290,1.74489,1.74526,1.00,1.00
2017.02.13 18:39:50.404,1.74488,1.74529,1.00,1.37
2017.02.13 18:39:50.505,1.74491,1.74529,1.00,1.37
2017.02.13 18:39:50.708,1.74486,1.7453,1.00,1.87
2017.02.13 18:39:51.449,1.74491,1.7453,1.00,1.37
2017.02.13 18:39:53.764,1.74489,1.74528,1.00,1.12
2017.02.13 18:39:55.353,1.74489,1.7453,1.00,1.87
2017.02.13 18:39:55.459,1.74491,1.7453,1.00,1.12
2017.02.13 18:39:56.039,1.74493,1.7453,1.00,1.12
2017.02.13 18:39:56.897,1.74491,1.7453,1.00,1.37
2017.02.13 18:39:57.574,1.7449,1.7453,1.00,1.37
2017.02.13 18:39:59.564,1.7449,1.7453,1.00,1.37
2017.02.13 18:40:01.356,1.7449,1.7453,1.00,1.12
2017.02.13 18:40:02.540,1.7449,1.74529,1.00,1.00
2017.02.13 18:40:04.105,1.7449,1.74528,1.00,1.00
2017.02.13 18:40:04.257,1.74488,1.74528,1.00,1.12
2017.02.13 18:40:04.589,1.74491,1.7453,1.00,1.37
2017.02.13 18:40:06.315,1.74491,1.74531,1.00,2.25
2017.02.13 18:40:07.026,1.7449,1.7453,1.00,2.62
2017.02.13 18:40:07.077,1.74486,1.74526,1.00,1.37
2017.02.13 18:40:07.128,1.74488,1.74526,1.00,1.00
2017.02.13 18:40:08.808,1.74488,1.74527,1.00,1.12
2017.02.13 18:40:09.291,1.74485,1.74524,1.50,1.12
2017.02.13 18:40:09.594,1.74488,1.74524,1.00,1.00
2017.02.13 18:40:12.083,1.74491,1.74524,1.00,1.00
2017.02.13 18:40:15.750,1.74491,1.7453,1.00,1.37
2017.02.13 18:40:16.351,1.7449,1.7453,1.00,1.37
2017.02.13 18:40:23.149,1.7449,1.74531,1.00,1.50
2017.02.13 18:40:23.200,1.74486,1.74525,1.00,1.37
2017.02.13 18:40:23.251,1.74486,1.74526,1.00,1.37
2017.02.13 18:40:23.302,1.74486,1.74528,1.50,1.37
2017.02.13 18:40:23.353,1.74489,1.74529,1.00,1.37
2017.02.13 18:40:23.694,1.74491,1.74531,1.00,2.62
2017.02.13 18:40:23.745,1.74488,1.74527,1.00,1.37
2017.02.13 18:40:24.220,1.74488,1.74528,1.00,1.37
2017.02.13 18:40:24.402,1.74488,1.74528,1.00,1.37
2017.02.13 18:40:25.113,1.74488,1.74529,1.00,1.37
2017.02.13 18:40:25.164,1.7449,1.74529,1.00,1.37
2017.02.13 18:40:25.265,1.74491,1.74531,1.00,1.37
2017.02.13 18:40:25.317,1.74491,1.7453,1.00,1.37
2017.02.13 18:40:25.418,1.74487,1.74525,1.00,1.37
2017.02.13 18:40:25.478,1.74493,1.74534,1.00,1.37
2017.02.13 18:40:25.529,1.74495,1.74534,1.00,1.37
2017.02.13 18:40:25.631,1.74493,1.74535,1.00,1.37
2017.02.13 18:40:26.042,1.74495,1.74535,1.00,1.37
2017.02.13 18:40:26.446,1.74495,1.74534,1.00,1.37
2017.02.13 18:40:26.497,1.74493,1.74534,1.00,1.37
2017.02.13 18:40:26.976,1.74496,1.74535,1.00,1.37
2017.02.13 18:40:27.027,1.74495,1.74535,1.00,1.37
2017.02.13 18:40:27.078,1.74498,1.74537,1.00,1.87
2017.02.13 18:40:27.608,1.74498,1.74537,1.00,1.37
2017.02.13 18:40:27.659,1.74505,1.74545,1.00,1.37
2017.02.13 18:40:28.015,1.74498,1.74538,1.00,1.37
2017.02.13 18:40:28.535,1.74498,1.74538,1.00,1.37
2017.02.13 18:40:28.838,1.74487,1.74526,1.00,1.37
2017.02.13 18:40:28.889,1.74487,1.74526,1.00,1.37
2017.02.13 18:40:30.356,1.74488,1.74526,1.00,1.37
2017.02.13 18:40:31.094,1.74488,1.74526,1.00,1.37
2017.02.13 18:40:31.196,1.74488,1.74528,1.00,1.37
2017.02.13 18:40:31.297,1.7449,1.74529,1.00,1.37
2017.02.13 18:40:31.803,1.74491,1.74531,1.00,1.37
2017.02.13 18:40:32.110,1.74494,1.74531,1.00,1.37
2017.02.13 18:40:32.160,1.74494,1.74531,1.00,1.37
2017.02.13 18:40:32.772,1.74494,1.74536,1.00,1.87
2017.02.13 18:40:32.823,1.74496,1.74536,1.00,1.87
2017.02.13 18:40:33.517,1.74496,1.74536,1.00,1.37
2017.02.13 18:40:34.069,1.74495,1.74536,1.00,1.37
2017.02.13 18:40:34.954,1.74495,1.74536,1.00,1.37
2017.02.13 18:40:42.102,1.74495,1.74536,1.00,1.37
2017.02.13 18:40:42.153,1.74493,1.74536,1.00,1.37
2017.02.13 18:40:43.081,1.74495,1.74536,1.00,1.37
2017.02.13 18:40:43.576,1.74493,1.74534,1.00,1.37
2017.02.13 18:40:45.147,1.74494,1.74534,1.00,1.37
2017.02.13 18:40:45.198,1.74489,1.74531,1.00,1.37
2017.02.13 18:40:45.447,1.74491,1.74532,1.00,1.37
2017.02.13 18:40:46.043,1.74493,1.74534,1.00,1.37
2017.02.13 18:40:47.664,1.74494,1.74534,1.00,1.37
2017.02.13 18:40:48.139,1.74497,1.74535,1.00,1.37
2017.02.13 18:40:50.680,1.74495,1.74535,1.00,1.37
2017.02.13 18:40:51.994,1.74494,1.74534,1.00,1.37
2017.02.13 18:40:52.729,1.74494,1.74534,1.00,1.37
2017.02.13 18:40:53.128,1.74493,1.7453,1.00,1.37
2017.02.13 18:40:53.178,1.74487,1.74528,1.00,1.37
2017.02.13 18:40:53.229,1.74485,1.74525,1.00,1.37
2017.02.13 18:40:53.772,1.74486,1.74528,1.00,1.37
2017.02.13 18:40:54.670,1.74488,1.74528,1.00,1.37
2017.02.13 18:40:54.837,1.74491,1.74528,1.00,1.37
2017.02.13 18:40:54.888,1.74491,1.74528,1.00,1.37
2017.02.13 18:40:54.989,1.74491,1.74529,1.00,1.37
2017.02.13 18:40:55.040,1.74489,1.74529,1.00,1.37
2017.02.13 18:40:55.142,1.74491,1.74531,1.00,1.37
2017.02.13 18:40:55.531,1.74489,1.74531,1.00,1.37
2017.02.13 18:40:55.966,1.74489,1.7453,1.00,1.37
2017.02.13 18:40:56.017,1.74487,1.74527,1.00,1.37
2017.02.13 18:40:56.251,1.74486,1.74527,1.00,1.37
2017.02.13 18:40:56.857,1.74486,1.74527,1.00,1.37
2017.02.13 18:40:57.619,1.74486,1.74527,1.00,1.37
2017.02.13 18:40:58.094,1.74488,1.74528,1.00,1.37
2017.02.13 18:40:58.196,1.74492,1.74531,1.00,1.37
2017.02.13 18:40:58.247,1.74493,1.74534,1.00,1.12
2017.02.13 18:40:58.348,1.74499,1.74535,1.00,1.37
2017.02.13 18:40:58.399,1.74495,1.74534,1.00,1.37
2017.02.13 18:40:58.450,1.74493,1.74534,1.00,1.37
2017.02.13 18:40:58.756,1.74493,1.74534,1.00,1.37
2017.02.13 18:40:59.484,1.74495,1.74534,1.00,1.37
2017.02.13 18:40:59.535,1.745,1.74539,1.00,1.00
2017.02.13 18:40:59.586,1.74503,1.74543,1.00,1.00
2017.02.13 18:40:59.637,1.74505,1.74547,1.00,1.37
2017.02.13 18:40:59.940,1.74501,1.74543,1.50,1.37
2017.02.13 18:41:00.611,1.74502,1.74544,1.50,1.37
2017.02.13 18:41:00.940,1.74501,1.74541,1.50,1.37
2017.02.13 18:41:00.991,1.74502,1.74542,1.00,1.37
2017.02.13 18:41:01.240,1.74502,1.74542,1.00,1.37
2017.02.13 18:41:01.812,1.74501,1.74542,1.50,1.37
2017.02.13 18:41:02.165,1.74503,1.74544,1.00,1.37
2017.02.13 18:41:03.849,1.74504,1.74544,1.00,1.37
2017.02.13 18:41:05.710,1.74504,1.74539,1.00,1.37
2017.02.13 18:41:05.761,1.74501,1.7454,1.00,1.37
2017.02.13 18:41:05.863,1.74499,1.7454,1.00,1.37
2017.02.13 18:41:06.117,1.74499,1.74539,1.00,1.37
2017.02.13 18:41:06.270,1.74497,1.74537,1.00,1.37
2017.02.13 18:41:06.600,1.74499,1.74539,1.00,1.37
2017.02.13 18:41:07.812,1.74499,1.74539,1.00,1.37
2017.02.13 18:41:09.671,1.74498,1.74539,1.00,1.37
2017.02.13 18:41:10.913,1.745,1.74541,1.00,1.37
2017.02.13 18:41:11.779,1.745,1.74541,1.00,1.37
2017.02.13 18:41:11.880,1.74498,1.74539,1.00,1.37
2017.02.13 18:41:13.233,1.74498,1.74539,1.00,1.37
2017.02.13 18:41:13.284,1.74496,1.74537,1.00,1.37
2017.02.13 18:41:13.335,1.74499,1.74537,1.00,1.87
2017.02.13 18:41:13.386,1.74494,1.74532,1.00,1.37
2017.02.13 18:41:13.437,1.74491,1.74532,1.00,1.37
2017.02.13 18:41:14.402,1.74489,1.7453,1.00,1.37
2017.02.13 18:41:17.185,1.7449,1.74531,1.00,1.37
2017.02.13 18:41:17.287,1.74492,1.74533,1.00,1.37
2017.02.13 18:41:17.813,1.74487,1.74529,1.00,1.37
2017.02.13 18:41:17.914,1.74484,1.74528,1.00,1.37
2017.02.13 18:41:18.417,1.74481,1.74525,1.50,1.37
2017.02.13 18:41:18.468,1.74481,1.74525,1.50,1.37
2017.02.13 18:41:19.388,1.74481,1.74523,1.50,1.37
2017.02.13 18:41:19.690,1.74473,1.74515,1.00,1.37
2017.02.13 18:41:20.017,1.74474,1.74517,1.00,1.37
2017.02.13 18:41:20.118,1.74477,1.74519,1.00,1.37
2017.02.13 18:41:20.320,1.74477,1.74519,1.00,1.37
2017.02.13 18:41:21.301,1.74482,1.74519,1.00,1.37
2017.02.13 18:41:22.499,1.74482,1.74521,1.00,1.37
2017.02.13 18:41:27.015,1.74486,1.74527,1.00,1.37
2017.02.13 18:41:27.065,1.74486,1.74527,1.00,1.37
2017.02.13 18:41:27.167,1.74487,1.74527,1.00,1.37
2017.02.13 18:41:27.712,1.74487,1.74527,1.00,1.37
2017.02.13 18:41:29.350,1.74486,1.74526,1.00,1.37
2017.02.13 18:41:30.037,1.74485,1.74525,1.00,1.37
2017.02.13 18:41:30.463,1.74484,1.74525,1.00,1.37
2017.02.13 18:41:30.608,1.74484,1.74525,1.00,1.37
2017.02.13 18:41:30.729,1.74489,1.7453,1.00,1.37
2017.02.13 18:41:31.032,1.74489,1.7453,1.00,1.37
2017.02.13 18:41:31.426,1.74485,1.74526,1.00,1.37
2017.02.13 18:41:31.528,1.74482,1.74524,1.00,1.37
2017.02.13 18:41:31.679,1.74479,1.74521,1.50,1.37
2017.02.13 18:41:31.730,1.74482,1.74521,1.00,1.37
2017.02.13 18:41:32.238,1.74483,1.74522,1.00,1.37
2017.02.13 18:41:34.203,1.74483,1.74522,1.00,1.37
2017.02.13 18:41:34.304,1.74483,1.74522,1.00,1.37
2017.02.13 18:41:34.879,1.74483,1.74523,1.00,1.37
2017.02.13 18:41:35.086,1.74487,1.74529,1.00,1.37
2017.02.13 18:41:35.271,1.74487,1.74529,1.00,1.37
2017.02.13 18:41:35.322,1.74492,1.74531,1.00,1.37
2017.02.13 18:41:35.473,1.74489,1.74529,1.00,1.37
2017.02.13 18:41:35.678,1.74487,1.74527,1.00,1.37
2017.02.13 18:41:35.779,1.74485,1.74526,1.00,1.37
2017.02.13 18:41:35.981,1.74482,1.74523,1.50,1.37
2017.02.13 18:41:36.083,1.74487,1.74528,1.00,1.37
2017.02.13 18:41:36.436,1.7449,1.7453,1.00,1.37
2017.02.13 18:41:39.009,1.7449,1.74531,1.00,1.37
2017.02.13 18:41:39.161,1.74492,1.74533,1.00,1.37
2017.02.13 18:41:39.757,1.74493,1.74534,1.00,1.37
2017.02.13 18:41:40.286,1.74493,1.74534,1.00,1.37
2017.02.13 18:41:40.539,1.74481,1.74523,1.50,1.37
2017.02.13 18:41:40.811,1.74484,1.74524,1.00,1.37
2017.02.13 18:41:40.862,1.74484,1.74524,1.00,1.37
2017.02.13 18:41:40.963,1.74483,1.74527,1.00,1.37
2017.02.13 18:41:41.014,1.74486,1.74527,1.00,1.37
2017.02.13 18:41:42.196,1.74486,1.74527,1.00,1.37
2017.02.13 18:41:42.449,1.74477,1.74521,1.00,1.37
2017.02.13 18:41:42.633,1.74484,1.74525,1.00,1.50
2017.02.13 18:41:42.936,1.74485,1.74524,1.00,1.37
2017.02.13 18:41:43.643,1.74485,1.74523,1.00,1.37
2017.02.13 18:41:43.753,1.74483,1.74523,1.00,1.37
2017.02.13 18:41:45.383,1.74483,1.74522,1.00,1.37
2017.02.13 18:41:45.434,1.74483,1.74524,1.00,1.37
2017.02.13 18:41:45.611,1.74486,1.74525,1.00,2.25
2017.02.13 18:41:45.707,1.74488,1.74525,1.00,1.50
2017.02.13 18:41:45.859,1.74491,1.74532,1.00,2.25
2017.02.13 18:41:46.162,1.74485,1.74524,1.00,1.37
2017.02.13 18:41:46.892,1.74485,1.74526,1.00,1.37
2017.02.13 18:41:47.039,1.74485,1.74528,1.00,1.37
2017.02.13 18:41:47.376,1.74487,1.74528,1.00,1.37
2017.02.13 18:41:47.812,1.74486,1.74525,1.00,1.87
2017.02.13 18:41:47.863,1.74484,1.74525,1.00,1.87
2017.02.13 18:41:50.158,1.74484,1.74523,1.00,1.37
2017.02.13 18:41:50.794,1.74485,1.74525,1.00,1.87
2017.02.13 18:41:51.216,1.74485,1.74522,1.00,1.37
2017.02.13 18:41:51.419,1.7448,1.74518,1.00,1.37
2017.02.13 18:41:51.966,1.74481,1.74518,1.00,1.37
2017.02.13 18:41:52.543,1.7448,1.74518,1.00,1.37
2017.02.13 18:41:52.802,1.74483,1.74518,1.00,1.37
2017.02.13 18:41:53.341,1.74484,1.74518,1.00,1.37
2017.02.13 18:41:53.391,1.74484,1.74518,1.00,1.37
2017.02.13 18:41:53.442,1.74484,1.74518,1.00,1.37
2017.02.13 18:41:53.658,1.74487,1.74525,1.00,1.37
2017.02.13 18:41:53.991,1.7449,1.74525,1.00,1.37
2017.02.13 18:41:54.092,1.74487,1.74525,1.00,1.37
2017.02.13 18:41:55.139,1.74486,1.74525,1.00,1.37
2017.02.13 18:41:55.655,1.74487,1.74525,1.00,1.37
2017.02.13 18:41:58.060,1.74488,1.74525,1.00,1.37
2017.02.13 18:41:59.200,1.74483,1.74524,1.00,1.37
2017.02.13 18:41:59.797,1.74482,1.74522,1.00,1.37
2017.02.13 18:42:00.303,1.74486,1.74524,1.00,1.37
2017.02.13 18:42:00.404,1.74486,1.74525,1.00,1.37
2017.02.13 18:42:00.923,1.74485,1.74525,1.50,1.37
2017.02.13 18:42:01.231,1.74483,1.74525,1.00,1.37
2017.02.13 18:42:01.849,1.74483,1.74524,1.00,1.37
2017.02.13 18:42:02.109,1.74485,1.74525,1.00,1.37
2017.02.13 18:42:02.352,1.74483,1.74524,1.00,1.37
2017.02.13 18:42:02.661,1.7449,1.74532,1.50,3.00
2017.02.13 18:42:02.711,1.74491,1.74532,1.50,1.37
2017.02.13 18:42:02.813,1.74491,1.74533,1.00,1.37
2017.02.13 18:42:02.863,1.74488,1.74528,1.00,1.37
2017.02.13 18:42:02.914,1.74485,1.74526,1.00,1.37
2017.02.13 18:42:03.758,1.74487,1.74526,1.00,1.37
2017.02.13 18:42:04.818,1.74486,1.74526,1.00,1.37
2017.02.13 18:42:05.129,1.74486,1.74527,1.00,1.37
2017.02.13 18:42:06.420,1.74486,1.74527,1.00,1.37
2017.02.13 18:42:06.672,1.74484,1.74527,1.00,1.37
2017.02.13 18:42:08.198,1.74485,1.74527,1.00,1.37
2017.02.13 18:42:09.132,1.7449,1.74529,1.00,1.37
2017.02.13 18:42:09.183,1.74488,1.7453,1.00,1.37
2017.02.13 18:42:09.341,1.74494,1.74531,1.00,1.50
2017.02.13 18:42:09.442,1.74492,1.74532,1.00,1.37
2017.02.13 18:42:09.493,1.7449,1.74532,1.00,1.37
2017.02.13 18:42:09.595,1.74488,1.7453,1.00,1.37
2017.02.13 18:42:09.696,1.74486,1.74527,1.00,1.37
2017.02.13 18:42:09.893,1.74486,1.74527,1.00,1.37
2017.02.13 18:42:14.606,1.74488,1.74527,1.00,1.37
2017.02.13 18:42:16.097,1.74487,1.74527,1.00,1.37
2017.02.13 18:42:17.200,1.74487,1.74527,1.00,1.37
2017.02.13 18:42:19.047,1.74487,1.74527,1.00,1.37
2017.02.13 18:42:19.603,1.74486,1.74526,1.00,1.37
2017.02.13 18:42:20.160,1.74486,1.74526,1.00,1.37
2017.02.13 18:42:20.277,1.74486,1.74526,1.00,1.37
2017.02.13 18:42:21.317,1.74486,1.74528,1.00,1.37
2017.02.13 18:42:22.069,1.74486,1.74528,1.00,1.37
2017.02.13 18:42:22.119,1.74488,1.74529,1.00,1.50
2017.02.13 18:42:24.516,1.74488,1.74527,1.00,1.37
2017.02.13 18:42:24.816,1.74488,1.74529,1.00,1.50
2017.02.13 18:42:24.966,1.74488,1.74529,1.00,1.50
2017.02.13 18:42:25.745,1.74488,1.74529,1.00,1.50
2017.02.13 18:42:25.921,1.74488,1.74529,1.00,1.50
2017.02.13 18:42:30.031,1.74489,1.74529,1.00,1.50
2017.02.13 18:42:30.082,1.7449,1.74529,1.00,1.50
2017.02.13 18:42:30.589,1.7449,1.74529,1.00,1.50
2017.02.13 18:42:30.787,1.74488,1.74528,1.00,1.37
2017.02.13 18:42:30.989,1.74486,1.74526,1.00,1.87
2017.02.13 18:42:31.775,1.74486,1.74526,1.00,1.87
2017.02.13 18:42:31.906,1.74488,1.74526,1.00,1.37
2017.02.13 18:42:32.497,1.74487,1.74526,1.00,1.37
2017.02.13 18:42:33.028,1.74486,1.74526,1.00,1.37
2017.02.13 18:42:33.473,1.74484,1.74525,1.00,1.37
2017.02.13 18:42:34.723,1.74484,1.74524,1.00,1.37
2017.02.13 18:42:34.774,1.74484,1.74524,1.00,1.37
2017.02.13 18:42:36.824,1.74484,1.74525,1.00,1.37
2017.02.13 18:42:37.680,1.74485,1.74523,1.00,1.37
2017.02.13 18:42:37.731,1.74484,1.74522,1.00,1.37
2017.02.13 18:42:37.832,1.74482,1.74522,1.00,1.37
2017.02.13 18:42:37.883,1.74484,1.74523,1.00,1.37
2017.02.13 18:42:39.028,1.74485,1.74526,1.00,1.87
2017.02.13 18:42:39.420,1.74489,1.74526,1.00,1.37
2017.02.13 18:42:39.470,1.74487,1.74526,1.00,1.87
2017.02.13 18:42:39.521,1.74486,1.74526,1.00,1.87
2017.02.13 18:42:39.952,1.74489,1.74526,1.00,1.37
2017.02.13 18:42:40.003,1.74488,1.74528,1.00,1.37
2017.02.13 18:42:40.104,1.74489,1.74528,1.00,1.37
2017.02.13 18:42:40.535,1.74486,1.74525,1.00,1.37
2017.02.13 18:42:40.687,1.74495,1.74529,1.00,1.12
2017.02.13 18:42:40.737,1.74493,1.74534,1.00,1.87
2017.02.13 18:42:42.559,1.74493,1.74533,1.00,1.37
2017.02.13 18:42:42.610,1.7449,1.74532,1.00,1.37
2017.02.13 18:42:43.459,1.74489,1.74531,1.00,1.37
2017.02.13 18:42:44.229,1.74488,1.74531,1.00,1.37
2017.02.13 18:42:45.037,1.74492,1.74533,1.00,1.37
2017.02.13 18:42:45.145,1.74493,1.74533,1.00,1.37
2017.02.13 18:42:45.195,1.74496,1.74535,1.00,1.87
2017.02.13 18:42:45.554,1.74496,1.74535,1.00,1.87
2017.02.13 18:42:45.723,1.74495,1.74535,1.00,1.87
2017.02.13 18:42:45.774,1.74493,1.74533,1.00,1.37
2017.02.13 18:42:46.322,1.74491,1.74533,1.00,1.37
2017.02.13 18:42:48.916,1.74495,1.74534,1.00,1.37
2017.02.13 18:42:50.370,1.74496,1.74535,1.00,1.87
2017.02.13 18:42:51.444,1.74496,1.74535,1.00,1.87
2017.02.13 18:42:51.495,1.74502,1.74535,1.00,1.37
2017.02.13 18:42:51.546,1.74503,1.74543,1.00,3.00
2017.02.13 18:42:51.597,1.74499,1.74541,1.50,1.37
2017.02.13 18:42:51.647,1.74504,1.74543,1.00,1.50
2017.02.13 18:42:51.799,1.74506,1.74543,1.00,1.50
2017.02.13 18:42:51.901,1.74508,1.74546,1.00,1.12
2017.02.13 18:42:52.003,1.74505,1.74545,1.00,1.37
2017.02.13 18:42:52.164,1.74505,1.74545,1.00,1.37
2017.02.13 18:42:52.542,1.7451,1.74549,1.00,2.62
2017.02.13 18:42:52.900,1.7451,1.74549,1.00,1.37
2017.02.13 18:42:55.901,1.7451,1.74549,1.00,2.62
2017.02.13 18:42:55.952,1.74508,1.74549,1.00,3.37
2017.02.13 18:42:56.200,1.74506,1.74546,1.00,1.37
2017.02.13 18:42:56.251,1.74504,1.74546,1.00,1.37
2017.02.13 18:42:57.264,1.74503,1.74546,1.00,1.37
2017.02.13 18:42:57.315,1.74505,1.74546,1.00,1.37
2017.02.13 18:42:57.908,1.74505,1.74546,1.00,1.37
2017.02.13 18:42:57.959,1.74507,1.74546,1.00,1.37
2017.02.13 18:43:01.013,1.74507,1.74546,1.00,1.37
2017.02.13 18:43:02.294,1.74506,1.74546,1.00,1.37
2017.02.13 18:43:04.208,1.74506,1.74546,1.00,1.37
2017.02.13 18:43:04.415,1.74508,1.74549,1.00,1.87
2017.02.13 18:43:04.466,1.7451,1.74549,1.00,1.87
2017.02.13 18:43:04.781,1.7451,1.74549,1.00,1.87
2017.02.13 18:43:05.848,1.74507,1.74547,1.00,1.37
2017.02.13 18:43:06.389,1.74508,1.74549,1.00,1.87
2017.02.13 18:43:11.665,1.74508,1.74548,1.00,1.37
2017.02.13 18:43:12.004,1.74509,1.74549,1.00,1.87
2017.02.13 18:43:12.107,1.74507,1.74548,1.00,1.37
2017.02.13 18:43:12.716,1.74508,1.74547,1.00,1.37
2017.02.13 18:43:12.867,1.74509,1.74548,1.00,1.37
2017.02.13 18:43:13.018,1.74509,1.74548,1.00,1.37
2017.02.13 18:43:15.106,1.74508,1.74548,1.00,1.37
2017.02.13 18:43:15.408,1.74501,1.74541,1.50,2.62
2017.02.13 18:43:15.774,1.74498,1.74538,1.00,1.87
2017.02.13 18:43:16.666,1.74499,1.74538,1.00,2.62
2017.02.13 18:43:17.019,1.74497,1.74535,1.00,1.37
2017.02.13 18:43:17.622,1.74498,1.74535,1.00,1.37
2017.02.13 18:43:18.317,1.74496,1.74535,1.00,1.37
2017.02.13 18:43:19.616,1.74496,1.74535,1.00,1.37
2017.02.13 18:43:19.717,1.74497,1.74535,1.00,1.37
2017.02.13 18:43:20.209,1.74497,1.74535,1.00,1.37
2017.02.13 18:43:20.324,1.74499,1.74535,1.00,1.37
2017.02.13 18:43:21.219,1.74499,1.74535,1.00,1.37
2017.02.13 18:43:21.597,1.74499,1.74535,1.00,1.37
2017.02.13 18:43:21.647,1.74497,1.74535,1.00,1.37
2017.02.13 18:43:22.278,1.74497,1.74535,1.00,1.37
2017.02.13 18:43:22.480,1.74495,1.74535,1.00,1.37
2017.02.13 18:43:25.149,1.74494,1.74535,1.00,1.37
2017.02.13 18:43:26.229,1.74494,1.74534,1.00,1.37
2017.02.13 18:43:26.403,1.74494,1.74535,1.00,1.37
2017.02.13 18:43:26.454,1.74496,1.74535,1.00,1.37
2017.02.13 18:43:26.555,1.74496,1.74535,1.00,1.37
2017.02.13 18:43:26.656,1.74494,1.74534,1.00,1.37
2017.02.13 18:43:27.443,1.74494,1.74534,1.00,1.37
2017.02.13 18:43:28.447,1.74496,1.74535,1.00,1.87
2017.02.13 18:43:28.548,1.74496,1.74535,1.00,1.37
2017.02.13 18:43:28.772,1.74496,1.74536,1.00,1.37
2017.02.13 18:43:30.192,1.74496,1.74536,1.00,1.37
2017.02.13 18:43:30.708,1.74495,1.74536,1.00,1.37
2017.02.13 18:43:31.078,1.74495,1.74536,1.00,1.37
2017.02.13 18:43:31.129,1.74498,1.74536,1.00,1.37
2017.02.13 18:43:31.227,1.74496,1.74536,1.00,1.37
2017.02.13 18:43:32.077,1.74496,1.74536,1.00,1.37
2017.02.13 18:43:32.755,1.74496,1.74535,1.00,1.37
2017.02.13 18:43:33.161,1.74494,1.74536,1.00,1.37
2017.02.13 18:43:35.419,1.74495,1.74536,1.00,1.37
2017.02.13 18:43:44.152,1.74495,1.74536,1.00,1.37
2017.02.13 18:43:44.309,1.74496,1.74537,1.00,1.37
2017.02.13 18:43:46.899,1.745,1.74538,1.00,3.37
2017.02.13 18:43:46.949,1.745,1.74538,1.00,1.87
2017.02.13 18:43:47.000,1.74496,1.74536,1.00,1.37
2017.02.13 18:43:47.292,1.74496,1.74536,1.00,1.37
2017.02.13 18:43:47.390,1.74494,1.74536,1.00,1.37
2017.02.13 18:43:48.682,1.74494,1.74535,1.00,1.37
2017.02.13 18:43:49.214,1.74494,1.74535,1.00,1.37
2017.02.13 18:43:49.409,1.74492,1.74532,1.00,1.37
2017.02.13 18:43:49.510,1.74498,1.74535,1.00,1.37
2017.02.13 18:43:49.612,1.74493,1.74535,1.50,1.37
2017.02.13 18:43:49.662,1.74492,1.74532,1.00,1.37
2017.02.13 18:43:51.929,1.74491,1.74531,1.00,1.37
2017.02.13 18:43:52.162,1.74491,1.74531,1.00,1.37
2017.02.13 18:43:55.210,1.74493,1.74533,1.00,1.37
2017.02.13 18:43:55.760,1.74495,1.74534,1.00,1.37
2017.02.13 18:43:56.855,1.74495,1.74534,1.00,1.37
2017.02.13 18:43:58.378,1.74494,1.74534,1.00,1.37
2017.02.13 18:43:59.529,1.74495,1.74534,1.00,1.37
2017.02.13 18:43:59.908,1.74493,1.74534,1.00,1.37
2017.02.13 18:44:00.559,1.74495,1.74535,1.00,1.50
2017.02.13 18:44:02.436,1.74495,1.74536,1.00,1.75
2017.02.13 18:44:02.975,1.74496,1.74537,1.00,1.75
2017.02.13 18:44:04.859,1.74495,1.74534,1.00,1.37
2017.02.13 18:44:04.960,1.74493,1.74534,1.00,1.37
2017.02.13 18:44:05.011,1.74495,1.74535,1.00,1.50
2017.02.13 18:44:06.522,1.74494,1.74535,1.00,1.50
2017.02.13 18:44:07.312,1.74495,1.74534,1.00,1.37
2017.02.13 18:44:09.894,1.74495,1.74535,1.00,1.37
2017.02.13 18:44:10.790,1.74496,1.74536,1.00,1.37
2017.02.13 18:44:10.940,1.74494,1.74535,1.00,1.37
2017.02.13 18:44:11.785,1.74493,1.74534,1.00,1.37
2017.02.13 18:44:12.055,1.74492,1.74534,1.00,1.37
2017.02.13 18:44:12.156,1.7449,1.7453,1.00,1.37
2017.02.13 18:44:13.309,1.74491,1.74533,1.00,1.37
2017.02.13 18:44:13.977,1.74491,1.74531,1.00,1.37
2017.02.13 18:44:14.028,1.74491,1.74534,1.00,1.37
2017.02.13 18:44:15.156,1.74491,1.74534,1.00,1.37
2017.02.13 18:44:19.692,1.74491,1.74534,1.00,1.37
2017.02.13 18:44:19.793,1.74491,1.74525,1.00,1.37
2017.02.13 18:44:19.844,1.74491,1.74524,1.00,1.37
2017.02.13 18:44:19.945,1.74482,1.74524,1.50,1.37
2017.02.13 18:44:19.996,1.74483,1.74525,1.00,1.37
2017.02.13 18:44:20.097,1.74482,1.74524,1.50,1.37
2017.02.13 18:44:20.302,1.74482,1.74526,1.00,1.87
2017.02.13 18:44:20.353,1.74482,1.74524,1.00,1.37
2017.02.13 18:44:20.724,1.74484,1.74526,1.00,1.37
2017.02.13 18:44:20.774,1.74486,1.74528,1.00,1.50
2017.02.13 18:44:20.825,1.74486,1.74528,1.00,1.50
2017.02.13 18:44:20.941,1.74484,1.74528,1.00,1.37
2017.02.13 18:44:20.992,1.74484,1.74528,1.00,1.37
2017.02.13 18:44:21.322,1.74484,1.74528,1.00,1.37
2017.02.13 18:44:21.884,1.74485,1.74529,1.00,1.37
2017.02.13 18:44:21.935,1.74485,1.74529,1.00,1.37
2017.02.13 18:44:22.281,1.74485,1.74529,1.00,1.37
2017.02.13 18:44:22.392,1.74485,1.74529,1.00,1.37
2017.02.13 18:44:23.322,1.74487,1.74531,1.00,1.37
2017.02.13 18:44:24.894,1.74484,1.74528,1.00,1.37
2017.02.13 18:44:24.944,1.74486,1.7453,1.00,1.37
2017.02.13 18:44:25.590,1.74487,1.74531,1.00,1.37
2017.02.13 18:44:26.848,1.74486,1.7453,1.00,1.37
2017.02.13 18:44:27.389,1.74486,1.74528,1.00,1.37
2017.02.13 18:44:27.708,1.74481,1.7452,1.00,1.37
2017.02.13 18:44:27.770,1.74477,1.74517,1.00,1.87
2017.02.13 18:44:27.820,1.74475,1.74519,1.50,1.37
2017.02.13 18:44:27.871,1.74474,1.74518,1.75,1.37
2017.02.13 18:44:27.922,1.74474,1.74518,1.00,1.37
2017.02.13 18:44:28.152,1.74475,1.74519,1.00,1.37
2017.02.13 18:44:28.613,1.74477,1.74521,1.00,2.25
2017.02.13 18:44:28.816,1.74475,1.74517,1.00,1.37
2017.02.13 18:44:28.917,1.74473,1.74515,1.00,1.37
2017.02.13 18:44:29.220,1.74472,1.74513,1.00,1.37
2017.02.13 18:44:29.738,1.74471,1.74513,1.50,1.37
2017.02.13 18:44:31.802,1.74472,1.74513,1.00,1.37
2017.02.13 18:44:31.903,1.74472,1.74513,1.00,1.37
2017.02.13 18:44:32.527,1.74471,1.74513,1.50,1.37
2017.02.13 18:44:32.578,1.74467,1.74511,1.00,1.37
2017.02.13 18:44:32.629,1.74467,1.74511,1.00,1.37
2017.02.13 18:44:32.743,1.7447,1.74514,1.00,1.37
2017.02.13 18:44:33.080,1.74475,1.74517,1.00,1.37
2017.02.13 18:44:33.132,1.74475,1.74518,1.00,1.37
2017.02.13 18:44:33.183,1.74475,1.74518,1.00,1.37
2017.02.13 18:44:33.777,1.74474,1.74518,1.00,1.37
2017.02.13 18:44:34.360,1.74476,1.74518,1.00,1.37
2017.02.13 18:44:35.162,1.74476,1.74518,1.00,1.37
2017.02.13 18:44:35.213,1.7448,1.74522,1.00,1.37
2017.02.13 18:44:35.264,1.7448,1.74522,1.00,1.37
2017.02.13 18:44:35.315,1.7448,1.74522,1.00,1.37
2017.02.13 18:44:35.689,1.74479,1.74521,1.00,1.37
2017.02.13 18:44:35.942,1.74467,1.74509,1.00,1.37
2017.02.13 18:44:38.940,1.74467,1.74509,1.00,1.37
2017.02.13 18:44:39.042,1.74468,1.74512,1.00,1.37
2017.02.13 18:44:39.680,1.74469,1.74513,1.00,1.37
2017.02.13 18:44:39.730,1.74471,1.74513,1.00,1.37
2017.02.13 18:44:40.041,1.7447,1.74514,1.00,1.37
2017.02.13 18:44:40.767,1.74467,1.74511,1.00,1.37
2017.02.13 18:44:41.153,1.74469,1.74511,1.00,1.37
2017.02.13 18:44:41.889,1.74468,1.7451,1.00,1.37
2017.02.13 18:44:42.625,1.74467,1.74509,1.00,1.37
2017.02.13 18:44:42.960,1.74467,1.74509,1.00,1.37
2017.02.13 18:44:43.179,1.74467,1.74509,1.00,1.37
2017.02.13 18:44:43.477,1.74463,1.74506,1.00,1.37
2017.02.13 18:44:43.528,1.74462,1.74506,1.50,1.37
2017.02.13 18:44:43.989,1.74464,1.74508,1.00,1.87
2017.02.13 18:44:44.040,1.74464,1.74505,1.00,1.37
2017.02.13 18:44:44.141,1.74466,1.74507,1.00,1.37
2017.02.13 18:44:44.623,1.74464,1.74505,1.00,1.37
2017.02.13 18:44:44.706,1.74462,1.74504,1.50,1.37
2017.02.13 18:44:44.756,1.74462,1.74503,1.50,1.37
2017.02.13 18:44:44.823,1.74462,1.74503,1.50,1.37
2017.02.13 18:44:45.076,1.74462,1.74502,1.00,1.37
2017.02.13 18:44:45.177,1.7446,1.74502,1.00,1.87
2017.02.13 18:44:45.227,1.7446,1.74502,1.00,1.87
2017.02.13 18:44:45.278,1.74458,1.74502,1.00,1.37
2017.02.13 18:44:45.480,1.74456,1.745,1.00,1.87
2017.02.13 18:44:46.020,1.74455,1.74496,1.00,1.37
2017.02.13 18:44:46.071,1.74453,1.74495,1.00,1.37
2017.02.13 18:44:46.176,1.74453,1.74495,1.00,1.37
2017.02.13 18:44:46.509,1.74451,1.74495,1.50,1.87
2017.02.13 18:44:47.028,1.74452,1.74495,1.00,1.37
2017.02.13 18:44:47.129,1.74452,1.74494,1.50,1.37
2017.02.13 18:44:47.564,1.74454,1.74497,1.00,1.37
2017.02.13 18:44:47.614,1.74454,1.74498,1.00,1.37
2017.02.13 18:44:47.665,1.74454,1.74498,1.00,1.37
2017.02.13 18:44:48.190,1.74453,1.74495,1.00,1.37
2017.02.13 18:44:48.747,1.74453,1.74497,1.00,1.37
2017.02.13 18:44:48.846,1.74453,1.74497,1.00,1.37
2017.02.13 18:44:49.761,1.74454,1.74498,1.00,1.87
2017.02.13 18:44:49.812,1.74462,1.74504,1.00,1.37
2017.02.13 18:44:50.115,1.74464,1.74508,1.00,1.87
2017.02.13 18:44:50.685,1.74464,1.74506,1.00,1.37
2017.02.13 18:44:51.778,1.74465,1.74507,1.00,1.37
2017.02.13 18:44:53.181,1.74465,1.74507,1.00,1.37
2017.02.13 18:44:53.580,1.74466,1.74508,1.00,1.37
2017.02.13 18:44:54.759,1.74466,1.74508,1.00,1.37
2017.02.13 18:44:54.861,1.74459,1.74503,1.00,1.87
2017.02.13 18:44:54.911,1.74458,1.745,1.00,1.37
2017.02.13 18:44:56.856,1.74458,1.745,1.00,1.87
2017.02.13 18:44:57.939,1.74458,1.745,1.00,1.87
2017.02.13 18:44:57.990,1.74456,1.74497,1.00,1.37
2017.02.13 18:44:58.091,1.74455,1.74497,1.00,1.37
2017.02.13 18:44:58.684,1.74455,1.74496,2.25,1.12
2017.02.13 18:44:58.735,1.74458,1.74499,1.00,1.37
2017.02.13 18:44:58.786,1.74455,1.74499,1.00,1.37
2017.02.13 18:44:58.837,1.74457,1.74499,1.00,1.37
2017.02.13 18:44:59.147,1.74459,1.745,1.00,1.37
2017.02.13 18:44:59.709,1.74461,1.74502,1.00,1.37
2017.02.13 18:45:00.032,1.74461,1.74504,1.00,1.37
2017.02.13 18:45:01.265,1.74461,1.74503,1.00,1.37
2017.02.13 18:45:01.933,1.74461,1.74503,1.50,1.37
2017.02.13 18:45:02.584,1.74461,1.74503,1.50,1.37
2017.02.13 18:45:02.844,1.74464,1.74506,1.00,1.37
2017.02.13 18:45:02.895,1.74471,1.7451,1.00,1.37
2017.02.13 18:45:03.046,1.74461,1.74503,1.00,1.37
2017.02.13 18:45:03.097,1.74462,1.74506,1.00,1.37
2017.02.13 18:45:03.148,1.7446,1.74503,1.00,1.37
2017.02.13 18:45:03.199,1.74459,1.74501,1.00,1.37
2017.02.13 18:45:03.300,1.74457,1.74501,1.00,1.37
2017.02.13 18:45:05.703,1.74456,1.745,1.00,1.37
2017.02.13 18:45:05.997,1.74457,1.74501,1.00,1.37
2017.02.13 18:45:07.464,1.74459,1.74503,1.00,1.37
2017.02.13 18:45:08.112,1.74461,1.74503,1.00,1.37
2017.02.13 18:45:09.777,1.74457,1.74499,1.00,1.37
2017.02.13 18:45:10.218,1.74458,1.74502,1.00,1.37
2017.02.13 18:45:10.529,1.74458,1.745,1.00,1.37
2017.02.13 18:45:10.613,1.74456,1.745,1.00,1.37
2017.02.13 18:45:11.902,1.74455,1.74497,1.00,1.37
2017.02.13 18:45:12.629,1.74454,1.74496,1.00,1.37
2017.02.13 18:45:12.889,1.74452,1.74497,1.50,1.37
2017.02.13 18:45:12.940,1.74453,1.74495,1.00,1.37
2017.02.13 18:45:12.991,1.74453,1.74495,1.00,1.37
2017.02.13 18:45:13.092,1.74451,1.74495,1.00,1.37
2017.02.13 18:45:13.550,1.74451,1.74495,1.00,1.37
2017.02.13 18:45:13.817,1.74453,1.74494,1.00,1.37
2017.02.13 18:45:14.239,1.74451,1.74495,1.00,1.37
2017.02.13 18:45:14.487,1.74455,1.74497,1.00,1.37
2017.02.13 18:45:14.581,1.74455,1.74497,1.00,1.37
2017.02.13 18:45:14.633,1.74456,1.745,1.00,1.37
2017.02.13 18:45:14.817,1.74459,1.74501,1.00,1.37
2017.02.13 18:45:15.146,1.74459,1.74501,1.00,1.37
2017.02.13 18:45:15.247,1.74453,1.74497,1.00,1.37
2017.02.13 18:45:15.661,1.7445,1.74494,1.00,1.37
2017.02.13 18:45:16.022,1.74452,1.74494,1.00,1.37
2017.02.13 18:45:16.717,1.74456,1.745,1.00,1.37
2017.02.13 18:45:16.818,1.74455,1.74497,1.00,1.37
2017.02.13 18:45:19.972,1.74457,1.74501,1.00,1.37
2017.02.13 18:45:20.023,1.74457,1.74501,1.00,1.37
2017.02.13 18:45:20.074,1.74459,1.74501,1.00,1.37
2017.02.13 18:45:20.635,1.74459,1.74503,1.00,1.37
2017.02.13 18:45:21.040,1.74461,1.74503,1.00,1.37
2017.02.13 18:45:21.847,1.7446,1.74502,1.00,1.37
2017.02.13 18:45:22.141,1.74459,1.74503,1.00,1.37
2017.02.13 18:45:22.192,1.74462,1.74503,1.00,1.37
2017.02.13 18:45:22.524,1.74462,1.74503,1.00,1.37
2017.02.13 18:45:23.045,1.74462,1.74503,1.00,1.37
2017.02.13 18:45:25.276,1.74461,1.74503,1.00,1.37
2017.02.13 18:45:28.823,1.7446,1.74502,1.00,1.37
2017.02.13 18:45:29.141,1.74461,1.74505,1.00,1.37
2017.02.13 18:45:29.928,1.74461,1.74503,1.00,1.37
2017.02.13 18:45:30.155,1.74461,1.74503,1.00,1.37
2017.02.13 18:45:31.257,1.74461,1.74503,1.00,1.37
2017.02.13 18:45:31.358,1.74459,1.74499,1.00,1.37
2017.02.13 18:45:31.459,1.74457,1.74499,1.00,1.37
2017.02.13 18:45:31.854,1.74457,1.74501,1.00,1.37
2017.02.13 18:45:33.743,1.74459,1.74501,1.00,1.37
2017.02.13 18:45:34.648,1.74459,1.74501,1.00,1.37
2017.02.13 18:45:34.966,1.74458,1.74502,1.00,1.37
2017.02.13 18:45:35.016,1.7446,1.74502,1.00,1.37
2017.02.13 18:45:35.422,1.74459,1.74503,1.00,1.37
2017.02.13 18:45:35.474,1.74459,1.74503,1.00,1.37
2017.02.13 18:45:36.727,1.7446,1.74504,1.00,1.87
2017.02.13 18:45:36.778,1.74462,1.74504,1.00,1.37
2017.02.13 18:45:36.829,1.74462,1.74504,1.00,1.37
2017.02.13 18:45:36.980,1.74461,1.74504,1.00,1.37
2017.02.13 18:45:37.402,1.74462,1.74504,1.00,1.87
2017.02.13 18:45:37.890,1.74462,1.74504,1.00,1.87
2017.02.13 18:45:38.739,1.74461,1.74503,1.50,1.37
2017.02.13 18:45:38.941,1.74463,1.74505,1.00,1.37
2017.02.13 18:45:39.045,1.74465,1.74507,1.00,1.37
2017.02.13 18:45:43.234,1.74464,1.74506,1.00,1.37
2017.02.13 18:45:43.967,1.74463,1.74507,1.00,1.37
2017.02.13 18:45:51.366,1.74464,1.74508,1.00,1.37
2017.02.13 18:45:51.709,1.74464,1.74508,1.00,1.37
2017.02.13 18:45:52.318,1.74465,1.74507,1.00,1.37
2017.02.13 18:45:56.558,1.74465,1.74507,1.00,1.37
2017.02.13 18:45:56.710,1.74467,1.74509,1.00,1.37
2017.02.13 18:45:56.998,1.74465,1.74509,1.00,1.37
2017.02.13 18:45:59.396,1.74467,1.74508,1.00,1.37
2017.02.13 18:46:02.451,1.74467,1.74509,1.00,1.37
2017.02.13 18:46:02.681,1.74465,1.74507,1.00,1.37
2017.02.13 18:46:03.188,1.74472,1.74507,1.00,1.37
2017.02.13 18:46:05.656,1.74472,1.7451,1.00,1.37
2017.02.13 18:46:05.807,1.74467,1.74509,1.00,1.37
2017.02.13 18:46:05.858,1.74466,1.74508,1.00,1.37
2017.02.13 18:46:07.364,1.74464,1.74506,1.00,1.37
2017.02.13 18:46:08.646,1.74463,1.74507,1.00,1.37
2017.02.13 18:46:09.225,1.74464,1.74508,1.00,1.37
2017.02.13 18:46:10.164,1.74463,1.74508,1.00,1.37
2017.02.13 18:46:11.205,1.74463,1.74507,1.00,1.37
2017.02.13 18:46:15.431,1.74461,1.74505,1.50,1.37
2017.02.13 18:46:18.560,1.74461,1.74505,1.50,1.37
2017.02.13 18:46:18.712,1.74464,1.74506,1.00,1.37
2017.02.13 18:46:19.879,1.74464,1.74508,1.00,1.37
2017.02.13 18:46:21.031,1.74464,1.74508,1.00,1.37
2017.02.13 18:46:21.101,1.7447,1.7451,1.00,1.37
2017.02.13 18:46:21.239,1.74472,1.7451,1.50,1.12
2017.02.13 18:46:21.580,1.74473,1.74517,1.00,1.37
2017.02.13 18:46:21.631,1.74471,1.74515,1.00,1.37
2017.02.13 18:46:21.682,1.74472,1.74514,1.00,1.37
2017.02.13 18:46:21.834,1.74468,1.74512,1.00,1.37
2017.02.13 18:46:21.885,1.74471,1.74513,1.00,1.37
2017.02.13 18:46:22.587,1.74471,1.74513,1.00,1.37
2017.02.13 18:46:22.942,1.74471,1.74513,1.00,1.37
2017.02.13 18:46:26.746,1.74472,1.74514,1.00,1.37
2017.02.13 18:46:27.091,1.7447,1.74514,1.00,1.37
2017.02.13 18:46:28.696,1.7447,1.74514,1.00,1.37
2017.02.13 18:46:28.747,1.7447,1.74514,1.00,1.37
2017.02.13 18:46:28.797,1.74471,1.74515,1.00,1.37
2017.02.13 18:46:28.848,1.74469,1.74513,1.00,1.37
2017.02.13 18:46:28.901,1.74469,1.74513,1.00,1.37
2017.02.13 18:46:30.008,1.7447,1.74514,1.00,1.37
2017.02.13 18:46:30.331,1.7447,1.74514,1.00,1.37
2017.02.13 18:46:30.921,1.74469,1.74513,1.00,1.37
2017.02.13 18:46:32.418,1.74471,1.74513,1.00,1.37
2017.02.13 18:46:33.500,1.74471,1.74511,1.00,2.62
2017.02.13 18:46:33.551,1.74469,1.74511,1.00,1.37
2017.02.13 18:46:33.820,1.7447,1.74512,1.00,1.37
2017.02.13 18:46:33.984,1.7447,1.74512,1.00,1.37
2017.02.13 18:46:34.704,1.74471,1.74513,1.00,1.37
2017.02.13 18:46:34.906,1.74473,1.74514,1.00,1.37
2017.02.13 18:46:36.015,1.74473,1.74515,1.00,1.37
2017.02.13 18:46:37.614,1.74473,1.74515,1.00,1.37
2017.02.13 18:46:41.540,1.74473,1.74517,1.00,1.37
2017.02.13 18:46:41.692,1.74471,1.74513,1.50,1.37
2017.02.13 18:46:43.552,1.74471,1.74512,1.00,1.37
2017.02.13 18:46:43.653,1.74473,1.74515,1.00,1.37
2017.02.13 18:46:43.754,1.74471,1.74514,1.00,1.37
2017.02.13 18:46:43.911,1.74471,1.74512,1.00,1.37
2017.02.13 18:46:44.575,1.74471,1.74512,1.00,1.37
2017.02.13 18:46:48.718,1.74472,1.74516,1.00,1.37
2017.02.13 18:46:48.769,1.74475,1.74517,1.00,1.37
2017.02.13 18:46:51.332,1.74474,1.74516,1.00,1.37
2017.02.13 18:46:54.205,1.74473,1.74515,1.00,1.37
2017.02.13 18:46:54.255,1.74464,1.74508,1.00,1.37
2017.02.13 18:46:54.356,1.74462,1.74506,1.00,1.37
2017.02.13 18:46:54.881,1.74463,1.74505,1.00,1.37
2017.02.13 18:46:54.932,1.74465,1.74507,1.00,1.37
2017.02.13 18:46:54.983,1.74467,1.74509,1.00,1.37
2017.02.13 18:46:55.954,1.74468,1.7451,1.00,1.37
2017.02.13 18:46:56.413,1.74469,1.74511,1.00,1.37
2017.02.13 18:46:56.752,1.74472,1.74513,1.00,1.37
2017.02.13 18:46:59.107,1.74472,1.74511,1.00,1.37
2017.02.13 18:46:59.157,1.74469,1.74511,1.00,1.37
2017.02.13 18:46:59.208,1.74467,1.74511,1.00,1.37
2017.02.13 18:47:02.282,1.74467,1.74511,1.00,1.37
2017.02.13 18:47:02.333,1.74471,1.74515,1.00,1.37
2017.02.13 18:47:02.384,1.74474,1.74516,1.00,1.37
2017.02.13 18:47:02.435,1.74475,1.74517,1.00,1.87
2017.02.13 18:47:02.486,1.74475,1.74517,1.00,1.87
2017.02.13 18:47:03.582,1.74476,1.74517,1.00,1.37
2017.02.13 18:47:03.633,1.74474,1.74517,1.00,1.37
2017.02.13 18:47:04.419,1.74475,1.74517,1.00,1.37
2017.02.13 18:47:09.639,1.74475,1.74517,1.00,1.37
2017.02.13 18:47:10.355,1.74475,1.74517,1.00,1.37
2017.02.13 18:47:13.713,1.74474,1.74516,1.00,1.37
2017.02.13 18:47:14.304,1.74474,1.74516,1.00,1.37
2017.02.13 18:47:14.355,1.74472,1.74516,1.00,1.37
2017.02.13 18:47:15.835,1.74473,1.74517,1.00,1.37
2017.02.13 18:47:16.623,1.74473,1.74515,1.00,1.37
2017.02.13 18:47:17.798,1.74472,1.74516,1.00,1.37
2017.02.13 18:47:20.059,1.74472,1.74516,1.00,1.37
2017.02.13 18:47:20.369,1.74472,1.74514,1.50,1.37
2017.02.13 18:47:20.571,1.74471,1.74515,1.00,1.37
2017.02.13 18:47:21.172,1.74472,1.74516,1.00,1.37
2017.02.13 18:47:23.292,1.74472,1.74516,1.00,1.37
2017.02.13 18:47:23.343,1.7447,1.74514,1.00,1.37
2017.02.13 18:47:23.835,1.74468,1.74512,1.00,1.37
2017.02.13 18:47:25.091,1.74469,1.74513,1.00,1.37
2017.02.13 18:47:25.142,1.74469,1.74511,1.00,1.12
2017.02.13 18:47:25.243,1.74471,1.74513,1.00,1.37
2017.02.13 18:47:25.345,1.74468,1.74512,1.00,1.37
2017.02.13 18:47:27.571,1.74468,1.74512,1.00,1.37
2017.02.13 18:47:30.416,1.74468,1.7451,1.00,1.37
2017.02.13 18:47:30.467,1.74469,1.74511,1.00,1.37
2017.02.13 18:47:30.749,1.74469,1.74511,1.00,1.37
2017.02.13 18:47:30.800,1.74467,1.74509,1.00,1.37
2017.02.13 18:47:32.565,1.74467,1.74509,1.00,1.37
2017.02.13 18:47:33.382,1.74467,1.7451,1.00,1.37
2017.02.13 18:47:35.222,1.74466,1.7451,1.00,1.37
2017.02.13 18:47:35.878,1.74466,1.7451,1.00,1.37
2017.02.13 18:47:37.061,1.74465,1.74507,1.00,1.37
2017.02.13 18:47:37.181,1.74466,1.7451,1.00,1.37
2017.02.13 18:47:37.333,1.74466,1.7451,1.00,1.12
2017.02.13 18:47:37.509,1.74473,1.74515,1.00,1.37
2017.02.13 18:47:37.779,1.7447,1.74512,1.00,1.37
2017.02.13 18:47:37.830,1.74465,1.74506,1.00,1.37
2017.02.13 18:47:38.082,1.74461,1.74505,1.00,1.37
2017.02.13 18:47:38.133,1.74463,1.74505,1.00,1.37
2017.02.13 18:47:38.234,1.74464,1.74506,1.00,1.37
2017.02.13 18:47:38.385,1.74462,1.74506,1.00,1.37
2017.02.13 18:47:38.436,1.74464,1.74506,1.00,1.37
2017.02.13 18:47:38.798,1.74465,1.74509,1.00,1.37
2017.02.13 18:47:40.159,1.74466,1.7451,1.00,1.37
2017.02.13 18:47:40.595,1.74468,1.7451,1.00,1.37
2017.02.13 18:47:40.646,1.74466,1.7451,1.00,1.37
2017.02.13 18:47:41.539,1.74467,1.74511,1.00,1.87
2017.02.13 18:47:41.590,1.74467,1.74509,1.00,1.37
2017.02.13 18:47:42.845,1.74465,1.74509,1.00,1.37
2017.02.13 18:47:43.352,1.74464,1.74506,1.00,1.37
2017.02.13 18:47:43.897,1.74467,1.74509,1.00,1.37
2017.02.13 18:47:44.416,1.74467,1.74509,1.00,1.37
2017.02.13 18:47:44.467,1.74467,1.74509,1.00,1.37
2017.02.13 18:47:44.518,1.74472,1.74514,1.00,1.12
2017.02.13 18:47:44.619,1.74474,1.74518,1.00,1.37
2017.02.13 18:47:44.988,1.74476,1.74519,1.00,1.37
2017.02.13 18:47:45.127,1.74474,1.74518,1.00,1.37
2017.02.13 18:47:45.178,1.74476,1.74518,1.00,1.37
2017.02.13 18:47:49.698,1.74476,1.74518,1.00,1.37
2017.02.13 18:47:49.749,1.74474,1.74518,1.00,1.37
2017.02.13 18:47:50.716,1.74475,1.74517,1.00,1.37
2017.02.13 18:47:50.919,1.74478,1.74519,1.00,1.37
2017.02.13 18:47:51.364,1.74478,1.74519,1.00,1.37
2017.02.13 18:47:51.617,1.74478,1.74519,1.00,1.37
2017.02.13 18:47:52.511,1.74478,1.74519,1.00,1.37
2017.02.13 18:47:54.883,1.74476,1.74519,1.00,1.37
2017.02.13 18:47:56.152,1.74476,1.7452,1.00,1.37
2017.02.13 18:47:56.253,1.74479,1.74521,1.00,1.37
2017.02.13 18:47:56.666,1.74478,1.7452,1.00,1.37
2017.02.13 18:47:56.868,1.74471,1.74515,2.25,1.37
2017.02.13 18:47:57.020,1.74471,1.74513,1.00,1.37
2017.02.13 18:47:58.556,1.74469,1.74513,1.00,1.37
2017.02.13 18:47:58.832,1.74468,1.74512,1.00,1.37
2017.02.13 18:48:02.976,1.74466,1.7451,1.00,1.37
2017.02.13 18:48:03.519,1.74466,1.7451,1.00,1.37
2017.02.13 18:48:04.054,1.74467,1.74511,1.00,1.37
2017.02.13 18:48:09.002,1.74467,1.74511,1.00,1.37
2017.02.13 18:48:09.053,1.74462,1.74506,1.00,1.37
2017.02.13 18:48:09.104,1.74464,1.74506,1.00,1.37
2017.02.13 18:48:09.626,1.74463,1.74505,1.00,1.37
2017.02.13 18:48:13.521,1.74462,1.74504,1.00,1.37
2017.02.13 18:48:15.012,1.74462,1.74504,1.00,1.37
2017.02.13 18:48:16.494,1.74466,1.74508,1.00,1.75
2017.02.13 18:48:16.573,1.74467,1.74511,1.00,1.87
2017.02.13 18:48:16.624,1.7447,1.74512,1.00,1.37
2017.02.13 18:48:16.826,1.74473,1.74517,1.00,1.37
2017.02.13 18:48:16.877,1.74473,1.74517,1.00,1.37
2017.02.13 18:48:17.189,1.74484,1.74526,1.00,1.37
2017.02.13 18:48:17.240,1.74482,1.74524,1.00,1.37
2017.02.13 18:48:17.291,1.74482,1.74524,1.00,1.37
2017.02.13 18:48:17.543,1.74483,1.74527,1.00,1.37
2017.02.13 18:48:18.312,1.74483,1.74527,1.00,1.37
2017.02.13 18:48:19.082,1.74484,1.74528,1.00,1.37
2017.02.13 18:48:21.823,1.74485,1.74529,1.00,1.37
2017.02.13 18:48:22.888,1.74486,1.74528,1.00,1.37
2017.02.13 18:48:23.040,1.74491,1.74531,1.00,1.37
2017.02.13 18:48:23.091,1.74493,1.74531,1.00,1.37
2017.02.13 18:48:23.394,1.74488,1.7453,1.00,1.37
2017.02.13 18:48:23.596,1.74484,1.74527,1.00,1.37
2017.02.13 18:48:24.043,1.74487,1.74529,1.00,1.37
2017.02.13 18:48:24.548,1.74487,1.74529,1.00,1.37
2017.02.13 18:48:24.599,1.74485,1.74527,1.00,1.37
2017.02.13 18:48:24.650,1.74483,1.74527,1.00,1.37
2017.02.13 18:48:24.802,1.74483,1.74527,1.00,1.37
2017.02.13 18:48:24.852,1.74481,1.74525,1.00,1.37
2017.02.13 18:48:25.359,1.74482,1.74524,1.00,1.37
2017.02.13 18:48:25.410,1.74482,1.74524,1.00,1.37
2017.02.13 18:48:25.967,1.74491,1.74528,1.00,1.37
2017.02.13 18:48:26.017,1.74494,1.74533,1.00,1.37
2017.02.13 18:48:26.068,1.74492,1.74534,1.00,1.37
2017.02.13 18:48:26.176,1.74496,1.7454,1.00,1.37
2017.02.13 18:48:26.277,1.74494,1.74538,1.00,1.37
2017.02.13 18:48:26.328,1.74494,1.74536,1.00,1.37
2017.02.13 18:48:26.426,1.74491,1.74535,1.00,1.37
2017.02.13 18:48:26.847,1.74491,1.74535,1.00,1.37
2017.02.13 18:48:27.409,1.74491,1.74535,1.00,1.37
2017.02.13 18:48:30.042,1.74491,1.74535,1.00,1.37
2017.02.13 18:48:30.244,1.74494,1.74536,1.00,1.37
2017.02.13 18:48:30.295,1.74495,1.74535,1.00,1.37
2017.02.13 18:48:31.356,1.74494,1.74534,1.00,1.37
2017.02.13 18:48:31.662,1.74502,1.74542,1.00,1.87
2017.02.13 18:48:31.713,1.74499,1.7454,1.00,1.37
2017.02.13 18:48:31.815,1.74501,1.74541,1.00,1.37
2017.02.13 18:48:32.025,1.74499,1.74539,1.00,1.37
2017.02.13 18:48:32.309,1.74499,1.74539,1.00,1.37
2017.02.13 18:48:33.759,1.74499,1.74539,1.00,1.87
2017.02.13 18:48:34.873,1.74499,1.74539,1.00,1.37
2017.02.13 18:48:35.626,1.74497,1.74539,1.00,1.37
2017.02.13 18:48:36.217,1.74496,1.74539,1.00,1.37
2017.02.13 18:48:36.725,1.74496,1.74539,1.00,1.37
2017.02.13 18:48:36.847,1.74496,1.74537,1.00,1.37
2017.02.13 18:48:38.531,1.74494,1.74538,1.00,1.37
2017.02.13 18:48:39.039,1.74493,1.74537,1.50,1.37
2017.02.13 18:48:40.140,1.74493,1.74535,1.50,1.37
2017.02.13 18:48:40.191,1.74495,1.74538,1.00,1.37
2017.02.13 18:48:40.242,1.74499,1.74541,1.00,1.37
2017.02.13 18:48:40.343,1.74495,1.74539,1.50,1.37
2017.02.13 18:48:40.394,1.74495,1.74539,1.50,1.37
2017.02.13 18:48:41.068,1.74494,1.74538,1.50,1.37
2017.02.13 18:48:42.732,1.74494,1.74538,1.50,1.37
2017.02.13 18:48:43.596,1.74495,1.74538,1.00,1.37
2017.02.13 18:48:43.647,1.74495,1.74538,1.00,1.37
2017.02.13 18:48:47.536,1.74495,1.74538,1.00,1.37
2017.02.13 18:48:47.637,1.74494,1.74538,1.00,1.87
2017.02.13 18:48:47.940,1.74491,1.74533,1.00,1.37
2017.02.13 18:48:48.807,1.7449,1.74532,1.00,1.37
2017.02.13 18:48:48.909,1.7449,1.74534,1.00,1.37
2017.02.13 18:48:48.959,1.74492,1.74534,1.00,1.37
2017.02.13 18:48:49.505,1.74493,1.74535,1.00,1.37
2017.02.13 18:48:49.802,1.74491,1.74533,1.00,1.37
2017.02.13 18:48:49.903,1.74491,1.74533,1.00,1.37
2017.02.13 18:48:50.613,1.74492,1.74536,1.00,2.62
2017.02.13 18:48:50.765,1.74494,1.74538,1.00,1.37
2017.02.13 18:48:50.816,1.74496,1.74538,1.00,1.37
2017.02.13 18:48:51.345,1.74497,1.74539,1.00,1.37
2017.02.13 18:48:51.434,1.74493,1.74537,1.00,1.37
2017.02.13 18:48:51.485,1.74493,1.74537,1.00,1.37
2017.02.13 18:48:51.788,1.74488,1.7453,1.00,1.37
2017.02.13 18:48:51.838,1.74486,1.7453,1.50,1.37
2017.02.13 18:48:52.038,1.74486,1.74529,1.00,1.87
2017.02.13 18:48:53.059,1.74485,1.74528,1.00,1.37
2017.02.13 18:48:55.363,1.74485,1.74528,1.00,1.37
2017.02.13 18:49:00.223,1.74486,1.74528,1.00,1.37
2017.02.13 18:49:00.360,1.74486,1.7453,1.00,1.37
2017.02.13 18:49:00.564,1.74486,1.7453,1.00,1.37
2017.02.13 18:49:01.014,1.74488,1.74529,1.00,1.37
2017.02.13 18:49:01.169,1.74487,1.74529,1.00,1.87
2017.02.13 18:49:01.220,1.74486,1.74528,1.00,1.37
2017.02.13 18:49:01.321,1.74488,1.74531,1.00,1.37
2017.02.13 18:49:01.523,1.74485,1.74529,1.00,1.37
2017.02.13 18:49:01.771,1.74485,1.74529,1.00,1.37
2017.02.13 18:49:02.644,1.74485,1.74529,1.00,1.37
2017.02.13 18:49:02.695,1.74487,1.74529,1.00,1.37
2017.02.13 18:49:05.777,1.74486,1.74527,1.00,1.37
2017.02.13 18:49:06.080,1.74482,1.74526,1.00,1.37
2017.02.13 18:49:07.107,1.7448,1.74522,1.50,1.37
2017.02.13 18:49:07.808,1.7448,1.74522,1.00,1.37
2017.02.13 18:49:12.281,1.74478,1.74522,1.50,1.37
2017.02.13 18:49:12.332,1.74478,1.74522,1.50,1.37
2017.02.13 18:49:12.383,1.74478,1.74522,1.00,1.37
2017.02.13 18:49:12.442,1.7448,1.74522,1.00,1.37
2017.02.13 18:49:13.189,1.7448,1.74522,1.00,1.37
2017.02.13 18:49:13.805,1.74479,1.74521,1.00,1.37
2017.02.13 18:49:13.958,1.74482,1.74524,1.00,1.37
2017.02.13 18:49:14.192,1.74481,1.74525,1.00,1.37
2017.02.13 18:49:15.404,1.74481,1.74525,1.00,1.37
2017.02.13 18:49:15.455,1.74481,1.74523,1.00,1.37
2017.02.13 18:49:15.506,1.74483,1.74525,1.00,1.37
2017.02.13 18:49:15.708,1.74485,1.74527,1.00,1.37
2017.02.13 18:49:16.394,1.74484,1.74528,1.50,1.37
2017.02.13 18:49:16.855,1.74484,1.74528,1.50,1.37
2017.02.13 18:49:17.440,1.74484,1.74527,1.00,1.37
2017.02.13 18:49:18.311,1.74483,1.74527,1.50,1.37
2017.02.13 18:49:19.258,1.74482,1.74524,1.00,1.37
2017.02.13 18:49:19.309,1.74482,1.74524,1.00,1.37
2017.02.13 18:49:19.932,1.74482,1.74526,1.00,1.37
2017.02.13 18:49:24.445,1.74483,1.74527,1.00,1.37
2017.02.13 18:49:24.571,1.74483,1.74527,1.00,1.37
2017.02.13 18:49:24.875,1.74478,1.74522,1.50,1.37
2017.02.13 18:49:24.926,1.7448,1.74522,1.00,1.37
2017.02.13 18:49:24.977,1.74478,1.7452,1.00,1.37
2017.02.13 18:49:25.548,1.74479,1.74523,1.00,1.37
2017.02.13 18:49:25.841,1.74481,1.74523,1.00,1.37
2017.02.13 18:49:28.187,1.74482,1.74526,1.00,2.62
2017.02.13 18:49:28.237,1.74484,1.74526,1.00,1.37
2017.02.13 18:49:28.288,1.74486,1.74528,1.00,1.37
2017.02.13 18:49:29.429,1.74484,1.74527,1.00,1.37
2017.02.13 18:49:29.661,1.74486,1.74528,1.00,1.37
2017.02.13 18:49:30.561,1.74486,1.74528,1.00,1.37
2017.02.13 18:49:30.612,1.74484,1.74526,1.00,1.37
2017.02.13 18:49:30.713,1.74484,1.74526,1.00,1.37
2017.02.13 18:49:33.945,1.74483,1.74526,1.00,1.37
2017.02.13 18:49:34.512,1.74482,1.74526,1.50,1.37
2017.02.13 18:49:35.864,1.74483,1.74527,1.00,1.37
2017.02.13 18:49:36.986,1.74483,1.74527,1.50,1.37
2017.02.13 18:49:37.138,1.7448,1.74522,1.00,1.37
2017.02.13 18:49:37.188,1.7448,1.74522,1.00,1.37
2017.02.13 18:49:37.290,1.74476,1.7452,1.50,1.37
2017.02.13 18:49:37.698,1.74479,1.74521,1.00,1.37
2017.02.13 18:49:38.220,1.7448,1.74522,1.00,1.37
2017.02.13 18:49:39.287,1.74482,1.74521,1.00,1.37
2017.02.13 18:49:39.338,1.7448,1.74521,1.00,1.37
2017.02.13 18:49:39.534,1.74481,1.74523,1.00,1.37
2017.02.13 18:49:39.585,1.74483,1.74524,1.00,1.37
2017.02.13 18:49:39.636,1.74487,1.74528,1.00,2.25
2017.02.13 18:49:39.687,1.74489,1.7453,1.00,1.12
2017.02.13 18:49:40.125,1.7449,1.7453,1.00,1.37
2017.02.13 18:49:42.151,1.74488,1.74529,1.00,1.37
2017.02.13 18:49:43.574,1.74489,1.7453,1.00,1.37
2017.02.13 18:49:44.508,1.74488,1.74529,1.00,1.37
2017.02.13 18:49:45.295,1.74487,1.74529,1.00,1.37
2017.02.13 18:49:47.167,1.74487,1.74529,1.00,1.37
2017.02.13 18:49:47.218,1.74487,1.74529,1.00,1.37
2017.02.13 18:49:48.385,1.74486,1.74527,1.00,1.37
2017.02.13 18:49:50.923,1.74486,1.74527,1.00,1.37
2017.02.13 18:49:54.082,1.74486,1.74527,1.00,1.37
2017.02.13 18:49:58.882,1.74486,1.74527,1.00,1.37
2017.02.13 18:49:58.951,1.74483,1.74527,1.50,1.37
2017.02.13 18:49:59.215,1.74485,1.74528,1.00,1.37
2017.02.13 18:50:00.560,1.74486,1.74528,1.00,1.37
2017.02.13 18:50:00.811,1.74483,1.74525,1.50,1.37
2017.02.13 18:50:01.496,1.74482,1.74523,1.00,1.37
2017.02.13 18:50:04.558,1.74482,1.74523,1.00,1.37
2017.02.13 18:50:09.786,1.74482,1.74523,1.50,1.37
2017.02.13 18:50:09.837,1.74488,1.74532,1.00,1.37
2017.02.13 18:50:09.888,1.74483,1.74527,1.00,1.37
2017.02.13 18:50:09.991,1.7449,1.74533,1.00,1.37
2017.02.13 18:50:10.044,1.74492,1.74532,1.00,1.37
2017.02.13 18:50:10.679,1.74492,1.74529,1.00,1.37
2017.02.13 18:50:10.831,1.74491,1.74528,1.00,1.37
2017.02.13 18:50:10.932,1.74492,1.74536,1.00,1.75
2017.02.13 18:50:11.034,1.74492,1.74533,1.00,1.37
2017.02.13 18:50:11.084,1.74492,1.74529,1.00,1.37
2017.02.13 18:50:11.394,1.74493,1.74526,1.00,1.37
2017.02.13 18:50:11.444,1.74483,1.74525,1.00,1.37
2017.02.13 18:50:11.748,1.74485,1.74524,1.00,1.37
2017.02.13 18:50:11.798,1.74482,1.74526,1.50,1.37
2017.02.13 18:50:11.900,1.74484,1.74526,1.00,1.37
2017.02.13 18:50:12.001,1.74484,1.74527,1.00,1.37
2017.02.13 18:50:12.153,1.74484,1.74527,1.00,1.37
2017.02.13 18:50:12.525,1.7448,1.74524,1.00,1.37
2017.02.13 18:50:12.626,1.74481,1.74525,1.00,1.37
2017.02.13 18:50:13.069,1.74483,1.74525,1.00,1.37
2017.02.13 18:50:13.120,1.74481,1.74525,1.00,1.37
2017.02.13 18:50:13.171,1.74483,1.74525,1.00,1.37
2017.02.13 18:50:13.495,1.74486,1.74526,1.00,1.37
2017.02.13 18:50:14.026,1.74486,1.74526,1.00,1.37
2017.02.13 18:50:14.643,1.74486,1.74526,1.00,1.37
2017.02.13 18:50:16.505,1.74486,1.74526,1.00,1.37
2017.02.13 18:50:16.858,1.74486,1.74526,1.00,1.37
2017.02.13 18:50:17.314,1.74484,1.74525,1.00,1.37
2017.02.13 18:50:18.184,1.74484,1.74525,1.00,1.37
2017.02.13 18:50:18.336,1.74476,1.74513,1.00,1.37
2017.02.13 18:50:18.501,1.74474,1.74513,1.00,1.37
2017.02.13 18:50:18.709,1.74477,1.74519,1.00,1.37
2017.02.13 18:50:18.760,1.74481,1.74518,1.00,1.37
2017.02.13 18:50:18.811,1.74478,1.74519,1.50,1.37
2017.02.13 18:50:18.862,1.74482,1.74523,1.00,1.87
2017.02.13 18:50:18.912,1.74483,1.74523,1.00,1.87
2017.02.13 18:50:18.964,1.74484,1.74525,1.00,1.37
2017.02.13 18:50:19.015,1.74486,1.74526,1.00,1.37
2017.02.13 18:50:19.344,1.74486,1.74525,1.00,1.37
2017.02.13 18:50:19.395,1.74484,1.74525,1.00,1.37
2017.02.13 18:50:19.612,1.74484,1.74525,1.00,1.37
2017.02.13 18:50:21.942,1.74484,1.74524,1.00,1.37
2017.02.13 18:50:25.467,1.74484,1.74524,1.00,1.37
2017.02.13 18:50:25.518,1.74484,1.74526,1.00,1.37
2017.02.13 18:50:25.569,1.74484,1.74526,1.00,1.37
2017.02.13 18:50:25.872,1.74486,1.74527,1.00,1.37
2017.02.13 18:50:25.923,1.74486,1.74527,1.00,1.37
2017.02.13 18:50:26.125,1.74486,1.74523,1.00,1.37
2017.02.13 18:50:26.512,1.74486,1.74525,1.00,1.37
2017.02.13 18:50:28.330,1.74483,1.74525,1.00,1.37
2017.02.13 18:50:28.381,1.74483,1.74525,1.00,1.37
2017.02.13 18:50:28.431,1.74483,1.74525,1.00,1.37
2017.02.13 18:50:29.147,1.74484,1.74526,1.00,1.37
2017.02.13 18:50:29.198,1.74486,1.74525,1.00,1.37
2017.02.13 18:50:29.249,1.74485,1.74529,1.50,1.37
2017.02.13 18:50:29.300,1.74485,1.74527,1.00,1.37
2017.02.13 18:50:29.401,1.74485,1.74525,1.00,1.37
2017.02.13 18:50:29.744,1.74484,1.74525,1.00,1.37
2017.02.13 18:50:30.132,1.74483,1.74525,1.00,1.37
2017.02.13 18:50:30.633,1.74484,1.74525,1.00,1.37
2017.02.13 18:50:31.072,1.74484,1.74525,1.00,1.37
2017.02.13 18:50:33.293,1.74485,1.74525,1.00,1.37
2017.02.13 18:50:33.753,1.74485,1.74525,1.00,1.37
2017.02.13 18:50:34.008,1.74485,1.74525,1.00,1.37
2017.02.13 18:50:34.389,1.74483,1.74525,1.50,1.37
2017.02.13 18:50:36.391,1.74483,1.74525,1.00,1.37
2017.02.13 18:50:36.896,1.74481,1.74522,1.00,1.37
2017.02.13 18:50:36.946,1.74482,1.74524,1.00,1.37
2017.02.13 18:50:37.890,1.74482,1.74524,1.00,1.37
2017.02.13 18:50:38.423,1.74481,1.74523,1.00,1.37
2017.02.13 18:50:38.838,1.74481,1.74523,1.00,1.37
2017.02.13 18:50:39.753,1.74481,1.74523,1.00,1.37
2017.02.13 18:50:45.843,1.74481,1.74523,1.00,1.37
2017.02.13 18:50:46.612,1.74483,1.74525,1.00,1.37
2017.02.13 18:50:46.663,1.74483,1.74525,1.50,1.37
2017.02.13 18:50:47.603,1.74482,1.74524,1.50,1.37
2017.02.13 18:50:48.832,1.74481,1.74522,1.00,1.37
2017.02.13 18:50:49.615,1.7448,1.74522,1.50,1.37
2017.02.13 18:50:50.193,1.74481,1.74522,1.00,1.37
2017.02.13 18:50:50.344,1.74483,1.74524,1.00,1.37
2017.02.13 18:50:51.076,1.74483,1.74525,1.50,1.37
2017.02.13 18:50:52.207,1.74483,1.74525,1.50,1.37
2017.02.13 18:50:55.461,1.74484,1.74526,1.00,1.37
2017.02.13 18:50:55.512,1.74482,1.74526,1.50,1.37
2017.02.13 18:50:55.563,1.74485,1.74524,1.00,1.37
2017.02.13 18:50:55.614,1.74483,1.74524,1.00,1.37
2017.02.13 18:50:55.715,1.74483,1.74524,1.00,1.37
2017.02.13 18:50:55.816,1.7448,1.74521,1.00,1.37
2017.02.13 18:50:57.741,1.74479,1.74521,1.50,1.37
2017.02.13 18:50:58.561,1.74481,1.74522,1.00,1.37
2017.02.13 18:50:58.850,1.74482,1.74522,1.00,1.37
2017.02.13 18:50:59.147,1.74483,1.74527,1.00,1.37
2017.02.13 18:50:59.299,1.74484,1.74527,1.00,1.37
2017.02.13 18:51:00.042,1.74484,1.74527,1.00,1.37
2017.02.13 18:51:00.545,1.74486,1.74528,1.00,1.37
2017.02.13 18:51:00.596,1.74485,1.74528,1.00,1.37
2017.02.13 18:51:00.798,1.74483,1.74525,1.50,1.37
2017.02.13 18:51:00.899,1.74485,1.74525,1.00,1.37
2017.02.13 18:51:00.950,1.74483,1.74525,1.50,1.37
2017.02.13 18:51:01.563,1.74483,1.74527,1.50,1.37
2017.02.13 18:51:01.684,1.74483,1.74527,1.50,1.37
2017.02.13 18:51:01.785,1.74483,1.74527,1.50,1.37
2017.02.13 18:51:02.000,1.74483,1.74527,1.50,1.37
2017.02.13 18:51:02.050,1.74483,1.74526,1.00,1.37
2017.02.13 18:51:02.855,1.74482,1.74525,1.00,1.37
2017.02.13 18:51:03.234,1.74482,1.74525,1.00,1.37
2017.02.13 18:51:03.285,1.7448,1.74522,1.00,1.37
2017.02.13 18:51:03.386,1.7448,1.74522,1.00,1.37
2017.02.13 18:51:03.437,1.7448,1.74524,1.50,1.37
2017.02.13 18:51:03.588,1.7448,1.74522,1.00,1.37
2017.02.13 18:51:04.856,1.7448,1.74522,1.00,1.37
2017.02.13 18:51:04.958,1.74482,1.74524,1.00,1.37
2017.02.13 18:51:05.218,1.74483,1.74525,1.00,1.37
2017.02.13 18:51:05.269,1.7448,1.74523,1.00,1.37
2017.02.13 18:51:05.320,1.7448,1.74521,1.00,1.37
2017.02.13 18:51:05.856,1.74479,1.74521,1.00,1.37
2017.02.13 18:51:07.223,1.74478,1.74521,1.00,1.37
2017.02.13 18:51:08.128,1.74478,1.74521,1.00,1.37
2017.02.13 18:51:08.703,1.7448,1.74522,1.00,1.37
2017.02.13 18:51:09.243,1.74482,1.74524,1.00,1.37
2017.02.13 18:51:10.026,1.74482,1.74524,1.50,1.37
2017.02.13 18:51:13.314,1.74484,1.74526,1.50,1.87
2017.02.13 18:51:13.831,1.74483,1.74525,1.50,1.37
2017.02.13 18:51:14.485,1.74482,1.74525,1.00,1.37
2017.02.13 18:51:15.210,1.74482,1.74525,1.00,1.37
2017.02.13 18:51:19.283,1.74483,1.74524,1.00,1.37
2017.02.13 18:51:21.074,1.74482,1.74524,1.00,1.37
2017.02.13 18:51:21.241,1.74482,1.74526,1.00,1.37
2017.02.13 18:51:21.436,1.74484,1.74527,1.00,1.37
2017.02.13 18:51:22.115,1.74483,1.74526,1.00,1.37
2017.02.13 18:51:24.143,1.74481,1.7452,1.00,1.37
2017.02.13 18:51:24.446,1.7448,1.74521,1.00,1.37
2017.02.13 18:51:24.547,1.74482,1.74523,1.00,1.37
2017.02.13 18:51:24.916,1.7448,1.74523,1.00,1.37
2017.02.13 18:51:26.075,1.74481,1.74522,1.50,1.37
2017.02.13 18:51:29.061,1.74481,1.74522,1.50,1.37
2017.02.13 18:51:29.112,1.74481,1.74523,1.50,1.37
2017.02.13 18:51:29.213,1.74481,1.74524,1.00,1.37
2017.02.13 18:51:29.622,1.74483,1.74524,1.00,1.37
2017.02.13 18:51:29.773,1.74481,1.74523,1.50,1.37
2017.02.13 18:51:30.289,1.7448,1.74523,1.00,1.37
2017.02.13 18:51:30.400,1.74481,1.74523,1.50,1.37
2017.02.13 18:51:30.868,1.74481,1.74523,1.50,1.37
2017.02.13 18:51:31.983,1.74481,1.74523,1.00,1.37
2017.02.13 18:51:32.034,1.74479,1.74521,1.50,1.37
2017.02.13 18:51:32.288,1.7448,1.74522,1.00,1.37
2017.02.13 18:51:32.902,1.74481,1.74522,1.00,1.37
2017.02.13 18:51:34.052,1.74477,1.74515,1.00,1.37
2017.02.13 18:51:34.103,1.74474,1.74517,1.00,1.37
2017.02.13 18:51:34.154,1.74475,1.74517,1.00,1.37
2017.02.13 18:51:34.406,1.74477,1.74517,1.00,1.37
2017.02.13 18:51:35.287,1.74476,1.74516,1.00,1.37
2017.02.13 18:51:35.438,1.74473,1.74515,1.00,1.37
2017.02.13 18:51:36.075,1.74474,1.74515,1.00,1.37
2017.02.13 18:51:36.615,1.74474,1.74515,1.00,1.37
2017.02.13 18:51:36.716,1.74474,1.74515,1.00,1.37
2017.02.13 18:51:37.735,1.74473,1.74515,1.00,1.37
2017.02.13 18:51:38.339,1.74472,1.74513,1.00,1.37
2017.02.13 18:51:43.379,1.74473,1.74515,1.00,1.37
2017.02.13 18:51:44.292,1.74476,1.74515,1.00,1.37
2017.02.13 18:51:44.499,1.74473,1.74514,1.00,1.37
2017.02.13 18:51:45.274,1.74473,1.74514,1.00,1.37
2017.02.13 18:51:45.375,1.74474,1.74515,1.00,1.37
2017.02.13 18:51:45.492,1.74477,1.74517,1.00,1.37
2017.02.13 18:51:45.795,1.74479,1.74519,1.00,1.87
2017.02.13 18:51:46.115,1.74489,1.74526,1.00,1.12
2017.02.13 18:51:46.205,1.74486,1.74528,1.00,1.37
2017.02.13 18:51:46.256,1.7448,1.74522,1.00,1.37
2017.02.13 18:51:46.307,1.74478,1.7452,1.00,1.37
2017.02.13 18:51:47.094,1.7448,1.74518,1.00,1.37
2017.02.13 18:51:47.201,1.7448,1.74518,1.00,1.37
2017.02.13 18:51:47.302,1.74479,1.74521,1.00,1.37
2017.02.13 18:51:48.080,1.74478,1.74518,1.00,1.37
2017.02.13 18:51:48.703,1.74477,1.74517,1.00,1.37
2017.02.13 18:51:49.592,1.74477,1.74517,1.00,1.37
2017.02.13 18:51:51.561,1.74477,1.74518,1.00,1.37
2017.02.13 18:51:51.612,1.74481,1.74518,1.50,1.00
2017.02.13 18:51:51.663,1.74482,1.74525,1.00,1.37
2017.02.13 18:51:51.962,1.74482,1.74525,1.00,1.37
2017.02.13 18:51:52.665,1.7448,1.74519,1.00,1.37
2017.02.13 18:51:58.460,1.74481,1.74519,1.00,1.37
2017.02.13 18:51:58.511,1.74478,1.74519,1.00,1.37
2017.02.13 18:52:00.288,1.74477,1.74519,1.00,1.37
2017.02.13 18:52:00.490,1.74469,1.74511,1.12,1.37
2017.02.13 18:52:02.261,1.74473,1.74517,1.00,1.37
2017.02.13 18:52:02.363,1.74474,1.74518,1.00,1.37
2017.02.13 18:52:02.414,1.74468,1.74512,1.00,1.37
2017.02.13 18:52:02.516,1.74465,1.74509,1.00,1.37
2017.02.13 18:52:03.304,1.74467,1.74509,1.00,1.37
2017.02.13 18:52:03.354,1.74467,1.74509,1.00,1.37
2017.02.13 18:52:05.682,1.74467,1.74509,1.00,1.37
2017.02.13 18:52:05.732,1.74464,1.74505,1.00,1.37
2017.02.13 18:52:05.783,1.74461,1.74505,1.50,1.37
2017.02.13 18:52:06.086,1.74464,1.74506,1.00,1.37
2017.02.13 18:52:06.312,1.74462,1.74506,1.00,1.37
2017.02.13 18:52:06.495,1.74461,1.74505,1.00,1.37
2017.02.13 18:52:08.359,1.74461,1.74505,1.00,1.37
2017.02.13 18:52:08.410,1.74461,1.74505,1.00,1.37
2017.02.13 18:52:08.967,1.74461,1.74505,1.00,1.37
2017.02.13 18:52:10.983,1.74463,1.74505,1.00,1.37
2017.02.13 18:52:11.034,1.74463,1.74505,1.00,1.37
2017.02.13 18:52:11.601,1.74464,1.74508,1.00,1.37
2017.02.13 18:52:11.940,1.74466,1.74508,1.00,1.37
2017.02.13 18:52:15.369,1.74466,1.74508,1.00,1.37
2017.02.13 18:52:15.836,1.74462,1.74506,1.00,1.37
2017.02.13 18:52:16.060,1.74462,1.74506,1.00,1.37
2017.02.13 18:52:16.813,1.74462,1.74506,1.00,1.37
2017.02.13 18:52:18.416,1.74462,1.74506,1.00,1.37
2017.02.13 18:52:18.729,1.74461,1.74505,1.00,1.37
2017.02.13 18:52:18.830,1.74466,1.74509,1.00,1.87
2017.02.13 18:52:18.881,1.74466,1.74509,1.00,1.37
2017.02.13 18:52:18.932,1.74466,1.74509,1.00,1.37
2017.02.13 18:52:19.235,1.74469,1.74509,1.00,1.37
2017.02.13 18:52:19.586,1.74469,1.74508,1.00,1.37
2017.02.13 18:52:22.582,1.74469,1.74508,1.00,1.37
2017.02.13 18:52:23.159,1.7447,1.74508,1.00,1.37
2017.02.13 18:52:23.362,1.74473,1.74508,1.00,1.37
2017.02.13 18:52:23.708,1.74468,1.74508,1.00,1.37
2017.02.13 18:52:25.508,1.74468,1.74509,1.00,1.87
2017.02.13 18:52:25.609,1.74466,1.74508,1.00,1.37
2017.02.13 18:52:25.710,1.74466,1.74508,1.00,1.37
2017.02.13 18:52:25.811,1.74465,1.74507,1.00,1.37
2017.02.13 18:52:26.072,1.74462,1.74506,1.00,1.37
2017.02.13 18:52:26.193,1.74463,1.74507,1.00,1.37
2017.02.13 18:52:26.314,1.74463,1.74507,1.00,1.37
2017.02.13 18:52:26.378,1.74463,1.74507,1.00,1.37
2017.02.13 18:52:26.479,1.74463,1.74507,1.00,1.37
2017.02.13 18:52:26.630,1.7446,1.74502,1.00,1.37
2017.02.13 18:52:28.124,1.7446,1.74502,1.00,1.37
2017.02.13 18:52:28.727,1.74459,1.74501,1.00,1.37
2017.02.13 18:52:29.928,1.74459,1.74499,1.00,1.37
2017.02.13 18:52:29.978,1.74457,1.74499,1.00,1.37
2017.02.13 18:52:30.743,1.74459,1.74501,1.50,1.12
2017.02.13 18:52:30.903,1.74463,1.74507,1.00,1.37
2017.02.13 18:52:30.954,1.74467,1.74509,1.00,1.87
2017.02.13 18:52:31.004,1.74467,1.74509,1.00,1.87
2017.02.13 18:52:31.315,1.74467,1.74509,1.00,1.37
2017.02.13 18:52:31.366,1.74463,1.74505,1.00,1.37
2017.02.13 18:52:31.417,1.74461,1.74503,1.12,1.37
2017.02.13 18:52:31.519,1.74461,1.74505,1.00,1.37
2017.02.13 18:52:31.887,1.74459,1.74505,1.00,1.37
2017.02.13 18:52:31.938,1.7446,1.74502,1.00,1.37
2017.02.13 18:52:32.040,1.74462,1.74503,1.50,1.37
2017.02.13 18:52:32.090,1.7446,1.74502,1.00,1.37
2017.02.13 18:52:32.401,1.74462,1.74504,1.00,1.37
2017.02.13 18:52:32.451,1.7446,1.74504,1.00,1.37
2017.02.13 18:52:32.802,1.74464,1.74508,1.00,1.87
2017.02.13 18:52:32.903,1.74463,1.74507,1.00,1.87
2017.02.13 18:52:32.954,1.74464,1.74507,1.50,1.37
2017.02.13 18:52:33.105,1.74465,1.74508,1.00,1.37
2017.02.13 18:52:33.207,1.74465,1.74508,1.00,1.37
2017.02.13 18:52:33.351,1.74465,1.74509,1.00,1.87
2017.02.13 18:52:33.402,1.74463,1.74507,1.00,1.37
2017.02.13 18:52:35.394,1.74463,1.74507,1.00,1.37
2017.02.13 18:52:35.495,1.74466,1.74508,1.00,1.37
2017.02.13 18:52:35.848,1.74467,1.74509,1.00,1.37
2017.02.13 18:52:36.515,1.74467,1.74509,1.00,1.37
2017.02.13 18:52:36.566,1.74469,1.74509,1.00,1.37
2017.02.13 18:52:36.901,1.74467,1.74509,1.00,1.37
2017.02.13 18:52:37.204,1.74465,1.74509,1.00,1.37
2017.02.13 18:52:37.305,1.74464,1.74506,1.00,1.37
2017.02.13 18:52:37.648,1.74468,1.74512,1.00,1.37
2017.02.13 18:52:38.211,1.74467,1.74509,1.00,1.37
2017.02.13 18:52:38.526,1.74466,1.7451,1.00,1.37
2017.02.13 18:52:39.177,1.74466,1.74509,1.00,1.37
2017.02.13 18:52:39.837,1.74467,1.74509,1.00,1.37
2017.02.13 18:52:40.650,1.74467,1.74509,1.00,1.37
2017.02.13 18:52:40.751,1.7447,1.74512,1.00,1.37
2017.02.13 18:52:41.256,1.7447,1.74512,1.00,1.37
2017.02.13 18:52:42.284,1.7447,1.74512,1.00,1.37
2017.02.13 18:52:42.335,1.74468,1.74508,1.00,1.37
2017.02.13 18:52:42.386,1.74467,1.74508,1.50,1.37
2017.02.13 18:52:42.928,1.74466,1.74508,1.00,1.87
2017.02.13 18:52:43.029,1.74464,1.74506,1.00,1.37
2017.02.13 18:52:43.131,1.74461,1.74505,1.00,1.37
2017.02.13 18:52:43.232,1.74459,1.74503,1.00,1.37
2017.02.13 18:52:43.333,1.74459,1.74503,1.00,1.37
2017.02.13 18:52:43.384,1.74456,1.74498,1.00,1.37
2017.02.13 18:52:44.720,1.74456,1.74498,1.00,1.37
2017.02.13 18:52:46.541,1.74456,1.74498,1.00,1.37
2017.02.13 18:52:46.642,1.74456,1.745,1.00,1.37
2017.02.13 18:52:49.960,1.74458,1.745,1.00,1.37
2017.02.13 18:52:50.042,1.74456,1.745,1.00,1.37
2017.02.13 18:52:50.246,1.74458,1.745,1.00,1.37
2017.02.13 18:52:50.914,1.74458,1.745,1.00,1.37
2017.02.13 18:52:51.085,1.74456,1.745,1.00,1.37
2017.02.13 18:52:51.259,1.74456,1.74498,1.00,1.37
2017.02.13 18:52:51.564,1.74463,1.74505,1.00,1.37
2017.02.13 18:52:51.716,1.74463,1.74505,1.00,1.37
2017.02.13 18:52:51.821,1.7446,1.74502,1.00,1.37
2017.02.13 18:52:52.240,1.74465,1.74508,1.00,1.37
2017.02.13 18:52:52.437,1.74459,1.74501,1.00,1.37
2017.02.13 18:52:52.490,1.74457,1.74501,1.00,1.37
2017.02.13 18:52:52.744,1.74455,1.74497,1.00,1.37
2017.02.13 18:52:53.004,1.74454,1.74496,1.00,1.37
2017.02.13 18:52:53.271,1.74455,1.74497,1.00,1.37
2017.02.13 18:52:53.322,1.74455,1.74497,1.00,1.37
2017.02.13 18:52:53.504,1.74458,1.745,1.00,1.37
2017.02.13 18:52:53.847,1.74457,1.74499,1.00,1.37
2017.02.13 18:52:54.034,1.74455,1.74499,1.00,1.37
2017.02.13 18:52:54.135,1.74453,1.74497,1.00,1.37
2017.02.13 18:52:54.186,1.74456,1.74498,1.00,1.37
2017.02.13 18:52:54.288,1.74456,1.74498,1.00,1.37
2017.02.13 18:52:54.797,1.74456,1.74498,1.00,1.37
2017.02.13 18:52:55.664,1.74456,1.745,1.00,1.37
2017.02.13 18:52:55.715,1.74456,1.745,1.00,1.37
2017.02.13 18:52:56.311,1.74457,1.74501,1.00,1.37
2017.02.13 18:52:57.080,1.74457,1.74501,1.00,1.37
2017.02.13 18:52:57.131,1.74457,1.74499,1.00,1.37
2017.02.13 18:52:57.304,1.74457,1.74501,1.00,1.37
2017.02.13 18:52:58.407,1.74457,1.74499,1.00,1.37
2017.02.13 18:52:58.479,1.74457,1.74499,1.00,1.37
2017.02.13 18:53:00.276,1.74457,1.74499,1.00,1.37
2017.02.13 18:53:01.210,1.74456,1.74499,1.00,1.37
2017.02.13 18:53:07.696,1.74456,1.745,1.00,1.37
2017.02.13 18:53:08.130,1.74455,1.74497,1.00,1.37
2017.02.13 18:53:08.589,1.74455,1.74497,1.00,1.37
2017.02.13 18:53:08.791,1.74459,1.745,1.00,1.37
2017.02.13 18:53:09.252,1.74456,1.745,1.00,1.37
2017.02.13 18:53:09.302,1.74456,1.74498,1.00,1.37
2017.02.13 18:53:09.539,1.74457,1.74499,1.00,1.37
2017.02.13 18:53:09.801,1.74458,1.74502,1.00,1.37
2017.02.13 18:53:09.852,1.7446,1.74502,1.00,1.37
2017.02.13 18:53:09.941,1.74458,1.74503,1.00,1.37
2017.02.13 18:53:10.161,1.74461,1.74503,1.00,1.37
2017.02.13 18:53:10.881,1.74459,1.74503,1.00,1.37
2017.02.13 18:53:11.921,1.7446,1.74504,1.00,1.37
2017.02.13 18:53:12.385,1.74465,1.74507,1.00,1.00
2017.02.13 18:53:12.537,1.74467,1.74509,1.00,1.00
2017.02.13 18:53:12.688,1.74467,1.74511,1.00,1.12
2017.02.13 18:53:14.922,1.74467,1.74511,1.00,1.37
2017.02.13 18:53:15.710,1.74467,1.74511,1.00,1.37
2017.02.13 18:53:15.761,1.74464,1.74508,1.00,1.37
2017.02.13 18:53:15.811,1.74468,1.74512,1.00,1.37
2017.02.13 18:53:15.862,1.74468,1.74512,1.00,1.37
2017.02.13 18:53:15.953,1.7447,1.74512,1.00,1.37
2017.02.13 18:53:16.069,1.74467,1.74511,1.00,1.37
2017.02.13 18:53:16.323,1.74467,1.74511,1.00,1.37
2017.02.13 18:53:16.657,1.74471,1.74511,1.00,1.37
2017.02.13 18:53:16.854,1.74471,1.74511,1.00,1.37
2017.02.13 18:53:16.905,1.74472,1.74516,1.00,1.37
2017.02.13 18:53:17.047,1.74472,1.74516,1.00,1.37
2017.02.13 18:53:17.364,1.74473,1.74517,1.00,1.37
2017.02.13 18:53:17.415,1.74473,1.74517,1.00,1.37
2017.02.13 18:53:17.963,1.74473,1.74517,1.00,1.37
2017.02.13 18:53:18.266,1.74467,1.74509,1.00,1.37
2017.02.13 18:53:18.519,1.74462,1.74503,1.00,1.37
2017.02.13 18:53:18.570,1.74461,1.74503,1.00,1.37
2017.02.13 18:53:19.172,1.74461,1.74503,1.00,1.37
2017.02.13 18:53:19.222,1.74461,1.74503,1.00,1.37
2017.02.13 18:53:19.489,1.74461,1.74503,1.00,1.37
2017.02.13 18:53:19.589,1.74463,1.74507,1.00,1.37
2017.02.13 18:53:19.697,1.74464,1.74506,1.00,1.37
2017.02.13 18:53:19.849,1.74458,1.74502,1.50,1.37
2017.02.13 18:53:20.502,1.7446,1.74504,1.00,1.37
2017.02.13 18:53:20.553,1.74461,1.74505,1.50,1.37
2017.02.13 18:53:20.767,1.74464,1.74506,1.00,1.37
2017.02.13 18:53:21.441,1.74463,1.74506,1.00,1.37
2017.02.13 18:53:21.614,1.74462,1.74506,1.00,1.37
2017.02.13 18:53:21.918,1.7446,1.74502,1.50,1.37
2017.02.13 18:53:22.267,1.74459,1.74501,1.00,1.37
2017.02.13 18:53:22.573,1.74458,1.74498,1.50,1.37
2017.02.13 18:53:22.674,1.74461,1.74502,1.00,1.12
2017.02.13 18:53:22.726,1.74458,1.745,1.00,1.37
2017.02.13 18:53:22.827,1.74456,1.74499,1.00,1.37
2017.02.13 18:53:23.008,1.74455,1.74497,1.00,1.37
2017.02.13 18:53:23.059,1.74452,1.74495,1.00,1.37
2017.02.13 18:53:23.109,1.7446,1.74502,1.00,1.37
2017.02.13 18:53:23.160,1.74458,1.745,1.00,1.37
2017.02.13 18:53:23.348,1.74463,1.74505,1.00,1.87
2017.02.13 18:53:23.653,1.74467,1.74506,1.00,1.37
2017.02.13 18:53:23.704,1.74467,1.74509,1.50,1.37
2017.02.13 18:53:24.145,1.74465,1.74509,1.00,1.87
2017.02.13 18:53:24.196,1.74467,1.74509,1.00,1.87
2017.02.13 18:53:24.298,1.74465,1.74509,1.00,1.37
2017.02.13 18:53:24.400,1.74464,1.74508,1.00,1.37
2017.02.13 18:53:24.450,1.74462,1.74506,1.12,1.37
2017.02.13 18:53:24.906,1.74462,1.74504,1.00,1.37
2017.02.13 18:53:25.008,1.74462,1.74504,1.00,1.37
2017.02.13 18:53:25.256,1.74459,1.745,1.00,1.37
2017.02.13 18:53:25.307,1.74463,1.74507,1.00,1.37
2017.02.13 18:53:25.610,1.74465,1.74507,1.50,1.37
2017.02.13 18:53:25.661,1.74463,1.74507,1.00,1.37
2017.02.13 18:53:26.178,1.74463,1.74507,1.00,1.37
2017.02.13 18:53:26.408,1.74462,1.74504,2.25,1.37
2017.02.13 18:53:26.597,1.74461,1.74505,1.00,1.37
2017.02.13 18:53:26.901,1.74459,1.74501,1.00,1.37
2017.02.13 18:53:27.121,1.74459,1.74503,1.50,1.37
2017.02.13 18:53:27.172,1.74472,1.74507,1.00,1.37
2017.02.13 18:53:27.222,1.74469,1.74507,1.00,1.12
2017.02.13 18:53:27.273,1.74465,1.74507,2.25,1.87
2017.02.13 18:53:27.324,1.7447,1.74514,1.00,1.37
2017.02.13 18:53:27.655,1.74467,1.74507,1.00,1.37
2017.02.13 18:53:28.312,1.74471,1.74513,1.00,1.37
2017.02.13 18:53:29.213,1.74469,1.74513,1.00,1.37
2017.02.13 18:53:29.264,1.74459,1.74503,1.12,1.37
2017.02.13 18:53:29.517,1.74456,1.745,1.50,1.37
2017.02.13 18:53:29.618,1.7446,1.74502,1.00,1.37
2017.02.13 18:53:29.669,1.74457,1.74501,1.00,1.37
2017.02.13 18:53:29.922,1.74455,1.74497,1.00,1.37
2017.02.13 18:53:30.023,1.74453,1.74497,1.50,1.37
2017.02.13 18:53:30.327,1.74458,1.74502,1.00,1.37
2017.02.13 18:53:30.629,1.74455,1.74497,1.00,1.37
2017.02.13 18:53:31.078,1.74456,1.74498,1.00,1.37
2017.02.13 18:53:31.171,1.74455,1.74498,1.00,1.37
2017.02.13 18:53:31.272,1.74456,1.745,1.00,1.37
2017.02.13 18:53:31.323,1.74455,1.74499,1.00,1.37
2017.02.13 18:53:31.626,1.74453,1.74497,1.00,1.37
2017.02.13 18:53:31.676,1.74451,1.74495,1.50,1.37
2017.02.13 18:53:32.017,1.7445,1.74492,1.00,1.37
2017.02.13 18:53:32.557,1.74449,1.74492,1.00,1.37
2017.02.13 18:53:33.208,1.74448,1.74492,1.50,1.37
2017.02.13 18:53:33.309,1.74449,1.74493,1.00,1.37
2017.02.13 18:53:33.534,1.74451,1.74493,1.00,1.37
2017.02.13 18:53:33.837,1.74449,1.74493,1.00,1.37
2017.02.13 18:53:34.161,1.74448,1.74492,1.00,1.37
2017.02.13 18:53:34.664,1.74448,1.74492,1.00,1.37
2017.02.13 18:53:35.476,1.74448,1.74492,1.00,1.37
2017.02.13 18:53:35.526,1.74446,1.7449,1.50,1.37
2017.02.13 18:53:35.678,1.74448,1.74492,1.00,1.37
2017.02.13 18:53:35.729,1.74452,1.7449,1.00,1.37
2017.02.13 18:53:35.981,1.74452,1.74493,1.00,1.37
2017.02.13 18:53:36.514,1.74449,1.74493,1.00,1.37
2017.02.13 18:53:37.241,1.7445,1.74494,1.00,1.37
2017.02.13 18:53:37.597,1.74448,1.74492,1.00,1.37
2017.02.13 18:53:37.748,1.74452,1.74495,1.00,1.37
2017.02.13 18:53:37.892,1.74452,1.74496,1.50,1.37
2017.02.13 18:53:37.993,1.74452,1.74496,1.50,1.37
2017.02.13 18:53:38.094,1.74448,1.74492,1.00,1.37
2017.02.13 18:53:38.145,1.74448,1.74492,1.00,1.37
2017.02.13 18:53:38.436,1.74448,1.74492,1.00,1.37
2017.02.13 18:53:38.487,1.7445,1.74492,1.00,1.37
2017.02.13 18:53:38.860,1.7445,1.74492,1.00,1.37
2017.02.13 18:53:38.913,1.74447,1.74491,1.00,1.37
2017.02.13 18:53:39.312,1.74449,1.74491,1.00,1.37
2017.02.13 18:53:39.669,1.74449,1.74491,1.00,1.37
2017.02.13 18:53:39.720,1.74452,1.74493,1.00,1.37
2017.02.13 18:53:41.001,1.74452,1.74496,1.50,1.37
2017.02.13 18:53:41.102,1.74452,1.74496,2.25,1.37
2017.02.13 18:53:41.259,1.7445,1.74494,1.00,1.37
2017.02.13 18:53:41.360,1.74452,1.74493,1.00,1.37
2017.02.13 18:53:41.563,1.74449,1.74491,1.00,1.37
2017.02.13 18:53:41.613,1.74449,1.74491,1.00,1.37
2017.02.13 18:53:41.768,1.74453,1.74498,1.50,1.12
2017.02.13 18:53:41.819,1.74466,1.74498,1.00,1.00
2017.02.13 18:53:42.052,1.74467,1.74508,1.00,1.75
2017.02.13 18:53:42.247,1.74467,1.74508,1.00,1.37
2017.02.13 18:53:42.348,1.74467,1.74508,1.00,1.37
2017.02.13 18:53:42.399,1.74467,1.74508,1.00,1.37
2017.02.13 18:53:43.086,1.74467,1.74511,1.00,1.37
2017.02.13 18:53:43.137,1.74469,1.74511,1.00,1.37
2017.02.13 18:53:43.709,1.74468,1.74512,1.00,1.37
2017.02.13 18:53:44.163,1.7447,1.74512,1.00,1.37
2017.02.13 18:53:44.516,1.74471,1.74515,1.00,1.37
2017.02.13 18:53:44.617,1.74473,1.74517,1.00,1.37
2017.02.13 18:53:44.920,1.74475,1.74517,1.00,1.37
2017.02.13 18:53:45.942,1.74476,1.74518,1.00,1.37
2017.02.13 18:53:46.128,1.74477,1.74519,1.00,1.37
2017.02.13 18:53:46.215,1.74476,1.74518,1.00,1.37
2017.02.13 18:53:46.266,1.74476,1.74518,1.00,1.37
2017.02.13 18:53:46.930,1.74477,1.74518,1.00,1.37
2017.02.13 18:53:47.687,1.74483,1.74525,1.00,1.37
2017.02.13 18:53:47.839,1.74485,1.74527,1.00,1.37
2017.02.13 18:53:47.890,1.74486,1.74528,1.00,1.87
2017.02.13 18:53:48.143,1.74487,1.74531,1.00,1.37
2017.02.13 18:53:48.194,1.74487,1.74529,1.00,1.37
2017.02.13 18:53:48.295,1.74487,1.74531,1.00,1.37
2017.02.13 18:53:48.346,1.74486,1.74527,1.00,1.37
2017.02.13 18:53:48.915,1.74484,1.74528,1.00,1.37
2017.02.13 18:53:49.463,1.74485,1.74527,1.00,1.37
2017.02.13 18:53:50.210,1.74485,1.74527,1.00,1.37
2017.02.13 18:53:50.397,1.74483,1.74527,1.00,1.37
2017.02.13 18:53:50.448,1.74486,1.7453,1.00,1.37
2017.02.13 18:53:50.550,1.74488,1.74529,1.00,1.37
2017.02.13 18:53:50.651,1.74485,1.74529,1.00,1.87
2017.02.13 18:53:50.702,1.74485,1.74528,1.00,1.37
2017.02.13 18:53:51.456,1.74485,1.74529,1.00,1.37
2017.02.13 18:53:51.542,1.74485,1.74529,1.00,1.37
2017.02.13 18:53:51.654,1.74485,1.74529,1.00,1.37
2017.02.13 18:53:51.755,1.74486,1.7453,1.00,1.37
2017.02.13 18:53:52.422,1.74488,1.74532,1.00,1.37
2017.02.13 18:53:52.876,1.74486,1.74528,1.00,1.37
2017.02.13 18:53:53.128,1.74488,1.74532,1.00,1.37
2017.02.13 18:53:53.887,1.74488,1.74528,1.50,1.37
2017.02.13 18:53:53.938,1.74485,1.74528,1.00,1.37
2017.02.13 18:53:54.600,1.74486,1.74529,1.00,1.37
2017.02.13 18:53:54.650,1.74488,1.74529,1.00,1.37
2017.02.13 18:53:54.752,1.74486,1.74528,1.50,1.37
2017.02.13 18:53:54.802,1.74489,1.74528,1.00,1.37
2017.02.13 18:53:55.075,1.74487,1.74528,1.50,1.37
2017.02.13 18:53:56.010,1.74488,1.74532,1.00,1.37
2017.02.13 18:53:56.061,1.74493,1.74535,1.00,1.37
2017.02.13 18:53:56.415,1.74493,1.74537,1.00,1.87
2017.02.13 18:53:56.523,1.74491,1.74535,1.50,1.37
2017.02.13 18:53:56.574,1.74493,1.74535,1.00,1.37
2017.02.13 18:53:56.918,1.74488,1.74526,1.00,1.37
2017.02.13 18:53:56.968,1.74482,1.74526,1.00,1.37
2017.02.13 18:53:57.076,1.74481,1.74524,1.00,1.37
2017.02.13 18:53:57.362,1.74479,1.74523,1.50,1.37
2017.02.13 18:53:58.014,1.74478,1.74521,1.00,1.37
2017.02.13 18:53:58.127,1.74487,1.74528,1.00,1.87
2017.02.13 18:53:58.178,1.74483,1.74525,1.00,1.37
2017.02.13 18:53:58.482,1.74482,1.74524,1.00,1.37
2017.02.13 18:53:58.750,1.74482,1.74524,1.00,1.37
2017.02.13 18:53:59.493,1.74483,1.74525,1.00,1.37
2017.02.13 18:53:59.762,1.74481,1.74525,1.00,1.37
2017.02.13 18:53:59.927,1.74483,1.74525,1.00,1.37
2017.02.13 18:54:00.101,1.74481,1.74524,1.00,1.37
2017.02.13 18:54:00.253,1.74482,1.74524,1.00,1.37
2017.02.13 18:54:00.413,1.74482,1.74524,1.00,1.37
2017.02.13 18:54:00.515,1.74485,1.74527,1.00,1.37
2017.02.13 18:54:00.616,1.74482,1.74524,1.00,1.37
2017.02.13 18:54:00.832,1.74484,1.74526,1.00,1.37
2017.02.13 18:54:00.934,1.74484,1.74526,1.00,1.37
2017.02.13 18:54:01.237,1.74473,1.74515,1.00,1.37
2017.02.13 18:54:01.288,1.74473,1.74515,1.00,1.37
2017.02.13 18:54:01.405,1.74473,1.74515,1.00,1.37
2017.02.13 18:54:01.556,1.74475,1.74518,1.00,1.87
2017.02.13 18:54:01.934,1.74476,1.74518,1.00,1.87
2017.02.13 18:54:01.985,1.74478,1.74518,1.00,1.37
2017.02.13 18:54:02.340,1.74478,1.7452,1.00,1.37
2017.02.13 18:54:02.391,1.74476,1.74519,1.00,1.37
2017.02.13 18:54:02.442,1.74481,1.74522,1.00,1.37
2017.02.13 18:54:02.746,1.74481,1.74524,1.00,1.37
2017.02.13 18:54:02.797,1.74482,1.74524,1.50,1.37
2017.02.13 18:54:03.317,1.74482,1.74526,1.50,1.37
2017.02.13 18:54:03.368,1.74482,1.74524,1.00,1.37
2017.02.13 18:54:04.138,1.74478,1.74519,1.00,1.37
2017.02.13 18:54:04.664,1.74479,1.74521,1.00,1.37
2017.02.13 18:54:05.166,1.7448,1.74522,1.00,1.37
2017.02.13 18:54:06.194,1.7448,1.74522,1.00,1.37
2017.02.13 18:54:06.372,1.7448,1.74522,1.00,1.37
2017.02.13 18:54:06.423,1.74479,1.74521,1.00,1.37
2017.02.13 18:54:06.524,1.74479,1.74521,1.00,1.37
2017.02.13 18:54:07.122,1.74478,1.7452,1.00,1.37
2017.02.13 18:54:08.454,1.74478,1.74522,1.00,1.37
2017.02.13 18:54:08.504,1.74478,1.74522,1.00,1.37
2017.02.13 18:54:08.612,1.74478,1.74522,1.00,1.37
2017.02.13 18:54:09.300,1.74478,1.74522,1.00,1.37
2017.02.13 18:54:10.408,1.74479,1.74523,1.00,1.37
2017.02.13 18:54:10.922,1.74479,1.74521,1.00,1.37
2017.02.13 18:54:10.973,1.74475,1.74514,1.00,1.37
2017.02.13 18:54:11.023,1.74472,1.74514,1.00,1.37
2017.02.13 18:54:11.176,1.7447,1.74512,1.00,1.37
2017.02.13 18:54:11.355,1.74469,1.74511,1.00,1.37
2017.02.13 18:54:11.506,1.74469,1.74511,1.00,1.37
2017.02.13 18:54:12.201,1.7447,1.74511,1.00,1.37
2017.02.13 18:54:12.929,1.74468,1.74512,1.00,1.37
2017.02.13 18:54:14.240,1.74471,1.7451,1.00,1.37
2017.02.13 18:54:14.291,1.74471,1.74513,1.00,1.37
2017.02.13 18:54:14.342,1.74477,1.74517,1.00,1.37
2017.02.13 18:54:14.392,1.74478,1.7452,1.00,1.37
2017.02.13 18:54:14.711,1.74479,1.74521,1.00,1.37
2017.02.13 18:54:14.889,1.74479,1.74523,1.00,1.37
2017.02.13 18:54:15.232,1.74475,1.74517,1.00,1.37
2017.02.13 18:54:15.285,1.74471,1.74515,1.12,1.37
2017.02.13 18:54:15.336,1.74471,1.74515,1.00,1.37
2017.02.13 18:54:15.487,1.74474,1.74518,1.00,1.37
2017.02.13 18:54:15.538,1.74477,1.74519,1.00,1.37
2017.02.13 18:54:15.639,1.74479,1.74521,1.00,1.37
2017.02.13 18:54:15.945,1.74479,1.74519,1.00,1.37
2017.02.13 18:54:16.665,1.74479,1.74521,1.00,1.37
2017.02.13 18:54:16.984,1.74477,1.74518,1.00,1.37
2017.02.13 18:54:18.643,1.74477,1.74521,1.00,1.37
2017.02.13 18:54:18.694,1.74479,1.74521,1.00,1.37
2017.02.13 18:54:20.979,1.74479,1.74523,1.00,1.37
2017.02.13 18:54:21.331,1.74475,1.74519,1.00,1.37
2017.02.13 18:54:21.382,1.74473,1.74517,1.00,1.37
2017.02.13 18:54:21.483,1.74473,1.74517,1.00,1.37
2017.02.13 18:54:21.997,1.74472,1.74516,1.00,1.37
2017.02.13 18:54:26.231,1.74471,1.74515,1.50,1.37
2017.02.13 18:54:27.017,1.7447,1.74514,1.00,1.37
2017.02.13 18:54:27.150,1.74472,1.74514,1.00,1.37
2017.02.13 18:54:27.399,1.74472,1.74512,1.00,1.37
2017.02.13 18:54:27.450,1.74474,1.74516,1.00,1.37
2017.02.13 18:54:27.602,1.74475,1.74519,1.00,1.37
2017.02.13 18:54:27.855,1.74475,1.74519,1.00,1.37
2017.02.13 18:54:28.007,1.74473,1.74517,1.00,1.37
2017.02.13 18:54:28.058,1.74473,1.74517,1.00,1.37
2017.02.13 18:54:28.613,1.74472,1.74516,1.50,1.37
2017.02.13 18:54:29.041,1.74469,1.74513,1.00,1.37
2017.02.13 18:54:29.142,1.74471,1.74513,1.00,1.37
2017.02.13 18:54:29.294,1.74468,1.74512,1.00,1.37
2017.02.13 18:54:29.446,1.74473,1.74517,1.00,1.37
2017.02.13 18:54:29.648,1.74473,1.74515,1.00,1.37
2017.02.13 18:54:30.365,1.74471,1.74516,1.00,1.37
2017.02.13 18:54:31.082,1.7447,1.74514,1.00,1.37
2017.02.13 18:54:32.800,1.7447,1.74514,1.00,1.37
2017.02.13 18:54:32.851,1.74474,1.74516,1.00,1.37
2017.02.13 18:54:32.989,1.74475,1.74519,1.00,1.87
2017.02.13 18:54:33.731,1.74477,1.74519,1.00,1.37
2017.02.13 18:54:33.782,1.74475,1.74519,1.00,1.37
2017.02.13 18:54:33.910,1.74471,1.74513,1.00,1.37
2017.02.13 18:54:34.012,1.74474,1.74518,1.00,1.37
2017.02.13 18:54:34.063,1.74469,1.74513,1.00,1.37
2017.02.13 18:54:34.114,1.74467,1.74508,1.00,1.37
2017.02.13 18:54:34.292,1.74463,1.74507,1.50,1.37
2017.02.13 18:54:35.146,1.74464,1.74508,1.00,1.87
2017.02.13 18:54:35.492,1.74462,1.74504,1.50,1.37
2017.02.13 18:54:35.968,1.74464,1.74506,1.00,1.37
2017.02.13 18:54:36.851,1.74464,1.74508,1.00,1.37
2017.02.13 18:54:38.129,1.74463,1.74507,1.00,1.37
2017.02.13 18:54:38.442,1.74465,1.74507,1.00,1.37
2017.02.13 18:54:38.543,1.74465,1.74509,1.00,1.37
2017.02.13 18:54:39.310,1.74466,1.7451,1.00,1.37
2017.02.13 18:54:39.882,1.74466,1.74507,1.00,1.37
2017.02.13 18:54:40.033,1.74465,1.74509,1.00,1.37
2017.02.13 18:54:42.720,1.74471,1.74509,1.00,1.37
2017.02.13 18:54:42.771,1.74471,1.74515,1.50,1.37
2017.02.13 18:54:42.873,1.74471,1.74515,1.50,1.37
2017.02.13 18:54:43.024,1.74474,1.74516,1.00,1.00
2017.02.13 18:54:43.075,1.74475,1.74519,1.00,1.37
2017.02.13 18:54:44.623,1.74475,1.74519,1.00,1.37
2017.02.13 18:54:45.773,1.74477,1.74519,1.00,1.37
2017.02.13 18:54:45.824,1.74475,1.74519,1.00,1.37
2017.02.13 18:54:45.875,1.74475,1.74519,1.00,1.37
2017.02.13 18:54:46.178,1.7448,1.74522,1.00,1.37
2017.02.13 18:54:47.115,1.74479,1.74523,1.00,1.37
2017.02.13 18:54:47.300,1.74481,1.74523,1.00,1.37
2017.02.13 18:54:49.320,1.74483,1.74526,1.00,1.37
2017.02.13 18:54:49.495,1.74484,1.74526,1.00,1.37
2017.02.13 18:54:49.547,1.74482,1.74526,1.50,1.37
2017.02.13 18:54:49.699,1.7448,1.74524,1.00,1.37
2017.02.13 18:54:49.986,1.74481,1.74525,1.00,1.37
2017.02.13 18:54:50.036,1.74479,1.74523,1.00,1.37
2017.02.13 18:54:51.043,1.74481,1.74523,1.00,1.37
2017.02.13 18:54:51.377,1.74481,1.74523,1.00,1.37
2017.02.13 18:54:53.706,1.74481,1.74523,1.00,1.37
2017.02.13 18:54:53.757,1.74476,1.7452,1.37,1.37
2017.02.13 18:54:53.859,1.74475,1.74517,1.50,1.37
2017.02.13 18:54:54.080,1.74475,1.74517,1.50,1.37
2017.02.13 18:54:54.774,1.74472,1.74516,1.50,1.37
2017.02.13 18:54:54.962,1.74478,1.74519,1.00,1.37
2017.02.13 18:54:55.013,1.7448,1.74519,1.00,1.37
2017.02.13 18:54:55.318,1.74479,1.74521,1.00,1.37
2017.02.13 18:54:56.152,1.74479,1.74521,1.00,1.37
2017.02.13 18:54:56.221,1.74482,1.74524,1.00,1.37
2017.02.13 18:54:56.423,1.74481,1.74523,1.00,1.37
2017.02.13 18:54:56.648,1.74479,1.74523,1.50,1.37
2017.02.13 18:54:57.615,1.74483,1.74525,1.00,1.00
2017.02.13 18:54:57.716,1.74483,1.74525,1.00,1.37
2017.02.13 18:54:57.867,1.7448,1.74524,1.00,1.37
2017.02.13 18:54:57.918,1.74482,1.74526,1.00,1.37
2017.02.13 18:54:58.221,1.7448,1.74524,1.00,1.37
2017.02.13 18:55:00.273,1.7448,1.74524,1.00,1.37
2017.02.13 18:55:00.324,1.74479,1.74522,1.00,1.37
2017.02.13 18:55:00.425,1.74475,1.74517,1.12,1.37
2017.02.13 18:55:00.576,1.74472,1.74514,1.00,1.37
2017.02.13 18:55:00.627,1.74472,1.74514,1.00,1.00
2017.02.13 18:55:00.678,1.74474,1.74516,1.00,1.37
2017.02.13 18:55:00.780,1.74473,1.74517,1.00,1.37
2017.02.13 18:55:00.995,1.74471,1.74515,1.00,1.37
2017.02.13 18:55:01.147,1.74474,1.74516,1.00,1.37
2017.02.13 18:55:01.212,1.74473,1.74515,1.00,1.37
2017.02.13 18:55:01.263,1.74474,1.74516,1.00,1.37
2017.02.13 18:55:01.314,1.7447,1.74514,1.00,1.37
2017.02.13 18:55:01.618,1.74468,1.74512,1.00,1.37
2017.02.13 18:55:01.719,1.74464,1.74508,1.00,1.37
2017.02.13 18:55:01.770,1.74464,1.74508,1.00,1.37
2017.02.13 18:55:01.825,1.74461,1.74502,1.50,1.37
2017.02.13 18:55:01.926,1.7446,1.74502,1.00,1.37
2017.02.13 18:55:02.910,1.74457,1.74501,1.50,1.37
2017.02.13 18:55:03.200,1.74457,1.74501,1.50,1.37
2017.02.13 18:55:03.839,1.74456,1.74498,1.00,1.37
2017.02.13 18:55:04.416,1.74456,1.745,1.00,1.37
2017.02.13 18:55:05.214,1.74456,1.745,1.00,1.37
2017.02.13 18:55:05.405,1.74456,1.745,1.00,1.37
2017.02.13 18:55:05.615,1.74459,1.74501,1.00,1.37
2017.02.13 18:55:06.129,1.74454,1.74498,1.00,1.37
2017.02.13 18:55:06.180,1.74456,1.745,1.00,1.37
2017.02.13 18:55:06.718,1.74458,1.74499,1.00,1.37
2017.02.13 18:55:06.879,1.74458,1.745,1.00,1.37
2017.02.13 18:55:07.393,1.74457,1.74499,1.00,1.37
2017.02.13 18:55:08.222,1.74458,1.745,1.00,1.37
2017.02.13 18:55:08.573,1.74451,1.7449,1.00,1.37
2017.02.13 18:55:08.626,1.74452,1.74492,1.00,1.37
2017.02.13 18:55:08.677,1.74458,1.74497,1.00,1.37
2017.02.13 18:55:08.980,1.74454,1.74496,1.00,1.37
2017.02.13 18:55:11.398,1.74454,1.74496,1.00,1.37
2017.02.13 18:55:11.819,1.74451,1.74495,1.00,1.37
2017.02.13 18:55:16.905,1.74451,1.74495,1.00,1.37
2017.02.13 18:55:17.435,1.74451,1.74495,1.00,1.37
2017.02.13 18:55:17.637,1.74445,1.74489,1.00,1.37
2017.02.13 18:55:17.962,1.74445,1.74487,1.00,1.37
2017.02.13 18:55:18.640,1.74445,1.74489,1.00,1.37
2017.02.13 18:55:18.901,1.74447,1.74489,1.00,1.37
2017.02.13 18:55:19.204,1.74451,1.74493,1.00,1.37
2017.02.13 18:55:19.255,1.74449,1.74493,1.00,1.37
2017.02.13 18:55:19.457,1.74454,1.745,1.00,1.87
2017.02.13 18:55:19.508,1.74461,1.74502,1.00,1.12
2017.02.13 18:55:19.825,1.74466,1.74508,1.00,1.37
2017.02.13 18:55:20.127,1.74466,1.74508,1.00,1.37
2017.02.13 18:55:20.799,1.74466,1.74508,1.00,1.37
2017.02.13 18:55:21.216,1.74464,1.74506,1.00,1.37
2017.02.13 18:55:21.431,1.74466,1.7451,1.00,1.37
2017.02.13 18:55:21.633,1.74468,1.7451,1.00,1.37
2017.02.13 18:55:22.382,1.74468,1.7451,1.00,1.37
2017.02.13 18:55:22.580,1.7447,1.74513,1.00,1.37
2017.02.13 18:55:27.084,1.7447,1.74513,1.00,1.37
2017.02.13 18:55:28.417,1.7447,1.74513,1.00,1.37
2017.02.13 18:55:29.286,1.74469,1.74511,1.00,1.37
2017.02.13 18:55:29.737,1.74469,1.74511,1.00,1.37
2017.02.13 18:55:30.271,1.74469,1.74511,1.50,1.37
2017.02.13 18:55:30.536,1.74469,1.74513,1.00,1.37
2017.02.13 18:55:30.587,1.74474,1.74516,1.00,1.37
2017.02.13 18:55:30.920,1.74473,1.74514,1.00,1.37
2017.02.13 18:55:30.971,1.7447,1.74514,1.50,1.37
2017.02.13 18:55:31.737,1.74471,1.74512,1.00,1.37
2017.02.13 18:55:31.788,1.74466,1.74504,1.00,1.37
2017.02.13 18:55:31.838,1.74462,1.74503,1.00,1.37
2017.02.13 18:55:31.940,1.74459,1.74499,1.00,1.37
2017.02.13 18:55:32.041,1.74459,1.745,1.00,1.37
2017.02.13 18:55:32.920,1.7446,1.745,1.00,1.37
2017.02.13 18:55:33.691,1.7446,1.745,1.00,1.37
2017.02.13 18:55:34.437,1.74459,1.74498,1.00,1.37
2017.02.13 18:55:34.488,1.74456,1.74498,1.50,1.37
2017.02.13 18:55:34.589,1.74456,1.74498,1.50,1.87
2017.02.13 18:55:34.949,1.7446,1.74498,1.00,1.37
2017.02.13 18:55:35.955,1.74459,1.745,1.00,1.37
2017.02.13 18:55:36.578,1.74457,1.745,1.00,1.37
2017.02.13 18:55:36.679,1.74459,1.745,1.00,1.37
2017.02.13 18:55:39.589,1.74459,1.74499,1.00,1.37
2017.02.13 18:55:39.977,1.74456,1.74498,1.00,1.37
2017.02.13 18:55:41.041,1.74456,1.74498,1.00,1.37
2017.02.13 18:55:41.178,1.74456,1.74498,1.00,1.37
2017.02.13 18:55:41.592,1.74456,1.74497,1.00,1.37
2017.02.13 18:55:41.931,1.74456,1.74498,1.00,1.87
2017.02.13 18:55:43.510,1.74457,1.74498,1.00,1.37
2017.02.13 18:55:45.818,1.74455,1.74498,1.00,1.87
2017.02.13 18:55:46.796,1.74455,1.74498,1.00,1.87
2017.02.13 18:55:48.274,1.74455,1.74497,1.50,1.37
2017.02.13 18:55:48.632,1.74455,1.74497,1.00,1.37
2017.02.13 18:55:49.150,1.74457,1.74499,1.00,1.37
2017.02.13 18:55:49.352,1.74458,1.745,1.00,1.37
2017.02.13 18:55:49.403,1.74462,1.74504,1.00,1.37
2017.02.13 18:55:49.504,1.74458,1.745,1.00,1.37
2017.02.13 18:55:49.555,1.74464,1.74498,1.00,1.37
2017.02.13 18:55:49.706,1.74458,1.74498,1.00,1.37
2017.02.13 18:55:49.865,1.74456,1.74498,1.00,1.37
2017.02.13 18:55:50.437,1.74456,1.74498,1.00,1.37
2017.02.13 18:55:50.548,1.74458,1.74499,1.00,1.37
2017.02.13 18:55:52.582,1.74457,1.74499,1.50,1.37
2017.02.13 18:55:54.417,1.74457,1.74498,1.00,1.37
2017.02.13 18:55:54.787,1.74459,1.74501,1.50,1.37
2017.02.13 18:55:55.314,1.74458,1.74499,1.00,1.87
2017.02.13 18:55:55.835,1.74458,1.74499,1.00,1.37
2017.02.13 18:55:56.317,1.74464,1.74505,1.00,1.37
2017.02.13 18:55:56.667,1.74462,1.74504,1.00,1.37
2017.02.13 18:55:56.859,1.74464,1.74503,1.00,1.37
2017.02.13 18:55:56.909,1.7446,1.74501,1.00,1.37
2017.02.13 18:55:56.961,1.74459,1.74499,1.00,1.37
2017.02.13 18:55:57.859,1.74459,1.745,1.00,1.37
2017.02.13 18:55:57.910,1.74461,1.74503,1.00,1.37
2017.02.13 18:55:59.956,1.74462,1.74503,1.00,1.37
2017.02.13 18:56:00.462,1.74466,1.74506,1.00,1.37
2017.02.13 18:56:00.564,1.74469,1.74511,1.00,1.37
2017.02.13 18:56:01.166,1.7447,1.74508,1.00,1.37
2017.02.13 18:56:01.695,1.7447,1.74512,1.00,1.37
2017.02.13 18:56:01.971,1.7447,1.74508,1.00,1.37
2017.02.13 18:56:02.022,1.74467,1.74508,1.00,1.37
2017.02.13 18:56:03.834,1.74467,1.74508,1.00,1.37
2017.02.13 18:56:05.187,1.74467,1.74508,1.00,1.37
2017.02.13 18:56:05.238,1.7447,1.74508,1.00,1.37
2017.02.13 18:56:05.466,1.74471,1.74513,1.00,1.37
2017.02.13 18:56:07.022,1.74471,1.74513,1.00,1.37
2017.02.13 18:56:07.072,1.74468,1.74509,1.00,1.37
2017.02.13 18:56:07.123,1.74467,1.74509,1.00,1.37
2017.02.13 18:56:07.401,1.74467,1.74511,1.00,1.37
2017.02.13 18:56:09.456,1.74468,1.74512,1.00,1.37
2017.02.13 18:56:09.561,1.74467,1.74511,1.00,1.37
2017.02.13 18:56:10.153,1.74466,1.7451,1.00,1.37
2017.02.13 18:56:10.254,1.7447,1.74514,1.00,1.37
2017.02.13 18:56:10.305,1.74472,1.74514,1.00,1.37
2017.02.13 18:56:10.626,1.74468,1.74509,1.00,1.37
2017.02.13 18:56:11.389,1.74467,1.74511,1.00,1.37
2017.02.13 18:56:12.189,1.74467,1.74511,1.00,1.37
2017.02.13 18:56:12.240,1.74473,1.74515,1.00,1.37
2017.02.13 18:56:12.354,1.74473,1.74517,1.00,1.37
2017.02.13 18:56:12.455,1.74472,1.74516,1.00,1.37
2017.02.13 18:56:12.791,1.74474,1.74516,1.00,1.37
2017.02.13 18:56:16.276,1.74473,1.74517,1.00,1.37
2017.02.13 18:56:19.391,1.74472,1.74516,1.00,1.37
2017.02.13 18:56:19.643,1.74458,1.74502,1.00,1.37
2017.02.13 18:56:20.415,1.74459,1.74503,1.00,1.37
2017.02.13 18:56:21.325,1.7446,1.74504,1.00,1.37
2017.02.13 18:56:21.792,1.74465,1.74507,1.00,2.62
2017.02.13 18:56:21.843,1.74465,1.74507,1.00,1.37
2017.02.13 18:56:21.934,1.74463,1.74507,1.50,1.37
2017.02.13 18:56:22.104,1.74463,1.74507,1.50,1.37
2017.02.13 18:56:23.648,1.74464,1.74508,1.00,1.87
2017.02.13 18:56:24.035,1.74462,1.74504,1.00,1.37
2017.02.13 18:56:25.987,1.74462,1.74504,1.00,1.37
2017.02.13 18:56:26.141,1.74464,1.74506,1.00,1.37
2017.02.13 18:56:27.247,1.74464,1.74508,1.00,1.37
2017.02.13 18:56:27.779,1.74468,1.7451,1.00,1.37
2017.02.13 18:56:27.830,1.74468,1.7451,1.00,1.37
2017.02.13 18:56:27.931,1.74469,1.74511,1.00,1.87
2017.02.13 18:56:27.982,1.74469,1.74511,1.00,1.37
2017.02.13 18:56:28.133,1.74471,1.74513,1.00,1.37
2017.02.13 18:56:28.721,1.74471,1.74513,1.00,1.37
2017.02.13 18:56:29.361,1.74471,1.74513,1.00,1.37
2017.02.13 18:56:29.985,1.74477,1.74517,1.00,1.37
2017.02.13 18:56:30.036,1.74485,1.74517,1.00,1.12
2017.02.13 18:56:30.087,1.74482,1.74517,1.50,1.00
2017.02.13 18:56:30.137,1.74489,1.74531,1.00,1.37
2017.02.13 18:56:30.440,1.74488,1.7453,1.00,1.37
2017.02.13 18:56:30.642,1.74486,1.7453,1.00,1.37
2017.02.13 18:56:30.879,1.74488,1.7453,1.00,1.37
2017.02.13 18:56:31.534,1.74488,1.7453,1.00,1.37
2017.02.13 18:56:34.377,1.74488,1.7453,1.00,1.37
2017.02.13 18:56:35.097,1.74488,1.7453,1.00,1.37
2017.02.13 18:56:35.148,1.74486,1.7453,1.00,1.37
2017.02.13 18:56:35.249,1.74486,1.7453,1.00,1.37
2017.02.13 18:56:35.876,1.74487,1.74531,1.00,1.37
2017.02.13 18:56:36.815,1.74487,1.74531,1.00,1.37
2017.02.13 18:56:37.531,1.74488,1.74532,1.00,1.37
2017.02.13 18:56:37.581,1.74489,1.74533,1.00,1.37
2017.02.13 18:56:37.632,1.74489,1.74533,1.00,1.37
2017.02.13 18:56:38.859,1.74491,1.74535,1.00,1.37
2017.02.13 18:56:39.332,1.74493,1.74537,1.00,1.37
2017.02.13 18:56:40.610,1.74501,1.74543,1.00,1.37
2017.02.13 18:56:40.716,1.74499,1.74541,1.00,1.37
2017.02.13 18:56:40.868,1.74499,1.74541,1.00,1.37
2017.02.13 18:56:41.178,1.74496,1.74538,1.00,1.37
2017.02.13 18:56:41.392,1.74496,1.74538,1.00,1.37
2017.02.13 18:56:42.098,1.74497,1.74539,1.00,1.37
2017.02.13 18:56:42.199,1.74501,1.74543,1.00,1.37
2017.02.13 18:56:42.250,1.74498,1.74539,1.00,1.37
2017.02.13 18:56:42.301,1.74496,1.74538,1.00,1.37
2017.02.13 18:56:42.601,1.74498,1.7454,1.00,1.37
2017.02.13 18:56:42.904,1.74493,1.74536,1.00,1.37
2017.02.13 18:56:43.209,1.74495,1.74536,1.00,1.37
2017.02.13 18:56:43.260,1.74495,1.74536,1.00,1.37
2017.02.13 18:56:43.311,1.74496,1.7454,1.00,1.37
2017.02.13 18:56:43.361,1.74505,1.74544,1.00,1.37
2017.02.13 18:56:43.665,1.74504,1.74547,1.00,1.37
2017.02.13 18:56:43.962,1.7451,1.74552,1.00,1.37
2017.02.13 18:56:44.012,1.74512,1.74554,1.00,1.37
2017.02.13 18:56:44.311,1.7451,1.74552,1.50,1.37
2017.02.13 18:56:44.589,1.7451,1.74549,1.00,1.37
2017.02.13 18:56:44.690,1.74505,1.74546,1.00,1.37
2017.02.13 18:56:45.115,1.74505,1.74546,1.00,1.37
2017.02.13 18:56:45.354,1.74509,1.74552,1.00,1.37
2017.02.13 18:56:45.755,1.7451,1.7455,1.00,1.37
2017.02.13 18:56:45.805,1.74508,1.7455,1.50,1.37
2017.02.13 18:56:48.428,1.74508,1.7455,1.50,1.37
2017.02.13 18:56:50.009,1.74508,1.7455,1.50,1.37
2017.02.13 18:56:51.196,1.74508,1.7455,1.50,1.37
2017.02.13 18:56:52.748,1.74509,1.74548,1.00,1.37
2017.02.13 18:56:53.593,1.74508,1.7455,1.00,1.37
2017.02.13 18:56:54.110,1.74509,1.74548,1.00,1.37
2017.02.13 18:56:55.265,1.7451,1.74548,1.00,1.37
2017.02.13 18:56:55.887,1.74509,1.74552,1.00,1.37
2017.02.13 18:56:57.409,1.74509,1.74552,1.00,1.37
2017.02.13 18:56:57.511,1.74511,1.74552,1.00,1.37
2017.02.13 18:56:57.814,1.74508,1.74549,1.50,1.37
2017.02.13 18:56:58.938,1.74505,1.74546,1.00,1.37
2017.02.13 18:56:59.096,1.74502,1.74546,1.50,1.37
2017.02.13 18:57:00.158,1.74502,1.74546,1.50,1.37
2017.02.13 18:57:00.421,1.74502,1.74546,1.00,1.37
2017.02.13 18:57:03.047,1.74502,1.74546,1.00,1.37
2017.02.13 18:57:03.249,1.74502,1.74544,1.50,1.37
2017.02.13 18:57:04.888,1.74503,1.74547,1.00,1.37
2017.02.13 18:57:07.012,1.74502,1.74546,1.50,1.37
2017.02.13 18:57:08.946,1.74502,1.74546,1.50,1.37
2017.02.13 18:57:08.997,1.74504,1.74546,1.00,1.37
2017.02.13 18:57:09.048,1.74504,1.74546,1.00,1.37
2017.02.13 18:57:09.594,1.74504,1.74548,1.00,1.37
2017.02.13 18:57:10.016,1.74504,1.74548,1.00,1.37
2017.02.13 18:57:10.331,1.74493,1.74535,1.50,1.37
2017.02.13 18:57:10.382,1.74493,1.74535,1.00,1.37
2017.02.13 18:57:10.681,1.74493,1.74535,1.00,1.37
2017.02.13 18:57:11.503,1.74494,1.74538,1.00,1.37
2017.02.13 18:57:12.832,1.74493,1.74537,1.00,1.37
2017.02.13 18:57:12.883,1.74497,1.74539,1.00,1.00
2017.02.13 18:57:12.934,1.74502,1.74543,1.00,1.00
2017.02.13 18:57:13.299,1.74504,1.74548,1.00,1.37
2017.02.13 18:57:13.819,1.74504,1.74548,1.00,1.37
2017.02.13 18:57:13.921,1.74503,1.74545,1.00,1.37
2017.02.13 18:57:13.971,1.74502,1.74543,1.00,1.37
2017.02.13 18:57:14.022,1.74499,1.74542,1.00,1.37
2017.02.13 18:57:14.174,1.74497,1.74539,1.00,1.37
2017.02.13 18:57:16.367,1.74495,1.74537,1.00,1.37
2017.02.13 18:57:16.468,1.74492,1.74536,1.00,1.37
2017.02.13 18:57:16.519,1.74492,1.74534,1.00,1.37
2017.02.13 18:57:17.241,1.74491,1.74533,1.00,1.37
2017.02.13 18:57:21.566,1.74489,1.74533,1.00,1.37
2017.02.13 18:57:21.972,1.74491,1.74533,1.00,1.37
2017.02.13 18:57:22.537,1.74491,1.74533,1.50,1.37
2017.02.13 18:57:22.766,1.74496,1.7454,1.00,1.37
2017.02.13 18:57:22.867,1.74494,1.74538,1.00,1.37
2017.02.13 18:57:23.194,1.74494,1.74536,1.00,1.37
2017.02.13 18:57:23.296,1.74491,1.74535,1.50,1.37
2017.02.13 18:57:23.447,1.7449,1.74534,1.00,1.37
2017.02.13 18:57:23.959,1.74489,1.74533,1.00,1.37
2017.02.13 18:57:24.059,1.74489,1.74533,1.00,1.37
2017.02.13 18:57:24.460,1.74492,1.74533,1.00,1.37
2017.02.13 18:57:24.860,1.7449,1.74532,1.00,1.37
2017.02.13 18:57:24.912,1.7449,1.74532,1.00,1.37
2017.02.13 18:57:25.432,1.7449,1.74532,1.00,1.37
2017.02.13 18:57:25.561,1.74488,1.74532,1.00,1.37
2017.02.13 18:57:25.686,1.74489,1.74533,1.00,1.37
2017.02.13 18:57:26.943,1.74488,1.7453,1.00,1.37
2017.02.13 18:57:27.516,1.74489,1.74531,1.00,1.37
2017.02.13 18:57:29.916,1.74488,1.74532,1.00,1.37
2017.02.13 18:57:30.430,1.74488,1.74532,1.00,1.37
2017.02.13 18:57:30.934,1.74488,1.74532,1.00,1.37
2017.02.13 18:57:33.568,1.74488,1.7453,1.00,1.37
2017.02.13 18:57:33.821,1.74486,1.74528,1.00,1.37
2017.02.13 18:57:35.540,1.74485,1.7453,1.50,1.37
2017.02.13 18:57:36.068,1.74486,1.74528,1.00,1.37
2017.02.13 18:57:40.310,1.74483,1.74525,1.00,1.37
2017.02.13 18:57:40.439,1.74481,1.74525,1.50,1.37
2017.02.13 18:57:40.490,1.74488,1.74529,1.00,1.37
2017.02.13 18:57:40.540,1.74491,1.74529,1.00,1.37
2017.02.13 18:57:40.591,1.74491,1.74529,1.00,1.37
2017.02.13 18:57:40.714,1.74491,1.74533,1.00,1.37
2017.02.13 18:57:40.765,1.74488,1.74532,1.00,1.37
2017.02.13 18:57:40.816,1.74488,1.74532,1.00,1.37
2017.02.13 18:57:41.364,1.74488,1.74532,1.50,1.37
2017.02.13 18:57:42.399,1.74488,1.74532,1.50,1.37
2017.02.13 18:57:43.419,1.7449,1.74532,1.00,1.37
2017.02.13 18:57:45.945,1.74491,1.74535,1.00,1.37
2017.02.13 18:57:45.995,1.74491,1.74535,1.50,1.37
2017.02.13 18:57:46.298,1.7449,1.74532,1.00,1.37
2017.02.13 18:57:47.256,1.74492,1.74534,1.00,1.37
2017.02.13 18:57:48.891,1.74492,1.74534,1.00,1.37
2017.02.13 18:57:53.868,1.74492,1.74534,1.00,1.37
2017.02.13 18:57:59.114,1.74491,1.74535,1.50,1.37
2017.02.13 18:57:59.215,1.74491,1.74535,1.00,1.37
2017.02.13 18:57:59.619,1.7449,1.74532,1.00,1.37
2017.02.13 18:57:59.961,1.7449,1.74532,1.34,1.37
2017.02.13 18:58:00.420,1.7449,1.74532,1.00,1.37
2017.02.13 18:58:00.745,1.7449,1.74532,1.00,1.37
2017.02.13 18:58:00.795,1.74491,1.74534,1.00,1.37
2017.02.13 18:58:00.947,1.74491,1.74534,1.00,1.37
2017.02.13 18:58:01.657,1.74491,1.74534,1.50,1.37
2017.02.13 18:58:01.707,1.74491,1.74529,1.50,1.37
2017.02.13 18:58:02.105,1.7448,1.74524,1.50,1.37
2017.02.13 18:58:02.159,1.74482,1.74524,1.00,1.37
2017.02.13 18:58:02.260,1.74482,1.74524,1.00,1.37
2017.02.13 18:58:02.759,1.74482,1.74524,1.00,1.37
2017.02.13 18:58:04.682,1.74482,1.74524,1.00,1.37
2017.02.13 18:58:05.002,1.74484,1.74526,1.00,1.37
2017.02.13 18:58:05.435,1.74481,1.74523,1.50,1.37
2017.02.13 18:58:06.036,1.74483,1.74527,1.00,1.37
2017.02.13 18:58:06.137,1.74484,1.74526,1.00,1.37
2017.02.13 18:58:06.275,1.74484,1.74526,1.00,1.37
2017.02.13 18:58:06.326,1.74482,1.74526,1.50,1.37
2017.02.13 18:58:06.377,1.74484,1.74524,1.00,1.37
2017.02.13 18:58:06.478,1.7448,1.74524,1.00,1.37
2017.02.13 18:58:06.579,1.7448,1.74523,1.00,1.37
2017.02.13 18:58:06.630,1.7448,1.74523,1.00,1.37
2017.02.13 18:58:06.883,1.74482,1.74521,1.00,1.37
2017.02.13 18:58:07.366,1.74483,1.74525,1.00,1.37
2017.02.13 18:58:07.877,1.74482,1.74524,1.00,1.37
2017.02.13 18:58:08.180,1.74481,1.74524,1.00,1.37
2017.02.13 18:58:09.726,1.74482,1.74525,1.00,1.37
2017.02.13 18:58:10.455,1.74481,1.74523,1.50,1.37
2017.02.13 18:58:11.555,1.74481,1.74523,1.50,1.37
2017.02.13 18:58:12.454,1.74482,1.74524,1.00,1.37
2017.02.13 18:58:14.217,1.7448,1.74524,1.00,1.37
2017.02.13 18:58:15.410,1.74481,1.74525,1.00,1.37
2017.02.13 18:58:20.713,1.74481,1.74523,1.00,1.37
2017.02.13 18:58:22.141,1.74481,1.74523,1.00,1.37
2017.02.13 18:58:22.242,1.7448,1.74522,1.00,1.00
2017.02.13 18:58:22.748,1.74481,1.74523,1.00,1.00
2017.02.13 18:58:23.257,1.74479,1.74523,1.09,1.00
2017.02.13 18:58:23.898,1.7448,1.74524,1.00,1.00
2017.02.13 18:58:24.350,1.74482,1.74524,1.00,1.00
2017.02.13 18:58:24.502,1.74484,1.74528,1.00,1.00
2017.02.13 18:58:24.552,1.74486,1.74528,1.00,1.00
2017.02.13 18:58:25.204,1.74487,1.74529,1.00,1.00
2017.02.13 18:58:25.546,1.74489,1.74531,1.00,1.00
2017.02.13 18:58:25.665,1.74487,1.74531,1.00,1.00
2017.02.13 18:58:25.716,1.74497,1.74538,1.00,1.00
2017.02.13 18:58:26.045,1.74499,1.74538,1.00,1.00
2017.02.13 18:58:26.200,1.74497,1.74538,1.00,1.00
2017.02.13 18:58:26.453,1.74499,1.74541,1.00,1.12
2017.02.13 18:58:27.109,1.745,1.74542,1.00,1.00
2017.02.13 18:58:27.282,1.74499,1.74539,1.00,1.00
2017.02.13 18:58:27.459,1.74499,1.74541,1.00,1.00
2017.02.13 18:58:28.217,1.74497,1.74539,1.00,1.50
2017.02.13 18:58:31.066,1.74496,1.74539,1.00,1.00
2017.02.13 18:58:31.117,1.74493,1.74537,1.00,1.00
2017.02.13 18:58:31.168,1.74493,1.74535,1.00,1.00
2017.02.13 18:58:32.124,1.7449,1.74531,1.00,1.00
2017.02.13 18:58:33.460,1.7449,1.74532,1.50,1.00
2017.02.13 18:58:33.764,1.74492,1.74534,1.37,1.00
2017.02.13 18:58:34.097,1.74489,1.74531,1.00,1.37
2017.02.13 18:58:34.996,1.74488,1.7453,1.00,1.37
2017.02.13 18:58:36.852,1.74488,1.7453,1.00,1.37
2017.02.13 18:58:37.506,1.74487,1.74528,1.00,1.37
2017.02.13 18:58:37.606,1.74484,1.74528,1.00,1.37
2017.02.13 18:58:37.707,1.74484,1.74528,1.00,1.37
2017.02.13 18:58:38.327,1.74483,1.74527,1.00,1.37
2017.02.13 18:58:38.633,1.74485,1.74527,1.00,1.37
2017.02.13 18:58:39.436,1.74484,1.74526,1.00,1.37
2017.02.13 18:58:42.568,1.74483,1.74528,1.00,1.37
2017.02.13 18:58:42.758,1.74485,1.74529,1.00,1.00
2017.02.13 18:58:43.118,1.74484,1.74526,1.00,1.00
2017.02.13 18:58:43.731,1.74483,1.74525,1.00,1.00
2017.02.13 18:58:44.097,1.74493,1.74529,1.12,1.00
2017.02.13 18:58:44.249,1.74497,1.74538,1.37,1.00
2017.02.13 18:58:44.702,1.74506,1.74539,1.00,1.00
2017.02.13 18:58:44.753,1.74504,1.74539,1.00,1.00
2017.02.13 18:58:44.854,1.745,1.74539,1.50,1.00
2017.02.13 18:58:45.445,1.74502,1.74539,1.00,1.00
2017.02.13 18:58:45.686,1.74497,1.74537,1.00,1.00
2017.02.13 18:58:46.018,1.74494,1.74532,1.00,1.00
2017.02.13 18:58:46.322,1.74489,1.74529,1.00,1.37
2017.02.13 18:58:47.075,1.74489,1.74528,1.00,1.00
2017.02.13 18:58:47.864,1.74487,1.74528,1.00,1.00
2017.02.13 18:58:48.181,1.7449,1.7453,1.00,1.12
2017.02.13 18:58:48.939,1.7449,1.74529,1.00,1.00
2017.02.13 18:58:49.458,1.74492,1.74531,1.00,1.00
2017.02.13 18:58:50.426,1.74494,1.74534,1.00,1.87
2017.02.13 18:58:50.527,1.74498,1.74538,1.00,1.50
2017.02.13 18:58:50.578,1.74495,1.74536,1.00,1.75
2017.02.13 18:58:50.629,1.74493,1.74532,1.00,1.12
2017.02.13 18:58:50.780,1.74491,1.74532,1.00,1.12
2017.02.13 18:58:50.831,1.74491,1.74532,1.00,1.37
2017.02.13 18:58:51.164,1.74493,1.74529,1.00,1.00
2017.02.13 18:58:51.221,1.74499,1.74538,1.00,1.50
2017.02.13 18:58:51.446,1.74503,1.74538,1.00,1.00
2017.02.13 18:58:51.901,1.74501,1.74538,1.00,1.00
2017.02.13 18:58:51.951,1.74504,1.74538,1.00,1.00
2017.02.13 18:58:52.492,1.74503,1.74538,1.00,1.00
2017.02.13 18:58:52.644,1.74503,1.74544,1.00,1.50
2017.02.13 18:58:52.791,1.74503,1.74538,1.00,1.00
2017.02.13 18:58:53.224,1.74505,1.74539,1.00,1.00
2017.02.13 18:58:53.376,1.74502,1.74539,1.50,1.00
2017.02.13 18:58:53.427,1.74505,1.74539,1.00,1.00
2017.02.13 18:58:53.762,1.74503,1.74539,1.00,1.00
2017.02.13 18:58:53.813,1.74501,1.74539,1.00,1.00
2017.02.13 18:58:53.863,1.74503,1.74539,1.00,1.00
2017.02.13 18:58:55.777,1.74502,1.74539,1.00,1.00
2017.02.13 18:58:56.192,1.745,1.74539,1.00,1.00
2017.02.13 18:58:57.451,1.74502,1.74539,1.00,1.00
2017.02.13 18:58:57.604,1.74494,1.74532,1.00,1.12
2017.02.13 18:58:57.672,1.74492,1.74532,1.00,1.37
2017.02.13 18:58:58.244,1.74492,1.74532,1.00,1.00
2017.02.13 18:58:58.752,1.74493,1.74534,1.00,1.37
2017.02.13 18:58:59.026,1.74491,1.74531,1.00,1.00
2017.02.13 18:58:59.077,1.74496,1.74534,1.00,1.37
2017.02.13 18:58:59.178,1.74492,1.74534,1.50,1.37
2017.02.13 18:58:59.229,1.74492,1.74531,1.00,1.00
2017.02.13 18:58:59.282,1.74492,1.74534,1.00,1.37
2017.02.13 18:58:59.469,1.74494,1.74534,1.00,1.12
2017.02.13 18:58:59.772,1.74493,1.74532,1.00,1.00
2017.02.13 18:59:00.198,1.74493,1.74534,1.00,1.12
2017.02.13 18:59:00.333,1.74493,1.74528,1.00,1.00
2017.02.13 18:59:00.615,1.74486,1.74524,1.00,1.12
2017.02.13 18:59:01.144,1.74488,1.74527,1.00,1.37
2017.02.13 18:59:01.195,1.74488,1.74527,1.00,1.12
2017.02.13 18:59:01.245,1.74488,1.74527,1.00,1.37
2017.02.13 18:59:01.561,1.74494,1.7453,1.00,1.37
2017.02.13 18:59:01.612,1.74496,1.74536,1.00,1.37
2017.02.13 18:59:01.915,1.74499,1.74538,1.00,1.87
2017.02.13 18:59:02.491,1.74497,1.74537,1.00,1.37
2017.02.13 18:59:04.581,1.74497,1.74537,1.00,1.37
2017.02.13 18:59:04.632,1.74497,1.74528,1.00,1.37
2017.02.13 18:59:04.682,1.74492,1.74534,1.00,1.37
2017.02.13 18:59:04.733,1.74494,1.74533,1.00,1.37
2017.02.13 18:59:05.147,1.74496,1.74536,1.00,1.37
2017.02.13 18:59:05.198,1.74497,1.74536,1.00,1.37
2017.02.13 18:59:05.983,1.74497,1.74536,1.00,1.37
2017.02.13 18:59:06.773,1.745,1.74538,1.00,1.37
2017.02.13 18:59:07.232,1.74495,1.74529,1.00,1.37
2017.02.13 18:59:07.384,1.74491,1.74529,1.00,1.37
2017.02.13 18:59:08.011,1.74491,1.74529,1.00,1.37
2017.02.13 18:59:08.286,1.74491,1.74528,1.00,1.37
2017.02.13 18:59:08.592,1.74488,1.74527,1.00,1.87
2017.02.13 18:59:08.846,1.74488,1.74527,1.00,1.37
2017.02.13 18:59:09.677,1.74489,1.74528,1.00,1.87
2017.02.13 18:59:09.728,1.74491,1.74528,1.00,1.37
2017.02.13 18:59:15.491,1.74491,1.74529,1.00,1.37
2017.02.13 18:59:15.812,1.74489,1.74529,1.00,1.37
2017.02.13 18:59:16.166,1.74491,1.74529,1.00,1.37
2017.02.13 18:59:16.722,1.74491,1.74529,1.00,1.37
2017.02.13 18:59:16.773,1.74508,1.74534,1.00,1.00
2017.02.13 18:59:16.875,1.74509,1.74548,1.00,2.62
2017.02.13 18:59:16.976,1.74509,1.74539,1.00,1.37
2017.02.13 18:59:17.027,1.74505,1.74539,1.00,1.37
2017.02.13 18:59:17.286,1.74503,1.74539,1.00,1.37
2017.02.13 18:59:21.144,1.74505,1.74547,1.00,1.37
2017.02.13 18:59:21.218,1.74508,1.74548,1.00,1.87
2017.02.13 18:59:21.269,1.74508,1.74548,1.00,1.87
2017.02.13 18:59:23.258,1.74506,1.74539,1.00,1.37
2017.02.13 18:59:23.792,1.74505,1.74546,1.00,1.37
2017.02.13 18:59:23.843,1.74497,1.74534,1.00,2.62
2017.02.13 18:59:23.894,1.74494,1.74532,1.00,1.37
2017.02.13 18:59:24.122,1.74492,1.74532,1.00,1.37
2017.02.13 18:59:24.273,1.74494,1.74533,1.00,1.87
2017.02.13 18:59:24.324,1.74494,1.74535,1.00,1.37
2017.02.13 18:59:24.710,1.74496,1.74536,1.00,1.37
2017.02.13 18:59:24.761,1.74498,1.74538,1.00,1.37
2017.02.13 18:59:24.812,1.745,1.74538,1.00,1.37
2017.02.13 18:59:25.795,1.74499,1.7454,1.00,1.37
2017.02.13 18:59:25.896,1.74503,1.74543,1.00,1.37
2017.02.13 18:59:26.048,1.745,1.74542,1.50,1.37
2017.02.13 18:59:26.606,1.745,1.74542,1.50,1.37
2017.02.13 18:59:27.091,1.74501,1.74537,1.00,1.37
2017.02.13 18:59:27.142,1.74499,1.74539,1.00,1.37
2017.02.13 18:59:27.193,1.745,1.74539,1.00,1.37
2017.02.13 18:59:27.345,1.74501,1.74538,1.00,1.37
2017.02.13 18:59:27.396,1.745,1.74538,1.00,1.37
2017.02.13 18:59:28.288,1.745,1.74526,1.00,1.00
2017.02.13 18:59:28.339,1.74486,1.74521,1.00,1.00
2017.02.13 18:59:28.390,1.74486,1.74518,1.00,1.00
2017.02.13 18:59:28.441,1.74484,1.74518,1.00,1.00
2017.02.13 18:59:28.593,1.74484,1.74516,1.00,1.00
2017.02.13 18:59:28.644,1.74478,1.74515,1.75,1.00
2017.02.13 18:59:29.046,1.74474,1.74518,1.50,1.37
2017.02.13 18:59:29.097,1.74474,1.74518,1.50,1.12
2017.02.13 18:59:29.148,1.74473,1.74513,1.75,1.00
2017.02.13 18:59:29.451,1.74477,1.74509,1.00,1.12
2017.02.13 18:59:29.735,1.74471,1.74506,1.00,1.00
2017.02.13 18:59:29.785,1.74471,1.74504,1.00,1.00
2017.02.13 18:59:29.937,1.74471,1.74506,1.00,1.00
2017.02.13 18:59:30.460,1.74469,1.7451,1.34,1.37
2017.02.13 18:59:30.511,1.74467,1.74507,1.00,1.12
2017.02.13 18:59:30.663,1.74471,1.7451,1.00,1.37
2017.02.13 18:59:30.953,1.74472,1.74511,1.00,1.00
2017.02.13 18:59:31.004,1.74472,1.74509,1.00,1.00
2017.02.13 18:59:31.354,1.7447,1.74512,1.00,1.37
2017.02.13 18:59:31.405,1.7447,1.74512,1.00,1.37
2017.02.13 18:59:31.506,1.7447,1.7451,1.00,1.37
2017.02.13 18:59:32.247,1.7447,1.74511,1.00,1.37
2017.02.13 18:59:33.858,1.74471,1.74511,1.00,1.37
2017.02.13 18:59:34.833,1.74471,1.74509,1.00,1.37
2017.02.13 18:59:34.934,1.74469,1.74507,1.00,1.37
2017.02.13 18:59:35.660,1.74469,1.74507,1.00,1.37
2017.02.13 18:59:35.761,1.74469,1.74507,1.00,1.37
2017.02.13 18:59:36.064,1.74466,1.74506,1.00,1.37
2017.02.13 18:59:36.115,1.74464,1.74505,1.00,1.37
2017.02.13 18:59:36.679,1.74465,1.74509,1.00,1.37
2017.02.13 18:59:36.780,1.74468,1.74512,1.00,2.21
2017.02.13 18:59:37.797,1.74468,1.74512,1.00,2.21
2017.02.13 18:59:37.898,1.74466,1.7451,1.00,1.37
2017.02.13 18:59:38.050,1.74467,1.74511,1.00,1.37
2017.02.13 18:59:38.893,1.74466,1.7451,1.00,1.37
2017.02.13 18:59:39.609,1.74466,1.74511,1.00,1.37
2017.02.13 18:59:39.954,1.74468,1.74512,1.00,1.37
2017.02.13 18:59:41.000,1.74468,1.74512,1.00,1.37
2017.02.13 18:59:41.319,1.7447,1.74514,1.00,1.37
2017.02.13 18:59:41.999,1.74471,1.74514,1.00,1.37
2017.02.13 18:59:43.882,1.74471,1.74514,1.00,1.37
2017.02.13 18:59:44.236,1.74469,1.74511,1.00,1.37
2017.02.13 18:59:44.407,1.74472,1.74511,1.00,1.37
2017.02.13 18:59:45.567,1.74472,1.74511,1.00,1.37
2017.02.13 18:59:45.719,1.74472,1.74516,1.50,1.37
2017.02.13 18:59:45.921,1.74476,1.74518,1.00,1.37
2017.02.13 18:59:46.023,1.74476,1.74518,1.00,1.37
2017.02.13 18:59:46.074,1.74476,1.7452,1.00,1.87
2017.02.13 18:59:46.125,1.74477,1.74521,1.00,1.37
2017.02.13 18:59:46.475,1.74482,1.74521,1.00,1.37
2017.02.13 18:59:46.568,1.74477,1.74521,1.00,1.37
2017.02.13 18:59:47.309,1.74476,1.74518,1.00,1.37
2017.02.13 18:59:47.874,1.74477,1.74519,1.00,1.37
2017.02.13 18:59:47.925,1.74477,1.74519,1.00,1.37
2017.02.13 18:59:47.976,1.7448,1.74522,1.00,1.37
2017.02.13 18:59:48.077,1.74483,1.74525,1.00,1.37
2017.02.13 18:59:48.128,1.74485,1.74528,1.00,1.37
2017.02.13 18:59:48.178,1.74487,1.74531,1.00,1.37
2017.02.13 18:59:48.229,1.74489,1.74533,1.00,1.37
2017.02.13 18:59:48.331,1.74491,1.74533,1.00,1.37
2017.02.13 18:59:48.657,1.74489,1.74533,1.00,1.37
2017.02.13 18:59:48.809,1.74487,1.74529,1.00,1.37
2017.02.13 18:59:49.112,1.74484,1.74527,1.00,1.37
2017.02.13 18:59:49.163,1.74484,1.74525,1.00,1.37
2017.02.13 18:59:49.783,1.74486,1.74528,1.00,1.37
2017.02.13 18:59:50.089,1.74489,1.74531,1.00,1.37
2017.02.13 18:59:50.437,1.74489,1.74531,1.00,1.37
2017.02.13 18:59:50.538,1.74487,1.74529,1.00,1.37
2017.02.13 18:59:50.640,1.74489,1.74533,1.00,1.37
2017.02.13 18:59:50.741,1.74489,1.74531,1.00,1.37
2017.02.13 18:59:51.174,1.74488,1.7453,1.00,1.37
2017.02.13 18:59:51.508,1.74486,1.7453,1.00,1.87
2017.02.13 18:59:52.612,1.74486,1.74528,1.00,1.37
2017.02.13 18:59:53.432,1.74485,1.74526,1.00,1.37
2017.02.13 18:59:56.297,1.74483,1.74527,1.00,1.37
