2016.09.27 22:00:00.104,1.78355,1.78457,0.75,0.75
2016.09.27 22:00:00.156,1.78371,1.78448,0.37,0.75
2016.09.27 22:00:00.463,1.78382,1.78439,0.37,0.75
2016.09.27 22:00:00.565,1.7838,1.78439,0.37,0.75
2016.09.27 22:00:00.616,1.78375,1.78439,0.37,0.75
2016.09.27 22:00:00.708,1.78371,1.78449,0.75,0.75
2016.09.27 22:00:00.785,1.78375,1.78449,0.37,0.75
2016.09.27 22:00:00.836,1.78376,1.78439,0.37,0.75
2016.09.27 22:00:00.988,1.78372,1.78439,0.37,0.75
2016.09.27 22:00:01.039,1.78371,1.78439,0.37,1.12
2016.09.27 22:00:01.089,1.78356,1.78435,0.37,0.37
2016.09.27 22:00:01.140,1.78356,1.78429,0.37,0.75
2016.09.27 22:00:01.193,1.78342,1.78418,0.75,0.37
2016.09.27 22:00:01.244,1.7834,1.78418,0.37,0.37
2016.09.27 22:00:01.294,1.78346,1.78424,0.37,0.37
2016.09.27 22:00:01.346,1.78342,1.78419,0.75,0.75
2016.09.27 22:00:01.515,1.78345,1.78429,0.75,0.37
2016.09.27 22:00:01.566,1.78347,1.78434,0.37,0.37
2016.09.27 22:00:01.617,1.78347,1.78438,0.37,0.37
2016.09.27 22:00:01.872,1.78342,1.78438,0.37,0.37
2016.09.27 22:00:02.587,1.78343,1.78438,0.75,0.37
2016.09.27 22:00:02.974,1.78345,1.78433,0.75,0.37
2016.09.27 22:00:03.291,1.78348,1.78434,0.75,0.37
2016.09.27 22:00:03.342,1.78348,1.78438,0.75,1.12
2016.09.27 22:00:04.353,1.78347,1.78438,1.12,1.12
2016.09.27 22:00:04.557,1.78349,1.78438,0.75,1.12
2016.09.27 22:00:04.661,1.78348,1.78438,0.75,0.75
2016.09.27 22:00:04.879,1.78347,1.78438,0.37,0.75
2016.09.27 22:00:04.980,1.78345,1.78428,1.12,0.75
2016.09.27 22:00:05.031,1.78345,1.78428,0.75,0.75
2016.09.27 22:00:05.082,1.78343,1.78428,0.75,0.75
2016.09.27 22:00:05.602,1.78346,1.78428,0.75,0.75
2016.09.27 22:00:05.703,1.78347,1.78438,0.75,1.12
2016.09.27 22:00:05.804,1.78345,1.78438,0.75,1.12
2016.09.27 22:00:05.855,1.78345,1.78438,0.75,0.37
2016.09.27 22:00:05.927,1.78346,1.78438,0.37,0.37
2016.09.27 22:00:06.179,1.78346,1.78439,0.37,1.50
2016.09.27 22:00:06.230,1.78344,1.78439,0.75,1.12
2016.09.27 22:00:07.037,1.78345,1.78439,0.75,1.12
2016.09.27 22:00:07.139,1.78343,1.78439,0.75,1.12
2016.09.27 22:00:07.189,1.78347,1.78434,0.75,0.37
2016.09.27 22:00:07.240,1.78346,1.78434,0.37,0.37
2016.09.27 22:00:07.341,1.78346,1.78434,0.75,0.37
2016.09.27 22:00:07.392,1.78346,1.78439,1.50,1.50
2016.09.27 22:00:07.616,1.78347,1.78439,0.75,1.50
2016.09.27 22:00:07.666,1.78347,1.78444,0.75,0.75
2016.09.27 22:00:07.730,1.78347,1.78444,0.75,0.37
2016.09.27 22:00:07.781,1.78348,1.78448,0.75,0.37
2016.09.27 22:00:07.882,1.78351,1.78448,0.37,0.37
2016.09.27 22:00:07.933,1.78351,1.7845,0.37,0.37
2016.09.27 22:00:08.008,1.78352,1.78448,0.37,0.37
2016.09.27 22:00:08.109,1.78352,1.7845,0.37,0.37
2016.09.27 22:00:08.160,1.78352,1.78453,0.37,0.75
2016.09.27 22:00:08.211,1.78353,1.78453,0.75,0.37
2016.09.27 22:00:08.312,1.78352,1.78453,0.37,0.37
2016.09.27 22:00:08.416,1.78353,1.78453,0.75,0.37
2016.09.27 22:00:08.796,1.78352,1.78453,1.12,0.37
2016.09.27 22:00:08.897,1.78357,1.78453,0.37,0.37
2016.09.27 22:00:09.049,1.78352,1.78453,1.12,0.37
2016.09.27 22:00:09.286,1.78353,1.78453,0.75,0.37
2016.09.27 22:00:09.337,1.78355,1.78453,0.75,0.37
2016.09.27 22:00:09.497,1.78357,1.78458,0.37,0.75
2016.09.27 22:00:09.735,1.78357,1.78455,0.37,0.37
2016.09.27 22:00:09.785,1.78355,1.78453,0.75,0.37
2016.09.27 22:00:10.073,1.78357,1.78455,0.37,0.37
2016.09.27 22:00:10.124,1.78357,1.78455,1.12,0.37
2016.09.27 22:00:10.175,1.78357,1.78458,0.37,0.37
2016.09.27 22:00:11.416,1.78357,1.78453,0.37,0.37
2016.09.27 22:00:11.805,1.78357,1.78455,1.12,0.37
2016.09.27 22:00:11.856,1.78357,1.78458,0.37,0.37
2016.09.27 22:00:11.907,1.78357,1.78453,0.37,0.37
2016.09.27 22:00:12.293,1.78356,1.78454,1.50,0.37
2016.09.27 22:00:12.343,1.78356,1.78455,1.12,0.37
2016.09.27 22:00:12.863,1.78356,1.78454,0.37,0.37
2016.09.27 22:00:12.913,1.78356,1.78459,0.37,0.37
2016.09.27 22:00:13.801,1.78357,1.78459,0.75,0.37
2016.09.27 22:00:13.852,1.78356,1.78459,0.37,0.37
2016.09.27 22:00:15.047,1.78356,1.78455,0.37,0.37
2016.09.27 22:00:15.351,1.78357,1.78453,0.37,0.37
2016.09.27 22:00:16.300,1.78357,1.78458,1.12,0.37
2016.09.27 22:00:16.406,1.78357,1.78458,0.37,0.37
2016.09.27 22:00:17.903,1.78356,1.78459,0.37,0.75
2016.09.27 22:00:18.220,1.78357,1.78458,0.37,0.37
2016.09.27 22:00:18.321,1.78352,1.78452,0.37,0.37
2016.09.27 22:00:18.829,1.78351,1.78452,0.37,0.37
2016.09.27 22:00:19.034,1.7835,1.78449,0.37,0.37
2016.09.27 22:00:19.084,1.78346,1.78449,1.12,0.37
2016.09.27 22:00:19.135,1.78352,1.7845,0.37,0.37
2016.09.27 22:00:19.186,1.78352,1.78453,0.37,0.37
2016.09.27 22:00:19.606,1.78357,1.78455,0.37,0.37
2016.09.27 22:00:19.740,1.78352,1.78453,0.37,0.37
2016.09.27 22:00:20.608,1.78356,1.78454,0.37,0.37
2016.09.27 22:00:20.719,1.78356,1.78458,0.37,0.75
2016.09.27 22:00:21.001,1.78362,1.78458,0.37,0.75
2016.09.27 22:00:21.598,1.78362,1.78457,0.37,0.75
2016.09.27 22:00:22.182,1.78362,1.78445,0.37,0.37
2016.09.27 22:00:22.233,1.78351,1.78444,0.37,0.37
2016.09.27 22:00:24.014,1.78347,1.78443,0.37,0.37
2016.09.27 22:00:24.633,1.78347,1.78445,0.37,0.37
2016.09.27 22:00:24.734,1.78346,1.78444,0.75,0.75
2016.09.27 22:00:26.019,1.78346,1.78444,0.37,0.75
2016.09.27 22:00:26.070,1.78341,1.78444,0.37,0.37
2016.09.27 22:00:26.310,1.78341,1.78444,1.12,0.37
2016.09.27 22:00:26.361,1.78346,1.78445,0.37,0.37
2016.09.27 22:00:26.412,1.78346,1.78449,0.75,0.75
2016.09.27 22:00:26.738,1.78346,1.78444,0.75,0.37
2016.09.27 22:00:26.789,1.78346,1.78444,0.37,0.37
2016.09.27 22:00:28.833,1.78347,1.78445,0.37,0.37
2016.09.27 22:00:28.934,1.78345,1.78448,0.37,0.37
2016.09.27 22:00:29.036,1.78342,1.78448,0.37,0.37
2016.09.27 22:00:30.175,1.78346,1.78449,0.37,0.37
2016.09.27 22:00:30.277,1.78352,1.78449,0.37,0.37
2016.09.27 22:00:30.328,1.78352,1.78449,0.37,1.12
2016.09.27 22:00:30.447,1.78347,1.78448,0.37,0.37
2016.09.27 22:00:31.041,1.78346,1.78438,0.37,0.37
2016.09.27 22:00:31.092,1.7834,1.78438,0.75,0.37
2016.09.27 22:00:31.143,1.78342,1.7844,0.37,0.37
2016.09.27 22:00:31.193,1.78342,1.78443,0.37,0.37
2016.09.27 22:00:31.345,1.78336,1.78444,0.37,1.12
2016.09.27 22:00:31.702,1.78336,1.7844,0.37,0.37
2016.09.27 22:00:31.753,1.78337,1.78438,0.37,0.37
2016.09.27 22:00:32.754,1.78337,1.78437,1.12,0.37
2016.09.27 22:00:33.147,1.78338,1.78437,0.75,0.37
2016.09.27 22:00:33.408,1.78337,1.78437,1.12,0.37
2016.09.27 22:00:33.458,1.78337,1.78437,0.37,0.37
2016.09.27 22:00:33.807,1.78342,1.78437,0.37,0.37
2016.09.27 22:00:34.358,1.78341,1.78437,0.75,0.37
2016.09.27 22:00:34.409,1.78341,1.78437,0.37,0.37
2016.09.27 22:00:34.911,1.78342,1.78437,0.37,0.37
2016.09.27 22:00:38.850,1.7834,1.78437,0.37,0.37
2016.09.27 22:00:38.900,1.78337,1.78437,1.12,0.37
2016.09.27 22:00:38.951,1.78341,1.78437,0.37,0.37
2016.09.27 22:00:39.204,1.78341,1.78439,0.37,0.37
2016.09.27 22:00:41.427,1.78341,1.78439,1.12,0.37
2016.09.27 22:00:41.578,1.78343,1.78439,0.75,0.37
2016.09.27 22:00:41.781,1.78341,1.78439,0.37,0.37
2016.09.27 22:00:42.022,1.78341,1.78439,1.50,0.37
2016.09.27 22:00:42.227,1.78342,1.78439,0.75,0.37
2016.09.27 22:00:42.521,1.78341,1.78439,0.75,0.37
2016.09.27 22:00:44.184,1.78341,1.78439,1.50,0.37
2016.09.27 22:00:44.235,1.78343,1.78439,0.75,0.37
2016.09.27 22:00:44.574,1.78347,1.78442,0.37,0.37
2016.09.27 22:00:48.025,1.78347,1.78438,0.37,0.37
2016.09.27 22:00:48.075,1.78346,1.7844,0.37,0.37
2016.09.27 22:00:48.126,1.78346,1.78442,0.75,0.37
2016.09.27 22:00:48.177,1.78352,1.78443,0.37,0.37
2016.09.27 22:00:48.791,1.78351,1.78445,0.37,0.37
2016.09.27 22:00:48.893,1.78351,1.78449,0.37,0.37
2016.09.27 22:00:48.994,1.78351,1.78444,0.37,0.37
2016.09.27 22:00:49.045,1.78351,1.78444,0.75,0.75
2016.09.27 22:00:50.411,1.78352,1.78448,0.37,0.75
2016.09.27 22:00:51.951,1.78352,1.78447,0.37,0.75
2016.09.27 22:00:52.001,1.78352,1.78442,0.37,0.37
2016.09.27 22:00:52.052,1.78352,1.7844,0.37,0.75
2016.09.27 22:00:52.339,1.78351,1.78439,0.75,0.75
2016.09.27 22:00:52.592,1.78352,1.78439,0.37,0.75
2016.09.27 22:00:53.130,1.78351,1.7844,0.37,0.75
2016.09.27 22:00:53.654,1.78352,1.7844,0.37,0.75
2016.09.27 22:00:55.910,1.78352,1.7844,0.37,0.75
2016.09.27 22:00:56.455,1.78352,1.78439,0.37,0.75
2016.09.27 22:00:56.506,1.78352,1.78439,0.37,0.75
2016.09.27 22:00:56.556,1.78347,1.78439,0.37,0.75
2016.09.27 22:00:57.950,1.78352,1.78439,0.37,0.75
2016.09.27 22:00:58.462,1.78352,1.7844,0.37,0.75
2016.09.27 22:00:59.670,1.78352,1.78439,0.37,0.75
2016.09.27 22:01:01.175,1.78347,1.7844,0.37,0.75
2016.09.27 22:01:01.679,1.78347,1.78439,0.37,0.75
2016.09.27 22:01:02.715,1.78346,1.7844,0.37,0.75
2016.09.27 22:01:02.766,1.78352,1.7844,0.37,0.75
2016.09.27 22:01:02.867,1.78346,1.7844,0.37,0.75
2016.09.27 22:01:02.981,1.78351,1.7844,0.37,0.75
2016.09.27 22:01:03.081,1.78351,1.78439,0.75,0.75
2016.09.27 22:01:03.183,1.78352,1.78439,0.37,0.75
2016.09.27 22:01:06.825,1.78352,1.78439,0.37,0.75
2016.09.27 22:01:06.938,1.78352,1.78439,0.37,1.12
2016.09.27 22:01:07.241,1.78352,1.78439,0.37,0.75
2016.09.27 22:01:07.291,1.78356,1.78437,0.75,0.75
2016.09.27 22:01:07.342,1.78356,1.78437,0.75,0.75
2016.09.27 22:01:07.444,1.78356,1.78437,0.75,0.75
2016.09.27 22:01:07.626,1.78361,1.78437,0.75,0.75
2016.09.27 22:01:07.676,1.78361,1.78438,0.37,0.75
2016.09.27 22:01:07.727,1.78357,1.78438,0.37,0.75
2016.09.27 22:01:07.829,1.78357,1.78438,0.37,0.75
2016.09.27 22:01:07.879,1.7836,1.7844,0.37,0.37
2016.09.27 22:01:07.930,1.78361,1.78447,0.37,0.75
2016.09.27 22:01:08.016,1.78361,1.7844,0.37,0.75
2016.09.27 22:01:08.219,1.78362,1.78438,0.37,0.75
2016.09.27 22:01:08.426,1.78361,1.78438,0.75,0.75
2016.09.27 22:01:08.730,1.78361,1.78441,0.75,0.75
2016.09.27 22:01:09.886,1.78361,1.78441,0.37,0.75
2016.09.27 22:01:09.952,1.78357,1.78441,0.37,0.75
2016.09.27 22:01:10.117,1.78361,1.78442,0.37,0.75
2016.09.27 22:01:10.238,1.78361,1.78446,0.37,0.75
2016.09.27 22:01:10.289,1.78361,1.78446,0.75,1.50
2016.09.27 22:01:10.340,1.78361,1.78442,0.75,0.75
2016.09.27 22:01:10.390,1.78362,1.78442,0.37,0.75
2016.09.27 22:01:11.025,1.78361,1.78442,0.37,0.75
2016.09.27 22:01:11.177,1.78356,1.78442,1.50,0.75
2016.09.27 22:01:11.944,1.78357,1.78442,0.37,0.75
2016.09.27 22:01:12.257,1.7836,1.78442,0.37,0.75
2016.09.27 22:01:12.801,1.78362,1.78447,0.37,0.75
2016.09.27 22:01:13.009,1.78357,1.78447,0.37,0.75
2016.09.27 22:01:13.408,1.78362,1.78447,0.37,0.75
2016.09.27 22:01:14.008,1.78362,1.78446,0.37,0.75
2016.09.27 22:01:17.796,1.78362,1.78446,0.37,0.75
2016.09.27 22:01:17.887,1.78368,1.78446,0.75,0.75
2016.09.27 22:01:17.990,1.78368,1.78454,0.75,1.50
2016.09.27 22:01:18.040,1.78372,1.78454,0.37,1.50
2016.09.27 22:01:18.142,1.78372,1.78454,0.37,0.75
2016.09.27 22:01:18.193,1.78372,1.78454,0.37,0.75
2016.09.27 22:01:18.345,1.7837,1.78454,0.37,0.75
2016.09.27 22:01:18.395,1.78369,1.78453,0.75,0.75
2016.09.27 22:01:18.497,1.78369,1.78446,0.75,0.75
2016.09.27 22:01:18.548,1.78367,1.78446,0.37,0.75
2016.09.27 22:01:18.711,1.78362,1.78447,1.12,0.75
2016.09.27 22:01:19.439,1.78362,1.78447,0.75,0.75
2016.09.27 22:01:20.122,1.78362,1.78446,0.75,0.75
2016.09.27 22:01:23.266,1.78362,1.78446,0.75,0.75
2016.09.27 22:01:25.435,1.78367,1.78446,0.37,0.75
2016.09.27 22:01:25.755,1.78365,1.78447,0.37,0.75
2016.09.27 22:01:25.806,1.78362,1.78447,0.75,0.75
2016.09.27 22:01:25.938,1.78366,1.78447,0.37,0.75
2016.09.27 22:01:26.686,1.78362,1.78447,0.75,0.75
2016.09.27 22:01:26.861,1.78362,1.78447,0.75,0.75
2016.09.27 22:01:28.068,1.7836,1.78442,0.37,0.75
2016.09.27 22:01:28.119,1.78357,1.78439,0.37,0.37
2016.09.27 22:01:28.220,1.78357,1.78436,0.37,0.75
2016.09.27 22:01:28.272,1.78356,1.78436,1.12,0.75
2016.09.27 22:01:28.323,1.78357,1.78435,0.75,0.75
2016.09.27 22:01:28.374,1.78357,1.78435,1.12,0.75
2016.09.27 22:01:28.424,1.78362,1.78438,0.75,0.37
2016.09.27 22:01:28.475,1.78362,1.78443,0.75,0.75
2016.09.27 22:01:28.526,1.78365,1.78443,0.75,0.75
2016.09.27 22:01:28.851,1.78362,1.78443,0.37,0.75
2016.09.27 22:01:29.104,1.78363,1.78443,0.75,0.75
2016.09.27 22:01:29.154,1.78367,1.78443,0.37,0.75
2016.09.27 22:01:29.205,1.78367,1.78444,0.37,0.75
2016.09.27 22:01:29.441,1.78366,1.78445,0.37,0.37
2016.09.27 22:01:29.493,1.78366,1.78451,0.37,1.50
2016.09.27 22:01:30.547,1.78369,1.78451,0.75,0.75
2016.09.27 22:01:30.800,1.78371,1.7845,0.75,0.75
2016.09.27 22:01:31.730,1.78371,1.7845,0.37,0.37
2016.09.27 22:01:31.932,1.78371,1.7845,0.75,0.75
2016.09.27 22:01:32.033,1.78371,1.78452,0.37,0.37
2016.09.27 22:01:32.084,1.78371,1.78454,0.37,0.37
2016.09.27 22:01:32.135,1.78371,1.78454,0.37,0.37
2016.09.27 22:01:32.726,1.78371,1.78453,0.37,0.75
2016.09.27 22:01:33.497,1.78376,1.78453,0.37,0.75
2016.09.27 22:01:33.547,1.78376,1.78453,0.75,0.75
2016.09.27 22:01:33.598,1.78382,1.78453,0.37,0.75
2016.09.27 22:01:33.649,1.78382,1.78456,0.37,0.75
2016.09.27 22:01:33.700,1.78382,1.78456,0.37,0.75
2016.09.27 22:01:34.573,1.78381,1.78456,0.37,0.75
2016.09.27 22:01:34.652,1.78377,1.78456,1.12,0.75
2016.09.27 22:01:37.555,1.78377,1.78456,0.37,0.75
2016.09.27 22:01:37.707,1.78376,1.78454,0.75,0.37
2016.09.27 22:01:37.781,1.78376,1.78454,0.75,0.75
2016.09.27 22:01:37.832,1.78377,1.78453,0.37,0.37
2016.09.27 22:01:37.933,1.78376,1.78454,0.75,0.75
2016.09.27 22:01:45.840,1.78376,1.78456,0.75,0.75
2016.09.27 22:01:45.891,1.78377,1.78456,0.75,0.75
2016.09.27 22:01:47.434,1.78377,1.78456,1.12,0.75
2016.09.27 22:01:47.536,1.78377,1.78461,1.12,0.75
2016.09.27 22:01:48.573,1.78382,1.78458,0.37,0.37
2016.09.27 22:01:49.249,1.78373,1.78454,0.75,0.75
2016.09.27 22:01:49.350,1.78373,1.78449,0.75,0.75
2016.09.27 22:01:49.552,1.78373,1.78449,0.75,0.75
2016.09.27 22:01:49.683,1.78371,1.78449,0.75,0.75
2016.09.27 22:01:50.731,1.78372,1.78449,0.37,0.37
2016.09.27 22:01:50.855,1.78371,1.78453,0.37,0.75
2016.09.27 22:01:51.473,1.78377,1.78453,0.37,1.12
2016.09.27 22:01:51.776,1.78372,1.78453,0.37,1.12
2016.09.27 22:01:53.212,1.78377,1.78453,0.37,1.12
2016.09.27 22:01:54.585,1.78376,1.7845,0.37,0.37
2016.09.27 22:01:54.688,1.78376,1.78454,0.37,1.87
2016.09.27 22:01:54.789,1.78376,1.78454,0.37,1.12
2016.09.27 22:01:57.454,1.78376,1.78454,0.37,0.37
2016.09.27 22:01:57.657,1.78381,1.78459,0.75,1.50
2016.09.27 22:01:57.880,1.78381,1.78454,0.37,0.37
2016.09.27 22:01:57.981,1.78376,1.78454,0.37,0.37
2016.09.27 22:02:00.269,1.78376,1.78459,0.75,1.50
2016.09.27 22:02:00.549,1.78376,1.78458,0.75,0.75
2016.09.27 22:02:05.048,1.78376,1.78449,0.75,0.75
2016.09.27 22:02:05.286,1.78376,1.78448,0.37,1.12
2016.09.27 22:02:05.387,1.78373,1.78448,0.75,1.12
2016.09.27 22:02:05.589,1.78372,1.78448,1.12,1.12
2016.09.27 22:02:08.737,1.78372,1.78448,0.75,1.12
2016.09.27 22:02:08.788,1.78369,1.78448,0.75,0.37
2016.09.27 22:02:09.872,1.78369,1.78445,0.75,0.37
2016.09.27 22:02:09.973,1.78369,1.78449,0.75,1.50
2016.09.27 22:02:10.183,1.78371,1.78449,0.37,1.50
2016.09.27 22:02:10.233,1.78371,1.78449,0.75,1.50
2016.09.27 22:02:10.737,1.78369,1.78443,0.75,0.37
2016.09.27 22:02:12.060,1.78369,1.78444,0.75,0.37
2016.09.27 22:02:12.111,1.78369,1.78449,0.75,1.12
2016.09.27 22:02:12.353,1.78372,1.78448,0.37,0.37
2016.09.27 22:02:12.403,1.78372,1.78448,0.37,1.12
2016.09.27 22:02:12.762,1.78372,1.78448,0.37,0.37
2016.09.27 22:02:12.968,1.78372,1.78448,0.37,1.12
2016.09.27 22:02:13.443,1.78372,1.78448,0.37,0.75
2016.09.27 22:02:17.065,1.78372,1.78449,0.37,0.75
2016.09.27 22:02:19.733,1.78372,1.78448,0.37,0.37
2016.09.27 22:02:20.377,1.78371,1.78449,0.37,1.12
2016.09.27 22:02:20.428,1.78371,1.78449,0.37,0.75
2016.09.27 22:02:20.835,1.78371,1.78449,0.37,1.12
2016.09.27 22:02:21.018,1.78371,1.78449,0.37,1.50
2016.09.27 22:02:21.905,1.78371,1.78449,0.37,1.12
2016.09.27 22:02:21.955,1.78372,1.78448,0.37,0.37
2016.09.27 22:02:22.356,1.78372,1.78449,0.37,0.75
2016.09.27 22:02:22.659,1.78377,1.78449,0.37,0.75
2016.09.27 22:02:22.851,1.78377,1.78458,0.37,0.37
2016.09.27 22:02:22.902,1.78377,1.78458,0.37,1.12
2016.09.27 22:02:22.984,1.78377,1.78449,0.37,0.75
2016.09.27 22:02:24.073,1.78376,1.78449,0.37,0.75
2016.09.27 22:02:24.124,1.78372,1.78449,0.75,0.75
2016.09.27 22:02:24.225,1.78371,1.78449,0.37,0.75
2016.09.27 22:02:25.376,1.78372,1.78448,0.37,0.37
2016.09.27 22:02:25.477,1.78377,1.78448,0.37,0.75
2016.09.27 22:02:25.578,1.78371,1.78454,0.37,0.37
2016.09.27 22:02:25.629,1.78371,1.78449,0.75,0.37
2016.09.27 22:02:25.714,1.78375,1.78449,0.37,0.75
2016.09.27 22:02:25.916,1.78371,1.78448,0.75,0.75
2016.09.27 22:02:25.967,1.78377,1.78448,0.37,0.75
2016.09.27 22:02:26.119,1.78377,1.78453,0.37,1.12
2016.09.27 22:02:26.170,1.78372,1.78448,0.37,0.37
2016.09.27 22:02:26.221,1.78372,1.78448,0.37,0.37
2016.09.27 22:02:26.271,1.78371,1.78449,0.37,0.75
2016.09.27 22:02:26.322,1.78371,1.78449,0.75,1.12
2016.09.27 22:02:26.373,1.78371,1.78449,0.37,1.50
2016.09.27 22:02:26.424,1.7837,1.78449,0.37,1.12
2016.09.27 22:02:26.474,1.78372,1.78448,0.37,0.37
2016.09.27 22:02:26.525,1.78372,1.78448,0.37,1.12
2016.09.27 22:02:26.823,1.78372,1.78448,0.37,0.37
2016.09.27 22:02:28.337,1.78367,1.78448,1.12,0.37
2016.09.27 22:02:29.564,1.78367,1.78443,0.75,0.37
2016.09.27 22:02:29.614,1.78365,1.78443,0.37,0.37
2016.09.27 22:02:29.665,1.78364,1.78443,0.75,0.37
2016.09.27 22:02:30.218,1.78365,1.78443,0.37,0.37
2016.09.27 22:02:30.269,1.78367,1.78447,0.37,0.75
2016.09.27 22:02:32.010,1.78367,1.78448,0.37,0.37
2016.09.27 22:02:33.473,1.78371,1.78449,0.37,1.12
2016.09.27 22:02:33.726,1.7837,1.78448,0.37,0.75
2016.09.27 22:02:33.777,1.78372,1.78448,0.37,1.12
2016.09.27 22:02:33.979,1.78372,1.78448,0.37,0.75
2016.09.27 22:02:38.986,1.78376,1.78448,0.37,0.75
2016.09.27 22:02:39.137,1.78372,1.78448,0.37,0.75
2016.09.27 22:02:40.192,1.78372,1.78438,0.37,0.75
2016.09.27 22:02:40.294,1.78371,1.78448,0.37,0.75
2016.09.27 22:02:40.395,1.78371,1.78439,0.37,0.75
2016.09.27 22:02:40.836,1.78371,1.78448,0.37,0.75
2016.09.27 22:02:41.895,1.78371,1.78448,0.37,1.50
2016.09.27 22:02:45.995,1.78372,1.78448,0.37,1.50
2016.09.27 22:02:46.097,1.78372,1.78448,0.37,1.87
2016.09.27 22:02:46.280,1.78366,1.78448,0.75,0.75
2016.09.27 22:02:46.446,1.78366,1.78444,0.75,0.37
2016.09.27 22:02:46.496,1.78367,1.78443,0.37,0.37
2016.09.27 22:02:49.423,1.78367,1.78439,0.37,0.75
2016.09.27 22:02:51.005,1.78367,1.78443,0.37,0.37
2016.09.27 22:02:51.205,1.78367,1.78439,0.37,0.75
2016.09.27 22:02:53.223,1.78366,1.78439,0.37,0.75
2016.09.27 22:02:53.274,1.78361,1.78439,0.75,0.75
2016.09.27 22:02:53.524,1.78367,1.78439,0.37,0.75
2016.09.27 22:02:55.911,1.78367,1.78443,0.37,0.37
2016.09.27 22:02:58.736,1.78367,1.78444,0.37,0.37
2016.09.27 22:02:58.787,1.78371,1.78448,0.37,1.12
2016.09.27 22:02:59.293,1.78372,1.78448,0.37,1.12
2016.09.27 22:03:00.104,1.78376,1.78448,0.37,1.12
2016.09.27 22:03:00.155,1.78377,1.78454,0.37,0.37
2016.09.27 22:03:00.206,1.78377,1.78457,0.37,0.75
2016.09.27 22:03:00.522,1.78377,1.78448,0.37,0.75
2016.09.27 22:03:01.852,1.78377,1.78449,0.37,0.75
2016.09.27 22:03:02.026,1.78372,1.78449,0.37,0.75
2016.09.27 22:03:02.823,1.78377,1.78449,0.37,0.75
2016.09.27 22:03:03.722,1.78377,1.78448,0.37,0.75
2016.09.27 22:03:06.162,1.78377,1.78449,0.37,0.75
2016.09.27 22:03:06.213,1.78371,1.78449,0.75,0.75
2016.09.27 22:03:06.301,1.78371,1.78454,0.75,0.75
2016.09.27 22:03:06.351,1.78371,1.78448,0.75,0.75
2016.09.27 22:03:06.402,1.78377,1.78448,0.37,0.75
2016.09.27 22:03:06.639,1.78377,1.78456,0.37,0.75
2016.09.27 22:03:07.191,1.78382,1.78457,0.37,0.75
2016.09.27 22:03:07.293,1.78377,1.78453,0.37,0.37
2016.09.27 22:03:07.496,1.78381,1.78456,0.75,0.75
2016.09.27 22:03:07.597,1.78376,1.78454,0.37,0.37
2016.09.27 22:03:08.789,1.78381,1.78454,0.37,0.37
2016.09.27 22:03:08.970,1.78382,1.78456,0.37,0.75
2016.09.27 22:03:09.938,1.78382,1.78454,0.37,0.37
2016.09.27 22:03:10.072,1.78376,1.78454,0.75,0.75
2016.09.27 22:03:11.986,1.78376,1.78452,0.75,0.75
2016.09.27 22:03:13.739,1.78376,1.78454,0.75,0.75
2016.09.27 22:03:14.161,1.78376,1.78453,0.75,0.75
2016.09.27 22:03:15.464,1.78376,1.78451,0.75,0.75
2016.09.27 22:03:17.488,1.78376,1.78452,0.75,0.75
2016.09.27 22:03:20.356,1.78376,1.78449,0.75,0.75
2016.09.27 22:03:20.458,1.78376,1.78452,0.37,0.75
2016.09.27 22:03:20.968,1.78376,1.78451,0.37,0.75
2016.09.27 22:03:21.371,1.78376,1.78448,0.37,0.75
2016.09.27 22:03:21.898,1.78376,1.78449,0.37,0.75
2016.09.27 22:03:22.248,1.78376,1.78451,0.37,0.75
2016.09.27 22:03:23.250,1.78376,1.78449,0.37,0.75
2016.09.27 22:03:25.957,1.78376,1.78451,0.37,0.75
2016.09.27 22:03:26.153,1.78376,1.78449,0.37,0.75
2016.09.27 22:03:26.954,1.78376,1.78451,0.37,0.75
2016.09.27 22:03:27.231,1.78376,1.78449,0.37,0.75
2016.09.27 22:03:27.371,1.78376,1.78451,0.37,0.75
2016.09.27 22:03:29.257,1.78376,1.78449,0.37,0.75
2016.09.27 22:03:36.734,1.78372,1.78449,0.37,0.75
2016.09.27 22:03:37.818,1.78372,1.78448,0.37,0.75
2016.09.27 22:03:38.386,1.78372,1.78449,0.37,0.75
2016.09.27 22:03:38.488,1.78376,1.78449,0.75,0.75
2016.09.27 22:03:40.074,1.78376,1.78448,0.75,0.75
2016.09.27 22:03:40.600,1.78376,1.78449,0.75,0.75
2016.09.27 22:03:42.297,1.78382,1.78449,0.37,0.75
2016.09.27 22:03:43.709,1.78382,1.78458,0.37,0.37
2016.09.27 22:03:45.080,1.78382,1.78458,0.37,1.12
2016.09.27 22:03:47.887,1.78382,1.78458,0.37,0.37
2016.09.27 22:03:47.988,1.78382,1.78458,0.37,1.12
2016.09.27 22:03:48.272,1.78381,1.78458,0.75,0.75
2016.09.27 22:03:48.323,1.78381,1.78458,0.75,0.75
2016.09.27 22:03:48.917,1.78381,1.78459,0.75,0.75
2016.09.27 22:03:49.070,1.78387,1.78458,0.37,0.75
2016.09.27 22:03:49.121,1.78387,1.7846,0.37,0.75
2016.09.27 22:03:49.273,1.78386,1.78463,0.75,1.12
2016.09.27 22:03:49.324,1.78386,1.78464,0.75,0.75
2016.09.27 22:03:49.789,1.78386,1.78458,0.75,0.75
2016.09.27 22:03:49.965,1.78386,1.78458,0.37,0.75
2016.09.27 22:03:50.066,1.78381,1.78458,0.37,0.75
2016.09.27 22:03:50.917,1.78382,1.78458,0.37,1.12
2016.09.27 22:03:54.273,1.78382,1.78454,0.37,0.37
2016.09.27 22:03:54.324,1.78381,1.78454,0.75,0.75
2016.09.27 22:03:55.048,1.78381,1.78453,0.37,0.37
2016.09.27 22:03:55.099,1.78377,1.78453,0.37,0.37
2016.09.27 22:04:01.082,1.78376,1.78458,1.50,3.00
2016.09.27 22:04:02.007,1.78376,1.78458,1.50,2.25
2016.09.27 22:04:02.058,1.78376,1.78459,3.00,2.25
2016.09.27 22:04:02.108,1.78381,1.78459,1.00,1.00
2016.09.27 22:04:02.210,1.78383,1.78459,1.00,1.00
2016.09.27 22:04:02.261,1.78383,1.78462,1.37,1.87
2016.09.27 22:04:02.312,1.78382,1.78463,2.25,1.12
2016.09.27 22:04:02.439,1.78381,1.78461,1.00,1.37
2016.09.27 22:04:02.490,1.78381,1.78456,1.00,1.00
2016.09.27 22:04:02.591,1.78376,1.78456,3.00,1.00
2016.09.27 22:04:02.642,1.78376,1.78456,1.50,1.00
2016.09.27 22:04:02.743,1.78376,1.78455,1.00,1.00
2016.09.27 22:04:03.542,1.78376,1.78455,1.00,1.00
2016.09.27 22:04:06.224,1.78376,1.78455,1.00,1.37
2016.09.27 22:04:06.275,1.78373,1.78455,1.75,1.75
2016.09.27 22:04:06.734,1.78376,1.78455,1.50,1.75
2016.09.27 22:04:06.836,1.78372,1.78455,2.25,1.75
2016.09.27 22:04:07.212,1.78372,1.78455,2.25,2.25
2016.09.27 22:04:08.037,1.78372,1.78456,2.25,1.37
2016.09.27 22:04:08.214,1.78372,1.78456,2.25,1.75
2016.09.27 22:04:08.265,1.78376,1.78456,1.37,1.75
2016.09.27 22:04:08.437,1.78372,1.78456,3.00,1.75
2016.09.27 22:04:08.637,1.78372,1.78455,3.00,1.00
2016.09.27 22:04:08.739,1.78376,1.78455,1.50,1.00
2016.09.27 22:04:08.917,1.78372,1.78455,2.25,1.00
2016.09.27 22:04:09.218,1.78375,1.78455,1.75,1.00
2016.09.27 22:04:09.419,1.78372,1.78455,3.00,1.00
2016.09.27 22:04:09.591,1.78375,1.78455,1.75,1.00
2016.09.27 22:04:09.642,1.78376,1.78455,2.25,1.00
2016.09.27 22:04:09.938,1.78381,1.78455,1.00,1.00
2016.09.27 22:04:10.349,1.78381,1.78455,1.00,1.00
2016.09.27 22:04:11.740,1.78377,1.78455,2.25,1.00
2016.09.27 22:04:11.841,1.78377,1.78455,3.00,1.00
2016.09.27 22:04:11.943,1.78377,1.78455,2.25,1.00
2016.09.27 22:04:12.072,1.78379,1.78455,1.75,1.00
2016.09.27 22:04:12.250,1.78381,1.78455,1.00,1.00
2016.09.27 22:04:12.453,1.78376,1.78455,3.00,1.00
2016.09.27 22:04:12.555,1.78376,1.78456,1.12,1.37
2016.09.27 22:04:12.656,1.78377,1.78456,1.87,1.37
2016.09.27 22:04:12.758,1.78377,1.78456,2.25,1.00
2016.09.27 22:04:13.066,1.78376,1.78456,1.75,1.00
2016.09.27 22:04:13.116,1.78376,1.78456,1.37,1.00
2016.09.27 22:04:13.268,1.78373,1.78456,1.75,1.00
2016.09.27 22:04:13.812,1.78376,1.78455,2.25,1.00
2016.09.27 22:04:13.914,1.78373,1.78456,1.75,1.37
2016.09.27 22:04:14.038,1.78376,1.78456,1.87,1.37
2016.09.27 22:04:14.089,1.78377,1.78455,2.25,1.00
2016.09.27 22:04:14.241,1.78379,1.78455,1.75,1.00
2016.09.27 22:04:14.342,1.78377,1.78455,2.25,1.00
2016.09.27 22:04:15.254,1.78378,1.78458,1.75,1.00
2016.09.27 22:04:15.356,1.78378,1.7846,1.75,1.12
2016.09.27 22:04:15.406,1.78378,1.78462,1.75,1.75
2016.09.27 22:04:15.457,1.78377,1.78462,2.25,2.25
2016.09.27 22:04:15.761,1.78377,1.78461,2.25,1.75
2016.09.27 22:04:15.862,1.78373,1.78461,1.75,1.75
2016.09.27 22:04:16.967,1.78376,1.78462,1.50,2.25
2016.09.27 22:04:17.170,1.78374,1.7846,1.75,1.75
2016.09.27 22:04:21.061,1.78381,1.7846,1.87,1.37
2016.09.27 22:04:21.162,1.78381,1.78463,2.25,1.00
2016.09.27 22:04:21.213,1.78381,1.78463,2.25,1.00
2016.09.27 22:04:21.770,1.78386,1.78463,1.87,1.00
2016.09.27 22:04:21.827,1.78386,1.78463,2.25,1.00
2016.09.27 22:04:25.281,1.78385,1.78463,2.25,1.00
2016.09.27 22:04:25.382,1.78381,1.78463,2.25,1.00
2016.09.27 22:04:26.158,1.78381,1.78463,1.87,1.00
2016.09.27 22:04:26.209,1.78379,1.78463,1.75,1.12
2016.09.27 22:04:26.260,1.78384,1.78468,1.37,3.00
2016.09.27 22:04:26.311,1.78386,1.78468,1.87,1.00
2016.09.27 22:04:26.361,1.78386,1.78468,2.25,1.00
2016.09.27 22:04:26.412,1.78391,1.78468,1.87,1.00
2016.09.27 22:04:26.463,1.78396,1.7847,1.00,1.00
2016.09.27 22:04:31.595,1.78391,1.7847,1.87,1.12
2016.09.27 22:04:31.646,1.78386,1.7847,2.25,1.50
2016.09.27 22:04:32.389,1.78386,1.78468,2.25,1.00
2016.09.27 22:04:33.467,1.78385,1.78468,2.25,1.37
2016.09.27 22:04:33.518,1.78383,1.78468,1.75,1.75
2016.09.27 22:04:33.755,1.78383,1.78469,1.75,3.00
2016.09.27 22:04:33.955,1.78383,1.78468,1.75,1.75
2016.09.27 22:04:34.459,1.78381,1.78468,2.25,2.25
2016.09.27 22:04:34.746,1.78383,1.78468,1.75,1.75
2016.09.27 22:04:37.461,1.78381,1.78468,2.25,2.25
2016.09.27 22:04:37.564,1.78386,1.78464,1.00,1.00
2016.09.27 22:04:38.725,1.78387,1.78468,1.87,2.25
2016.09.27 22:04:38.776,1.78387,1.78468,2.25,1.87
2016.09.27 22:04:41.179,1.78387,1.78468,2.25,1.00
2016.09.27 22:04:41.231,1.78391,1.78468,2.25,1.00
2016.09.27 22:04:41.497,1.78391,1.7847,2.25,1.00
2016.09.27 22:04:41.884,1.78391,1.7847,2.25,1.50
2016.09.27 22:04:44.064,1.78396,1.7847,1.87,1.50
2016.09.27 22:04:44.115,1.78401,1.78469,1.00,1.00
2016.09.27 22:04:44.317,1.78401,1.78469,1.00,1.50
2016.09.27 22:04:44.570,1.78396,1.78469,2.25,1.50
2016.09.27 22:04:44.622,1.78392,1.78469,2.25,1.50
2016.09.27 22:04:44.970,1.78392,1.78468,2.25,1.00
2016.09.27 22:04:45.172,1.78392,1.78458,2.25,1.00
2016.09.27 22:04:49.449,1.78397,1.78458,1.87,1.00
2016.09.27 22:04:49.500,1.78397,1.78458,2.25,1.00
2016.09.27 22:04:49.650,1.78396,1.78458,1.87,1.00
2016.09.27 22:04:49.701,1.78387,1.78458,2.25,1.00
2016.09.27 22:04:50.044,1.78387,1.78469,2.25,1.00
2016.09.27 22:04:50.757,1.78392,1.78469,1.87,1.00
2016.09.27 22:04:50.808,1.78392,1.78468,2.25,1.00
2016.09.27 22:04:56.970,1.78397,1.78468,1.87,1.00
2016.09.27 22:04:57.021,1.78397,1.78469,2.25,1.00
2016.09.27 22:04:57.071,1.78402,1.78469,1.87,1.00
2016.09.27 22:04:57.223,1.78402,1.78468,2.25,1.00
2016.09.27 22:04:57.274,1.784,1.78468,2.25,1.00
2016.09.27 22:04:57.325,1.78397,1.78468,2.25,1.00
2016.09.27 22:04:57.478,1.78395,1.78468,2.25,1.00
2016.09.27 22:04:57.529,1.78391,1.78469,2.25,1.00
2016.09.27 22:04:57.580,1.78391,1.78463,2.25,1.00
2016.09.27 22:04:57.732,1.78391,1.78463,1.00,1.00
2016.09.27 22:04:57.823,1.78386,1.78463,1.87,1.00
2016.09.27 22:04:57.874,1.78382,1.78463,2.25,1.12
2016.09.27 22:05:00.522,1.78381,1.7846,1.00,1.00
2016.09.27 22:05:00.623,1.78377,1.7846,1.75,1.00
2016.09.27 22:05:01.045,1.78377,1.78455,1.75,1.00
2016.09.27 22:05:01.696,1.78381,1.78455,1.87,1.00
2016.09.27 22:05:01.747,1.78381,1.78459,2.25,1.00
2016.09.27 22:05:02.105,1.78381,1.78459,2.25,1.50
2016.09.27 22:05:02.207,1.7838,1.78457,2.25,1.00
2016.09.27 22:05:02.513,1.78371,1.78445,2.25,1.00
2016.09.27 22:05:02.564,1.78366,1.78445,2.25,1.00
2016.09.27 22:05:02.665,1.78371,1.78445,1.00,1.00
2016.09.27 22:05:02.716,1.78367,1.78445,2.25,1.00
2016.09.27 22:05:03.096,1.78367,1.78438,2.25,1.00
2016.09.27 22:05:03.401,1.78371,1.78438,1.00,1.00
2016.09.27 22:05:03.673,1.78366,1.78438,2.25,1.00
2016.09.27 22:05:03.825,1.78371,1.78438,1.00,1.00
2016.09.27 22:05:04.078,1.78366,1.78438,2.25,1.00
2016.09.27 22:05:04.180,1.78371,1.78439,1.00,1.00
2016.09.27 22:05:04.231,1.78367,1.78441,2.25,1.00
2016.09.27 22:05:04.556,1.78372,1.78445,2.25,1.00
2016.09.27 22:05:04.947,1.78372,1.78448,2.25,1.00
2016.09.27 22:05:05.065,1.78367,1.78448,2.25,1.50
2016.09.27 22:05:05.116,1.78367,1.78448,2.25,1.00
2016.09.27 22:05:05.230,1.78367,1.78448,2.25,1.50
2016.09.27 22:05:05.281,1.78367,1.78446,2.25,1.00
2016.09.27 22:05:05.332,1.78367,1.78449,2.25,1.50
2016.09.27 22:05:05.538,1.78367,1.78444,2.25,1.00
2016.09.27 22:05:05.954,1.78367,1.78442,2.25,1.00
2016.09.27 22:05:06.172,1.78371,1.78442,2.25,1.00
2016.09.27 22:05:06.223,1.78376,1.78442,1.00,1.00
2016.09.27 22:05:07.315,1.78376,1.78447,1.00,1.00
2016.09.27 22:05:07.366,1.78376,1.78445,1.00,1.00
2016.09.27 22:05:07.771,1.78375,1.78445,2.25,1.00
2016.09.27 22:05:07.974,1.78372,1.78445,2.25,1.00
2016.09.27 22:05:08.025,1.78371,1.78449,2.25,1.00
2016.09.27 22:05:08.249,1.78381,1.78448,1.00,1.00
2016.09.27 22:05:08.454,1.78371,1.78448,2.25,1.00
2016.09.27 22:05:08.656,1.78375,1.78448,2.25,1.00
2016.09.27 22:05:08.860,1.78376,1.78448,1.00,1.00
2016.09.27 22:05:09.063,1.78377,1.78448,2.25,1.00
2016.09.27 22:05:09.448,1.78371,1.78448,2.25,1.00
2016.09.27 22:05:10.245,1.78381,1.78448,1.00,1.00
2016.09.27 22:05:10.658,1.78381,1.78456,1.00,1.00
2016.09.27 22:05:10.770,1.78381,1.78456,2.25,1.00
2016.09.27 22:05:10.871,1.7838,1.78456,2.25,1.50
2016.09.27 22:05:10.973,1.78376,1.78452,2.25,1.00
2016.09.27 22:05:11.455,1.78381,1.78452,1.00,1.00
2016.09.27 22:05:13.115,1.78381,1.78454,1.00,1.00
2016.09.27 22:05:13.266,1.78377,1.78454,2.25,1.00
2016.09.27 22:05:13.570,1.78377,1.78452,2.25,1.00
2016.09.27 22:05:13.672,1.78377,1.78454,2.25,1.00
2016.09.27 22:05:13.773,1.78382,1.78454,2.25,1.00
2016.09.27 22:05:14.255,1.78382,1.78452,2.25,1.00
2016.09.27 22:05:14.356,1.78376,1.78452,2.25,1.00
2016.09.27 22:05:14.559,1.78381,1.78456,1.00,1.50
2016.09.27 22:05:14.610,1.78381,1.78455,1.00,1.00
2016.09.27 22:05:14.661,1.78377,1.78452,2.25,1.00
2016.09.27 22:05:14.834,1.78382,1.78452,2.25,1.00
2016.09.27 22:05:15.340,1.78382,1.78454,2.25,1.00
2016.09.27 22:05:15.441,1.78382,1.78451,2.25,1.00
2016.09.27 22:05:15.542,1.78381,1.78456,2.25,1.00
2016.09.27 22:05:15.669,1.78377,1.78456,2.25,1.00
2016.09.27 22:05:15.742,1.78376,1.78453,2.25,1.00
2016.09.27 22:05:15.844,1.78382,1.78453,1.87,1.00
2016.09.27 22:05:15.895,1.78382,1.78453,2.25,1.00
2016.09.27 22:05:16.198,1.78382,1.78451,2.25,1.00
2016.09.27 22:05:16.249,1.78382,1.78457,2.25,1.00
2016.09.27 22:05:16.492,1.78382,1.78458,2.25,1.50
2016.09.27 22:05:16.543,1.78382,1.78458,2.25,1.00
2016.09.27 22:05:16.695,1.78382,1.78458,1.87,1.00
2016.09.27 22:05:17.050,1.78382,1.78454,1.87,1.00
2016.09.27 22:05:17.151,1.78376,1.78454,1.87,1.00
2016.09.27 22:05:17.202,1.78381,1.78454,1.00,1.00
2016.09.27 22:05:17.537,1.78381,1.78452,1.00,1.00
2016.09.27 22:05:17.689,1.78381,1.78449,2.25,1.00
2016.09.27 22:05:17.993,1.78376,1.78446,2.25,1.00
2016.09.27 22:05:18.145,1.78377,1.78451,2.25,1.00
2016.09.27 22:05:19.168,1.78377,1.78448,2.25,1.00
2016.09.27 22:05:20.654,1.78377,1.78451,2.25,1.00
2016.09.27 22:05:20.862,1.78377,1.78447,2.25,1.00
2016.09.27 22:05:21.249,1.78377,1.7845,2.25,1.00
2016.09.27 22:05:21.350,1.78377,1.78448,2.25,1.00
2016.09.27 22:05:21.959,1.78377,1.78451,2.25,1.00
2016.09.27 22:05:22.086,1.78372,1.78451,2.25,1.00
2016.09.27 22:05:22.137,1.78372,1.78446,2.25,1.00
2016.09.27 22:05:22.187,1.78377,1.78454,2.25,1.00
2016.09.27 22:05:22.453,1.78377,1.7845,2.25,1.00
2016.09.27 22:05:22.859,1.78377,1.78454,2.25,1.00
2016.09.27 22:05:23.306,1.78372,1.78454,2.25,1.00
2016.09.27 22:05:23.458,1.78372,1.78452,2.25,1.00
2016.09.27 22:05:24.680,1.78375,1.78447,2.25,1.00
2016.09.27 22:05:24.781,1.78377,1.78451,2.25,1.00
2016.09.27 22:05:24.883,1.78377,1.78456,2.25,1.50
2016.09.27 22:05:25.041,1.78377,1.78456,2.25,1.00
2016.09.27 22:05:25.158,1.78377,1.78449,2.25,1.00
2016.09.27 22:05:25.287,1.78381,1.78449,1.00,1.00
2016.09.27 22:05:25.814,1.78377,1.78449,2.25,1.00
2016.09.27 22:05:26.815,1.78376,1.78449,2.25,1.00
2016.09.27 22:05:26.916,1.78381,1.78449,1.00,1.00
2016.09.27 22:05:31.061,1.78377,1.78449,2.25,1.00
2016.09.27 22:05:31.548,1.78375,1.78449,2.25,1.00
2016.09.27 22:05:31.650,1.78377,1.78447,1.87,1.00
2016.09.27 22:05:31.700,1.78377,1.78447,2.25,1.00
2016.09.27 22:05:32.176,1.78375,1.78447,2.25,1.00
2016.09.27 22:05:32.227,1.78372,1.78447,2.25,1.00
2016.09.27 22:05:33.045,1.7837,1.78447,2.25,1.00
2016.09.27 22:05:33.096,1.78367,1.78446,1.87,1.00
2016.09.27 22:05:33.197,1.78367,1.78446,2.25,1.00
2016.09.27 22:05:33.362,1.78367,1.78443,2.25,1.00
2016.09.27 22:05:33.982,1.78367,1.78439,2.25,1.00
2016.09.27 22:05:34.337,1.78365,1.78439,2.25,1.00
2016.09.27 22:05:34.886,1.78366,1.78438,2.25,1.00
2016.09.27 22:05:35.038,1.78361,1.78439,2.25,1.00
2016.09.27 22:05:35.117,1.78361,1.78438,3.00,1.00
2016.09.27 22:05:35.167,1.78366,1.78444,1.87,1.00
2016.09.27 22:05:35.219,1.7837,1.78444,2.25,1.00
2016.09.27 22:05:35.393,1.78371,1.78444,1.00,1.00
2016.09.27 22:05:35.494,1.78371,1.78447,1.00,1.00
2016.09.27 22:05:35.597,1.78371,1.78444,1.00,1.00
2016.09.27 22:05:36.416,1.78367,1.78444,2.25,1.00
2016.09.27 22:05:36.518,1.78367,1.78444,1.87,1.00
2016.09.27 22:05:36.569,1.78366,1.78446,1.87,1.00
2016.09.27 22:05:36.619,1.78371,1.78446,1.00,1.00
2016.09.27 22:05:36.670,1.78371,1.78443,1.00,1.00
2016.09.27 22:05:37.143,1.78366,1.78443,2.25,1.00
2016.09.27 22:05:37.194,1.78366,1.78443,3.00,1.00
2016.09.27 22:05:37.245,1.78366,1.78443,2.25,1.00
2016.09.27 22:05:38.359,1.78367,1.78443,2.25,1.00
2016.09.27 22:05:38.569,1.78371,1.78443,1.00,1.00
2016.09.27 22:05:39.309,1.7837,1.78443,2.25,1.00
2016.09.27 22:05:39.410,1.78367,1.78443,2.25,1.00
2016.09.27 22:05:39.956,1.78367,1.78443,3.00,1.00
2016.09.27 22:05:40.109,1.78367,1.78443,2.25,1.00
2016.09.27 22:05:40.159,1.78367,1.78443,3.00,1.00
2016.09.27 22:05:40.210,1.78367,1.78443,2.25,1.00
2016.09.27 22:05:40.463,1.78367,1.78443,3.00,1.00
2016.09.27 22:05:40.514,1.78367,1.78443,2.25,1.00
2016.09.27 22:05:40.565,1.78367,1.78443,3.00,1.00
2016.09.27 22:05:40.850,1.78367,1.78443,2.25,1.00
2016.09.27 22:05:41.009,1.78367,1.78443,3.00,1.00
2016.09.27 22:05:41.263,1.78367,1.78443,2.25,1.00
2016.09.27 22:05:41.364,1.7837,1.78443,1.50,1.00
2016.09.27 22:05:41.415,1.78367,1.78443,3.00,1.00
2016.09.27 22:05:41.568,1.78367,1.78443,2.25,1.00
2016.09.27 22:05:41.772,1.78367,1.78443,3.00,1.00
2016.09.27 22:05:41.941,1.78367,1.78443,2.25,1.00
2016.09.27 22:05:42.144,1.78367,1.78443,3.00,1.00
2016.09.27 22:05:42.195,1.78367,1.78443,2.25,1.00
2016.09.27 22:05:42.399,1.78368,1.78443,1.75,1.00
2016.09.27 22:05:42.450,1.78367,1.78443,2.25,1.00
2016.09.27 22:05:42.501,1.78367,1.78443,3.00,1.00
2016.09.27 22:05:42.552,1.78367,1.78443,2.25,1.00
2016.09.27 22:05:43.235,1.78367,1.78443,3.00,1.00
2016.09.27 22:05:43.320,1.78367,1.78443,2.25,1.00
2016.09.27 22:05:43.928,1.78367,1.78443,3.00,1.00
2016.09.27 22:05:44.113,1.78367,1.78443,2.25,1.00
2016.09.27 22:05:44.266,1.78367,1.78443,3.00,1.00
2016.09.27 22:05:44.317,1.78368,1.78443,1.00,1.00
2016.09.27 22:05:44.419,1.78369,1.78446,1.00,1.00
2016.09.27 22:05:45.238,1.78368,1.78446,1.00,1.00
2016.09.27 22:05:45.340,1.78368,1.78446,1.37,1.00
2016.09.27 22:05:45.390,1.78368,1.78446,1.75,1.00
2016.09.27 22:05:45.441,1.78368,1.78446,1.37,1.00
2016.09.27 22:05:45.492,1.78368,1.78446,1.00,1.00
2016.09.27 22:05:48.614,1.78368,1.78446,1.37,1.00
2016.09.27 22:05:48.669,1.78368,1.7845,1.75,1.00
2016.09.27 22:05:48.878,1.78368,1.78447,1.75,1.00
2016.09.27 22:05:51.540,1.78368,1.78447,1.00,1.00
2016.09.27 22:05:52.693,1.78367,1.78447,1.12,1.00
2016.09.27 22:05:53.280,1.78368,1.78447,1.00,1.00
2016.09.27 22:05:56.198,1.78366,1.78447,1.50,1.00
2016.09.27 22:05:56.249,1.78366,1.78447,1.00,1.00
2016.09.27 22:05:56.375,1.78364,1.78447,1.75,1.00
2016.09.27 22:05:56.623,1.78365,1.78447,1.50,1.00
2016.09.27 22:05:56.674,1.78363,1.78447,2.25,1.00
2016.09.27 22:05:58.727,1.78363,1.78447,1.75,1.00
2016.09.27 22:05:59.982,1.78366,1.78447,1.00,1.50
2016.09.27 22:06:01.765,1.78367,1.78447,2.25,1.00
2016.09.27 22:06:01.968,1.78376,1.78446,1.00,1.00
2016.09.27 22:06:02.170,1.78367,1.78446,2.25,1.00
2016.09.27 22:06:02.494,1.78367,1.78442,2.25,1.00
2016.09.27 22:06:05.760,1.78372,1.78442,1.87,1.00
2016.09.27 22:06:05.861,1.78372,1.78442,2.25,1.00
2016.09.27 22:06:06.114,1.78372,1.78445,2.25,1.00
2016.09.27 22:06:06.804,1.78372,1.78448,2.25,1.00
2016.09.27 22:06:06.855,1.78367,1.78448,2.25,1.00
2016.09.27 22:06:08.219,1.78367,1.78444,2.25,1.00
2016.09.27 22:06:08.918,1.78366,1.78444,2.25,1.00
2016.09.27 22:06:09.900,1.78367,1.78444,2.25,1.00
2016.09.27 22:06:10.001,1.78365,1.78444,2.25,1.00
2016.09.27 22:06:10.052,1.78362,1.78444,2.25,1.00
2016.09.27 22:06:10.750,1.78365,1.78444,2.25,1.00
2016.09.27 22:06:11.121,1.78367,1.78444,2.25,1.00
2016.09.27 22:06:11.554,1.78365,1.78444,2.25,1.00
2016.09.27 22:06:11.696,1.78362,1.78444,2.25,1.00
2016.09.27 22:06:11.876,1.78362,1.78444,3.00,1.00
2016.09.27 22:06:11.926,1.78362,1.78444,2.25,1.00
2016.09.27 22:06:12.028,1.78362,1.78444,3.00,1.00
2016.09.27 22:06:12.248,1.78362,1.78444,2.25,1.00
2016.09.27 22:06:12.400,1.78361,1.78444,2.25,1.37
2016.09.27 22:06:12.451,1.78361,1.78439,2.25,1.00
2016.09.27 22:06:12.553,1.78361,1.78442,3.00,1.00
2016.09.27 22:06:12.656,1.78365,1.78435,1.75,1.00
2016.09.27 22:06:12.707,1.78371,1.78443,1.50,1.37
2016.09.27 22:06:12.758,1.78372,1.78449,1.75,1.87
2016.09.27 22:06:12.809,1.78372,1.78449,1.75,1.37
2016.09.27 22:06:12.860,1.78372,1.78449,1.75,1.00
2016.09.27 22:06:13.012,1.78372,1.78449,2.25,1.00
2016.09.27 22:06:13.063,1.78372,1.78449,1.75,1.00
2016.09.27 22:06:13.113,1.78372,1.78449,2.25,1.00
2016.09.27 22:06:13.321,1.78373,1.78449,1.75,1.00
2016.09.27 22:06:13.482,1.78372,1.78449,2.25,1.00
2016.09.27 22:06:13.534,1.78372,1.78449,1.75,1.00
2016.09.27 22:06:13.636,1.78372,1.78449,2.25,1.00
2016.09.27 22:06:13.737,1.78373,1.78449,1.75,1.00
2016.09.27 22:06:13.788,1.78372,1.78449,2.25,1.00
2016.09.27 22:06:14.160,1.78372,1.78449,1.75,1.00
2016.09.27 22:06:14.262,1.78372,1.78449,2.25,1.00
2016.09.27 22:06:14.556,1.78372,1.78449,1.75,1.00
2016.09.27 22:06:14.879,1.78372,1.78448,2.25,1.00
2016.09.27 22:06:14.930,1.78372,1.78448,1.75,1.00
2016.09.27 22:06:15.184,1.78372,1.78449,2.25,1.00
2016.09.27 22:06:15.669,1.78373,1.78449,1.75,1.00
2016.09.27 22:06:15.722,1.78372,1.78449,1.75,1.00
2016.09.27 22:06:16.063,1.78373,1.78449,1.75,1.00
2016.09.27 22:06:16.114,1.78372,1.78449,2.25,1.00
2016.09.27 22:06:16.680,1.78372,1.78448,2.25,1.00
2016.09.27 22:06:21.638,1.78372,1.78449,2.25,1.00
2016.09.27 22:06:21.992,1.78373,1.78449,1.75,1.00
2016.09.27 22:06:22.094,1.78372,1.78449,2.25,1.00
2016.09.27 22:06:22.144,1.78373,1.78449,1.75,1.00
2016.09.27 22:06:22.566,1.78372,1.78449,2.25,1.00
2016.09.27 22:06:22.718,1.78374,1.78448,1.75,1.00
2016.09.27 22:06:22.870,1.78372,1.78448,2.25,1.00
2016.09.27 22:06:23.749,1.78372,1.78449,2.25,1.00
2016.09.27 22:06:23.858,1.78374,1.78449,1.75,1.00
2016.09.27 22:06:24.141,1.78374,1.78454,1.75,1.00
2016.09.27 22:06:24.192,1.78373,1.78454,1.75,1.00
2016.09.27 22:06:24.314,1.78376,1.78454,2.25,1.00
2016.09.27 22:06:24.421,1.78376,1.78454,2.25,1.50
2016.09.27 22:06:24.573,1.78376,1.78449,2.25,1.00
2016.09.27 22:06:25.776,1.78376,1.78454,2.25,1.50
2016.09.27 22:06:25.878,1.78376,1.78449,2.25,1.00
2016.09.27 22:06:26.445,1.78376,1.78454,2.25,1.50
2016.09.27 22:06:26.758,1.78376,1.78449,2.25,1.00
2016.09.27 22:06:27.285,1.78376,1.78448,2.25,1.00
2016.09.27 22:06:27.846,1.78376,1.78449,2.25,1.00
2016.09.27 22:06:28.776,1.78376,1.78448,2.25,1.00
2016.09.27 22:06:28.995,1.78381,1.78448,1.00,1.00
2016.09.27 22:06:29.046,1.78377,1.78448,2.25,1.00
2016.09.27 22:06:29.589,1.78377,1.78449,2.25,1.00
2016.09.27 22:06:30.116,1.78376,1.78449,2.25,1.00
2016.09.27 22:06:30.315,1.78372,1.78449,1.75,1.00
2016.09.27 22:06:30.672,1.78377,1.78449,1.87,1.00
2016.09.27 22:06:30.723,1.78377,1.78449,2.25,1.00
2016.09.27 22:06:31.272,1.78377,1.78448,2.25,1.00
2016.09.27 22:06:32.055,1.78377,1.78449,2.25,1.00
2016.09.27 22:06:32.572,1.78377,1.78448,2.25,1.00
2016.09.27 22:06:33.231,1.7838,1.78448,2.25,1.00
2016.09.27 22:06:33.282,1.78386,1.78451,1.87,1.00
2016.09.27 22:06:33.333,1.78386,1.78457,2.25,1.37
2016.09.27 22:06:33.384,1.78385,1.78457,2.25,1.00
2016.09.27 22:06:33.435,1.78382,1.78457,2.25,1.00
2016.09.27 22:06:33.668,1.78382,1.78458,2.25,1.00
2016.09.27 22:06:33.936,1.78382,1.78456,2.25,1.00
2016.09.27 22:06:34.037,1.78382,1.78454,2.25,1.00
2016.09.27 22:06:34.975,1.78386,1.78454,1.00,1.00
2016.09.27 22:06:35.025,1.78381,1.78454,2.25,1.00
2016.09.27 22:06:35.127,1.78377,1.7845,2.25,1.00
2016.09.27 22:06:35.338,1.78377,1.78451,1.87,1.87
2016.09.27 22:06:35.389,1.78371,1.78451,2.25,2.25
2016.09.27 22:06:35.441,1.78376,1.78442,1.00,1.00
2016.09.27 22:06:35.816,1.78371,1.78442,2.25,1.00
2016.09.27 22:06:35.866,1.78367,1.78442,2.25,1.00
2016.09.27 22:06:35.917,1.78367,1.78442,1.87,1.00
2016.09.27 22:06:35.968,1.78366,1.78442,1.00,1.00
2016.09.27 22:06:43.325,1.78366,1.78435,1.00,1.00
2016.09.27 22:06:46.202,1.78367,1.78435,1.87,1.00
2016.09.27 22:06:46.253,1.78367,1.78435,2.25,1.00
2016.09.27 22:06:46.354,1.78361,1.78436,2.25,1.00
2016.09.27 22:06:46.625,1.78361,1.78436,3.00,1.00
2016.09.27 22:06:46.676,1.78364,1.78436,1.75,1.00
2016.09.27 22:06:46.727,1.78369,1.78442,1.00,1.00
2016.09.27 22:06:46.778,1.78377,1.78442,1.87,1.00
2016.09.27 22:06:46.829,1.78377,1.78443,3.00,1.00
2016.09.27 22:06:46.879,1.78382,1.78443,1.87,1.00
2016.09.27 22:06:47.004,1.78381,1.78457,2.25,1.00
2016.09.27 22:06:47.055,1.78377,1.78454,2.25,1.00
2016.09.27 22:06:47.106,1.78376,1.78454,1.75,1.00
2016.09.27 22:06:47.157,1.78375,1.78448,1.12,1.00
2016.09.27 22:06:47.208,1.78372,1.78448,1.37,1.00
2016.09.27 22:06:47.259,1.78367,1.78449,3.00,1.00
2016.09.27 22:06:47.310,1.78367,1.78449,3.00,1.50
2016.09.27 22:06:47.361,1.78367,1.7844,2.25,1.00
2016.09.27 22:06:52.341,1.78366,1.7844,2.25,1.00
2016.09.27 22:06:52.443,1.78362,1.78441,2.25,1.00
2016.09.27 22:06:52.635,1.78366,1.78441,2.25,1.00
2016.09.27 22:06:53.146,1.78367,1.78441,2.25,1.00
2016.09.27 22:06:54.363,1.78367,1.78441,1.87,1.00
2016.09.27 22:06:54.464,1.78367,1.7844,2.25,1.00
2016.09.27 22:07:03.179,1.78371,1.78438,1.00,1.00
2016.09.27 22:07:06.772,1.78371,1.78438,2.25,1.00
2016.09.27 22:07:06.874,1.78376,1.78438,1.00,1.00
2016.09.27 22:07:09.410,1.78376,1.78438,2.25,1.00
2016.09.27 22:07:10.200,1.78376,1.78439,2.25,1.00
2016.09.27 22:07:11.209,1.78375,1.78439,2.25,1.00
2016.09.27 22:07:11.260,1.78376,1.78438,1.00,1.00
2016.09.27 22:07:12.140,1.78371,1.78438,2.25,1.00
2016.09.27 22:07:12.241,1.78367,1.78438,2.25,1.00
2016.09.27 22:07:13.465,1.78367,1.78439,2.25,1.00
2016.09.27 22:07:13.668,1.78371,1.78438,2.25,1.00
2016.09.27 22:07:13.718,1.78376,1.78438,1.00,1.00
2016.09.27 22:07:14.146,1.78371,1.78438,1.87,1.00
2016.09.27 22:07:14.197,1.78361,1.78439,3.00,1.00
2016.09.27 22:07:15.458,1.78361,1.78439,2.25,1.00
2016.09.27 22:07:15.712,1.78362,1.78439,1.75,1.00
2016.09.27 22:07:15.763,1.78361,1.78439,3.00,1.00
2016.09.27 22:07:15.864,1.78362,1.78439,1.75,1.00
2016.09.27 22:07:15.965,1.78362,1.78439,2.25,1.00
2016.09.27 22:07:16.196,1.78362,1.78438,3.00,1.00
2016.09.27 22:07:16.298,1.78362,1.78438,2.25,1.00
2016.09.27 22:07:16.767,1.78363,1.78438,1.75,1.00
2016.09.27 22:07:16.868,1.78367,1.78438,1.87,1.00
2016.09.27 22:07:16.919,1.78367,1.78439,2.25,1.00
2016.09.27 22:07:17.088,1.78366,1.78438,1.00,1.00
2016.09.27 22:07:18.228,1.78371,1.78438,1.87,1.00
2016.09.27 22:07:18.279,1.78376,1.78438,1.00,1.00
2016.09.27 22:07:19.076,1.78366,1.78438,1.00,1.00
2016.09.27 22:07:20.087,1.78364,1.78438,1.75,1.00
2016.09.27 22:07:20.678,1.78365,1.78438,1.75,1.00
2016.09.27 22:07:21.032,1.78363,1.78438,1.75,1.00
2016.09.27 22:07:21.083,1.78365,1.78438,1.75,1.00
2016.09.27 22:07:21.226,1.78365,1.78439,1.50,1.00
2016.09.27 22:07:21.379,1.78362,1.78439,2.25,1.00
2016.09.27 22:07:21.480,1.78362,1.78439,3.00,1.00
2016.09.27 22:07:21.632,1.78362,1.78439,2.25,1.00
2016.09.27 22:07:23.086,1.7836,1.78439,1.50,1.00
2016.09.27 22:07:23.902,1.78361,1.78439,1.12,1.00
2016.09.27 22:07:24.441,1.78362,1.78439,1.00,1.00
2016.09.27 22:07:24.491,1.7836,1.78439,1.50,1.00
2016.09.27 22:07:26.349,1.78362,1.78439,1.00,1.00
2016.09.27 22:07:27.151,1.78361,1.78439,1.12,1.00
2016.09.27 22:07:27.201,1.78361,1.78439,3.00,1.00
2016.09.27 22:07:27.252,1.78362,1.78439,2.25,1.00
2016.09.27 22:07:27.753,1.78362,1.78438,2.25,1.00
2016.09.27 22:07:41.915,1.78362,1.78438,2.25,1.00
2016.09.27 22:07:42.316,1.78362,1.78438,2.25,1.00
2016.09.27 22:07:51.538,1.78362,1.78439,2.25,1.00
2016.09.27 22:07:58.788,1.78367,1.78439,1.87,1.00
2016.09.27 22:07:58.841,1.78367,1.78439,2.25,1.00
2016.09.27 22:08:02.488,1.78362,1.7844,2.25,1.00
2016.09.27 22:08:03.453,1.78365,1.7844,2.25,1.00
2016.09.27 22:08:03.708,1.78371,1.7844,1.37,1.00
2016.09.27 22:08:03.759,1.78377,1.78447,1.87,1.75
2016.09.27 22:08:03.810,1.78377,1.78447,2.62,1.75
2016.09.27 22:08:03.861,1.78382,1.78454,2.25,1.75
2016.09.27 22:08:03.963,1.78382,1.78454,2.25,1.00
2016.09.27 22:08:04.065,1.78376,1.78454,2.25,1.00
2016.09.27 22:08:04.116,1.78376,1.78452,2.25,1.00
2016.09.27 22:08:04.268,1.78381,1.78444,1.00,1.00
2016.09.27 22:08:04.546,1.78376,1.78445,1.87,1.00
2016.09.27 22:08:04.597,1.78371,1.78445,2.25,1.00
2016.09.27 22:08:04.822,1.78371,1.78444,2.25,1.00
2016.09.27 22:08:06.149,1.78371,1.78444,2.25,1.50
2016.09.27 22:08:06.200,1.78367,1.78444,2.25,1.50
2016.09.27 22:08:08.000,1.78371,1.78444,2.25,1.50
2016.09.27 22:08:08.154,1.78376,1.78444,1.00,1.50
2016.09.27 22:08:08.937,1.78371,1.78444,2.25,1.50
2016.09.27 22:08:08.988,1.78371,1.78444,1.00,1.50
2016.09.27 22:08:09.121,1.78377,1.78444,1.87,1.50
2016.09.27 22:08:09.172,1.78377,1.78444,2.25,1.00
2016.09.27 22:08:09.319,1.78377,1.78445,2.25,1.00
2016.09.27 22:08:15.748,1.78375,1.78445,1.87,1.00
2016.09.27 22:08:15.798,1.78366,1.78445,2.25,1.00
2016.09.27 22:08:16.195,1.78366,1.78443,2.25,1.00
2016.09.27 22:08:17.956,1.78365,1.78443,2.25,1.00
2016.09.27 22:08:18.019,1.78364,1.78443,1.75,1.00
2016.09.27 22:08:18.070,1.78367,1.78443,2.25,1.00
2016.09.27 22:08:18.512,1.78367,1.78444,2.25,1.00
2016.09.27 22:08:20.438,1.78372,1.78444,1.87,1.00
2016.09.27 22:08:20.489,1.78372,1.78444,2.25,1.00
2016.09.27 22:08:20.590,1.78372,1.78447,2.25,1.00
2016.09.27 22:08:25.392,1.78377,1.78446,2.25,1.00
2016.09.27 22:08:26.361,1.78376,1.78446,2.25,1.00
2016.09.27 22:08:26.412,1.78372,1.78447,2.25,1.00
2016.09.27 22:08:27.256,1.78376,1.78447,1.87,1.00
2016.09.27 22:08:27.307,1.78376,1.78447,2.25,1.00
2016.09.27 22:08:27.560,1.78372,1.78446,2.25,1.00
2016.09.27 22:08:30.589,1.78371,1.78446,2.25,1.00
2016.09.27 22:08:30.691,1.78376,1.78446,1.00,1.00
2016.09.27 22:08:31.110,1.78372,1.78447,2.25,1.00
2016.09.27 22:08:31.629,1.78371,1.78447,2.25,1.00
2016.09.27 22:08:31.832,1.78368,1.78447,1.75,1.00
2016.09.27 22:08:32.113,1.78366,1.78447,3.75,1.00
2016.09.27 22:08:32.494,1.78371,1.78446,1.00,1.00
2016.09.27 22:08:32.596,1.78369,1.78447,1.00,1.00
2016.09.27 22:08:32.647,1.78378,1.78447,1.00,1.00
2016.09.27 22:08:32.799,1.78387,1.78461,2.25,1.37
2016.09.27 22:08:32.850,1.78387,1.78461,2.25,1.00
2016.09.27 22:08:32.901,1.78386,1.78461,1.00,1.00
2016.09.27 22:08:33.206,1.78376,1.78453,2.25,1.00
2016.09.27 22:08:33.358,1.78377,1.78453,2.25,1.50
2016.09.27 22:08:33.410,1.78373,1.78452,1.75,1.00
2016.09.27 22:08:33.684,1.78373,1.78452,2.25,1.00
2016.09.27 22:08:36.641,1.78374,1.78452,1.75,1.00
2016.09.27 22:08:36.742,1.78373,1.78452,2.25,1.00
2016.09.27 22:08:36.793,1.78373,1.78452,1.75,1.00
2016.09.27 22:08:37.755,1.78373,1.78452,2.25,1.00
2016.09.27 22:08:37.856,1.78374,1.78452,1.75,1.00
2016.09.27 22:08:37.908,1.78373,1.78452,1.75,1.00
2016.09.27 22:08:38.299,1.78373,1.78452,2.25,1.00
2016.09.27 22:08:38.621,1.78373,1.78452,1.75,1.00
2016.09.27 22:08:39.012,1.78373,1.78452,2.25,1.00
2016.09.27 22:08:39.698,1.78373,1.78452,1.75,1.00
2016.09.27 22:08:40.409,1.78376,1.78453,2.25,1.50
2016.09.27 22:08:40.663,1.78376,1.7845,2.25,1.00
2016.09.27 22:08:41.211,1.78376,1.7845,1.00,1.00
2016.09.27 22:08:41.705,1.78373,1.7845,1.75,1.00
2016.09.27 22:08:41.756,1.78372,1.7845,3.00,1.00
2016.09.27 22:08:44.018,1.78372,1.7845,1.37,1.00
2016.09.27 22:08:44.198,1.78373,1.7845,1.00,1.00
2016.09.27 22:08:51.568,1.78371,1.78448,1.00,1.00
2016.09.27 22:08:53.745,1.78371,1.78448,1.00,1.00
2016.09.27 22:08:53.916,1.78371,1.78448,1.00,1.00
2016.09.27 22:08:54.020,1.78371,1.78448,1.00,1.00
2016.09.27 22:08:54.122,1.78371,1.78448,1.00,1.00
2016.09.27 22:08:54.735,1.78371,1.78448,1.00,1.00
2016.09.27 22:08:55.217,1.78371,1.78448,1.00,1.00
2016.09.27 22:08:56.253,1.78371,1.78448,1.00,1.00
2016.09.27 22:08:59.418,1.78371,1.78448,1.00,1.00
2016.09.27 22:08:59.823,1.78371,1.78448,1.50,1.00
2016.09.27 22:08:59.912,1.78371,1.78448,3.00,1.00
2016.09.27 22:08:59.963,1.78371,1.78448,1.50,1.00
2016.09.27 22:09:00.369,1.78369,1.78448,1.75,1.00
2016.09.27 22:09:00.470,1.78372,1.78448,2.25,1.00
2016.09.27 22:09:05.044,1.78372,1.78448,1.87,1.00
2016.09.27 22:09:05.095,1.7837,1.78448,1.75,1.00
2016.09.27 22:09:05.976,1.78372,1.78449,2.25,1.00
2016.09.27 22:09:07.875,1.78372,1.78448,2.25,1.00
2016.09.27 22:09:08.818,1.78371,1.78448,2.25,1.00
2016.09.27 22:09:08.868,1.78367,1.78447,2.25,1.00
2016.09.27 22:09:09.283,1.78367,1.78447,2.25,1.00
2016.09.27 22:09:09.435,1.78367,1.78447,3.00,1.00
2016.09.27 22:09:09.486,1.78367,1.78446,2.62,1.00
2016.09.27 22:09:09.537,1.78376,1.78446,1.00,1.00
2016.09.27 22:09:09.678,1.78377,1.78448,3.00,1.00
2016.09.27 22:09:09.730,1.78383,1.78458,1.37,1.50
2016.09.27 22:09:09.781,1.78386,1.78457,1.00,1.00
2016.09.27 22:09:09.832,1.78386,1.78457,1.00,1.00
2016.09.27 22:09:09.883,1.78386,1.78455,1.00,1.00
2016.09.27 22:09:10.085,1.78386,1.78457,1.00,1.00
2016.09.27 22:09:10.239,1.78381,1.78457,2.25,1.00
2016.09.27 22:09:10.290,1.78378,1.78457,1.75,1.00
2016.09.27 22:09:10.669,1.78377,1.78457,3.00,1.00
2016.09.27 22:09:10.720,1.78377,1.78457,3.00,1.00
2016.09.27 22:09:10.815,1.78377,1.78457,3.75,1.00
2016.09.27 22:09:10.916,1.78377,1.78457,3.75,1.00
2016.09.27 22:09:10.967,1.78377,1.78457,3.00,1.00
2016.09.27 22:09:11.017,1.78377,1.78457,3.75,1.00
2016.09.27 22:09:11.068,1.78377,1.78457,3.00,1.00
2016.09.27 22:09:11.169,1.78377,1.78455,3.00,1.00
2016.09.27 22:09:11.423,1.78377,1.78455,1.50,1.00
2016.09.27 22:09:11.474,1.78377,1.78455,1.12,1.00
2016.09.27 22:09:12.440,1.78377,1.78455,1.12,1.00
2016.09.27 22:09:12.861,1.78377,1.78455,1.50,1.00
2016.09.27 22:09:12.912,1.78377,1.78455,3.00,1.00
2016.09.27 22:09:13.017,1.78377,1.78455,3.00,1.00
2016.09.27 22:09:13.067,1.78377,1.78455,3.00,1.00
2016.09.27 22:09:13.371,1.78377,1.78455,3.00,1.00
2016.09.27 22:09:13.472,1.78377,1.78455,3.00,1.00
2016.09.27 22:09:13.523,1.78377,1.78455,3.75,1.00
2016.09.27 22:09:13.622,1.78377,1.78455,3.00,1.00
2016.09.27 22:09:15.063,1.78377,1.78455,3.00,1.00
2016.09.27 22:09:15.164,1.78377,1.78455,3.75,1.00
2016.09.27 22:09:15.316,1.78379,1.78455,1.37,1.00
2016.09.27 22:09:15.419,1.78381,1.78455,1.00,1.00
2016.09.27 22:09:15.470,1.78381,1.78455,2.25,1.00
2016.09.27 22:09:15.561,1.78386,1.78455,1.00,1.00
2016.09.27 22:09:15.613,1.78386,1.78457,1.00,1.50
2016.09.27 22:09:15.892,1.78386,1.78455,1.00,1.00
2016.09.27 22:09:17.455,1.78386,1.78455,2.25,1.00
2016.09.27 22:09:17.607,1.78386,1.78457,2.25,1.00
2016.09.27 22:09:17.658,1.78383,1.78457,1.75,1.00
2016.09.27 22:09:17.782,1.78382,1.78457,2.25,1.00
2016.09.27 22:09:17.934,1.78383,1.78457,1.75,1.00
2016.09.27 22:09:18.022,1.78382,1.78457,2.25,1.00
2016.09.27 22:09:18.223,1.78383,1.78457,1.75,1.00
2016.09.27 22:09:18.472,1.78382,1.78457,3.00,1.00
2016.09.27 22:09:18.573,1.78382,1.78457,2.25,1.00
2016.09.27 22:09:18.653,1.78381,1.78457,3.00,1.00
2016.09.27 22:09:18.704,1.78376,1.78458,3.75,1.00
2016.09.27 22:09:18.755,1.78376,1.78458,4.50,1.50
2016.09.27 22:09:18.806,1.78377,1.78458,1.75,1.50
2016.09.27 22:09:18.857,1.78377,1.78458,1.75,1.00
2016.09.27 22:09:18.959,1.78376,1.78458,3.75,1.00
2016.09.27 22:09:19.010,1.78376,1.78453,3.75,1.00
2016.09.27 22:09:19.867,1.78381,1.78453,1.87,1.00
2016.09.27 22:09:19.918,1.78386,1.78453,1.00,1.00
2016.09.27 22:09:21.082,1.78377,1.78453,3.00,1.00
2016.09.27 22:09:26.389,1.78377,1.78452,2.25,1.00
2016.09.27 22:09:31.705,1.78377,1.7845,2.25,1.00
2016.09.27 22:09:33.526,1.78375,1.7845,2.25,1.00
2016.09.27 22:09:33.627,1.78376,1.7845,1.00,1.00
2016.09.27 22:09:34.902,1.78371,1.7845,1.50,1.00
2016.09.27 22:09:35.706,1.78376,1.7845,1.00,1.00
2016.09.27 22:09:36.795,1.78376,1.78448,1.00,1.00
2016.09.27 22:09:36.845,1.7837,1.78448,1.50,1.00
2016.09.27 22:09:37.429,1.7837,1.78448,1.50,1.00
2016.09.27 22:09:37.530,1.78375,1.78449,1.50,1.00
2016.09.27 22:09:37.581,1.78378,1.78452,1.00,1.00
2016.09.27 22:09:37.708,1.78382,1.78457,2.25,1.00
2016.09.27 22:09:37.759,1.78382,1.78458,2.25,1.00
2016.09.27 22:09:37.810,1.78382,1.78458,3.00,1.00
2016.09.27 22:09:37.861,1.78382,1.78458,3.00,1.50
2016.09.27 22:09:37.912,1.78382,1.78458,2.62,1.50
2016.09.27 22:09:38.020,1.78382,1.78458,1.12,1.00
2016.09.27 22:09:38.131,1.78378,1.78458,1.75,1.00
2016.09.27 22:09:38.182,1.78378,1.78458,1.75,1.50
2016.09.27 22:09:38.235,1.78378,1.78458,1.00,2.25
2016.09.27 22:09:38.288,1.78378,1.78456,1.00,1.75
2016.09.27 22:09:38.340,1.78372,1.78451,1.75,1.00
2016.09.27 22:09:38.391,1.78371,1.78451,3.00,1.00
2016.09.27 22:09:38.644,1.78371,1.78451,2.25,1.00
2016.09.27 22:09:38.952,1.78371,1.78451,2.25,1.50
2016.09.27 22:09:39.436,1.78371,1.78451,2.25,1.50
2016.09.27 22:09:39.854,1.78372,1.78451,1.75,1.50
2016.09.27 22:09:40.309,1.78371,1.78451,3.00,1.50
2016.09.27 22:09:40.360,1.78371,1.78451,1.75,1.50
2016.09.27 22:09:40.411,1.78369,1.78451,2.25,1.50
2016.09.27 22:09:40.462,1.78369,1.78451,3.00,1.00
2016.09.27 22:09:40.512,1.78369,1.78451,2.25,1.00
2016.09.27 22:09:40.655,1.78369,1.78451,3.00,1.00
2016.09.27 22:09:40.826,1.78369,1.78451,2.25,1.00
2016.09.27 22:09:41.306,1.7837,1.78451,1.50,1.00
2016.09.27 22:09:41.356,1.78372,1.78451,1.12,1.00
2016.09.27 22:09:41.407,1.78371,1.78451,1.37,1.00
2016.09.27 22:09:41.458,1.78372,1.78451,2.25,1.00
2016.09.27 22:09:41.559,1.78372,1.78451,3.00,1.00
2016.09.27 22:09:41.660,1.78372,1.78451,2.25,1.00
2016.09.27 22:09:49.228,1.78372,1.78451,3.00,1.00
2016.09.27 22:09:49.329,1.78372,1.78451,3.00,1.50
2016.09.27 22:09:49.740,1.78373,1.78451,1.75,1.50
2016.09.27 22:09:51.996,1.78372,1.78451,2.25,1.50
2016.09.27 22:09:52.047,1.78374,1.78451,1.75,1.50
2016.09.27 22:09:52.681,1.78373,1.78451,1.75,1.50
2016.09.27 22:09:52.731,1.78372,1.78451,3.00,1.50
2016.09.27 22:09:53.532,1.78372,1.78451,2.25,1.50
2016.09.27 22:09:53.583,1.78374,1.78451,1.75,1.50
2016.09.27 22:09:54.106,1.78373,1.78451,1.75,1.50
2016.09.27 22:09:54.460,1.78375,1.78451,1.50,1.50
2016.09.27 22:09:54.561,1.78373,1.78451,1.75,1.50
2016.09.27 22:09:55.181,1.78375,1.78451,1.50,1.50
2016.09.27 22:09:55.282,1.78373,1.78451,1.75,1.50
2016.09.27 22:09:56.444,1.78372,1.78451,1.87,1.00
2016.09.27 22:09:56.494,1.78371,1.78451,1.37,1.00
2016.09.27 22:09:56.545,1.78372,1.78451,1.12,1.00
2016.09.27 22:09:56.699,1.7837,1.78451,1.50,1.00
2016.09.27 22:09:56.904,1.78372,1.78451,3.00,1.00
2016.09.27 22:09:57.056,1.78372,1.78451,2.25,1.00
2016.09.27 22:09:57.758,1.78372,1.78451,3.00,1.00
2016.09.27 22:09:57.809,1.78372,1.78451,2.25,1.00
2016.09.27 22:10:00.151,1.78372,1.7845,1.87,1.00
2016.09.27 22:10:00.202,1.78374,1.78448,1.00,1.00
2016.09.27 22:10:00.253,1.78376,1.78448,1.00,1.00
2016.09.27 22:10:00.304,1.78382,1.78448,1.00,1.00
2016.09.27 22:10:00.355,1.78381,1.78448,2.62,1.00
2016.09.27 22:10:00.405,1.78384,1.78451,1.37,1.00
2016.09.27 22:10:00.456,1.78384,1.78459,2.25,1.37
2016.09.27 22:10:00.507,1.78384,1.78462,2.25,1.00
2016.09.27 22:10:00.558,1.78382,1.78462,3.75,1.00
2016.09.27 22:10:00.642,1.78382,1.78462,3.00,1.00
2016.09.27 22:10:00.743,1.78383,1.78462,2.25,1.00
2016.09.27 22:10:00.794,1.78384,1.78458,1.75,1.00
2016.09.27 22:10:00.900,1.78387,1.78462,2.25,1.00
2016.09.27 22:10:00.954,1.7838,1.78462,1.87,1.50
2016.09.27 22:10:01.006,1.7838,1.78458,1.87,1.00
2016.09.27 22:10:01.056,1.78381,1.78458,1.00,1.00
2016.09.27 22:10:01.107,1.78381,1.78459,1.00,1.87
2016.09.27 22:10:01.158,1.78376,1.78454,1.12,1.00
2016.09.27 22:10:01.264,1.78376,1.78454,1.50,1.00
2016.09.27 22:10:01.365,1.78376,1.78454,3.00,1.00
2016.09.27 22:10:01.761,1.78376,1.78453,2.25,1.00
2016.09.27 22:10:01.882,1.78376,1.78448,1.87,1.00
2016.09.27 22:10:01.933,1.78373,1.78448,1.87,1.00
2016.09.27 22:10:02.780,1.78374,1.78448,1.75,1.00
2016.09.27 22:10:03.417,1.78373,1.78448,2.62,1.00
2016.09.27 22:10:03.468,1.78373,1.78448,1.87,1.00
2016.09.27 22:10:03.620,1.78373,1.78448,1.50,1.00
2016.09.27 22:10:03.671,1.78373,1.78448,1.12,1.00
2016.09.27 22:10:03.823,1.78373,1.78448,1.00,1.00
2016.09.27 22:10:03.874,1.78371,1.78446,1.00,1.00
2016.09.27 22:10:03.925,1.78371,1.78446,1.00,1.00
2016.09.27 22:10:04.154,1.78371,1.78446,1.50,1.00
2016.09.27 22:10:04.584,1.78371,1.78446,1.00,1.00
2016.09.27 22:10:04.937,1.78372,1.78446,1.00,1.00
2016.09.27 22:10:05.140,1.78372,1.78446,2.62,1.00
2016.09.27 22:10:05.316,1.78377,1.78446,1.00,1.00
2016.09.27 22:10:05.367,1.78373,1.78447,1.00,1.00
2016.09.27 22:10:05.418,1.78373,1.78438,1.00,1.00
2016.09.27 22:10:05.468,1.78365,1.78438,1.87,1.00
2016.09.27 22:10:05.519,1.78365,1.78439,1.50,1.00
2016.09.27 22:10:05.570,1.78363,1.78437,1.00,1.00
2016.09.27 22:10:05.661,1.78359,1.78437,1.12,1.00
2016.09.27 22:10:05.712,1.78358,1.78437,1.75,1.12
2016.09.27 22:10:05.961,1.78357,1.78437,3.00,1.12
2016.09.27 22:10:06.011,1.78358,1.78428,1.75,1.00
2016.09.27 22:10:06.062,1.78358,1.78428,2.25,1.00
2016.09.27 22:10:06.253,1.78358,1.78428,1.75,1.00
2016.09.27 22:10:07.348,1.78357,1.78428,3.00,1.00
2016.09.27 22:10:07.710,1.78357,1.78437,3.00,1.87
2016.09.27 22:10:07.761,1.78358,1.78437,1.75,1.12
2016.09.27 22:10:08.390,1.78359,1.78437,1.75,1.12
2016.09.27 22:10:13.964,1.78358,1.78437,1.75,1.12
2016.09.27 22:10:14.116,1.78358,1.78431,2.25,1.00
2016.09.27 22:10:14.167,1.78358,1.78431,1.87,1.00
2016.09.27 22:10:14.217,1.78358,1.78431,1.00,1.00
2016.09.27 22:10:14.354,1.78354,1.78429,1.75,1.00
2016.09.27 22:10:14.404,1.78352,1.78429,1.75,1.00
2016.09.27 22:10:14.455,1.78351,1.78429,2.25,1.00
2016.09.27 22:10:14.506,1.7835,1.78429,2.25,1.00
2016.09.27 22:10:14.557,1.7835,1.7843,2.25,1.12
2016.09.27 22:10:14.608,1.78348,1.78421,1.00,1.00
2016.09.27 22:10:14.709,1.78343,1.78421,1.75,1.00
2016.09.27 22:10:14.972,1.78342,1.78421,2.25,1.00
2016.09.27 22:10:15.188,1.78343,1.78421,1.75,1.00
2016.09.27 22:10:16.925,1.78346,1.78421,1.37,1.00
2016.09.27 22:10:17.027,1.78343,1.78421,1.75,1.00
2016.09.27 22:10:17.629,1.78342,1.78421,3.00,1.00
2016.09.27 22:10:17.680,1.78342,1.78421,2.25,1.00
2016.09.27 22:10:18.581,1.7834,1.78421,2.25,1.00
2016.09.27 22:10:18.632,1.78341,1.7842,1.00,1.00
2016.09.27 22:10:19.679,1.7834,1.7842,1.87,1.37
2016.09.27 22:10:19.730,1.7834,1.78419,1.50,1.00
2016.09.27 22:10:20.289,1.7834,1.78419,1.00,1.00
2016.09.27 22:10:21.209,1.78346,1.7842,1.00,1.00
2016.09.27 22:10:21.301,1.78341,1.7842,1.00,1.00
2016.09.27 22:10:24.753,1.78344,1.7842,1.00,1.00
2016.09.27 22:10:24.804,1.78347,1.78421,2.25,1.00
2016.09.27 22:10:24.906,1.78351,1.78421,2.25,1.00
2016.09.27 22:10:25.007,1.78348,1.78428,1.75,1.75
2016.09.27 22:10:25.131,1.78348,1.78428,1.75,1.00
2016.09.27 22:10:25.233,1.78352,1.78427,2.25,1.00
2016.09.27 22:10:25.436,1.78351,1.78428,1.12,1.00
2016.09.27 22:10:25.537,1.78352,1.78428,2.25,1.00
2016.09.27 22:10:25.736,1.78352,1.78428,3.00,1.00
2016.09.27 22:10:25.996,1.78352,1.78428,1.50,1.00
2016.09.27 22:10:26.047,1.78352,1.78428,1.12,1.00
2016.09.27 22:10:26.098,1.7835,1.78428,1.50,1.00
2016.09.27 22:10:26.308,1.78352,1.78428,2.25,1.00
2016.09.27 22:10:28.463,1.78352,1.78428,3.00,1.00
2016.09.27 22:10:29.661,1.78352,1.78428,3.75,1.00
2016.09.27 22:10:29.712,1.78354,1.78428,1.75,1.00
2016.09.27 22:10:32.274,1.78355,1.78428,1.50,1.00
2016.09.27 22:10:32.325,1.78354,1.78428,1.75,1.00
2016.09.27 22:10:34.035,1.78352,1.78428,2.25,1.00
2016.09.27 22:10:34.085,1.78357,1.78428,1.00,1.00
2016.09.27 22:10:34.136,1.78359,1.78434,1.00,1.37
2016.09.27 22:10:34.265,1.78357,1.78434,1.50,1.00
2016.09.27 22:10:34.316,1.78357,1.78434,1.00,1.00
2016.09.27 22:10:34.588,1.78357,1.78434,1.50,1.00
2016.09.27 22:10:34.639,1.78358,1.78434,1.00,1.00
2016.09.27 22:10:35.340,1.78356,1.78434,1.50,1.00
2016.09.27 22:10:35.492,1.78355,1.78435,1.50,1.00
2016.09.27 22:10:35.745,1.78354,1.78435,1.75,1.00
2016.09.27 22:10:35.846,1.78353,1.78435,1.50,1.50
2016.09.27 22:10:35.896,1.78353,1.78435,1.50,1.50
2016.09.27 22:10:36.029,1.78353,1.78426,1.00,1.00
2016.09.27 22:10:36.080,1.7835,1.78426,1.50,1.00
2016.09.27 22:10:36.131,1.78347,1.78425,1.00,1.00
2016.09.27 22:10:36.232,1.78344,1.78419,1.75,1.00
2016.09.27 22:10:36.333,1.78342,1.78418,1.12,1.00
2016.09.27 22:10:36.791,1.78341,1.78418,1.50,1.00
2016.09.27 22:10:38.530,1.78341,1.78418,3.00,1.00
2016.09.27 22:10:38.580,1.78342,1.78418,2.25,1.00
2016.09.27 22:10:40.554,1.78341,1.78419,3.00,1.00
2016.09.27 22:10:40.605,1.78343,1.78419,1.75,1.00
2016.09.27 22:10:40.656,1.78346,1.78419,1.12,1.00
2016.09.27 22:10:40.723,1.78349,1.78419,1.00,1.00
2016.09.27 22:10:40.775,1.78351,1.78418,1.00,1.00
2016.09.27 22:10:40.825,1.78351,1.78418,1.50,1.00
2016.09.27 22:10:40.876,1.78351,1.78427,1.50,1.00
2016.09.27 22:10:41.155,1.78352,1.78427,1.00,1.00
2016.09.27 22:10:41.205,1.78351,1.78427,1.00,1.00
2016.09.27 22:10:41.446,1.78354,1.78428,1.75,1.12
2016.09.27 22:10:41.497,1.78357,1.78428,2.62,1.12
2016.09.27 22:10:41.548,1.78357,1.78435,2.25,2.25
2016.09.27 22:10:41.599,1.78357,1.78435,2.25,1.87
2016.09.27 22:10:41.650,1.78357,1.78435,2.25,1.50
2016.09.27 22:10:41.751,1.78356,1.78435,1.50,1.50
2016.09.27 22:10:41.802,1.78357,1.78435,1.37,1.50
2016.09.27 22:10:41.853,1.78357,1.78434,1.00,1.00
2016.09.27 22:10:42.179,1.78356,1.78435,3.00,1.50
2016.09.27 22:10:42.229,1.78358,1.78435,1.75,1.50
2016.09.27 22:10:42.280,1.78361,1.78435,1.12,1.50
2016.09.27 22:10:42.331,1.78359,1.78435,1.75,1.00
2016.09.27 22:10:42.857,1.78361,1.78435,1.12,1.00
2016.09.27 22:10:42.907,1.78359,1.78435,1.75,1.00
2016.09.27 22:10:43.062,1.7836,1.78435,1.50,1.00
2016.09.27 22:10:46.240,1.78362,1.78435,1.00,1.00
2016.09.27 22:10:46.291,1.78366,1.78434,1.00,1.00
2016.09.27 22:10:46.392,1.7836,1.78435,1.50,1.00
2016.09.27 22:10:46.888,1.78359,1.78435,1.75,1.00
2016.09.27 22:10:52.628,1.7836,1.78435,1.50,1.00
2016.09.27 22:10:54.757,1.7836,1.78434,1.37,1.00
2016.09.27 22:10:54.807,1.7836,1.78434,1.00,1.00
2016.09.27 22:10:54.909,1.78361,1.78434,1.00,1.00
2016.09.27 22:10:55.584,1.78362,1.78434,1.87,1.00
2016.09.27 22:10:55.685,1.78363,1.78439,1.00,1.37
2016.09.27 22:10:55.736,1.78363,1.78439,1.00,1.00
2016.09.27 22:10:56.237,1.78363,1.78438,1.00,1.00
2016.09.27 22:11:01.023,1.78363,1.78439,1.00,1.00
2016.09.27 22:11:01.090,1.78363,1.78439,1.00,1.50
2016.09.27 22:11:02.491,1.78363,1.78439,1.00,1.00
2016.09.27 22:11:04.055,1.78363,1.78438,1.00,1.00
2016.09.27 22:11:05.594,1.78363,1.78439,1.00,1.50
2016.09.27 22:11:08.839,1.78363,1.78439,1.00,1.87
2016.09.27 22:11:08.889,1.78362,1.78439,1.87,1.87
2016.09.27 22:11:08.940,1.78362,1.78439,1.12,1.87
2016.09.27 22:11:11.496,1.78362,1.78439,1.00,1.87
2016.09.27 22:11:11.597,1.7836,1.78438,1.00,1.12
2016.09.27 22:11:12.474,1.78361,1.78438,1.00,1.12
2016.09.27 22:11:13.302,1.78361,1.78438,1.00,1.87
2016.09.27 22:11:13.803,1.78361,1.78438,1.00,1.12
2016.09.27 22:11:14.073,1.78361,1.78438,1.12,1.00
2016.09.27 22:11:14.124,1.78361,1.78437,1.50,1.00
2016.09.27 22:11:17.279,1.78361,1.78437,1.12,1.00
2016.09.27 22:11:17.330,1.78361,1.78438,1.00,1.50
2016.09.27 22:11:17.380,1.78361,1.78436,1.00,1.00
2016.09.27 22:11:22.037,1.78359,1.78436,1.00,1.00
2016.09.27 22:11:22.706,1.78361,1.78436,1.00,1.00
2016.09.27 22:11:22.757,1.78359,1.78436,1.00,1.00
2016.09.27 22:11:26.055,1.7836,1.78436,1.00,1.00
2016.09.27 22:11:31.512,1.78361,1.78436,1.00,1.00
2016.09.27 22:11:33.621,1.78361,1.78436,1.37,1.00
2016.09.27 22:11:33.732,1.78361,1.78436,1.50,1.00
2016.09.27 22:11:38.853,1.78361,1.78436,1.12,1.00
2016.09.27 22:11:38.955,1.7836,1.78436,1.00,1.00
2016.09.27 22:11:43.447,1.7836,1.78436,1.50,1.00
2016.09.27 22:11:44.127,1.7836,1.78436,1.87,1.00
2016.09.27 22:11:44.257,1.78361,1.78436,1.50,1.00
2016.09.27 22:11:45.359,1.78361,1.78436,1.00,1.00
2016.09.27 22:11:47.435,1.78359,1.78436,1.00,1.50
2016.09.27 22:11:47.963,1.78358,1.78436,1.00,1.50
2016.09.27 22:11:48.078,1.78358,1.78433,1.00,1.00
2016.09.27 22:11:49.635,1.78357,1.78433,1.12,1.00
2016.09.27 22:11:49.686,1.78359,1.78433,1.00,1.00
2016.09.27 22:11:49.788,1.78359,1.78436,1.00,1.50
2016.09.27 22:11:50.081,1.78359,1.78436,1.00,1.00
2016.09.27 22:11:50.382,1.78359,1.78436,1.00,1.50
2016.09.27 22:11:50.814,1.78357,1.78436,1.12,1.50
2016.09.27 22:12:07.215,1.78357,1.78436,1.50,1.00
2016.09.27 22:12:07.266,1.78357,1.78436,3.00,1.00
2016.09.27 22:12:07.316,1.78357,1.78436,2.62,1.50
2016.09.27 22:12:07.367,1.78357,1.78436,1.00,1.50
2016.09.27 22:12:14.355,1.78357,1.78436,1.37,1.50
2016.09.27 22:12:14.406,1.78357,1.78436,1.75,1.00
2016.09.27 22:12:15.256,1.7836,1.78436,1.50,1.00
2016.09.27 22:12:15.796,1.7836,1.78437,1.50,1.00
2016.09.27 22:12:16.446,1.78365,1.78437,1.00,1.00
2016.09.27 22:12:16.497,1.78365,1.78436,1.75,1.00
2016.09.27 22:12:17.335,1.78364,1.78436,1.75,1.00
2016.09.27 22:12:17.820,1.7837,1.78436,1.00,1.00
2016.09.27 22:12:17.870,1.78371,1.78436,2.62,1.00
2016.09.27 22:12:17.995,1.78371,1.78437,2.25,1.00
2016.09.27 22:12:18.110,1.78366,1.78444,1.37,1.00
2016.09.27 22:12:27.245,1.78366,1.78444,1.00,1.12
2016.09.27 22:12:27.912,1.78365,1.78444,1.00,1.12
2016.09.27 22:12:28.449,1.78366,1.78444,1.00,1.12
2016.09.27 22:12:33.419,1.78366,1.78441,1.00,1.00
2016.09.27 22:12:37.331,1.78366,1.78441,1.37,1.00
2016.09.27 22:12:37.423,1.78366,1.7844,1.50,1.00
2016.09.27 22:12:38.449,1.78364,1.7844,1.75,1.00
2016.09.27 22:12:38.550,1.78363,1.78441,1.37,1.00
2016.09.27 22:12:38.601,1.78363,1.78441,1.00,1.00
2016.09.27 22:12:39.016,1.78365,1.78441,1.00,1.00
2016.09.27 22:12:42.549,1.78365,1.7844,1.00,1.00
2016.09.27 22:12:45.111,1.78363,1.7844,1.00,1.00
2016.09.27 22:12:51.543,1.78363,1.7844,1.00,1.12
2016.09.27 22:12:51.594,1.78363,1.78439,1.00,1.00
2016.09.27 22:12:52.138,1.78364,1.78439,1.00,1.00
2016.09.27 22:12:53.753,1.78364,1.78438,1.37,1.00
2016.09.27 22:12:53.803,1.78366,1.78438,1.00,1.00
2016.09.27 22:12:54.660,1.78366,1.78439,1.50,1.00
2016.09.27 22:12:54.710,1.78366,1.78439,3.00,1.00
2016.09.27 22:12:54.920,1.78365,1.78439,2.25,1.00
2016.09.27 22:12:54.971,1.78366,1.78438,1.00,1.00
2016.09.27 22:12:55.759,1.78364,1.78439,1.37,1.00
2016.09.27 22:12:55.810,1.78364,1.78439,1.00,1.00
2016.09.27 22:12:57.978,1.78364,1.78439,1.37,1.00
2016.09.27 22:12:58.062,1.78364,1.78439,1.75,1.00
2016.09.27 22:12:58.203,1.78362,1.78439,1.75,1.00
2016.09.27 22:12:58.253,1.78361,1.78438,2.25,1.00
2016.09.27 22:12:58.304,1.78358,1.78438,1.00,1.12
2016.09.27 22:12:58.355,1.78357,1.78435,1.12,1.00
2016.09.27 22:12:58.406,1.78357,1.78435,1.00,1.37
2016.09.27 22:12:58.456,1.78357,1.78432,1.00,1.00
2016.09.27 22:12:58.507,1.78352,1.78427,1.37,1.00
2016.09.27 22:12:58.558,1.78352,1.78427,1.00,1.00
2016.09.27 22:13:01.102,1.78351,1.78427,1.50,1.00
2016.09.27 22:13:05.869,1.78353,1.78427,1.00,1.00
2016.09.27 22:13:07.180,1.78352,1.78427,1.00,1.00
2016.09.27 22:13:07.834,1.78353,1.78427,1.00,1.00
2016.09.27 22:13:10.720,1.78352,1.78427,1.00,1.00
2016.09.27 22:13:13.130,1.78351,1.78427,1.50,1.00
2016.09.27 22:13:13.232,1.7835,1.78427,1.75,1.00
2016.09.27 22:13:13.283,1.78352,1.78427,1.12,1.00
2016.09.27 22:13:13.333,1.78356,1.78427,1.12,1.00
2016.09.27 22:13:13.384,1.78356,1.78432,1.12,1.37
2016.09.27 22:13:13.435,1.78357,1.78432,2.62,1.37
2016.09.27 22:13:13.486,1.78357,1.78428,1.87,1.00
2016.09.27 22:13:13.536,1.78358,1.78428,1.37,1.00
2016.09.27 22:13:13.587,1.78361,1.78428,1.00,1.00
2016.09.27 22:13:13.777,1.7836,1.78428,1.50,1.00
2016.09.27 22:13:14.360,1.7836,1.78435,1.50,1.00
2016.09.27 22:13:14.438,1.78359,1.78435,1.75,1.00
2016.09.27 22:13:19.324,1.7836,1.78435,1.50,1.00
2016.09.27 22:13:23.421,1.78359,1.78435,1.75,1.00
2016.09.27 22:13:24.980,1.78357,1.78435,1.75,1.00
2016.09.27 22:13:25.132,1.78361,1.78428,1.50,1.00
2016.09.27 22:13:25.183,1.78361,1.78428,1.87,1.00
2016.09.27 22:13:25.233,1.78361,1.78428,2.25,1.37
2016.09.27 22:13:27.189,1.78361,1.78428,3.75,1.37
2016.09.27 22:13:27.240,1.78369,1.78431,1.00,1.75
2016.09.27 22:13:29.625,1.7837,1.7843,1.00,1.75
2016.09.27 22:13:30.580,1.7837,1.7843,1.00,1.37
2016.09.27 22:13:30.690,1.7837,1.7843,1.00,1.00
2016.09.27 22:13:30.783,1.78369,1.78429,1.12,1.00
2016.09.27 22:13:30.935,1.7837,1.78428,1.00,1.37
2016.09.27 22:13:31.087,1.7837,1.7843,1.00,1.75
2016.09.27 22:13:36.158,1.78373,1.7843,1.00,1.75
2016.09.27 22:13:36.208,1.78372,1.7843,1.37,1.37
2016.09.27 22:13:36.259,1.78377,1.78437,1.00,1.00
2016.09.27 22:13:36.361,1.78377,1.78437,1.00,1.00
2016.09.27 22:13:48.600,1.78377,1.78437,1.12,1.00
2016.09.27 22:13:48.651,1.78376,1.78438,1.37,1.50
2016.09.27 22:13:48.702,1.78376,1.78438,1.12,1.50
2016.09.27 22:13:48.753,1.78377,1.78437,1.00,1.00
2016.09.27 22:13:48.855,1.78376,1.78438,1.00,1.50
2016.09.27 22:13:49.006,1.78376,1.78438,1.00,1.00
2016.09.27 22:13:49.108,1.78377,1.78437,1.00,1.00
2016.09.27 22:13:51.335,1.78375,1.78435,1.12,1.00
2016.09.27 22:13:51.436,1.78375,1.78435,1.00,1.00
2016.09.27 22:13:53.464,1.78375,1.78435,1.50,1.00
2016.09.27 22:13:53.515,1.78379,1.78435,1.00,1.00
2016.09.27 22:13:53.565,1.78385,1.78445,1.00,1.37
2016.09.27 22:13:53.616,1.78385,1.78445,1.00,1.00
2016.09.27 22:14:02.983,1.78385,1.78438,1.00,1.00
2016.09.27 22:14:11.077,1.78382,1.78438,1.00,1.00
2016.09.27 22:14:33.272,1.78383,1.78438,1.00,1.00
2016.09.27 22:14:33.925,1.78374,1.78436,1.37,1.00
2016.09.27 22:14:33.975,1.78374,1.78436,1.00,1.00
2016.09.27 22:14:35.639,1.78374,1.78436,1.00,1.00
2016.09.27 22:14:39.385,1.78375,1.78435,1.00,1.00
2016.09.27 22:14:53.393,1.78375,1.78435,1.37,1.00
2016.09.27 22:14:53.480,1.78376,1.78435,1.00,1.00
2016.09.27 22:14:55.395,1.78375,1.78435,1.37,1.00
2016.09.27 22:14:55.484,1.78374,1.78436,1.00,1.00
2016.09.27 22:15:04.998,1.78375,1.78435,1.00,1.00
2016.09.27 22:15:05.409,1.78368,1.78428,1.75,1.00
2016.09.27 22:15:05.460,1.78368,1.78428,1.37,1.00
2016.09.27 22:15:05.511,1.78368,1.78428,1.00,1.00
2016.09.27 22:15:05.855,1.78368,1.78428,1.37,1.00
2016.09.27 22:15:05.906,1.78377,1.78439,1.00,1.50
2016.09.27 22:15:26.252,1.78377,1.78438,1.00,1.00
2016.09.27 22:15:31.520,1.78375,1.78435,1.00,1.00
2016.09.27 22:15:33.971,1.78374,1.78436,1.00,1.00
2016.09.27 22:15:34.512,1.78374,1.78436,1.00,1.00
2016.09.27 22:15:34.613,1.78374,1.78436,1.00,1.00
2016.09.27 22:15:34.820,1.78375,1.78435,1.50,1.00
2016.09.27 22:15:34.871,1.78383,1.78439,1.00,1.50
2016.09.27 22:15:34.922,1.78383,1.78439,1.00,1.12
2016.09.27 22:15:34.972,1.78383,1.78439,1.00,1.00
2016.09.27 22:15:44.213,1.78383,1.78438,1.00,1.00
2016.09.27 22:15:45.240,1.78372,1.78438,1.75,1.00
2016.09.27 22:15:45.291,1.78372,1.78438,1.37,1.00
2016.09.27 22:15:46.475,1.78372,1.78439,1.37,1.00
2016.09.27 22:15:55.028,1.78372,1.78438,1.37,1.00
2016.09.27 22:15:55.284,1.78372,1.78438,1.00,1.00
2016.09.27 22:16:00.288,1.78372,1.78439,1.00,1.00
2016.09.27 22:16:11.473,1.7837,1.78438,1.00,1.00
2016.09.27 22:16:13.430,1.7837,1.78438,1.37,1.00
2016.09.27 22:16:13.481,1.78371,1.78438,1.00,1.00
2016.09.27 22:16:16.677,1.7837,1.78438,1.37,1.00
2016.09.27 22:16:16.727,1.7837,1.78438,1.00,2.25
2016.09.27 22:16:19.755,1.7837,1.78438,1.00,1.50
2016.09.27 22:16:21.286,1.78369,1.78438,1.00,1.00
2016.09.27 22:16:22.561,1.78369,1.78438,1.00,1.37
2016.09.27 22:16:22.612,1.78366,1.78432,1.00,1.00
2016.09.27 22:16:25.794,1.78366,1.78432,1.37,1.00
2016.09.27 22:16:25.895,1.78366,1.78431,1.50,1.00
2016.09.27 22:16:40.916,1.78366,1.78432,1.12,1.00
2016.09.27 22:16:41.696,1.78368,1.78432,1.00,1.00
2016.09.27 22:16:43.109,1.78369,1.78432,1.00,1.00
2016.09.27 22:16:43.160,1.78371,1.78437,1.00,1.75
2016.09.27 22:16:43.211,1.78373,1.78437,1.00,1.75
2016.09.27 22:16:43.262,1.78373,1.78437,1.00,1.00
2016.09.27 22:16:43.313,1.7837,1.78437,1.37,1.00
2016.09.27 22:16:43.364,1.78369,1.78438,1.00,1.50
2016.09.27 22:16:50.416,1.78368,1.78438,1.50,1.50
2016.09.27 22:17:05.964,1.78369,1.78438,1.00,1.50
2016.09.27 22:17:06.065,1.78371,1.78437,1.00,1.00
2016.09.27 22:17:06.469,1.7837,1.78437,1.50,1.00
2016.09.27 22:17:06.519,1.78371,1.78437,1.00,1.00
2016.09.27 22:17:08.204,1.78372,1.78437,1.00,1.00
2016.09.27 22:17:09.430,1.78371,1.78437,1.00,1.00
2016.09.27 22:17:24.288,1.78369,1.78438,1.00,1.00
2016.09.27 22:17:24.464,1.78369,1.78438,1.00,1.87
2016.09.27 22:17:24.515,1.7837,1.78438,1.00,1.50
2016.09.27 22:17:24.566,1.7837,1.78438,1.00,1.00
2016.09.27 22:17:25.584,1.7837,1.78438,1.00,1.00
2016.09.27 22:17:49.361,1.78371,1.78439,1.00,1.00
2016.09.27 22:17:49.705,1.78373,1.78439,1.00,1.00
2016.09.27 22:17:50.315,1.78373,1.78438,1.00,1.00
2016.09.27 22:17:56.269,1.78371,1.78438,1.00,1.00
2016.09.27 22:17:59.552,1.78371,1.78438,1.00,1.50
2016.09.27 22:18:06.413,1.7837,1.78438,1.00,1.50
2016.09.27 22:18:06.464,1.7837,1.78419,1.00,1.00
2016.09.27 22:18:06.515,1.78362,1.78419,2.62,1.00
2016.09.27 22:18:06.612,1.78363,1.78418,1.00,1.50
2016.09.27 22:18:06.663,1.78353,1.78408,1.75,1.00
2016.09.27 22:18:06.764,1.78353,1.78415,1.37,1.00
2016.09.27 22:18:06.815,1.78353,1.78415,1.00,1.00
2016.09.27 22:18:06.967,1.78352,1.78409,1.00,1.00
2016.09.27 22:18:08.821,1.78352,1.78419,1.00,1.00
2016.09.27 22:18:08.872,1.78352,1.78419,1.50,1.00
2016.09.27 22:18:08.967,1.78354,1.78419,1.00,1.00
2016.09.27 22:18:09.232,1.78356,1.78419,1.00,1.00
2016.09.27 22:18:15.428,1.78356,1.78418,1.00,1.00
2016.09.27 22:18:16.930,1.78356,1.78409,1.00,1.00
2016.09.27 22:18:21.038,1.78356,1.78408,1.00,1.00
2016.09.27 22:18:21.653,1.78355,1.78408,1.00,1.00
2016.09.27 22:18:25.126,1.78355,1.78408,1.37,1.00
2016.09.27 22:18:25.177,1.78354,1.78408,1.75,1.00
2016.09.27 22:18:25.228,1.78355,1.78408,1.12,1.00
2016.09.27 22:18:25.279,1.78355,1.78408,1.00,1.00
2016.09.27 22:18:26.588,1.78354,1.78408,1.50,1.00
2016.09.27 22:18:26.654,1.78356,1.78408,1.00,1.00
2016.09.27 22:18:26.886,1.78356,1.78418,1.50,1.00
2016.09.27 22:18:37.818,1.78354,1.78418,1.37,1.00
2016.09.27 22:18:37.927,1.78354,1.78418,1.00,1.00
2016.09.27 22:18:38.024,1.78352,1.78418,1.00,1.00
2016.09.27 22:18:38.075,1.78352,1.78418,1.00,1.37
2016.09.27 22:18:38.198,1.78352,1.78407,1.00,1.00
2016.09.27 22:18:38.249,1.7834,1.78396,1.00,1.37
2016.09.27 22:18:38.300,1.78331,1.78392,1.00,1.00
2016.09.27 22:18:49.034,1.78331,1.78393,1.00,1.00
2016.09.27 22:18:51.045,1.78331,1.78389,1.00,1.00
2016.09.27 22:18:51.096,1.78325,1.78379,1.12,1.00
2016.09.27 22:18:51.147,1.78325,1.78379,1.00,1.00
2016.09.27 22:18:51.197,1.78323,1.78379,1.00,1.00
2016.09.27 22:18:51.248,1.78313,1.78378,1.00,1.00
2016.09.27 22:18:51.299,1.78309,1.7837,1.00,1.00
2016.09.27 22:18:51.451,1.78304,1.7837,1.00,1.50
2016.09.27 22:18:51.779,1.78306,1.7837,1.00,1.00
2016.09.27 22:18:51.830,1.78306,1.78369,1.12,1.00
2016.09.27 22:18:51.881,1.78306,1.78369,1.50,1.00
2016.09.27 22:18:51.931,1.78306,1.7837,1.37,1.00
2016.09.27 22:18:51.982,1.78309,1.7837,1.00,1.00
2016.09.27 22:18:52.286,1.78305,1.78369,1.75,1.00
2016.09.27 22:18:53.055,1.78317,1.7837,1.00,1.00
2016.09.27 22:18:53.114,1.78317,1.78378,1.00,1.50
2016.09.27 22:18:53.267,1.7832,1.78378,1.00,1.50
2016.09.27 22:18:53.318,1.7832,1.78377,1.00,1.00
2016.09.27 22:18:54.598,1.7832,1.78377,1.00,1.00
2016.09.27 22:18:55.003,1.78322,1.78377,1.00,1.00
2016.09.27 22:18:55.515,1.78321,1.78377,1.00,1.00
2016.09.27 22:18:57.063,1.78318,1.78377,1.00,1.00
2016.09.27 22:18:57.113,1.78318,1.78377,1.00,1.00
2016.09.27 22:18:57.215,1.78311,1.78374,1.00,1.00
2016.09.27 22:18:57.468,1.78312,1.78376,1.00,1.00
2016.09.27 22:18:57.743,1.78313,1.78378,1.00,2.25
2016.09.27 22:18:57.793,1.78313,1.78378,1.00,1.50
2016.09.27 22:18:58.063,1.7831,1.78377,1.50,1.00
2016.09.27 22:19:00.179,1.78312,1.78378,1.00,1.00
2016.09.27 22:19:07.784,1.78312,1.78378,1.12,1.00
2016.09.27 22:19:07.885,1.78312,1.78378,1.00,1.00
2016.09.27 22:19:08.087,1.78312,1.78378,1.00,1.50
2016.09.27 22:19:08.189,1.78309,1.78378,1.50,2.25
2016.09.27 22:19:11.063,1.7831,1.78378,1.00,2.25
2016.09.27 22:19:11.567,1.7831,1.78378,1.00,1.50
2016.09.27 22:19:12.190,1.7831,1.78378,1.00,1.00
2016.09.27 22:19:13.392,1.7831,1.78368,1.00,1.00
2016.09.27 22:19:13.770,1.78309,1.78368,2.25,1.00
2016.09.27 22:19:13.871,1.78309,1.78368,1.50,1.00
2016.09.27 22:19:14.039,1.7831,1.78368,1.00,1.00
2016.09.27 22:19:16.499,1.7831,1.78369,1.00,1.00
2016.09.27 22:19:16.996,1.7831,1.78378,1.00,2.25
2016.09.27 22:19:17.610,1.7831,1.78369,1.00,1.00
2016.09.27 22:19:17.660,1.7831,1.78369,1.50,1.00
2016.09.27 22:19:17.835,1.7831,1.78378,1.50,1.50
2016.09.27 22:19:17.886,1.7831,1.78373,1.50,1.00
2016.09.27 22:19:21.908,1.7831,1.78369,1.00,1.00
2016.09.27 22:19:22.202,1.7831,1.78374,1.00,1.00
2016.09.27 22:19:23.255,1.7831,1.78374,1.50,1.00
2016.09.27 22:19:23.752,1.7831,1.78374,1.87,1.00
2016.09.27 22:19:23.802,1.78311,1.78374,1.00,1.00
2016.09.27 22:19:24.005,1.78311,1.78378,1.50,1.50
2016.09.27 22:19:25.930,1.78311,1.78378,2.25,1.50
2016.09.27 22:19:27.959,1.78311,1.78378,1.12,1.50
2016.09.27 22:19:28.026,1.78311,1.78378,1.00,1.00
2016.09.27 22:19:29.654,1.78311,1.78378,1.37,1.00
2016.09.27 22:19:29.705,1.78311,1.78378,1.50,1.50
2016.09.27 22:19:30.155,1.78311,1.78378,1.12,1.50
2016.09.27 22:19:30.206,1.78311,1.78378,1.00,1.50
2016.09.27 22:19:30.902,1.78311,1.78377,1.00,1.00
2016.09.27 22:19:31.713,1.7831,1.78377,1.00,1.50
2016.09.27 22:19:31.783,1.78309,1.78377,1.50,1.00
2016.09.27 22:19:31.913,1.7831,1.78377,1.00,1.50
2016.09.27 22:19:36.236,1.7831,1.78376,1.00,1.00
2016.09.27 22:19:37.000,1.78312,1.78377,1.00,1.50
2016.09.27 22:19:37.377,1.78312,1.78377,1.00,1.00
2016.09.27 22:19:37.427,1.78314,1.78377,1.00,1.00
2016.09.27 22:19:37.478,1.78314,1.78378,1.00,1.50
2016.09.27 22:19:37.529,1.78321,1.78378,1.00,1.00
2016.09.27 22:19:41.043,1.78317,1.78378,1.00,1.00
2016.09.27 22:19:41.344,1.78321,1.78378,1.00,1.00
2016.09.27 22:19:41.887,1.78321,1.78377,1.00,1.00
2016.09.27 22:19:41.938,1.78317,1.78377,1.00,1.00
2016.09.27 22:19:42.040,1.7831,1.78369,1.00,1.00
2016.09.27 22:19:42.091,1.78309,1.78369,1.50,1.00
2016.09.27 22:19:42.141,1.78309,1.78368,1.00,1.00
2016.09.27 22:19:42.192,1.78305,1.78368,1.37,1.00
2016.09.27 22:19:42.294,1.78305,1.78368,1.00,1.00
2016.09.27 22:19:42.598,1.78305,1.78369,1.00,1.50
2016.09.27 22:19:42.750,1.78307,1.78369,1.00,1.50
2016.09.27 22:19:43.047,1.78307,1.78368,1.00,1.00
2016.09.27 22:19:43.199,1.78307,1.78368,1.12,1.00
2016.09.27 22:19:43.249,1.78309,1.78368,1.50,1.00
2016.09.27 22:19:43.300,1.7831,1.78368,1.00,1.00
2016.09.27 22:19:47.890,1.78313,1.78368,1.00,1.00
2016.09.27 22:19:47.941,1.78319,1.78376,1.00,1.00
2016.09.27 22:19:48.024,1.78321,1.78379,1.00,1.12
2016.09.27 22:19:48.074,1.78321,1.78378,1.00,1.00
2016.09.27 22:19:49.760,1.78318,1.78379,1.00,1.00
2016.09.27 22:19:49.862,1.78316,1.78378,1.00,1.00
2016.09.27 22:19:49.913,1.78315,1.78378,1.12,1.50
2016.09.27 22:19:49.963,1.78309,1.78378,1.37,2.25
2016.09.27 22:19:50.014,1.78309,1.78378,1.00,2.25
2016.09.27 22:19:50.065,1.78309,1.78378,1.00,3.00
2016.09.27 22:19:56.478,1.78309,1.78378,1.50,2.25
2016.09.27 22:19:56.529,1.78313,1.78378,1.00,2.25
2016.09.27 22:19:56.631,1.78313,1.78377,1.00,1.00
2016.09.27 22:19:58.867,1.78313,1.78377,1.50,1.00
2016.09.27 22:20:00.502,1.78317,1.78377,1.00,1.00
2016.09.27 22:20:00.553,1.78317,1.78379,1.50,1.12
2016.09.27 22:20:00.604,1.78317,1.78379,1.50,1.00
2016.09.27 22:20:00.723,1.78318,1.78379,1.00,1.00
2016.09.27 22:20:02.268,1.78318,1.78383,1.00,1.00
2016.09.27 22:20:02.369,1.78321,1.78385,1.50,1.00
2016.09.27 22:20:02.471,1.78323,1.78385,1.00,1.00
2016.09.27 22:20:02.780,1.78324,1.78379,1.00,1.00
2016.09.27 22:20:02.971,1.78324,1.78385,1.00,1.00
2016.09.27 22:20:03.713,1.78324,1.78385,1.50,1.00
2016.09.27 22:20:03.763,1.78327,1.78385,1.00,1.00
2016.09.27 22:20:03.865,1.78327,1.78386,1.00,1.00
2016.09.27 22:20:07.654,1.78325,1.78386,1.00,1.00
2016.09.27 22:20:07.756,1.78323,1.78386,1.00,1.50
2016.09.27 22:20:07.845,1.78323,1.78385,1.00,1.00
2016.09.27 22:20:07.946,1.78321,1.78385,1.00,1.50
2016.09.27 22:20:08.137,1.78324,1.78385,1.00,1.00
2016.09.27 22:20:08.188,1.78327,1.78385,1.00,1.00
2016.09.27 22:20:08.239,1.78334,1.78388,1.00,1.37
2016.09.27 22:20:08.290,1.78334,1.78395,1.00,1.75
2016.09.27 22:20:08.341,1.78337,1.78395,1.00,1.00
2016.09.27 22:20:08.442,1.78337,1.78398,1.00,1.12
2016.09.27 22:20:08.543,1.78337,1.78398,1.00,1.00
2016.09.27 22:20:08.594,1.78337,1.78403,1.00,1.50
2016.09.27 22:20:12.334,1.78337,1.78398,1.00,1.00
2016.09.27 22:20:25.373,1.78339,1.78398,1.00,1.00
2016.09.27 22:20:25.732,1.78341,1.78398,1.00,1.00
2016.09.27 22:20:28.973,1.78338,1.78398,1.00,1.00
2016.09.27 22:20:32.030,1.78338,1.78399,1.00,1.00
2016.09.27 22:20:37.062,1.78338,1.78398,1.00,1.00
2016.09.27 22:20:37.113,1.78338,1.78398,1.50,1.00
2016.09.27 22:20:37.505,1.7834,1.78399,1.00,1.00
2016.09.27 22:20:44.418,1.78338,1.78399,1.00,1.00
2016.09.27 22:20:44.669,1.78335,1.78399,1.00,1.00
2016.09.27 22:20:45.250,1.78336,1.78399,1.00,1.00
2016.09.27 22:20:48.166,1.78339,1.78399,1.00,1.00
2016.09.27 22:20:48.268,1.78344,1.78407,1.00,1.00
2016.09.27 22:20:48.470,1.78344,1.78406,1.00,1.00
2016.09.27 22:20:53.550,1.78344,1.78406,1.00,1.00
2016.09.27 22:20:57.329,1.78348,1.78407,1.00,1.00
2016.09.27 22:20:57.380,1.78344,1.78407,1.87,1.00
2016.09.27 22:20:57.488,1.78351,1.78415,1.00,1.00
2016.09.27 22:20:57.589,1.78349,1.78413,1.00,1.50
2016.09.27 22:20:57.640,1.78349,1.78412,1.00,1.00
2016.09.27 22:20:57.691,1.78346,1.7841,1.00,1.00
2016.09.27 22:20:57.792,1.78347,1.78408,1.00,1.00
2016.09.27 22:20:58.271,1.78348,1.78414,1.00,1.00
2016.09.27 22:20:58.454,1.78344,1.78411,1.50,1.00
2016.09.27 22:20:58.505,1.78344,1.78409,1.00,1.00
2016.09.27 22:20:58.945,1.78344,1.78408,1.50,1.00
2016.09.27 22:21:02.018,1.78344,1.78397,1.00,1.00
2016.09.27 22:21:02.074,1.78344,1.78388,1.00,1.00
2016.09.27 22:21:02.125,1.78332,1.78388,1.00,1.00
2016.09.27 22:21:02.226,1.78322,1.78386,1.00,1.00
2016.09.27 22:21:03.178,1.78321,1.78386,1.00,1.00
2016.09.27 22:21:07.262,1.78322,1.78386,1.00,1.00
2016.09.27 22:21:07.923,1.78323,1.78386,1.00,1.00
2016.09.27 22:21:09.827,1.78324,1.78386,1.00,1.00
2016.09.27 22:21:10.621,1.78323,1.78386,1.00,1.00
2016.09.27 22:21:12.510,1.78323,1.78387,1.00,1.00
2016.09.27 22:21:12.713,1.78322,1.78385,1.50,1.00
2016.09.27 22:21:13.351,1.78322,1.78385,1.00,1.00
2016.09.27 22:21:20.357,1.78322,1.78385,1.50,1.00
2016.09.27 22:21:20.408,1.78325,1.78389,1.00,1.50
2016.09.27 22:21:20.741,1.78327,1.78389,1.00,1.00
2016.09.27 22:21:28.984,1.78327,1.78388,1.00,1.00
2016.09.27 22:21:37.725,1.78327,1.78389,1.00,1.00
2016.09.27 22:21:38.457,1.78327,1.78389,1.50,1.00
2016.09.27 22:21:39.751,1.78327,1.78389,1.00,1.00
2016.09.27 22:21:40.306,1.78327,1.78389,1.50,1.00
2016.09.27 22:21:40.357,1.78327,1.78389,1.00,1.00
2016.09.27 22:21:44.317,1.78327,1.78389,1.50,1.00
2016.09.27 22:21:44.484,1.78327,1.78389,1.00,1.00
2016.09.27 22:21:55.599,1.78327,1.78389,1.50,1.00
2016.09.27 22:21:57.614,1.78327,1.78389,1.00,1.00
2016.09.27 22:21:59.208,1.78327,1.7839,1.00,1.00
2016.09.27 22:22:00.260,1.78327,1.7839,1.00,1.50
2016.09.27 22:22:00.311,1.78327,1.78389,1.00,1.00
2016.09.27 22:22:00.647,1.78323,1.78387,1.00,1.00
2016.09.27 22:22:05.150,1.78323,1.78388,1.50,1.00
2016.09.27 22:22:05.201,1.78323,1.78388,1.00,1.00
2016.09.27 22:22:05.615,1.78323,1.78388,1.00,1.50
2016.09.27 22:22:07.159,1.78323,1.78388,1.00,1.00
2016.09.27 22:22:07.210,1.78323,1.78388,1.00,1.50
2016.09.27 22:22:08.007,1.78323,1.78388,1.50,1.00
2016.09.27 22:22:08.058,1.78327,1.78388,1.00,1.00
2016.09.27 22:22:08.159,1.7833,1.78388,1.00,1.50
2016.09.27 22:22:08.260,1.78327,1.78388,1.00,1.50
2016.09.27 22:22:08.517,1.78323,1.78388,1.00,1.00
2016.09.27 22:22:12.812,1.78323,1.78389,1.00,2.25
2016.09.27 22:22:12.863,1.78327,1.78388,1.00,1.00
2016.09.27 22:22:20.543,1.78327,1.78388,1.00,1.50
2016.09.27 22:22:20.594,1.78325,1.78387,1.00,1.00
2016.09.27 22:22:20.695,1.78323,1.78387,1.00,1.00
2016.09.27 22:22:20.745,1.78323,1.78379,1.00,1.00
2016.09.27 22:22:20.796,1.78319,1.78381,1.00,1.00
2016.09.27 22:22:20.993,1.78316,1.7838,1.50,1.00
2016.09.27 22:22:21.044,1.78316,1.7838,1.00,1.00
2016.09.27 22:22:21.737,1.78315,1.7838,1.00,1.00
2016.09.27 22:22:27.973,1.78315,1.78378,1.00,1.00
2016.09.27 22:22:49.055,1.78315,1.78379,1.00,1.00
2016.09.27 22:23:04.890,1.78315,1.7838,1.00,1.00
2016.09.27 22:23:04.941,1.78313,1.78379,1.00,1.00
2016.09.27 22:23:05.620,1.78313,1.78378,1.00,1.00
2016.09.27 22:23:09.095,1.78313,1.78377,1.00,1.00
2016.09.27 22:23:10.744,1.78313,1.78378,1.00,1.00
2016.09.27 22:23:10.812,1.78315,1.78378,1.00,1.00
2016.09.27 22:23:14.390,1.78337,1.78378,1.00,1.00
2016.09.27 22:23:14.694,1.7834,1.78378,1.00,1.00
2016.09.27 22:23:18.281,1.7834,1.78379,1.00,1.00
2016.09.27 22:23:20.209,1.78342,1.78379,1.00,1.00
2016.09.27 22:23:20.786,1.78342,1.78384,1.00,1.00
2016.09.27 22:24:02.312,1.78341,1.78384,1.00,1.00
2016.09.27 22:24:02.363,1.7834,1.78382,1.00,1.00
2016.09.27 22:24:02.710,1.78359,1.78385,1.00,1.00
2016.09.27 22:24:02.846,1.78359,1.78399,1.00,1.00
2016.09.27 22:24:02.947,1.78356,1.78396,1.00,1.00
2016.09.27 22:24:03.144,1.78356,1.78398,1.00,1.00
2016.09.27 22:24:12.632,1.78356,1.78399,1.00,1.00
2016.09.27 22:24:13.475,1.78356,1.78398,1.00,1.00
2016.09.27 22:24:21.241,1.78356,1.78399,1.00,1.00
2016.09.27 22:24:22.242,1.78356,1.78398,1.00,1.00
2016.09.27 22:24:28.948,1.78356,1.78399,1.00,1.00
2016.09.27 22:24:33.009,1.78355,1.78399,1.00,1.00
2016.09.27 22:24:33.110,1.78357,1.78398,1.00,1.00
2016.09.27 22:24:36.250,1.78356,1.78398,1.00,1.00
2016.09.27 22:24:39.256,1.78358,1.78398,1.00,1.00
2016.09.27 22:24:42.600,1.78356,1.78398,1.00,1.00
2016.09.27 22:24:44.627,1.78356,1.78399,1.00,1.00
2016.09.27 22:24:50.566,1.78356,1.78398,1.00,1.00
2016.09.27 22:25:11.363,1.78357,1.78398,1.00,1.00
2016.09.27 22:25:16.326,1.78355,1.78398,1.00,1.00
2016.09.27 22:25:16.427,1.78355,1.78398,1.00,2.25
2016.09.27 22:25:16.478,1.7835,1.78389,1.00,1.00
2016.09.27 22:25:16.784,1.78346,1.78389,1.00,1.00
2016.09.27 22:25:17.138,1.78348,1.78389,1.00,1.00
2016.09.27 22:25:17.240,1.7835,1.78389,1.00,1.50
2016.09.27 22:25:20.729,1.78349,1.78389,1.00,1.50
2016.09.27 22:25:20.831,1.78346,1.78389,1.00,1.50
2016.09.27 22:25:23.787,1.78346,1.78389,1.00,1.00
2016.09.27 22:25:23.838,1.78364,1.78392,1.00,1.00
2016.09.27 22:25:23.889,1.78365,1.78395,1.00,1.00
2016.09.27 22:25:24.012,1.78365,1.78406,1.00,1.00
2016.09.27 22:25:24.063,1.78366,1.78408,1.00,1.00
2016.09.27 22:25:24.215,1.78366,1.78408,1.00,1.50
2016.09.27 22:25:24.366,1.78367,1.78408,1.00,1.00
2016.09.27 22:25:25.307,1.78367,1.78409,1.00,1.00
2016.09.27 22:25:28.799,1.78364,1.78409,1.00,1.00
2016.09.27 22:25:28.988,1.78367,1.78409,1.00,1.00
2016.09.27 22:25:31.509,1.78367,1.78408,1.00,1.00
2016.09.27 22:25:39.059,1.78367,1.78408,1.00,1.50
2016.09.27 22:25:40.193,1.78367,1.78408,1.00,1.00
2016.09.27 22:25:46.882,1.78365,1.78408,1.00,1.00
2016.09.27 22:25:46.933,1.7836,1.78399,1.00,1.00
2016.09.27 22:25:47.456,1.7836,1.78398,1.00,1.00
2016.09.27 22:25:47.807,1.78362,1.78398,1.00,1.00
2016.09.27 22:25:48.267,1.78362,1.78406,1.00,1.00
2016.09.27 22:25:48.317,1.78364,1.78406,1.00,1.00
2016.09.27 22:25:48.368,1.78364,1.78409,1.00,1.50
2016.09.27 22:25:48.581,1.78367,1.78409,1.00,1.00
2016.09.27 22:25:50.127,1.78367,1.78408,1.00,1.00
2016.09.27 22:25:53.059,1.78369,1.78408,1.00,1.00
2016.09.27 22:26:01.031,1.7837,1.78408,1.00,1.00
2016.09.27 22:26:02.099,1.7837,1.78409,1.00,1.00
2016.09.27 22:26:07.831,1.78372,1.78409,1.00,1.00
2016.09.27 22:26:07.881,1.78369,1.78409,1.00,1.00
2016.09.27 22:26:08.033,1.78373,1.78409,1.00,1.00
2016.09.27 22:26:08.521,1.78376,1.78409,1.00,1.00
2016.09.27 22:26:08.622,1.78374,1.78409,1.00,1.00
2016.09.27 22:26:10.708,1.78378,1.78409,1.00,1.00
2016.09.27 22:26:10.821,1.78383,1.78419,1.00,1.37
2016.09.27 22:26:10.876,1.78395,1.78425,1.00,1.00
2016.09.27 22:26:10.927,1.78392,1.78429,1.00,1.37
2016.09.27 22:26:10.978,1.78392,1.78429,1.00,1.00
2016.09.27 22:26:11.080,1.78392,1.78437,1.00,1.75
2016.09.27 22:26:11.131,1.78392,1.7843,1.00,1.00
2016.09.27 22:26:11.435,1.78392,1.78432,1.00,1.00
2016.09.27 22:26:11.689,1.78392,1.7843,1.00,1.00
2016.09.27 22:26:12.465,1.78391,1.7843,1.00,1.00
2016.09.27 22:26:12.590,1.78391,1.78432,1.00,1.00
2016.09.27 22:26:16.751,1.78391,1.78428,1.00,1.00
2016.09.27 22:26:20.815,1.78396,1.78428,1.00,1.00
2016.09.27 22:26:21.122,1.78398,1.78428,1.00,1.00
2016.09.27 22:26:23.668,1.78398,1.78434,1.00,1.00
2016.09.27 22:26:26.981,1.78398,1.78434,1.00,1.37
2016.09.27 22:26:27.879,1.78396,1.78434,1.00,1.37
2016.09.27 22:26:28.084,1.78396,1.78434,1.00,1.00
2016.09.27 22:26:33.892,1.78396,1.78434,1.00,1.12
2016.09.27 22:26:33.942,1.78396,1.78434,1.00,1.50
2016.09.27 22:26:33.993,1.78396,1.78434,1.00,1.12
2016.09.27 22:26:34.044,1.78396,1.78435,1.00,1.00
2016.09.27 22:26:34.241,1.78396,1.78437,1.00,1.00
2016.09.27 22:26:35.410,1.78396,1.78435,1.00,1.00
2016.09.27 22:26:35.710,1.78396,1.78438,1.00,1.12
2016.09.27 22:26:40.841,1.78399,1.78438,1.00,1.12
2016.09.27 22:26:48.722,1.78399,1.78438,1.00,1.00
2016.09.27 22:26:57.128,1.78399,1.78436,1.00,1.00
2016.09.27 22:27:03.674,1.78399,1.78438,1.00,1.00
2016.09.27 22:27:13.042,1.78398,1.78438,1.00,1.00
2016.09.27 22:27:15.028,1.78398,1.78438,1.00,1.50
2016.09.27 22:27:15.449,1.78398,1.78435,1.00,1.00
2016.09.27 22:27:16.560,1.78396,1.78434,1.00,1.00
2016.09.27 22:27:16.611,1.78396,1.78429,1.00,1.00
2016.09.27 22:27:16.662,1.7839,1.78429,1.00,1.00
2016.09.27 22:27:16.763,1.7839,1.78427,1.00,1.00
2016.09.27 22:27:16.865,1.78389,1.78428,1.00,1.12
2016.09.27 22:27:17.068,1.78389,1.78428,1.00,1.87
2016.09.27 22:27:17.169,1.78386,1.78427,1.00,1.00
2016.09.27 22:27:33.403,1.78386,1.78427,1.00,1.50
2016.09.27 22:27:35.042,1.78386,1.78427,1.00,1.00
2016.09.27 22:27:35.549,1.78388,1.78429,1.00,1.00
2016.09.27 22:27:41.033,1.78388,1.78428,1.00,1.00
2016.09.27 22:27:41.696,1.78389,1.78428,1.00,1.00
2016.09.27 22:27:42.223,1.7839,1.78428,1.00,1.00
2016.09.27 22:27:49.738,1.78389,1.78428,1.00,1.00
2016.09.27 22:27:50.647,1.784,1.78428,1.00,1.00
2016.09.27 22:27:50.838,1.78406,1.78435,1.00,1.00
2016.09.27 22:27:50.888,1.78406,1.78438,1.00,1.00
2016.09.27 22:27:58.837,1.78406,1.78439,1.00,1.00
2016.09.27 22:27:59.335,1.78406,1.78447,1.00,1.00
2016.09.27 22:27:59.438,1.78406,1.78438,1.00,1.00
2016.09.27 22:28:09.681,1.78408,1.78438,1.00,1.00
2016.09.27 22:28:10.331,1.78405,1.78438,1.00,1.00
2016.09.27 22:28:10.552,1.78402,1.78428,1.00,1.00
2016.09.27 22:28:10.653,1.78402,1.78438,1.00,1.12
2016.09.27 22:28:10.865,1.78409,1.78438,1.00,1.00
2016.09.27 22:28:11.372,1.78409,1.78439,1.00,1.00
2016.09.27 22:28:14.698,1.78408,1.78439,1.00,1.00
2016.09.27 22:28:26.462,1.78408,1.78448,1.00,1.00
2016.09.27 22:28:40.922,1.78408,1.78448,1.00,1.50
2016.09.27 22:28:47.767,1.78408,1.78448,1.00,1.00
2016.09.27 22:28:51.175,1.78412,1.78448,1.00,1.00
2016.09.27 22:28:52.133,1.7841,1.78448,1.00,1.00
2016.09.27 22:28:52.184,1.7841,1.78438,1.00,1.00
2016.09.27 22:28:53.411,1.78408,1.78438,1.00,1.00
2016.09.27 22:29:01.312,1.78409,1.78438,1.00,1.00
2016.09.27 22:29:01.363,1.78411,1.78438,1.00,1.00
2016.09.27 22:29:03.793,1.78411,1.78449,1.00,1.50
2016.09.27 22:29:04.903,1.78411,1.78449,1.00,1.75
2016.09.27 22:29:06.455,1.78411,1.78447,1.00,1.00
2016.09.27 22:29:06.796,1.78411,1.78438,1.00,1.00
2016.09.27 22:29:09.913,1.78407,1.78439,1.00,1.00
2016.09.27 22:29:10.417,1.78406,1.78439,1.00,1.00
2016.09.27 22:29:10.964,1.78406,1.78438,1.00,1.00
2016.09.27 22:29:11.513,1.78406,1.78439,1.00,1.00
2016.09.27 22:29:17.497,1.78401,1.78439,1.00,1.12
2016.09.27 22:29:17.548,1.784,1.78436,1.00,1.37
2016.09.27 22:29:17.599,1.78397,1.78436,1.00,1.50
2016.09.27 22:29:17.649,1.78398,1.78435,1.00,1.37
2016.09.27 22:29:17.750,1.78398,1.78429,1.00,1.00
2016.09.27 22:29:17.801,1.78396,1.78429,1.00,1.00
2016.09.27 22:29:17.902,1.78393,1.78429,1.00,1.00
2016.09.27 22:29:18.632,1.78394,1.78428,1.00,1.00
2016.09.27 22:29:21.531,1.78394,1.78428,1.00,1.50
2016.09.27 22:29:21.582,1.78394,1.78428,1.00,1.00
2016.09.27 22:29:21.633,1.78394,1.78431,1.00,1.37
2016.09.27 22:29:21.725,1.78394,1.78434,1.00,1.50
2016.09.27 22:29:22.011,1.78394,1.78429,1.00,1.00
2016.09.27 22:29:25.282,1.78393,1.78429,1.00,1.00
2016.09.27 22:29:25.556,1.78392,1.78428,1.00,1.50
2016.09.27 22:29:32.914,1.78392,1.78428,1.00,2.25
2016.09.27 22:29:36.501,1.78392,1.78428,1.00,1.87
2016.09.27 22:29:36.552,1.78392,1.78428,1.00,1.50
2016.09.27 22:29:36.624,1.78392,1.78428,1.00,1.00
2016.09.27 22:29:37.249,1.78391,1.78428,1.00,1.00
2016.09.27 22:29:40.352,1.7839,1.78428,1.00,1.00
2016.09.27 22:29:40.454,1.7839,1.78428,1.00,1.50
2016.09.27 22:29:49.519,1.7839,1.78428,1.00,1.87
2016.09.27 22:29:49.570,1.7839,1.78428,1.00,2.25
2016.09.27 22:29:49.736,1.7839,1.78428,1.00,1.50
2016.09.27 22:30:00.123,1.78393,1.78428,1.00,1.50
2016.09.27 22:30:00.174,1.78393,1.78428,1.00,1.00
2016.09.27 22:30:00.746,1.78393,1.78428,1.00,1.50
2016.09.27 22:30:02.532,1.7839,1.78428,1.00,1.50
2016.09.27 22:30:02.583,1.78389,1.78428,1.00,1.75
2016.09.27 22:30:02.634,1.78389,1.78426,1.00,1.50
2016.09.27 22:30:03.045,1.78389,1.78426,1.00,1.12
2016.09.27 22:30:13.172,1.78391,1.78426,1.00,1.12
2016.09.27 22:30:20.972,1.78392,1.78426,1.00,1.00
2016.09.27 22:30:21.478,1.78391,1.78426,1.00,1.00
2016.09.27 22:30:23.936,1.78391,1.78428,1.00,1.00
2016.09.27 22:30:24.237,1.78391,1.78426,1.00,1.00
2016.09.27 22:30:38.465,1.78391,1.78428,1.00,1.50
2016.09.27 22:30:38.966,1.78391,1.78426,1.00,1.00
2016.09.27 22:30:39.266,1.78391,1.78428,1.00,1.50
2016.09.27 22:30:39.721,1.78391,1.78426,1.00,1.00
2016.09.27 22:30:40.421,1.78391,1.78427,1.00,1.00
2016.09.27 22:30:40.970,1.78391,1.78426,1.00,1.00
2016.09.27 22:30:42.128,1.78391,1.78427,1.00,1.00
2016.09.27 22:30:43.135,1.78391,1.78426,1.00,1.00
2016.09.27 22:30:43.663,1.7839,1.78426,1.00,1.00
2016.09.27 22:30:44.652,1.78391,1.78426,1.00,1.00
2016.09.27 22:30:45.784,1.7839,1.78426,1.00,1.00
2016.09.27 22:30:46.563,1.78391,1.78426,1.00,1.00
2016.09.27 22:30:46.844,1.78391,1.78428,1.00,1.00
2016.09.27 22:30:47.380,1.78391,1.78427,1.00,1.00
2016.09.27 22:30:47.929,1.7839,1.78427,1.00,1.00
2016.09.27 22:30:49.073,1.78391,1.78427,1.00,1.00
2016.09.27 22:30:49.588,1.7839,1.78427,1.00,1.00
2016.09.27 22:30:50.094,1.78391,1.78426,1.00,1.00
2016.09.27 22:30:50.144,1.78391,1.78428,1.00,1.00
2016.09.27 22:30:50.448,1.7839,1.78426,1.00,1.00
2016.09.27 22:30:50.991,1.78391,1.78426,1.00,1.00
2016.09.27 22:30:51.943,1.78391,1.78427,1.00,1.00
2016.09.27 22:30:52.461,1.78391,1.78426,1.00,1.00
2016.09.27 22:30:52.983,1.7839,1.78426,1.00,1.00
2016.09.27 22:30:53.498,1.78391,1.78426,1.00,1.00
2016.09.27 22:30:54.100,1.7839,1.78426,1.00,1.00
2016.09.27 22:30:56.255,1.7839,1.78428,1.00,1.00
2016.09.27 22:30:56.950,1.7839,1.78427,1.00,1.00
2016.09.27 22:31:00.254,1.78384,1.78425,1.00,1.00
2016.09.27 22:31:00.356,1.78383,1.78423,1.00,1.00
2016.09.27 22:31:00.725,1.78377,1.78416,1.00,1.00
2016.09.27 22:31:00.887,1.78377,1.78418,1.00,1.50
2016.09.27 22:31:00.989,1.78381,1.78418,1.00,1.87
2016.09.27 22:31:01.091,1.78377,1.78416,1.00,1.00
2016.09.27 22:31:01.344,1.78381,1.78418,1.00,1.12
2016.09.27 22:31:01.395,1.78385,1.78418,1.00,1.00
2016.09.27 22:31:01.922,1.78386,1.78419,1.00,1.00
2016.09.27 22:31:07.360,1.78389,1.78419,1.00,1.00
2016.09.27 22:31:08.221,1.78391,1.78419,1.00,1.00
2016.09.27 22:31:08.876,1.7839,1.78419,1.00,1.00
2016.09.27 22:31:11.250,1.7839,1.78418,1.00,1.00
2016.09.27 22:31:13.036,1.78388,1.78418,1.00,1.00
2016.09.27 22:31:13.138,1.78385,1.78418,1.00,1.00
2016.09.27 22:31:15.108,1.78392,1.78418,1.00,1.00
2016.09.27 22:31:15.261,1.78388,1.78418,1.00,1.00
2016.09.27 22:31:15.615,1.78386,1.78418,1.00,1.00
2016.09.27 22:31:15.665,1.78389,1.78418,1.00,1.00
2016.09.27 22:31:16.051,1.78385,1.78418,1.00,1.00
2016.09.27 22:31:17.071,1.78385,1.78419,1.00,1.00
2016.09.27 22:31:17.173,1.78382,1.78419,1.00,1.12
2016.09.27 22:31:17.224,1.78381,1.78409,1.00,1.00
2016.09.27 22:31:17.275,1.78379,1.78409,1.00,1.00
2016.09.27 22:31:17.377,1.78371,1.78409,1.00,1.00
2016.09.27 22:31:17.428,1.78369,1.78409,1.00,1.00
2016.09.27 22:31:17.855,1.78369,1.78414,1.00,1.37
2016.09.27 22:31:17.906,1.78369,1.78414,1.00,1.50
2016.09.27 22:31:17.957,1.78369,1.78408,1.00,1.00
2016.09.27 22:31:18.580,1.78372,1.78408,1.00,1.00
2016.09.27 22:31:19.433,1.78371,1.78408,1.00,1.00
2016.09.27 22:31:20.678,1.78371,1.78409,1.00,1.00
2016.09.27 22:31:23.084,1.78374,1.78409,1.00,1.00
2016.09.27 22:31:23.571,1.78371,1.78409,1.00,1.00
2016.09.27 22:31:23.773,1.78371,1.78409,1.00,1.37
2016.09.27 22:31:23.824,1.78371,1.78408,1.00,1.00
2016.09.27 22:31:24.850,1.78369,1.78408,1.00,1.00
2016.09.27 22:31:26.049,1.78369,1.78409,1.00,1.37
2016.09.27 22:31:26.150,1.78373,1.78409,1.00,1.37
2016.09.27 22:31:26.201,1.78373,1.78409,1.00,1.00
2016.09.27 22:31:26.839,1.78373,1.78408,1.00,1.00
2016.09.27 22:31:27.441,1.78373,1.78409,1.00,1.00
2016.09.27 22:31:29.208,1.78372,1.78409,1.00,1.00
2016.09.27 22:31:29.476,1.78368,1.78408,1.00,1.00
2016.09.27 22:31:29.527,1.78373,1.78408,1.00,1.00
2016.09.27 22:31:29.679,1.7837,1.78408,1.00,1.00
2016.09.27 22:31:29.729,1.78368,1.78408,1.00,1.00
2016.09.27 22:31:29.881,1.78368,1.78415,1.00,1.75
2016.09.27 22:31:30.846,1.78368,1.78408,1.00,1.00
2016.09.27 22:31:31.584,1.7837,1.78408,1.00,1.00
2016.09.27 22:31:31.917,1.78368,1.78408,1.00,1.00
2016.09.27 22:31:32.069,1.78373,1.78408,1.00,1.00
2016.09.27 22:31:32.272,1.78368,1.78408,1.00,1.00
2016.09.27 22:31:33.650,1.78368,1.78409,1.00,1.00
2016.09.27 22:31:34.471,1.78368,1.78415,1.00,1.50
2016.09.27 22:31:35.628,1.78367,1.78415,1.00,1.50
2016.09.27 22:31:35.713,1.78367,1.78408,1.00,1.00
2016.09.27 22:31:35.873,1.78371,1.78408,1.00,1.00
2016.09.27 22:31:35.975,1.78371,1.78415,1.00,1.75
2016.09.27 22:31:36.026,1.78367,1.78415,1.00,1.75
2016.09.27 22:31:36.077,1.78372,1.78415,1.00,1.50
2016.09.27 22:31:36.127,1.7837,1.78415,1.00,1.12
2016.09.27 22:31:36.178,1.78375,1.78415,1.00,1.00
2016.09.27 22:31:36.229,1.78375,1.78418,1.00,1.12
2016.09.27 22:31:36.280,1.78371,1.78418,1.00,1.87
2016.09.27 22:31:36.383,1.78372,1.78417,1.00,1.00
2016.09.27 22:31:36.434,1.7837,1.78415,1.00,1.00
2016.09.27 22:31:36.484,1.7837,1.78417,1.00,1.75
2016.09.27 22:31:36.535,1.7837,1.78412,1.00,1.00
2016.09.27 22:31:36.586,1.7837,1.78409,1.00,1.12
2016.09.27 22:31:36.687,1.7837,1.78409,1.00,1.00
2016.09.27 22:31:36.789,1.7837,1.78409,1.00,1.12
2016.09.27 22:31:36.976,1.7837,1.78409,1.00,1.00
2016.09.27 22:31:38.861,1.78371,1.78409,1.00,1.00
2016.09.27 22:31:39.543,1.78369,1.78409,1.00,1.00
2016.09.27 22:31:41.963,1.78374,1.78409,1.00,1.00
2016.09.27 22:31:42.482,1.78375,1.78409,1.00,1.00
2016.09.27 22:31:50.023,1.78374,1.78409,1.00,1.00
2016.09.27 22:31:50.074,1.7837,1.78408,1.00,1.00
2016.09.27 22:31:54.570,1.7837,1.78409,1.00,1.00
2016.09.27 22:31:55.380,1.78363,1.78409,1.00,1.00
2016.09.27 22:31:58.975,1.78363,1.78408,1.00,1.00
2016.09.27 22:32:00.277,1.78363,1.78409,1.00,1.00
2016.09.27 22:32:00.996,1.78362,1.78409,1.00,1.00
2016.09.27 22:32:04.081,1.78362,1.78411,1.00,1.00
2016.09.27 22:32:04.458,1.78362,1.78414,1.00,1.50
2016.09.27 22:32:05.208,1.78362,1.78415,1.00,1.75
2016.09.27 22:32:05.310,1.78362,1.78409,1.00,1.00
2016.09.27 22:32:06.082,1.78362,1.78415,1.00,1.75
2016.09.27 22:32:06.132,1.78366,1.78413,1.00,1.00
2016.09.27 22:32:06.183,1.78366,1.78415,1.00,1.75
2016.09.27 22:32:06.341,1.78366,1.78417,1.00,2.25
2016.09.27 22:32:06.392,1.78366,1.78417,1.00,1.75
2016.09.27 22:32:10.385,1.78366,1.78408,1.00,1.00
2016.09.27 22:32:10.769,1.78361,1.78408,1.00,1.00
2016.09.27 22:32:11.272,1.7836,1.78408,1.00,1.00
2016.09.27 22:32:12.593,1.78362,1.78408,1.00,1.00
2016.09.27 22:32:16.983,1.78363,1.78408,1.00,1.00
2016.09.27 22:32:17.034,1.78361,1.78408,1.00,1.00
2016.09.27 22:32:25.880,1.78365,1.78408,1.00,1.00
2016.09.27 22:32:26.347,1.78362,1.78408,1.00,1.00
2016.09.27 22:32:28.645,1.78364,1.78408,1.00,1.00
2016.09.27 22:32:29.264,1.78364,1.78409,1.00,1.00
2016.09.27 22:32:34.933,1.78362,1.78409,1.00,1.00
2016.09.27 22:32:39.029,1.78364,1.78409,1.00,1.00
2016.09.27 22:32:39.595,1.78362,1.78409,1.00,1.00
2016.09.27 22:32:39.730,1.78365,1.78409,1.00,1.00
2016.09.27 22:32:40.286,1.78361,1.78409,1.00,1.00
2016.09.27 22:32:48.061,1.78361,1.78412,1.00,1.12
2016.09.27 22:32:48.112,1.78361,1.78412,1.00,1.37
2016.09.27 22:32:48.163,1.78361,1.78412,1.00,1.50
2016.09.27 22:32:48.941,1.78361,1.78412,1.00,1.75
2016.09.27 22:32:50.549,1.78362,1.78412,1.00,1.75
2016.09.27 22:32:50.650,1.78362,1.78412,1.00,1.50
2016.09.27 22:32:51.334,1.78364,1.78412,1.00,1.50
2016.09.27 22:32:55.776,1.78359,1.78412,1.00,1.50
2016.09.27 22:32:55.826,1.78357,1.78409,1.00,1.37
2016.09.27 22:32:55.877,1.78354,1.78409,1.00,1.87
2016.09.27 22:32:55.979,1.78354,1.78405,1.00,1.50
2016.09.27 22:32:56.030,1.78355,1.78399,1.00,1.00
2016.09.27 22:32:56.218,1.78355,1.78405,1.00,1.50
2016.09.27 22:32:56.269,1.78355,1.78408,1.00,1.12
2016.09.27 22:33:00.775,1.78355,1.78406,1.00,1.00
2016.09.27 22:33:04.686,1.78354,1.78406,1.00,1.00
2016.09.27 22:33:04.737,1.78358,1.78406,1.00,1.00
2016.09.27 22:33:04.788,1.78358,1.78408,1.00,1.00
2016.09.27 22:33:10.556,1.78358,1.78408,1.00,1.37
2016.09.27 22:33:10.607,1.78358,1.78406,1.00,1.00
2016.09.27 22:33:10.657,1.78358,1.78406,1.00,1.12
2016.09.27 22:33:11.332,1.78358,1.78406,1.00,1.00
2016.09.27 22:33:11.829,1.78355,1.78406,1.00,1.00
2016.09.27 22:33:15.679,1.78355,1.78409,1.00,1.87
2016.09.27 22:33:15.895,1.78355,1.78409,1.00,1.50
2016.09.27 22:33:18.658,1.78355,1.78408,1.00,1.00
2016.09.27 22:33:18.788,1.78355,1.78403,1.00,1.00
2016.09.27 22:33:18.889,1.78355,1.78406,1.00,1.75
2016.09.27 22:33:19.041,1.78358,1.78406,1.00,1.75
2016.09.27 22:33:19.092,1.78358,1.78408,1.00,1.50
2016.09.27 22:33:19.193,1.78362,1.78408,1.00,1.00
2016.09.27 22:33:19.294,1.78362,1.78408,1.00,1.12
2016.09.27 22:33:19.566,1.78362,1.78408,1.00,1.00
2016.09.27 22:33:21.272,1.78362,1.78408,1.00,1.12
2016.09.27 22:33:21.323,1.78361,1.78407,1.00,1.00
2016.09.27 22:33:21.785,1.78362,1.78409,1.00,1.00
2016.09.27 22:33:22.043,1.7836,1.78409,1.00,1.00
2016.09.27 22:33:22.094,1.78358,1.78409,1.00,1.50
2016.09.27 22:33:27.204,1.78358,1.78409,1.00,1.75
2016.09.27 22:33:27.558,1.78358,1.78408,1.00,2.25
2016.09.27 22:33:28.138,1.78356,1.78408,1.00,2.25
2016.09.27 22:33:28.189,1.78358,1.78408,1.00,2.25
2016.09.27 22:33:28.240,1.78358,1.78408,1.00,1.87
2016.09.27 22:33:28.291,1.78358,1.78408,1.00,1.37
2016.09.27 22:33:28.551,1.78357,1.78407,1.00,1.00
2016.09.27 22:33:28.602,1.78357,1.78408,1.00,1.12
2016.09.27 22:33:28.804,1.78357,1.7841,1.00,1.75
2016.09.27 22:33:28.905,1.78357,1.78408,1.00,1.12
2016.09.27 22:33:29.215,1.78357,1.78411,1.00,1.75
2016.09.27 22:33:29.556,1.78357,1.78409,1.00,1.50
2016.09.27 22:33:29.606,1.78357,1.78409,1.00,1.37
2016.09.27 22:33:29.708,1.78357,1.78408,1.00,1.00
2016.09.27 22:33:30.048,1.78357,1.78409,1.00,1.75
2016.09.27 22:33:30.558,1.78357,1.78408,1.00,1.00
2016.09.27 22:33:30.608,1.78357,1.78409,1.00,1.75
2016.09.27 22:33:30.659,1.78357,1.78407,1.00,1.00
2016.09.27 22:33:30.739,1.78357,1.78409,1.00,1.75
2016.09.27 22:33:31.018,1.78357,1.78407,1.00,1.12
2016.09.27 22:33:31.169,1.78357,1.78407,1.00,1.00
2016.09.27 22:33:32.103,1.78357,1.78408,1.00,1.00
2016.09.27 22:33:32.153,1.78357,1.78409,1.00,2.25
2016.09.27 22:33:32.204,1.78357,1.78408,1.00,1.50
2016.09.27 22:33:33.069,1.78357,1.78407,1.00,1.12
2016.09.27 22:33:33.171,1.78358,1.78408,1.00,1.37
2016.09.27 22:33:33.221,1.78358,1.78409,1.00,1.50
2016.09.27 22:33:33.272,1.78358,1.78408,1.00,1.00
2016.09.27 22:33:34.260,1.78358,1.78408,1.00,1.12
2016.09.27 22:33:34.661,1.78358,1.78408,1.00,1.00
2016.09.27 22:33:34.864,1.78358,1.78409,1.00,1.12
2016.09.27 22:33:35.461,1.78358,1.78408,1.00,1.00
2016.09.27 22:33:36.037,1.78358,1.78407,1.00,1.00
2016.09.27 22:33:36.189,1.78358,1.78408,1.00,1.12
2016.09.27 22:33:36.240,1.78358,1.78408,1.00,1.00
2016.09.27 22:33:36.392,1.78358,1.78408,1.00,1.50
2016.09.27 22:33:36.543,1.78358,1.78408,1.00,1.87
2016.09.27 22:33:36.594,1.78358,1.78399,1.00,1.00
2016.09.27 22:33:37.082,1.78358,1.78409,1.00,1.37
2016.09.27 22:33:37.133,1.78358,1.78409,1.00,1.00
2016.09.27 22:33:37.461,1.78358,1.78409,1.00,1.50
2016.09.27 22:33:38.115,1.78358,1.78398,1.00,1.00
2016.09.27 22:33:38.286,1.78358,1.78407,1.00,1.00
2016.09.27 22:33:39.194,1.78358,1.78408,1.00,1.00
2016.09.27 22:33:39.296,1.78358,1.78409,1.00,1.87
2016.09.27 22:33:39.397,1.78358,1.78408,1.00,1.00
2016.09.27 22:33:39.550,1.78358,1.78408,1.00,1.12
2016.09.27 22:33:39.601,1.78358,1.78408,1.00,1.87
2016.09.27 22:33:39.803,1.78358,1.78399,1.00,1.00
2016.09.27 22:33:40.210,1.78358,1.78409,1.00,1.00
2016.09.27 22:33:40.261,1.78358,1.78409,1.00,1.37
2016.09.27 22:33:40.363,1.78358,1.78409,1.00,1.50
2016.09.27 22:33:40.568,1.78358,1.78408,1.00,1.12
2016.09.27 22:33:40.618,1.78358,1.78408,1.00,1.87
2016.09.27 22:33:41.166,1.78358,1.78408,1.00,1.50
2016.09.27 22:33:41.217,1.78358,1.78408,1.00,1.00
2016.09.27 22:33:41.318,1.78358,1.78409,1.00,1.87
2016.09.27 22:33:41.670,1.78358,1.78408,1.00,1.00
2016.09.27 22:33:41.998,1.78358,1.78406,1.00,1.00
2016.09.27 22:33:42.394,1.78358,1.78408,1.00,1.50
2016.09.27 22:33:42.613,1.78358,1.78408,1.00,1.00
2016.09.27 22:33:42.929,1.78358,1.78398,1.00,1.00
2016.09.27 22:33:43.816,1.78358,1.78409,1.00,1.50
2016.09.27 22:33:44.280,1.78358,1.78408,1.00,1.00
2016.09.27 22:33:44.819,1.78358,1.78399,1.00,1.00
2016.09.27 22:33:45.628,1.78358,1.78398,1.00,1.00
2016.09.27 22:33:46.004,1.78358,1.78408,1.00,1.00
2016.09.27 22:33:46.554,1.78358,1.78407,1.00,1.00
2016.09.27 22:33:46.605,1.78358,1.78398,1.00,1.00
2016.09.27 22:33:46.706,1.78358,1.78408,1.00,1.00
2016.09.27 22:33:47.111,1.78358,1.78399,1.00,1.00
2016.09.27 22:33:47.323,1.78358,1.78407,1.00,1.00
2016.09.27 22:33:47.576,1.78358,1.78399,1.00,1.00
2016.09.27 22:33:48.124,1.78358,1.78398,1.00,1.00
2016.09.27 22:33:48.226,1.78358,1.78408,1.00,1.00
2016.09.27 22:33:48.734,1.78358,1.78409,1.00,1.50
2016.09.27 22:33:49.912,1.78358,1.78407,1.00,1.00
2016.09.27 22:33:50.114,1.78358,1.78398,1.00,1.00
2016.09.27 22:33:50.216,1.78358,1.78407,1.00,1.00
2016.09.27 22:33:50.630,1.78358,1.78398,1.00,1.00
2016.09.27 22:33:51.514,1.78358,1.78408,1.00,1.00
2016.09.27 22:33:52.009,1.78361,1.78409,1.00,1.00
2016.09.27 22:33:52.313,1.78359,1.78409,1.00,1.00
2016.09.27 22:33:52.552,1.78358,1.78409,1.00,1.50
2016.09.27 22:33:52.704,1.78358,1.78409,1.00,1.87
2016.09.27 22:33:52.755,1.78361,1.78409,1.00,1.87
2016.09.27 22:33:52.806,1.78362,1.78409,1.00,1.50
2016.09.27 22:33:52.856,1.78359,1.78409,1.00,1.50
2016.09.27 22:33:52.907,1.78361,1.78409,1.00,1.00
2016.09.27 22:33:52.958,1.78358,1.78409,1.00,1.00
2016.09.27 22:33:53.586,1.78361,1.78409,1.00,1.00
2016.09.27 22:33:53.637,1.78361,1.78409,1.00,1.50
2016.09.27 22:33:53.822,1.78358,1.78409,1.00,1.50
2016.09.27 22:33:54.000,1.78361,1.78409,1.00,1.50
2016.09.27 22:33:54.050,1.78358,1.78409,1.00,1.50
2016.09.27 22:33:54.152,1.78357,1.78409,1.00,1.00
2016.09.27 22:33:54.203,1.78362,1.78409,1.00,1.00
2016.09.27 22:33:54.556,1.7836,1.78409,1.00,1.00
2016.09.27 22:33:54.658,1.78362,1.78409,1.00,1.00
2016.09.27 22:33:54.975,1.78358,1.78408,1.00,1.00
2016.09.27 22:33:55.519,1.78358,1.78409,1.00,1.00
2016.09.27 22:33:55.569,1.7836,1.78409,1.00,1.00
2016.09.27 22:33:55.620,1.78358,1.78409,1.00,1.00
2016.09.27 22:33:55.722,1.78361,1.78409,1.00,1.12
2016.09.27 22:33:55.823,1.7836,1.78409,1.00,1.00
2016.09.27 22:33:55.924,1.78356,1.78409,1.00,1.12
2016.09.27 22:33:55.975,1.78356,1.78409,1.00,1.50
2016.09.27 22:33:56.026,1.78356,1.78409,1.00,1.75
2016.09.27 22:33:56.076,1.78359,1.78409,1.00,1.75
2016.09.27 22:33:56.178,1.78356,1.78409,1.00,1.75
2016.09.27 22:33:56.228,1.7836,1.78409,1.00,1.75
2016.09.27 22:33:56.279,1.78357,1.78409,1.00,1.00
2016.09.27 22:33:56.380,1.7836,1.78409,1.00,1.12
2016.09.27 22:33:56.662,1.78356,1.78409,1.00,1.12
2016.09.27 22:33:56.764,1.78356,1.78409,1.00,1.50
2016.09.27 22:33:57.413,1.78358,1.78409,1.00,1.50
2016.09.27 22:33:57.797,1.78358,1.78409,1.00,1.75
2016.09.27 22:34:04.930,1.78358,1.78404,1.00,1.00
2016.09.27 22:34:05.133,1.78358,1.78404,1.00,1.12
2016.09.27 22:34:10.084,1.78356,1.78404,1.00,1.12
2016.09.27 22:34:11.024,1.78356,1.78407,1.00,1.75
2016.09.27 22:34:11.524,1.78356,1.78405,1.00,1.50
2016.09.27 22:34:18.722,1.78356,1.78405,1.00,1.00
2016.09.27 22:34:18.772,1.78356,1.78407,1.00,1.50
2016.09.27 22:34:18.874,1.78356,1.78405,1.00,1.00
2016.09.27 22:34:19.412,1.78356,1.78406,1.00,1.00
2016.09.27 22:34:21.043,1.78356,1.78405,1.00,1.00
2016.09.27 22:34:21.593,1.78356,1.78406,1.00,1.00
2016.09.27 22:34:21.690,1.78358,1.78406,1.00,1.00
2016.09.27 22:34:22.997,1.78358,1.78406,1.00,1.37
2016.09.27 22:34:23.099,1.78358,1.78406,1.00,1.00
2016.09.27 22:34:23.448,1.78358,1.78406,1.00,1.37
2016.09.27 22:34:23.633,1.78361,1.78406,1.00,1.00
2016.09.27 22:34:23.772,1.78358,1.78406,1.00,1.00
2016.09.27 22:34:23.974,1.78358,1.78406,1.00,1.12
2016.09.27 22:34:24.075,1.78358,1.78406,1.00,1.37
2016.09.27 22:34:24.126,1.78358,1.78406,1.00,1.50
2016.09.27 22:34:24.177,1.78358,1.78405,1.00,1.37
2016.09.27 22:34:24.278,1.78358,1.78407,1.00,1.50
2016.09.27 22:34:24.983,1.78356,1.78407,1.00,1.50
2016.09.27 22:34:25.084,1.78356,1.78405,1.00,1.00
2016.09.27 22:34:25.463,1.78356,1.78405,1.00,1.37
2016.09.27 22:34:25.564,1.78356,1.78406,1.00,1.50
2016.09.27 22:34:25.716,1.78356,1.78406,1.00,1.37
2016.09.27 22:34:25.868,1.78356,1.78404,1.00,1.00
2016.09.27 22:34:26.154,1.78356,1.78404,1.00,1.37
2016.09.27 22:34:33.056,1.78356,1.78404,1.00,1.00
2016.09.27 22:34:33.107,1.7836,1.78404,1.00,1.00
2016.09.27 22:34:33.479,1.78356,1.78404,1.00,1.00
2016.09.27 22:34:33.564,1.7836,1.78404,1.00,1.00
2016.09.27 22:34:33.666,1.78358,1.78404,1.00,1.00
2016.09.27 22:34:33.935,1.78355,1.78404,1.00,1.00
2016.09.27 22:34:33.986,1.78359,1.78401,1.00,1.00
2016.09.27 22:34:34.558,1.78356,1.78401,1.00,1.00
2016.09.27 22:34:34.659,1.78358,1.78401,1.00,1.00
2016.09.27 22:34:34.901,1.78356,1.78401,1.00,1.00
2016.09.27 22:34:35.003,1.78354,1.78401,1.00,1.00
2016.09.27 22:34:35.114,1.78358,1.78401,1.00,1.00
2016.09.27 22:34:35.397,1.78355,1.78401,1.00,1.00
2016.09.27 22:34:35.448,1.78358,1.78401,1.00,1.00
2016.09.27 22:34:35.699,1.78356,1.78401,1.00,1.00
2016.09.27 22:34:35.852,1.78359,1.78401,1.00,1.00
2016.09.27 22:34:36.205,1.78356,1.78401,1.00,1.00
2016.09.27 22:34:36.509,1.78354,1.78401,1.00,1.00
2016.09.27 22:34:36.560,1.78355,1.78399,1.00,1.00
2016.09.27 22:34:37.266,1.78354,1.78399,1.00,1.00
2016.09.27 22:34:37.418,1.78352,1.78399,1.00,1.00
2016.09.27 22:34:53.640,1.78352,1.78398,1.00,1.00
2016.09.27 22:34:57.643,1.78352,1.78399,1.00,1.00
2016.09.27 22:35:00.531,1.78358,1.78399,1.00,1.00
2016.09.27 22:35:00.582,1.78358,1.78407,1.00,1.75
2016.09.27 22:35:00.632,1.78353,1.78407,1.00,1.75
2016.09.27 22:35:00.767,1.78353,1.784,1.00,1.00
2016.09.27 22:35:00.818,1.78353,1.784,1.00,1.12
2016.09.27 22:35:02.287,1.78354,1.784,1.00,1.00
2016.09.27 22:35:02.399,1.78354,1.784,1.00,1.12
2016.09.27 22:35:03.412,1.78352,1.784,1.00,1.12
2016.09.27 22:35:04.611,1.78352,1.784,1.00,1.00
2016.09.27 22:35:05.105,1.78352,1.784,1.00,1.12
2016.09.27 22:35:05.895,1.78353,1.784,1.00,1.12
2016.09.27 22:35:07.507,1.78353,1.784,1.00,1.00
2016.09.27 22:35:07.710,1.78353,1.784,1.00,1.37
2016.09.27 22:35:07.761,1.78353,1.78398,1.00,1.00
2016.09.27 22:35:07.811,1.78354,1.78398,1.00,1.50
2016.09.27 22:35:08.577,1.78353,1.78398,1.00,1.50
2016.09.27 22:35:10.259,1.78353,1.78398,1.00,1.00
2016.09.27 22:35:12.064,1.78357,1.78398,1.00,1.00
2016.09.27 22:35:12.391,1.78359,1.78399,1.00,1.00
2016.09.27 22:35:12.695,1.78361,1.78399,1.00,1.00
2016.09.27 22:35:12.985,1.78359,1.78399,1.00,1.00
2016.09.27 22:35:14.485,1.78359,1.78404,1.00,1.00
2016.09.27 22:35:18.472,1.78358,1.78404,1.00,1.00
2016.09.27 22:35:19.122,1.78359,1.78404,1.00,1.00
2016.09.27 22:35:22.927,1.78359,1.78404,1.00,1.12
2016.09.27 22:35:24.049,1.78359,1.78404,1.00,1.00
2016.09.27 22:35:26.421,1.78359,1.78406,1.00,1.37
2016.09.27 22:35:26.472,1.78359,1.78406,1.00,1.00
2016.09.27 22:35:30.425,1.78357,1.78406,1.00,1.00
2016.09.27 22:35:30.476,1.78354,1.78406,1.00,1.37
2016.09.27 22:35:30.527,1.78354,1.784,1.00,1.00
2016.09.27 22:35:30.628,1.78352,1.78398,1.00,1.00
2016.09.27 22:35:31.137,1.78352,1.78399,1.00,1.00
2016.09.27 22:35:34.152,1.78355,1.78399,1.00,1.00
2016.09.27 22:35:34.203,1.78353,1.784,1.00,1.00
2016.09.27 22:35:34.566,1.78351,1.78399,1.00,1.00
2016.09.27 22:35:34.617,1.78353,1.78399,1.00,1.00
2016.09.27 22:35:35.709,1.78355,1.784,1.00,1.00
2016.09.27 22:35:35.760,1.78353,1.784,1.00,1.00
2016.09.27 22:35:36.012,1.78352,1.78398,1.00,1.00
2016.09.27 22:35:36.546,1.78352,1.78399,1.00,1.00
2016.09.27 22:35:37.060,1.78353,1.78399,1.00,1.00
2016.09.27 22:35:40.115,1.78351,1.78399,1.00,1.00
2016.09.27 22:35:40.633,1.78352,1.78399,1.00,1.00
2016.09.27 22:35:41.181,1.78352,1.784,1.00,1.00
2016.09.27 22:35:42.309,1.78352,1.78398,1.00,1.00
2016.09.27 22:35:43.323,1.78352,1.784,1.00,1.00
2016.09.27 22:35:46.157,1.78351,1.78398,1.00,1.00
2016.09.27 22:35:47.033,1.78351,1.78399,1.00,1.00
2016.09.27 22:35:47.715,1.78353,1.78399,1.00,1.00
2016.09.27 22:35:47.765,1.78351,1.78399,1.00,1.00
2016.09.27 22:35:48.288,1.78352,1.78399,1.00,1.00
2016.09.27 22:35:48.840,1.78352,1.784,1.00,1.00
2016.09.27 22:35:49.192,1.78352,1.78398,1.00,1.00
2016.09.27 22:35:49.546,1.78352,1.784,1.00,1.00
2016.09.27 22:35:49.799,1.78352,1.78398,1.00,1.00
2016.09.27 22:35:50.155,1.78351,1.78398,1.00,1.50
2016.09.27 22:35:50.357,1.78351,1.78398,1.00,1.00
2016.09.27 22:35:51.128,1.78351,1.78399,1.00,1.50
2016.09.27 22:35:51.229,1.78351,1.78399,1.00,1.87
2016.09.27 22:35:51.620,1.78351,1.78388,1.00,1.00
2016.09.27 22:35:51.722,1.78351,1.78398,1.00,1.00
2016.09.27 22:35:53.876,1.7835,1.78398,1.00,1.00
2016.09.27 22:35:53.926,1.78352,1.78399,1.00,1.12
2016.09.27 22:35:54.028,1.78352,1.78397,1.00,1.37
2016.09.27 22:35:54.129,1.78352,1.78397,1.00,1.00
2016.09.27 22:35:54.230,1.78352,1.78395,1.00,1.00
2016.09.27 22:35:54.432,1.78352,1.78398,1.00,1.12
2016.09.27 22:35:55.200,1.78352,1.78399,1.00,1.87
2016.09.27 22:35:57.789,1.78352,1.78399,1.00,1.50
2016.09.27 22:35:58.206,1.78352,1.78399,1.00,1.87
2016.09.27 22:35:58.257,1.78352,1.78399,1.00,2.25
2016.09.27 22:35:58.358,1.78352,1.78399,1.00,1.87
2016.09.27 22:35:58.639,1.78352,1.78389,1.00,1.00
2016.09.27 22:35:58.736,1.78352,1.78398,1.00,1.50
2016.09.27 22:35:59.136,1.78352,1.78398,1.00,1.12
2016.09.27 22:35:59.187,1.78352,1.78398,1.00,1.00
2016.09.27 22:35:59.238,1.78352,1.78398,1.00,1.37
2016.09.27 22:35:59.289,1.78352,1.78398,1.00,1.50
2016.09.27 22:35:59.390,1.78352,1.78398,1.00,1.12
2016.09.27 22:35:59.570,1.78352,1.78399,1.00,1.50
2016.09.27 22:36:00.004,1.78352,1.78398,1.00,2.25
2016.09.27 22:36:00.055,1.78352,1.78396,1.00,1.00
2016.09.27 22:36:02.714,1.78352,1.78388,1.00,1.00
2016.09.27 22:36:03.635,1.78352,1.78389,1.00,1.00
2016.09.27 22:36:04.305,1.78352,1.78398,1.00,1.50
2016.09.27 22:36:07.048,1.78352,1.78398,1.00,1.12
2016.09.27 22:36:09.532,1.7835,1.78398,1.00,1.12
2016.09.27 22:36:11.851,1.78352,1.78398,1.00,1.12
2016.09.27 22:36:11.952,1.78351,1.78399,1.00,1.50
2016.09.27 22:36:12.156,1.78351,1.78399,1.00,1.00
2016.09.27 22:36:12.482,1.78351,1.78399,1.00,1.50
2016.09.27 22:36:13.764,1.78351,1.78399,1.00,2.25
2016.09.27 22:36:14.164,1.78351,1.78398,1.00,1.12
2016.09.27 22:36:25.058,1.78351,1.78398,1.00,1.37
2016.09.27 22:36:25.194,1.78351,1.78398,1.00,1.75
2016.09.27 22:36:25.346,1.78351,1.78388,1.00,1.00
2016.09.27 22:36:30.240,1.78351,1.78399,1.00,1.87
2016.09.27 22:36:30.291,1.78351,1.78398,1.00,1.00
2016.09.27 22:36:31.208,1.78351,1.78399,1.00,2.25
2016.09.27 22:36:32.153,1.78352,1.78389,1.00,1.00
2016.09.27 22:36:33.745,1.78352,1.78399,1.00,1.75
2016.09.27 22:36:33.956,1.78352,1.78388,1.00,1.00
2016.09.27 22:36:34.917,1.7835,1.78388,1.00,1.00
2016.09.27 22:36:39.942,1.7835,1.78399,1.00,1.87
2016.09.27 22:36:39.993,1.7835,1.78399,1.00,1.50
2016.09.27 22:36:41.881,1.7835,1.78399,1.00,1.87
2016.09.27 22:36:44.224,1.78353,1.78399,1.00,1.50
2016.09.27 22:36:44.275,1.78353,1.78399,1.00,1.00
2016.09.27 22:36:45.147,1.78352,1.78398,1.00,1.00
2016.09.27 22:36:45.198,1.78352,1.78398,1.00,1.37
2016.09.27 22:36:45.683,1.78352,1.78399,1.00,2.25
2016.09.27 22:36:45.949,1.78352,1.78399,1.00,1.87
2016.09.27 22:36:46.000,1.78352,1.78399,1.00,1.12
2016.09.27 22:36:46.101,1.78352,1.78399,1.00,1.37
2016.09.27 22:36:46.203,1.78352,1.78398,1.00,1.00
2016.09.27 22:36:46.386,1.78352,1.78398,1.00,1.12
2016.09.27 22:36:46.509,1.78352,1.78398,1.00,1.50
2016.09.27 22:36:47.087,1.78352,1.78398,1.00,1.12
2016.09.27 22:36:47.138,1.78352,1.78398,1.00,1.00
2016.09.27 22:36:47.639,1.78353,1.78398,1.00,1.00
2016.09.27 22:36:47.723,1.78353,1.78398,1.00,1.50
2016.09.27 22:36:48.100,1.78351,1.78398,1.00,1.50
2016.09.27 22:36:48.151,1.78351,1.78388,1.00,1.00
2016.09.27 22:36:48.252,1.78351,1.78398,1.00,1.12
2016.09.27 22:36:48.303,1.78351,1.78398,1.00,1.37
2016.09.27 22:36:48.354,1.78351,1.78397,1.00,1.00
2016.09.27 22:36:48.601,1.78351,1.78398,1.00,1.37
2016.09.27 22:36:48.651,1.78351,1.78398,1.00,1.00
2016.09.27 22:36:48.702,1.78352,1.78399,1.00,1.50
2016.09.27 22:36:49.119,1.78352,1.78399,1.00,2.25
2016.09.27 22:36:49.872,1.7835,1.78399,1.00,2.25
2016.09.27 22:36:49.973,1.7835,1.78397,1.00,1.00
2016.09.27 22:36:50.167,1.78351,1.78388,1.00,1.00
2016.09.27 22:36:52.253,1.78351,1.78399,1.00,2.25
2016.09.27 22:36:52.304,1.78351,1.78399,1.00,1.75
2016.09.27 22:36:52.355,1.78351,1.78398,1.00,1.00
2016.09.27 22:36:52.406,1.78351,1.78399,1.00,1.37
2016.09.27 22:36:52.456,1.78351,1.78398,1.00,1.12
2016.09.27 22:36:52.507,1.78351,1.78398,1.00,1.50
2016.09.27 22:36:52.668,1.78351,1.78389,1.00,1.00
2016.09.27 22:36:52.769,1.78351,1.78398,1.00,2.25
2016.09.27 22:36:52.956,1.78351,1.78398,1.00,1.87
2016.09.27 22:36:53.045,1.78351,1.78398,1.00,1.50
2016.09.27 22:36:53.399,1.78351,1.78398,1.00,1.12
2016.09.27 22:36:53.450,1.78351,1.78398,1.00,1.00
2016.09.27 22:36:55.357,1.7835,1.78398,1.00,1.00
2016.09.27 22:36:55.408,1.7835,1.78398,1.00,1.12
2016.09.27 22:36:55.560,1.7835,1.78398,1.00,1.50
2016.09.27 22:36:55.661,1.7835,1.78388,1.00,1.00
2016.09.27 22:36:55.798,1.7835,1.78398,1.00,1.00
2016.09.27 22:36:55.849,1.7835,1.78399,1.00,1.87
2016.09.27 22:36:56.144,1.78351,1.78399,1.00,1.50
2016.09.27 22:36:56.195,1.78351,1.78398,1.00,1.00
2016.09.27 22:36:56.246,1.78351,1.78398,1.00,1.12
2016.09.27 22:36:56.678,1.78351,1.78389,1.00,1.00
2016.09.27 22:36:56.729,1.78353,1.78389,1.00,1.00
2016.09.27 22:36:56.780,1.78352,1.78398,1.00,1.00
2016.09.27 22:36:56.831,1.78352,1.78398,1.00,1.12
2016.09.27 22:36:57.859,1.78352,1.78399,1.00,1.87
2016.09.27 22:36:58.059,1.78352,1.78398,1.00,1.12
2016.09.27 22:37:00.562,1.78352,1.78399,1.00,1.87
2016.09.27 22:37:01.713,1.78352,1.78399,1.00,1.50
2016.09.27 22:37:01.815,1.78351,1.78398,1.00,1.00
2016.09.27 22:37:01.916,1.78351,1.78398,1.00,1.12
2016.09.27 22:37:02.664,1.78351,1.78398,1.00,1.87
2016.09.27 22:37:02.715,1.78351,1.78398,1.00,2.25
2016.09.27 22:37:04.866,1.78353,1.78398,1.00,2.25
2016.09.27 22:37:04.916,1.78353,1.78398,1.00,1.12
2016.09.27 22:37:04.967,1.78352,1.78398,1.00,1.00
2016.09.27 22:37:05.640,1.78352,1.78398,1.00,1.12
2016.09.27 22:37:05.749,1.78352,1.78389,1.00,1.00
2016.09.27 22:37:05.800,1.78352,1.78398,1.00,1.12
2016.09.27 22:37:07.624,1.78352,1.78398,1.00,1.00
2016.09.27 22:37:08.871,1.78352,1.78399,1.00,1.50
2016.09.27 22:37:09.377,1.78351,1.78399,1.00,1.50
2016.09.27 22:37:09.889,1.78352,1.78399,1.00,1.50
2016.09.27 22:37:11.774,1.78352,1.78398,1.00,1.00
2016.09.27 22:37:12.577,1.78352,1.78398,1.00,1.12
2016.09.27 22:37:14.343,1.78352,1.78398,1.00,1.37
2016.09.27 22:37:14.394,1.78352,1.78398,1.00,1.50
2016.09.27 22:37:16.518,1.78352,1.78399,1.00,2.25
2016.09.27 22:37:16.690,1.78352,1.78389,1.00,1.00
2016.09.27 22:37:20.025,1.78353,1.78398,1.00,1.00
2016.09.27 22:37:20.329,1.78352,1.78396,1.00,1.00
2016.09.27 22:37:20.707,1.78353,1.78389,1.00,1.00
2016.09.27 22:37:22.836,1.78349,1.78389,1.00,1.00
2016.09.27 22:37:26.297,1.78349,1.78388,1.00,1.00
2016.09.27 22:37:26.399,1.78348,1.78396,1.00,1.00
2016.09.27 22:37:26.702,1.78348,1.78388,1.00,1.00
2016.09.27 22:37:27.224,1.78349,1.78388,1.00,1.00
2016.09.27 22:37:31.202,1.78343,1.78388,1.00,1.00
2016.09.27 22:37:31.252,1.78343,1.78388,1.00,1.37
2016.09.27 22:37:31.303,1.78338,1.78389,1.00,1.37
2016.09.27 22:37:31.354,1.78333,1.78382,1.00,1.37
2016.09.27 22:37:31.405,1.78328,1.78379,1.00,1.00
2016.09.27 22:37:31.456,1.78326,1.78378,1.00,1.87
2016.09.27 22:37:31.507,1.78323,1.78378,1.00,1.87
2016.09.27 22:37:31.557,1.78317,1.78368,1.00,1.37
2016.09.27 22:37:31.659,1.78311,1.78363,1.00,1.50
2016.09.27 22:37:31.826,1.78312,1.78359,1.00,1.00
2016.09.27 22:37:31.978,1.78321,1.78359,1.00,1.00
2016.09.27 22:37:32.303,1.78337,1.78369,1.00,1.00
2016.09.27 22:37:32.354,1.78335,1.78379,1.00,1.00
2016.09.27 22:37:32.405,1.78337,1.78379,1.00,1.00
2016.09.27 22:37:32.456,1.78337,1.78383,1.00,1.75
2016.09.27 22:37:32.557,1.78334,1.78383,1.00,1.75
2016.09.27 22:37:32.658,1.78329,1.78379,1.00,1.12
2016.09.27 22:37:32.741,1.78329,1.78379,1.00,1.37
2016.09.27 22:37:32.792,1.78325,1.78379,1.00,1.87
2016.09.27 22:37:32.842,1.78321,1.78376,1.00,1.37
2016.09.27 22:37:32.957,1.78321,1.78371,1.00,1.50
2016.09.27 22:37:33.040,1.78321,1.78371,1.00,1.37
2016.09.27 22:37:33.416,1.78322,1.78373,1.00,1.75
2016.09.27 22:37:33.466,1.78322,1.78373,1.00,1.12
2016.09.27 22:37:33.568,1.78322,1.78373,1.00,1.00
2016.09.27 22:37:33.669,1.78325,1.78373,1.00,1.00
2016.09.27 22:37:34.187,1.78325,1.78374,1.00,1.00
2016.09.27 22:37:34.724,1.78322,1.78373,1.00,1.00
2016.09.27 22:37:34.775,1.7832,1.78373,1.00,1.37
2016.09.27 22:37:34.876,1.7832,1.78373,1.00,1.75
2016.09.27 22:37:34.927,1.7832,1.78368,1.00,1.00
2016.09.27 22:37:35.056,1.78324,1.78371,1.00,1.00
2016.09.27 22:37:35.112,1.78321,1.78371,1.00,1.00
2016.09.27 22:37:35.163,1.78325,1.78373,1.00,1.00
2016.09.27 22:37:42.925,1.78325,1.78376,1.00,1.00
2016.09.27 22:37:51.513,1.78326,1.78376,1.00,1.00
2016.09.27 22:37:56.509,1.78326,1.78376,1.00,1.37
2016.09.27 22:37:59.475,1.78324,1.78376,1.00,1.37
2016.09.27 22:38:01.070,1.78326,1.78376,1.00,1.37
2016.09.27 22:38:01.121,1.78323,1.78376,1.00,1.37
2016.09.27 22:38:02.484,1.78325,1.78376,1.00,1.37
2016.09.27 22:38:02.928,1.78327,1.78376,1.00,1.37
2016.09.27 22:38:04.315,1.78327,1.78376,1.00,1.75
2016.09.27 22:38:05.273,1.78327,1.78376,1.00,1.50
2016.09.27 22:38:09.979,1.78327,1.78376,1.00,1.75
2016.09.27 22:38:11.227,1.78326,1.78376,1.00,1.75
2016.09.27 22:38:11.581,1.78326,1.78373,1.00,1.12
2016.09.27 22:38:16.453,1.78326,1.78374,1.00,1.50
2016.09.27 22:38:17.655,1.78326,1.78379,1.00,3.00
2016.09.27 22:38:18.455,1.78326,1.78375,1.00,1.75
2016.09.27 22:38:18.786,1.78324,1.78375,1.00,1.75
2016.09.27 22:38:18.837,1.78326,1.78375,1.00,1.75
2016.09.27 22:38:19.090,1.78324,1.78375,1.00,1.75
2016.09.27 22:38:19.141,1.78326,1.78375,1.00,1.75
2016.09.27 22:38:19.375,1.78323,1.78375,1.00,1.75
2016.09.27 22:38:19.426,1.78327,1.78375,1.00,1.75
2016.09.27 22:38:19.530,1.78324,1.78375,1.00,1.75
2016.09.27 22:38:19.581,1.78327,1.78375,1.00,1.75
2016.09.27 22:38:20.931,1.78325,1.78375,1.00,1.75
2016.09.27 22:38:21.435,1.78327,1.78375,1.00,1.75
2016.09.27 22:38:21.536,1.78324,1.78375,1.00,1.75
2016.09.27 22:38:21.587,1.78327,1.78375,1.00,1.75
2016.09.27 22:38:23.089,1.78325,1.78375,1.00,1.75
2016.09.27 22:38:23.191,1.78327,1.78375,1.00,1.75
2016.09.27 22:38:23.444,1.78324,1.78375,1.00,1.75
2016.09.27 22:38:23.494,1.78326,1.78375,1.00,1.75
2016.09.27 22:38:23.831,1.78323,1.78375,1.00,1.75
2016.09.27 22:38:23.881,1.78326,1.78375,1.00,1.75
2016.09.27 22:38:24.422,1.78327,1.78375,1.00,1.75
2016.09.27 22:38:24.472,1.78325,1.78375,1.00,1.75
2016.09.27 22:38:24.993,1.78324,1.78375,1.00,1.75
2016.09.27 22:38:25.044,1.78327,1.78375,1.00,1.75
2016.09.27 22:38:25.538,1.78324,1.78375,1.00,1.75
2016.09.27 22:38:25.588,1.78326,1.78375,1.00,1.75
2016.09.27 22:38:25.931,1.78324,1.78375,1.00,1.75
2016.09.27 22:38:26.134,1.78326,1.78375,1.00,1.75
2016.09.27 22:38:27.011,1.78324,1.78375,1.00,1.75
2016.09.27 22:38:27.092,1.78326,1.78375,1.00,1.75
2016.09.27 22:38:27.143,1.78324,1.78375,1.00,1.75
2016.09.27 22:38:27.193,1.78326,1.78375,1.00,1.75
2016.09.27 22:38:27.800,1.78324,1.78375,1.00,1.75
2016.09.27 22:38:28.003,1.78326,1.78375,1.00,1.75
2016.09.27 22:38:28.302,1.78324,1.78375,1.00,1.75
2016.09.27 22:38:28.702,1.78326,1.78375,1.00,1.75
2016.09.27 22:38:29.157,1.78324,1.78375,1.00,1.75
2016.09.27 22:38:29.714,1.78326,1.78375,1.00,1.75
2016.09.27 22:38:30.259,1.78325,1.78375,1.00,1.75
2016.09.27 22:38:30.804,1.78326,1.78375,1.00,1.75
2016.09.27 22:38:31.159,1.78324,1.78375,1.00,1.75
2016.09.27 22:38:31.361,1.78327,1.78375,1.00,1.75
2016.09.27 22:38:31.693,1.78323,1.78375,1.00,1.75
2016.09.27 22:38:31.743,1.78325,1.78375,1.00,1.75
2016.09.27 22:38:32.264,1.78326,1.78375,1.00,1.75
2016.09.27 22:38:32.776,1.78327,1.78375,1.00,1.75
2016.09.27 22:38:33.312,1.78326,1.78375,1.00,1.75
2016.09.27 22:38:33.413,1.78324,1.78375,1.00,1.75
2016.09.27 22:38:33.965,1.78323,1.78375,1.00,1.75
2016.09.27 22:38:34.098,1.78325,1.78375,1.00,1.75
2016.09.27 22:38:34.632,1.78326,1.78375,1.00,1.75
2016.09.27 22:38:34.784,1.78323,1.78375,1.00,1.75
2016.09.27 22:38:35.199,1.78325,1.78375,1.00,1.75
2016.09.27 22:38:35.249,1.78323,1.78375,1.00,1.75
2016.09.27 22:38:35.368,1.78325,1.78375,1.00,1.75
2016.09.27 22:38:35.919,1.78324,1.78375,1.00,1.75
2016.09.27 22:38:36.294,1.78326,1.78375,1.00,1.75
2016.09.27 22:38:36.345,1.78324,1.78375,1.00,1.75
2016.09.27 22:38:37.359,1.78326,1.78375,1.00,1.75
2016.09.27 22:38:37.472,1.78324,1.78375,1.00,1.75
2016.09.27 22:38:37.735,1.78326,1.78375,1.00,1.75
2016.09.27 22:38:37.988,1.78324,1.78375,1.00,1.75
2016.09.27 22:38:38.044,1.78326,1.78375,1.00,1.75
2016.09.27 22:38:40.958,1.78325,1.78375,1.00,1.75
2016.09.27 22:38:41.262,1.78323,1.78375,1.00,1.75
2016.09.27 22:38:41.431,1.78325,1.78375,1.00,1.75
2016.09.27 22:38:41.634,1.78322,1.78375,1.00,1.75
2016.09.27 22:38:41.990,1.78325,1.78375,1.00,1.75
2016.09.27 22:38:42.203,1.78322,1.78375,1.00,1.75
2016.09.27 22:38:42.355,1.78325,1.78375,1.00,1.75
2016.09.27 22:38:42.621,1.78322,1.78375,1.00,1.75
2016.09.27 22:38:42.983,1.78324,1.78375,1.00,1.75
2016.09.27 22:38:43.304,1.78326,1.78375,1.00,1.75
2016.09.27 22:38:43.508,1.78323,1.78375,1.00,1.75
2016.09.27 22:38:43.710,1.78325,1.78375,1.00,1.75
2016.09.27 22:38:43.761,1.78325,1.78373,1.00,1.00
2016.09.27 22:38:44.060,1.78322,1.78373,1.00,1.00
2016.09.27 22:38:44.110,1.78325,1.78373,1.00,1.00
2016.09.27 22:38:44.262,1.78322,1.78373,1.00,1.00
2016.09.27 22:38:44.500,1.78324,1.78373,1.00,1.00
2016.09.27 22:38:44.704,1.78322,1.78373,1.00,1.00
2016.09.27 22:38:44.755,1.78325,1.78373,1.00,1.00
2016.09.27 22:38:45.120,1.78323,1.78377,1.00,1.75
2016.09.27 22:38:45.634,1.78322,1.78377,1.00,1.75
2016.09.27 22:38:45.938,1.78325,1.78377,1.00,1.75
2016.09.27 22:38:46.321,1.78322,1.78377,1.00,1.75
2016.09.27 22:38:46.685,1.78322,1.78374,1.00,1.75
2016.09.27 22:38:47.812,1.78325,1.78374,1.00,1.75
2016.09.27 22:38:48.116,1.78323,1.78374,1.00,1.75
2016.09.27 22:38:48.166,1.78325,1.78374,1.00,1.75
2016.09.27 22:38:48.843,1.78324,1.78374,1.00,1.75
2016.09.27 22:38:50.113,1.78323,1.78374,1.00,1.75
2016.09.27 22:38:56.386,1.78326,1.78374,1.00,1.75
2016.09.27 22:38:56.436,1.78324,1.78374,1.00,1.75
2016.09.27 22:38:56.487,1.78326,1.78374,1.00,1.75
2016.09.27 22:38:56.780,1.78324,1.78374,1.00,1.75
2016.09.27 22:38:57.310,1.78325,1.78374,1.00,1.75
2016.09.27 22:38:58.143,1.78324,1.78374,1.00,1.75
2016.09.27 22:38:58.194,1.78322,1.78374,1.00,1.75
2016.09.27 22:39:01.726,1.78323,1.78374,1.00,1.75
2016.09.27 22:39:01.777,1.78325,1.78374,1.00,1.75
2016.09.27 22:39:05.855,1.78325,1.78371,1.00,1.00
2016.09.27 22:39:05.906,1.78325,1.78374,1.00,1.75
2016.09.27 22:39:06.007,1.78322,1.78374,1.00,1.75
2016.09.27 22:39:08.803,1.78325,1.78374,1.00,1.75
2016.09.27 22:39:15.140,1.78324,1.78374,1.00,1.75
2016.09.27 22:39:18.512,1.78324,1.78378,1.00,3.00
2016.09.27 22:39:18.657,1.78324,1.78378,1.00,1.75
2016.09.27 22:39:28.625,1.78325,1.78378,1.00,1.75
2016.09.27 22:39:30.636,1.78326,1.78378,1.00,1.75
2016.09.27 22:39:30.956,1.78324,1.78378,1.00,1.75
2016.09.27 22:39:31.628,1.78324,1.7837,1.00,1.00
2016.09.27 22:39:33.927,1.78324,1.78378,1.00,3.00
2016.09.27 22:39:34.223,1.78324,1.78374,1.00,1.75
2016.09.27 22:39:42.933,1.78325,1.78374,1.00,1.75
2016.09.27 22:39:43.004,1.78325,1.78374,1.00,1.50
2016.09.27 22:39:43.055,1.78325,1.78374,1.00,1.12
2016.09.27 22:39:44.716,1.78325,1.78374,1.00,1.00
2016.09.27 22:39:44.868,1.78326,1.7838,1.00,1.00
2016.09.27 22:39:44.919,1.78329,1.7838,1.00,1.00
2016.09.27 22:39:45.010,1.78329,1.78383,1.00,1.00
2016.09.27 22:39:45.061,1.78326,1.78383,1.00,1.12
2016.09.27 22:39:45.162,1.78326,1.78379,1.00,1.00
2016.09.27 22:39:45.314,1.78324,1.78379,1.00,1.00
2016.09.27 22:39:45.365,1.78324,1.78379,1.00,1.50
2016.09.27 22:39:45.651,1.78324,1.78377,1.00,1.00
2016.09.27 22:39:46.967,1.78326,1.78377,1.00,1.00
2016.09.27 22:39:47.315,1.78326,1.78374,1.00,1.00
2016.09.27 22:39:47.936,1.78325,1.78374,1.00,1.00
2016.09.27 22:39:48.729,1.78328,1.78374,1.00,1.00
2016.09.27 22:39:49.713,1.78324,1.78374,1.00,1.00
2016.09.27 22:39:52.489,1.78326,1.78374,1.00,1.00
2016.09.27 22:39:53.876,1.78327,1.78374,1.00,1.00
2016.09.27 22:39:54.628,1.78326,1.78374,1.00,1.00
2016.09.27 22:39:54.968,1.78326,1.78374,1.00,1.12
2016.09.27 22:39:56.261,1.78326,1.78374,1.00,1.00
2016.09.27 22:39:57.049,1.78325,1.78374,1.00,1.00
2016.09.27 22:39:57.352,1.78327,1.78374,1.00,1.00
2016.09.27 22:39:57.999,1.78324,1.78374,1.00,1.00
2016.09.27 22:39:58.050,1.78327,1.78374,1.00,1.00
2016.09.27 22:40:04.227,1.78326,1.78374,1.00,1.00
2016.09.27 22:40:09.250,1.78324,1.78374,1.00,1.00
2016.09.27 22:40:09.747,1.78326,1.78374,1.00,1.00
2016.09.27 22:40:10.303,1.78323,1.78374,1.00,1.00
2016.09.27 22:40:10.772,1.78325,1.78374,1.00,1.00
2016.09.27 22:40:10.994,1.78323,1.78374,1.00,1.00
2016.09.27 22:40:11.045,1.78325,1.78374,1.00,1.00
2016.09.27 22:40:13.578,1.78324,1.78374,1.00,1.00
2016.09.27 22:40:14.678,1.78326,1.78374,1.00,1.00
2016.09.27 22:40:15.072,1.78324,1.78374,1.00,1.00
2016.09.27 22:40:23.771,1.78324,1.78374,1.00,1.12
2016.09.27 22:40:24.437,1.78324,1.78374,1.00,1.00
2016.09.27 22:40:36.549,1.78323,1.78374,1.00,1.00
2016.09.27 22:40:45.376,1.78324,1.78374,1.00,1.00
2016.09.27 22:40:47.829,1.78324,1.78378,1.00,1.50
2016.09.27 22:40:49.320,1.78325,1.78378,1.00,1.50
2016.09.27 22:40:49.399,1.78327,1.78376,1.00,1.00
2016.09.27 22:40:49.551,1.78327,1.78376,1.00,1.12
2016.09.27 22:40:49.685,1.78324,1.78376,1.00,1.12
2016.09.27 22:40:50.159,1.78326,1.78376,1.00,1.12
2016.09.27 22:40:51.103,1.78324,1.78376,1.00,1.12
2016.09.27 22:40:53.844,1.78324,1.78376,1.00,1.00
2016.09.27 22:40:55.230,1.78325,1.78376,1.00,1.00
2016.09.27 22:40:55.281,1.78327,1.78376,1.00,1.00
2016.09.27 22:40:55.749,1.78324,1.78376,1.00,1.00
2016.09.27 22:40:56.072,1.78326,1.78376,1.00,1.00
2016.09.27 22:40:56.354,1.78324,1.78376,1.00,1.00
2016.09.27 22:40:56.563,1.78326,1.78376,1.00,1.00
2016.09.27 22:40:57.233,1.78324,1.78376,1.00,1.00
2016.09.27 22:40:57.667,1.78326,1.78376,1.00,1.00
2016.09.27 22:40:57.839,1.78324,1.78376,1.00,1.00
2016.09.27 22:40:58.586,1.78325,1.78376,1.00,1.00
2016.09.27 22:40:59.103,1.78324,1.78376,1.00,1.00
2016.09.27 22:40:59.619,1.78325,1.78376,1.00,1.00
2016.09.27 22:40:59.897,1.78327,1.78376,1.00,1.00
2016.09.27 22:40:59.998,1.78324,1.78376,1.00,1.00
2016.09.27 22:41:00.049,1.78326,1.78376,1.00,1.00
2016.09.27 22:41:00.637,1.78327,1.78376,1.00,1.00
2016.09.27 22:41:02.602,1.78327,1.78376,1.00,1.12
2016.09.27 22:41:02.855,1.78327,1.78376,1.00,1.00
2016.09.27 22:41:03.349,1.78324,1.78376,1.00,1.00
2016.09.27 22:41:03.957,1.78323,1.78376,1.00,1.00
2016.09.27 22:41:12.077,1.78323,1.78376,1.00,1.12
2016.09.27 22:41:12.128,1.78323,1.78376,1.00,1.50
2016.09.27 22:41:26.309,1.78325,1.78376,1.00,1.50
2016.09.27 22:41:27.937,1.78324,1.78376,1.00,1.50
2016.09.27 22:41:28.599,1.78322,1.78376,1.00,1.50
2016.09.27 22:41:28.650,1.78322,1.78376,1.00,1.75
2016.09.27 22:41:28.751,1.78323,1.78373,1.00,1.00
2016.09.27 22:41:28.853,1.78323,1.78374,1.00,1.50
2016.09.27 22:41:29.589,1.78322,1.78374,1.00,1.50
2016.09.27 22:41:29.640,1.78326,1.78374,1.00,1.50
2016.09.27 22:41:30.111,1.78326,1.78374,1.00,1.12
2016.09.27 22:41:30.213,1.78326,1.78374,1.00,1.00
2016.09.27 22:41:30.446,1.78324,1.78374,1.00,1.00
2016.09.27 22:41:35.369,1.78325,1.78374,1.00,1.00
2016.09.27 22:41:36.219,1.78326,1.78374,1.00,1.37
2016.09.27 22:41:36.321,1.78322,1.78374,1.00,1.75
2016.09.27 22:41:43.578,1.78324,1.78374,1.00,1.75
2016.09.27 22:41:43.884,1.78326,1.78374,1.00,1.75
2016.09.27 22:41:44.304,1.78324,1.78374,1.00,1.75
2016.09.27 22:41:44.819,1.78325,1.78374,1.00,1.75
2016.09.27 22:41:45.395,1.78322,1.78374,1.00,1.75
2016.09.27 22:41:47.274,1.78322,1.78374,1.00,1.37
2016.09.27 22:41:52.911,1.78323,1.78374,1.00,1.37
2016.09.27 22:41:54.049,1.78323,1.78377,1.00,1.75
2016.09.27 22:41:54.950,1.78323,1.78373,1.00,1.37
2016.09.27 22:41:55.995,1.78323,1.78373,1.00,1.12
2016.09.27 22:41:59.255,1.78323,1.78373,1.00,1.00
2016.09.27 22:41:59.356,1.78326,1.78373,1.00,1.00
2016.09.27 22:41:59.511,1.78322,1.78373,1.00,1.00
2016.09.27 22:41:59.613,1.78325,1.78373,1.00,1.00
2016.09.27 22:42:00.145,1.78324,1.78373,1.00,1.00
2016.09.27 22:42:00.674,1.78325,1.78373,1.00,1.00
2016.09.27 22:42:01.389,1.78324,1.78373,1.00,1.00
2016.09.27 22:42:01.920,1.78325,1.78373,1.00,1.00
2016.09.27 22:42:03.468,1.78323,1.78373,1.00,1.00
2016.09.27 22:42:17.429,1.78325,1.78373,1.00,1.00
2016.09.27 22:42:18.247,1.78323,1.78373,1.00,1.00
2016.09.27 22:42:26.987,1.78323,1.78377,1.00,1.50
2016.09.27 22:42:30.578,1.78325,1.78377,1.00,1.50
2016.09.27 22:42:31.597,1.78325,1.78377,1.00,1.37
2016.09.27 22:42:31.898,1.78325,1.78377,1.00,1.75
2016.09.27 22:42:31.948,1.78325,1.78375,1.00,1.00
2016.09.27 22:42:32.617,1.78325,1.78377,1.00,1.75
2016.09.27 22:42:32.721,1.78325,1.78373,1.00,1.00
2016.09.27 22:42:32.899,1.78325,1.78377,1.00,1.75
2016.09.27 22:42:32.950,1.78325,1.78375,1.00,1.00
2016.09.27 22:42:33.418,1.78325,1.78377,1.00,1.75
2016.09.27 22:42:33.500,1.78325,1.78376,1.00,1.00
2016.09.27 22:42:35.149,1.78322,1.78376,1.00,1.00
2016.09.27 22:42:39.699,1.78322,1.78376,1.00,1.00
2016.09.27 22:42:39.750,1.78322,1.78377,1.00,1.75
2016.09.27 22:42:40.210,1.78323,1.78377,1.00,1.50
2016.09.27 22:42:41.615,1.78322,1.78377,1.00,1.50
2016.09.27 22:42:43.015,1.78322,1.78377,1.00,1.75
2016.09.27 22:42:54.497,1.78322,1.78374,1.00,2.25
2016.09.27 22:42:55.772,1.78322,1.78375,1.00,2.25
2016.09.27 22:42:55.833,1.78322,1.78377,1.00,1.75
2016.09.27 22:43:02.480,1.78322,1.78371,1.00,1.00
2016.09.27 22:43:02.581,1.78322,1.78373,1.00,2.25
2016.09.27 22:43:02.872,1.78322,1.78368,1.00,1.12
2016.09.27 22:43:02.922,1.78322,1.78373,1.00,2.25
2016.09.27 22:43:03.024,1.78322,1.7837,1.00,1.00
2016.09.27 22:43:06.901,1.78322,1.78374,1.00,2.25
2016.09.27 22:43:10.643,1.78326,1.78374,1.00,2.25
2016.09.27 22:43:10.870,1.78324,1.78369,1.00,1.00
2016.09.27 22:43:11.899,1.78324,1.78374,1.00,1.87
2016.09.27 22:43:11.950,1.78326,1.78368,1.00,1.00
2016.09.27 22:43:12.278,1.78337,1.78379,1.00,1.00
2016.09.27 22:43:12.735,1.78335,1.78379,1.00,1.00
2016.09.27 22:43:15.090,1.78334,1.78379,1.00,1.00
2016.09.27 22:43:17.235,1.78334,1.78378,1.00,1.00
2016.09.27 22:43:18.837,1.78334,1.78379,1.00,1.00
2016.09.27 22:43:20.389,1.78333,1.78379,1.00,1.00
2016.09.27 22:43:20.541,1.7833,1.78378,1.00,1.00
2016.09.27 22:43:21.940,1.7833,1.78379,1.00,1.00
2016.09.27 22:43:22.463,1.7833,1.78378,1.00,1.00
2016.09.27 22:43:24.617,1.7834,1.78378,1.00,1.00
2016.09.27 22:43:24.668,1.7834,1.78384,1.00,1.75
2016.09.27 22:43:24.718,1.7834,1.78384,1.00,1.37
2016.09.27 22:43:24.769,1.78336,1.78389,1.00,1.87
2016.09.27 22:43:24.820,1.78336,1.78387,1.00,1.00
2016.09.27 22:43:25.073,1.78336,1.78389,1.00,2.25
2016.09.27 22:43:25.573,1.78337,1.78389,1.00,2.25
2016.09.27 22:43:25.828,1.78337,1.78389,1.00,1.87
2016.09.27 22:43:25.879,1.78337,1.78388,1.00,1.00
2016.09.27 22:43:26.912,1.78336,1.78388,1.00,1.00
2016.09.27 22:43:26.962,1.78336,1.78388,1.00,1.12
2016.09.27 22:43:27.013,1.78336,1.78388,1.00,1.50
2016.09.27 22:43:28.389,1.78336,1.78388,1.00,1.12
2016.09.27 22:43:28.440,1.78336,1.78388,1.00,1.00
2016.09.27 22:43:29.248,1.78336,1.78389,1.00,1.87
2016.09.27 22:43:29.434,1.78336,1.78388,1.00,1.00
2016.09.27 22:43:30.435,1.78336,1.78389,1.00,2.25
2016.09.27 22:43:30.536,1.78336,1.78389,1.00,1.87
2016.09.27 22:43:32.140,1.78336,1.78389,1.00,1.12
2016.09.27 22:43:32.598,1.78338,1.78389,1.00,1.12
2016.09.27 22:43:32.769,1.78336,1.78389,1.00,1.37
2016.09.27 22:43:32.820,1.78336,1.78389,1.00,1.50
2016.09.27 22:43:32.991,1.78336,1.78388,1.00,1.12
2016.09.27 22:43:36.118,1.78336,1.78388,1.00,1.00
2016.09.27 22:43:39.055,1.78336,1.78389,1.00,1.00
2016.09.27 22:43:41.074,1.78336,1.78388,1.00,1.00
2016.09.27 22:43:46.037,1.78337,1.78388,1.00,1.00
2016.09.27 22:43:58.986,1.78337,1.78389,1.00,1.00
2016.09.27 22:43:59.036,1.78337,1.78389,1.00,1.12
2016.09.27 22:43:59.087,1.78337,1.78389,1.00,1.50
2016.09.27 22:43:59.545,1.7834,1.78389,1.00,1.50
2016.09.27 22:43:59.620,1.78338,1.78389,1.00,1.50
2016.09.27 22:43:59.789,1.78341,1.78389,1.00,1.50
2016.09.27 22:43:59.840,1.78338,1.78389,1.00,1.50
2016.09.27 22:43:59.992,1.7834,1.78389,1.00,1.50
2016.09.27 22:44:00.093,1.78337,1.78389,1.00,1.50
2016.09.27 22:44:01.138,1.78337,1.78389,1.00,1.12
2016.09.27 22:44:01.277,1.78367,1.78399,1.00,1.75
2016.09.27 22:44:01.329,1.78359,1.78399,1.00,1.75
2016.09.27 22:44:01.380,1.78362,1.78399,1.00,1.00
2016.09.27 22:44:01.431,1.78373,1.78399,1.00,1.00
2016.09.27 22:44:01.483,1.78362,1.78408,1.50,1.00
2016.09.27 22:44:01.534,1.78364,1.78408,1.00,1.00
2016.09.27 22:44:01.585,1.78361,1.78418,1.00,1.50
2016.09.27 22:44:01.686,1.78361,1.78412,1.00,1.00
2016.09.27 22:44:01.866,1.78359,1.78417,1.00,1.37
2016.09.27 22:44:01.968,1.78356,1.78416,1.00,1.50
2016.09.27 22:44:02.069,1.78359,1.78414,1.00,1.00
2016.09.27 22:44:02.322,1.78361,1.78416,1.00,1.75
2016.09.27 22:44:02.373,1.78361,1.78416,1.00,1.50
2016.09.27 22:44:02.575,1.7836,1.78417,1.00,1.37
2016.09.27 22:44:02.677,1.78361,1.78417,1.00,1.75
2016.09.27 22:44:02.778,1.78361,1.78416,1.00,1.00
2016.09.27 22:44:02.879,1.78361,1.78417,1.00,1.50
2016.09.27 22:44:03.070,1.78359,1.78417,1.00,1.50
2016.09.27 22:44:03.172,1.78359,1.78417,1.00,1.75
2016.09.27 22:44:03.222,1.78359,1.78409,1.00,1.00
2016.09.27 22:44:06.883,1.78359,1.78416,1.00,1.75
2016.09.27 22:44:06.996,1.78359,1.78412,1.00,1.12
2016.09.27 22:44:07.199,1.78359,1.78412,1.00,1.37
2016.09.27 22:44:07.249,1.78359,1.78412,1.00,1.50
2016.09.27 22:44:07.451,1.78355,1.78412,1.00,1.50
2016.09.27 22:44:07.502,1.78355,1.78409,1.00,1.37
2016.09.27 22:44:07.552,1.78348,1.78409,1.00,1.75
2016.09.27 22:44:07.603,1.78346,1.78399,1.00,1.00
2016.09.27 22:44:07.704,1.78346,1.78403,1.00,1.00
2016.09.27 22:44:08.068,1.78345,1.78403,1.00,1.50
2016.09.27 22:44:08.334,1.78345,1.78402,1.00,1.00
2016.09.27 22:44:08.438,1.78347,1.78402,1.00,1.00
2016.09.27 22:44:11.171,1.78347,1.78398,1.00,1.00
2016.09.27 22:44:11.222,1.78345,1.78398,1.00,1.12
2016.09.27 22:44:11.272,1.7834,1.78398,1.00,1.12
2016.09.27 22:44:11.323,1.78339,1.78389,1.00,1.00
2016.09.27 22:44:11.627,1.78338,1.78396,1.00,1.50
2016.09.27 22:44:11.788,1.78338,1.78389,1.00,1.00
2016.09.27 22:44:12.197,1.78338,1.78394,1.00,1.00
2016.09.27 22:44:12.378,1.78338,1.78388,1.00,1.00
2016.09.27 22:44:13.131,1.78338,1.78395,1.00,1.12
2016.09.27 22:44:13.390,1.78338,1.78388,1.00,1.00
2016.09.27 22:44:14.939,1.78338,1.78389,1.00,1.00
2016.09.27 22:44:15.142,1.78338,1.78389,1.00,1.12
2016.09.27 22:44:15.288,1.78338,1.78389,1.00,1.00
2016.09.27 22:44:17.308,1.78337,1.78389,1.00,1.00
2016.09.27 22:44:23.806,1.78336,1.78389,1.00,1.50
2016.09.27 22:44:24.122,1.78337,1.78389,1.00,1.87
2016.09.27 22:44:24.173,1.78337,1.78389,1.00,1.50
2016.09.27 22:44:24.259,1.78337,1.78389,1.00,1.00
2016.09.27 22:44:24.574,1.78339,1.78389,1.00,1.00
2016.09.27 22:44:26.684,1.78338,1.78389,1.00,1.12
2016.09.27 22:44:26.735,1.78338,1.78388,1.00,1.37
2016.09.27 22:44:26.937,1.78338,1.78388,1.00,1.00
2016.09.27 22:44:31.188,1.7834,1.78388,1.00,1.00
2016.09.27 22:44:31.494,1.78344,1.78388,1.00,1.00
2016.09.27 22:44:31.806,1.78346,1.78388,1.00,1.00
2016.09.27 22:44:32.014,1.78352,1.78398,1.00,1.00
2016.09.27 22:44:32.116,1.7835,1.78398,1.00,1.00
2016.09.27 22:44:33.441,1.78352,1.78398,1.00,1.00
2016.09.27 22:44:33.967,1.78353,1.78398,1.00,1.00
2016.09.27 22:44:34.784,1.78352,1.78398,1.00,1.00
2016.09.27 22:44:34.835,1.7835,1.78398,1.00,1.00
2016.09.27 22:44:39.032,1.78353,1.78398,1.00,1.00
2016.09.27 22:44:39.577,1.78358,1.78398,1.00,1.00
2016.09.27 22:44:43.456,1.78349,1.78398,1.00,1.37
2016.09.27 22:44:43.507,1.78346,1.78398,1.00,1.50
2016.09.27 22:44:43.557,1.78347,1.78389,1.00,1.00
2016.09.27 22:44:43.658,1.78341,1.78397,1.00,1.37
2016.09.27 22:44:43.709,1.7834,1.78397,1.00,1.50
2016.09.27 22:44:44.013,1.78344,1.78397,1.00,1.50
2016.09.27 22:44:44.343,1.78347,1.78398,1.00,1.37
2016.09.27 22:44:44.393,1.78347,1.78398,1.00,1.00
2016.09.27 22:44:44.495,1.78344,1.78398,1.00,1.00
2016.09.27 22:44:44.923,1.78344,1.78396,1.00,1.00
2016.09.27 22:44:45.252,1.78344,1.78398,1.00,1.50
2016.09.27 22:44:47.557,1.78344,1.78398,1.00,1.00
2016.09.27 22:44:48.930,1.78342,1.78398,1.00,1.00
2016.09.27 22:44:51.372,1.78337,1.78398,1.00,1.00
2016.09.27 22:44:51.423,1.78337,1.78394,1.00,1.37
2016.09.27 22:44:51.474,1.78335,1.78394,1.00,1.37
2016.09.27 22:44:51.573,1.78332,1.78394,1.00,1.75
2016.09.27 22:44:51.624,1.78335,1.78389,1.00,1.37
2016.09.27 22:44:51.928,1.78335,1.78389,1.00,1.75
2016.09.27 22:44:52.991,1.78335,1.78389,1.00,1.50
2016.09.27 22:44:53.472,1.78335,1.78388,1.00,1.00
2016.09.27 22:44:53.758,1.78335,1.78389,1.00,1.50
2016.09.27 22:44:54.330,1.78335,1.78388,1.00,1.00
2016.09.27 22:44:54.464,1.78331,1.78388,1.00,1.00
2016.09.27 22:44:54.515,1.78329,1.78388,1.00,2.62
2016.09.27 22:44:54.565,1.7833,1.78388,1.00,3.00
2016.09.27 22:44:54.616,1.7833,1.78388,1.00,1.75
2016.09.27 22:44:54.667,1.7833,1.78382,1.00,1.00
2016.09.27 22:44:54.718,1.78328,1.78385,1.00,1.75
2016.09.27 22:44:54.797,1.7833,1.78385,1.00,1.75
2016.09.27 22:44:54.848,1.7833,1.78381,1.00,1.50
2016.09.27 22:44:55.142,1.7833,1.78379,1.00,1.12
2016.09.27 22:44:55.434,1.78331,1.78379,1.00,1.00
2016.09.27 22:44:55.535,1.78331,1.78381,1.00,1.37
2016.09.27 22:44:55.842,1.78331,1.78384,1.00,1.75
2016.09.27 22:45:00.054,1.78328,1.78384,1.00,1.75
2016.09.27 22:45:00.644,1.78328,1.78382,1.00,1.00
2016.09.27 22:45:00.747,1.78328,1.78384,1.00,1.75
2016.09.27 22:45:01.343,1.78329,1.78384,1.00,1.75
2016.09.27 22:45:01.394,1.78331,1.78384,1.00,1.75
2016.09.27 22:45:01.444,1.78329,1.78382,1.00,1.50
2016.09.27 22:45:01.653,1.78329,1.78382,1.00,1.75
2016.09.27 22:45:01.856,1.78328,1.78384,1.00,1.75
2016.09.27 22:45:01.957,1.7833,1.78384,1.00,1.75
2016.09.27 22:45:02.160,1.78328,1.78384,1.00,1.75
2016.09.27 22:45:02.211,1.78331,1.78384,1.00,1.75
2016.09.27 22:45:02.262,1.78327,1.78384,1.00,1.75
2016.09.27 22:45:02.313,1.7833,1.78384,1.00,1.75
2016.09.27 22:45:02.545,1.78328,1.78384,1.00,1.75
2016.09.27 22:45:02.596,1.78331,1.78384,1.00,1.75
2016.09.27 22:45:03.221,1.7833,1.78384,1.00,1.75
2016.09.27 22:45:03.323,1.78327,1.78384,1.00,1.75
2016.09.27 22:45:03.374,1.7833,1.78384,1.00,1.75
2016.09.27 22:45:03.424,1.7833,1.78384,1.00,1.12
2016.09.27 22:45:03.477,1.7833,1.78382,1.00,1.00
2016.09.27 22:45:03.629,1.78329,1.78387,1.00,1.75
2016.09.27 22:45:03.796,1.7833,1.78384,1.00,1.00
2016.09.27 22:45:03.948,1.78328,1.78387,1.00,1.75
2016.09.27 22:45:04.382,1.7833,1.78385,1.00,1.75
2016.09.27 22:45:04.500,1.7833,1.78381,1.00,1.00
2016.09.27 22:45:05.074,1.78329,1.78381,1.00,1.00
2016.09.27 22:45:05.484,1.78331,1.78381,1.00,1.00
2016.09.27 22:45:05.841,1.78329,1.78381,1.00,1.00
2016.09.27 22:45:05.942,1.78329,1.78385,1.00,1.75
2016.09.27 22:45:06.063,1.78331,1.78385,1.00,1.75
2016.09.27 22:45:06.727,1.78329,1.78385,1.00,1.75
2016.09.27 22:45:06.886,1.78331,1.78381,1.00,1.00
2016.09.27 22:45:07.274,1.78328,1.78381,1.00,1.00
2016.09.27 22:45:07.331,1.78328,1.78385,1.00,1.75
2016.09.27 22:45:07.507,1.78328,1.78381,1.00,1.00
2016.09.27 22:45:07.558,1.78328,1.78385,1.00,1.75
2016.09.27 22:45:07.659,1.78326,1.78385,1.00,1.75
2016.09.27 22:45:07.811,1.78328,1.78385,1.00,1.75
2016.09.27 22:45:07.862,1.78328,1.78383,1.00,2.25
2016.09.27 22:45:07.912,1.78326,1.78383,1.00,2.25
2016.09.27 22:45:08.064,1.78326,1.78385,1.00,3.00
2016.09.27 22:45:08.115,1.78326,1.78385,1.00,1.75
2016.09.27 22:45:09.233,1.78327,1.78385,1.00,1.75
2016.09.27 22:45:09.647,1.78325,1.78385,1.00,1.75
2016.09.27 22:45:09.749,1.78327,1.78385,1.00,1.75
2016.09.27 22:45:10.779,1.78326,1.78385,1.00,1.75
2016.09.27 22:45:11.303,1.78327,1.78385,1.00,1.75
2016.09.27 22:45:11.767,1.78333,1.78385,1.00,1.75
2016.09.27 22:45:11.818,1.78337,1.78384,1.00,1.00
2016.09.27 22:45:11.869,1.7834,1.78388,1.00,1.37
2016.09.27 22:45:11.919,1.78346,1.78388,1.00,1.00
2016.09.27 22:45:11.970,1.78348,1.78398,1.00,1.50
2016.09.27 22:45:12.021,1.78348,1.78398,1.00,1.00
2016.09.27 22:45:12.072,1.78349,1.78404,1.00,1.37
2016.09.27 22:45:12.224,1.7835,1.78404,1.00,1.50
2016.09.27 22:45:12.477,1.78351,1.78403,1.00,1.00
2016.09.27 22:45:12.528,1.78348,1.78404,1.00,1.37
2016.09.27 22:45:12.680,1.78351,1.78406,1.00,1.75
2016.09.27 22:45:12.985,1.78349,1.78406,1.00,1.75
2016.09.27 22:45:13.732,1.7835,1.78406,1.00,1.75
2016.09.27 22:45:14.726,1.78351,1.78406,1.00,1.75
2016.09.27 22:45:16.294,1.7835,1.78406,1.00,1.75
2016.09.27 22:45:16.839,1.78349,1.78406,1.00,1.75
2016.09.27 22:45:16.890,1.78351,1.78406,1.00,1.75
2016.09.27 22:45:17.555,1.78349,1.78406,1.00,1.75
2016.09.27 22:45:17.606,1.78351,1.78406,1.00,1.75
2016.09.27 22:45:19.604,1.78353,1.78406,1.00,1.75
2016.09.27 22:45:20.047,1.7835,1.78406,1.00,1.75
2016.09.27 22:45:20.874,1.78352,1.78406,1.00,1.75
2016.09.27 22:45:21.076,1.7835,1.78406,1.00,1.75
2016.09.27 22:45:21.127,1.78353,1.78406,1.00,1.75
2016.09.27 22:45:21.279,1.78349,1.78406,1.00,1.75
2016.09.27 22:45:21.431,1.78352,1.78406,1.00,1.75
2016.09.27 22:45:22.478,1.7835,1.78406,1.00,1.75
2016.09.27 22:45:23.044,1.78353,1.78406,1.00,1.75
2016.09.27 22:45:23.673,1.78351,1.78406,1.00,1.75
2016.09.27 22:45:23.774,1.78353,1.78406,1.00,1.75
2016.09.27 22:45:23.976,1.78351,1.78406,1.00,1.75
2016.09.27 22:45:24.663,1.78351,1.78398,1.00,1.00
2016.09.27 22:45:24.816,1.78347,1.78398,1.00,1.00
2016.09.27 22:45:24.877,1.78348,1.78398,1.00,2.25
2016.09.27 22:45:24.979,1.78344,1.78398,1.00,2.25
2016.09.27 22:45:25.458,1.78343,1.78397,1.00,1.75
2016.09.27 22:45:25.794,1.78343,1.78398,1.00,2.25
2016.09.27 22:45:26.343,1.78349,1.78398,1.00,1.87
2016.09.27 22:45:26.394,1.78349,1.78398,1.00,1.00
2016.09.27 22:45:26.986,1.78347,1.78399,1.00,1.00
2016.09.27 22:45:27.545,1.78346,1.78399,1.00,1.00
2016.09.27 22:45:29.668,1.78346,1.78404,1.00,1.75
2016.09.27 22:45:29.719,1.7835,1.78404,1.00,1.75
2016.09.27 22:45:29.972,1.78352,1.78402,1.00,1.00
2016.09.27 22:45:30.074,1.78352,1.78407,1.00,1.75
2016.09.27 22:45:30.643,1.78352,1.78406,1.00,1.75
2016.09.27 22:45:33.503,1.78352,1.78404,1.00,1.00
2016.09.27 22:45:34.208,1.78349,1.78404,1.00,1.00
2016.09.27 22:45:34.259,1.78348,1.78399,1.00,1.00
2016.09.27 22:45:34.360,1.78348,1.78398,1.00,1.75
2016.09.27 22:45:34.462,1.78346,1.78398,1.00,1.87
2016.09.27 22:45:34.687,1.78346,1.78398,1.00,1.37
2016.09.27 22:45:34.788,1.78345,1.78398,1.00,2.25
2016.09.27 22:45:35.473,1.78345,1.78398,1.00,1.87
2016.09.27 22:45:36.076,1.78345,1.78398,1.00,1.37
2016.09.27 22:45:36.440,1.78347,1.78398,1.00,1.37
2016.09.27 22:45:37.359,1.78347,1.78398,1.00,1.75
2016.09.27 22:45:39.089,1.78346,1.78398,1.00,1.75
2016.09.27 22:45:39.679,1.78346,1.78398,1.00,1.12
2016.09.27 22:45:41.974,1.78346,1.78398,1.00,1.50
2016.09.27 22:45:42.024,1.78346,1.78396,1.00,1.00
2016.09.27 22:45:42.075,1.78345,1.78398,1.00,1.75
2016.09.27 22:45:42.126,1.78342,1.78398,1.00,1.75
2016.09.27 22:45:42.177,1.78339,1.78393,1.00,1.00
2016.09.27 22:45:42.228,1.78336,1.78389,1.00,1.00
2016.09.27 22:45:42.329,1.78338,1.78389,1.00,1.00
2016.09.27 22:45:42.869,1.78338,1.78388,1.00,1.00
2016.09.27 22:45:48.426,1.78337,1.78388,1.00,1.00
2016.09.27 22:45:49.287,1.78339,1.78388,1.00,1.00
2016.09.27 22:45:50.390,1.78343,1.78396,1.00,1.50
2016.09.27 22:45:51.822,1.78343,1.78396,1.00,1.12
2016.09.27 22:45:51.882,1.78343,1.78397,1.00,1.00
2016.09.27 22:45:53.224,1.78343,1.78399,1.00,1.75
2016.09.27 22:45:57.497,1.78343,1.78395,1.00,1.00
2016.09.27 22:45:58.788,1.78341,1.78395,1.00,1.00
2016.09.27 22:45:58.889,1.78343,1.78395,1.00,1.00
2016.09.27 22:45:58.940,1.78343,1.78399,1.00,1.75
2016.09.27 22:45:59.551,1.78338,1.78399,1.00,1.75
2016.09.27 22:45:59.804,1.78336,1.78398,1.00,1.75
2016.09.27 22:46:00.096,1.78336,1.78389,1.00,1.00
2016.09.27 22:46:00.399,1.78334,1.78389,1.00,1.00
2016.09.27 22:46:01.032,1.78334,1.78397,1.00,1.75
2016.09.27 22:46:09.605,1.78334,1.78389,1.00,1.00
2016.09.27 22:46:10.246,1.78334,1.78397,1.00,1.75
2016.09.27 22:46:11.570,1.78334,1.78393,1.00,1.00
2016.09.27 22:46:15.729,1.78332,1.78393,1.00,1.00
2016.09.27 22:46:16.030,1.78332,1.78388,1.00,1.00
2016.09.27 22:46:16.362,1.78332,1.78389,1.00,1.12
2016.09.27 22:46:16.513,1.7833,1.78389,1.00,1.12
2016.09.27 22:46:16.564,1.7833,1.78389,1.00,1.37
2016.09.27 22:46:16.683,1.7833,1.78389,1.00,1.37
2016.09.27 22:46:16.734,1.78327,1.78388,1.00,1.12
2016.09.27 22:46:23.718,1.78327,1.78389,1.00,1.87
2016.09.27 22:46:24.275,1.78327,1.78389,1.00,1.50
2016.09.27 22:46:28.520,1.78326,1.78389,1.00,1.50
2016.09.27 22:46:28.667,1.78325,1.78389,1.50,1.50
2016.09.27 22:46:28.818,1.78325,1.78389,1.00,1.50
2016.09.27 22:46:35.356,1.78324,1.78389,1.37,1.87
2016.09.27 22:46:35.406,1.78324,1.78389,1.00,2.25
2016.09.27 22:46:38.891,1.78324,1.78389,1.75,2.25
2016.09.27 22:46:45.838,1.78324,1.78388,1.75,1.50
2016.09.27 22:46:45.889,1.78327,1.78388,1.00,1.37
2016.09.27 22:46:45.940,1.78325,1.78388,1.75,1.00
2016.09.27 22:46:55.236,1.78325,1.78388,1.50,1.37
2016.09.27 22:46:55.337,1.78325,1.78388,1.12,1.75
2016.09.27 22:46:56.439,1.78325,1.78388,1.75,1.50
2016.09.27 22:46:56.611,1.78323,1.78388,2.25,1.50
2016.09.27 22:46:56.943,1.78326,1.78388,1.50,1.50
2016.09.27 22:47:04.447,1.78323,1.78388,2.25,1.50
2016.09.27 22:47:04.506,1.78323,1.78388,2.25,1.75
2016.09.27 22:47:04.557,1.78323,1.78388,1.50,1.75
2016.09.27 22:47:04.811,1.78323,1.78388,1.37,1.75
2016.09.27 22:47:04.862,1.78323,1.78385,1.00,1.00
2016.09.27 22:47:05.064,1.78323,1.78385,1.37,1.00
2016.09.27 22:47:05.115,1.78323,1.78388,1.75,1.75
2016.09.27 22:47:06.109,1.78323,1.78388,1.37,1.75
2016.09.27 22:47:06.159,1.78323,1.78388,1.12,1.75
2016.09.27 22:47:09.707,1.78323,1.78389,1.12,2.25
2016.09.27 22:47:10.036,1.78323,1.78388,1.12,1.75
2016.09.27 22:47:11.064,1.78323,1.78388,1.00,3.00
2016.09.27 22:47:11.115,1.78323,1.78378,1.00,1.00
2016.09.27 22:47:11.166,1.78321,1.78378,1.00,1.00
2016.09.27 22:47:11.677,1.7832,1.78378,1.50,1.00
2016.09.27 22:47:11.962,1.7832,1.78378,1.12,2.62
2016.09.27 22:47:12.014,1.78318,1.78378,1.00,3.00
2016.09.27 22:47:12.065,1.78312,1.78375,1.00,1.75
2016.09.27 22:47:12.166,1.78311,1.78375,1.12,1.75
2016.09.27 22:47:12.267,1.78311,1.78375,1.37,1.75
2016.09.27 22:47:12.476,1.7831,1.78371,1.00,1.00
2016.09.27 22:47:13.447,1.78309,1.78373,1.50,1.37
2016.09.27 22:47:13.497,1.78309,1.78373,1.50,1.12
2016.09.27 22:47:13.880,1.78309,1.78373,1.50,1.37
2016.09.27 22:47:13.930,1.78309,1.78373,1.50,1.75
2016.09.27 22:47:13.981,1.78309,1.78373,1.12,1.75
2016.09.27 22:47:14.032,1.78309,1.78373,1.00,1.75
2016.09.27 22:47:14.082,1.78309,1.78373,1.37,1.75
2016.09.27 22:47:14.133,1.78309,1.78373,1.75,1.75
2016.09.27 22:47:14.184,1.7831,1.78373,1.00,1.50
2016.09.27 22:47:14.235,1.78309,1.78373,1.50,1.12
2016.09.27 22:47:14.437,1.7831,1.78373,1.00,1.50
2016.09.27 22:47:14.488,1.7831,1.78371,1.00,1.00
2016.09.27 22:47:14.741,1.7831,1.78373,1.00,1.50
2016.09.27 22:47:14.853,1.78309,1.78369,1.75,1.00
2016.09.27 22:47:14.904,1.78309,1.78369,1.37,1.37
2016.09.27 22:47:14.955,1.78309,1.78369,1.12,1.37
2016.09.27 22:47:15.005,1.78309,1.78369,1.50,1.00
2016.09.27 22:47:15.260,1.78309,1.78373,1.50,1.75
2016.09.27 22:47:15.311,1.78309,1.78373,1.50,3.00
2016.09.27 22:47:15.362,1.78309,1.78373,1.12,3.00
2016.09.27 22:47:15.910,1.78309,1.78373,1.37,1.75
2016.09.27 22:47:15.960,1.7831,1.78371,1.00,1.00
2016.09.27 22:47:16.011,1.7831,1.78373,1.00,1.50
2016.09.27 22:47:16.062,1.78309,1.78373,1.50,1.12
2016.09.27 22:47:16.260,1.7831,1.78373,1.00,1.50
2016.09.27 22:47:16.311,1.7831,1.78371,1.00,1.00
2016.09.27 22:47:16.503,1.78309,1.78373,1.75,1.75
2016.09.27 22:47:16.604,1.78311,1.78377,1.75,1.75
2016.09.27 22:47:16.655,1.78311,1.78377,1.37,1.75
2016.09.27 22:47:16.706,1.78311,1.78377,1.12,1.75
2016.09.27 22:47:17.849,1.78306,1.78378,1.75,3.00
2016.09.27 22:47:17.951,1.78308,1.78378,1.75,3.00
2016.09.27 22:47:18.112,1.78306,1.78378,1.75,3.00
2016.09.27 22:47:18.660,1.78307,1.78378,1.75,3.00
2016.09.27 22:47:19.285,1.7831,1.78378,1.00,1.75
2016.09.27 22:47:19.387,1.7831,1.78373,1.00,1.00
2016.09.27 22:47:19.869,1.7831,1.78378,1.00,1.75
2016.09.27 22:47:19.920,1.7831,1.78364,1.00,1.00
2016.09.27 22:47:19.970,1.78312,1.78364,1.00,1.00
2016.09.27 22:47:20.072,1.78305,1.7836,1.00,1.00
2016.09.27 22:47:20.122,1.78305,1.78362,1.00,1.00
2016.09.27 22:47:20.173,1.78305,1.78368,1.37,2.25
2016.09.27 22:47:20.274,1.78305,1.78368,1.37,1.50
2016.09.27 22:47:20.376,1.78307,1.78368,1.50,1.00
2016.09.27 22:47:20.477,1.7831,1.78368,1.50,1.00
2016.09.27 22:47:20.578,1.7831,1.78368,1.75,1.00
2016.09.27 22:47:20.747,1.7831,1.78373,1.75,1.12
2016.09.27 22:47:20.903,1.7831,1.78373,1.75,1.37
2016.09.27 22:47:20.954,1.7831,1.78373,1.50,1.50
2016.09.27 22:47:21.156,1.7831,1.78373,1.75,1.37
2016.09.27 22:47:21.207,1.7831,1.78373,1.75,1.12
2016.09.27 22:47:21.359,1.7831,1.78373,1.37,1.12
2016.09.27 22:47:21.410,1.7831,1.78373,1.12,1.12
2016.09.27 22:47:21.719,1.7831,1.78373,1.37,1.37
2016.09.27 22:47:21.769,1.7831,1.78373,1.75,1.37
2016.09.27 22:47:22.096,1.7831,1.78373,1.50,1.50
2016.09.27 22:47:28.462,1.7831,1.78371,1.50,1.00
2016.09.27 22:47:28.512,1.7831,1.78373,1.50,1.75
2016.09.27 22:47:28.563,1.7831,1.78373,1.37,1.37
2016.09.27 22:47:28.765,1.7831,1.78372,1.37,1.00
2016.09.27 22:47:28.816,1.7831,1.78371,1.37,1.37
2016.09.27 22:47:28.968,1.7831,1.78373,1.37,1.75
2016.09.27 22:47:29.207,1.78307,1.78371,1.75,1.37
2016.09.27 22:47:29.308,1.78307,1.78371,1.50,1.75
2016.09.27 22:47:29.359,1.78307,1.78368,1.50,1.37
2016.09.27 22:47:29.410,1.78307,1.78368,1.00,1.75
2016.09.27 22:47:29.503,1.78307,1.78367,1.00,1.00
2016.09.27 22:47:29.604,1.78307,1.78368,1.00,1.37
2016.09.27 22:47:29.996,1.78307,1.78368,1.37,1.37
2016.09.27 22:47:30.098,1.78307,1.78368,1.75,2.25
2016.09.27 22:47:30.226,1.78307,1.78368,1.75,1.50
2016.09.27 22:47:30.378,1.7831,1.78368,1.12,1.37
2016.09.27 22:47:30.429,1.7831,1.78369,1.50,1.00
2016.09.27 22:47:30.682,1.7831,1.78368,1.37,1.00
2016.09.27 22:47:30.756,1.7831,1.78368,1.12,1.00
2016.09.27 22:47:30.808,1.78306,1.78368,1.75,1.12
2016.09.27 22:47:30.910,1.78309,1.78368,1.50,1.00
2016.09.27 22:47:31.012,1.78309,1.78368,1.12,1.00
2016.09.27 22:47:31.139,1.78309,1.78368,1.12,1.12
2016.09.27 22:47:31.330,1.78309,1.78358,1.12,1.00
2016.09.27 22:47:31.705,1.78309,1.78358,1.50,1.00
2016.09.27 22:47:31.908,1.78309,1.78358,1.12,1.00
2016.09.27 22:47:32.309,1.78307,1.78358,1.75,1.00
2016.09.27 22:47:32.734,1.78307,1.78368,1.75,1.12
2016.09.27 22:47:33.406,1.7831,1.78368,1.12,1.00
2016.09.27 22:47:33.508,1.7831,1.78368,1.50,1.00
2016.09.27 22:47:33.687,1.7831,1.78359,1.37,1.00
2016.09.27 22:47:33.740,1.7831,1.78368,1.00,1.12
2016.09.27 22:47:33.791,1.7831,1.78368,1.00,1.50
2016.09.27 22:47:33.944,1.7831,1.78359,1.00,1.00
2016.09.27 22:47:34.114,1.78307,1.78359,1.50,1.00
2016.09.27 22:47:36.175,1.78307,1.78359,1.75,1.00
2016.09.27 22:47:37.708,1.78307,1.78359,1.50,1.00
2016.09.27 22:47:38.619,1.78308,1.78359,1.12,1.00
2016.09.27 22:47:39.216,1.78308,1.78358,1.12,1.00
2016.09.27 22:47:39.822,1.78308,1.78358,1.00,1.00
2016.09.27 22:47:41.584,1.78304,1.78358,1.12,1.00
2016.09.27 22:47:48.840,1.78304,1.78358,1.00,1.00
2016.09.27 22:47:49.846,1.78304,1.78357,1.00,1.37
2016.09.27 22:47:49.897,1.78301,1.78349,1.00,1.00
2016.09.27 22:47:50.000,1.7829,1.78349,1.75,1.00
2016.09.27 22:47:50.050,1.7829,1.78354,1.75,1.00
2016.09.27 22:47:50.101,1.78295,1.78354,1.12,1.00
2016.09.27 22:47:50.174,1.78295,1.78355,1.12,1.37
2016.09.27 22:47:50.225,1.78293,1.78355,1.50,1.37
2016.09.27 22:47:50.939,1.78293,1.78355,1.50,1.00
2016.09.27 22:47:51.041,1.78293,1.78355,1.75,1.00
2016.09.27 22:47:51.901,1.78293,1.78356,1.75,1.12
2016.09.27 22:47:51.952,1.78293,1.78357,1.75,1.87
2016.09.27 22:47:52.003,1.78295,1.78357,1.37,1.12
2016.09.27 22:47:52.053,1.78295,1.78359,1.75,1.00
2016.09.27 22:47:52.104,1.78297,1.78359,1.50,1.00
2016.09.27 22:47:52.155,1.78298,1.78359,1.00,1.37
2016.09.27 22:47:52.256,1.78297,1.78359,1.50,1.00
2016.09.27 22:47:52.358,1.78297,1.78359,1.75,1.00
2016.09.27 22:47:52.410,1.78297,1.78359,1.50,1.00
2016.09.27 22:47:53.672,1.78297,1.78359,1.50,1.37
2016.09.27 22:47:53.723,1.78297,1.78358,1.50,1.12
2016.09.27 22:47:53.774,1.78297,1.78349,1.12,1.00
2016.09.27 22:47:53.824,1.78297,1.78349,1.00,1.00
2016.09.27 22:47:54.229,1.78294,1.78348,1.00,1.00
2016.09.27 22:47:54.381,1.78294,1.78356,1.12,2.25
2016.09.27 22:47:54.483,1.78294,1.78356,1.00,2.25
2016.09.27 22:47:54.586,1.78294,1.78356,1.75,1.50
2016.09.27 22:47:54.688,1.78294,1.78356,1.37,2.25
2016.09.27 22:47:54.739,1.78294,1.78356,1.00,1.12
2016.09.27 22:47:55.128,1.78294,1.78357,1.00,1.50
2016.09.27 22:47:55.185,1.78294,1.78357,1.37,1.50
2016.09.27 22:47:55.235,1.78295,1.78356,1.00,1.50
2016.09.27 22:47:55.447,1.78284,1.78344,2.25,1.00
2016.09.27 22:47:55.498,1.78287,1.78348,1.00,1.37
2016.09.27 22:47:55.548,1.78287,1.78346,1.00,1.00
2016.09.27 22:47:55.700,1.78287,1.78348,1.12,1.75
2016.09.27 22:47:55.759,1.78287,1.78348,1.12,1.37
2016.09.27 22:47:55.962,1.78287,1.78348,1.00,1.37
2016.09.27 22:47:56.063,1.78287,1.78348,1.00,1.75
2016.09.27 22:47:56.114,1.78287,1.78349,1.00,2.25
2016.09.27 22:47:56.325,1.78287,1.78348,1.00,1.75
2016.09.27 22:47:56.680,1.78287,1.78349,1.12,1.75
2016.09.27 22:47:56.731,1.78287,1.78349,1.50,2.25
2016.09.27 22:47:56.782,1.78288,1.78348,1.00,1.00
2016.09.27 22:47:57.031,1.78288,1.78348,1.50,1.00
2016.09.27 22:47:57.082,1.78288,1.78339,1.50,1.00
2016.09.27 22:47:57.133,1.78288,1.78339,1.12,1.00
2016.09.27 22:47:57.185,1.78288,1.78339,1.00,1.00
2016.09.27 22:47:57.456,1.78288,1.78349,1.00,2.25
2016.09.27 22:47:57.507,1.78285,1.78349,1.50,2.25
2016.09.27 22:47:57.558,1.78285,1.78349,1.12,2.25
2016.09.27 22:47:57.608,1.78285,1.78348,1.12,1.75
2016.09.27 22:47:57.662,1.78285,1.78348,1.12,1.62
2016.09.27 22:47:57.713,1.78285,1.78349,1.12,2.12
2016.09.27 22:47:57.763,1.78285,1.78349,1.50,1.99
2016.09.27 22:47:58.354,1.78285,1.78349,1.37,1.99
2016.09.27 22:47:58.593,1.78285,1.78349,1.37,1.49
2016.09.27 22:47:58.745,1.78285,1.78349,1.75,1.49
2016.09.27 22:47:58.866,1.78286,1.78348,1.00,1.49
2016.09.27 22:47:58.967,1.78285,1.78348,1.37,1.49
2016.09.27 22:47:59.229,1.78285,1.78349,1.37,1.99
2016.09.27 22:47:59.506,1.78285,1.78346,1.37,1.25
2016.09.27 22:47:59.607,1.78285,1.78349,1.37,1.99
2016.09.27 22:47:59.895,1.78285,1.78338,1.37,1.00
2016.09.27 22:48:00.097,1.78285,1.78338,1.00,1.00
2016.09.27 22:48:00.199,1.78284,1.78338,1.00,1.00
2016.09.27 22:48:00.730,1.78284,1.78339,1.00,1.00
2016.09.27 22:48:00.801,1.78283,1.78339,1.12,1.00
2016.09.27 22:48:00.953,1.78283,1.78339,1.50,1.00
2016.09.27 22:48:01.003,1.78284,1.78339,1.00,1.00
2016.09.27 22:48:01.105,1.78283,1.78339,1.37,1.00
2016.09.27 22:48:01.155,1.78283,1.78339,1.00,1.00
2016.09.27 22:48:01.229,1.78283,1.78339,1.37,1.00
2016.09.27 22:48:01.280,1.78284,1.78339,1.00,1.00
2016.09.27 22:48:02.110,1.78284,1.78338,1.00,1.00
2016.09.27 22:48:02.413,1.78286,1.78338,1.00,1.00
2016.09.27 22:48:04.804,1.78285,1.78338,1.00,1.00
2016.09.27 22:48:05.508,1.78285,1.78339,1.00,1.00
2016.09.27 22:48:06.640,1.78285,1.78339,1.12,1.00
2016.09.27 22:48:06.742,1.78285,1.78339,1.50,1.00
2016.09.27 22:48:06.999,1.78287,1.78339,1.00,1.00
2016.09.27 22:48:08.775,1.78287,1.78338,1.00,1.00
2016.09.27 22:48:08.918,1.78287,1.78338,1.37,1.00
2016.09.27 22:48:08.969,1.78287,1.78338,1.50,1.00
2016.09.27 22:48:09.020,1.78287,1.78348,1.50,1.33
2016.09.27 22:48:09.121,1.7829,1.78348,1.00,1.33
2016.09.27 22:48:09.520,1.7829,1.78348,1.00,1.00
2016.09.27 22:48:10.121,1.78292,1.78348,1.00,1.00
2016.09.27 22:48:10.349,1.78291,1.78348,1.00,1.24
2016.09.27 22:48:10.603,1.78288,1.78348,1.50,1.24
2016.09.27 22:48:10.704,1.78292,1.78348,1.00,1.24
2016.09.27 22:48:10.907,1.7829,1.78348,1.00,1.24
2016.09.27 22:48:11.203,1.78288,1.78348,1.00,1.24
2016.09.27 22:48:11.305,1.78292,1.78348,1.00,1.24
2016.09.27 22:48:11.546,1.7829,1.78348,1.00,1.24
2016.09.27 22:48:11.804,1.78288,1.78348,1.50,1.24
2016.09.27 22:48:12.148,1.78291,1.78348,1.00,1.24
2016.09.27 22:48:12.451,1.78293,1.78348,1.00,1.00
2016.09.27 22:48:12.603,1.78293,1.78348,1.00,1.33
2016.09.27 22:48:12.654,1.7829,1.78348,1.00,1.24
2016.09.27 22:48:13.016,1.78288,1.78348,1.00,1.24
2016.09.27 22:48:13.652,1.78291,1.78348,1.00,1.24
2016.09.27 22:48:13.906,1.78288,1.78348,1.00,1.24
2016.09.27 22:48:14.230,1.78291,1.78348,1.00,1.24
2016.09.27 22:48:14.483,1.78291,1.78348,1.00,1.33
2016.09.27 22:48:14.612,1.78288,1.78348,1.00,1.33
2016.09.27 22:48:14.955,1.78291,1.78348,1.00,1.33
2016.09.27 22:48:15.221,1.78288,1.78348,1.00,1.33
2016.09.27 22:48:15.451,1.78291,1.78348,1.00,1.33
2016.09.27 22:48:15.502,1.78291,1.78338,1.00,1.00
2016.09.27 22:48:15.654,1.78287,1.78338,1.37,1.00
2016.09.27 22:48:15.704,1.78287,1.78338,1.00,1.00
2016.09.27 22:48:15.811,1.78287,1.78338,1.37,1.00
2016.09.27 22:48:15.862,1.78287,1.78338,1.50,1.00
2016.09.27 22:48:15.912,1.78291,1.78338,1.00,1.00
2016.09.27 22:48:16.216,1.78287,1.78338,1.50,1.00
2016.09.27 22:48:16.317,1.78287,1.78348,1.50,1.33
2016.09.27 22:48:16.368,1.78288,1.78348,1.00,1.33
2016.09.27 22:48:16.418,1.78292,1.78348,1.00,1.00
2016.09.27 22:48:16.520,1.78291,1.78348,1.00,1.25
2016.09.27 22:48:16.571,1.78291,1.78348,1.00,1.58
2016.09.27 22:48:16.895,1.78288,1.78348,1.00,1.33
2016.09.27 22:48:17.438,1.78288,1.78348,1.00,1.25
2016.09.27 22:48:17.489,1.78288,1.78348,1.00,1.49
2016.09.27 22:48:17.539,1.78288,1.78348,1.00,1.58
2016.09.27 22:48:17.590,1.78288,1.78348,1.00,1.24
2016.09.27 22:48:20.712,1.78288,1.78348,1.12,1.58
2016.09.27 22:48:25.940,1.78291,1.78348,1.00,1.58
2016.09.27 22:48:26.489,1.7829,1.78348,1.00,1.58
2016.09.27 22:48:27.261,1.7829,1.78348,1.00,1.70
2016.09.27 22:48:27.312,1.7829,1.78348,1.00,1.37
2016.09.27 22:48:28.451,1.78288,1.78348,1.12,1.37
2016.09.27 22:48:28.502,1.78288,1.78348,1.00,1.75
2016.09.27 22:48:28.836,1.7829,1.78348,1.00,1.75
2016.09.27 22:48:38.080,1.78287,1.78348,1.00,1.75
2016.09.27 22:48:38.701,1.7829,1.78348,1.00,1.12
2016.09.27 22:48:38.831,1.78288,1.78348,1.12,1.12
2016.09.27 22:48:38.882,1.78288,1.78348,1.12,1.00
2016.09.27 22:48:38.983,1.78288,1.78349,1.37,1.37
2016.09.27 22:48:39.034,1.78288,1.78349,1.37,1.50
2016.09.27 22:48:39.132,1.78291,1.78349,1.00,1.50
2016.09.27 22:48:40.106,1.78291,1.78349,1.00,1.75
2016.09.27 22:48:40.213,1.78291,1.78349,1.00,1.37
2016.09.27 22:48:40.329,1.78291,1.78339,1.00,1.00
2016.09.27 22:48:40.379,1.78289,1.78339,1.00,1.00
2016.09.27 22:48:47.040,1.78287,1.78339,1.00,1.00
2016.09.27 22:48:47.141,1.78287,1.78339,1.12,1.00
2016.09.27 22:48:47.356,1.78287,1.78349,1.12,1.75
2016.09.27 22:48:47.614,1.78287,1.78338,1.12,1.00
2016.09.27 22:48:51.630,1.78288,1.7835,1.37,1.37
2016.09.27 22:48:51.680,1.78299,1.78355,1.00,2.62
2016.09.27 22:48:51.731,1.78299,1.78356,1.00,1.37
2016.09.27 22:48:51.782,1.78304,1.78358,1.00,1.50
2016.09.27 22:48:51.833,1.78304,1.78358,1.00,1.00
2016.09.27 22:48:52.384,1.78301,1.78358,1.00,1.00
2016.09.27 22:48:52.932,1.78301,1.78359,1.00,1.00
2016.09.27 22:48:53.818,1.783,1.78357,1.37,1.00
2016.09.27 22:48:53.868,1.78298,1.78357,1.00,1.37
2016.09.27 22:48:53.919,1.78298,1.78356,1.00,1.00
2016.09.27 22:48:53.970,1.78298,1.78357,1.00,1.50
2016.09.27 22:48:54.021,1.78298,1.78356,1.00,1.00
2016.09.27 22:48:54.145,1.78298,1.78357,1.12,1.00
2016.09.27 22:48:54.196,1.78297,1.78357,1.37,1.00
2016.09.27 22:48:54.247,1.78297,1.78357,1.50,1.12
2016.09.27 22:48:55.353,1.78295,1.78358,1.75,1.50
2016.09.27 22:48:55.404,1.783,1.78358,1.00,1.50
2016.09.27 22:48:55.455,1.78312,1.78358,1.12,1.00
2016.09.27 22:48:55.557,1.78312,1.78369,1.12,1.75
2016.09.27 22:48:55.710,1.78312,1.78369,1.12,1.00
2016.09.27 22:48:55.768,1.78312,1.78369,1.00,1.00
2016.09.27 22:48:55.975,1.78309,1.78369,1.12,1.37
2016.09.27 22:48:56.025,1.78309,1.78368,1.12,1.00
2016.09.27 22:48:56.077,1.78309,1.78368,1.00,1.00
2016.09.27 22:48:56.128,1.78309,1.78369,1.00,1.50
2016.09.27 22:48:56.179,1.78309,1.78369,1.12,1.50
2016.09.27 22:48:56.280,1.78307,1.78369,1.75,1.50
2016.09.27 22:49:04.480,1.78307,1.78358,1.00,1.00
2016.09.27 22:49:04.582,1.78307,1.78349,1.00,1.00
2016.09.27 22:49:04.683,1.78302,1.78349,1.12,1.00
2016.09.27 22:49:04.784,1.78296,1.78349,1.37,1.00
2016.09.27 22:49:04.835,1.78296,1.78339,1.00,1.00
2016.09.27 22:49:04.886,1.78288,1.78339,2.25,1.00
2016.09.27 22:49:04.937,1.78289,1.78339,1.00,1.00
2016.09.27 22:49:05.139,1.78288,1.78339,1.75,1.00
2016.09.27 22:49:08.555,1.78288,1.78338,1.75,1.00
2016.09.27 22:49:10.125,1.78288,1.78339,1.75,1.00
2016.09.27 22:49:12.642,1.78288,1.78348,1.75,1.00
2016.09.27 22:49:13.028,1.78288,1.78338,1.75,1.00
2016.09.27 22:49:13.651,1.78288,1.78348,1.75,1.00
2016.09.27 22:49:15.346,1.78288,1.78349,1.75,1.00
2016.09.27 22:49:21.066,1.78288,1.78348,1.75,1.00
2016.09.27 22:49:23.854,1.78288,1.78339,1.75,1.00
2016.09.27 22:49:24.107,1.78287,1.78339,3.00,1.00
2016.09.27 22:49:31.362,1.78287,1.78348,1.37,1.37
2016.09.27 22:49:31.412,1.78285,1.78348,1.37,1.75
2016.09.27 22:49:31.463,1.78285,1.78338,1.00,1.00
2016.09.27 22:49:31.514,1.78283,1.78338,1.00,1.00
2016.09.27 22:49:31.818,1.78281,1.78338,1.37,1.00
2016.09.27 22:49:31.869,1.78281,1.78329,1.00,1.00
2016.09.27 22:49:32.023,1.78275,1.78329,1.12,1.00
2016.09.27 22:49:32.074,1.78275,1.78329,1.50,1.00
2016.09.27 22:49:33.012,1.78276,1.78329,1.37,1.00
2016.09.27 22:49:33.478,1.78277,1.78329,1.00,1.00
2016.09.27 22:49:33.529,1.78276,1.78329,1.75,1.00
2016.09.27 22:49:34.032,1.78275,1.78329,1.75,1.00
2016.09.27 22:49:34.618,1.78277,1.78328,1.00,1.00
2016.09.27 22:49:34.680,1.78275,1.78328,1.50,1.00
2016.09.27 22:49:35.983,1.78276,1.78328,1.37,1.00
2016.09.27 22:49:36.984,1.78275,1.78328,1.50,1.00
2016.09.27 22:49:37.985,1.78276,1.78328,1.37,1.00
2016.09.27 22:49:42.166,1.78276,1.78328,1.00,1.00
2016.09.27 22:49:44.095,1.78279,1.78339,1.37,1.37
2016.09.27 22:49:44.197,1.78283,1.78339,1.00,1.00
2016.09.27 22:49:45.351,1.78283,1.78339,1.00,1.37
2016.09.27 22:49:45.435,1.78275,1.78329,1.50,1.00
2016.09.27 22:49:45.638,1.78273,1.78329,1.75,1.00
2016.09.27 22:49:45.789,1.78273,1.78329,1.37,1.00
2016.09.27 22:49:45.840,1.78272,1.78329,1.00,1.00
2016.09.27 22:49:45.891,1.78269,1.78328,1.75,1.00
2016.09.27 22:49:45.943,1.78269,1.78328,1.37,1.00
2016.09.27 22:49:45.994,1.78268,1.78328,1.00,1.37
2016.09.27 22:49:46.045,1.78266,1.78328,1.50,1.50
2016.09.27 22:49:46.096,1.78263,1.78328,1.75,1.50
2016.09.27 22:49:46.431,1.78266,1.78328,1.50,1.50
2016.09.27 22:49:47.696,1.78264,1.78328,1.75,2.25
2016.09.27 22:49:54.294,1.78264,1.78328,1.75,1.50
2016.09.27 22:49:56.302,1.78267,1.78331,1.87,1.50
2016.09.27 22:49:56.353,1.78267,1.78331,2.25,1.12
2016.09.27 22:49:56.512,1.78268,1.78331,1.75,1.12
2016.09.27 22:50:00.087,1.78268,1.78331,1.50,1.37
2016.09.27 22:50:00.137,1.78268,1.78331,1.12,1.75
2016.09.27 22:50:01.028,1.78268,1.78329,1.12,1.12
2016.09.27 22:50:01.490,1.78268,1.78331,1.12,1.75
2016.09.27 22:50:01.944,1.78269,1.7833,1.00,1.00
2016.09.27 22:50:02.693,1.78268,1.78331,1.50,2.25
2016.09.27 22:50:02.901,1.78268,1.78329,1.50,1.00
2016.09.27 22:50:03.394,1.78268,1.78331,1.50,2.25
2016.09.27 22:50:03.458,1.78268,1.78331,1.37,1.75
2016.09.27 22:50:07.397,1.78268,1.78331,1.00,1.75
2016.09.27 22:50:07.448,1.78267,1.7833,1.00,1.75
2016.09.27 22:50:07.499,1.78264,1.7833,1.75,1.75
2016.09.27 22:50:08.566,1.78264,1.78326,1.50,1.00
2016.09.27 22:50:08.617,1.78264,1.7833,1.50,1.75
2016.09.27 22:50:09.300,1.78264,1.78326,1.50,1.00
2016.09.27 22:50:09.401,1.78267,1.78326,1.00,1.00
2016.09.27 22:50:10.000,1.78264,1.7833,1.75,1.75
2016.09.27 22:50:10.069,1.78264,1.7833,1.50,1.75
2016.09.27 22:50:12.073,1.78265,1.7833,1.00,1.75
2016.09.27 22:50:12.124,1.78264,1.7833,1.75,1.75
2016.09.27 22:50:14.319,1.78266,1.7833,1.37,1.75
2016.09.27 22:50:15.607,1.78266,1.78328,1.37,1.00
2016.09.27 22:50:15.721,1.78266,1.7833,1.75,1.75
2016.09.27 22:50:26.568,1.78269,1.78329,1.37,1.00
2016.09.27 22:50:26.619,1.78271,1.78333,1.87,1.37
2016.09.27 22:50:26.670,1.78279,1.78337,1.12,1.00
2016.09.27 22:50:26.720,1.78279,1.7834,1.12,1.37
2016.09.27 22:50:26.771,1.7828,1.7834,1.00,1.00
2016.09.27 22:50:26.822,1.7828,1.78344,1.00,1.75
2016.09.27 22:50:26.873,1.7828,1.78344,1.12,1.75
2016.09.27 22:50:27.156,1.78279,1.78342,1.50,1.75
2016.09.27 22:50:27.308,1.78279,1.78342,1.37,1.75
2016.09.27 22:50:30.247,1.78279,1.78342,1.00,1.75
2016.09.27 22:50:30.734,1.78272,1.78333,2.25,1.00
2016.09.27 22:50:30.845,1.78268,1.78333,1.75,1.75
2016.09.27 22:50:30.947,1.78272,1.78332,1.00,1.00
2016.09.27 22:50:30.997,1.78268,1.78333,1.75,1.37
2016.09.27 22:50:31.048,1.78268,1.78333,1.75,1.00
2016.09.27 22:50:31.552,1.78273,1.78333,1.00,1.00
2016.09.27 22:50:31.980,1.78273,1.78333,1.00,1.37
2016.09.27 22:50:32.031,1.78273,1.78332,1.00,1.00
2016.09.27 22:50:34.407,1.78268,1.78333,1.75,1.37
2016.09.27 22:50:34.523,1.78268,1.78329,1.75,1.00
2016.09.27 22:50:35.934,1.78274,1.78329,1.00,1.00
2016.09.27 22:50:36.750,1.78274,1.78335,1.00,1.50
2016.09.27 22:50:36.800,1.78272,1.78335,2.25,1.12
2016.09.27 22:50:36.851,1.7828,1.78339,1.00,1.12
2016.09.27 22:50:36.902,1.78279,1.78339,1.75,1.00
2016.09.27 22:50:36.954,1.78279,1.78342,1.75,1.37
2016.09.27 22:50:38.060,1.78279,1.78342,1.37,1.37
2016.09.27 22:50:38.113,1.78279,1.78342,1.00,1.75
2016.09.27 22:50:39.428,1.78279,1.78339,1.00,1.12
2016.09.27 22:50:39.580,1.78279,1.78339,1.00,1.37
2016.09.27 22:50:39.631,1.78279,1.78337,1.00,1.00
2016.09.27 22:50:39.681,1.78275,1.78338,1.37,2.25
2016.09.27 22:50:39.732,1.78275,1.78338,1.00,2.25
2016.09.27 22:50:39.783,1.7827,1.78336,1.75,1.75
2016.09.27 22:50:39.956,1.78261,1.78323,2.25,1.00
2016.09.27 22:50:40.007,1.7826,1.78323,2.25,1.37
2016.09.27 22:50:40.058,1.78259,1.78323,1.75,1.75
2016.09.27 22:50:40.108,1.78259,1.78322,1.75,1.00
2016.09.27 22:50:40.159,1.78257,1.7832,3.00,1.00
2016.09.27 22:50:40.211,1.78262,1.7832,1.00,1.00
2016.09.27 22:50:40.262,1.78262,1.78318,1.00,1.00
2016.09.27 22:50:40.313,1.78257,1.78318,3.00,1.00
2016.09.27 22:50:40.364,1.78257,1.7832,3.00,1.12
2016.09.27 22:50:40.415,1.78257,1.7832,1.75,1.12
2016.09.27 22:50:40.563,1.78254,1.78318,1.75,1.00
2016.09.27 22:50:40.614,1.78254,1.78318,1.75,1.12
2016.09.27 22:50:40.665,1.78258,1.78318,1.00,1.50
2016.09.27 22:50:40.754,1.78254,1.78318,1.75,1.00
2016.09.27 22:50:41.568,1.78257,1.7832,1.75,1.00
2016.09.27 22:50:41.699,1.78257,1.7832,3.00,1.12
2016.09.27 22:50:42.000,1.78261,1.7832,1.00,1.12
2016.09.27 22:50:42.050,1.78257,1.7832,1.75,1.12
2016.09.27 22:50:43.621,1.78257,1.7832,1.75,1.50
2016.09.27 22:50:43.833,1.78257,1.78318,1.75,1.00
2016.09.27 22:50:43.884,1.78255,1.78318,2.25,1.37
2016.09.27 22:50:44.012,1.78255,1.78318,2.25,1.50
2016.09.27 22:50:44.906,1.78253,1.78318,3.00,1.12
2016.09.27 22:50:44.956,1.78257,1.78318,1.75,1.00
2016.09.27 22:50:45.257,1.78257,1.7832,1.75,1.12
2016.09.27 22:50:48.939,1.78257,1.78318,1.75,1.00
2016.09.27 22:50:51.448,1.78258,1.78318,1.00,1.00
2016.09.27 22:50:51.550,1.78255,1.78318,1.75,1.37
2016.09.27 22:50:51.651,1.78256,1.78319,2.25,1.50
2016.09.27 22:50:51.736,1.78256,1.78319,2.25,1.75
2016.09.27 22:50:51.955,1.78256,1.78321,3.00,1.75
2016.09.27 22:50:52.874,1.78256,1.78321,3.00,1.50
2016.09.27 22:50:52.925,1.78257,1.78321,2.25,1.50
2016.09.27 22:50:53.026,1.7826,1.78321,1.00,1.50
2016.09.27 22:50:53.138,1.78256,1.78321,1.75,1.50
2016.09.27 22:50:53.623,1.78257,1.78321,2.25,1.50
2016.09.27 22:50:53.742,1.78257,1.78321,2.25,1.75
2016.09.27 22:50:57.048,1.78256,1.78321,3.00,1.75
2016.09.27 22:50:57.099,1.78256,1.78321,1.50,1.75
2016.09.27 22:50:57.800,1.78256,1.78321,1.75,1.50
2016.09.27 22:51:00.052,1.78258,1.78321,1.00,1.50
2016.09.27 22:51:00.192,1.78256,1.78321,1.75,1.50
2016.09.27 22:51:00.303,1.78255,1.78319,1.75,1.37
2016.09.27 22:51:00.362,1.78255,1.78319,1.75,1.50
2016.09.27 22:51:00.963,1.78256,1.78321,1.50,1.75
2016.09.27 22:51:02.400,1.78256,1.78321,1.12,1.75
2016.09.27 22:51:03.757,1.78256,1.78321,1.37,1.75
2016.09.27 22:51:03.807,1.78256,1.78321,1.75,1.75
2016.09.27 22:51:07.068,1.78255,1.78319,1.75,1.75
2016.09.27 22:51:12.122,1.78252,1.78308,1.00,1.00
2016.09.27 22:51:12.685,1.78251,1.78308,1.00,1.00
2016.09.27 22:51:13.890,1.78253,1.78308,1.00,1.00
2016.09.27 22:51:18.377,1.78254,1.78308,1.00,1.00
2016.09.27 22:51:22.376,1.78254,1.78308,1.37,1.00
2016.09.27 22:51:22.477,1.78255,1.78308,1.00,1.00
2016.09.27 22:51:22.770,1.78255,1.78313,1.00,1.00
2016.09.27 22:51:23.714,1.78257,1.78313,1.00,2.25
2016.09.27 22:51:23.843,1.78257,1.78308,1.00,1.37
2016.09.27 22:51:23.894,1.78259,1.78308,1.00,1.00
2016.09.27 22:51:24.198,1.78261,1.78318,1.12,1.37
2016.09.27 22:51:24.249,1.78261,1.78318,1.12,1.00
2016.09.27 22:51:25.550,1.78261,1.78318,1.12,1.12
2016.09.27 22:51:25.621,1.78261,1.78318,1.00,1.50
2016.09.27 22:51:26.975,1.78261,1.78318,1.00,1.00
2016.09.27 22:51:31.663,1.78261,1.78319,1.00,1.50
2016.09.27 22:51:31.765,1.78261,1.78319,1.00,1.12
2016.09.27 22:51:32.218,1.78261,1.78319,1.00,1.37
2016.09.27 22:51:32.269,1.78261,1.78319,1.00,1.75
2016.09.27 22:51:38.368,1.78261,1.78318,1.00,3.00
2016.09.27 22:51:38.419,1.7825,1.78308,3.00,1.00
2016.09.27 22:51:38.470,1.7825,1.78308,1.00,1.75
2016.09.27 22:51:38.521,1.78246,1.78308,1.00,1.75
2016.09.27 22:51:38.572,1.78246,1.78308,1.75,1.37
2016.09.27 22:51:38.622,1.78245,1.78308,1.75,1.87
2016.09.27 22:51:38.724,1.78245,1.78308,1.75,1.37
2016.09.27 22:51:38.825,1.78245,1.78308,1.50,1.37
2016.09.27 22:51:38.876,1.78245,1.78308,1.12,1.75
2016.09.27 22:51:38.926,1.78245,1.78307,1.37,1.00
2016.09.27 22:51:38.997,1.78247,1.78307,1.37,1.00
2016.09.27 22:51:39.049,1.78247,1.78309,1.37,1.75
2016.09.27 22:51:39.100,1.78247,1.78306,1.00,1.00
2016.09.27 22:51:39.186,1.78247,1.78306,1.00,1.00
2016.09.27 22:51:39.313,1.78245,1.78306,1.00,1.00
2016.09.27 22:51:45.074,1.78244,1.78306,1.00,1.75
2016.09.27 22:51:45.125,1.78241,1.78304,1.12,1.75
2016.09.27 22:51:45.175,1.78241,1.78298,1.00,2.25
2016.09.27 22:51:45.226,1.78236,1.78298,1.00,3.00
2016.09.27 22:51:45.277,1.78236,1.78298,1.00,1.75
2016.09.27 22:51:45.328,1.78234,1.78298,1.00,1.75
2016.09.27 22:51:45.379,1.78233,1.78298,1.12,3.00
2016.09.27 22:51:45.480,1.78233,1.78298,1.75,1.75
2016.09.27 22:51:45.624,1.78233,1.78298,1.75,2.25
2016.09.27 22:51:45.675,1.78233,1.78298,1.12,3.75
2016.09.27 22:51:46.259,1.78233,1.78298,1.37,2.25
2016.09.27 22:51:46.309,1.78233,1.78298,1.75,1.75
2016.09.27 22:51:46.462,1.78235,1.78298,1.00,1.75
2016.09.27 22:51:46.512,1.78233,1.78298,1.75,1.75
2016.09.27 22:51:46.719,1.78235,1.78299,1.50,1.75
2016.09.27 22:51:46.770,1.78235,1.78295,1.00,1.00
2016.09.27 22:51:47.127,1.78234,1.78295,1.50,1.00
2016.09.27 22:51:48.298,1.78234,1.78297,1.50,1.75
2016.09.27 22:51:48.349,1.78234,1.78299,1.50,2.25
2016.09.27 22:51:48.424,1.78234,1.78298,1.50,1.75
2016.09.27 22:51:48.525,1.78233,1.78298,1.75,2.25
2016.09.27 22:51:54.777,1.78235,1.78298,1.12,2.25
2016.09.27 22:51:54.919,1.78235,1.78298,1.00,3.75
2016.09.27 22:51:54.973,1.78235,1.78294,1.12,1.00
2016.09.27 22:51:55.024,1.78232,1.78296,1.75,1.75
2016.09.27 22:51:55.276,1.78232,1.78296,2.25,1.75
2016.09.27 22:52:01.241,1.78232,1.78296,1.75,1.75
2016.09.27 22:52:01.292,1.78232,1.78292,1.50,1.00
2016.09.27 22:52:02.998,1.78234,1.78295,1.00,1.00
2016.09.27 22:52:03.161,1.78234,1.78295,1.50,1.00
2016.09.27 22:52:11.273,1.78236,1.78295,1.00,1.00
2016.09.27 22:52:13.391,1.78236,1.78299,1.00,3.00
2016.09.27 22:52:13.593,1.78236,1.78299,1.00,1.75
2016.09.27 22:52:19.100,1.78236,1.78299,1.00,3.00
2016.09.27 22:52:19.150,1.78236,1.78294,1.00,1.00
2016.09.27 22:52:19.201,1.78236,1.78299,1.37,3.00
2016.09.27 22:52:19.353,1.78236,1.78299,1.37,1.75
2016.09.27 22:52:21.211,1.78236,1.78298,1.00,2.25
2016.09.27 22:52:21.313,1.78233,1.78294,1.00,2.25
2016.09.27 22:52:21.363,1.78229,1.78288,1.00,1.50
2016.09.27 22:52:21.667,1.78229,1.78288,1.00,1.75
2016.09.27 22:52:23.036,1.78226,1.78288,2.25,1.75
2016.09.27 22:52:25.780,1.78226,1.78288,1.75,1.75
2016.09.27 22:52:25.831,1.78226,1.78288,1.37,1.50
2016.09.27 22:52:25.882,1.78224,1.78288,1.75,1.50
2016.09.27 22:52:26.114,1.78225,1.78288,1.50,1.50
2016.09.27 22:52:26.165,1.78227,1.78288,1.12,1.50
2016.09.27 22:52:26.367,1.78227,1.78288,2.25,1.50
2016.09.27 22:52:26.863,1.78227,1.78288,1.00,1.50
2016.09.27 22:52:26.965,1.7822,1.78283,2.25,1.50
2016.09.27 22:52:27.016,1.78221,1.78283,1.75,1.50
2016.09.27 22:52:27.067,1.78224,1.78288,1.75,2.25
2016.09.27 22:52:27.235,1.78226,1.78287,1.00,1.00
2016.09.27 22:52:27.526,1.78224,1.78288,1.75,2.25
2016.09.27 22:52:27.577,1.78227,1.78288,1.00,2.25
2016.09.27 22:52:27.851,1.78224,1.78288,1.75,2.25
2016.09.27 22:52:27.952,1.78223,1.78287,1.75,1.12
2016.09.27 22:52:28.155,1.78225,1.78288,1.75,1.50
2016.09.27 22:52:31.423,1.78225,1.78288,2.25,1.50
2016.09.27 22:52:31.575,1.78225,1.78288,1.75,1.50
2016.09.27 22:52:31.676,1.78225,1.78288,2.25,1.50
2016.09.27 22:52:31.837,1.78225,1.78288,1.75,1.50
2016.09.27 22:52:32.866,1.78225,1.78288,2.25,1.50
2016.09.27 22:52:32.917,1.78225,1.78288,1.75,1.50
2016.09.27 22:52:32.967,1.78226,1.78288,1.50,1.50
2016.09.27 22:52:33.259,1.78225,1.78288,1.75,1.50
2016.09.27 22:52:33.310,1.78225,1.78288,2.25,1.50
2016.09.27 22:52:33.507,1.78226,1.78288,1.50,1.50
2016.09.27 22:52:33.558,1.78227,1.78288,1.00,1.50
2016.09.27 22:52:35.948,1.78226,1.78287,1.00,1.00
2016.09.27 22:52:36.367,1.78226,1.78287,1.50,1.00
2016.09.27 22:52:36.418,1.78226,1.78287,1.00,1.00
2016.09.27 22:52:38.344,1.78226,1.78287,1.50,1.00
2016.09.27 22:52:38.758,1.78226,1.78287,1.00,1.00
2016.09.27 22:52:38.910,1.78226,1.78287,1.50,1.00
2016.09.27 22:52:39.061,1.78226,1.78287,1.50,1.00
2016.09.27 22:52:39.163,1.78228,1.78294,1.12,3.00
2016.09.27 22:52:39.975,1.78229,1.78294,1.00,2.25
2016.09.27 22:52:40.972,1.78229,1.78293,1.00,1.75
2016.09.27 22:52:44.367,1.78229,1.78293,1.00,3.00
2016.09.27 22:52:45.558,1.78229,1.78293,1.12,3.00
2016.09.27 22:52:45.609,1.78229,1.78293,1.50,1.75
2016.09.27 22:52:51.581,1.7823,1.78291,1.00,1.00
2016.09.27 22:52:52.612,1.78229,1.78295,1.37,3.00
2016.09.27 22:52:52.713,1.78229,1.78293,1.12,2.25
2016.09.27 22:52:53.623,1.78229,1.78295,1.37,1.75
2016.09.27 22:52:55.353,1.78229,1.78288,1.37,1.00
2016.09.27 22:52:56.919,1.78229,1.78283,1.00,1.37
2016.09.27 22:52:56.970,1.78217,1.78269,1.37,1.00
2016.09.27 22:52:57.021,1.78212,1.78269,1.37,1.37
2016.09.27 22:52:57.133,1.78212,1.78268,1.00,1.00
2016.09.27 22:52:57.183,1.7821,1.78268,1.00,1.00
2016.09.27 22:52:57.234,1.78209,1.78268,1.75,1.00
2016.09.27 22:52:57.386,1.78209,1.78269,1.50,1.12
2016.09.27 22:52:57.437,1.78209,1.78269,1.12,1.50
2016.09.27 22:52:57.488,1.78209,1.78269,1.00,1.75
2016.09.27 22:52:57.880,1.78209,1.78269,1.12,1.37
2016.09.27 22:52:57.931,1.78209,1.78269,1.50,1.00
2016.09.27 22:52:57.982,1.78217,1.78269,1.00,1.00
2016.09.27 22:52:58.098,1.78222,1.78279,1.00,1.75
2016.09.27 22:52:58.149,1.7822,1.78279,1.12,1.75
2016.09.27 22:52:58.200,1.78217,1.78279,1.50,1.75
2016.09.27 22:52:58.251,1.7822,1.78279,1.00,1.75
2016.09.27 22:52:58.302,1.7822,1.78279,1.12,1.75
2016.09.27 22:52:58.352,1.7822,1.78278,1.50,1.50
2016.09.27 22:52:58.578,1.7822,1.78278,1.00,1.50
2016.09.27 22:52:59.862,1.78221,1.78279,1.12,1.37
2016.09.27 22:52:59.913,1.78222,1.78279,1.37,1.00
2016.09.27 22:52:59.964,1.78225,1.78279,1.00,1.00
2016.09.27 22:53:00.275,1.78225,1.78278,1.50,1.00
2016.09.27 22:53:00.326,1.78225,1.78278,3.00,1.00
2016.09.27 22:53:00.376,1.78226,1.78278,1.37,1.00
2016.09.27 22:53:00.427,1.78226,1.78278,1.75,1.00
2016.09.27 22:53:00.719,1.78225,1.78278,1.37,1.37
2016.09.27 22:53:00.770,1.78212,1.78268,2.25,1.00
2016.09.27 22:53:01.007,1.78208,1.78268,1.75,1.00
2016.09.27 22:53:01.513,1.78207,1.78268,2.25,1.00
2016.09.27 22:53:04.951,1.78206,1.78268,1.75,1.00
2016.09.27 22:53:05.900,1.78205,1.78268,1.75,1.00
2016.09.27 22:53:05.951,1.78204,1.78268,2.25,1.00
2016.09.27 22:53:06.044,1.78207,1.78268,2.25,1.00
2016.09.27 22:53:11.969,1.78204,1.78268,2.25,1.00
2016.09.27 22:53:13.056,1.78206,1.78269,1.75,1.87
2016.09.27 22:53:13.157,1.78204,1.78269,2.25,1.87
2016.09.27 22:53:13.258,1.78204,1.78269,2.25,1.50
2016.09.27 22:53:14.058,1.78205,1.78269,1.75,1.87
2016.09.27 22:53:14.833,1.78206,1.78269,1.75,1.87
2016.09.27 22:53:18.051,1.78204,1.78269,2.25,1.87
2016.09.27 22:53:18.101,1.78204,1.78269,2.25,1.50
2016.09.27 22:53:18.443,1.78204,1.78268,2.25,1.00
2016.09.27 22:53:18.494,1.78204,1.78268,1.75,1.00
2016.09.27 22:53:18.544,1.78204,1.78268,2.25,1.00
2016.09.27 22:53:18.595,1.7821,1.78268,1.00,1.00
2016.09.27 22:53:18.759,1.78204,1.78268,2.25,1.00
2016.09.27 22:53:18.810,1.78205,1.78268,1.75,1.00
2016.09.27 22:53:18.861,1.7821,1.78268,1.00,1.00
2016.09.27 22:53:19.812,1.78205,1.78268,1.75,1.00
2016.09.27 22:53:19.863,1.78207,1.78269,2.25,1.50
2016.09.27 22:53:20.900,1.78205,1.78269,1.75,1.50
2016.09.27 22:53:21.003,1.78205,1.78269,1.75,1.87
2016.09.27 22:53:21.054,1.78204,1.78269,2.25,1.87
2016.09.27 22:53:22.066,1.78204,1.78268,2.25,1.00
2016.09.27 22:53:22.167,1.78204,1.78269,2.25,1.50
2016.09.27 22:53:22.269,1.78204,1.78268,2.25,1.00
2016.09.27 22:53:23.001,1.78204,1.78268,1.75,1.00
2016.09.27 22:53:23.113,1.78204,1.78268,2.25,1.00
2016.09.27 22:53:23.486,1.78207,1.78268,2.25,1.00
2016.09.27 22:53:23.587,1.78205,1.78268,1.75,1.00
2016.09.27 22:53:23.970,1.78205,1.78268,1.75,1.37
2016.09.27 22:53:24.021,1.78204,1.78268,2.25,1.37
2016.09.27 22:53:24.072,1.78204,1.78269,2.25,2.25
2016.09.27 22:53:24.173,1.78204,1.78269,2.25,1.87
2016.09.27 22:53:24.589,1.78204,1.78268,2.25,1.00
2016.09.27 22:53:25.015,1.78204,1.78268,1.75,1.00
2016.09.27 22:53:25.512,1.78205,1.78268,1.75,1.12
2016.09.27 22:53:25.673,1.78208,1.78268,1.00,1.37
2016.09.27 22:53:25.809,1.78205,1.78268,1.75,1.12
2016.09.27 22:53:25.879,1.78206,1.78269,1.75,1.87
2016.09.27 22:53:26.081,1.78206,1.78268,1.50,1.50
2016.09.27 22:53:26.183,1.78206,1.78268,1.75,1.12
2016.09.27 22:53:26.335,1.78204,1.78268,2.25,1.12
2016.09.27 22:53:26.992,1.78207,1.78268,1.00,1.37
2016.09.27 22:53:27.093,1.78204,1.78268,1.75,1.37
2016.09.27 22:53:27.144,1.78209,1.78268,1.00,1.00
2016.09.27 22:53:27.296,1.78206,1.78268,1.75,1.00
2016.09.27 22:53:27.499,1.78208,1.78268,1.00,1.00
2016.09.27 22:53:34.100,1.78205,1.78268,1.75,1.37
2016.09.27 22:53:34.201,1.78205,1.78268,1.50,1.75
2016.09.27 22:53:35.013,1.78205,1.78268,1.75,1.00
2016.09.27 22:53:38.719,1.78205,1.78268,1.50,1.75
2016.09.27 22:53:51.506,1.78206,1.78266,1.00,1.00
2016.09.27 22:53:53.912,1.78205,1.78268,1.75,1.37
2016.09.27 22:53:53.963,1.78207,1.78268,1.50,1.37
2016.09.27 22:53:54.013,1.78207,1.78269,1.12,1.75
2016.09.27 22:53:56.871,1.78207,1.78268,1.12,1.75
2016.09.27 22:53:59.302,1.78207,1.78268,1.00,3.00
2016.09.27 22:53:59.353,1.78205,1.78266,1.12,1.75
2016.09.27 22:54:06.863,1.78205,1.78266,1.37,1.75
2016.09.27 22:54:06.933,1.78206,1.78264,1.00,1.00
2016.09.27 22:54:11.639,1.78205,1.78266,1.50,1.37
2016.09.27 22:54:13.159,1.78205,1.78269,1.50,2.25
2016.09.27 22:54:14.304,1.78201,1.78257,1.37,1.87
2016.09.27 22:54:14.355,1.78201,1.78254,1.00,2.25
2016.09.27 22:54:14.406,1.78189,1.78248,1.50,1.37
2016.09.27 22:54:14.457,1.78189,1.78248,1.00,1.75
2016.09.27 22:54:14.508,1.78187,1.78248,1.00,1.75
2016.09.27 22:54:14.610,1.78185,1.78248,1.12,1.75
2016.09.27 22:54:14.661,1.78185,1.78244,1.00,1.00
2016.09.27 22:54:14.812,1.78185,1.78246,1.12,2.25
2016.09.27 22:54:14.863,1.78183,1.78246,1.75,3.00
2016.09.27 22:54:15.499,1.78184,1.78246,1.50,1.75
2016.09.27 22:54:15.550,1.78184,1.78246,1.12,1.75
2016.09.27 22:54:16.590,1.78184,1.78244,1.50,1.00
2016.09.27 22:54:20.609,1.78184,1.78246,1.50,1.37
2016.09.27 22:54:20.662,1.78187,1.78246,1.00,1.00
2016.09.27 22:54:22.683,1.78183,1.78246,2.25,1.00
2016.09.27 22:54:26.461,1.78183,1.78246,1.75,1.00
2016.09.27 22:54:26.512,1.78189,1.78246,1.00,1.00
2016.09.27 22:54:26.562,1.78183,1.78246,2.25,1.00
2016.09.27 22:54:26.664,1.78187,1.78246,1.00,1.00
2016.09.27 22:54:27.468,1.78187,1.78247,1.00,1.00
2016.09.27 22:54:28.874,1.78187,1.78247,1.50,1.00
2016.09.27 22:54:29.118,1.78187,1.78248,1.50,1.75
2016.09.27 22:54:29.169,1.78187,1.78248,1.12,1.75
2016.09.27 22:54:29.220,1.78183,1.78248,2.25,1.75
2016.09.27 22:54:32.976,1.78187,1.78247,1.00,1.00
2016.09.27 22:54:35.059,1.78187,1.78248,1.00,1.50
2016.09.27 22:54:35.110,1.78184,1.78248,1.75,1.12
2016.09.27 22:54:36.199,1.78186,1.78248,1.50,1.12
2016.09.27 22:54:36.523,1.78184,1.78248,1.75,1.12
2016.09.27 22:54:40.453,1.78187,1.78248,1.87,1.00
2016.09.27 22:54:40.504,1.78187,1.78248,2.25,1.00
2016.09.27 22:54:42.499,1.78186,1.78248,1.75,1.00
2016.09.27 22:54:45.596,1.78186,1.78248,1.75,1.12
2016.09.27 22:54:45.697,1.78187,1.78248,1.00,1.50
2016.09.27 22:54:45.817,1.78187,1.78248,1.00,2.25
2016.09.27 22:54:48.720,1.78187,1.78248,1.00,1.50
2016.09.27 22:54:49.420,1.78187,1.78248,1.00,2.25
2016.09.27 22:54:49.471,1.78184,1.78248,1.75,3.75
2016.09.27 22:54:49.522,1.78184,1.78246,1.50,1.75
2016.09.27 22:54:49.572,1.78184,1.78246,1.50,1.37
2016.09.27 22:54:49.623,1.78184,1.78246,1.75,1.00
2016.09.27 22:54:49.692,1.78184,1.78248,1.75,1.12
2016.09.27 22:54:50.084,1.78186,1.78248,1.75,1.12
2016.09.27 22:54:55.351,1.78187,1.78248,1.00,1.50
2016.09.27 22:54:59.029,1.78183,1.78248,2.25,1.75
2016.09.27 22:54:59.080,1.78184,1.78248,1.75,1.75
2016.09.27 22:54:59.131,1.78184,1.78248,1.75,1.50
2016.09.27 22:54:59.415,1.78184,1.78248,3.00,1.37
2016.09.27 22:54:59.517,1.78185,1.78248,2.25,1.12
2016.09.27 22:55:02.632,1.78185,1.78249,2.25,1.50
2016.09.27 22:55:03.966,1.78185,1.78249,3.00,1.50
2016.09.27 22:55:04.017,1.78187,1.7825,1.75,1.37
2016.09.27 22:55:04.068,1.7819,1.7825,1.00,1.00
2016.09.27 22:55:06.135,1.7819,1.78248,1.00,1.00
2016.09.27 22:55:07.271,1.78187,1.78248,2.25,1.00
2016.09.27 22:55:07.424,1.78187,1.78248,1.50,1.00
2016.09.27 22:55:07.475,1.78187,1.78249,1.50,1.12
2016.09.27 22:55:07.526,1.78188,1.78249,1.00,1.37
2016.09.27 22:55:07.577,1.78188,1.78247,1.00,1.00
2016.09.27 22:55:07.679,1.78188,1.78249,1.00,1.75
2016.09.27 22:55:07.730,1.78188,1.78249,1.00,3.00
2016.09.27 22:55:07.781,1.78188,1.78244,1.00,1.00
2016.09.27 22:55:07.831,1.78187,1.78248,1.00,3.00
2016.09.27 22:55:08.150,1.78183,1.78248,1.00,3.00
2016.09.27 22:55:09.452,1.78183,1.78246,1.00,1.75
2016.09.27 22:55:09.751,1.78183,1.78249,1.00,3.75
2016.09.27 22:55:13.306,1.78183,1.78249,1.50,3.75
2016.09.27 22:55:13.357,1.78186,1.78248,1.12,1.75
2016.09.27 22:55:13.505,1.78186,1.78248,1.37,1.75
2016.09.27 22:55:13.555,1.78186,1.78248,1.50,1.75
2016.09.27 22:55:13.659,1.78189,1.78248,1.00,1.00
2016.09.27 22:55:13.963,1.7819,1.78256,1.75,1.75
2016.09.27 22:55:14.064,1.7819,1.78248,1.12,1.00
2016.09.27 22:55:14.268,1.78189,1.78248,1.37,1.00
2016.09.27 22:55:14.518,1.7819,1.78248,1.12,1.00
2016.09.27 22:55:17.122,1.78194,1.78248,1.00,1.00
2016.09.27 22:55:17.172,1.78194,1.78257,1.37,1.50
2016.09.27 22:55:17.223,1.78201,1.78262,1.00,1.75
2016.09.27 22:55:17.274,1.78199,1.78262,2.25,1.37
2016.09.27 22:55:17.325,1.78202,1.78264,1.37,2.25
2016.09.27 22:55:17.377,1.78204,1.78263,1.00,1.00
2016.09.27 22:55:17.599,1.78202,1.78263,1.00,1.00
2016.09.27 22:55:18.427,1.78203,1.78263,1.00,1.00
2016.09.27 22:55:18.478,1.78203,1.78268,2.25,3.00
2016.09.27 22:55:19.228,1.78197,1.78256,2.25,1.00
2016.09.27 22:55:19.279,1.78193,1.78248,1.00,1.00
2016.09.27 22:55:19.381,1.78185,1.78245,1.75,1.00
2016.09.27 22:55:19.432,1.78185,1.78245,1.37,1.00
2016.09.27 22:55:19.483,1.78185,1.78245,1.00,1.00
2016.09.27 22:55:19.533,1.78183,1.78248,2.25,3.00
2016.09.27 22:55:19.622,1.78183,1.78248,1.50,2.25
2016.09.27 22:55:19.673,1.78183,1.78249,1.75,2.25
2016.09.27 22:55:19.880,1.78183,1.78243,1.00,1.00
2016.09.27 22:55:24.137,1.78183,1.78249,1.37,3.75
2016.09.27 22:55:24.187,1.78185,1.78245,1.00,1.00
2016.09.27 22:55:40.701,1.78183,1.78243,1.00,1.00
2016.09.27 22:55:43.195,1.78183,1.78248,1.75,1.75
2016.09.27 22:55:46.372,1.78183,1.78249,1.75,3.75
2016.09.27 22:55:46.572,1.78183,1.78248,1.75,1.75
2016.09.27 22:55:47.008,1.78184,1.78248,1.50,1.75
2016.09.27 22:55:47.059,1.78183,1.78245,1.75,1.50
2016.09.27 22:55:47.110,1.78183,1.78245,1.75,1.12
2016.09.27 22:55:47.370,1.78184,1.78248,1.75,1.75
2016.09.27 22:55:49.275,1.78185,1.78248,1.00,1.75
2016.09.27 22:55:49.326,1.78185,1.78244,1.00,1.00
2016.09.27 22:55:51.777,1.78184,1.78248,1.37,1.75
2016.09.27 22:55:51.828,1.78184,1.78242,1.00,1.00
2016.09.27 22:55:51.879,1.78182,1.78242,2.25,1.00
2016.09.27 22:55:51.930,1.78182,1.78245,1.50,1.75
2016.09.27 22:55:51.980,1.78182,1.78245,1.00,1.75
2016.09.27 22:55:52.141,1.78184,1.78245,1.00,1.75
2016.09.27 22:55:52.192,1.78184,1.78241,1.00,1.00
2016.09.27 22:55:52.242,1.78184,1.78245,1.00,1.75
2016.09.27 22:55:53.219,1.78182,1.78245,1.87,1.75
2016.09.27 22:55:53.270,1.78184,1.78245,1.00,1.75
2016.09.27 22:55:54.781,1.78184,1.78243,1.37,1.00
2016.09.27 22:55:54.831,1.78184,1.78245,1.75,1.75
2016.09.27 22:55:55.330,1.78184,1.78245,1.75,1.37
2016.09.27 22:55:55.883,1.78184,1.78248,2.25,1.75
2016.09.27 22:55:56.082,1.78184,1.78248,2.25,3.00
2016.09.27 22:56:03.187,1.78184,1.78248,2.25,3.75
2016.09.27 22:56:03.238,1.78184,1.78248,2.25,2.25
2016.09.27 22:56:03.289,1.78184,1.78248,2.25,1.50
2016.09.27 22:56:10.611,1.78187,1.78248,1.87,1.12
2016.09.27 22:56:10.661,1.78187,1.78248,2.25,1.00
2016.09.27 22:56:10.760,1.78186,1.78248,1.75,1.00
2016.09.27 22:56:10.811,1.78191,1.78251,1.00,1.37
2016.09.27 22:56:10.862,1.78187,1.78251,1.75,1.37
2016.09.27 22:56:10.963,1.78188,1.78251,1.00,1.50
2016.09.27 22:56:11.064,1.78186,1.78251,1.75,1.75
2016.09.27 22:56:11.280,1.78189,1.7825,1.00,1.00
2016.09.27 22:56:11.715,1.78186,1.78251,1.75,1.75
2016.09.27 22:56:11.867,1.78189,1.78249,1.00,1.00
2016.09.27 22:56:13.417,1.78186,1.78249,1.75,1.37
2016.09.27 22:56:13.468,1.78186,1.78249,1.50,1.50
2016.09.27 22:56:13.915,1.78186,1.78249,2.25,1.50
2016.09.27 22:56:15.569,1.78186,1.78249,1.87,1.75
2016.09.27 22:56:17.405,1.78186,1.78251,1.87,1.75
2016.09.27 22:56:17.455,1.78187,1.78248,1.00,1.00
2016.09.27 22:56:17.557,1.78185,1.7825,1.75,1.75
2016.09.27 22:56:17.672,1.78187,1.7825,1.50,1.37
2016.09.27 22:56:17.725,1.78187,1.78251,1.75,1.50
2016.09.27 22:56:18.122,1.78187,1.78251,1.50,1.50
2016.09.27 22:56:18.173,1.78187,1.78251,1.12,1.75
2016.09.27 22:56:21.779,1.78188,1.78251,1.00,1.75
2016.09.27 22:56:24.491,1.78187,1.78251,1.12,1.75
2016.09.27 22:56:24.541,1.78188,1.78251,1.37,1.75
2016.09.27 22:56:24.592,1.78189,1.7825,1.00,1.00
2016.09.27 22:56:24.743,1.7819,1.7825,1.00,1.00
2016.09.27 22:56:24.844,1.78191,1.7825,1.37,1.00
2016.09.27 22:56:24.895,1.78191,1.78253,1.50,1.75
2016.09.27 22:56:31.372,1.78193,1.78253,1.75,1.12
2016.09.27 22:56:36.458,1.78192,1.78253,1.50,1.37
2016.09.27 22:56:36.509,1.78192,1.7825,1.50,1.00
2016.09.27 22:56:40.702,1.78192,1.7825,1.00,1.00
2016.09.27 22:56:40.763,1.78192,1.78253,1.00,1.75
2016.09.27 22:56:40.814,1.78189,1.78253,1.75,1.37
2016.09.27 22:56:40.865,1.78191,1.78253,1.87,1.12
2016.09.27 22:56:40.916,1.78191,1.78253,2.25,1.12
2016.09.27 22:56:44.514,1.78191,1.78253,3.00,1.12
2016.09.27 22:56:44.676,1.78191,1.78253,2.25,1.12
2016.09.27 22:56:44.727,1.78191,1.78253,2.25,1.50
2016.09.27 22:56:44.778,1.7819,1.78253,1.75,1.50
2016.09.27 22:56:45.770,1.7819,1.78253,1.37,1.50
2016.09.27 22:56:45.886,1.7819,1.7825,1.00,1.00
2016.09.27 22:56:46.070,1.78189,1.7825,1.50,1.00
2016.09.27 22:56:46.121,1.78189,1.7825,1.12,1.50
2016.09.27 22:56:46.223,1.78189,1.7825,1.00,1.75
2016.09.27 22:56:47.717,1.78188,1.7825,1.00,1.75
2016.09.27 22:56:47.768,1.78187,1.7825,1.12,1.75
2016.09.27 22:56:47.819,1.78188,1.78249,1.00,1.00
2016.09.27 22:56:47.870,1.78188,1.78249,1.50,1.00
2016.09.27 22:56:47.920,1.7819,1.7825,1.00,1.00
2016.09.27 22:56:48.690,1.78188,1.7825,1.50,1.37
2016.09.27 22:56:48.741,1.78188,1.7825,1.50,1.75
2016.09.27 22:56:49.210,1.78188,1.7825,1.12,1.75
2016.09.27 22:56:49.261,1.78188,1.78248,1.00,1.00
2016.09.27 22:56:51.039,1.78188,1.78248,1.00,1.00
2016.09.27 22:56:51.094,1.78187,1.78248,1.50,1.00
2016.09.27 22:56:51.495,1.78187,1.78249,1.50,1.50
2016.09.27 22:56:52.015,1.78187,1.78249,1.50,1.75
2016.09.27 22:56:55.060,1.78187,1.78249,2.25,1.75
2016.09.27 22:56:55.111,1.78187,1.78248,1.00,2.25
2016.09.27 22:56:55.162,1.78187,1.78248,1.00,2.25
2016.09.27 22:56:55.212,1.78187,1.78249,1.50,1.75
2016.09.27 22:56:55.314,1.78187,1.78249,1.12,1.50
2016.09.27 22:56:55.364,1.78187,1.78251,1.12,1.75
2016.09.27 22:56:55.415,1.78187,1.78251,1.00,1.75
2016.09.27 22:56:55.503,1.78187,1.78251,1.00,1.37
2016.09.27 22:56:55.598,1.78187,1.78251,1.00,1.00
2016.09.27 22:56:56.544,1.78187,1.78249,1.00,1.00
2016.09.27 22:56:59.715,1.78187,1.78249,1.12,1.00
2016.09.27 22:56:59.766,1.78188,1.78249,1.00,1.00
2016.09.27 22:56:59.867,1.78189,1.78251,1.00,1.00
2016.09.27 22:57:00.654,1.78188,1.78251,1.00,1.00
2016.09.27 22:57:01.006,1.7819,1.78251,1.00,1.00
2016.09.27 22:57:01.349,1.78188,1.78251,1.00,1.00
2016.09.27 22:57:01.399,1.7819,1.78251,1.00,1.00
2016.09.27 22:57:04.730,1.78189,1.78251,1.00,1.00
2016.09.27 22:57:08.895,1.7819,1.78251,1.00,1.00
2016.09.27 22:57:09.392,1.78194,1.78252,1.00,1.00
2016.09.27 22:57:09.544,1.78193,1.78254,1.00,1.00
2016.09.27 22:57:09.874,1.78196,1.78257,1.00,1.00
2016.09.27 22:57:09.977,1.78205,1.78263,1.00,1.50
2016.09.27 22:57:10.082,1.78207,1.78269,1.00,1.87
2016.09.27 22:57:10.133,1.78207,1.78269,1.00,2.25
2016.09.27 22:57:10.184,1.78206,1.78269,1.00,1.87
2016.09.27 22:57:10.235,1.78204,1.78269,1.00,1.87
2016.09.27 22:57:10.286,1.78196,1.78257,1.87,1.00
2016.09.27 22:57:10.336,1.78193,1.78257,1.00,1.00
2016.09.27 22:57:10.387,1.78193,1.78249,1.00,1.00
2016.09.27 22:57:10.438,1.78188,1.78249,1.50,1.00
2016.09.27 22:57:10.765,1.78188,1.78249,1.00,1.87
2016.09.27 22:57:10.853,1.78188,1.78249,1.00,1.50
2016.09.27 22:57:19.845,1.78185,1.78249,1.50,1.50
2016.09.27 22:57:19.895,1.78185,1.78249,1.00,1.50
2016.09.27 22:57:19.946,1.78185,1.78249,1.00,2.25
2016.09.27 22:57:19.997,1.78183,1.78246,1.00,1.00
2016.09.27 22:57:20.317,1.78184,1.78239,1.00,1.00
2016.09.27 22:57:21.886,1.78184,1.78238,1.00,1.00
2016.09.27 22:57:22.322,1.78186,1.78238,1.00,1.00
2016.09.27 22:57:22.774,1.78186,1.78246,1.00,1.00
2016.09.27 22:57:22.825,1.78199,1.78246,1.00,1.00
2016.09.27 22:57:23.136,1.78204,1.78248,1.00,1.00
2016.09.27 22:57:23.338,1.78204,1.78249,1.50,1.00
2016.09.27 22:57:24.980,1.78204,1.78249,1.00,1.00
2016.09.27 22:57:25.978,1.78204,1.78258,1.00,1.00
2016.09.27 22:57:28.287,1.78204,1.78248,1.00,1.00
2016.09.27 22:57:29.442,1.78205,1.78248,1.00,1.00
2016.09.27 22:57:29.493,1.78205,1.78266,1.00,1.12
2016.09.27 22:57:29.544,1.78205,1.78266,1.00,1.00
2016.09.27 22:57:29.595,1.78205,1.78268,1.00,1.00
2016.09.27 22:57:29.646,1.78205,1.78268,1.00,1.37
2016.09.27 22:57:29.696,1.78205,1.78268,1.00,1.50
2016.09.27 22:57:29.940,1.78205,1.78268,1.00,1.12
2016.09.27 22:57:29.991,1.78205,1.78268,1.00,1.00
2016.09.27 22:57:30.127,1.78208,1.78268,1.00,1.00
2016.09.27 22:57:31.984,1.78208,1.78269,1.00,1.87
2016.09.27 22:57:33.497,1.78208,1.78269,1.00,2.25
2016.09.27 22:57:35.934,1.78207,1.78269,1.00,2.25
2016.09.27 22:57:38.761,1.78206,1.78269,1.00,2.25
2016.09.27 22:57:38.812,1.78205,1.78259,1.00,1.00
2016.09.27 22:57:38.863,1.78203,1.78259,1.50,1.00
2016.09.27 22:57:38.913,1.78203,1.78259,1.00,1.00
2016.09.27 22:57:39.271,1.78203,1.78259,1.00,1.12
2016.09.27 22:57:39.355,1.78203,1.78259,1.00,1.00
2016.09.27 22:57:39.887,1.78203,1.78258,1.00,1.00
2016.09.27 22:57:46.162,1.78204,1.78258,1.00,1.00
2016.09.27 22:57:46.781,1.78203,1.78258,1.00,1.00
2016.09.27 22:57:48.851,1.78204,1.78258,1.00,1.00
2016.09.27 22:57:48.902,1.78204,1.78265,1.00,1.00
2016.09.27 22:57:48.953,1.78206,1.78265,1.00,1.00
2016.09.27 22:57:49.170,1.78204,1.78265,1.00,1.00
2016.09.27 22:57:49.221,1.78204,1.78258,1.00,1.00
2016.09.27 22:57:50.202,1.78204,1.78249,1.00,1.00
2016.09.27 22:57:51.867,1.78205,1.78249,1.00,1.00
2016.09.27 22:57:51.917,1.78205,1.78258,1.00,1.00
2016.09.27 22:57:52.019,1.78208,1.78258,1.00,1.00
2016.09.27 22:57:53.593,1.78209,1.78258,1.00,1.00
2016.09.27 22:57:54.022,1.78209,1.78268,1.00,1.00
2016.09.27 22:57:54.523,1.78209,1.78269,1.00,1.12
2016.09.27 22:57:54.625,1.78209,1.78268,1.00,1.00
2016.09.27 22:57:54.785,1.78209,1.78268,1.00,1.50
2016.09.27 22:57:57.187,1.78209,1.78268,1.00,1.00
2016.09.27 22:58:01.489,1.78209,1.78268,1.00,1.37
2016.09.27 22:58:01.540,1.78209,1.78268,1.00,1.75
2016.09.27 22:58:01.642,1.78209,1.78268,1.00,2.25
2016.09.27 22:58:01.884,1.78209,1.78268,1.00,1.87
2016.09.27 22:58:01.934,1.78209,1.78268,1.00,1.00
2016.09.27 22:58:02.712,1.78209,1.78266,1.00,1.00
2016.09.27 22:58:08.002,1.78209,1.78266,1.00,1.12
2016.09.27 22:58:08.210,1.78209,1.78269,1.00,1.37
2016.09.27 22:58:08.264,1.78209,1.78269,1.00,1.00
2016.09.27 22:58:10.323,1.78209,1.78259,1.00,1.00
2016.09.27 22:58:11.859,1.78211,1.78259,1.00,1.00
2016.09.27 22:58:14.534,1.78207,1.78259,1.00,1.00
2016.09.27 22:58:14.585,1.78205,1.78259,1.00,1.00
2016.09.27 22:58:14.736,1.78198,1.78258,1.00,1.00
2016.09.27 22:58:15.071,1.78198,1.78248,1.00,1.00
2016.09.27 22:58:25.736,1.78198,1.78259,1.00,1.50
2016.09.27 22:58:26.537,1.78198,1.78258,1.00,1.00
2016.09.27 22:58:26.853,1.782,1.78259,1.00,1.00
2016.09.27 22:58:26.954,1.78215,1.7826,1.00,1.00
2016.09.27 22:58:27.106,1.78218,1.78278,1.00,1.12
2016.09.27 22:58:27.609,1.78219,1.78278,1.00,1.50
2016.09.27 22:58:27.988,1.78219,1.78278,1.00,1.12
2016.09.27 22:58:28.417,1.78221,1.78278,1.00,1.12
2016.09.27 22:58:28.468,1.78221,1.78278,1.00,1.00
2016.09.27 22:58:30.265,1.78222,1.78278,1.00,1.00
2016.09.27 22:58:30.568,1.78224,1.78278,1.00,1.00
2016.09.27 22:58:31.633,1.78225,1.78278,1.00,1.00
2016.09.27 22:58:31.936,1.78227,1.78278,1.00,1.00
2016.09.27 22:58:32.628,1.78226,1.78278,1.00,1.00
2016.09.27 22:58:41.112,1.78225,1.78278,1.00,1.00
2016.09.27 22:58:43.495,1.78227,1.78278,1.00,1.00
2016.09.27 22:58:49.015,1.78225,1.78278,1.00,1.00
2016.09.27 22:58:50.029,1.78226,1.78278,1.00,1.00
2016.09.27 22:58:52.781,1.78228,1.78278,1.00,1.00
2016.09.27 22:58:53.346,1.78228,1.78279,1.00,1.00
2016.09.27 22:58:53.952,1.78227,1.78279,1.00,1.00
2016.09.27 22:58:55.052,1.78227,1.78278,1.00,1.00
2016.09.27 22:59:01.729,1.78222,1.78278,1.50,1.00
2016.09.27 22:59:01.779,1.78222,1.78279,1.00,1.00
2016.09.27 22:59:01.830,1.78222,1.78279,1.00,1.37
2016.09.27 22:59:01.881,1.78219,1.78279,1.00,1.50
2016.09.27 22:59:02.184,1.78219,1.78279,1.00,1.37
2016.09.27 22:59:02.235,1.78219,1.78279,1.00,1.00
2016.09.27 22:59:02.699,1.78222,1.78279,1.00,1.00
2016.09.27 22:59:03.254,1.7822,1.78279,1.00,1.00
2016.09.27 22:59:05.295,1.78221,1.78279,1.00,1.00
2016.09.27 22:59:07.071,1.78221,1.78278,1.00,1.00
2016.09.27 22:59:12.005,1.78222,1.78278,1.00,1.00
2016.09.27 22:59:12.449,1.78224,1.78278,1.00,1.00
2016.09.27 22:59:12.603,1.78231,1.78289,1.00,1.12
2016.09.27 22:59:12.654,1.78231,1.78289,1.00,1.00
2016.09.27 22:59:13.346,1.7823,1.78288,1.00,1.00
2016.09.27 22:59:15.059,1.7823,1.78287,1.00,1.00
2016.09.27 22:59:17.068,1.7823,1.78288,1.00,1.12
2016.09.27 22:59:17.118,1.7823,1.78288,1.00,1.50
2016.09.27 22:59:18.985,1.7823,1.78288,1.00,1.75
2016.09.27 22:59:20.613,1.78228,1.78289,1.00,1.75
2016.09.27 22:59:20.714,1.78227,1.78285,1.00,1.00
2016.09.27 22:59:20.765,1.78225,1.78285,1.00,1.50
2016.09.27 22:59:20.816,1.78223,1.78279,1.00,1.00
2016.09.27 22:59:20.867,1.78223,1.78279,1.00,1.12
2016.09.27 22:59:20.917,1.78223,1.78279,1.00,1.50
2016.09.27 22:59:20.968,1.78219,1.78279,1.00,1.50
2016.09.27 22:59:21.019,1.78219,1.78279,1.00,1.75
2016.09.27 22:59:21.485,1.78219,1.78279,1.00,2.25
2016.09.27 22:59:21.651,1.78223,1.78278,1.00,1.00
2016.09.27 22:59:25.345,1.78223,1.78279,1.00,1.37
2016.09.27 22:59:25.447,1.78223,1.78279,1.00,1.00
2016.09.27 22:59:32.008,1.78222,1.78279,1.00,1.00
2016.09.27 22:59:32.595,1.78223,1.78278,1.00,1.00
2016.09.27 22:59:35.307,1.78224,1.78278,1.00,1.00
2016.09.27 22:59:38.772,1.78222,1.78278,1.00,1.00
2016.09.27 22:59:39.422,1.78222,1.78278,1.12,1.00
2016.09.27 22:59:40.023,1.78222,1.78278,1.00,1.00
2016.09.27 22:59:40.875,1.78219,1.78278,1.00,1.00
2016.09.27 22:59:41.760,1.78222,1.78278,1.00,1.00
2016.09.27 22:59:42.063,1.78224,1.78279,1.00,1.00
2016.09.27 22:59:47.737,1.78224,1.78279,1.12,1.00
2016.09.27 22:59:48.068,1.78226,1.78278,1.00,1.00
2016.09.27 22:59:48.850,1.78224,1.78278,1.00,1.00
2016.09.27 22:59:50.285,1.78239,1.78278,1.00,1.00
2016.09.27 22:59:50.335,1.78239,1.78287,1.00,1.00
2016.09.27 22:59:50.386,1.78244,1.78289,1.00,1.00
2016.09.27 22:59:50.437,1.78245,1.78291,1.00,1.00
2016.09.27 22:59:50.488,1.78245,1.78299,1.00,1.00
2016.09.27 22:59:50.842,1.78247,1.78299,1.00,1.00
2016.09.27 22:59:51.391,1.78246,1.78299,1.00,1.00
2016.09.27 22:59:51.692,1.78248,1.78299,1.00,1.00
2016.09.27 22:59:52.720,1.78246,1.78299,1.00,1.00
2016.09.27 22:59:55.052,1.78245,1.78299,1.00,1.00
2016.09.27 22:59:55.207,1.78247,1.78299,1.00,1.00
2016.09.27 22:59:56.501,1.78246,1.78299,1.00,1.00
2016.09.27 22:59:58.492,1.78245,1.78299,1.00,1.00
2016.09.27 22:59:59.641,1.78247,1.78298,1.00,1.00
2016.09.27 22:59:59.691,1.78244,1.78298,1.50,1.00
2016.09.27 22:59:59.743,1.78241,1.78289,2.25,1.00
2016.09.27 22:59:59.793,1.78241,1.78289,1.50,1.00
2016.09.27 22:59:59.844,1.7824,1.78299,1.00,1.00
