2016.09.20 01:00:00.032,1.78482,1.78531,1.00,1.00
2016.09.20 01:00:00.597,1.78481,1.78527,1.00,1.00
2016.09.20 01:00:01.537,1.78482,1.78529,1.00,1.00
2016.09.20 01:00:02.049,1.78481,1.78528,1.00,1.00
2016.09.20 01:00:02.685,1.7848,1.78526,1.00,1.00
2016.09.20 01:00:02.888,1.78481,1.78529,1.00,1.00
2016.09.20 01:00:02.939,1.78482,1.78531,1.00,1.00
2016.09.20 01:00:03.215,1.78482,1.78529,1.00,1.00
2016.09.20 01:00:03.468,1.78478,1.78526,1.50,1.00
2016.09.20 01:00:03.570,1.78478,1.78524,1.00,1.00
2016.09.20 01:00:03.671,1.78473,1.78521,1.00,1.00
2016.09.20 01:00:03.824,1.78476,1.78524,1.00,1.00
2016.09.20 01:00:04.127,1.78479,1.78526,1.00,1.00
2016.09.20 01:00:06.060,1.7848,1.78527,1.00,1.00
2016.09.20 01:00:06.314,1.78481,1.7853,1.00,1.00
2016.09.20 01:00:06.660,1.78483,1.78529,1.00,1.00
2016.09.20 01:00:07.395,1.78482,1.78528,1.00,1.00
2016.09.20 01:00:07.802,1.7848,1.78527,1.50,1.00
2016.09.20 01:00:08.365,1.7848,1.78528,1.50,1.00
2016.09.20 01:00:08.619,1.78481,1.78528,1.00,1.00
2016.09.20 01:00:09.144,1.78482,1.78528,1.00,1.00
2016.09.20 01:00:09.399,1.78481,1.7853,1.00,1.00
2016.09.20 01:00:09.449,1.78481,1.78529,1.00,1.00
2016.09.20 01:00:09.806,1.78483,1.7853,1.00,1.00
2016.09.20 01:00:09.858,1.78486,1.78533,1.00,1.00
2016.09.20 01:00:09.909,1.78485,1.78532,1.50,1.00
2016.09.20 01:00:10.221,1.78485,1.78532,1.00,1.00
2016.09.20 01:00:10.271,1.78485,1.78532,1.50,1.00
2016.09.20 01:00:10.322,1.78486,1.78533,1.00,1.00
2016.09.20 01:00:10.525,1.78485,1.78533,1.50,1.00
2016.09.20 01:00:10.576,1.78485,1.78533,1.00,1.00
2016.09.20 01:00:11.356,1.78487,1.78533,1.00,1.00
2016.09.20 01:00:11.811,1.78487,1.78536,1.00,1.00
2016.09.20 01:00:11.963,1.78489,1.78538,1.00,1.00
2016.09.20 01:00:12.216,1.78491,1.78539,1.50,1.00
2016.09.20 01:00:12.591,1.78491,1.78539,1.00,1.00
2016.09.20 01:00:15.014,1.78493,1.7854,1.00,1.00
2016.09.20 01:00:15.804,1.78492,1.7854,1.00,1.00
2016.09.20 01:00:16.116,1.78497,1.78544,1.00,1.00
2016.09.20 01:00:16.167,1.78495,1.78543,1.00,1.00
2016.09.20 01:00:16.370,1.78493,1.78541,1.50,1.00
2016.09.20 01:00:16.595,1.78493,1.7854,1.00,1.00
2016.09.20 01:00:16.849,1.7849,1.78538,1.00,1.00
2016.09.20 01:00:17.574,1.78491,1.78538,1.00,1.00
2016.09.20 01:00:17.676,1.7849,1.78536,1.00,1.00
2016.09.20 01:00:18.243,1.7849,1.78537,1.00,1.00
2016.09.20 01:00:18.917,1.7849,1.78538,1.00,1.00
2016.09.20 01:00:19.711,1.78492,1.78539,1.00,1.00
2016.09.20 01:00:20.015,1.78488,1.78535,1.00,1.00
2016.09.20 01:00:20.592,1.78489,1.78536,1.00,1.00
2016.09.20 01:00:21.207,1.78489,1.78538,1.00,1.00
2016.09.20 01:00:22.986,1.78486,1.78534,1.00,1.00
2016.09.20 01:00:24.529,1.78489,1.78535,1.00,1.00
2016.09.20 01:00:27.154,1.78488,1.78537,1.00,1.00
2016.09.20 01:00:27.699,1.78488,1.78536,1.00,1.00
2016.09.20 01:00:32.480,1.78489,1.78537,1.00,1.00
2016.09.20 01:00:32.895,1.7849,1.78539,1.00,1.00
2016.09.20 01:00:33.617,1.78491,1.7854,1.00,1.00
2016.09.20 01:00:34.121,1.78492,1.78541,1.00,1.00
2016.09.20 01:00:34.599,1.78494,1.7854,1.00,1.00
2016.09.20 01:00:35.004,1.78494,1.78543,1.00,1.00
2016.09.20 01:00:35.055,1.78499,1.78546,1.00,1.00
2016.09.20 01:00:35.156,1.78501,1.78549,1.00,1.00
2016.09.20 01:00:35.258,1.78502,1.78551,1.00,1.00
2016.09.20 01:00:35.308,1.78502,1.78551,1.00,1.00
2016.09.20 01:00:35.532,1.78504,1.78551,1.00,1.00
2016.09.20 01:00:35.635,1.78496,1.78545,1.50,1.00
2016.09.20 01:00:35.737,1.78497,1.78546,1.00,1.00
2016.09.20 01:00:36.044,1.78497,1.78544,1.00,1.00
2016.09.20 01:00:37.259,1.78498,1.78545,1.00,1.00
2016.09.20 01:00:37.310,1.785,1.78549,1.00,1.00
2016.09.20 01:00:37.411,1.78501,1.78547,1.00,1.00
2016.09.20 01:00:37.513,1.78499,1.78548,1.00,1.00
2016.09.20 01:00:37.614,1.78499,1.78546,1.00,1.00
2016.09.20 01:00:38.566,1.78494,1.78542,1.00,1.00
2016.09.20 01:00:38.668,1.78492,1.78541,1.00,1.00
2016.09.20 01:00:38.921,1.78495,1.78542,1.00,1.00
2016.09.20 01:00:39.453,1.78495,1.78543,1.00,1.00
2016.09.20 01:00:40.592,1.78497,1.78544,1.00,1.00
2016.09.20 01:00:41.128,1.78498,1.78547,1.00,1.00
2016.09.20 01:00:41.179,1.78499,1.78548,1.00,1.00
2016.09.20 01:00:41.484,1.78502,1.78551,1.00,1.00
2016.09.20 01:00:41.738,1.78504,1.78553,1.00,1.00
2016.09.20 01:00:41.789,1.78504,1.78553,1.00,1.00
2016.09.20 01:00:42.497,1.78505,1.78552,1.00,1.00
2016.09.20 01:00:42.802,1.78507,1.78554,1.00,1.00
2016.09.20 01:00:42.889,1.78511,1.7856,1.00,1.75
2016.09.20 01:00:42.940,1.78512,1.78561,1.00,1.00
2016.09.20 01:00:43.345,1.78512,1.78561,1.50,1.00
2016.09.20 01:00:43.396,1.78514,1.78561,1.00,1.00
2016.09.20 01:00:43.690,1.78512,1.78561,1.50,1.00
2016.09.20 01:00:44.025,1.78514,1.78561,1.00,1.00
2016.09.20 01:00:44.355,1.78514,1.78563,1.00,1.00
2016.09.20 01:00:47.156,1.78513,1.7856,1.00,1.00
2016.09.20 01:00:47.206,1.78512,1.78559,1.50,1.00
2016.09.20 01:00:47.257,1.78509,1.78558,1.00,1.00
2016.09.20 01:00:47.793,1.78509,1.78559,1.00,1.00
2016.09.20 01:00:48.132,1.78513,1.7856,1.00,1.00
2016.09.20 01:00:48.284,1.78513,1.78563,1.00,1.00
2016.09.20 01:00:48.335,1.78514,1.78561,1.00,1.00
2016.09.20 01:00:48.487,1.78514,1.78563,1.00,1.00
2016.09.20 01:00:48.538,1.78516,1.78563,1.00,1.00
2016.09.20 01:00:48.780,1.78516,1.78565,1.00,1.00
2016.09.20 01:00:48.881,1.78518,1.78565,1.00,1.00
2016.09.20 01:00:49.135,1.7851,1.78559,1.50,1.00
2016.09.20 01:00:49.186,1.7851,1.78558,1.00,1.00
2016.09.20 01:00:49.639,1.78508,1.78557,1.00,1.00
2016.09.20 01:00:49.741,1.7851,1.78557,1.00,1.00
2016.09.20 01:00:50.051,1.78512,1.78559,1.00,1.00
2016.09.20 01:00:50.729,1.7851,1.78557,1.00,1.00
2016.09.20 01:00:51.060,1.78508,1.78557,1.00,1.00
2016.09.20 01:00:52.101,1.7851,1.78557,1.00,1.00
2016.09.20 01:00:52.516,1.7851,1.78559,1.00,1.00
2016.09.20 01:00:52.827,1.7851,1.78557,1.00,1.00
2016.09.20 01:00:53.180,1.78512,1.78562,1.00,1.00
2016.09.20 01:00:53.283,1.78515,1.78562,1.00,1.00
2016.09.20 01:00:53.486,1.78517,1.78565,1.00,1.00
2016.09.20 01:00:54.116,1.78518,1.78565,1.00,1.00
2016.09.20 01:00:54.218,1.78516,1.78565,1.00,1.00
2016.09.20 01:00:54.487,1.78518,1.78567,1.00,1.00
2016.09.20 01:00:54.812,1.78524,1.78571,1.00,1.00
2016.09.20 01:00:55.360,1.78522,1.78569,1.50,1.00
2016.09.20 01:00:55.588,1.78522,1.78571,1.50,1.00
2016.09.20 01:00:55.639,1.78519,1.78567,1.00,1.00
2016.09.20 01:00:55.690,1.78519,1.78562,1.00,1.00
2016.09.20 01:00:55.741,1.78515,1.78564,1.00,1.00
2016.09.20 01:00:55.792,1.78515,1.78562,1.00,1.00
2016.09.20 01:00:55.945,1.78516,1.78565,1.00,1.00
2016.09.20 01:00:56.300,1.78517,1.78567,1.00,1.00
2016.09.20 01:00:56.453,1.78519,1.78566,1.00,1.00
2016.09.20 01:00:56.972,1.78517,1.78566,1.00,1.00
2016.09.20 01:00:57.510,1.78516,1.78565,1.00,1.00
2016.09.20 01:00:57.614,1.78518,1.78565,1.00,1.00
2016.09.20 01:00:57.694,1.78517,1.78567,1.00,1.00
2016.09.20 01:01:00.356,1.78517,1.78566,1.00,1.00
2016.09.20 01:01:00.407,1.78515,1.78565,1.00,1.00
2016.09.20 01:01:00.458,1.78517,1.78565,1.00,1.00
2016.09.20 01:01:00.610,1.78518,1.78567,1.00,1.00
2016.09.20 01:01:00.713,1.7852,1.78568,1.00,1.00
2016.09.20 01:01:01.051,1.78526,1.78574,1.00,1.00
2016.09.20 01:01:01.804,1.78526,1.78575,1.00,1.00
2016.09.20 01:01:02.382,1.78531,1.78578,1.00,1.00
2016.09.20 01:01:02.690,1.78533,1.78578,1.00,1.00
2016.09.20 01:01:02.741,1.78533,1.7858,1.00,1.00
2016.09.20 01:01:02.846,1.78531,1.7858,1.00,1.00
2016.09.20 01:01:02.949,1.78533,1.7858,1.00,1.00
2016.09.20 01:01:03.154,1.78531,1.7858,1.00,1.00
2016.09.20 01:01:03.665,1.7853,1.78579,1.00,1.00
2016.09.20 01:01:04.054,1.78529,1.78576,1.00,1.00
2016.09.20 01:01:04.105,1.78526,1.78575,1.50,1.00
2016.09.20 01:01:04.406,1.78526,1.78573,1.50,1.00
2016.09.20 01:01:04.457,1.78526,1.78573,1.00,1.00
2016.09.20 01:01:04.508,1.78526,1.78575,1.50,1.00
2016.09.20 01:01:04.559,1.78526,1.78575,1.00,1.00
2016.09.20 01:01:05.138,1.78523,1.78572,1.00,1.00
2016.09.20 01:01:05.522,1.78525,1.78574,1.00,1.00
2016.09.20 01:01:05.624,1.78525,1.7858,1.12,1.00
2016.09.20 01:01:05.675,1.78528,1.78584,1.00,1.00
2016.09.20 01:01:05.979,1.78531,1.78586,1.00,1.00
2016.09.20 01:01:07.521,1.78531,1.78585,1.00,1.00
2016.09.20 01:01:07.724,1.7853,1.78586,1.00,1.37
2016.09.20 01:01:08.004,1.7853,1.78584,1.00,1.00
2016.09.20 01:01:08.157,1.78526,1.78584,1.87,1.00
2016.09.20 01:01:08.595,1.78526,1.78584,1.50,1.00
2016.09.20 01:01:08.696,1.78527,1.78585,1.00,1.00
2016.09.20 01:01:09.336,1.78529,1.78585,1.00,1.00
2016.09.20 01:01:10.035,1.78529,1.78585,1.00,1.12
2016.09.20 01:01:10.086,1.78526,1.78585,1.00,1.12
2016.09.20 01:01:10.137,1.78526,1.78584,1.50,1.00
2016.09.20 01:01:10.188,1.78526,1.78582,1.00,1.00
2016.09.20 01:01:10.633,1.78524,1.78579,1.00,1.00
2016.09.20 01:01:10.753,1.78522,1.78579,1.00,1.00
2016.09.20 01:01:11.347,1.7852,1.78577,1.50,1.00
2016.09.20 01:01:11.448,1.78521,1.78579,1.00,1.00
2016.09.20 01:01:12.172,1.78531,1.78581,1.00,1.00
2016.09.20 01:01:12.223,1.78527,1.78581,1.12,1.00
2016.09.20 01:01:12.274,1.78527,1.78586,1.12,1.00
2016.09.20 01:01:12.325,1.78526,1.7858,1.12,1.00
2016.09.20 01:01:12.376,1.78525,1.78577,1.87,1.00
2016.09.20 01:01:12.427,1.78525,1.78575,1.50,1.00
2016.09.20 01:01:12.478,1.78521,1.78575,1.12,1.00
2016.09.20 01:01:12.529,1.78521,1.78575,1.00,1.12
2016.09.20 01:01:12.631,1.78521,1.78575,1.00,1.00
2016.09.20 01:01:12.683,1.78515,1.78575,1.50,1.00
2016.09.20 01:01:12.734,1.78515,1.78575,1.50,1.12
2016.09.20 01:01:12.975,1.7852,1.78575,1.00,1.00
2016.09.20 01:01:13.183,1.78517,1.78575,1.50,1.50
2016.09.20 01:01:13.335,1.78517,1.78575,1.00,1.50
2016.09.20 01:01:13.386,1.78517,1.78575,1.50,1.50
2016.09.20 01:01:13.437,1.78517,1.78575,1.12,1.12
2016.09.20 01:01:13.488,1.7852,1.78576,1.00,1.37
2016.09.20 01:01:13.539,1.7852,1.78576,1.00,1.00
2016.09.20 01:01:14.046,1.7852,1.78574,1.00,1.00
2016.09.20 01:01:14.148,1.7852,1.78576,1.00,1.00
2016.09.20 01:01:14.198,1.7852,1.78574,1.00,1.00
2016.09.20 01:01:14.654,1.7852,1.78577,1.00,1.87
2016.09.20 01:01:14.755,1.7852,1.78577,1.00,1.50
2016.09.20 01:01:14.907,1.7852,1.78577,1.00,1.87
2016.09.20 01:01:15.009,1.7852,1.78577,1.00,2.25
2016.09.20 01:01:15.532,1.7852,1.78577,1.00,1.87
2016.09.20 01:01:15.633,1.7852,1.78577,1.00,1.50
2016.09.20 01:01:15.684,1.7852,1.78577,1.00,1.00
2016.09.20 01:01:16.090,1.78521,1.78579,1.50,1.00
2016.09.20 01:01:16.141,1.78521,1.7858,1.50,1.00
2016.09.20 01:01:16.242,1.78521,1.78579,1.50,1.00
2016.09.20 01:01:16.293,1.78521,1.78579,1.00,1.00
2016.09.20 01:01:16.842,1.78521,1.78578,1.00,1.00
2016.09.20 01:01:17.144,1.7852,1.78575,1.00,1.00
2016.09.20 01:01:17.296,1.78521,1.78577,1.00,1.00
2016.09.20 01:01:17.650,1.78522,1.78579,1.00,1.00
2016.09.20 01:01:17.751,1.78525,1.78579,1.00,1.00
2016.09.20 01:01:18.284,1.78525,1.7858,1.00,1.00
2016.09.20 01:01:18.588,1.78527,1.78578,1.00,1.00
2016.09.20 01:01:25.630,1.7853,1.78577,1.00,1.00
2016.09.20 01:01:27.059,1.78529,1.78576,1.00,1.00
2016.09.20 01:01:27.110,1.78527,1.78576,1.50,1.00
2016.09.20 01:01:27.161,1.78525,1.78574,1.00,1.00
2016.09.20 01:01:27.466,1.7852,1.78569,1.00,1.00
2016.09.20 01:01:27.801,1.78524,1.78569,1.00,1.00
2016.09.20 01:01:27.871,1.78522,1.78579,1.00,2.25
2016.09.20 01:01:27.922,1.78522,1.78579,1.50,1.50
2016.09.20 01:01:27.974,1.78523,1.78579,1.50,1.00
2016.09.20 01:01:28.025,1.78525,1.78579,1.00,1.00
2016.09.20 01:01:28.430,1.78526,1.78579,1.50,1.00
2016.09.20 01:01:28.481,1.78527,1.78579,1.00,1.00
2016.09.20 01:01:28.582,1.78527,1.78579,1.50,1.00
2016.09.20 01:01:28.949,1.78528,1.78579,1.00,1.00
2016.09.20 01:01:29.369,1.78541,1.78587,1.00,1.00
2016.09.20 01:01:29.420,1.78536,1.78587,1.00,1.00
2016.09.20 01:01:29.471,1.78537,1.78589,1.87,1.00
2016.09.20 01:01:29.521,1.78537,1.78589,1.87,1.00
2016.09.20 01:01:29.572,1.78541,1.78598,1.37,1.50
2016.09.20 01:01:29.623,1.78545,1.78598,1.00,1.50
2016.09.20 01:01:29.674,1.78546,1.78599,1.00,1.00
2016.09.20 01:01:30.086,1.78548,1.78599,1.00,1.00
2016.09.20 01:01:30.507,1.7855,1.78599,1.00,1.00
2016.09.20 01:01:31.019,1.7855,1.78598,1.00,1.00
2016.09.20 01:01:31.231,1.7855,1.78598,1.00,1.00
2016.09.20 01:01:31.284,1.78554,1.78608,1.00,1.37
2016.09.20 01:01:31.335,1.78554,1.78608,1.00,1.50
2016.09.20 01:01:31.690,1.7855,1.78608,1.00,1.50
2016.09.20 01:01:32.664,1.78548,1.78605,1.00,1.00
2016.09.20 01:01:32.715,1.78548,1.78598,1.00,1.00
2016.09.20 01:01:32.766,1.78542,1.78598,1.00,1.00
2016.09.20 01:01:32.919,1.78541,1.78598,1.00,1.00
2016.09.20 01:01:32.969,1.78541,1.78598,1.00,1.12
2016.09.20 01:01:33.307,1.78537,1.78597,1.00,1.00
2016.09.20 01:01:33.358,1.78537,1.78597,1.00,1.37
2016.09.20 01:01:33.510,1.78534,1.78592,1.00,1.00
2016.09.20 01:01:34.388,1.78534,1.78592,1.00,1.37
2016.09.20 01:01:34.439,1.78534,1.78592,1.00,1.75
2016.09.20 01:01:35.157,1.78534,1.78591,1.00,1.00
2016.09.20 01:01:35.259,1.78534,1.78592,1.00,1.50
2016.09.20 01:01:35.458,1.78534,1.78592,1.00,1.12
2016.09.20 01:01:35.721,1.78534,1.78592,1.00,1.00
2016.09.20 01:01:36.496,1.78536,1.78593,1.00,1.00
2016.09.20 01:01:37.272,1.78536,1.78588,1.00,1.00
2016.09.20 01:01:39.413,1.78537,1.78588,1.00,1.00
2016.09.20 01:01:41.360,1.78537,1.78589,1.37,1.00
2016.09.20 01:01:41.703,1.78536,1.78589,1.50,1.00
2016.09.20 01:01:42.305,1.78536,1.78588,1.50,1.00
2016.09.20 01:01:43.288,1.78536,1.78588,1.12,1.00
2016.09.20 01:01:43.389,1.78528,1.78586,1.12,1.37
2016.09.20 01:01:43.440,1.78528,1.78586,1.12,1.37
2016.09.20 01:01:43.491,1.78528,1.78583,1.00,1.87
2016.09.20 01:01:43.592,1.78525,1.78584,1.00,2.25
2016.09.20 01:01:43.907,1.78524,1.78582,1.00,1.00
2016.09.20 01:01:44.181,1.78524,1.78582,1.00,1.37
2016.09.20 01:01:44.283,1.78523,1.78582,1.84,1.50
2016.09.20 01:01:44.385,1.78523,1.78582,1.46,1.75
2016.09.20 01:01:45.083,1.78523,1.78582,1.09,1.75
2016.09.20 01:01:46.090,1.78524,1.78583,1.00,1.75
2016.09.20 01:01:46.335,1.78525,1.78581,1.00,1.00
2016.09.20 01:01:46.437,1.78525,1.78581,1.00,1.00
2016.09.20 01:01:46.487,1.78525,1.78585,1.00,1.75
2016.09.20 01:01:46.538,1.78525,1.78585,1.00,1.75
2016.09.20 01:01:46.833,1.78525,1.78585,1.12,1.75
2016.09.20 01:01:46.935,1.78525,1.78585,2.62,1.75
2016.09.20 01:01:46.986,1.78528,1.78585,2.25,1.37
2016.09.20 01:01:47.036,1.78529,1.78585,2.25,1.00
2016.09.20 01:01:47.088,1.78534,1.78585,1.00,1.00
2016.09.20 01:01:47.189,1.78527,1.78585,2.25,1.00
2016.09.20 01:01:47.291,1.78529,1.78586,1.75,1.12
2016.09.20 01:01:47.890,1.78529,1.78586,3.00,1.00
2016.09.20 01:01:49.414,1.78529,1.78586,1.37,1.37
2016.09.20 01:01:49.465,1.78529,1.78586,1.00,1.75
2016.09.20 01:01:49.570,1.78532,1.78581,1.00,1.00
2016.09.20 01:01:51.469,1.78534,1.78581,1.00,1.00
2016.09.20 01:01:53.207,1.78529,1.78578,1.00,1.00
2016.09.20 01:01:53.460,1.78529,1.78578,1.00,1.50
2016.09.20 01:01:53.562,1.78529,1.78578,1.00,1.00
2016.09.20 01:01:53.664,1.78526,1.78575,1.00,1.00
2016.09.20 01:01:53.765,1.78524,1.78573,1.12,1.00
2016.09.20 01:01:54.263,1.78527,1.78574,1.00,1.00
2016.09.20 01:01:54.579,1.78523,1.78569,1.00,1.00
2016.09.20 01:01:54.630,1.78523,1.78569,1.37,1.00
2016.09.20 01:01:54.681,1.78525,1.78573,1.00,1.00
2016.09.20 01:01:54.732,1.78527,1.78575,1.37,1.00
2016.09.20 01:01:54.782,1.7853,1.78576,1.00,1.00
2016.09.20 01:01:54.885,1.7853,1.78578,1.00,1.00
2016.09.20 01:01:57.419,1.78528,1.78574,1.37,1.00
2016.09.20 01:01:57.470,1.78528,1.78574,1.00,1.00
2016.09.20 01:01:57.673,1.78526,1.78574,1.00,1.00
2016.09.20 01:01:57.927,1.78526,1.78574,1.00,1.12
2016.09.20 01:01:57.978,1.78526,1.78568,1.00,1.00
2016.09.20 01:01:58.514,1.78525,1.78568,1.00,1.00
2016.09.20 01:01:58.616,1.78521,1.78569,1.00,1.00
2016.09.20 01:01:58.734,1.7852,1.78566,1.00,1.00
2016.09.20 01:01:58.836,1.78517,1.78565,1.00,1.00
2016.09.20 01:01:58.988,1.78515,1.78563,1.50,1.00
2016.09.20 01:01:59.040,1.78518,1.78564,1.00,1.00
2016.09.20 01:01:59.091,1.78518,1.78567,1.00,1.00
2016.09.20 01:01:59.142,1.78522,1.78568,1.00,1.00
2016.09.20 01:01:59.375,1.78519,1.78573,1.12,1.75
2016.09.20 01:01:59.491,1.78519,1.78576,1.87,3.00
2016.09.20 01:02:00.201,1.78514,1.78571,3.00,1.12
2016.09.20 01:02:00.430,1.78511,1.78565,1.00,1.00
2016.09.20 01:02:00.481,1.7851,1.78567,1.75,1.75
2016.09.20 01:02:00.532,1.78509,1.78568,2.25,1.75
2016.09.20 01:02:00.583,1.7851,1.78568,2.25,1.12
2016.09.20 01:02:00.634,1.7851,1.78568,3.00,1.12
2016.09.20 01:02:00.685,1.7851,1.78568,2.25,1.12
2016.09.20 01:02:00.736,1.78512,1.78568,1.75,1.12
2016.09.20 01:02:00.788,1.78512,1.78568,1.00,1.00
2016.09.20 01:02:01.146,1.78512,1.78566,1.00,1.00
2016.09.20 01:02:01.539,1.78498,1.78555,2.25,1.87
2016.09.20 01:02:01.596,1.78498,1.78549,1.75,1.00
2016.09.20 01:02:01.647,1.78496,1.78552,2.25,1.00
2016.09.20 01:02:01.699,1.78496,1.78555,3.00,2.25
2016.09.20 01:02:01.851,1.78496,1.78552,1.75,1.00
2016.09.20 01:02:01.952,1.78495,1.78552,2.25,1.12
2016.09.20 01:02:02.003,1.78495,1.78552,1.87,1.12
2016.09.20 01:02:02.054,1.78497,1.78552,1.37,1.00
2016.09.20 01:02:02.105,1.78501,1.78552,1.00,1.00
2016.09.20 01:02:02.156,1.78501,1.78555,1.00,1.50
2016.09.20 01:02:02.358,1.785,1.78555,2.25,1.12
2016.09.20 01:02:02.460,1.78501,1.78555,1.00,1.50
2016.09.20 01:02:03.284,1.78501,1.78553,1.00,1.00
2016.09.20 01:02:03.385,1.78498,1.78548,1.12,1.50
2016.09.20 01:02:03.436,1.78498,1.78548,1.12,1.00
2016.09.20 01:02:03.487,1.78498,1.78552,1.00,1.00
2016.09.20 01:02:03.741,1.78501,1.78558,1.50,1.50
2016.09.20 01:02:03.792,1.78501,1.78559,1.50,2.25
2016.09.20 01:02:03.893,1.78503,1.78557,1.00,1.00
2016.09.20 01:02:04.385,1.78506,1.78558,1.00,1.00
2016.09.20 01:02:04.991,1.78506,1.78559,1.00,1.00
2016.09.20 01:02:05.796,1.78506,1.78556,1.00,1.00
2016.09.20 01:02:05.848,1.78505,1.78563,3.00,1.37
2016.09.20 01:02:05.942,1.78508,1.78564,2.25,1.00
2016.09.20 01:02:06.248,1.78508,1.78559,2.25,1.00
2016.09.20 01:02:08.183,1.78508,1.78559,2.25,1.50
2016.09.20 01:02:08.234,1.78508,1.78555,2.25,1.00
2016.09.20 01:02:08.285,1.78506,1.78559,1.87,2.62
2016.09.20 01:02:08.336,1.78503,1.78557,1.12,1.50
2016.09.20 01:02:08.387,1.78502,1.78557,1.37,1.12
2016.09.20 01:02:08.438,1.78502,1.78558,2.25,1.00
2016.09.20 01:02:08.489,1.78502,1.78558,2.25,1.00
2016.09.20 01:02:08.539,1.78503,1.78558,1.00,1.00
2016.09.20 01:02:08.590,1.78503,1.78561,1.50,1.50
2016.09.20 01:02:08.641,1.78507,1.78561,1.12,1.00
2016.09.20 01:02:08.850,1.78511,1.78561,1.00,1.00
2016.09.20 01:02:08.902,1.78511,1.78568,1.75,1.50
2016.09.20 01:02:09.054,1.7851,1.78567,2.25,1.00
2016.09.20 01:02:09.105,1.78511,1.78567,1.50,1.12
2016.09.20 01:02:09.156,1.7851,1.78567,1.75,1.12
2016.09.20 01:02:09.257,1.7851,1.78558,1.75,1.00
2016.09.20 01:02:09.308,1.7851,1.78558,1.00,1.50
2016.09.20 01:02:09.359,1.785,1.78556,2.25,1.00
2016.09.20 01:02:09.410,1.78499,1.78556,2.25,1.37
2016.09.20 01:02:09.543,1.78499,1.78556,1.75,1.50
2016.09.20 01:02:09.695,1.785,1.78556,1.00,1.37
2016.09.20 01:02:10.184,1.78499,1.78555,1.50,1.37
2016.09.20 01:02:10.235,1.78499,1.78554,1.50,1.00
2016.09.20 01:02:10.287,1.78499,1.78555,1.12,1.75
2016.09.20 01:02:10.338,1.78499,1.78554,1.00,1.37
2016.09.20 01:02:10.388,1.78499,1.78555,1.37,1.50
2016.09.20 01:02:10.439,1.78496,1.78554,2.25,1.37
2016.09.20 01:02:11.520,1.78497,1.78555,1.75,1.50
2016.09.20 01:02:11.622,1.78498,1.78555,1.50,1.50
2016.09.20 01:02:12.439,1.78495,1.7855,2.25,1.00
2016.09.20 01:02:12.489,1.78494,1.78538,1.75,1.00
2016.09.20 01:02:12.540,1.78496,1.78538,1.00,1.00
2016.09.20 01:02:12.591,1.78491,1.78539,2.62,1.00
2016.09.20 01:02:12.642,1.78485,1.78539,2.59,1.00
2016.09.20 01:02:12.744,1.78486,1.78539,1.75,1.00
2016.09.20 01:02:12.947,1.78488,1.78538,1.50,1.00
2016.09.20 01:02:13.148,1.7849,1.78547,1.00,1.75
2016.09.20 01:02:13.199,1.78494,1.78548,1.75,1.00
2016.09.20 01:02:13.249,1.78498,1.78549,1.00,1.00
2016.09.20 01:02:13.300,1.78498,1.78551,1.00,1.00
2016.09.20 01:02:13.352,1.78498,1.78553,1.00,1.00
2016.09.20 01:02:13.402,1.78497,1.78554,1.75,1.37
2016.09.20 01:02:13.504,1.78497,1.78554,1.75,1.37
2016.09.20 01:02:13.606,1.78496,1.78554,1.75,1.50
2016.09.20 01:02:13.657,1.78495,1.78553,1.75,1.37
2016.09.20 01:02:13.707,1.78495,1.78553,1.50,1.75
2016.09.20 01:02:13.809,1.78495,1.78552,1.50,1.75
2016.09.20 01:02:13.939,1.78494,1.78551,2.25,1.50
2016.09.20 01:02:14.189,1.78495,1.78551,1.50,1.50
2016.09.20 01:02:14.936,1.785,1.78553,1.00,1.00
2016.09.20 01:02:14.987,1.785,1.78548,1.00,1.00
2016.09.20 01:02:15.037,1.78497,1.78548,1.00,1.00
2016.09.20 01:02:15.088,1.78497,1.78554,1.00,2.25
2016.09.20 01:02:15.139,1.78497,1.78555,1.37,2.25
2016.09.20 01:02:15.240,1.78497,1.78555,1.50,2.25
2016.09.20 01:02:15.474,1.78499,1.78556,1.12,1.75
2016.09.20 01:02:15.525,1.785,1.78555,1.00,1.00
2016.09.20 01:02:15.576,1.78501,1.78555,1.00,1.00
2016.09.20 01:02:17.192,1.78502,1.78556,1.50,1.00
2016.09.20 01:02:18.915,1.78502,1.78558,1.12,1.75
2016.09.20 01:02:19.017,1.78502,1.78558,1.00,1.75
2016.09.20 01:02:19.118,1.78507,1.78553,1.00,1.00
2016.09.20 01:02:19.220,1.78511,1.78557,1.00,1.50
2016.09.20 01:02:19.271,1.78512,1.78559,1.00,1.00
2016.09.20 01:02:19.423,1.78514,1.78559,1.37,1.00
2016.09.20 01:02:19.473,1.78515,1.78559,1.12,1.00
2016.09.20 01:02:19.575,1.78516,1.78563,1.00,1.50
2016.09.20 01:02:19.778,1.78516,1.78563,1.00,1.00
2016.09.20 01:02:20.110,1.78517,1.78559,1.00,1.00
2016.09.20 01:02:20.313,1.78518,1.78565,1.00,1.00
2016.09.20 01:02:20.415,1.7852,1.78566,1.00,1.50
2016.09.20 01:02:20.465,1.78522,1.78566,1.00,1.00
2016.09.20 01:02:20.516,1.78526,1.78566,1.37,1.00
2016.09.20 01:02:20.567,1.78531,1.78573,1.00,1.12
2016.09.20 01:02:20.618,1.78535,1.78573,1.00,1.00
2016.09.20 01:02:20.669,1.78535,1.78583,1.00,1.50
2016.09.20 01:02:20.720,1.78537,1.78583,1.00,1.00
2016.09.20 01:02:20.771,1.78538,1.78585,1.00,2.25
2016.09.20 01:02:20.973,1.78538,1.78584,1.00,1.00
2016.09.20 01:02:21.239,1.78538,1.78585,1.00,1.50
2016.09.20 01:02:21.289,1.78535,1.78584,1.00,1.12
2016.09.20 01:02:21.652,1.78535,1.78582,1.00,1.00
2016.09.20 01:02:22.177,1.7854,1.78586,1.00,1.37
2016.09.20 01:02:22.228,1.78539,1.78588,1.00,1.00
2016.09.20 01:02:22.989,1.78542,1.78589,1.00,1.00
2016.09.20 01:02:23.039,1.78542,1.78589,1.00,1.50
2016.09.20 01:02:23.275,1.78539,1.78585,1.00,1.00
2016.09.20 01:02:24.055,1.7854,1.78586,1.00,1.00
2016.09.20 01:02:25.011,1.7854,1.78588,1.00,1.00
2016.09.20 01:02:25.062,1.78541,1.78589,1.00,1.50
2016.09.20 01:02:28.809,1.78539,1.78588,1.00,1.00
2016.09.20 01:02:29.315,1.7854,1.78589,1.00,1.00
2016.09.20 01:02:29.931,1.7854,1.78587,1.00,1.00
2016.09.20 01:02:29.982,1.78538,1.78587,1.00,1.00
2016.09.20 01:02:30.135,1.78537,1.78584,1.00,1.00
2016.09.20 01:02:30.743,1.78539,1.78585,1.00,1.00
2016.09.20 01:02:30.794,1.78538,1.78587,1.00,1.00
2016.09.20 01:02:32.042,1.78538,1.78587,1.37,1.00
2016.09.20 01:02:32.093,1.78539,1.78587,1.00,1.00
2016.09.20 01:02:32.839,1.78538,1.78587,1.37,1.00
2016.09.20 01:02:32.893,1.78538,1.78587,1.00,1.00
2016.09.20 01:02:33.399,1.78537,1.78586,1.12,1.00
2016.09.20 01:02:34.180,1.78537,1.78586,1.37,1.00
2016.09.20 01:02:34.683,1.78537,1.78586,1.12,1.00
2016.09.20 01:02:35.344,1.78537,1.78586,1.00,1.00
2016.09.20 01:02:37.407,1.78539,1.78588,1.00,1.50
2016.09.20 01:02:37.458,1.78539,1.78586,1.00,1.00
2016.09.20 01:02:37.978,1.78538,1.78586,1.00,1.00
2016.09.20 01:02:38.955,1.78536,1.78585,1.00,1.00
2016.09.20 01:02:40.290,1.78536,1.78583,1.00,1.00
2016.09.20 01:02:40.611,1.78534,1.78584,1.00,1.00
2016.09.20 01:02:44.143,1.78535,1.78584,1.87,1.00
2016.09.20 01:02:44.195,1.78536,1.78584,1.75,1.00
2016.09.20 01:02:44.246,1.78538,1.78586,1.50,1.00
2016.09.20 01:02:44.297,1.78539,1.78587,1.00,1.00
2016.09.20 01:02:44.679,1.78539,1.78589,1.00,1.00
2016.09.20 01:02:45.682,1.78538,1.78587,1.50,1.00
2016.09.20 01:02:45.733,1.78538,1.78587,1.75,1.00
2016.09.20 01:02:45.784,1.78536,1.78585,1.75,1.00
2016.09.20 01:02:46.728,1.78535,1.78584,3.00,1.00
2016.09.20 01:02:51.218,1.78535,1.78584,1.37,1.00
2016.09.20 01:02:51.270,1.78535,1.78584,1.00,1.00
2016.09.20 01:02:51.321,1.78535,1.78584,1.12,1.00
2016.09.20 01:02:51.371,1.78535,1.78584,1.50,1.00
2016.09.20 01:02:51.519,1.78535,1.78584,1.12,1.00
2016.09.20 01:02:51.569,1.78535,1.78584,1.00,1.00
2016.09.20 01:02:52.520,1.78535,1.78579,1.00,1.00
2016.09.20 01:02:52.723,1.78532,1.78579,1.00,1.00
2016.09.20 01:02:52.780,1.7853,1.78579,1.12,1.00
2016.09.20 01:02:52.884,1.7853,1.78577,1.00,1.00
2016.09.20 01:02:52.935,1.78527,1.78577,2.25,1.00
2016.09.20 01:02:52.985,1.78527,1.78577,2.25,1.00
2016.09.20 01:02:53.087,1.7853,1.78577,1.00,1.00
2016.09.20 01:02:53.188,1.78527,1.78577,1.75,1.00
2016.09.20 01:02:53.729,1.78528,1.78578,1.75,1.00
2016.09.20 01:02:53.831,1.78528,1.78576,1.75,1.00
2016.09.20 01:02:53.882,1.78529,1.78577,1.50,1.00
2016.09.20 01:02:53.932,1.78529,1.78579,1.50,1.00
2016.09.20 01:02:53.983,1.78531,1.78581,1.00,1.00
2016.09.20 01:02:54.617,1.78531,1.7858,1.00,1.00
2016.09.20 01:02:54.881,1.78532,1.78582,1.00,1.00
2016.09.20 01:02:55.860,1.78531,1.78581,1.00,1.00
2016.09.20 01:02:57.319,1.7853,1.78578,1.00,1.00
2016.09.20 01:02:57.421,1.7853,1.78578,1.00,1.50
2016.09.20 01:02:57.522,1.78528,1.78577,1.12,1.00
2016.09.20 01:02:57.674,1.78527,1.78577,1.00,1.00
2016.09.20 01:02:59.467,1.78527,1.78577,1.12,1.00
2016.09.20 01:03:01.577,1.78527,1.78577,1.37,1.00
2016.09.20 01:03:01.628,1.78529,1.78577,1.00,1.00
2016.09.20 01:03:04.853,1.78529,1.78576,1.00,1.00
2016.09.20 01:03:05.463,1.78528,1.78576,1.00,1.00
2016.09.20 01:03:05.810,1.7853,1.78578,1.00,1.50
2016.09.20 01:03:06.394,1.78528,1.78578,1.00,1.00
2016.09.20 01:03:08.371,1.78528,1.78578,1.00,1.50
2016.09.20 01:03:08.649,1.78529,1.78578,1.00,1.00
2016.09.20 01:03:09.000,1.78527,1.78577,1.50,1.00
2016.09.20 01:03:09.051,1.78529,1.78577,1.00,1.00
2016.09.20 01:03:09.686,1.78528,1.78579,1.50,1.50
2016.09.20 01:03:09.770,1.78528,1.78577,1.50,1.00
2016.09.20 01:03:11.936,1.78527,1.78578,1.50,1.00
2016.09.20 01:03:12.240,1.78525,1.78575,1.12,1.00
2016.09.20 01:03:12.304,1.78525,1.78575,1.00,1.00
2016.09.20 01:03:12.406,1.78523,1.78574,1.37,1.00
2016.09.20 01:03:12.457,1.78522,1.78572,1.50,1.00
2016.09.20 01:03:12.558,1.7852,1.7857,2.25,1.00
2016.09.20 01:03:12.846,1.7852,1.7857,1.75,1.00
2016.09.20 01:03:13.006,1.78521,1.78569,1.00,1.00
2016.09.20 01:03:13.646,1.78521,1.78568,1.00,1.00
2016.09.20 01:03:13.748,1.78518,1.78568,1.75,1.00
2016.09.20 01:03:18.336,1.78516,1.78566,2.25,1.00
2016.09.20 01:03:18.387,1.78515,1.78566,1.75,1.00
2016.09.20 01:03:19.866,1.78517,1.78566,1.37,1.00
2016.09.20 01:03:19.917,1.78517,1.78566,2.25,1.00
2016.09.20 01:03:20.069,1.78517,1.78568,2.25,1.00
2016.09.20 01:03:21.166,1.78519,1.78569,3.00,1.00
2016.09.20 01:03:21.236,1.78527,1.78578,1.00,1.87
2016.09.20 01:03:21.291,1.78526,1.78574,1.00,1.00
2016.09.20 01:03:21.343,1.78523,1.78571,1.00,1.00
2016.09.20 01:03:21.394,1.7852,1.7857,1.50,1.00
2016.09.20 01:03:21.445,1.78518,1.78569,1.75,1.00
2016.09.20 01:03:21.598,1.78519,1.7857,1.50,1.00
2016.09.20 01:03:21.701,1.78519,1.7857,1.12,1.37
2016.09.20 01:03:21.752,1.78518,1.78567,1.00,1.00
2016.09.20 01:03:22.043,1.78509,1.7856,1.00,1.00
2016.09.20 01:03:22.145,1.78505,1.78554,1.50,1.00
2016.09.20 01:03:22.196,1.78502,1.78553,1.37,1.37
2016.09.20 01:03:22.247,1.785,1.78548,1.00,1.00
2016.09.20 01:03:22.349,1.78498,1.78549,1.50,1.00
2016.09.20 01:03:22.401,1.78499,1.7855,1.00,1.00
2016.09.20 01:03:22.453,1.785,1.78548,1.00,1.00
2016.09.20 01:03:22.656,1.785,1.78551,1.00,1.00
2016.09.20 01:03:25.913,1.785,1.78551,1.37,1.00
2016.09.20 01:03:25.964,1.785,1.78551,1.50,1.00
2016.09.20 01:03:26.204,1.78497,1.78548,3.75,1.00
2016.09.20 01:03:26.255,1.78496,1.78545,1.50,1.00
2016.09.20 01:03:26.356,1.78496,1.78545,1.12,1.00
2016.09.20 01:03:26.559,1.78496,1.78547,1.12,1.00
2016.09.20 01:03:26.660,1.78496,1.78547,1.75,1.00
2016.09.20 01:03:27.115,1.78499,1.78548,1.12,1.00
2016.09.20 01:03:27.474,1.785,1.78549,1.12,1.50
2016.09.20 01:03:27.525,1.785,1.78549,1.37,1.50
2016.09.20 01:03:27.576,1.78502,1.78549,1.12,1.00
2016.09.20 01:03:28.034,1.78504,1.78549,1.00,1.00
2016.09.20 01:03:28.638,1.78503,1.78549,1.00,1.00
2016.09.20 01:03:28.741,1.78505,1.78548,1.00,1.00
2016.09.20 01:03:30.348,1.78505,1.78549,1.00,1.00
2016.09.20 01:03:31.216,1.78504,1.78549,1.00,1.00
2016.09.20 01:03:31.267,1.78501,1.78549,1.00,1.00
2016.09.20 01:03:31.657,1.78501,1.78549,1.75,1.00
2016.09.20 01:03:31.708,1.78505,1.78548,1.00,1.00
2016.09.20 01:03:31.759,1.78503,1.78548,1.50,1.00
2016.09.20 01:03:32.012,1.78505,1.78548,1.12,1.00
2016.09.20 01:03:32.164,1.78502,1.78548,1.50,1.00
2016.09.20 01:03:32.265,1.78502,1.78548,1.12,1.00
2016.09.20 01:03:32.332,1.78502,1.78548,1.00,1.00
2016.09.20 01:03:35.060,1.78503,1.78548,1.00,1.00
2016.09.20 01:03:38.354,1.78502,1.78548,1.00,1.00
2016.09.20 01:03:39.253,1.785,1.78548,1.00,1.00
2016.09.20 01:03:39.355,1.78502,1.78548,1.00,1.00
2016.09.20 01:03:41.598,1.78502,1.78549,1.00,1.00
2016.09.20 01:03:41.950,1.78503,1.78549,1.12,1.00
2016.09.20 01:03:42.001,1.78503,1.78552,1.12,1.00
2016.09.20 01:03:42.450,1.78504,1.78555,1.00,1.50
2016.09.20 01:03:42.960,1.785,1.78549,1.37,1.00
2016.09.20 01:03:43.190,1.78498,1.78547,1.75,1.00
2016.09.20 01:03:43.241,1.78498,1.78548,1.37,1.50
2016.09.20 01:03:43.291,1.78498,1.78548,1.37,1.00
2016.09.20 01:03:43.342,1.785,1.78549,1.00,1.50
2016.09.20 01:03:43.393,1.785,1.78549,1.12,1.50
2016.09.20 01:03:43.495,1.785,1.78549,1.50,1.50
2016.09.20 01:03:43.698,1.78499,1.78549,1.75,1.00
2016.09.20 01:03:43.904,1.785,1.78548,1.50,1.00
2016.09.20 01:03:43.955,1.78498,1.78548,2.25,1.00
2016.09.20 01:03:44.107,1.78499,1.78548,1.00,1.00
2016.09.20 01:03:44.385,1.78499,1.78549,1.00,1.50
2016.09.20 01:03:44.437,1.78497,1.78548,1.12,1.00
2016.09.20 01:03:44.589,1.78497,1.78548,1.00,1.00
2016.09.20 01:03:44.907,1.78497,1.78548,1.00,1.50
2016.09.20 01:03:45.208,1.78498,1.78548,1.00,1.00
2016.09.20 01:03:45.258,1.785,1.78548,1.00,1.00
2016.09.20 01:03:51.473,1.785,1.78549,1.00,1.00
2016.09.20 01:03:51.574,1.78499,1.78548,1.50,1.00
2016.09.20 01:03:51.858,1.78501,1.78548,1.00,1.00
2016.09.20 01:03:51.909,1.78498,1.78549,1.50,1.50
2016.09.20 01:03:52.010,1.78498,1.78549,1.00,1.50
2016.09.20 01:03:52.173,1.78498,1.78549,1.12,1.50
2016.09.20 01:03:52.224,1.78498,1.78549,1.12,1.00
2016.09.20 01:03:52.275,1.785,1.78549,1.00,1.00
2016.09.20 01:03:52.422,1.785,1.78549,1.50,1.00
2016.09.20 01:03:52.523,1.785,1.78549,1.00,1.00
2016.09.20 01:03:52.574,1.785,1.78549,1.12,1.00
2016.09.20 01:03:52.625,1.785,1.78549,1.50,1.00
2016.09.20 01:03:56.071,1.785,1.78549,1.50,1.50
2016.09.20 01:03:56.122,1.785,1.78549,1.50,1.50
2016.09.20 01:03:56.800,1.78501,1.78549,1.12,1.00
2016.09.20 01:03:56.851,1.785,1.78549,1.50,1.50
2016.09.20 01:03:57.040,1.78501,1.78549,1.12,1.00
2016.09.20 01:03:57.196,1.78499,1.78549,1.75,1.00
2016.09.20 01:03:57.779,1.785,1.78549,1.50,1.50
2016.09.20 01:03:57.961,1.78499,1.78549,1.75,1.00
2016.09.20 01:03:58.012,1.785,1.78549,1.50,1.50
2016.09.20 01:03:58.164,1.78501,1.78549,1.12,1.00
2016.09.20 01:03:58.214,1.785,1.78549,1.50,1.50
2016.09.20 01:03:58.316,1.785,1.78549,1.50,1.50
2016.09.20 01:03:59.172,1.78496,1.78548,3.00,1.00
2016.09.20 01:03:59.223,1.78496,1.78548,1.75,1.00
2016.09.20 01:03:59.324,1.78493,1.78543,1.00,1.12
2016.09.20 01:03:59.375,1.78493,1.78542,1.00,1.00
2016.09.20 01:03:59.426,1.78493,1.78542,1.00,1.37
2016.09.20 01:03:59.527,1.78493,1.78542,1.00,1.00
2016.09.20 01:03:59.692,1.78493,1.78542,1.00,1.37
2016.09.20 01:03:59.793,1.78493,1.78542,1.00,1.50
2016.09.20 01:04:00.118,1.78493,1.78542,1.00,1.12
2016.09.20 01:04:00.298,1.78493,1.78538,1.00,1.00
2016.09.20 01:04:00.349,1.78488,1.78537,1.00,1.00
2016.09.20 01:04:00.922,1.78487,1.78538,1.00,1.00
2016.09.20 01:04:01.029,1.78489,1.78538,1.00,1.87
2016.09.20 01:04:01.578,1.78487,1.78538,1.00,1.87
2016.09.20 01:04:01.896,1.78489,1.78538,1.00,1.12
2016.09.20 01:04:01.998,1.78487,1.78538,1.00,1.12
2016.09.20 01:04:02.164,1.78488,1.78539,1.00,2.25
2016.09.20 01:04:02.214,1.78487,1.78538,1.00,1.12
2016.09.20 01:04:02.366,1.78489,1.78538,1.00,1.12
2016.09.20 01:04:02.417,1.7849,1.78539,1.00,1.00
2016.09.20 01:04:02.620,1.7849,1.78539,1.00,1.50
2016.09.20 01:04:03.021,1.7849,1.78541,1.00,1.50
2016.09.20 01:04:03.696,1.7849,1.78541,1.00,1.37
2016.09.20 01:04:03.747,1.7849,1.78541,1.00,1.00
2016.09.20 01:04:03.849,1.7849,1.78541,1.12,1.00
2016.09.20 01:04:03.918,1.7849,1.78541,1.00,1.00
2016.09.20 01:04:04.247,1.7849,1.78539,1.00,1.00
2016.09.20 01:04:04.712,1.78487,1.78538,1.00,1.50
2016.09.20 01:04:05.017,1.78488,1.78538,1.00,1.00
2016.09.20 01:04:05.067,1.78487,1.78538,1.00,1.50
2016.09.20 01:04:05.923,1.78487,1.78538,1.00,1.87
2016.09.20 01:04:06.126,1.78486,1.78537,1.00,1.00
2016.09.20 01:04:06.430,1.78484,1.78533,1.12,1.12
2016.09.20 01:04:06.480,1.78479,1.7853,3.75,1.00
2016.09.20 01:04:06.531,1.78479,1.7853,1.87,1.12
2016.09.20 01:04:06.633,1.78479,1.78529,1.00,1.50
2016.09.20 01:04:06.683,1.78478,1.78527,1.00,1.00
2016.09.20 01:04:06.941,1.78478,1.78527,1.00,1.12
2016.09.20 01:04:07.144,1.78477,1.78526,1.00,1.00
2016.09.20 01:04:07.414,1.78478,1.78528,1.00,1.87
2016.09.20 01:04:07.465,1.78478,1.78528,1.00,1.50
2016.09.20 01:04:08.214,1.78477,1.78528,1.00,1.50
2016.09.20 01:04:08.265,1.78475,1.78528,1.12,1.87
2016.09.20 01:04:08.316,1.78475,1.78527,1.00,1.12
2016.09.20 01:04:08.368,1.78472,1.78523,1.50,1.00
2016.09.20 01:04:08.547,1.78473,1.78525,1.00,1.00
2016.09.20 01:04:09.130,1.78474,1.78523,1.00,1.00
2016.09.20 01:04:09.535,1.78477,1.78528,1.00,2.62
2016.09.20 01:04:09.586,1.78479,1.78528,1.00,1.87
2016.09.20 01:04:09.637,1.78481,1.78529,1.00,1.37
2016.09.20 01:04:09.861,1.78478,1.78529,1.00,1.87
2016.09.20 01:04:09.912,1.7848,1.78529,1.00,1.50
2016.09.20 01:04:09.963,1.78478,1.78529,1.00,1.00
2016.09.20 01:04:10.271,1.7848,1.78528,1.00,1.00
2016.09.20 01:04:10.535,1.7848,1.78529,1.00,1.87
2016.09.20 01:04:11.188,1.78479,1.78528,1.00,1.00
2016.09.20 01:04:11.340,1.78479,1.78529,1.00,1.12
2016.09.20 01:04:12.177,1.78481,1.78529,1.00,1.12
2016.09.20 01:04:14.255,1.7848,1.78529,1.00,1.87
2016.09.20 01:04:14.306,1.78479,1.78528,1.00,1.00
2016.09.20 01:04:16.138,1.7848,1.78529,1.00,1.87
2016.09.20 01:04:17.143,1.7848,1.78529,1.00,1.50
2016.09.20 01:04:17.244,1.7848,1.78529,1.00,1.00
2016.09.20 01:04:18.178,1.7848,1.78529,1.12,1.00
2016.09.20 01:04:19.779,1.78481,1.78529,1.00,1.00
2016.09.20 01:04:20.070,1.78475,1.78518,1.37,1.00
2016.09.20 01:04:20.121,1.78474,1.78525,1.50,1.00
2016.09.20 01:04:20.171,1.78474,1.78523,1.00,1.12
2016.09.20 01:04:20.222,1.78472,1.78518,1.37,1.00
2016.09.20 01:04:20.273,1.78466,1.78518,1.87,1.50
2016.09.20 01:04:20.324,1.78468,1.78517,1.12,1.00
2016.09.20 01:04:20.375,1.78466,1.78515,1.75,1.00
2016.09.20 01:04:20.426,1.78466,1.78515,1.75,1.50
2016.09.20 01:04:20.541,1.78463,1.78514,1.87,1.00
2016.09.20 01:04:20.785,1.78463,1.78512,1.12,1.00
2016.09.20 01:04:20.836,1.78463,1.78515,1.12,1.00
2016.09.20 01:04:20.937,1.78466,1.78515,1.00,1.00
2016.09.20 01:04:21.039,1.78466,1.78517,1.00,1.00
2016.09.20 01:04:22.446,1.78466,1.78515,1.00,1.00
2016.09.20 01:04:22.993,1.78467,1.78516,1.00,1.00
2016.09.20 01:04:23.044,1.78465,1.78516,1.00,1.00
2016.09.20 01:04:24.491,1.78465,1.78516,1.12,1.00
2016.09.20 01:04:25.406,1.78467,1.78516,1.00,1.00
2016.09.20 01:04:25.458,1.78458,1.78507,1.75,1.00
2016.09.20 01:04:25.509,1.78455,1.78492,2.25,1.00
2016.09.20 01:04:25.560,1.78452,1.78483,1.87,1.00
2016.09.20 01:04:25.611,1.78447,1.78489,1.00,1.37
2016.09.20 01:04:25.662,1.78434,1.78485,1.00,1.00
2016.09.20 01:04:25.713,1.78427,1.78483,1.75,1.00
2016.09.20 01:04:25.764,1.78426,1.78483,2.25,1.00
2016.09.20 01:04:25.816,1.78426,1.78483,3.00,1.00
2016.09.20 01:04:26.244,1.78435,1.78491,1.00,1.50
2016.09.20 01:04:26.296,1.78435,1.78491,1.12,1.75
2016.09.20 01:04:26.738,1.78431,1.78483,2.25,1.00
2016.09.20 01:04:26.789,1.7843,1.78482,1.00,1.37
2016.09.20 01:04:26.840,1.78423,1.7848,1.75,1.37
2016.09.20 01:04:26.891,1.78423,1.7848,3.00,1.12
2016.09.20 01:04:27.757,1.78423,1.7848,3.00,1.12
2016.09.20 01:04:28.827,1.78424,1.7848,1.75,1.12
2016.09.20 01:04:28.979,1.78424,1.7848,1.75,1.00
2016.09.20 01:04:29.500,1.78421,1.78478,3.00,1.00
2016.09.20 01:04:29.551,1.7842,1.78477,1.87,1.12
2016.09.20 01:04:29.602,1.78418,1.78475,1.00,1.00
2016.09.20 01:04:29.879,1.78412,1.78471,1.00,1.00
2016.09.20 01:04:29.930,1.78409,1.78469,1.34,1.00
2016.09.20 01:04:30.032,1.78409,1.7847,1.84,1.00
2016.09.20 01:04:30.234,1.78409,1.7847,1.34,1.50
2016.09.20 01:04:30.437,1.7841,1.7847,1.34,1.00
2016.09.20 01:04:30.487,1.78411,1.7847,1.09,1.00
2016.09.20 01:04:30.538,1.78411,1.78471,1.09,1.50
2016.09.20 01:04:31.000,1.78412,1.78471,1.00,1.50
2016.09.20 01:04:32.268,1.78413,1.78471,1.00,1.00
2016.09.20 01:04:32.318,1.78411,1.78471,1.09,1.00
2016.09.20 01:04:32.369,1.78411,1.78469,1.09,1.00
2016.09.20 01:04:32.576,1.7841,1.7847,1.34,1.00
2016.09.20 01:04:32.628,1.7841,1.78469,1.84,1.00
2016.09.20 01:04:32.679,1.7841,1.78469,1.84,1.00
2016.09.20 01:04:32.730,1.7841,1.78469,1.34,1.00
2016.09.20 01:04:33.558,1.7841,1.78468,1.34,1.00
2016.09.20 01:04:33.609,1.78402,1.78459,1.37,1.00
2016.09.20 01:04:33.660,1.784,1.78459,1.12,1.87
2016.09.20 01:04:33.877,1.78398,1.78457,1.87,1.12
2016.09.20 01:04:33.928,1.78396,1.78457,2.25,1.12
2016.09.20 01:04:33.979,1.78396,1.78457,1.50,1.12
2016.09.20 01:04:34.131,1.78396,1.78457,2.25,1.12
2016.09.20 01:04:35.869,1.78401,1.78457,1.00,1.12
2016.09.20 01:04:35.920,1.78401,1.78457,1.37,1.00
2016.09.20 01:04:35.971,1.78402,1.78457,1.50,1.00
2016.09.20 01:04:36.022,1.78404,1.78461,1.00,1.00
2016.09.20 01:04:36.096,1.78406,1.78461,1.00,1.00
2016.09.20 01:04:36.377,1.78401,1.78461,1.37,1.00
2016.09.20 01:04:36.427,1.78401,1.78461,1.12,1.00
2016.09.20 01:04:36.529,1.78403,1.78461,1.00,1.00
2016.09.20 01:04:36.786,1.78401,1.78461,1.12,1.00
2016.09.20 01:04:36.841,1.78402,1.78461,1.00,1.00
2016.09.20 01:04:37.144,1.78402,1.78461,1.50,1.00
2016.09.20 01:04:37.195,1.78402,1.78461,1.00,1.00
2016.09.20 01:04:37.398,1.78402,1.78461,1.50,1.00
2016.09.20 01:04:37.499,1.78402,1.78461,1.00,1.00
2016.09.20 01:04:37.600,1.78402,1.78461,1.12,1.00
2016.09.20 01:04:37.765,1.78404,1.78461,1.00,1.00
2016.09.20 01:04:38.782,1.78403,1.78461,1.00,1.00
2016.09.20 01:04:38.833,1.78402,1.78461,1.87,1.00
2016.09.20 01:04:39.047,1.78403,1.78461,1.00,1.00
2016.09.20 01:04:39.198,1.78403,1.78461,1.75,1.00
2016.09.20 01:04:39.452,1.78402,1.78463,1.75,1.00
2016.09.20 01:04:40.119,1.78404,1.78463,1.50,1.00
2016.09.20 01:04:40.336,1.78406,1.78465,1.00,1.00
2016.09.20 01:04:41.200,1.78408,1.78465,1.00,1.00
2016.09.20 01:04:41.251,1.78408,1.78463,1.00,1.00
2016.09.20 01:04:45.027,1.78409,1.78469,1.50,1.00
2016.09.20 01:04:45.129,1.78411,1.78469,1.00,1.00
2016.09.20 01:04:45.180,1.7841,1.78469,1.50,1.00
2016.09.20 01:04:45.231,1.7841,1.78469,2.59,1.00
2016.09.20 01:04:45.282,1.78412,1.78472,1.84,1.00
2016.09.20 01:04:45.333,1.78415,1.78474,1.37,1.00
2016.09.20 01:04:45.383,1.78415,1.78474,1.75,1.00
2016.09.20 01:04:45.434,1.78418,1.78474,1.00,1.00
2016.09.20 01:04:45.485,1.78415,1.78474,1.75,1.00
2016.09.20 01:04:46.198,1.78415,1.78474,1.75,1.00
2016.09.20 01:04:46.628,1.78416,1.78474,1.12,1.00
2016.09.20 01:04:46.730,1.78416,1.78474,1.50,1.00
2016.09.20 01:04:48.828,1.78417,1.78474,1.00,1.00
2016.09.20 01:04:48.879,1.7842,1.78474,1.00,1.00
2016.09.20 01:04:49.094,1.7842,1.78474,2.62,1.00
2016.09.20 01:04:49.145,1.78421,1.78479,2.25,1.00
2016.09.20 01:04:53.311,1.7842,1.78479,3.00,1.00
2016.09.20 01:04:53.413,1.78424,1.78479,1.00,1.00
2016.09.20 01:04:53.463,1.78424,1.78481,1.00,1.00
2016.09.20 01:04:53.550,1.78428,1.78477,1.00,1.00
2016.09.20 01:04:55.840,1.78427,1.78479,1.00,1.50
2016.09.20 01:04:55.891,1.78425,1.78474,1.00,1.00
2016.09.20 01:04:55.992,1.78423,1.78475,1.00,1.00
2016.09.20 01:04:56.518,1.78423,1.78474,1.00,1.00
2016.09.20 01:04:59.124,1.78423,1.78474,1.00,1.37
2016.09.20 01:04:59.225,1.78423,1.78474,1.00,1.50
2016.09.20 01:04:59.506,1.78423,1.78472,1.00,1.00
2016.09.20 01:05:00.020,1.78423,1.78473,1.00,1.37
2016.09.20 01:05:00.091,1.78422,1.78472,1.00,1.12
2016.09.20 01:05:00.142,1.78423,1.78473,1.00,1.00
2016.09.20 01:05:00.294,1.78424,1.78474,1.00,1.87
2016.09.20 01:05:00.345,1.78425,1.78474,1.00,1.00
2016.09.20 01:05:00.548,1.78422,1.78468,1.00,1.00
2016.09.20 01:05:00.599,1.78421,1.78468,1.12,1.00
2016.09.20 01:05:00.684,1.78416,1.78468,2.25,1.50
2016.09.20 01:05:00.735,1.78417,1.78468,1.00,1.00
2016.09.20 01:05:00.786,1.78416,1.78464,1.00,1.00
2016.09.20 01:05:01.009,1.78413,1.78464,1.37,1.00
2016.09.20 01:05:01.060,1.78424,1.78469,1.00,1.12
2016.09.20 01:05:01.150,1.78422,1.78477,1.37,1.50
2016.09.20 01:05:01.204,1.78425,1.78477,1.00,1.00
2016.09.20 01:05:01.255,1.78427,1.78482,2.25,1.00
2016.09.20 01:05:01.306,1.78428,1.78482,1.50,1.00
2016.09.20 01:05:01.357,1.7843,1.78484,1.37,1.00
2016.09.20 01:05:01.458,1.78431,1.78488,1.87,1.00
2016.09.20 01:05:01.559,1.78432,1.78491,1.50,1.00
2016.09.20 01:05:01.610,1.78432,1.78491,1.50,1.50
2016.09.20 01:05:01.921,1.78433,1.7849,1.50,1.00
2016.09.20 01:05:01.972,1.78435,1.78494,1.00,1.00
2016.09.20 01:05:02.235,1.78435,1.78494,1.00,1.37
2016.09.20 01:05:02.286,1.78435,1.78494,1.00,1.75
2016.09.20 01:05:02.337,1.78434,1.78494,1.12,2.25
2016.09.20 01:05:02.752,1.78434,1.78491,1.12,1.00
2016.09.20 01:05:02.930,1.78435,1.78493,1.00,1.50
2016.09.20 01:05:02.981,1.78435,1.78493,1.00,1.12
2016.09.20 01:05:03.053,1.78436,1.78494,1.00,1.00
2016.09.20 01:05:03.212,1.78436,1.78495,1.00,2.25
2016.09.20 01:05:03.263,1.78436,1.78495,1.50,1.50
2016.09.20 01:05:03.314,1.78436,1.78495,1.50,1.50
2016.09.20 01:05:03.365,1.78436,1.78493,1.00,1.00
2016.09.20 01:05:04.823,1.78435,1.78493,1.00,1.00
2016.09.20 01:05:04.874,1.78434,1.7849,1.12,1.00
2016.09.20 01:05:04.975,1.78432,1.78489,1.50,1.00
2016.09.20 01:05:05.192,1.78431,1.78489,1.00,1.50
2016.09.20 01:05:05.244,1.78431,1.78484,1.00,1.87
2016.09.20 01:05:05.296,1.78429,1.78479,1.00,1.12
2016.09.20 01:05:05.347,1.78429,1.78479,1.12,1.00
2016.09.20 01:05:05.398,1.78429,1.78485,1.12,1.12
2016.09.20 01:05:05.449,1.7843,1.78485,1.12,1.00
2016.09.20 01:05:05.675,1.78431,1.78487,1.75,1.12
2016.09.20 01:05:05.726,1.78438,1.78487,1.00,1.12
2016.09.20 01:05:05.777,1.78442,1.78492,1.00,1.00
2016.09.20 01:05:05.879,1.7844,1.78495,1.00,1.12
2016.09.20 01:05:05.930,1.78439,1.78495,1.12,1.12
2016.09.20 01:05:06.133,1.78441,1.78495,1.00,1.12
2016.09.20 01:05:06.184,1.78441,1.78497,1.12,1.00
2016.09.20 01:05:06.286,1.78442,1.78497,1.00,1.12
2016.09.20 01:05:06.388,1.78444,1.78501,1.50,1.00
2016.09.20 01:05:06.489,1.78444,1.78501,1.00,1.50
2016.09.20 01:05:06.591,1.78444,1.78499,1.00,1.75
2016.09.20 01:05:06.778,1.78444,1.78496,1.00,1.00
2016.09.20 01:05:06.829,1.78442,1.78496,1.12,1.00
2016.09.20 01:05:06.880,1.78441,1.78498,1.09,1.75
2016.09.20 01:05:07.198,1.78441,1.78494,1.09,1.00
2016.09.20 01:05:07.819,1.7844,1.78494,1.34,1.00
2016.09.20 01:05:08.900,1.7844,1.78496,1.34,1.50
2016.09.20 01:05:09.403,1.7844,1.78494,1.34,1.00
2016.09.20 01:05:09.827,1.78442,1.78494,1.00,1.00
2016.09.20 01:05:10.193,1.78441,1.78497,1.00,3.00
2016.09.20 01:05:10.294,1.78441,1.78494,1.00,1.00
2016.09.20 01:05:10.406,1.78441,1.78494,1.00,1.50
2016.09.20 01:05:10.457,1.78441,1.78496,1.00,1.75
2016.09.20 01:05:10.558,1.78441,1.78494,1.00,1.50
2016.09.20 01:05:10.609,1.78441,1.78493,1.00,1.00
2016.09.20 01:05:10.862,1.7844,1.78493,1.00,1.50
2016.09.20 01:05:11.267,1.7844,1.78497,1.87,1.12
2016.09.20 01:05:11.318,1.78442,1.78497,1.00,1.12
2016.09.20 01:05:11.369,1.78442,1.78494,1.00,1.00
2016.09.20 01:05:11.583,1.78442,1.78497,1.00,1.50
2016.09.20 01:05:12.118,1.7844,1.78497,1.50,1.50
2016.09.20 01:05:12.169,1.7844,1.78498,1.00,1.75
2016.09.20 01:05:12.669,1.7844,1.78495,1.00,1.37
2016.09.20 01:05:12.771,1.78441,1.78495,1.00,1.00
2016.09.20 01:05:12.873,1.78442,1.78498,1.00,1.75
2016.09.20 01:05:13.083,1.78442,1.78501,1.00,3.00
2016.09.20 01:05:13.286,1.78441,1.78498,1.00,1.75
2016.09.20 01:05:17.761,1.78441,1.78501,1.00,3.00
2016.09.20 01:05:18.086,1.78441,1.78498,1.00,1.75
2016.09.20 01:05:18.279,1.78441,1.78498,1.50,1.00
2016.09.20 01:05:18.380,1.78441,1.78498,2.25,1.00
2016.09.20 01:05:18.431,1.78442,1.78498,1.12,1.00
2016.09.20 01:05:18.894,1.78442,1.78498,1.50,1.00
2016.09.20 01:05:19.379,1.78441,1.78498,1.75,1.87
2016.09.20 01:05:19.430,1.78441,1.78492,1.37,1.87
2016.09.20 01:05:19.632,1.78441,1.78492,1.37,1.87
2016.09.20 01:05:19.708,1.78432,1.78486,1.12,1.00
2016.09.20 01:05:19.809,1.78432,1.78486,3.00,1.12
2016.09.20 01:05:19.915,1.78435,1.78493,1.12,1.75
2016.09.20 01:05:20.118,1.78434,1.78493,1.37,1.75
2016.09.20 01:05:20.219,1.78438,1.78491,1.00,1.00
2016.09.20 01:05:20.320,1.78438,1.78495,1.00,1.50
2016.09.20 01:05:21.060,1.78443,1.78495,1.00,2.25
2016.09.20 01:05:21.719,1.7844,1.7849,1.00,1.00
2016.09.20 01:05:21.821,1.7844,1.7849,1.00,1.75
2016.09.20 01:05:21.922,1.78436,1.78488,1.00,1.50
2016.09.20 01:05:21.973,1.78436,1.78487,1.00,1.37
2016.09.20 01:05:22.024,1.78436,1.78487,1.00,1.75
2016.09.20 01:05:22.084,1.78436,1.78486,1.00,1.00
2016.09.20 01:05:22.186,1.78438,1.78487,1.00,1.75
2016.09.20 01:05:22.373,1.78438,1.78488,1.00,1.37
2016.09.20 01:05:22.424,1.78439,1.78489,1.00,1.75
2016.09.20 01:05:22.606,1.78436,1.78486,1.00,1.00
2016.09.20 01:05:22.656,1.78436,1.78486,1.00,1.37
2016.09.20 01:05:22.707,1.78436,1.78486,1.00,1.75
2016.09.20 01:05:22.809,1.78437,1.78486,1.00,1.00
2016.09.20 01:05:22.893,1.78437,1.78486,1.00,1.00
2016.09.20 01:05:22.944,1.78437,1.78487,1.00,1.50
2016.09.20 01:05:22.995,1.78441,1.7849,1.00,1.75
2016.09.20 01:05:23.148,1.78437,1.78489,1.00,1.75
2016.09.20 01:05:23.198,1.78436,1.78487,1.00,1.50
2016.09.20 01:05:23.300,1.78436,1.78487,1.00,1.87
2016.09.20 01:05:23.351,1.78435,1.78485,1.00,1.12
2016.09.20 01:05:23.401,1.78438,1.78487,1.00,1.75
2016.09.20 01:05:23.585,1.78438,1.7849,1.00,3.00
2016.09.20 01:05:23.636,1.7844,1.78492,1.00,3.00
2016.09.20 01:05:23.738,1.78436,1.78488,1.00,1.50
2016.09.20 01:05:23.789,1.78435,1.78487,1.00,1.75
2016.09.20 01:05:23.941,1.78436,1.78486,1.00,1.50
2016.09.20 01:05:24.042,1.78438,1.78486,1.00,1.00
2016.09.20 01:05:24.093,1.78438,1.78489,1.00,1.75
2016.09.20 01:05:24.144,1.78436,1.78489,1.00,1.87
2016.09.20 01:05:24.195,1.78437,1.78489,1.00,1.37
2016.09.20 01:05:24.246,1.78437,1.78489,1.00,1.75
2016.09.20 01:05:24.296,1.78436,1.78486,1.00,1.37
2016.09.20 01:05:24.398,1.78434,1.78484,1.00,1.12
2016.09.20 01:05:24.500,1.78436,1.78486,1.00,1.50
2016.09.20 01:05:24.550,1.78436,1.78486,1.00,1.12
2016.09.20 01:05:24.601,1.78436,1.78486,1.00,1.00
2016.09.20 01:05:24.753,1.78435,1.78487,1.12,1.37
2016.09.20 01:05:24.804,1.78435,1.78488,1.00,2.25
2016.09.20 01:05:25.233,1.78436,1.78486,1.00,2.25
2016.09.20 01:05:25.284,1.78436,1.78486,1.00,1.50
2016.09.20 01:05:25.390,1.78436,1.78486,1.00,1.12
2016.09.20 01:05:25.441,1.78436,1.78486,1.00,1.37
2016.09.20 01:05:25.644,1.78436,1.78486,1.00,1.00
2016.09.20 01:05:27.775,1.78437,1.78487,1.00,1.00
2016.09.20 01:05:28.830,1.78437,1.78487,1.00,1.12
2016.09.20 01:05:29.174,1.78437,1.78487,1.00,1.37
2016.09.20 01:05:29.225,1.78437,1.78487,1.00,1.75
2016.09.20 01:05:30.132,1.78432,1.78481,1.00,1.87
2016.09.20 01:05:30.183,1.78432,1.78481,1.00,1.87
2016.09.20 01:05:30.234,1.78429,1.78479,1.00,1.75
2016.09.20 01:05:30.285,1.78427,1.78479,1.00,1.75
2016.09.20 01:05:30.336,1.78427,1.78479,1.00,1.50
2016.09.20 01:05:30.820,1.78427,1.78479,1.00,1.12
2016.09.20 01:05:30.977,1.78427,1.78477,1.00,1.00
2016.09.20 01:05:31.129,1.78425,1.78475,1.00,1.00
2016.09.20 01:05:31.863,1.78426,1.78476,1.00,1.00
2016.09.20 01:05:32.508,1.78426,1.78477,1.00,1.00
2016.09.20 01:05:39.771,1.78423,1.78475,1.00,1.00
2016.09.20 01:05:40.619,1.78426,1.78476,1.00,1.00
2016.09.20 01:05:41.758,1.78425,1.78476,1.00,1.00
2016.09.20 01:05:42.276,1.78425,1.78477,1.00,1.50
2016.09.20 01:05:43.305,1.78426,1.78477,1.00,1.00
2016.09.20 01:05:44.909,1.78427,1.78477,1.00,1.00
2016.09.20 01:05:45.965,1.78433,1.78477,1.00,1.00
2016.09.20 01:05:46.016,1.78433,1.78482,1.00,1.12
2016.09.20 01:05:46.067,1.7843,1.78481,1.00,1.12
2016.09.20 01:05:46.119,1.7843,1.78481,1.00,1.50
2016.09.20 01:05:46.169,1.7843,1.78481,1.00,1.37
2016.09.20 01:05:46.220,1.7843,1.78481,1.00,1.00
2016.09.20 01:05:46.423,1.78429,1.7848,1.00,1.50
2016.09.20 01:05:46.872,1.78429,1.7848,1.00,1.00
2016.09.20 01:05:46.923,1.78431,1.7848,1.00,1.00
2016.09.20 01:05:47.025,1.78431,1.78482,1.00,1.00
2016.09.20 01:05:47.076,1.78434,1.78482,1.00,1.00
2016.09.20 01:05:47.126,1.78434,1.78484,1.00,1.00
2016.09.20 01:05:47.532,1.78431,1.78482,1.00,1.00
2016.09.20 01:05:48.314,1.78431,1.78481,1.00,1.00
2016.09.20 01:05:48.949,1.78433,1.78482,1.00,1.00
2016.09.20 01:05:49.000,1.78434,1.78484,1.00,1.50
2016.09.20 01:05:50.095,1.7843,1.78482,1.00,1.00
2016.09.20 01:05:50.248,1.7843,1.78482,1.00,1.50
2016.09.20 01:05:50.299,1.7843,1.78481,1.00,1.12
2016.09.20 01:05:50.349,1.78429,1.78481,1.00,1.87
2016.09.20 01:05:50.451,1.78428,1.7848,1.00,1.00
2016.09.20 01:05:50.612,1.78436,1.78484,1.00,1.50
2016.09.20 01:05:50.663,1.78434,1.78484,1.00,1.12
2016.09.20 01:05:50.714,1.78432,1.78483,1.00,1.37
2016.09.20 01:05:50.765,1.7843,1.7848,1.00,1.00
2016.09.20 01:05:50.816,1.7843,1.7848,1.00,1.12
2016.09.20 01:05:51.157,1.7843,1.78482,1.00,1.37
2016.09.20 01:05:51.208,1.7843,1.78482,1.00,1.00
2016.09.20 01:05:51.763,1.78431,1.78481,1.00,1.00
2016.09.20 01:05:52.136,1.7843,1.78482,1.00,2.25
2016.09.20 01:05:52.298,1.7843,1.7848,1.00,1.00
2016.09.20 01:05:53.440,1.78432,1.78482,1.00,1.50
2016.09.20 01:05:53.491,1.78432,1.78482,1.00,1.00
2016.09.20 01:05:53.542,1.78432,1.78484,1.00,1.87
2016.09.20 01:05:54.680,1.78432,1.78482,1.00,1.00
2016.09.20 01:05:54.868,1.78434,1.78484,1.00,1.50
2016.09.20 01:05:55.031,1.78436,1.78487,1.00,1.12
2016.09.20 01:05:55.344,1.78436,1.78487,1.37,1.00
2016.09.20 01:05:55.395,1.78436,1.78487,1.50,1.00
2016.09.20 01:05:55.446,1.78441,1.78491,1.00,1.00
2016.09.20 01:05:55.548,1.78442,1.78493,1.00,1.00
2016.09.20 01:05:55.979,1.78445,1.78493,1.00,1.00
2016.09.20 01:05:56.030,1.78445,1.78496,1.00,1.50
2016.09.20 01:05:57.554,1.78445,1.78496,1.00,1.87
2016.09.20 01:06:05.226,1.78445,1.78495,1.00,1.12
2016.09.20 01:06:05.277,1.78445,1.78495,1.00,1.00
2016.09.20 01:06:07.557,1.78443,1.78495,1.00,1.00
2016.09.20 01:06:07.659,1.78443,1.78495,1.00,1.37
2016.09.20 01:06:07.710,1.78443,1.78495,1.00,1.75
2016.09.20 01:06:07.761,1.78443,1.78493,1.00,1.87
2016.09.20 01:06:07.812,1.78443,1.78493,1.00,1.87
2016.09.20 01:06:07.892,1.78444,1.78492,1.00,1.00
2016.09.20 01:06:07.943,1.78446,1.78495,1.00,1.00
2016.09.20 01:06:07.994,1.78446,1.78496,1.00,1.00
2016.09.20 01:06:08.045,1.78447,1.785,1.00,1.50
2016.09.20 01:06:08.096,1.78449,1.78499,1.00,1.12
2016.09.20 01:06:08.198,1.78449,1.78497,1.00,1.00
2016.09.20 01:06:08.301,1.78447,1.78497,1.00,1.37
2016.09.20 01:06:08.518,1.78447,1.78497,1.00,1.00
2016.09.20 01:06:08.569,1.78449,1.78499,1.00,1.12
2016.09.20 01:06:09.036,1.78449,1.78497,1.00,1.00
2016.09.20 01:06:09.341,1.78449,1.785,1.00,1.00
2016.09.20 01:06:10.460,1.78449,1.785,1.00,1.12
2016.09.20 01:06:10.790,1.78449,1.78499,1.00,1.00
2016.09.20 01:06:11.133,1.78447,1.78499,1.00,1.87
2016.09.20 01:06:11.184,1.7845,1.78499,1.00,1.50
2016.09.20 01:06:11.235,1.78446,1.78499,1.12,1.50
2016.09.20 01:06:11.286,1.78455,1.78501,1.00,1.12
2016.09.20 01:06:11.336,1.7846,1.78506,1.00,2.25
2016.09.20 01:06:11.387,1.78462,1.78512,1.00,1.00
2016.09.20 01:06:11.438,1.78464,1.78514,1.00,1.50
2016.09.20 01:06:11.489,1.78464,1.78514,1.00,1.00
2016.09.20 01:06:11.591,1.78462,1.78513,1.00,2.25
2016.09.20 01:06:11.641,1.7846,1.78513,1.00,3.00
2016.09.20 01:06:11.692,1.7846,1.78513,1.00,1.12
2016.09.20 01:06:11.743,1.7846,1.78513,1.00,1.12
2016.09.20 01:06:11.794,1.7846,1.78511,1.00,1.00
2016.09.20 01:06:11.845,1.78456,1.78507,1.00,1.00
2016.09.20 01:06:12.180,1.78456,1.78508,1.00,1.87
2016.09.20 01:06:12.231,1.78455,1.78508,1.00,1.12
2016.09.20 01:06:12.332,1.78456,1.78506,1.00,1.00
2016.09.20 01:06:12.383,1.78456,1.78506,1.00,1.12
2016.09.20 01:06:12.434,1.78456,1.78506,1.00,1.87
2016.09.20 01:06:12.535,1.78456,1.78505,1.00,1.00
2016.09.20 01:06:12.738,1.78456,1.78506,1.00,1.50
2016.09.20 01:06:13.336,1.78456,1.78506,1.00,1.00
2016.09.20 01:06:13.650,1.78456,1.78507,1.00,1.50
2016.09.20 01:06:13.701,1.78456,1.78506,1.00,1.00
2016.09.20 01:06:13.955,1.78456,1.78507,1.00,2.25
2016.09.20 01:06:14.057,1.78456,1.78506,1.00,1.12
2016.09.20 01:06:14.158,1.78456,1.78505,1.00,1.00
2016.09.20 01:06:14.472,1.78455,1.78507,1.00,1.12
2016.09.20 01:06:14.523,1.78455,1.78507,1.00,1.37
2016.09.20 01:06:14.625,1.78455,1.78504,1.00,1.00
2016.09.20 01:06:14.935,1.78455,1.78506,1.00,1.00
2016.09.20 01:06:15.021,1.78455,1.78506,1.00,1.12
2016.09.20 01:06:15.224,1.78455,1.78505,1.00,1.00
2016.09.20 01:06:15.456,1.78455,1.78507,1.00,1.12
2016.09.20 01:06:15.557,1.78455,1.78507,1.00,1.12
2016.09.20 01:06:15.659,1.78455,1.78504,1.00,1.00
2016.09.20 01:06:15.924,1.78455,1.78507,1.00,1.00
2016.09.20 01:06:16.076,1.78455,1.78507,1.00,1.00
2016.09.20 01:06:16.127,1.78455,1.78504,1.00,1.00
2016.09.20 01:06:23.092,1.78456,1.78504,1.00,1.00
2016.09.20 01:06:23.143,1.78456,1.78506,1.00,1.50
2016.09.20 01:06:23.245,1.78456,1.78506,1.00,1.87
2016.09.20 01:06:23.295,1.78456,1.78506,1.00,1.87
2016.09.20 01:06:23.468,1.78454,1.78506,1.00,1.87
2016.09.20 01:06:23.569,1.78454,1.78506,1.00,1.00
2016.09.20 01:06:23.788,1.78457,1.78507,1.00,1.00
2016.09.20 01:06:24.023,1.78457,1.78509,1.00,1.87
2016.09.20 01:06:24.246,1.78457,1.78509,1.00,1.50
2016.09.20 01:06:24.789,1.78455,1.78507,1.00,1.00
2016.09.20 01:06:25.771,1.78455,1.78507,1.00,1.12
2016.09.20 01:06:25.959,1.78457,1.78508,1.00,1.50
2016.09.20 01:06:26.010,1.78455,1.78507,1.00,1.12
2016.09.20 01:06:26.162,1.78455,1.78506,1.00,1.00
2016.09.20 01:06:29.114,1.78454,1.78506,1.00,1.00
2016.09.20 01:06:29.418,1.78456,1.78506,1.00,1.00
2016.09.20 01:06:29.519,1.78449,1.785,1.50,1.00
2016.09.20 01:06:29.571,1.78449,1.78499,1.12,1.37
2016.09.20 01:06:29.622,1.78447,1.78499,1.00,1.37
2016.09.20 01:06:29.673,1.78445,1.78498,1.00,1.00
2016.09.20 01:06:29.775,1.78441,1.78494,1.00,1.50
2016.09.20 01:06:29.876,1.78441,1.78494,1.12,1.50
2016.09.20 01:06:30.125,1.78441,1.78493,1.12,1.00
2016.09.20 01:06:30.188,1.78441,1.78493,1.00,1.00
2016.09.20 01:06:30.289,1.78444,1.78494,1.00,1.50
2016.09.20 01:06:30.391,1.78443,1.78493,1.00,1.00
2016.09.20 01:06:30.543,1.78444,1.78494,1.00,1.50
2016.09.20 01:06:30.594,1.78444,1.78494,1.00,1.00
2016.09.20 01:06:30.783,1.78444,1.78497,1.00,1.50
2016.09.20 01:06:31.384,1.78445,1.78497,1.00,1.50
2016.09.20 01:06:32.222,1.78445,1.78495,1.00,1.00
2016.09.20 01:06:32.771,1.78445,1.78496,1.00,1.00
2016.09.20 01:06:33.334,1.78444,1.78496,1.00,1.50
2016.09.20 01:06:33.841,1.78441,1.78491,1.00,1.00
2016.09.20 01:06:34.046,1.78436,1.78487,1.50,1.00
2016.09.20 01:06:34.097,1.78436,1.78487,1.12,1.00
2016.09.20 01:06:34.148,1.78436,1.78487,1.00,1.00
2016.09.20 01:06:34.300,1.78429,1.78481,1.00,1.00
2016.09.20 01:06:34.351,1.78429,1.78479,1.00,1.00
2016.09.20 01:06:34.808,1.78427,1.78479,1.00,1.50
2016.09.20 01:06:35.086,1.78428,1.78481,1.00,1.00
2016.09.20 01:06:36.029,1.78431,1.78482,1.00,1.00
2016.09.20 01:06:36.080,1.78433,1.78485,1.00,1.50
2016.09.20 01:06:36.181,1.78435,1.78485,1.00,1.00
2016.09.20 01:06:36.470,1.78435,1.78487,1.00,1.00
2016.09.20 01:06:37.043,1.78434,1.78486,1.00,1.00
2016.09.20 01:06:39.135,1.78431,1.78482,1.00,1.00
2016.09.20 01:06:39.823,1.7843,1.78482,1.00,1.00
2016.09.20 01:06:40.124,1.78433,1.78484,1.00,1.00
2016.09.20 01:06:42.213,1.78433,1.78485,1.00,1.12
2016.09.20 01:06:43.363,1.78435,1.78485,1.00,1.12
2016.09.20 01:06:43.765,1.78435,1.78485,1.00,1.00
2016.09.20 01:06:45.668,1.78437,1.78487,1.00,1.00
2016.09.20 01:06:45.719,1.78444,1.78487,1.00,1.37
2016.09.20 01:06:45.769,1.78444,1.7849,1.00,1.37
2016.09.20 01:06:45.871,1.78439,1.78489,1.00,2.25
2016.09.20 01:06:45.922,1.78436,1.78486,1.00,1.37
2016.09.20 01:06:45.973,1.78437,1.78487,1.00,1.00
2016.09.20 01:06:46.857,1.78435,1.78488,1.00,1.87
2016.09.20 01:06:47.387,1.78436,1.78488,1.00,1.87
2016.09.20 01:06:51.895,1.78436,1.78488,1.00,1.50
2016.09.20 01:06:52.148,1.78436,1.78488,1.00,1.87
2016.09.20 01:06:52.199,1.78435,1.78487,1.00,1.12
2016.09.20 01:06:52.250,1.78432,1.78483,1.00,1.00
2016.09.20 01:06:52.604,1.7843,1.78483,1.00,1.00
2016.09.20 01:06:53.083,1.7843,1.78483,1.00,1.50
2016.09.20 01:06:54.741,1.78432,1.78483,1.00,1.50
2016.09.20 01:06:55.936,1.78431,1.78481,1.00,1.00
2016.09.20 01:06:56.773,1.78426,1.78476,1.37,1.00
2016.09.20 01:06:56.824,1.78428,1.78478,1.00,1.00
2016.09.20 01:06:56.875,1.78428,1.7848,1.00,1.37
2016.09.20 01:06:56.926,1.78428,1.7848,1.00,1.12
2016.09.20 01:06:57.530,1.78429,1.78481,1.00,1.50
2016.09.20 01:06:57.644,1.78429,1.78482,1.00,1.75
2016.09.20 01:06:58.177,1.7843,1.78482,1.00,1.75
2016.09.20 01:06:58.430,1.7843,1.78482,1.00,1.37
2016.09.20 01:06:58.480,1.7843,1.78482,1.00,1.00
2016.09.20 01:06:59.184,1.7843,1.78481,1.00,1.00
2016.09.20 01:07:00.071,1.7843,1.78482,1.00,1.00
2016.09.20 01:07:00.122,1.78433,1.78483,1.00,1.12
2016.09.20 01:07:00.173,1.78434,1.78486,1.00,1.75
2016.09.20 01:07:00.326,1.78434,1.78486,1.00,1.37
2016.09.20 01:07:00.377,1.78435,1.78486,1.00,1.00
2016.09.20 01:07:00.690,1.7844,1.78489,1.00,1.50
2016.09.20 01:07:00.798,1.7844,1.78489,1.12,1.12
2016.09.20 01:07:00.849,1.78441,1.78489,1.00,1.12
2016.09.20 01:07:00.900,1.78441,1.78494,1.00,1.87
2016.09.20 01:07:00.951,1.78441,1.78494,1.00,1.50
2016.09.20 01:07:01.002,1.78441,1.78493,1.00,1.00
2016.09.20 01:07:01.769,1.78441,1.78494,1.00,2.25
2016.09.20 01:07:01.891,1.78441,1.78493,1.00,1.00
2016.09.20 01:07:02.678,1.78443,1.78493,1.00,1.00
2016.09.20 01:07:04.317,1.78443,1.78493,1.37,1.00
2016.09.20 01:07:04.368,1.78446,1.78496,1.00,1.00
2016.09.20 01:07:04.420,1.78446,1.78496,1.00,1.50
2016.09.20 01:07:04.623,1.78446,1.78495,1.00,1.00
2016.09.20 01:07:04.879,1.78446,1.78497,1.00,1.50
2016.09.20 01:07:07.286,1.78444,1.78495,1.12,1.00
2016.09.20 01:07:07.336,1.78445,1.78496,1.00,1.37
2016.09.20 01:07:07.387,1.78443,1.78495,1.12,1.00
2016.09.20 01:07:07.438,1.78443,1.78496,1.00,1.50
2016.09.20 01:07:07.717,1.78443,1.78495,1.00,1.12
2016.09.20 01:07:08.034,1.78441,1.78492,1.12,1.00
2016.09.20 01:07:08.085,1.78441,1.78492,1.12,1.50
2016.09.20 01:07:08.136,1.78441,1.78492,1.00,1.87
2016.09.20 01:07:08.460,1.78439,1.78491,1.00,1.87
2016.09.20 01:07:08.680,1.78439,1.78491,1.00,1.12
2016.09.20 01:07:08.730,1.78439,1.78492,1.00,2.25
2016.09.20 01:07:08.928,1.78439,1.7849,1.00,1.00
2016.09.20 01:07:09.196,1.78439,1.78492,1.00,2.25
2016.09.20 01:07:09.494,1.78438,1.78491,1.00,2.25
2016.09.20 01:07:09.731,1.78438,1.78488,1.00,1.12
2016.09.20 01:07:09.832,1.78438,1.78488,1.00,1.00
2016.09.20 01:07:10.155,1.78437,1.78488,1.00,1.12
2016.09.20 01:07:10.257,1.78437,1.78488,1.12,1.00
2016.09.20 01:07:12.327,1.78437,1.78488,1.00,1.37
2016.09.20 01:07:12.479,1.78437,1.78488,1.00,1.00
2016.09.20 01:07:12.695,1.78431,1.78482,1.37,1.00
2016.09.20 01:07:12.746,1.7843,1.78481,1.12,1.87
2016.09.20 01:07:12.798,1.78429,1.78481,1.00,3.00
2016.09.20 01:07:12.894,1.78427,1.78478,1.00,1.00
2016.09.20 01:07:12.996,1.78427,1.7848,1.00,2.25
2016.09.20 01:07:13.097,1.78429,1.7848,1.00,1.50
2016.09.20 01:07:13.148,1.78431,1.78481,1.00,1.37
2016.09.20 01:07:13.199,1.78429,1.7848,1.50,1.00
2016.09.20 01:07:13.250,1.78428,1.78478,1.37,1.37
2016.09.20 01:07:13.437,1.78428,1.78478,1.37,1.12
2016.09.20 01:07:13.488,1.78425,1.78476,1.00,1.00
2016.09.20 01:07:13.856,1.78425,1.78474,1.00,1.00
2016.09.20 01:07:14.305,1.78426,1.78476,1.00,1.00
2016.09.20 01:07:14.509,1.78426,1.78478,1.00,1.00
2016.09.20 01:07:14.813,1.78428,1.78478,1.00,1.00
2016.09.20 01:07:15.408,1.78427,1.78478,1.00,1.50
2016.09.20 01:07:16.274,1.78428,1.78478,1.00,1.00
2016.09.20 01:07:16.595,1.7843,1.7848,1.00,1.50
2016.09.20 01:07:17.255,1.7843,1.7848,1.00,1.00
2016.09.20 01:07:17.306,1.78431,1.7848,1.00,1.00
2016.09.20 01:07:18.002,1.78432,1.7848,1.00,1.00
2016.09.20 01:07:18.469,1.7843,1.7848,1.00,1.00
2016.09.20 01:07:19.188,1.78431,1.7848,1.00,1.00
2016.09.20 01:07:19.824,1.78431,1.78481,1.00,1.00
2016.09.20 01:07:22.009,1.7843,1.78483,1.00,2.25
2016.09.20 01:07:22.060,1.78429,1.78482,1.00,1.12
2016.09.20 01:07:23.700,1.78431,1.78481,1.00,1.00
2016.09.20 01:07:24.078,1.78431,1.78481,1.00,1.37
2016.09.20 01:07:24.129,1.78431,1.78479,1.00,1.00
2016.09.20 01:07:24.262,1.78429,1.78479,1.00,1.00
2016.09.20 01:07:24.782,1.7843,1.78479,1.00,1.00
2016.09.20 01:07:28.342,1.7843,1.78481,1.00,2.25
2016.09.20 01:07:28.890,1.78429,1.78481,1.00,2.25
2016.09.20 01:07:28.991,1.78431,1.78481,1.00,1.50
2016.09.20 01:07:30.697,1.78431,1.78481,1.00,3.00
2016.09.20 01:07:30.748,1.78432,1.78476,1.00,1.00
2016.09.20 01:07:30.798,1.78432,1.78481,1.00,3.00
2016.09.20 01:07:30.849,1.78432,1.78481,1.00,1.75
2016.09.20 01:07:31.110,1.78432,1.78478,1.00,1.00
2016.09.20 01:07:31.517,1.78432,1.7848,1.00,1.50
2016.09.20 01:07:31.619,1.7843,1.78481,1.00,1.75
2016.09.20 01:07:31.738,1.7843,1.78481,1.00,1.75
2016.09.20 01:07:31.840,1.7843,1.78478,1.00,1.12
2016.09.20 01:07:40.897,1.78433,1.78478,1.00,1.12
2016.09.20 01:07:40.948,1.78432,1.78482,1.00,1.00
2016.09.20 01:07:41.049,1.78433,1.78482,1.00,1.00
2016.09.20 01:07:41.353,1.78436,1.78484,1.00,1.00
2016.09.20 01:07:41.757,1.78437,1.78484,1.00,1.00
2016.09.20 01:07:42.061,1.78444,1.78484,1.00,1.00
2016.09.20 01:07:42.453,1.78444,1.78494,1.00,2.59
2016.09.20 01:07:43.507,1.78442,1.78494,1.00,2.59
2016.09.20 01:07:45.322,1.78442,1.78494,1.00,2.21
2016.09.20 01:07:45.373,1.78442,1.78493,1.00,1.00
2016.09.20 01:07:45.424,1.78442,1.78493,1.00,1.00
2016.09.20 01:07:48.365,1.78443,1.78493,1.00,1.00
2016.09.20 01:07:48.467,1.78443,1.78488,1.00,1.00
2016.09.20 01:07:49.140,1.78445,1.78489,1.00,2.25
2016.09.20 01:07:49.292,1.78442,1.7849,1.00,2.25
2016.09.20 01:07:49.343,1.78442,1.78489,1.00,1.00
2016.09.20 01:07:49.445,1.78441,1.78491,1.00,1.00
2016.09.20 01:07:49.496,1.78443,1.78491,1.00,1.00
2016.09.20 01:07:50.091,1.78444,1.78493,1.00,1.50
2016.09.20 01:07:50.193,1.78443,1.78493,1.00,2.25
2016.09.20 01:07:50.780,1.78443,1.78493,1.00,1.50
2016.09.20 01:07:52.181,1.78443,1.78493,1.00,2.25
2016.09.20 01:07:52.828,1.78443,1.78492,1.00,1.50
2016.09.20 01:07:52.901,1.78443,1.7849,1.00,1.00
2016.09.20 01:07:53.733,1.78443,1.78492,1.00,1.50
2016.09.20 01:07:53.841,1.78443,1.7849,1.00,1.00
2016.09.20 01:07:53.892,1.78443,1.78492,1.00,1.75
2016.09.20 01:07:53.942,1.78443,1.78492,1.00,1.50
2016.09.20 01:07:53.994,1.78444,1.78492,1.00,1.12
2016.09.20 01:07:54.046,1.78443,1.78492,1.00,1.37
2016.09.20 01:07:54.097,1.78443,1.78492,1.00,1.50
2016.09.20 01:07:54.148,1.78443,1.78494,1.00,2.25
2016.09.20 01:07:54.750,1.78443,1.78493,1.00,1.75
2016.09.20 01:07:54.952,1.78445,1.78494,1.00,1.75
2016.09.20 01:07:55.054,1.78449,1.78496,1.00,1.00
2016.09.20 01:07:55.158,1.78451,1.785,1.00,1.75
2016.09.20 01:07:55.277,1.78451,1.78497,1.00,1.50
2016.09.20 01:07:56.628,1.78448,1.78497,1.00,1.50
2016.09.20 01:07:56.679,1.78448,1.78497,1.00,1.37
2016.09.20 01:07:56.780,1.78448,1.78495,1.00,1.50
2016.09.20 01:07:56.932,1.78447,1.78495,1.00,2.25
2016.09.20 01:07:57.085,1.78447,1.78495,1.00,1.37
2016.09.20 01:07:57.380,1.78447,1.78495,1.00,1.00
2016.09.20 01:07:57.532,1.78445,1.78495,1.00,1.00
2016.09.20 01:07:57.583,1.78445,1.78495,1.00,1.12
2016.09.20 01:07:57.634,1.78444,1.78496,1.00,2.62
2016.09.20 01:07:57.787,1.78444,1.78495,1.00,1.12
2016.09.20 01:07:58.043,1.78444,1.78495,1.00,1.00
2016.09.20 01:07:58.094,1.78444,1.78496,1.00,2.62
2016.09.20 01:07:58.195,1.78443,1.78496,1.00,3.00
2016.09.20 01:07:58.246,1.78443,1.78496,1.00,3.37
2016.09.20 01:07:58.297,1.78444,1.78493,1.00,1.00
2016.09.20 01:07:58.550,1.78443,1.78495,1.00,3.00
2016.09.20 01:07:58.601,1.78443,1.78495,1.00,1.87
2016.09.20 01:07:59.445,1.78443,1.78495,1.00,1.50
2016.09.20 01:07:59.496,1.78443,1.78495,1.00,2.25
2016.09.20 01:08:03.946,1.78442,1.78492,1.00,1.50
2016.09.20 01:08:03.997,1.78439,1.78492,1.00,2.25
2016.09.20 01:08:04.047,1.7844,1.7849,1.00,1.12
2016.09.20 01:08:04.098,1.7844,1.7849,1.00,1.75
2016.09.20 01:08:04.251,1.7844,1.78489,1.00,1.50
2016.09.20 01:08:04.795,1.78441,1.78489,1.00,1.50
2016.09.20 01:08:05.957,1.78441,1.78489,1.00,1.12
2016.09.20 01:08:06.007,1.78441,1.78489,1.00,1.00
2016.09.20 01:08:08.726,1.78442,1.78489,1.00,1.00
2016.09.20 01:08:08.777,1.78442,1.78492,1.00,1.75
2016.09.20 01:08:09.977,1.78439,1.78487,1.00,1.75
2016.09.20 01:08:10.028,1.78435,1.78487,1.00,2.25
2016.09.20 01:08:10.079,1.78434,1.7848,1.00,2.25
2016.09.20 01:08:10.130,1.78432,1.7848,1.00,2.25
2016.09.20 01:08:10.332,1.78432,1.78476,1.00,1.50
2016.09.20 01:08:10.390,1.78432,1.78476,1.00,1.75
2016.09.20 01:08:10.456,1.78432,1.78476,1.00,1.75
2016.09.20 01:08:10.507,1.78432,1.78476,1.00,1.50
2016.09.20 01:08:12.452,1.78432,1.78476,1.00,1.00
2016.09.20 01:08:13.622,1.78431,1.78476,1.00,1.00
2016.09.20 01:08:13.673,1.78433,1.78476,1.00,1.00
2016.09.20 01:08:15.877,1.78432,1.78476,1.00,1.00
2016.09.20 01:08:18.001,1.78431,1.78476,1.00,1.00
2016.09.20 01:08:18.305,1.78431,1.78474,1.00,1.00
2016.09.20 01:08:18.618,1.78433,1.78475,1.00,1.00
2016.09.20 01:08:18.669,1.78433,1.78478,1.00,1.12
2016.09.20 01:08:18.720,1.78433,1.78478,1.00,1.75
2016.09.20 01:08:18.775,1.78433,1.78478,1.00,1.50
2016.09.20 01:08:18.978,1.78432,1.78476,1.00,1.12
2016.09.20 01:08:19.080,1.78432,1.78476,1.00,1.37
2016.09.20 01:08:19.131,1.78432,1.78476,1.00,1.75
2016.09.20 01:08:19.727,1.78432,1.78476,1.00,1.00
2016.09.20 01:08:19.778,1.78432,1.7848,1.00,1.50
2016.09.20 01:08:19.829,1.78432,1.7848,1.00,1.00
2016.09.20 01:08:20.171,1.78433,1.78482,1.00,2.25
2016.09.20 01:08:20.276,1.7843,1.78476,1.00,1.00
2016.09.20 01:08:20.377,1.78431,1.7848,1.00,1.00
2016.09.20 01:08:20.428,1.78431,1.7848,1.00,1.00
2016.09.20 01:08:20.581,1.78431,1.78482,1.00,1.50
2016.09.20 01:08:20.633,1.78431,1.78483,1.00,3.00
2016.09.20 01:08:20.684,1.78431,1.78476,1.00,1.00
2016.09.20 01:08:20.786,1.78431,1.78479,1.00,1.37
2016.09.20 01:08:20.836,1.78432,1.78479,1.00,1.75
2016.09.20 01:08:20.888,1.78432,1.78476,1.00,1.00
2016.09.20 01:08:21.167,1.78432,1.78478,1.00,1.00
2016.09.20 01:08:21.269,1.78432,1.78482,1.00,1.00
2016.09.20 01:08:22.868,1.78433,1.78482,1.00,1.00
2016.09.20 01:08:23.201,1.78433,1.78482,1.00,1.87
2016.09.20 01:08:24.691,1.78433,1.78482,1.00,1.50
2016.09.20 01:08:24.793,1.78433,1.78479,1.00,1.00
2016.09.20 01:08:26.832,1.78435,1.78479,1.00,1.00
2016.09.20 01:08:27.909,1.78435,1.78482,1.00,1.12
2016.09.20 01:08:28.107,1.78435,1.7848,1.00,1.00
2016.09.20 01:08:35.498,1.78436,1.78482,1.00,1.00
2016.09.20 01:08:35.599,1.78436,1.78483,1.00,1.12
2016.09.20 01:08:35.752,1.78435,1.78483,1.00,1.37
2016.09.20 01:08:35.802,1.78435,1.78481,1.00,1.00
2016.09.20 01:08:36.077,1.78437,1.78483,1.00,1.00
2016.09.20 01:08:36.349,1.78434,1.78483,1.00,1.12
2016.09.20 01:08:36.400,1.78434,1.78481,1.00,1.00
2016.09.20 01:08:36.704,1.78434,1.78479,1.00,1.00
2016.09.20 01:08:37.080,1.78434,1.78481,1.00,1.00
2016.09.20 01:08:37.130,1.78436,1.78481,1.00,1.00
2016.09.20 01:08:37.181,1.78436,1.78483,1.00,1.12
2016.09.20 01:08:37.379,1.78436,1.78482,1.00,1.00
2016.09.20 01:08:37.695,1.78435,1.78479,1.00,1.00
2016.09.20 01:08:38.605,1.78435,1.78482,1.00,1.00
2016.09.20 01:08:38.808,1.78435,1.7848,1.00,1.00
2016.09.20 01:08:39.584,1.78435,1.78481,1.00,1.00
2016.09.20 01:08:40.197,1.78435,1.7848,1.00,1.00
2016.09.20 01:08:40.459,1.78435,1.78482,1.00,1.00
2016.09.20 01:08:40.510,1.78435,1.78483,1.00,1.00
2016.09.20 01:08:40.688,1.78435,1.78483,1.00,1.50
2016.09.20 01:08:42.978,1.78435,1.78483,1.00,1.00
2016.09.20 01:08:47.046,1.78434,1.78483,1.00,1.00
2016.09.20 01:08:47.098,1.78436,1.78485,1.00,1.50
2016.09.20 01:08:47.149,1.78436,1.78487,1.00,1.50
2016.09.20 01:08:47.251,1.78438,1.78487,1.00,1.50
2016.09.20 01:08:47.352,1.78438,1.78486,1.00,1.00
2016.09.20 01:08:47.454,1.78437,1.78486,1.00,1.50
2016.09.20 01:08:47.505,1.78435,1.78486,1.00,1.75
2016.09.20 01:08:47.556,1.78434,1.78483,1.50,1.00
2016.09.20 01:08:47.607,1.78434,1.78485,1.00,1.75
2016.09.20 01:08:48.622,1.78434,1.78485,1.00,1.75
2016.09.20 01:08:50.737,1.78434,1.78485,1.00,1.75
2016.09.20 01:08:50.788,1.78435,1.78485,1.00,1.37
2016.09.20 01:08:50.839,1.78436,1.78487,1.00,1.37
2016.09.20 01:08:50.890,1.78437,1.78488,1.00,3.00
2016.09.20 01:08:50.991,1.78436,1.78486,1.00,1.00
2016.09.20 01:08:51.366,1.78436,1.78487,1.00,1.50
2016.09.20 01:08:51.468,1.78436,1.78486,1.00,1.00
2016.09.20 01:08:51.569,1.78435,1.78485,1.50,1.37
2016.09.20 01:08:51.620,1.78434,1.78485,1.00,1.75
2016.09.20 01:08:51.671,1.78435,1.78485,1.00,1.75
2016.09.20 01:08:51.772,1.78435,1.78484,1.00,1.75
2016.09.20 01:08:52.501,1.78435,1.78483,1.00,1.00
2016.09.20 01:08:52.767,1.78435,1.78487,1.00,1.37
2016.09.20 01:08:52.818,1.78435,1.78487,1.00,1.00
2016.09.20 01:08:52.904,1.78435,1.78487,1.00,1.12
2016.09.20 01:08:52.955,1.78437,1.78488,1.00,1.37
2016.09.20 01:08:53.006,1.78437,1.78488,1.37,1.00
2016.09.20 01:08:53.057,1.7844,1.78491,1.00,1.12
2016.09.20 01:08:53.108,1.7844,1.78491,1.00,1.00
2016.09.20 01:08:53.159,1.78439,1.78489,1.00,1.00
2016.09.20 01:08:53.260,1.78437,1.78489,1.87,1.00
2016.09.20 01:08:53.311,1.78437,1.78487,1.00,1.00
2016.09.20 01:08:53.362,1.78437,1.78488,1.00,1.12
2016.09.20 01:08:53.412,1.78438,1.78489,1.50,1.37
2016.09.20 01:08:53.616,1.78441,1.78491,1.00,1.37
2016.09.20 01:08:53.667,1.7844,1.78491,1.12,1.00
2016.09.20 01:08:53.718,1.7844,1.78491,1.00,1.12
2016.09.20 01:08:53.768,1.78439,1.78491,1.50,1.12
2016.09.20 01:08:53.819,1.78439,1.7849,1.50,1.37
2016.09.20 01:08:53.921,1.78439,1.78489,1.00,1.37
2016.09.20 01:08:54.074,1.78438,1.78488,1.00,1.75
2016.09.20 01:08:54.226,1.78438,1.78487,1.00,1.00
2016.09.20 01:08:55.958,1.78438,1.78488,1.00,1.50
2016.09.20 01:08:56.059,1.78437,1.78488,1.00,1.75
2016.09.20 01:08:56.393,1.78437,1.78488,1.50,1.75
2016.09.20 01:08:56.729,1.78437,1.78488,1.00,1.75
2016.09.20 01:08:57.130,1.78439,1.7849,1.00,1.75
2016.09.20 01:08:57.232,1.78439,1.78489,1.00,1.00
2016.09.20 01:08:57.283,1.78439,1.7849,1.00,1.75
2016.09.20 01:08:57.334,1.78439,1.78486,1.00,1.00
2016.09.20 01:08:58.199,1.78439,1.78489,1.00,2.25
2016.09.20 01:08:58.402,1.78439,1.7849,1.00,1.75
2016.09.20 01:08:58.504,1.7844,1.7849,1.50,1.50
2016.09.20 01:08:58.555,1.78442,1.7849,1.00,1.50
2016.09.20 01:08:58.607,1.78444,1.78491,1.00,1.00
2016.09.20 01:08:59.128,1.78445,1.78491,1.00,1.00
2016.09.20 01:09:04.405,1.78444,1.78491,1.00,1.00
2016.09.20 01:09:04.507,1.78449,1.78496,1.00,1.12
2016.09.20 01:09:04.557,1.78449,1.78498,1.00,1.75
2016.09.20 01:09:04.608,1.78449,1.78498,1.50,1.75
2016.09.20 01:09:04.709,1.78449,1.78498,1.00,1.75
2016.09.20 01:09:04.861,1.78448,1.78496,1.00,1.75
2016.09.20 01:09:04.912,1.78444,1.78494,1.50,1.12
2016.09.20 01:09:04.963,1.78444,1.78493,1.50,1.87
2016.09.20 01:09:05.014,1.78443,1.78493,1.00,2.25
2016.09.20 01:09:05.065,1.78441,1.78491,1.00,1.75
2016.09.20 01:09:05.115,1.78438,1.7849,1.50,1.75
2016.09.20 01:09:05.166,1.78438,1.78489,1.50,2.25
2016.09.20 01:09:05.414,1.78444,1.78488,1.00,1.00
2016.09.20 01:09:05.494,1.78442,1.78489,1.00,1.12
2016.09.20 01:09:05.545,1.78444,1.78489,1.00,1.00
2016.09.20 01:09:05.648,1.78441,1.78489,1.00,1.00
2016.09.20 01:09:05.749,1.7844,1.78489,1.50,1.00
2016.09.20 01:09:06.021,1.7844,1.78489,1.50,1.00
2016.09.20 01:09:06.072,1.78441,1.78489,1.00,1.00
2016.09.20 01:09:06.563,1.78446,1.78489,1.00,1.00
2016.09.20 01:09:06.614,1.78446,1.78496,1.00,1.00
2016.09.20 01:09:06.665,1.78449,1.78498,1.00,1.37
2016.09.20 01:09:06.716,1.78449,1.78498,1.00,1.37
2016.09.20 01:09:06.767,1.78449,1.78498,1.00,1.00
2016.09.20 01:09:06.818,1.78449,1.78497,1.00,1.00
2016.09.20 01:09:06.919,1.78449,1.78498,1.00,1.12
2016.09.20 01:09:07.876,1.78447,1.78497,1.00,1.00
2016.09.20 01:09:08.685,1.78447,1.78497,1.00,1.00
2016.09.20 01:09:08.908,1.78448,1.78498,1.00,1.87
2016.09.20 01:09:09.010,1.7845,1.78498,1.00,2.25
2016.09.20 01:09:09.218,1.78449,1.78498,1.00,1.50
2016.09.20 01:09:09.940,1.7845,1.78498,1.00,1.50
2016.09.20 01:09:10.606,1.78449,1.78498,1.00,1.50
2016.09.20 01:09:12.493,1.78449,1.78497,1.00,1.12
2016.09.20 01:09:12.544,1.78449,1.78497,1.00,1.00
2016.09.20 01:09:14.888,1.78448,1.78497,1.00,1.00
2016.09.20 01:09:14.939,1.78448,1.78497,1.00,1.00
2016.09.20 01:09:14.990,1.78446,1.78497,1.00,1.00
2016.09.20 01:09:15.041,1.78446,1.78498,1.00,2.25
2016.09.20 01:09:15.143,1.78448,1.78497,1.00,1.75
2016.09.20 01:09:15.245,1.78446,1.78496,1.00,1.75
2016.09.20 01:09:15.522,1.78441,1.78491,1.00,3.00
2016.09.20 01:09:15.583,1.78441,1.78489,1.00,1.75
2016.09.20 01:09:15.634,1.78439,1.78489,1.50,1.75
2016.09.20 01:09:15.685,1.78439,1.78489,1.00,1.50
2016.09.20 01:09:15.736,1.78439,1.78489,1.00,1.12
2016.09.20 01:09:15.787,1.78439,1.78489,1.00,1.37
2016.09.20 01:09:15.838,1.78439,1.78489,1.00,1.75
2016.09.20 01:09:16.274,1.78439,1.78486,1.00,1.00
2016.09.20 01:09:16.325,1.78439,1.7849,1.00,2.25
2016.09.20 01:09:16.376,1.78439,1.7849,1.50,1.75
2016.09.20 01:09:16.427,1.78439,1.78491,1.50,2.25
2016.09.20 01:09:16.478,1.78439,1.7849,1.50,2.25
2016.09.20 01:09:16.528,1.78439,1.7849,1.50,3.00
2016.09.20 01:09:16.579,1.78439,1.78488,1.00,1.75
2016.09.20 01:09:16.731,1.78437,1.78486,1.00,1.12
2016.09.20 01:09:16.782,1.78437,1.78483,1.00,1.37
2016.09.20 01:09:16.884,1.78432,1.78482,1.50,3.00
2016.09.20 01:09:17.122,1.78427,1.78479,1.00,1.75
2016.09.20 01:09:17.172,1.7843,1.78476,1.00,1.00
2016.09.20 01:09:17.223,1.7843,1.7848,1.00,1.75
2016.09.20 01:09:17.274,1.7843,1.78477,1.00,1.00
2016.09.20 01:09:17.325,1.7843,1.7848,1.00,1.75
2016.09.20 01:09:17.852,1.7843,1.78477,1.00,1.00
2016.09.20 01:09:18.129,1.7843,1.7848,1.00,1.75
2016.09.20 01:09:18.179,1.7843,1.7848,1.00,3.00
2016.09.20 01:09:18.905,1.7843,1.78476,1.00,1.00
2016.09.20 01:09:18.956,1.7843,1.78481,1.00,3.00
2016.09.20 01:09:21.373,1.7843,1.78478,1.00,1.00
2016.09.20 01:09:21.423,1.7843,1.78481,1.00,1.75
2016.09.20 01:09:21.574,1.7843,1.7848,1.00,1.00
2016.09.20 01:09:21.625,1.78432,1.78481,1.00,1.50
2016.09.20 01:09:21.728,1.78434,1.7848,1.00,1.75
2016.09.20 01:09:22.231,1.78434,1.78481,1.00,1.75
2016.09.20 01:09:22.414,1.78432,1.78481,1.00,1.75
2016.09.20 01:09:26.396,1.7843,1.78481,1.00,2.25
2016.09.20 01:09:26.446,1.7843,1.78477,1.00,1.00
2016.09.20 01:09:27.131,1.7843,1.78476,1.00,1.00
2016.09.20 01:09:27.728,1.7843,1.78477,1.00,1.00
2016.09.20 01:09:28.124,1.7843,1.78477,1.00,1.12
2016.09.20 01:09:30.284,1.7843,1.78477,1.00,1.00
2016.09.20 01:09:31.550,1.7843,1.78476,1.00,1.00
2016.09.20 01:09:31.601,1.7843,1.78478,1.00,1.00
2016.09.20 01:09:31.652,1.7843,1.78479,1.50,1.00
2016.09.20 01:09:32.387,1.7843,1.78479,1.87,1.00
2016.09.20 01:09:32.438,1.78435,1.78487,1.00,1.00
2016.09.20 01:09:32.489,1.78441,1.78488,1.00,1.00
2016.09.20 01:09:32.540,1.78442,1.78487,1.00,1.00
2016.09.20 01:09:32.808,1.78443,1.78493,1.50,1.50
2016.09.20 01:09:32.890,1.78443,1.78492,1.50,1.00
2016.09.20 01:09:32.993,1.78443,1.78493,1.50,1.37
2016.09.20 01:09:33.045,1.78444,1.78493,1.50,1.00
2016.09.20 01:09:33.248,1.78446,1.78494,1.00,1.00
2016.09.20 01:09:33.645,1.78445,1.78494,1.00,1.50
2016.09.20 01:09:33.845,1.78445,1.78494,1.00,1.87
2016.09.20 01:09:33.896,1.78444,1.78493,1.00,1.50
2016.09.20 01:09:33.947,1.78444,1.78493,1.00,2.25
2016.09.20 01:09:35.802,1.78444,1.78493,1.00,1.87
2016.09.20 01:09:35.853,1.78444,1.78493,1.00,1.00
2016.09.20 01:09:35.904,1.78444,1.78493,1.50,1.00
2016.09.20 01:09:36.119,1.78445,1.78493,1.00,1.00
2016.09.20 01:09:36.604,1.78445,1.78493,1.00,1.12
2016.09.20 01:09:36.655,1.78445,1.78494,1.00,1.37
2016.09.20 01:09:37.605,1.78445,1.78494,1.00,1.12
2016.09.20 01:09:37.656,1.78445,1.78493,1.00,1.00
2016.09.20 01:09:39.558,1.78445,1.78494,1.00,1.12
2016.09.20 01:09:41.037,1.78444,1.78494,1.00,1.87
2016.09.20 01:09:43.479,1.78444,1.78493,1.50,1.12
2016.09.20 01:09:43.580,1.78447,1.78493,1.00,1.50
2016.09.20 01:09:43.682,1.78447,1.78493,1.00,1.00
2016.09.20 01:09:43.872,1.78447,1.78494,1.00,1.12
2016.09.20 01:09:44.162,1.78446,1.78494,1.50,1.12
2016.09.20 01:09:50.360,1.78446,1.78494,1.00,1.00
2016.09.20 01:09:50.411,1.78446,1.78494,1.00,1.50
2016.09.20 01:09:50.717,1.78446,1.78494,1.00,1.00
2016.09.20 01:09:50.818,1.78446,1.78495,1.00,1.00
2016.09.20 01:09:51.568,1.78446,1.78496,1.00,1.00
2016.09.20 01:09:51.636,1.78446,1.78496,1.00,1.12
2016.09.20 01:09:53.674,1.78446,1.78496,1.00,1.00
2016.09.20 01:10:01.077,1.78446,1.78496,1.00,1.37
2016.09.20 01:10:01.128,1.78446,1.78489,1.00,1.00
2016.09.20 01:10:01.420,1.78442,1.78489,1.00,1.00
2016.09.20 01:10:01.880,1.78445,1.78492,1.00,1.00
2016.09.20 01:10:01.931,1.78447,1.78496,1.00,1.50
2016.09.20 01:10:04.224,1.78445,1.78496,1.00,1.50
2016.09.20 01:10:05.178,1.78447,1.78496,1.00,1.00
2016.09.20 01:10:06.078,1.78448,1.78496,1.00,1.00
2016.09.20 01:10:06.635,1.78447,1.78496,1.00,1.00
2016.09.20 01:10:10.125,1.78448,1.78496,1.00,1.00
2016.09.20 01:10:12.818,1.78448,1.78495,1.00,1.00
2016.09.20 01:10:13.636,1.78449,1.78495,1.00,1.00
2016.09.20 01:10:13.846,1.78445,1.78495,1.50,1.00
2016.09.20 01:10:13.896,1.78445,1.78495,1.50,1.37
2016.09.20 01:10:13.947,1.78445,1.78496,1.50,2.25
2016.09.20 01:10:14.567,1.78445,1.78496,1.00,2.25
2016.09.20 01:10:14.618,1.78445,1.78495,1.50,1.75
2016.09.20 01:10:15.248,1.78445,1.78493,1.50,1.00
2016.09.20 01:10:20.811,1.78446,1.78493,1.00,1.00
2016.09.20 01:10:21.411,1.78447,1.78493,1.00,1.00
2016.09.20 01:10:25.006,1.78448,1.78493,1.00,1.00
2016.09.20 01:10:25.673,1.78447,1.78493,1.00,1.00
2016.09.20 01:10:25.724,1.78447,1.78498,1.00,2.25
2016.09.20 01:10:26.275,1.78447,1.78499,1.00,2.25
2016.09.20 01:10:28.224,1.78447,1.78498,1.00,1.75
2016.09.20 01:10:28.275,1.78447,1.78498,1.00,1.75
2016.09.20 01:10:28.326,1.78447,1.78498,1.00,1.37
2016.09.20 01:10:28.377,1.78447,1.78498,1.00,1.00
2016.09.20 01:10:28.737,1.78447,1.78498,1.00,1.75
2016.09.20 01:10:28.889,1.78448,1.78498,1.00,1.75
2016.09.20 01:10:29.785,1.78448,1.78497,1.00,1.75
2016.09.20 01:10:31.810,1.78448,1.78498,1.00,1.75
2016.09.20 01:10:31.861,1.78448,1.78498,1.00,1.75
2016.09.20 01:10:32.093,1.78449,1.78499,1.00,1.37
2016.09.20 01:10:32.144,1.78451,1.78501,1.00,1.50
2016.09.20 01:10:32.346,1.78452,1.78502,1.00,1.75
2016.09.20 01:10:32.397,1.78451,1.78501,1.00,1.50
2016.09.20 01:10:32.447,1.78451,1.78501,1.00,3.00
2016.09.20 01:10:32.599,1.78451,1.78496,1.00,1.00
2016.09.20 01:10:37.749,1.78446,1.78498,1.00,1.75
2016.09.20 01:10:37.800,1.78445,1.78494,1.00,1.00
2016.09.20 01:10:37.901,1.78441,1.7849,1.00,1.37
2016.09.20 01:10:37.952,1.78441,1.78491,1.00,1.50
2016.09.20 01:10:38.002,1.78443,1.78492,1.00,1.37
2016.09.20 01:10:38.053,1.78443,1.7849,1.00,1.37
2016.09.20 01:10:38.104,1.7844,1.78489,1.00,1.75
2016.09.20 01:10:38.155,1.7844,1.78486,1.00,1.37
2016.09.20 01:10:38.206,1.78438,1.78485,1.00,1.50
2016.09.20 01:10:38.256,1.78438,1.7848,1.00,1.87
2016.09.20 01:10:38.307,1.78432,1.7848,1.00,1.87
2016.09.20 01:10:38.358,1.78432,1.7848,1.00,2.62
2016.09.20 01:10:38.409,1.78431,1.7848,1.00,3.00
2016.09.20 01:10:38.660,1.78433,1.78481,1.00,2.25
2016.09.20 01:10:38.711,1.78433,1.78478,1.00,1.00
2016.09.20 01:10:38.762,1.78434,1.78483,1.00,3.00
2016.09.20 01:10:38.813,1.78434,1.78483,1.00,1.75
2016.09.20 01:10:39.168,1.78435,1.7848,1.00,1.00
2016.09.20 01:10:39.219,1.78435,1.78484,1.00,1.75
2016.09.20 01:10:40.141,1.78435,1.78484,1.00,1.50
2016.09.20 01:10:40.192,1.78437,1.78487,1.00,1.75
2016.09.20 01:10:40.243,1.78438,1.7849,1.00,3.75
2016.09.20 01:10:40.294,1.78438,1.78485,1.50,1.00
2016.09.20 01:10:40.344,1.78439,1.7849,1.00,2.25
2016.09.20 01:10:40.395,1.7844,1.78491,1.00,2.25
2016.09.20 01:10:40.446,1.7844,1.78491,1.00,3.75
2016.09.20 01:10:40.752,1.7844,1.78491,1.50,3.00
2016.09.20 01:10:40.853,1.7844,1.78491,1.50,1.75
2016.09.20 01:10:41.096,1.7844,1.7849,1.50,1.50
2016.09.20 01:10:41.165,1.7844,1.7849,1.00,1.50
2016.09.20 01:10:41.591,1.78439,1.78488,1.00,1.00
2016.09.20 01:10:41.646,1.78439,1.78488,1.00,1.12
2016.09.20 01:10:41.747,1.78439,1.78489,1.50,1.00
2016.09.20 01:10:41.798,1.78438,1.7849,1.50,2.25
2016.09.20 01:10:42.485,1.78439,1.78488,1.00,1.00
2016.09.20 01:10:42.536,1.78439,1.78488,1.00,1.75
2016.09.20 01:10:42.882,1.78439,1.78488,1.00,1.37
2016.09.20 01:10:43.550,1.78439,1.78488,1.00,1.00
2016.09.20 01:10:43.601,1.78439,1.78489,1.00,1.50
2016.09.20 01:10:43.691,1.7844,1.78491,1.00,2.25
2016.09.20 01:10:43.945,1.7844,1.78491,1.00,1.75
2016.09.20 01:10:45.986,1.78441,1.78491,1.00,1.75
2016.09.20 01:10:46.423,1.7844,1.78488,1.00,1.00
2016.09.20 01:10:49.498,1.7844,1.7849,1.00,1.75
2016.09.20 01:10:49.615,1.7844,1.78486,1.00,1.00
2016.09.20 01:10:49.929,1.7844,1.78491,1.00,1.50
2016.09.20 01:10:50.008,1.78439,1.78491,1.50,2.25
2016.09.20 01:10:50.197,1.78439,1.7849,1.00,1.50
2016.09.20 01:10:50.656,1.78439,1.7849,1.00,2.25
2016.09.20 01:10:50.706,1.7844,1.78486,1.00,1.37
2016.09.20 01:10:50.808,1.78436,1.78485,1.00,1.50
2016.09.20 01:10:51.039,1.78433,1.78481,1.00,1.12
2016.09.20 01:10:51.359,1.78433,1.78482,1.00,1.50
2016.09.20 01:10:51.933,1.78433,1.78482,1.00,1.12
2016.09.20 01:10:52.410,1.78433,1.78481,1.00,1.00
2016.09.20 01:10:56.078,1.78433,1.78482,1.00,2.25
2016.09.20 01:10:56.147,1.78433,1.78482,1.00,1.87
2016.09.20 01:10:56.249,1.78436,1.78482,1.00,1.12
2016.09.20 01:10:56.299,1.78436,1.78482,1.00,1.00
2016.09.20 01:10:56.401,1.78437,1.78483,1.50,1.00
2016.09.20 01:10:56.553,1.78437,1.78489,1.50,1.75
2016.09.20 01:10:56.996,1.78439,1.78488,1.00,1.75
2016.09.20 01:11:04.686,1.78439,1.78487,1.00,1.00
2016.09.20 01:11:05.584,1.78439,1.78488,1.00,1.75
2016.09.20 01:11:14.860,1.78438,1.78486,1.00,1.37
2016.09.20 01:11:16.884,1.7844,1.78485,1.00,1.12
2016.09.20 01:11:16.986,1.78446,1.78492,1.00,1.37
2016.09.20 01:11:17.037,1.78446,1.78492,1.00,1.00
2016.09.20 01:11:17.087,1.78449,1.78492,1.00,1.00
2016.09.20 01:11:17.240,1.78442,1.78493,1.00,1.50
2016.09.20 01:11:17.291,1.78439,1.78488,1.50,1.00
2016.09.20 01:11:17.341,1.78438,1.78487,1.00,1.00
2016.09.20 01:11:29.948,1.78437,1.78486,1.00,1.00
2016.09.20 01:11:30.896,1.78438,1.78488,1.00,1.12
2016.09.20 01:11:36.724,1.78438,1.78488,1.00,1.00
2016.09.20 01:11:36.876,1.78442,1.78491,1.00,1.50
2016.09.20 01:11:37.465,1.78442,1.78491,1.00,1.00
2016.09.20 01:11:38.013,1.78443,1.78491,1.00,1.00
2016.09.20 01:11:41.973,1.7844,1.78491,1.00,1.00
2016.09.20 01:11:42.024,1.7844,1.78491,1.00,1.50
2016.09.20 01:11:43.908,1.78443,1.78491,1.00,1.00
2016.09.20 01:11:50.633,1.78442,1.78491,1.00,1.00
2016.09.20 01:11:53.719,1.78442,1.78491,1.00,1.75
2016.09.20 01:11:53.770,1.78441,1.7849,1.00,1.75
2016.09.20 01:11:53.821,1.7844,1.78489,1.00,1.50
2016.09.20 01:11:59.477,1.78441,1.78489,1.00,1.00
2016.09.20 01:11:59.528,1.78441,1.78491,1.00,1.12
2016.09.20 01:11:59.629,1.78441,1.78491,1.00,1.00
2016.09.20 01:12:00.103,1.78444,1.78492,1.00,2.25
2016.09.20 01:12:00.606,1.78444,1.78493,1.00,2.25
2016.09.20 01:12:01.193,1.78444,1.78494,1.00,3.00
2016.09.20 01:12:01.244,1.78445,1.78494,1.00,1.75
2016.09.20 01:12:06.347,1.78445,1.78492,1.00,2.25
2016.09.20 01:12:06.398,1.78442,1.78492,1.00,2.25
2016.09.20 01:12:07.798,1.78442,1.7849,1.00,2.25
2016.09.20 01:12:07.878,1.78437,1.78488,1.00,1.75
2016.09.20 01:12:07.929,1.78437,1.78486,1.00,1.37
2016.09.20 01:12:07.980,1.78438,1.78487,1.00,1.50
2016.09.20 01:12:08.031,1.78438,1.78484,1.00,1.00
2016.09.20 01:12:08.235,1.78437,1.78486,1.00,1.75
2016.09.20 01:12:08.285,1.78435,1.78486,1.00,1.75
2016.09.20 01:12:08.387,1.78433,1.78484,1.00,1.75
2016.09.20 01:12:08.438,1.78432,1.78479,1.00,1.00
2016.09.20 01:12:08.952,1.78431,1.78479,1.00,1.00
2016.09.20 01:12:09.273,1.78434,1.78479,1.00,1.00
2016.09.20 01:12:09.375,1.78434,1.78485,1.00,1.75
2016.09.20 01:12:09.707,1.78434,1.78485,1.00,1.75
2016.09.20 01:12:10.027,1.78436,1.78485,1.00,1.75
2016.09.20 01:12:10.268,1.78437,1.78487,1.00,1.75
2016.09.20 01:12:10.330,1.78437,1.78487,1.00,1.50
2016.09.20 01:12:12.438,1.78437,1.78482,1.00,1.00
2016.09.20 01:12:12.489,1.78432,1.78482,1.00,1.00
2016.09.20 01:12:12.590,1.78432,1.78483,1.00,3.00
2016.09.20 01:12:12.692,1.78431,1.78482,1.00,1.75
2016.09.20 01:12:13.235,1.78431,1.78482,1.00,1.50
2016.09.20 01:12:13.337,1.78433,1.78482,1.00,1.00
2016.09.20 01:12:13.387,1.78433,1.78484,1.00,1.75
2016.09.20 01:12:13.868,1.78433,1.78484,1.00,1.00
2016.09.20 01:12:16.823,1.78433,1.78484,1.00,1.37
2016.09.20 01:12:16.876,1.78433,1.78483,1.00,1.00
2016.09.20 01:12:17.284,1.78433,1.78484,1.00,3.00
2016.09.20 01:12:18.287,1.78433,1.78484,1.00,3.75
2016.09.20 01:12:18.388,1.78433,1.78484,1.00,2.25
2016.09.20 01:12:18.439,1.78441,1.78484,1.00,1.75
2016.09.20 01:12:18.490,1.78441,1.78486,1.00,1.37
2016.09.20 01:12:18.591,1.78441,1.78487,1.00,1.00
2016.09.20 01:12:18.692,1.78441,1.7849,1.00,3.75
2016.09.20 01:12:18.795,1.78442,1.7849,1.00,3.00
2016.09.20 01:12:19.066,1.7844,1.7849,1.00,3.00
2016.09.20 01:12:19.543,1.7844,1.7849,1.00,3.00
2016.09.20 01:12:21.124,1.78439,1.7849,1.00,3.75
2016.09.20 01:12:21.175,1.78439,1.78489,1.00,2.25
2016.09.20 01:12:21.230,1.78439,1.78489,1.00,2.25
2016.09.20 01:12:21.281,1.78441,1.78489,1.00,2.25
2016.09.20 01:12:22.589,1.7844,1.78489,1.00,3.00
2016.09.20 01:12:22.705,1.7844,1.78489,1.00,3.75
2016.09.20 01:12:23.484,1.7844,1.78489,1.00,3.00
2016.09.20 01:12:25.102,1.78441,1.78484,1.00,1.00
2016.09.20 01:12:25.203,1.78441,1.78489,1.00,1.75
2016.09.20 01:12:25.305,1.78441,1.78488,1.00,2.25
2016.09.20 01:12:29.415,1.78441,1.7849,1.00,3.00
2016.09.20 01:12:29.466,1.78439,1.78488,1.00,1.75
2016.09.20 01:12:29.618,1.78437,1.78488,1.00,1.75
2016.09.20 01:12:30.533,1.78437,1.78488,1.00,3.00
2016.09.20 01:12:30.635,1.78437,1.78488,1.00,1.75
2016.09.20 01:12:31.571,1.78437,1.78488,1.00,1.75
2016.09.20 01:12:32.605,1.78436,1.78489,1.00,3.75
2016.09.20 01:12:33.007,1.78437,1.78489,1.00,3.00
2016.09.20 01:12:33.058,1.78438,1.78486,1.00,1.00
2016.09.20 01:12:33.160,1.78438,1.78489,1.00,3.00
2016.09.20 01:12:33.286,1.78438,1.78489,1.00,2.25
2016.09.20 01:12:33.655,1.78437,1.78488,1.00,1.75
2016.09.20 01:12:36.287,1.78439,1.78489,1.00,2.25
2016.09.20 01:12:36.389,1.7844,1.7849,1.00,1.00
2016.09.20 01:12:36.439,1.7844,1.78494,1.37,2.25
2016.09.20 01:12:36.490,1.78442,1.78494,1.00,1.87
2016.09.20 01:12:36.541,1.78442,1.78494,1.37,1.87
2016.09.20 01:12:36.592,1.78444,1.78498,1.00,3.00
2016.09.20 01:12:36.896,1.78444,1.78498,1.00,2.25
2016.09.20 01:12:36.997,1.78443,1.78496,1.12,1.50
2016.09.20 01:12:37.048,1.78446,1.78497,1.00,1.75
2016.09.20 01:12:37.099,1.78447,1.78498,1.00,1.75
2016.09.20 01:12:37.885,1.78447,1.78498,1.00,1.50
2016.09.20 01:12:37.986,1.78448,1.78498,1.00,1.12
2016.09.20 01:12:38.240,1.78451,1.78498,1.00,1.00
2016.09.20 01:12:38.291,1.78451,1.78502,1.00,1.75
2016.09.20 01:12:44.377,1.78446,1.78499,1.12,1.37
2016.09.20 01:12:44.428,1.78445,1.78498,1.12,1.75
2016.09.20 01:12:44.646,1.78444,1.78495,1.00,1.50
2016.09.20 01:12:44.697,1.78444,1.78495,1.00,1.75
2016.09.20 01:12:44.903,1.78444,1.78495,1.00,1.75
2016.09.20 01:12:46.676,1.78444,1.78495,1.00,1.75
2016.09.20 01:12:48.320,1.78442,1.78495,1.00,1.75
2016.09.20 01:12:49.754,1.78442,1.78494,1.00,2.25
2016.09.20 01:12:50.465,1.78442,1.78493,1.00,2.25
2016.09.20 01:12:57.585,1.78442,1.78489,1.00,2.25
2016.09.20 01:12:59.554,1.78438,1.78489,1.50,2.25
2016.09.20 01:12:59.605,1.78438,1.78486,1.00,2.25
2016.09.20 01:12:59.656,1.78437,1.78486,1.50,2.25
2016.09.20 01:12:59.707,1.78438,1.78487,1.00,2.25
2016.09.20 01:12:59.758,1.7844,1.78483,1.00,1.00
2016.09.20 01:13:00.075,1.78441,1.78491,1.00,1.75
2016.09.20 01:13:02.538,1.7844,1.78491,1.00,2.25
2016.09.20 01:13:02.862,1.78441,1.78491,1.00,1.75
2016.09.20 01:13:05.152,1.78441,1.78489,1.00,1.00
2016.09.20 01:13:05.449,1.78435,1.78486,1.12,1.37
2016.09.20 01:13:05.499,1.78435,1.78476,1.12,1.00
2016.09.20 01:13:05.550,1.78423,1.78472,1.75,1.50
2016.09.20 01:13:05.601,1.78422,1.78471,1.75,1.12
2016.09.20 01:13:05.652,1.78418,1.78469,1.00,1.50
2016.09.20 01:13:05.753,1.78418,1.78471,1.00,2.25
2016.09.20 01:13:05.855,1.78418,1.78471,1.12,1.12
2016.09.20 01:13:05.906,1.78417,1.7847,1.50,1.00
2016.09.20 01:13:06.058,1.78417,1.7847,1.50,1.12
2016.09.20 01:13:06.494,1.78419,1.7847,1.37,1.12
2016.09.20 01:13:07.952,1.78419,1.7847,1.00,1.12
2016.09.20 01:13:10.670,1.78415,1.78468,1.87,1.00
2016.09.20 01:13:10.953,1.78415,1.78468,1.50,1.50
2016.09.20 01:13:11.068,1.78415,1.78466,1.00,1.00
2016.09.20 01:13:11.585,1.7842,1.78471,1.00,2.25
2016.09.20 01:13:11.686,1.7842,1.78472,1.12,1.50
2016.09.20 01:13:11.962,1.78421,1.78472,1.00,1.00
2016.09.20 01:13:12.063,1.78424,1.78472,1.00,1.00
2016.09.20 01:13:13.532,1.7842,1.7847,1.12,1.00
2016.09.20 01:13:13.582,1.78423,1.78461,1.00,1.00
2016.09.20 01:13:13.685,1.7841,1.78461,1.12,1.12
2016.09.20 01:13:13.786,1.7841,1.78461,1.12,1.12
2016.09.20 01:13:13.950,1.7841,1.78461,1.50,1.12
2016.09.20 01:13:14.000,1.78412,1.78461,1.00,1.00
2016.09.20 01:13:14.420,1.7841,1.78461,1.50,1.00
2016.09.20 01:13:14.471,1.7841,1.78461,1.12,1.00
2016.09.20 01:13:14.573,1.7841,1.78461,1.00,1.00
2016.09.20 01:13:17.280,1.7841,1.78461,1.50,1.00
2016.09.20 01:13:18.897,1.7841,1.78461,1.00,1.00
2016.09.20 01:13:19.601,1.78416,1.78464,1.12,1.37
2016.09.20 01:13:19.652,1.7842,1.78464,1.00,1.37
2016.09.20 01:13:19.703,1.7842,1.78471,1.00,1.50
2016.09.20 01:13:19.804,1.7842,1.78473,1.00,1.75
2016.09.20 01:13:19.906,1.78424,1.78474,1.00,1.00
2016.09.20 01:13:21.780,1.78422,1.78475,1.00,1.50
2016.09.20 01:13:21.831,1.78422,1.78473,1.00,1.12
2016.09.20 01:13:21.932,1.7842,1.78471,1.12,1.00
2016.09.20 01:13:24.245,1.78419,1.7847,1.37,1.00
2016.09.20 01:13:29.557,1.7842,1.78471,1.12,1.00
2016.09.20 01:13:35.383,1.7842,1.78471,1.12,1.37
2016.09.20 01:13:35.433,1.7842,1.78471,1.00,1.75
2016.09.20 01:13:35.535,1.78418,1.78466,1.00,1.00
2016.09.20 01:13:35.585,1.78413,1.78466,2.62,1.00
2016.09.20 01:13:35.636,1.78413,1.78466,2.25,1.00
2016.09.20 01:13:35.862,1.78415,1.78466,1.75,1.00
2016.09.20 01:13:36.212,1.78415,1.78466,1.75,1.00
2016.09.20 01:13:39.517,1.78415,1.78466,3.00,1.00
2016.09.20 01:13:43.690,1.78415,1.78466,3.00,1.00
2016.09.20 01:13:43.741,1.78415,1.78466,2.25,1.00
2016.09.20 01:13:43.792,1.78416,1.78469,1.75,1.00
2016.09.20 01:13:43.842,1.78416,1.78469,1.50,1.00
2016.09.20 01:13:43.893,1.78417,1.78469,1.12,1.00
2016.09.20 01:13:44.252,1.78417,1.7847,1.87,1.00
2016.09.20 01:13:52.986,1.78417,1.78466,1.12,1.00
2016.09.20 01:13:54.580,1.7842,1.78466,1.00,1.00
2016.09.20 01:13:55.054,1.78418,1.78466,1.00,1.00
2016.09.20 01:13:58.668,1.78418,1.78469,1.50,1.00
2016.09.20 01:13:58.718,1.78425,1.78471,1.00,1.00
2016.09.20 01:13:58.769,1.78425,1.78471,1.37,1.00
2016.09.20 01:13:58.820,1.78428,1.78471,1.37,1.00
2016.09.20 01:13:58.871,1.7843,1.78481,1.50,1.50
2016.09.20 01:13:58.973,1.7843,1.78483,1.75,1.12
2016.09.20 01:13:59.074,1.78431,1.78483,1.75,1.00
2016.09.20 01:13:59.878,1.78432,1.78483,1.75,1.00
2016.09.20 01:14:00.105,1.7843,1.78481,3.00,1.00
2016.09.20 01:14:00.156,1.7843,1.78479,2.25,1.00
2016.09.20 01:14:00.207,1.78429,1.78479,3.00,1.00
2016.09.20 01:14:00.258,1.78429,1.78479,1.50,1.00
2016.09.20 01:14:00.411,1.78427,1.78479,1.75,1.12
2016.09.20 01:14:00.462,1.78427,1.78478,1.37,1.00
2016.09.20 01:14:00.512,1.78427,1.78478,1.37,1.12
2016.09.20 01:14:00.563,1.78427,1.78478,1.50,1.12
2016.09.20 01:14:00.715,1.78429,1.78479,1.12,1.12
2016.09.20 01:14:00.766,1.78429,1.78479,1.12,1.00
2016.09.20 01:14:00.817,1.78429,1.78481,1.37,1.00
2016.09.20 01:14:00.868,1.78431,1.78482,1.50,1.00
2016.09.20 01:14:01.071,1.78431,1.78482,1.12,1.00
2016.09.20 01:14:01.303,1.78431,1.78483,1.12,1.12
2016.09.20 01:14:01.354,1.78431,1.78483,1.12,1.50
2016.09.20 01:14:01.405,1.78431,1.78483,1.00,1.75
2016.09.20 01:14:02.841,1.78431,1.78483,1.12,1.75
2016.09.20 01:14:02.905,1.78431,1.78483,1.00,1.50
2016.09.20 01:14:03.538,1.78431,1.78483,1.00,1.12
2016.09.20 01:14:03.901,1.78431,1.78483,1.00,1.37
2016.09.20 01:14:04.205,1.78429,1.78482,1.00,1.37
2016.09.20 01:14:04.357,1.78429,1.7848,1.00,1.12
2016.09.20 01:14:04.560,1.78429,1.7848,1.00,1.12
2016.09.20 01:14:05.168,1.78429,1.7848,1.00,1.50
2016.09.20 01:14:10.344,1.7843,1.7848,1.00,1.50
2016.09.20 01:14:10.460,1.78429,1.7848,1.00,1.37
2016.09.20 01:14:10.561,1.78429,1.78478,1.00,1.00
2016.09.20 01:14:10.663,1.78429,1.78478,1.00,1.00
2016.09.20 01:14:11.612,1.78428,1.78478,1.00,1.00
2016.09.20 01:14:11.663,1.78428,1.7848,1.00,1.75
2016.09.20 01:14:11.765,1.78427,1.7848,1.00,1.75
2016.09.20 01:14:15.265,1.78428,1.78478,1.00,1.50
2016.09.20 01:14:16.451,1.78428,1.78478,1.00,1.12
2016.09.20 01:14:16.502,1.78428,1.78478,1.00,1.00
2016.09.20 01:14:16.727,1.78428,1.78478,1.00,1.12
2016.09.20 01:14:17.228,1.78428,1.78478,1.00,1.37
2016.09.20 01:14:17.279,1.78428,1.78478,1.00,1.75
2016.09.20 01:14:18.585,1.78426,1.78479,1.50,1.75
2016.09.20 01:14:20.183,1.78426,1.78477,1.50,1.00
2016.09.20 01:14:23.978,1.78426,1.78479,1.50,1.50
2016.09.20 01:14:24.029,1.78428,1.78479,1.00,1.50
2016.09.20 01:14:24.080,1.78428,1.78479,1.50,1.00
2016.09.20 01:14:24.130,1.78428,1.78481,1.50,1.37
2016.09.20 01:14:24.181,1.78428,1.78481,1.50,1.37
2016.09.20 01:14:24.283,1.78428,1.78481,1.00,1.75
2016.09.20 01:14:25.657,1.78429,1.78482,1.00,3.00
2016.09.20 01:14:25.708,1.78428,1.78481,1.00,1.75
2016.09.20 01:14:25.759,1.78428,1.78481,1.00,3.00
2016.09.20 01:14:25.810,1.78428,1.78476,1.00,1.00
2016.09.20 01:14:25.962,1.78428,1.78476,1.50,1.00
2016.09.20 01:14:26.446,1.78428,1.78476,1.00,1.00
2016.09.20 01:14:27.209,1.7843,1.78478,1.00,1.00
2016.09.20 01:14:27.462,1.7843,1.78481,1.00,1.75
2016.09.20 01:14:30.087,1.7843,1.78481,1.12,1.37
2016.09.20 01:14:30.188,1.7843,1.78481,1.37,1.12
2016.09.20 01:14:30.492,1.78429,1.7848,1.00,1.75
2016.09.20 01:14:31.680,1.78429,1.7848,1.00,1.50
2016.09.20 01:14:31.884,1.78429,1.7848,1.00,1.75
2016.09.20 01:14:32.614,1.78427,1.7848,1.50,1.75
2016.09.20 01:14:32.867,1.78427,1.7848,1.00,1.75
2016.09.20 01:14:33.789,1.78427,1.7848,1.00,1.75
2016.09.20 01:14:34.290,1.78427,1.78477,1.00,1.00
2016.09.20 01:14:34.341,1.78427,1.7848,1.00,1.75
2016.09.20 01:14:34.595,1.78427,1.7848,1.00,3.00
2016.09.20 01:14:36.936,1.78429,1.78476,1.00,1.00
2016.09.20 01:14:37.438,1.78428,1.78476,1.00,1.00
2016.09.20 01:14:37.675,1.78423,1.78476,1.37,1.50
2016.09.20 01:14:37.726,1.78423,1.78476,1.12,1.50
2016.09.20 01:14:38.341,1.78423,1.78477,1.37,1.50
2016.09.20 01:14:38.896,1.78423,1.78477,1.12,1.50
2016.09.20 01:14:38.947,1.78423,1.78475,1.00,1.50
2016.09.20 01:14:39.422,1.78423,1.78474,1.00,1.00
2016.09.20 01:14:40.213,1.78421,1.78474,1.50,1.00
2016.09.20 01:14:40.264,1.78422,1.78475,1.37,1.00
2016.09.20 01:14:40.315,1.78425,1.78478,1.00,1.75
2016.09.20 01:14:40.365,1.78425,1.78476,1.00,1.50
2016.09.20 01:14:40.467,1.78423,1.78476,1.12,1.50
2016.09.20 01:14:40.569,1.78427,1.78478,1.00,1.75
2016.09.20 01:14:40.822,1.78427,1.78478,1.00,1.75
2016.09.20 01:14:40.923,1.78427,1.7848,1.00,3.00
2016.09.20 01:14:42.106,1.78427,1.78476,1.00,1.00
2016.09.20 01:14:42.208,1.78427,1.7848,1.00,1.75
2016.09.20 01:14:43.528,1.78426,1.78479,1.00,1.75
2016.09.20 01:14:44.108,1.78426,1.78477,1.00,1.75
2016.09.20 01:14:44.159,1.78427,1.78478,1.00,3.00
2016.09.20 01:14:44.210,1.78423,1.78476,1.12,1.75
2016.09.20 01:14:44.261,1.78423,1.78476,1.50,1.50
2016.09.20 01:14:45.143,1.78423,1.78476,1.50,1.75
2016.09.20 01:14:45.617,1.78421,1.78474,2.25,1.12
2016.09.20 01:14:46.148,1.78423,1.78475,1.50,1.00
2016.09.20 01:14:46.249,1.78423,1.78476,1.37,1.37
2016.09.20 01:14:46.686,1.78422,1.78475,1.50,1.12
2016.09.20 01:14:47.137,1.78423,1.78476,1.37,1.37
2016.09.20 01:14:47.238,1.78423,1.78476,1.12,1.50
2016.09.20 01:14:47.462,1.78423,1.78476,1.37,1.50
2016.09.20 01:14:47.513,1.78423,1.78474,1.37,1.12
2016.09.20 01:14:47.839,1.78421,1.78474,1.75,1.12
2016.09.20 01:14:47.907,1.78421,1.78474,1.75,1.12
2016.09.20 01:14:48.339,1.78423,1.78476,1.50,1.50
2016.09.20 01:14:49.009,1.78422,1.78475,1.50,1.12
2016.09.20 01:14:49.110,1.78423,1.78476,1.12,1.50
2016.09.20 01:14:49.161,1.78423,1.78476,1.12,1.12
2016.09.20 01:14:49.313,1.78423,1.78476,1.12,1.12
2016.09.20 01:14:50.080,1.78422,1.78475,1.50,1.00
2016.09.20 01:14:50.131,1.78422,1.78473,1.37,1.00
2016.09.20 01:14:50.181,1.78422,1.78473,1.37,1.12
2016.09.20 01:14:51.088,1.78423,1.78474,1.12,1.37
2016.09.20 01:14:51.241,1.78423,1.78475,1.12,1.50
2016.09.20 01:14:51.291,1.78423,1.78475,1.12,1.00
2016.09.20 01:14:51.342,1.78423,1.78476,1.12,1.50
2016.09.20 01:14:52.437,1.78423,1.78476,1.00,1.50
2016.09.20 01:14:52.488,1.78422,1.78473,1.50,1.37
2016.09.20 01:14:52.538,1.7842,1.78474,1.12,1.75
2016.09.20 01:14:52.844,1.7842,1.78474,1.75,1.75
2016.09.20 01:14:52.900,1.78422,1.78473,1.12,1.50
2016.09.20 01:14:52.951,1.78422,1.78475,1.50,1.12
2016.09.20 01:14:53.104,1.78422,1.78473,1.50,1.00
2016.09.20 01:14:53.155,1.78422,1.78473,1.00,1.50
2016.09.20 01:14:53.205,1.78423,1.78474,1.00,1.75
2016.09.20 01:14:53.536,1.78424,1.78475,1.00,1.00
2016.09.20 01:14:53.842,1.78424,1.78475,1.00,1.37
2016.09.20 01:14:53.944,1.78424,1.78475,1.00,1.75
2016.09.20 01:14:54.103,1.78422,1.78475,1.12,1.75
2016.09.20 01:14:54.154,1.78422,1.78475,1.00,1.75
2016.09.20 01:14:55.100,1.78426,1.78476,1.00,2.25
2016.09.20 01:14:55.151,1.78426,1.78476,1.00,2.25
2016.09.20 01:14:55.254,1.78426,1.78477,1.00,1.75
2016.09.20 01:14:56.573,1.78424,1.78477,1.00,1.75
2016.09.20 01:14:56.725,1.78422,1.78475,1.37,1.50
2016.09.20 01:14:56.776,1.78422,1.78473,1.00,1.50
2016.09.20 01:14:56.827,1.7842,1.78473,1.37,1.50
2016.09.20 01:14:57.562,1.7842,1.78473,1.12,1.50
2016.09.20 01:14:57.664,1.7842,1.78473,1.50,1.50
2016.09.20 01:14:58.224,1.7842,1.78473,1.12,1.50
2016.09.20 01:14:58.276,1.7842,1.78473,1.50,1.50
2016.09.20 01:15:00.439,1.7842,1.78473,1.12,1.50
2016.09.20 01:15:00.490,1.7842,1.78473,1.12,1.75
2016.09.20 01:15:01.068,1.7842,1.78469,1.00,1.00
2016.09.20 01:15:01.192,1.7842,1.7847,1.00,2.25
2016.09.20 01:15:01.435,1.78416,1.78454,1.00,1.00
2016.09.20 01:15:01.493,1.78403,1.78454,1.00,1.00
2016.09.20 01:15:01.864,1.78403,1.78454,1.37,1.00
2016.09.20 01:15:01.915,1.78403,1.78456,1.37,1.00
2016.09.20 01:15:02.016,1.78407,1.78459,1.00,1.00
2016.09.20 01:15:02.067,1.78411,1.78459,1.00,1.00
2016.09.20 01:15:02.219,1.78412,1.78463,1.00,1.37
2016.09.20 01:15:02.501,1.78409,1.7846,1.00,1.00
2016.09.20 01:15:02.782,1.78409,1.7846,1.00,1.12
2016.09.20 01:15:03.107,1.78409,1.7846,1.00,1.37
2016.09.20 01:15:03.392,1.78409,1.78463,1.00,1.50
2016.09.20 01:15:03.493,1.78413,1.78466,1.00,1.87
2016.09.20 01:15:04.329,1.7841,1.78463,1.00,1.12
2016.09.20 01:15:04.379,1.7841,1.78463,1.00,1.37
2016.09.20 01:15:04.430,1.78409,1.7846,1.00,1.12
2016.09.20 01:15:04.481,1.78409,1.7846,1.00,1.37
2016.09.20 01:15:04.633,1.78408,1.78459,1.00,1.12
2016.09.20 01:15:04.785,1.78408,1.78459,1.00,1.37
2016.09.20 01:15:05.495,1.78408,1.78459,1.00,1.00
2016.09.20 01:15:06.776,1.78407,1.78458,1.00,1.00
2016.09.20 01:15:06.827,1.78407,1.78458,1.00,1.12
2016.09.20 01:15:07.303,1.78417,1.78464,1.00,1.00
2016.09.20 01:15:07.361,1.78417,1.78469,1.00,1.00
2016.09.20 01:15:07.463,1.78416,1.78467,1.00,1.00
2016.09.20 01:15:07.767,1.78416,1.78465,1.00,1.00
2016.09.20 01:15:08.053,1.78411,1.78464,1.50,1.00
2016.09.20 01:15:08.104,1.78417,1.78468,1.00,1.00
2016.09.20 01:15:08.307,1.78414,1.78466,1.12,1.00
2016.09.20 01:15:08.408,1.78415,1.78468,1.00,1.12
2016.09.20 01:15:09.263,1.78413,1.78466,1.12,1.00
2016.09.20 01:15:09.313,1.78415,1.78468,1.00,1.12
2016.09.20 01:15:09.364,1.78413,1.78466,1.12,1.00
2016.09.20 01:15:09.415,1.78415,1.78468,1.00,1.12
2016.09.20 01:15:09.466,1.78413,1.78465,1.12,1.00
2016.09.20 01:15:10.150,1.78413,1.78465,1.00,1.00
2016.09.20 01:15:10.201,1.78411,1.78464,1.00,1.00
2016.09.20 01:15:10.478,1.78414,1.78465,1.00,1.00
2016.09.20 01:15:10.672,1.78412,1.78465,1.00,1.00
2016.09.20 01:15:11.072,1.78414,1.78465,1.00,1.00
2016.09.20 01:15:11.465,1.78412,1.78465,1.00,1.00
2016.09.20 01:15:12.056,1.78413,1.78466,1.00,1.00
2016.09.20 01:15:12.165,1.78411,1.78464,1.00,1.00
2016.09.20 01:15:13.267,1.78413,1.78463,1.00,1.00
2016.09.20 01:15:13.622,1.78413,1.78465,1.00,1.00
2016.09.20 01:15:13.723,1.78412,1.78463,1.00,1.00
2016.09.20 01:15:15.266,1.78411,1.78463,1.00,1.00
2016.09.20 01:15:15.317,1.78409,1.78461,1.46,1.00
2016.09.20 01:15:15.368,1.78408,1.78461,2.21,1.00
2016.09.20 01:15:15.419,1.78408,1.78461,1.71,1.00
2016.09.20 01:15:15.470,1.78408,1.78461,1.34,1.00
2016.09.20 01:15:15.623,1.78407,1.78458,1.12,1.00
2016.09.20 01:15:15.675,1.78407,1.78448,1.00,1.00
2016.09.20 01:15:15.726,1.78403,1.78442,1.87,1.00
2016.09.20 01:15:15.777,1.78401,1.78442,1.37,1.00
2016.09.20 01:15:16.006,1.78401,1.78443,1.00,1.00
2016.09.20 01:15:16.109,1.78404,1.78455,1.00,1.75
2016.09.20 01:15:16.159,1.7841,1.78456,1.00,1.75
2016.09.20 01:15:16.210,1.7841,1.78462,1.00,1.75
2016.09.20 01:15:16.312,1.78408,1.7846,1.50,1.00
2016.09.20 01:15:16.363,1.78408,1.78454,1.00,1.00
2016.09.20 01:15:16.515,1.78405,1.78456,1.37,1.00
2016.09.20 01:15:16.565,1.78404,1.78456,1.50,1.00
2016.09.20 01:15:16.616,1.78404,1.78455,1.00,1.00
2016.09.20 01:15:16.667,1.78402,1.78452,2.25,1.00
2016.09.20 01:15:16.718,1.78402,1.78451,1.00,1.00
2016.09.20 01:15:16.769,1.784,1.78451,1.00,1.00
2016.09.20 01:15:16.820,1.78397,1.78449,1.00,1.00
2016.09.20 01:15:17.077,1.78399,1.7845,1.00,1.00
2016.09.20 01:15:17.425,1.78401,1.78452,1.00,1.00
2016.09.20 01:15:17.577,1.784,1.78453,1.00,1.50
2016.09.20 01:15:17.627,1.784,1.78453,1.00,1.00
2016.09.20 01:15:18.170,1.78401,1.78452,1.00,1.00
2016.09.20 01:15:18.374,1.78404,1.78454,1.00,1.50
2016.09.20 01:15:18.475,1.78405,1.78454,1.00,1.00
2016.09.20 01:15:18.526,1.78405,1.78458,1.00,1.50
2016.09.20 01:15:18.577,1.78405,1.78458,1.00,1.12
2016.09.20 01:15:18.628,1.78405,1.78458,1.00,1.00
2016.09.20 01:15:18.741,1.78407,1.7846,1.00,1.50
2016.09.20 01:15:18.974,1.78419,1.7846,1.00,1.00
2016.09.20 01:15:19.025,1.78418,1.7847,1.00,1.00
2016.09.20 01:15:19.278,1.78419,1.78472,1.00,1.00
2016.09.20 01:15:19.329,1.78422,1.78472,1.00,1.00
2016.09.20 01:15:19.720,1.78422,1.78469,1.00,1.00
2016.09.20 01:15:19.770,1.78416,1.78468,1.00,1.00
2016.09.20 01:15:19.872,1.78415,1.78467,1.00,1.00
2016.09.20 01:15:19.923,1.78415,1.78468,1.50,1.00
2016.09.20 01:15:20.229,1.78417,1.7847,1.00,1.00
2016.09.20 01:15:20.330,1.78421,1.78472,1.00,1.00
2016.09.20 01:15:20.381,1.78422,1.78475,1.00,1.00
2016.09.20 01:15:20.433,1.78428,1.78477,1.00,1.00
2016.09.20 01:15:20.484,1.78434,1.78477,1.00,1.00
2016.09.20 01:15:20.889,1.78434,1.78485,1.00,1.37
2016.09.20 01:15:20.940,1.78428,1.78478,1.12,1.00
2016.09.20 01:15:20.991,1.78426,1.78476,1.00,1.00
2016.09.20 01:15:21.042,1.78423,1.78473,1.50,1.00
2016.09.20 01:15:21.537,1.78424,1.78473,1.00,1.00
2016.09.20 01:15:21.639,1.78423,1.78473,1.50,1.00
2016.09.20 01:15:21.991,1.78423,1.78476,1.00,1.00
2016.09.20 01:15:23.040,1.78424,1.78476,1.00,1.00
2016.09.20 01:15:23.692,1.78426,1.78483,1.00,1.37
2016.09.20 01:15:23.742,1.78427,1.78481,1.00,1.00
2016.09.20 01:15:23.793,1.78427,1.78481,1.00,1.00
2016.09.20 01:15:23.844,1.78424,1.78478,1.87,1.00
2016.09.20 01:15:23.895,1.78424,1.78477,1.00,1.00
2016.09.20 01:15:23.946,1.78423,1.7848,1.50,1.37
2016.09.20 01:15:23.997,1.78427,1.78483,1.00,1.00
2016.09.20 01:15:24.098,1.78427,1.78484,1.00,1.37
2016.09.20 01:15:24.149,1.78423,1.78479,1.87,1.00
2016.09.20 01:15:24.380,1.78423,1.78478,1.37,1.00
2016.09.20 01:15:24.439,1.7843,1.78486,1.00,1.00
2016.09.20 01:15:24.542,1.78432,1.78484,1.00,1.00
2016.09.20 01:15:24.849,1.78431,1.78482,1.00,1.00
2016.09.20 01:15:25.293,1.78431,1.78484,1.50,1.00
2016.09.20 01:15:25.345,1.78433,1.78483,1.00,1.00
2016.09.20 01:15:26.889,1.78433,1.78485,1.00,1.00
2016.09.20 01:15:27.293,1.78435,1.78488,1.00,1.12
2016.09.20 01:15:27.395,1.78441,1.78491,1.00,1.12
2016.09.20 01:15:27.445,1.78442,1.78493,1.00,1.75
2016.09.20 01:15:27.911,1.78443,1.78494,1.00,1.50
2016.09.20 01:15:28.120,1.78444,1.78495,1.00,1.37
2016.09.20 01:15:28.644,1.78442,1.78495,1.00,1.37
2016.09.20 01:15:29.162,1.78442,1.78494,1.00,1.37
2016.09.20 01:15:29.213,1.78439,1.78491,1.50,1.12
2016.09.20 01:15:29.264,1.78439,1.7849,1.00,1.00
2016.09.20 01:15:29.315,1.78443,1.78494,1.00,1.37
2016.09.20 01:15:29.519,1.78443,1.78493,1.00,1.87
2016.09.20 01:15:29.570,1.78444,1.78493,1.00,1.12
2016.09.20 01:15:29.800,1.78439,1.78492,1.00,1.00
2016.09.20 01:15:29.952,1.78438,1.78486,1.00,1.00
2016.09.20 01:15:30.054,1.78438,1.78483,1.00,1.00
2016.09.20 01:15:30.206,1.78438,1.78485,1.00,1.00
2016.09.20 01:15:30.257,1.78434,1.78484,1.00,1.00
2016.09.20 01:15:30.409,1.78437,1.78487,1.00,1.00
2016.09.20 01:15:30.510,1.78437,1.78489,1.00,1.00
2016.09.20 01:15:30.689,1.78441,1.78491,1.00,1.00
2016.09.20 01:15:31.060,1.78444,1.78495,1.00,1.00
2016.09.20 01:15:31.137,1.78444,1.78495,1.00,1.00
2016.09.20 01:15:31.238,1.78441,1.78494,1.00,1.00
2016.09.20 01:15:31.391,1.78444,1.78497,1.00,1.00
2016.09.20 01:15:31.697,1.78444,1.78494,1.00,1.00
2016.09.20 01:15:31.799,1.78445,1.78496,1.00,1.12
2016.09.20 01:15:31.850,1.78445,1.78496,1.00,1.00
2016.09.20 01:15:32.054,1.78441,1.78493,1.00,1.00
2016.09.20 01:15:32.156,1.78441,1.78491,1.00,1.00
2016.09.20 01:15:32.207,1.78437,1.78488,1.50,1.00
2016.09.20 01:15:32.553,1.78437,1.7849,1.00,1.37
2016.09.20 01:15:32.605,1.78433,1.78483,1.00,1.00
2016.09.20 01:15:32.846,1.7843,1.7848,1.50,1.00
2016.09.20 01:15:33.059,1.78431,1.7848,1.00,1.00
2016.09.20 01:15:33.569,1.78433,1.78484,1.00,1.00
2016.09.20 01:15:34.150,1.78434,1.78484,1.00,1.00
2016.09.20 01:15:34.482,1.78431,1.78483,1.50,1.00
2016.09.20 01:15:34.687,1.78432,1.78484,1.00,1.00
2016.09.20 01:15:34.844,1.78434,1.78487,1.00,1.00
2016.09.20 01:15:35.148,1.7843,1.78482,1.00,1.00
2016.09.20 01:15:35.199,1.7843,1.78478,1.00,1.00
2016.09.20 01:15:35.528,1.78424,1.78476,1.00,1.00
2016.09.20 01:15:35.783,1.7843,1.78483,1.00,1.00
2016.09.20 01:15:35.986,1.78432,1.78485,1.00,1.00
2016.09.20 01:15:36.191,1.78429,1.78481,1.50,1.00
2016.09.20 01:15:36.292,1.78429,1.7848,1.00,1.00
2016.09.20 01:15:36.570,1.78428,1.7848,1.50,1.00
2016.09.20 01:15:36.671,1.78428,1.7848,1.00,1.00
2016.09.20 01:15:36.975,1.78428,1.78478,1.00,1.00
2016.09.20 01:15:37.431,1.78429,1.78479,1.00,1.00
2016.09.20 01:15:37.630,1.78428,1.78479,1.00,1.00
2016.09.20 01:15:37.681,1.78429,1.7848,1.00,1.00
2016.09.20 01:15:40.652,1.7843,1.78481,1.00,1.00
2016.09.20 01:15:50.425,1.78431,1.78481,1.00,1.00
2016.09.20 01:15:50.941,1.78431,1.78482,1.00,1.00
2016.09.20 01:15:51.330,1.78428,1.78478,1.00,1.00
2016.09.20 01:15:51.381,1.78428,1.78478,1.00,1.00
2016.09.20 01:15:52.989,1.78428,1.78481,1.00,1.37
2016.09.20 01:15:53.098,1.7843,1.78483,1.00,1.37
2016.09.20 01:15:55.810,1.78429,1.7848,1.50,1.12
2016.09.20 01:15:55.860,1.78429,1.78478,1.00,1.00
2016.09.20 01:15:57.293,1.78429,1.78479,1.00,1.00
2016.09.20 01:15:57.547,1.78428,1.78479,1.00,1.12
2016.09.20 01:16:00.000,1.78428,1.78479,1.50,1.12
2016.09.20 01:16:00.051,1.78431,1.78482,1.00,1.75
2016.09.20 01:16:00.102,1.78432,1.78483,1.12,1.37
2016.09.20 01:16:00.324,1.78439,1.78484,1.00,1.00
2016.09.20 01:16:00.377,1.7844,1.78489,1.00,1.00
2016.09.20 01:16:00.534,1.7844,1.78487,1.00,1.00
2016.09.20 01:16:00.635,1.78439,1.7849,1.50,1.00
2016.09.20 01:16:00.889,1.7844,1.78491,1.00,1.00
2016.09.20 01:16:00.940,1.78439,1.78488,1.00,1.00
2016.09.20 01:16:01.282,1.7844,1.7849,1.50,1.00
2016.09.20 01:16:01.494,1.7844,1.78491,1.00,1.00
2016.09.20 01:16:01.595,1.7844,1.78491,1.50,1.00
2016.09.20 01:16:01.646,1.78441,1.78492,1.00,1.00
2016.09.20 01:16:01.697,1.7844,1.78491,1.50,1.00
2016.09.20 01:16:01.748,1.7844,1.7849,1.00,1.00
2016.09.20 01:16:01.799,1.7844,1.78491,1.50,1.00
2016.09.20 01:16:01.850,1.7844,1.78491,1.00,1.00
2016.09.20 01:16:02.104,1.78433,1.78486,1.50,1.00
2016.09.20 01:16:02.298,1.78433,1.78486,1.50,1.12
2016.09.20 01:16:02.350,1.78433,1.78484,1.50,1.00
2016.09.20 01:16:02.401,1.78433,1.78484,1.00,1.00
2016.09.20 01:16:02.452,1.78432,1.78484,1.00,1.00
2016.09.20 01:16:02.502,1.78432,1.78484,1.00,1.00
2016.09.20 01:16:02.806,1.78432,1.78483,1.50,1.00
2016.09.20 01:16:03.161,1.78432,1.7848,1.00,1.00
2016.09.20 01:16:03.405,1.78422,1.78473,1.00,1.00
2016.09.20 01:16:03.456,1.7842,1.78473,1.00,1.00
2016.09.20 01:16:03.507,1.78424,1.78476,1.00,1.00
2016.09.20 01:16:04.013,1.78424,1.78477,1.00,1.00
2016.09.20 01:16:04.267,1.78425,1.78478,1.00,1.50
2016.09.20 01:16:04.479,1.78425,1.78478,1.50,1.00
2016.09.20 01:16:04.530,1.78426,1.78479,1.00,1.50
2016.09.20 01:16:04.873,1.78425,1.78475,1.50,1.00
2016.09.20 01:16:04.924,1.78425,1.78475,1.00,1.50
2016.09.20 01:16:04.975,1.78425,1.78472,1.00,1.00
2016.09.20 01:16:05.026,1.78424,1.7847,1.00,1.37
2016.09.20 01:16:05.077,1.78424,1.78465,1.00,1.00
2016.09.20 01:16:05.127,1.78415,1.78466,1.00,1.12
2016.09.20 01:16:05.178,1.78412,1.78464,1.50,1.00
2016.09.20 01:16:05.229,1.78412,1.78461,1.12,1.00
2016.09.20 01:16:05.331,1.7841,1.78461,1.00,1.00
2016.09.20 01:16:05.381,1.78413,1.78463,1.00,1.00
2016.09.20 01:16:05.506,1.78413,1.78464,1.00,1.50
2016.09.20 01:16:05.687,1.78413,1.7846,1.00,1.00
2016.09.20 01:16:05.738,1.78406,1.78457,1.00,1.00
2016.09.20 01:16:05.789,1.78407,1.7846,1.00,1.37
2016.09.20 01:16:05.839,1.78408,1.78461,1.00,1.87
2016.09.20 01:16:05.890,1.78408,1.7846,1.00,1.00
2016.09.20 01:16:07.123,1.78408,1.78461,1.00,1.00
2016.09.20 01:16:07.849,1.78406,1.78459,1.00,1.00
2016.09.20 01:16:07.962,1.78409,1.7846,1.00,1.12
2016.09.20 01:16:08.013,1.78409,1.7846,1.00,1.87
2016.09.20 01:16:08.367,1.78409,1.78459,1.00,1.37
2016.09.20 01:16:08.420,1.78407,1.7846,1.00,2.25
2016.09.20 01:16:08.471,1.78404,1.78456,1.00,1.12
2016.09.20 01:16:08.522,1.78404,1.78454,1.00,1.00
2016.09.20 01:16:08.573,1.78404,1.78454,1.00,1.37
2016.09.20 01:16:08.624,1.78405,1.78451,1.00,1.50
2016.09.20 01:16:08.725,1.78401,1.78451,1.00,1.75
2016.09.20 01:16:08.776,1.78401,1.78451,1.00,1.50
2016.09.20 01:16:08.827,1.78401,1.78451,1.00,1.12
2016.09.20 01:16:08.877,1.78403,1.78453,1.00,1.50
2016.09.20 01:16:08.928,1.78403,1.78453,1.00,1.12
2016.09.20 01:16:09.284,1.78402,1.78453,1.00,1.87
2016.09.20 01:16:09.539,1.78402,1.78453,1.00,1.50
2016.09.20 01:16:09.868,1.78402,1.78453,1.00,1.00
2016.09.20 01:16:10.181,1.78407,1.78456,1.00,1.00
2016.09.20 01:16:10.688,1.78405,1.78457,1.00,1.00
2016.09.20 01:16:11.273,1.78405,1.78456,1.00,1.00
2016.09.20 01:16:12.081,1.78404,1.78456,1.00,1.50
2016.09.20 01:16:12.132,1.78405,1.78456,1.00,1.00
2016.09.20 01:16:12.234,1.78404,1.78456,1.50,1.00
2016.09.20 01:16:12.517,1.78409,1.78455,1.87,1.00
2016.09.20 01:16:12.569,1.78418,1.78466,1.00,1.00
2016.09.20 01:16:12.628,1.7842,1.78471,1.00,1.75
2016.09.20 01:16:12.780,1.7842,1.78471,1.00,1.37
2016.09.20 01:16:12.831,1.7842,1.78471,1.00,1.00
2016.09.20 01:16:12.910,1.78418,1.78471,1.00,1.12
2016.09.20 01:16:12.961,1.78418,1.78471,1.00,1.37
2016.09.20 01:16:13.012,1.78416,1.78469,1.12,1.75
2016.09.20 01:16:13.063,1.78418,1.78471,1.00,1.75
2016.09.20 01:16:13.114,1.78417,1.78468,1.00,1.50
2016.09.20 01:16:13.165,1.78416,1.78467,1.00,1.00
2016.09.20 01:16:13.389,1.78414,1.78467,1.00,1.00
2016.09.20 01:16:13.440,1.78413,1.78463,1.00,1.00
2016.09.20 01:16:13.491,1.78413,1.78462,1.00,1.37
2016.09.20 01:16:13.541,1.78413,1.78462,1.00,1.50
2016.09.20 01:16:13.592,1.78413,1.78462,1.00,1.12
2016.09.20 01:16:13.643,1.78413,1.78462,1.00,1.00
2016.09.20 01:16:13.744,1.78413,1.78462,1.50,1.00
2016.09.20 01:16:13.898,1.78413,1.78462,1.00,1.00
2016.09.20 01:16:14.182,1.78413,1.78465,1.00,1.37
2016.09.20 01:16:14.360,1.78413,1.78466,1.00,2.25
2016.09.20 01:16:14.411,1.78413,1.78466,1.00,1.87
2016.09.20 01:16:14.532,1.78412,1.7846,1.00,1.00
2016.09.20 01:16:14.583,1.78412,1.78457,1.00,1.00
2016.09.20 01:16:14.735,1.78404,1.78455,1.00,1.00
2016.09.20 01:16:15.385,1.78404,1.78454,1.00,1.00
2016.09.20 01:16:16.335,1.78402,1.78452,1.00,1.12
2016.09.20 01:16:16.574,1.784,1.7845,1.00,1.00
2016.09.20 01:16:16.904,1.78402,1.7845,1.00,1.00
2016.09.20 01:16:17.011,1.78403,1.78456,1.00,1.00
2016.09.20 01:16:17.062,1.78406,1.78457,1.00,1.50
2016.09.20 01:16:17.113,1.78406,1.78457,1.00,1.00
2016.09.20 01:16:17.164,1.78408,1.78459,1.00,1.50
2016.09.20 01:16:17.214,1.78407,1.78457,1.00,1.50
2016.09.20 01:16:17.265,1.78407,1.78457,1.00,1.00
2016.09.20 01:16:17.702,1.78411,1.78462,1.00,1.50
2016.09.20 01:16:17.758,1.78409,1.78462,1.00,1.50
2016.09.20 01:16:17.809,1.78409,1.7846,1.00,1.00
2016.09.20 01:16:17.916,1.78405,1.78458,1.50,1.00
2016.09.20 01:16:18.018,1.78405,1.78456,1.00,1.00
2016.09.20 01:16:18.068,1.78404,1.78456,1.00,1.00
2016.09.20 01:16:18.119,1.78404,1.78455,1.00,1.00
2016.09.20 01:16:18.175,1.78402,1.78453,1.37,1.00
2016.09.20 01:16:18.226,1.78401,1.78452,1.00,1.50
2016.09.20 01:16:18.592,1.78401,1.78452,1.00,1.00
2016.09.20 01:16:19.052,1.78406,1.78456,1.00,1.00
2016.09.20 01:16:19.200,1.78406,1.78457,1.00,1.50
2016.09.20 01:16:19.302,1.78406,1.78457,1.00,1.00
2016.09.20 01:16:19.841,1.78403,1.78454,1.00,1.00
2016.09.20 01:16:20.332,1.78407,1.78456,1.00,1.00
2016.09.20 01:16:20.383,1.78405,1.78456,1.00,1.00
2016.09.20 01:16:20.761,1.78407,1.78456,1.00,1.00
2016.09.20 01:16:21.686,1.78407,1.78456,1.00,1.12
2016.09.20 01:16:21.928,1.78407,1.78454,1.00,1.00
2016.09.20 01:16:21.979,1.78404,1.78454,1.00,1.00
2016.09.20 01:16:22.131,1.78404,1.78456,1.00,1.87
2016.09.20 01:16:22.284,1.78405,1.78456,1.00,1.12
2016.09.20 01:16:22.632,1.78403,1.78454,1.00,1.00
2016.09.20 01:16:23.133,1.78402,1.78453,1.00,1.00
2016.09.20 01:16:23.786,1.78403,1.78454,1.00,1.00
2016.09.20 01:16:23.838,1.78403,1.78455,1.00,1.75
2016.09.20 01:16:24.209,1.78403,1.78455,1.00,1.37
2016.09.20 01:16:24.259,1.78403,1.78455,1.00,1.00
2016.09.20 01:16:24.790,1.78403,1.78454,1.00,1.00
2016.09.20 01:16:25.539,1.78403,1.78454,1.00,1.50
2016.09.20 01:16:27.460,1.784,1.78453,1.37,1.00
2016.09.20 01:16:28.387,1.78398,1.78451,2.25,1.00
2016.09.20 01:16:28.438,1.78398,1.78451,1.50,1.00
2016.09.20 01:16:28.725,1.78398,1.78451,1.00,1.00
2016.09.20 01:16:28.776,1.78398,1.78449,1.00,1.00
2016.09.20 01:16:28.826,1.78399,1.7845,1.00,1.12
2016.09.20 01:16:28.877,1.78398,1.78449,1.00,1.00
2016.09.20 01:16:29.657,1.78401,1.78452,1.00,1.50
2016.09.20 01:16:29.708,1.78402,1.78455,1.00,1.50
2016.09.20 01:16:29.810,1.78402,1.78455,1.00,1.00
2016.09.20 01:16:30.325,1.78402,1.78455,1.00,1.12
2016.09.20 01:16:30.724,1.78402,1.78455,1.00,1.00
2016.09.20 01:16:38.144,1.78402,1.78455,1.00,1.37
2016.09.20 01:16:38.195,1.78401,1.78454,1.00,1.12
2016.09.20 01:16:38.246,1.78401,1.78452,1.00,1.00
2016.09.20 01:16:38.526,1.78403,1.78454,1.00,1.00
2016.09.20 01:16:40.279,1.784,1.78454,1.00,1.00
2016.09.20 01:16:40.432,1.78399,1.78452,1.50,1.00
2016.09.20 01:16:40.484,1.78399,1.78451,1.00,1.00
2016.09.20 01:16:40.535,1.78399,1.78451,1.00,1.00
2016.09.20 01:16:40.587,1.78398,1.78451,1.50,1.00
2016.09.20 01:16:40.739,1.78398,1.78451,1.50,1.00
2016.09.20 01:16:44.205,1.784,1.78451,1.00,1.00
2016.09.20 01:16:46.881,1.784,1.78454,1.00,1.00
2016.09.20 01:16:46.932,1.78401,1.78455,1.00,1.50
2016.09.20 01:16:47.034,1.78401,1.78455,1.00,1.00
2016.09.20 01:16:47.562,1.78401,1.78455,1.00,1.50
2016.09.20 01:16:50.065,1.78403,1.78454,1.00,1.00
2016.09.20 01:16:50.116,1.78405,1.78456,1.00,1.00
2016.09.20 01:16:50.218,1.7841,1.78459,1.00,1.50
2016.09.20 01:16:50.268,1.78412,1.78463,1.00,1.50
2016.09.20 01:16:50.347,1.78412,1.78465,1.00,1.87
2016.09.20 01:16:50.399,1.78412,1.78465,1.00,1.12
2016.09.20 01:16:50.450,1.78411,1.78462,1.00,1.00
2016.09.20 01:16:50.551,1.7841,1.78463,1.00,1.12
2016.09.20 01:16:50.704,1.78409,1.78461,1.00,1.37
2016.09.20 01:16:50.755,1.78409,1.78463,1.00,1.37
2016.09.20 01:16:50.806,1.78409,1.78463,1.00,1.12
2016.09.20 01:16:51.045,1.78408,1.7846,1.00,1.00
2016.09.20 01:16:51.304,1.78408,1.78456,1.00,1.00
2016.09.20 01:16:53.962,1.78408,1.78459,1.00,1.00
2016.09.20 01:16:54.578,1.78408,1.78458,1.00,1.00
2016.09.20 01:16:54.871,1.78407,1.78458,1.00,1.12
2016.09.20 01:16:54.923,1.78407,1.78458,1.00,1.00
2016.09.20 01:16:55.780,1.78407,1.78456,1.00,1.00
2016.09.20 01:16:55.882,1.78407,1.78454,1.00,1.37
2016.09.20 01:16:55.983,1.784,1.78452,1.09,1.50
2016.09.20 01:16:56.188,1.784,1.78452,1.09,1.50
2016.09.20 01:16:56.252,1.784,1.78451,1.09,1.12
2016.09.20 01:16:56.768,1.78399,1.7845,1.34,1.00
2016.09.20 01:16:56.819,1.78398,1.78452,1.84,1.50
2016.09.20 01:16:56.870,1.78399,1.7845,1.34,1.00
2016.09.20 01:16:57.351,1.78398,1.7845,1.34,1.12
2016.09.20 01:16:57.402,1.78398,1.7845,1.84,1.12
2016.09.20 01:16:57.453,1.78398,1.78452,1.84,1.75
2016.09.20 01:16:57.919,1.784,1.78452,1.00,1.75
2016.09.20 01:16:57.970,1.784,1.78452,1.00,1.37
2016.09.20 01:16:58.020,1.784,1.78452,1.00,1.00
2016.09.20 01:16:59.004,1.78401,1.78452,1.00,1.00
2016.09.20 01:16:59.397,1.78399,1.78453,1.00,1.00
2016.09.20 01:17:00.230,1.78399,1.78453,1.37,1.00
2016.09.20 01:17:00.281,1.78402,1.78454,1.00,1.00
2016.09.20 01:17:00.836,1.78402,1.78454,1.12,1.00
2016.09.20 01:17:00.937,1.78403,1.78454,1.00,1.00
2016.09.20 01:17:02.327,1.78399,1.78451,1.00,1.00
2016.09.20 01:17:02.658,1.78399,1.78451,1.00,1.00
2016.09.20 01:17:03.110,1.78398,1.7845,1.00,1.00
2016.09.20 01:17:03.212,1.78398,1.7845,1.50,1.00
2016.09.20 01:17:03.547,1.78398,1.78448,1.00,1.00
2016.09.20 01:17:03.648,1.78398,1.7845,1.00,1.37
2016.09.20 01:17:03.700,1.78397,1.7845,1.00,1.50
2016.09.20 01:17:03.852,1.78397,1.7845,1.00,1.12
2016.09.20 01:17:03.903,1.78398,1.7845,1.00,1.00
2016.09.20 01:17:03.954,1.78398,1.78448,1.00,1.00
2016.09.20 01:17:04.106,1.78397,1.78449,1.00,1.00
2016.09.20 01:17:06.263,1.78398,1.7845,1.00,1.00
2016.09.20 01:17:06.314,1.78397,1.7845,1.00,1.00
2016.09.20 01:17:08.623,1.78397,1.78446,1.00,1.00
2016.09.20 01:17:08.830,1.78391,1.78439,1.00,1.37
2016.09.20 01:17:08.881,1.78378,1.78431,1.50,1.00
2016.09.20 01:17:08.932,1.78379,1.78431,1.00,1.00
2016.09.20 01:17:09.084,1.78381,1.78434,1.00,1.00
2016.09.20 01:17:09.287,1.78387,1.7844,1.00,2.25
2016.09.20 01:17:09.337,1.78391,1.78442,1.00,1.00
2016.09.20 01:17:09.439,1.78393,1.78444,1.00,1.50
2016.09.20 01:17:09.490,1.7839,1.78443,1.00,1.00
2016.09.20 01:17:09.541,1.78393,1.78443,1.00,1.00
2016.09.20 01:17:09.906,1.78393,1.78444,1.50,1.00
2016.09.20 01:17:10.407,1.78393,1.78443,1.00,1.00
2016.09.20 01:17:11.000,1.78394,1.78444,1.00,1.00
2016.09.20 01:17:11.322,1.78394,1.78442,1.00,1.00
2016.09.20 01:17:12.209,1.78391,1.78442,1.00,1.00
2016.09.20 01:17:12.260,1.78389,1.78442,1.37,1.00
2016.09.20 01:17:12.361,1.78387,1.78436,1.75,1.00
2016.09.20 01:17:12.412,1.78387,1.78436,1.00,1.00
2016.09.20 01:17:12.624,1.78387,1.78438,1.00,1.00
2016.09.20 01:17:12.726,1.78387,1.78438,1.50,1.00
2016.09.20 01:17:12.827,1.78384,1.78435,1.00,1.00
2016.09.20 01:17:12.907,1.78382,1.78433,1.00,1.00
2016.09.20 01:17:12.958,1.7838,1.78433,1.00,1.00
2016.09.20 01:17:13.008,1.78382,1.78433,1.00,1.00
2016.09.20 01:17:13.059,1.78384,1.78436,1.00,1.00
2016.09.20 01:17:14.634,1.78385,1.78436,1.00,1.00
2016.09.20 01:17:15.291,1.78386,1.78437,1.00,1.00
2016.09.20 01:17:15.393,1.78382,1.78436,1.00,1.00
2016.09.20 01:17:15.819,1.78382,1.78435,1.00,1.00
2016.09.20 01:17:17.392,1.78382,1.78435,1.00,1.00
2016.09.20 01:17:17.443,1.78383,1.78435,1.00,1.00
2016.09.20 01:17:17.494,1.78383,1.78435,1.00,1.00
2016.09.20 01:17:18.001,1.78384,1.78435,1.00,1.00
2016.09.20 01:17:18.052,1.78382,1.78435,1.00,1.00
2016.09.20 01:17:18.204,1.78382,1.78433,1.00,1.00
2016.09.20 01:17:18.383,1.78383,1.78436,1.00,1.00
2016.09.20 01:17:18.434,1.78383,1.78436,1.00,1.00
2016.09.20 01:17:18.485,1.78383,1.78434,1.00,1.00
2016.09.20 01:17:18.709,1.78383,1.78436,1.00,1.00
2016.09.20 01:17:20.219,1.78386,1.78437,1.00,1.00
2016.09.20 01:17:21.233,1.78386,1.78439,1.00,1.00
2016.09.20 01:17:21.472,1.78386,1.78439,1.50,1.00
2016.09.20 01:17:21.563,1.78389,1.7844,1.00,1.00
2016.09.20 01:17:22.146,1.78388,1.78442,1.00,1.00
2016.09.20 01:17:22.247,1.78387,1.78441,1.00,1.50
2016.09.20 01:17:22.298,1.78387,1.78439,1.00,1.00
2016.09.20 01:17:22.348,1.78387,1.78439,1.00,1.00
2016.09.20 01:17:22.606,1.78387,1.78439,1.00,1.00
2016.09.20 01:17:24.784,1.78388,1.78439,1.00,1.00
2016.09.20 01:17:25.347,1.78385,1.78437,1.00,1.00
2016.09.20 01:17:25.398,1.78385,1.78434,1.00,1.00
2016.09.20 01:17:25.450,1.78379,1.78431,1.00,1.00
2016.09.20 01:17:25.551,1.78379,1.7843,1.00,1.00
2016.09.20 01:17:26.274,1.78378,1.7843,1.00,1.00
2016.09.20 01:17:27.768,1.78379,1.78431,1.00,1.00
2016.09.20 01:17:27.826,1.78379,1.78431,1.00,1.00
2016.09.20 01:17:28.768,1.7838,1.78433,1.00,1.50
2016.09.20 01:17:28.819,1.78385,1.78433,1.00,1.00
2016.09.20 01:17:28.870,1.78388,1.78438,1.00,1.00
2016.09.20 01:17:28.920,1.78389,1.78438,1.00,1.00
2016.09.20 01:17:28.972,1.78389,1.78442,1.00,1.00
2016.09.20 01:17:29.023,1.78391,1.78443,1.00,1.50
2016.09.20 01:17:29.241,1.78395,1.78447,1.00,1.50
2016.09.20 01:17:29.292,1.78395,1.78447,1.00,1.00
2016.09.20 01:17:29.546,1.78397,1.7845,1.00,1.00
2016.09.20 01:17:29.757,1.78398,1.78451,1.00,1.50
2016.09.20 01:17:29.859,1.78398,1.78451,1.00,1.00
2016.09.20 01:17:29.960,1.78397,1.7845,1.00,1.50
2016.09.20 01:17:30.062,1.78397,1.7845,1.00,1.00
2016.09.20 01:17:30.163,1.78397,1.78449,1.00,1.00
2016.09.20 01:17:30.450,1.78397,1.7845,1.00,1.00
2016.09.20 01:17:30.501,1.78398,1.78451,1.00,1.00
2016.09.20 01:17:30.552,1.78397,1.78451,1.00,1.00
2016.09.20 01:17:30.754,1.78399,1.7845,1.00,1.00
2016.09.20 01:17:31.288,1.78399,1.78451,1.00,1.00
2016.09.20 01:17:31.431,1.78397,1.78451,1.00,1.00
2016.09.20 01:17:31.634,1.78399,1.78452,1.00,1.00
2016.09.20 01:17:31.685,1.78399,1.78452,1.00,1.50
2016.09.20 01:17:31.936,1.78403,1.78454,1.00,1.00
2016.09.20 01:17:31.987,1.78405,1.78456,1.00,1.00
2016.09.20 01:17:32.163,1.78405,1.78456,1.00,1.50
2016.09.20 01:17:32.694,1.78405,1.78456,1.00,1.00
2016.09.20 01:17:39.238,1.78404,1.78458,1.00,1.50
2016.09.20 01:17:39.339,1.78404,1.78458,1.00,1.50
2016.09.20 01:17:39.390,1.78405,1.78456,1.00,1.00
2016.09.20 01:17:39.633,1.78403,1.78454,1.00,1.00
2016.09.20 01:17:39.947,1.78401,1.78452,1.50,1.00
2016.09.20 01:17:40.040,1.78401,1.78452,1.00,1.00
2016.09.20 01:17:40.142,1.78401,1.78452,1.00,1.00
2016.09.20 01:17:40.648,1.78401,1.78451,1.00,1.00
2016.09.20 01:17:41.205,1.78401,1.78451,1.50,1.00
2016.09.20 01:17:41.256,1.78401,1.78449,1.00,1.00
2016.09.20 01:17:41.799,1.78401,1.78448,1.00,1.00
2016.09.20 01:17:42.162,1.784,1.78448,1.00,1.00
2016.09.20 01:17:42.263,1.78394,1.78446,1.34,1.50
2016.09.20 01:17:42.314,1.78393,1.78445,1.00,1.00
2016.09.20 01:17:42.365,1.78392,1.78444,1.50,1.00
2016.09.20 01:17:42.644,1.78392,1.78439,1.00,1.00
2016.09.20 01:17:42.695,1.78387,1.78439,1.00,1.00
2016.09.20 01:17:43.443,1.78387,1.78439,1.00,1.00
2016.09.20 01:17:44.463,1.78389,1.78441,1.00,1.50
2016.09.20 01:17:44.744,1.78389,1.78441,1.00,1.50
2016.09.20 01:17:45.171,1.78388,1.7844,1.00,1.00
2016.09.20 01:17:45.222,1.78386,1.7844,1.50,1.00
2016.09.20 01:17:45.273,1.78386,1.78438,1.50,1.00
2016.09.20 01:17:45.742,1.78386,1.78438,1.50,1.50
2016.09.20 01:17:45.945,1.78386,1.7844,1.50,1.00
2016.09.20 01:17:45.996,1.78387,1.7844,1.00,1.00
2016.09.20 01:17:46.097,1.78387,1.7844,1.00,1.50
2016.09.20 01:17:46.308,1.78387,1.7844,1.00,1.00
2016.09.20 01:17:46.400,1.78387,1.7844,1.00,1.50
2016.09.20 01:17:47.208,1.78388,1.7844,1.00,1.50
2016.09.20 01:17:47.411,1.78388,1.7844,1.00,1.00
2016.09.20 01:17:47.950,1.78388,1.78439,1.00,1.00
2016.09.20 01:17:48.473,1.78389,1.78439,1.00,1.00
2016.09.20 01:17:48.525,1.78391,1.78439,1.00,1.00
2016.09.20 01:17:48.626,1.78388,1.78439,1.00,1.00
2016.09.20 01:17:48.677,1.78392,1.78442,1.00,1.00
2016.09.20 01:17:48.779,1.78387,1.78441,1.00,1.00
2016.09.20 01:17:49.745,1.7839,1.78442,1.00,1.00
2016.09.20 01:17:50.893,1.78389,1.78442,1.00,1.00
2016.09.20 01:17:50.954,1.78387,1.78441,1.00,1.00
2016.09.20 01:17:51.267,1.78387,1.78439,1.00,1.00
2016.09.20 01:17:53.173,1.78387,1.78439,1.00,1.00
2016.09.20 01:17:53.275,1.78386,1.78439,1.00,1.00
2016.09.20 01:17:53.376,1.78386,1.78439,1.00,1.50
2016.09.20 01:17:53.630,1.78386,1.78438,1.00,1.00
2016.09.20 01:17:53.681,1.78386,1.78438,1.50,1.00
2016.09.20 01:17:53.731,1.78388,1.78439,1.00,1.00
2016.09.20 01:17:53.782,1.78386,1.78436,1.00,1.00
2016.09.20 01:17:54.012,1.78388,1.7844,1.00,1.00
2016.09.20 01:17:54.063,1.78392,1.78444,1.00,1.00
2016.09.20 01:17:54.114,1.78394,1.78442,1.00,1.00
2016.09.20 01:17:54.418,1.78394,1.78443,1.00,1.50
2016.09.20 01:17:54.520,1.78394,1.78441,1.00,1.00
2016.09.20 01:17:55.029,1.78394,1.78442,1.00,1.50
2016.09.20 01:17:55.079,1.78394,1.7844,1.00,1.00
2016.09.20 01:17:55.628,1.78393,1.78441,1.00,1.00
2016.09.20 01:17:59.300,1.78393,1.78441,1.50,1.00
2016.09.20 01:17:59.401,1.78393,1.78444,1.00,1.00
2016.09.20 01:17:59.452,1.78393,1.78444,1.00,1.50
2016.09.20 01:17:59.503,1.78394,1.7844,1.00,1.00
2016.09.20 01:17:59.604,1.78389,1.78443,1.00,1.50
2016.09.20 01:17:59.706,1.78389,1.7844,1.00,1.00
2016.09.20 01:17:59.908,1.78392,1.78446,1.00,1.50
2016.09.20 01:18:00.010,1.78397,1.78446,1.00,1.50
2016.09.20 01:18:00.249,1.78401,1.78455,1.50,1.00
2016.09.20 01:18:00.300,1.78405,1.78457,1.00,1.12
2016.09.20 01:18:00.581,1.78405,1.78457,1.00,1.12
2016.09.20 01:18:00.894,1.78405,1.78457,1.00,1.87
2016.09.20 01:18:01.243,1.78406,1.78457,1.00,1.00
2016.09.20 01:18:01.294,1.78406,1.78457,1.00,1.00
2016.09.20 01:18:01.524,1.78406,1.78459,1.00,1.00
2016.09.20 01:18:01.644,1.78413,1.78464,1.00,1.50
2016.09.20 01:18:01.798,1.78413,1.78464,1.00,1.00
2016.09.20 01:18:01.849,1.7841,1.78462,1.00,1.00
2016.09.20 01:18:02.469,1.78408,1.78455,1.00,1.00
2016.09.20 01:18:02.520,1.78401,1.78454,1.37,1.00
2016.09.20 01:18:02.571,1.78401,1.78454,1.00,1.00
2016.09.20 01:18:02.622,1.78401,1.78454,1.50,1.00
2016.09.20 01:18:02.673,1.78401,1.78453,1.00,1.00
2016.09.20 01:18:02.926,1.78402,1.78453,1.00,1.50
2016.09.20 01:18:03.028,1.78402,1.78453,1.00,1.00
2016.09.20 01:18:03.658,1.78403,1.78454,1.00,1.00
2016.09.20 01:18:03.709,1.78403,1.78454,1.00,1.00
2016.09.20 01:18:03.912,1.78402,1.78453,1.50,1.00
2016.09.20 01:18:03.963,1.78402,1.78452,1.00,1.00
2016.09.20 01:18:04.014,1.78401,1.78452,1.00,1.00
2016.09.20 01:18:04.166,1.78402,1.78455,1.00,1.00
2016.09.20 01:18:04.217,1.78401,1.78455,1.50,1.00
2016.09.20 01:18:04.419,1.78401,1.78455,1.50,1.00
2016.09.20 01:18:04.723,1.78402,1.78455,1.00,1.00
2016.09.20 01:18:05.034,1.78401,1.78451,1.00,1.00
2016.09.20 01:18:05.353,1.78402,1.78454,1.50,1.00
2016.09.20 01:18:05.404,1.78402,1.78454,1.50,1.00
2016.09.20 01:18:05.556,1.78402,1.78451,1.00,1.00
2016.09.20 01:18:05.708,1.78401,1.78452,1.50,1.00
2016.09.20 01:18:05.759,1.78402,1.78454,1.00,1.00
2016.09.20 01:18:05.962,1.78401,1.78451,1.00,1.00
2016.09.20 01:18:06.333,1.78401,1.78452,1.50,1.00
2016.09.20 01:18:06.384,1.78401,1.78454,1.50,1.50
2016.09.20 01:18:06.503,1.78401,1.78454,1.50,1.00
2016.09.20 01:18:06.554,1.78402,1.78454,1.00,1.00
2016.09.20 01:18:06.655,1.78401,1.78452,1.00,1.00
2016.09.20 01:18:06.706,1.78401,1.78451,1.00,1.00
2016.09.20 01:18:06.858,1.78402,1.78453,1.50,1.50
2016.09.20 01:18:06.909,1.78402,1.78453,1.50,1.00
2016.09.20 01:18:07.010,1.78402,1.78452,1.00,1.00
2016.09.20 01:18:07.061,1.78401,1.78451,1.00,1.00
2016.09.20 01:18:07.213,1.78401,1.78451,1.00,1.00
2016.09.20 01:18:10.807,1.78401,1.78454,1.00,1.00
2016.09.20 01:18:11.005,1.78402,1.78454,1.00,1.00
2016.09.20 01:18:11.056,1.78402,1.78453,1.50,1.00
2016.09.20 01:18:11.297,1.78402,1.78453,1.00,1.00
2016.09.20 01:18:11.398,1.78401,1.78453,1.00,1.00
2016.09.20 01:18:11.912,1.78402,1.78452,1.00,1.00
2016.09.20 01:18:12.014,1.78402,1.78452,1.00,1.50
2016.09.20 01:18:12.065,1.78401,1.78452,1.50,1.50
2016.09.20 01:18:12.353,1.78401,1.78452,1.50,1.00
2016.09.20 01:18:13.730,1.78401,1.78454,1.50,1.00
2016.09.20 01:18:13.954,1.78402,1.78454,1.00,1.00
2016.09.20 01:18:14.005,1.78402,1.78456,1.50,1.00
2016.09.20 01:18:14.298,1.78402,1.78456,1.50,1.50
2016.09.20 01:18:14.348,1.78402,1.78456,1.00,1.50
2016.09.20 01:18:14.399,1.78402,1.78456,1.00,1.00
2016.09.20 01:18:14.500,1.78402,1.78454,1.00,1.00
2016.09.20 01:18:14.756,1.78401,1.78453,1.50,1.00
2016.09.20 01:18:14.807,1.78401,1.78449,1.00,1.00
2016.09.20 01:18:14.858,1.78393,1.78447,1.75,1.00
2016.09.20 01:18:14.909,1.78393,1.78447,1.37,1.00
2016.09.20 01:18:14.960,1.78392,1.78442,1.00,1.00
2016.09.20 01:18:15.208,1.78384,1.78438,1.00,1.00
2016.09.20 01:18:15.895,1.78384,1.78438,1.00,1.00
2016.09.20 01:18:16.321,1.78386,1.78438,1.00,1.00
2016.09.20 01:18:18.148,1.78385,1.78438,1.00,1.00
2016.09.20 01:18:18.525,1.78384,1.78436,1.00,1.00
2016.09.20 01:18:18.576,1.78382,1.78435,1.00,1.00
2016.09.20 01:18:18.830,1.78384,1.78435,1.00,1.00
2016.09.20 01:18:18.932,1.78385,1.78436,1.00,1.00
2016.09.20 01:18:19.299,1.78386,1.78437,1.00,1.00
2016.09.20 01:18:19.350,1.78386,1.78437,1.00,1.00
2016.09.20 01:18:19.940,1.78385,1.78437,1.00,1.00
2016.09.20 01:18:20.241,1.78385,1.78437,1.00,1.00
2016.09.20 01:18:20.294,1.78387,1.78438,1.00,1.00
2016.09.20 01:18:21.277,1.78384,1.78438,1.00,1.00
2016.09.20 01:18:21.581,1.7838,1.78431,1.00,1.00
2016.09.20 01:18:21.631,1.7838,1.78431,1.00,1.00
2016.09.20 01:18:22.252,1.7838,1.78432,1.00,1.00
2016.09.20 01:18:22.303,1.78381,1.78432,1.00,1.00
2016.09.20 01:18:23.377,1.78381,1.78433,1.00,1.00
2016.09.20 01:18:23.905,1.78382,1.78433,1.00,1.00
2016.09.20 01:18:24.623,1.78383,1.78433,1.00,1.00
2016.09.20 01:18:28.703,1.78381,1.78433,1.00,1.00
2016.09.20 01:18:29.764,1.7838,1.78431,1.00,1.00
2016.09.20 01:18:31.177,1.78379,1.78431,1.00,1.00
2016.09.20 01:18:31.228,1.78379,1.78431,1.00,1.50
2016.09.20 01:18:32.197,1.7838,1.78431,1.00,1.50
2016.09.20 01:18:32.349,1.78382,1.78431,1.00,1.00
2016.09.20 01:18:32.450,1.7838,1.78431,1.00,1.00
2016.09.20 01:18:32.773,1.7838,1.78432,1.00,1.50
2016.09.20 01:18:33.198,1.7838,1.78431,1.00,1.00
2016.09.20 01:18:33.655,1.78382,1.78432,1.00,1.00
2016.09.20 01:18:33.807,1.78379,1.78432,1.00,1.50
2016.09.20 01:18:34.190,1.78378,1.78431,1.00,1.00
2016.09.20 01:18:34.241,1.78379,1.78432,1.00,1.50
2016.09.20 01:18:35.167,1.78379,1.78432,1.00,1.50
2016.09.20 01:18:35.320,1.78379,1.7843,1.00,1.00
2016.09.20 01:18:35.422,1.78379,1.78432,1.00,1.00
2016.09.20 01:18:36.010,1.78379,1.78431,1.00,1.00
2016.09.20 01:18:36.168,1.78379,1.78432,1.00,1.50
2016.09.20 01:18:36.318,1.78379,1.78432,1.00,1.00
2016.09.20 01:18:36.420,1.78379,1.78432,1.00,1.50
2016.09.20 01:18:36.619,1.78379,1.78432,1.00,1.00
2016.09.20 01:18:36.920,1.78379,1.7843,1.00,1.00
2016.09.20 01:18:37.461,1.78378,1.78428,1.00,1.00
2016.09.20 01:18:38.729,1.78379,1.78428,1.00,1.00
2016.09.20 01:18:38.831,1.78379,1.7843,1.00,1.00
2016.09.20 01:18:40.073,1.78377,1.78431,1.00,1.00
2016.09.20 01:18:40.174,1.78377,1.7843,1.00,1.00
2016.09.20 01:18:43.664,1.78382,1.7843,1.00,1.00
2016.09.20 01:18:43.766,1.78384,1.78436,1.00,1.00
2016.09.20 01:18:43.816,1.78386,1.78436,1.00,1.00
2016.09.20 01:18:44.216,1.78385,1.78437,1.00,1.50
2016.09.20 01:18:44.723,1.78386,1.78437,1.00,1.00
2016.09.20 01:18:45.025,1.78382,1.78432,1.00,1.00
2016.09.20 01:18:45.358,1.78385,1.78432,1.00,1.00
2016.09.20 01:18:45.561,1.78385,1.78436,1.00,1.50
2016.09.20 01:18:46.328,1.78381,1.78434,1.50,1.00
2016.09.20 01:18:46.378,1.78382,1.78434,1.00,1.00
2016.09.20 01:18:46.657,1.78381,1.78434,1.50,1.00
2016.09.20 01:18:46.869,1.78382,1.78436,1.00,1.00
2016.09.20 01:18:47.381,1.78384,1.78437,1.00,1.00
2016.09.20 01:18:47.956,1.78382,1.78435,1.50,1.00
2016.09.20 01:18:48.007,1.78385,1.78435,1.00,1.00
2016.09.20 01:18:48.271,1.78385,1.78436,1.00,1.50
2016.09.20 01:18:48.373,1.78385,1.78436,1.00,1.00
2016.09.20 01:18:48.475,1.78385,1.78436,1.00,1.50
2016.09.20 01:18:48.526,1.78385,1.78436,1.00,1.00
2016.09.20 01:18:48.827,1.78387,1.78436,1.00,1.00
2016.09.20 01:18:48.980,1.78385,1.78436,1.00,1.00
2016.09.20 01:18:49.183,1.78387,1.78436,1.00,1.00
2016.09.20 01:18:49.534,1.78387,1.78438,1.00,1.87
2016.09.20 01:18:49.640,1.78387,1.78436,1.00,1.00
2016.09.20 01:18:49.914,1.78387,1.78438,1.00,1.87
2016.09.20 01:18:49.969,1.78383,1.78435,1.00,1.00
2016.09.20 01:18:50.273,1.78381,1.78432,1.00,1.00
2016.09.20 01:18:50.374,1.78379,1.7843,1.00,1.50
2016.09.20 01:18:50.425,1.78379,1.7843,1.00,1.00
2016.09.20 01:18:50.476,1.78379,1.78432,1.00,1.12
2016.09.20 01:18:50.527,1.78379,1.7843,1.00,1.00
2016.09.20 01:18:50.971,1.78379,1.7843,1.00,1.00
2016.09.20 01:18:51.177,1.7838,1.78432,1.00,1.50
2016.09.20 01:18:51.329,1.78378,1.78431,1.00,1.00
2016.09.20 01:18:51.836,1.78379,1.7843,1.00,1.00
2016.09.20 01:18:52.373,1.78379,1.78431,1.00,1.00
2016.09.20 01:18:52.899,1.78379,1.7843,1.00,1.00
2016.09.20 01:18:53.411,1.78382,1.7843,1.00,1.00
2016.09.20 01:18:53.690,1.78388,1.78439,1.00,1.00
2016.09.20 01:18:54.206,1.78387,1.78439,1.00,1.00
2016.09.20 01:18:54.409,1.78388,1.78439,1.00,1.50
2016.09.20 01:18:54.460,1.78387,1.78437,1.00,1.00
2016.09.20 01:18:54.982,1.78389,1.78437,1.00,1.00
2016.09.20 01:18:55.261,1.78388,1.78439,1.00,1.00
2016.09.20 01:18:55.363,1.78388,1.78439,1.00,1.50
2016.09.20 01:18:55.666,1.78389,1.78438,1.00,1.00
2016.09.20 01:18:55.768,1.78387,1.78438,1.00,1.00
2016.09.20 01:18:55.870,1.78388,1.7844,1.00,1.00
2016.09.20 01:18:55.971,1.78388,1.78438,1.00,1.00
2016.09.20 01:18:56.144,1.78389,1.78439,1.00,1.00
2016.09.20 01:18:56.379,1.78403,1.78451,1.00,1.87
2016.09.20 01:18:56.430,1.78403,1.78451,1.00,1.00
2016.09.20 01:18:56.509,1.78405,1.78456,1.00,1.37
2016.09.20 01:18:56.559,1.78403,1.78456,1.00,1.37
2016.09.20 01:18:56.610,1.78403,1.78456,1.00,1.00
2016.09.20 01:18:56.762,1.78404,1.78457,1.00,1.50
2016.09.20 01:18:56.864,1.78404,1.78457,1.00,1.00
2016.09.20 01:18:56.965,1.78404,1.78454,1.00,1.00
2016.09.20 01:18:57.216,1.78402,1.78454,1.00,1.00
2016.09.20 01:18:57.267,1.784,1.78452,1.50,1.00
2016.09.20 01:18:57.318,1.784,1.78451,1.00,1.00
2016.09.20 01:18:57.419,1.78402,1.78452,1.00,1.00
2016.09.20 01:18:57.470,1.78402,1.78454,1.00,1.00
2016.09.20 01:18:57.774,1.78402,1.78455,1.00,1.00
2016.09.20 01:18:58.123,1.78402,1.78455,1.00,1.50
2016.09.20 01:18:58.174,1.78402,1.78453,1.00,1.00
2016.09.20 01:18:59.464,1.78401,1.78452,1.00,1.00
2016.09.20 01:18:59.514,1.784,1.78453,1.50,1.50
2016.09.20 01:18:59.565,1.784,1.78452,1.50,1.00
2016.09.20 01:18:59.616,1.78401,1.78452,1.00,1.00
2016.09.20 01:19:00.178,1.78403,1.78452,1.00,1.00
2016.09.20 01:19:00.482,1.78405,1.78452,1.00,1.00
2016.09.20 01:19:00.859,1.78405,1.78455,1.00,1.00
2016.09.20 01:19:01.886,1.78404,1.78454,1.00,1.00
2016.09.20 01:19:01.988,1.78405,1.78456,1.00,1.00
2016.09.20 01:19:02.259,1.78405,1.78454,1.00,1.00
2016.09.20 01:19:02.462,1.78405,1.78456,1.00,1.00
2016.09.20 01:19:02.853,1.78405,1.78454,1.00,1.00
2016.09.20 01:19:03.368,1.78406,1.78457,1.00,1.50
2016.09.20 01:19:03.470,1.78405,1.78457,1.00,1.00
2016.09.20 01:19:03.809,1.78409,1.7846,1.00,1.00
2016.09.20 01:19:03.861,1.78408,1.7846,1.50,1.00
2016.09.20 01:19:03.912,1.78409,1.7846,1.00,1.00
2016.09.20 01:19:04.197,1.78408,1.7846,1.50,1.00
2016.09.20 01:19:04.248,1.78408,1.7846,1.00,1.00
2016.09.20 01:19:04.776,1.78408,1.78461,1.00,1.00
2016.09.20 01:19:05.080,1.78415,1.78463,1.00,1.00
2016.09.20 01:19:05.181,1.78415,1.78466,1.00,1.00
2016.09.20 01:19:05.663,1.78413,1.78465,1.00,1.00
2016.09.20 01:19:05.714,1.78414,1.78467,1.00,1.00
2016.09.20 01:19:05.917,1.78415,1.78469,1.00,2.25
2016.09.20 01:19:06.018,1.78415,1.78469,1.00,1.50
2016.09.20 01:19:06.120,1.78417,1.78469,1.00,1.50
2016.09.20 01:19:06.864,1.78419,1.78469,1.00,1.00
2016.09.20 01:19:06.918,1.7842,1.7847,1.00,1.00
2016.09.20 01:19:06.969,1.7842,1.78473,1.00,1.00
2016.09.20 01:19:07.072,1.78423,1.78476,1.00,1.00
2016.09.20 01:19:07.338,1.7843,1.78479,1.00,1.00
2016.09.20 01:19:07.388,1.7843,1.78479,1.00,1.00
2016.09.20 01:19:07.728,1.7843,1.78477,1.00,1.00
2016.09.20 01:19:07.779,1.78419,1.78472,1.00,1.00
2016.09.20 01:19:08.134,1.78422,1.78474,1.00,1.00
2016.09.20 01:19:08.642,1.78422,1.78473,1.00,1.00
2016.09.20 01:19:09.289,1.78419,1.78472,1.00,1.00
2016.09.20 01:19:09.822,1.78418,1.78471,1.00,1.00
2016.09.20 01:19:14.869,1.78417,1.78471,1.00,1.00
2016.09.20 01:19:16.992,1.78417,1.7847,1.00,1.00
2016.09.20 01:19:17.043,1.78416,1.78467,1.00,1.00
2016.09.20 01:19:17.094,1.78415,1.78467,1.50,1.00
2016.09.20 01:19:17.145,1.78415,1.78467,1.00,1.00
2016.09.20 01:19:17.572,1.78421,1.78469,1.00,1.00
2016.09.20 01:19:17.775,1.78426,1.78475,1.00,1.00
2016.09.20 01:19:18.087,1.78426,1.78478,1.00,1.00
2016.09.20 01:19:18.138,1.78428,1.78478,1.00,1.00
2016.09.20 01:19:18.496,1.78429,1.7848,1.00,1.00
2016.09.20 01:19:18.550,1.78431,1.78481,1.00,1.00
2016.09.20 01:19:18.716,1.78431,1.78483,1.00,1.50
2016.09.20 01:19:18.818,1.78431,1.78483,1.00,1.50
2016.09.20 01:19:18.869,1.78431,1.7848,1.00,1.00
2016.09.20 01:19:18.970,1.78431,1.78483,1.00,1.50
2016.09.20 01:19:19.072,1.78431,1.7848,1.00,1.00
2016.09.20 01:19:22.122,1.7843,1.7848,1.00,1.00
2016.09.20 01:19:22.173,1.78427,1.7848,1.00,1.50
2016.09.20 01:19:22.274,1.78426,1.78474,1.00,1.00
2016.09.20 01:19:22.376,1.78421,1.78473,1.00,1.00
2016.09.20 01:19:22.680,1.78423,1.78474,1.00,1.00
2016.09.20 01:19:23.412,1.78421,1.78473,1.00,1.50
2016.09.20 01:19:23.700,1.78421,1.78473,1.00,1.00
2016.09.20 01:19:23.774,1.78421,1.78473,1.00,1.50
2016.09.20 01:19:24.181,1.78421,1.78472,1.00,1.00
2016.09.20 01:19:24.860,1.7842,1.7847,1.00,1.00
2016.09.20 01:19:24.912,1.78418,1.7847,1.50,1.00
2016.09.20 01:19:25.039,1.78419,1.7847,1.00,1.00
2016.09.20 01:19:25.542,1.78419,1.78469,1.00,1.00
2016.09.20 01:19:26.532,1.7842,1.78469,1.00,1.00
2016.09.20 01:19:27.879,1.7842,1.78472,1.00,1.00
2016.09.20 01:19:28.081,1.7842,1.7847,1.00,1.00
2016.09.20 01:19:29.490,1.78418,1.7847,1.00,1.00
2016.09.20 01:19:29.591,1.78417,1.78469,1.00,1.00
2016.09.20 01:19:30.251,1.78415,1.78468,1.00,1.00
2016.09.20 01:19:30.353,1.78415,1.78468,1.00,1.00
2016.09.20 01:19:30.878,1.78414,1.78468,1.00,1.50
2016.09.20 01:19:30.929,1.78414,1.78468,1.00,1.00
2016.09.20 01:19:30.980,1.78412,1.78464,1.84,1.00
2016.09.20 01:19:31.030,1.7841,1.78463,1.34,1.00
2016.09.20 01:19:31.132,1.7841,1.78458,1.00,1.00
2016.09.20 01:19:31.183,1.78406,1.78458,1.00,1.00
2016.09.20 01:19:31.234,1.78406,1.78458,1.00,1.50
2016.09.20 01:19:31.556,1.78407,1.78458,1.00,2.25
2016.09.20 01:19:31.607,1.78409,1.78458,1.00,1.50
2016.09.20 01:19:31.658,1.78411,1.78458,1.00,1.50
2016.09.20 01:19:31.709,1.78412,1.78458,1.00,1.00
2016.09.20 01:19:31.810,1.78412,1.78463,1.00,1.00
2016.09.20 01:19:35.288,1.78412,1.78464,1.00,1.00
2016.09.20 01:19:35.713,1.78412,1.78462,1.00,1.00
2016.09.20 01:19:36.971,1.78413,1.78462,1.00,1.00
2016.09.20 01:19:37.123,1.78413,1.78464,1.00,1.50
2016.09.20 01:19:37.317,1.78413,1.78463,1.00,1.00
2016.09.20 01:19:39.202,1.78413,1.78464,1.00,1.00
2016.09.20 01:19:39.635,1.78416,1.78464,1.00,1.00
2016.09.20 01:19:40.155,1.78415,1.78464,1.00,1.00
2016.09.20 01:19:40.206,1.78412,1.78464,1.00,1.00
2016.09.20 01:19:43.451,1.78417,1.78464,1.00,1.00
2016.09.20 01:19:43.603,1.78424,1.78476,1.00,3.00
2016.09.20 01:19:43.654,1.78424,1.78476,1.00,2.62
2016.09.20 01:19:43.704,1.78424,1.78476,1.00,2.25
2016.09.20 01:19:43.856,1.78422,1.78476,1.00,1.50
2016.09.20 01:19:43.907,1.78422,1.78476,1.00,1.00
2016.09.20 01:19:44.087,1.78422,1.78477,1.00,1.00
2016.09.20 01:19:44.770,1.78423,1.78477,1.00,1.00
2016.09.20 01:19:45.055,1.78425,1.78476,1.00,1.00
2016.09.20 01:19:45.731,1.78426,1.78477,1.00,1.00
2016.09.20 01:19:46.209,1.78427,1.78483,1.00,1.75
2016.09.20 01:19:46.260,1.78428,1.78483,1.00,1.37
2016.09.20 01:19:46.310,1.78428,1.78483,1.00,1.00
2016.09.20 01:19:46.462,1.78429,1.78483,1.00,1.50
2016.09.20 01:19:46.513,1.78428,1.78482,1.00,1.00
2016.09.20 01:19:46.615,1.78426,1.78482,1.00,1.00
2016.09.20 01:19:46.716,1.78425,1.78479,1.00,1.00
2016.09.20 01:19:47.312,1.78426,1.7848,1.00,1.00
2016.09.20 01:19:48.000,1.78426,1.7848,1.00,1.50
2016.09.20 01:19:48.239,1.78425,1.78479,1.00,1.00
2016.09.20 01:19:48.391,1.78425,1.78482,1.00,1.00
2016.09.20 01:19:48.442,1.78425,1.78479,1.00,1.00
2016.09.20 01:19:48.543,1.78425,1.78481,1.00,1.00
2016.09.20 01:19:48.645,1.7843,1.78483,1.00,1.00
2016.09.20 01:19:49.166,1.78429,1.78483,1.00,1.00
2016.09.20 01:19:49.778,1.7843,1.78483,1.00,1.00
2016.09.20 01:19:49.829,1.7843,1.78483,1.00,1.50
2016.09.20 01:19:50.304,1.7843,1.78483,1.00,1.00
2016.09.20 01:19:51.320,1.7843,1.78484,1.00,1.75
2016.09.20 01:19:51.421,1.7843,1.78482,1.00,1.37
2016.09.20 01:19:51.523,1.7843,1.78483,1.00,1.75
2016.09.20 01:19:51.731,1.7843,1.78482,1.00,1.00
2016.09.20 01:19:52.152,1.7843,1.78484,1.00,1.00
2016.09.20 01:19:52.730,1.7843,1.78484,1.00,1.50
2016.09.20 01:19:52.932,1.7843,1.78484,1.00,1.00
2016.09.20 01:19:53.034,1.7843,1.78483,1.00,1.00
2016.09.20 01:19:53.251,1.78429,1.78481,1.00,1.00
2016.09.20 01:19:53.701,1.78428,1.78481,1.00,1.12
2016.09.20 01:19:54.203,1.78428,1.78481,1.00,1.00
2016.09.20 01:19:54.534,1.78427,1.78482,1.00,1.00
2016.09.20 01:19:54.635,1.78429,1.78484,1.00,1.75
2016.09.20 01:19:54.686,1.78428,1.78483,1.00,1.75
2016.09.20 01:19:55.022,1.78428,1.78483,1.00,2.25
2016.09.20 01:19:55.124,1.78428,1.78483,1.00,1.00
2016.09.20 01:19:55.174,1.78431,1.78484,1.00,1.50
2016.09.20 01:19:55.327,1.7843,1.78484,1.00,1.00
2016.09.20 01:19:55.429,1.78429,1.78482,1.00,1.00
2016.09.20 01:19:55.530,1.78427,1.78483,1.00,1.12
2016.09.20 01:19:55.632,1.78426,1.78481,1.00,1.00
2016.09.20 01:19:56.045,1.78426,1.78481,1.00,1.12
2016.09.20 01:19:56.331,1.78426,1.78481,1.00,1.00
2016.09.20 01:19:59.966,1.78427,1.78481,1.00,1.00
2016.09.20 01:20:00.504,1.78427,1.78482,1.00,1.00
2016.09.20 01:20:00.806,1.78426,1.7848,1.00,1.00
2016.09.20 01:20:00.907,1.78426,1.7848,1.00,1.50
2016.09.20 01:20:00.958,1.78423,1.7848,1.00,1.00
2016.09.20 01:20:01.009,1.78427,1.78483,1.00,1.37
2016.09.20 01:20:01.236,1.7843,1.78484,1.00,1.00
2016.09.20 01:20:01.337,1.7843,1.78486,1.00,1.50
2016.09.20 01:20:01.657,1.7843,1.78486,1.00,1.00
2016.09.20 01:20:02.108,1.7843,1.78487,1.00,1.50
2016.09.20 01:20:02.159,1.78432,1.78487,1.00,1.00
2016.09.20 01:20:02.357,1.78432,1.78487,1.00,1.75
2016.09.20 01:20:02.561,1.78427,1.78483,1.50,1.37
2016.09.20 01:20:02.612,1.78427,1.78481,1.00,1.00
2016.09.20 01:20:02.662,1.78424,1.78479,1.12,1.00
2016.09.20 01:20:02.713,1.78424,1.78479,1.00,1.00
2016.09.20 01:20:02.764,1.78422,1.78479,1.00,1.00
2016.09.20 01:20:03.276,1.78421,1.78478,1.00,1.00
2016.09.20 01:20:03.500,1.78423,1.78478,1.00,1.00
2016.09.20 01:20:03.606,1.78421,1.78478,1.00,1.00
2016.09.20 01:20:04.155,1.7842,1.78477,1.00,1.00
2016.09.20 01:20:04.212,1.78422,1.78477,1.00,1.00
2016.09.20 01:20:04.718,1.78423,1.78478,1.50,1.00
2016.09.20 01:20:05.050,1.78427,1.78481,1.00,1.50
2016.09.20 01:20:05.435,1.78427,1.78481,1.50,1.00
2016.09.20 01:20:05.537,1.78427,1.78481,1.00,1.00
2016.09.20 01:20:05.758,1.78426,1.78481,1.50,1.00
2016.09.20 01:20:05.960,1.78428,1.7848,1.00,1.00
2016.09.20 01:20:06.062,1.78426,1.78481,1.50,1.00
2016.09.20 01:20:06.113,1.78428,1.78482,1.00,1.00
2016.09.20 01:20:07.510,1.78427,1.78484,1.00,1.50
2016.09.20 01:20:07.561,1.78431,1.78484,1.00,1.00
2016.09.20 01:20:07.881,1.78435,1.78487,1.00,1.00
2016.09.20 01:20:09.021,1.78434,1.78487,1.00,1.00
2016.09.20 01:20:09.223,1.78434,1.7849,1.00,1.50
2016.09.20 01:20:09.436,1.78434,1.78486,1.00,1.00
2016.09.20 01:20:09.501,1.78433,1.78486,1.50,1.00
2016.09.20 01:20:09.552,1.78432,1.78486,1.00,1.37
2016.09.20 01:20:09.654,1.78432,1.78486,1.00,1.00
2016.09.20 01:20:09.755,1.78432,1.78486,1.00,1.12
2016.09.20 01:20:09.857,1.78432,1.78486,1.00,1.87
2016.09.20 01:20:09.908,1.78432,1.78485,1.00,1.00
2016.09.20 01:20:10.424,1.78432,1.78484,1.00,1.00
2016.09.20 01:20:10.831,1.78432,1.78482,1.00,1.00
2016.09.20 01:20:10.883,1.78429,1.78482,1.00,1.00
2016.09.20 01:20:10.933,1.78429,1.78485,1.00,1.50
2016.09.20 01:20:11.136,1.78429,1.78481,1.00,1.00
2016.09.20 01:20:11.238,1.78429,1.78484,1.00,1.37
2016.09.20 01:20:11.339,1.78429,1.78482,1.00,1.00
2016.09.20 01:20:11.627,1.78429,1.78482,1.00,1.12
2016.09.20 01:20:11.738,1.78429,1.78484,1.00,2.25
2016.09.20 01:20:11.840,1.78429,1.78481,1.00,1.00
2016.09.20 01:20:11.942,1.78429,1.78484,1.00,1.75
2016.09.20 01:20:12.196,1.78427,1.78484,1.00,1.75
2016.09.20 01:20:12.247,1.78426,1.78483,1.50,3.00
2016.09.20 01:20:12.298,1.78426,1.78481,1.50,1.75
2016.09.20 01:20:12.356,1.78426,1.78481,1.00,1.75
2016.09.20 01:20:12.558,1.78426,1.78483,1.00,3.00
2016.09.20 01:20:12.660,1.78426,1.78481,1.00,1.75
2016.09.20 01:20:13.987,1.78427,1.78481,1.00,2.25
2016.09.20 01:20:14.139,1.78427,1.78479,1.00,1.37
2016.09.20 01:20:14.190,1.78427,1.78479,1.00,1.00
2016.09.20 01:20:14.342,1.78428,1.78483,1.00,1.75
2016.09.20 01:20:14.548,1.78428,1.7848,1.00,1.12
2016.09.20 01:20:14.599,1.78428,1.7848,1.00,1.00
2016.09.20 01:20:14.763,1.78428,1.78485,1.00,2.25
2016.09.20 01:20:14.865,1.78428,1.78482,1.00,1.00
2016.09.20 01:20:15.251,1.78426,1.78482,1.00,1.00
2016.09.20 01:20:19.652,1.78426,1.78482,1.00,1.12
2016.09.20 01:20:20.153,1.78427,1.78482,1.00,1.12
2016.09.20 01:20:20.625,1.78429,1.78482,1.00,1.12
2016.09.20 01:20:20.676,1.78429,1.78482,1.00,1.00
2016.09.20 01:20:21.186,1.78429,1.78483,1.00,1.00
2016.09.20 01:20:21.539,1.78429,1.78484,1.00,1.50
2016.09.20 01:20:21.640,1.78429,1.78482,1.00,1.00
2016.09.20 01:20:21.691,1.78429,1.78482,1.00,1.12
2016.09.20 01:20:21.978,1.78429,1.78484,1.00,2.25
2016.09.20 01:20:22.137,1.78429,1.78481,1.00,1.00
2016.09.20 01:20:22.262,1.78427,1.78481,1.00,1.00
2016.09.20 01:20:24.059,1.78427,1.78481,1.00,1.12
2016.09.20 01:20:24.161,1.78426,1.78481,1.00,1.37
2016.09.20 01:20:24.212,1.78425,1.78481,1.50,1.50
2016.09.20 01:20:24.262,1.78425,1.78481,1.50,1.12
2016.09.20 01:20:24.313,1.78425,1.78481,1.00,1.00
2016.09.20 01:20:24.577,1.78425,1.78482,1.00,1.50
2016.09.20 01:20:24.678,1.78425,1.7848,1.00,1.00
2016.09.20 01:20:26.775,1.78423,1.78465,1.12,1.37
2016.09.20 01:20:26.839,1.78409,1.78463,1.00,1.50
2016.09.20 01:20:26.890,1.78406,1.78463,1.00,1.50
2016.09.20 01:20:26.941,1.78407,1.78464,1.00,2.25
2016.09.20 01:20:26.992,1.78407,1.78464,1.00,1.87
2016.09.20 01:20:27.043,1.78408,1.78464,1.00,1.00
2016.09.20 01:20:27.195,1.78408,1.78465,1.12,1.00
2016.09.20 01:20:27.246,1.78409,1.78464,1.00,1.00
2016.09.20 01:20:27.449,1.78409,1.78466,1.00,1.00
2016.09.20 01:20:27.500,1.78411,1.78466,1.00,1.00
2016.09.20 01:20:28.173,1.78411,1.78466,1.00,1.00
2016.09.20 01:20:28.224,1.78411,1.78467,1.00,1.00
2016.09.20 01:20:28.275,1.78414,1.78467,1.00,1.00
2016.09.20 01:20:28.376,1.78414,1.78466,1.00,1.50
2016.09.20 01:20:28.427,1.78414,1.78466,1.00,1.00
2016.09.20 01:20:28.644,1.78414,1.78469,1.00,1.50
2016.09.20 01:20:29.482,1.78414,1.78469,1.00,1.00
2016.09.20 01:20:32.781,1.78413,1.78471,1.00,1.50
2016.09.20 01:20:32.832,1.78413,1.7847,1.00,1.00
2016.09.20 01:20:33.109,1.78411,1.78465,1.00,1.00
2016.09.20 01:20:33.160,1.78408,1.78465,1.71,1.00
2016.09.20 01:20:33.211,1.78408,1.78463,1.34,1.00
2016.09.20 01:20:33.262,1.78407,1.7846,1.34,1.00
2016.09.20 01:20:33.313,1.78407,1.7846,1.00,1.50
2016.09.20 01:20:33.364,1.78402,1.78459,1.00,1.00
2016.09.20 01:20:34.264,1.78402,1.78459,1.00,1.12
2016.09.20 01:20:34.983,1.78401,1.78458,1.00,1.12
2016.09.20 01:20:35.287,1.78402,1.78459,1.00,1.50
2016.09.20 01:20:36.802,1.78402,1.78459,1.00,1.12
2016.09.20 01:20:36.853,1.78404,1.78459,1.00,1.00
2016.09.20 01:20:36.955,1.78403,1.78458,1.00,1.37
2016.09.20 01:20:37.167,1.78401,1.78458,1.00,1.75
2016.09.20 01:20:37.319,1.78401,1.78458,1.00,1.75
2016.09.20 01:20:37.370,1.78401,1.78458,1.00,2.25
2016.09.20 01:20:37.664,1.78401,1.78455,1.00,1.00
2016.09.20 01:20:39.523,1.78401,1.78458,1.00,2.25
2016.09.20 01:20:39.969,1.78399,1.78454,1.50,1.00
2016.09.20 01:20:40.020,1.78399,1.78454,1.50,1.00
2016.09.20 01:20:40.256,1.78399,1.78452,1.50,1.12
2016.09.20 01:20:40.373,1.78399,1.78452,1.00,1.12
2016.09.20 01:20:43.740,1.78399,1.78452,1.00,1.00
2016.09.20 01:20:43.942,1.78395,1.7845,2.21,1.00
2016.09.20 01:20:43.994,1.784,1.78451,1.00,1.00
2016.09.20 01:20:44.146,1.78401,1.78455,1.50,1.37
2016.09.20 01:20:44.197,1.784,1.78455,1.75,1.50
2016.09.20 01:20:44.247,1.784,1.78457,1.75,1.75
2016.09.20 01:20:44.298,1.784,1.78457,2.25,1.75
2016.09.20 01:20:44.459,1.78401,1.78457,1.00,1.50
2016.09.20 01:20:44.510,1.78402,1.78457,1.50,1.50
2016.09.20 01:20:44.561,1.78402,1.78457,2.25,1.00
2016.09.20 01:20:44.696,1.78402,1.78457,1.75,1.00
2016.09.20 01:20:45.302,1.78403,1.78458,1.50,1.00
2016.09.20 01:20:45.353,1.78403,1.78458,1.37,1.50
2016.09.20 01:20:45.454,1.78403,1.78458,1.00,1.12
2016.09.20 01:20:47.110,1.78403,1.78458,1.12,1.37
2016.09.20 01:20:47.182,1.78403,1.78458,1.12,1.75
2016.09.20 01:20:50.081,1.78403,1.78458,1.50,1.37
2016.09.20 01:20:50.132,1.78405,1.78458,1.00,1.37
2016.09.20 01:20:51.001,1.78401,1.78458,1.12,1.75
2016.09.20 01:20:53.996,1.78401,1.78458,1.37,1.75
2016.09.20 01:20:54.047,1.78401,1.78458,1.37,1.75
2016.09.20 01:20:54.098,1.78405,1.78459,1.12,2.25
2016.09.20 01:20:54.314,1.78402,1.78459,1.50,2.25
2016.09.20 01:20:54.544,1.78402,1.78459,1.12,2.25
2016.09.20 01:20:54.595,1.78402,1.78458,1.12,1.75
2016.09.20 01:20:54.766,1.78404,1.78458,1.00,1.75
2016.09.20 01:20:54.816,1.78404,1.78458,1.37,1.50
2016.09.20 01:20:54.867,1.78404,1.78458,1.75,1.12
2016.09.20 01:20:54.918,1.78404,1.78459,1.75,1.37
2016.09.20 01:20:55.019,1.78404,1.78459,1.75,1.87
2016.09.20 01:20:55.121,1.78405,1.78459,1.50,1.37
2016.09.20 01:20:55.849,1.78406,1.78459,1.37,1.37
2016.09.20 01:20:58.453,1.78406,1.78457,1.00,1.00
2016.09.20 01:20:59.594,1.78406,1.78461,1.00,1.75
2016.09.20 01:21:00.253,1.78406,1.78457,1.00,1.00
2016.09.20 01:21:00.304,1.78406,1.78461,1.00,3.00
2016.09.20 01:21:01.200,1.78406,1.78457,1.00,1.00
2016.09.20 01:21:01.250,1.78404,1.78457,1.00,1.00
2016.09.20 01:21:01.302,1.78404,1.78461,1.00,1.75
2016.09.20 01:21:01.979,1.78404,1.7846,1.00,1.75
2016.09.20 01:21:02.030,1.78404,1.7846,1.00,2.25
2016.09.20 01:21:02.080,1.78404,1.7846,1.00,2.25
2016.09.20 01:21:02.131,1.78404,1.78458,1.00,1.00
2016.09.20 01:21:02.182,1.78404,1.78458,1.00,1.12
2016.09.20 01:21:02.233,1.78404,1.78458,1.00,1.50
2016.09.20 01:21:03.075,1.78402,1.78458,1.00,1.50
2016.09.20 01:21:03.544,1.78403,1.78458,1.37,1.00
2016.09.20 01:21:03.595,1.78405,1.7846,1.00,1.75
2016.09.20 01:21:03.646,1.78405,1.78459,1.37,1.00
2016.09.20 01:21:03.697,1.78409,1.78463,1.00,1.75
2016.09.20 01:21:03.748,1.7841,1.78463,1.00,2.25
2016.09.20 01:21:03.799,1.7841,1.78462,1.00,1.37
2016.09.20 01:21:03.850,1.78412,1.78462,1.00,1.00
2016.09.20 01:21:03.900,1.78412,1.78465,1.00,1.12
2016.09.20 01:21:03.951,1.78412,1.78465,1.00,2.62
2016.09.20 01:21:04.002,1.78412,1.78465,1.00,2.25
2016.09.20 01:21:04.053,1.78412,1.78466,1.37,1.75
2016.09.20 01:21:04.211,1.78412,1.78467,1.37,2.25
2016.09.20 01:21:04.262,1.78412,1.78467,1.37,1.75
2016.09.20 01:21:04.313,1.78412,1.78466,1.00,2.25
2016.09.20 01:21:04.997,1.78413,1.78466,1.00,2.25
2016.09.20 01:21:05.251,1.78413,1.78468,1.37,1.75
2016.09.20 01:21:06.633,1.78416,1.78468,1.00,1.75
2016.09.20 01:21:06.896,1.78414,1.78468,1.50,1.75
2016.09.20 01:21:06.947,1.78415,1.78468,2.25,1.75
2016.09.20 01:21:06.998,1.78415,1.78468,1.37,1.75
2016.09.20 01:21:07.049,1.78415,1.78468,1.87,1.75
2016.09.20 01:21:07.201,1.78415,1.78468,1.37,1.75
2016.09.20 01:21:07.252,1.78414,1.78468,1.50,1.75
2016.09.20 01:21:08.036,1.78414,1.78468,2.25,1.75
2016.09.20 01:21:08.087,1.78415,1.78468,1.37,1.75
2016.09.20 01:21:09.973,1.78415,1.78466,1.00,1.00
2016.09.20 01:21:10.023,1.78414,1.78471,1.87,3.00
2016.09.20 01:21:10.074,1.78414,1.78471,1.50,1.75
2016.09.20 01:21:10.317,1.78414,1.7847,1.00,1.75
2016.09.20 01:21:12.725,1.78414,1.78466,1.12,1.00
2016.09.20 01:21:12.776,1.78416,1.78466,1.00,1.00
2016.09.20 01:21:13.318,1.78417,1.78466,1.00,1.00
2016.09.20 01:21:15.264,1.78417,1.7847,1.37,1.37
2016.09.20 01:21:15.314,1.78422,1.7847,1.00,1.00
2016.09.20 01:21:15.365,1.78424,1.78477,1.37,1.37
2016.09.20 01:21:15.416,1.78426,1.78477,1.50,1.00
2016.09.20 01:21:15.467,1.78429,1.78485,1.00,1.75
2016.09.20 01:21:15.569,1.78429,1.78483,1.00,1.37
2016.09.20 01:21:15.796,1.78429,1.7848,1.00,2.25
2016.09.20 01:21:15.847,1.78426,1.78479,1.37,1.75
2016.09.20 01:21:15.898,1.78424,1.78477,1.87,1.75
2016.09.20 01:21:15.949,1.78424,1.78472,1.37,1.00
2016.09.20 01:21:16.000,1.78423,1.78466,1.00,2.25
2016.09.20 01:21:16.051,1.78423,1.78459,1.00,1.00
2016.09.20 01:21:16.102,1.78407,1.78459,1.50,1.00
2016.09.20 01:21:16.153,1.78405,1.7846,1.00,1.12
2016.09.20 01:21:16.204,1.78405,1.78457,1.00,1.00
2016.09.20 01:21:16.307,1.78405,1.7846,1.00,1.50
2016.09.20 01:21:16.358,1.78406,1.78461,1.00,1.00
2016.09.20 01:21:16.459,1.78409,1.78464,1.00,1.00
2016.09.20 01:21:16.876,1.78411,1.78467,1.00,1.00
2016.09.20 01:21:16.947,1.78414,1.78467,1.00,1.00
2016.09.20 01:21:16.999,1.78418,1.78473,1.00,1.87
2016.09.20 01:21:17.050,1.78418,1.78473,1.00,1.00
2016.09.20 01:21:17.151,1.78422,1.78477,1.00,1.12
2016.09.20 01:21:17.253,1.7842,1.78475,1.50,1.00
2016.09.20 01:21:17.408,1.78422,1.78477,1.00,1.12
2016.09.20 01:21:17.459,1.78422,1.78477,1.00,1.00
2016.09.20 01:21:17.958,1.78425,1.78479,1.00,1.00
2016.09.20 01:21:18.009,1.78423,1.78479,1.00,1.00
2016.09.20 01:21:18.060,1.78425,1.78479,1.00,1.00
2016.09.20 01:21:18.111,1.78425,1.7848,1.00,1.00
2016.09.20 01:21:18.213,1.78425,1.78482,1.00,1.00
2016.09.20 01:21:18.315,1.78427,1.78483,1.00,1.50
2016.09.20 01:21:18.366,1.78427,1.78483,1.00,1.00
2016.09.20 01:21:18.468,1.78428,1.78485,1.00,1.00
2016.09.20 01:21:18.519,1.78428,1.78485,1.00,1.50
2016.09.20 01:21:18.570,1.78428,1.78485,1.00,2.25
2016.09.20 01:21:18.620,1.78426,1.78483,1.00,1.00
2016.09.20 01:21:18.671,1.78428,1.78483,1.00,1.00
2016.09.20 01:21:18.722,1.78428,1.78485,1.37,1.50
2016.09.20 01:21:18.773,1.78429,1.78484,1.12,1.00
2016.09.20 01:21:19.050,1.78431,1.78482,1.00,1.00
2016.09.20 01:21:19.152,1.78427,1.78483,1.00,1.00
2016.09.20 01:21:19.253,1.78429,1.78486,1.00,1.00
2016.09.20 01:21:19.456,1.78427,1.78486,1.00,1.50
2016.09.20 01:21:19.507,1.78432,1.78486,1.00,1.00
2016.09.20 01:21:20.121,1.78431,1.78486,1.00,1.00
2016.09.20 01:21:20.568,1.78431,1.7849,1.50,1.00
2016.09.20 01:21:20.619,1.78432,1.7849,1.00,1.00
2016.09.20 01:21:23.416,1.78432,1.7849,1.00,1.00
2016.09.20 01:21:24.452,1.78432,1.78488,1.00,1.00
2016.09.20 01:21:24.503,1.78432,1.78488,1.00,1.00
2016.09.20 01:21:24.807,1.78424,1.78479,1.00,1.00
2016.09.20 01:21:25.620,1.78425,1.78479,1.00,1.00
2016.09.20 01:21:25.671,1.78425,1.78482,1.00,1.00
2016.09.20 01:21:27.062,1.78425,1.78484,1.00,1.00
2016.09.20 01:21:28.768,1.78427,1.78486,1.00,1.00
2016.09.20 01:21:28.932,1.78427,1.78486,1.00,1.50
2016.09.20 01:21:30.169,1.78427,1.78486,1.00,1.00
2016.09.20 01:21:30.220,1.78427,1.78486,1.00,1.50
2016.09.20 01:21:30.271,1.78425,1.78485,1.00,1.00
2016.09.20 01:21:30.608,1.78425,1.78482,1.00,1.00
2016.09.20 01:21:31.635,1.78424,1.78482,1.00,1.00
2016.09.20 01:21:31.803,1.78424,1.78482,1.00,1.00
2016.09.20 01:21:31.854,1.7842,1.78478,1.50,1.37
2016.09.20 01:21:32.041,1.78418,1.78476,1.00,1.00
2016.09.20 01:21:32.092,1.78418,1.78476,1.00,1.50
2016.09.20 01:21:32.353,1.78417,1.78476,1.50,1.50
2016.09.20 01:21:32.455,1.78417,1.78476,1.50,1.00
2016.09.20 01:21:32.967,1.78417,1.78475,1.50,1.00
2016.09.20 01:21:33.305,1.78417,1.78476,1.50,1.00
2016.09.20 01:21:33.355,1.7842,1.78479,1.37,1.12
2016.09.20 01:21:33.406,1.7842,1.78479,1.37,1.12
2016.09.20 01:21:33.457,1.7842,1.7848,1.37,1.50
2016.09.20 01:21:33.718,1.78427,1.7848,1.00,1.00
2016.09.20 01:21:33.769,1.78427,1.78482,1.00,1.00
2016.09.20 01:21:34.948,1.78428,1.78482,1.00,1.00
2016.09.20 01:21:35.481,1.78428,1.78481,1.00,1.00
2016.09.20 01:21:35.534,1.78417,1.78476,1.75,1.00
2016.09.20 01:21:35.658,1.78419,1.78479,1.37,1.00
2016.09.20 01:21:35.760,1.78419,1.78479,1.37,1.37
2016.09.20 01:21:35.810,1.78419,1.78479,1.37,1.87
2016.09.20 01:21:35.861,1.78419,1.78478,1.00,1.12
2016.09.20 01:21:35.912,1.78419,1.78478,1.00,1.87
2016.09.20 01:21:36.074,1.78417,1.78476,1.50,1.00
2016.09.20 01:21:37.113,1.78417,1.78476,1.50,1.50
2016.09.20 01:21:39.156,1.78417,1.78471,1.50,1.00
2016.09.20 01:21:39.583,1.78417,1.78474,1.50,1.00
2016.09.20 01:21:39.685,1.78419,1.78474,1.00,1.00
2016.09.20 01:21:39.736,1.78422,1.78476,1.00,1.00
2016.09.20 01:21:39.788,1.78422,1.78479,1.00,2.62
2016.09.20 01:21:39.839,1.78425,1.78479,1.00,1.12
2016.09.20 01:21:39.889,1.78425,1.78479,1.00,1.00
2016.09.20 01:21:39.940,1.78424,1.78479,1.00,1.00
2016.09.20 01:21:40.277,1.78425,1.78477,1.00,1.50
2016.09.20 01:21:40.328,1.7842,1.78477,1.00,2.25
2016.09.20 01:21:40.379,1.7842,1.78474,1.00,1.00
2016.09.20 01:21:40.481,1.78416,1.78473,1.00,1.00
2016.09.20 01:21:40.532,1.78415,1.78469,1.50,1.00
2016.09.20 01:21:40.582,1.78415,1.78469,1.00,1.00
2016.09.20 01:21:41.094,1.78414,1.78469,1.00,1.00
2016.09.20 01:21:41.612,1.78412,1.78469,1.00,1.00
2016.09.20 01:21:41.663,1.78412,1.78467,1.00,1.00
2016.09.20 01:21:42.175,1.78409,1.78462,1.00,1.00
2016.09.20 01:21:42.278,1.78407,1.78462,1.34,1.00
2016.09.20 01:21:42.329,1.78407,1.78463,1.34,1.00
2016.09.20 01:21:42.380,1.78406,1.78463,1.34,1.87
2016.09.20 01:21:42.545,1.78406,1.78463,1.34,1.12
2016.09.20 01:21:42.596,1.78408,1.78463,1.09,1.87
2016.09.20 01:21:42.646,1.78409,1.78463,1.00,1.12
2016.09.20 01:21:44.112,1.78408,1.78463,1.09,1.87
2016.09.20 01:21:44.163,1.78409,1.78463,1.00,1.12
2016.09.20 01:21:44.265,1.78407,1.78463,1.84,1.12
2016.09.20 01:21:44.714,1.78409,1.78463,1.00,1.12
2016.09.20 01:21:45.774,1.78409,1.78463,1.00,1.00
2016.09.20 01:21:45.962,1.78408,1.78463,1.09,1.50
2016.09.20 01:21:46.013,1.78408,1.78463,1.09,1.00
2016.09.20 01:21:47.518,1.7841,1.78463,1.00,1.00
2016.09.20 01:21:47.670,1.78412,1.78467,1.00,1.37
2016.09.20 01:21:47.721,1.78411,1.78469,1.00,1.50
2016.09.20 01:21:47.772,1.78413,1.78471,1.00,1.00
2016.09.20 01:21:47.874,1.78414,1.78471,1.00,1.50
2016.09.20 01:21:47.925,1.78413,1.7847,1.00,1.00
2016.09.20 01:21:48.455,1.78412,1.78469,1.00,1.50
2016.09.20 01:21:48.506,1.78414,1.78471,1.00,2.25
2016.09.20 01:21:48.828,1.78416,1.78471,1.00,2.25
2016.09.20 01:21:48.879,1.78416,1.78471,1.00,1.50
2016.09.20 01:21:48.929,1.78417,1.78471,1.00,1.00
2016.09.20 01:21:48.980,1.78418,1.78475,1.00,1.87
2016.09.20 01:21:49.031,1.78421,1.78475,1.00,1.00
2016.09.20 01:21:49.238,1.7842,1.78475,1.00,1.50
2016.09.20 01:21:49.289,1.78418,1.78473,1.00,1.00
2016.09.20 01:21:49.340,1.78418,1.78475,1.00,1.50
2016.09.20 01:21:49.588,1.78417,1.78472,1.00,1.00
2016.09.20 01:21:49.690,1.78414,1.78471,1.50,1.00
2016.09.20 01:21:50.071,1.78415,1.78473,1.00,1.50
2016.09.20 01:21:50.122,1.78417,1.78472,1.00,1.00
2016.09.20 01:21:50.325,1.78415,1.78473,1.50,1.50
2016.09.20 01:21:50.375,1.78415,1.78472,1.00,1.00
2016.09.20 01:21:51.073,1.78416,1.78472,1.00,1.00
2016.09.20 01:21:51.124,1.78417,1.78473,1.00,1.00
2016.09.20 01:21:51.737,1.78416,1.78473,1.50,1.50
2016.09.20 01:21:51.838,1.7842,1.78473,1.00,1.00
2016.09.20 01:21:51.941,1.78416,1.78473,1.50,1.00
2016.09.20 01:21:51.991,1.78418,1.78473,1.00,1.50
2016.09.20 01:21:52.194,1.78417,1.78472,1.00,1.00
2016.09.20 01:21:52.244,1.78417,1.78473,1.00,1.00
2016.09.20 01:21:53.693,1.78418,1.78473,1.00,1.00
2016.09.20 01:21:54.437,1.78418,1.78473,1.00,1.50
2016.09.20 01:21:54.498,1.78418,1.78473,1.00,1.00
2016.09.20 01:21:54.599,1.78425,1.78475,1.87,1.00
2016.09.20 01:21:54.650,1.78433,1.78475,1.00,1.00
2016.09.20 01:21:54.701,1.78434,1.78487,1.00,1.00
2016.09.20 01:21:54.752,1.78433,1.78487,1.00,1.00
2016.09.20 01:21:54.803,1.78435,1.78492,1.00,1.00
2016.09.20 01:21:54.905,1.78434,1.78492,1.00,1.50
2016.09.20 01:21:54.957,1.78434,1.78492,1.00,1.50
2016.09.20 01:21:55.008,1.78434,1.78492,1.00,2.25
2016.09.20 01:21:55.211,1.78434,1.78491,1.00,1.75
2016.09.20 01:21:55.735,1.78434,1.78491,1.00,1.00
2016.09.20 01:21:56.839,1.78433,1.7849,1.50,1.00
2016.09.20 01:21:57.151,1.78433,1.78488,1.50,1.00
2016.09.20 01:21:57.466,1.78433,1.78488,1.50,1.50
2016.09.20 01:21:57.517,1.78433,1.78488,1.00,1.50
2016.09.20 01:21:58.304,1.78433,1.78484,1.00,1.00
2016.09.20 01:21:58.358,1.78427,1.78484,1.00,1.50
2016.09.20 01:21:58.409,1.78427,1.78484,1.00,1.00
2016.09.20 01:21:58.510,1.78434,1.78484,1.00,1.00
2016.09.20 01:21:59.030,1.78433,1.78484,1.00,1.00
2016.09.20 01:21:59.469,1.78434,1.78485,1.00,1.12
2016.09.20 01:21:59.571,1.78434,1.78485,1.00,1.00
2016.09.20 01:21:59.727,1.78434,1.78486,1.00,1.87
2016.09.20 01:21:59.778,1.78434,1.78484,1.00,1.00
2016.09.20 01:22:00.476,1.78434,1.78485,1.00,1.87
2016.09.20 01:22:00.527,1.78434,1.78483,1.00,1.00
2016.09.20 01:22:01.267,1.78434,1.78484,1.00,1.12
2016.09.20 01:22:01.368,1.78433,1.78484,1.00,1.00
2016.09.20 01:22:03.858,1.78434,1.78485,1.00,1.00
2016.09.20 01:22:04.010,1.78434,1.78487,1.00,1.00
2016.09.20 01:22:04.334,1.78434,1.78487,1.00,1.37
2016.09.20 01:22:04.435,1.78434,1.78487,1.00,1.00
2016.09.20 01:22:04.964,1.78434,1.78488,1.00,1.00
2016.09.20 01:22:05.015,1.78433,1.7849,1.50,1.87
2016.09.20 01:22:05.116,1.78433,1.78488,1.50,1.00
2016.09.20 01:22:05.538,1.78433,1.7849,1.50,1.87
2016.09.20 01:22:06.285,1.78433,1.78489,1.50,1.00
2016.09.20 01:22:06.522,1.78434,1.78488,1.00,1.00
2016.09.20 01:22:06.573,1.78434,1.78488,1.00,1.12
2016.09.20 01:22:06.624,1.78434,1.78486,1.00,1.00
2016.09.20 01:22:06.878,1.78434,1.78486,1.00,1.50
2016.09.20 01:22:09.035,1.78433,1.78486,1.00,1.50
2016.09.20 01:22:09.854,1.78433,1.78486,1.00,1.87
2016.09.20 01:22:10.182,1.78433,1.78485,1.00,1.12
2016.09.20 01:22:11.772,1.78433,1.78485,1.00,1.00
2016.09.20 01:22:11.873,1.78434,1.78485,1.87,1.00
2016.09.20 01:22:11.924,1.78434,1.78489,2.25,1.00
2016.09.20 01:22:11.975,1.78434,1.78489,1.87,1.00
2016.09.20 01:22:12.026,1.78434,1.78489,1.00,1.00
2016.09.20 01:22:12.502,1.78436,1.78489,1.00,1.00
2016.09.20 01:22:12.825,1.78437,1.78492,1.00,1.50
2016.09.20 01:22:15.793,1.78437,1.78491,1.00,1.37
2016.09.20 01:22:15.844,1.78436,1.78491,1.00,1.75
2016.09.20 01:22:15.996,1.78436,1.78488,1.00,1.00
2016.09.20 01:22:16.046,1.78436,1.78493,1.00,2.25
2016.09.20 01:22:16.097,1.78437,1.78493,1.00,1.75
2016.09.20 01:22:16.284,1.78437,1.78493,1.12,1.75
2016.09.20 01:22:16.437,1.78437,1.78493,1.12,1.50
2016.09.20 01:22:16.488,1.78437,1.78493,1.00,2.25
2016.09.20 01:22:16.592,1.78437,1.78493,1.00,1.75
2016.09.20 01:22:16.693,1.78437,1.78491,1.00,1.00
2016.09.20 01:22:16.744,1.78437,1.78494,1.12,1.75
2016.09.20 01:22:16.795,1.78437,1.78494,1.50,1.75
2016.09.20 01:22:16.964,1.78437,1.78495,1.50,2.25
2016.09.20 01:22:17.116,1.78438,1.78495,1.00,2.25
2016.09.20 01:22:17.167,1.78437,1.78495,1.75,2.25
2016.09.20 01:22:17.369,1.78438,1.78493,1.12,1.50
2016.09.20 01:22:17.420,1.78438,1.78493,1.00,1.50
2016.09.20 01:22:18.176,1.78439,1.78493,1.00,1.00
2016.09.20 01:22:18.456,1.78439,1.78494,1.00,1.37
2016.09.20 01:22:18.507,1.78439,1.78494,1.00,1.12
2016.09.20 01:22:19.469,1.78441,1.78495,1.00,1.00
2016.09.20 01:22:19.662,1.78441,1.78496,1.00,1.75
2016.09.20 01:22:20.071,1.78441,1.78495,1.00,1.00
2016.09.20 01:22:20.122,1.78441,1.78496,1.00,1.37
2016.09.20 01:22:20.223,1.78437,1.78492,1.00,1.12
2016.09.20 01:22:20.324,1.78435,1.78492,1.00,1.00
2016.09.20 01:22:20.375,1.78435,1.7849,1.50,1.00
2016.09.20 01:22:20.731,1.78435,1.78488,1.00,1.00
2016.09.20 01:22:20.803,1.78427,1.78481,1.12,1.00
2016.09.20 01:22:20.854,1.78424,1.78481,1.87,1.00
2016.09.20 01:22:21.007,1.78424,1.7848,1.12,1.50
2016.09.20 01:22:21.058,1.78422,1.7848,1.75,2.25
2016.09.20 01:22:21.109,1.78423,1.7848,1.12,2.25
2016.09.20 01:22:21.160,1.78423,1.7848,1.00,1.50
2016.09.20 01:22:21.211,1.78423,1.78479,1.00,1.00
2016.09.20 01:22:21.537,1.78422,1.78479,1.12,1.00
2016.09.20 01:22:21.588,1.78424,1.78479,1.00,1.00
2016.09.20 01:22:22.053,1.78421,1.78477,1.50,1.00
2016.09.20 01:22:22.355,1.78419,1.78474,1.37,1.00
2016.09.20 01:22:22.406,1.78421,1.78476,1.00,1.00
2016.09.20 01:22:22.457,1.78424,1.78479,1.00,1.75
2016.09.20 01:22:22.509,1.78425,1.7848,1.00,1.75
2016.09.20 01:22:22.661,1.78425,1.7848,1.00,1.50
2016.09.20 01:22:22.712,1.78425,1.7848,1.12,1.12
2016.09.20 01:22:22.763,1.78428,1.78483,1.00,1.87
2016.09.20 01:22:22.814,1.78428,1.78483,1.00,1.12
2016.09.20 01:22:22.915,1.78428,1.78483,1.00,1.50
2016.09.20 01:22:25.364,1.78426,1.78483,1.00,1.50
2016.09.20 01:22:25.415,1.78425,1.78482,1.50,1.00
2016.09.20 01:22:25.466,1.78424,1.78482,3.00,1.00
2016.09.20 01:22:26.541,1.78424,1.78482,2.62,1.00
2016.09.20 01:22:26.596,1.78426,1.78481,1.00,1.00
2016.09.20 01:22:27.999,1.78425,1.78481,2.25,1.00
2016.09.20 01:22:28.050,1.78427,1.78484,1.37,1.00
2016.09.20 01:22:28.101,1.78428,1.78486,1.75,2.25
2016.09.20 01:22:28.202,1.78428,1.78486,1.50,1.87
2016.09.20 01:22:28.253,1.78433,1.78486,1.00,1.00
2016.09.20 01:22:28.507,1.78437,1.78493,1.00,1.75
2016.09.20 01:22:28.558,1.78437,1.78493,1.00,1.37
2016.09.20 01:22:28.609,1.78438,1.78495,1.00,1.00
2016.09.20 01:22:28.660,1.78442,1.78496,1.00,1.12
2016.09.20 01:22:28.761,1.78446,1.78499,1.00,1.00
2016.09.20 01:22:28.989,1.78446,1.78498,1.00,1.00
2016.09.20 01:22:29.040,1.78446,1.78499,1.00,1.75
2016.09.20 01:22:29.141,1.78447,1.78498,1.00,1.00
2016.09.20 01:22:29.758,1.78447,1.78499,1.00,1.50
2016.09.20 01:22:29.809,1.78447,1.78498,1.00,1.00
2016.09.20 01:22:30.666,1.78441,1.78498,1.37,1.75
2016.09.20 01:22:30.717,1.7844,1.78493,1.00,1.00
2016.09.20 01:22:30.768,1.78441,1.78493,1.00,1.00
2016.09.20 01:22:30.970,1.78441,1.78492,1.00,1.50
2016.09.20 01:22:31.495,1.7844,1.78492,1.00,1.50
2016.09.20 01:22:31.546,1.78434,1.78492,1.37,1.50
2016.09.20 01:22:31.909,1.78434,1.78492,1.37,1.00
2016.09.20 01:22:31.967,1.78436,1.78491,1.12,1.00
2016.09.20 01:22:32.018,1.78437,1.78492,1.00,1.00
2016.09.20 01:22:32.069,1.78438,1.78494,1.00,1.00
2016.09.20 01:22:32.120,1.78438,1.78496,1.00,2.25
2016.09.20 01:22:32.305,1.78438,1.78494,1.00,1.00
2016.09.20 01:22:32.356,1.78441,1.78494,1.00,1.00
2016.09.20 01:22:33.179,1.78438,1.78494,1.50,1.00
2016.09.20 01:22:33.452,1.78438,1.78495,1.50,1.12
2016.09.20 01:22:33.859,1.78438,1.78494,1.00,1.00
2016.09.20 01:22:35.033,1.78439,1.78494,1.00,1.00
2016.09.20 01:22:35.329,1.78438,1.78494,1.12,1.00
2016.09.20 01:22:35.430,1.78437,1.78494,1.87,1.00
2016.09.20 01:22:35.531,1.78439,1.78494,1.00,1.00
2016.09.20 01:22:35.968,1.78441,1.78494,1.00,1.00
2016.09.20 01:22:36.471,1.78442,1.78494,1.00,1.00
2016.09.20 01:22:36.522,1.78442,1.78496,1.00,1.00
2016.09.20 01:22:36.573,1.78442,1.78496,1.00,1.50
2016.09.20 01:22:36.624,1.7844,1.78496,1.00,1.50
2016.09.20 01:22:36.676,1.7844,1.78496,1.00,1.00
2016.09.20 01:22:36.938,1.78441,1.78496,1.00,1.00
2016.09.20 01:22:37.109,1.78441,1.78492,1.00,1.00
2016.09.20 01:22:37.753,1.7844,1.78492,1.00,1.00
2016.09.20 01:22:38.309,1.7844,1.78493,1.00,1.00
2016.09.20 01:22:39.562,1.78441,1.78493,1.00,1.00
2016.09.20 01:22:42.701,1.78441,1.78492,1.00,1.00
2016.09.20 01:22:43.911,1.78441,1.78495,1.00,1.00
2016.09.20 01:22:43.962,1.78441,1.78497,1.00,1.00
2016.09.20 01:22:44.063,1.7844,1.78497,1.50,1.00
2016.09.20 01:22:44.184,1.7844,1.78496,1.00,1.00
2016.09.20 01:22:44.751,1.78441,1.78495,1.00,1.00
2016.09.20 01:22:45.377,1.7844,1.78495,1.12,1.00
2016.09.20 01:22:45.473,1.78442,1.78499,1.00,1.50
2016.09.20 01:22:45.565,1.78442,1.78499,1.00,1.50
2016.09.20 01:22:45.666,1.78442,1.78499,1.50,1.00
2016.09.20 01:22:45.717,1.78442,1.78497,1.50,1.00
2016.09.20 01:22:45.768,1.78442,1.78497,1.12,1.00
2016.09.20 01:22:45.920,1.7844,1.78497,1.75,1.00
2016.09.20 01:22:50.400,1.7844,1.78495,1.75,1.00
2016.09.20 01:22:51.550,1.7844,1.78494,1.75,1.00
2016.09.20 01:22:51.601,1.7844,1.78494,1.37,1.00
2016.09.20 01:22:51.653,1.7844,1.78492,1.00,1.37
2016.09.20 01:22:51.704,1.78441,1.78492,1.00,1.50
2016.09.20 01:22:51.856,1.78441,1.78493,1.00,1.75
2016.09.20 01:22:52.141,1.7844,1.78493,1.00,1.00
2016.09.20 01:22:54.483,1.78441,1.78493,1.00,1.00
2016.09.20 01:22:57.607,1.78438,1.78493,1.50,1.00
2016.09.20 01:22:57.708,1.78439,1.78494,1.00,1.00
2016.09.20 01:22:57.934,1.78438,1.78492,1.00,1.00
2016.09.20 01:22:58.027,1.78439,1.7849,1.00,1.00
2016.09.20 01:22:58.738,1.78439,1.78491,1.00,1.00
2016.09.20 01:22:58.789,1.78438,1.78491,1.37,1.00
2016.09.20 01:22:58.890,1.78439,1.78492,1.75,1.00
2016.09.20 01:22:59.685,1.78439,1.78491,1.75,1.00
2016.09.20 01:23:00.066,1.78439,1.78491,1.50,1.00
2016.09.20 01:23:00.167,1.78438,1.78491,1.12,1.00
2016.09.20 01:23:00.218,1.78438,1.78489,1.00,1.00
2016.09.20 01:23:00.717,1.78438,1.78488,1.00,1.00
2016.09.20 01:23:01.190,1.78438,1.7849,1.00,1.00
2016.09.20 01:23:01.871,1.78438,1.78489,1.00,1.00
2016.09.20 01:23:02.552,1.78438,1.78486,1.00,1.00
2016.09.20 01:23:04.227,1.78439,1.78486,1.00,1.00
2016.09.20 01:23:04.739,1.78439,1.78487,1.00,1.00
2016.09.20 01:23:05.398,1.78438,1.78487,1.00,1.00
2016.09.20 01:23:06.835,1.78438,1.78487,1.00,1.00
2016.09.20 01:23:06.886,1.78438,1.78492,1.00,1.00
2016.09.20 01:23:06.937,1.78438,1.78492,1.00,1.00
2016.09.20 01:23:07.186,1.78438,1.78495,1.00,1.00
2016.09.20 01:23:07.389,1.78438,1.78495,1.37,1.00
2016.09.20 01:23:07.440,1.78438,1.78495,1.50,1.00
2016.09.20 01:23:07.749,1.78439,1.78495,1.75,1.00
2016.09.20 01:23:07.909,1.78439,1.78495,1.50,1.00
2016.09.20 01:23:09.112,1.78438,1.78495,1.50,1.00
2016.09.20 01:23:11.105,1.78438,1.78495,1.75,1.00
2016.09.20 01:23:11.155,1.78438,1.78495,1.75,1.00
2016.09.20 01:23:11.324,1.78438,1.78495,1.75,1.00
2016.09.20 01:23:13.149,1.78438,1.78496,1.75,1.00
2016.09.20 01:23:14.525,1.78438,1.78494,1.75,1.00
2016.09.20 01:23:14.626,1.78436,1.78489,1.00,1.75
2016.09.20 01:23:14.728,1.78432,1.78484,1.12,1.00
2016.09.20 01:23:14.829,1.78431,1.78487,1.00,1.00
2016.09.20 01:23:15.094,1.78431,1.78487,1.37,1.00
2016.09.20 01:23:15.145,1.78431,1.78485,1.75,1.00
2016.09.20 01:23:15.617,1.78432,1.78486,1.37,1.00
2016.09.20 01:23:15.824,1.78432,1.78486,1.50,1.00
2016.09.20 01:23:16.033,1.78432,1.78486,1.00,1.00
2016.09.20 01:23:16.414,1.78432,1.78486,1.00,1.00
2016.09.20 01:23:17.382,1.78432,1.78487,1.00,1.00
2016.09.20 01:23:17.432,1.78432,1.78488,1.50,1.00
2016.09.20 01:23:18.706,1.78432,1.78488,1.12,1.12
2016.09.20 01:23:18.757,1.78432,1.78488,1.00,1.12
2016.09.20 01:23:18.808,1.78432,1.78488,1.37,1.00
2016.09.20 01:23:18.859,1.78432,1.78488,1.50,1.00
2016.09.20 01:23:18.960,1.78432,1.78488,1.75,1.00
2016.09.20 01:23:19.458,1.78432,1.78488,1.50,1.00
2016.09.20 01:23:19.748,1.78432,1.78488,1.50,1.50
2016.09.20 01:23:20.141,1.78432,1.78488,2.25,1.00
2016.09.20 01:23:21.044,1.78432,1.78488,1.75,1.00
2016.09.20 01:23:21.145,1.78432,1.78488,1.12,1.00
2016.09.20 01:23:21.247,1.78436,1.78488,1.00,1.00
2016.09.20 01:23:21.562,1.78436,1.78485,1.00,1.00
2016.09.20 01:23:22.329,1.7843,1.78485,3.00,1.00
2016.09.20 01:23:22.380,1.7843,1.78488,1.75,1.00
2016.09.20 01:23:23.008,1.7843,1.78488,1.75,1.37
2016.09.20 01:23:23.059,1.7843,1.78488,1.75,1.50
2016.09.20 01:23:23.110,1.7843,1.78488,1.50,1.50
2016.09.20 01:23:23.161,1.7843,1.78485,1.12,1.50
2016.09.20 01:23:25.420,1.7843,1.78485,1.00,1.12
2016.09.20 01:23:25.471,1.7843,1.78485,1.00,1.00
2016.09.20 01:23:27.174,1.78428,1.78485,1.50,1.50
2016.09.20 01:23:27.853,1.78428,1.78484,1.50,1.00
2016.09.20 01:23:28.978,1.78428,1.78484,2.25,1.00
2016.09.20 01:23:30.145,1.78428,1.78485,2.25,1.00
2016.09.20 01:23:30.297,1.78429,1.78486,1.50,1.00
2016.09.20 01:23:30.914,1.78429,1.78485,1.50,1.00
2016.09.20 01:23:30.965,1.78429,1.78485,1.50,1.37
2016.09.20 01:23:31.073,1.78429,1.78483,1.00,1.12
2016.09.20 01:23:32.627,1.78429,1.78483,1.00,1.37
2016.09.20 01:23:32.678,1.78429,1.78483,1.00,1.75
2016.09.20 01:23:33.264,1.78429,1.78483,1.00,1.00
2016.09.20 01:23:33.681,1.78428,1.78479,1.00,1.12
2016.09.20 01:23:33.732,1.78428,1.78474,1.00,1.00
2016.09.20 01:23:33.783,1.7842,1.78471,1.12,1.00
2016.09.20 01:23:33.834,1.78418,1.78471,1.75,1.87
2016.09.20 01:23:33.886,1.78419,1.78467,1.00,1.00
2016.09.20 01:23:33.988,1.78411,1.78467,1.12,1.00
2016.09.20 01:23:34.039,1.7841,1.78463,2.25,1.00
2016.09.20 01:23:34.090,1.7841,1.78463,1.00,1.00
2016.09.20 01:23:34.141,1.78404,1.78463,2.25,1.37
2016.09.20 01:23:34.192,1.78405,1.78463,1.37,1.37
2016.09.20 01:23:34.243,1.78405,1.78461,1.75,1.00
2016.09.20 01:23:34.294,1.78404,1.78461,2.25,1.00
2016.09.20 01:23:34.345,1.78404,1.78463,2.25,1.00
2016.09.20 01:23:34.446,1.78405,1.78463,1.50,1.00
2016.09.20 01:23:34.872,1.78405,1.78463,1.50,1.50
2016.09.20 01:23:36.116,1.78407,1.78463,1.00,1.00
2016.09.20 01:23:38.994,1.78406,1.78464,1.12,1.00
2016.09.20 01:23:39.095,1.78406,1.78464,1.50,1.00
2016.09.20 01:23:39.644,1.78409,1.78464,1.00,1.00
2016.09.20 01:23:39.745,1.7841,1.78464,1.37,1.00
2016.09.20 01:23:39.796,1.7841,1.78466,1.50,1.00
2016.09.20 01:23:40.008,1.78411,1.78466,1.12,1.00
2016.09.20 01:23:40.059,1.78411,1.78466,1.37,1.00
2016.09.20 01:23:40.110,1.78412,1.78467,1.50,1.50
2016.09.20 01:23:40.212,1.78412,1.78467,1.12,1.00
2016.09.20 01:23:40.368,1.78412,1.78467,1.12,1.50
2016.09.20 01:23:40.470,1.78412,1.78467,1.00,1.50
2016.09.20 01:23:40.520,1.78409,1.78467,1.12,2.25
2016.09.20 01:23:40.571,1.78409,1.78466,1.00,1.50
2016.09.20 01:23:40.774,1.78409,1.78465,1.00,1.00
2016.09.20 01:23:41.299,1.78413,1.78465,1.00,1.00
2016.09.20 01:23:41.407,1.78413,1.78468,1.00,1.00
2016.09.20 01:23:41.610,1.78412,1.78469,1.00,1.12
2016.09.20 01:23:41.706,1.78413,1.7847,1.00,2.62
2016.09.20 01:23:42.020,1.78413,1.7847,1.09,2.62
2016.09.20 01:23:42.108,1.78422,1.7847,1.34,1.12
2016.09.20 01:23:42.159,1.78421,1.7847,1.34,1.12
2016.09.20 01:23:42.210,1.78422,1.78474,1.50,1.00
2016.09.20 01:23:42.260,1.78422,1.78476,1.50,1.00
2016.09.20 01:23:42.311,1.78416,1.7847,1.12,1.00
2016.09.20 01:23:42.363,1.78416,1.7847,1.00,1.00
2016.09.20 01:23:42.414,1.78416,1.7847,1.00,1.50
2016.09.20 01:23:42.606,1.78413,1.78467,1.87,1.00
2016.09.20 01:23:42.658,1.78413,1.78467,1.00,1.00
2016.09.20 01:23:42.709,1.78413,1.78467,1.00,1.00
2016.09.20 01:23:43.114,1.7841,1.78467,1.75,1.50
2016.09.20 01:23:43.216,1.78411,1.78467,1.75,1.00
2016.09.20 01:23:43.418,1.78412,1.78467,1.12,1.00
2016.09.20 01:23:43.796,1.78412,1.78468,1.12,1.00
2016.09.20 01:23:44.823,1.7841,1.78468,1.75,1.50
2016.09.20 01:23:44.874,1.78408,1.78465,2.25,1.00
2016.09.20 01:23:44.925,1.78408,1.78461,1.00,1.00
2016.09.20 01:23:44.976,1.78406,1.78461,1.09,1.00
2016.09.20 01:23:45.178,1.78406,1.78462,1.09,1.00
2016.09.20 01:23:45.229,1.78405,1.78462,1.71,1.00
2016.09.20 01:23:45.280,1.78405,1.78462,2.21,1.00
2016.09.20 01:23:45.432,1.78405,1.78462,2.59,1.00
2016.09.20 01:23:45.893,1.78405,1.78462,1.84,1.00
2016.09.20 01:23:46.421,1.78405,1.78461,1.84,1.00
2016.09.20 01:23:46.597,1.78405,1.7846,1.09,1.50
2016.09.20 01:23:46.648,1.78405,1.78459,1.09,1.00
2016.09.20 01:23:46.699,1.78401,1.78459,1.09,1.00
2016.09.20 01:23:46.750,1.78403,1.7846,1.46,1.50
2016.09.20 01:23:46.800,1.78406,1.7846,1.09,1.00
2016.09.20 01:23:46.902,1.78406,1.78462,1.09,1.50
2016.09.20 01:23:46.953,1.78407,1.78462,1.37,1.00
2016.09.20 01:23:47.003,1.78407,1.78462,1.50,1.00
2016.09.20 01:23:47.105,1.78406,1.78462,3.34,1.00
2016.09.20 01:23:47.156,1.78408,1.78462,1.75,1.00
2016.09.20 01:23:47.379,1.78409,1.78465,1.75,1.00
2016.09.20 01:23:47.481,1.78409,1.78467,1.75,1.50
2016.09.20 01:23:47.587,1.78411,1.78467,1.00,1.50
2016.09.20 01:23:47.638,1.78409,1.78467,1.50,1.00
2016.09.20 01:23:48.081,1.7841,1.78468,1.37,1.12
2016.09.20 01:23:48.132,1.7841,1.78468,1.50,1.00
2016.09.20 01:23:48.183,1.78411,1.78468,1.37,1.00
2016.09.20 01:23:48.234,1.78414,1.78468,1.37,1.00
2016.09.20 01:23:48.284,1.78416,1.78468,1.12,1.00
2016.09.20 01:23:48.335,1.78416,1.78468,1.37,1.00
2016.09.20 01:23:48.437,1.78416,1.78473,1.50,1.87
2016.09.20 01:23:48.487,1.78416,1.78473,1.50,1.00
2016.09.20 01:23:48.686,1.78416,1.78473,1.75,1.00
2016.09.20 01:23:49.127,1.78413,1.78472,2.25,1.00
2016.09.20 01:23:49.332,1.78414,1.78471,1.00,1.00
2016.09.20 01:23:49.383,1.78414,1.78468,1.00,1.00
2016.09.20 01:23:49.434,1.78414,1.78468,1.50,1.00
2016.09.20 01:23:49.696,1.78414,1.78471,1.50,1.50
2016.09.20 01:23:49.747,1.78414,1.78471,1.50,1.00
2016.09.20 01:23:49.798,1.78414,1.78471,1.75,1.00
2016.09.20 01:23:50.001,1.78415,1.78471,1.00,1.00
2016.09.20 01:23:50.329,1.78414,1.78471,2.25,1.00
2016.09.20 01:23:50.681,1.78414,1.78469,1.50,1.00
2016.09.20 01:23:50.732,1.78413,1.78469,1.00,1.00
2016.09.20 01:23:50.834,1.78413,1.78469,1.00,1.50
2016.09.20 01:23:51.315,1.78414,1.78465,1.00,1.00
2016.09.20 01:23:51.773,1.78413,1.78458,1.00,1.00
2016.09.20 01:23:51.824,1.78403,1.78456,1.00,1.00
2016.09.20 01:23:51.885,1.78403,1.78456,1.00,1.00
2016.09.20 01:23:51.937,1.78404,1.78459,1.12,1.12
2016.09.20 01:23:52.038,1.78403,1.78459,1.12,1.00
2016.09.20 01:23:52.202,1.78403,1.78459,1.00,1.00
2016.09.20 01:23:52.354,1.78404,1.78459,1.00,1.00
2016.09.20 01:23:52.482,1.78404,1.78459,1.00,1.00
2016.09.20 01:23:52.533,1.78403,1.78459,1.00,1.12
2016.09.20 01:23:52.904,1.78403,1.78457,1.00,1.00
2016.09.20 01:23:53.240,1.78404,1.78457,1.00,1.50
2016.09.20 01:23:53.291,1.78404,1.78457,1.00,1.50
2016.09.20 01:23:53.342,1.78404,1.78455,1.00,1.00
2016.09.20 01:23:54.359,1.78404,1.78458,1.00,1.37
2016.09.20 01:23:54.409,1.78403,1.78457,1.00,1.00
2016.09.20 01:23:54.956,1.78403,1.78458,1.00,1.00
2016.09.20 01:23:55.717,1.78403,1.78457,1.00,1.00
2016.09.20 01:23:55.843,1.78406,1.7846,1.00,1.00
2016.09.20 01:23:55.894,1.78406,1.78461,1.00,2.25
2016.09.20 01:23:56.046,1.78404,1.78461,1.75,1.50
2016.09.20 01:23:56.096,1.78404,1.78462,1.75,1.12
2016.09.20 01:23:56.147,1.78404,1.78462,2.25,1.75
2016.09.20 01:23:56.284,1.78404,1.78462,2.25,2.25
2016.09.20 01:23:56.666,1.78404,1.78461,2.25,1.50
2016.09.20 01:23:56.717,1.78403,1.78458,1.75,1.75
2016.09.20 01:23:56.869,1.78404,1.7846,1.75,1.75
2016.09.20 01:23:56.921,1.78405,1.7846,2.25,1.12
2016.09.20 01:23:57.122,1.7841,1.7846,1.00,1.00
2016.09.20 01:23:57.347,1.78403,1.78456,3.00,1.00
2016.09.20 01:23:57.665,1.78405,1.78456,2.25,1.00
2016.09.20 01:23:57.890,1.78405,1.78457,2.25,1.12
2016.09.20 01:23:57.941,1.78406,1.78459,2.25,1.50
2016.09.20 01:23:57.992,1.78406,1.78458,2.25,1.12
2016.09.20 01:23:58.043,1.78406,1.78458,2.25,1.00
2016.09.20 01:23:58.502,1.78406,1.7846,2.25,1.37
2016.09.20 01:23:59.233,1.78406,1.7846,2.25,1.87
2016.09.20 01:23:59.283,1.78406,1.78459,2.25,1.12
2016.09.20 01:24:00.824,1.78404,1.78459,2.25,1.37
2016.09.20 01:24:00.920,1.78403,1.78459,3.00,1.50
2016.09.20 01:24:02.028,1.78404,1.78459,1.75,1.75
2016.09.20 01:24:02.921,1.78404,1.78458,1.75,1.75
2016.09.20 01:24:03.619,1.78404,1.7846,1.75,2.25
2016.09.20 01:24:03.670,1.78403,1.7846,3.00,2.25
2016.09.20 01:24:03.891,1.78403,1.78459,3.00,1.50
2016.09.20 01:24:05.534,1.78406,1.78459,2.25,1.12
2016.09.20 01:24:05.657,1.78406,1.78459,2.25,1.00
2016.09.20 01:24:06.558,1.78406,1.78458,2.25,1.00
2016.09.20 01:24:07.094,1.78406,1.7846,2.25,1.50
2016.09.20 01:24:07.258,1.78406,1.78459,2.25,1.00
2016.09.20 01:24:08.238,1.78407,1.78459,2.25,1.12
2016.09.20 01:24:10.020,1.78401,1.78456,2.25,1.50
2016.09.20 01:24:10.172,1.78401,1.78456,1.12,1.50
2016.09.20 01:24:10.376,1.78401,1.78455,1.12,1.37
2016.09.20 01:24:10.597,1.78401,1.78456,1.12,1.50
2016.09.20 01:24:10.648,1.78401,1.78456,1.50,1.75
2016.09.20 01:24:10.843,1.78401,1.78456,1.87,1.37
2016.09.20 01:24:10.936,1.78401,1.78456,2.25,1.00
2016.09.20 01:24:11.144,1.78401,1.78458,1.50,1.12
2016.09.20 01:24:11.195,1.78401,1.78458,2.25,1.00
2016.09.20 01:24:11.473,1.78401,1.78458,1.37,1.50
2016.09.20 01:24:11.524,1.784,1.78456,1.50,1.00
2016.09.20 01:24:11.575,1.784,1.78456,1.12,1.00
2016.09.20 01:24:11.677,1.78401,1.78456,1.75,1.12
2016.09.20 01:24:11.778,1.78401,1.78456,1.50,1.00
2016.09.20 01:24:11.880,1.78401,1.78456,1.12,1.12
2016.09.20 01:24:12.035,1.78401,1.78457,1.12,1.50
2016.09.20 01:24:12.086,1.78403,1.78458,1.00,1.50
2016.09.20 01:24:12.168,1.78405,1.78458,1.00,1.50
2016.09.20 01:24:12.270,1.78405,1.78458,1.00,1.00
2016.09.20 01:24:12.807,1.78405,1.78457,1.00,1.00
2016.09.20 01:24:13.255,1.78405,1.78455,1.00,1.00
2016.09.20 01:24:13.939,1.78401,1.78453,1.12,1.87
2016.09.20 01:24:13.990,1.78401,1.78445,1.00,1.00
2016.09.20 01:24:14.092,1.78394,1.78445,1.75,1.00
2016.09.20 01:24:14.143,1.78393,1.78445,3.00,1.00
2016.09.20 01:24:14.733,1.78393,1.78445,3.00,1.00
2016.09.20 01:24:15.535,1.78393,1.78446,3.00,1.00
2016.09.20 01:24:15.586,1.78393,1.78446,1.75,1.00
2016.09.20 01:24:15.637,1.78393,1.78448,1.75,1.00
2016.09.20 01:24:15.688,1.78393,1.78448,3.00,1.00
2016.09.20 01:24:15.967,1.78393,1.78448,1.75,1.00
2016.09.20 01:24:16.068,1.78397,1.78448,1.00,1.00
2016.09.20 01:24:16.119,1.78397,1.7845,1.00,1.00
2016.09.20 01:24:16.170,1.78396,1.7845,3.00,1.00
2016.09.20 01:24:16.220,1.78399,1.78455,1.37,1.00
2016.09.20 01:24:16.271,1.78409,1.78455,1.00,1.00
2016.09.20 01:24:16.322,1.78409,1.78458,1.00,1.00
2016.09.20 01:24:16.373,1.78409,1.78458,1.12,1.00
2016.09.20 01:24:16.684,1.78409,1.78456,1.12,1.00
2016.09.20 01:24:16.938,1.78409,1.78458,1.12,1.00
2016.09.20 01:24:17.089,1.78409,1.78458,1.00,1.00
2016.09.20 01:24:17.175,1.78408,1.78458,1.00,1.00
2016.09.20 01:24:17.647,1.78408,1.78455,1.00,1.00
2016.09.20 01:24:17.954,1.78408,1.78458,1.00,1.00
2016.09.20 01:24:18.674,1.78407,1.78458,1.00,1.00
2016.09.20 01:24:19.295,1.78408,1.78458,1.00,1.00
2016.09.20 01:24:19.679,1.78405,1.78458,1.00,1.00
2016.09.20 01:24:20.381,1.78405,1.78459,1.37,1.00
2016.09.20 01:24:20.667,1.78407,1.78459,1.50,1.00
2016.09.20 01:24:21.281,1.78407,1.7846,1.50,1.50
2016.09.20 01:24:21.914,1.78407,1.78457,1.50,1.00
2016.09.20 01:24:21.965,1.78407,1.78457,1.12,1.50
2016.09.20 01:24:22.017,1.78407,1.78457,1.00,1.50
2016.09.20 01:24:22.068,1.78407,1.78451,1.00,1.00
2016.09.20 01:24:22.128,1.78407,1.78446,1.00,1.00
2016.09.20 01:24:22.188,1.78397,1.78442,1.37,1.00
2016.09.20 01:24:22.239,1.78397,1.78442,1.00,1.50
2016.09.20 01:24:22.290,1.78388,1.78439,2.21,1.00
2016.09.20 01:24:22.341,1.78388,1.7844,1.84,1.00
2016.09.20 01:24:22.392,1.78388,1.7844,1.84,1.00
2016.09.20 01:24:22.544,1.78388,1.7844,1.50,1.00
2016.09.20 01:24:22.595,1.78387,1.7844,1.50,1.00
2016.09.20 01:24:22.646,1.78387,1.78443,1.50,1.50
2016.09.20 01:24:23.156,1.78388,1.78443,1.50,1.50
2016.09.20 01:24:23.487,1.78389,1.78443,1.00,1.50
2016.09.20 01:24:23.588,1.78387,1.78443,1.12,1.50
2016.09.20 01:24:24.478,1.78387,1.78443,1.12,1.00
2016.09.20 01:24:24.529,1.78387,1.78443,1.37,1.00
2016.09.20 01:24:24.580,1.78389,1.78443,1.00,1.00
2016.09.20 01:24:24.985,1.78391,1.78443,1.00,1.00
2016.09.20 01:24:25.036,1.78388,1.78438,1.37,1.00
2016.09.20 01:24:25.087,1.78388,1.78438,1.00,1.00
2016.09.20 01:24:25.138,1.78388,1.78439,1.37,1.00
2016.09.20 01:24:25.219,1.78387,1.78442,1.12,1.00
2016.09.20 01:24:25.321,1.78387,1.78443,1.87,1.50
2016.09.20 01:24:26.482,1.78387,1.78443,1.50,1.50
2016.09.20 01:24:30.781,1.78388,1.78443,1.00,1.50
2016.09.20 01:24:30.832,1.78388,1.78441,1.00,1.00
2016.09.20 01:24:30.882,1.78388,1.78439,1.00,1.00
2016.09.20 01:24:31.415,1.78388,1.78438,1.00,1.00
2016.09.20 01:24:32.202,1.78388,1.78436,1.00,1.00
2016.09.20 01:24:32.423,1.78388,1.78436,1.00,1.50
2016.09.20 01:24:32.995,1.78388,1.78436,1.00,1.00
2016.09.20 01:24:33.198,1.78387,1.78436,1.00,1.00
2016.09.20 01:24:33.249,1.78387,1.78439,1.00,1.50
2016.09.20 01:24:33.835,1.78387,1.78439,1.00,1.00
2016.09.20 01:24:33.937,1.78387,1.78439,1.50,1.00
2016.09.20 01:24:33.988,1.78387,1.78439,1.87,1.00
2016.09.20 01:24:34.140,1.78387,1.78441,1.87,1.00
2016.09.20 01:24:34.698,1.78389,1.78441,1.00,1.00
2016.09.20 01:24:34.799,1.78387,1.78441,1.87,1.00
2016.09.20 01:24:34.900,1.78388,1.78441,1.37,1.50
2016.09.20 01:24:35.123,1.78388,1.78441,1.00,1.00
2016.09.20 01:24:35.389,1.78387,1.78441,1.50,1.00
2016.09.20 01:24:37.611,1.78386,1.78441,1.87,1.00
2016.09.20 01:24:38.622,1.78386,1.78443,1.87,1.50
2016.09.20 01:24:38.673,1.78386,1.78444,2.62,1.00
2016.09.20 01:24:38.724,1.78388,1.78444,1.50,1.00
2016.09.20 01:24:38.825,1.78391,1.78447,1.00,1.50
2016.09.20 01:24:38.876,1.78389,1.78448,1.50,1.50
2016.09.20 01:24:38.926,1.78396,1.78448,1.00,1.00
2016.09.20 01:24:38.977,1.7839,1.78448,1.75,1.50
2016.09.20 01:24:39.028,1.78397,1.78448,1.00,1.50
2016.09.20 01:24:39.180,1.78398,1.78447,1.00,1.00
2016.09.20 01:24:39.231,1.78391,1.78447,1.75,1.00
2016.09.20 01:24:39.281,1.78391,1.78447,1.37,1.00
2016.09.20 01:24:39.332,1.7839,1.78446,1.00,1.00
2016.09.20 01:24:40.049,1.78389,1.78445,1.87,1.00
2016.09.20 01:24:40.099,1.78389,1.78445,1.12,1.00
2016.09.20 01:24:40.150,1.78389,1.78445,1.12,1.00
2016.09.20 01:24:41.705,1.78389,1.78446,1.12,1.50
2016.09.20 01:24:41.756,1.78389,1.78446,1.37,1.50
2016.09.20 01:24:41.807,1.78393,1.78446,1.00,1.50
2016.09.20 01:24:44.254,1.78393,1.78446,1.00,1.00
2016.09.20 01:24:44.356,1.78391,1.78447,2.25,1.00
2016.09.20 01:24:44.877,1.78392,1.78448,2.25,1.00
2016.09.20 01:24:45.212,1.78392,1.78448,2.25,1.00
2016.09.20 01:24:45.364,1.78392,1.78446,1.37,1.00
2016.09.20 01:24:45.415,1.78392,1.78445,1.12,1.00
2016.09.20 01:24:45.516,1.78392,1.78444,1.00,1.00
2016.09.20 01:24:45.669,1.78389,1.78445,1.50,1.00
2016.09.20 01:24:45.720,1.78392,1.78445,1.00,1.00
2016.09.20 01:24:46.227,1.78392,1.78446,1.00,1.00
2016.09.20 01:24:46.411,1.78392,1.78447,1.00,1.50
2016.09.20 01:24:46.461,1.78391,1.78446,1.75,1.00
2016.09.20 01:24:46.869,1.78393,1.78447,1.00,1.00
2016.09.20 01:24:46.920,1.7839,1.78447,2.25,1.00
2016.09.20 01:24:46.971,1.7839,1.78445,1.75,1.00
2016.09.20 01:24:47.022,1.7839,1.78445,1.75,1.00
2016.09.20 01:24:47.073,1.7839,1.78445,1.50,1.00
2016.09.20 01:24:47.124,1.78389,1.78445,2.59,1.00
2016.09.20 01:24:47.408,1.7839,1.78445,1.00,1.00
2016.09.20 01:24:47.460,1.78389,1.78445,2.59,1.00
2016.09.20 01:24:49.024,1.7839,1.78446,1.50,1.50
2016.09.20 01:24:49.075,1.78391,1.78446,1.50,1.00
2016.09.20 01:24:49.126,1.78396,1.78446,1.00,1.00
2016.09.20 01:24:49.744,1.78396,1.78443,1.00,1.00
2016.09.20 01:24:49.796,1.78396,1.78443,1.00,1.50
2016.09.20 01:24:49.909,1.78396,1.78443,1.00,1.00
2016.09.20 01:24:50.640,1.78396,1.78444,1.00,1.00
2016.09.20 01:24:51.202,1.78396,1.78445,1.00,1.00
2016.09.20 01:24:51.457,1.78396,1.78447,1.00,1.00
2016.09.20 01:24:52.133,1.78396,1.78446,1.00,1.00
2016.09.20 01:24:53.554,1.78397,1.78446,1.00,1.00
2016.09.20 01:24:55.420,1.78396,1.78446,1.00,1.00
2016.09.20 01:24:55.471,1.78396,1.78453,1.84,1.00
2016.09.20 01:24:55.522,1.78403,1.78454,1.50,1.00
2016.09.20 01:24:55.573,1.78403,1.78461,1.84,1.00
2016.09.20 01:24:55.623,1.78412,1.78461,1.00,1.00
2016.09.20 01:24:56.494,1.78412,1.78462,1.00,1.00
2016.09.20 01:24:56.545,1.78412,1.78462,1.00,1.00
2016.09.20 01:24:56.596,1.78412,1.78462,1.00,1.50
2016.09.20 01:24:57.473,1.78412,1.78462,1.00,1.00
2016.09.20 01:24:58.841,1.78411,1.78462,1.00,1.00
2016.09.20 01:24:59.604,1.7841,1.78462,1.00,1.00
2016.09.20 01:24:59.767,1.7841,1.7846,1.00,1.00
2016.09.20 01:24:59.869,1.7841,1.78461,1.00,1.00
2016.09.20 01:24:59.920,1.7841,1.78461,1.00,1.50
2016.09.20 01:24:59.970,1.78403,1.78459,1.75,1.00
2016.09.20 01:25:00.021,1.78403,1.78459,1.37,1.00
2016.09.20 01:25:00.072,1.78403,1.78459,1.00,1.00
2016.09.20 01:25:00.325,1.78402,1.78457,1.50,1.00
2016.09.20 01:25:00.720,1.78402,1.78456,1.00,1.00
2016.09.20 01:25:00.982,1.78401,1.78456,1.09,1.00
2016.09.20 01:25:02.638,1.78401,1.78454,1.09,1.00
2016.09.20 01:25:02.703,1.784,1.78454,1.34,1.00
2016.09.20 01:25:03.518,1.784,1.78453,1.34,1.00
2016.09.20 01:25:03.670,1.784,1.78453,1.34,1.00
2016.09.20 01:25:04.356,1.78401,1.78453,1.09,1.00
2016.09.20 01:25:05.067,1.78401,1.78452,1.09,1.00
2016.09.20 01:25:05.581,1.78401,1.78448,1.09,1.00
2016.09.20 01:25:05.683,1.78391,1.78448,1.84,1.00
2016.09.20 01:25:05.785,1.78391,1.78445,1.50,1.00
2016.09.20 01:25:06.194,1.78391,1.78442,1.50,1.00
2016.09.20 01:25:06.245,1.78391,1.78444,2.62,1.00
2016.09.20 01:25:06.296,1.78391,1.78444,3.00,1.00
2016.09.20 01:25:06.473,1.78391,1.78447,3.00,1.00
2016.09.20 01:25:06.759,1.78391,1.78449,3.00,1.50
2016.09.20 01:25:06.943,1.78391,1.78449,2.62,1.50
2016.09.20 01:25:06.994,1.78391,1.78449,2.25,1.50
2016.09.20 01:25:08.098,1.78391,1.78449,2.25,1.50
2016.09.20 01:25:08.479,1.78391,1.78448,2.25,1.00
2016.09.20 01:25:08.701,1.78395,1.7845,1.00,1.50
2016.09.20 01:25:08.752,1.78397,1.7845,1.00,1.00
2016.09.20 01:25:09.404,1.78397,1.78451,1.00,1.00
2016.09.20 01:25:09.683,1.78397,1.78451,1.00,1.50
2016.09.20 01:25:11.859,1.78397,1.78451,1.50,1.00
2016.09.20 01:25:12.512,1.78397,1.78451,1.00,1.00
2016.09.20 01:25:12.614,1.78398,1.78447,1.00,1.00
2016.09.20 01:25:15.967,1.78397,1.78447,1.00,1.00
2016.09.20 01:25:16.201,1.78397,1.78445,1.00,1.00
2016.09.20 01:25:16.403,1.78397,1.78447,1.00,1.00
2016.09.20 01:25:17.507,1.78402,1.78449,1.00,1.00
2016.09.20 01:25:18.054,1.78402,1.78448,1.00,1.00
2016.09.20 01:25:18.557,1.78402,1.78449,1.00,1.00
2016.09.20 01:25:23.572,1.78403,1.78449,1.00,1.00
2016.09.20 01:25:24.524,1.78403,1.78451,1.00,1.00
2016.09.20 01:25:26.606,1.78403,1.78455,1.00,1.00
2016.09.20 01:25:26.808,1.78403,1.78455,1.50,1.00
2016.09.20 01:25:27.388,1.78403,1.78456,1.50,1.00
2016.09.20 01:25:27.748,1.78403,1.78456,2.25,1.00
2016.09.20 01:25:27.799,1.7841,1.78456,1.00,1.00
2016.09.20 01:25:28.221,1.78409,1.78456,1.50,1.00
2016.09.20 01:25:28.272,1.78413,1.78456,1.00,1.00
2016.09.20 01:25:28.323,1.78416,1.78467,1.00,1.00
2016.09.20 01:25:28.374,1.78416,1.78467,1.12,1.00
2016.09.20 01:25:28.425,1.7842,1.78467,1.00,1.00
2016.09.20 01:25:28.527,1.7842,1.78467,1.00,1.50
2016.09.20 01:25:28.892,1.7842,1.78464,1.00,1.00
2016.09.20 01:25:30.383,1.78419,1.78464,1.00,1.00
2016.09.20 01:25:33.088,1.7842,1.78464,1.00,1.00
2016.09.20 01:25:33.796,1.78419,1.78464,1.00,1.00
2016.09.20 01:25:34.434,1.7842,1.78464,1.00,1.00
2016.09.20 01:25:36.502,1.7842,1.78462,1.00,1.00
2016.09.20 01:25:41.009,1.7842,1.78462,1.00,1.00
2016.09.20 01:25:41.344,1.7842,1.7846,1.00,1.00
2016.09.20 01:25:41.741,1.7842,1.7846,1.00,1.00
2016.09.20 01:25:41.842,1.78419,1.78463,1.00,1.00
2016.09.20 01:25:42.113,1.7842,1.78463,1.00,1.00
2016.09.20 01:25:42.695,1.7842,1.78464,1.00,1.00
2016.09.20 01:25:43.230,1.7842,1.78465,1.00,1.00
2016.09.20 01:25:43.421,1.7842,1.78463,1.00,1.00
2016.09.20 01:25:43.688,1.7842,1.78461,1.00,1.00
2016.09.20 01:25:46.954,1.78419,1.78461,1.00,1.00
2016.09.20 01:25:50.804,1.78419,1.78462,1.00,1.00
2016.09.20 01:25:51.719,1.78414,1.78462,1.00,1.00
2016.09.20 01:25:52.910,1.78414,1.78461,1.00,1.00
2016.09.20 01:25:53.141,1.78415,1.78461,1.00,1.00
2016.09.20 01:25:55.227,1.78415,1.78458,1.00,1.00
2016.09.20 01:25:56.008,1.78415,1.7846,1.00,1.00
2016.09.20 01:25:56.526,1.78415,1.78457,1.00,1.00
2016.09.20 01:25:56.577,1.78407,1.78457,1.75,1.00
2016.09.20 01:25:56.627,1.78407,1.78457,1.37,1.00
2016.09.20 01:25:56.678,1.78407,1.78457,1.00,1.00
2016.09.20 01:25:57.185,1.78408,1.78457,1.00,1.00
2016.09.20 01:25:58.230,1.78408,1.78456,1.00,1.00
2016.09.20 01:25:58.790,1.78407,1.78457,1.00,1.00
2016.09.20 01:25:59.534,1.78407,1.78456,1.00,1.00
2016.09.20 01:26:00.344,1.78408,1.78455,1.00,1.00
2016.09.20 01:26:00.873,1.78408,1.78456,1.00,1.00
2016.09.20 01:26:01.385,1.78407,1.78456,1.00,1.00
2016.09.20 01:26:02.206,1.78408,1.78456,1.00,1.00
2016.09.20 01:26:02.614,1.78408,1.78454,1.00,1.00
2016.09.20 01:26:02.768,1.78408,1.78454,1.00,1.00
2016.09.20 01:26:03.306,1.78408,1.78455,1.00,1.00
2016.09.20 01:26:03.357,1.78408,1.78457,1.00,1.50
2016.09.20 01:26:05.538,1.78408,1.78457,1.00,1.00
2016.09.20 01:26:05.761,1.78408,1.78455,1.00,1.50
2016.09.20 01:26:08.383,1.78408,1.78455,1.00,1.00
2016.09.20 01:26:10.770,1.78408,1.78451,1.00,1.00
2016.09.20 01:26:11.772,1.78407,1.78451,1.00,1.00
2016.09.20 01:26:12.284,1.78408,1.78451,1.00,1.50
2016.09.20 01:26:12.335,1.78408,1.78447,1.00,1.00
2016.09.20 01:26:12.869,1.78407,1.78448,1.00,1.00
2016.09.20 01:26:18.341,1.78407,1.78449,1.00,1.00
2016.09.20 01:26:18.577,1.78405,1.78457,1.50,1.00
2016.09.20 01:26:18.679,1.78405,1.78457,1.00,1.00
2016.09.20 01:26:18.831,1.78406,1.78459,1.00,1.00
2016.09.20 01:26:19.338,1.78406,1.7846,1.00,1.00
2016.09.20 01:26:19.493,1.78412,1.7846,1.00,1.00
2016.09.20 01:26:19.994,1.78413,1.7846,1.00,1.00
2016.09.20 01:26:20.332,1.78413,1.78457,1.00,1.00
2016.09.20 01:26:20.963,1.78413,1.7846,1.00,1.00
2016.09.20 01:26:21.697,1.78412,1.7846,1.00,1.00
2016.09.20 01:26:22.278,1.78413,1.7846,1.00,1.00
2016.09.20 01:26:22.791,1.78412,1.78456,1.00,1.00
2016.09.20 01:26:22.842,1.78412,1.78459,1.00,1.00
2016.09.20 01:26:22.975,1.78413,1.78455,1.00,1.00
2016.09.20 01:26:23.490,1.78413,1.78456,1.00,1.00
2016.09.20 01:26:24.008,1.78413,1.78456,1.00,1.00
2016.09.20 01:26:24.985,1.78404,1.78448,1.37,1.00
2016.09.20 01:26:25.036,1.78404,1.78448,1.00,1.00
2016.09.20 01:26:25.707,1.78405,1.78448,1.00,1.00
2016.09.20 01:26:26.372,1.78405,1.78453,1.50,1.00
2016.09.20 01:26:26.574,1.78405,1.78456,1.50,1.00
2016.09.20 01:26:27.749,1.78405,1.78459,1.50,1.00
2016.09.20 01:26:28.347,1.78405,1.78459,1.00,1.00
2016.09.20 01:26:28.869,1.78405,1.78457,1.00,1.00
2016.09.20 01:26:29.174,1.78404,1.78452,1.00,1.00
2016.09.20 01:26:29.897,1.78405,1.78452,1.00,1.00
2016.09.20 01:26:30.049,1.78404,1.78456,1.50,1.00
2016.09.20 01:26:34.518,1.78405,1.78456,1.00,1.00
2016.09.20 01:26:35.312,1.78406,1.78456,1.00,1.00
2016.09.20 01:26:35.538,1.78405,1.78458,1.50,1.00
2016.09.20 01:26:36.966,1.78406,1.78458,1.00,1.00
2016.09.20 01:26:37.496,1.78406,1.78454,1.00,1.00
2016.09.20 01:26:38.322,1.78407,1.78454,1.00,1.00
2016.09.20 01:26:38.868,1.78406,1.78454,1.00,1.00
2016.09.20 01:26:39.442,1.78405,1.78454,1.00,1.00
2016.09.20 01:26:43.317,1.78404,1.78453,1.00,1.00
2016.09.20 01:26:43.418,1.78398,1.78451,1.75,1.00
2016.09.20 01:26:43.469,1.78398,1.78446,1.75,1.00
2016.09.20 01:26:44.008,1.78399,1.78446,1.50,1.00
2016.09.20 01:26:44.235,1.78402,1.78446,1.00,1.00
2016.09.20 01:26:44.286,1.78402,1.78452,1.00,1.00
2016.09.20 01:26:44.438,1.78402,1.78452,1.00,1.00
2016.09.20 01:26:45.370,1.78399,1.78451,1.50,1.00
2016.09.20 01:26:45.827,1.78398,1.78451,1.75,1.00
2016.09.20 01:26:46.133,1.78397,1.78451,2.25,1.00
2016.09.20 01:26:47.282,1.78398,1.78451,1.75,1.00
2016.09.20 01:26:47.434,1.78398,1.78451,2.25,1.00
2016.09.20 01:26:48.221,1.78398,1.78451,1.75,1.00
2016.09.20 01:26:49.473,1.78399,1.78451,1.50,1.00
2016.09.20 01:26:49.523,1.784,1.78451,1.37,1.00
2016.09.20 01:26:53.991,1.78399,1.78451,1.50,1.00
2016.09.20 01:26:54.418,1.78401,1.78451,1.12,1.00
2016.09.20 01:26:54.469,1.78404,1.78451,1.00,1.00
2016.09.20 01:26:54.519,1.78407,1.78451,1.00,1.00
2016.09.20 01:26:54.570,1.78407,1.78454,1.00,1.00
2016.09.20 01:26:55.109,1.78406,1.78455,1.00,1.00
2016.09.20 01:26:55.211,1.78404,1.78455,1.00,1.00
2016.09.20 01:26:55.312,1.78406,1.78452,1.00,1.00
2016.09.20 01:26:55.844,1.78405,1.78453,1.00,1.00
2016.09.20 01:27:00.184,1.78404,1.78453,1.00,1.00
2016.09.20 01:27:00.407,1.78404,1.78455,1.00,1.00
2016.09.20 01:27:02.284,1.78404,1.78453,1.00,1.00
2016.09.20 01:27:03.484,1.78405,1.78453,1.00,1.00
2016.09.20 01:27:03.585,1.78405,1.78455,1.00,1.00
2016.09.20 01:27:03.687,1.78405,1.78455,1.00,1.00
2016.09.20 01:27:07.402,1.78405,1.78456,1.00,1.00
2016.09.20 01:27:10.595,1.78405,1.78454,1.00,1.00
2016.09.20 01:27:11.105,1.78403,1.78454,1.00,1.00
2016.09.20 01:27:11.683,1.78402,1.78454,1.00,1.00
2016.09.20 01:27:13.100,1.78403,1.78454,1.00,1.00
2016.09.20 01:27:13.160,1.78401,1.78454,1.00,1.00
2016.09.20 01:27:13.495,1.78399,1.78454,1.00,1.00
2016.09.20 01:27:13.597,1.78392,1.78448,1.46,1.00
2016.09.20 01:27:13.679,1.78391,1.78443,1.34,1.00
2016.09.20 01:27:13.730,1.78391,1.78438,1.00,1.00
2016.09.20 01:27:13.981,1.78386,1.78438,1.87,1.00
2016.09.20 01:27:14.032,1.78386,1.7844,1.50,1.00
2016.09.20 01:27:14.185,1.78386,1.78443,1.50,1.00
2016.09.20 01:27:14.236,1.78387,1.78443,1.00,1.00
2016.09.20 01:27:14.395,1.78387,1.7844,1.00,1.00
2016.09.20 01:27:14.606,1.78387,1.7844,1.12,1.00
2016.09.20 01:27:14.707,1.78387,1.7844,1.00,1.00
2016.09.20 01:27:14.809,1.78388,1.78443,1.00,1.00
2016.09.20 01:27:14.910,1.7839,1.78448,1.00,1.00
2016.09.20 01:27:15.130,1.78393,1.78448,1.00,1.00
2016.09.20 01:27:15.232,1.78393,1.78446,1.00,1.00
2016.09.20 01:27:17.090,1.78393,1.78447,1.00,1.00
2016.09.20 01:27:17.625,1.78393,1.78446,1.00,1.00
2016.09.20 01:27:18.752,1.78393,1.78446,1.00,1.50
2016.09.20 01:27:18.803,1.78393,1.78442,1.00,1.00
2016.09.20 01:27:18.904,1.78384,1.78439,1.37,1.00
2016.09.20 01:27:19.006,1.78381,1.78437,1.37,1.00
2016.09.20 01:27:19.057,1.78381,1.78437,1.00,1.00
2016.09.20 01:27:19.534,1.78381,1.78434,1.00,1.00
2016.09.20 01:27:21.594,1.78381,1.78434,1.50,1.00
2016.09.20 01:27:21.652,1.78381,1.78434,1.00,1.00
2016.09.20 01:27:22.717,1.7838,1.78434,1.00,1.00
2016.09.20 01:27:22.818,1.78376,1.78427,1.00,1.00
2016.09.20 01:27:22.920,1.78374,1.78427,1.50,1.00
2016.09.20 01:27:23.072,1.78374,1.78427,1.00,1.00
2016.09.20 01:27:23.298,1.78373,1.78427,1.50,1.00
2016.09.20 01:27:24.056,1.78373,1.78424,1.50,1.00
2016.09.20 01:27:24.109,1.78375,1.78427,1.00,1.00
2016.09.20 01:27:25.295,1.78374,1.78427,1.00,1.00
2016.09.20 01:27:25.635,1.78357,1.78411,1.37,1.00
2016.09.20 01:27:25.694,1.78357,1.78411,1.00,1.00
2016.09.20 01:27:25.999,1.78356,1.78407,1.00,1.00
2016.09.20 01:27:26.100,1.78357,1.78407,1.50,1.00
2016.09.20 01:27:26.434,1.78357,1.78407,1.00,1.00
2016.09.20 01:27:28.068,1.78362,1.78407,1.00,1.00
2016.09.20 01:27:35.206,1.78362,1.78408,1.00,1.00
2016.09.20 01:27:37.704,1.78362,1.7841,1.00,1.00
2016.09.20 01:27:39.148,1.78353,1.78411,1.12,1.00
2016.09.20 01:27:39.543,1.78352,1.78409,2.25,1.00
2016.09.20 01:27:39.594,1.78352,1.78409,1.50,1.00
2016.09.20 01:27:39.645,1.78352,1.78407,1.12,1.00
2016.09.20 01:27:39.696,1.78352,1.78407,1.00,1.00
2016.09.20 01:27:39.747,1.78352,1.78407,1.00,1.00
2016.09.20 01:27:39.811,1.78352,1.78405,1.00,1.00
2016.09.20 01:27:42.255,1.78352,1.78408,1.12,1.00
2016.09.20 01:27:43.048,1.78352,1.7841,1.12,1.00
2016.09.20 01:27:43.174,1.78352,1.7841,1.87,1.00
2016.09.20 01:27:43.758,1.78352,1.7841,1.12,1.00
2016.09.20 01:27:47.153,1.78352,1.7841,1.00,1.00
2016.09.20 01:27:47.356,1.78352,1.78406,1.00,1.00
2016.09.20 01:27:47.613,1.78352,1.78406,1.12,1.00
2016.09.20 01:27:50.076,1.78352,1.78406,1.00,1.00
2016.09.20 01:27:50.379,1.78352,1.784,1.00,1.00
2016.09.20 01:27:57.168,1.78351,1.784,1.00,1.00
2016.09.20 01:27:59.668,1.78348,1.784,1.00,1.00
2016.09.20 01:28:00.617,1.78348,1.78397,1.00,1.00
2016.09.20 01:28:00.669,1.78348,1.78397,1.00,1.00
2016.09.20 01:28:00.770,1.78349,1.78396,1.00,1.00
2016.09.20 01:28:00.872,1.78342,1.78396,1.00,1.00
2016.09.20 01:28:01.077,1.78337,1.78393,1.00,1.00
2016.09.20 01:28:01.408,1.78338,1.78387,1.00,1.00
2016.09.20 01:28:01.777,1.78332,1.78387,1.46,1.00
2016.09.20 01:28:02.209,1.78331,1.78387,1.37,1.00
2016.09.20 01:28:02.260,1.78332,1.78385,1.37,1.00
2016.09.20 01:28:02.311,1.78332,1.78385,1.00,1.00
2016.09.20 01:28:02.362,1.78332,1.78382,1.00,1.00
2016.09.20 01:28:02.601,1.7833,1.78382,1.00,1.00
2016.09.20 01:28:02.652,1.7833,1.78385,1.00,1.00
2016.09.20 01:28:03.355,1.78331,1.78385,1.00,1.00
2016.09.20 01:28:03.604,1.7833,1.78385,1.00,1.00
2016.09.20 01:28:05.147,1.7833,1.78382,1.00,1.00
2016.09.20 01:28:05.357,1.78331,1.78382,1.00,1.00
2016.09.20 01:28:05.436,1.78331,1.78386,1.00,1.00
2016.09.20 01:28:06.080,1.78331,1.78386,1.50,1.00
2016.09.20 01:28:06.521,1.78331,1.78386,1.00,1.00
2016.09.20 01:28:06.623,1.78331,1.78386,1.50,1.00
2016.09.20 01:28:06.673,1.78331,1.78386,1.87,1.00
2016.09.20 01:28:07.243,1.78331,1.78387,1.87,1.00
2016.09.20 01:28:07.395,1.78331,1.78387,1.37,1.00
2016.09.20 01:28:07.765,1.78331,1.78386,1.37,1.00
2016.09.20 01:28:08.290,1.78331,1.78387,1.37,1.00
2016.09.20 01:28:08.872,1.78332,1.78387,1.37,1.00
2016.09.20 01:28:09.399,1.78331,1.78387,1.37,1.00
2016.09.20 01:28:09.604,1.78331,1.78387,1.87,1.00
2016.09.20 01:28:09.655,1.78331,1.78389,1.87,1.00
2016.09.20 01:28:13.186,1.78332,1.78389,1.37,1.00
2016.09.20 01:28:15.494,1.78333,1.78389,1.12,1.00
2016.09.20 01:28:15.545,1.78334,1.78389,1.00,1.00
2016.09.20 01:28:15.596,1.78333,1.78389,1.12,1.00
2016.09.20 01:28:15.647,1.78332,1.7839,1.37,1.00
2016.09.20 01:28:15.698,1.78331,1.7839,1.87,1.00
2016.09.20 01:28:15.749,1.78331,1.7839,2.62,1.00
2016.09.20 01:28:16.398,1.78331,1.78391,2.62,1.00
2016.09.20 01:28:17.768,1.78331,1.78391,1.87,1.00
2016.09.20 01:28:17.820,1.78332,1.78391,1.37,1.00
2016.09.20 01:28:18.312,1.78337,1.78392,1.00,1.00
2016.09.20 01:28:18.969,1.78337,1.78392,1.00,1.00
2016.09.20 01:28:19.250,1.78337,1.78394,1.00,1.00
2016.09.20 01:28:19.854,1.78338,1.78394,1.00,1.00
2016.09.20 01:28:20.714,1.78338,1.78393,1.00,1.00
2016.09.20 01:28:21.275,1.78337,1.78392,1.00,1.00
2016.09.20 01:28:21.998,1.78337,1.78392,1.00,1.00
2016.09.20 01:28:22.675,1.78337,1.78392,1.00,1.00
2016.09.20 01:28:24.711,1.78337,1.78392,1.00,1.50
2016.09.20 01:28:28.799,1.78337,1.78392,1.00,1.00
2016.09.20 01:28:28.850,1.78333,1.78392,1.00,1.00
2016.09.20 01:28:28.901,1.78336,1.78393,1.00,1.00
2016.09.20 01:28:28.952,1.78339,1.78393,1.00,1.00
2016.09.20 01:28:31.042,1.78332,1.78392,1.12,1.00
2016.09.20 01:28:32.151,1.78332,1.78393,1.12,1.50
2016.09.20 01:28:33.711,1.78332,1.78392,1.12,1.00
2016.09.20 01:28:36.335,1.78331,1.78392,2.62,1.00
2016.09.20 01:28:36.407,1.78331,1.78392,3.00,1.00
2016.09.20 01:28:37.710,1.78332,1.78392,1.00,1.00
2016.09.20 01:28:37.760,1.78332,1.78392,1.50,1.00
2016.09.20 01:28:37.811,1.78332,1.78393,1.50,1.50
2016.09.20 01:28:41.044,1.78332,1.78393,1.50,1.00
2016.09.20 01:28:41.095,1.78338,1.78393,1.00,1.00
2016.09.20 01:28:41.146,1.78341,1.78401,1.00,1.00
2016.09.20 01:28:41.374,1.78346,1.78405,1.00,1.00
2016.09.20 01:28:41.882,1.78347,1.78405,1.00,1.00
2016.09.20 01:28:42.096,1.78347,1.78407,1.00,1.00
2016.09.20 01:28:42.147,1.78347,1.78406,1.00,1.00
2016.09.20 01:28:42.833,1.78346,1.78406,1.00,1.00
2016.09.20 01:28:43.030,1.78346,1.78391,1.00,1.00
2016.09.20 01:28:43.182,1.78324,1.78384,1.00,1.00
2016.09.20 01:28:43.233,1.78324,1.78375,1.00,1.00
2016.09.20 01:28:43.385,1.78316,1.78378,1.50,1.00
2016.09.20 01:28:43.436,1.78317,1.7838,1.00,1.00
2016.09.20 01:28:43.487,1.78317,1.78379,1.87,1.00
2016.09.20 01:28:43.538,1.7832,1.78379,1.00,1.00
2016.09.20 01:28:43.589,1.7832,1.7838,1.87,1.00
2016.09.20 01:28:43.851,1.78325,1.78382,1.00,1.00
2016.09.20 01:28:43.952,1.78324,1.78382,1.00,1.00
2016.09.20 01:28:44.206,1.78324,1.78384,1.00,1.00
2016.09.20 01:28:44.616,1.78324,1.78384,1.00,1.00
2016.09.20 01:28:44.702,1.78324,1.78386,1.50,1.00
2016.09.20 01:28:44.812,1.78324,1.78385,1.00,1.00
2016.09.20 01:28:44.863,1.78324,1.78386,1.50,1.00
2016.09.20 01:28:45.115,1.78324,1.78387,1.00,1.50
2016.09.20 01:28:45.369,1.78332,1.78386,1.00,1.50
2016.09.20 01:28:45.684,1.78332,1.78386,1.00,1.00
2016.09.20 01:28:47.251,1.78325,1.78386,1.50,1.00
2016.09.20 01:28:48.067,1.78325,1.78386,1.00,1.00
2016.09.20 01:28:48.853,1.78332,1.78386,1.00,1.00
2016.09.20 01:28:49.208,1.78325,1.78386,1.00,1.00
2016.09.20 01:28:51.047,1.78325,1.78386,1.50,1.00
2016.09.20 01:28:51.567,1.78325,1.78387,1.12,1.50
2016.09.20 01:28:51.618,1.78324,1.78386,2.25,1.00
2016.09.20 01:28:51.669,1.78325,1.78383,1.37,1.00
2016.09.20 01:28:51.720,1.78325,1.78383,1.00,1.00
2016.09.20 01:28:52.660,1.78325,1.78386,1.00,1.50
2016.09.20 01:28:52.875,1.78325,1.78386,1.37,1.00
2016.09.20 01:28:53.076,1.78325,1.78386,1.87,1.00
2016.09.20 01:28:53.470,1.78325,1.78387,1.50,1.50
2016.09.20 01:28:55.177,1.78325,1.78387,1.12,1.50
2016.09.20 01:28:55.278,1.78325,1.78387,1.00,1.50
2016.09.20 01:28:55.472,1.78325,1.78386,1.50,1.00
2016.09.20 01:28:56.673,1.78325,1.78384,1.00,1.00
2016.09.20 01:28:58.732,1.78325,1.78386,1.50,1.00
2016.09.20 01:28:59.766,1.78326,1.78388,1.00,1.00
2016.09.20 01:29:00.581,1.78327,1.78388,1.00,1.50
2016.09.20 01:29:00.730,1.78327,1.78386,1.00,1.00
2016.09.20 01:29:00.781,1.78327,1.78386,1.00,1.00
2016.09.20 01:29:03.597,1.78326,1.78386,1.00,1.00
2016.09.20 01:29:03.901,1.78326,1.78388,1.00,1.00
2016.09.20 01:29:04.293,1.78326,1.78385,1.00,1.00
2016.09.20 01:29:04.703,1.78327,1.78382,1.00,1.00
2016.09.20 01:29:05.702,1.78326,1.78382,1.00,1.00
2016.09.20 01:29:07.508,1.78327,1.78382,1.00,1.00
2016.09.20 01:29:08.173,1.78327,1.78384,1.00,1.00
2016.09.20 01:29:08.504,1.78326,1.78386,1.00,1.00
2016.09.20 01:29:08.555,1.78326,1.78388,1.50,1.00
2016.09.20 01:29:08.606,1.78327,1.78388,1.00,1.50
2016.09.20 01:29:09.063,1.78327,1.78385,1.00,1.00
2016.09.20 01:29:09.266,1.78326,1.78389,1.50,1.50
2016.09.20 01:29:09.367,1.78326,1.78387,1.00,1.00
2016.09.20 01:29:09.418,1.78326,1.78385,1.00,1.00
2016.09.20 01:29:09.468,1.78326,1.78388,1.00,1.00
2016.09.20 01:29:09.519,1.78327,1.78388,1.00,1.50
2016.09.20 01:29:10.503,1.78326,1.78388,1.00,1.00
2016.09.20 01:29:10.740,1.78326,1.78386,1.00,1.00
2016.09.20 01:29:11.635,1.78326,1.78383,1.00,1.00
2016.09.20 01:29:11.787,1.78326,1.78383,1.00,1.00
2016.09.20 01:29:11.888,1.78327,1.7838,1.00,1.00
2016.09.20 01:29:12.164,1.78326,1.7838,1.00,1.00
2016.09.20 01:29:12.494,1.78326,1.78382,1.00,1.00
2016.09.20 01:29:13.013,1.78327,1.78382,1.00,1.00
2016.09.20 01:29:15.526,1.78326,1.78382,1.00,1.00
2016.09.20 01:29:16.515,1.78327,1.78382,1.00,1.00
2016.09.20 01:29:17.616,1.78325,1.78382,1.00,1.00
2016.09.20 01:29:18.390,1.78325,1.78384,1.00,1.00
2016.09.20 01:29:18.491,1.78325,1.78383,1.00,1.00
2016.09.20 01:29:19.545,1.78324,1.78383,1.00,1.00
2016.09.20 01:29:19.766,1.78324,1.78386,1.00,1.00
2016.09.20 01:29:20.522,1.78325,1.78386,1.00,1.50
2016.09.20 01:29:21.422,1.78325,1.7838,1.00,1.00
2016.09.20 01:29:21.473,1.78325,1.78371,1.00,1.00
2016.09.20 01:29:21.524,1.78317,1.78371,1.37,1.00
2016.09.20 01:29:21.575,1.78317,1.78368,1.00,1.00
2016.09.20 01:29:21.626,1.78317,1.78368,1.00,1.00
2016.09.20 01:29:21.829,1.78311,1.78368,1.37,1.50
2016.09.20 01:29:21.879,1.78311,1.78368,1.00,1.50
2016.09.20 01:29:23.593,1.78312,1.78368,1.00,1.50
2016.09.20 01:29:24.468,1.78312,1.78367,1.00,1.00
2016.09.20 01:29:27.254,1.78312,1.78366,1.00,1.00
2016.09.20 01:29:30.697,1.78312,1.78368,1.00,1.00
2016.09.20 01:29:30.748,1.78312,1.78368,1.00,1.00
2016.09.20 01:29:31.546,1.78312,1.78369,1.00,1.00
2016.09.20 01:29:34.053,1.78312,1.78368,1.00,1.00
2016.09.20 01:29:35.558,1.78312,1.78369,1.00,1.00
2016.09.20 01:29:36.334,1.78312,1.78369,1.00,1.00
2016.09.20 01:29:36.810,1.78311,1.78369,1.37,1.00
2016.09.20 01:29:36.861,1.78316,1.78375,1.00,1.00
2016.09.20 01:29:36.962,1.78316,1.78377,1.00,1.50
2016.09.20 01:29:38.187,1.78316,1.78376,1.00,1.00
2016.09.20 01:29:38.314,1.78316,1.78376,1.00,1.00
2016.09.20 01:29:38.805,1.78316,1.78377,1.00,1.00
2016.09.20 01:29:40.567,1.78315,1.78378,1.00,1.00
2016.09.20 01:29:42.531,1.78315,1.78378,1.00,1.50
2016.09.20 01:29:43.916,1.78315,1.78372,1.00,1.00
2016.09.20 01:29:43.967,1.78315,1.78378,1.00,1.00
2016.09.20 01:29:45.477,1.78316,1.78377,1.00,1.00
2016.09.20 01:29:46.366,1.78315,1.78378,1.00,1.00
2016.09.20 01:29:47.454,1.78315,1.78378,1.00,1.37
2016.09.20 01:29:47.505,1.78311,1.7837,1.00,1.00
2016.09.20 01:29:47.735,1.78308,1.78368,1.00,1.87
2016.09.20 01:29:47.786,1.78289,1.78351,2.40,1.00
2016.09.20 01:29:47.869,1.78291,1.78351,1.37,1.00
2016.09.20 01:29:47.920,1.78291,1.7835,1.00,1.00
2016.09.20 01:29:48.346,1.78301,1.7835,1.00,1.00
2016.09.20 01:29:49.385,1.78291,1.7835,1.00,1.00
2016.09.20 01:29:50.159,1.78289,1.7835,1.00,1.00
2016.09.20 01:29:50.827,1.78288,1.78351,1.00,1.00
2016.09.20 01:29:52.494,1.78289,1.7835,1.00,1.00
2016.09.20 01:29:53.496,1.78288,1.78351,1.00,1.00
2016.09.20 01:29:55.135,1.78272,1.78367,1.75,2.40
2016.09.20 01:29:55.187,1.78272,1.78367,1.75,2.40
2016.09.20 01:29:55.238,1.78272,1.78367,1.37,2.02
2016.09.20 01:29:55.290,1.78272,1.78386,1.00,1.12
2016.09.20 01:29:57.380,1.78272,1.78385,1.00,1.12
2016.09.20 01:30:00.397,1.78272,1.78381,1.00,1.12
2016.09.20 01:30:00.460,1.78321,1.78389,1.00,1.00
2016.09.20 01:30:00.561,1.78291,1.78389,1.00,1.00
2016.09.20 01:30:00.822,1.78292,1.78408,1.00,1.37
2016.09.20 01:30:00.873,1.78292,1.78408,1.00,1.00
2016.09.20 01:30:01.644,1.78292,1.78396,1.00,1.12
2016.09.20 01:30:04.490,1.78292,1.78396,1.00,1.50
2016.09.20 01:30:04.541,1.78292,1.78392,1.00,1.00
2016.09.20 01:30:04.643,1.78292,1.78393,1.00,1.12
2016.09.20 01:30:05.083,1.78301,1.78393,1.00,1.12
2016.09.20 01:30:05.134,1.78301,1.78392,1.00,1.00
2016.09.20 01:30:05.185,1.78292,1.78392,1.00,1.00
2016.09.20 01:30:05.477,1.78291,1.78393,1.00,1.12
2016.09.20 01:30:05.528,1.78304,1.78374,1.00,1.00
2016.09.20 01:30:05.832,1.78304,1.78374,1.00,1.12
2016.09.20 01:30:05.934,1.78303,1.78375,1.00,1.00
2016.09.20 01:30:06.512,1.78304,1.78374,1.00,1.00
2016.09.20 01:30:06.849,1.78311,1.78372,1.00,1.00
2016.09.20 01:30:07.917,1.7831,1.78373,1.00,1.00
2016.09.20 01:30:10.367,1.78311,1.78372,1.00,1.00
2016.09.20 01:30:11.300,1.78311,1.78372,1.00,1.00
2016.09.20 01:30:11.605,1.78311,1.78372,1.00,1.00
2016.09.20 01:30:11.758,1.78311,1.78372,1.00,1.00
2016.09.20 01:30:12.259,1.7831,1.78373,1.00,1.00
2016.09.20 01:30:12.712,1.7831,1.78373,1.00,1.12
2016.09.20 01:30:12.763,1.78311,1.78372,1.00,1.00
2016.09.20 01:30:13.716,1.7831,1.78373,1.00,1.00
2016.09.20 01:30:14.443,1.78311,1.78372,1.00,1.00
2016.09.20 01:30:14.545,1.78317,1.7838,1.00,1.50
2016.09.20 01:30:14.596,1.78317,1.7838,1.00,1.79
2016.09.20 01:30:14.646,1.78318,1.78379,1.00,1.42
2016.09.20 01:30:14.860,1.78317,1.78378,1.00,1.04
2016.09.20 01:30:14.962,1.78311,1.78373,1.00,1.00
2016.09.20 01:30:15.164,1.7831,1.78374,1.12,1.00
2016.09.20 01:30:15.933,1.7831,1.78374,1.12,1.00
2016.09.20 01:30:16.136,1.7831,1.78374,1.12,1.37
2016.09.20 01:30:16.187,1.7831,1.78374,1.12,1.37
2016.09.20 01:30:16.238,1.7831,1.78374,1.00,1.75
2016.09.20 01:30:17.681,1.78303,1.78366,1.12,1.00
2016.09.20 01:30:18.570,1.78303,1.78366,1.12,1.00
2016.09.20 01:30:19.175,1.78311,1.78366,1.37,1.00
2016.09.20 01:30:19.226,1.78317,1.78366,1.37,1.00
2016.09.20 01:30:19.277,1.78317,1.78383,1.37,1.12
2016.09.20 01:30:19.380,1.78321,1.78382,1.00,1.37
2016.09.20 01:30:19.431,1.78321,1.78382,1.00,1.00
2016.09.20 01:30:20.177,1.7832,1.78383,1.37,1.00
2016.09.20 01:30:20.228,1.78321,1.78383,1.37,1.00
2016.09.20 01:30:20.279,1.78321,1.78382,1.87,1.00
2016.09.20 01:30:20.381,1.78321,1.78383,1.50,1.00
2016.09.20 01:30:20.482,1.78321,1.78382,1.87,1.00
2016.09.20 01:30:20.533,1.78321,1.78382,1.50,1.00
2016.09.20 01:30:20.635,1.78321,1.78382,1.50,1.37
2016.09.20 01:30:20.685,1.78321,1.78383,1.00,1.87
2016.09.20 01:30:20.736,1.78321,1.78382,1.00,1.37
2016.09.20 01:30:22.014,1.78321,1.78379,1.00,1.37
2016.09.20 01:30:22.065,1.78321,1.78382,1.50,1.75
2016.09.20 01:30:22.115,1.78321,1.78379,1.50,1.75
2016.09.20 01:30:22.166,1.78322,1.78376,1.00,1.00
2016.09.20 01:30:22.682,1.78321,1.78376,1.00,1.00
2016.09.20 01:30:23.230,1.78322,1.78376,1.00,1.00
2016.09.20 01:30:24.231,1.78314,1.78376,1.50,1.00
2016.09.20 01:30:24.333,1.78313,1.78376,1.75,1.00
2016.09.20 01:30:24.383,1.78313,1.78374,1.00,1.37
2016.09.20 01:30:24.434,1.78313,1.78375,1.00,1.37
2016.09.20 01:30:24.485,1.78307,1.78369,1.50,1.00
2016.09.20 01:30:24.715,1.78307,1.78369,1.12,1.00
2016.09.20 01:30:24.883,1.78307,1.78369,1.12,1.00
2016.09.20 01:30:25.248,1.78306,1.7837,1.37,1.00
2016.09.20 01:30:25.951,1.78311,1.7837,1.00,1.00
2016.09.20 01:30:26.052,1.78314,1.78376,1.00,1.75
2016.09.20 01:30:26.103,1.78314,1.78376,1.37,1.37
2016.09.20 01:30:26.154,1.78314,1.78376,1.37,1.00
2016.09.20 01:30:26.255,1.78313,1.78377,1.37,1.00
2016.09.20 01:30:26.357,1.78313,1.78377,1.87,1.00
2016.09.20 01:30:26.458,1.78313,1.78377,1.37,1.00
2016.09.20 01:30:26.865,1.78333,1.7838,1.00,1.00
2016.09.20 01:30:26.916,1.78333,1.78395,1.00,1.37
2016.09.20 01:30:27.421,1.78333,1.78395,1.00,1.37
2016.09.20 01:30:27.718,1.78333,1.78395,1.00,1.37
2016.09.20 01:30:29.472,1.78333,1.78396,1.00,2.25
2016.09.20 01:30:29.524,1.78333,1.78392,1.00,1.37
2016.09.20 01:30:29.574,1.78334,1.78392,1.00,1.37
2016.09.20 01:30:29.676,1.78326,1.78387,1.37,1.37
2016.09.20 01:30:29.727,1.78332,1.78387,1.00,1.37
2016.09.20 01:30:29.828,1.78325,1.78388,1.12,1.37
2016.09.20 01:30:29.879,1.78325,1.78388,1.00,1.37
2016.09.20 01:30:29.981,1.78325,1.78388,1.00,1.50
2016.09.20 01:30:30.344,1.78325,1.78388,1.00,1.87
2016.09.20 01:30:30.395,1.78319,1.78381,1.37,1.37
2016.09.20 01:30:30.446,1.78319,1.78381,1.00,1.50
2016.09.20 01:30:30.496,1.78318,1.78381,1.00,1.50
2016.09.20 01:30:30.547,1.78318,1.78378,1.00,1.12
2016.09.20 01:30:30.598,1.78314,1.78373,1.00,1.00
2016.09.20 01:30:30.902,1.78312,1.78374,1.87,1.00
2016.09.20 01:30:31.003,1.78312,1.78374,1.50,1.00
2016.09.20 01:30:31.104,1.78312,1.78373,2.25,1.00
2016.09.20 01:30:32.188,1.78313,1.78373,1.12,1.00
2016.09.20 01:30:32.239,1.78314,1.78373,1.37,1.00
2016.09.20 01:30:32.340,1.78314,1.78373,1.12,1.00
2016.09.20 01:30:32.562,1.78312,1.78374,1.87,1.00
2016.09.20 01:30:33.104,1.78313,1.78374,1.50,1.00
2016.09.20 01:30:37.791,1.78313,1.78374,1.50,1.00
2016.09.20 01:30:37.987,1.78312,1.78374,2.25,1.00
2016.09.20 01:30:38.038,1.78314,1.78374,1.37,1.00
2016.09.20 01:30:38.514,1.78314,1.78374,1.00,1.00
2016.09.20 01:30:39.031,1.78314,1.78373,1.00,1.00
2016.09.20 01:30:40.296,1.78315,1.78374,1.00,1.00
2016.09.20 01:30:41.322,1.78315,1.78374,1.37,1.00
2016.09.20 01:30:41.523,1.78315,1.78373,1.00,1.00
2016.09.20 01:30:41.574,1.78313,1.78373,1.87,1.00
2016.09.20 01:30:41.789,1.78313,1.78374,1.50,1.00
2016.09.20 01:30:41.840,1.78316,1.78374,1.37,1.00
2016.09.20 01:30:42.803,1.78314,1.78374,1.37,1.00
2016.09.20 01:30:43.327,1.78315,1.78373,1.37,1.00
2016.09.20 01:30:43.957,1.78316,1.78373,1.37,1.00
2016.09.20 01:30:44.009,1.78316,1.78373,1.50,1.00
2016.09.20 01:30:44.230,1.78316,1.78373,1.37,1.00
2016.09.20 01:30:44.822,1.78316,1.78374,1.37,1.00
2016.09.20 01:30:45.403,1.78316,1.78373,1.37,1.00
2016.09.20 01:30:46.674,1.78319,1.78373,1.00,1.00
2016.09.20 01:30:46.725,1.78323,1.78381,1.00,1.00
2016.09.20 01:30:46.776,1.78323,1.78385,1.12,1.00
2016.09.20 01:30:46.878,1.78323,1.78385,1.37,1.12
2016.09.20 01:30:46.980,1.78323,1.78379,1.00,1.00
2016.09.20 01:30:47.031,1.78315,1.78378,1.37,1.50
2016.09.20 01:30:47.082,1.78315,1.78375,1.00,1.00
2016.09.20 01:30:47.132,1.78311,1.78368,2.25,1.00
2016.09.20 01:30:47.184,1.78311,1.78368,1.87,1.00
2016.09.20 01:30:47.234,1.78306,1.78368,1.75,1.00
2016.09.20 01:30:47.285,1.78306,1.78368,1.75,1.00
2016.09.20 01:30:47.336,1.78306,1.78368,1.37,1.50
2016.09.20 01:30:47.550,1.78306,1.78366,1.00,1.12
2016.09.20 01:30:47.601,1.78302,1.78361,1.00,1.00
2016.09.20 01:30:49.100,1.78302,1.7836,1.00,1.00
2016.09.20 01:30:49.606,1.78302,1.78361,1.00,1.00
2016.09.20 01:30:51.180,1.78344,1.78361,1.00,1.00
2016.09.20 01:30:51.230,1.78341,1.78374,1.00,1.37
2016.09.20 01:30:51.281,1.78354,1.78374,1.00,1.00
2016.09.20 01:30:51.332,1.78362,1.78398,1.00,1.00
2016.09.20 01:30:51.383,1.78362,1.78398,1.00,1.00
2016.09.20 01:30:51.434,1.78356,1.78414,1.75,1.37
2016.09.20 01:30:51.484,1.78356,1.78414,1.37,1.00
2016.09.20 01:30:51.535,1.78353,1.78414,1.00,1.00
2016.09.20 01:30:51.725,1.78352,1.78415,1.12,1.00
2016.09.20 01:30:51.776,1.78352,1.78415,1.12,1.00
2016.09.20 01:30:51.877,1.78352,1.78415,1.12,1.00
2016.09.20 01:30:52.134,1.78352,1.78415,1.12,1.50
2016.09.20 01:30:52.184,1.78352,1.78415,1.00,1.50
2016.09.20 01:30:52.286,1.78352,1.78415,1.00,1.50
2016.09.20 01:30:52.729,1.78352,1.78415,1.00,1.87
2016.09.20 01:30:52.956,1.78349,1.78405,1.00,1.00
2016.09.20 01:31:01.490,1.78349,1.78405,1.37,1.00
2016.09.20 01:31:01.541,1.78351,1.78413,1.37,1.75
2016.09.20 01:31:01.592,1.78351,1.78413,1.37,1.00
2016.09.20 01:31:01.795,1.78353,1.78412,1.00,1.00
2016.09.20 01:31:01.846,1.78351,1.78412,1.00,1.00
2016.09.20 01:31:01.896,1.78351,1.78412,1.00,1.00
2016.09.20 01:31:02.237,1.78349,1.78413,1.00,1.12
2016.09.20 01:31:02.717,1.7835,1.78412,1.00,1.00
2016.09.20 01:31:02.877,1.78353,1.78409,1.00,1.00
2016.09.20 01:31:03.496,1.7835,1.784,1.00,1.00
2016.09.20 01:31:03.547,1.78349,1.78403,1.50,1.00
2016.09.20 01:31:03.598,1.78349,1.78401,1.00,1.00
2016.09.20 01:31:03.649,1.7835,1.78399,1.00,1.00
2016.09.20 01:31:03.751,1.78342,1.78398,1.00,1.00
2016.09.20 01:31:03.802,1.7834,1.78395,1.00,1.00
2016.09.20 01:31:04.055,1.78337,1.78393,1.00,1.00
2016.09.20 01:31:04.602,1.78336,1.78392,1.00,1.00
2016.09.20 01:31:04.972,1.78336,1.7839,1.00,1.00
2016.09.20 01:31:06.165,1.78336,1.78392,1.00,1.00
2016.09.20 01:31:06.779,1.78336,1.78392,1.00,1.00
2016.09.20 01:31:06.830,1.78339,1.78393,1.00,1.00
2016.09.20 01:31:07.209,1.78333,1.78389,1.87,1.00
2016.09.20 01:31:07.261,1.78334,1.78387,1.37,1.00
2016.09.20 01:31:07.312,1.78339,1.78394,1.00,1.00
2016.09.20 01:31:07.415,1.78339,1.78393,1.37,1.00
2016.09.20 01:31:07.517,1.78339,1.78395,1.00,1.00
2016.09.20 01:31:07.619,1.78341,1.78395,1.00,1.00
2016.09.20 01:31:07.851,1.78344,1.78397,1.00,1.00
2016.09.20 01:31:09.311,1.78344,1.78396,1.00,1.00
2016.09.20 01:31:09.818,1.78345,1.78397,1.00,1.00
2016.09.20 01:31:12.566,1.78345,1.78396,1.00,1.00
2016.09.20 01:31:13.070,1.78346,1.78396,1.00,1.00
2016.09.20 01:31:16.336,1.78345,1.78396,1.00,1.00
2016.09.20 01:31:16.594,1.78343,1.78396,1.00,1.00
2016.09.20 01:31:16.645,1.78345,1.78396,1.00,1.00
2016.09.20 01:31:17.412,1.78347,1.78396,1.00,1.00
2016.09.20 01:31:17.463,1.78348,1.78402,1.00,1.37
2016.09.20 01:31:17.514,1.78348,1.78402,1.00,1.00
2016.09.20 01:31:18.269,1.78349,1.78403,1.00,1.00
2016.09.20 01:31:18.846,1.78348,1.78402,1.00,1.00
2016.09.20 01:31:20.086,1.78349,1.78403,1.00,1.00
2016.09.20 01:31:20.339,1.78347,1.78403,1.00,1.00
2016.09.20 01:31:20.826,1.78343,1.78397,1.00,1.37
2016.09.20 01:31:20.884,1.78329,1.78385,1.00,1.00
2016.09.20 01:31:20.986,1.78326,1.78381,1.00,1.00
2016.09.20 01:31:21.037,1.78326,1.78382,1.50,1.00
2016.09.20 01:31:21.087,1.78326,1.78381,1.00,1.00
2016.09.20 01:31:21.239,1.78325,1.78381,1.00,1.50
2016.09.20 01:31:22.007,1.78325,1.78381,1.00,1.50
2016.09.20 01:31:22.108,1.78326,1.78381,1.00,1.00
2016.09.20 01:31:26.637,1.78328,1.78381,1.00,1.00
2016.09.20 01:31:27.549,1.78329,1.78381,1.00,1.00
2016.09.20 01:31:31.817,1.78327,1.78381,1.00,1.00
2016.09.20 01:31:31.918,1.78325,1.78381,1.00,1.00
2016.09.20 01:31:32.029,1.78325,1.78381,1.00,1.50
2016.09.20 01:31:32.080,1.78324,1.78381,1.00,1.00
2016.09.20 01:31:33.222,1.78324,1.78381,1.00,1.50
2016.09.20 01:31:35.812,1.78326,1.7838,1.00,1.00
2016.09.20 01:31:36.335,1.78325,1.78382,1.00,1.00
2016.09.20 01:31:36.883,1.78326,1.78383,1.00,1.00
2016.09.20 01:31:38.857,1.78325,1.78382,1.00,1.00
2016.09.20 01:31:38.920,1.78328,1.78384,1.00,1.00
2016.09.20 01:31:38.971,1.78327,1.78384,1.00,1.50
2016.09.20 01:31:39.021,1.78328,1.78384,1.00,1.00
2016.09.20 01:31:39.072,1.78327,1.78384,1.00,1.50
2016.09.20 01:31:39.226,1.78327,1.78384,1.00,1.00
2016.09.20 01:31:39.888,1.78329,1.78384,1.00,1.00
2016.09.20 01:31:40.039,1.78327,1.78381,1.00,1.00
2016.09.20 01:31:40.141,1.78322,1.78376,1.00,1.00
2016.09.20 01:31:40.192,1.7832,1.78376,1.12,1.00
2016.09.20 01:31:40.242,1.78314,1.78371,1.87,1.00
2016.09.20 01:31:40.293,1.78314,1.78368,1.50,1.00
2016.09.20 01:31:40.379,1.78314,1.78366,1.00,1.00
2016.09.20 01:31:40.430,1.78308,1.78365,1.87,1.00
2016.09.20 01:31:40.480,1.78308,1.78365,1.50,1.00
2016.09.20 01:31:40.709,1.78308,1.78363,1.00,1.50
2016.09.20 01:31:40.761,1.78307,1.78361,1.00,1.00
2016.09.20 01:31:40.812,1.78305,1.78361,1.00,1.00
2016.09.20 01:31:40.862,1.78303,1.7836,1.00,1.00
2016.09.20 01:31:41.607,1.78305,1.7836,1.00,1.00
2016.09.20 01:31:42.214,1.78304,1.78359,1.00,1.00
2016.09.20 01:31:42.407,1.78302,1.7836,1.00,1.00
2016.09.20 01:31:42.458,1.78302,1.78358,1.00,1.00
2016.09.20 01:31:42.660,1.78301,1.78358,1.00,1.00
2016.09.20 01:31:42.761,1.78303,1.78358,1.00,1.00
2016.09.20 01:31:43.502,1.78302,1.78357,1.00,1.00
2016.09.20 01:31:44.010,1.78302,1.78359,1.00,1.00
2016.09.20 01:31:48.393,1.78301,1.78358,1.50,1.00
2016.09.20 01:31:48.987,1.78301,1.78358,1.00,1.00
2016.09.20 01:31:49.038,1.78301,1.78358,1.50,1.00
2016.09.20 01:31:49.429,1.78301,1.78358,1.00,1.00
2016.09.20 01:31:49.530,1.78301,1.78358,1.50,1.00
2016.09.20 01:31:51.666,1.78303,1.78358,1.00,1.00
2016.09.20 01:31:51.919,1.78303,1.78358,1.00,1.00
2016.09.20 01:31:52.602,1.78301,1.78358,1.50,1.00
2016.09.20 01:31:52.657,1.78303,1.78358,1.00,1.00
2016.09.20 01:31:53.493,1.78301,1.78357,1.00,1.00
2016.09.20 01:31:53.595,1.78301,1.78355,1.00,1.00
2016.09.20 01:31:53.747,1.78301,1.78355,1.50,1.00
2016.09.20 01:31:53.798,1.78301,1.78355,1.50,1.00
2016.09.20 01:31:54.318,1.78301,1.78355,1.00,1.00
2016.09.20 01:31:54.420,1.78302,1.78357,1.00,1.00
2016.09.20 01:31:54.687,1.78303,1.7836,1.00,1.00
2016.09.20 01:31:59.896,1.78303,1.7836,1.00,1.00
2016.09.20 01:32:00.419,1.78305,1.7836,1.00,1.00
2016.09.20 01:32:00.883,1.78314,1.78363,1.00,1.00
2016.09.20 01:32:00.934,1.78319,1.78371,1.00,1.75
2016.09.20 01:32:00.985,1.78308,1.78363,1.87,1.00
2016.09.20 01:32:01.036,1.78305,1.78362,1.75,1.00
2016.09.20 01:32:01.087,1.78301,1.78355,1.75,1.00
2016.09.20 01:32:01.137,1.78302,1.78352,1.75,1.00
2016.09.20 01:32:01.188,1.78302,1.78351,1.37,1.00
2016.09.20 01:32:01.240,1.78301,1.78351,1.00,1.00
2016.09.20 01:32:01.341,1.78292,1.78347,1.00,1.00
2016.09.20 01:32:01.494,1.78292,1.78349,1.00,1.00
2016.09.20 01:32:02.598,1.78295,1.78351,1.00,1.00
2016.09.20 01:32:03.178,1.78294,1.78351,1.00,1.00
2016.09.20 01:32:04.855,1.78296,1.78353,1.00,1.50
2016.09.20 01:32:04.990,1.78297,1.78353,1.00,1.00
2016.09.20 01:32:05.353,1.78302,1.78353,1.00,1.00
2016.09.20 01:32:05.713,1.78296,1.78353,1.00,1.50
2016.09.20 01:32:05.867,1.78293,1.78346,1.00,1.00
2016.09.20 01:32:06.104,1.78291,1.78346,1.00,1.50
2016.09.20 01:32:06.256,1.78287,1.78342,1.00,1.00
2016.09.20 01:32:06.357,1.78281,1.78336,1.87,1.00
2016.09.20 01:32:06.408,1.78275,1.78332,1.87,1.00
2016.09.20 01:32:06.459,1.78274,1.7833,1.00,1.00
2016.09.20 01:32:06.510,1.78274,1.7833,1.00,1.00
2016.09.20 01:32:06.561,1.78276,1.7833,1.00,1.00
2016.09.20 01:32:06.662,1.78272,1.78327,1.50,1.00
2016.09.20 01:32:06.713,1.78272,1.78327,1.50,1.00
2016.09.20 01:32:06.764,1.78272,1.78327,1.00,1.00
2016.09.20 01:32:07.203,1.78271,1.78326,1.00,1.00
2016.09.20 01:32:08.115,1.78271,1.78328,1.00,1.00
2016.09.20 01:32:09.665,1.78271,1.78326,1.00,1.00
2016.09.20 01:32:10.437,1.78272,1.78327,1.00,1.00
2016.09.20 01:32:10.919,1.7827,1.78325,1.00,1.00
2016.09.20 01:32:10.970,1.7827,1.78327,1.00,1.00
2016.09.20 01:32:11.316,1.78269,1.78324,1.50,1.00
2016.09.20 01:32:11.367,1.78267,1.78322,1.00,1.00
2016.09.20 01:32:11.418,1.78267,1.78322,1.00,1.00
2016.09.20 01:32:11.956,1.7827,1.78327,1.00,1.50
2016.09.20 01:32:12.007,1.78276,1.78328,1.00,1.00
2016.09.20 01:32:12.109,1.78278,1.78328,1.00,1.00
2016.09.20 01:32:12.262,1.78279,1.78336,1.00,1.00
2016.09.20 01:32:12.502,1.78275,1.78331,1.00,1.00
2016.09.20 01:32:13.005,1.78274,1.78331,1.00,1.00
2016.09.20 01:32:14.386,1.78274,1.7833,1.00,1.00
2016.09.20 01:32:14.706,1.78274,1.7833,1.37,1.00
2016.09.20 01:32:14.756,1.78275,1.7833,1.12,1.00
2016.09.20 01:32:15.289,1.78275,1.78331,1.12,1.00
2016.09.20 01:32:15.340,1.78275,1.78331,1.12,1.00
2016.09.20 01:32:15.921,1.78275,1.78329,1.12,1.00
2016.09.20 01:32:17.477,1.78272,1.78329,1.75,1.00
2016.09.20 01:32:17.643,1.78273,1.7833,1.50,1.50
2016.09.20 01:32:17.693,1.78273,1.78328,1.50,1.00
2016.09.20 01:32:17.744,1.78273,1.7833,1.50,1.50
2016.09.20 01:32:17.796,1.78273,1.7833,1.50,1.00
2016.09.20 01:32:17.998,1.78273,1.7833,1.50,1.50
2016.09.20 01:32:18.049,1.78273,1.7833,1.12,1.50
2016.09.20 01:32:18.132,1.78273,1.7833,1.12,1.00
2016.09.20 01:32:19.061,1.78273,1.7833,1.50,1.00
2016.09.20 01:32:19.485,1.78273,1.7833,1.50,1.50
2016.09.20 01:32:19.536,1.78273,1.7833,1.00,1.87
2016.09.20 01:32:19.587,1.78273,1.78328,1.00,1.00
2016.09.20 01:32:19.637,1.78272,1.7833,1.37,1.87
2016.09.20 01:32:19.793,1.78273,1.7833,1.12,1.12
2016.09.20 01:32:19.894,1.78273,1.78331,1.12,1.87
2016.09.20 01:32:19.945,1.78273,1.78331,1.37,1.87
2016.09.20 01:32:20.065,1.78273,1.7833,1.37,1.12
2016.09.20 01:32:20.166,1.78275,1.7833,1.00,1.87
2016.09.20 01:32:20.478,1.78275,1.7833,1.00,1.87
2016.09.20 01:32:20.530,1.78277,1.7833,1.12,1.12
2016.09.20 01:32:21.304,1.78278,1.7833,1.00,1.12
2016.09.20 01:32:21.355,1.78278,1.7833,1.12,1.12
2016.09.20 01:32:21.406,1.78278,1.78331,1.12,1.37
2016.09.20 01:32:21.456,1.7828,1.78331,1.00,1.37
2016.09.20 01:32:22.072,1.7828,1.78331,1.00,1.00
2016.09.20 01:32:22.790,1.7828,1.7833,1.00,1.00
2016.09.20 01:32:23.183,1.78279,1.7833,1.12,1.00
2016.09.20 01:32:23.234,1.78279,1.7833,1.00,1.00
2016.09.20 01:32:23.552,1.78276,1.78331,1.12,1.00
2016.09.20 01:32:24.206,1.78278,1.78331,1.00,1.00
2016.09.20 01:32:25.472,1.78278,1.78333,1.37,1.00
2016.09.20 01:32:26.637,1.78278,1.78333,1.37,1.00
2016.09.20 01:32:27.627,1.78278,1.78333,1.00,1.00
2016.09.20 01:32:28.843,1.78282,1.78337,1.12,1.00
2016.09.20 01:32:29.115,1.78287,1.78337,1.00,1.00
2016.09.20 01:32:29.922,1.78286,1.78337,1.00,1.00
2016.09.20 01:32:30.464,1.78285,1.78338,1.00,1.00
2016.09.20 01:32:31.088,1.78284,1.78337,1.00,1.00
2016.09.20 01:32:31.308,1.78282,1.78337,1.12,1.00
2016.09.20 01:32:31.567,1.78282,1.78337,1.37,1.00
2016.09.20 01:32:32.232,1.78282,1.78338,1.37,1.00
2016.09.20 01:32:32.283,1.78283,1.78338,1.12,1.50
2016.09.20 01:32:33.307,1.78283,1.78338,1.12,1.00
2016.09.20 01:32:34.792,1.78284,1.78338,1.00,1.00
2016.09.20 01:32:35.101,1.78288,1.78345,1.00,1.00
2016.09.20 01:32:35.152,1.78286,1.78344,1.00,1.00
2016.09.20 01:32:35.254,1.783,1.78346,1.00,1.12
2016.09.20 01:32:35.544,1.78308,1.78363,1.00,1.50
2016.09.20 01:32:35.595,1.78309,1.78363,1.12,1.00
2016.09.20 01:32:35.645,1.78309,1.78363,1.00,1.00
2016.09.20 01:32:35.747,1.78318,1.78373,1.00,1.75
2016.09.20 01:32:35.797,1.78317,1.78373,1.00,1.00
2016.09.20 01:32:35.945,1.7832,1.78377,1.50,1.50
2016.09.20 01:32:35.996,1.7832,1.78377,1.50,1.00
2016.09.20 01:32:36.046,1.7832,1.78377,1.00,1.00
2016.09.20 01:32:36.483,1.78319,1.78371,1.00,1.00
2016.09.20 01:32:36.534,1.78317,1.78373,1.00,1.00
2016.09.20 01:32:37.307,1.78315,1.78371,1.00,1.00
2016.09.20 01:32:37.932,1.78318,1.78375,1.00,1.00
2016.09.20 01:32:38.312,1.78318,1.78373,1.00,1.00
2016.09.20 01:32:38.413,1.78315,1.78372,1.00,1.00
2016.09.20 01:32:38.783,1.78315,1.7837,1.00,1.00
2016.09.20 01:32:39.206,1.78313,1.78371,1.00,1.00
2016.09.20 01:32:39.258,1.78314,1.78369,1.00,1.00
2016.09.20 01:32:39.308,1.78314,1.78369,1.00,1.00
2016.09.20 01:32:39.359,1.78312,1.78369,1.50,1.00
2016.09.20 01:32:39.583,1.78312,1.78368,1.00,1.00
2016.09.20 01:32:39.633,1.78309,1.78366,1.75,1.00
2016.09.20 01:32:39.684,1.78308,1.78363,1.50,1.00
2016.09.20 01:32:39.735,1.78308,1.78363,1.37,1.00
2016.09.20 01:32:39.786,1.78308,1.78363,1.12,1.00
2016.09.20 01:32:40.606,1.78309,1.78365,1.00,1.00
2016.09.20 01:32:40.927,1.78312,1.78367,1.00,1.00
2016.09.20 01:32:41.188,1.78309,1.78366,1.00,1.00
2016.09.20 01:32:41.340,1.78307,1.78364,1.00,1.00
2016.09.20 01:32:41.615,1.78306,1.78363,1.12,1.00
2016.09.20 01:32:42.302,1.78306,1.78361,1.12,1.00
2016.09.20 01:32:42.403,1.78307,1.78362,1.00,1.00
2016.09.20 01:32:42.693,1.78307,1.78362,1.00,1.00
2016.09.20 01:32:42.794,1.78306,1.78361,1.50,1.00
2016.09.20 01:32:43.259,1.78306,1.78359,1.00,1.00
2016.09.20 01:32:43.837,1.78306,1.7836,1.00,1.00
2016.09.20 01:32:44.182,1.78306,1.78358,1.00,1.00
2016.09.20 01:32:44.728,1.78305,1.78358,1.00,1.00
2016.09.20 01:32:44.780,1.78305,1.78358,1.00,1.37
2016.09.20 01:32:44.831,1.78302,1.78358,1.37,1.37
2016.09.20 01:32:44.882,1.783,1.78357,1.37,1.00
2016.09.20 01:32:44.932,1.78298,1.78353,1.12,1.00
2016.09.20 01:32:44.983,1.78297,1.78353,1.00,1.00
2016.09.20 01:32:45.186,1.78298,1.78349,1.00,1.00
2016.09.20 01:32:45.237,1.78294,1.78349,1.50,1.00
2016.09.20 01:32:45.287,1.78294,1.78349,1.12,1.00
2016.09.20 01:32:45.338,1.78294,1.78349,1.00,1.00
2016.09.20 01:32:45.692,1.78293,1.78348,1.00,1.00
2016.09.20 01:32:46.299,1.78297,1.78352,1.00,1.50
2016.09.20 01:32:46.350,1.78298,1.78352,1.00,1.00
2016.09.20 01:32:46.451,1.78298,1.78353,1.50,1.00
2016.09.20 01:32:46.625,1.78298,1.78352,1.00,1.00
2016.09.20 01:32:46.777,1.78288,1.78344,1.75,1.00
2016.09.20 01:32:46.828,1.78288,1.78343,1.00,1.00
2016.09.20 01:32:46.879,1.78286,1.78343,1.12,1.50
2016.09.20 01:32:46.930,1.78285,1.78342,1.12,1.00
2016.09.20 01:32:46.980,1.78285,1.78342,1.00,1.00
2016.09.20 01:32:47.031,1.78288,1.78343,1.00,1.50
2016.09.20 01:32:47.082,1.78286,1.78343,1.00,1.50
2016.09.20 01:32:47.315,1.78286,1.78341,1.00,1.00
2016.09.20 01:32:48.452,1.78285,1.78341,1.00,1.00
2016.09.20 01:32:49.899,1.78287,1.78342,1.00,1.00
2016.09.20 01:32:49.949,1.78289,1.78343,1.00,1.00
2016.09.20 01:32:50.000,1.78289,1.78343,1.12,1.00
2016.09.20 01:32:50.051,1.78291,1.78346,1.00,1.00
2016.09.20 01:32:50.101,1.78294,1.78349,1.00,1.37
2016.09.20 01:32:50.152,1.78295,1.7835,1.00,1.00
2016.09.20 01:32:50.354,1.78296,1.78352,1.00,1.00
2016.09.20 01:32:51.128,1.78295,1.78354,1.00,1.50
2016.09.20 01:32:51.180,1.78298,1.78354,1.00,1.00
2016.09.20 01:32:53.144,1.78299,1.78354,1.00,1.00
2016.09.20 01:32:53.209,1.78298,1.78353,1.50,1.00
2016.09.20 01:32:53.842,1.78299,1.78353,1.00,1.00
2016.09.20 01:32:55.275,1.78298,1.78353,1.00,1.00
2016.09.20 01:32:56.167,1.78299,1.78353,1.00,1.00
2016.09.20 01:32:58.304,1.78299,1.78352,1.00,1.00
2016.09.20 01:32:58.355,1.78299,1.78338,1.00,1.00
2016.09.20 01:32:58.406,1.78299,1.7834,1.00,1.00
2016.09.20 01:32:58.457,1.78299,1.78326,1.00,1.00
2016.09.20 01:32:58.558,1.78279,1.78317,1.00,1.00
2016.09.20 01:32:58.609,1.7827,1.78317,1.00,1.00
2016.09.20 01:32:58.710,1.78268,1.78317,1.12,1.00
2016.09.20 01:32:58.761,1.78268,1.78317,1.12,1.50
2016.09.20 01:32:58.811,1.78268,1.78317,1.12,1.50
2016.09.20 01:32:58.864,1.78268,1.78313,1.00,1.00
2016.09.20 01:32:58.915,1.7826,1.78304,1.75,1.00
2016.09.20 01:32:58.965,1.7826,1.78298,1.00,1.00
2016.09.20 01:32:59.016,1.78255,1.78297,1.12,1.00
2016.09.20 01:32:59.067,1.78254,1.78295,1.00,1.00
2016.09.20 01:32:59.118,1.7825,1.78297,1.50,1.00
2016.09.20 01:32:59.220,1.78246,1.78296,1.12,1.00
2016.09.20 01:32:59.415,1.78246,1.78295,1.12,1.00
2016.09.20 01:32:59.466,1.78241,1.78295,3.00,1.00
2016.09.20 01:32:59.517,1.78242,1.78296,1.75,1.00
2016.09.20 01:32:59.568,1.78242,1.78296,1.37,1.00
2016.09.20 01:32:59.669,1.78242,1.78296,2.25,1.00
2016.09.20 01:32:59.872,1.78242,1.78298,2.25,1.00
2016.09.20 01:32:59.922,1.78243,1.78298,1.37,1.00
2016.09.20 01:32:59.973,1.78243,1.78298,2.25,1.00
2016.09.20 01:33:00.024,1.78243,1.78295,1.75,1.00
2016.09.20 01:33:00.075,1.78242,1.78295,1.37,1.00
2016.09.20 01:33:00.126,1.78241,1.78292,2.25,1.00
2016.09.20 01:33:00.177,1.78239,1.78293,1.37,1.00
2016.09.20 01:33:00.227,1.78236,1.78293,3.37,1.00
2016.09.20 01:33:00.709,1.78242,1.78293,1.37,1.00
2016.09.20 01:33:02.289,1.78242,1.78297,1.37,1.00
2016.09.20 01:33:02.340,1.78242,1.78297,1.37,1.00
2016.09.20 01:33:02.390,1.7825,1.783,1.12,1.50
2016.09.20 01:33:02.441,1.7825,1.78307,1.12,1.37
2016.09.20 01:33:02.492,1.7825,1.78309,1.37,1.00
2016.09.20 01:33:02.543,1.7825,1.78308,1.37,1.00
2016.09.20 01:33:02.593,1.78252,1.78309,1.37,1.00
2016.09.20 01:33:02.695,1.78252,1.78309,1.12,1.00
2016.09.20 01:33:02.897,1.78252,1.78309,1.12,1.00
2016.09.20 01:33:02.948,1.78252,1.78312,1.12,1.00
2016.09.20 01:33:03.100,1.78252,1.78312,1.37,1.00
2016.09.20 01:33:03.150,1.78252,1.78314,1.37,1.50
2016.09.20 01:33:03.327,1.78252,1.78314,1.37,1.50
2016.09.20 01:33:03.538,1.78258,1.78314,1.37,1.50
2016.09.20 01:33:03.588,1.78272,1.78331,1.37,1.75
2016.09.20 01:33:03.639,1.78272,1.78331,1.37,1.37
2016.09.20 01:33:03.690,1.78272,1.78331,1.37,1.00
2016.09.20 01:33:03.893,1.78272,1.78336,1.37,1.50
2016.09.20 01:33:03.943,1.78272,1.78335,1.75,1.00
2016.09.20 01:33:03.994,1.78279,1.78335,1.37,1.00
2016.09.20 01:33:04.045,1.78279,1.7834,1.37,1.00
2016.09.20 01:33:04.197,1.78279,1.78338,1.00,1.00
2016.09.20 01:33:04.248,1.78279,1.78338,1.00,1.00
2016.09.20 01:33:04.299,1.78279,1.78332,1.00,1.12
2016.09.20 01:33:04.349,1.78279,1.78333,1.00,1.37
2016.09.20 01:33:04.589,1.78272,1.78331,1.12,1.00
2016.09.20 01:33:04.691,1.78272,1.78329,1.50,1.00
2016.09.20 01:33:04.799,1.78272,1.78331,1.50,1.00
2016.09.20 01:33:04.856,1.78272,1.78331,1.00,1.00
2016.09.20 01:33:05.212,1.78272,1.78328,1.00,1.00
2016.09.20 01:33:05.544,1.78265,1.78324,1.37,1.00
2016.09.20 01:33:05.594,1.78265,1.78325,1.37,1.50
2016.09.20 01:33:05.696,1.78263,1.78325,1.37,1.50
2016.09.20 01:33:05.747,1.78263,1.78324,1.37,1.00
2016.09.20 01:33:05.798,1.78263,1.78324,1.50,1.50
2016.09.20 01:33:05.950,1.78263,1.78324,1.50,1.50
2016.09.20 01:33:06.001,1.78263,1.78323,1.75,1.00
2016.09.20 01:33:06.102,1.78261,1.78322,3.00,1.00
2016.09.20 01:33:06.154,1.78261,1.78323,3.00,1.00
2016.09.20 01:33:06.205,1.78262,1.78323,1.37,1.00
2016.09.20 01:33:06.440,1.78262,1.78323,1.87,1.00
2016.09.20 01:33:06.595,1.78273,1.78325,1.00,1.00
2016.09.20 01:33:06.646,1.78277,1.78325,1.37,1.00
2016.09.20 01:33:06.697,1.78284,1.78342,1.37,3.15
2016.09.20 01:33:06.752,1.78284,1.78344,1.37,2.40
2016.09.20 01:33:06.802,1.78284,1.78345,1.37,1.00
2016.09.20 01:33:06.904,1.78284,1.78345,1.37,1.00
2016.09.20 01:33:06.954,1.78284,1.78345,1.37,1.00
2016.09.20 01:33:07.106,1.78284,1.78345,1.12,1.00
2016.09.20 01:33:08.137,1.78284,1.78344,1.12,1.00
2016.09.20 01:33:08.341,1.78284,1.7834,1.12,1.00
2016.09.20 01:33:08.391,1.78285,1.7834,1.00,1.00
2016.09.20 01:33:08.624,1.7828,1.78339,1.37,1.00
2016.09.20 01:33:08.878,1.78278,1.78339,1.37,1.00
2016.09.20 01:33:08.929,1.78279,1.7834,1.12,1.87
2016.09.20 01:33:09.080,1.78279,1.7834,1.12,1.12
2016.09.20 01:33:09.131,1.78279,1.7834,1.87,1.12
2016.09.20 01:33:09.233,1.78279,1.78341,1.37,1.37
2016.09.20 01:33:09.458,1.78278,1.78341,1.87,1.37
2016.09.20 01:33:09.610,1.78279,1.7834,1.37,1.12
2016.09.20 01:33:09.660,1.78279,1.7834,1.87,1.12
2016.09.20 01:33:09.762,1.78281,1.7834,1.37,1.12
2016.09.20 01:33:09.812,1.78281,1.7834,1.50,1.12
2016.09.20 01:33:10.565,1.78282,1.7834,1.37,1.12
2016.09.20 01:33:10.616,1.78282,1.78341,1.50,1.37
2016.09.20 01:33:10.667,1.78282,1.78341,4.12,1.00
2016.09.20 01:33:10.718,1.78284,1.7834,1.50,1.00
2016.09.20 01:33:10.769,1.78282,1.7834,1.87,1.00
2016.09.20 01:33:10.820,1.78287,1.78343,1.12,1.00
2016.09.20 01:33:10.871,1.78287,1.78344,1.00,1.00
2016.09.20 01:33:10.921,1.7828,1.78338,2.25,1.00
2016.09.20 01:33:10.972,1.78281,1.78338,1.75,1.00
2016.09.20 01:33:11.023,1.78282,1.78338,1.50,1.00
2016.09.20 01:33:11.074,1.78283,1.78338,1.37,1.00
2016.09.20 01:33:11.551,1.78283,1.78338,1.37,1.00
2016.09.20 01:33:11.653,1.78283,1.78338,1.37,1.00
2016.09.20 01:33:11.704,1.78282,1.78338,1.50,1.00
2016.09.20 01:33:11.754,1.78283,1.78338,1.37,1.00
2016.09.20 01:33:11.805,1.78282,1.78339,1.50,1.00
2016.09.20 01:33:12.458,1.78281,1.78339,1.75,1.00
2016.09.20 01:33:12.509,1.7828,1.78339,1.87,1.00
2016.09.20 01:33:12.774,1.7828,1.78339,1.37,1.00
2016.09.20 01:33:13.485,1.78281,1.78339,1.37,1.00
2016.09.20 01:33:13.696,1.78281,1.78338,1.50,1.00
2016.09.20 01:33:13.747,1.78282,1.78338,3.00,1.00
2016.09.20 01:33:13.798,1.78282,1.78338,3.75,1.00
2016.09.20 01:33:14.173,1.78282,1.78338,2.25,1.00
2016.09.20 01:33:14.283,1.78287,1.78338,1.37,1.00
2016.09.20 01:33:14.334,1.78297,1.7835,1.00,1.75
2016.09.20 01:33:14.385,1.78302,1.7835,1.37,1.00
2016.09.20 01:33:14.610,1.78308,1.78368,1.37,1.87
2016.09.20 01:33:14.661,1.78308,1.78364,1.00,1.37
2016.09.20 01:33:14.712,1.78309,1.78362,1.00,1.37
2016.09.20 01:33:14.813,1.783,1.78356,1.75,1.37
2016.09.20 01:33:14.864,1.783,1.78349,1.37,1.00
2016.09.20 01:33:14.915,1.78299,1.78352,1.00,1.00
2016.09.20 01:33:14.965,1.78299,1.78354,1.00,1.12
2016.09.20 01:33:15.016,1.78292,1.78353,1.12,1.00
2016.09.20 01:33:15.067,1.78289,1.78353,1.50,1.00
2016.09.20 01:33:15.118,1.7829,1.78352,1.50,1.00
2016.09.20 01:33:15.219,1.78292,1.78352,1.00,1.50
2016.09.20 01:33:15.407,1.7829,1.78352,1.00,1.50
2016.09.20 01:33:15.458,1.7829,1.78351,1.00,1.00
2016.09.20 01:33:15.995,1.7829,1.7835,1.00,1.00
2016.09.20 01:33:16.539,1.7829,1.78352,1.00,1.87
2016.09.20 01:33:16.640,1.7829,1.7835,1.00,1.00
2016.09.20 01:33:16.869,1.7829,1.7835,1.00,1.37
2016.09.20 01:33:17.250,1.7829,1.78349,1.00,1.12
2016.09.20 01:33:17.528,1.7829,1.78348,1.00,1.00
2016.09.20 01:33:17.579,1.7829,1.78348,1.00,1.37
2016.09.20 01:33:18.092,1.7829,1.78348,1.00,1.00
2016.09.20 01:33:18.623,1.78289,1.78349,1.00,1.00
2016.09.20 01:33:18.674,1.78289,1.78349,1.00,1.37
2016.09.20 01:33:18.900,1.78289,1.78343,1.50,1.00
2016.09.20 01:33:20.119,1.78289,1.78342,1.50,1.00
2016.09.20 01:33:20.727,1.78293,1.78349,1.00,1.37
2016.09.20 01:33:20.778,1.7829,1.78346,1.00,1.00
2016.09.20 01:33:21.083,1.78291,1.78344,1.00,1.00
2016.09.20 01:33:21.235,1.78293,1.78348,1.00,1.00
2016.09.20 01:33:22.250,1.78294,1.78349,1.00,1.00
2016.09.20 01:33:22.351,1.78296,1.7835,1.00,1.00
2016.09.20 01:33:22.570,1.78295,1.78349,1.00,1.00
2016.09.20 01:33:22.895,1.78293,1.78348,1.00,1.00
2016.09.20 01:33:24.113,1.78292,1.78348,1.00,1.00
2016.09.20 01:33:24.265,1.78295,1.78348,1.00,1.00
2016.09.20 01:33:24.417,1.78294,1.7835,1.00,1.00
2016.09.20 01:33:24.518,1.78296,1.78351,1.00,1.00
2016.09.20 01:33:24.569,1.78296,1.78351,1.00,1.00
2016.09.20 01:33:25.085,1.78296,1.7835,1.00,1.00
2016.09.20 01:33:25.412,1.78294,1.78348,1.00,1.00
2016.09.20 01:33:25.666,1.78295,1.78351,1.00,1.00
2016.09.20 01:33:25.717,1.78297,1.78351,1.00,1.00
2016.09.20 01:33:25.819,1.78298,1.78354,1.00,1.00
2016.09.20 01:33:26.613,1.78297,1.78353,1.00,1.00
2016.09.20 01:33:27.020,1.78299,1.78352,1.00,1.00
2016.09.20 01:33:27.839,1.78296,1.78349,1.00,1.00
2016.09.20 01:33:28.189,1.78295,1.78351,1.00,1.00
2016.09.20 01:33:28.276,1.78298,1.78354,1.00,1.00
2016.09.20 01:33:28.378,1.78298,1.78354,1.00,1.00
2016.09.20 01:33:28.572,1.78298,1.78354,1.00,1.00
2016.09.20 01:33:29.037,1.78297,1.78351,1.00,1.00
2016.09.20 01:33:29.248,1.78297,1.78354,1.00,1.00
2016.09.20 01:33:29.451,1.78299,1.78355,1.00,1.00
2016.09.20 01:33:29.502,1.783,1.78356,1.00,1.00
2016.09.20 01:33:29.604,1.783,1.78356,1.00,1.00
2016.09.20 01:33:30.710,1.78298,1.78354,1.00,1.00
2016.09.20 01:33:31.625,1.78298,1.78352,1.00,1.00
2016.09.20 01:33:32.162,1.78298,1.78353,1.00,1.00
2016.09.20 01:33:32.464,1.78297,1.78351,1.00,1.00
2016.09.20 01:33:33.079,1.78297,1.78353,1.00,1.00
2016.09.20 01:33:33.396,1.78299,1.78352,1.00,1.00
2016.09.20 01:33:33.497,1.78298,1.78354,1.00,1.00
2016.09.20 01:33:34.021,1.78296,1.78352,1.00,1.00
2016.09.20 01:33:34.474,1.78299,1.78353,1.00,1.00
2016.09.20 01:33:34.524,1.78297,1.78353,1.00,1.00
2016.09.20 01:33:35.013,1.783,1.78354,1.00,1.00
2016.09.20 01:33:35.445,1.78297,1.78351,1.00,1.00
2016.09.20 01:33:35.547,1.78297,1.78353,1.00,1.00
2016.09.20 01:33:36.064,1.78299,1.78353,1.00,1.00
2016.09.20 01:33:36.115,1.783,1.78356,1.00,1.00
2016.09.20 01:33:36.978,1.78301,1.78357,1.00,1.00
2016.09.20 01:33:37.858,1.783,1.78354,1.00,1.00
2016.09.20 01:33:37.984,1.78301,1.78355,1.00,1.50
2016.09.20 01:33:38.035,1.78301,1.78355,1.00,1.00
2016.09.20 01:33:38.363,1.78302,1.78355,1.00,1.00
2016.09.20 01:33:39.564,1.78302,1.78356,1.00,1.50
2016.09.20 01:33:40.049,1.78302,1.78356,1.00,1.00
2016.09.20 01:33:40.428,1.78301,1.78356,1.00,1.00
2016.09.20 01:33:40.478,1.78299,1.78355,1.37,1.50
2016.09.20 01:33:40.529,1.78299,1.78355,1.00,1.50
2016.09.20 01:33:41.325,1.78298,1.78355,1.00,1.50
2016.09.20 01:33:41.376,1.78299,1.78352,1.00,1.00
2016.09.20 01:33:42.265,1.78298,1.78352,1.00,1.00
2016.09.20 01:33:43.416,1.78298,1.78354,1.00,1.00
2016.09.20 01:33:43.801,1.78299,1.78352,1.00,1.00
2016.09.20 01:33:44.377,1.783,1.78354,1.00,1.00
2016.09.20 01:33:44.427,1.783,1.78355,1.00,1.00
2016.09.20 01:33:44.579,1.783,1.78356,1.00,1.50
2016.09.20 01:33:44.852,1.78293,1.78348,1.00,1.00
2016.09.20 01:33:44.903,1.78292,1.78348,1.12,1.00
2016.09.20 01:33:45.257,1.78292,1.78348,1.00,1.00
2016.09.20 01:33:45.459,1.78289,1.78343,1.00,1.00
2016.09.20 01:33:45.510,1.78289,1.78345,1.00,1.00
2016.09.20 01:33:45.561,1.78289,1.78345,1.37,1.00
2016.09.20 01:33:45.662,1.7829,1.78346,1.37,1.00
2016.09.20 01:33:45.764,1.78296,1.78349,1.00,1.00
2016.09.20 01:33:45.814,1.78296,1.78349,1.00,1.00
2016.09.20 01:33:45.922,1.78296,1.78349,1.37,1.00
2016.09.20 01:33:46.150,1.78296,1.78349,1.00,1.00
2016.09.20 01:33:46.662,1.78297,1.78348,1.00,1.00
2016.09.20 01:33:46.712,1.78299,1.78348,1.00,1.00
2016.09.20 01:33:48.191,1.78299,1.78353,1.00,1.00
2016.09.20 01:33:49.994,1.78298,1.78352,1.00,1.00
2016.09.20 01:33:50.917,1.78297,1.78353,1.00,1.00
2016.09.20 01:33:52.659,1.78297,1.78351,1.00,1.00
2016.09.20 01:33:52.761,1.78297,1.78351,1.00,1.00
2016.09.20 01:33:52.913,1.78294,1.7835,1.50,1.00
2016.09.20 01:33:53.816,1.78294,1.7835,1.00,1.00
2016.09.20 01:33:55.954,1.78295,1.7835,1.00,1.00
2016.09.20 01:33:56.106,1.78301,1.78355,1.00,1.50
2016.09.20 01:33:56.179,1.78306,1.78356,1.12,1.00
2016.09.20 01:33:56.280,1.78306,1.78362,1.12,1.75
2016.09.20 01:33:56.565,1.78304,1.78357,1.00,1.00
2016.09.20 01:33:56.800,1.78304,1.78358,1.00,1.50
2016.09.20 01:33:56.906,1.78304,1.78357,1.00,1.00
2016.09.20 01:33:57.011,1.78304,1.78357,1.00,1.50
2016.09.20 01:33:57.112,1.78304,1.78357,1.00,1.00
2016.09.20 01:33:57.163,1.78302,1.78358,1.00,1.50
2016.09.20 01:33:57.315,1.78302,1.78357,1.00,1.00
2016.09.20 01:33:57.573,1.78301,1.78357,1.00,1.50
2016.09.20 01:33:58.119,1.78301,1.78357,1.00,1.00
2016.09.20 01:33:58.704,1.78301,1.78357,1.00,1.50
2016.09.20 01:33:58.756,1.78302,1.78355,1.00,1.00
2016.09.20 01:33:58.889,1.78301,1.78355,1.00,1.00
2016.09.20 01:33:58.990,1.78301,1.78355,1.00,1.00
2016.09.20 01:34:00.003,1.78297,1.78353,1.00,1.00
2016.09.20 01:34:00.055,1.78297,1.78351,1.00,1.00
2016.09.20 01:34:00.563,1.78296,1.7835,1.00,1.00
2016.09.20 01:34:00.867,1.78301,1.78354,1.00,1.00
2016.09.20 01:34:01.145,1.78306,1.78358,1.87,1.00
2016.09.20 01:34:01.200,1.7831,1.78366,1.37,1.00
2016.09.20 01:34:01.250,1.78315,1.78371,1.00,1.50
2016.09.20 01:34:01.301,1.78315,1.78371,1.00,1.00
2016.09.20 01:34:01.402,1.78318,1.78372,1.87,1.00
2016.09.20 01:34:01.453,1.78318,1.78371,1.12,1.00
2016.09.20 01:34:01.610,1.78318,1.78374,1.87,1.00
2016.09.20 01:34:01.661,1.78321,1.78375,1.00,1.12
2016.09.20 01:34:01.713,1.78323,1.78377,1.00,1.00
2016.09.20 01:34:01.764,1.78326,1.7838,1.00,1.12
2016.09.20 01:34:01.815,1.78328,1.78381,1.12,1.00
2016.09.20 01:34:01.866,1.7833,1.78381,1.00,1.00
2016.09.20 01:34:01.917,1.78334,1.78389,1.12,1.00
2016.09.20 01:34:02.153,1.78336,1.78389,1.00,1.50
2016.09.20 01:34:02.208,1.78336,1.78392,1.00,1.00
2016.09.20 01:34:02.260,1.78337,1.78393,1.00,1.12
2016.09.20 01:34:02.311,1.78338,1.78394,1.00,1.37
2016.09.20 01:34:02.949,1.78338,1.78394,1.00,1.37
2016.09.20 01:34:03.282,1.78341,1.78395,1.00,1.37
2016.09.20 01:34:03.360,1.78339,1.78395,1.00,1.37
2016.09.20 01:34:03.563,1.7834,1.78396,1.00,1.37
2016.09.20 01:34:03.887,1.7834,1.78394,1.00,1.12
2016.09.20 01:34:04.393,1.78336,1.78386,1.00,1.00
2016.09.20 01:34:04.494,1.78336,1.78379,1.00,1.00
2016.09.20 01:34:04.545,1.78328,1.78379,1.00,1.00
2016.09.20 01:34:04.646,1.7832,1.78374,1.00,1.00
2016.09.20 01:34:04.697,1.78321,1.78377,1.00,1.12
2016.09.20 01:34:04.748,1.78319,1.78372,1.87,1.00
2016.09.20 01:34:04.799,1.7832,1.78374,1.37,1.00
2016.09.20 01:34:04.849,1.7832,1.78376,1.37,1.00
2016.09.20 01:34:04.900,1.78318,1.78372,1.87,1.00
2016.09.20 01:34:05.110,1.78318,1.78371,1.00,1.00
2016.09.20 01:34:05.161,1.78318,1.78376,1.00,1.37
2016.09.20 01:34:05.470,1.78318,1.78377,1.00,3.00
2016.09.20 01:34:05.637,1.78317,1.78377,1.37,1.37
2016.09.20 01:34:05.688,1.78317,1.78377,1.37,1.37
2016.09.20 01:34:05.789,1.78317,1.78378,1.37,1.87
2016.09.20 01:34:06.270,1.78317,1.78378,1.37,1.37
2016.09.20 01:34:06.928,1.78317,1.78378,1.12,2.62
2016.09.20 01:34:07.002,1.78318,1.78378,1.00,3.00
2016.09.20 01:34:07.209,1.78318,1.78378,1.00,2.62
2016.09.20 01:34:07.260,1.78318,1.78378,1.37,1.37
2016.09.20 01:34:09.244,1.78317,1.78378,1.37,1.37
2016.09.20 01:34:09.741,1.78317,1.78378,1.37,1.12
2016.09.20 01:34:10.042,1.78317,1.78378,2.62,1.00
2016.09.20 01:34:10.143,1.78317,1.78378,1.37,1.00
2016.09.20 01:34:10.244,1.78317,1.78378,1.37,1.12
2016.09.20 01:34:10.431,1.78318,1.78378,1.37,1.00
2016.09.20 01:34:10.482,1.78318,1.78378,1.37,1.50
2016.09.20 01:34:10.643,1.78318,1.78378,1.37,1.00
2016.09.20 01:34:10.694,1.78318,1.78378,1.37,1.00
2016.09.20 01:34:10.896,1.78317,1.78379,1.37,1.50
2016.09.20 01:34:11.279,1.78317,1.78379,1.37,1.00
2016.09.20 01:34:12.080,1.78317,1.78378,1.37,1.00
2016.09.20 01:34:14.001,1.78317,1.78378,1.87,1.00
2016.09.20 01:34:14.052,1.78323,1.78378,1.87,1.12
2016.09.20 01:34:14.103,1.78323,1.78379,1.87,1.37
2016.09.20 01:34:14.298,1.78323,1.78379,2.25,1.37
2016.09.20 01:34:14.349,1.78325,1.78379,1.37,1.00
2016.09.20 01:34:14.552,1.78325,1.78379,2.62,1.00
2016.09.20 01:34:14.653,1.78326,1.78379,1.37,1.00
2016.09.20 01:34:15.152,1.78326,1.78379,2.62,1.00
2016.09.20 01:34:15.228,1.78326,1.78379,3.00,1.00
2016.09.20 01:34:15.329,1.78326,1.78388,3.00,1.37
2016.09.20 01:34:15.593,1.78326,1.78388,3.00,1.87
2016.09.20 01:34:15.921,1.78326,1.78388,3.00,1.37
2016.09.20 01:34:16.182,1.78326,1.78388,3.00,1.37
2016.09.20 01:34:16.233,1.78326,1.78389,1.87,2.62
2016.09.20 01:34:16.284,1.78325,1.78389,3.37,4.12
2016.09.20 01:34:16.767,1.78328,1.78389,1.87,1.87
2016.09.20 01:34:16.869,1.78328,1.78388,2.25,1.87
2016.09.20 01:34:17.189,1.78328,1.78388,2.25,1.37
2016.09.20 01:34:17.614,1.78328,1.78388,2.25,1.87
2016.09.20 01:34:18.151,1.78328,1.78388,2.25,1.37
2016.09.20 01:34:18.304,1.78326,1.78388,3.00,1.37
2016.09.20 01:34:18.366,1.78326,1.78389,2.25,1.87
2016.09.20 01:34:18.663,1.78327,1.78389,1.87,1.87
2016.09.20 01:34:18.714,1.78327,1.78389,1.87,1.87
2016.09.20 01:34:18.764,1.78328,1.78388,1.37,1.37
2016.09.20 01:34:19.019,1.78327,1.78388,1.37,1.87
2016.09.20 01:34:19.070,1.78326,1.78388,1.87,1.87
2016.09.20 01:34:19.379,1.78326,1.78388,1.37,1.87
2016.09.20 01:34:19.430,1.78326,1.78388,1.37,1.37
2016.09.20 01:34:19.532,1.78326,1.78388,1.87,2.25
2016.09.20 01:34:19.583,1.78326,1.78388,1.37,2.25
2016.09.20 01:34:19.838,1.78325,1.78388,1.37,1.37
2016.09.20 01:34:19.941,1.78325,1.78388,1.37,1.37
2016.09.20 01:34:20.094,1.78325,1.78388,1.87,1.37
2016.09.20 01:34:20.196,1.78325,1.78389,1.87,1.87
2016.09.20 01:34:20.294,1.78325,1.78389,1.87,2.62
2016.09.20 01:34:20.531,1.78325,1.78389,1.87,3.00
2016.09.20 01:34:20.937,1.78325,1.78387,1.87,1.87
2016.09.20 01:34:21.024,1.78325,1.78388,1.87,1.37
2016.09.20 01:34:21.243,1.78325,1.78389,1.87,2.25
2016.09.20 01:34:21.344,1.78326,1.78388,1.37,1.37
2016.09.20 01:34:21.496,1.78326,1.78388,1.37,2.62
2016.09.20 01:34:21.547,1.78325,1.78388,1.87,1.87
2016.09.20 01:34:22.700,1.78325,1.78388,1.37,1.87
2016.09.20 01:34:24.138,1.78325,1.78389,1.37,1.37
2016.09.20 01:34:25.117,1.7833,1.78386,1.00,1.12
2016.09.20 01:34:27.175,1.78326,1.78382,1.37,1.00
2016.09.20 01:34:27.245,1.78329,1.78384,1.00,1.37
2016.09.20 01:34:27.295,1.78326,1.78376,1.00,1.00
2016.09.20 01:34:27.346,1.78326,1.78374,1.00,1.75
2016.09.20 01:34:27.448,1.7832,1.78373,1.00,1.37
2016.09.20 01:34:27.955,1.78319,1.78375,1.00,1.37
2016.09.20 01:34:29.092,1.7832,1.78373,1.00,1.00
2016.09.20 01:34:29.143,1.78316,1.78371,1.00,1.37
2016.09.20 01:34:29.345,1.78316,1.78369,1.00,1.37
2016.09.20 01:34:30.422,1.78313,1.78368,1.50,1.37
2016.09.20 01:34:30.473,1.78314,1.78368,1.00,1.37
2016.09.20 01:34:30.524,1.78314,1.78368,1.00,1.37
2016.09.20 01:34:30.731,1.78314,1.78368,1.00,1.00
2016.09.20 01:34:31.301,1.78319,1.78373,1.00,1.50
2016.09.20 01:34:31.352,1.78322,1.78376,1.12,1.75
2016.09.20 01:34:31.403,1.78332,1.78376,1.00,1.37
2016.09.20 01:34:31.454,1.78331,1.78376,1.00,1.00
2016.09.20 01:34:31.742,1.78338,1.78392,1.00,1.12
2016.09.20 01:34:31.792,1.78339,1.78395,1.00,1.75
2016.09.20 01:34:31.843,1.78339,1.78392,1.00,1.00
2016.09.20 01:34:31.944,1.78338,1.78392,1.00,1.50
2016.09.20 01:34:31.995,1.7834,1.78392,1.00,1.00
2016.09.20 01:34:32.046,1.7834,1.78389,1.00,1.00
2016.09.20 01:34:32.147,1.78338,1.78392,1.00,1.50
2016.09.20 01:34:32.198,1.78337,1.78392,1.50,1.37
2016.09.20 01:34:32.248,1.78337,1.78392,1.00,1.37
2016.09.20 01:34:32.651,1.78337,1.78392,1.50,1.37
2016.09.20 01:34:34.110,1.78338,1.78393,1.00,1.50
2016.09.20 01:34:34.211,1.78338,1.78392,1.00,1.00
2016.09.20 01:34:34.262,1.78339,1.78393,1.00,1.37
2016.09.20 01:34:34.364,1.7834,1.78393,1.37,1.00
2016.09.20 01:34:34.843,1.78341,1.78394,1.12,1.00
2016.09.20 01:34:36.246,1.78341,1.78394,1.00,1.00
2016.09.20 01:34:36.347,1.7834,1.78394,1.37,1.00
2016.09.20 01:34:36.398,1.7834,1.78396,1.37,1.00
2016.09.20 01:34:36.449,1.78341,1.78396,1.00,1.37
2016.09.20 01:34:36.874,1.78338,1.7839,1.12,1.00
2016.09.20 01:34:36.976,1.78338,1.78389,1.00,1.37
2016.09.20 01:34:37.027,1.78338,1.78389,1.00,1.37
2016.09.20 01:34:37.077,1.78338,1.78387,1.00,1.12
2016.09.20 01:34:37.128,1.78338,1.78386,1.00,1.00
2016.09.20 01:34:37.179,1.78332,1.78386,1.00,1.00
2016.09.20 01:34:37.230,1.78332,1.78386,1.00,1.00
2016.09.20 01:34:37.280,1.7833,1.78385,1.12,1.00
2016.09.20 01:34:37.432,1.78329,1.78384,1.37,1.00
2016.09.20 01:34:37.750,1.78329,1.78384,1.00,1.00
2016.09.20 01:34:38.271,1.78329,1.78384,1.00,1.00
2016.09.20 01:34:38.327,1.78329,1.78384,1.00,1.00
2016.09.20 01:34:42.039,1.78332,1.78386,1.00,1.00
2016.09.20 01:34:42.090,1.78334,1.78387,1.00,1.00
2016.09.20 01:34:42.141,1.78334,1.7839,1.00,1.37
2016.09.20 01:34:42.446,1.78335,1.78391,1.00,1.37
2016.09.20 01:34:42.497,1.78333,1.78389,1.00,1.12
2016.09.20 01:34:42.548,1.78333,1.78388,1.00,1.00
2016.09.20 01:34:42.598,1.78332,1.78388,1.00,1.12
2016.09.20 01:34:42.700,1.78332,1.78387,1.00,1.00
2016.09.20 01:34:42.750,1.78333,1.78388,1.00,1.12
2016.09.20 01:34:43.009,1.78331,1.78387,1.00,1.12
2016.09.20 01:34:43.460,1.78332,1.78388,1.00,1.37
2016.09.20 01:34:45.245,1.78332,1.78388,1.00,1.37
2016.09.20 01:34:48.443,1.78332,1.78385,1.00,1.00
2016.09.20 01:34:48.494,1.78332,1.78385,1.00,1.37
2016.09.20 01:34:48.596,1.78332,1.78385,1.00,1.37
2016.09.20 01:34:49.170,1.78332,1.78385,1.00,1.00
2016.09.20 01:34:49.483,1.78329,1.78385,1.00,1.37
2016.09.20 01:34:49.980,1.78333,1.78386,1.00,1.37
2016.09.20 01:34:50.082,1.78328,1.78384,1.50,1.37
2016.09.20 01:34:50.133,1.78328,1.78383,1.00,1.37
2016.09.20 01:34:50.285,1.78328,1.78383,1.00,1.37
2016.09.20 01:34:50.336,1.78327,1.78383,1.00,1.37
2016.09.20 01:34:51.085,1.78327,1.78383,1.37,1.00
2016.09.20 01:34:52.300,1.78327,1.78383,1.00,1.00
2016.09.20 01:34:52.351,1.78327,1.78381,1.00,1.00
2016.09.20 01:34:52.402,1.78324,1.7838,1.37,1.37
2016.09.20 01:34:52.503,1.78321,1.78372,1.00,1.00
2016.09.20 01:34:52.605,1.78316,1.78372,1.75,1.00
2016.09.20 01:34:52.656,1.78316,1.78372,1.37,1.00
2016.09.20 01:34:52.708,1.78315,1.7837,1.00,1.12
2016.09.20 01:34:52.809,1.78316,1.7837,1.12,1.00
2016.09.20 01:34:53.167,1.78315,1.78371,1.37,1.12
2016.09.20 01:34:53.311,1.78317,1.78371,1.12,1.12
2016.09.20 01:34:53.412,1.78317,1.78371,1.00,1.00
2016.09.20 01:34:53.513,1.78317,1.78371,1.00,1.12
2016.09.20 01:34:53.837,1.78318,1.78372,1.00,1.37
2016.09.20 01:34:53.888,1.78317,1.78371,1.00,1.12
2016.09.20 01:34:55.097,1.78316,1.7837,1.00,1.37
2016.09.20 01:34:55.148,1.78315,1.78369,1.00,1.12
2016.09.20 01:34:55.199,1.78315,1.78369,1.00,1.37
2016.09.20 01:34:57.817,1.78315,1.78369,1.12,1.12
2016.09.20 01:34:58.502,1.78315,1.78369,1.12,1.00
2016.09.20 01:34:58.812,1.78315,1.78369,1.37,1.00
2016.09.20 01:34:59.712,1.78315,1.78369,1.75,1.00
2016.09.20 01:34:59.794,1.78316,1.78369,2.25,1.00
2016.09.20 01:34:59.895,1.78315,1.78369,1.75,1.00
2016.09.20 01:34:59.945,1.78315,1.78369,1.37,1.00
2016.09.20 01:35:00.744,1.78314,1.78366,1.87,1.00
2016.09.20 01:35:00.795,1.78314,1.78368,1.87,1.00
2016.09.20 01:35:00.846,1.78314,1.78369,1.50,1.00
2016.09.20 01:35:01.082,1.78314,1.78368,1.37,1.00
2016.09.20 01:35:01.779,1.78315,1.78369,1.37,1.00
2016.09.20 01:35:01.830,1.78315,1.78369,1.00,1.00
2016.09.20 01:35:02.473,1.78314,1.78368,1.00,1.00
2016.09.20 01:35:02.609,1.78314,1.78368,1.12,1.00
2016.09.20 01:35:02.710,1.78314,1.78368,1.37,1.00
2016.09.20 01:35:02.855,1.78319,1.78374,1.00,1.87
2016.09.20 01:35:03.704,1.78319,1.78373,1.00,1.12
2016.09.20 01:35:05.589,1.78318,1.78372,1.00,1.00
2016.09.20 01:35:05.823,1.78318,1.78372,1.00,1.12
2016.09.20 01:35:06.109,1.78315,1.78371,1.37,1.00
2016.09.20 01:35:06.161,1.78317,1.78373,1.00,1.37
2016.09.20 01:35:06.262,1.78313,1.78369,1.87,1.37
2016.09.20 01:35:06.313,1.78313,1.78368,1.12,1.37
2016.09.20 01:35:06.364,1.78313,1.78366,1.00,1.37
2016.09.20 01:35:06.636,1.78312,1.78366,1.37,1.00
2016.09.20 01:35:06.687,1.78316,1.78367,1.00,1.00
2016.09.20 01:35:06.740,1.78318,1.78374,1.37,1.37
2016.09.20 01:35:06.791,1.78322,1.78376,1.00,1.37
2016.09.20 01:35:06.841,1.78318,1.78372,1.00,1.37
2016.09.20 01:35:06.943,1.78314,1.78366,1.00,1.12
2016.09.20 01:35:06.993,1.78314,1.78365,1.00,1.00
2016.09.20 01:35:07.044,1.78309,1.78363,1.12,1.12
2016.09.20 01:35:07.095,1.78309,1.78363,1.12,1.12
2016.09.20 01:35:07.197,1.78311,1.78365,1.00,1.37
2016.09.20 01:35:07.308,1.78309,1.78365,1.00,1.37
2016.09.20 01:35:07.583,1.78309,1.78365,1.00,1.12
2016.09.20 01:35:07.634,1.78313,1.78367,1.12,1.50
2016.09.20 01:35:07.684,1.78316,1.78367,1.00,1.00
2016.09.20 01:35:07.735,1.78317,1.7837,1.00,1.37
2016.09.20 01:35:07.786,1.78317,1.7837,1.00,1.00
2016.09.20 01:35:08.039,1.78316,1.78372,1.37,1.37
2016.09.20 01:35:08.140,1.78317,1.78372,1.37,1.12
2016.09.20 01:35:08.191,1.78317,1.78373,1.37,1.37
2016.09.20 01:35:08.750,1.78317,1.78373,1.37,1.00
2016.09.20 01:35:08.801,1.78321,1.78374,1.00,1.00
2016.09.20 01:35:10.309,1.78321,1.78374,1.00,1.37
2016.09.20 01:35:11.140,1.78321,1.78374,1.12,1.00
2016.09.20 01:35:12.104,1.78318,1.78374,1.37,1.00
2016.09.20 01:35:12.155,1.78319,1.78375,1.00,1.00
2016.09.20 01:35:12.256,1.78319,1.78375,1.00,1.12
2016.09.20 01:35:12.358,1.78319,1.78375,1.00,1.37
2016.09.20 01:35:13.065,1.78321,1.78377,1.00,1.50
2016.09.20 01:35:13.583,1.78322,1.78376,1.00,1.12
2016.09.20 01:35:14.149,1.78322,1.78376,1.00,1.00
2016.09.20 01:35:15.603,1.7832,1.78376,1.00,1.50
2016.09.20 01:35:15.654,1.7832,1.78376,1.00,1.12
2016.09.20 01:35:17.387,1.7832,1.78374,1.00,1.00
2016.09.20 01:35:18.555,1.7832,1.78376,1.00,1.00
2016.09.20 01:35:18.814,1.78331,1.78377,1.00,1.12
2016.09.20 01:35:18.866,1.78334,1.78388,1.00,1.37
2016.09.20 01:35:19.383,1.78333,1.78387,1.00,1.37
2016.09.20 01:35:19.485,1.78332,1.78386,1.00,1.00
2016.09.20 01:35:20.539,1.78333,1.78389,1.00,1.37
2016.09.20 01:35:20.590,1.78333,1.78389,1.00,1.00
2016.09.20 01:35:20.641,1.78336,1.78392,1.00,1.50
2016.09.20 01:35:20.692,1.78338,1.78393,1.00,1.00
2016.09.20 01:35:20.795,1.78338,1.78394,1.50,1.12
2016.09.20 01:35:20.846,1.78339,1.78395,1.00,1.37
2016.09.20 01:35:20.897,1.78339,1.78395,1.00,1.12
2016.09.20 01:35:20.998,1.78341,1.78395,1.00,1.00
2016.09.20 01:35:21.099,1.78341,1.78395,1.00,1.12
2016.09.20 01:35:21.602,1.78341,1.78395,1.00,1.00
2016.09.20 01:35:23.506,1.78341,1.78395,1.00,1.12
2016.09.20 01:35:24.066,1.78338,1.78392,1.50,1.00
2016.09.20 01:35:24.116,1.78338,1.78388,1.00,1.00
2016.09.20 01:35:24.218,1.78338,1.78384,1.00,1.00
2016.09.20 01:35:24.268,1.7833,1.78382,1.75,1.00
2016.09.20 01:35:24.319,1.7833,1.78382,1.37,1.00
2016.09.20 01:35:24.370,1.7833,1.78382,1.00,1.00
2016.09.20 01:35:26.136,1.7833,1.78384,1.50,1.00
2016.09.20 01:35:27.457,1.7833,1.78383,1.00,1.00
2016.09.20 01:35:27.774,1.78329,1.78383,1.00,1.00
2016.09.20 01:35:29.015,1.78329,1.78384,1.00,1.00
2016.09.20 01:35:29.278,1.78329,1.78385,1.37,1.50
2016.09.20 01:35:29.358,1.78338,1.78385,1.00,1.00
2016.09.20 01:35:29.408,1.78335,1.78389,1.00,1.12
2016.09.20 01:35:29.510,1.78335,1.78388,1.50,1.00
2016.09.20 01:35:30.045,1.78335,1.78389,1.50,1.12
2016.09.20 01:35:30.264,1.78334,1.78388,1.00,1.00
2016.09.20 01:35:30.317,1.78335,1.78389,1.00,1.87
2016.09.20 01:35:30.368,1.78336,1.78389,1.00,1.12
2016.09.20 01:35:30.869,1.78336,1.7839,1.00,1.87
2016.09.20 01:35:31.690,1.78336,1.7839,1.00,1.50
2016.09.20 01:35:31.741,1.78337,1.7839,1.00,1.00
2016.09.20 01:35:32.287,1.78337,1.78389,1.00,1.00
2016.09.20 01:35:33.325,1.78337,1.78389,1.00,1.12
2016.09.20 01:35:33.477,1.78337,1.7839,1.00,1.37
2016.09.20 01:35:33.989,1.78337,1.78389,1.00,1.12
2016.09.20 01:35:35.199,1.78337,1.78389,1.00,1.00
2016.09.20 01:35:35.737,1.78337,1.7839,1.00,1.00
2016.09.20 01:35:36.079,1.78334,1.7839,1.00,1.50
2016.09.20 01:35:36.129,1.78333,1.78387,1.00,1.00
2016.09.20 01:35:36.231,1.78333,1.78387,1.00,1.12
2016.09.20 01:35:36.432,1.78332,1.78386,1.00,1.00
2016.09.20 01:35:36.483,1.7833,1.78387,1.00,1.12
2016.09.20 01:35:36.534,1.78331,1.78385,1.00,1.00
2016.09.20 01:35:36.737,1.78329,1.78385,1.00,1.00
2016.09.20 01:35:36.838,1.78329,1.78385,1.12,1.12
2016.09.20 01:35:37.397,1.78328,1.78381,1.37,1.00
2016.09.20 01:35:37.448,1.78328,1.78381,1.00,1.00
2016.09.20 01:35:37.549,1.78327,1.78379,1.00,1.00
2016.09.20 01:35:37.600,1.78325,1.78379,1.12,1.00
2016.09.20 01:35:37.651,1.78325,1.78379,1.00,1.00
2016.09.20 01:35:38.535,1.78323,1.78379,1.00,1.00
2016.09.20 01:35:38.585,1.78323,1.78376,1.00,1.00
2016.09.20 01:35:45.159,1.78324,1.78378,1.00,1.00
2016.09.20 01:35:45.387,1.78326,1.7838,1.00,1.00
2016.09.20 01:35:45.437,1.78324,1.7838,1.00,1.00
2016.09.20 01:35:45.488,1.78326,1.7838,1.00,1.00
2016.09.20 01:35:45.994,1.78325,1.78381,1.00,1.00
2016.09.20 01:35:46.162,1.78326,1.78382,1.00,1.50
2016.09.20 01:35:48.072,1.78321,1.78375,1.00,1.00
2016.09.20 01:35:48.268,1.7832,1.78375,1.12,1.00
2016.09.20 01:35:48.319,1.78325,1.78379,1.00,1.00
2016.09.20 01:35:48.485,1.78323,1.78379,1.00,1.00
2016.09.20 01:35:48.536,1.78326,1.78379,1.00,1.00
2016.09.20 01:35:54.214,1.78325,1.78379,1.00,1.00
2016.09.20 01:35:55.018,1.78325,1.7838,1.00,1.00
2016.09.20 01:35:55.537,1.78325,1.78381,1.00,1.00
2016.09.20 01:35:56.136,1.78325,1.7838,1.00,1.00
2016.09.20 01:35:56.240,1.78332,1.78382,1.00,1.00
2016.09.20 01:35:56.342,1.78338,1.78393,1.00,1.87
2016.09.20 01:35:56.393,1.78338,1.78393,1.00,1.37
2016.09.20 01:35:56.444,1.78339,1.78393,1.00,1.00
2016.09.20 01:35:56.648,1.7834,1.78394,1.00,1.50
2016.09.20 01:35:56.750,1.7834,1.78394,1.00,1.00
2016.09.20 01:35:56.853,1.78341,1.78394,1.00,1.00
2016.09.20 01:35:57.006,1.78339,1.78394,1.00,1.00
2016.09.20 01:35:57.057,1.78339,1.78394,1.00,1.50
2016.09.20 01:35:57.347,1.78338,1.78393,1.00,1.00
2016.09.20 01:35:58.128,1.78339,1.78393,1.00,1.00
2016.09.20 01:36:00.115,1.78338,1.78391,1.00,1.00
2016.09.20 01:36:00.166,1.78338,1.78393,1.00,1.00
2016.09.20 01:36:00.216,1.78336,1.78392,1.00,1.00
2016.09.20 01:36:02.300,1.78336,1.78391,1.00,1.00
2016.09.20 01:36:04.759,1.78335,1.78391,1.00,1.00
2016.09.20 01:36:04.809,1.78336,1.78389,1.00,1.00
2016.09.20 01:36:04.961,1.78335,1.78391,1.00,1.00
2016.09.20 01:36:05.012,1.78335,1.78391,1.00,1.37
2016.09.20 01:36:05.585,1.78335,1.78389,1.00,1.00
2016.09.20 01:36:06.342,1.78333,1.78387,1.00,1.00
2016.09.20 01:36:06.393,1.78331,1.78386,1.50,1.00
2016.09.20 01:36:07.538,1.78331,1.78387,1.50,1.00
2016.09.20 01:36:07.589,1.78332,1.78387,1.00,1.00
2016.09.20 01:36:08.557,1.78331,1.78386,1.00,1.00
2016.09.20 01:36:08.635,1.78332,1.78388,1.00,1.37
2016.09.20 01:36:09.186,1.78332,1.78388,1.00,1.00
2016.09.20 01:36:09.287,1.78332,1.78388,1.50,1.12
2016.09.20 01:36:11.407,1.78332,1.78387,1.50,1.00
2016.09.20 01:36:11.634,1.78331,1.78387,1.50,1.12
2016.09.20 01:36:13.982,1.78332,1.78387,1.00,1.12
2016.09.20 01:36:14.033,1.78332,1.78387,1.00,1.00
2016.09.20 01:36:14.664,1.78334,1.78388,1.00,1.00
2016.09.20 01:36:14.913,1.78333,1.78387,1.00,1.12
2016.09.20 01:36:15.092,1.78331,1.78387,1.00,1.12
2016.09.20 01:36:17.612,1.78331,1.78387,1.00,1.37
2016.09.20 01:36:18.053,1.78332,1.78388,1.00,1.87
2016.09.20 01:36:18.131,1.78332,1.78388,1.00,1.37
2016.09.20 01:36:19.414,1.78332,1.78388,1.00,1.00
2016.09.20 01:36:19.916,1.78334,1.78388,1.00,1.00
2016.09.20 01:36:20.212,1.78334,1.78388,1.00,1.50
2016.09.20 01:36:20.798,1.78332,1.78386,1.00,1.00
2016.09.20 01:36:20.849,1.7833,1.78386,1.00,1.00
2016.09.20 01:36:20.950,1.78332,1.78386,1.00,1.00
2016.09.20 01:36:21.001,1.7833,1.78386,1.00,1.00
2016.09.20 01:36:22.536,1.7833,1.78386,1.37,1.00
2016.09.20 01:36:22.587,1.78333,1.78387,1.00,1.00
2016.09.20 01:36:23.189,1.78331,1.78387,1.00,1.00
2016.09.20 01:36:23.239,1.78331,1.78385,1.00,1.00
2016.09.20 01:36:27.758,1.78331,1.78386,1.00,1.00
2016.09.20 01:36:29.969,1.78331,1.78385,1.00,1.00
2016.09.20 01:36:30.433,1.78328,1.78384,1.37,1.00
2016.09.20 01:36:30.535,1.78329,1.78383,1.12,1.00
2016.09.20 01:36:30.757,1.78329,1.78383,1.00,1.00
2016.09.20 01:36:31.671,1.7833,1.78383,1.00,1.00
2016.09.20 01:36:31.823,1.78329,1.78384,1.12,1.00
2016.09.20 01:36:32.140,1.7833,1.78383,1.00,1.00
2016.09.20 01:36:32.191,1.78328,1.78384,1.00,1.00
2016.09.20 01:36:32.653,1.78328,1.78384,1.37,1.00
2016.09.20 01:36:34.847,1.78331,1.78384,1.12,1.00
2016.09.20 01:36:35.147,1.78334,1.78384,1.00,1.00
2016.09.20 01:36:35.198,1.78334,1.78384,1.37,1.00
2016.09.20 01:36:35.746,1.78335,1.78384,1.37,1.00
2016.09.20 01:36:36.206,1.78335,1.78389,1.50,1.00
2016.09.20 01:36:36.614,1.78336,1.78391,1.37,1.00
2016.09.20 01:36:36.664,1.78336,1.78391,1.00,1.00
2016.09.20 01:36:37.213,1.78335,1.78391,1.00,1.00
2016.09.20 01:36:38.564,1.78333,1.78388,1.87,1.00
2016.09.20 01:36:38.650,1.78329,1.78384,1.75,1.00
2016.09.20 01:36:38.701,1.78329,1.78384,1.00,1.00
2016.09.20 01:36:38.753,1.7833,1.78384,1.00,1.00
2016.09.20 01:36:38.804,1.7833,1.78384,1.12,1.00
2016.09.20 01:36:38.854,1.78331,1.78385,1.00,1.00
2016.09.20 01:36:38.967,1.78331,1.78385,1.12,1.00
2016.09.20 01:36:39.068,1.78331,1.78387,1.12,1.00
2016.09.20 01:36:39.469,1.78331,1.78387,1.37,1.00
2016.09.20 01:36:39.520,1.78331,1.78387,1.50,1.00
2016.09.20 01:36:39.722,1.78331,1.78387,1.37,1.00
2016.09.20 01:36:40.377,1.78332,1.78388,1.37,1.00
2016.09.20 01:36:40.702,1.78326,1.78382,1.75,1.00
2016.09.20 01:36:40.753,1.78326,1.78382,2.25,1.00
2016.09.20 01:36:40.803,1.78326,1.78381,1.50,1.00
2016.09.20 01:36:41.006,1.78326,1.78379,1.50,1.00
2016.09.20 01:36:41.057,1.78325,1.78379,1.37,1.00
2016.09.20 01:36:41.601,1.78326,1.78379,1.37,1.00
2016.09.20 01:36:42.231,1.78327,1.78382,1.50,1.00
2016.09.20 01:36:42.332,1.78329,1.78382,1.37,1.00
2016.09.20 01:36:42.383,1.7833,1.78383,1.00,1.00
2016.09.20 01:36:42.700,1.78331,1.78385,1.00,1.00
2016.09.20 01:36:43.222,1.78331,1.78386,1.00,1.00
2016.09.20 01:36:43.324,1.78334,1.78388,1.00,1.50
2016.09.20 01:36:43.375,1.78337,1.78389,1.00,1.00
2016.09.20 01:36:43.426,1.78337,1.7839,1.00,1.12
2016.09.20 01:36:43.477,1.78337,1.7839,1.00,1.12
2016.09.20 01:36:43.707,1.78338,1.78391,1.00,1.00
2016.09.20 01:36:43.875,1.78338,1.78389,1.00,1.00
2016.09.20 01:36:43.925,1.78337,1.78389,1.00,1.37
2016.09.20 01:36:43.976,1.78336,1.78389,1.00,1.37
2016.09.20 01:36:44.027,1.78337,1.78389,1.00,1.00
2016.09.20 01:36:44.578,1.78336,1.78389,1.00,1.00
2016.09.20 01:36:44.807,1.78336,1.78389,1.00,1.37
2016.09.20 01:36:45.033,1.78337,1.78389,1.00,1.37
2016.09.20 01:36:45.344,1.78338,1.78389,1.00,1.00
2016.09.20 01:36:45.925,1.78339,1.78389,1.00,1.00
2016.09.20 01:36:46.977,1.78338,1.78389,1.00,1.00
2016.09.20 01:36:48.874,1.78338,1.78392,1.00,1.00
2016.09.20 01:36:49.407,1.78337,1.78392,1.00,1.00
2016.09.20 01:36:50.548,1.78339,1.78392,1.00,1.00
2016.09.20 01:36:51.584,1.78339,1.78389,1.00,1.00
2016.09.20 01:36:52.151,1.78338,1.78388,1.00,1.00
2016.09.20 01:36:52.672,1.78337,1.78388,1.00,1.00
2016.09.20 01:36:58.202,1.78337,1.78389,1.00,1.00
2016.09.20 01:36:59.586,1.78337,1.78388,1.00,1.00
2016.09.20 01:37:00.108,1.78338,1.78388,1.00,1.00
2016.09.20 01:37:00.711,1.78337,1.78388,1.00,1.00
2016.09.20 01:37:01.889,1.78337,1.78389,1.00,1.00
2016.09.20 01:37:02.717,1.78338,1.78389,1.00,1.00
2016.09.20 01:37:04.718,1.78338,1.78391,1.00,1.00
2016.09.20 01:37:05.425,1.78339,1.78392,1.00,1.00
2016.09.20 01:37:06.156,1.78338,1.78392,1.00,1.00
2016.09.20 01:37:06.207,1.78336,1.78392,1.00,1.12
2016.09.20 01:37:07.817,1.78336,1.78392,1.00,1.00
2016.09.20 01:37:08.467,1.78336,1.78391,1.00,1.00
2016.09.20 01:37:08.963,1.78336,1.78391,1.00,1.12
2016.09.20 01:37:09.253,1.78338,1.78391,1.00,1.12
2016.09.20 01:37:09.355,1.78337,1.7839,1.00,1.00
2016.09.20 01:37:09.458,1.78335,1.78391,1.00,1.12
2016.09.20 01:37:09.665,1.78335,1.78391,1.00,1.00
2016.09.20 01:37:09.793,1.78336,1.78392,1.00,1.12
2016.09.20 01:37:09.854,1.78336,1.7839,1.00,1.00
2016.09.20 01:37:10.056,1.78334,1.7839,1.00,1.00
2016.09.20 01:37:10.731,1.78337,1.7839,1.00,1.00
2016.09.20 01:37:11.929,1.78336,1.78392,1.00,1.00
2016.09.20 01:37:11.979,1.78336,1.7839,1.00,1.00
2016.09.20 01:37:12.519,1.78335,1.78389,1.00,1.00
2016.09.20 01:37:13.066,1.78335,1.78389,1.00,1.00
2016.09.20 01:37:13.141,1.78335,1.78389,1.00,1.37
2016.09.20 01:37:13.243,1.78331,1.78387,1.87,1.00
2016.09.20 01:37:13.294,1.78331,1.78387,1.12,1.00
2016.09.20 01:37:13.344,1.78332,1.78385,1.00,1.00
2016.09.20 01:37:13.970,1.7833,1.78386,1.00,1.00
2016.09.20 01:37:14.240,1.7833,1.78386,1.00,1.12
2016.09.20 01:37:14.291,1.78329,1.78383,1.00,1.00
2016.09.20 01:37:14.859,1.78329,1.78382,1.00,1.00
2016.09.20 01:37:14.910,1.78327,1.78382,1.00,1.00
2016.09.20 01:37:14.961,1.78329,1.78383,1.00,1.12
2016.09.20 01:37:15.012,1.78329,1.78385,1.00,1.12
2016.09.20 01:37:15.113,1.78333,1.78386,1.00,1.00
2016.09.20 01:37:15.597,1.78331,1.78387,1.00,1.50
2016.09.20 01:37:15.805,1.78331,1.78386,1.00,1.00
2016.09.20 01:37:15.907,1.78331,1.78386,1.00,1.00
2016.09.20 01:37:16.613,1.78332,1.78386,1.00,1.00
2016.09.20 01:37:22.132,1.78331,1.78384,1.00,1.00
2016.09.20 01:37:23.677,1.78329,1.78382,1.00,1.00
2016.09.20 01:37:23.972,1.78329,1.78385,1.00,1.00
2016.09.20 01:37:24.175,1.78331,1.78385,1.00,1.00
2016.09.20 01:37:24.226,1.78331,1.78387,1.00,1.00
2016.09.20 01:37:24.276,1.78332,1.78388,1.00,1.50
2016.09.20 01:37:24.327,1.78335,1.78388,1.00,1.00
2016.09.20 01:37:25.028,1.78332,1.78387,1.50,1.00
2016.09.20 01:37:25.370,1.78332,1.78385,1.50,1.12
2016.09.20 01:37:25.422,1.7833,1.78385,1.37,1.12
2016.09.20 01:37:25.473,1.7833,1.78384,1.00,1.37
2016.09.20 01:37:27.579,1.7833,1.78384,1.00,1.12
2016.09.20 01:37:28.266,1.7833,1.78384,1.00,1.37
2016.09.20 01:37:31.679,1.7833,1.78384,1.00,1.12
2016.09.20 01:37:32.610,1.7833,1.78384,1.00,1.00
2016.09.20 01:37:33.570,1.78331,1.78385,1.00,1.00
2016.09.20 01:37:33.840,1.78331,1.78387,1.00,1.00
2016.09.20 01:37:33.891,1.78332,1.78387,1.00,1.50
2016.09.20 01:37:34.660,1.78336,1.78387,1.00,1.00
2016.09.20 01:37:35.397,1.78335,1.78387,1.00,1.00
2016.09.20 01:37:35.448,1.78335,1.78388,1.00,1.50
2016.09.20 01:37:36.354,1.78335,1.78388,1.00,1.00
2016.09.20 01:37:39.134,1.78336,1.78388,1.00,1.00
2016.09.20 01:37:39.236,1.78336,1.78389,1.00,1.00
2016.09.20 01:37:39.388,1.78335,1.78391,1.00,1.00
2016.09.20 01:37:40.305,1.78334,1.7839,1.00,1.00
2016.09.20 01:37:40.651,1.78334,1.78387,1.00,1.00
2016.09.20 01:37:40.703,1.78333,1.78386,1.00,1.12
2016.09.20 01:37:40.754,1.78331,1.78386,1.00,1.12
2016.09.20 01:37:42.304,1.7833,1.78384,1.00,1.00
2016.09.20 01:37:47.516,1.7833,1.78386,1.00,1.12
2016.09.20 01:37:47.617,1.78332,1.78385,1.00,1.00
2016.09.20 01:37:47.668,1.78332,1.78386,1.00,1.00
2016.09.20 01:37:47.718,1.78332,1.78388,1.00,1.50
2016.09.20 01:37:47.769,1.78332,1.78387,1.00,1.00
2016.09.20 01:37:49.110,1.78331,1.78386,1.00,1.00
2016.09.20 01:37:50.608,1.7833,1.78386,1.00,1.00
2016.09.20 01:37:50.949,1.78331,1.78384,1.00,1.00
2016.09.20 01:37:55.688,1.7833,1.78384,1.00,1.00
2016.09.20 01:37:55.739,1.78327,1.78381,1.00,1.00
2016.09.20 01:37:55.789,1.78325,1.78379,1.00,1.00
2016.09.20 01:38:01.412,1.78325,1.78381,1.00,1.00
2016.09.20 01:38:01.942,1.78326,1.78381,1.00,1.00
2016.09.20 01:38:02.447,1.78325,1.78381,1.00,1.00
2016.09.20 01:38:03.393,1.78325,1.78381,1.00,1.37
2016.09.20 01:38:03.630,1.78325,1.78379,1.00,1.00
2016.09.20 01:38:06.965,1.78324,1.7838,1.00,1.12
2016.09.20 01:38:07.734,1.78324,1.7838,1.00,1.00
2016.09.20 01:38:10.598,1.78324,1.78378,1.00,1.00
2016.09.20 01:38:10.902,1.78329,1.78383,1.00,1.00
2016.09.20 01:38:11.444,1.7833,1.78384,1.00,1.00
2016.09.20 01:38:11.494,1.78331,1.78387,1.00,1.87
2016.09.20 01:38:11.545,1.78332,1.78387,1.00,1.00
2016.09.20 01:38:11.697,1.78334,1.78386,1.00,1.00
2016.09.20 01:38:12.370,1.78335,1.78387,1.00,1.00
2016.09.20 01:38:12.995,1.78335,1.78386,1.00,1.00
2016.09.20 01:38:13.250,1.78332,1.78386,1.00,1.00
2016.09.20 01:38:13.301,1.78331,1.78387,1.00,1.50
2016.09.20 01:38:13.963,1.78339,1.78387,1.00,1.00
2016.09.20 01:38:14.014,1.78339,1.78393,1.00,1.37
2016.09.20 01:38:14.065,1.7834,1.78394,1.00,1.00
2016.09.20 01:38:14.117,1.7834,1.78394,1.00,1.50
2016.09.20 01:38:14.326,1.78339,1.78393,1.00,1.00
2016.09.20 01:38:14.479,1.78337,1.78391,1.00,1.00
2016.09.20 01:38:17.179,1.78335,1.78391,1.00,1.00
2016.09.20 01:38:17.854,1.78335,1.7839,1.00,1.00
2016.09.20 01:38:22.651,1.78337,1.78391,1.00,1.00
2016.09.20 01:38:25.457,1.78336,1.7839,1.00,1.00
2016.09.20 01:38:25.958,1.78335,1.78389,1.00,1.00
2016.09.20 01:38:33.005,1.78335,1.78391,1.00,1.00
2016.09.20 01:38:33.762,1.78336,1.78391,1.00,1.00
2016.09.20 01:38:36.947,1.78336,1.7839,1.00,1.00
2016.09.20 01:38:38.342,1.78336,1.78391,1.00,1.00
2016.09.20 01:38:38.821,1.78329,1.78384,1.00,1.00
2016.09.20 01:38:38.921,1.78328,1.78384,1.00,1.00
2016.09.20 01:38:42.557,1.78326,1.78383,1.00,1.00
2016.09.20 01:38:44.039,1.78331,1.78384,1.00,1.00
2016.09.20 01:38:44.167,1.78331,1.78384,1.12,1.00
2016.09.20 01:38:44.269,1.78332,1.78384,1.00,1.00
2016.09.20 01:38:44.320,1.78334,1.78384,1.00,1.00
2016.09.20 01:38:45.279,1.78332,1.78384,1.00,1.00
2016.09.20 01:38:48.326,1.78333,1.78384,1.00,1.00
2016.09.20 01:38:48.429,1.78334,1.78389,1.00,1.00
2016.09.20 01:38:49.101,1.78335,1.7839,1.00,1.00
2016.09.20 01:38:50.392,1.78333,1.7839,1.00,1.00
2016.09.20 01:38:51.345,1.78333,1.7839,1.00,1.00
2016.09.20 01:38:54.286,1.78333,1.78387,1.00,1.00
2016.09.20 01:39:00.249,1.78333,1.7839,1.00,1.12
2016.09.20 01:39:02.353,1.78333,1.7839,1.00,1.37
2016.09.20 01:39:06.810,1.78333,1.7839,1.00,1.12
2016.09.20 01:39:07.258,1.78335,1.78392,1.00,1.37
2016.09.20 01:39:07.308,1.78337,1.78392,1.00,1.87
2016.09.20 01:39:07.845,1.78338,1.78392,1.00,1.87
2016.09.20 01:39:10.261,1.78337,1.78392,1.00,1.37
2016.09.20 01:39:12.614,1.78335,1.7839,1.00,1.37
2016.09.20 01:39:12.715,1.7833,1.78385,1.87,1.37
2016.09.20 01:39:12.778,1.7833,1.78384,1.12,1.12
2016.09.20 01:39:12.829,1.78327,1.78381,1.00,1.00
2016.09.20 01:39:13.101,1.78326,1.7838,1.12,1.00
2016.09.20 01:39:14.101,1.78326,1.7838,1.37,1.00
2016.09.20 01:39:15.058,1.78324,1.7838,1.87,1.00
2016.09.20 01:39:15.344,1.78324,1.7838,1.87,1.12
2016.09.20 01:39:15.564,1.78325,1.78381,1.00,1.37
2016.09.20 01:39:16.173,1.78326,1.78381,1.00,1.37
2016.09.20 01:39:18.741,1.78326,1.78381,1.37,1.00
2016.09.20 01:39:19.419,1.78326,1.78381,1.12,1.00
2016.09.20 01:39:20.016,1.78326,1.78382,1.12,1.00
2016.09.20 01:39:20.219,1.78329,1.78385,1.12,1.50
2016.09.20 01:39:20.270,1.78329,1.78385,1.00,1.50
2016.09.20 01:39:20.321,1.78329,1.78385,1.00,1.00
2016.09.20 01:39:20.371,1.78329,1.78386,1.00,1.87
2016.09.20 01:39:20.696,1.7833,1.78384,1.00,1.00
2016.09.20 01:39:24.680,1.78328,1.78385,1.12,1.00
2016.09.20 01:39:25.084,1.78328,1.78382,1.12,1.00
2016.09.20 01:39:25.135,1.78328,1.78382,1.00,1.00
2016.09.20 01:39:32.876,1.78336,1.78385,1.00,1.00
2016.09.20 01:39:32.927,1.78337,1.7839,1.00,1.37
2016.09.20 01:39:32.978,1.78338,1.7839,1.00,1.00
2016.09.20 01:39:33.029,1.78339,1.78395,1.00,1.37
2016.09.20 01:39:33.080,1.7834,1.78396,1.00,1.12
2016.09.20 01:39:33.284,1.78339,1.78395,1.00,1.00
2016.09.20 01:39:33.442,1.78339,1.78395,1.00,1.12
2016.09.20 01:39:33.492,1.78338,1.78394,1.00,1.00
2016.09.20 01:39:33.698,1.78338,1.78394,1.00,1.37
2016.09.20 01:39:33.750,1.78336,1.7839,1.50,1.00
2016.09.20 01:39:34.156,1.78337,1.78392,1.00,1.00
2016.09.20 01:39:34.258,1.78337,1.78393,1.37,1.00
2016.09.20 01:39:34.360,1.78339,1.78395,1.12,1.00
2016.09.20 01:39:34.411,1.7834,1.78396,1.00,1.00
2016.09.20 01:39:34.715,1.78342,1.78396,1.00,1.00
2016.09.20 01:39:36.991,1.7834,1.78396,1.00,1.00
2016.09.20 01:39:37.093,1.7834,1.78394,1.00,1.00
2016.09.20 01:39:37.813,1.78339,1.78393,1.00,1.00
2016.09.20 01:39:37.864,1.78335,1.78391,1.50,1.00
2016.09.20 01:39:37.940,1.78339,1.78393,1.00,1.12
2016.09.20 01:39:37.992,1.78341,1.78395,1.00,1.00
2016.09.20 01:39:38.094,1.78343,1.78397,1.00,1.50
2016.09.20 01:39:38.144,1.78343,1.78398,1.00,1.00
2016.09.20 01:39:38.620,1.78345,1.78397,1.00,1.00
2016.09.20 01:39:40.735,1.78339,1.78395,1.00,1.00
2016.09.20 01:39:44.143,1.78338,1.78394,1.00,1.00
2016.09.20 01:39:44.359,1.78341,1.78397,1.00,1.50
2016.09.20 01:39:49.132,1.78338,1.78394,1.00,1.00
2016.09.20 01:39:49.418,1.78337,1.78393,1.00,1.00
2016.09.20 01:39:49.469,1.78338,1.78394,1.00,1.00
2016.09.20 01:39:51.189,1.78339,1.78395,1.00,1.50
2016.09.20 01:39:52.420,1.78335,1.78391,1.37,1.00
2016.09.20 01:39:52.636,1.78335,1.78391,1.00,1.37
2016.09.20 01:39:52.687,1.78334,1.78385,1.00,1.00
2016.09.20 01:39:52.840,1.78334,1.78387,1.00,1.00
2016.09.20 01:39:52.890,1.78335,1.78389,1.00,1.00
2016.09.20 01:39:52.953,1.78334,1.78389,1.00,1.00
2016.09.20 01:39:53.257,1.78334,1.78387,1.00,1.00
2016.09.20 01:39:53.562,1.78333,1.78387,1.00,1.12
2016.09.20 01:39:53.664,1.78331,1.78385,1.12,1.00
2016.09.20 01:39:53.715,1.78331,1.78385,1.00,1.00
2016.09.20 01:39:56.176,1.78334,1.78388,1.00,1.87
2016.09.20 01:39:56.227,1.78334,1.78388,1.00,1.50
2016.09.20 01:39:56.279,1.78337,1.78388,1.00,1.00
2016.09.20 01:39:56.799,1.78337,1.78387,1.00,1.00
2016.09.20 01:39:59.406,1.78337,1.78388,1.00,1.00
2016.09.20 01:40:01.448,1.78335,1.78388,1.00,1.00
2016.09.20 01:40:01.499,1.78335,1.78388,1.12,1.00
2016.09.20 01:40:02.103,1.78335,1.78387,1.37,1.00
2016.09.20 01:40:05.204,1.78335,1.78387,1.12,1.00
2016.09.20 01:40:06.208,1.78336,1.78387,1.00,1.00
2016.09.20 01:40:06.262,1.78335,1.78387,1.12,1.00
2016.09.20 01:40:06.414,1.78336,1.78387,1.00,1.00
2016.09.20 01:40:06.515,1.78336,1.78388,1.37,1.00
2016.09.20 01:40:07.008,1.78335,1.78388,1.12,1.00
2016.09.20 01:40:07.195,1.78336,1.78387,1.00,1.00
2016.09.20 01:40:09.912,1.78336,1.78387,1.00,1.12
2016.09.20 01:40:10.017,1.78337,1.78391,1.00,1.75
2016.09.20 01:40:10.068,1.78337,1.78393,1.00,1.75
2016.09.20 01:40:10.119,1.78335,1.78389,1.00,1.12
2016.09.20 01:40:10.220,1.78335,1.78391,1.12,1.00
2016.09.20 01:40:10.271,1.78336,1.7839,1.00,1.00
2016.09.20 01:40:11.070,1.78336,1.78392,1.00,1.37
2016.09.20 01:40:11.121,1.78338,1.78391,1.00,1.37
2016.09.20 01:40:11.172,1.7834,1.78394,1.00,1.37
2016.09.20 01:40:11.374,1.7834,1.78395,1.00,1.50
2016.09.20 01:40:11.425,1.78341,1.78396,1.00,1.37
2016.09.20 01:40:11.476,1.78344,1.78396,1.00,1.37
2016.09.20 01:40:11.527,1.7834,1.78395,1.00,3.00
2016.09.20 01:40:11.578,1.78338,1.78392,1.00,1.37
2016.09.20 01:40:11.629,1.78338,1.78391,1.00,1.37
2016.09.20 01:40:11.781,1.78337,1.78393,1.00,1.50
2016.09.20 01:40:12.334,1.78337,1.78393,1.00,1.37
2016.09.20 01:40:14.843,1.78337,1.78391,1.00,1.00
2016.09.20 01:40:15.368,1.78341,1.78395,1.00,1.87
2016.09.20 01:40:15.419,1.78341,1.78395,1.00,1.12
2016.09.20 01:40:15.777,1.78341,1.78396,1.00,1.00
2016.09.20 01:40:16.387,1.78341,1.78395,1.00,1.00
2016.09.20 01:40:18.881,1.78341,1.78395,1.00,1.37
2016.09.20 01:40:18.982,1.78342,1.78395,1.00,1.00
2016.09.20 01:40:19.082,1.78342,1.78396,1.00,1.12
2016.09.20 01:40:19.420,1.78344,1.78396,1.00,1.12
2016.09.20 01:40:20.353,1.78346,1.78396,1.00,1.12
2016.09.20 01:40:21.948,1.78344,1.78396,1.00,1.12
2016.09.20 01:40:22.608,1.78345,1.78396,1.00,1.12
2016.09.20 01:40:24.308,1.78345,1.78396,1.00,1.12
2016.09.20 01:40:24.359,1.78341,1.78396,1.00,1.37
2016.09.20 01:40:24.617,1.78344,1.78396,1.00,1.37
2016.09.20 01:40:25.040,1.78344,1.78396,1.00,1.37
2016.09.20 01:40:25.091,1.78339,1.78392,1.00,1.37
2016.09.20 01:40:25.142,1.78339,1.78392,1.00,1.37
2016.09.20 01:40:25.193,1.78339,1.78391,1.00,1.00
2016.09.20 01:40:25.369,1.78338,1.78392,1.00,1.00
2016.09.20 01:40:25.420,1.78336,1.78392,1.00,1.50
2016.09.20 01:40:25.471,1.78336,1.78391,1.00,1.00
2016.09.20 01:40:26.123,1.78337,1.78391,1.00,1.00
2016.09.20 01:40:26.174,1.78339,1.78391,1.00,1.00
2016.09.20 01:40:26.714,1.78338,1.78391,1.00,1.00
2016.09.20 01:40:27.073,1.78334,1.78388,1.00,1.12
2016.09.20 01:40:27.124,1.78331,1.78385,1.00,1.00
2016.09.20 01:40:27.386,1.78331,1.78384,1.00,1.00
2016.09.20 01:40:27.436,1.78329,1.78384,1.00,1.00
2016.09.20 01:40:27.576,1.78323,1.78379,1.00,1.00
2016.09.20 01:40:27.627,1.78326,1.78381,1.00,1.00
2016.09.20 01:40:28.134,1.78328,1.78382,1.00,1.00
2016.09.20 01:40:28.235,1.7833,1.78383,1.00,1.00
2016.09.20 01:40:28.286,1.7833,1.78384,1.00,1.50
2016.09.20 01:40:28.337,1.7833,1.78384,1.00,1.50
2016.09.20 01:40:28.388,1.78329,1.78383,1.00,1.00
2016.09.20 01:40:28.624,1.78329,1.78383,1.00,1.00
2016.09.20 01:40:28.675,1.78331,1.78384,1.00,1.00
2016.09.20 01:40:30.522,1.78335,1.78384,1.00,1.00
2016.09.20 01:40:30.674,1.78336,1.78392,1.00,1.00
2016.09.20 01:40:30.776,1.78336,1.78392,1.00,1.00
2016.09.20 01:40:31.456,1.78337,1.78391,1.00,1.00
2016.09.20 01:40:32.189,1.78335,1.78391,1.00,1.00
2016.09.20 01:40:32.291,1.78337,1.78391,1.00,1.00
2016.09.20 01:40:32.544,1.78337,1.78393,1.00,1.00
2016.09.20 01:40:32.747,1.78337,1.78391,1.00,1.00
2016.09.20 01:40:33.148,1.78337,1.78393,1.00,1.00
2016.09.20 01:40:33.301,1.78339,1.78393,1.00,1.00
2016.09.20 01:40:33.693,1.78337,1.78393,1.00,1.00
2016.09.20 01:40:33.744,1.78336,1.7839,1.00,1.00
2016.09.20 01:40:34.401,1.78335,1.78389,1.00,1.00
2016.09.20 01:40:34.452,1.78335,1.78387,1.00,1.00
2016.09.20 01:40:34.577,1.78334,1.78387,1.00,1.00
2016.09.20 01:40:34.628,1.78335,1.78387,1.00,1.00
2016.09.20 01:40:38.743,1.78342,1.78387,1.00,1.00
2016.09.20 01:40:38.895,1.78346,1.78402,1.00,1.50
2016.09.20 01:40:38.946,1.78345,1.78399,1.00,1.00
2016.09.20 01:40:39.516,1.78344,1.78398,1.00,1.00
2016.09.20 01:40:40.149,1.7834,1.78396,1.00,1.00
2016.09.20 01:40:40.200,1.7834,1.78393,1.00,1.00
2016.09.20 01:40:41.667,1.78339,1.78393,1.00,1.00
2016.09.20 01:40:41.888,1.78333,1.78389,1.00,1.00
2016.09.20 01:40:41.940,1.78335,1.78389,1.00,1.00
2016.09.20 01:40:41.991,1.78335,1.78386,1.00,1.00
2016.09.20 01:40:42.537,1.78335,1.78387,1.00,1.00
2016.09.20 01:40:42.842,1.78333,1.78387,1.00,1.00
2016.09.20 01:40:43.231,1.78336,1.78387,1.00,1.00
2016.09.20 01:40:43.282,1.78334,1.78387,1.00,1.00
2016.09.20 01:40:43.953,1.78334,1.78386,1.00,1.00
2016.09.20 01:40:44.615,1.78333,1.78386,1.00,1.00
2016.09.20 01:40:45.465,1.78331,1.78385,1.00,1.00
2016.09.20 01:40:45.516,1.78331,1.78386,1.00,1.00
2016.09.20 01:40:45.566,1.78331,1.78386,1.00,1.00
2016.09.20 01:40:45.617,1.78326,1.78379,1.00,1.00
2016.09.20 01:40:45.719,1.78325,1.78381,1.00,1.00
2016.09.20 01:40:45.782,1.78327,1.78383,1.00,1.00
2016.09.20 01:40:45.834,1.78326,1.78379,1.12,1.00
2016.09.20 01:40:45.935,1.78327,1.78379,1.00,1.00
2016.09.20 01:40:45.987,1.78329,1.78379,1.00,1.00
2016.09.20 01:40:46.342,1.78329,1.78385,1.00,1.75
2016.09.20 01:40:46.394,1.78329,1.78383,1.00,1.00
2016.09.20 01:40:47.753,1.78329,1.78385,1.00,1.50
2016.09.20 01:40:48.337,1.7833,1.78383,1.00,1.00
2016.09.20 01:40:48.489,1.78328,1.78384,1.00,1.00
2016.09.20 01:40:48.540,1.78324,1.78378,1.00,1.12
2016.09.20 01:40:48.931,1.78324,1.78378,1.00,1.50
2016.09.20 01:40:48.984,1.78318,1.78371,1.00,1.00
2016.09.20 01:40:49.444,1.78317,1.7837,1.00,1.50
2016.09.20 01:40:49.656,1.78315,1.7837,1.00,1.50
2016.09.20 01:40:49.808,1.78317,1.7837,1.00,1.00
2016.09.20 01:40:49.859,1.78319,1.78371,1.00,1.00
2016.09.20 01:40:50.011,1.78321,1.78376,1.00,1.12
2016.09.20 01:40:50.062,1.78322,1.78376,1.00,1.00
2016.09.20 01:40:50.113,1.7832,1.78375,1.00,1.00
2016.09.20 01:40:50.404,1.78318,1.78374,1.00,1.00
2016.09.20 01:40:50.911,1.78317,1.78373,1.00,1.00
2016.09.20 01:40:55.110,1.78317,1.78372,1.00,1.00
2016.09.20 01:40:55.851,1.78319,1.78374,1.00,1.00
2016.09.20 01:40:56.057,1.7832,1.78375,1.00,1.12
2016.09.20 01:40:56.839,1.78318,1.78374,1.00,1.00
2016.09.20 01:40:56.991,1.78315,1.78371,1.00,1.00
2016.09.20 01:40:57.277,1.78317,1.78371,1.00,1.00
2016.09.20 01:40:57.868,1.78318,1.78372,1.00,1.00
2016.09.20 01:41:03.296,1.78318,1.78373,1.00,1.00
2016.09.20 01:41:03.905,1.7832,1.78373,1.00,1.00
2016.09.20 01:41:04.644,1.78319,1.78373,1.00,1.00
2016.09.20 01:41:06.513,1.78318,1.78372,1.00,1.00
2016.09.20 01:41:06.565,1.78315,1.78364,1.00,1.00
2016.09.20 01:41:06.667,1.7831,1.78363,1.00,1.00
2016.09.20 01:41:06.718,1.7831,1.78362,1.00,1.00
2016.09.20 01:41:06.870,1.78301,1.78352,1.87,1.00
2016.09.20 01:41:06.971,1.78301,1.78353,1.00,1.00
2016.09.20 01:41:07.073,1.78295,1.7835,1.50,1.00
2016.09.20 01:41:07.124,1.78295,1.7835,1.12,1.00
2016.09.20 01:41:07.175,1.78295,1.7835,1.00,1.00
2016.09.20 01:41:07.430,1.78294,1.7835,1.00,1.00
2016.09.20 01:41:08.269,1.78294,1.7835,1.37,1.00
2016.09.20 01:41:08.319,1.78296,1.78349,1.00,1.00
2016.09.20 01:41:08.370,1.78297,1.7835,1.37,1.00
2016.09.20 01:41:08.421,1.78297,1.78353,1.37,1.00
2016.09.20 01:41:08.603,1.78297,1.78353,1.37,1.00
2016.09.20 01:41:08.985,1.78297,1.78353,1.00,1.00
2016.09.20 01:41:09.036,1.78297,1.78351,1.00,1.00
2016.09.20 01:41:09.086,1.78296,1.78349,1.00,1.00
2016.09.20 01:41:10.723,1.78295,1.78348,1.00,1.00
2016.09.20 01:41:10.774,1.78293,1.78348,1.00,1.00
2016.09.20 01:41:12.048,1.78294,1.78348,1.00,1.00
2016.09.20 01:41:12.586,1.78295,1.78348,1.00,1.00
2016.09.20 01:41:12.637,1.78295,1.7835,1.00,1.00
2016.09.20 01:41:13.119,1.78293,1.78349,1.50,1.00
2016.09.20 01:41:13.170,1.78293,1.78349,1.00,1.00
2016.09.20 01:41:15.980,1.78293,1.78349,1.50,1.00
2016.09.20 01:41:16.030,1.78295,1.78348,1.00,1.00
2016.09.20 01:41:16.943,1.78293,1.78349,1.00,1.00
2016.09.20 01:41:17.096,1.78297,1.7835,1.00,1.00
2016.09.20 01:41:17.147,1.78296,1.78352,1.00,1.00
2016.09.20 01:41:19.773,1.78296,1.7835,1.00,1.00
2016.09.20 01:41:24.191,1.78294,1.7835,1.00,1.00
2016.09.20 01:41:24.241,1.78295,1.78348,1.00,1.00
2016.09.20 01:41:24.838,1.78295,1.78348,1.00,1.00
2016.09.20 01:41:28.761,1.78294,1.7835,1.00,1.00
2016.09.20 01:41:30.855,1.78296,1.78349,1.00,1.00
2016.09.20 01:41:42.374,1.78297,1.7835,1.00,1.00
2016.09.20 01:41:42.960,1.78297,1.7835,1.37,1.00
2016.09.20 01:41:43.061,1.78297,1.7835,1.00,1.00
2016.09.20 01:41:44.356,1.78297,1.7835,1.37,1.00
2016.09.20 01:41:44.433,1.78297,1.7835,1.00,1.00
2016.09.20 01:41:45.500,1.78296,1.78349,1.50,1.00
2016.09.20 01:41:45.602,1.78297,1.7835,1.00,1.00
2016.09.20 01:41:46.058,1.78297,1.78352,1.00,1.00
2016.09.20 01:41:46.159,1.78296,1.78349,1.50,1.00
2016.09.20 01:41:46.623,1.78296,1.78351,1.50,1.00
2016.09.20 01:41:48.299,1.78296,1.7835,1.50,1.00
2016.09.20 01:41:48.349,1.78296,1.78344,1.00,1.00
2016.09.20 01:41:48.400,1.78296,1.78341,1.00,1.00
2016.09.20 01:41:48.451,1.78295,1.78339,1.00,1.00
2016.09.20 01:41:48.553,1.78281,1.78334,1.87,1.00
2016.09.20 01:41:48.603,1.7828,1.78333,1.87,1.00
2016.09.20 01:41:48.654,1.7828,1.78331,1.12,1.00
2016.09.20 01:41:48.705,1.7828,1.78331,1.12,1.00
2016.09.20 01:41:48.756,1.78278,1.78331,1.87,1.00
2016.09.20 01:41:49.031,1.78281,1.78331,1.12,1.00
2016.09.20 01:41:49.389,1.78281,1.7833,1.12,1.00
2016.09.20 01:41:49.666,1.78281,1.78329,1.00,1.00
2016.09.20 01:41:50.063,1.78277,1.78329,1.46,1.00
2016.09.20 01:41:50.164,1.78276,1.78329,1.71,1.00
2016.09.20 01:41:50.814,1.78274,1.78327,1.87,1.00
2016.09.20 01:41:50.865,1.78274,1.78324,1.00,1.00
2016.09.20 01:41:50.916,1.78274,1.78326,1.00,1.00
2016.09.20 01:41:50.967,1.78273,1.78328,1.50,1.50
2016.09.20 01:41:51.069,1.78274,1.78326,1.00,1.00
2016.09.20 01:41:51.121,1.78275,1.78328,1.00,1.50
2016.09.20 01:41:51.274,1.78276,1.78328,1.00,1.00
2016.09.20 01:41:51.325,1.78276,1.78328,1.00,1.00
2016.09.20 01:41:51.624,1.78276,1.78328,1.00,1.00
2016.09.20 01:41:52.000,1.78276,1.7833,1.00,1.00
2016.09.20 01:41:52.332,1.78276,1.78331,1.50,1.00
2016.09.20 01:41:52.383,1.78277,1.78331,1.00,1.00
2016.09.20 01:41:52.536,1.78277,1.78331,1.50,1.00
2016.09.20 01:41:52.780,1.78277,1.7833,1.00,1.00
2016.09.20 01:41:54.028,1.78281,1.7833,1.00,1.00
2016.09.20 01:41:55.939,1.78282,1.7833,1.00,1.00
2016.09.20 01:41:56.142,1.78277,1.7833,1.12,1.00
2016.09.20 01:41:56.393,1.78277,1.7833,1.00,1.00
2016.09.20 01:41:56.717,1.78279,1.78333,1.00,1.00
2016.09.20 01:41:56.768,1.78279,1.78332,1.50,1.00
2016.09.20 01:41:57.439,1.78278,1.78334,1.00,1.50
2016.09.20 01:41:57.491,1.78277,1.78333,1.50,1.00
2016.09.20 01:41:57.542,1.78277,1.78333,1.87,1.00
2016.09.20 01:41:57.643,1.78281,1.78333,1.00,1.00
2016.09.20 01:41:58.236,1.78281,1.78332,1.00,1.00
2016.09.20 01:41:59.924,1.78277,1.78332,1.50,1.00
2016.09.20 01:42:00.045,1.78281,1.78331,1.00,1.00
2016.09.20 01:42:00.127,1.78281,1.78334,1.50,1.50
2016.09.20 01:42:00.178,1.78281,1.78334,1.50,1.00
2016.09.20 01:42:00.523,1.78281,1.78334,2.25,1.00
2016.09.20 01:42:00.575,1.78281,1.78333,1.00,1.00
2016.09.20 01:42:00.849,1.78279,1.78333,1.00,1.00
2016.09.20 01:42:01.126,1.78281,1.78333,1.00,1.00
2016.09.20 01:42:01.675,1.78281,1.78334,1.00,1.00
2016.09.20 01:42:02.345,1.78281,1.78335,1.00,1.00
2016.09.20 01:42:06.297,1.78281,1.78334,1.00,1.00
2016.09.20 01:42:08.437,1.7828,1.78326,1.00,1.00
2016.09.20 01:42:08.488,1.78276,1.78325,1.00,1.00
2016.09.20 01:42:08.539,1.78276,1.78323,1.00,1.00
2016.09.20 01:42:08.591,1.78269,1.7832,1.00,1.00
2016.09.20 01:42:08.693,1.78262,1.78315,1.37,1.00
2016.09.20 01:42:08.934,1.78251,1.78302,1.84,1.00
2016.09.20 01:42:08.985,1.78251,1.78302,1.00,1.00
2016.09.20 01:42:09.035,1.78248,1.78302,1.37,1.00
2016.09.20 01:42:09.188,1.78249,1.78302,1.12,1.00
2016.09.20 01:42:09.369,1.78247,1.78302,1.37,1.00
2016.09.20 01:42:09.635,1.78248,1.78303,1.00,1.00
2016.09.20 01:42:10.138,1.78249,1.78304,1.00,1.00
2016.09.20 01:42:10.711,1.7825,1.78305,1.00,1.00
2016.09.20 01:42:11.975,1.7825,1.78306,1.00,1.00
2016.09.20 01:42:14.178,1.78252,1.78305,1.00,1.00
2016.09.20 01:42:14.878,1.7825,1.78305,1.00,1.00
2016.09.20 01:42:15.488,1.7825,1.78306,1.00,1.00
2016.09.20 01:42:15.627,1.7825,1.78306,1.12,1.00
2016.09.20 01:42:15.729,1.78252,1.78308,1.12,1.50
2016.09.20 01:42:15.779,1.78256,1.78308,1.00,1.00
2016.09.20 01:42:15.881,1.78257,1.7831,1.00,1.00
2016.09.20 01:42:16.282,1.78256,1.78312,1.00,1.00
2016.09.20 01:42:17.035,1.78258,1.78311,1.00,1.00
2016.09.20 01:42:20.271,1.78256,1.78311,1.00,1.00
2016.09.20 01:42:22.279,1.78255,1.78311,1.50,1.00
2016.09.20 01:42:22.432,1.78256,1.7831,1.00,1.00
2016.09.20 01:42:23.550,1.78256,1.78311,1.00,1.00
2016.09.20 01:42:24.383,1.78256,1.7831,1.00,1.00
2016.09.20 01:42:24.913,1.78256,1.78308,1.00,1.00
2016.09.20 01:42:24.963,1.78256,1.78308,1.00,1.00
2016.09.20 01:42:26.327,1.78255,1.78308,1.50,1.00
2016.09.20 01:42:26.379,1.78255,1.78308,1.87,1.00
2016.09.20 01:42:26.430,1.78256,1.78308,1.00,1.00
2016.09.20 01:42:26.693,1.78255,1.78308,1.00,1.00
2016.09.20 01:42:26.844,1.7825,1.78305,1.00,1.00
2016.09.20 01:42:27.336,1.78254,1.78307,1.00,1.00
2016.09.20 01:42:27.387,1.78251,1.78308,1.00,1.00
2016.09.20 01:42:28.049,1.78251,1.78307,1.00,1.00
2016.09.20 01:42:28.509,1.78256,1.78312,1.00,1.00
2016.09.20 01:42:28.560,1.78255,1.78312,1.50,1.00
2016.09.20 01:42:28.611,1.78256,1.7831,1.00,1.00
2016.09.20 01:42:28.662,1.78255,1.7831,1.50,1.00
2016.09.20 01:42:29.213,1.78255,1.7831,1.00,1.00
2016.09.20 01:42:30.059,1.78255,1.78309,1.00,1.00
2016.09.20 01:42:32.057,1.78255,1.78309,1.50,1.00
2016.09.20 01:42:35.024,1.78255,1.78309,1.00,1.00
2016.09.20 01:42:36.122,1.78255,1.78308,1.00,1.00
2016.09.20 01:42:37.364,1.78256,1.78308,1.00,1.00
2016.09.20 01:42:40.441,1.78255,1.78308,1.00,1.00
2016.09.20 01:42:42.738,1.78256,1.78308,1.00,1.00
2016.09.20 01:42:42.997,1.78256,1.78305,1.00,1.00
2016.09.20 01:42:43.149,1.78252,1.78307,1.37,1.00
2016.09.20 01:42:43.200,1.78252,1.78307,2.62,1.00
2016.09.20 01:42:43.251,1.78254,1.7831,1.37,1.00
2016.09.20 01:42:43.301,1.78257,1.7831,1.12,1.00
2016.09.20 01:42:43.500,1.78257,1.7831,1.00,1.00
2016.09.20 01:42:43.551,1.78257,1.78312,1.50,1.00
2016.09.20 01:42:43.602,1.78257,1.78312,1.50,1.00
2016.09.20 01:42:43.700,1.78257,1.78312,1.87,1.00
2016.09.20 01:42:43.764,1.78257,1.78312,1.12,1.00
2016.09.20 01:42:43.815,1.78258,1.78312,1.00,1.00
2016.09.20 01:42:43.865,1.78257,1.78312,1.12,1.00
2016.09.20 01:42:43.916,1.78257,1.78312,1.00,1.00
2016.09.20 01:42:43.967,1.78258,1.78314,1.37,1.00
2016.09.20 01:42:44.018,1.78258,1.78314,1.75,1.00
2016.09.20 01:42:44.419,1.78259,1.78314,1.50,1.00
2016.09.20 01:42:44.483,1.78261,1.78314,1.00,1.00
2016.09.20 01:42:44.641,1.78264,1.78316,1.00,1.00
2016.09.20 01:42:45.295,1.78265,1.78316,1.00,1.00
2016.09.20 01:42:45.817,1.78264,1.78308,1.00,1.00
2016.09.20 01:42:45.919,1.78265,1.7831,1.00,1.00
2016.09.20 01:42:45.970,1.78261,1.7831,1.00,1.00
2016.09.20 01:42:46.021,1.78257,1.78307,1.75,1.00
2016.09.20 01:42:46.071,1.78256,1.78307,1.87,1.00
2016.09.20 01:42:46.122,1.78256,1.78305,1.00,1.00
2016.09.20 01:42:46.224,1.78256,1.78305,1.00,1.00
2016.09.20 01:42:47.489,1.78256,1.78304,1.00,1.00
2016.09.20 01:42:47.724,1.78251,1.78303,1.50,1.00
2016.09.20 01:42:48.263,1.78251,1.78304,1.50,1.00
2016.09.20 01:42:48.314,1.78253,1.78305,1.00,1.00
2016.09.20 01:42:49.144,1.78252,1.78304,1.00,1.00
2016.09.20 01:42:50.525,1.7825,1.78303,1.00,1.00
2016.09.20 01:42:51.123,1.7825,1.78304,1.00,1.00
2016.09.20 01:42:51.427,1.78253,1.78304,1.00,1.00
2016.09.20 01:42:51.630,1.78251,1.78304,1.00,1.00
2016.09.20 01:42:52.731,1.78251,1.78304,1.00,1.00
2016.09.20 01:42:53.895,1.78251,1.78302,1.00,1.00
2016.09.20 01:42:53.997,1.78251,1.78304,1.00,1.00
2016.09.20 01:42:54.447,1.78251,1.78305,1.00,1.00
2016.09.20 01:42:55.025,1.7825,1.78303,1.00,1.00
2016.09.20 01:42:55.076,1.7825,1.78301,1.00,1.00
2016.09.20 01:42:55.516,1.7825,1.78299,1.00,1.00
2016.09.20 01:42:58.056,1.78249,1.78299,1.00,1.00
2016.09.20 01:42:58.145,1.78249,1.78302,1.50,1.00
2016.09.20 01:42:58.247,1.78249,1.78304,1.50,1.00
2016.09.20 01:42:58.297,1.78249,1.78302,1.50,1.00
2016.09.20 01:42:58.450,1.7825,1.78303,1.00,1.00
2016.09.20 01:42:58.501,1.7825,1.78303,1.50,1.00
2016.09.20 01:42:59.050,1.7825,1.78304,1.50,1.00
2016.09.20 01:43:01.697,1.7825,1.78303,1.50,1.00
2016.09.20 01:43:01.798,1.78251,1.78304,1.00,1.00
2016.09.20 01:43:01.899,1.7825,1.78303,1.50,1.00
2016.09.20 01:43:01.950,1.7825,1.78302,1.00,1.00
2016.09.20 01:43:02.409,1.78249,1.78302,1.00,1.00
2016.09.20 01:43:02.460,1.78247,1.78303,1.50,1.00
2016.09.20 01:43:02.561,1.78248,1.78303,1.00,1.00
2016.09.20 01:43:02.815,1.78248,1.78303,1.50,1.00
2016.09.20 01:43:02.916,1.78248,1.78303,1.00,1.00
2016.09.20 01:43:04.343,1.78248,1.78303,1.50,1.00
2016.09.20 01:43:04.432,1.78248,1.78299,1.00,1.00
2016.09.20 01:43:04.712,1.78245,1.78298,1.00,1.00
2016.09.20 01:43:07.776,1.78244,1.78298,1.00,1.00
2016.09.20 01:43:11.630,1.78244,1.78287,1.00,1.00
2016.09.20 01:43:11.681,1.78244,1.78286,1.00,1.00
2016.09.20 01:43:11.732,1.78236,1.78288,1.75,1.00
2016.09.20 01:43:11.782,1.78236,1.78286,1.00,1.00
2016.09.20 01:43:11.833,1.78235,1.78284,1.00,1.00
2016.09.20 01:43:11.935,1.78228,1.7828,1.75,1.00
2016.09.20 01:43:11.986,1.78228,1.7828,1.00,1.00
2016.09.20 01:43:12.364,1.78224,1.78279,2.62,1.00
2016.09.20 01:43:12.415,1.78224,1.78279,1.87,1.00
2016.09.20 01:43:12.516,1.78224,1.78279,1.87,1.00
2016.09.20 01:43:13.554,1.78224,1.78279,1.50,1.00
2016.09.20 01:43:13.606,1.78224,1.78279,1.00,1.00
2016.09.20 01:43:15.595,1.78225,1.78279,1.00,1.00
2016.09.20 01:43:16.364,1.78225,1.78278,1.00,1.00
2016.09.20 01:43:18.426,1.78223,1.78278,1.50,1.00
2016.09.20 01:43:18.477,1.78223,1.78276,1.00,1.00
2016.09.20 01:43:18.708,1.78224,1.78276,1.00,1.00
2016.09.20 01:43:20.427,1.78224,1.78276,1.00,1.00
2016.09.20 01:43:20.857,1.78224,1.78273,1.00,1.00
2016.09.20 01:43:22.027,1.78224,1.78273,1.12,1.00
2016.09.20 01:43:22.626,1.78223,1.78273,1.12,1.00
2016.09.20 01:43:22.875,1.78223,1.78273,1.12,1.00
2016.09.20 01:43:24.739,1.78223,1.78273,1.00,1.00
2016.09.20 01:43:24.841,1.78224,1.78276,1.00,1.00
2016.09.20 01:43:25.923,1.78224,1.78275,1.00,1.00
2016.09.20 01:43:26.533,1.78224,1.78274,1.00,1.00
2016.09.20 01:43:29.683,1.78224,1.78263,1.00,1.00
2016.09.20 01:43:29.734,1.78223,1.78259,1.00,1.00
2016.09.20 01:43:29.835,1.78211,1.78256,1.50,1.00
2016.09.20 01:43:29.937,1.78211,1.78258,1.00,1.00
2016.09.20 01:43:29.988,1.78211,1.78263,1.50,1.00
2016.09.20 01:43:30.039,1.78211,1.78265,1.50,1.00
2016.09.20 01:43:30.141,1.78214,1.78267,1.37,1.00
2016.09.20 01:43:30.242,1.78218,1.7827,1.00,1.12
2016.09.20 01:43:30.293,1.78218,1.7827,1.00,1.00
2016.09.20 01:43:30.344,1.78218,1.7827,1.12,1.00
2016.09.20 01:43:30.547,1.78217,1.78269,1.37,1.00
2016.09.20 01:43:30.650,1.78217,1.78269,1.00,1.00
2016.09.20 01:43:31.806,1.78216,1.78272,1.12,1.00
2016.09.20 01:43:31.857,1.78219,1.78271,1.00,1.00
2016.09.20 01:43:31.907,1.78221,1.78273,1.00,1.00
2016.09.20 01:43:31.958,1.78221,1.78275,1.00,1.50
2016.09.20 01:43:32.009,1.78221,1.78273,1.00,1.00
2016.09.20 01:43:32.060,1.78221,1.78273,1.12,1.00
2016.09.20 01:43:32.111,1.78223,1.78275,1.00,1.00
2016.09.20 01:43:32.263,1.78225,1.78279,1.12,1.00
2016.09.20 01:43:32.532,1.78226,1.7828,1.37,1.00
2016.09.20 01:43:32.634,1.78226,1.7828,1.00,1.00
2016.09.20 01:43:32.736,1.78227,1.78281,1.12,1.00
2016.09.20 01:43:32.787,1.78228,1.78282,1.00,1.00
2016.09.20 01:43:33.393,1.78228,1.78282,1.12,1.00
2016.09.20 01:43:35.565,1.78228,1.78282,1.00,1.00
2016.09.20 01:43:38.925,1.78227,1.78279,1.00,1.00
2016.09.20 01:43:39.130,1.78226,1.78281,1.00,1.00
2016.09.20 01:43:39.181,1.78228,1.7828,1.00,1.00
2016.09.20 01:43:41.605,1.78227,1.7828,1.00,1.00
2016.09.20 01:43:41.656,1.78226,1.7828,1.00,1.00
2016.09.20 01:43:41.895,1.78228,1.7828,1.00,1.00
2016.09.20 01:43:42.897,1.78227,1.7828,1.00,1.00
2016.09.20 01:43:43.347,1.78228,1.7828,1.00,1.00
2016.09.20 01:43:43.635,1.78227,1.7828,1.00,1.00
2016.09.20 01:43:44.277,1.78227,1.78281,1.00,1.00
2016.09.20 01:43:44.524,1.78224,1.78276,1.50,1.00
2016.09.20 01:43:44.575,1.78223,1.78276,1.00,1.00
2016.09.20 01:43:44.625,1.78224,1.78276,1.12,1.00
2016.09.20 01:43:44.676,1.78224,1.78275,1.12,1.00
2016.09.20 01:43:44.954,1.78223,1.78275,1.37,1.00
2016.09.20 01:43:45.106,1.78222,1.78275,1.00,1.00
2016.09.20 01:43:45.157,1.78222,1.78275,1.00,1.00
2016.09.20 01:43:45.476,1.78222,1.78273,1.00,1.00
2016.09.20 01:43:46.518,1.78221,1.78273,1.12,1.00
2016.09.20 01:43:48.721,1.78221,1.78273,1.87,1.00
2016.09.20 01:43:48.905,1.78221,1.78273,1.50,1.00
2016.09.20 01:43:49.137,1.78221,1.78273,1.00,1.00
2016.09.20 01:43:49.189,1.78222,1.78276,1.00,1.00
2016.09.20 01:43:49.341,1.78221,1.78273,1.00,1.00
2016.09.20 01:43:49.392,1.78221,1.78273,1.00,1.00
2016.09.20 01:43:49.494,1.78219,1.78273,1.00,1.00
2016.09.20 01:43:50.164,1.78219,1.78273,1.00,1.00
2016.09.20 01:43:50.215,1.7822,1.78274,1.12,1.00
2016.09.20 01:43:50.684,1.78219,1.78273,1.37,1.00
2016.09.20 01:43:50.736,1.78219,1.78273,1.12,1.00
2016.09.20 01:43:55.221,1.78219,1.78273,1.37,1.00
2016.09.20 01:43:55.322,1.78221,1.78273,1.00,1.00
2016.09.20 01:44:00.382,1.78221,1.78273,1.34,1.00
2016.09.20 01:44:00.433,1.78233,1.78278,1.00,1.00
2016.09.20 01:44:00.484,1.78236,1.78281,1.00,1.12
2016.09.20 01:44:00.586,1.78237,1.78291,1.00,1.75
2016.09.20 01:44:00.637,1.78239,1.78291,1.00,1.37
2016.09.20 01:44:00.688,1.78239,1.78291,1.00,1.00
2016.09.20 01:44:04.213,1.78238,1.7829,1.12,1.00
2016.09.20 01:44:05.714,1.78238,1.7829,1.37,1.00
2016.09.20 01:44:06.346,1.78238,1.7829,1.00,1.00
2016.09.20 01:44:06.900,1.78237,1.78286,1.00,1.00
2016.09.20 01:44:06.953,1.78232,1.78282,1.00,1.00
2016.09.20 01:44:07.127,1.7823,1.78282,1.12,1.00
2016.09.20 01:44:07.628,1.78229,1.78281,1.12,1.00
2016.09.20 01:44:07.679,1.7823,1.78282,1.00,1.00
2016.09.20 01:44:09.550,1.7823,1.78282,1.37,1.00
2016.09.20 01:44:09.821,1.78231,1.78282,1.12,1.00
2016.09.20 01:44:09.973,1.78231,1.78282,1.37,1.00
2016.09.20 01:44:10.074,1.78231,1.78281,1.12,1.00
2016.09.20 01:44:10.125,1.78231,1.78283,1.12,1.00
2016.09.20 01:44:10.227,1.78231,1.78281,1.12,1.00
2016.09.20 01:44:11.285,1.78231,1.78284,1.37,1.00
2016.09.20 01:44:11.438,1.78232,1.78286,1.37,1.50
2016.09.20 01:44:11.541,1.78232,1.78286,1.87,1.50
2016.09.20 01:44:11.814,1.78232,1.78285,1.87,1.00
2016.09.20 01:44:12.352,1.78232,1.78285,1.37,1.00
2016.09.20 01:44:13.071,1.78233,1.78285,1.37,1.00
2016.09.20 01:44:19.594,1.78234,1.78285,1.12,1.00
2016.09.20 01:44:19.812,1.78234,1.78285,1.00,1.00
2016.09.20 01:44:20.956,1.78234,1.78285,1.00,1.00
2016.09.20 01:44:22.562,1.78234,1.78285,1.34,1.00
2016.09.20 01:44:22.613,1.78238,1.78285,1.00,1.00
2016.09.20 01:44:22.665,1.7824,1.78289,1.00,1.37
2016.09.20 01:44:22.767,1.78238,1.78291,1.00,1.00
2016.09.20 01:44:22.818,1.78237,1.78289,1.00,1.00
2016.09.20 01:44:23.213,1.78239,1.78292,1.00,1.00
2016.09.20 01:44:23.724,1.78239,1.78293,1.00,1.00
2016.09.20 01:44:23.949,1.78238,1.78291,1.00,1.00
2016.09.20 01:44:24.885,1.78239,1.78291,1.00,1.00
2016.09.20 01:44:27.077,1.78237,1.78291,1.00,1.00
2016.09.20 01:44:27.732,1.78238,1.78289,1.00,1.00
2016.09.20 01:44:28.234,1.78239,1.7829,1.00,1.00
2016.09.20 01:44:28.285,1.78237,1.78291,1.00,1.00
2016.09.20 01:44:29.580,1.78237,1.7829,1.00,1.00
2016.09.20 01:44:30.126,1.78236,1.7829,1.00,1.00
2016.09.20 01:44:30.278,1.78238,1.78289,1.00,1.00
2016.09.20 01:44:30.329,1.78238,1.78291,1.00,1.00
2016.09.20 01:44:30.380,1.78238,1.78289,1.00,1.00
2016.09.20 01:44:31.745,1.78238,1.78291,1.00,1.00
2016.09.20 01:44:32.828,1.78238,1.78289,1.00,1.00
2016.09.20 01:44:33.273,1.78237,1.78291,1.00,1.00
2016.09.20 01:44:33.324,1.78239,1.7829,1.00,1.00
2016.09.20 01:44:33.425,1.78237,1.78291,1.00,1.00
2016.09.20 01:44:34.027,1.78237,1.7829,1.00,1.00
2016.09.20 01:44:36.557,1.78237,1.7829,1.12,1.00
2016.09.20 01:44:36.909,1.78237,1.7829,1.00,1.00
2016.09.20 01:44:37.010,1.78239,1.7829,1.00,1.00
2016.09.20 01:44:38.040,1.78238,1.78289,1.00,1.00
2016.09.20 01:44:39.748,1.78238,1.78291,1.00,1.00
2016.09.20 01:44:40.096,1.78238,1.78291,1.50,1.00
2016.09.20 01:44:42.127,1.78238,1.7829,1.87,1.00
2016.09.20 01:44:42.279,1.78239,1.78292,1.00,1.00
2016.09.20 01:44:42.816,1.78239,1.7829,1.00,1.00
2016.09.20 01:44:42.867,1.78239,1.78292,1.00,1.00
2016.09.20 01:44:43.617,1.78239,1.78293,1.00,1.00
2016.09.20 01:44:44.164,1.7824,1.78291,1.00,1.00
2016.09.20 01:44:45.791,1.78238,1.78291,1.50,1.00
2016.09.20 01:44:48.113,1.78238,1.78291,1.87,1.00
2016.09.20 01:44:48.166,1.78238,1.78291,1.50,1.00
2016.09.20 01:44:54.888,1.78239,1.78291,1.00,1.00
2016.09.20 01:44:55.040,1.78238,1.7829,1.50,1.00
2016.09.20 01:44:55.091,1.78238,1.7829,1.00,1.00
2016.09.20 01:44:55.192,1.78237,1.7829,1.50,1.00
2016.09.20 01:44:55.344,1.78237,1.7829,1.50,1.00
2016.09.20 01:44:55.395,1.78238,1.7829,1.00,1.00
2016.09.20 01:44:55.446,1.78238,1.7829,1.37,1.00
2016.09.20 01:44:55.497,1.78237,1.78289,2.25,1.00
2016.09.20 01:44:55.547,1.78238,1.78289,1.00,1.00
2016.09.20 01:44:55.598,1.78237,1.7829,1.87,1.00
2016.09.20 01:44:56.352,1.78237,1.7829,1.87,1.00
2016.09.20 01:44:57.625,1.78237,1.7829,1.37,1.00
2016.09.20 01:45:01.287,1.78236,1.7829,2.25,1.00
2016.09.20 01:45:01.628,1.78236,1.7829,2.25,1.00
2016.09.20 01:45:02.589,1.78238,1.78289,1.37,1.00
2016.09.20 01:45:05.051,1.78238,1.78291,1.37,1.00
2016.09.20 01:45:05.205,1.78238,1.78291,1.00,1.00
2016.09.20 01:45:05.322,1.78238,1.78289,1.00,1.00
2016.09.20 01:45:05.481,1.78238,1.78289,1.12,1.00
2016.09.20 01:45:06.017,1.78238,1.78289,1.00,1.00
2016.09.20 01:45:07.995,1.78238,1.78289,1.50,1.00
2016.09.20 01:45:09.237,1.78238,1.78291,1.50,1.00
2016.09.20 01:45:09.450,1.78238,1.78289,1.50,1.00
2016.09.20 01:45:09.501,1.78238,1.78289,1.00,1.00
2016.09.20 01:45:10.390,1.78238,1.78289,1.12,1.00
2016.09.20 01:45:15.198,1.78238,1.7829,1.12,1.00
2016.09.20 01:45:17.054,1.78238,1.7829,1.37,1.00
2016.09.20 01:45:17.105,1.78238,1.7829,1.75,1.00
2016.09.20 01:45:17.218,1.78237,1.78291,1.50,1.00
2016.09.20 01:45:17.268,1.78236,1.7829,2.25,1.00
2016.09.20 01:45:17.319,1.78236,1.7829,2.25,1.00
2016.09.20 01:45:17.400,1.78236,1.7829,1.87,1.00
2016.09.20 01:45:17.451,1.78236,1.7829,1.87,1.00
2016.09.20 01:45:17.600,1.78236,1.7829,1.12,1.00
2016.09.20 01:45:18.803,1.78236,1.7829,1.50,1.00
2016.09.20 01:45:18.854,1.78236,1.7829,1.75,1.00
2016.09.20 01:45:20.441,1.78238,1.7829,1.00,1.00
2016.09.20 01:45:20.506,1.78236,1.7829,1.75,1.00
2016.09.20 01:45:21.198,1.78238,1.7829,1.12,1.00
2016.09.20 01:45:21.249,1.78239,1.78291,1.00,1.00
2016.09.20 01:45:22.044,1.78239,1.78291,1.37,1.00
2016.09.20 01:45:22.152,1.78239,1.78291,1.50,1.00
2016.09.20 01:45:23.693,1.7824,1.78292,1.12,1.00
2016.09.20 01:45:23.743,1.7824,1.78294,1.12,1.00
2016.09.20 01:45:23.939,1.78241,1.78292,1.00,1.00
2016.09.20 01:45:29.976,1.78241,1.78292,1.37,1.00
2016.09.20 01:45:30.077,1.7824,1.78293,1.75,1.00
2016.09.20 01:45:30.128,1.78241,1.78294,1.50,1.00
2016.09.20 01:45:30.229,1.78241,1.78292,1.50,1.00
2016.09.20 01:45:30.280,1.7824,1.78292,1.75,1.00
2016.09.20 01:45:30.741,1.7824,1.78291,1.37,1.00
2016.09.20 01:45:30.792,1.7824,1.78291,1.12,1.00
2016.09.20 01:45:31.024,1.78238,1.78292,1.75,1.00
2016.09.20 01:45:31.226,1.7824,1.78291,1.12,1.00
2016.09.20 01:45:31.504,1.78239,1.78291,1.50,1.00
2016.09.20 01:45:31.555,1.78237,1.7829,1.75,1.00
2016.09.20 01:45:31.935,1.78239,1.7829,1.00,1.00
2016.09.20 01:45:32.087,1.78237,1.7829,1.75,1.00
2016.09.20 01:45:32.138,1.78238,1.7829,1.00,1.00
2016.09.20 01:45:32.240,1.78238,1.78289,1.00,1.00
2016.09.20 01:45:32.680,1.78237,1.78288,1.37,1.00
2016.09.20 01:45:32.732,1.78237,1.78288,1.00,1.00
2016.09.20 01:45:33.481,1.78237,1.78288,1.37,1.00
2016.09.20 01:45:33.533,1.78238,1.78288,1.00,1.00
2016.09.20 01:45:33.858,1.78237,1.78288,1.50,1.00
2016.09.20 01:45:34.197,1.78235,1.78289,1.75,1.00
2016.09.20 01:45:34.583,1.78238,1.7829,1.50,1.50
2016.09.20 01:45:34.635,1.78241,1.78294,1.75,1.75
2016.09.20 01:45:34.938,1.78243,1.78294,1.00,1.00
2016.09.20 01:45:35.193,1.78241,1.78292,1.75,1.00
2016.09.20 01:45:35.244,1.78241,1.78293,1.50,1.00
2016.09.20 01:45:35.846,1.78241,1.78294,1.50,1.00
2016.09.20 01:45:38.373,1.78241,1.78294,1.12,1.00
2016.09.20 01:45:38.475,1.78241,1.78294,1.00,1.00
2016.09.20 01:45:39.400,1.78241,1.78293,1.00,1.00
2016.09.20 01:45:39.908,1.7824,1.78293,1.00,1.00
2016.09.20 01:45:39.959,1.7824,1.78293,1.50,1.00
2016.09.20 01:45:40.208,1.7824,1.78293,1.00,1.00
2016.09.20 01:45:40.596,1.7824,1.78291,1.00,1.00
2016.09.20 01:45:41.250,1.78239,1.78291,1.00,1.00
2016.09.20 01:45:42.083,1.7824,1.78291,1.00,1.00
2016.09.20 01:45:43.012,1.7824,1.78292,1.50,1.00
2016.09.20 01:45:45.049,1.7824,1.78292,1.50,1.00
2016.09.20 01:45:46.875,1.78241,1.78294,1.00,1.00
2016.09.20 01:45:46.926,1.7824,1.78292,1.50,1.00
2016.09.20 01:45:49.154,1.7824,1.78291,1.00,1.00
2016.09.20 01:45:49.205,1.7824,1.78291,1.00,1.00
2016.09.20 01:45:49.912,1.78241,1.78292,1.00,1.00
2016.09.20 01:45:53.086,1.78239,1.78291,1.50,1.00
2016.09.20 01:45:55.568,1.78241,1.78291,1.00,1.00
2016.09.20 01:45:55.845,1.78239,1.78291,1.50,1.00
2016.09.20 01:45:56.026,1.7824,1.78291,1.00,1.00
2016.09.20 01:45:56.608,1.78241,1.78291,1.00,1.00
2016.09.20 01:45:57.088,1.7824,1.78291,1.00,1.00
2016.09.20 01:45:57.578,1.78239,1.78291,1.00,1.00
2016.09.20 01:45:57.629,1.78237,1.7829,1.37,1.00
2016.09.20 01:45:57.730,1.78237,1.7829,1.00,1.00
2016.09.20 01:45:59.025,1.78237,1.7829,1.12,1.00
2016.09.20 01:45:59.182,1.78238,1.78291,1.00,1.00
2016.09.20 01:45:59.284,1.78238,1.78291,1.00,1.00
2016.09.20 01:46:00.261,1.78238,1.78289,1.00,1.00
2016.09.20 01:46:04.578,1.78236,1.78289,1.50,1.00
2016.09.20 01:46:04.629,1.78236,1.78289,1.00,1.00
2016.09.20 01:46:04.733,1.78236,1.78289,1.50,1.00
2016.09.20 01:46:04.788,1.78236,1.78289,1.12,1.00
2016.09.20 01:46:05.079,1.78235,1.78289,1.50,1.00
2016.09.20 01:46:05.130,1.78237,1.7829,1.00,1.00
2016.09.20 01:46:05.623,1.78243,1.78294,1.34,1.00
2016.09.20 01:46:05.674,1.78247,1.78297,1.00,1.50
2016.09.20 01:46:05.775,1.78256,1.78297,1.00,1.00
2016.09.20 01:46:05.826,1.78257,1.78307,1.00,1.00
2016.09.20 01:46:06.052,1.78257,1.78309,1.00,1.00
2016.09.20 01:46:06.633,1.78258,1.78309,1.00,1.00
2016.09.20 01:46:10.456,1.78256,1.78309,1.00,1.00
2016.09.20 01:46:10.842,1.78255,1.78308,1.00,1.00
2016.09.20 01:46:10.893,1.78251,1.78302,1.00,1.00
2016.09.20 01:46:10.944,1.78249,1.783,1.00,1.00
2016.09.20 01:46:11.451,1.78249,1.78301,1.00,1.00
2016.09.20 01:46:11.839,1.78248,1.78301,1.09,1.00
2016.09.20 01:46:11.890,1.7825,1.78301,1.00,1.00
2016.09.20 01:46:12.296,1.7825,1.78303,1.00,1.00
2016.09.20 01:46:12.652,1.7825,1.78301,1.00,1.00
2016.09.20 01:46:13.008,1.78249,1.78302,1.00,1.00
2016.09.20 01:46:13.591,1.78249,1.783,1.00,1.00
2016.09.20 01:46:13.971,1.78252,1.783,1.00,1.00
2016.09.20 01:46:16.044,1.78253,1.78303,1.00,1.00
2016.09.20 01:46:16.415,1.78253,1.78305,1.00,1.50
2016.09.20 01:46:16.963,1.78254,1.78305,1.00,1.50
2016.09.20 01:46:21.603,1.78253,1.78305,1.00,1.00
2016.09.20 01:46:21.654,1.78255,1.78305,1.00,1.00
2016.09.20 01:46:21.756,1.78255,1.78306,1.00,1.50
2016.09.20 01:46:26.154,1.78254,1.78305,1.00,1.00
2016.09.20 01:46:26.256,1.78254,1.78305,1.00,1.50
2016.09.20 01:46:26.357,1.78254,1.78305,1.00,1.00
2016.09.20 01:46:26.459,1.78254,1.78306,1.00,1.50
2016.09.20 01:46:26.509,1.78258,1.78306,1.00,1.00
2016.09.20 01:46:26.560,1.78259,1.78309,1.00,1.00
2016.09.20 01:46:26.865,1.78259,1.78312,1.00,1.00
2016.09.20 01:46:26.929,1.78261,1.78312,1.00,1.00
2016.09.20 01:46:27.634,1.78261,1.78311,1.50,1.00
2016.09.20 01:46:27.684,1.78261,1.78313,1.00,1.00
2016.09.20 01:46:28.150,1.78261,1.78311,1.00,1.00
2016.09.20 01:46:28.652,1.78261,1.78309,1.00,1.00
2016.09.20 01:46:29.161,1.78261,1.7831,1.00,1.00
2016.09.20 01:46:30.020,1.78259,1.7831,1.00,1.00
2016.09.20 01:46:31.125,1.78257,1.7831,1.00,1.00
2016.09.20 01:46:32.396,1.78256,1.78308,1.00,1.00
2016.09.20 01:46:32.873,1.78255,1.78307,1.50,1.00
2016.09.20 01:46:32.924,1.78256,1.78309,1.00,1.00
2016.09.20 01:46:33.310,1.78259,1.78311,1.00,1.00
2016.09.20 01:46:33.361,1.78256,1.78309,1.00,1.00
2016.09.20 01:46:34.152,1.78258,1.78309,1.00,1.00
2016.09.20 01:46:34.744,1.78257,1.78308,1.00,1.00
2016.09.20 01:46:35.395,1.78257,1.78307,1.00,1.00
2016.09.20 01:46:35.926,1.78256,1.78307,1.00,1.00
2016.09.20 01:46:36.475,1.78255,1.78307,1.50,1.00
2016.09.20 01:46:37.654,1.78255,1.78307,1.00,1.00
2016.09.20 01:46:47.872,1.78255,1.78306,1.00,1.00
2016.09.20 01:46:47.956,1.78255,1.78305,1.00,1.00
2016.09.20 01:46:48.108,1.78247,1.7829,1.00,1.00
2016.09.20 01:46:48.210,1.78242,1.78286,1.00,1.00
2016.09.20 01:46:48.261,1.78234,1.78285,1.34,1.00
2016.09.20 01:46:48.312,1.78235,1.78285,1.09,1.00
2016.09.20 01:46:48.727,1.78235,1.78287,1.84,1.00
2016.09.20 01:46:48.778,1.78238,1.78288,1.00,1.00
2016.09.20 01:46:48.829,1.78236,1.78289,1.00,1.00
2016.09.20 01:46:49.333,1.78237,1.78289,1.00,1.00
2016.09.20 01:46:52.286,1.78238,1.7829,1.00,1.00
2016.09.20 01:46:57.541,1.78235,1.78285,1.50,1.00
2016.09.20 01:46:57.592,1.78235,1.78287,1.50,1.00
2016.09.20 01:46:57.643,1.78235,1.78287,1.00,1.00
2016.09.20 01:46:57.693,1.78234,1.78285,1.00,1.00
2016.09.20 01:46:57.978,1.78235,1.78285,1.00,1.00
2016.09.20 01:46:58.379,1.78234,1.78287,2.62,1.00
2016.09.20 01:46:58.430,1.78239,1.78289,1.00,1.00
2016.09.20 01:46:58.632,1.78236,1.78288,1.00,1.00
2016.09.20 01:46:58.683,1.78238,1.78288,1.00,1.00
2016.09.20 01:46:58.734,1.7824,1.78291,1.00,1.00
2016.09.20 01:47:00.919,1.78235,1.78287,1.00,1.00
2016.09.20 01:47:01.021,1.78235,1.78287,1.50,1.00
2016.09.20 01:47:01.552,1.78235,1.78287,1.00,1.00
2016.09.20 01:47:01.604,1.78234,1.78287,1.50,1.00
2016.09.20 01:47:01.655,1.78234,1.78287,1.00,1.00
2016.09.20 01:47:01.706,1.78229,1.78281,2.25,1.00
2016.09.20 01:47:01.935,1.78226,1.78278,1.87,1.00
2016.09.20 01:47:01.986,1.78226,1.78278,1.50,1.00
2016.09.20 01:47:02.037,1.78226,1.78278,1.37,1.00
2016.09.20 01:47:02.087,1.78227,1.78279,1.00,1.00
2016.09.20 01:47:02.139,1.78225,1.78275,1.12,1.00
2016.09.20 01:47:02.189,1.78224,1.78275,1.00,1.00
2016.09.20 01:47:02.291,1.78223,1.78273,1.00,1.00
2016.09.20 01:47:02.393,1.78221,1.78273,1.50,1.00
2016.09.20 01:47:02.443,1.78221,1.78273,1.00,1.00
2016.09.20 01:47:02.740,1.78221,1.78273,1.00,1.50
2016.09.20 01:47:02.894,1.78222,1.78272,1.00,1.00
2016.09.20 01:47:03.104,1.78224,1.78274,1.00,1.50
2016.09.20 01:47:03.154,1.78221,1.78273,1.00,1.00
2016.09.20 01:47:05.420,1.78221,1.78273,1.00,1.50
2016.09.20 01:47:06.728,1.78221,1.78274,1.00,1.50
2016.09.20 01:47:06.779,1.78223,1.78274,1.00,1.00
2016.09.20 01:47:07.042,1.78223,1.78276,1.00,1.00
2016.09.20 01:47:07.478,1.78226,1.78276,1.00,1.00
2016.09.20 01:47:08.472,1.78224,1.78276,1.00,1.00
2016.09.20 01:47:08.978,1.78225,1.78275,1.00,1.00
2016.09.20 01:47:16.154,1.78225,1.78277,1.00,1.00
2016.09.20 01:47:16.693,1.78225,1.78276,1.00,1.00
2016.09.20 01:47:17.109,1.78224,1.78274,1.00,1.00
2016.09.20 01:47:17.211,1.78222,1.78274,1.00,1.00
2016.09.20 01:47:17.564,1.78225,1.78275,1.00,1.00
2016.09.20 01:47:18.099,1.78226,1.78276,1.00,1.00
2016.09.20 01:47:18.200,1.78224,1.78277,1.00,1.00
2016.09.20 01:47:22.015,1.78225,1.78277,1.00,1.00
2016.09.20 01:47:22.350,1.78222,1.78272,1.00,1.00
2016.09.20 01:47:25.623,1.78221,1.78271,1.00,1.00
2016.09.20 01:47:25.791,1.78221,1.78273,1.00,1.00
2016.09.20 01:47:33.725,1.78224,1.78276,1.00,1.00
2016.09.20 01:47:34.034,1.78226,1.78276,1.00,1.00
2016.09.20 01:47:34.845,1.78225,1.78275,1.00,1.00
2016.09.20 01:47:35.368,1.78224,1.78274,1.00,1.00
2016.09.20 01:47:38.359,1.78225,1.78277,1.00,1.00
2016.09.20 01:47:39.422,1.78223,1.78275,1.00,1.00
2016.09.20 01:47:39.888,1.78221,1.78273,1.00,1.00
2016.09.20 01:47:43.805,1.78222,1.78274,1.00,1.00
2016.09.20 01:47:44.110,1.78225,1.78277,1.00,1.00
2016.09.20 01:47:44.902,1.78223,1.78275,1.00,1.00
2016.09.20 01:47:45.548,1.78223,1.78276,1.00,1.00
2016.09.20 01:47:46.056,1.78224,1.78277,1.00,1.00
2016.09.20 01:47:46.386,1.78223,1.78275,1.00,1.00
2016.09.20 01:47:54.724,1.78222,1.78275,1.00,1.00
2016.09.20 01:47:55.501,1.78223,1.78275,1.00,1.00
2016.09.20 01:48:00.280,1.78224,1.78275,1.00,1.00
2016.09.20 01:48:00.805,1.78224,1.78276,1.00,1.00
2016.09.20 01:48:04.087,1.78227,1.78279,1.00,1.00
2016.09.20 01:48:06.008,1.78227,1.78278,1.00,1.00
2016.09.20 01:48:06.688,1.78226,1.78277,1.00,1.00
2016.09.20 01:48:07.023,1.78224,1.78277,1.00,1.00
2016.09.20 01:48:08.308,1.78226,1.78277,1.00,1.00
2016.09.20 01:48:09.968,1.78228,1.78278,1.00,1.00
2016.09.20 01:48:10.048,1.78228,1.7828,1.00,1.00
2016.09.20 01:48:10.099,1.78227,1.78277,1.00,1.00
2016.09.20 01:48:10.403,1.78222,1.78275,1.00,1.00
2016.09.20 01:48:10.674,1.78222,1.78272,1.00,1.00
2016.09.20 01:48:10.725,1.78221,1.78274,1.00,1.00
2016.09.20 01:48:11.266,1.78222,1.78274,1.00,1.00
2016.09.20 01:48:13.348,1.78223,1.78274,1.00,1.00
2016.09.20 01:48:13.783,1.78223,1.78276,1.00,1.00
2016.09.20 01:48:21.060,1.78224,1.78274,1.00,1.00
2016.09.20 01:48:21.475,1.78222,1.78275,1.00,1.00
2016.09.20 01:48:22.295,1.78224,1.78275,1.00,1.00
2016.09.20 01:48:23.251,1.78222,1.78275,1.00,1.00
2016.09.20 01:48:23.367,1.78224,1.78275,1.00,1.00
2016.09.20 01:48:24.417,1.78227,1.78278,1.00,1.00
2016.09.20 01:48:24.641,1.78238,1.78285,1.00,1.37
2016.09.20 01:48:24.692,1.7824,1.78285,1.00,1.00
2016.09.20 01:48:24.743,1.78246,1.78295,1.00,1.00
2016.09.20 01:48:24.794,1.78246,1.78295,1.00,1.00
2016.09.20 01:48:24.845,1.78244,1.78294,1.00,1.00
2016.09.20 01:48:25.048,1.78243,1.78296,1.00,1.00
2016.09.20 01:48:25.598,1.78243,1.78295,1.00,1.00
2016.09.20 01:48:36.798,1.78242,1.78292,1.00,1.00
2016.09.20 01:48:37.602,1.78235,1.7828,1.00,1.00
2016.09.20 01:48:37.653,1.78233,1.7828,1.00,1.00
2016.09.20 01:48:37.704,1.78228,1.78281,1.00,1.00
2016.09.20 01:48:38.037,1.7823,1.78281,1.00,1.00
2016.09.20 01:48:40.901,1.78228,1.78278,1.00,1.00
2016.09.20 01:48:41.622,1.78223,1.78273,1.00,1.00
2016.09.20 01:48:41.673,1.78221,1.78271,1.37,1.00
2016.09.20 01:48:41.723,1.78221,1.78271,1.37,1.00
2016.09.20 01:48:41.774,1.7822,1.78271,1.00,1.00
2016.09.20 01:48:41.978,1.78222,1.78275,1.50,1.00
2016.09.20 01:48:42.904,1.78222,1.78273,1.50,1.00
2016.09.20 01:48:42.956,1.78222,1.78273,1.00,1.00
2016.09.20 01:48:46.630,1.78223,1.78273,1.00,1.00
2016.09.20 01:48:48.148,1.78222,1.78275,1.50,1.00
2016.09.20 01:48:48.398,1.78224,1.78275,1.00,1.00
2016.09.20 01:48:48.728,1.78226,1.78275,1.00,1.00
2016.09.20 01:48:48.877,1.78224,1.78275,1.50,1.00
2016.09.20 01:48:49.102,1.78224,1.78275,1.00,1.00
2016.09.20 01:48:51.222,1.78225,1.78276,1.00,1.00
2016.09.20 01:48:51.374,1.78232,1.78278,1.00,1.00
2016.09.20 01:48:51.425,1.78235,1.78288,1.00,1.50
2016.09.20 01:48:51.476,1.78234,1.78285,1.00,1.00
2016.09.20 01:48:51.526,1.78234,1.78281,1.50,1.00
2016.09.20 01:48:51.577,1.78234,1.78279,1.00,1.00
2016.09.20 01:48:51.729,1.78228,1.78278,1.00,1.00
2016.09.20 01:48:51.964,1.78226,1.78278,1.50,1.00
2016.09.20 01:48:52.528,1.78226,1.78279,1.50,1.00
2016.09.20 01:48:53.427,1.78227,1.78279,1.00,1.00
2016.09.20 01:48:53.478,1.78227,1.78279,1.00,1.00
2016.09.20 01:48:54.221,1.78226,1.78277,1.50,1.00
2016.09.20 01:48:54.408,1.78226,1.78277,1.00,1.00
2016.09.20 01:48:54.459,1.78226,1.78277,1.00,1.00
2016.09.20 01:48:54.984,1.78228,1.78277,1.00,1.00
2016.09.20 01:48:55.186,1.78229,1.78279,1.00,1.00
2016.09.20 01:48:55.237,1.78229,1.78279,1.50,1.00
2016.09.20 01:48:55.559,1.7823,1.78279,1.00,1.00
2016.09.20 01:48:55.610,1.7823,1.78281,1.00,1.00
2016.09.20 01:48:55.894,1.78232,1.78281,1.00,1.00
2016.09.20 01:48:56.591,1.78229,1.78281,1.50,1.00
2016.09.20 01:48:56.685,1.78229,1.7828,1.00,1.00
2016.09.20 01:48:57.225,1.78229,1.78282,1.50,1.00
2016.09.20 01:48:58.417,1.78233,1.78286,1.00,1.00
2016.09.20 01:48:58.569,1.78242,1.78293,1.50,1.00
2016.09.20 01:48:58.620,1.78242,1.78293,2.25,1.00
2016.09.20 01:48:58.670,1.78243,1.78293,1.00,1.00
2016.09.20 01:48:59.293,1.78244,1.78294,1.00,1.00
2016.09.20 01:48:59.395,1.78244,1.78294,1.50,1.00
2016.09.20 01:49:00.066,1.78244,1.78296,1.50,1.00
2016.09.20 01:49:00.139,1.78242,1.78294,1.00,1.00
2016.09.20 01:49:00.448,1.78242,1.78294,1.00,1.00
2016.09.20 01:49:00.676,1.78242,1.78291,1.00,1.00
2016.09.20 01:49:00.883,1.78242,1.78293,1.00,1.00
2016.09.20 01:49:00.985,1.78242,1.78291,1.00,1.00
2016.09.20 01:49:01.036,1.78242,1.78293,1.00,1.00
2016.09.20 01:49:01.138,1.78241,1.78293,1.50,1.00
2016.09.20 01:49:01.639,1.78242,1.78292,1.00,1.00
2016.09.20 01:49:02.731,1.78241,1.78291,1.00,1.00
2016.09.20 01:49:04.183,1.78241,1.7829,1.00,1.00
2016.09.20 01:49:04.234,1.78242,1.78293,1.00,1.00
2016.09.20 01:49:04.335,1.78244,1.78294,1.00,1.00
2016.09.20 01:49:04.386,1.78244,1.78294,1.50,1.00
2016.09.20 01:49:04.538,1.78244,1.78295,1.00,1.00
2016.09.20 01:49:04.847,1.78241,1.7829,1.50,1.00
2016.09.20 01:49:04.898,1.78241,1.78289,1.00,1.00
2016.09.20 01:49:05.362,1.78237,1.78289,1.09,1.00
2016.09.20 01:49:05.754,1.78237,1.78287,1.84,1.00
2016.09.20 01:49:07.863,1.78237,1.78289,1.84,1.00
2016.09.20 01:49:08.896,1.78237,1.78289,2.59,1.00
2016.09.20 01:49:09.013,1.78237,1.78289,1.84,1.00
2016.09.20 01:49:13.431,1.78236,1.78289,1.71,1.00
2016.09.20 01:49:13.482,1.78238,1.7829,1.00,1.00
2016.09.20 01:49:14.020,1.78237,1.78289,1.00,1.00
2016.09.20 01:49:14.415,1.78237,1.78287,1.00,1.00
2016.09.20 01:49:14.930,1.78236,1.78287,1.00,1.00
2016.09.20 01:49:15.367,1.78239,1.7829,1.00,1.00
2016.09.20 01:49:15.901,1.78238,1.78291,1.00,1.00
2016.09.20 01:49:17.214,1.78237,1.7829,1.00,1.00
2016.09.20 01:49:17.724,1.78237,1.78287,1.00,1.00
2016.09.20 01:49:20.115,1.78235,1.78288,1.84,1.00
2016.09.20 01:49:20.175,1.78235,1.78288,1.09,1.00
2016.09.20 01:49:22.639,1.78234,1.78287,2.59,1.00
2016.09.20 01:49:22.690,1.78235,1.78287,1.09,1.00
2016.09.20 01:49:22.893,1.78234,1.78287,2.59,1.00
2016.09.20 01:49:22.953,1.78235,1.78287,1.09,1.00
2016.09.20 01:49:23.389,1.78234,1.78285,1.84,1.00
2016.09.20 01:49:23.491,1.78234,1.78284,1.34,1.00
2016.09.20 01:49:23.731,1.78234,1.78286,1.00,1.00
2016.09.20 01:49:23.783,1.78229,1.78273,1.00,1.00
2016.09.20 01:49:23.884,1.78224,1.78273,1.00,1.00
2016.09.20 01:49:24.154,1.78225,1.78276,1.00,1.00
2016.09.20 01:49:24.209,1.78227,1.78277,1.50,1.00
2016.09.20 01:49:24.260,1.78229,1.7828,1.00,1.00
2016.09.20 01:49:24.362,1.78229,1.78282,1.00,1.00
2016.09.20 01:49:24.463,1.78231,1.78282,1.00,1.00
2016.09.20 01:49:24.514,1.78229,1.78282,1.00,1.00
2016.09.20 01:49:27.009,1.78229,1.78281,1.00,1.00
2016.09.20 01:49:28.147,1.78229,1.7828,1.00,1.00
2016.09.20 01:49:29.136,1.7823,1.78282,1.00,1.00
2016.09.20 01:49:33.549,1.78229,1.78279,1.50,1.00
2016.09.20 01:49:33.723,1.7823,1.78281,1.00,1.00
2016.09.20 01:49:33.875,1.7823,1.78283,1.00,1.00
2016.09.20 01:49:35.226,1.7823,1.78283,1.00,1.00
2016.09.20 01:49:35.755,1.7823,1.78282,1.00,1.00
2016.09.20 01:49:35.806,1.7823,1.78281,1.00,1.00
2016.09.20 01:49:35.958,1.78229,1.7828,1.00,1.00
2016.09.20 01:49:36.009,1.78227,1.78279,1.50,1.00
2016.09.20 01:49:36.399,1.78228,1.78278,1.00,1.00
2016.09.20 01:49:36.749,1.78228,1.7828,1.00,1.00
2016.09.20 01:49:36.901,1.78227,1.7828,1.50,1.00
2016.09.20 01:49:36.952,1.78228,1.78278,1.00,1.00
2016.09.20 01:49:37.205,1.78232,1.78282,1.00,1.00
2016.09.20 01:49:37.256,1.78233,1.78285,1.00,1.00
2016.09.20 01:49:37.358,1.78234,1.78285,1.00,1.00
2016.09.20 01:49:37.560,1.78234,1.78286,1.50,1.00
2016.09.20 01:49:37.613,1.78235,1.78286,1.00,1.00
2016.09.20 01:49:37.895,1.78235,1.78287,1.50,1.00
2016.09.20 01:49:38.220,1.78235,1.78282,1.00,1.00
2016.09.20 01:49:38.372,1.78235,1.78279,1.00,1.00
2016.09.20 01:49:38.423,1.78233,1.78277,1.00,1.00
2016.09.20 01:49:38.697,1.78228,1.78277,1.00,1.00
2016.09.20 01:49:43.862,1.78228,1.78279,1.00,1.00
2016.09.20 01:49:46.982,1.78229,1.78279,1.00,1.00
2016.09.20 01:49:47.033,1.78229,1.78279,1.00,1.00
2016.09.20 01:49:47.134,1.7823,1.78283,1.00,1.00
2016.09.20 01:49:47.185,1.78233,1.78284,1.00,1.00
2016.09.20 01:49:47.287,1.78236,1.78289,1.00,1.00
2016.09.20 01:49:47.337,1.78245,1.78292,1.00,1.00
2016.09.20 01:49:47.388,1.78247,1.78292,1.00,1.00
2016.09.20 01:49:47.439,1.78252,1.78302,1.00,1.00
2016.09.20 01:49:47.541,1.78252,1.78304,1.00,1.00
2016.09.20 01:49:47.642,1.78254,1.78305,1.00,1.00
2016.09.20 01:49:47.743,1.78258,1.78308,1.00,1.00
2016.09.20 01:49:47.975,1.78255,1.78307,1.00,1.00
2016.09.20 01:49:48.545,1.78255,1.78305,1.00,1.00
2016.09.20 01:49:48.967,1.78255,1.78307,1.00,1.00
2016.09.20 01:49:49.635,1.78256,1.78308,1.00,1.00
2016.09.20 01:49:50.182,1.78257,1.78309,1.00,1.00
2016.09.20 01:49:53.453,1.78258,1.7831,1.00,1.00
2016.09.20 01:49:54.927,1.78255,1.78307,1.00,1.00
2016.09.20 01:49:55.130,1.78253,1.78306,1.00,1.00
2016.09.20 01:49:55.193,1.78253,1.78306,1.00,1.00
2016.09.20 01:49:55.696,1.78257,1.78309,1.00,1.00
2016.09.20 01:49:56.745,1.78256,1.78308,1.00,1.00
2016.09.20 01:49:57.166,1.78259,1.78309,1.00,1.00
2016.09.20 01:49:58.733,1.78258,1.78308,1.00,1.00
2016.09.20 01:49:58.936,1.78252,1.78304,1.00,1.00
2016.09.20 01:50:00.129,1.78252,1.78302,1.00,1.00
2016.09.20 01:50:00.438,1.78256,1.78306,1.00,1.00
2016.09.20 01:50:01.057,1.78255,1.78307,1.00,1.00
2016.09.20 01:50:01.980,1.78252,1.78304,1.00,1.00
2016.09.20 01:50:02.958,1.78252,1.78304,1.00,1.00
2016.09.20 01:50:04.294,1.78253,1.78305,1.00,1.00
2016.09.20 01:50:05.717,1.78253,1.78303,1.00,1.00
2016.09.20 01:50:06.849,1.78253,1.78305,1.00,1.00
2016.09.20 01:50:07.373,1.78252,1.78304,1.00,1.00
2016.09.20 01:50:09.713,1.78253,1.78305,1.00,1.00
2016.09.20 01:50:11.323,1.78262,1.78308,1.00,1.00
2016.09.20 01:50:11.374,1.78262,1.78314,1.00,1.75
2016.09.20 01:50:11.425,1.78262,1.78314,1.00,1.00
2016.09.20 01:50:11.950,1.78263,1.78315,1.00,1.00
2016.09.20 01:50:12.055,1.78263,1.78313,1.00,1.00
2016.09.20 01:50:12.106,1.78261,1.78313,1.00,1.00
2016.09.20 01:50:12.411,1.7826,1.7831,1.00,1.00
2016.09.20 01:50:13.012,1.78259,1.78309,1.00,1.00
2016.09.20 01:50:14.465,1.78261,1.78313,1.00,1.00
2016.09.20 01:50:14.516,1.78263,1.78313,1.00,1.00
2016.09.20 01:50:14.566,1.78263,1.78315,1.00,1.00
2016.09.20 01:50:14.718,1.78267,1.78316,1.00,1.00
2016.09.20 01:50:14.820,1.78267,1.78317,1.00,1.00
2016.09.20 01:50:14.921,1.78269,1.78321,1.00,1.00
2016.09.20 01:50:15.448,1.78269,1.78321,1.50,1.00
2016.09.20 01:50:15.769,1.78271,1.78321,1.00,1.00
2016.09.20 01:50:17.130,1.7827,1.7832,1.00,1.00
2016.09.20 01:50:17.181,1.7827,1.7832,1.00,1.00
2016.09.20 01:50:17.695,1.7827,1.7832,1.00,1.00
2016.09.20 01:50:17.746,1.78269,1.78318,1.00,1.00
2016.09.20 01:50:17.797,1.78265,1.78315,1.50,1.00
2016.09.20 01:50:18.250,1.78265,1.78315,1.00,1.00
2016.09.20 01:50:18.567,1.78264,1.78317,1.00,1.00
2016.09.20 01:50:18.618,1.78266,1.78316,1.00,1.00
2016.09.20 01:50:19.227,1.78266,1.78317,1.00,1.00
2016.09.20 01:50:24.200,1.78267,1.78317,1.00,1.00
2016.09.20 01:50:24.602,1.78272,1.78324,1.00,1.50
2016.09.20 01:50:24.804,1.78274,1.78324,1.00,1.00
2016.09.20 01:50:25.108,1.78277,1.78327,1.00,1.00
2016.09.20 01:50:26.967,1.78276,1.78326,1.00,1.00
2016.09.20 01:50:29.999,1.78275,1.78325,1.00,1.00
2016.09.20 01:50:30.467,1.78272,1.78324,1.00,1.00
2016.09.20 01:50:30.744,1.78268,1.7831,1.00,1.00
2016.09.20 01:50:30.795,1.78258,1.78308,1.00,1.00
2016.09.20 01:50:31.797,1.78257,1.78308,1.00,1.00
2016.09.20 01:50:32.508,1.78257,1.78307,1.00,1.00
2016.09.20 01:50:33.208,1.78258,1.78308,1.00,1.00
2016.09.20 01:50:43.719,1.78257,1.78307,1.00,1.00
2016.09.20 01:50:43.769,1.78257,1.78307,1.00,1.00
2016.09.20 01:50:43.861,1.78255,1.78308,1.50,1.00
2016.09.20 01:50:43.912,1.78255,1.78307,1.00,1.00
2016.09.20 01:50:43.963,1.78255,1.78307,1.00,1.00
2016.09.20 01:50:44.596,1.78253,1.78305,1.00,1.00
2016.09.20 01:50:44.647,1.78252,1.78304,1.50,1.00
2016.09.20 01:50:44.698,1.78254,1.78305,1.00,1.00
2016.09.20 01:50:45.422,1.78254,1.78305,1.50,1.00
2016.09.20 01:50:45.971,1.78254,1.78306,1.50,1.00
2016.09.20 01:50:46.359,1.78255,1.78307,1.00,1.00
2016.09.20 01:50:54.377,1.78256,1.78307,1.00,1.00
2016.09.20 01:50:56.701,1.78256,1.78307,1.50,1.00
2016.09.20 01:50:56.803,1.78257,1.78308,1.00,1.00
2016.09.20 01:50:57.074,1.78259,1.78311,1.50,1.00
2016.09.20 01:50:57.331,1.78259,1.78311,1.00,1.00
2016.09.20 01:50:59.792,1.78259,1.78311,1.50,1.00
2016.09.20 01:51:02.320,1.78259,1.78311,1.50,1.50
2016.09.20 01:51:03.279,1.78259,1.78309,1.00,1.00
2016.09.20 01:51:03.778,1.78259,1.78311,1.00,1.50
2016.09.20 01:51:04.526,1.78259,1.78309,1.00,1.00
2016.09.20 01:51:04.628,1.78257,1.78309,1.00,1.00
2016.09.20 01:51:05.324,1.78256,1.78308,1.50,1.00
2016.09.20 01:51:05.396,1.78256,1.78307,1.00,1.00
2016.09.20 01:51:05.947,1.78255,1.78308,1.00,1.00
2016.09.20 01:51:05.998,1.78257,1.78307,1.00,1.00
2016.09.20 01:51:07.560,1.78256,1.78307,1.00,1.00
2016.09.20 01:51:08.101,1.78257,1.78307,1.00,1.00
2016.09.20 01:51:10.595,1.78257,1.78309,1.50,1.00
2016.09.20 01:51:10.797,1.78259,1.78309,1.00,1.00
2016.09.20 01:51:10.848,1.78259,1.78311,1.00,1.00
2016.09.20 01:51:12.675,1.78259,1.78312,1.00,1.50
2016.09.20 01:51:12.776,1.7826,1.78312,1.00,1.00
2016.09.20 01:51:13.291,1.78259,1.78311,1.00,1.00
2016.09.20 01:51:14.105,1.78258,1.7831,1.00,1.00
2016.09.20 01:51:15.691,1.78256,1.78308,1.00,1.00
2016.09.20 01:51:15.742,1.78256,1.78306,1.00,1.00
2016.09.20 01:51:15.793,1.78255,1.78306,1.00,1.00
2016.09.20 01:51:16.046,1.78253,1.78305,1.00,1.00
2016.09.20 01:51:16.408,1.78253,1.78305,1.50,1.00
2016.09.20 01:51:18.338,1.78255,1.78306,1.00,1.00
2016.09.20 01:51:18.528,1.78255,1.78306,1.50,1.00
2016.09.20 01:51:19.055,1.78255,1.78307,1.50,1.00
2016.09.20 01:51:19.157,1.78255,1.78307,1.00,1.00
2016.09.20 01:51:19.611,1.78255,1.78307,1.50,1.00
2016.09.20 01:51:27.015,1.78257,1.78307,1.00,1.00
2016.09.20 01:51:27.167,1.78259,1.78309,1.50,1.00
2016.09.20 01:51:27.218,1.78259,1.78309,1.00,1.00
2016.09.20 01:51:27.319,1.78258,1.78309,1.50,1.00
2016.09.20 01:51:28.120,1.78259,1.78309,1.00,1.00
2016.09.20 01:51:28.656,1.78259,1.7831,1.00,1.00
2016.09.20 01:51:33.074,1.7826,1.7831,1.00,1.00
2016.09.20 01:51:34.704,1.78259,1.7831,1.00,1.00
2016.09.20 01:51:34.907,1.78261,1.78311,1.00,1.00
2016.09.20 01:51:35.218,1.78259,1.78309,1.00,1.00
2016.09.20 01:51:35.421,1.78262,1.78313,1.00,1.00
2016.09.20 01:51:36.124,1.7826,1.7831,1.00,1.00
2016.09.20 01:51:36.175,1.7826,1.78313,1.00,1.00
2016.09.20 01:51:36.379,1.78259,1.7831,1.00,1.00
2016.09.20 01:51:36.430,1.78259,1.78312,1.00,1.00
2016.09.20 01:51:36.481,1.78259,1.78309,1.00,1.00
2016.09.20 01:51:37.231,1.78259,1.7831,1.00,1.00
2016.09.20 01:51:37.435,1.7826,1.78311,1.50,1.00
2016.09.20 01:51:37.638,1.7826,1.7831,1.00,1.00
2016.09.20 01:51:37.740,1.78261,1.78312,1.00,1.00
2016.09.20 01:51:38.611,1.78262,1.78312,1.00,1.00
2016.09.20 01:51:39.790,1.78262,1.78314,1.00,1.00
2016.09.20 01:51:40.577,1.78263,1.78314,1.00,1.00
2016.09.20 01:51:40.628,1.78268,1.7832,1.00,1.00
2016.09.20 01:51:40.730,1.78266,1.78316,1.00,1.00
2016.09.20 01:51:40.831,1.78265,1.78312,1.50,1.00
2016.09.20 01:51:40.933,1.78265,1.78312,1.00,1.00
2016.09.20 01:51:40.984,1.7826,1.7831,1.00,1.00
2016.09.20 01:51:41.085,1.78258,1.78309,1.00,1.00
2016.09.20 01:51:41.136,1.78258,1.78309,1.50,1.00
2016.09.20 01:51:41.237,1.78258,1.78309,1.00,1.00
2016.09.20 01:51:41.339,1.78259,1.78311,1.00,1.00
2016.09.20 01:51:41.909,1.78258,1.7831,1.00,1.00
2016.09.20 01:51:49.624,1.78257,1.78308,1.00,1.00
2016.09.20 01:51:50.082,1.78257,1.7831,1.00,1.00
2016.09.20 01:51:50.732,1.78258,1.7831,1.00,1.00
2016.09.20 01:51:50.935,1.7826,1.78312,1.00,1.00
2016.09.20 01:51:51.239,1.78258,1.78309,1.00,1.00
2016.09.20 01:51:51.840,1.78257,1.78309,1.00,1.00
2016.09.20 01:51:51.998,1.78258,1.7831,1.50,1.00
2016.09.20 01:51:54.640,1.78258,1.78308,1.50,1.00
2016.09.20 01:51:54.913,1.78258,1.78308,1.00,1.00
2016.09.20 01:51:54.963,1.78259,1.78311,1.00,1.00
2016.09.20 01:51:55.110,1.78259,1.78312,1.00,1.50
2016.09.20 01:51:57.622,1.78259,1.78312,1.00,1.00
2016.09.20 01:51:58.124,1.78262,1.78314,1.00,1.00
2016.09.20 01:51:58.462,1.78264,1.78314,1.00,1.00
2016.09.20 01:51:58.614,1.78261,1.78313,1.50,1.00
2016.09.20 01:51:58.867,1.7826,1.78312,1.00,1.00
2016.09.20 01:51:59.207,1.78258,1.78309,1.00,1.00
2016.09.20 01:51:59.802,1.78258,1.7831,1.00,1.00
2016.09.20 01:52:03.283,1.78259,1.7831,1.00,1.00
2016.09.20 01:52:04.426,1.7826,1.7831,1.00,1.00
2016.09.20 01:52:04.528,1.7826,1.78312,1.00,1.00
2016.09.20 01:52:04.680,1.78259,1.78313,1.50,1.00
2016.09.20 01:52:04.731,1.78259,1.78311,1.50,1.00
2016.09.20 01:52:04.984,1.78259,1.78311,1.00,1.00
2016.09.20 01:52:05.639,1.7826,1.78312,1.00,1.00
2016.09.20 01:52:07.899,1.78259,1.78311,1.00,1.00
2016.09.20 01:52:10.925,1.78257,1.78306,1.00,1.00
2016.09.20 01:52:10.977,1.78256,1.78306,1.50,1.00
2016.09.20 01:52:11.028,1.78256,1.78305,1.00,1.00
2016.09.20 01:52:11.079,1.78254,1.78305,1.00,1.00
2016.09.20 01:52:11.232,1.78255,1.78306,1.00,1.00
2016.09.20 01:52:11.283,1.78257,1.78306,1.50,1.00
2016.09.20 01:52:11.809,1.78257,1.78307,1.50,1.00
2016.09.20 01:52:13.381,1.78257,1.78306,1.50,1.00
2016.09.20 01:52:14.695,1.78259,1.78306,1.00,1.00
2016.09.20 01:52:14.746,1.78261,1.78306,1.00,1.00
2016.09.20 01:52:14.797,1.78261,1.78313,1.00,1.00
2016.09.20 01:52:15.110,1.78261,1.78311,1.00,1.00
2016.09.20 01:52:16.721,1.78259,1.78312,1.00,1.00
2016.09.20 01:52:16.772,1.78257,1.78307,1.00,1.00
2016.09.20 01:52:17.127,1.78255,1.78306,1.50,1.00
2016.09.20 01:52:17.279,1.78254,1.78305,1.00,1.00
2016.09.20 01:52:17.617,1.78254,1.78305,1.50,1.00
2016.09.20 01:52:19.668,1.78256,1.78306,1.00,1.00
2016.09.20 01:52:19.744,1.78256,1.78307,1.00,1.50
2016.09.20 01:52:19.794,1.78256,1.78307,1.00,1.00
2016.09.20 01:52:22.059,1.78257,1.78307,1.00,1.00
2016.09.20 01:52:22.161,1.78259,1.78311,1.00,1.00
2016.09.20 01:52:22.697,1.78258,1.78311,1.50,1.00
2016.09.20 01:52:23.002,1.78258,1.78311,1.00,1.00
2016.09.20 01:52:24.406,1.78258,1.7831,1.00,1.00
2016.09.20 01:52:24.699,1.7826,1.7831,1.00,1.00
2016.09.20 01:52:28.924,1.78258,1.78311,1.50,1.00
2016.09.20 01:52:29.253,1.7826,1.7831,1.00,1.00
2016.09.20 01:52:29.304,1.7826,1.78312,1.00,1.00
2016.09.20 01:52:29.355,1.78261,1.78311,1.00,1.00
2016.09.20 01:52:29.405,1.78261,1.78312,1.00,1.50
2016.09.20 01:52:29.507,1.78262,1.78312,1.00,1.00
2016.09.20 01:52:33.903,1.78262,1.78314,1.00,1.00
2016.09.20 01:52:34.439,1.78262,1.78312,1.00,1.00
2016.09.20 01:52:34.490,1.78262,1.78314,1.00,1.00
2016.09.20 01:52:34.591,1.78261,1.78312,1.00,1.00
2016.09.20 01:52:35.317,1.78261,1.78311,1.00,1.00
2016.09.20 01:52:36.056,1.7826,1.7831,1.50,1.00
2016.09.20 01:52:36.218,1.7826,1.7831,1.00,1.00
2016.09.20 01:52:36.289,1.78259,1.78309,1.50,1.00
2016.09.20 01:52:36.711,1.78261,1.78313,1.00,1.00
2016.09.20 01:52:37.016,1.78263,1.78313,1.00,1.00
2016.09.20 01:52:38.133,1.78263,1.78313,1.50,1.00
2016.09.20 01:52:38.300,1.78263,1.78315,1.00,1.00
2016.09.20 01:52:38.351,1.78263,1.78315,1.50,1.00
2016.09.20 01:52:39.856,1.78265,1.78315,1.00,1.00
2016.09.20 01:52:39.907,1.78265,1.78317,1.00,1.00
2016.09.20 01:52:42.432,1.78266,1.78317,1.00,1.00
2016.09.20 01:52:42.584,1.78267,1.78319,1.00,1.00
2016.09.20 01:52:42.635,1.78267,1.78319,1.00,1.50
2016.09.20 01:52:42.737,1.78268,1.78319,1.00,1.00
2016.09.20 01:52:42.889,1.78267,1.78317,1.00,1.00
2016.09.20 01:52:43.418,1.78266,1.78316,1.00,1.00
2016.09.20 01:52:44.196,1.78265,1.78315,1.00,1.00
2016.09.20 01:52:44.247,1.78265,1.78315,1.00,1.00
2016.09.20 01:52:45.192,1.78265,1.78317,1.00,1.00
2016.09.20 01:52:45.631,1.78266,1.78318,1.50,1.00
2016.09.20 01:52:45.732,1.78268,1.78318,1.00,1.00
2016.09.20 01:52:46.997,1.78268,1.78317,1.00,1.00
2016.09.20 01:52:47.149,1.78266,1.78317,1.00,1.00
2016.09.20 01:52:47.800,1.78267,1.78318,1.00,1.00
2016.09.20 01:52:48.473,1.78267,1.78319,1.00,1.00
2016.09.20 01:52:48.738,1.7827,1.7832,1.00,1.00
2016.09.20 01:52:48.790,1.78268,1.78321,1.50,1.00
2016.09.20 01:52:48.892,1.7827,1.78321,1.00,1.00
2016.09.20 01:52:49.431,1.7827,1.7832,1.00,1.00
2016.09.20 01:52:50.536,1.78271,1.78321,1.00,1.00
2016.09.20 01:52:50.860,1.78271,1.78321,1.00,1.50
2016.09.20 01:52:51.247,1.7827,1.7832,1.00,1.00
2016.09.20 01:53:00.078,1.78268,1.7832,1.50,1.00
2016.09.20 01:53:00.129,1.78268,1.7832,1.00,1.00
2016.09.20 01:53:00.180,1.78267,1.78319,1.50,1.00
2016.09.20 01:53:02.966,1.78268,1.7832,1.00,1.00
2016.09.20 01:53:03.311,1.78267,1.78317,1.00,1.00
2016.09.20 01:53:03.642,1.78267,1.78317,1.00,1.50
2016.09.20 01:53:03.725,1.78266,1.78316,1.00,1.00
2016.09.20 01:53:04.302,1.78266,1.78317,1.00,1.00
2016.09.20 01:53:07.380,1.78266,1.78317,1.00,1.50
2016.09.20 01:53:10.447,1.78267,1.78317,1.00,1.50
2016.09.20 01:53:10.498,1.78267,1.78317,1.00,1.00
2016.09.20 01:53:10.549,1.7827,1.78318,1.00,1.00
2016.09.20 01:53:10.701,1.78269,1.78321,1.00,1.37
2016.09.20 01:53:10.752,1.78268,1.78319,1.00,1.00
2016.09.20 01:53:10.936,1.78268,1.78319,1.50,1.00
2016.09.20 01:53:11.337,1.78268,1.7832,1.50,1.09
2016.09.20 01:53:12.631,1.78268,1.7832,1.00,1.09
2016.09.20 01:53:12.783,1.78266,1.78318,1.50,1.00
2016.09.20 01:53:12.834,1.78268,1.78318,1.00,1.00
2016.09.20 01:53:16.968,1.78269,1.78319,1.00,1.00
2016.09.20 01:53:17.313,1.7827,1.7832,1.00,1.09
2016.09.20 01:53:18.022,1.78268,1.7832,1.00,1.09
2016.09.20 01:53:18.094,1.7827,1.7832,1.00,1.09
2016.09.20 01:53:18.145,1.7827,1.7832,1.00,1.00
2016.09.20 01:53:19.185,1.78268,1.7832,1.50,1.00
2016.09.20 01:53:23.227,1.78268,1.78319,1.00,1.00
2016.09.20 01:53:23.328,1.78268,1.78317,1.00,1.00
2016.09.20 01:53:24.228,1.78268,1.78317,1.50,1.00
2016.09.20 01:53:24.279,1.78269,1.78317,1.00,1.00
2016.09.20 01:53:24.331,1.78269,1.78319,1.00,1.00
2016.09.20 01:53:25.279,1.78269,1.7832,1.00,1.00
2016.09.20 01:53:27.077,1.7827,1.7832,1.00,1.00
2016.09.20 01:53:27.128,1.78276,1.78324,1.00,1.09
2016.09.20 01:53:27.656,1.78277,1.78324,1.00,1.09
2016.09.20 01:53:28.740,1.78277,1.78325,1.00,1.34
2016.09.20 01:53:28.817,1.78276,1.78325,1.00,1.84
2016.09.20 01:53:28.868,1.78276,1.78324,1.00,1.09
2016.09.20 01:53:28.919,1.78273,1.78324,1.00,1.09
2016.09.20 01:53:28.970,1.78271,1.78323,1.00,1.00
2016.09.20 01:53:29.123,1.7827,1.7832,1.50,1.00
2016.09.20 01:53:29.173,1.7827,1.7832,1.00,1.00
2016.09.20 01:53:30.342,1.78272,1.78322,1.00,1.00
2016.09.20 01:53:30.393,1.78277,1.78325,1.00,1.34
2016.09.20 01:53:30.444,1.78276,1.78324,1.00,1.09
2016.09.20 01:53:30.545,1.78275,1.78325,1.00,1.00
2016.09.20 01:53:30.647,1.78271,1.78318,1.00,1.00
2016.09.20 01:53:30.697,1.78266,1.78318,1.00,1.00
2016.09.20 01:53:30.748,1.78265,1.78315,1.00,1.00
2016.09.20 01:53:30.799,1.78263,1.78314,2.25,1.00
2016.09.20 01:53:30.850,1.78263,1.78314,1.50,1.00
2016.09.20 01:53:31.134,1.78263,1.78314,1.00,1.00
2016.09.20 01:53:32.505,1.78264,1.78314,1.00,1.00
2016.09.20 01:53:34.881,1.78264,1.78315,1.00,1.00
2016.09.20 01:53:42.083,1.78264,1.78313,1.00,1.00
2016.09.20 01:53:46.433,1.78263,1.78315,1.00,1.00
2016.09.20 01:53:46.484,1.78263,1.78315,1.00,1.50
2016.09.20 01:53:46.819,1.78265,1.78315,1.00,1.00
2016.09.20 01:53:47.385,1.78265,1.78314,1.00,1.00
2016.09.20 01:53:48.292,1.78264,1.78314,1.00,1.00
2016.09.20 01:53:48.783,1.78263,1.78313,1.00,1.00
2016.09.20 01:53:49.332,1.78263,1.78314,1.00,1.00
2016.09.20 01:54:01.465,1.78261,1.78309,1.00,1.00
2016.09.20 01:54:01.618,1.78261,1.7831,1.00,1.00
2016.09.20 01:54:02.128,1.78258,1.78309,1.00,1.00
2016.09.20 01:54:02.230,1.78258,1.78307,1.00,1.00
2016.09.20 01:54:02.280,1.78259,1.7831,1.00,1.00
2016.09.20 01:54:04.385,1.78264,1.78315,1.00,1.00
2016.09.20 01:54:04.537,1.78272,1.78316,1.00,1.00
2016.09.20 01:54:04.640,1.78274,1.78322,1.00,1.71
2016.09.20 01:54:04.691,1.78273,1.78324,1.00,1.34
2016.09.20 01:54:04.895,1.78272,1.7832,1.00,1.09
2016.09.20 01:54:05.130,1.78274,1.78322,1.00,1.34
2016.09.20 01:54:05.273,1.78272,1.78323,1.00,1.34
2016.09.20 01:54:05.324,1.78272,1.7832,1.00,1.09
2016.09.20 01:54:05.426,1.78269,1.7832,1.00,1.09
2016.09.20 01:54:05.476,1.78271,1.7832,1.00,1.09
2016.09.20 01:54:05.527,1.78271,1.7832,1.00,1.00
2016.09.20 01:54:06.034,1.78272,1.78321,1.00,1.00
2016.09.20 01:54:06.399,1.7827,1.78321,1.00,1.00
2016.09.20 01:54:06.822,1.7827,1.78319,1.00,1.00
2016.09.20 01:54:07.024,1.78271,1.78321,1.00,1.00
2016.09.20 01:54:08.224,1.78271,1.7832,1.00,1.00
2016.09.20 01:54:08.326,1.78271,1.78322,1.00,1.00
2016.09.20 01:54:08.377,1.78273,1.78324,1.00,1.00
2016.09.20 01:54:08.731,1.78275,1.78325,1.00,1.00
2016.09.20 01:54:08.782,1.78276,1.78326,1.00,1.50
2016.09.20 01:54:08.833,1.78276,1.78326,1.00,1.00
2016.09.20 01:54:09.674,1.78275,1.78326,1.00,1.00
2016.09.20 01:54:11.542,1.78274,1.78325,1.00,1.00
2016.09.20 01:54:12.710,1.78271,1.78322,1.50,1.00
2016.09.20 01:54:12.760,1.78271,1.7832,1.00,1.00
2016.09.20 01:54:12.913,1.78268,1.78319,1.37,1.00
2016.09.20 01:54:12.964,1.78268,1.78319,1.00,1.00
2016.09.20 01:54:13.268,1.7827,1.78321,1.00,1.00
2016.09.20 01:54:13.589,1.7827,1.78319,1.00,1.00
2016.09.20 01:54:13.640,1.7827,1.78321,1.00,1.00
2016.09.20 01:54:14.141,1.78271,1.78322,1.00,1.00
2016.09.20 01:54:14.679,1.78272,1.78323,1.00,1.00
2016.09.20 01:54:16.660,1.78273,1.78323,1.00,1.00
2016.09.20 01:54:16.711,1.78275,1.78324,1.00,1.50
2016.09.20 01:54:16.762,1.78275,1.78324,1.00,1.00
2016.09.20 01:54:16.813,1.78275,1.78323,1.00,1.00
2016.09.20 01:54:16.971,1.78271,1.78322,1.00,1.00
2016.09.20 01:54:17.246,1.78287,1.78328,1.00,1.00
2016.09.20 01:54:17.448,1.7829,1.78339,1.00,1.00
2016.09.20 01:54:17.499,1.78288,1.78339,1.00,1.00
2016.09.20 01:54:17.550,1.78289,1.7834,1.00,1.00
2016.09.20 01:54:17.601,1.78289,1.7834,1.00,1.50
2016.09.20 01:54:17.704,1.78289,1.7834,1.00,1.00
2016.09.20 01:54:17.857,1.78286,1.78335,1.00,1.00
2016.09.20 01:54:17.943,1.78281,1.7833,1.50,1.00
2016.09.20 01:54:18.170,1.78281,1.7833,1.00,1.00
2016.09.20 01:54:18.322,1.78279,1.78329,1.00,1.00
2016.09.20 01:54:18.373,1.78281,1.7833,1.00,1.00
2016.09.20 01:54:18.610,1.78282,1.78333,1.00,1.00
2016.09.20 01:54:19.037,1.78284,1.78333,1.00,1.00
2016.09.20 01:54:19.567,1.78284,1.78332,1.00,1.00
2016.09.20 01:54:19.932,1.78284,1.78334,1.00,1.00
2016.09.20 01:54:20.599,1.78283,1.78333,1.00,1.00
2016.09.20 01:54:21.217,1.78283,1.78332,1.00,1.00
2016.09.20 01:54:24.655,1.78288,1.78336,1.00,1.00
2016.09.20 01:54:24.706,1.78288,1.78337,1.00,1.50
2016.09.20 01:54:24.757,1.7829,1.78338,1.00,1.00
2016.09.20 01:54:24.808,1.78288,1.78339,1.00,1.00
2016.09.20 01:54:24.941,1.7829,1.78338,1.00,1.00
2016.09.20 01:54:25.779,1.78292,1.78342,1.00,1.00
2016.09.20 01:54:26.280,1.78291,1.78339,1.00,1.00
2016.09.20 01:54:26.331,1.78289,1.78329,1.00,1.00
2016.09.20 01:54:26.534,1.78279,1.78327,1.37,1.00
2016.09.20 01:54:26.748,1.78279,1.78327,1.00,1.00
2016.09.20 01:54:26.900,1.78278,1.78329,1.00,1.00
2016.09.20 01:54:26.952,1.7828,1.78329,1.00,1.00
2016.09.20 01:54:27.531,1.78281,1.78329,1.00,1.00
2016.09.20 01:54:28.381,1.78282,1.7833,1.00,1.00
2016.09.20 01:54:28.634,1.78282,1.78332,1.00,1.00
2016.09.20 01:54:28.796,1.78284,1.78332,1.00,1.00
2016.09.20 01:54:29.113,1.78282,1.78332,1.00,1.00
2016.09.20 01:54:29.655,1.78281,1.78331,1.00,1.00
2016.09.20 01:54:29.906,1.78283,1.78332,1.00,1.00
2016.09.20 01:54:30.059,1.78286,1.78336,1.00,1.00
2016.09.20 01:54:30.110,1.78282,1.78332,1.00,1.00
2016.09.20 01:54:32.847,1.78281,1.7833,1.00,1.00
2016.09.20 01:54:33.604,1.78282,1.78331,1.00,1.00
2016.09.20 01:54:34.075,1.7828,1.78328,1.00,1.00
2016.09.20 01:54:37.714,1.78281,1.78331,1.00,1.00
2016.09.20 01:54:37.992,1.78283,1.78331,1.00,1.00
2016.09.20 01:54:38.868,1.78281,1.78331,1.00,1.00
2016.09.20 01:54:39.181,1.78283,1.78331,1.00,1.00
2016.09.20 01:54:39.232,1.78281,1.78331,1.00,1.00
2016.09.20 01:54:39.521,1.78283,1.78331,1.00,1.00
2016.09.20 01:54:44.481,1.78282,1.7833,1.00,1.00
2016.09.20 01:54:44.582,1.7828,1.7833,1.00,1.00
2016.09.20 01:54:44.910,1.7828,1.78328,1.00,1.00
2016.09.20 01:54:45.113,1.78278,1.78328,1.00,1.00
2016.09.20 01:54:46.112,1.78278,1.78326,1.00,1.00
2016.09.20 01:54:49.061,1.78277,1.78327,1.00,1.00
2016.09.20 01:54:54.579,1.78279,1.78326,1.00,1.00
2016.09.20 01:54:55.774,1.78279,1.78327,1.00,1.00
2016.09.20 01:54:55.825,1.78277,1.78328,1.00,1.00
2016.09.20 01:54:55.876,1.78278,1.78326,1.00,1.00
2016.09.20 01:54:56.078,1.78276,1.78326,1.00,1.00
2016.09.20 01:54:56.728,1.78277,1.78327,1.00,1.00
2016.09.20 01:54:57.035,1.78277,1.78325,1.00,1.00
2016.09.20 01:54:57.137,1.78274,1.78324,1.00,1.00
2016.09.20 01:54:57.187,1.78276,1.78324,1.00,1.00
2016.09.20 01:54:58.088,1.78277,1.78327,1.00,1.00
2016.09.20 01:54:58.208,1.78277,1.78325,1.00,1.00
2016.09.20 01:54:58.436,1.78277,1.78327,1.00,1.00
2016.09.20 01:55:00.248,1.78276,1.78326,1.00,1.00
2016.09.20 01:55:00.299,1.78277,1.78324,1.00,1.00
2016.09.20 01:55:00.451,1.78275,1.78325,1.00,1.00
2016.09.20 01:55:00.502,1.78274,1.78324,1.00,1.00
2016.09.20 01:55:01.037,1.78274,1.78323,1.00,1.00
2016.09.20 01:55:01.575,1.78275,1.78323,1.00,1.00
2016.09.20 01:55:02.355,1.78274,1.78322,1.00,1.00
2016.09.20 01:55:02.423,1.78275,1.78324,1.00,1.00
2016.09.20 01:55:03.006,1.78276,1.78324,1.00,1.00
2016.09.20 01:55:05.174,1.78274,1.78324,1.00,1.00
2016.09.20 01:55:09.128,1.78275,1.78324,1.00,1.00
2016.09.20 01:55:09.367,1.78277,1.78325,1.00,1.00
2016.09.20 01:55:09.977,1.78278,1.78326,1.00,1.00
2016.09.20 01:55:10.421,1.78279,1.78327,1.00,1.09
2016.09.20 01:55:10.873,1.78277,1.78327,1.00,1.09
2016.09.20 01:55:10.935,1.78276,1.78325,1.00,1.00
2016.09.20 01:55:11.853,1.78277,1.78325,1.00,1.00
2016.09.20 01:55:11.904,1.78275,1.78325,1.00,1.00
2016.09.20 01:55:11.956,1.78275,1.78325,1.00,1.00
2016.09.20 01:55:12.057,1.78277,1.78325,1.00,1.00
2016.09.20 01:55:12.713,1.78276,1.78324,1.00,1.00
2016.09.20 01:55:15.544,1.78276,1.78325,1.00,1.00
2016.09.20 01:55:18.484,1.78276,1.78326,1.00,1.00
2016.09.20 01:55:19.150,1.78278,1.78326,1.00,1.00
2016.09.20 01:55:19.741,1.78288,1.78334,1.00,1.34
2016.09.20 01:55:19.792,1.78289,1.78334,1.00,1.00
2016.09.20 01:55:19.996,1.78292,1.78341,1.00,1.00
2016.09.20 01:55:20.301,1.78302,1.78349,1.00,1.00
2016.09.20 01:55:20.402,1.78303,1.7835,1.00,1.00
2016.09.20 01:55:20.453,1.78303,1.7835,1.00,1.50
2016.09.20 01:55:20.754,1.78303,1.7835,1.00,1.00
2016.09.20 01:55:21.011,1.78302,1.78352,1.00,1.00
2016.09.20 01:55:21.597,1.78303,1.7835,1.00,1.00
2016.09.20 01:55:22.375,1.78302,1.78352,1.00,1.00
2016.09.20 01:55:24.215,1.78302,1.78351,1.00,1.00
2016.09.20 01:55:25.136,1.78306,1.78354,1.00,1.09
2016.09.20 01:55:25.187,1.78306,1.78354,1.00,1.09
2016.09.20 01:55:25.289,1.78306,1.78353,1.00,1.00
2016.09.20 01:55:25.339,1.78307,1.78355,1.00,1.34
2016.09.20 01:55:25.969,1.78306,1.78355,1.00,1.34
2016.09.20 01:55:26.204,1.78306,1.78353,1.00,1.00
2016.09.20 01:55:26.408,1.78304,1.78353,1.00,1.00
2016.09.20 01:55:26.610,1.78305,1.78354,1.00,1.09
2016.09.20 01:55:28.140,1.78304,1.78354,1.00,1.09
2016.09.20 01:55:28.580,1.78307,1.78354,1.00,1.09
2016.09.20 01:55:28.732,1.78306,1.78355,1.00,1.34
2016.09.20 01:55:28.886,1.78306,1.78353,1.00,1.00
2016.09.20 01:55:31.028,1.78307,1.78354,1.00,1.09
2016.09.20 01:55:31.180,1.78308,1.78357,1.00,1.34
2016.09.20 01:55:31.230,1.78308,1.78355,1.00,1.34
2016.09.20 01:55:31.332,1.78306,1.78355,1.00,1.34
2016.09.20 01:55:31.383,1.78306,1.78353,1.00,1.00
2016.09.20 01:55:31.485,1.78308,1.78355,1.00,1.34
2016.09.20 01:55:32.614,1.78304,1.78356,1.00,1.34
2016.09.20 01:55:32.665,1.78302,1.78351,1.50,1.00
2016.09.20 01:55:32.716,1.78304,1.78351,1.00,1.00
2016.09.20 01:55:32.817,1.78306,1.78353,1.00,1.00
2016.09.20 01:55:33.201,1.78304,1.78353,1.00,1.00
2016.09.20 01:55:33.252,1.78304,1.78354,1.00,1.09
2016.09.20 01:55:33.303,1.78307,1.78354,1.00,1.09
2016.09.20 01:55:33.355,1.78306,1.78353,1.00,1.00
2016.09.20 01:55:33.406,1.78306,1.78356,1.00,1.34
2016.09.20 01:55:33.456,1.78306,1.78353,1.00,1.00
2016.09.20 01:55:33.558,1.78307,1.78354,1.00,1.09
2016.09.20 01:55:33.659,1.78308,1.78355,1.00,1.34
2016.09.20 01:55:33.710,1.78308,1.78355,1.00,1.00
2016.09.20 01:55:33.761,1.78308,1.78357,1.00,1.00
2016.09.20 01:55:34.109,1.78319,1.78367,1.00,1.00
2016.09.20 01:55:34.210,1.78318,1.78366,1.00,1.00
2016.09.20 01:55:34.515,1.78315,1.78362,1.00,1.00
2016.09.20 01:55:34.667,1.78316,1.78365,1.00,1.00
2016.09.20 01:55:34.985,1.78318,1.78367,1.00,1.00
2016.09.20 01:55:35.536,1.78318,1.78366,1.00,1.00
2016.09.20 01:55:35.788,1.78318,1.78367,1.00,1.00
2016.09.20 01:55:36.093,1.78325,1.78372,1.00,1.84
2016.09.20 01:55:36.144,1.78323,1.7837,1.00,1.12
2016.09.20 01:55:36.195,1.78323,1.7837,1.00,1.00
2016.09.20 01:55:36.246,1.78324,1.78371,1.00,1.09
2016.09.20 01:55:36.348,1.78323,1.7837,1.00,1.00
2016.09.20 01:55:37.344,1.78321,1.7837,1.00,1.00
2016.09.20 01:55:38.195,1.7832,1.7837,1.00,1.00
2016.09.20 01:55:38.246,1.78322,1.78369,1.00,1.00
2016.09.20 01:55:38.398,1.78323,1.78373,1.00,1.34
2016.09.20 01:55:39.063,1.78322,1.7837,1.00,1.00
2016.09.20 01:55:39.445,1.78323,1.78372,1.00,1.34
2016.09.20 01:55:39.749,1.7832,1.78369,1.50,1.00
2016.09.20 01:55:39.800,1.78322,1.7837,1.00,1.00
2016.09.20 01:55:40.160,1.78322,1.78371,1.00,1.09
2016.09.20 01:55:40.777,1.78323,1.78371,1.00,1.09
2016.09.20 01:55:40.952,1.7832,1.78367,1.00,1.00
2016.09.20 01:55:41.002,1.78316,1.78365,1.00,1.00
2016.09.20 01:55:41.053,1.78316,1.78365,1.00,1.00
2016.09.20 01:55:41.449,1.78309,1.78358,1.00,1.00
2016.09.20 01:55:41.551,1.7831,1.7836,1.00,1.00
2016.09.20 01:55:41.653,1.78313,1.7836,1.00,1.00
2016.09.20 01:55:41.815,1.78312,1.78362,1.00,1.00
2016.09.20 01:55:41.865,1.78314,1.78361,1.00,1.00
2016.09.20 01:55:41.916,1.78314,1.78363,1.00,1.00
2016.09.20 01:55:41.967,1.78313,1.78363,1.00,1.00
2016.09.20 01:55:42.351,1.78315,1.78362,1.00,1.00
2016.09.20 01:55:42.452,1.78313,1.78362,1.50,1.00
2016.09.20 01:55:42.503,1.78315,1.78362,1.00,1.00
2016.09.20 01:55:42.740,1.78316,1.78366,1.00,1.00
2016.09.20 01:55:43.734,1.78317,1.78366,1.00,1.00
2016.09.20 01:55:44.593,1.78315,1.78363,1.00,1.00
2016.09.20 01:55:49.334,1.78315,1.78364,1.00,1.00
2016.09.20 01:55:49.638,1.78317,1.78366,1.00,1.00
2016.09.20 01:55:49.969,1.7832,1.78369,1.00,1.00
2016.09.20 01:55:50.070,1.7832,1.78369,1.00,1.00
2016.09.20 01:55:50.782,1.78318,1.78366,1.00,1.00
2016.09.20 01:55:50.834,1.78315,1.78364,1.00,1.00
2016.09.20 01:55:50.896,1.78314,1.78361,1.00,1.00
2016.09.20 01:55:51.100,1.78316,1.78365,1.00,1.00
2016.09.20 01:55:51.426,1.78314,1.78363,1.00,1.00
2016.09.20 01:55:51.757,1.78316,1.78363,1.00,1.00
2016.09.20 01:55:52.268,1.78317,1.78364,1.00,1.00
2016.09.20 01:55:52.612,1.78325,1.78372,1.00,1.00
2016.09.20 01:55:52.714,1.78325,1.78373,1.00,1.00
2016.09.20 01:55:53.018,1.78327,1.78373,1.00,1.00
2016.09.20 01:55:54.207,1.78326,1.78373,1.00,1.00
2016.09.20 01:55:54.673,1.78325,1.78372,1.00,1.00
2016.09.20 01:55:54.724,1.78323,1.78372,1.00,1.00
2016.09.20 01:55:54.876,1.78325,1.78374,1.00,1.50
2016.09.20 01:55:54.927,1.78325,1.78373,1.00,1.00
2016.09.20 01:55:54.978,1.78327,1.78373,1.00,1.00
2016.09.20 01:55:55.029,1.78327,1.78374,1.00,1.00
2016.09.20 01:55:55.250,1.78325,1.78374,1.00,1.00
2016.09.20 01:55:55.532,1.78327,1.78374,1.00,1.00
2016.09.20 01:55:55.582,1.78325,1.78375,1.00,1.00
2016.09.20 01:55:55.633,1.78327,1.78376,1.00,1.00
2016.09.20 01:55:55.937,1.78329,1.78376,1.00,1.00
2016.09.20 01:55:56.252,1.78334,1.78383,1.00,1.00
2016.09.20 01:55:56.506,1.78332,1.78381,1.00,1.00
2016.09.20 01:55:56.709,1.78337,1.78384,1.00,1.09
2016.09.20 01:55:56.760,1.78336,1.78383,1.00,1.00
2016.09.20 01:55:57.015,1.78334,1.78384,1.00,1.09
2016.09.20 01:55:57.278,1.78336,1.78385,1.00,1.00
2016.09.20 01:55:57.432,1.78334,1.78384,1.00,1.00
2016.09.20 01:55:57.584,1.78335,1.78382,1.00,1.00
2016.09.20 01:55:57.870,1.78328,1.78376,1.00,1.00
2016.09.20 01:55:57.973,1.78325,1.78372,1.00,1.00
2016.09.20 01:55:58.024,1.78323,1.78372,1.00,1.00
2016.09.20 01:55:58.222,1.78325,1.78372,1.00,1.00
2016.09.20 01:55:58.292,1.78323,1.78372,1.00,1.00
2016.09.20 01:55:58.850,1.78326,1.78375,1.00,1.00
2016.09.20 01:55:59.198,1.78323,1.78372,1.50,1.00
2016.09.20 01:55:59.250,1.78323,1.78372,1.00,1.00
2016.09.20 01:55:59.919,1.78323,1.7837,1.00,1.00
2016.09.20 01:56:00.079,1.78323,1.78372,1.00,1.00
2016.09.20 01:56:00.595,1.78323,1.78371,1.00,1.00
2016.09.20 01:56:00.697,1.78322,1.78369,1.00,1.00
2016.09.20 01:56:00.748,1.7832,1.78369,1.00,1.00
2016.09.20 01:56:01.270,1.78321,1.78369,1.00,1.00
2016.09.20 01:56:03.272,1.78322,1.78369,1.00,1.00
2016.09.20 01:56:04.283,1.78322,1.7837,1.00,1.00
2016.09.20 01:56:05.696,1.78323,1.7837,1.00,1.00
2016.09.20 01:56:06.225,1.78322,1.78371,1.00,1.00
2016.09.20 01:56:06.276,1.78325,1.78372,1.00,1.00
2016.09.20 01:56:06.328,1.78322,1.78372,1.00,1.00
2016.09.20 01:56:06.533,1.78322,1.78372,1.50,1.00
2016.09.20 01:56:06.585,1.78325,1.78372,1.00,1.00
2016.09.20 01:56:06.788,1.78322,1.78369,1.50,1.00
2016.09.20 01:56:06.838,1.78322,1.78369,1.00,1.00
2016.09.20 01:56:07.092,1.78322,1.78371,1.00,1.00
2016.09.20 01:56:07.723,1.78323,1.7837,1.00,1.00
2016.09.20 01:56:08.515,1.78324,1.78371,1.00,1.00
2016.09.20 01:56:09.029,1.78323,1.78372,1.00,1.00
2016.09.20 01:56:09.297,1.78326,1.78375,1.00,1.00
2016.09.20 01:56:09.651,1.78329,1.78378,1.00,1.00
2016.09.20 01:56:09.955,1.78332,1.78379,1.00,1.00
2016.09.20 01:56:10.006,1.7833,1.78379,1.00,1.00
2016.09.20 01:56:10.158,1.78333,1.7838,1.00,1.00
2016.09.20 01:56:10.209,1.78333,1.78383,1.00,1.00
2016.09.20 01:56:10.443,1.78341,1.78389,1.00,1.50
2016.09.20 01:56:10.595,1.78341,1.78389,1.00,1.00
2016.09.20 01:56:10.798,1.78338,1.78387,1.50,1.00
2016.09.20 01:56:10.849,1.78339,1.78388,1.00,1.00
2016.09.20 01:56:10.900,1.78341,1.78388,1.00,1.00
2016.09.20 01:56:11.495,1.7834,1.78389,1.00,1.00
2016.09.20 01:56:12.030,1.78342,1.78389,1.00,1.50
2016.09.20 01:56:15.345,1.78342,1.78389,1.00,1.00
2016.09.20 01:56:15.505,1.78342,1.78391,1.00,1.00
2016.09.20 01:56:15.556,1.78342,1.78389,1.00,1.00
2016.09.20 01:56:18.032,1.78341,1.78388,1.00,1.00
2016.09.20 01:56:18.133,1.78342,1.78389,1.00,1.50
2016.09.20 01:56:18.781,1.78341,1.78388,1.00,1.00
2016.09.20 01:56:19.287,1.7834,1.78387,1.00,1.00
2016.09.20 01:56:20.452,1.78338,1.78388,1.00,1.50
2016.09.20 01:56:20.503,1.78338,1.78387,1.00,1.00
2016.09.20 01:56:20.694,1.78335,1.78382,1.00,1.00
2016.09.20 01:56:20.746,1.78331,1.78379,1.00,1.00
2016.09.20 01:56:20.847,1.78331,1.78378,1.50,1.00
2016.09.20 01:56:20.898,1.78334,1.78383,1.00,1.50
2016.09.20 01:56:21.106,1.78334,1.78382,1.00,1.00
2016.09.20 01:56:21.220,1.78334,1.78383,1.00,1.00
2016.09.20 01:56:21.726,1.78335,1.78384,1.00,1.00
2016.09.20 01:56:22.259,1.78332,1.78379,1.50,1.00
2016.09.20 01:56:22.361,1.78334,1.78381,1.00,1.00
2016.09.20 01:56:22.684,1.78332,1.78381,1.00,1.00
2016.09.20 01:56:22.734,1.78335,1.78382,1.00,1.00
2016.09.20 01:56:22.937,1.78333,1.78381,1.00,1.00
2016.09.20 01:56:22.988,1.78335,1.78382,1.00,1.00
2016.09.20 01:56:23.681,1.78334,1.78381,1.00,1.00
2016.09.20 01:56:23.883,1.78331,1.7838,1.00,1.00
2016.09.20 01:56:23.934,1.7833,1.78371,1.50,1.00
2016.09.20 01:56:23.985,1.7833,1.78369,1.00,1.00
2016.09.20 01:56:24.036,1.78329,1.78369,1.00,1.00
2016.09.20 01:56:24.086,1.78322,1.78369,1.37,1.00
2016.09.20 01:56:24.137,1.7832,1.78369,1.37,1.00
2016.09.20 01:56:24.188,1.7832,1.78369,1.00,1.00
2016.09.20 01:56:24.555,1.7832,1.78369,1.50,1.00
2016.09.20 01:56:24.642,1.7832,1.78367,1.50,1.00
2016.09.20 01:56:24.845,1.78321,1.7837,1.00,1.00
2016.09.20 01:56:25.332,1.78319,1.78366,1.00,1.00
2016.09.20 01:56:25.687,1.78321,1.78368,1.00,1.00
2016.09.20 01:56:25.935,1.78321,1.7837,1.00,1.00
2016.09.20 01:56:26.072,1.78324,1.78373,1.00,1.50
2016.09.20 01:56:26.224,1.78324,1.78373,1.00,1.00
2016.09.20 01:56:26.725,1.78332,1.78379,1.00,1.50
2016.09.20 01:56:26.827,1.78333,1.78379,1.00,1.00
2016.09.20 01:56:27.131,1.78334,1.78381,1.00,1.00
2016.09.20 01:56:27.408,1.78332,1.78381,1.00,1.00
2016.09.20 01:56:27.458,1.78334,1.78381,1.00,1.00
2016.09.20 01:56:28.247,1.78333,1.7838,1.00,1.00
2016.09.20 01:56:28.348,1.7833,1.78379,1.50,1.00
2016.09.20 01:56:29.459,1.78333,1.7838,1.00,1.00
2016.09.20 01:56:32.942,1.78333,1.78379,1.00,1.00
2016.09.20 01:56:33.627,1.78333,1.7838,1.00,1.00
2016.09.20 01:56:34.298,1.78333,1.78382,1.00,1.00
2016.09.20 01:56:36.271,1.78332,1.78379,1.00,1.00
2016.09.20 01:56:36.836,1.78331,1.78378,1.00,1.00
2016.09.20 01:56:37.410,1.7833,1.78377,1.00,1.00
2016.09.20 01:56:37.915,1.78329,1.78376,1.00,1.00
2016.09.20 01:56:38.219,1.78328,1.78377,1.50,1.00
2016.09.20 01:56:45.671,1.78331,1.78378,1.00,1.00
2016.09.20 01:56:45.975,1.78332,1.78378,1.00,1.50
2016.09.20 01:56:48.338,1.78332,1.78378,1.00,1.00
2016.09.20 01:56:48.440,1.7833,1.78378,1.50,1.50
2016.09.20 01:56:48.490,1.7833,1.78378,1.00,1.00
2016.09.20 01:56:50.916,1.78329,1.78378,1.00,1.00
2016.09.20 01:56:51.449,1.78328,1.78377,1.00,1.00
2016.09.20 01:56:51.969,1.78328,1.78376,1.00,1.00
2016.09.20 01:56:52.122,1.78329,1.78378,1.00,1.00
2016.09.20 01:56:52.223,1.78328,1.78376,1.00,1.00
2016.09.20 01:56:52.679,1.78327,1.78374,1.00,1.00
2016.09.20 01:56:52.832,1.78327,1.78376,1.00,1.00
2016.09.20 01:56:52.882,1.78329,1.78378,1.00,1.00
2016.09.20 01:56:53.199,1.78331,1.78379,1.00,1.00
2016.09.20 01:56:53.454,1.78331,1.78379,1.00,1.50
2016.09.20 01:56:53.606,1.78332,1.78379,1.00,1.00
2016.09.20 01:56:54.071,1.7833,1.78379,1.00,1.00
2016.09.20 01:56:54.173,1.7833,1.78379,1.00,1.50
2016.09.20 01:56:54.701,1.7833,1.78379,1.00,1.00
2016.09.20 01:56:55.992,1.78329,1.78376,1.00,1.00
2016.09.20 01:56:56.701,1.78327,1.78376,1.00,1.00
2016.09.20 01:56:57.206,1.78328,1.78376,1.00,1.00
2016.09.20 01:56:57.710,1.78328,1.78377,1.00,1.00
2016.09.20 01:57:00.628,1.78328,1.78375,1.00,1.00
2016.09.20 01:57:02.035,1.78329,1.78376,1.00,1.00
2016.09.20 01:57:02.136,1.78327,1.78376,1.50,1.00
2016.09.20 01:57:02.187,1.7832,1.78368,1.00,1.00
2016.09.20 01:57:02.339,1.7832,1.78367,1.50,1.00
2016.09.20 01:57:02.390,1.78318,1.78367,1.00,1.00
2016.09.20 01:57:02.734,1.78315,1.78364,1.00,1.00
2016.09.20 01:57:03.039,1.7832,1.78368,1.00,1.00
2016.09.20 01:57:03.141,1.78322,1.7837,1.00,1.50
2016.09.20 01:57:03.192,1.78323,1.7837,1.00,1.00
2016.09.20 01:57:03.924,1.78323,1.78371,1.00,1.00
2016.09.20 01:57:04.229,1.78327,1.78374,1.00,1.00
2016.09.20 01:57:04.380,1.78328,1.78377,1.00,1.50
2016.09.20 01:57:04.482,1.78331,1.78378,1.00,1.00
2016.09.20 01:57:05.087,1.7833,1.78375,1.00,1.00
2016.09.20 01:57:05.139,1.78322,1.78369,1.00,1.00
2016.09.20 01:57:05.674,1.78323,1.78369,1.00,1.00
2016.09.20 01:57:06.466,1.78321,1.7837,1.00,1.00
2016.09.20 01:57:07.003,1.7832,1.78369,1.00,1.00
2016.09.20 01:57:08.378,1.78319,1.78368,1.50,1.00
2016.09.20 01:57:08.732,1.78319,1.78365,1.00,1.00
2016.09.20 01:57:09.161,1.78316,1.78364,1.00,1.00
2016.09.20 01:57:09.212,1.78316,1.78364,1.00,1.00
2016.09.20 01:57:09.415,1.78316,1.78362,1.00,1.00
2016.09.20 01:57:09.466,1.78314,1.78363,1.50,1.00
2016.09.20 01:57:09.516,1.78316,1.78363,1.00,1.00
2016.09.20 01:57:09.947,1.78314,1.78362,1.00,1.00
2016.09.20 01:57:09.998,1.78313,1.78362,1.50,1.00
2016.09.20 01:57:12.262,1.78314,1.7836,1.00,1.00
2016.09.20 01:57:12.414,1.78313,1.78363,1.50,1.00
2016.09.20 01:57:12.465,1.78315,1.78362,1.00,1.00
2016.09.20 01:57:12.641,1.78313,1.7836,1.50,1.00
2016.09.20 01:57:12.692,1.78313,1.7836,1.00,1.00
2016.09.20 01:57:13.021,1.78314,1.78363,1.00,1.00
2016.09.20 01:57:13.295,1.78314,1.7836,1.00,1.00
2016.09.20 01:57:17.848,1.78314,1.78361,1.00,1.00
2016.09.20 01:57:20.511,1.78313,1.7836,1.00,1.00
2016.09.20 01:57:20.613,1.78314,1.78362,1.50,1.00
2016.09.20 01:57:20.664,1.78315,1.78364,1.00,1.00
2016.09.20 01:57:20.714,1.78316,1.78365,1.00,1.50
2016.09.20 01:57:20.816,1.78317,1.78365,1.00,1.00
2016.09.20 01:57:21.517,1.78318,1.78366,1.00,1.00
2016.09.20 01:57:22.024,1.78318,1.78365,1.00,1.00
2016.09.20 01:57:22.075,1.78318,1.78367,1.00,1.00
2016.09.20 01:57:24.854,1.78319,1.78367,1.00,1.00
2016.09.20 01:57:25.296,1.78326,1.78373,1.00,1.50
2016.09.20 01:57:25.347,1.78329,1.78374,1.00,1.00
2016.09.20 01:57:25.449,1.78329,1.78378,1.00,1.00
2016.09.20 01:57:25.692,1.78332,1.78379,1.00,1.00
2016.09.20 01:57:25.794,1.7833,1.78378,1.00,1.00
2016.09.20 01:57:25.996,1.78331,1.78378,1.00,1.50
2016.09.20 01:57:26.594,1.78331,1.78378,1.00,1.00
2016.09.20 01:57:27.153,1.78332,1.78379,1.00,1.00
2016.09.20 01:57:29.919,1.78329,1.78376,1.00,1.00
2016.09.20 01:57:30.462,1.78329,1.78375,1.00,1.00
2016.09.20 01:57:31.205,1.7833,1.78376,1.00,1.00
2016.09.20 01:57:31.276,1.78327,1.78376,1.00,1.00
2016.09.20 01:57:32.664,1.78329,1.78376,1.00,1.00
2016.09.20 01:57:34.464,1.78327,1.78376,1.00,1.00
2016.09.20 01:57:37.905,1.78329,1.78376,1.00,1.00
2016.09.20 01:57:38.019,1.78329,1.78378,1.00,1.00
2016.09.20 01:57:38.070,1.78328,1.78376,1.00,1.00
2016.09.20 01:57:39.058,1.78328,1.78375,1.00,1.00
2016.09.20 01:57:39.109,1.78327,1.78374,1.00,1.00
2016.09.20 01:57:39.160,1.78327,1.78374,1.00,1.00
2016.09.20 01:57:41.824,1.78326,1.78373,1.00,1.00
2016.09.20 01:57:42.476,1.78326,1.78373,1.50,1.00
2016.09.20 01:57:43.781,1.78326,1.78373,1.00,1.00
2016.09.20 01:57:52.268,1.78325,1.78373,1.00,1.00
2016.09.20 01:57:53.243,1.78324,1.78373,1.00,1.00
2016.09.20 01:57:56.187,1.78324,1.78373,1.00,1.00
2016.09.20 01:57:56.637,1.78324,1.78371,1.00,1.00
2016.09.20 01:57:57.173,1.78329,1.78377,1.00,1.00
2016.09.20 01:57:58.598,1.78327,1.78374,1.00,1.00
2016.09.20 01:58:05.923,1.78327,1.78376,1.00,1.00
2016.09.20 01:58:06.622,1.78328,1.78376,1.00,1.00
2016.09.20 01:58:06.723,1.7833,1.78377,1.00,1.00
2016.09.20 01:58:06.774,1.78329,1.78379,1.00,1.00
2016.09.20 01:58:06.825,1.78331,1.78378,1.00,1.00
2016.09.20 01:58:07.065,1.78331,1.78381,1.00,1.00
2016.09.20 01:58:07.683,1.78335,1.78384,1.00,1.00
2016.09.20 01:58:08.828,1.78335,1.78383,1.00,1.00
2016.09.20 01:58:09.343,1.78336,1.78383,1.00,1.00
2016.09.20 01:58:09.604,1.78335,1.78385,1.00,1.00
2016.09.20 01:58:09.705,1.78336,1.78383,1.00,1.00
2016.09.20 01:58:10.558,1.78335,1.78382,1.00,1.00
2016.09.20 01:58:11.019,1.78335,1.78384,1.00,1.00
2016.09.20 01:58:11.070,1.78337,1.78384,1.00,1.00
2016.09.20 01:58:11.304,1.78334,1.78384,1.00,1.00
2016.09.20 01:58:11.810,1.78334,1.78381,1.00,1.00
2016.09.20 01:58:11.860,1.78333,1.78383,1.00,1.00
2016.09.20 01:58:11.911,1.78332,1.78381,1.00,1.00
2016.09.20 01:58:12.013,1.78328,1.78378,1.00,1.00
2016.09.20 01:58:12.064,1.78329,1.78376,1.00,1.00
2016.09.20 01:58:12.115,1.78326,1.78375,1.00,1.00
2016.09.20 01:58:12.667,1.78331,1.78378,1.00,1.12
2016.09.20 01:58:12.819,1.78332,1.78378,1.00,1.00
2016.09.20 01:58:12.945,1.78332,1.7838,1.00,1.00
2016.09.20 01:58:13.265,1.78332,1.78381,1.00,1.50
2016.09.20 01:58:14.127,1.78332,1.7838,1.00,1.00
2016.09.20 01:58:17.082,1.78331,1.7838,1.00,1.00
2016.09.20 01:58:17.539,1.78333,1.78382,1.00,1.50
2016.09.20 01:58:17.590,1.78333,1.7838,1.00,1.00
2016.09.20 01:58:18.837,1.78331,1.7838,1.00,1.00
2016.09.20 01:58:20.786,1.78332,1.78381,1.00,1.00
2016.09.20 01:58:21.796,1.78331,1.78381,1.00,1.00
2016.09.20 01:58:24.000,1.78332,1.78381,1.00,1.00
2016.09.20 01:58:24.857,1.78334,1.78381,1.00,1.00
2016.09.20 01:58:25.395,1.78332,1.78381,1.00,1.00
2016.09.20 01:58:25.649,1.78331,1.78379,1.00,1.00
2016.09.20 01:58:26.255,1.7833,1.78379,1.00,1.00
2016.09.20 01:58:26.620,1.78334,1.78381,1.00,1.00
2016.09.20 01:58:26.671,1.78334,1.78382,1.00,1.50
2016.09.20 01:58:26.721,1.78334,1.78382,1.00,1.00
2016.09.20 01:58:27.361,1.78335,1.78381,1.00,1.00
2016.09.20 01:58:27.992,1.78335,1.78382,1.00,1.00
2016.09.20 01:58:28.094,1.78333,1.78382,1.00,1.50
2016.09.20 01:58:28.145,1.78332,1.78379,1.00,1.00
2016.09.20 01:58:28.196,1.7833,1.7838,1.00,1.00
2016.09.20 01:58:28.246,1.78328,1.78378,1.00,1.00
2016.09.20 01:58:28.641,1.7833,1.78377,1.00,1.00
2016.09.20 01:58:29.149,1.78331,1.78378,1.00,1.00
2016.09.20 01:58:29.207,1.78331,1.7838,1.00,1.00
2016.09.20 01:58:29.831,1.7833,1.78379,1.00,1.00
2016.09.20 01:58:30.352,1.78331,1.78379,1.00,1.00
2016.09.20 01:58:30.503,1.78331,1.78381,1.00,1.00
2016.09.20 01:58:30.554,1.78332,1.78382,1.00,1.50
2016.09.20 01:58:31.118,1.78333,1.78382,1.00,1.00
2016.09.20 01:58:31.169,1.78335,1.78382,1.00,1.00
2016.09.20 01:58:31.271,1.78336,1.78384,1.00,1.00
2016.09.20 01:58:31.322,1.78338,1.78387,1.00,1.00
2016.09.20 01:58:31.373,1.7834,1.78387,1.00,1.00
2016.09.20 01:58:31.882,1.78341,1.78388,1.00,1.00
2016.09.20 01:58:32.375,1.78343,1.78391,1.00,1.00
2016.09.20 01:58:32.426,1.78346,1.78393,1.00,1.00
2016.09.20 01:58:32.477,1.78347,1.78395,1.00,1.00
2016.09.20 01:58:32.528,1.78347,1.78396,1.00,1.50
2016.09.20 01:58:32.883,1.78347,1.78396,1.00,1.00
2016.09.20 01:58:33.281,1.78348,1.78397,1.00,1.50
2016.09.20 01:58:33.332,1.78352,1.78397,1.00,1.00
2016.09.20 01:58:33.384,1.78352,1.78399,1.00,1.12
2016.09.20 01:58:33.565,1.7835,1.78399,1.00,1.12
2016.09.20 01:58:33.616,1.78349,1.78397,1.00,1.00
2016.09.20 01:58:33.718,1.78348,1.78397,1.00,1.50
2016.09.20 01:58:34.086,1.7835,1.78397,1.00,1.50
2016.09.20 01:58:34.136,1.78351,1.78399,1.00,1.00
2016.09.20 01:58:34.339,1.78349,1.78399,1.00,1.00
2016.09.20 01:58:34.441,1.78351,1.784,1.00,1.00
2016.09.20 01:58:34.542,1.78352,1.78401,1.00,1.50
2016.09.20 01:58:35.188,1.78352,1.78401,1.00,1.00
2016.09.20 01:58:35.295,1.78352,1.78402,1.00,1.50
2016.09.20 01:58:36.022,1.78351,1.78398,1.00,1.00
2016.09.20 01:58:36.794,1.78349,1.78397,1.00,1.00
2016.09.20 01:58:36.845,1.78344,1.78392,1.00,1.00
2016.09.20 01:58:36.896,1.78342,1.78391,1.00,1.00
2016.09.20 01:58:37.048,1.78347,1.78396,1.00,1.00
2016.09.20 01:58:37.352,1.78349,1.78397,1.00,1.00
2016.09.20 01:58:37.751,1.78349,1.78397,1.00,1.00
2016.09.20 01:58:38.057,1.7835,1.784,1.00,1.00
2016.09.20 01:58:38.361,1.7835,1.78397,1.00,1.00
2016.09.20 01:58:38.779,1.7835,1.78397,1.00,1.00
2016.09.20 01:58:39.267,1.7835,1.78397,1.00,1.00
2016.09.20 01:58:40.999,1.7835,1.78398,1.00,1.00
2016.09.20 01:58:41.100,1.78347,1.78395,1.50,1.00
2016.09.20 01:58:41.151,1.78347,1.78394,1.00,1.00
2016.09.20 01:58:43.083,1.78346,1.78394,1.00,1.00
2016.09.20 01:58:43.814,1.78345,1.78394,1.00,1.00
2016.09.20 01:58:44.466,1.78346,1.78395,1.00,1.00
2016.09.20 01:58:44.770,1.78349,1.78396,1.00,1.00
2016.09.20 01:58:44.821,1.7835,1.78399,1.00,1.00
2016.09.20 01:58:44.872,1.78356,1.78401,1.00,1.00
2016.09.20 01:58:44.924,1.78361,1.78408,1.00,1.00
2016.09.20 01:58:45.025,1.78358,1.78408,1.00,1.00
2016.09.20 01:58:45.076,1.7836,1.78409,1.00,1.00
2016.09.20 01:58:45.320,1.78361,1.78411,1.00,1.00
2016.09.20 01:58:45.403,1.78364,1.78414,1.00,1.00
2016.09.20 01:58:45.454,1.78367,1.78417,1.00,1.50
2016.09.20 01:58:45.504,1.78367,1.78417,1.00,1.00
2016.09.20 01:58:45.808,1.78363,1.78413,1.50,1.00
2016.09.20 01:58:45.859,1.78365,1.78413,1.00,1.00
2016.09.20 01:58:46.373,1.78364,1.78412,1.00,1.00
2016.09.20 01:58:46.805,1.78363,1.7841,1.50,1.00
2016.09.20 01:58:46.906,1.78363,1.7841,1.00,1.00
2016.09.20 01:58:47.431,1.78363,1.78409,1.00,1.00
2016.09.20 01:58:49.484,1.78363,1.78411,1.50,1.00
2016.09.20 01:58:49.534,1.78365,1.78415,1.00,1.00
2016.09.20 01:58:49.636,1.78369,1.78419,1.00,1.50
2016.09.20 01:58:49.737,1.78366,1.78416,1.00,1.00
2016.09.20 01:58:50.049,1.78369,1.78416,1.00,1.00
2016.09.20 01:58:50.580,1.78368,1.78417,1.00,1.00
2016.09.20 01:58:50.900,1.7837,1.78418,1.00,1.00
2016.09.20 01:58:52.087,1.78366,1.78414,1.00,1.00
2016.09.20 01:58:52.240,1.78362,1.7841,1.50,1.00
2016.09.20 01:58:52.291,1.78363,1.7841,1.00,1.00
2016.09.20 01:58:52.342,1.78363,1.78411,1.50,1.00
2016.09.20 01:58:52.393,1.78363,1.78413,1.50,1.00
2016.09.20 01:58:52.444,1.78368,1.78415,1.00,1.00
2016.09.20 01:58:52.545,1.78369,1.78418,1.00,1.00
2016.09.20 01:58:52.596,1.78371,1.78419,1.00,1.00
2016.09.20 01:58:52.941,1.78366,1.78414,1.00,1.00
2016.09.20 01:58:53.043,1.78366,1.78416,1.00,1.00
2016.09.20 01:58:53.348,1.78368,1.78415,1.00,1.00
2016.09.20 01:58:53.399,1.78367,1.78417,1.00,1.00
2016.09.20 01:58:53.551,1.78369,1.78416,1.00,1.00
2016.09.20 01:58:53.602,1.78367,1.78416,1.00,1.00
2016.09.20 01:58:53.654,1.78367,1.78414,1.00,1.00
2016.09.20 01:58:53.867,1.78368,1.78416,1.00,1.00
2016.09.20 01:58:53.919,1.78372,1.7842,1.00,1.00
2016.09.20 01:58:54.122,1.78369,1.78419,1.00,1.00
2016.09.20 01:58:54.175,1.78367,1.78416,1.50,1.00
2016.09.20 01:58:54.226,1.78367,1.78414,1.00,1.00
2016.09.20 01:58:54.716,1.78364,1.78414,1.50,1.00
2016.09.20 01:58:55.115,1.78367,1.78415,1.00,1.00
2016.09.20 01:58:55.267,1.78369,1.78419,1.00,1.00
2016.09.20 01:58:55.318,1.78371,1.78421,1.00,1.00
2016.09.20 01:58:56.731,1.78372,1.78422,1.00,1.00
2016.09.20 01:58:57.045,1.78376,1.78426,1.00,1.00
2016.09.20 01:58:57.372,1.78374,1.78424,1.00,1.00
2016.09.20 01:58:58.689,1.78371,1.7842,1.00,1.00
2016.09.20 01:58:58.841,1.78368,1.78415,1.12,1.00
2016.09.20 01:58:58.892,1.78368,1.78415,1.00,1.00
2016.09.20 01:58:59.095,1.78369,1.78417,1.00,1.00
2016.09.20 01:59:00.191,1.7837,1.78417,1.00,1.00
2016.09.20 01:59:00.242,1.78371,1.78421,1.00,1.00
2016.09.20 01:59:00.756,1.78372,1.78421,1.00,1.00
2016.09.20 01:59:01.349,1.78372,1.7842,1.00,1.00
2016.09.20 01:59:03.876,1.78374,1.78422,1.00,1.00
2016.09.20 01:59:04.165,1.78374,1.78424,1.00,1.00
2016.09.20 01:59:04.719,1.78375,1.78423,1.00,1.00
2016.09.20 01:59:05.247,1.78375,1.78424,1.00,1.00
2016.09.20 01:59:06.818,1.78376,1.78424,1.00,1.00
2016.09.20 01:59:07.377,1.78369,1.78418,1.00,1.00
2016.09.20 01:59:07.428,1.7837,1.78418,1.00,1.00
2016.09.20 01:59:08.076,1.78369,1.78418,1.00,1.00
2016.09.20 01:59:08.187,1.78369,1.78419,1.50,1.00
2016.09.20 01:59:08.939,1.78371,1.78421,1.00,1.00
2016.09.20 01:59:09.142,1.78373,1.78423,1.00,1.00
2016.09.20 01:59:09.649,1.78374,1.78424,1.00,1.00
2016.09.20 01:59:10.293,1.78377,1.78425,1.00,1.00
2016.09.20 01:59:10.644,1.78382,1.78429,1.00,1.00
2016.09.20 01:59:10.797,1.7838,1.78428,1.00,1.00
2016.09.20 01:59:11.810,1.78381,1.78431,1.00,1.00
2016.09.20 01:59:12.750,1.78382,1.78432,1.00,1.00
2016.09.20 01:59:12.801,1.78385,1.78433,1.00,1.00
2016.09.20 01:59:13.115,1.78388,1.78435,1.00,1.00
2016.09.20 01:59:13.883,1.78389,1.78437,1.00,1.00
2016.09.20 01:59:15.163,1.78387,1.78437,1.00,1.00
2016.09.20 01:59:18.236,1.78387,1.78437,1.00,1.50
2016.09.20 01:59:18.537,1.78387,1.78437,1.00,1.00
2016.09.20 01:59:19.067,1.78386,1.78436,1.00,1.00
2016.09.20 01:59:22.780,1.78387,1.78437,1.00,1.00
2016.09.20 01:59:22.882,1.78389,1.78437,1.00,1.00
2016.09.20 01:59:23.529,1.78388,1.78436,1.00,1.00
2016.09.20 01:59:25.341,1.78387,1.78438,1.00,1.00
2016.09.20 01:59:26.281,1.78388,1.78438,1.00,1.00
2016.09.20 01:59:29.523,1.78387,1.78437,1.00,1.00
2016.09.20 01:59:32.646,1.78389,1.78437,1.00,1.00
2016.09.20 01:59:33.184,1.78392,1.7844,1.00,1.00
2016.09.20 01:59:35.565,1.78391,1.78439,1.00,1.00
2016.09.20 01:59:35.870,1.78394,1.78441,1.00,1.00
2016.09.20 01:59:36.390,1.78394,1.78442,1.00,1.00
2016.09.20 01:59:40.531,1.78399,1.78447,1.00,1.50
2016.09.20 01:59:40.582,1.784,1.78448,1.00,1.00
2016.09.20 01:59:40.684,1.78403,1.78449,1.00,1.00
2016.09.20 01:59:40.925,1.78404,1.78452,1.00,1.00
2016.09.20 01:59:41.800,1.78406,1.78454,1.00,1.09
2016.09.20 01:59:41.952,1.78406,1.78454,1.00,1.00
2016.09.20 01:59:42.174,1.78401,1.78459,1.00,1.34
2016.09.20 01:59:42.478,1.78399,1.78459,1.50,1.34
2016.09.20 01:59:42.763,1.78399,1.78458,1.00,1.34
2016.09.20 01:59:42.936,1.78399,1.78458,1.50,1.34
2016.09.20 01:59:42.988,1.784,1.78458,1.00,1.34
2016.09.20 01:59:43.764,1.784,1.78459,1.50,1.84
2016.09.20 01:59:44.130,1.78402,1.78459,1.00,1.84
2016.09.20 01:59:44.180,1.78402,1.78459,1.50,1.34
2016.09.20 01:59:44.914,1.78402,1.78459,1.50,1.00
2016.09.20 01:59:45.291,1.78402,1.78459,1.00,1.00
2016.09.20 01:59:45.342,1.78402,1.7846,1.00,1.00
2016.09.20 01:59:45.393,1.78406,1.7846,1.00,1.00
2016.09.20 01:59:45.444,1.78402,1.78461,1.00,1.50
2016.09.20 01:59:45.495,1.78407,1.78461,1.00,1.00
2016.09.20 01:59:45.597,1.78401,1.7846,1.00,1.00
2016.09.20 01:59:45.698,1.78401,1.7846,1.00,1.00
2016.09.20 01:59:45.952,1.78405,1.7846,1.00,1.00
2016.09.20 01:59:46.180,1.78407,1.78466,1.00,1.00
2016.09.20 01:59:46.383,1.78408,1.78467,1.50,1.00
2016.09.20 01:59:46.737,1.78408,1.78467,1.50,1.50
2016.09.20 01:59:46.788,1.78408,1.78467,1.50,1.50
2016.09.20 01:59:48.852,1.78408,1.78465,1.00,1.00
2016.09.20 01:59:48.903,1.78405,1.78464,1.00,1.00
2016.09.20 01:59:49.840,1.78405,1.78462,1.00,1.00
2016.09.20 01:59:49.891,1.78405,1.78461,1.00,1.34
2016.09.20 01:59:49.942,1.78405,1.78459,1.00,1.09
2016.09.20 01:59:49.992,1.78405,1.78455,1.00,1.00
2016.09.20 01:59:50.195,1.78405,1.78458,1.00,1.00
2016.09.20 01:59:51.316,1.78405,1.78461,1.00,1.00
2016.09.20 01:59:51.463,1.78404,1.78461,1.50,1.00
2016.09.20 01:59:51.514,1.78404,1.78463,2.25,1.09
2016.09.20 01:59:51.666,1.78404,1.78463,1.50,1.09
2016.09.20 01:59:51.768,1.78407,1.78463,1.00,1.09
2016.09.20 01:59:51.819,1.78407,1.78465,1.00,1.34
2016.09.20 01:59:51.929,1.78407,1.78465,1.00,1.00
2016.09.20 01:59:51.980,1.78409,1.78465,1.00,1.00
2016.09.20 01:59:52.082,1.7841,1.78468,1.00,1.50
2016.09.20 01:59:52.133,1.7841,1.78467,1.00,1.00
2016.09.20 01:59:52.184,1.78406,1.78465,1.00,1.00
2016.09.20 01:59:52.506,1.78402,1.78458,1.37,1.00
2016.09.20 01:59:52.608,1.78406,1.78458,1.00,1.00
2016.09.20 01:59:52.658,1.78406,1.78465,1.00,1.00
2016.09.20 01:59:52.760,1.78407,1.78466,1.00,1.50
2016.09.20 01:59:52.811,1.78404,1.78464,1.12,1.00
2016.09.20 01:59:52.862,1.78404,1.78464,1.87,1.00
2016.09.20 01:59:53.001,1.78404,1.78465,2.62,1.00
2016.09.20 01:59:53.052,1.78405,1.78465,1.00,1.00
2016.09.20 01:59:53.204,1.78405,1.78465,1.00,1.00
2016.09.20 01:59:54.429,1.78405,1.78465,1.00,1.34
2016.09.20 01:59:54.480,1.78409,1.78465,1.12,1.34
2016.09.20 01:59:54.531,1.78414,1.78466,1.00,1.00
2016.09.20 01:59:54.582,1.78414,1.78469,1.50,1.09
2016.09.20 01:59:54.633,1.78414,1.78458,1.50,1.00
2016.09.20 01:59:54.684,1.78414,1.78458,1.00,1.00
2016.09.20 01:59:54.735,1.78402,1.78463,1.87,2.59
2016.09.20 01:59:54.786,1.78403,1.78463,1.00,1.84
2016.09.20 01:59:54.837,1.78403,1.78463,1.00,1.50
2016.09.20 01:59:54.888,1.78408,1.78463,1.00,1.00
2016.09.20 01:59:54.989,1.78408,1.78463,1.00,1.00
2016.09.20 01:59:55.116,1.78408,1.78463,1.00,1.00
2016.09.20 01:59:55.301,1.78408,1.78463,1.00,1.00
2016.09.20 01:59:55.352,1.78414,1.78467,1.00,1.34
2016.09.20 01:59:55.403,1.78414,1.78469,1.00,1.84
2016.09.20 01:59:55.519,1.78414,1.78469,1.00,1.50
2016.09.20 01:59:55.570,1.78414,1.78469,1.00,1.00
2016.09.20 01:59:55.621,1.78413,1.78469,1.50,1.00
2016.09.20 01:59:55.723,1.78415,1.7847,1.00,1.00
2016.09.20 01:59:56.077,1.78418,1.7847,1.00,1.00
2016.09.20 01:59:56.179,1.78416,1.7847,1.00,1.00
2016.09.20 01:59:56.499,1.78414,1.78469,1.00,1.00
2016.09.20 01:59:57.272,1.78416,1.78469,1.00,1.00
2016.09.20 01:59:57.374,1.78419,1.78477,1.00,1.34
2016.09.20 01:59:57.425,1.78419,1.78477,1.00,1.34
2016.09.20 01:59:57.476,1.78419,1.78476,1.00,1.09
2016.09.20 01:59:57.527,1.78422,1.78476,1.00,1.09
2016.09.20 01:59:58.063,1.78421,1.78477,1.00,1.34
2016.09.20 01:59:59.522,1.78421,1.78469,1.00,1.00
