2010.12.08 16:00:01.073,2.11187,2.11243,1.20,1.10
2010.12.08 16:00:01.795,2.11186,2.11244,1.10,1.10
2010.12.08 16:00:01.933,2.11194,2.1125,1.10,1.30
2010.12.08 16:00:02.561,2.11187,2.11243,1.10,1.10
2010.12.08 16:00:03.490,2.11207,2.11264,1.10,1.30
2010.12.08 16:00:03.602,2.11196,2.11261,1.10,1.10
2010.12.08 16:00:04.109,2.11193,2.11252,1.10,1.10
2010.12.08 16:00:04.439,2.11207,2.11264,1.10,1.30
2010.12.08 16:00:05.731,2.112,2.11257,1.10,1.10
2010.12.08 16:00:06.379,2.112,2.11257,1.10,2.00
2010.12.08 16:00:06.497,2.11187,2.11242,1.10,1.10
2010.12.08 16:00:07.263,2.11179,2.11237,1.10,1.10
2010.12.08 16:00:08.731,2.11187,2.11245,1.10,2.00
2010.12.08 16:00:08.867,2.11172,2.1123,1.10,1.10
2010.12.08 16:00:09.489,2.11159,2.11217,2.00,1.10
2010.12.08 16:00:10.065,2.11167,2.11223,1.10,1.10
2010.12.08 16:00:10.172,2.11165,2.11223,1.10,1.10
2010.12.08 16:00:11.008,2.1118,2.11237,1.10,1.30
2010.12.08 16:00:11.871,2.11173,2.11231,1.10,1.10
2010.12.08 16:00:11.980,2.11172,2.11229,1.10,1.10
2010.12.08 16:00:12.650,2.11158,2.11229,1.30,1.10
2010.12.08 16:00:12.869,2.11174,2.1123,1.10,1.10
2010.12.08 16:00:13.654,2.11159,2.11217,1.10,1.10
2010.12.08 16:00:14.565,2.1116,2.11216,1.10,1.10
2010.12.08 16:00:15.208,2.1116,2.11216,2.00,1.10
2010.12.08 16:00:15.329,2.11158,2.11229,1.30,1.10
2010.12.08 16:00:15.441,2.11158,2.11229,2.00,1.10
2010.12.08 16:00:15.994,2.11156,2.11245,2.00,1.10
2010.12.08 16:00:16.118,2.11202,2.11257,1.10,1.10
2010.12.08 16:00:17.049,2.11172,2.1123,1.10,1.10
2010.12.08 16:00:17.269,2.11194,2.11252,1.10,1.10
2010.12.08 16:00:17.869,2.11167,2.11222,1.10,1.10
2010.12.08 16:00:18.972,2.11181,2.11236,1.10,1.10
2010.12.08 16:00:19.080,2.11194,2.11252,1.10,1.10
2010.12.08 16:00:19.188,2.11187,2.11245,1.10,1.10
2010.12.08 16:00:20.048,2.11187,2.11245,1.30,1.10
2010.12.08 16:00:20.178,2.11194,2.11252,1.10,1.10
2010.12.08 16:00:21.123,2.11159,2.11246,2.50,1.10
2010.12.08 16:00:21.230,2.11181,2.11237,1.10,1.10
2010.12.08 16:00:21.339,2.11179,2.11237,1.10,1.10
2010.12.08 16:00:22.108,2.11179,2.11237,2.00,1.10
2010.12.08 16:00:22.786,2.11219,2.11277,1.10,1.10
2010.12.08 16:00:22.907,2.112,2.11258,1.30,1.10
2010.12.08 16:00:23.139,2.112,2.11258,1.10,1.10
2010.12.08 16:00:23.820,2.11196,2.1126,1.10,1.10
2010.12.08 16:00:23.930,2.11197,2.11264,1.10,1.30
2010.12.08 16:00:24.780,2.11206,2.11262,1.10,1.10
2010.12.08 16:00:25.125,2.11192,2.11247,1.10,1.10
2010.12.08 16:00:25.725,2.11202,2.11258,1.10,1.10
2010.12.08 16:00:25.841,2.11195,2.11252,1.10,1.10
2010.12.08 16:00:27.790,2.112,2.11258,1.10,1.10
2010.12.08 16:00:28.810,2.11208,2.11266,1.10,1.10
2010.12.08 16:00:29.634,2.11199,2.11257,1.30,1.10
2010.12.08 16:00:30.306,2.11192,2.1125,2.00,1.10
2010.12.08 16:00:30.508,2.11209,2.11265,1.10,1.10
2010.12.08 16:00:30.617,2.11205,2.11263,1.10,1.10
2010.12.08 16:00:30.727,2.11208,2.11266,1.10,1.10
2010.12.08 16:00:31.377,2.11223,2.11279,1.10,1.10
2010.12.08 16:00:32.449,2.11229,2.11287,1.10,1.10
2010.12.08 16:00:33.089,2.11226,2.11284,1.10,1.10
2010.12.08 16:00:33.502,2.11226,2.11284,2.00,1.10
2010.12.08 16:00:34.084,2.11241,2.11297,1.10,1.30
2010.12.08 16:00:34.206,2.11234,2.1129,1.10,1.10
2010.12.08 16:00:34.318,2.11227,2.11284,1.30,1.10
2010.12.08 16:00:36.967,2.11233,2.11291,1.30,1.10
2010.12.08 16:00:37.080,2.1124,2.11298,1.10,1.10
2010.12.08 16:00:37.192,2.11238,2.11294,1.10,1.10
2010.12.08 16:00:37.792,2.1124,2.11298,1.10,1.10
2010.12.08 16:00:48.097,2.11226,2.11284,1.20,1.10
2010.12.08 16:00:49.691,2.1124,2.11298,1.10,1.10
2010.12.08 16:00:53.300,2.11247,2.11305,1.10,1.10
2010.12.08 16:00:56.086,2.1122,2.11275,1.10,1.10
2010.12.08 16:00:56.308,2.11185,2.11234,1.50,1.10
2010.12.08 16:00:57.000,2.11176,2.11234,1.20,1.10
2010.12.08 16:00:58.952,2.11176,2.11234,1.20,1.30
2010.12.08 16:00:59.394,2.1117,2.11226,1.10,1.10
2010.12.08 16:00:59.983,2.1117,2.11226,1.20,1.10
2010.12.08 16:01:01.080,2.1117,2.11226,1.10,1.10
2010.12.08 16:01:01.189,2.11164,2.11219,3.10,1.10
2010.12.08 16:01:01.409,2.11164,2.11219,1.20,1.10
2010.12.08 16:01:02.161,2.11164,2.11219,3.10,1.10
2010.12.08 16:01:02.642,2.11164,2.11219,1.20,1.10
2010.12.08 16:01:03.320,2.11163,2.11232,1.40,1.70
2010.12.08 16:01:03.444,2.11164,2.11232,3.10,1.70
2010.12.08 16:01:04.251,2.11168,2.11232,1.20,1.70
2010.12.08 16:01:04.360,2.11164,2.11232,1.20,1.70
2010.12.08 16:01:05.160,2.1117,2.11241,1.20,1.70
2010.12.08 16:01:06.074,2.11186,2.11254,1.10,1.70
2010.12.08 16:01:06.871,2.11187,2.11243,1.10,1.10
2010.12.08 16:01:07.093,2.11194,2.1125,1.10,1.10
2010.12.08 16:01:07.207,2.11205,2.11261,1.10,1.10
2010.12.08 16:01:07.813,2.11195,2.11262,1.10,1.10
2010.12.08 16:01:07.918,2.11195,2.11262,1.10,1.30
2010.12.08 16:01:08.453,2.11179,2.11237,1.30,1.10
2010.12.08 16:01:08.561,2.11193,2.11251,1.10,1.10
2010.12.08 16:01:08.889,2.11195,2.11262,1.10,1.30
2010.12.08 16:01:09.458,2.11194,2.11258,1.10,1.10
2010.12.08 16:01:09.586,2.11196,2.11261,1.10,1.10
2010.12.08 16:01:13.108,2.11195,2.1126,1.10,1.10
2010.12.08 16:01:14.024,2.11205,2.11263,1.10,1.10
2010.12.08 16:01:14.348,2.1122,2.11278,1.10,1.10
2010.12.08 16:01:16.688,2.11209,2.11276,1.10,1.10
2010.12.08 16:01:17.619,2.11213,2.11271,1.10,1.10
2010.12.08 16:01:17.729,2.11209,2.11276,1.10,1.10
2010.12.08 16:01:18.832,2.11209,2.11272,1.10,1.10
2010.12.08 16:01:18.944,2.1121,2.11275,1.10,1.10
2010.12.08 16:01:19.061,2.1122,2.11278,1.10,1.10
2010.12.08 16:01:19.576,2.11209,2.11276,1.10,1.10
2010.12.08 16:01:19.709,2.11206,2.11263,1.10,1.10
2010.12.08 16:01:19.928,2.1122,2.11278,1.10,1.10
2010.12.08 16:01:20.551,2.11221,2.11277,1.10,1.10
2010.12.08 16:01:21.225,2.1122,2.11275,1.10,1.30
2010.12.08 16:01:21.381,2.1122,2.11278,1.10,1.10
2010.12.08 16:01:22.542,2.11214,2.1127,1.10,1.10
2010.12.08 16:01:23.642,2.11214,2.1127,1.10,1.10
2010.12.08 16:01:24.925,2.11208,2.11263,1.10,1.10
2010.12.08 16:01:25.071,2.11214,2.11281,1.10,1.30
2010.12.08 16:01:25.884,2.11217,2.11306,1.10,1.30
2010.12.08 16:01:26.001,2.11217,2.11306,1.10,2.00
2010.12.08 16:01:26.564,2.11213,2.11282,1.10,1.10
2010.12.08 16:01:27.178,2.11241,2.1131,1.10,1.10
2010.12.08 16:01:27.809,2.1124,2.11297,1.10,1.10
2010.12.08 16:01:28.522,2.11241,2.1131,1.10,1.10
2010.12.08 16:01:29.069,2.11257,2.11324,1.10,1.10
2010.12.08 16:01:31.849,2.11265,2.11326,1.10,1.10
2010.12.08 16:01:31.960,2.11262,2.11329,1.10,1.10
2010.12.08 16:01:32.503,2.11275,2.11331,1.10,1.10
2010.12.08 16:01:33.496,2.11263,2.11328,1.30,1.10
2010.12.08 16:01:33.988,2.11263,2.11328,1.10,1.10
2010.12.08 16:01:36.980,2.1126,2.11328,1.10,1.10
2010.12.08 16:01:37.878,2.11263,2.11328,1.10,1.10
2010.12.08 16:01:40.439,2.11261,2.11326,1.10,1.10
2010.12.08 16:01:41.348,2.11255,2.11314,1.10,1.10
2010.12.08 16:01:41.459,2.11246,2.11313,1.10,1.10
2010.12.08 16:01:41.568,2.11244,2.11302,1.10,1.10
2010.12.08 16:01:42.231,2.11251,2.11306,1.10,1.10
2010.12.08 16:01:42.377,2.11245,2.11301,1.10,1.10
2010.12.08 16:01:43.051,2.11236,2.11292,1.20,1.10
2010.12.08 16:01:43.077,2.11251,2.11306,1.10,1.10
2010.12.08 16:01:43.409,2.11265,2.11321,1.10,1.10
2010.12.08 16:01:43.952,2.1127,2.11327,1.10,1.50
2010.12.08 16:01:44.063,2.11261,2.11326,1.10,1.10
2010.12.08 16:01:44.831,2.11204,2.11269,1.20,1.10
2010.12.08 16:01:45.158,2.11204,2.11269,1.10,1.10
2010.12.08 16:01:45.670,2.11204,2.11269,2.00,1.10
2010.12.08 16:01:45.792,2.11219,2.11286,1.10,1.10
2010.12.08 16:01:47.939,2.11229,2.11289,1.10,1.10
2010.12.08 16:01:53.508,2.11222,2.11282,1.10,1.10
2010.12.08 16:01:53.948,2.11222,2.11282,1.40,1.10
2010.12.08 16:01:54.611,2.11216,2.11275,1.20,1.10
2010.12.08 16:01:54.719,2.11204,2.11273,1.20,1.10
2010.12.08 16:01:55.756,2.11202,2.11262,1.20,1.10
2010.12.08 16:01:56.493,2.11231,2.11289,1.10,1.10
2010.12.08 16:01:57.368,2.1123,2.1129,1.10,1.10
2010.12.08 16:01:58.410,2.11247,2.11306,1.10,1.10
2010.12.08 16:02:00.382,2.11256,2.11313,1.10,1.10
2010.12.08 16:02:00.556,2.11218,2.11287,1.10,1.10
2010.12.08 16:02:02.248,2.11229,2.11289,1.10,1.10
2010.12.08 16:02:04.275,2.1123,2.11288,1.10,1.10
2010.12.08 16:02:04.393,2.11232,2.11297,1.10,1.10
2010.12.08 16:02:05.011,2.11231,2.113,1.10,1.10
2010.12.08 16:02:05.339,2.11243,2.113,1.10,1.10
2010.12.08 16:02:05.955,2.11257,2.11317,1.10,1.10
2010.12.08 16:02:06.068,2.1126,2.11327,1.10,1.10
2010.12.08 16:02:07.714,2.11254,2.11323,1.20,1.10
2010.12.08 16:02:08.676,2.11266,2.11324,2.90,1.10
2010.12.08 16:02:09.352,2.11268,2.11335,1.50,1.10
2010.12.08 16:02:09.462,2.11266,2.11324,1.20,1.10
2010.12.08 16:02:09.679,2.11267,2.11336,1.20,1.10
2010.12.08 16:02:10.257,2.11267,2.11336,1.30,1.10
2010.12.08 16:02:10.705,2.11267,2.11319,1.20,1.10
2010.12.08 16:02:11.277,2.11256,2.11319,2.90,1.10
2010.12.08 16:02:11.394,2.1125,2.11308,3.10,1.10
2010.12.08 16:02:13.143,2.11247,2.11294,1.20,1.10
2010.12.08 16:02:14.711,2.11248,2.11294,1.20,1.10
2010.12.08 16:02:15.300,2.11239,2.11295,1.40,1.10
2010.12.08 16:02:16.325,2.11239,2.11293,1.40,1.10
2010.12.08 16:02:18.037,2.11237,2.11287,1.20,1.10
2010.12.08 16:02:20.243,2.11237,2.11281,1.20,1.10
2010.12.08 16:02:21.022,2.11227,2.11281,1.20,1.10
2010.12.08 16:02:21.590,2.11226,2.11281,1.20,1.10
2010.12.08 16:02:22.162,2.11238,2.11293,1.40,1.10
2010.12.08 16:02:22.284,2.1123,2.11293,2.60,1.10
2010.12.08 16:02:22.932,2.11237,2.11295,3.30,1.10
2010.12.08 16:02:23.711,2.11238,2.11295,1.40,1.10
2010.12.08 16:02:24.039,2.11237,2.11295,1.40,1.10
2010.12.08 16:02:24.149,2.11237,2.11295,1.50,1.10
2010.12.08 16:02:24.758,2.11237,2.11295,3.10,1.10
2010.12.08 16:02:24.871,2.11237,2.11295,1.10,1.10
2010.12.08 16:02:24.980,2.11227,2.11292,3.10,1.10
2010.12.08 16:02:25.473,2.11223,2.11283,3.50,1.10
2010.12.08 16:02:25.699,2.11223,2.11283,1.20,1.10
2010.12.08 16:02:26.508,2.11223,2.11283,1.10,1.10
2010.12.08 16:02:26.623,2.11223,2.11283,1.40,1.10
2010.12.08 16:02:28.254,2.11174,2.11249,1.90,1.10
2010.12.08 16:02:29.087,2.11191,2.11271,1.10,1.10
2010.12.08 16:02:29.201,2.11179,2.11256,1.40,1.10
2010.12.08 16:02:29.758,2.11202,2.11261,1.10,1.10
2010.12.08 16:02:29.991,2.11184,2.11264,3.10,1.10
2010.12.08 16:02:30.932,2.11198,2.11264,1.20,1.10
2010.12.08 16:02:31.620,2.11196,2.11254,1.20,1.10
2010.12.08 16:02:32.400,2.11197,2.11254,1.20,1.10
2010.12.08 16:02:32.510,2.11196,2.11254,1.20,1.10
2010.12.08 16:02:32.619,2.11196,2.11254,3.10,1.10
2010.12.08 16:02:33.231,2.11196,2.11254,1.20,1.10
2010.12.08 16:02:33.811,2.11196,2.11254,3.30,1.10
2010.12.08 16:02:34.470,2.11196,2.11254,1.20,1.10
2010.12.08 16:02:34.909,2.11196,2.11254,3.10,1.10
2010.12.08 16:02:35.668,2.11196,2.11254,1.20,1.10
2010.12.08 16:02:35.806,2.11197,2.11254,1.20,1.10
2010.12.08 16:02:36.612,2.11196,2.11254,1.20,1.10
2010.12.08 16:02:37.387,2.11178,2.11249,1.20,1.10
2010.12.08 16:02:37.499,2.11173,2.11249,4.20,1.10
2010.12.08 16:02:37.609,2.11173,2.11225,4.20,1.10
2010.12.08 16:02:38.212,2.11149,2.11222,4.60,1.10
2010.12.08 16:02:38.432,2.11147,2.11222,1.10,1.10
2010.12.08 16:02:39.110,2.11167,2.11226,1.10,1.10
2010.12.08 16:02:39.924,2.11168,2.11225,1.10,1.10
2010.12.08 16:02:40.538,2.11168,2.11225,1.40,1.10
2010.12.08 16:02:41.369,2.11168,2.11225,3.50,1.10
2010.12.08 16:02:41.925,2.11168,2.11225,1.10,1.10
2010.12.08 16:02:42.043,2.11131,2.11204,4.50,1.10
2010.12.08 16:02:42.725,2.11137,2.11205,1.20,1.10
2010.12.08 16:02:42.857,2.1112,2.11183,3.10,1.10
2010.12.08 16:02:43.474,2.1112,2.11183,3.30,1.10
2010.12.08 16:02:43.604,2.11115,2.11193,3.10,1.10
2010.12.08 16:02:44.495,2.11138,2.11198,1.10,1.10
2010.12.08 16:02:45.586,2.11138,2.11198,1.50,1.10
2010.12.08 16:02:46.606,2.11147,2.11198,1.20,1.10
2010.12.08 16:02:47.275,2.11138,2.11198,1.40,1.10
2010.12.08 16:02:47.865,2.11148,2.11211,3.90,1.10
2010.12.08 16:02:48.090,2.11152,2.11212,3.50,1.10
2010.12.08 16:02:48.876,2.11133,2.1119,3.30,1.10
2010.12.08 16:02:49.531,2.11157,2.1119,1.20,1.10
2010.12.08 16:02:50.693,2.11133,2.1119,3.30,1.10
2010.12.08 16:02:51.363,2.11148,2.1119,1.20,1.10
2010.12.08 16:02:51.844,2.11133,2.1119,3.30,1.10
2010.12.08 16:02:51.992,2.11168,2.11224,1.10,1.10
2010.12.08 16:02:52.874,2.11168,2.11224,1.30,1.10
2010.12.08 16:02:52.996,2.11168,2.11224,3.50,1.10
2010.12.08 16:02:53.649,2.11168,2.11224,1.40,1.10
2010.12.08 16:02:53.758,2.11168,2.11224,3.20,1.10
2010.12.08 16:02:54.690,2.11176,2.1123,1.20,1.10
2010.12.08 16:02:54.803,2.11175,2.1123,1.40,1.10
2010.12.08 16:02:56.119,2.11174,2.11231,1.40,1.10
2010.12.08 16:02:56.842,2.11168,2.11224,3.50,1.10
2010.12.08 16:02:56.948,2.11163,2.11229,5.80,1.10
2010.12.08 16:02:57.059,2.11168,2.11229,1.20,1.10
2010.12.08 16:02:59.285,2.11167,2.11228,1.20,1.10
2010.12.08 16:03:00.479,2.11167,2.11228,1.20,1.10
2010.12.08 16:03:01.517,2.11164,2.11228,3.30,1.10
2010.12.08 16:03:01.628,2.11168,2.11228,1.20,1.10
2010.12.08 16:03:02.460,2.11178,2.11228,1.20,1.10
2010.12.08 16:03:03.853,2.11167,2.11228,1.20,1.10
2010.12.08 16:03:09.362,2.11164,2.11228,3.30,1.10
2010.12.08 16:03:10.113,2.11168,2.11228,1.80,1.10
2010.12.08 16:03:10.659,2.11167,2.11222,1.20,1.10
2010.12.08 16:03:11.415,2.11167,2.11222,1.20,1.10
2010.12.08 16:03:12.024,2.11162,2.11222,1.40,1.10
2010.12.08 16:03:12.656,2.11162,2.11222,1.20,1.10
2010.12.08 16:03:13.239,2.11162,2.11222,1.40,1.10
2010.12.08 16:03:14.211,2.11147,2.11201,1.20,1.10
2010.12.08 16:03:15.778,2.11134,2.11225,4.20,1.10
2010.12.08 16:03:15.890,2.11137,2.11225,1.10,1.10
2010.12.08 16:03:16.109,2.11171,2.11236,1.10,1.10
2010.12.08 16:03:17.261,2.11171,2.11236,1.40,1.10
2010.12.08 16:03:17.589,2.11171,2.11236,1.40,1.10
2010.12.08 16:03:18.065,2.11175,2.11236,1.10,1.10
2010.12.08 16:03:18.190,2.11185,2.1125,1.20,1.10
2010.12.08 16:03:18.300,2.11207,2.1127,1.30,1.10
2010.12.08 16:03:18.881,2.11207,2.1127,1.10,1.10
2010.12.08 16:03:20.474,2.11192,2.11256,4.00,1.10
2010.12.08 16:03:21.151,2.11187,2.11251,5.40,1.10
2010.12.08 16:03:21.276,2.11191,2.11257,3.60,1.10
2010.12.08 16:03:21.689,2.11191,2.11257,1.30,1.10
2010.12.08 16:03:22.409,2.11191,2.11257,3.60,1.10
2010.12.08 16:03:23.351,2.11191,2.11281,3.00,1.70
2010.12.08 16:03:24.352,2.11191,2.11252,1.40,1.10
2010.12.08 16:03:24.464,2.11186,2.11249,3.20,1.10
2010.12.08 16:03:26.499,2.11188,2.11251,1.20,1.10
2010.12.08 16:03:26.641,2.11192,2.11256,3.10,1.10
2010.12.08 16:03:27.982,2.11192,2.11256,3.10,1.10
2010.12.08 16:03:28.552,2.11191,2.11252,1.40,1.10
2010.12.08 16:03:29.319,2.11186,2.11252,1.40,1.10
2010.12.08 16:03:29.495,2.11192,2.11256,1.10,1.10
2010.12.08 16:03:29.609,2.11192,2.11256,3.50,1.10
2010.12.08 16:03:30.200,2.11192,2.11256,1.20,1.10
2010.12.08 16:03:32.068,2.11192,2.11256,3.50,1.10
2010.12.08 16:03:32.444,2.11192,2.11256,1.40,1.10
2010.12.08 16:03:33.127,2.11192,2.11256,3.50,1.10
2010.12.08 16:03:39.928,2.11204,2.11256,1.10,1.10
2010.12.08 16:03:40.690,2.11207,2.11271,1.10,1.10
2010.12.08 16:03:52.065,2.11212,2.11268,1.30,1.10
2010.12.08 16:03:52.185,2.11202,2.11268,1.40,1.10
2010.12.08 16:03:52.409,2.11207,2.1127,3.50,1.10
2010.12.08 16:03:55.367,2.11211,2.1127,1.40,1.10
2010.12.08 16:03:55.496,2.11207,2.1127,3.20,1.10
2010.12.08 16:03:59.790,2.11207,2.1127,1.40,1.10
2010.12.08 16:04:00.337,2.11207,2.1127,3.20,1.10
2010.12.08 16:04:01.016,2.11205,2.11269,3.20,1.10
2010.12.08 16:04:01.408,2.11206,2.11271,3.50,1.10
2010.12.08 16:04:02.362,2.11206,2.11271,1.40,1.10
2010.12.08 16:04:02.468,2.11206,2.11271,1.40,1.30
2010.12.08 16:04:02.688,2.11202,2.11264,1.10,1.10
2010.12.08 16:04:03.022,2.11207,2.11271,2.80,1.10
2010.12.08 16:04:03.524,2.11207,2.11269,2.80,1.10
2010.12.08 16:04:04.468,2.11207,2.1127,1.40,1.10
2010.12.08 16:04:04.578,2.11202,2.11264,1.10,1.10
2010.12.08 16:04:05.459,2.11194,2.11258,1.10,1.10
2010.12.08 16:04:07.285,2.11194,2.11258,2.80,1.10
2010.12.08 16:04:10.188,2.11202,2.11266,1.30,1.10
2010.12.08 16:04:11.252,2.11191,2.11252,1.40,1.10
2010.12.08 16:04:13.106,2.11179,2.11252,5.20,1.10
2010.12.08 16:04:13.226,2.11192,2.11256,3.20,1.10
2010.12.08 16:04:15.409,2.11181,2.11254,5.00,1.10
2010.12.08 16:04:16.669,2.11189,2.11257,1.10,1.10
2010.12.08 16:04:17.110,2.1119,2.11256,1.20,1.10
2010.12.08 16:04:17.509,2.11191,2.11257,1.30,1.10
2010.12.08 16:04:18.022,2.11187,2.11249,1.10,1.10
2010.12.08 16:04:18.152,2.11183,2.11249,1.20,1.10
2010.12.08 16:04:18.628,2.11181,2.11254,3.60,1.10
2010.12.08 16:04:19.182,2.11181,2.11254,3.00,1.10
2010.12.08 16:04:19.303,2.11191,2.11257,1.30,1.10
2010.12.08 16:04:20.669,2.11191,2.11257,1.60,1.10
2010.12.08 16:04:21.262,2.11191,2.11257,1.30,1.10
2010.12.08 16:04:21.481,2.11192,2.11257,1.40,1.10
2010.12.08 16:04:22.407,2.11199,2.11263,1.10,1.10
2010.12.08 16:04:22.525,2.11192,2.11256,1.60,1.10
2010.12.08 16:04:23.448,2.11207,2.11256,1.10,1.10
2010.12.08 16:04:23.559,2.11211,2.11277,1.30,1.10
2010.12.08 16:04:23.779,2.11219,2.11283,1.30,1.10
2010.12.08 16:04:23.999,2.11208,2.11281,5.00,1.10
2010.12.08 16:04:24.528,2.11208,2.11281,2.10,1.10
2010.12.08 16:04:28.330,2.11208,2.11281,2.20,1.10
2010.12.08 16:04:28.442,2.11222,2.11295,1.30,1.10
2010.12.08 16:04:28.660,2.11207,2.11268,1.70,1.10
2010.12.08 16:04:28.878,2.11212,2.11282,1.30,1.10
2010.12.08 16:04:29.633,2.11207,2.11282,3.50,1.10
2010.12.08 16:04:29.749,2.11207,2.11282,1.30,1.10
2010.12.08 16:04:31.538,2.11207,2.11282,1.20,1.30
2010.12.08 16:04:32.294,2.11207,2.11282,1.20,1.10
2010.12.08 16:04:32.435,2.11208,2.11278,1.20,1.10
2010.12.08 16:04:33.449,2.11207,2.11278,3.50,1.10
2010.12.08 16:04:34.602,2.11205,2.11269,1.20,1.10
2010.12.08 16:04:34.709,2.11205,2.11269,3.50,1.10
2010.12.08 16:04:35.393,2.11205,2.11269,3.50,1.10
2010.12.08 16:04:35.610,2.11205,2.11269,3.20,1.10
2010.12.08 16:04:35.719,2.11208,2.11269,1.20,1.10
2010.12.08 16:04:36.146,2.11205,2.11269,2.90,1.30
2010.12.08 16:04:36.722,2.11171,2.11239,1.20,1.10
2010.12.08 16:04:36.831,2.11171,2.11239,1.40,1.10
2010.12.08 16:04:37.539,2.11171,2.11239,1.40,1.10
2010.12.08 16:04:39.917,2.1118,2.11253,1.40,1.30
2010.12.08 16:04:40.642,2.11172,2.1124,1.30,1.10
2010.12.08 16:04:40.791,2.11181,2.11241,1.10,1.10
2010.12.08 16:04:40.900,2.11178,2.11241,1.30,1.10
2010.12.08 16:04:41.928,2.11192,2.11255,1.10,1.10
2010.12.08 16:04:42.480,2.11192,2.11255,1.40,1.10
2010.12.08 16:04:42.699,2.11192,2.11255,1.10,1.10
2010.12.08 16:04:43.381,2.11184,2.1125,1.40,1.10
2010.12.08 16:04:43.933,2.11185,2.11249,2.90,1.10
2010.12.08 16:04:44.574,2.11191,2.11256,1.20,1.10
2010.12.08 16:04:46.464,2.11191,2.11256,1.10,1.10
2010.12.08 16:04:47.672,2.11191,2.11256,3.50,1.10
2010.12.08 16:04:48.834,2.11191,2.11256,1.40,1.10
2010.12.08 16:04:49.059,2.11191,2.11256,1.10,1.10
2010.12.08 16:04:49.389,2.11179,2.11254,3.00,1.10
2010.12.08 16:04:52.420,2.11179,2.11254,3.50,1.10
2010.12.08 16:04:53.194,2.11191,2.11257,1.40,1.10
2010.12.08 16:04:53.326,2.11179,2.11254,3.20,1.10
2010.12.08 16:04:54.061,2.11179,2.11254,3.60,1.10
2010.12.08 16:04:54.882,2.11193,2.11268,3.50,1.10
2010.12.08 16:04:55.967,2.11192,2.11255,3.50,1.10
2010.12.08 16:04:57.249,2.11192,2.11255,1.40,1.10
2010.12.08 16:04:57.359,2.11192,2.11255,3.50,1.10
2010.12.08 16:04:57.952,2.11194,2.11267,3.10,1.10
2010.12.08 16:04:58.062,2.11194,2.11267,1.20,1.10
2010.12.08 16:04:58.279,2.11205,2.11269,1.10,1.10
2010.12.08 16:04:59.792,2.11205,2.11269,3.10,1.10
2010.12.08 16:04:59.902,2.11205,2.11269,1.20,1.10
2010.12.08 16:05:00.439,2.11197,2.11267,1.20,1.10
2010.12.08 16:05:00.562,2.11205,2.1127,1.10,1.10
2010.12.08 16:05:01.351,2.11205,2.1127,1.20,1.10
2010.12.08 16:05:02.435,2.11205,2.1127,3.10,1.10
2010.12.08 16:05:03.514,2.11196,2.11268,1.20,1.10
2010.12.08 16:05:04.806,2.11206,2.11269,3.10,1.10
2010.12.08 16:05:04.932,2.11207,2.11282,3.50,1.10
2010.12.08 16:05:05.053,2.11213,2.11282,1.40,1.10
2010.12.08 16:05:05.365,2.11207,2.11282,3.20,1.10
2010.12.08 16:05:05.952,2.11213,2.11282,1.40,1.10
2010.12.08 16:05:07.099,2.11223,2.11283,1.40,1.10
2010.12.08 16:05:07.341,2.11219,2.11283,3.20,1.10
2010.12.08 16:05:07.967,2.11223,2.11283,1.40,1.10
2010.12.08 16:05:08.692,2.11219,2.11283,3.20,1.10
2010.12.08 16:05:09.456,2.11204,2.1127,3.20,1.10
2010.12.08 16:05:10.575,2.11207,2.1127,1.20,1.10
2010.12.08 16:05:11.784,2.11217,2.1127,1.20,1.10
2010.12.08 16:05:11.932,2.11208,2.1126,1.50,1.10
2010.12.08 16:05:12.051,2.11193,2.11247,1.80,1.10
2010.12.08 16:05:12.586,2.11193,2.11247,1.50,1.10
2010.12.08 16:05:12.712,2.11177,2.1126,2.80,1.10
2010.12.08 16:05:13.400,2.11172,2.1126,1.40,1.10
2010.12.08 16:05:14.081,2.11184,2.1127,1.10,1.10
2010.12.08 16:05:14.204,2.11192,2.11274,1.40,1.10
2010.12.08 16:05:15.120,2.11192,2.11274,1.40,1.10
2010.12.08 16:05:17.030,2.11191,2.1127,1.20,1.10
2010.12.08 16:05:17.873,2.11191,2.11275,1.40,1.10
2010.12.08 16:05:19.459,2.11191,2.11275,3.50,1.10
2010.12.08 16:05:19.680,2.11191,2.11268,1.20,1.10
2010.12.08 16:05:19.794,2.11191,2.11268,1.10,1.10
2010.12.08 16:05:20.681,2.11191,2.11268,1.40,1.10
2010.12.08 16:05:23.201,2.11197,2.11275,1.20,1.10
2010.12.08 16:05:23.972,2.11197,2.11275,1.20,1.10
2010.12.08 16:05:24.399,2.11197,2.11275,3.10,1.10
2010.12.08 16:05:25.389,2.11197,2.11275,1.20,1.10
2010.12.08 16:05:25.504,2.11198,2.11287,2.70,1.10
2010.12.08 16:05:26.112,2.11198,2.11265,1.60,1.10
2010.12.08 16:05:26.224,2.1119,2.11265,1.10,1.10
2010.12.08 16:05:26.346,2.11181,2.11259,1.80,1.10
2010.12.08 16:05:26.973,2.11175,2.1125,2.90,1.10
2010.12.08 16:05:27.192,2.11175,2.11241,1.20,1.10
2010.12.08 16:05:28.976,2.1117,2.11233,3.60,1.10
2010.12.08 16:05:30.162,2.11171,2.11233,1.40,1.10
2010.12.08 16:05:30.699,2.1117,2.11233,3.00,1.10
2010.12.08 16:05:31.270,2.11199,2.1124,1.50,1.10
2010.12.08 16:05:31.639,2.11199,2.11234,1.50,1.10
2010.12.08 16:05:32.214,2.11199,2.1124,1.50,1.10
2010.12.08 16:05:32.549,2.11195,2.11251,1.50,1.10
2010.12.08 16:05:32.658,2.11178,2.11251,1.40,1.10
2010.12.08 16:05:33.208,2.11178,2.11251,3.50,1.10
2010.12.08 16:05:33.537,2.11178,2.11251,3.50,1.10
2010.12.08 16:05:34.120,2.11178,2.11251,1.40,1.10
2010.12.08 16:05:34.228,2.11178,2.11251,3.30,1.10
2010.12.08 16:05:35.351,2.11178,2.11251,1.30,1.10
2010.12.08 16:05:35.588,2.11178,2.11251,3.10,1.10
2010.12.08 16:05:36.145,2.1119,2.11253,1.20,1.10
2010.12.08 16:05:36.268,2.1119,2.11253,1.10,1.10
2010.12.08 16:05:36.378,2.1119,2.11253,1.40,1.10
2010.12.08 16:05:36.911,2.1119,2.11253,1.10,1.10
2010.12.08 16:05:37.728,2.11182,2.11248,1.60,1.10
2010.12.08 16:05:38.487,2.11182,2.11248,3.90,1.10
2010.12.08 16:05:39.792,2.11187,2.11248,1.20,1.10
2010.12.08 16:05:40.515,2.11182,2.11248,4.00,1.10
2010.12.08 16:05:41.581,2.11187,2.11248,1.20,1.10
2010.12.08 16:05:42.762,2.11182,2.11248,3.60,1.10
2010.12.08 16:05:44.762,2.11175,2.11241,3.30,1.10
2010.12.08 16:05:45.100,2.11175,2.11241,3.30,1.10
2010.12.08 16:05:45.627,2.11175,2.11241,3.30,1.10
2010.12.08 16:05:46.212,2.11177,2.11241,1.20,1.10
2010.12.08 16:05:46.902,2.11175,2.11241,3.10,1.10
2010.12.08 16:05:47.259,2.11178,2.11241,1.20,1.10
2010.12.08 16:05:47.832,2.11182,2.11248,3.50,1.10
2010.12.08 16:05:47.955,2.11176,2.1124,1.40,1.10
2010.12.08 16:05:49.896,2.11177,2.1124,1.80,1.10
2010.12.08 16:05:50.735,2.11176,2.1124,3.60,1.10
2010.12.08 16:05:50.964,2.11176,2.1124,1.40,1.10
2010.12.08 16:05:51.547,2.11178,2.1124,1.20,1.10
2010.12.08 16:05:51.878,2.11173,2.11238,3.10,1.10
2010.12.08 16:05:52.761,2.11173,2.11238,1.60,1.10
2010.12.08 16:05:52.886,2.1117,2.11233,1.40,1.10
2010.12.08 16:05:53.330,2.11176,2.1124,1.20,1.10
2010.12.08 16:05:54.000,2.1117,2.11233,1.40,1.10
2010.12.08 16:05:54.549,2.11176,2.1124,1.20,1.10
2010.12.08 16:05:56.209,2.11176,2.1124,1.10,1.10
2010.12.08 16:05:57.838,2.11176,2.1124,1.20,1.10
2010.12.08 16:05:59.438,2.11176,2.1124,2.90,1.10
2010.12.08 16:05:59.644,2.11176,2.1124,1.20,1.10
2010.12.08 16:06:01.198,2.11174,2.11237,1.10,1.10
2010.12.08 16:06:01.530,2.11174,2.11237,1.20,1.10
2010.12.08 16:06:03.808,2.11174,2.11237,2.90,1.10
2010.12.08 16:06:04.489,2.11167,2.1123,1.20,1.10
2010.12.08 16:06:04.820,2.11173,2.11236,1.20,1.10
2010.12.08 16:06:05.293,2.11176,2.1124,3.30,1.10
2010.12.08 16:06:05.510,2.11176,2.1124,2.90,1.10
2010.12.08 16:06:05.971,2.11176,2.1124,3.30,1.10
2010.12.08 16:06:06.507,2.11176,2.1124,3.10,1.10
2010.12.08 16:06:06.736,2.11178,2.1124,1.20,1.10
2010.12.08 16:06:08.138,2.11176,2.1124,3.10,1.10
2010.12.08 16:06:09.152,2.11178,2.1124,1.20,1.10
2010.12.08 16:06:09.751,2.11187,2.1124,1.20,1.10
2010.12.08 16:06:10.100,2.11176,2.1124,3.30,1.10
2010.12.08 16:06:10.209,2.11188,2.1124,1.20,1.10
2010.12.08 16:06:10.429,2.11178,2.1124,1.20,1.10
2010.12.08 16:06:11.308,2.11177,2.1124,1.20,1.10
2010.12.08 16:06:12.950,2.11176,2.1124,2.90,1.10
2010.12.08 16:06:13.623,2.1117,2.11233,3.50,1.10
2010.12.08 16:06:13.731,2.11175,2.11241,3.10,1.10
2010.12.08 16:06:14.459,2.1117,2.11233,3.50,1.10
2010.12.08 16:06:14.790,2.1117,2.11233,1.20,1.10
2010.12.08 16:06:15.462,2.11162,2.11228,3.20,1.10
2010.12.08 16:06:16.852,2.11162,2.11228,1.60,1.10
2010.12.08 16:06:16.959,2.11162,2.11228,4.00,1.10
2010.12.08 16:06:17.880,2.11162,2.11228,1.60,1.10
2010.12.08 16:06:18.099,2.11162,2.11228,3.60,1.10
2010.12.08 16:06:18.809,2.11177,2.11241,1.20,1.10
2010.12.08 16:06:19.198,2.11178,2.11253,1.20,1.10
2010.12.08 16:06:19.991,2.11178,2.11253,1.40,1.10
2010.12.08 16:06:20.429,2.1119,2.11255,1.40,1.10
2010.12.08 16:06:20.597,2.1119,2.11255,1.10,1.10
2010.12.08 16:06:20.710,2.1119,2.11255,1.40,1.10
2010.12.08 16:06:21.332,2.11182,2.11252,1.40,1.10
2010.12.08 16:06:21.879,2.11176,2.11242,3.50,1.10
2010.12.08 16:06:24.855,2.11163,2.11227,1.40,1.10
2010.12.08 16:06:24.972,2.11163,2.11227,1.10,1.10
2010.12.08 16:06:25.080,2.11145,2.11222,2.80,1.10
2010.12.08 16:06:25.749,2.11134,2.11199,1.20,1.10
2010.12.08 16:06:28.824,2.11149,2.11212,1.30,1.10
2010.12.08 16:06:29.281,2.11149,2.11212,1.40,1.10
2010.12.08 16:06:29.991,2.11149,2.11212,3.60,1.10
2010.12.08 16:06:32.299,2.11152,2.11212,1.40,1.10
2010.12.08 16:06:33.060,2.11149,2.11212,1.30,1.10
2010.12.08 16:06:34.685,2.11149,2.11212,3.20,1.10
2010.12.08 16:06:34.799,2.11149,2.11212,1.30,1.10
2010.12.08 16:06:35.721,2.11153,2.11212,1.20,1.10
2010.12.08 16:06:36.344,2.11158,2.11213,1.20,1.10
2010.12.08 16:06:36.457,2.11162,2.11228,4.00,1.10
2010.12.08 16:06:37.038,2.11192,2.11267,1.10,2.00
2010.12.08 16:06:37.148,2.11199,2.11267,1.70,1.10
2010.12.08 16:06:38.149,2.11194,2.11267,1.50,1.10
2010.12.08 16:06:38.748,2.11192,2.11267,1.30,1.10
2010.12.08 16:06:39.688,2.11222,2.11295,1.10,1.30
2010.12.08 16:06:39.807,2.11222,2.11295,1.10,1.10
2010.12.08 16:06:40.484,2.11201,2.1129,1.40,1.10
2010.12.08 16:06:40.604,2.11193,2.11266,1.10,1.10
2010.12.08 16:06:41.484,2.11201,2.1129,1.10,1.30
2010.12.08 16:06:41.591,2.11192,2.11267,1.30,1.10
2010.12.08 16:06:41.921,2.11202,2.11289,1.10,1.10
2010.12.08 16:06:42.583,2.11202,2.11289,1.20,1.10
2010.12.08 16:06:42.909,2.11235,2.1131,1.10,1.10
2010.12.08 16:06:44.450,2.11234,2.11307,1.30,1.10
2010.12.08 16:06:44.573,2.11236,2.11309,1.10,1.10
2010.12.08 16:06:45.872,2.11236,2.11309,1.20,1.10
2010.12.08 16:06:46.371,2.11238,2.11309,1.10,1.10
2010.12.08 16:06:46.589,2.11234,2.11307,1.40,1.10
2010.12.08 16:06:46.701,2.11236,2.11309,1.40,1.10
2010.12.08 16:06:47.518,2.11234,2.11307,1.30,1.10
2010.12.08 16:06:48.456,2.11245,2.1131,1.30,1.10
2010.12.08 16:06:48.680,2.11246,2.11312,1.30,1.10
2010.12.08 16:06:49.505,2.11213,2.11291,1.10,2.00
2010.12.08 16:06:49.734,2.11185,2.11262,2.00,1.10
2010.12.08 16:06:50.352,2.11176,2.1124,3.30,1.10
2010.12.08 16:06:51.921,2.11182,2.11248,1.20,1.10
2010.12.08 16:06:52.495,2.11182,2.11248,1.40,1.10
2010.12.08 16:06:53.003,2.11197,2.11261,1.10,1.10
2010.12.08 16:06:54.088,2.11211,2.11275,1.10,1.10
2010.12.08 16:06:54.203,2.11204,2.11269,1.10,1.10
2010.12.08 16:06:55.124,2.11204,2.11269,1.20,1.10
2010.12.08 16:06:55.229,2.11204,2.11269,1.10,1.10
2010.12.08 16:06:55.561,2.11204,2.11269,1.20,1.10
2010.12.08 16:06:56.462,2.11204,2.11269,1.10,1.10
2010.12.08 16:06:56.678,2.11204,2.11269,1.20,1.10
2010.12.08 16:06:58.119,2.11207,2.1128,1.10,1.10
2010.12.08 16:06:58.343,2.11193,2.11266,1.20,1.10
2010.12.08 16:06:58.452,2.11193,2.11266,1.30,1.10
2010.12.08 16:06:59.489,2.11193,2.11266,1.60,1.10
2010.12.08 16:07:02.263,2.11193,2.11266,4.00,1.10
2010.12.08 16:07:02.699,2.11204,2.11272,1.40,1.10
2010.12.08 16:07:02.809,2.11206,2.11279,1.40,1.10
2010.12.08 16:07:06.964,2.11216,2.11282,1.30,1.10
2010.12.08 16:07:09.519,2.11208,2.11279,1.10,1.10
2010.12.08 16:07:09.739,2.11206,2.11279,1.30,1.10
2010.12.08 16:07:10.921,2.11203,2.11269,1.40,1.10
2010.12.08 16:07:11.140,2.11192,2.11267,1.30,1.10
2010.12.08 16:07:13.682,2.11203,2.11269,1.30,1.10
2010.12.08 16:07:15.896,2.11203,2.11269,1.60,1.10
2010.12.08 16:07:17.577,2.11205,2.11269,1.10,1.10
2010.12.08 16:07:17.744,2.11206,2.11279,1.30,1.10
2010.12.08 16:07:17.862,2.11206,2.11279,1.10,1.10
2010.12.08 16:07:17.971,2.11204,2.11268,1.10,1.10
2010.12.08 16:07:18.084,2.11206,2.11279,1.10,1.10
2010.12.08 16:07:18.653,2.11206,2.11279,2.00,1.10
2010.12.08 16:07:18.758,2.11217,2.11281,1.30,1.10
2010.12.08 16:07:19.583,2.11205,2.1128,1.40,1.10
2010.12.08 16:07:28.309,2.11205,2.1128,3.50,1.10
2010.12.08 16:07:28.711,2.11205,2.1128,1.40,1.10
2010.12.08 16:07:29.400,2.11205,2.1128,3.30,1.10
2010.12.08 16:07:29.509,2.11205,2.1128,1.30,1.10
2010.12.08 16:07:32.270,2.11205,2.1128,1.40,1.10
2010.12.08 16:07:32.860,2.11217,2.11281,1.10,1.10
2010.12.08 16:07:34.732,2.11224,2.1129,1.10,1.10
2010.12.08 16:07:34.838,2.11217,2.11281,1.10,1.10
2010.12.08 16:07:36.149,2.11217,2.11281,1.50,1.10
2010.12.08 16:07:36.301,2.11217,2.11281,1.20,1.10
2010.12.08 16:07:36.960,2.11217,2.11281,1.10,1.10
2010.12.08 16:07:38.680,2.11205,2.1128,1.30,1.10
2010.12.08 16:07:39.118,2.11205,2.1128,1.10,2.00
2010.12.08 16:07:39.229,2.11192,2.11267,1.60,1.10
2010.12.08 16:07:39.846,2.11203,2.11269,1.20,1.10
2010.12.08 16:07:39.960,2.11205,2.1128,1.20,1.10
2010.12.08 16:07:40.069,2.11205,2.1128,1.10,1.10
2010.12.08 16:07:41.188,2.11205,2.1128,1.20,1.10
2010.12.08 16:07:43.456,2.1122,2.11284,1.40,1.10
2010.12.08 16:07:43.679,2.1122,2.11284,1.10,1.10
2010.12.08 16:07:43.883,2.1122,2.11284,1.40,1.10
2010.12.08 16:07:44.537,2.11225,2.11289,1.20,1.10
2010.12.08 16:07:44.650,2.11219,2.11285,1.10,1.10
2010.12.08 16:07:45.169,2.11219,2.11285,1.40,1.10
2010.12.08 16:07:46.431,2.11219,2.11285,1.40,1.10
2010.12.08 16:07:46.649,2.11213,2.11277,3.10,1.10
2010.12.08 16:07:47.390,2.11205,2.1128,1.40,1.10
2010.12.08 16:07:47.500,2.11217,2.11281,1.10,1.10
2010.12.08 16:07:48.969,2.11217,2.11281,1.20,1.10
2010.12.08 16:07:49.669,2.11228,2.11292,1.10,1.30
2010.12.08 16:07:49.999,2.11217,2.11281,1.20,1.10
2010.12.08 16:07:50.329,2.11217,2.11281,3.10,1.10
2010.12.08 16:07:50.932,2.11217,2.11281,1.20,1.10
2010.12.08 16:07:53.361,2.11228,2.11292,1.10,1.30
2010.12.08 16:07:54.619,2.11216,2.11282,1.20,1.10
2010.12.08 16:07:56.669,2.1122,2.11293,2.00,1.10
2010.12.08 16:07:57.351,2.1122,2.11293,1.10,1.10
2010.12.08 16:07:57.521,2.1122,2.11293,1.40,1.10
2010.12.08 16:07:58.289,2.11218,2.11282,1.40,1.10
2010.12.08 16:07:59.411,2.11218,2.11282,1.30,1.10
2010.12.08 16:08:00.299,2.11218,2.11282,1.10,1.10
2010.12.08 16:08:00.409,2.11218,2.11282,2.00,1.10
2010.12.08 16:08:00.519,2.11237,2.11303,1.10,1.10
2010.12.08 16:08:01.339,2.11225,2.11288,1.10,1.10
2010.12.08 16:08:01.453,2.11206,2.11279,1.20,1.10
2010.12.08 16:08:03.759,2.11206,2.11279,1.20,1.10
2010.12.08 16:08:04.711,2.11206,2.11279,3.10,1.10
2010.12.08 16:08:04.820,2.11206,2.11279,1.20,1.10
2010.12.08 16:08:05.359,2.11211,2.1128,1.10,1.10
2010.12.08 16:08:06.232,2.11217,2.11281,1.40,1.10
2010.12.08 16:08:06.599,2.11223,2.11289,1.30,1.10
2010.12.08 16:08:08.578,2.11223,2.11289,1.40,1.10
2010.12.08 16:08:09.332,2.11233,2.11292,1.10,1.10
2010.12.08 16:08:09.446,2.11235,2.11298,1.30,1.10
2010.12.08 16:08:09.729,2.11236,2.11302,1.30,1.10
2010.12.08 16:08:10.521,2.11235,2.11298,1.30,1.10
2010.12.08 16:08:11.384,2.1124,2.11306,1.30,1.10
2010.12.08 16:08:11.552,2.11243,2.11309,1.30,1.10
2010.12.08 16:08:18.407,2.11243,2.11309,1.10,1.10
2010.12.08 16:08:18.539,2.11233,2.11306,1.30,1.10
2010.12.08 16:08:21.519,2.11238,2.11307,1.10,1.10
2010.12.08 16:08:21.629,2.11238,2.11307,1.30,1.10
2010.12.08 16:08:22.069,2.11245,2.1132,1.10,1.30
2010.12.08 16:08:22.179,2.11245,2.1132,1.30,1.10
2010.12.08 16:08:25.340,2.11245,2.1132,1.10,1.10
2010.12.08 16:08:25.954,2.11237,2.11308,1.20,1.30
2010.12.08 16:08:26.059,2.11229,2.11297,1.50,1.10
2010.12.08 16:08:26.172,2.11237,2.11307,1.10,1.30
2010.12.08 16:08:26.723,2.11237,2.11307,1.30,1.10
2010.12.08 16:08:27.658,2.11221,2.11293,1.20,1.10
2010.12.08 16:08:28.644,2.11221,2.11293,3.50,1.10
2010.12.08 16:08:28.970,2.11231,2.11295,1.40,1.10
2010.12.08 16:08:29.524,2.11231,2.11295,1.10,1.10
2010.12.08 16:08:30.095,2.11221,2.11293,1.20,1.10
2010.12.08 16:08:31.241,2.11237,2.11303,1.10,1.10
2010.12.08 16:08:31.350,2.11221,2.11293,1.40,1.10
2010.12.08 16:08:32.280,2.11234,2.11298,1.20,1.10
2010.12.08 16:08:32.536,2.11231,2.11295,1.10,1.10
2010.12.08 16:08:33.282,2.1122,2.11294,1.40,1.10
2010.12.08 16:08:33.390,2.11212,2.11277,3.50,1.10
2010.12.08 16:08:33.500,2.1123,2.11296,1.10,1.10
2010.12.08 16:08:34.432,2.11222,2.11288,1.60,1.10
2010.12.08 16:08:34.880,2.11215,2.11286,2.50,1.10
2010.12.08 16:08:35.499,2.11222,2.11288,1.20,1.10
2010.12.08 16:08:35.613,2.11208,2.11274,1.50,1.10
2010.12.08 16:08:35.830,2.11209,2.11273,1.10,1.10
2010.12.08 16:08:36.643,2.11198,2.11272,2.30,1.10
2010.12.08 16:08:36.777,2.11209,2.11275,1.10,1.10
2010.12.08 16:08:37.460,2.11208,2.11274,1.10,1.10
2010.12.08 16:08:37.679,2.11209,2.11275,1.30,1.10
2010.12.08 16:08:38.447,2.11209,2.11275,3.20,1.10
2010.12.08 16:08:39.440,2.11209,2.11275,1.60,1.10
2010.12.08 16:08:39.989,2.11209,2.11275,1.20,1.10
2010.12.08 16:08:40.713,2.11202,2.11268,1.60,1.10
2010.12.08 16:08:40.821,2.11189,2.11253,3.00,1.10
2010.12.08 16:08:40.930,2.11189,2.11253,1.30,1.10
2010.12.08 16:08:41.040,2.11184,2.11247,1.70,1.10
2010.12.08 16:08:41.654,2.11182,2.11247,3.00,1.10
2010.12.08 16:08:42.883,2.11195,2.11239,2.60,1.10
2010.12.08 16:08:42.989,2.11189,2.11255,2.00,1.10
2010.12.08 16:08:43.101,2.11197,2.1126,2.00,1.10
2010.12.08 16:08:43.829,2.11183,2.11246,2.00,1.10
2010.12.08 16:08:44.670,2.11183,2.11246,3.30,1.10
2010.12.08 16:08:45.000,2.11193,2.11239,1.10,1.10
2010.12.08 16:08:45.110,2.11193,2.11253,1.10,1.10
2010.12.08 16:08:45.703,2.11186,2.11247,2.50,1.10
2010.12.08 16:08:45.815,2.11186,2.11247,1.10,1.10
2010.12.08 16:08:46.596,2.11188,2.11254,2.00,1.10
2010.12.08 16:08:47.914,2.11186,2.11239,2.60,1.10
2010.12.08 16:08:49.147,2.11186,2.11239,1.10,1.10
2010.12.08 16:08:49.263,2.11188,2.11239,1.10,1.10
2010.12.08 16:08:49.831,2.11188,2.11246,1.10,1.10
2010.12.08 16:08:50.299,2.11189,2.11253,2.00,1.10
2010.12.08 16:08:51.240,2.1118,2.11239,2.30,1.10
2010.12.08 16:08:51.569,2.11188,2.11254,2.00,1.10
2010.12.08 16:08:52.226,2.11188,2.11246,1.10,1.10
2010.12.08 16:08:54.983,2.11185,2.11246,1.10,1.10
2010.12.08 16:08:55.102,2.11187,2.11246,1.10,1.10
2010.12.08 16:08:55.209,2.11187,2.11258,1.10,1.10
2010.12.08 16:08:55.892,2.11188,2.11258,1.10,1.10
2010.12.08 16:08:56.132,2.11198,2.11271,2.00,1.10
2010.12.08 16:08:56.242,2.112,2.11282,2.00,1.10
2010.12.08 16:08:56.460,2.11198,2.11271,1.30,1.10
2010.12.08 16:08:57.750,2.11198,2.11271,2.00,1.10
2010.12.08 16:08:58.300,2.11209,2.11273,1.30,1.10
2010.12.08 16:08:58.446,2.11211,2.11284,1.30,1.10
2010.12.08 16:08:59.442,2.11211,2.11284,2.00,1.10
2010.12.08 16:09:06.884,2.11202,2.11267,2.00,1.10
2010.12.08 16:09:06.992,2.11208,2.11274,1.30,1.10
2010.12.08 16:09:07.618,2.11208,2.11274,1.10,1.10
2010.12.08 16:09:07.741,2.11196,2.1126,1.10,1.10
2010.12.08 16:09:08.090,2.11196,2.1126,1.10,1.10
2010.12.08 16:09:08.700,2.11196,2.1126,2.80,1.10
2010.12.08 16:09:09.246,2.11196,2.1126,1.10,1.10
2010.12.08 16:09:09.879,2.11197,2.11245,1.10,1.10
2010.12.08 16:09:10.212,2.11194,2.1126,2.00,1.10
2010.12.08 16:09:10.790,2.11196,2.11257,1.10,1.10
2010.12.08 16:09:11.011,2.11194,2.1126,1.40,1.10
2010.12.08 16:09:11.121,2.11194,2.1126,1.40,1.10
2010.12.08 16:09:11.865,2.11194,2.11258,1.40,1.10
2010.12.08 16:09:12.628,2.11192,2.11254,1.40,1.10
2010.12.08 16:09:12.766,2.11197,2.1127,1.50,1.10
2010.12.08 16:09:12.989,2.11197,2.1127,1.20,1.10
2010.12.08 16:09:13.098,2.11194,2.11258,1.40,1.10
2010.12.08 16:09:15.265,2.11195,2.11258,1.20,1.10
2010.12.08 16:09:15.380,2.11194,2.11258,1.20,1.10
2010.12.08 16:09:16.103,2.11177,2.11228,1.20,1.10
2010.12.08 16:09:16.239,2.11171,2.11233,1.40,1.10
2010.12.08 16:09:16.729,2.11171,2.11233,1.40,1.10
2010.12.08 16:09:17.340,2.1118,2.11245,3.20,1.10
2010.12.08 16:09:17.980,2.1118,2.11245,1.30,1.10
2010.12.08 16:09:18.514,2.1118,2.11245,1.10,1.10
2010.12.08 16:09:18.628,2.11167,2.11232,1.20,1.10
2010.12.08 16:09:18.980,2.11162,2.11232,1.40,1.10
2010.12.08 16:09:19.530,2.11168,2.11232,1.20,1.10
2010.12.08 16:09:19.688,2.11162,2.11232,1.40,1.10
2010.12.08 16:09:20.440,2.11162,2.11236,1.30,1.10
2010.12.08 16:09:21.129,2.11162,2.11232,1.30,1.10
2010.12.08 16:09:22.622,2.11159,2.11231,3.50,1.10
2010.12.08 16:09:23.453,2.11161,2.11227,1.40,1.10
2010.12.08 16:09:23.670,2.11161,2.11227,3.10,1.10
2010.12.08 16:09:24.439,2.11162,2.11226,1.20,1.10
2010.12.08 16:09:24.591,2.11162,2.11226,3.50,1.10
2010.12.08 16:09:25.499,2.11162,2.11226,3.50,1.10
2010.12.08 16:09:25.617,2.11157,2.11221,1.20,1.10
2010.12.08 16:09:26.549,2.11167,2.11221,1.20,1.10
2010.12.08 16:09:26.668,2.11161,2.11227,1.10,1.10
2010.12.08 16:09:26.784,2.11147,2.112,1.20,1.10
2010.12.08 16:09:27.478,2.11127,2.11206,1.20,1.10
2010.12.08 16:09:27.596,2.11139,2.11222,3.10,1.10
2010.12.08 16:09:27.710,2.11137,2.11206,1.20,1.10
2010.12.08 16:09:28.382,2.11136,2.11211,1.20,1.10
2010.12.08 16:09:28.493,2.11128,2.11206,1.20,1.10
2010.12.08 16:09:28.600,2.11137,2.1121,3.10,1.10
2010.12.08 16:09:28.711,2.11138,2.11206,1.20,1.10
2010.12.08 16:09:30.159,2.11137,2.11206,1.20,1.10
2010.12.08 16:09:30.519,2.11127,2.11206,1.20,1.10
2010.12.08 16:09:31.836,2.11124,2.11206,4.50,1.10
2010.12.08 16:09:34.696,2.11124,2.11206,4.20,1.10
2010.12.08 16:09:34.810,2.11137,2.1121,1.20,1.10
2010.12.08 16:09:35.957,2.11137,2.1121,1.50,1.10
2010.12.08 16:09:36.426,2.11137,2.1121,1.20,1.10
2010.12.08 16:09:37.219,2.11137,2.1121,3.30,1.10
2010.12.08 16:09:38.881,2.11148,2.11213,3.90,1.10
2010.12.08 16:09:38.991,2.11148,2.11213,1.20,1.10
2010.12.08 16:09:39.101,2.11149,2.11212,1.40,1.10
2010.12.08 16:09:39.724,2.11138,2.11211,1.20,1.10
2010.12.08 16:09:40.340,2.11136,2.11211,1.20,1.10
2010.12.08 16:09:41.151,2.11123,2.11196,1.20,1.10
2010.12.08 16:09:42.183,2.11131,2.11198,1.20,1.10
2010.12.08 16:09:42.289,2.11131,2.11198,1.10,1.10
2010.12.08 16:09:43.000,2.11135,2.11198,1.10,1.10
2010.12.08 16:09:44.449,2.11123,2.11196,1.20,1.10
2010.12.08 16:09:44.669,2.11108,2.11183,7.10,1.10
2010.12.08 16:09:44.779,2.11108,2.11176,1.50,1.10
2010.12.08 16:09:46.680,2.11095,2.11176,4.20,1.10
2010.12.08 16:09:48.023,2.1109,2.11176,1.20,1.10
2010.12.08 16:09:48.129,2.11088,2.11172,2.80,1.10
2010.12.08 16:09:51.381,2.11088,2.11165,1.50,1.10
2010.12.08 16:09:51.789,2.11089,2.11169,1.40,1.10
2010.12.08 16:09:52.011,2.11089,2.11169,3.50,1.10
2010.12.08 16:09:52.121,2.11092,2.11179,3.50,1.10
2010.12.08 16:09:53.714,2.11107,2.11179,1.20,1.10
2010.12.08 16:09:54.491,2.11092,2.11179,3.50,1.10
2010.12.08 16:09:54.620,2.11108,2.1118,1.20,1.10
2010.12.08 16:09:54.952,2.11095,2.1118,4.40,1.10
2010.12.08 16:09:55.063,2.11112,2.11185,1.10,1.10
2010.12.08 16:09:55.824,2.11098,2.1118,1.20,1.10
2010.12.08 16:09:56.610,2.11095,2.1118,4.50,1.10
2010.12.08 16:09:56.725,2.11095,2.1118,4.00,1.10
2010.12.08 16:09:58.539,2.11097,2.1118,1.20,1.10
2010.12.08 16:09:59.500,2.11107,2.1118,1.20,1.10
2010.12.08 16:09:59.728,2.11098,2.1118,1.20,1.10
2010.12.08 16:09:59.845,2.11112,2.11185,1.40,1.10
2010.12.08 16:10:01.348,2.11097,2.11168,1.20,1.10
2010.12.08 16:10:01.900,2.11097,2.11179,1.20,1.10
2010.12.08 16:10:02.022,2.11099,2.11179,1.70,1.10
2010.12.08 16:10:02.130,2.11099,2.11179,1.50,1.10
2010.12.08 16:10:02.793,2.111,2.1118,1.10,1.10
2010.12.08 16:10:02.914,2.11078,2.11152,4.60,1.10
2010.12.08 16:10:03.764,2.11063,2.1113,1.40,1.10
2010.12.08 16:10:04.827,2.11072,2.11136,1.10,1.10
2010.12.08 16:10:05.159,2.11072,2.11136,1.20,1.10
2010.12.08 16:10:05.823,2.11086,2.11151,1.10,1.10
2010.12.08 16:10:06.166,2.11092,2.11158,1.10,1.10
2010.12.08 16:10:06.711,2.1108,2.11155,1.10,1.10
2010.12.08 16:10:06.840,2.11078,2.11143,1.50,1.10
2010.12.08 16:10:07.213,2.11078,2.11143,1.40,1.10
2010.12.08 16:10:07.733,2.11078,2.11143,3.10,1.10
2010.12.08 16:10:08.667,2.11076,2.11145,3.30,1.10
2010.12.08 16:10:08.782,2.11085,2.11151,3.10,1.10
2010.12.08 16:10:09.481,2.11106,2.11171,1.20,1.10
2010.12.08 16:10:09.589,2.11087,2.11167,1.20,1.10
2010.12.08 16:10:10.242,2.11085,2.11167,3.10,1.10
2010.12.08 16:10:10.364,2.11085,2.11167,1.20,1.10
2010.12.08 16:10:10.472,2.111,2.11164,1.10,1.10
2010.12.08 16:10:11.157,2.11094,2.1116,1.10,1.10
2010.12.08 16:10:11.317,2.11086,2.11167,1.70,1.10
2010.12.08 16:10:12.104,2.11088,2.11167,1.50,1.10
2010.12.08 16:10:12.431,2.1108,2.11159,1.20,1.10
2010.12.08 16:10:12.541,2.1108,2.11159,3.10,1.10
2010.12.08 16:10:12.649,2.1108,2.11159,1.40,1.10
2010.12.08 16:10:13.176,2.11078,2.11152,1.20,1.10
2010.12.08 16:10:13.400,2.1108,2.11159,3.10,1.10
2010.12.08 16:10:13.511,2.11072,2.11152,3.10,1.10
2010.12.08 16:10:14.187,2.11075,2.11153,2.90,1.10
2010.12.08 16:10:14.403,2.11078,2.11153,1.20,1.10
2010.12.08 16:10:14.517,2.11081,2.11158,3.50,1.10
2010.12.08 16:10:15.024,2.11089,2.11166,1.40,1.10
2010.12.08 16:10:15.135,2.1108,2.11144,1.40,1.10
2010.12.08 16:10:17.744,2.1108,2.11144,3.10,1.10
2010.12.08 16:10:18.408,2.1108,2.11144,1.40,1.10
2010.12.08 16:10:19.067,2.11067,2.1113,1.30,1.10
2010.12.08 16:10:19.913,2.11066,2.11131,3.30,1.10
2010.12.08 16:10:20.026,2.1108,2.11144,1.40,1.10
2010.12.08 16:10:21.493,2.1106,2.11124,3.10,1.10
2010.12.08 16:10:21.601,2.11062,2.11131,3.10,1.10
2010.12.08 16:10:21.819,2.11062,2.11131,3.30,1.10
2010.12.08 16:10:22.691,2.11073,2.11137,2.90,1.10
2010.12.08 16:10:23.910,2.11077,2.11137,1.20,1.10
2010.12.08 16:10:24.239,2.11071,2.11134,3.10,1.10
2010.12.08 16:10:24.460,2.11071,2.11134,3.30,1.10
2010.12.08 16:10:26.334,2.11091,2.11159,1.20,1.10
2010.12.08 16:10:26.460,2.11083,2.11151,1.20,1.10
2010.12.08 16:10:27.063,2.11082,2.11145,1.10,1.10
2010.12.08 16:10:27.175,2.11078,2.11143,1.10,1.10
2010.12.08 16:10:27.401,2.11074,2.11139,1.30,1.10
2010.12.08 16:10:28.027,2.11088,2.11152,1.20,1.10
2010.12.08 16:10:28.143,2.11084,2.11156,1.20,1.10
2010.12.08 16:10:28.294,2.11084,2.11156,3.10,1.10
2010.12.08 16:10:29.201,2.11109,2.11173,1.10,1.10
2010.12.08 16:10:30.450,2.11122,2.11188,1.30,1.10
2010.12.08 16:10:30.970,2.11121,2.11186,1.10,1.10
2010.12.08 16:10:31.576,2.11123,2.11187,1.10,1.10
2010.12.08 16:10:32.593,2.11121,2.11186,1.10,1.10
2010.12.08 16:10:33.031,2.11123,2.11187,1.10,1.10
2010.12.08 16:10:33.841,2.11103,2.11182,1.10,1.10
2010.12.08 16:10:34.059,2.11103,2.11182,1.30,1.10
2010.12.08 16:10:34.924,2.11104,2.11181,1.10,1.10
2010.12.08 16:10:36.637,2.11094,2.1116,1.20,1.10
2010.12.08 16:10:36.862,2.11109,2.11173,1.30,1.10
2010.12.08 16:10:37.191,2.11123,2.11187,1.30,1.10
2010.12.08 16:10:39.447,2.111,2.1117,1.50,1.10
2010.12.08 16:10:40.118,2.111,2.1116,1.50,1.10
2010.12.08 16:10:40.238,2.11094,2.1116,1.30,1.10
2010.12.08 16:10:40.461,2.11094,2.1116,1.10,1.30
2010.12.08 16:10:41.042,2.11081,2.11144,1.30,1.10
2010.12.08 16:10:41.659,2.11095,2.11159,1.10,1.10
2010.12.08 16:10:42.837,2.11095,2.11159,1.20,1.10
2010.12.08 16:10:43.063,2.11095,2.11159,1.10,1.10
2010.12.08 16:10:43.875,2.11081,2.11144,1.10,1.10
2010.12.08 16:10:44.782,2.11081,2.11144,2.00,1.10
2010.12.08 16:10:44.890,2.11109,2.11173,1.30,1.10
2010.12.08 16:10:45.592,2.11122,2.11188,1.10,1.30
2010.12.08 16:10:45.735,2.11136,2.11202,1.30,1.10
2010.12.08 16:10:46.874,2.11136,2.11202,1.10,1.10
2010.12.08 16:10:47.008,2.11126,2.11199,2.00,1.10
2010.12.08 16:10:48.229,2.11126,2.11199,1.10,1.30
2010.12.08 16:10:48.450,2.11111,2.11186,3.20,1.10
2010.12.08 16:10:49.832,2.11111,2.11186,1.10,1.10
2010.12.08 16:10:50.160,2.11098,2.11171,1.50,1.10
2010.12.08 16:10:50.726,2.11098,2.11171,1.10,1.30
2010.12.08 16:10:50.846,2.11063,2.11152,7.00,1.10
2010.12.08 16:10:52.719,2.11063,2.11152,1.20,1.10
2010.12.08 16:10:53.413,2.11063,2.11152,1.10,1.10
2010.12.08 16:10:53.632,2.11058,2.11128,1.50,1.10
2010.12.08 16:10:54.202,2.11058,2.11122,1.50,1.10
2010.12.08 16:10:54.313,2.11035,2.11123,3.10,1.10
2010.12.08 16:10:54.420,2.1104,2.11115,1.40,1.10
2010.12.08 16:10:54.752,2.11054,2.11129,1.10,1.10
2010.12.08 16:10:55.422,2.11054,2.11129,1.20,1.10
2010.12.08 16:10:55.954,2.11054,2.11129,1.10,1.10
2010.12.08 16:10:56.555,2.11054,2.11129,1.20,1.10
2010.12.08 16:10:57.658,2.11082,2.11159,1.10,1.10
2010.12.08 16:10:57.770,2.11067,2.1113,1.20,1.10
2010.12.08 16:10:58.422,2.11048,2.11114,1.50,1.10
2010.12.08 16:10:58.530,2.11039,2.11114,1.10,1.10
2010.12.08 16:10:58.859,2.11039,2.11114,1.20,1.10
2010.12.08 16:10:59.599,2.11051,2.11116,1.10,1.10
2010.12.08 16:11:00.198,2.11038,2.11102,1.10,1.10
2010.12.08 16:11:00.968,2.11038,2.11102,1.20,1.10
2010.12.08 16:11:01.920,2.11038,2.11102,1.40,1.10
2010.12.08 16:11:02.139,2.11045,2.11109,1.10,1.10
2010.12.08 16:11:02.470,2.11045,2.11109,1.20,1.10
2010.12.08 16:11:03.046,2.11051,2.11116,1.30,1.10
2010.12.08 16:11:03.748,2.11052,2.1113,1.30,1.10
2010.12.08 16:11:03.877,2.11041,2.11131,1.50,1.10
2010.12.08 16:11:04.100,2.11039,2.11131,1.50,1.10
2010.12.08 16:11:04.702,2.11042,2.11139,1.10,1.10
2010.12.08 16:11:06.030,2.11065,2.11144,1.10,1.10
2010.12.08 16:11:06.660,2.11047,2.1114,1.50,1.10
2010.12.08 16:11:06.770,2.11047,2.1114,1.70,1.10
2010.12.08 16:11:07.475,2.11031,2.1113,1.80,1.10
2010.12.08 16:11:07.590,2.11031,2.1113,4.50,1.10
2010.12.08 16:11:07.703,2.11048,2.11134,1.10,1.10
2010.12.08 16:11:07.921,2.11038,2.1113,1.20,1.10
2010.12.08 16:11:08.608,2.11047,2.11135,1.10,1.10
2010.12.08 16:11:11.298,2.11066,2.11143,1.10,1.10
2010.12.08 16:11:11.521,2.11058,2.11137,1.20,1.10
2010.12.08 16:11:12.235,2.11047,2.11135,1.50,1.10
2010.12.08 16:11:12.375,2.11047,2.11135,1.20,1.10
2010.12.08 16:11:13.602,2.11046,2.11123,1.20,1.10
2010.12.08 16:11:14.446,2.11047,2.11123,1.20,1.10
2010.12.08 16:11:14.561,2.11046,2.11123,3.10,1.10
2010.12.08 16:11:14.670,2.11046,2.11123,1.20,1.10
2010.12.08 16:11:16.117,2.11046,2.11123,1.20,1.10
2010.12.08 16:11:16.700,2.11039,2.11117,4.20,1.10
2010.12.08 16:11:16.809,2.11045,2.11124,2.90,1.10
2010.12.08 16:11:17.930,2.11045,2.11124,3.10,1.10
2010.12.08 16:11:19.355,2.11045,2.11124,1.20,1.10
2010.12.08 16:11:19.470,2.11045,2.11124,2.90,1.10
2010.12.08 16:11:20.101,2.11045,2.11124,1.20,1.10
2010.12.08 16:11:20.919,2.11045,2.11124,2.90,1.10
2010.12.08 16:11:22.233,2.11039,2.11115,4.20,1.10
2010.12.08 16:11:24.179,2.11039,2.11115,1.80,1.10
2010.12.08 16:11:24.309,2.11039,2.11104,1.50,1.10
2010.12.08 16:11:24.782,2.11044,2.1111,1.10,1.10
2010.12.08 16:11:24.895,2.11038,2.11104,1.10,1.10
2010.12.08 16:11:25.727,2.11055,2.11128,1.30,1.10
2010.12.08 16:11:25.841,2.11055,2.11128,1.30,1.10
2010.12.08 16:11:26.391,2.11053,2.11117,1.10,1.10
2010.12.08 16:11:26.631,2.11033,2.11112,3.50,1.10
2010.12.08 16:11:27.176,2.11038,2.11117,1.20,1.10
2010.12.08 16:11:27.321,2.11034,2.11111,3.10,1.10
2010.12.08 16:11:28.362,2.11034,2.11111,1.20,1.10
2010.12.08 16:11:29.585,2.11034,2.11111,2.90,1.10
2010.12.08 16:11:30.625,2.11034,2.11111,1.20,1.10
2010.12.08 16:11:32.160,2.11023,2.11109,4.80,1.10
2010.12.08 16:11:32.598,2.11034,2.11111,1.20,1.10
2010.12.08 16:11:33.102,2.11034,2.11111,1.20,1.10
2010.12.08 16:11:33.430,2.11039,2.11119,1.10,1.10
2010.12.08 16:11:34.960,2.11039,2.11119,1.30,1.10
2010.12.08 16:11:38.290,2.11059,2.11125,1.20,1.10
2010.12.08 16:11:39.149,2.11059,2.11125,1.10,1.10
2010.12.08 16:11:39.903,2.11059,2.11125,1.40,1.10
2010.12.08 16:11:40.018,2.11053,2.11116,1.10,1.10
2010.12.08 16:11:41.562,2.11046,2.11109,1.30,1.10
2010.12.08 16:11:43.269,2.11053,2.11116,1.10,1.10
2010.12.08 16:11:43.808,2.11053,2.11116,1.10,2.00
2010.12.08 16:11:43.928,2.11024,2.11075,1.50,1.10
2010.12.08 16:11:44.151,2.11024,2.11075,1.50,2.00
2010.12.08 16:11:44.369,2.10982,2.11046,1.60,1.10
2010.12.08 16:11:44.929,2.10982,2.11046,3.00,1.10
2010.12.08 16:11:46.621,2.10982,2.11046,1.20,1.10
2010.12.08 16:11:48.723,2.10982,2.11046,3.10,1.10
2010.12.08 16:11:49.189,2.10982,2.11046,3.30,1.10
2010.12.08 16:11:51.739,2.10988,2.11046,1.20,1.10
2010.12.08 16:11:52.069,2.10988,2.1104,1.20,1.10
2010.12.08 16:11:52.645,2.10974,2.1104,2.90,1.10
2010.12.08 16:11:52.762,2.10956,2.11031,3.30,1.10
2010.12.08 16:11:54.209,2.10968,2.11031,1.20,1.10
2010.12.08 16:11:54.330,2.10969,2.11032,1.40,1.10
2010.12.08 16:11:54.440,2.10968,2.11026,1.20,1.10
2010.12.08 16:11:56.924,2.10968,2.11033,1.50,1.10
2010.12.08 16:11:58.829,2.10968,2.11033,1.40,1.10
2010.12.08 16:11:59.474,2.10968,2.11033,1.50,1.10
2010.12.08 16:11:59.599,2.10956,2.11031,3.10,1.10
2010.12.08 16:12:00.271,2.10957,2.11031,1.20,1.10
2010.12.08 16:12:01.264,2.10949,2.11012,3.30,1.10
2010.12.08 16:12:01.939,2.10958,2.11019,1.20,1.10
2010.12.08 16:12:03.136,2.10957,2.11019,1.20,1.10
2010.12.08 16:12:04.411,2.10955,2.11019,3.30,1.10
2010.12.08 16:12:05.605,2.10967,2.11019,1.20,1.10
2010.12.08 16:12:09.102,2.10967,2.1103,1.20,1.10
2010.12.08 16:12:09.267,2.10969,2.11032,1.10,1.10
2010.12.08 16:12:09.966,2.1097,2.11045,1.20,1.10
2010.12.08 16:12:10.092,2.1097,2.11045,3.10,1.10
2010.12.08 16:12:10.442,2.1097,2.11045,1.20,1.10
2010.12.08 16:12:11.220,2.1097,2.11045,1.10,1.10
2010.12.08 16:12:12.256,2.1097,2.11045,1.40,1.10
2010.12.08 16:12:13.003,2.1097,2.11045,3.10,1.10
2010.12.08 16:12:14.251,2.10982,2.11046,3.50,1.10
2010.12.08 16:12:15.870,2.10982,2.11046,1.40,1.10
2010.12.08 16:12:16.731,2.10989,2.11052,1.10,1.10
2010.12.08 16:12:17.341,2.10981,2.11047,3.50,1.10
2010.12.08 16:12:17.459,2.10981,2.11047,1.40,1.10
2010.12.08 16:12:18.050,2.10983,2.11058,1.20,1.10
2010.12.08 16:12:18.173,2.10983,2.11058,2.90,1.10
2010.12.08 16:12:18.500,2.10982,2.11046,3.10,1.10
2010.12.08 16:12:18.719,2.10983,2.11058,2.90,1.10
2010.12.08 16:12:19.373,2.10983,2.11058,3.30,1.10
2010.12.08 16:12:19.720,2.10983,2.11058,2.90,1.10
2010.12.08 16:12:19.831,2.10983,2.11058,1.20,1.10
2010.12.08 16:12:20.927,2.10983,2.11058,2.90,1.10
2010.12.08 16:12:21.733,2.10982,2.11046,1.40,1.10
2010.12.08 16:12:21.860,2.11012,2.11075,1.10,1.10
2010.12.08 16:12:23.235,2.11013,2.11088,1.10,1.10
2010.12.08 16:12:23.997,2.11013,2.11088,1.40,1.10
2010.12.08 16:12:24.445,2.11013,2.11088,1.10,1.10
2010.12.08 16:12:25.080,2.11025,2.11089,1.10,1.10
2010.12.08 16:12:25.302,2.11027,2.111,1.10,1.10
2010.12.08 16:12:26.017,2.11013,2.11086,1.40,1.10
2010.12.08 16:12:26.810,2.11013,2.11086,1.30,1.10
2010.12.08 16:12:27.780,2.11011,2.11077,3.20,1.10
2010.12.08 16:12:27.960,2.11013,2.11086,3.60,1.10
2010.12.08 16:12:28.070,2.11013,2.11086,1.30,1.10
2010.12.08 16:12:28.691,2.11013,2.11086,1.30,1.10
2010.12.08 16:12:28.909,2.11,2.11072,1.30,1.10
2010.12.08 16:12:29.914,2.10986,2.11058,3.50,1.10
2010.12.08 16:12:30.242,2.10996,2.11061,1.40,1.10
2010.12.08 16:12:30.915,2.10996,2.11061,3.60,1.10
2010.12.08 16:12:31.791,2.10996,2.11061,1.40,1.10
2010.12.08 16:12:32.678,2.10996,2.11061,2.90,1.10
2010.12.08 16:12:34.607,2.11005,2.11083,1.20,1.10
2010.12.08 16:12:35.234,2.11006,2.11083,1.10,1.10
2010.12.08 16:12:37.412,2.11024,2.1109,1.20,1.10
2010.12.08 16:12:38.603,2.11024,2.1109,3.10,1.10
2010.12.08 16:12:42.292,2.11028,2.1109,1.20,1.10
2010.12.08 16:12:43.595,2.11024,2.1109,1.20,1.10
2010.12.08 16:12:44.223,2.11027,2.1109,1.10,1.10
2010.12.08 16:12:44.330,2.11053,2.11117,1.10,1.10
2010.12.08 16:12:44.901,2.11053,2.11117,1.10,1.30
2010.12.08 16:12:45.120,2.11041,2.11107,1.30,1.10
2010.12.08 16:12:45.340,2.11041,2.11107,1.30,1.10
2010.12.08 16:12:45.670,2.11053,2.11117,1.10,1.10
2010.12.08 16:12:50.305,2.11042,2.11106,1.40,1.10
2010.12.08 16:12:50.421,2.11053,2.11117,1.10,1.10
2010.12.08 16:12:51.191,2.11055,2.11128,1.10,1.10
2010.12.08 16:12:52.860,2.11066,2.11131,1.10,1.10
2010.12.08 16:12:53.458,2.11095,2.11159,1.10,1.30
2010.12.08 16:12:53.606,2.11095,2.11159,1.10,1.10
2010.12.08 16:12:53.721,2.11077,2.11164,2.00,1.10
2010.12.08 16:12:54.620,2.11089,2.11168,1.10,1.10
2010.12.08 16:12:54.745,2.11077,2.11164,1.10,1.10
2010.12.08 16:12:56.197,2.11077,2.11164,3.10,1.10
2010.12.08 16:12:56.689,2.11077,2.11164,1.20,1.10
2010.12.08 16:12:57.939,2.1111,2.11185,1.10,1.10
2010.12.08 16:13:00.859,2.11108,2.11174,1.30,1.10
2010.12.08 16:13:01.695,2.11123,2.11187,1.30,1.10
2010.12.08 16:13:02.130,2.11123,2.11187,1.10,1.10
2010.12.08 16:13:02.242,2.1113,2.11193,1.10,1.10
2010.12.08 16:13:02.754,2.11116,2.11181,1.20,1.10
2010.12.08 16:13:02.916,2.11123,2.11187,1.10,1.10
2010.12.08 16:13:03.252,2.11123,2.11187,1.20,1.10
2010.12.08 16:13:03.535,2.11123,2.11187,1.10,1.10
2010.12.08 16:13:04.184,2.11117,2.1118,1.20,1.10
2010.12.08 16:13:05.076,2.11138,2.11202,1.10,1.10
2010.12.08 16:13:05.192,2.11117,2.11197,2.00,1.10
2010.12.08 16:13:05.891,2.11112,2.11177,2.00,1.10
2010.12.08 16:13:06.019,2.11112,2.11177,1.30,1.10
2010.12.08 16:13:06.330,2.11112,2.11177,1.10,1.10
2010.12.08 16:13:08.453,2.1111,2.11173,1.10,1.10
2010.12.08 16:13:10.452,2.11107,2.11171,1.10,1.10
2010.12.08 16:13:11.669,2.1111,2.11173,1.10,1.10
2010.12.08 16:13:13.970,2.11097,2.11172,3.50,1.10
2010.12.08 16:13:14.190,2.11097,2.11172,1.10,1.10
2010.12.08 16:13:14.817,2.11096,2.1116,1.10,1.10
2010.12.08 16:13:15.869,2.11096,2.1116,1.20,1.10
2010.12.08 16:13:16.159,2.11105,2.11182,1.10,1.10
2010.12.08 16:13:17.503,2.11105,2.11182,1.20,1.10
2010.12.08 16:13:22.530,2.11125,2.11188,1.10,1.10
2010.12.08 16:13:23.173,2.11098,2.11164,1.20,1.10
2010.12.08 16:13:23.500,2.11098,2.11164,1.40,1.10
2010.12.08 16:13:23.610,2.11105,2.11182,1.30,1.10
2010.12.08 16:13:24.751,2.11105,2.11182,1.40,1.10
2010.12.08 16:13:25.087,2.11105,2.11182,1.30,1.10
2010.12.08 16:13:25.696,2.11124,2.11189,1.10,1.10
2010.12.08 16:13:29.209,2.11131,2.11195,1.10,1.10
2010.12.08 16:13:29.540,2.11137,2.11203,1.10,1.10
2010.12.08 16:13:30.338,2.11139,2.11214,1.10,1.10
2010.12.08 16:13:32.181,2.11125,2.112,1.10,1.10
2010.12.08 16:13:32.881,2.11125,2.112,1.40,1.10
2010.12.08 16:13:34.220,2.11125,2.112,2.00,1.10
2010.12.08 16:13:34.783,2.11137,2.11203,1.30,1.10
2010.12.08 16:13:34.999,2.11138,2.11204,1.10,1.10
2010.12.08 16:13:35.961,2.11139,2.11214,1.10,1.10
2010.12.08 16:13:36.657,2.11151,2.11215,1.10,1.10
2010.12.08 16:13:36.772,2.1114,2.11213,1.10,1.10
2010.12.08 16:13:37.322,2.1114,2.11206,1.10,1.50
2010.12.08 16:13:38.316,2.1114,2.11205,1.10,1.50
2010.12.08 16:13:38.483,2.1114,2.11208,1.10,1.50
2010.12.08 16:13:43.040,2.11152,2.11208,1.10,1.50
2010.12.08 16:13:43.259,2.11158,2.11228,1.10,1.10
2010.12.08 16:13:43.875,2.11152,2.11227,1.10,1.10
2010.12.08 16:13:44.981,2.11145,2.11208,1.10,1.10
2010.12.08 16:13:45.785,2.11162,2.11249,1.10,1.10
2010.12.08 16:13:47.111,2.1116,2.11243,1.30,1.10
2010.12.08 16:13:48.804,2.11172,2.11252,1.10,1.10
2010.12.08 16:13:51.011,2.11161,2.11239,1.10,1.10
2010.12.08 16:13:51.588,2.11149,2.11236,1.10,1.10
2010.12.08 16:13:52.427,2.1116,2.11238,1.10,1.10
2010.12.08 16:13:54.151,2.11166,2.11245,1.10,1.10
2010.12.08 16:13:54.481,2.11172,2.11252,1.10,1.10
2010.12.08 16:13:56.683,2.11159,2.11239,1.10,1.10
2010.12.08 16:13:57.502,2.11158,2.11233,1.10,1.10
2010.12.08 16:13:59.459,2.1117,2.11234,1.10,1.10
2010.12.08 16:14:00.444,2.11171,2.11246,1.10,1.10
2010.12.08 16:14:02.019,2.11183,2.11248,1.10,1.10
2010.12.08 16:14:03.109,2.11171,2.11246,1.10,1.10
2010.12.08 16:14:07.020,2.11171,2.11246,1.40,1.10
2010.12.08 16:14:07.130,2.11171,2.11243,1.10,1.10
2010.12.08 16:14:07.748,2.1117,2.11234,1.10,1.10
2010.12.08 16:14:07.859,2.11172,2.11245,1.10,1.10
2010.12.08 16:14:08.503,2.11169,2.11235,1.10,1.10
2010.12.08 16:14:10.456,2.11169,2.11235,2.00,1.10
2010.12.08 16:14:10.576,2.11189,2.11255,1.10,1.10
2010.12.08 16:14:11.399,2.11196,2.11262,1.10,1.10
2010.12.08 16:14:11.513,2.11199,2.11272,1.10,1.10
2010.12.08 16:14:12.474,2.11198,2.11272,1.10,1.10
2010.12.08 16:14:12.608,2.11196,2.11262,1.10,1.10
2010.12.08 16:14:13.782,2.11189,2.11255,1.10,1.10
2010.12.08 16:14:18.719,2.11196,2.11262,1.10,1.10
2010.12.08 16:14:20.984,2.1119,2.11254,1.10,1.10
2010.12.08 16:14:26.559,2.11196,2.11262,1.10,1.10
2010.12.08 16:14:27.341,2.11189,2.11254,1.10,1.10
2010.12.08 16:14:28.119,2.11209,2.11274,1.10,1.10
2010.12.08 16:14:28.239,2.11195,2.1126,1.10,1.10
2010.12.08 16:14:29.272,2.11198,2.11271,1.10,1.10
2010.12.08 16:14:29.998,2.11205,2.11271,1.10,1.10
2010.12.08 16:14:31.753,2.11201,2.11267,1.10,1.10
2010.12.08 16:14:33.660,2.11209,2.11273,1.10,1.10
2010.12.08 16:14:35.173,2.11194,2.11259,1.10,1.10
2010.12.08 16:14:35.302,2.11181,2.11244,1.10,1.10
2010.12.08 16:14:36.197,2.11186,2.11265,1.10,1.30
2010.12.08 16:14:36.327,2.11186,2.11265,1.10,1.10
2010.12.08 16:14:37.282,2.11187,2.11264,1.10,1.10
2010.12.08 16:14:39.866,2.11202,2.11266,1.10,1.10
2010.12.08 16:14:39.982,2.11172,2.11252,3.10,1.10
2010.12.08 16:14:40.808,2.11196,2.11259,1.10,1.10
2010.12.08 16:14:41.261,2.11173,2.11251,1.10,1.30
2010.12.08 16:14:41.371,2.11166,2.11232,1.20,1.10
2010.12.08 16:14:42.160,2.11166,2.11232,1.10,1.10
2010.12.08 16:14:42.434,2.11166,2.11232,2.90,1.10
2010.12.08 16:14:43.775,2.11166,2.11232,3.10,1.10
2010.12.08 16:14:43.990,2.11166,2.11232,1.10,1.10
2010.12.08 16:14:44.782,2.11174,2.11243,1.10,1.10
2010.12.08 16:14:46.904,2.11181,2.11244,1.10,1.10
2010.12.08 16:14:52.353,2.11181,2.11244,1.40,1.10
2010.12.08 16:14:53.033,2.11181,2.11244,1.10,1.10
2010.12.08 16:14:53.540,2.11181,2.11244,1.40,1.10
2010.12.08 16:14:54.101,2.11181,2.11244,1.20,1.10
2010.12.08 16:14:56.913,2.11181,2.11244,1.10,1.10
2010.12.08 16:15:01.415,2.11169,2.11242,1.10,1.10
2010.12.08 16:15:06.937,2.11181,2.11244,1.10,1.10
2010.12.08 16:15:12.889,2.11167,2.11231,1.20,1.10
2010.12.08 16:15:13.852,2.1118,2.11246,1.10,1.10
2010.12.08 16:15:14.931,2.1118,2.11246,1.40,1.10
2010.12.08 16:15:17.881,2.1118,2.11246,1.40,1.10
2010.12.08 16:15:18.464,2.11181,2.11245,1.30,1.10
2010.12.08 16:15:19.364,2.11173,2.11251,2.00,1.10
2010.12.08 16:15:19.514,2.11195,2.1126,1.10,1.10
2010.12.08 16:15:22.650,2.11166,2.11226,4.00,1.10
2010.12.08 16:15:22.760,2.11162,2.11226,2.90,1.10
2010.12.08 16:15:22.870,2.11162,2.11226,1.10,1.10
2010.12.08 16:15:23.562,2.11162,2.11226,1.40,1.10
2010.12.08 16:15:23.671,2.11162,2.11226,1.10,1.10
2010.12.08 16:15:24.430,2.11168,2.11233,1.10,1.10
2010.12.08 16:15:25.070,2.1117,2.1124,1.10,1.10
2010.12.08 16:15:25.227,2.11145,2.11225,1.40,1.10
2010.12.08 16:15:25.341,2.11145,2.11225,1.10,1.10
2010.12.08 16:15:26.105,2.11139,2.11218,1.10,1.10
2010.12.08 16:15:30.069,2.11139,2.11218,3.50,1.10
2010.12.08 16:15:30.180,2.11139,2.11218,1.10,1.10
2010.12.08 16:15:30.400,2.11139,2.11218,3.50,1.10
2010.12.08 16:15:30.930,2.11146,2.11224,3.10,1.10
2010.12.08 16:15:31.491,2.11146,2.11224,1.20,1.10
2010.12.08 16:15:32.471,2.11146,2.11224,3.10,1.10
2010.12.08 16:15:33.461,2.11146,2.11224,1.30,1.10
2010.12.08 16:15:35.330,2.1117,2.11245,1.10,1.10
2010.12.08 16:15:35.442,2.11168,2.11233,1.10,1.10
2010.12.08 16:15:36.222,2.11171,2.11244,1.10,1.10
2010.12.08 16:15:36.550,2.11161,2.11227,1.10,1.10
2010.12.08 16:15:36.990,2.11175,2.1124,1.10,1.10
2010.12.08 16:15:37.708,2.11168,2.11233,1.10,1.10
2010.12.08 16:15:40.421,2.11168,2.11212,1.10,2.50
2010.12.08 16:15:40.530,2.11111,2.11177,1.40,1.10
2010.12.08 16:15:40.641,2.11111,2.11177,1.10,1.10
2010.12.08 16:15:40.751,2.11107,2.11163,1.10,1.10
2010.12.08 16:15:40.863,2.11118,2.11196,1.10,1.10
2010.12.08 16:15:40.972,2.11118,2.11196,1.10,2.00
2010.12.08 16:15:41.741,2.11097,2.11163,1.10,1.10
2010.12.08 16:15:43.119,2.11099,2.11174,1.30,1.10
2010.12.08 16:15:43.239,2.11113,2.11188,1.30,1.10
2010.12.08 16:15:44.086,2.111,2.11173,3.20,1.10
2010.12.08 16:15:44.585,2.111,2.11173,3.00,1.10
2010.12.08 16:15:45.503,2.111,2.11173,1.30,1.10
2010.12.08 16:15:45.610,2.111,2.11173,1.30,1.10
2010.12.08 16:15:45.942,2.111,2.11173,1.10,1.30
2010.12.08 16:15:46.532,2.11099,2.11174,1.10,1.30
2010.12.08 16:15:46.860,2.11099,2.11174,1.10,1.10
2010.12.08 16:15:47.537,2.11099,2.11174,1.40,1.10
2010.12.08 16:15:48.391,2.11099,2.11174,1.10,1.10
2010.12.08 16:15:48.539,2.11099,2.11174,3.50,1.10
2010.12.08 16:15:50.846,2.11098,2.11162,3.90,1.10
2010.12.08 16:15:50.962,2.11093,2.1116,1.40,1.10
2010.12.08 16:15:51.180,2.11088,2.11147,1.20,1.10
2010.12.08 16:15:51.290,2.11078,2.11147,1.20,1.10
2010.12.08 16:15:51.929,2.11086,2.11161,1.30,1.10
2010.12.08 16:15:52.042,2.11085,2.11148,1.10,1.10
2010.12.08 16:15:52.481,2.11087,2.1116,1.10,1.10
2010.12.08 16:15:54.465,2.11086,2.11161,1.40,1.10
2010.12.08 16:15:54.690,2.11086,2.11161,1.20,1.30
2010.12.08 16:15:54.911,2.11073,2.11146,1.40,1.10
2010.12.08 16:15:55.512,2.11072,2.11147,1.40,1.10
2010.12.08 16:15:56.768,2.11072,2.11147,1.10,1.10
2010.12.08 16:15:56.881,2.11072,2.11147,1.20,1.10
2010.12.08 16:15:57.429,2.11071,2.11134,1.20,1.10
2010.12.08 16:16:05.459,2.11071,2.11135,1.10,1.10
2010.12.08 16:16:06.249,2.11071,2.11135,1.10,2.00
2010.12.08 16:16:06.364,2.11049,2.11121,1.30,1.10
2010.12.08 16:16:06.486,2.11057,2.11123,1.20,1.10
2010.12.08 16:16:07.352,2.11052,2.1112,1.10,1.10
2010.12.08 16:16:08.347,2.11052,2.1112,1.20,1.10
2010.12.08 16:16:08.681,2.11052,2.1112,1.10,1.10
2010.12.08 16:16:09.062,2.11052,2.1112,1.40,1.10
2010.12.08 16:16:10.140,2.11065,2.11135,1.10,1.10
2010.12.08 16:16:12.896,2.11065,2.11135,1.20,1.10
2010.12.08 16:16:13.020,2.11059,2.11134,1.10,1.10
2010.12.08 16:16:13.240,2.11058,2.11122,1.20,1.10
2010.12.08 16:16:13.844,2.1106,2.11133,3.20,1.10
2010.12.08 16:16:13.968,2.1106,2.11133,1.30,1.10
2010.12.08 16:16:14.879,2.1106,2.11133,3.20,1.10
2010.12.08 16:16:15.742,2.1106,2.11135,1.40,1.30
2010.12.08 16:16:15.850,2.11048,2.11121,1.20,1.10
2010.12.08 16:16:15.961,2.11046,2.11121,3.60,1.10
2010.12.08 16:16:16.532,2.11053,2.11121,1.30,1.10
2010.12.08 16:16:16.860,2.11057,2.1112,1.20,1.10
2010.12.08 16:16:16.971,2.11057,2.11123,1.50,1.10
2010.12.08 16:16:17.593,2.11059,2.11134,3.60,1.10
2010.12.08 16:16:17.829,2.11059,2.11134,3.00,1.10
2010.12.08 16:16:18.500,2.11062,2.11133,3.50,1.10
2010.12.08 16:16:18.623,2.11062,2.11133,1.40,1.10
2010.12.08 16:16:19.169,2.11073,2.11148,1.10,1.30
2010.12.08 16:16:19.384,2.11059,2.11134,3.20,1.10
2010.12.08 16:16:20.252,2.11059,2.11134,3.60,1.10
2010.12.08 16:16:20.609,2.11068,2.11134,1.20,1.10
2010.12.08 16:16:20.949,2.11071,2.11137,1.20,1.10
2010.12.08 16:16:21.682,2.11072,2.11137,1.40,1.10
2010.12.08 16:16:22.722,2.11071,2.11137,1.30,1.10
2010.12.08 16:16:22.829,2.11073,2.11148,1.30,1.30
2010.12.08 16:16:22.941,2.11072,2.11136,1.30,1.10
2010.12.08 16:16:23.457,2.11072,2.11136,1.10,2.00
2010.12.08 16:16:23.681,2.11057,2.11123,1.30,1.10
2010.12.08 16:16:24.011,2.11057,2.11123,2.00,1.10
2010.12.08 16:16:24.584,2.11048,2.11103,1.20,1.10
2010.12.08 16:16:24.690,2.11057,2.11123,3.10,1.10
2010.12.08 16:16:27.228,2.11058,2.11123,1.20,1.10
2010.12.08 16:16:28.616,2.11057,2.11123,3.10,1.10
2010.12.08 16:16:29.587,2.11057,2.11123,3.30,1.10
2010.12.08 16:16:29.701,2.11057,2.11123,1.20,1.10
2010.12.08 16:16:30.801,2.11057,2.11123,3.10,1.10
2010.12.08 16:16:31.504,2.11057,2.11123,1.20,1.10
2010.12.08 16:16:32.072,2.11057,2.11123,2.90,1.10
2010.12.08 16:16:32.621,2.11057,2.11123,1.50,1.10
2010.12.08 16:16:35.331,2.11057,2.11123,3.90,1.10
2010.12.08 16:16:35.601,2.11057,2.11123,2.90,1.10
2010.12.08 16:16:36.218,2.11071,2.11137,1.10,2.00
2010.12.08 16:16:36.335,2.11058,2.11122,3.50,1.10
2010.12.08 16:16:36.550,2.11058,2.11122,1.10,1.10
2010.12.08 16:16:37.086,2.11058,2.11122,1.40,1.10
2010.12.08 16:16:37.580,2.11056,2.11115,1.20,1.10
2010.12.08 16:16:38.182,2.11067,2.11115,1.10,1.10
2010.12.08 16:16:38.299,2.11071,2.11137,1.30,1.10
2010.12.08 16:16:39.007,2.11071,2.11137,3.20,1.10
2010.12.08 16:16:40.010,2.11071,2.11137,3.60,1.10
2010.12.08 16:16:40.230,2.11086,2.1115,1.20,2.00
2010.12.08 16:16:40.744,2.11086,2.1115,1.40,1.10
2010.12.08 16:16:40.859,2.11115,2.11178,1.10,1.10
2010.12.08 16:16:40.970,2.11129,2.11192,1.10,1.10
2010.12.08 16:16:44.041,2.11134,2.112,1.10,1.10
2010.12.08 16:16:44.679,2.11129,2.11192,1.10,1.10
2010.12.08 16:16:45.643,2.11129,2.11192,1.40,1.10
2010.12.08 16:16:46.612,2.11129,2.11192,1.10,1.10
2010.12.08 16:16:53.021,2.1113,2.11198,1.10,1.10
2010.12.08 16:16:53.284,2.11128,2.11193,1.10,1.10
2010.12.08 16:16:53.969,2.1113,2.11205,1.10,1.10
2010.12.08 16:16:54.110,2.11129,2.11199,1.10,1.10
2010.12.08 16:16:55.644,2.11128,2.11193,1.10,1.10
2010.12.08 16:16:56.913,2.11125,2.11188,1.20,1.10
2010.12.08 16:16:57.139,2.11156,2.11222,1.10,1.10
2010.12.08 16:16:57.767,2.11184,2.1125,1.10,1.10
2010.12.08 16:16:58.599,2.11198,2.11264,1.10,1.10
2010.12.08 16:17:03.240,2.11198,2.11264,2.00,1.10
2010.12.08 16:17:03.848,2.112,2.11275,2.00,1.10
2010.12.08 16:17:03.955,2.11212,2.11277,1.30,1.10
2010.12.08 16:17:10.072,2.11187,2.11254,1.50,1.10
2010.12.08 16:17:10.181,2.11179,2.11254,2.50,1.10
2010.12.08 16:17:10.289,2.11213,2.11276,1.10,1.10
2010.12.08 16:17:10.401,2.11213,2.11276,1.10,2.00
2010.12.08 16:17:11.077,2.11175,2.11255,1.10,1.10
2010.12.08 16:17:12.451,2.11175,2.11255,2.90,1.10
2010.12.08 16:17:13.860,2.11178,2.11255,1.20,1.10
2010.12.08 16:17:14.564,2.11175,2.11255,1.20,1.10
2010.12.08 16:17:15.992,2.11175,2.11255,1.10,1.10
2010.12.08 16:17:16.769,2.11178,2.11265,1.10,1.10
2010.12.08 16:17:17.099,2.1119,2.11267,1.10,1.10
2010.12.08 16:17:17.429,2.11177,2.11266,1.10,1.10
2010.12.08 16:17:20.192,2.11198,2.11273,1.10,1.10
2010.12.08 16:17:20.835,2.11171,2.11244,1.10,1.10
2010.12.08 16:17:21.497,2.11158,2.1123,1.60,1.10
2010.12.08 16:17:22.031,2.11157,2.1123,1.20,1.10
2010.12.08 16:17:22.634,2.11154,2.1122,1.20,1.10
2010.12.08 16:17:23.700,2.11154,2.11219,1.10,1.10
2010.12.08 16:17:24.140,2.11154,2.11219,1.20,1.10
2010.12.08 16:17:24.361,2.11162,2.11226,1.10,1.10
2010.12.08 16:17:29.405,2.11155,2.11219,1.40,1.10
2010.12.08 16:17:29.560,2.11168,2.11233,1.10,1.10
2010.12.08 16:17:29.671,2.11156,2.11231,1.40,1.10
2010.12.08 16:17:30.583,2.11156,2.11231,1.20,1.10
2010.12.08 16:17:33.255,2.11155,2.11219,1.20,1.10
2010.12.08 16:17:33.690,2.11157,2.1123,2.20,1.10
2010.12.08 16:17:34.537,2.11171,2.11245,1.10,1.10
2010.12.08 16:17:35.542,2.11171,2.11245,1.10,1.10
2010.12.08 16:17:37.002,2.11171,2.11244,1.10,1.10
2010.12.08 16:17:37.896,2.1117,2.11245,1.10,1.10
2010.12.08 16:17:38.440,2.11172,2.11244,1.10,1.10
2010.12.08 16:17:40.460,2.11188,2.11254,1.10,1.10
2010.12.08 16:17:41.130,2.11172,2.11244,1.10,1.10
2010.12.08 16:17:42.930,2.11173,2.11256,1.10,1.10
2010.12.08 16:17:43.705,2.11171,2.11245,1.10,1.10
2010.12.08 16:17:45.277,2.1117,2.11245,1.10,1.10
2010.12.08 16:17:46.929,2.11181,2.11247,1.10,1.10
2010.12.08 16:17:47.903,2.11171,2.11245,1.10,1.10
2010.12.08 16:17:49.815,2.11184,2.11247,1.10,1.10
2010.12.08 16:17:49.921,2.11187,2.11258,1.10,1.10
2010.12.08 16:17:50.032,2.11184,2.11257,1.10,1.10
2010.12.08 16:17:51.562,2.11181,2.11247,1.10,1.10
2010.12.08 16:17:51.893,2.11176,2.11239,1.20,1.10
2010.12.08 16:17:52.220,2.11176,2.11239,1.10,1.10
2010.12.08 16:17:52.796,2.11182,2.11246,1.10,1.10
2010.12.08 16:17:52.910,2.11176,2.11239,1.10,1.10
2010.12.08 16:17:54.502,2.11168,2.11233,1.10,1.10
2010.12.08 16:17:57.151,2.11175,2.1124,1.10,1.10
2010.12.08 16:17:59.287,2.11154,2.1122,1.40,1.10
2010.12.08 16:17:59.512,2.11161,2.11239,1.60,1.10
2010.12.08 16:17:59.995,2.11163,2.1125,1.60,1.10
2010.12.08 16:18:00.105,2.11163,2.1125,1.10,1.10
2010.12.08 16:18:01.147,2.11171,2.11246,1.10,1.10
2010.12.08 16:18:02.069,2.11201,2.11274,1.10,1.10
2010.12.08 16:18:04.164,2.11204,2.11275,1.10,1.10
2010.12.08 16:18:04.330,2.11185,2.1126,1.20,1.10
2010.12.08 16:18:04.968,2.11197,2.11262,1.10,1.10
2010.12.08 16:18:05.190,2.112,2.11275,1.10,1.10
2010.12.08 16:18:06.042,2.11199,2.11262,1.10,1.10
2010.12.08 16:18:06.823,2.11201,2.11274,1.10,1.10
2010.12.08 16:18:11.060,2.11199,2.11262,1.10,1.10
2010.12.08 16:18:14.688,2.11178,2.11243,3.00,1.10
2010.12.08 16:18:15.497,2.11206,2.11271,1.10,1.10
2010.12.08 16:18:15.625,2.11184,2.11262,3.40,1.10
2010.12.08 16:18:15.741,2.11184,2.11262,1.40,1.10
2010.12.08 16:18:16.783,2.11184,2.11262,3.10,1.10
2010.12.08 16:18:17.333,2.11206,2.11271,1.30,1.10
2010.12.08 16:18:17.444,2.11212,2.11291,1.10,1.10
2010.12.08 16:18:18.167,2.11215,2.11289,1.10,1.10
2010.12.08 16:18:19.946,2.1123,2.11293,1.10,1.10
2010.12.08 16:18:20.060,2.11232,2.11305,1.10,1.10
2010.12.08 16:18:24.827,2.11229,2.11294,1.10,1.10
2010.12.08 16:18:26.218,2.11227,2.11293,1.10,1.10
2010.12.08 16:18:26.859,2.1123,2.11293,1.10,1.10
2010.12.08 16:18:28.704,2.11218,2.11291,1.10,1.10
2010.12.08 16:18:28.810,2.11216,2.1128,1.10,1.10
2010.12.08 16:18:28.921,2.11217,2.1129,1.10,1.10
2010.12.08 16:18:29.548,2.11216,2.1128,1.10,1.10
2010.12.08 16:18:32.071,2.11229,2.1128,1.50,1.10
2010.12.08 16:18:35.020,2.11216,2.1128,1.30,1.10
2010.12.08 16:18:35.728,2.11221,2.113,1.30,1.10
2010.12.08 16:18:35.847,2.11221,2.113,1.10,1.10
2010.12.08 16:18:35.962,2.11202,2.11279,1.30,1.10
2010.12.08 16:18:36.071,2.11202,2.11279,1.10,1.10
2010.12.08 16:18:36.573,2.11202,2.11279,1.30,1.10
2010.12.08 16:18:36.903,2.11208,2.11287,1.10,1.10
2010.12.08 16:18:37.474,2.1121,2.11298,1.10,1.10
2010.12.08 16:18:38.673,2.11215,2.11288,1.10,1.10
2010.12.08 16:18:40.190,2.11204,2.11286,1.30,1.10
2010.12.08 16:18:40.766,2.11202,2.11275,1.10,1.10
2010.12.08 16:18:51.326,2.11202,2.11275,3.50,1.10
2010.12.08 16:18:51.440,2.11202,2.11275,1.40,1.10
2010.12.08 16:18:52.092,2.11202,2.11275,1.20,1.10
2010.12.08 16:18:53.050,2.11202,2.11275,1.40,1.10
2010.12.08 16:18:53.730,2.11202,2.11275,1.10,1.10
2010.12.08 16:18:53.842,2.11215,2.11288,1.10,1.10
2010.12.08 16:18:54.431,2.11198,2.11294,1.30,1.10
2010.12.08 16:18:54.550,2.11195,2.1129,1.70,1.10
2010.12.08 16:18:55.171,2.11195,2.11266,1.50,1.10
2010.12.08 16:18:55.393,2.11178,2.11244,1.50,1.10
2010.12.08 16:18:55.990,2.11178,2.11254,1.70,1.10
2010.12.08 16:18:56.106,2.11197,2.11295,1.10,1.10
2010.12.08 16:18:56.841,2.11197,2.11295,2.00,1.10
2010.12.08 16:18:56.957,2.11197,2.11295,1.10,1.10
2010.12.08 16:19:00.700,2.11197,2.11295,1.30,1.10
2010.12.08 16:19:01.876,2.11197,2.11295,3.10,1.10
2010.12.08 16:19:02.450,2.11208,2.11297,1.10,1.10
2010.12.08 16:19:06.612,2.11208,2.11297,3.90,1.10
2010.12.08 16:19:06.720,2.11208,2.11297,1.50,1.10
2010.12.08 16:19:07.190,2.11229,2.11302,1.10,1.10
2010.12.08 16:19:07.521,2.11209,2.11296,3.10,1.10
2010.12.08 16:19:08.133,2.11209,2.11296,1.20,1.10
2010.12.08 16:19:08.453,2.11209,2.11296,1.30,1.10
2010.12.08 16:19:09.312,2.11229,2.11302,1.10,1.10
2010.12.08 16:19:09.440,2.11206,2.11286,1.20,1.10
2010.12.08 16:19:10.074,2.11206,2.11286,1.10,1.10
2010.12.08 16:19:10.214,2.11193,2.11246,1.50,1.10
2010.12.08 16:19:10.915,2.11193,2.11246,1.50,1.10
2010.12.08 16:19:11.020,2.11171,2.11246,3.00,1.10
2010.12.08 16:19:11.768,2.11172,2.11246,1.40,1.10
2010.12.08 16:19:12.100,2.11169,2.11235,3.50,1.10
2010.12.08 16:19:12.900,2.11169,2.11235,1.40,1.10
2010.12.08 16:19:13.463,2.11169,2.11235,1.40,1.10
2010.12.08 16:19:14.525,2.11172,2.11235,1.40,1.10
2010.12.08 16:19:15.884,2.11177,2.11242,1.10,1.10
2010.12.08 16:19:15.993,2.11184,2.1125,1.10,1.30
2010.12.08 16:19:17.634,2.11164,2.11244,1.40,1.10
2010.12.08 16:19:18.450,2.11168,2.11244,1.20,1.10
2010.12.08 16:19:18.942,2.11164,2.11244,2.90,1.10
2010.12.08 16:19:19.567,2.11178,2.11242,1.10,1.10
2010.12.08 16:19:20.156,2.11184,2.1125,1.10,1.10
2010.12.08 16:19:20.262,2.11178,2.11242,1.20,1.10
2010.12.08 16:19:20.712,2.11178,2.11242,1.10,1.10
2010.12.08 16:19:21.259,2.11178,2.11242,1.50,1.10
2010.12.08 16:19:21.372,2.11178,2.11242,1.10,1.10
2010.12.08 16:19:23.017,2.11178,2.11242,1.40,1.10
2010.12.08 16:19:23.147,2.11184,2.1125,1.20,1.10
2010.12.08 16:19:23.728,2.11187,2.1126,1.10,1.10
2010.12.08 16:19:25.781,2.1117,2.11254,2.40,1.10
2010.12.08 16:19:26.833,2.11187,2.1126,1.20,1.10
2010.12.08 16:19:26.945,2.11167,2.11255,1.80,1.10
2010.12.08 16:19:27.050,2.11166,2.11255,3.30,1.10
2010.12.08 16:19:27.607,2.11168,2.11255,1.20,1.10
2010.12.08 16:19:28.142,2.11166,2.11255,2.90,1.10
2010.12.08 16:19:28.710,2.11165,2.11243,2.90,1.10
2010.12.08 16:19:29.304,2.11165,2.11243,3.10,1.10
2010.12.08 16:19:29.410,2.11165,2.11243,1.20,1.10
2010.12.08 16:19:29.634,2.11165,2.11243,1.10,1.10
2010.12.08 16:19:30.290,2.11185,2.11249,1.10,1.10
2010.12.08 16:19:31.203,2.11165,2.11243,1.20,1.10
2010.12.08 16:19:33.557,2.11184,2.1125,1.10,1.30
2010.12.08 16:19:34.371,2.11164,2.1123,1.10,1.10
2010.12.08 16:19:34.532,2.11192,2.11258,1.10,1.10
2010.12.08 16:19:35.116,2.11174,2.11251,1.10,1.10
2010.12.08 16:19:35.944,2.11166,2.11245,1.10,1.10
2010.12.08 16:19:36.089,2.11186,2.11251,1.10,1.10
2010.12.08 16:19:36.795,2.11186,2.11251,1.20,1.10
2010.12.08 16:19:37.601,2.11186,2.11251,3.10,1.10
2010.12.08 16:19:38.178,2.11186,2.11251,1.10,1.10
2010.12.08 16:19:38.304,2.11189,2.11262,1.10,1.10
2010.12.08 16:19:39.933,2.11186,2.11251,1.10,1.10
2010.12.08 16:19:43.071,2.11186,2.11251,1.20,1.10
2010.12.08 16:19:44.004,2.11186,2.11251,1.10,1.10
2010.12.08 16:19:44.222,2.11189,2.11262,1.10,1.10
2010.12.08 16:19:47.622,2.11187,2.1125,1.20,1.10
2010.12.08 16:19:49.413,2.11187,2.1125,1.20,1.10
2010.12.08 16:19:50.433,2.11187,2.1125,1.10,1.10
2010.12.08 16:19:51.311,2.11188,2.11263,1.40,1.10
2010.12.08 16:19:51.531,2.11202,2.11275,1.10,1.10
2010.12.08 16:19:52.291,2.11199,2.11272,1.10,1.10
2010.12.08 16:19:53.087,2.11182,2.11246,1.10,1.10
2010.12.08 16:19:54.105,2.1117,2.11245,1.10,1.10
2010.12.08 16:19:55.334,2.1117,2.11245,1.40,1.10
2010.12.08 16:19:59.045,2.1117,2.11245,1.40,1.10
2010.12.08 16:20:03.513,2.1117,2.11245,1.10,1.10
2010.12.08 16:20:04.238,2.11163,2.1124,1.30,1.10
2010.12.08 16:20:04.353,2.11165,2.11252,1.10,1.10
2010.12.08 16:20:05.650,2.11165,2.11252,1.20,1.10
2010.12.08 16:20:06.687,2.11165,2.11252,2.90,1.10
2010.12.08 16:20:07.211,2.11176,2.11254,1.20,1.10
2010.12.08 16:20:08.494,2.11176,2.11254,1.20,1.10
2010.12.08 16:20:09.152,2.11176,2.11254,3.10,1.10
2010.12.08 16:20:10.658,2.11196,2.11259,1.10,1.10
2010.12.08 16:20:11.535,2.11198,2.11271,1.10,1.10
2010.12.08 16:20:11.706,2.11176,2.11254,1.10,1.10
2010.12.08 16:20:12.520,2.11178,2.11289,1.10,2.50
2010.12.08 16:20:13.427,2.11177,2.11266,1.10,1.10
2010.12.08 16:20:14.270,2.11176,2.11254,1.20,1.10
2010.12.08 16:20:15.597,2.11176,2.11254,1.20,1.10
2010.12.08 16:20:16.181,2.11176,2.11254,1.10,1.10
2010.12.08 16:20:18.137,2.11195,2.1126,1.20,1.10
2010.12.08 16:20:18.442,2.11195,2.1126,1.10,1.10
2010.12.08 16:20:26.835,2.11194,2.11258,1.20,1.10
2010.12.08 16:20:26.952,2.11195,2.1126,1.10,1.10
2010.12.08 16:20:27.559,2.11224,2.11288,1.10,1.10
2010.12.08 16:20:29.442,2.11217,2.11281,1.30,1.10
2010.12.08 16:20:29.554,2.11224,2.11288,1.10,1.10
2010.12.08 16:20:30.520,2.11224,2.11288,1.20,1.10
2010.12.08 16:20:32.067,2.11223,2.11289,1.40,1.10
2010.12.08 16:20:33.203,2.11231,2.11294,1.10,1.10
2010.12.08 16:20:34.671,2.11231,2.11294,3.20,1.10
2010.12.08 16:20:35.195,2.11231,2.11294,1.30,1.10
2010.12.08 16:20:35.395,2.11243,2.11309,1.10,1.10
2010.12.08 16:20:35.503,2.11225,2.113,1.40,1.10
2010.12.08 16:20:36.094,2.11226,2.11299,1.40,1.10
2010.12.08 16:20:37.621,2.11226,2.11299,1.20,1.10
2010.12.08 16:20:37.840,2.11223,2.11289,1.20,1.10
2010.12.08 16:20:42.262,2.11231,2.11297,1.40,1.10
2010.12.08 16:20:42.372,2.11231,2.11297,1.10,1.10
2010.12.08 16:20:42.890,2.11231,2.11297,1.30,1.10
2010.12.08 16:20:43.009,2.11209,2.11273,1.10,1.10
2010.12.08 16:20:43.121,2.11198,2.11271,1.60,1.10
2010.12.08 16:20:44.483,2.11195,2.1126,1.40,1.10
2010.12.08 16:20:45.998,2.11195,2.1126,1.40,1.10
2010.12.08 16:20:46.537,2.11195,2.1126,3.10,1.10
2010.12.08 16:20:46.646,2.1121,2.11285,3.20,1.10
2010.12.08 16:20:46.764,2.11213,2.11296,1.40,1.10
2010.12.08 16:20:47.440,2.11218,2.11285,1.10,1.10
2010.12.08 16:20:47.668,2.1121,2.11285,1.30,1.10
2010.12.08 16:20:48.219,2.11217,2.11286,1.10,1.10
2010.12.08 16:20:48.331,2.11211,2.11284,1.30,1.10
2010.12.08 16:20:49.484,2.11211,2.11284,2.00,1.10
2010.12.08 16:20:50.075,2.11235,2.11301,1.10,1.10
2010.12.08 16:20:50.199,2.11211,2.11284,1.30,1.10
2010.12.08 16:20:50.935,2.11216,2.11279,1.10,1.10
2010.12.08 16:20:51.742,2.11216,2.11279,1.10,1.10
2010.12.08 16:20:52.470,2.11211,2.11284,1.30,1.10
2010.12.08 16:20:52.903,2.11211,2.11284,1.30,1.10
2010.12.08 16:20:53.582,2.11216,2.11279,1.30,1.10
2010.12.08 16:20:54.060,2.11216,2.11279,1.10,1.10
2010.12.08 16:21:00.830,2.11216,2.11279,1.20,1.10
2010.12.08 16:21:01.855,2.11216,2.11279,1.20,1.10
2010.12.08 16:21:02.631,2.11216,2.11279,1.10,1.10
2010.12.08 16:21:06.012,2.11216,2.11279,1.20,1.10
2010.12.08 16:21:07.332,2.11216,2.11279,1.30,1.10
2010.12.08 16:21:07.461,2.1122,2.11298,1.30,1.10
2010.12.08 16:21:10.151,2.11214,2.11291,1.10,1.10
2010.12.08 16:21:11.740,2.11207,2.11285,1.10,1.10
2010.12.08 16:21:12.072,2.11199,2.11279,1.10,1.10
2010.12.08 16:21:12.903,2.11212,2.11278,1.10,1.10
2010.12.08 16:21:16.057,2.11212,2.11278,1.40,1.10
2010.12.08 16:21:21.055,2.11212,2.11278,1.40,1.10
2010.12.08 16:21:21.494,2.11212,2.11278,3.50,1.10
2010.12.08 16:21:21.603,2.11212,2.11278,1.20,1.10
2010.12.08 16:21:21.711,2.11212,2.11278,3.50,1.10
2010.12.08 16:21:22.524,2.11212,2.11278,1.40,1.10
2010.12.08 16:21:23.390,2.11216,2.11282,1.20,1.10
2010.12.08 16:21:23.501,2.11215,2.11286,1.20,1.10
2010.12.08 16:21:24.084,2.11214,2.11289,1.10,1.10
2010.12.08 16:21:25.089,2.11227,2.1129,1.10,1.10
2010.12.08 16:21:26.104,2.112,2.11275,1.10,1.10
2010.12.08 16:21:26.228,2.11199,2.11263,1.10,1.10
2010.12.08 16:21:26.992,2.11213,2.11276,1.10,1.10
2010.12.08 16:21:27.663,2.112,2.11275,1.10,1.10
2010.12.08 16:21:31.753,2.112,2.11275,1.20,1.10
2010.12.08 16:21:32.084,2.112,2.11275,3.20,1.10
2010.12.08 16:21:32.906,2.112,2.11273,3.20,1.10
2010.12.08 16:21:33.011,2.112,2.11273,1.30,1.10
2010.12.08 16:21:36.549,2.11197,2.11263,1.10,1.10
2010.12.08 16:21:37.230,2.11187,2.1126,1.20,1.10
2010.12.08 16:21:37.453,2.11187,2.1126,1.10,1.10
2010.12.08 16:21:38.677,2.11187,2.1126,1.30,1.10
2010.12.08 16:21:39.013,2.11186,2.11261,1.10,1.10
2010.12.08 16:21:39.721,2.11186,2.11261,1.20,1.10
2010.12.08 16:21:44.471,2.11186,2.11261,1.20,1.10
2010.12.08 16:21:47.636,2.11197,2.11284,1.10,1.10
2010.12.08 16:21:47.758,2.1119,2.11273,1.30,1.10
2010.12.08 16:21:48.448,2.112,2.11273,1.10,1.10
2010.12.08 16:21:49.263,2.11212,2.11275,1.10,1.10
2010.12.08 16:21:50.602,2.11219,2.11299,1.10,1.10
2010.12.08 16:21:50.729,2.11212,2.11275,1.10,1.10
2010.12.08 16:21:56.625,2.11212,2.11275,1.20,1.10
2010.12.08 16:21:56.749,2.11212,2.11275,1.10,1.10
2010.12.08 16:21:57.847,2.11218,2.11283,1.10,1.10
2010.12.08 16:21:57.973,2.11212,2.11275,1.10,1.10
2010.12.08 16:21:59.059,2.11225,2.11289,1.10,1.10
2010.12.08 16:21:59.174,2.11212,2.11287,1.10,1.10
2010.12.08 16:22:06.440,2.11212,2.11287,2.00,1.10
2010.12.08 16:22:06.660,2.11227,2.113,1.30,1.10
2010.12.08 16:22:06.991,2.11224,2.1129,1.30,1.10
2010.12.08 16:22:07.654,2.11224,2.1129,1.30,1.10
2010.12.08 16:22:07.877,2.11224,2.1129,1.10,1.10
2010.12.08 16:22:12.375,2.11205,2.11269,1.10,1.10
2010.12.08 16:22:12.519,2.11197,2.11263,1.10,1.10
2010.12.08 16:22:16.100,2.1117,2.11235,4.20,1.10
2010.12.08 16:22:16.213,2.11169,2.11235,1.40,1.10
2010.12.08 16:22:16.324,2.11169,2.11235,2.00,1.10
2010.12.08 16:22:16.431,2.11197,2.11263,1.10,1.10
2010.12.08 16:22:17.357,2.112,2.11273,1.10,1.10
2010.12.08 16:22:17.699,2.112,2.11273,1.30,1.10
2010.12.08 16:22:18.280,2.11211,2.11276,1.10,1.10
2010.12.08 16:22:18.830,2.112,2.11273,1.30,1.10
2010.12.08 16:22:19.051,2.11212,2.11275,1.10,1.10
2010.12.08 16:22:19.160,2.112,2.11273,1.30,1.10
2010.12.08 16:22:19.733,2.11197,2.11263,1.30,1.10
2010.12.08 16:22:21.115,2.11197,2.11263,1.20,1.10
2010.12.08 16:22:21.222,2.11197,2.11263,1.50,1.10
2010.12.08 16:22:21.441,2.11213,2.11276,1.10,1.10
2010.12.08 16:22:22.015,2.11227,2.1129,1.10,1.10
2010.12.08 16:22:22.231,2.11207,2.11285,3.50,1.10
2010.12.08 16:22:22.560,2.11207,2.11285,1.10,1.10
2010.12.08 16:22:23.460,2.11209,2.11296,1.10,1.10
2010.12.08 16:22:25.811,2.11209,2.11296,1.40,1.10
2010.12.08 16:22:29.081,2.11209,2.11296,1.10,1.10
2010.12.08 16:22:29.593,2.112,2.11273,1.10,1.10
2010.12.08 16:22:30.732,2.11226,2.11291,1.10,1.10
2010.12.08 16:22:34.577,2.11228,2.11303,1.10,2.00
2010.12.08 16:22:34.738,2.11227,2.11291,1.10,1.10
2010.12.08 16:22:35.295,2.11228,2.11302,1.10,1.10
2010.12.08 16:22:39.082,2.11228,2.11302,2.00,1.10
2010.12.08 16:22:39.192,2.11246,2.1131,1.30,1.10
2010.12.08 16:22:39.411,2.11246,2.1131,1.10,1.30
2010.12.08 16:22:39.521,2.11227,2.11291,1.10,1.10
2010.12.08 16:22:40.675,2.11228,2.11302,1.30,1.10
2010.12.08 16:22:42.796,2.11244,2.11316,1.10,1.30
2010.12.08 16:22:43.026,2.11215,2.11299,1.30,1.10
2010.12.08 16:22:43.623,2.11215,2.11299,1.10,1.10
2010.12.08 16:22:43.754,2.11214,2.11287,1.10,1.10
2010.12.08 16:22:44.410,2.11202,2.11285,1.40,1.10
2010.12.08 16:22:44.741,2.11202,2.11285,1.10,1.10
2010.12.08 16:22:45.443,2.11225,2.11289,1.10,1.10
2010.12.08 16:22:45.991,2.11228,2.113,1.10,1.10
2010.12.08 16:22:46.212,2.11216,2.11298,1.30,1.10
2010.12.08 16:22:47.000,2.11215,2.11299,1.30,1.10
2010.12.08 16:22:49.008,2.11214,2.11287,1.10,1.10
2010.12.08 16:23:02.229,2.11214,2.11287,1.30,1.10
2010.12.08 16:23:02.450,2.11216,2.11298,1.30,1.10
2010.12.08 16:23:04.772,2.11171,2.11244,1.10,1.10
2010.12.08 16:23:05.585,2.1115,2.11239,1.10,1.10
2010.12.08 16:23:12.111,2.1115,2.11239,1.10,1.30
2010.12.08 16:23:12.755,2.11132,2.11187,1.50,1.10
2010.12.08 16:23:12.893,2.11114,2.11187,1.10,1.10
2010.12.08 16:23:13.001,2.11114,2.11187,1.20,1.10
2010.12.08 16:23:13.993,2.11113,2.11188,1.10,1.10
2010.12.08 16:23:14.102,2.111,2.11174,1.10,1.10
2010.12.08 16:23:14.926,2.11099,2.11172,1.10,1.10
2010.12.08 16:23:15.795,2.11111,2.11174,1.10,1.10
2010.12.08 16:23:15.950,2.11092,2.11181,1.10,1.10
2010.12.08 16:23:16.645,2.11083,2.11158,1.10,1.10
2010.12.08 16:23:17.465,2.11092,2.11181,1.10,1.10
2010.12.08 16:23:19.689,2.11092,2.11181,1.40,1.10
2010.12.08 16:23:20.022,2.11092,2.11181,3.10,1.10
2010.12.08 16:23:20.931,2.11092,2.11181,1.20,1.10
2010.12.08 16:23:21.567,2.1109,2.11169,1.20,1.10
2010.12.08 16:23:22.013,2.11108,2.11194,1.10,1.50
2010.12.08 16:23:22.585,2.11128,2.11194,1.10,1.50
2010.12.08 16:23:22.692,2.11128,2.112,1.10,1.10
2010.12.08 16:23:23.742,2.11121,2.11199,1.10,1.10
2010.12.08 16:23:23.850,2.11119,2.11188,1.10,1.10
2010.12.08 16:23:23.961,2.1112,2.112,1.10,1.10
2010.12.08 16:23:24.941,2.11128,2.112,1.10,1.10
2010.12.08 16:23:25.950,2.11136,2.11213,1.10,1.10
2010.12.08 16:23:27.014,2.11129,2.11213,1.10,1.10
2010.12.08 16:23:27.841,2.11128,2.112,1.10,1.10
2010.12.08 16:23:29.304,2.11144,2.11208,1.10,1.10
2010.12.08 16:23:29.521,2.1114,2.11215,1.10,1.10
2010.12.08 16:23:30.355,2.1113,2.11212,1.30,1.10
2010.12.08 16:23:30.571,2.1114,2.11215,1.10,1.10
2010.12.08 16:23:32.537,2.11138,2.11204,1.10,1.10
2010.12.08 16:23:48.672,2.11141,2.11214,1.10,1.10
2010.12.08 16:23:51.537,2.11138,2.11204,1.10,1.10
2010.12.08 16:23:51.664,2.11141,2.11214,1.10,1.10
2010.12.08 16:23:52.414,2.11113,2.11186,1.10,1.10
2010.12.08 16:23:53.171,2.11083,2.11158,1.20,1.10
2010.12.08 16:23:53.281,2.11083,2.11158,1.10,1.10
2010.12.08 16:23:54.401,2.11092,2.11181,1.10,1.10
2010.12.08 16:23:54.587,2.11112,2.11187,1.10,1.10
2010.12.08 16:24:02.261,2.1111,2.11175,1.10,1.10
2010.12.08 16:24:03.011,2.11117,2.11181,1.10,1.10
2010.12.08 16:24:04.765,2.11125,2.11204,1.10,1.10
2010.12.08 16:24:04.872,2.11145,2.1121,1.10,1.10
2010.12.08 16:24:05.493,2.11144,2.11208,1.10,1.10
2010.12.08 16:24:06.626,2.11151,2.11217,1.10,1.10
2010.12.08 16:24:07.288,2.11133,2.1121,1.10,1.10
2010.12.08 16:24:07.414,2.11152,2.11216,1.10,1.10
2010.12.08 16:24:07.632,2.1114,2.11215,1.10,1.10
2010.12.08 16:24:08.432,2.11138,2.11204,1.10,1.10
2010.12.08 16:24:13.950,2.1114,2.11204,1.10,1.10
2010.12.08 16:24:14.669,2.1114,2.11204,1.20,1.10
2010.12.08 16:24:16.939,2.1114,2.11204,1.10,1.10
2010.12.08 16:24:17.161,2.1114,2.11204,1.40,1.10
2010.12.08 16:24:17.742,2.1114,2.11204,1.10,1.10
2010.12.08 16:24:17.851,2.1114,2.11204,3.10,1.10
2010.12.08 16:24:18.593,2.1114,2.11204,1.40,1.10
2010.12.08 16:24:19.446,2.1114,2.11204,1.10,1.10
2010.12.08 16:24:20.437,2.11114,2.11176,1.10,1.10
2010.12.08 16:24:21.053,2.11114,2.11187,1.30,1.10
2010.12.08 16:24:22.062,2.11099,2.11174,1.40,1.10
2010.12.08 16:24:22.282,2.11114,2.11187,1.30,1.10
2010.12.08 16:24:22.895,2.11114,2.11187,1.40,1.10
2010.12.08 16:24:24.051,2.11114,2.11187,1.20,1.10
2010.12.08 16:24:24.380,2.11114,2.11187,3.10,1.10
2010.12.08 16:24:25.153,2.11108,2.11173,1.20,1.10
2010.12.08 16:24:25.263,2.111,2.11173,3.50,1.10
2010.12.08 16:24:26.416,2.1111,2.11176,1.40,1.10
2010.12.08 16:24:28.162,2.11118,2.11182,1.10,1.10
2010.12.08 16:24:28.491,2.1111,2.11176,3.20,1.10
2010.12.08 16:24:29.288,2.1111,2.11176,3.60,1.10
2010.12.08 16:24:30.300,2.1111,2.11176,3.20,1.10
2010.12.08 16:24:31.196,2.11107,2.11171,3.50,1.10
2010.12.08 16:24:31.548,2.11111,2.11175,1.60,1.10
2010.12.08 16:24:34.099,2.11107,2.11171,1.40,1.10
2010.12.08 16:24:35.825,2.11107,2.11171,3.50,1.10
2010.12.08 16:24:37.052,2.11102,2.11166,1.40,1.10
2010.12.08 16:24:37.163,2.11101,2.11166,3.00,1.10
2010.12.08 16:24:37.272,2.11105,2.11168,1.20,1.10
2010.12.08 16:24:38.105,2.11105,2.11168,3.10,1.10
2010.12.08 16:24:39.247,2.11105,2.11168,1.10,1.10
2010.12.08 16:24:39.832,2.11105,2.11168,3.10,1.10
2010.12.08 16:24:39.941,2.11105,2.11168,1.20,1.10
2010.12.08 16:24:40.160,2.11098,2.11161,3.50,1.10
2010.12.08 16:24:40.773,2.11097,2.11162,5.10,1.10
2010.12.08 16:24:41.402,2.11099,2.11166,3.00,1.10
2010.12.08 16:24:42.044,2.11099,2.11166,1.30,1.10
2010.12.08 16:24:42.151,2.11098,2.11161,1.40,1.10
2010.12.08 16:24:43.297,2.1111,2.11176,1.40,1.10
2010.12.08 16:24:43.423,2.1111,2.11176,1.10,1.10
2010.12.08 16:24:44.670,2.11125,2.11189,1.10,1.30
2010.12.08 16:24:45.330,2.11124,2.11188,1.10,1.10
2010.12.08 16:24:45.927,2.11124,2.11188,1.20,1.10
2010.12.08 16:24:47.034,2.11124,2.11188,2.90,1.10
2010.12.08 16:24:48.017,2.11109,2.11174,3.60,1.10
2010.12.08 16:24:49.303,2.11109,2.11174,3.00,1.10
2010.12.08 16:24:50.902,2.11111,2.11174,1.40,1.10
2010.12.08 16:24:51.570,2.11109,2.11174,1.30,1.10
2010.12.08 16:24:52.374,2.11113,2.11179,1.10,1.10
2010.12.08 16:24:53.051,2.11109,2.11174,1.30,1.10
2010.12.08 16:24:54.518,2.11111,2.11174,1.40,1.10
2010.12.08 16:24:54.630,2.11109,2.11174,3.00,1.10
2010.12.08 16:24:59.602,2.11109,2.11174,3.00,1.10
2010.12.08 16:24:59.710,2.11112,2.11185,1.20,1.10
2010.12.08 16:25:01.326,2.11112,2.11185,3.10,1.10
2010.12.08 16:25:01.449,2.11112,2.11185,1.40,1.10
2010.12.08 16:25:02.424,2.11114,2.11185,1.10,1.10
2010.12.08 16:25:03.026,2.11096,2.11178,1.90,1.10
2010.12.08 16:25:03.247,2.11111,2.11184,1.10,1.10
2010.12.08 16:25:08.741,2.11091,2.11179,1.40,1.10
2010.12.08 16:25:08.859,2.11091,2.11179,3.10,1.10
2010.12.08 16:25:09.525,2.11091,2.11179,1.40,1.10
2010.12.08 16:25:10.280,2.11083,2.11156,1.10,1.10
2010.12.08 16:25:17.503,2.11077,2.11143,1.10,1.10
2010.12.08 16:25:17.721,2.11073,2.11143,1.10,1.10
2010.12.08 16:25:17.831,2.11069,2.11143,1.10,1.10
2010.12.08 16:25:20.602,2.11069,2.11143,1.10,1.30
2010.12.08 16:25:20.938,2.11046,2.11114,4.20,1.10
2010.12.08 16:25:21.532,2.11058,2.1114,1.10,1.10
2010.12.08 16:25:21.753,2.11075,2.11156,1.10,1.10
2010.12.08 16:25:22.388,2.11077,2.11166,1.30,1.10
2010.12.08 16:25:23.087,2.11071,2.11155,1.10,1.10
2010.12.08 16:25:23.200,2.1107,2.11142,1.10,1.10
2010.12.08 16:25:24.940,2.11074,2.11145,1.10,1.10
2010.12.08 16:25:25.738,2.11083,2.11156,1.10,1.10
2010.12.08 16:25:31.901,2.11083,2.11156,2.00,1.10
2010.12.08 16:25:32.564,2.11082,2.11157,1.10,1.10
2010.12.08 16:25:33.331,2.11071,2.11155,1.10,1.10
2010.12.08 16:25:35.460,2.11076,2.11156,1.10,1.10
2010.12.08 16:25:35.570,2.11071,2.11155,1.10,1.10
2010.12.08 16:25:35.931,2.11076,2.11156,1.10,1.10
2010.12.08 16:25:38.545,2.11088,2.11157,1.10,1.10
2010.12.08 16:25:39.283,2.11093,2.11169,1.10,1.10
2010.12.08 16:25:39.391,2.11093,2.11169,1.30,1.10
2010.12.08 16:25:40.055,2.11083,2.11164,1.10,1.10
2010.12.08 16:25:40.164,2.11081,2.11156,1.30,1.10
2010.12.08 16:25:41.098,2.11096,2.11169,1.10,1.10
2010.12.08 16:25:41.876,2.11107,2.11172,1.10,1.10
2010.12.08 16:25:42.752,2.11107,2.11158,1.10,1.70
2010.12.08 16:25:42.862,2.11065,2.11129,1.10,1.10
2010.12.08 16:25:43.345,2.11065,2.11129,2.00,1.10
2010.12.08 16:25:43.466,2.11108,2.11171,1.10,1.10
2010.12.08 16:25:45.891,2.11108,2.11171,2.00,1.10
2010.12.08 16:25:46.111,2.11108,2.11171,1.30,1.10
2010.12.08 16:25:46.585,2.11122,2.11197,1.10,1.10
2010.12.08 16:25:46.693,2.1111,2.11183,1.30,1.10
2010.12.08 16:25:46.932,2.11112,2.11194,1.30,1.10
2010.12.08 16:25:47.482,2.11112,2.11194,1.10,1.10
2010.12.08 16:25:48.158,2.11122,2.11197,1.10,1.10
2010.12.08 16:25:49.064,2.11123,2.11196,1.30,1.10
2010.12.08 16:25:50.954,2.11109,2.11184,1.30,1.10
2010.12.08 16:25:53.506,2.11137,2.11212,1.30,1.10
2010.12.08 16:25:54.497,2.11137,2.11212,2.00,1.10
2010.12.08 16:25:54.626,2.11118,2.11205,1.10,1.10
2010.12.08 16:25:58.191,2.11107,2.11203,3.20,1.10
2010.12.08 16:25:58.414,2.11117,2.11206,1.10,1.10
2010.12.08 16:25:59.239,2.11106,2.11204,1.40,1.10
2010.12.08 16:25:59.801,2.11106,2.11204,1.20,1.10
2010.12.08 16:26:00.384,2.11109,2.11184,1.10,1.10
2010.12.08 16:26:01.596,2.11098,2.11181,1.30,1.10
2010.12.08 16:26:01.712,2.11109,2.11184,1.10,1.10
2010.12.08 16:26:03.904,2.11098,2.11181,1.40,1.10
2010.12.08 16:26:06.452,2.1111,2.11183,1.10,1.10
2010.12.08 16:26:09.473,2.11105,2.11171,1.10,1.10
2010.12.08 16:26:09.691,2.11117,2.11184,1.10,1.10
2010.12.08 16:26:10.216,2.11109,2.11184,1.10,1.10
2010.12.08 16:26:11.012,2.11098,2.11181,1.30,1.10
2010.12.08 16:26:11.508,2.11109,2.11184,1.10,1.10
2010.12.08 16:26:12.538,2.11097,2.11163,1.40,1.10
2010.12.08 16:26:12.981,2.1111,2.11183,1.10,1.10
2010.12.08 16:26:14.310,2.11098,2.11181,1.10,1.10
2010.12.08 16:26:14.423,2.11088,2.11151,1.10,1.10
2010.12.08 16:26:14.531,2.11095,2.1117,1.10,1.10
2010.12.08 16:26:15.085,2.11084,2.11168,1.40,1.10
2010.12.08 16:26:15.225,2.11095,2.1117,1.10,1.10
2010.12.08 16:26:15.774,2.11095,2.1117,1.10,1.10
2010.12.08 16:26:16.368,2.1111,2.11183,1.10,1.10
2010.12.08 16:26:17.462,2.11098,2.11181,1.10,1.10
2010.12.08 16:26:17.571,2.1111,2.11183,1.10,1.10
2010.12.08 16:26:19.160,2.11108,2.1118,1.10,1.10
2010.12.08 16:26:19.270,2.11109,2.11184,1.10,1.10
2010.12.08 16:26:19.984,2.11095,2.11165,1.30,1.10
2010.12.08 16:26:20.092,2.1111,2.11183,1.10,1.10
2010.12.08 16:26:20.665,2.11111,2.11195,1.10,1.10
2010.12.08 16:26:20.827,2.11122,2.11197,1.10,1.10
2010.12.08 16:26:23.041,2.1112,2.11186,1.10,1.10
2010.12.08 16:26:28.532,2.11125,2.11189,1.10,1.10
2010.12.08 16:26:28.641,2.11132,2.11198,1.10,1.10
2010.12.08 16:26:28.752,2.1112,2.11186,1.10,1.10
2010.12.08 16:26:30.761,2.11123,2.11197,1.10,1.10
2010.12.08 16:26:32.083,2.11123,2.11197,1.30,1.10
2010.12.08 16:26:33.074,2.11114,2.1118,1.10,1.10
2010.12.08 16:26:33.696,2.11099,2.11178,1.30,1.10
2010.12.08 16:26:34.426,2.11101,2.1119,1.10,1.10
2010.12.08 16:26:35.146,2.11094,2.11176,1.10,1.10
2010.12.08 16:26:35.265,2.11088,2.11176,1.20,1.10
2010.12.08 16:26:36.527,2.11088,2.11176,1.50,1.10
2010.12.08 16:26:36.641,2.11093,2.11177,1.10,1.10
2010.12.08 16:26:37.237,2.11095,2.11189,1.10,1.10
2010.12.08 16:26:37.692,2.11118,2.11189,1.50,1.10
2010.12.08 16:26:38.434,2.11095,2.11189,1.10,1.10
2010.12.08 16:26:38.539,2.11093,2.11177,1.10,1.10
2010.12.08 16:26:39.461,2.11093,2.11177,1.20,1.10
2010.12.08 16:26:40.421,2.11093,2.11177,3.50,1.10
2010.12.08 16:26:40.532,2.11093,2.11177,1.40,1.10
2010.12.08 16:26:40.639,2.11114,2.11182,1.10,1.10
2010.12.08 16:26:41.286,2.11097,2.11176,1.20,1.10
2010.12.08 16:26:41.610,2.11094,2.11176,3.10,1.10
2010.12.08 16:26:41.720,2.11099,2.112,1.10,1.10
2010.12.08 16:26:42.320,2.11114,2.11182,1.10,1.10
2010.12.08 16:26:43.501,2.1112,2.11183,1.10,1.10
2010.12.08 16:26:43.610,2.111,2.11177,1.40,1.10
2010.12.08 16:26:44.723,2.111,2.11177,3.50,1.10
2010.12.08 16:26:45.651,2.11101,2.1119,3.50,1.10
2010.12.08 16:26:46.288,2.11101,2.1119,1.40,1.10
2010.12.08 16:26:48.600,2.111,2.11177,1.40,1.10
2010.12.08 16:26:48.820,2.111,2.11177,1.10,1.10
2010.12.08 16:26:51.161,2.111,2.11177,1.40,1.10
2010.12.08 16:26:51.831,2.111,2.11177,3.10,1.10
2010.12.08 16:26:51.952,2.1112,2.11183,1.10,1.10
2010.12.08 16:26:52.171,2.11099,2.11178,1.10,1.10
2010.12.08 16:26:52.282,2.11099,2.11178,1.40,1.10
2010.12.08 16:26:52.972,2.1112,2.11183,1.10,1.10
2010.12.08 16:26:53.088,2.11113,2.11183,1.10,1.10
2010.12.08 16:26:53.601,2.11109,2.11183,1.10,1.10
2010.12.08 16:26:54.346,2.11109,2.11183,1.30,1.10
2010.12.08 16:26:54.462,2.11118,2.11205,1.10,1.10
2010.12.08 16:26:54.574,2.11109,2.11205,1.10,1.10
2010.12.08 16:26:55.190,2.11114,2.11184,1.10,1.10
2010.12.08 16:26:55.413,2.11096,2.11178,1.20,1.10
2010.12.08 16:26:56.078,2.11096,2.11178,1.10,1.10
2010.12.08 16:26:56.893,2.11096,2.11178,1.20,1.10
2010.12.08 16:26:57.117,2.11096,2.11178,1.20,1.10
2010.12.08 16:26:58.111,2.11096,2.11178,1.10,1.10
2010.12.08 16:26:58.223,2.11115,2.11183,1.10,1.10
2010.12.08 16:26:59.463,2.11098,2.1118,1.50,1.10
2010.12.08 16:27:00.191,2.11118,2.11186,1.10,1.10
2010.12.08 16:27:00.412,2.11114,2.11184,1.10,1.10
2010.12.08 16:27:00.633,2.11096,2.11178,3.10,1.10
2010.12.08 16:27:01.775,2.11089,2.11178,1.40,1.10
2010.12.08 16:27:02.499,2.11099,2.11171,1.10,1.10
2010.12.08 16:27:02.633,2.11114,2.11196,1.10,1.10
2010.12.08 16:27:04.229,2.11108,2.11192,1.10,1.10
2010.12.08 16:27:04.452,2.11109,2.11205,1.10,1.10
2010.12.08 16:27:05.251,2.11123,2.11207,1.10,1.10
2010.12.08 16:27:05.979,2.11109,2.11205,1.10,1.10
2010.12.08 16:27:06.103,2.11109,2.11205,1.40,1.10
2010.12.08 16:27:06.410,2.11107,2.11193,3.10,1.10
2010.12.08 16:27:06.631,2.11107,2.11193,1.20,1.10
2010.12.08 16:27:07.254,2.11107,2.11193,1.20,1.10
2010.12.08 16:27:07.365,2.11108,2.11193,1.20,1.10
2010.12.08 16:27:07.472,2.11128,2.11198,1.10,1.10
2010.12.08 16:27:09.423,2.11114,2.11196,1.20,1.10
2010.12.08 16:27:11.900,2.11114,2.11196,3.10,1.10
2010.12.08 16:27:12.591,2.11103,2.11192,1.40,1.10
2010.12.08 16:27:12.750,2.11125,2.11195,1.10,1.10
2010.12.08 16:27:13.384,2.11127,2.11186,1.50,1.10
2010.12.08 16:27:13.524,2.11143,2.11225,1.10,1.10
2010.12.08 16:27:13.742,2.11138,2.11203,1.10,1.10
2010.12.08 16:27:14.374,2.11153,2.11228,1.10,1.10
2010.12.08 16:27:15.050,2.11155,2.11239,1.10,1.10
2010.12.08 16:27:15.624,2.11168,2.1124,1.10,1.10
2010.12.08 16:27:15.731,2.11156,2.11238,1.10,1.10
2010.12.08 16:27:16.063,2.11158,2.1125,1.10,1.10
2010.12.08 16:27:16.661,2.11156,2.11238,1.10,1.10
2010.12.08 16:27:16.992,2.11153,2.11228,1.10,1.10
2010.12.08 16:27:19.371,2.11143,2.11225,1.10,1.10
2010.12.08 16:27:19.995,2.11143,2.11225,1.20,1.10
2010.12.08 16:27:20.912,2.11143,2.11225,1.10,1.10
2010.12.08 16:27:22.021,2.11138,2.11203,1.10,1.10
2010.12.08 16:27:22.991,2.11144,2.11208,1.10,1.10
2010.12.08 16:27:23.787,2.11113,2.11185,1.20,1.10
2010.12.08 16:27:23.916,2.11126,2.11201,1.20,1.10
2010.12.08 16:27:24.023,2.11139,2.11202,1.10,1.10
2010.12.08 16:27:25.932,2.1114,2.11215,1.10,1.10
2010.12.08 16:27:26.113,2.11145,2.1121,1.10,1.10
2010.12.08 16:27:26.776,2.11158,2.11223,1.10,1.10
2010.12.08 16:27:26.898,2.11128,2.11218,3.00,1.30
2010.12.08 16:27:27.011,2.11128,2.11218,3.20,1.10
2010.12.08 16:27:27.619,2.11128,2.11207,3.00,1.10
2010.12.08 16:27:27.744,2.11122,2.11218,1.10,1.10
2010.12.08 16:27:28.664,2.11132,2.11221,1.10,1.10
2010.12.08 16:27:29.604,2.11117,2.11196,1.50,1.10
2010.12.08 16:27:30.558,2.11117,2.11196,3.30,1.10
2010.12.08 16:27:31.689,2.11117,2.11196,1.20,1.30
2010.12.08 16:27:31.803,2.11106,2.11176,1.70,1.10
2010.12.08 16:27:31.911,2.11106,2.11194,4.20,1.10
2010.12.08 16:27:33.099,2.11103,2.11183,3.10,1.10
2010.12.08 16:27:33.511,2.11104,2.11182,3.30,1.10
2010.12.08 16:27:34.626,2.11104,2.11182,3.10,1.10
2010.12.08 16:27:35.002,2.11104,2.11182,1.20,1.10
2010.12.08 16:27:37.539,2.11093,2.1118,1.20,1.10
2010.12.08 16:27:37.658,2.11093,2.1118,3.50,1.10
2010.12.08 16:27:38.151,2.11103,2.11183,1.40,1.10
2010.12.08 16:27:39.709,2.11103,2.11183,3.50,1.10
2010.12.08 16:27:40.082,2.11103,2.11183,1.10,1.10
2010.12.08 16:27:40.738,2.11093,2.1118,3.30,1.10
2010.12.08 16:27:40.853,2.11093,2.1118,1.20,1.10
2010.12.08 16:27:41.181,2.11097,2.1118,1.20,1.10
2010.12.08 16:27:42.591,2.11104,2.11182,3.10,1.10
2010.12.08 16:27:45.125,2.11097,2.11181,1.20,1.10
2010.12.08 16:27:46.645,2.11092,2.11181,1.20,1.10
2010.12.08 16:27:47.245,2.11103,2.11183,1.10,1.10
2010.12.08 16:27:48.230,2.11076,2.11156,1.20,1.10
2010.12.08 16:27:48.451,2.11075,2.11154,1.20,1.10
2010.12.08 16:27:49.232,2.11075,2.11154,3.30,1.10
2010.12.08 16:27:50.012,2.11075,2.11154,2.90,1.10
2010.12.08 16:27:51.718,2.11084,2.11157,1.10,1.10
2010.12.08 16:27:51.832,2.11084,2.11157,3.10,1.10
2010.12.08 16:27:52.941,2.11084,2.11157,2.90,1.10
2010.12.08 16:27:53.965,2.11096,2.1116,1.10,1.10
2010.12.08 16:27:54.078,2.11111,2.11174,1.10,1.10
2010.12.08 16:27:54.193,2.11123,2.11188,1.10,1.10
2010.12.08 16:27:56.732,2.11123,2.11188,1.20,1.10
2010.12.08 16:27:57.512,2.11123,2.11188,1.30,1.10
2010.12.08 16:27:57.678,2.11141,2.11214,1.30,1.10
2010.12.08 16:27:57.793,2.11126,2.11201,1.10,1.10
2010.12.08 16:27:58.392,2.11139,2.11204,1.10,1.10
2010.12.08 16:27:59.059,2.11149,2.11214,1.10,1.10
2010.12.08 16:27:59.173,2.11153,2.11218,1.10,1.10
2010.12.08 16:28:00.937,2.11137,2.11214,1.10,1.10
2010.12.08 16:28:01.162,2.11134,2.11211,1.10,1.10
2010.12.08 16:28:03.375,2.11125,2.11189,1.10,1.10
2010.12.08 16:28:04.114,2.11106,2.11183,1.10,1.10
2010.12.08 16:28:04.855,2.11106,2.11183,1.20,1.10
2010.12.08 16:28:04.973,2.11106,2.11183,1.10,1.10
2010.12.08 16:28:05.191,2.11106,2.11183,1.20,1.10
2010.12.08 16:28:06.720,2.11106,2.11183,1.10,1.10
2010.12.08 16:28:07.283,2.11125,2.11189,1.10,1.10
2010.12.08 16:28:09.001,2.11114,2.11187,1.20,1.10
2010.12.08 16:28:09.198,2.111,2.11175,1.20,1.10
2010.12.08 16:28:09.881,2.111,2.11175,3.00,1.10
2010.12.08 16:28:09.997,2.11128,2.11203,1.10,1.10
2010.12.08 16:28:10.223,2.11108,2.11197,3.50,1.10
2010.12.08 16:28:10.442,2.11128,2.11203,1.10,1.10
2010.12.08 16:28:11.056,2.11109,2.11196,1.20,1.10
2010.12.08 16:28:11.162,2.11109,2.11196,3.10,1.10
2010.12.08 16:28:11.273,2.1111,2.11208,1.20,1.10
2010.12.08 16:28:11.995,2.11123,2.11209,1.10,1.10
2010.12.08 16:28:12.901,2.11113,2.11188,1.10,1.10
2010.12.08 16:28:13.477,2.11094,2.11181,1.20,1.10
2010.12.08 16:28:13.596,2.11094,2.11181,3.10,1.10
2010.12.08 16:28:14.796,2.11094,2.11181,1.20,1.10
2010.12.08 16:28:15.780,2.11094,2.11181,1.10,1.10
2010.12.08 16:28:15.899,2.11101,2.11174,1.10,1.10
2010.12.08 16:28:17.751,2.11101,2.11174,1.40,1.10
2010.12.08 16:28:20.722,2.11101,2.11174,1.10,1.10
2010.12.08 16:28:22.736,2.11101,2.11174,1.20,1.10
2010.12.08 16:28:22.842,2.11101,2.11174,1.10,1.10
2010.12.08 16:28:22.951,2.11111,2.11177,1.10,1.10
2010.12.08 16:28:27.044,2.11119,2.11182,1.10,1.10
2010.12.08 16:28:27.157,2.11111,2.11191,1.10,1.10
2010.12.08 16:28:27.272,2.11106,2.11183,1.30,1.10
2010.12.08 16:28:27.382,2.11106,2.11183,1.10,1.10
2010.12.08 16:28:27.973,2.11093,2.11182,1.20,1.10
2010.12.08 16:28:29.591,2.11094,2.11181,1.20,1.10
2010.12.08 16:28:32.222,2.11098,2.11182,1.20,1.10
2010.12.08 16:28:32.555,2.11094,2.11181,1.10,1.10
2010.12.08 16:28:33.325,2.11083,2.11179,1.10,1.10
2010.12.08 16:28:33.437,2.111,2.11175,1.10,1.10
2010.12.08 16:28:34.126,2.11087,2.11159,1.20,1.10
2010.12.08 16:28:35.177,2.11087,2.11159,1.50,1.10
2010.12.08 16:28:36.632,2.11087,2.11159,3.90,1.10
2010.12.08 16:28:37.313,2.11087,2.11159,4.40,1.10
2010.12.08 16:28:38.838,2.11093,2.11159,2.30,1.10
2010.12.08 16:28:38.961,2.11093,2.11173,2.30,1.10
2010.12.08 16:28:39.546,2.11129,2.11198,1.10,2.50
2010.12.08 16:28:39.652,2.11129,2.11204,1.30,1.10
2010.12.08 16:28:39.766,2.11143,2.11218,1.30,1.10
2010.12.08 16:28:40.391,2.11146,2.11228,1.10,1.30
2010.12.08 16:28:40.541,2.11156,2.11231,1.10,1.10
2010.12.08 16:28:44.221,2.11165,2.11233,1.10,1.10
2010.12.08 16:28:45.083,2.11121,2.11201,1.20,1.10
2010.12.08 16:28:45.302,2.11141,2.11206,1.10,1.10
2010.12.08 16:28:45.632,2.11134,2.112,1.10,1.10
2010.12.08 16:28:46.147,2.11141,2.11206,1.10,1.10
2010.12.08 16:28:46.271,2.11134,2.112,1.10,1.10
2010.12.08 16:28:47.173,2.11138,2.11224,1.30,1.10
2010.12.08 16:28:47.392,2.11124,2.11211,1.30,1.10
2010.12.08 16:28:47.721,2.11124,2.11211,1.10,1.10
2010.12.08 16:28:48.304,2.11124,2.11211,1.20,1.10
2010.12.08 16:28:49.587,2.11125,2.11223,1.40,1.10
2010.12.08 16:28:49.719,2.11139,2.11228,1.10,1.10
2010.12.08 16:28:58.213,2.11132,2.11205,1.10,1.10
2010.12.08 16:29:03.392,2.11111,2.112,1.10,1.10
2010.12.08 16:29:04.750,2.11124,2.11213,1.10,1.10
2010.12.08 16:29:05.510,2.11123,2.11201,1.10,1.10
2010.12.08 16:29:05.735,2.11107,2.11185,1.50,1.10
2010.12.08 16:29:06.382,2.111,2.11185,1.10,1.10
2010.12.08 16:29:06.517,2.11046,2.11105,1.70,1.10
2010.12.08 16:29:07.308,2.11041,2.11105,1.10,1.10
2010.12.08 16:29:07.428,2.11059,2.11122,1.10,1.10
2010.12.08 16:29:07.983,2.11059,2.11124,1.10,1.10
2010.12.08 16:29:08.861,2.11064,2.1113,1.10,1.10
2010.12.08 16:29:09.511,2.11059,2.11124,1.10,1.10
2010.12.08 16:29:10.852,2.11059,2.11124,3.50,1.10
2010.12.08 16:29:11.305,2.11059,2.11124,1.40,1.10
2010.12.08 16:29:12.318,2.11059,2.11124,1.10,1.10
2010.12.08 16:29:13.343,2.11059,2.11124,1.40,1.10
2010.12.08 16:29:13.513,2.11059,2.11124,1.10,1.10
2010.12.08 16:29:14.694,2.11059,2.11124,1.40,1.10
2010.12.08 16:29:14.917,2.11064,2.1113,1.10,1.10
2010.12.08 16:29:15.475,2.11038,2.1112,1.50,1.10
2010.12.08 16:29:15.583,2.11033,2.11099,1.20,1.10
2010.12.08 16:29:16.623,2.11033,2.11099,1.20,1.10
2010.12.08 16:29:16.845,2.11048,2.11113,1.10,1.10
2010.12.08 16:29:17.458,2.11062,2.11127,1.10,1.10
2010.12.08 16:29:18.703,2.1106,2.11124,1.10,1.10
2010.12.08 16:29:19.917,2.1106,2.11124,1.40,1.10
2010.12.08 16:29:20.034,2.1106,2.11124,1.10,1.10
2010.12.08 16:29:21.161,2.11074,2.11138,1.10,1.10
2010.12.08 16:29:21.383,2.11087,2.11153,1.30,1.10
2010.12.08 16:29:22.341,2.11087,2.11153,1.10,1.10
2010.12.08 16:29:22.564,2.11071,2.11149,1.30,1.10
2010.12.08 16:29:23.246,2.11071,2.11149,1.10,1.10
2010.12.08 16:29:23.353,2.11075,2.11158,1.10,1.10
2010.12.08 16:29:23.999,2.11084,2.11171,1.10,1.10
2010.12.08 16:29:24.227,2.11085,2.11164,1.10,1.10
2010.12.08 16:29:24.732,2.1109,2.11173,1.10,1.10
2010.12.08 16:29:27.453,2.11095,2.11173,1.10,1.10
2010.12.08 16:29:30.325,2.11096,2.11185,1.10,1.10
2010.12.08 16:29:32.423,2.11076,2.11148,1.50,1.10
2010.12.08 16:29:33.004,2.11077,2.1115,1.30,1.10
2010.12.08 16:29:35.110,2.11075,2.11139,1.10,1.10
2010.12.08 16:29:39.454,2.11062,2.11125,1.30,1.10
2010.12.08 16:29:39.954,2.11067,2.11125,1.10,1.10
2010.12.08 16:29:40.069,2.11062,2.11137,1.30,1.10
2010.12.08 16:29:40.292,2.11076,2.11151,1.30,1.10
2010.12.08 16:29:40.883,2.11063,2.11136,1.60,1.10
2010.12.08 16:29:40.991,2.11068,2.11157,2.00,1.10
2010.12.08 16:29:41.212,2.11092,2.11165,1.30,1.10
2010.12.08 16:29:41.987,2.11097,2.11184,1.10,1.10
2010.12.08 16:29:42.108,2.11095,2.11173,1.10,1.10
2010.12.08 16:29:42.662,2.11117,2.11182,1.10,1.10
2010.12.08 16:29:48.207,2.11117,2.11182,1.30,1.10
2010.12.08 16:29:48.967,2.11098,2.11187,1.10,1.10
2010.12.08 16:29:49.082,2.11121,2.11194,1.10,1.10
2010.12.08 16:29:50.950,2.11102,2.11187,1.40,1.10
2010.12.08 16:29:51.067,2.1111,2.11188,1.10,1.10
2010.12.08 16:29:54.980,2.11085,2.11164,3.10,1.10
2010.12.08 16:29:55.093,2.11085,2.11164,1.10,1.10
2010.12.08 16:29:55.210,2.11091,2.11172,1.10,1.30
2010.12.08 16:29:55.844,2.11093,2.11183,1.30,1.10
2010.12.08 16:29:56.177,2.11091,2.11181,1.10,1.10
2010.12.08 16:29:56.791,2.11083,2.11172,1.10,1.10
2010.12.08 16:29:57.233,2.11103,2.11169,1.10,1.10
2010.12.08 16:29:57.823,2.11098,2.11161,1.10,1.10
2010.12.08 16:29:58.262,2.11075,2.11153,1.10,1.10
2010.12.08 16:29:58.966,2.11094,2.11157,1.10,1.10
2010.12.08 16:30:01.834,2.1109,2.11156,1.10,1.10
2010.12.08 16:30:01.954,2.11096,2.11175,1.10,1.10
2010.12.08 16:30:02.844,2.11133,2.11197,1.10,1.10
2010.12.08 16:30:03.172,2.11132,2.11198,1.10,1.10
2010.12.08 16:30:03.282,2.11139,2.11205,1.10,1.10
2010.12.08 16:30:03.880,2.11124,2.11204,1.10,1.10
2010.12.08 16:30:04.559,2.11119,2.11183,1.10,1.10
2010.12.08 16:30:04.693,2.11132,2.11197,1.10,1.10
2010.12.08 16:30:07.124,2.11121,2.11194,1.30,1.10
2010.12.08 16:30:07.673,2.11121,2.11194,1.10,1.10
2010.12.08 16:30:10.368,2.11132,2.11197,1.10,1.10
2010.12.08 16:30:10.486,2.11123,2.11196,1.20,1.10
2010.12.08 16:30:11.494,2.11123,2.11196,1.10,1.10
2010.12.08 16:30:15.483,2.11125,2.11205,1.20,1.30
2010.12.08 16:30:16.081,2.11148,2.11211,1.10,1.10
2010.12.08 16:30:18.353,2.11148,2.11211,1.30,1.10
2010.12.08 16:30:18.920,2.11167,2.11232,1.10,1.10
2010.12.08 16:30:19.052,2.11149,2.11224,1.10,1.10
2010.12.08 16:30:19.272,2.1116,2.11226,1.10,1.10
2010.12.08 16:30:22.754,2.11153,2.11219,1.40,1.10
2010.12.08 16:30:22.877,2.11168,2.11231,1.10,1.10
2010.12.08 16:30:22.991,2.1116,2.11226,1.10,1.10
2010.12.08 16:30:36.985,2.11152,2.11224,1.10,1.30
2010.12.08 16:30:37.099,2.11139,2.11208,1.10,1.10
2010.12.08 16:30:39.367,2.11134,2.11209,1.30,1.10
2010.12.08 16:30:39.518,2.11153,2.11216,1.10,1.10
2010.12.08 16:30:45.430,2.11151,2.11218,1.10,1.10
2010.12.08 16:30:47.821,2.11133,2.11211,1.10,1.10
2010.12.08 16:30:48.525,2.11132,2.11211,1.10,1.10
2010.12.08 16:30:52.202,2.1113,2.11199,1.10,1.10
2010.12.08 16:30:52.817,2.11147,2.11222,1.10,1.50
2010.12.08 16:30:52.936,2.11147,2.11226,1.10,1.10
2010.12.08 16:30:53.565,2.11148,2.11225,1.10,1.10
2010.12.08 16:30:56.471,2.11169,2.11238,1.10,1.10
2010.12.08 16:30:56.801,2.11161,2.11238,1.10,1.10
2010.12.08 16:30:58.214,2.11171,2.11241,1.10,1.10
2010.12.08 16:30:58.322,2.1116,2.11239,1.10,1.10
2010.12.08 16:31:01.827,2.11171,2.11241,1.10,1.10
2010.12.08 16:31:01.978,2.11161,2.11238,1.30,1.10
2010.12.08 16:31:02.549,2.11169,2.11257,2.00,1.10
2010.12.08 16:31:02.723,2.11207,2.11287,1.10,1.10
2010.12.08 16:31:02.832,2.11197,2.11284,1.10,1.10
2010.12.08 16:31:03.712,2.11188,2.11267,1.10,1.10
2010.12.08 16:31:06.954,2.11196,2.11285,1.10,1.30
2010.12.08 16:31:07.674,2.11212,2.11299,1.10,1.10
2010.12.08 16:31:08.604,2.11203,2.11282,1.10,1.10
2010.12.08 16:31:09.564,2.11216,2.11283,1.10,1.10
2010.12.08 16:31:14.867,2.11216,2.11283,1.10,2.00
2010.12.08 16:31:15.003,2.11181,2.11251,1.10,1.10
2010.12.08 16:31:15.222,2.11175,2.11243,1.10,1.10
2010.12.08 16:31:19.449,2.11181,2.11251,1.10,1.10
2010.12.08 16:31:19.771,2.11174,2.11244,1.10,1.10
2010.12.08 16:31:20.676,2.11174,2.11244,1.20,1.10
2010.12.08 16:31:20.992,2.11174,2.11244,1.10,1.10
2010.12.08 16:31:21.101,2.11182,2.1125,1.10,1.10
2010.12.08 16:31:21.931,2.11188,2.11257,1.10,1.10
2010.12.08 16:31:23.691,2.11181,2.11251,1.10,1.10
2010.12.08 16:31:27.496,2.11184,2.11264,1.10,1.20
2010.12.08 16:31:27.604,2.11181,2.11251,1.10,1.10
2010.12.08 16:31:27.822,2.11193,2.11268,1.10,1.30
2010.12.08 16:31:28.354,2.11193,2.11268,1.30,1.10
2010.12.08 16:31:28.499,2.1119,2.11269,1.10,1.10
2010.12.08 16:31:29.334,2.11193,2.11268,1.10,1.10
2010.12.08 16:31:29.443,2.11195,2.11279,1.10,1.10
2010.12.08 16:31:30.189,2.11192,2.11269,1.10,1.10
2010.12.08 16:31:31.413,2.11178,2.11267,1.30,1.10
2010.12.08 16:31:31.536,2.11178,2.11267,1.10,1.10
2010.12.08 16:31:32.951,2.11176,2.11255,1.10,1.10
2010.12.08 16:31:33.670,2.1119,2.11258,1.10,1.10
2010.12.08 16:31:33.891,2.11188,2.11257,1.10,1.10
2010.12.08 16:31:34.620,2.11181,2.11251,1.10,1.10
2010.12.08 16:31:34.733,2.11189,2.11256,1.10,1.10
2010.12.08 16:31:35.211,2.11181,2.11251,1.10,1.10
2010.12.08 16:31:37.291,2.11189,2.11256,1.10,1.10
2010.12.08 16:31:39.111,2.1119,2.11258,1.10,1.10
2010.12.08 16:31:39.332,2.11189,2.11256,1.10,1.10
2010.12.08 16:31:40.331,2.11181,2.11251,1.10,1.10
2010.12.08 16:31:40.906,2.11164,2.11241,1.10,1.10
2010.12.08 16:31:41.183,2.11174,2.11244,1.10,1.10
2010.12.08 16:31:42.259,2.11164,2.11241,1.10,1.10
2010.12.08 16:31:44.340,2.11164,2.11241,1.20,1.10
2010.12.08 16:31:44.565,2.11171,2.1126,1.10,1.10
2010.12.08 16:31:47.131,2.11183,2.11261,1.10,1.10
2010.12.08 16:31:48.535,2.11179,2.11259,1.30,1.10
2010.12.08 16:31:48.648,2.11191,2.11267,1.10,1.10
2010.12.08 16:31:49.297,2.11197,2.11265,1.10,1.10
2010.12.08 16:31:49.451,2.11189,2.11259,1.10,1.10
2010.12.08 16:31:50.393,2.11192,2.11269,1.10,1.10
2010.12.08 16:31:51.242,2.11204,2.11271,1.10,1.10
2010.12.08 16:31:51.923,2.11192,2.11269,1.30,1.10
2010.12.08 16:31:53.235,2.11203,2.11272,1.10,1.10
2010.12.08 16:31:55.395,2.11191,2.1127,1.30,1.10
2010.12.08 16:31:57.246,2.11191,2.1127,1.10,1.10
2010.12.08 16:32:00.009,2.11204,2.11271,1.10,1.10
2010.12.08 16:32:00.232,2.11182,2.11262,1.10,1.10
2010.12.08 16:32:03.798,2.11171,2.1126,1.10,1.10
2010.12.08 16:32:06.731,2.11185,2.11262,1.10,1.10
2010.12.08 16:32:07.398,2.11193,2.1127,1.10,1.10
2010.12.08 16:32:08.083,2.11198,2.11278,1.10,1.10
2010.12.08 16:32:08.191,2.11186,2.11273,1.10,1.10
2010.12.08 16:32:09.663,2.11202,2.11287,1.10,2.40
2010.12.08 16:32:10.226,2.11174,2.11227,1.50,1.10
2010.12.08 16:32:10.448,2.11157,2.11244,1.10,1.10
2010.12.08 16:32:11.096,2.11176,2.11245,1.10,1.10
2010.12.08 16:32:15.553,2.11185,2.11252,1.10,1.10
2010.12.08 16:32:15.670,2.11163,2.11243,1.20,1.10
2010.12.08 16:32:15.892,2.11177,2.11244,1.10,1.10
2010.12.08 16:32:18.185,2.11185,2.11252,1.10,1.10
2010.12.08 16:32:18.293,2.11176,2.11245,1.10,1.10
2010.12.08 16:32:18.948,2.11176,2.11245,1.20,1.10
2010.12.08 16:32:19.068,2.11184,2.11253,1.10,1.10
2010.12.08 16:32:19.194,2.11184,2.11253,1.10,1.30
2010.12.08 16:32:19.975,2.11164,2.11242,3.10,1.10
2010.12.08 16:32:20.193,2.11163,2.11243,3.50,1.10
2010.12.08 16:32:20.306,2.11158,2.11234,1.20,1.10
2010.12.08 16:32:20.884,2.11157,2.11234,1.10,1.10
2010.12.08 16:32:21.542,2.11163,2.11234,1.30,1.10
2010.12.08 16:32:22.112,2.1118,2.11255,1.10,1.10
2010.12.08 16:32:22.551,2.1118,2.11255,1.40,1.10
2010.12.08 16:32:24.575,2.1118,2.11255,1.10,1.10
2010.12.08 16:32:24.682,2.1118,2.11255,1.40,1.10
2010.12.08 16:32:25.422,2.1118,2.11237,1.40,1.40
2010.12.08 16:32:25.540,2.11128,2.11199,1.20,1.10
2010.12.08 16:32:26.110,2.11108,2.11185,3.50,2.00
2010.12.08 16:32:27.285,2.11107,2.11175,1.20,1.10
2010.12.08 16:32:27.394,2.11111,2.11184,3.50,1.10
2010.12.08 16:32:27.612,2.11111,2.11184,1.10,1.10
2010.12.08 16:32:29.063,2.11111,2.11184,1.20,1.10
2010.12.08 16:32:29.315,2.11111,2.11184,1.10,1.10
2010.12.08 16:32:30.813,2.11111,2.11184,1.20,1.10
2010.12.08 16:32:31.201,2.111,2.11167,3.10,1.10
2010.12.08 16:32:31.318,2.111,2.11167,1.40,1.10
2010.12.08 16:32:31.543,2.11107,2.11174,1.20,1.10
2010.12.08 16:32:32.188,2.1111,2.11185,1.10,1.10
2010.12.08 16:32:32.732,2.1111,2.11185,1.20,1.10
2010.12.08 16:32:33.600,2.1111,2.11185,1.10,1.10
2010.12.08 16:32:34.000,2.1111,2.11185,1.40,1.10
2010.12.08 16:32:35.294,2.1112,2.1119,1.10,1.10
2010.12.08 16:32:35.965,2.11125,2.11198,1.10,1.10
2010.12.08 16:32:36.078,2.11112,2.11183,1.10,1.10
2010.12.08 16:32:37.167,2.11096,2.11175,3.30,1.10
2010.12.08 16:32:37.286,2.1109,2.11173,1.40,1.10
2010.12.08 16:32:38.202,2.1109,2.11173,1.10,1.10
2010.12.08 16:32:39.250,2.11104,2.11171,1.10,1.10
2010.12.08 16:32:39.363,2.11085,2.11153,1.10,1.10
2010.12.08 16:32:40.033,2.11093,2.1117,1.10,1.10
2010.12.08 16:32:40.766,2.11105,2.11173,1.10,1.10
2010.12.08 16:32:41.534,2.11106,2.11185,1.10,1.10
2010.12.08 16:32:42.355,2.11118,2.11187,1.10,1.10
2010.12.08 16:32:42.682,2.11106,2.11185,1.10,1.10
2010.12.08 16:32:43.359,2.11118,2.11187,1.10,1.10
2010.12.08 16:32:43.611,2.11106,2.11185,1.10,1.10
2010.12.08 16:32:44.345,2.11125,2.11194,1.10,1.10
2010.12.08 16:32:44.562,2.1111,2.1118,1.10,1.10
2010.12.08 16:32:44.691,2.11093,2.1117,1.30,1.10
2010.12.08 16:32:45.279,2.11118,2.11187,1.10,1.30
2010.12.08 16:32:45.392,2.11097,2.11177,1.40,1.10
2010.12.08 16:32:45.501,2.11089,2.11174,2.30,1.10
2010.12.08 16:32:46.043,2.11079,2.11156,3.10,1.10
2010.12.08 16:32:46.178,2.11079,2.11156,1.40,1.10
2010.12.08 16:32:47.401,2.11079,2.11156,1.40,1.10
2010.12.08 16:32:48.914,2.11079,2.11156,1.10,1.10
2010.12.08 16:32:49.023,2.11079,2.11156,1.30,1.10
2010.12.08 16:32:49.575,2.11087,2.11174,1.30,1.10
2010.12.08 16:32:49.725,2.11078,2.11155,1.20,1.10
2010.12.08 16:32:50.410,2.11087,2.11174,1.40,1.10
2010.12.08 16:32:50.531,2.11087,2.11174,1.10,1.10
2010.12.08 16:32:50.867,2.11097,2.11177,1.10,1.10
2010.12.08 16:32:51.388,2.11079,2.11156,1.10,1.10
2010.12.08 16:32:51.803,2.11079,2.11156,1.20,1.10
2010.12.08 16:32:52.764,2.11079,2.11156,1.10,1.10
2010.12.08 16:32:53.187,2.11079,2.11156,1.40,1.10
2010.12.08 16:32:53.997,2.11079,2.11154,1.40,1.10
2010.12.08 16:32:54.132,2.11078,2.11157,1.40,1.10
2010.12.08 16:32:54.243,2.11078,2.11157,1.10,1.10
2010.12.08 16:32:54.832,2.11078,2.11157,1.50,1.10
2010.12.08 16:32:55.482,2.11091,2.11158,1.10,1.10
2010.12.08 16:32:55.591,2.11079,2.11156,1.40,1.10
2010.12.08 16:32:56.226,2.11079,2.11156,1.10,1.10
2010.12.08 16:32:57.983,2.11079,2.11156,1.40,1.10
2010.12.08 16:32:58.091,2.11079,2.11156,1.10,1.10
2010.12.08 16:32:58.428,2.11081,2.11167,1.30,1.10
2010.12.08 16:32:59.029,2.11096,2.11182,1.10,1.10
2010.12.08 16:32:59.145,2.11082,2.11168,1.10,1.10
2010.12.08 16:32:59.832,2.11069,2.11153,1.30,1.10
2010.12.08 16:32:59.944,2.11079,2.11156,1.10,1.10
2010.12.08 16:33:00.593,2.11066,2.11153,3.10,1.10
2010.12.08 16:33:00.812,2.11064,2.11141,1.40,1.10
2010.12.08 16:33:01.495,2.11052,2.1114,5.30,1.10
2010.12.08 16:33:01.613,2.1105,2.11129,3.50,1.10
2010.12.08 16:33:01.723,2.1105,2.11129,1.20,1.10
2010.12.08 16:33:02.468,2.1105,2.11129,3.50,1.10
2010.12.08 16:33:02.582,2.11064,2.11131,1.20,1.10
2010.12.08 16:33:02.694,2.11051,2.11128,3.50,1.10
2010.12.08 16:33:02.805,2.11053,2.11139,3.50,1.10
2010.12.08 16:33:02.912,2.11053,2.11139,1.20,1.10
2010.12.08 16:33:03.023,2.11051,2.11128,1.20,1.10
2010.12.08 16:33:03.581,2.11051,2.11128,1.10,1.10
2010.12.08 16:33:03.765,2.11079,2.11156,1.10,1.10
2010.12.08 16:33:07.941,2.11091,2.11158,1.10,1.10
2010.12.08 16:33:12.514,2.11093,2.11169,1.10,1.10
2010.12.08 16:33:13.422,2.1109,2.11159,1.10,1.10
2010.12.08 16:33:18.858,2.11079,2.11156,1.10,1.10
2010.12.08 16:33:19.383,2.11077,2.11149,1.10,1.10
2010.12.08 16:33:19.716,2.11073,2.11157,1.30,1.10
2010.12.08 16:33:20.344,2.11067,2.11144,2.00,1.10
2010.12.08 16:33:20.562,2.11067,2.11144,1.30,1.10
2010.12.08 16:33:20.671,2.11068,2.11157,1.10,1.10
2010.12.08 16:33:21.510,2.1108,2.11159,1.10,1.10
2010.12.08 16:33:21.844,2.11093,2.11172,1.10,1.10
2010.12.08 16:33:22.437,2.11067,2.11144,1.40,1.10
2010.12.08 16:33:22.763,2.11079,2.11146,1.10,1.10
2010.12.08 16:33:23.369,2.11057,2.11137,1.10,1.10
2010.12.08 16:33:23.510,2.11049,2.11119,1.10,1.10
2010.12.08 16:33:27.708,2.11049,2.11119,1.40,1.10
2010.12.08 16:33:27.941,2.11058,2.11136,2.00,1.10
2010.12.08 16:33:28.177,2.11079,2.11146,1.10,1.10
2010.12.08 16:33:29.034,2.11058,2.11136,1.40,1.10
2010.12.08 16:33:29.168,2.11078,2.11147,1.10,1.10
2010.12.08 16:33:30.133,2.11084,2.11154,1.10,1.10
2010.12.08 16:33:30.751,2.11071,2.11141,1.10,1.10
2010.12.08 16:33:31.563,2.11054,2.11131,1.20,1.10
2010.12.08 16:33:32.893,2.11054,2.11131,1.10,1.10
2010.12.08 16:33:33.221,2.11071,2.11141,1.10,1.10
2010.12.08 16:33:33.801,2.11064,2.11134,1.10,1.10
2010.12.08 16:33:33.921,2.11053,2.11132,1.40,1.10
2010.12.08 16:33:34.252,2.11055,2.11132,3.10,1.10
2010.12.08 16:33:34.975,2.11053,2.11132,1.20,1.10
2010.12.08 16:33:35.347,2.11065,2.11133,1.10,1.10
2010.12.08 16:33:36.609,2.11065,2.11133,1.20,1.10
2010.12.08 16:33:36.732,2.11065,2.11133,1.10,1.10
2010.12.08 16:33:37.611,2.11053,2.11132,1.30,1.10
2010.12.08 16:33:37.832,2.11071,2.11141,1.10,1.10
2010.12.08 16:33:40.431,2.11078,2.11147,1.10,1.10
2010.12.08 16:33:41.122,2.11078,2.11147,1.10,2.00
2010.12.08 16:33:41.629,2.11049,2.11119,1.10,1.10
2010.12.08 16:33:41.741,2.11035,2.11105,2.00,1.10
2010.12.08 16:33:48.030,2.11024,2.11103,2.00,1.10
2010.12.08 16:33:48.353,2.11024,2.11103,1.10,2.00
2010.12.08 16:33:48.463,2.11017,2.11089,1.20,1.10
2010.12.08 16:33:49.458,2.11017,2.11089,2.10,1.10
2010.12.08 16:33:49.564,2.11024,2.11103,1.30,1.10
2010.12.08 16:33:52.161,2.11024,2.11103,1.20,2.00
2010.12.08 16:33:52.747,2.11024,2.11103,1.30,1.10
2010.12.08 16:33:54.251,2.11024,2.11103,1.40,1.10
2010.12.08 16:33:54.929,2.11024,2.11103,1.30,1.10
2010.12.08 16:33:55.049,2.11024,2.11103,1.40,1.10
2010.12.08 16:33:55.361,2.11024,2.11103,1.30,1.10
2010.12.08 16:33:56.074,2.11029,2.11104,1.10,1.10
2010.12.08 16:33:58.877,2.11024,2.11103,1.40,1.10
2010.12.08 16:34:00.112,2.11038,2.11105,1.10,1.10
2010.12.08 16:34:00.541,2.11038,2.11105,1.30,1.10
2010.12.08 16:34:00.651,2.11041,2.11117,1.10,1.10
2010.12.08 16:34:01.463,2.11043,2.11128,1.10,1.30
2010.12.08 16:34:01.791,2.11037,2.11116,1.40,1.10
2010.12.08 16:34:02.121,2.11037,2.11116,3.50,1.10
2010.12.08 16:34:03.005,2.11037,2.11116,1.40,1.10
2010.12.08 16:34:06.802,2.11037,2.11116,3.20,1.10
2010.12.08 16:34:07.328,2.1104,2.11127,1.40,1.30
2010.12.08 16:34:07.433,2.11051,2.1113,1.10,1.30
2010.12.08 16:34:07.542,2.11051,2.1113,1.30,1.10
2010.12.08 16:34:08.386,2.11053,2.11141,1.30,1.10
2010.12.08 16:34:08.712,2.11053,2.11141,1.10,1.10
2010.12.08 16:34:08.838,2.11052,2.11126,1.10,1.10
2010.12.08 16:34:10.254,2.11061,2.11131,1.10,1.10
2010.12.08 16:34:12.492,2.11064,2.11131,1.10,1.10
2010.12.08 16:34:12.626,2.11057,2.11125,1.10,1.10
2010.12.08 16:34:12.841,2.11038,2.11117,2.70,1.10
2010.12.08 16:34:12.951,2.11038,2.11117,2.70,1.10
2010.12.08 16:34:13.698,2.11037,2.11111,1.20,1.10
2010.12.08 16:34:13.813,2.11038,2.11117,1.10,1.10
2010.12.08 16:34:14.379,2.11038,2.11117,1.50,1.10
2010.12.08 16:34:15.772,2.1104,2.11128,1.10,1.10
2010.12.08 16:34:16.491,2.1104,2.11128,1.40,1.10
2010.12.08 16:34:17.387,2.11052,2.11129,1.10,1.10
2010.12.08 16:34:17.616,2.11048,2.11129,1.20,1.10
2010.12.08 16:34:17.721,2.11041,2.11127,1.40,1.10
2010.12.08 16:34:18.271,2.11052,2.11129,1.10,1.10
2010.12.08 16:34:19.643,2.11051,2.11127,1.10,1.10
2010.12.08 16:34:19.752,2.11051,2.1113,1.10,1.10
2010.12.08 16:34:22.228,2.1104,2.11128,1.20,1.10
2010.12.08 16:34:26.066,2.11039,2.11118,1.20,1.10
2010.12.08 16:34:26.173,2.11067,2.11144,1.10,1.10
2010.12.08 16:34:26.875,2.11057,2.11144,1.10,1.10
2010.12.08 16:34:27.336,2.11057,2.11144,3.10,1.10
2010.12.08 16:34:27.445,2.11057,2.11144,1.20,1.10
2010.12.08 16:34:28.034,2.11067,2.11144,1.10,1.10
2010.12.08 16:34:28.936,2.11053,2.1113,1.40,1.10
2010.12.08 16:34:29.596,2.11047,2.11115,1.10,1.10
2010.12.08 16:34:30.292,2.11052,2.11131,1.10,1.10
2010.12.08 16:34:32.791,2.11052,2.11131,1.30,1.10
2010.12.08 16:34:34.183,2.11053,2.1113,1.30,1.10
2010.12.08 16:34:37.603,2.11053,2.1113,1.10,1.30
2010.12.08 16:34:37.736,2.11039,2.11118,1.30,1.10
2010.12.08 16:34:38.061,2.11046,2.11118,1.10,1.10
2010.12.08 16:34:38.281,2.11039,2.11118,1.30,1.10
2010.12.08 16:34:38.951,2.11046,2.11118,1.10,1.10
2010.12.08 16:34:40.942,2.1104,2.11117,1.30,1.10
2010.12.08 16:34:45.630,2.11039,2.11118,1.30,1.10
2010.12.08 16:34:48.175,2.11045,2.11119,1.10,1.10
2010.12.08 16:34:49.054,2.11052,2.11131,1.30,1.30
2010.12.08 16:34:49.318,2.11052,2.11131,1.30,1.10
2010.12.08 16:34:55.277,2.1106,2.11131,1.10,1.10
2010.12.08 16:34:56.731,2.11052,2.11131,1.30,1.10
2010.12.08 16:34:57.062,2.11064,2.11133,1.10,1.10
2010.12.08 16:34:57.933,2.11064,2.11133,1.30,1.10
2010.12.08 16:34:58.921,2.11064,2.11133,2.00,1.10
2010.12.08 16:34:59.051,2.11084,2.11153,1.30,1.10
2010.12.08 16:34:59.207,2.1108,2.11157,1.30,1.10
2010.12.08 16:35:00.015,2.1108,2.11165,1.30,1.40
2010.12.08 16:35:00.125,2.1108,2.11165,2.00,1.20
2010.12.08 16:35:00.232,2.1108,2.11165,1.30,1.20
2010.12.08 16:35:01.354,2.1108,2.11165,1.30,1.10
2010.12.08 16:35:01.464,2.1108,2.11157,1.10,1.10
2010.12.08 16:35:02.704,2.11078,2.11151,1.10,1.10
2010.12.08 16:35:03.326,2.11077,2.11146,1.30,1.10
2010.12.08 16:35:04.492,2.11079,2.1115,1.30,1.10
2010.12.08 16:35:04.602,2.11079,2.1115,1.30,1.10
2010.12.08 16:35:05.324,2.1108,2.11157,1.30,1.10
2010.12.08 16:35:05.762,2.11076,2.11145,2.00,1.10
2010.12.08 16:35:06.462,2.11079,2.11158,1.30,1.10
2010.12.08 16:35:10.078,2.1108,2.11157,1.30,1.10
2010.12.08 16:35:10.202,2.1108,2.11157,1.10,1.10
2010.12.08 16:35:10.926,2.11055,2.11127,1.50,1.10
2010.12.08 16:35:11.031,2.11039,2.11127,2.00,1.10
2010.12.08 16:35:11.142,2.1105,2.11129,1.30,1.10
2010.12.08 16:35:11.251,2.11039,2.11127,2.00,1.10
2010.12.08 16:35:11.727,2.11028,2.11115,1.10,1.10
2010.12.08 16:35:11.839,2.11019,2.11115,2.00,1.30
2010.12.08 16:35:12.061,2.11019,2.11115,1.10,1.10
2010.12.08 16:35:12.463,2.11019,2.11115,2.00,1.10
2010.12.08 16:35:12.682,2.1105,2.11138,1.10,1.10
2010.12.08 16:35:13.265,2.1105,2.11138,1.30,1.10
2010.12.08 16:35:15.130,2.11121,2.11157,1.10,1.70
2010.12.08 16:35:15.257,2.11121,2.11157,1.10,1.50
2010.12.08 16:35:15.363,2.11107,2.11194,1.30,1.10
2010.12.08 16:35:15.998,2.11096,2.11182,2.00,1.10
2010.12.08 16:35:16.117,2.11096,2.11182,1.10,1.10
2010.12.08 16:35:18.132,2.11104,2.11185,1.10,1.10
2010.12.08 16:35:18.245,2.11095,2.11183,1.10,1.10
2010.12.08 16:35:18.478,2.11091,2.11161,1.10,1.10
2010.12.08 16:35:19.118,2.11081,2.11158,1.10,1.10
2010.12.08 16:35:21.143,2.11091,2.11161,1.10,1.10
2010.12.08 16:35:21.253,2.11099,2.11178,1.10,1.10
2010.12.08 16:35:21.472,2.11102,2.11187,1.10,1.50
2010.12.08 16:35:22.227,2.11094,2.11171,1.10,1.10
2010.12.08 16:35:24.022,2.11089,2.11188,1.30,1.10
2010.12.08 16:35:24.146,2.11089,2.11188,1.10,1.10
2010.12.08 16:35:25.304,2.11083,2.11169,1.10,1.10
2010.12.08 16:35:25.746,2.11089,2.11187,1.10,1.50
2010.12.08 16:35:26.316,2.11093,2.11172,1.10,1.10
2010.12.08 16:35:32.793,2.11094,2.11172,1.10,1.10
2010.12.08 16:35:33.549,2.11118,2.11187,1.10,1.10
2010.12.08 16:35:33.882,2.11104,2.11174,1.10,1.10
2010.12.08 16:35:35.223,2.11098,2.11167,1.20,1.10
2010.12.08 16:35:35.337,2.11094,2.11171,1.10,1.10
2010.12.08 16:35:35.556,2.11104,2.11174,1.10,1.10
2010.12.08 16:35:36.385,2.11094,2.11171,1.10,1.10
2010.12.08 16:35:37.094,2.11094,2.11171,1.20,1.10
2010.12.08 16:35:37.980,2.11079,2.11158,3.10,1.10
2010.12.08 16:35:38.098,2.11079,2.11158,1.10,1.10
2010.12.08 16:35:38.213,2.11079,2.11158,1.40,1.10
2010.12.08 16:35:39.166,2.11079,2.11158,1.10,1.10
2010.12.08 16:35:40.504,2.11092,2.11161,1.10,1.10
2010.12.08 16:35:40.721,2.11079,2.11158,1.40,1.10
2010.12.08 16:35:41.292,2.11079,2.11158,1.10,1.10
2010.12.08 16:35:41.694,2.11079,2.11158,1.20,1.10
2010.12.08 16:35:45.671,2.11079,2.11158,1.10,1.10
2010.12.08 16:35:51.611,2.11091,2.11159,1.10,1.10
2010.12.08 16:36:03.902,2.11091,2.11159,1.40,1.10
2010.12.08 16:36:04.164,2.11091,2.11159,1.10,1.10
2010.12.08 16:36:05.139,2.11091,2.11159,1.20,1.10
2010.12.08 16:36:06.096,2.11091,2.11159,1.10,1.10
2010.12.08 16:36:13.796,2.11091,2.11159,1.10,1.30
2010.12.08 16:36:13.901,2.11083,2.11157,1.10,1.30
2010.12.08 16:36:14.473,2.1108,2.11157,1.30,1.30
2010.12.08 16:36:14.608,2.11074,2.11155,2.80,1.30
2010.12.08 16:36:15.455,2.11079,2.11158,1.30,1.30
2010.12.08 16:36:16.307,2.11079,2.11158,1.40,1.30
2010.12.08 16:36:19.223,2.11082,2.11157,1.40,1.30
2010.12.08 16:36:19.836,2.1108,2.11157,1.40,1.30
2010.12.08 16:36:21.538,2.11078,2.11148,1.40,1.10
2010.12.08 16:36:22.792,2.11082,2.11148,1.40,1.10
2010.12.08 16:36:23.436,2.1108,2.11157,3.20,1.30
2010.12.08 16:36:24.763,2.11079,2.11158,1.30,1.30
2010.12.08 16:36:24.982,2.11079,2.11158,3.20,1.30
2010.12.08 16:36:25.359,2.11079,2.11158,3.00,1.30
2010.12.08 16:36:25.919,2.11077,2.11146,3.20,1.10
2010.12.08 16:36:26.052,2.11134,2.11202,1.10,1.10
2010.12.08 16:36:26.841,2.11148,2.11217,1.30,1.10
2010.12.08 16:36:29.324,2.11119,2.11189,1.10,1.10
2010.12.08 16:36:29.432,2.11119,2.11189,1.30,1.30
2010.12.08 16:36:30.387,2.11119,2.11189,1.10,2.00
2010.12.08 16:36:30.612,2.11119,2.11189,2.00,1.10
2010.12.08 16:36:30.721,2.11108,2.1116,1.10,1.10
2010.12.08 16:36:31.255,2.11119,2.11189,2.00,1.10
2010.12.08 16:36:31.381,2.11105,2.11175,2.00,1.30
2010.12.08 16:36:32.204,2.11108,2.11185,1.10,2.00
2010.12.08 16:36:32.356,2.11111,2.11197,1.30,1.30
2010.12.08 16:36:32.464,2.11111,2.11198,1.10,2.00
2010.12.08 16:36:32.574,2.11137,2.11209,1.10,2.50
2010.12.08 16:36:33.161,2.11137,2.11214,1.10,1.10
2010.12.08 16:36:34.759,2.11137,2.11213,1.10,1.10
2010.12.08 16:36:36.804,2.11134,2.11204,2.00,1.10
2010.12.08 16:36:37.023,2.11133,2.11202,1.20,1.10
2010.12.08 16:36:37.244,2.11137,2.11202,1.10,1.10
2010.12.08 16:36:37.771,2.11161,2.11231,1.10,1.10
2010.12.08 16:36:44.386,2.11145,2.11231,1.30,1.10
2010.12.08 16:36:44.528,2.11164,2.11242,1.10,1.10
2010.12.08 16:36:45.302,2.11144,2.11232,1.10,1.10
2010.12.08 16:36:52.134,2.11142,2.11219,1.10,1.10
2010.12.08 16:36:53.613,2.11145,2.11231,1.10,1.10
2010.12.08 16:36:54.216,2.11125,2.11203,1.70,1.10
2010.12.08 16:36:54.434,2.11108,2.11186,1.10,1.10
2010.12.08 16:36:55.003,2.11117,2.11202,1.10,1.10
2010.12.08 16:37:00.313,2.11127,2.11207,1.10,1.10
2010.12.08 16:37:00.531,2.11128,2.11206,1.10,1.10
2010.12.08 16:37:05.632,2.11119,2.11189,1.10,1.10
2010.12.08 16:37:06.784,2.11128,2.11206,1.10,1.10
2010.12.08 16:37:08.306,2.1112,2.11188,1.10,1.10
2010.12.08 16:37:09.087,2.11135,2.11214,1.10,1.10
2010.12.08 16:37:10.714,2.11123,2.11212,1.10,1.10
2010.12.08 16:37:10.828,2.11122,2.11199,1.10,1.10
2010.12.08 16:37:11.684,2.1114,2.11208,1.10,1.10
2010.12.08 16:37:12.055,2.1114,2.11208,1.10,1.30
2010.12.08 16:37:12.275,2.1112,2.11188,1.10,1.10
2010.12.08 16:37:13.017,2.11133,2.11202,1.10,1.10
2010.12.08 16:37:15.726,2.11141,2.1122,1.10,1.10
2010.12.08 16:37:19.144,2.11129,2.11218,1.10,1.10
2010.12.08 16:37:19.643,2.1115,2.11229,1.10,1.10
2010.12.08 16:37:20.329,2.11148,2.11217,1.10,1.10
2010.12.08 16:37:21.465,2.11177,2.11244,1.10,1.10
2010.12.08 16:37:21.682,2.11165,2.11241,1.10,1.30
2010.12.08 16:37:22.662,2.11165,2.11241,1.10,1.10
2010.12.08 16:37:23.361,2.11165,2.11243,1.10,1.10
2010.12.08 16:37:26.673,2.11177,2.11244,1.10,1.10
2010.12.08 16:37:26.893,2.11179,2.11248,1.10,1.10
2010.12.08 16:37:27.898,2.11173,2.1124,1.10,1.10
2010.12.08 16:37:28.017,2.11179,2.11248,1.10,1.10
2010.12.08 16:37:33.037,2.11165,2.11232,1.10,1.10
2010.12.08 16:37:33.262,2.11171,2.1124,1.10,1.10
2010.12.08 16:37:33.482,2.11165,2.11232,1.10,1.10
2010.12.08 16:37:34.508,2.11172,2.11239,1.10,1.10
2010.12.08 16:37:34.735,2.11164,2.11233,1.10,1.10
2010.12.08 16:37:37.200,2.11167,2.11245,1.10,1.30
2010.12.08 16:37:37.319,2.11159,2.11237,1.10,1.10
2010.12.08 16:37:37.758,2.11152,2.1123,1.10,1.10
2010.12.08 16:37:38.324,2.11151,2.11231,1.10,1.10
2010.12.08 16:37:38.775,2.11179,2.11248,1.10,1.10
2010.12.08 16:37:39.400,2.11167,2.11245,1.10,1.10
2010.12.08 16:37:43.666,2.11151,2.11231,1.10,1.10
2010.12.08 16:37:43.774,2.11146,2.11223,1.10,1.10
2010.12.08 16:37:44.921,2.11146,2.11223,1.20,1.10
2010.12.08 16:37:45.445,2.11146,2.11223,1.20,1.10
2010.12.08 16:37:46.574,2.11146,2.11223,1.20,1.10
2010.12.08 16:37:47.983,2.11146,2.11223,1.10,1.10
2010.12.08 16:37:49.435,2.11146,2.11223,1.20,1.10
2010.12.08 16:37:50.244,2.11146,2.11223,1.10,1.10
2010.12.08 16:37:51.060,2.11138,2.11205,1.10,1.10
2010.12.08 16:37:55.782,2.11137,2.11204,1.10,1.10
2010.12.08 16:37:56.868,2.11165,2.11232,1.10,2.00
2010.12.08 16:37:57.000,2.11137,2.11204,1.10,1.10
2010.12.08 16:37:57.446,2.11123,2.11192,1.10,1.10
2010.12.08 16:37:58.091,2.11107,2.11177,1.10,1.10
2010.12.08 16:37:58.532,2.11122,2.1119,1.10,1.10
2010.12.08 16:38:00.365,2.11122,2.1119,2.00,1.10
2010.12.08 16:38:00.692,2.11137,2.11204,1.10,1.10
2010.12.08 16:38:01.624,2.11137,2.11204,1.10,2.00
2010.12.08 16:38:01.774,2.11108,2.11176,1.10,1.10
2010.12.08 16:38:07.524,2.1111,2.11177,1.10,1.10
2010.12.08 16:38:08.152,2.11111,2.11187,1.10,1.10
2010.12.08 16:38:08.819,2.111,2.11168,1.10,1.10
2010.12.08 16:38:09.436,2.11112,2.11192,1.10,1.10
2010.12.08 16:38:09.651,2.11105,2.11174,1.10,1.10
2010.12.08 16:38:13.340,2.11098,2.11165,1.10,1.10
2010.12.08 16:38:13.453,2.11103,2.11173,1.10,1.10
2010.12.08 16:38:14.112,2.11109,2.11178,1.10,1.10
2010.12.08 16:38:15.263,2.11112,2.11189,1.10,1.10
2010.12.08 16:38:16.380,2.11111,2.1119,1.10,1.10
2010.12.08 16:38:16.492,2.11122,2.11192,1.10,1.10
2010.12.08 16:38:20.892,2.11112,2.11189,1.10,1.10
2010.12.08 16:38:23.482,2.11107,2.11177,1.10,1.10
2010.12.08 16:38:25.847,2.1111,2.11177,1.10,1.10
2010.12.08 16:38:26.173,2.1115,2.11214,1.10,1.50
2010.12.08 16:38:26.792,2.11153,2.1123,1.10,1.30
2010.12.08 16:38:27.632,2.11153,2.11232,1.10,1.10
2010.12.08 16:38:28.190,2.11167,2.11246,1.10,1.30
2010.12.08 16:38:29.143,2.11193,2.11261,1.10,1.10
2010.12.08 16:38:30.632,2.11195,2.11274,1.10,1.10
2010.12.08 16:38:31.186,2.11195,2.11274,1.10,1.30
2010.12.08 16:38:31.334,2.11173,2.1125,1.10,1.10
2010.12.08 16:38:31.442,2.11193,2.11261,1.10,1.10
2010.12.08 16:38:31.554,2.11196,2.11273,1.10,1.10
2010.12.08 16:38:31.882,2.11207,2.11276,1.10,1.10
2010.12.08 16:38:33.224,2.11207,2.11276,1.10,1.30
2010.12.08 16:38:33.785,2.11194,2.11261,1.10,1.10
2010.12.08 16:38:35.353,2.11194,2.11261,1.10,2.00
2010.12.08 16:38:35.465,2.11179,2.11248,1.10,2.00
2010.12.08 16:38:35.572,2.11165,2.11233,1.20,1.30
2010.12.08 16:38:36.112,2.11165,2.11233,1.10,1.30
2010.12.08 16:38:36.232,2.1115,2.1122,1.10,1.30
2010.12.08 16:38:36.723,2.11159,2.11237,1.10,2.00
2010.12.08 16:38:37.240,2.11159,2.11237,1.10,1.10
2010.12.08 16:38:37.368,2.1118,2.11247,1.10,1.10
2010.12.08 16:38:37.811,2.11172,2.11239,1.10,1.10
2010.12.08 16:38:38.699,2.11179,2.11248,1.10,1.10
2010.12.08 16:38:41.011,2.11168,2.11245,1.10,1.10
2010.12.08 16:38:41.351,2.1118,2.11248,1.10,1.10
2010.12.08 16:38:41.946,2.11165,2.11233,1.10,1.10
2010.12.08 16:38:42.053,2.11167,2.11244,1.10,1.10
2010.12.08 16:38:42.708,2.11167,2.11244,1.10,1.30
2010.12.08 16:38:44.602,2.11166,2.11234,1.10,1.10
2010.12.08 16:38:44.712,2.11164,2.11234,1.10,1.10
2010.12.08 16:38:44.824,2.1118,2.11247,1.10,1.10
2010.12.08 16:38:45.400,2.11168,2.11245,1.10,1.30
2010.12.08 16:38:45.931,2.11168,2.11245,1.10,1.10
2010.12.08 16:38:48.200,2.11168,2.11245,1.40,1.10
2010.12.08 16:38:48.745,2.11168,2.11245,1.10,1.10
2010.12.08 16:38:48.879,2.11179,2.11247,1.10,1.10
2010.12.08 16:38:49.544,2.11187,2.11256,1.30,1.10
2010.12.08 16:38:49.655,2.11192,2.11262,1.10,1.10
2010.12.08 16:38:50.705,2.11184,2.11254,1.10,1.10
2010.12.08 16:38:51.433,2.11193,2.11261,1.10,1.10
2010.12.08 16:38:54.759,2.11193,2.11261,1.20,1.10
2010.12.08 16:38:55.856,2.11193,2.11261,1.10,1.10
2010.12.08 16:38:57.650,2.11193,2.11261,1.20,1.10
2010.12.08 16:38:58.002,2.11193,2.11261,1.10,1.10
2010.12.08 16:38:59.412,2.11193,2.11261,1.20,1.10
2010.12.08 16:38:59.983,2.11193,2.11261,1.10,1.10
2010.12.08 16:39:00.321,2.11193,2.11261,1.40,1.10
2010.12.08 16:39:00.542,2.11193,2.11261,1.10,1.10
2010.12.08 16:39:01.853,2.11193,2.11261,1.40,1.10
2010.12.08 16:39:02.208,2.11193,2.11261,1.10,1.10
2010.12.08 16:39:05.525,2.11193,2.11261,1.20,1.10
2010.12.08 16:39:06.117,2.11193,2.11261,1.10,1.10
2010.12.08 16:39:09.530,2.11193,2.11261,1.40,1.10
2010.12.08 16:39:16.332,2.11193,2.11261,1.10,1.10
2010.12.08 16:39:16.441,2.11193,2.11261,1.20,1.10
2010.12.08 16:39:17.026,2.1122,2.1129,1.10,1.10
2010.12.08 16:39:19.135,2.11223,2.1129,1.10,1.10
2010.12.08 16:39:19.244,2.11193,2.11263,1.10,1.10
2010.12.08 16:39:20.064,2.11192,2.11262,1.10,1.10
2010.12.08 16:39:21.708,2.11199,2.11268,1.10,1.10
2010.12.08 16:39:21.848,2.112,2.1127,1.10,1.10
2010.12.08 16:39:22.075,2.112,2.11267,1.10,1.10
2010.12.08 16:39:22.715,2.11195,2.11264,1.10,1.10
2010.12.08 16:39:22.822,2.11207,2.11276,1.10,1.10
2010.12.08 16:39:23.464,2.11207,2.11278,1.10,1.10
2010.12.08 16:39:23.575,2.112,2.11267,1.10,1.10
2010.12.08 16:39:24.612,2.11208,2.11275,1.10,1.10
2010.12.08 16:39:25.334,2.112,2.11267,1.10,1.10
2010.12.08 16:39:27.632,2.112,2.11267,1.10,1.30
2010.12.08 16:39:27.742,2.11185,2.11254,1.10,1.10
2010.12.08 16:39:30.812,2.11185,2.11254,1.20,1.10
2010.12.08 16:39:35.483,2.11191,2.11261,1.10,1.30
2010.12.08 16:39:35.704,2.11193,2.11262,1.10,1.30
2010.12.08 16:39:36.294,2.11193,2.11262,1.40,1.30
2010.12.08 16:39:36.663,2.11193,2.11262,1.10,1.30
2010.12.08 16:39:39.682,2.11193,2.11262,1.20,1.30
2010.12.08 16:39:41.926,2.11193,2.11262,1.10,1.30
2010.12.08 16:39:42.608,2.11181,2.1126,1.10,1.30
2010.12.08 16:39:42.722,2.11181,2.1126,2.00,1.10
2010.12.08 16:39:43.055,2.11186,2.11256,1.10,1.30
2010.12.08 16:39:43.639,2.11193,2.11262,1.10,2.00
2010.12.08 16:39:47.368,2.11179,2.11248,1.30,1.10
2010.12.08 16:39:48.631,2.11193,2.11262,1.10,1.30
2010.12.08 16:39:48.853,2.11193,2.11262,1.10,1.10
2010.12.08 16:39:49.885,2.11193,2.11262,1.10,1.30
2010.12.08 16:39:51.556,2.11179,2.11248,1.10,1.30
2010.12.08 16:39:52.139,2.11179,2.11248,1.10,1.10
2010.12.08 16:39:56.513,2.11181,2.1126,1.10,1.30
2010.12.08 16:39:57.060,2.11181,2.1126,1.10,1.10
2010.12.08 16:39:58.912,2.11193,2.11262,1.10,1.10
2010.12.08 16:40:01.888,2.11182,2.11259,1.10,1.30
2010.12.08 16:40:06.910,2.11185,2.11261,1.10,1.30
2010.12.08 16:40:07.058,2.11182,2.11259,1.10,1.30
2010.12.08 16:40:08.514,2.11193,2.11262,1.10,1.30
2010.12.08 16:40:09.556,2.11193,2.11262,1.10,2.00
2010.12.08 16:40:09.662,2.11179,2.11248,1.10,1.30
2010.12.08 16:40:09.883,2.11179,2.11248,1.10,1.10
2010.12.08 16:40:10.474,2.11189,2.11258,1.10,1.10
2010.12.08 16:40:10.692,2.11181,2.11252,1.10,1.10
2010.12.08 16:40:10.912,2.11182,2.11259,1.10,1.10
2010.12.08 16:40:13.854,2.11182,2.11259,1.20,1.30
2010.12.08 16:40:17.134,2.11182,2.11259,1.10,1.30
2010.12.08 16:40:18.431,2.11182,2.11259,1.10,1.30
2010.12.08 16:40:18.762,2.11173,2.11242,1.20,1.30
2010.12.08 16:40:19.219,2.11173,2.11242,1.40,1.10
2010.12.08 16:40:19.323,2.11187,2.11256,1.10,1.10
2010.12.08 16:40:21.612,2.11187,2.11256,1.20,1.10
2010.12.08 16:40:22.224,2.11187,2.11256,1.10,1.10
2010.12.08 16:40:24.323,2.11193,2.11263,1.10,1.10
2010.12.08 16:40:31.343,2.11214,2.11283,1.10,1.10
2010.12.08 16:40:34.356,2.11187,2.11265,1.10,1.10
2010.12.08 16:40:34.462,2.11179,2.11248,1.10,1.10
2010.12.08 16:40:34.682,2.11187,2.11265,1.10,1.30
2010.12.08 16:40:35.242,2.11207,2.11276,1.10,2.00
2010.12.08 16:40:35.363,2.11187,2.11265,1.10,1.10
2010.12.08 16:40:35.475,2.11189,2.11276,1.10,1.10
2010.12.08 16:40:36.285,2.11189,2.11276,1.10,1.30
2010.12.08 16:40:38.433,2.11179,2.11249,1.10,1.10
2010.12.08 16:40:39.214,2.1118,2.11247,1.10,1.30
2010.12.08 16:40:39.314,2.1118,2.11247,1.10,1.10
2010.12.08 16:40:41.834,2.11163,2.11241,1.10,1.10
2010.12.08 16:40:41.953,2.11159,2.11237,1.10,1.10
2010.12.08 16:40:42.738,2.1116,2.11249,1.10,1.10
2010.12.08 16:40:43.932,2.1116,2.11249,1.10,1.30
2010.12.08 16:40:45.936,2.11161,2.11248,1.10,1.10
2010.12.08 16:40:50.233,2.11158,2.11238,1.10,1.10
2010.12.08 16:40:50.960,2.11207,2.11276,1.10,1.10
2010.12.08 16:40:51.832,2.1121,2.11287,1.10,2.00
2010.12.08 16:40:52.698,2.1121,2.11287,1.10,1.10
2010.12.08 16:40:53.569,2.1121,2.11287,1.10,1.50
2010.12.08 16:40:54.281,2.11153,2.1123,1.10,1.10
2010.12.08 16:40:54.406,2.11153,2.1123,1.10,2.00
2010.12.08 16:40:54.512,2.11139,2.11216,1.10,1.30
2010.12.08 16:40:55.484,2.11136,2.11206,1.10,1.30
2010.12.08 16:40:57.469,2.11151,2.11219,1.10,2.00
2010.12.08 16:40:57.587,2.11151,2.11219,1.10,1.30
2010.12.08 16:40:58.062,2.11151,2.11219,2.00,1.10
2010.12.08 16:40:58.391,2.11179,2.11248,1.10,1.10
2010.12.08 16:40:59.453,2.1118,2.11251,1.10,1.10
2010.12.08 16:41:00.241,2.11181,2.1126,1.10,1.10
2010.12.08 16:41:05.445,2.11193,2.11267,1.10,1.30
2010.12.08 16:41:06.220,2.11172,2.11257,1.10,1.10
2010.12.08 16:41:06.334,2.11166,2.11238,1.10,1.10
2010.12.08 16:41:13.914,2.11152,2.11231,1.10,1.10
2010.12.08 16:41:14.913,2.11152,2.11231,1.10,1.30
2010.12.08 16:41:15.574,2.11139,2.11216,1.10,1.10
2010.12.08 16:41:15.913,2.11136,2.11206,1.10,1.10
2010.12.08 16:41:17.188,2.11138,2.11217,1.10,1.30
2010.12.08 16:41:18.963,2.11138,2.11217,1.30,1.10
2010.12.08 16:41:19.184,2.11151,2.11218,1.10,1.10
2010.12.08 16:41:23.164,2.11164,2.11233,1.10,1.10
2010.12.08 16:41:29.358,2.11164,2.11233,1.10,1.20
2010.12.08 16:41:31.143,2.1116,2.11229,1.10,1.10
2010.12.08 16:41:31.473,2.11165,2.11232,1.10,1.30
2010.12.08 16:41:32.134,2.11151,2.11218,1.10,1.10
2010.12.08 16:41:32.270,2.11164,2.11233,1.10,1.10
2010.12.08 16:41:33.933,2.11166,2.11238,1.10,1.10
2010.12.08 16:41:36.723,2.11166,2.11245,1.10,1.10
2010.12.08 16:41:38.893,2.11166,2.11245,1.10,1.20
2010.12.08 16:41:39.461,2.11166,2.11245,1.10,1.10
2010.12.08 16:41:40.023,2.11177,2.11247,1.10,1.10
2010.12.08 16:41:40.739,2.11178,2.11246,1.10,1.10
2010.12.08 16:41:42.124,2.11192,2.1126,1.10,1.10
2010.12.08 16:41:43.026,2.11186,2.11263,1.10,1.30
2010.12.08 16:41:43.132,2.11186,2.11263,2.00,1.10
2010.12.08 16:41:43.682,2.11185,2.11264,1.10,1.10
2010.12.08 16:41:44.262,2.11205,2.11275,1.10,1.10
2010.12.08 16:41:49.552,2.11205,2.11275,1.10,1.30
2010.12.08 16:41:49.667,2.11206,2.11274,1.10,1.10
2010.12.08 16:41:56.189,2.112,2.1127,1.10,1.10
2010.12.08 16:41:56.369,2.11193,2.11265,1.10,1.10
2010.12.08 16:41:56.594,2.11195,2.11272,1.10,1.10
2010.12.08 16:42:08.380,2.11194,2.11264,1.10,1.10
2010.12.08 16:42:08.960,2.11182,2.11259,1.20,1.10
2010.12.08 16:42:09.080,2.11182,2.11259,1.10,1.10
2010.12.08 16:42:09.868,2.11181,2.1126,1.30,1.10
2010.12.08 16:42:10.600,2.11182,2.11259,1.30,1.10
2010.12.08 16:42:10.715,2.11182,2.11259,1.10,1.30
2010.12.08 16:42:10.823,2.11194,2.11261,1.10,2.00
2010.12.08 16:42:11.831,2.11194,2.11262,1.10,1.10
2010.12.08 16:42:13.482,2.11183,2.1126,1.10,1.10
2010.12.08 16:42:13.703,2.11193,2.11263,1.10,1.10
2010.12.08 16:42:14.723,2.11187,2.11257,1.10,1.10
2010.12.08 16:42:15.382,2.1118,2.1125,1.30,1.10
2010.12.08 16:42:15.496,2.1118,2.1125,1.10,1.10
2010.12.08 16:42:21.050,2.1118,2.1125,1.10,1.30
2010.12.08 16:42:22.567,2.1118,2.1125,1.10,1.30
2010.12.08 16:42:24.031,2.11181,2.11249,1.10,1.10
2010.12.08 16:42:28.892,2.11166,2.11235,1.30,1.10
2010.12.08 16:42:29.004,2.11166,2.11235,1.10,1.10
2010.12.08 16:42:30.903,2.11166,2.11234,1.10,1.10
2010.12.08 16:42:32.224,2.11158,2.11228,1.10,1.10
2010.12.08 16:42:40.048,2.11174,2.11241,1.10,1.10
2010.12.08 16:42:40.191,2.11166,2.11235,1.30,1.10
2010.12.08 16:42:40.304,2.11169,2.11248,1.10,1.30
2010.12.08 16:42:40.865,2.11184,2.11261,1.10,2.00
2010.12.08 16:42:44.789,2.11194,2.11264,1.10,2.00
2010.12.08 16:42:44.904,2.11194,2.11264,1.10,1.30
2010.12.08 16:42:45.537,2.11195,2.11263,1.10,1.30
2010.12.08 16:42:48.077,2.11195,2.11263,1.20,1.30
2010.12.08 16:42:52.174,2.11195,2.11263,1.10,2.00
2010.12.08 16:42:52.897,2.11195,2.11263,1.10,1.30
2010.12.08 16:42:53.903,2.11195,2.11263,1.10,1.30
2010.12.08 16:42:54.013,2.11184,2.11261,1.10,1.30
2010.12.08 16:42:54.464,2.11184,2.11261,1.20,1.30
2010.12.08 16:42:54.573,2.11184,2.11261,1.10,1.30
2010.12.08 16:42:54.686,2.11183,2.11257,3.10,1.30
2010.12.08 16:42:55.275,2.11178,2.11248,1.20,1.10
2010.12.08 16:42:55.430,2.11178,2.11248,1.10,1.10
2010.12.08 16:42:55.543,2.11187,2.11248,1.10,1.10
2010.12.08 16:42:56.267,2.11215,2.11282,1.10,1.10
2010.12.08 16:42:56.482,2.11222,2.11289,1.10,1.10
2010.12.08 16:42:57.426,2.11211,2.11285,1.10,1.10
2010.12.08 16:43:01.285,2.11224,2.11292,1.10,1.10
2010.12.08 16:43:06.092,2.11212,2.11286,1.10,1.10
2010.12.08 16:43:06.313,2.11209,2.11279,1.10,1.10
2010.12.08 16:43:06.899,2.11198,2.11277,1.10,1.30
2010.12.08 16:43:08.301,2.112,2.11284,1.10,1.30
2010.12.08 16:43:08.524,2.11209,2.11279,1.10,1.10
2010.12.08 16:43:11.453,2.11209,2.11279,1.10,2.00
2010.12.08 16:43:12.057,2.11198,2.1127,1.10,1.30
2010.12.08 16:43:13.122,2.11198,2.1127,1.30,1.10
2010.12.08 16:43:13.238,2.11211,2.11285,1.10,1.30
2010.12.08 16:43:13.462,2.11211,2.11285,1.10,2.00
2010.12.08 16:43:13.572,2.11203,2.11273,1.10,1.30
2010.12.08 16:43:14.186,2.11211,2.11285,1.30,2.00
2010.12.08 16:43:14.622,2.11211,2.11285,1.10,2.00
2010.12.08 16:43:14.734,2.11198,2.1127,1.10,1.30
2010.12.08 16:43:15.870,2.11198,2.1127,1.10,1.10
2010.12.08 16:43:16.014,2.11211,2.11285,1.10,1.10
2010.12.08 16:43:23.044,2.11212,2.11291,1.10,1.10
2010.12.08 16:43:24.129,2.11224,2.11292,1.10,1.10
2010.12.08 16:43:24.761,2.11226,2.11303,1.10,1.10
2010.12.08 16:43:25.999,2.11226,2.113,1.10,1.10
2010.12.08 16:43:28.222,2.11226,2.113,1.10,1.30
2010.12.08 16:43:28.826,2.11223,2.11291,1.10,1.10
2010.12.08 16:43:29.642,2.11196,2.11273,1.10,1.10
2010.12.08 16:43:30.441,2.11199,2.11276,1.10,1.10
2010.12.08 16:43:30.664,2.11225,2.11301,1.10,1.10
2010.12.08 16:43:31.444,2.11234,2.11304,1.10,1.10
2010.12.08 16:43:32.706,2.11237,2.11306,1.10,1.10
2010.12.08 16:43:33.022,2.11235,2.11303,1.10,1.10
2010.12.08 16:43:34.789,2.11238,2.11305,1.10,1.10
2010.12.08 16:43:35.235,2.11238,2.11305,1.10,1.30
2010.12.08 16:43:35.783,2.11222,2.11292,1.10,1.10
2010.12.08 16:43:35.935,2.11222,2.11292,1.10,1.30
2010.12.08 16:43:39.036,2.11216,2.11285,1.10,1.30
2010.12.08 16:43:39.253,2.11209,2.11279,1.10,1.10
2010.12.08 16:43:40.504,2.11209,2.11262,1.10,1.50
2010.12.08 16:43:40.726,2.11168,2.11235,1.10,1.30
2010.12.08 16:43:41.239,2.11174,2.11254,1.10,1.10
2010.12.08 16:43:44.781,2.11175,2.11253,1.10,1.10
2010.12.08 16:43:46.802,2.11188,2.11267,1.10,1.10
2010.12.08 16:43:52.182,2.11176,2.11265,1.10,1.10
2010.12.08 16:43:53.562,2.11189,2.11266,1.10,1.10
2010.12.08 16:43:57.429,2.11187,2.11266,1.10,1.10
2010.12.08 16:43:57.889,2.11177,2.11264,1.20,1.10
2010.12.08 16:43:59.064,2.11195,2.11274,1.10,1.10
2010.12.08 16:43:59.791,2.11191,2.11278,1.10,1.10
2010.12.08 16:44:00.776,2.1119,2.11279,1.10,1.10
2010.12.08 16:44:01.326,2.11191,2.11277,1.10,1.10
2010.12.08 16:44:02.562,2.1119,2.11278,1.10,1.10
2010.12.08 16:44:06.401,2.1119,2.11278,1.10,1.10
2010.12.08 16:44:07.483,2.11188,2.11267,1.10,1.10
2010.12.08 16:44:15.211,2.1118,2.11259,1.30,1.10
2010.12.08 16:44:15.869,2.11201,2.11269,1.10,1.10
2010.12.08 16:44:16.988,2.11218,2.11285,1.10,1.10
2010.12.08 16:44:17.642,2.11211,2.11278,1.30,1.10
2010.12.08 16:44:18.222,2.11225,2.11304,1.10,1.20
2010.12.08 16:44:18.332,2.11223,2.11293,1.10,1.10
2010.12.08 16:44:19.003,2.11226,2.11303,1.10,1.10
2010.12.08 16:44:19.498,2.11206,2.11293,1.30,1.10
2010.12.08 16:44:19.670,2.11206,2.11293,1.10,1.10
2010.12.08 16:44:19.784,2.11198,2.11275,1.10,1.10
2010.12.08 16:44:20.884,2.11196,2.11264,1.10,1.10
2010.12.08 16:44:21.644,2.11194,2.11263,1.10,1.10
2010.12.08 16:44:21.864,2.11184,2.11259,1.10,1.10
2010.12.08 16:44:21.974,2.11184,2.11259,1.20,1.10
2010.12.08 16:44:22.690,2.11195,2.11262,1.10,1.10
2010.12.08 16:44:23.182,2.11195,2.11262,1.30,1.10
2010.12.08 16:44:23.292,2.11201,2.11281,1.10,1.10
2010.12.08 16:44:23.871,2.11222,2.11291,1.10,1.10
2010.12.08 16:44:27.353,2.11225,2.11304,1.10,1.10
2010.12.08 16:44:27.462,2.11223,2.1129,1.10,1.10
2010.12.08 16:44:29.925,2.11223,2.1129,1.30,1.10
2010.12.08 16:44:30.497,2.11239,2.11315,1.10,1.10
2010.12.08 16:44:31.613,2.11239,2.11315,1.10,1.30
2010.12.08 16:44:31.730,2.11225,2.11301,1.10,1.10
2010.12.08 16:44:34.328,2.1124,2.11317,1.10,1.10
2010.12.08 16:44:34.443,2.11224,2.11303,1.10,1.10
2010.12.08 16:44:34.553,2.11211,2.11288,1.10,1.10
2010.12.08 16:44:36.713,2.11211,2.1129,1.10,1.10
2010.12.08 16:44:37.597,2.11239,2.11316,1.10,2.90
2010.12.08 16:44:37.707,2.11224,2.11303,1.10,1.10
2010.12.08 16:44:40.108,2.11222,2.11291,1.10,1.10
2010.12.08 16:44:40.214,2.1121,2.11289,1.10,1.10
2010.12.08 16:44:41.013,2.11222,2.11291,1.10,1.10
2010.12.08 16:44:42.245,2.11225,2.11302,1.10,1.30
2010.12.08 16:44:42.462,2.11225,2.11302,1.10,1.10
2010.12.08 16:44:43.082,2.11212,2.11301,1.10,1.10
2010.12.08 16:44:44.056,2.11211,2.11287,1.10,1.10
2010.12.08 16:44:44.916,2.11211,2.1129,1.10,1.10
2010.12.08 16:44:45.063,2.11229,2.11314,1.10,1.40
2010.12.08 16:44:45.172,2.11214,2.11301,1.10,1.10
2010.12.08 16:44:48.007,2.11225,2.11302,1.10,1.10
2010.12.08 16:44:49.818,2.11197,2.11273,1.50,1.10
2010.12.08 16:44:50.033,2.11182,2.11259,1.20,1.10
2010.12.08 16:44:50.143,2.11182,2.11259,1.10,1.10
2010.12.08 16:44:55.525,2.11183,2.11272,1.10,1.30
2010.12.08 16:44:56.314,2.11183,2.11272,1.20,1.30
2010.12.08 16:44:56.426,2.11183,2.11272,1.10,1.30
2010.12.08 16:44:57.026,2.11182,2.11261,1.10,1.10
2010.12.08 16:44:57.942,2.11182,2.11261,1.10,1.30
2010.12.08 16:44:58.095,2.11167,2.11247,1.10,1.10
2010.12.08 16:44:58.425,2.11182,2.11259,1.10,1.10
2010.12.08 16:44:59.814,2.11212,2.11282,1.10,1.10
2010.12.08 16:45:00.144,2.11216,2.11283,1.30,1.10
2010.12.08 16:45:00.734,2.11248,2.11312,1.10,1.20
2010.12.08 16:45:00.874,2.1125,2.11327,1.10,1.10
2010.12.08 16:45:01.450,2.11235,2.11316,1.50,1.10
2010.12.08 16:45:01.580,2.1123,2.11316,1.10,1.30
2010.12.08 16:45:01.694,2.11247,2.11317,1.10,1.10
2010.12.08 16:45:02.367,2.11236,2.11315,1.10,1.10
2010.12.08 16:45:05.863,2.11237,2.11314,1.10,1.10
2010.12.08 16:45:06.622,2.11237,2.11314,1.10,1.30
2010.12.08 16:45:07.252,2.11237,2.11314,1.10,1.10
2010.12.08 16:45:08.316,2.1124,2.11314,1.10,1.10
2010.12.08 16:45:08.426,2.11237,2.11314,1.10,1.10
2010.12.08 16:45:12.155,2.11238,2.11326,1.10,1.10
2010.12.08 16:45:12.373,2.11236,2.11315,1.10,1.10
2010.12.08 16:45:13.283,2.11197,2.11267,1.30,1.10
2010.12.08 16:45:13.396,2.11197,2.11267,1.20,1.10
2010.12.08 16:45:13.503,2.11212,2.11279,1.10,1.10
2010.12.08 16:45:14.138,2.11225,2.11293,1.30,1.10
2010.12.08 16:45:14.258,2.11212,2.11279,1.10,1.10
2010.12.08 16:45:14.378,2.11226,2.11294,1.10,2.00
2010.12.08 16:45:14.484,2.11232,2.11301,1.10,1.10
2010.12.08 16:45:16.221,2.11228,2.11297,1.30,1.10
2010.12.08 16:45:16.444,2.11225,2.11295,1.10,1.10
2010.12.08 16:45:16.553,2.11213,2.1128,1.10,1.10
2010.12.08 16:45:17.170,2.11219,2.11287,1.10,1.10
2010.12.08 16:45:17.395,2.11205,2.11273,1.10,1.10
2010.12.08 16:45:18.397,2.11224,2.11294,1.10,2.00
2010.12.08 16:45:18.520,2.11206,2.11285,1.10,1.10
2010.12.08 16:45:19.733,2.1122,2.11299,1.10,1.10
2010.12.08 16:45:20.238,2.1122,2.11299,1.10,1.30
2010.12.08 16:45:20.347,2.11206,2.11285,1.10,1.10
2010.12.08 16:45:21.922,2.11207,2.11291,1.10,1.10
2010.12.08 16:45:22.040,2.1122,2.11292,1.10,1.10
2010.12.08 16:45:22.974,2.11219,2.11286,1.10,1.10
2010.12.08 16:45:23.633,2.1122,2.11292,1.10,1.10
2010.12.08 16:45:24.776,2.11211,2.1128,1.10,1.10
2010.12.08 16:45:24.993,2.11219,2.11293,1.10,1.10
2010.12.08 16:45:30.573,2.11219,2.11293,2.00,1.10
2010.12.08 16:45:30.687,2.11247,2.11321,1.10,1.30
2010.12.08 16:45:30.795,2.1122,2.11292,1.10,1.10
2010.12.08 16:45:32.435,2.11228,2.11298,1.10,1.10
2010.12.08 16:45:33.102,2.11233,2.11307,1.10,1.10
2010.12.08 16:45:34.325,2.11221,2.11298,1.10,1.10
2010.12.08 16:45:36.473,2.11232,2.113,1.10,1.10
2010.12.08 16:45:37.094,2.11225,2.11293,1.10,1.10
2010.12.08 16:45:38.036,2.11232,2.11308,1.10,1.10
2010.12.08 16:45:38.153,2.11232,2.11308,1.30,1.10
2010.12.08 16:45:38.289,2.11246,2.11324,1.10,1.10
2010.12.08 16:45:38.861,2.11231,2.11299,1.10,1.10
2010.12.08 16:45:39.636,2.11233,2.11309,1.10,2.00
2010.12.08 16:45:39.774,2.11219,2.11298,1.10,1.30
2010.12.08 16:45:40.891,2.11206,2.11283,1.30,1.10
2010.12.08 16:45:41.223,2.11205,2.11284,1.10,1.10
2010.12.08 16:45:42.013,2.11216,2.11286,1.10,1.10
2010.12.08 16:45:42.232,2.11206,2.11283,1.10,1.10
2010.12.08 16:45:48.017,2.11205,2.11284,1.10,1.10
2010.12.08 16:45:48.130,2.11207,2.11295,1.20,1.10
2010.12.08 16:45:48.683,2.11206,2.11283,1.20,1.10
2010.12.08 16:45:50.254,2.11205,2.11277,1.10,1.10
2010.12.08 16:45:50.367,2.11206,2.11283,1.10,1.10
2010.12.08 16:45:51.021,2.11203,2.1128,1.10,1.10
2010.12.08 16:45:51.975,2.11186,2.11281,1.50,1.30
2010.12.08 16:45:52.628,2.11183,2.11271,1.50,1.10
2010.12.08 16:45:52.814,2.11172,2.11271,1.10,1.10
2010.12.08 16:45:53.993,2.11197,2.11274,1.10,1.10
2010.12.08 16:45:54.103,2.11185,2.11272,1.10,1.10
2010.12.08 16:45:54.215,2.1116,2.11269,1.30,1.10
2010.12.08 16:45:54.324,2.11184,2.11273,1.10,1.10
2010.12.08 16:45:57.253,2.11183,2.11261,1.10,1.10
2010.12.08 16:46:01.126,2.11185,2.11272,1.10,1.10
2010.12.08 16:46:02.496,2.11175,2.11251,1.10,1.10
2010.12.08 16:46:07.692,2.11174,2.11248,1.10,1.10
2010.12.08 16:46:08.468,2.11174,2.11248,1.10,1.10
2010.12.08 16:46:08.625,2.11175,2.11252,1.10,1.10
2010.12.08 16:46:09.194,2.11175,2.11252,2.00,1.10
2010.12.08 16:46:09.324,2.11187,2.11262,1.20,1.10
2010.12.08 16:46:09.434,2.11187,2.11262,2.10,1.10
2010.12.08 16:46:09.544,2.11202,2.11281,1.10,1.10
2010.12.08 16:46:10.106,2.112,2.11269,1.10,1.10
2010.12.08 16:46:10.215,2.11188,2.11267,1.10,1.10
2010.12.08 16:46:10.434,2.112,2.11269,1.10,1.10
2010.12.08 16:46:14.952,2.11207,2.11276,1.10,1.10
2010.12.08 16:46:16.824,2.1121,2.11287,1.10,1.10
2010.12.08 16:46:17.045,2.11198,2.11268,1.10,1.10
2010.12.08 16:46:17.902,2.11199,2.11267,1.10,1.10
2010.12.08 16:46:23.906,2.11202,2.1127,1.10,1.10
2010.12.08 16:46:28.562,2.11199,2.11267,1.10,1.10
2010.12.08 16:46:30.176,2.11198,2.11266,1.10,1.10
2010.12.08 16:46:31.745,2.11198,2.11266,1.30,1.10
2010.12.08 16:46:32.186,2.11198,2.11266,1.10,1.10
2010.12.08 16:46:34.097,2.11199,2.11267,1.10,1.10
2010.12.08 16:46:39.484,2.112,2.11279,1.10,1.10
2010.12.08 16:46:44.525,2.112,2.11279,1.30,1.10
2010.12.08 16:46:44.965,2.11226,2.11294,1.10,1.10
2010.12.08 16:46:45.535,2.11233,2.113,1.10,1.10
2010.12.08 16:46:45.647,2.11231,2.11299,1.10,1.10
2010.12.08 16:46:45.753,2.11225,2.11292,1.10,1.10
2010.12.08 16:46:46.083,2.11218,2.11286,1.10,1.10
2010.12.08 16:46:46.412,2.11225,2.11292,1.10,1.10
2010.12.08 16:46:47.133,2.11212,2.11291,1.10,1.10
2010.12.08 16:46:56.955,2.11213,2.11288,1.10,1.10
2010.12.08 16:46:57.553,2.11211,2.11279,1.10,1.10
2010.12.08 16:46:57.664,2.11212,2.11291,1.10,1.10
2010.12.08 16:46:58.512,2.11212,2.11291,1.40,1.10
2010.12.08 16:46:58.734,2.11212,2.11291,1.10,1.10
2010.12.08 16:46:59.175,2.11212,2.11291,1.40,1.10
2010.12.08 16:47:00.224,2.11212,2.11291,1.10,1.10
2010.12.08 16:47:00.723,2.11212,2.11291,1.40,1.10
2010.12.08 16:47:01.254,2.11212,2.11291,1.10,1.10
2010.12.08 16:47:01.836,2.11225,2.11292,1.10,1.10
2010.12.08 16:47:07.170,2.11225,2.11292,1.20,1.10
2010.12.08 16:47:07.282,2.11225,2.11292,1.10,1.10
2010.12.08 16:47:09.902,2.11217,2.11287,1.20,1.10
2010.12.08 16:47:17.252,2.11217,2.11287,1.20,1.10
2010.12.08 16:47:17.982,2.1121,2.1128,1.20,1.10
2010.12.08 16:47:19.326,2.1121,2.1128,3.10,1.10
2010.12.08 16:47:19.932,2.11218,2.11286,1.50,1.10
2010.12.08 16:47:20.059,2.11218,2.11286,1.20,1.10
2010.12.08 16:47:20.940,2.11218,2.11286,1.40,1.10
2010.12.08 16:47:22.108,2.11218,2.11286,1.20,1.10
2010.12.08 16:47:22.213,2.11218,2.11286,1.50,1.10
2010.12.08 16:47:23.036,2.11231,2.11301,1.10,1.10
2010.12.08 16:47:24.163,2.11231,2.11301,1.40,1.10
2010.12.08 16:47:26.213,2.11231,2.11301,1.10,1.10
2010.12.08 16:47:26.322,2.11231,2.11301,2.00,1.10
2010.12.08 16:47:27.006,2.11225,2.11292,2.00,1.10
2010.12.08 16:47:27.138,2.11238,2.11307,1.30,1.10
2010.12.08 16:47:31.815,2.11238,2.11307,2.00,1.10
2010.12.08 16:47:31.924,2.11281,2.11349,2.00,1.10
2010.12.08 16:47:32.726,2.11294,2.11364,2.00,1.10
2010.12.08 16:47:32.867,2.11294,2.11364,1.10,1.10
2010.12.08 16:47:43.987,2.11297,2.11375,1.10,2.00
2010.12.08 16:47:44.204,2.11297,2.11375,1.10,1.30
2010.12.08 16:47:55.725,2.11297,2.11375,1.10,1.30
2010.12.08 16:47:56.487,2.11294,2.11364,1.10,1.10
2010.12.08 16:48:00.369,2.11297,2.11375,1.30,1.30
2010.12.08 16:48:04.046,2.11297,2.11375,1.10,1.30
2010.12.08 16:48:04.263,2.11265,2.11354,1.10,1.10
2010.12.08 16:48:04.857,2.11283,2.1136,1.10,1.10
2010.12.08 16:48:05.820,2.11269,2.11346,1.10,1.30
2010.12.08 16:48:05.990,2.11254,2.11333,1.20,1.10
2010.12.08 16:48:06.102,2.11254,2.11333,1.10,1.10
2010.12.08 16:48:07.788,2.11236,2.11325,1.10,1.10
2010.12.08 16:48:08.913,2.11248,2.11327,1.10,1.10
2010.12.08 16:48:09.243,2.11237,2.11307,1.10,1.10
2010.12.08 16:48:09.826,2.11224,2.11292,1.20,1.10
2010.12.08 16:48:09.934,2.11224,2.11292,1.10,1.10
2010.12.08 16:48:17.947,2.11224,2.11292,1.30,1.10
2010.12.08 16:48:18.056,2.11231,2.11298,1.30,1.10
2010.12.08 16:48:18.947,2.11231,2.11298,1.10,2.00
2010.12.08 16:48:19.070,2.11217,2.11284,1.30,1.10
2010.12.08 16:48:21.111,2.11224,2.11292,1.10,1.10
2010.12.08 16:48:21.804,2.11224,2.11292,1.30,1.10
2010.12.08 16:48:21.912,2.11231,2.11298,1.10,1.10
2010.12.08 16:48:25.004,2.11231,2.11298,1.10,1.30
2010.12.08 16:48:25.117,2.11223,2.11293,1.10,1.10
2010.12.08 16:48:25.222,2.11216,2.11284,1.40,1.10
2010.12.08 16:48:26.743,2.11216,2.11284,1.10,1.10
2010.12.08 16:48:26.963,2.11209,2.11277,1.30,1.10
2010.12.08 16:48:28.258,2.11209,2.11277,1.30,1.10
2010.12.08 16:48:28.586,2.11212,2.11291,1.30,1.10
2010.12.08 16:48:29.270,2.11223,2.11293,1.10,1.10
2010.12.08 16:48:34.146,2.11223,2.11293,2.00,1.10
2010.12.08 16:48:34.473,2.1123,2.11299,1.30,1.10
2010.12.08 16:48:34.694,2.11224,2.11292,1.30,1.10
2010.12.08 16:48:35.388,2.11224,2.11292,1.10,1.30
2010.12.08 16:48:35.512,2.11212,2.11291,3.20,1.30
2010.12.08 16:48:40.428,2.11223,2.11293,1.10,1.30
2010.12.08 16:48:40.906,2.11223,2.11293,1.30,1.10
2010.12.08 16:48:41.412,2.11225,2.11304,1.30,1.30
2010.12.08 16:48:49.349,2.11244,2.11312,1.10,2.00
2010.12.08 16:48:49.474,2.11225,2.11304,1.30,1.30
2010.12.08 16:48:50.114,2.11225,2.11304,1.30,1.10
2010.12.08 16:48:50.767,2.11236,2.11306,1.10,1.10
2010.12.08 16:48:53.475,2.11236,2.11306,1.30,1.10
2010.12.08 16:48:54.062,2.11236,2.11306,1.10,1.10
2010.12.08 16:48:54.173,2.11236,2.11306,1.30,1.10
2010.12.08 16:48:54.292,2.11242,2.11318,1.10,1.30
2010.12.08 16:48:54.406,2.11253,2.11321,1.10,1.10
2010.12.08 16:48:54.986,2.11252,2.11331,1.30,1.30
2010.12.08 16:48:55.977,2.11252,2.11325,1.30,1.10
2010.12.08 16:48:56.783,2.11252,2.11325,2.00,1.10
2010.12.08 16:48:56.897,2.11261,2.1133,1.30,1.10
2010.12.08 16:48:57.005,2.11264,2.11332,1.10,1.10
2010.12.08 16:48:58.732,2.11264,2.11332,1.10,1.30
2010.12.08 16:48:58.843,2.11252,2.11331,1.30,1.30
2010.12.08 16:49:01.165,2.11251,2.11326,1.30,1.10
2010.12.08 16:49:01.284,2.11253,2.1133,1.30,1.30
2010.12.08 16:49:07.766,2.11264,2.11332,1.10,1.30
2010.12.08 16:49:07.877,2.11264,2.11332,1.10,1.10
2010.12.08 16:49:12.494,2.11256,2.11326,1.10,1.10
2010.12.08 16:49:12.607,2.11264,2.11332,1.10,1.30
2010.12.08 16:49:13.386,2.1125,2.11319,1.10,1.10
2010.12.08 16:49:17.648,2.11253,2.11329,1.30,1.30
2010.12.08 16:49:19.465,2.11253,2.1133,1.30,1.10
2010.12.08 16:49:20.151,2.11263,2.11333,1.10,1.30
2010.12.08 16:49:21.726,2.11257,2.11325,2.00,1.10
2010.12.08 16:49:22.297,2.11257,2.11325,1.10,1.10
2010.12.08 16:49:23.042,2.11263,2.11333,1.10,1.30
2010.12.08 16:49:23.203,2.11251,2.11318,1.10,1.10
2010.12.08 16:49:24.205,2.11253,2.1133,1.30,1.30
2010.12.08 16:49:31.219,2.11263,2.11333,1.10,1.10
2010.12.08 16:49:33.675,2.11263,2.11333,1.10,1.30
2010.12.08 16:49:34.355,2.11239,2.11316,1.30,1.10
2010.12.08 16:49:34.464,2.1125,2.11319,1.10,1.10
2010.12.08 16:49:34.683,2.11253,2.1133,1.10,1.10
2010.12.08 16:49:42.608,2.11264,2.11332,1.10,1.10
2010.12.08 16:49:42.933,2.11253,2.1133,1.30,1.30
2010.12.08 16:49:43.763,2.11253,2.1133,1.30,1.10
2010.12.08 16:49:47.152,2.11222,2.11289,1.30,1.10
2010.12.08 16:49:49.451,2.11236,2.11303,1.10,1.10
2010.12.08 16:49:50.113,2.11225,2.11301,1.30,1.10
2010.12.08 16:49:50.697,2.11225,2.11301,1.10,1.10
2010.12.08 16:49:53.495,2.11224,2.113,1.10,1.10
2010.12.08 16:49:53.713,2.11224,2.11302,1.10,1.30
2010.12.08 16:49:53.932,2.11224,2.11302,1.30,1.10
2010.12.08 16:49:54.516,2.11236,2.11306,1.10,1.10
2010.12.08 16:49:55.545,2.1124,2.11307,1.10,1.10
2010.12.08 16:49:56.892,2.1124,2.11307,1.10,1.30
2010.12.08 16:49:57.334,2.11214,2.11291,1.30,1.30
2010.12.08 16:49:57.929,2.11226,2.11293,1.10,1.10
2010.12.08 16:50:00.197,2.11239,2.11307,1.10,1.10
2010.12.08 16:50:00.303,2.11228,2.11305,1.10,1.10
2010.12.08 16:50:01.214,2.11239,2.11307,1.10,1.10
2010.12.08 16:50:01.329,2.1124,2.11319,1.10,1.10
2010.12.08 16:50:01.444,2.11238,2.11308,1.10,1.10
2010.12.08 16:50:02.680,2.11246,2.11313,1.10,1.10
2010.12.08 16:50:03.129,2.11253,2.1132,1.10,1.10
2010.12.08 16:50:05.524,2.11245,2.11314,1.10,1.10
2010.12.08 16:50:07.757,2.11252,2.11321,1.10,1.10
2010.12.08 16:50:08.733,2.11259,2.11327,1.10,1.10
2010.12.08 16:50:09.283,2.11253,2.1132,1.10,1.10
2010.12.08 16:50:12.064,2.11254,2.11332,1.10,1.30
2010.12.08 16:50:12.974,2.11252,2.11321,1.10,1.10
2010.12.08 16:50:20.956,2.11255,2.11331,1.10,1.10
2010.12.08 16:50:23.214,2.11253,2.1132,1.10,1.10
2010.12.08 16:50:24.266,2.11254,2.11332,1.10,1.10
2010.12.08 16:50:25.255,2.1125,2.11337,1.10,1.20
2010.12.08 16:50:26.397,2.11239,2.11318,1.10,1.30
2010.12.08 16:50:26.888,2.11213,2.11289,1.50,1.10
2010.12.08 16:50:27.002,2.1121,2.11289,1.10,1.10
2010.12.08 16:50:27.527,2.1121,2.11289,1.10,1.30
2010.12.08 16:50:27.638,2.11193,2.11282,1.10,1.10
2010.12.08 16:50:28.158,2.11183,2.1126,1.10,1.10
2010.12.08 16:50:30.443,2.11183,2.1126,1.30,1.10
2010.12.08 16:50:30.663,2.11197,2.11274,1.10,1.10
2010.12.08 16:50:32.754,2.11197,2.11274,1.10,2.00
2010.12.08 16:50:32.865,2.11197,2.11274,1.10,1.30
2010.12.08 16:50:32.974,2.11182,2.11261,1.10,1.10
2010.12.08 16:50:33.520,2.11197,2.11274,1.10,1.10
2010.12.08 16:50:35.337,2.11182,2.11261,1.10,1.10
2010.12.08 16:50:35.443,2.11185,2.11271,1.10,1.30
2010.12.08 16:50:37.334,2.11183,2.1126,1.30,1.10
2010.12.08 16:50:37.449,2.11196,2.11275,1.10,1.10
2010.12.08 16:50:37.674,2.11173,2.11232,1.70,1.10
2010.12.08 16:50:38.004,2.11168,2.11247,1.20,1.30
2010.12.08 16:50:38.578,2.11154,2.11233,3.10,1.30
2010.12.08 16:50:39.013,2.11168,2.11247,1.30,1.30
2010.12.08 16:50:39.124,2.11168,2.11247,1.30,1.10
2010.12.08 16:50:39.703,2.11182,2.11261,1.10,1.30
2010.12.08 16:50:41.145,2.11182,2.11261,1.20,1.10
2010.12.08 16:50:42.631,2.11182,2.11261,1.10,1.10
2010.12.08 16:50:45.204,2.112,2.1127,1.10,1.10
2010.12.08 16:50:45.782,2.11208,2.11275,1.10,1.10
2010.12.08 16:50:46.113,2.11189,2.11269,1.10,1.10
2010.12.08 16:50:46.224,2.11189,2.11269,1.30,1.10
2010.12.08 16:50:46.852,2.11194,2.11261,1.10,1.10
2010.12.08 16:50:46.965,2.11179,2.11248,1.10,1.10
2010.12.08 16:50:49.555,2.11186,2.11261,1.10,1.30
2010.12.08 16:50:49.664,2.11182,2.11259,1.10,1.30
2010.12.08 16:50:50.241,2.11182,2.11259,1.10,1.10
2010.12.08 16:50:50.697,2.11194,2.11273,1.10,1.30
2010.12.08 16:50:50.805,2.11194,2.11273,1.10,1.10
2010.12.08 16:50:54.565,2.11193,2.11261,1.10,1.10
2010.12.08 16:50:54.784,2.11206,2.11276,1.10,1.10
2010.12.08 16:50:55.466,2.11195,2.11272,1.10,1.10
2010.12.08 16:50:55.573,2.11195,2.11272,1.10,1.30
2010.12.08 16:50:56.839,2.1118,2.11259,1.10,1.30
2010.12.08 16:50:57.756,2.11152,2.11231,3.50,1.30
2010.12.08 16:50:57.866,2.11152,2.11231,1.10,1.30
2010.12.08 16:50:57.973,2.11163,2.11233,1.10,2.00
2010.12.08 16:50:58.194,2.11152,2.11231,1.10,1.30
2010.12.08 16:50:58.967,2.11139,2.11215,1.20,1.10
2010.12.08 16:50:59.294,2.11167,2.11244,1.10,1.10
2010.12.08 16:51:00.465,2.11152,2.11231,1.30,1.30
2010.12.08 16:51:01.360,2.11152,2.11231,1.20,1.30
2010.12.08 16:51:01.696,2.11163,2.11233,1.10,1.10
2010.12.08 16:51:02.315,2.11166,2.11243,2.00,1.10
2010.12.08 16:51:02.424,2.1118,2.11257,1.10,1.30
2010.12.08 16:51:02.534,2.11177,2.11247,1.10,1.10
2010.12.08 16:51:05.383,2.11177,2.11247,1.10,2.00
2010.12.08 16:51:07.352,2.11165,2.11244,1.40,2.00
2010.12.08 16:51:07.464,2.11165,2.11244,1.30,2.00
2010.12.08 16:51:07.986,2.11177,2.11245,1.10,1.30
2010.12.08 16:51:08.144,2.11163,2.11231,1.10,1.10
2010.12.08 16:51:08.256,2.11163,2.11231,1.10,1.30
2010.12.08 16:51:08.919,2.11166,2.11243,2.00,1.10
2010.12.08 16:51:09.078,2.11192,2.11259,1.10,1.10
2010.12.08 16:51:12.843,2.1118,2.11257,1.10,1.10
2010.12.08 16:51:13.875,2.11191,2.1126,1.10,1.10
2010.12.08 16:51:18.890,2.11191,2.1126,1.40,1.10
2010.12.08 16:51:21.216,2.11191,2.1126,1.10,1.10
2010.12.08 16:51:22.099,2.11191,2.1126,1.40,1.10
2010.12.08 16:51:23.632,2.11197,2.11267,1.20,1.10
2010.12.08 16:51:24.081,2.11197,2.11267,3.10,1.10
2010.12.08 16:51:24.195,2.11197,2.11267,1.40,1.10
2010.12.08 16:51:24.781,2.11219,2.11287,1.10,1.10
2010.12.08 16:51:30.919,2.11247,2.11315,1.10,1.10
2010.12.08 16:51:31.072,2.11232,2.11302,1.10,1.10
2010.12.08 16:51:31.820,2.11217,2.11305,1.10,1.30
2010.12.08 16:51:31.935,2.11207,2.11284,1.10,1.10
2010.12.08 16:51:32.567,2.11188,2.11277,1.10,1.30
2010.12.08 16:51:32.673,2.11188,2.11277,1.30,1.10
2010.12.08 16:51:33.407,2.11211,2.1128,1.10,1.10
2010.12.08 16:51:34.469,2.11204,2.11273,1.10,1.10
2010.12.08 16:51:37.513,2.11204,2.11273,1.10,1.30
2010.12.08 16:51:37.663,2.11188,2.11277,1.10,1.10
2010.12.08 16:51:37.773,2.11207,2.11284,1.10,1.10
2010.12.08 16:51:39.939,2.11204,2.11273,1.10,1.10
2010.12.08 16:51:42.850,2.11206,2.11285,1.10,1.10
2010.12.08 16:51:44.864,2.11204,2.11273,1.10,1.10
2010.12.08 16:51:48.244,2.11207,2.11284,1.10,1.10
2010.12.08 16:51:49.192,2.11204,2.11273,1.20,1.10
2010.12.08 16:51:49.413,2.11204,2.11273,1.10,1.10
2010.12.08 16:51:51.923,2.11206,2.11285,1.10,1.10
2010.12.08 16:51:52.144,2.11205,2.11272,1.10,1.10
2010.12.08 16:51:54.517,2.11207,2.11284,1.10,1.10
2010.12.08 16:51:55.950,2.11205,2.11272,1.10,1.10
2010.12.08 16:51:59.937,2.11205,2.11272,1.10,1.10
2010.12.08 16:52:03.903,2.11205,2.11272,1.30,1.10
2010.12.08 16:52:04.395,2.11218,2.11288,1.10,1.10
2010.12.08 16:52:05.404,2.11207,2.11286,1.30,1.10
2010.12.08 16:52:05.514,2.11207,2.11286,1.10,1.30
2010.12.08 16:52:06.305,2.11194,2.1127,1.40,1.10
2010.12.08 16:52:06.423,2.11194,2.1127,1.30,1.10
2010.12.08 16:52:07.518,2.11205,2.11272,1.10,1.10
2010.12.08 16:52:08.274,2.11207,2.11284,1.10,1.10
2010.12.08 16:52:08.390,2.11189,2.11276,1.10,1.10
2010.12.08 16:52:09.863,2.11195,2.11283,1.10,1.10
2010.12.08 16:52:12.064,2.11193,2.11271,1.10,1.10
2010.12.08 16:52:13.736,2.11193,2.11271,3.10,1.10
2010.12.08 16:52:14.468,2.11193,2.11271,1.10,1.10
2010.12.08 16:52:14.577,2.11208,2.11285,1.10,1.10
2010.12.08 16:52:15.331,2.11236,2.11313,1.10,1.10
2010.12.08 16:52:16.473,2.11247,2.11315,1.10,1.10
2010.12.08 16:52:17.630,2.11219,2.11287,2.00,1.10
2010.12.08 16:52:18.193,2.11233,2.11301,1.10,1.10
2010.12.08 16:52:18.310,2.11215,2.11293,1.10,1.10
2010.12.08 16:52:19.315,2.11203,2.11292,1.10,1.10
2010.12.08 16:52:20.118,2.11195,2.11281,1.10,1.10
2010.12.08 16:52:20.809,2.11193,2.11267,1.10,1.10
2010.12.08 16:52:20.971,2.11208,2.11285,1.10,1.10
2010.12.08 16:52:21.089,2.11192,2.11259,1.30,1.10
2010.12.08 16:52:21.640,2.11192,2.11259,1.10,1.10
2010.12.08 16:52:21.841,2.11219,2.11288,1.10,1.10
2010.12.08 16:52:24.114,2.11219,2.11288,2.00,1.10
2010.12.08 16:52:24.225,2.11236,2.11315,1.10,1.10
2010.12.08 16:52:24.334,2.11254,2.11323,1.10,1.10
2010.12.08 16:52:24.970,2.11231,2.1132,1.10,1.10
2010.12.08 16:52:28.274,2.1123,2.11308,1.10,1.10
2010.12.08 16:52:29.326,2.11247,2.11317,1.10,1.10
2010.12.08 16:52:30.899,2.11219,2.11288,1.10,1.10
2010.12.08 16:52:31.571,2.11202,2.1128,1.10,1.10
2010.12.08 16:52:32.709,2.11219,2.11288,1.10,1.10
2010.12.08 16:52:34.578,2.11202,2.1128,1.10,1.10
2010.12.08 16:52:36.495,2.1122,2.11287,1.10,1.10
2010.12.08 16:52:37.532,2.11201,2.11281,1.10,1.10
2010.12.08 16:52:41.944,2.11201,2.11281,1.30,1.10
2010.12.08 16:52:42.425,2.11219,2.11288,1.10,1.10
2010.12.08 16:52:48.353,2.11219,2.11288,1.10,1.30
2010.12.08 16:52:48.918,2.11201,2.11281,1.10,1.10
2010.12.08 16:52:50.724,2.11203,2.11292,1.10,1.10
2010.12.08 16:52:53.027,2.11201,2.11281,1.10,1.10
2010.12.08 16:52:55.885,2.11202,2.1128,1.10,1.10
2010.12.08 16:52:59.607,2.11204,2.11291,1.10,1.10
2010.12.08 16:53:00.328,2.11178,2.11257,1.10,1.10
2010.12.08 16:53:00.654,2.11165,2.11242,1.10,1.10
2010.12.08 16:53:01.795,2.11165,2.11239,1.10,1.10
2010.12.08 16:53:01.904,2.11164,2.11243,1.10,1.10
2010.12.08 16:53:02.236,2.11165,2.11239,1.10,1.10
2010.12.08 16:53:02.732,2.11163,2.11231,1.10,1.10
2010.12.08 16:53:02.890,2.11165,2.11242,1.10,1.10
2010.12.08 16:53:04.265,2.11178,2.11257,1.10,1.10
2010.12.08 16:53:07.767,2.11189,2.11259,1.10,1.10
2010.12.08 16:53:12.431,2.11189,2.11241,1.10,1.50
2010.12.08 16:53:14.857,2.11179,2.1124,1.10,1.50
2010.12.08 16:53:15.894,2.11179,2.11239,1.10,1.50
2010.12.08 16:53:17.475,2.11179,2.11241,1.10,1.50
2010.12.08 16:53:18.443,2.11179,2.11245,1.10,1.50
2010.12.08 16:53:18.553,2.11179,2.11256,1.10,1.10
2010.12.08 16:53:19.507,2.11163,2.11231,1.20,1.10
2010.12.08 16:53:19.614,2.1117,2.11237,1.10,1.10
2010.12.08 16:53:20.391,2.11162,2.11232,1.40,1.10
2010.12.08 16:53:20.527,2.11162,2.11232,1.10,1.10
2010.12.08 16:53:20.914,2.11162,2.11232,3.50,1.10
2010.12.08 16:53:21.724,2.11191,2.11258,1.10,1.10
2010.12.08 16:53:21.944,2.11191,2.11258,1.30,1.10
2010.12.08 16:53:22.163,2.11192,2.11271,1.30,1.10
2010.12.08 16:53:23.170,2.11192,2.11271,1.10,2.00
2010.12.08 16:53:23.285,2.11178,2.11257,3.20,1.10
2010.12.08 16:53:23.768,2.11185,2.11257,1.10,1.10
2010.12.08 16:53:23.882,2.11194,2.1127,1.30,1.10
2010.12.08 16:53:25.221,2.11176,2.11263,1.10,1.10
2010.12.08 16:53:25.985,2.11186,2.11266,1.10,1.10
2010.12.08 16:53:26.094,2.11176,2.11263,1.20,1.10
2010.12.08 16:53:26.210,2.11174,2.11254,1.20,1.10
2010.12.08 16:53:26.848,2.11173,2.11252,1.10,1.10
2010.12.08 16:53:26.965,2.11179,2.11258,1.10,1.10
2010.12.08 16:53:27.470,2.1118,2.11257,1.10,1.10
2010.12.08 16:53:28.353,2.11164,2.11262,1.10,1.10
2010.12.08 16:53:28.685,2.11181,2.11269,1.10,1.10
2010.12.08 16:53:29.283,2.1119,2.1127,1.10,1.10
2010.12.08 16:53:29.892,2.11168,2.11254,1.10,1.10
2010.12.08 16:53:31.770,2.1118,2.11257,1.10,1.10
2010.12.08 16:53:34.905,2.11165,2.11244,1.10,1.10
2010.12.08 16:53:35.455,2.11168,2.11254,1.10,1.30
2010.12.08 16:53:36.699,2.11168,2.11254,1.30,1.10
2010.12.08 16:53:36.923,2.11168,2.11254,1.10,1.30
2010.12.08 16:53:37.143,2.11165,2.11244,1.10,1.10
2010.12.08 16:53:38.505,2.11179,2.11258,1.10,1.30
2010.12.08 16:53:39.075,2.11179,2.11258,1.10,1.10
2010.12.08 16:53:43.954,2.11165,2.11244,1.10,1.10
2010.12.08 16:53:47.671,2.11165,2.11244,2.00,1.10
2010.12.08 16:53:47.765,2.11176,2.11246,1.30,1.10
2010.12.08 16:53:48.093,2.11178,2.11257,1.10,1.30
2010.12.08 16:53:48.645,2.11178,2.11257,2.00,1.10
2010.12.08 16:53:48.772,2.11178,2.11257,1.30,1.10
2010.12.08 16:53:50.093,2.11178,2.11257,1.10,2.00
2010.12.08 16:53:50.683,2.11147,2.11235,2.00,1.10
2010.12.08 16:53:50.796,2.11147,2.11235,1.10,1.10
2010.12.08 16:53:51.014,2.1115,2.11246,1.10,1.10
2010.12.08 16:53:51.236,2.1116,2.11249,1.10,1.10
2010.12.08 16:53:52.374,2.11179,2.11256,1.10,1.10
2010.12.08 16:53:58.075,2.1118,2.11256,1.10,1.10
2010.12.08 16:53:58.916,2.11192,2.11248,1.10,1.40
2010.12.08 16:53:59.025,2.11157,2.11213,1.50,1.10
2010.12.08 16:53:59.134,2.11135,2.11213,1.10,1.10
2010.12.08 16:53:59.650,2.11134,2.11201,1.10,1.10
2010.12.08 16:53:59.806,2.11123,2.11199,1.10,1.10
2010.12.08 16:54:01.113,2.11122,2.11199,1.10,1.10
2010.12.08 16:54:01.225,2.11124,2.1121,1.10,1.10
2010.12.08 16:54:01.443,2.11121,2.112,1.10,1.10
2010.12.08 16:54:05.256,2.11123,2.11202,1.10,1.10
2010.12.08 16:54:05.586,2.11125,2.11211,1.10,1.10
2010.12.08 16:54:06.163,2.11125,2.11211,2.00,1.10
2010.12.08 16:54:06.976,2.11148,2.11218,1.10,1.10
2010.12.08 16:54:07.110,2.11146,2.11223,1.10,1.30
2010.12.08 16:54:07.226,2.11162,2.11232,1.10,1.10
2010.12.08 16:54:08.095,2.11159,2.11236,1.10,1.10
2010.12.08 16:54:09.368,2.11134,2.11212,4.20,1.30
2010.12.08 16:54:09.479,2.11133,2.11212,1.10,1.10
2010.12.08 16:54:10.176,2.11124,2.11208,1.10,1.10
2010.12.08 16:54:10.471,2.11142,2.11216,1.10,1.10
2010.12.08 16:54:11.274,2.11123,2.11201,1.10,1.10
2010.12.08 16:54:11.998,2.1112,2.11199,1.10,1.10
2010.12.08 16:54:12.326,2.11119,2.11186,1.10,1.10
2010.12.08 16:54:13.036,2.11119,2.11192,1.10,1.10
2010.12.08 16:54:15.214,2.1112,2.11199,1.10,1.10
2010.12.08 16:54:16.236,2.11122,2.11199,1.10,1.10
2010.12.08 16:54:16.457,2.11122,2.11206,1.10,1.10
2010.12.08 16:54:16.673,2.11139,2.11207,1.10,1.10
2010.12.08 16:54:17.508,2.11121,2.11198,1.10,1.10
2010.12.08 16:54:17.727,2.11139,2.11207,1.10,1.10
2010.12.08 16:54:17.946,2.11121,2.11198,1.10,1.10
2010.12.08 16:54:18.165,2.11132,2.112,1.10,1.10
2010.12.08 16:54:18.383,2.1112,2.11199,1.10,1.10
2010.12.08 16:54:19.022,2.11119,2.11186,1.10,1.10
2010.12.08 16:54:25.197,2.1112,2.11191,1.10,1.10
2010.12.08 16:54:25.349,2.1112,2.11191,1.30,1.10
2010.12.08 16:54:25.463,2.11139,2.11207,1.10,1.10
2010.12.08 16:54:29.370,2.11138,2.11208,1.10,1.10
2010.12.08 16:54:29.486,2.11135,2.11205,1.10,1.10
2010.12.08 16:54:32.664,2.11135,2.11205,1.30,1.10
2010.12.08 16:54:32.775,2.1115,2.11218,1.10,1.10
2010.12.08 16:54:33.589,2.1116,2.11227,1.10,1.10
2010.12.08 16:54:33.733,2.11148,2.11234,2.00,1.30
2010.12.08 16:54:33.845,2.11158,2.11227,1.30,1.10
2010.12.08 16:54:34.606,2.11158,2.11227,1.30,1.10
2010.12.08 16:54:35.767,2.11162,2.11239,1.10,1.30
2010.12.08 16:54:35.874,2.11162,2.11239,1.10,1.10
2010.12.08 16:54:36.210,2.11162,2.11239,1.30,1.10
2010.12.08 16:54:36.758,2.11172,2.11241,1.10,1.10
2010.12.08 16:54:37.446,2.11139,2.11199,1.50,1.10
2010.12.08 16:54:37.562,2.11144,2.11212,1.10,1.30
2010.12.08 16:54:37.673,2.11133,2.11211,1.30,1.30
2010.12.08 16:54:38.446,2.11144,2.11213,1.10,1.30
2010.12.08 16:54:39.765,2.11145,2.11215,2.00,1.10
2010.12.08 16:54:39.887,2.11145,2.11215,1.30,1.10
2010.12.08 16:54:40.000,2.1116,2.11239,1.10,2.00
2010.12.08 16:54:40.478,2.11147,2.11224,1.10,2.00
2010.12.08 16:54:41.601,2.11146,2.11225,1.10,1.30
2010.12.08 16:54:42.458,2.11076,2.1115,1.10,2.00
2010.12.08 16:54:42.565,2.11061,2.11137,1.10,1.10
2010.12.08 16:54:43.298,2.11059,2.11128,1.20,1.10
2010.12.08 16:54:44.115,2.11074,2.11141,1.10,1.10
2010.12.08 16:54:44.965,2.11098,2.11176,1.30,1.10
2010.12.08 16:54:45.073,2.11098,2.11176,1.10,1.10
2010.12.08 16:54:45.829,2.11098,2.11176,2.00,1.10
2010.12.08 16:54:45.970,2.1113,2.11198,1.10,1.10
2010.12.08 16:54:47.955,2.11087,2.11156,1.30,1.10
2010.12.08 16:54:48.394,2.11078,2.11141,1.10,1.10
2010.12.08 16:54:48.949,2.11074,2.11141,1.40,1.10
2010.12.08 16:54:49.109,2.11087,2.11156,1.30,1.10
2010.12.08 16:54:50.053,2.11087,2.11156,1.40,1.10
2010.12.08 16:54:50.416,2.11087,2.11156,1.50,1.10
2010.12.08 16:54:51.227,2.11087,2.11156,3.30,1.10
2010.12.08 16:54:51.990,2.11102,2.11169,1.20,1.10
2010.12.08 16:54:52.111,2.11116,2.11183,1.10,1.10
2010.12.08 16:54:52.939,2.11129,2.11199,1.10,1.10
2010.12.08 16:54:53.264,2.11129,2.11199,1.10,1.30
2010.12.08 16:54:53.967,2.11096,2.11172,1.10,1.10
2010.12.08 16:54:54.073,2.11098,2.11176,1.30,1.10
2010.12.08 16:54:54.406,2.11098,2.11176,1.10,1.10
2010.12.08 16:54:56.406,2.11073,2.111,1.50,1.10
2010.12.08 16:54:56.513,2.11069,2.111,1.50,1.10
2010.12.08 16:54:56.624,2.11045,2.11113,1.20,1.10
2010.12.08 16:54:57.155,2.11045,2.11113,1.40,1.10
2010.12.08 16:54:57.295,2.11059,2.11128,1.10,1.10
2010.12.08 16:54:58.361,2.11044,2.11114,1.10,1.10
2010.12.08 16:54:58.915,2.11044,2.11114,2.90,1.10
2010.12.08 16:54:59.563,2.11044,2.11114,1.40,1.10
2010.12.08 16:54:59.706,2.11054,2.11114,1.10,1.10
2010.12.08 16:55:00.288,2.11056,2.11123,1.20,1.10
2010.12.08 16:55:00.398,2.11056,2.11123,1.10,1.10
2010.12.08 16:55:00.723,2.11059,2.11128,1.10,1.10
2010.12.08 16:55:03.114,2.1106,2.11127,1.10,1.10
2010.12.08 16:55:04.208,2.1106,2.11127,2.00,1.10
2010.12.08 16:55:04.534,2.11045,2.11113,1.10,1.10
2010.12.08 16:55:04.755,2.1106,2.11127,1.30,1.10
2010.12.08 16:55:05.274,2.1106,2.11129,1.30,1.10
2010.12.08 16:55:06.074,2.11053,2.1112,1.30,1.10
2010.12.08 16:55:06.188,2.11047,2.11124,1.20,1.10
2010.12.08 16:55:07.071,2.11047,2.11124,3.10,1.10
2010.12.08 16:55:07.185,2.11062,2.11138,1.10,1.30
2010.12.08 16:55:07.294,2.11062,2.11138,1.10,1.10
2010.12.08 16:55:08.003,2.1106,2.11129,1.10,1.10
2010.12.08 16:55:08.115,2.11062,2.11138,1.10,1.10
2010.12.08 16:55:08.909,2.11046,2.11125,1.20,1.10
2010.12.08 16:55:09.133,2.11045,2.11118,1.10,1.10
2010.12.08 16:55:12.194,2.11045,2.11118,1.20,1.10
2010.12.08 16:55:14.170,2.11044,2.11114,1.20,1.10
2010.12.08 16:55:14.395,2.11044,2.11114,1.10,1.10
2010.12.08 16:55:14.952,2.1104,2.1111,1.30,1.10
2010.12.08 16:55:15.121,2.11045,2.11113,1.10,1.10
2010.12.08 16:55:23.996,2.11059,2.11128,1.10,1.10
2010.12.08 16:55:24.604,2.11046,2.11125,3.40,1.10
2010.12.08 16:55:24.750,2.11046,2.11125,1.40,1.10
2010.12.08 16:55:25.354,2.11046,2.11125,1.30,1.10
2010.12.08 16:55:25.466,2.11046,2.11125,1.30,1.10
2010.12.08 16:55:27.995,2.11047,2.11124,1.30,1.30
2010.12.08 16:55:28.434,2.11047,2.11124,1.30,1.10
2010.12.08 16:55:29.056,2.11059,2.11126,1.10,1.10
2010.12.08 16:55:32.031,2.11059,2.11126,1.10,1.30
2010.12.08 16:55:32.614,2.11047,2.11124,1.30,1.30
2010.12.08 16:55:33.442,2.11047,2.11121,1.30,1.10
2010.12.08 16:55:34.704,2.11056,2.11124,1.10,1.30
2010.12.08 16:55:35.363,2.11063,2.1113,1.10,1.10
2010.12.08 16:55:37.395,2.11065,2.11134,1.10,1.10
2010.12.08 16:55:39.553,2.11065,2.11134,2.00,1.10
2010.12.08 16:55:39.668,2.1108,2.11147,1.10,1.10
2010.12.08 16:55:39.994,2.11066,2.11133,1.10,1.10
2010.12.08 16:55:40.443,2.11063,2.1113,1.10,1.10
2010.12.08 16:55:41.147,2.11063,2.1113,1.10,2.00
2010.12.08 16:55:41.364,2.11046,2.11122,2.00,1.10
2010.12.08 16:55:41.986,2.11055,2.11125,1.30,1.10
2010.12.08 16:55:42.115,2.11055,2.11125,2.00,1.10
2010.12.08 16:55:42.335,2.11069,2.11139,1.30,1.10
2010.12.08 16:55:43.137,2.11069,2.11139,1.10,1.10
2010.12.08 16:55:43.287,2.11061,2.11135,1.10,1.10
2010.12.08 16:55:43.393,2.11047,2.11121,2.00,1.10
2010.12.08 16:55:43.614,2.11047,2.11121,1.10,1.10
2010.12.08 16:55:44.614,2.11047,2.11121,1.30,1.10
2010.12.08 16:55:45.394,2.11055,2.11122,1.10,1.10
2010.12.08 16:55:45.520,2.11059,2.11126,1.10,1.10
2010.12.08 16:55:50.823,2.11056,2.11124,1.30,1.10
2010.12.08 16:55:52.824,2.11048,2.11116,2.20,1.10
2010.12.08 16:55:52.947,2.11056,2.11124,1.30,1.10
2010.12.08 16:55:53.686,2.11058,2.11127,1.30,1.10
2010.12.08 16:55:54.878,2.11054,2.11123,1.30,1.10
2010.12.08 16:55:56.217,2.11058,2.11127,1.30,1.10
2010.12.08 16:55:56.897,2.11054,2.11123,1.30,1.10
2010.12.08 16:55:59.882,2.1104,2.11107,1.40,1.10
2010.12.08 16:56:00.550,2.11049,2.11101,2.40,1.10
2010.12.08 16:56:00.693,2.11078,2.11153,1.30,1.30
2010.12.08 16:56:01.190,2.11087,2.11156,1.10,1.30
2010.12.08 16:56:01.307,2.11087,2.11156,1.10,1.10
2010.12.08 16:56:02.378,2.11069,2.11148,1.10,1.10
2010.12.08 16:56:02.485,2.11069,2.11148,2.00,1.10
2010.12.08 16:56:02.974,2.11087,2.11156,1.10,1.10
2010.12.08 16:56:05.963,2.11073,2.11142,1.10,1.10
2010.12.08 16:56:06.766,2.11073,2.11142,1.30,1.10
2010.12.08 16:56:06.988,2.11075,2.11153,2.00,1.10
2010.12.08 16:56:07.599,2.11087,2.11154,1.30,1.10
2010.12.08 16:56:07.704,2.11076,2.11152,2.00,1.10
2010.12.08 16:56:08.219,2.11074,2.11143,2.00,1.10
2010.12.08 16:56:10.190,2.11073,2.11144,2.00,1.10
2010.12.08 16:56:10.413,2.11073,2.11142,2.00,1.10
2010.12.08 16:56:12.020,2.11076,2.11152,2.00,1.10
2010.12.08 16:56:12.141,2.11083,2.1115,1.10,1.10
2010.12.08 16:56:12.256,2.11076,2.11152,1.30,1.10
2010.12.08 16:56:12.473,2.11073,2.11147,1.30,1.10
2010.12.08 16:56:15.183,2.11073,2.11147,1.10,1.10
2010.12.08 16:56:15.312,2.11061,2.1114,1.30,1.10
2010.12.08 16:56:17.585,2.11059,2.11129,1.30,1.10
2010.12.08 16:56:17.915,2.11059,2.11129,3.20,1.10
2010.12.08 16:56:18.527,2.11059,2.11129,1.30,1.10
2010.12.08 16:56:22.102,2.11061,2.1114,1.30,1.10
2010.12.08 16:56:23.790,2.1106,2.11131,1.30,1.10
2010.12.08 16:56:24.233,2.11062,2.11139,1.30,1.10
2010.12.08 16:56:26.487,2.11062,2.11139,1.60,1.10
2010.12.08 16:56:28.077,2.11062,2.11139,1.20,1.30
2010.12.08 16:56:29.632,2.11067,2.11134,1.20,1.10
2010.12.08 16:56:29.746,2.11073,2.11142,1.20,1.10
2010.12.08 16:56:30.545,2.11073,2.11142,3.10,1.10
2010.12.08 16:56:30.654,2.11073,2.11142,1.20,1.10
2010.12.08 16:56:31.665,2.11073,2.11142,3.10,1.10
2010.12.08 16:56:35.064,2.11073,2.11142,3.30,1.10
2010.12.08 16:56:35.283,2.11073,2.11142,3.10,1.10
2010.12.08 16:56:35.395,2.11068,2.11135,1.20,1.10
2010.12.08 16:56:35.506,2.11066,2.11135,3.50,1.10
2010.12.08 16:56:36.099,2.11067,2.11147,3.50,1.10
2010.12.08 16:56:36.259,2.11066,2.11135,3.30,1.10
2010.12.08 16:56:36.851,2.11081,2.11149,1.10,2.00
2010.12.08 16:56:36.967,2.11094,2.11164,1.30,1.10
2010.12.08 16:56:37.542,2.11091,2.1117,1.30,1.30
2010.12.08 16:56:37.672,2.11091,2.1117,2.00,1.10
2010.12.08 16:56:37.784,2.11109,2.11177,1.10,1.10
2010.12.08 16:56:38.501,2.11082,2.1115,1.80,1.10
2010.12.08 16:56:39.325,2.1108,2.1115,1.10,1.10
2010.12.08 16:56:39.501,2.11088,2.11155,1.10,1.10
2010.12.08 16:56:40.664,2.11064,2.11152,1.20,1.10
2010.12.08 16:56:40.894,2.11073,2.11143,1.10,1.10
2010.12.08 16:56:42.283,2.1106,2.11127,3.20,1.10
2010.12.08 16:56:42.394,2.1106,2.11127,1.30,1.10
2010.12.08 16:56:42.513,2.1106,2.11127,3.00,1.10
2010.12.08 16:56:43.289,2.1106,2.11127,3.00,1.10
2010.12.08 16:56:43.735,2.11066,2.11134,1.40,1.10
2010.12.08 16:56:44.816,2.11066,2.11134,1.40,1.10
2010.12.08 16:56:45.503,2.11073,2.11143,1.10,1.10
2010.12.08 16:56:47.468,2.11073,2.11143,1.20,1.10
2010.12.08 16:56:47.674,2.11073,2.11143,1.10,1.10
2010.12.08 16:56:48.674,2.11073,2.11143,3.50,1.10
2010.12.08 16:56:49.565,2.11073,2.11143,1.10,1.10
2010.12.08 16:56:50.206,2.11073,2.11143,1.40,1.10
2010.12.08 16:56:53.454,2.11073,2.11141,3.10,1.10
2010.12.08 16:56:54.072,2.11073,2.11141,1.20,1.10
2010.12.08 16:56:54.178,2.11064,2.11134,3.50,1.10
2010.12.08 16:56:54.285,2.11079,2.11147,1.30,1.10
2010.12.08 16:56:54.504,2.11098,2.11167,1.10,1.10
2010.12.08 16:56:55.057,2.11109,2.11187,1.10,1.10
2010.12.08 16:56:55.276,2.11099,2.11183,1.30,1.10
2010.12.08 16:56:55.604,2.11108,2.11188,1.10,1.10
2010.12.08 16:57:03.894,2.11098,2.11177,1.10,1.10
2010.12.08 16:57:05.664,2.11099,2.11183,1.10,1.10
2010.12.08 16:57:06.348,2.11098,2.11177,1.10,1.10
2010.12.08 16:57:07.263,2.11095,2.11172,1.20,1.10
2010.12.08 16:57:07.487,2.11092,2.11169,1.10,1.10
2010.12.08 16:57:07.598,2.11109,2.11177,1.10,1.10
2010.12.08 16:57:08.196,2.11081,2.11164,1.70,1.10
2010.12.08 16:57:08.524,2.11085,2.11167,1.20,1.10
2010.12.08 16:57:10.354,2.11086,2.11166,1.10,1.10
2010.12.08 16:57:10.930,2.11103,2.1117,1.10,1.10
2010.12.08 16:57:11.894,2.11096,2.11164,1.10,1.10
2010.12.08 16:57:12.684,2.1109,2.11158,1.10,1.10
2010.12.08 16:57:13.015,2.11096,2.11164,1.10,1.10
2010.12.08 16:57:15.486,2.11078,2.11156,3.50,1.10
2010.12.08 16:57:16.458,2.11096,2.11164,1.10,1.10
2010.12.08 16:57:17.476,2.11081,2.1115,1.10,1.10
2010.12.08 16:57:18.078,2.11068,2.11135,1.10,1.10
2010.12.08 16:57:19.428,2.11068,2.11135,1.50,1.10
2010.12.08 16:57:20.455,2.11068,2.11135,1.10,1.10
2010.12.08 16:57:21.028,2.11075,2.11142,1.10,1.10
2010.12.08 16:57:23.633,2.11053,2.11122,1.60,1.10
2010.12.08 16:57:23.744,2.11053,2.11122,1.40,1.10
2010.12.08 16:57:24.495,2.1106,2.11128,1.10,1.10
2010.12.08 16:57:25.001,2.1106,2.11128,1.30,1.10
2010.12.08 16:57:28.144,2.11047,2.11108,1.10,1.10
2010.12.08 16:57:28.255,2.1104,2.11108,1.30,1.10
2010.12.08 16:57:28.366,2.11059,2.11129,1.10,2.00
2010.12.08 16:57:28.476,2.11059,2.11129,1.30,1.10
2010.12.08 16:57:29.159,2.11061,2.11131,1.30,1.10
2010.12.08 16:57:29.374,2.11048,2.11125,1.30,1.10
2010.12.08 16:57:30.046,2.11048,2.11125,1.10,1.10
2010.12.08 16:57:30.483,2.11048,2.11132,1.10,1.10
2010.12.08 16:57:31.897,2.11048,2.11132,1.20,1.30
2010.12.08 16:57:32.434,2.11059,2.11128,1.10,1.10
2010.12.08 16:57:32.547,2.11049,2.11131,1.30,1.10
2010.12.08 16:57:32.875,2.11049,2.11131,1.10,1.10
2010.12.08 16:57:32.985,2.11047,2.11126,1.10,1.10
2010.12.08 16:57:36.481,2.11048,2.11132,1.10,1.10
2010.12.08 16:57:36.616,2.11047,2.11126,1.10,1.10
2010.12.08 16:57:36.934,2.11047,2.11126,3.10,1.10
2010.12.08 16:57:37.774,2.11046,2.11118,3.60,1.10
2010.12.08 16:57:37.884,2.1106,2.11132,1.10,1.10
2010.12.08 16:57:38.696,2.1106,2.11132,1.30,1.10
2010.12.08 16:57:38.818,2.11061,2.1114,1.30,1.10
2010.12.08 16:57:39.938,2.11061,2.1114,3.20,1.10
2010.12.08 16:57:41.144,2.11061,2.1114,1.40,1.30
2010.12.08 16:57:41.364,2.11061,2.1114,3.20,1.10
2010.12.08 16:57:41.476,2.11057,2.11121,1.10,1.10
2010.12.08 16:57:41.947,2.11062,2.11139,1.30,1.10
2010.12.08 16:57:42.836,2.11066,2.11141,1.40,1.10
2010.12.08 16:57:42.944,2.11067,2.11141,1.10,1.10
2010.12.08 16:57:43.696,2.11075,2.11154,1.30,1.10
2010.12.08 16:57:43.805,2.11089,2.11156,1.10,1.10
2010.12.08 16:57:44.024,2.11087,2.11155,1.10,1.10
2010.12.08 16:57:44.619,2.11076,2.11153,1.30,1.10
2010.12.08 16:57:48.959,2.11076,2.11153,1.20,1.30
2010.12.08 16:57:49.066,2.11074,2.11141,1.20,1.10
2010.12.08 16:57:49.897,2.11063,2.11152,3.50,1.10
2010.12.08 16:57:50.003,2.11063,2.11152,1.40,1.10
2010.12.08 16:57:50.563,2.11063,2.11152,3.90,1.10
2010.12.08 16:57:51.696,2.1106,2.11128,1.60,1.10
2010.12.08 16:57:53.749,2.11052,2.11126,1.40,1.10
2010.12.08 16:57:53.965,2.11049,2.11126,1.60,1.10
2010.12.08 16:57:54.555,2.11049,2.11126,3.60,1.10
2010.12.08 16:57:54.664,2.11049,2.11126,3.20,1.10
2010.12.08 16:57:55.513,2.11052,2.11126,1.40,1.10
2010.12.08 16:57:57.473,2.11052,2.11126,1.40,1.10
2010.12.08 16:57:57.800,2.11049,2.11126,3.20,1.10
2010.12.08 16:57:58.175,2.1106,2.11128,1.40,1.10
2010.12.08 16:57:59.471,2.1106,2.11128,1.10,1.10
2010.12.08 16:58:00.396,2.1106,2.11128,1.40,1.10
2010.12.08 16:58:00.504,2.1106,2.11128,1.10,1.10
2010.12.08 16:58:01.378,2.11049,2.11126,3.00,1.10
2010.12.08 16:58:02.153,2.11059,2.11128,1.10,1.30
2010.12.08 16:58:02.726,2.1106,2.11128,1.20,1.10
2010.12.08 16:58:05.614,2.11058,2.11129,1.20,1.10
2010.12.08 16:58:06.404,2.11073,2.11142,1.10,1.10
2010.12.08 16:58:07.678,2.11073,2.11142,1.40,1.10
2010.12.08 16:58:08.607,2.11078,2.11142,1.20,1.10
2010.12.08 16:58:09.205,2.11073,2.11142,3.50,1.10
2010.12.08 16:58:09.313,2.11068,2.1114,1.20,1.10
2010.12.08 16:58:10.054,2.11063,2.1114,3.60,1.10
2010.12.08 16:58:10.905,2.11061,2.11129,3.60,1.10
2010.12.08 16:58:11.343,2.11067,2.11129,1.20,1.10
2010.12.08 16:58:11.674,2.11069,2.11129,2.40,1.10
2010.12.08 16:58:12.297,2.11069,2.11141,2.40,1.30
2010.12.08 16:58:12.944,2.11069,2.11141,2.90,1.30
2010.12.08 16:58:17.926,2.11069,2.11139,2.40,1.30
2010.12.08 16:58:18.662,2.11103,2.11172,1.30,1.10
2010.12.08 16:58:19.525,2.11103,2.11172,2.00,1.10
2010.12.08 16:58:19.636,2.11105,2.11183,2.00,1.10
2010.12.08 16:58:22.374,2.11105,2.11183,1.30,1.10
2010.12.08 16:58:23.426,2.11105,2.11183,3.60,1.10
2010.12.08 16:58:26.141,2.11105,2.11183,1.40,1.10
2010.12.08 16:58:26.364,2.11105,2.11183,1.20,1.30
2010.12.08 16:58:26.945,2.11091,2.11168,4.00,1.10
2010.12.08 16:58:27.393,2.11091,2.11168,3.50,2.00
2010.12.08 16:58:27.507,2.11091,2.11168,1.10,2.00
2010.12.08 16:58:27.615,2.11069,2.11137,3.50,1.10
2010.12.08 16:58:28.301,2.11076,2.11144,3.10,1.10
2010.12.08 16:58:29.522,2.11076,2.11144,1.20,1.10
2010.12.08 16:58:30.454,2.11076,2.11144,1.10,1.10
2010.12.08 16:58:37.566,2.11062,2.11129,1.40,1.10
2010.12.08 16:58:37.674,2.11062,2.11129,1.10,1.10
2010.12.08 16:58:40.481,2.11062,2.11129,1.10,1.30
2010.12.08 16:58:40.704,2.11048,2.11115,1.30,1.10
2010.12.08 16:58:49.050,2.11034,2.11101,1.10,1.10
2010.12.08 16:58:51.856,2.11034,2.11101,1.20,1.10
2010.12.08 16:58:52.445,2.11034,2.11101,1.10,1.10
2010.12.08 16:58:53.795,2.11034,2.11101,1.20,1.10
2010.12.08 16:58:54.016,2.11048,2.11115,1.30,1.10
2010.12.08 16:58:54.689,2.11048,2.11115,1.10,1.10
2010.12.08 16:59:01.403,2.11033,2.11102,1.10,1.10
2010.12.08 16:59:05.959,2.11028,2.11096,2.00,1.10
2010.12.08 16:59:08.555,2.11034,2.11101,1.30,1.10
2010.12.08 16:59:09.991,2.11033,2.11102,2.00,1.10
2010.12.08 16:59:10.215,2.11047,2.11116,1.30,1.10
2010.12.08 16:59:10.325,2.11042,2.1111,1.30,1.10
2010.12.08 16:59:10.436,2.11042,2.1111,1.10,1.10
2010.12.08 16:59:11.159,2.11048,2.11115,1.10,1.10
2010.12.08 16:59:11.404,2.11044,2.11114,1.10,1.10
2010.12.08 16:59:12.630,2.1104,2.11107,1.10,1.10
2010.12.08 16:59:12.749,2.11037,2.11107,1.20,1.10
2010.12.08 16:59:14.266,2.11037,2.11107,1.10,1.10
2010.12.08 16:59:16.154,2.11037,2.11107,1.30,1.10
2010.12.08 16:59:16.690,2.11052,2.11121,1.10,1.10
2010.12.08 16:59:16.915,2.11053,2.1112,2.00,1.10
2010.12.08 16:59:17.024,2.11067,2.11134,1.10,1.10
2010.12.08 16:59:17.710,2.11059,2.11128,1.30,1.10
2010.12.08 16:59:17.838,2.11045,2.11114,1.30,1.10
2010.12.08 16:59:18.461,2.11027,2.11096,1.70,1.10
2010.12.08 16:59:18.579,2.11018,2.11097,2.00,1.10
2010.12.08 16:59:19.239,2.11031,2.11106,1.10,1.10
2010.12.08 16:59:20.347,2.11045,2.11115,1.10,1.10
2010.12.08 16:59:20.454,2.11031,2.11106,1.10,1.10
2010.12.08 16:59:20.785,2.11032,2.11109,1.10,1.10
2010.12.08 16:59:22.813,2.11034,2.11107,1.10,1.10
2010.12.08 16:59:30.331,2.1102,2.11093,1.10,1.10
2010.12.08 16:59:31.574,2.1102,2.11093,2.00,1.10
2010.12.08 16:59:32.258,2.11048,2.11111,1.10,1.10
2010.12.08 16:59:32.368,2.11051,2.11116,1.10,1.10
2010.12.08 16:59:38.054,2.11051,2.11116,1.10,1.30
2010.12.08 16:59:38.734,2.11037,2.11102,1.40,1.10
2010.12.08 16:59:40.416,2.11037,2.11102,1.30,1.10
2010.12.08 16:59:43.958,2.11037,2.11102,2.00,1.10
2010.12.08 16:59:44.066,2.11046,2.11119,2.00,1.30
2010.12.08 16:59:44.887,2.11045,2.1112,1.30,2.00
2010.12.08 16:59:45.459,2.11057,2.11123,1.30,1.10
2010.12.08 16:59:45.784,2.11044,2.11108,1.30,1.10
2010.12.08 16:59:46.471,2.11044,2.11108,2.00,1.10
2010.12.08 16:59:46.592,2.11058,2.11122,1.30,1.10
2010.12.08 16:59:48.490,2.11072,2.11136,1.10,1.10
2010.12.08 16:59:50.933,2.11057,2.11123,1.20,1.10
2010.12.08 16:59:52.487,2.11052,2.11115,1.10,1.10
2010.12.08 16:59:56.134,2.11052,2.11115,1.10,1.30
2010.12.08 16:59:56.253,2.11038,2.11107,1.30,1.10
2010.12.08 16:59:56.698,2.11034,2.11106,1.10,1.30
2010.12.08 16:59:56.805,2.11022,2.11093,1.30,1.10
2010.12.08 16:59:57.385,2.11018,2.11093,3.50,1.10
2010.12.08 16:59:58.394,2.11018,2.11093,1.40,1.10
