2012.01.10 15:00:01.723,1.94652,1.94735,2.25,1.88
2012.01.10 15:00:02.063,1.94689,1.94739,1.13,1.13
2012.01.10 15:00:02.736,1.94689,1.94739,1.13,1.88
2012.01.10 15:00:02.810,1.94664,1.9471,1.50,1.13
2012.01.10 15:00:03.064,1.94654,1.94723,1.88,1.13
2012.01.10 15:00:03.193,1.94674,1.94728,1.13,1.13
2012.01.10 15:00:04.615,1.94674,1.94717,1.13,1.50
2012.01.10 15:00:04.780,1.94674,1.94721,1.13,1.50
2012.01.10 15:00:04.851,1.94674,1.94728,1.13,1.13
2012.01.10 15:00:05.589,1.94674,1.94715,1.13,1.84
2012.01.10 15:00:05.903,1.94662,1.94675,2.25,1.13
2012.01.10 15:00:06.032,1.94674,1.94728,1.13,3.27
2012.01.10 15:00:06.515,1.94674,1.94728,1.13,1.13
2012.01.10 15:00:07.065,1.94681,1.94733,1.13,1.13
2012.01.10 15:00:08.163,1.94685,1.94745,1.13,1.50
2012.01.10 15:00:08.241,1.9468,1.94734,1.13,2.63
2012.01.10 15:00:08.587,1.9468,1.94727,1.13,1.50
2012.01.10 15:00:08.893,1.94658,1.94687,1.09,1.13
2012.01.10 15:00:08.962,1.94643,1.94687,1.88,1.13
2012.01.10 15:00:09.092,1.9466,1.94698,1.13,1.50
2012.01.10 15:00:09.502,1.94662,1.94728,1.50,2.25
2012.01.10 15:00:09.920,1.94662,1.94728,1.50,1.50
2012.01.10 15:00:10.743,1.94668,1.94728,1.50,1.50
2012.01.10 15:00:10.812,1.94672,1.94733,1.50,1.13
2012.01.10 15:00:11.133,1.94666,1.94734,1.50,2.63
2012.01.10 15:00:11.333,1.9467,1.94734,1.13,1.50
2012.01.10 15:00:11.847,1.94676,1.94734,1.13,1.50
2012.01.10 15:00:11.917,1.94676,1.94742,2.63,1.50
2012.01.10 15:00:11.984,1.94671,1.94675,1.50,1.13
2012.01.10 15:00:12.236,1.94676,1.9472,1.50,1.13
2012.01.10 15:00:12.306,1.9465,1.9469,1.13,1.50
2012.01.10 15:00:12.605,1.9465,1.94688,1.13,1.50
2012.01.10 15:00:12.737,1.94677,1.94719,1.13,1.13
2012.01.10 15:00:12.861,1.94677,1.94717,1.13,1.50
2012.01.10 15:00:12.993,1.94651,1.94717,1.50,1.50
2012.01.10 15:00:13.326,1.94651,1.94698,1.50,1.13
2012.01.10 15:00:13.810,1.94654,1.94698,1.50,1.13
2012.01.10 15:00:14.143,1.94647,1.94698,1.88,1.13
2012.01.10 15:00:14.454,1.94676,1.9472,1.13,1.88
2012.01.10 15:00:14.523,1.94664,1.94708,1.13,1.13
2012.01.10 15:00:14.966,1.94658,1.94696,1.50,1.13
2012.01.10 15:00:15.034,1.94639,1.94696,1.50,1.13
2012.01.10 15:00:15.284,1.94639,1.94699,1.50,1.13
2012.01.10 15:00:16.195,1.94637,1.94699,1.13,2.63
2012.01.10 15:00:16.381,1.94639,1.94699,1.50,1.13
2012.01.10 15:00:16.702,1.94639,1.94696,1.50,1.13
2012.01.10 15:00:16.900,1.94629,1.94696,2.25,1.13
2012.01.10 15:00:16.970,1.94629,1.94696,1.50,1.13
2012.01.10 15:00:17.041,1.94629,1.94694,1.50,1.13
2012.01.10 15:00:17.352,1.94631,1.94697,1.50,1.13
2012.01.10 15:00:17.847,1.94635,1.94697,1.50,1.13
2012.01.10 15:00:18.172,1.94635,1.94693,1.50,1.13
2012.01.10 15:00:18.977,1.94633,1.94693,1.50,1.50
2012.01.10 15:00:19.042,1.94633,1.94657,1.50,1.13
2012.01.10 15:00:19.201,1.94631,1.94657,1.50,1.13
2012.01.10 15:00:19.277,1.94629,1.94657,1.50,1.13
2012.01.10 15:00:19.445,1.94626,1.94656,1.50,1.13
2012.01.10 15:00:19.514,1.94611,1.94656,1.88,1.13
2012.01.10 15:00:19.916,1.94614,1.94658,1.88,1.13
2012.01.10 15:00:20.045,1.94631,1.94658,1.50,1.13
2012.01.10 15:00:20.112,1.94637,1.94682,1.13,1.13
2012.01.10 15:00:20.243,1.94631,1.94672,2.25,1.13
2012.01.10 15:00:20.585,1.94637,1.94682,1.13,1.13
2012.01.10 15:00:21.736,1.94628,1.9467,1.50,1.13
2012.01.10 15:00:22.101,1.94628,1.94658,1.50,1.13
2012.01.10 15:00:22.253,1.94614,1.94658,1.88,1.13
2012.01.10 15:00:22.557,1.94611,1.94653,1.13,1.13
2012.01.10 15:00:23.165,1.9461,1.94647,2.25,1.13
2012.01.10 15:00:23.239,1.94608,1.94659,1.88,2.25
2012.01.10 15:00:23.320,1.94608,1.94659,1.88,2.25
2012.01.10 15:00:23.453,1.94608,1.94662,1.13,1.09
2012.01.10 15:00:23.522,1.94606,1.94662,1.13,1.09
2012.01.10 15:00:24.464,1.94606,1.94662,1.88,1.09
2012.01.10 15:00:24.858,1.94606,1.94662,1.88,1.09
2012.01.10 15:00:25.702,1.94606,1.94648,1.88,1.13
2012.01.10 15:00:25.936,1.94606,1.94648,1.13,1.13
2012.01.10 15:00:26.136,1.94608,1.9465,1.13,1.13
2012.01.10 15:00:27.261,1.94608,1.94652,1.13,1.13
2012.01.10 15:00:27.702,1.94614,1.94657,1.13,1.13
2012.01.10 15:00:28.790,1.94614,1.94657,1.88,2.63
2012.01.10 15:00:29.113,1.94582,1.94626,1.88,1.13
2012.01.10 15:00:29.241,1.94589,1.94632,1.13,2.63
2012.01.10 15:00:29.433,1.94589,1.94632,1.88,2.63
2012.01.10 15:00:30.824,1.94589,1.94632,1.13,1.13
2012.01.10 15:00:32.121,1.94583,1.94625,1.88,1.13
2012.01.10 15:00:32.314,1.94594,1.94638,1.88,1.13
2012.01.10 15:00:33.159,1.94596,1.94638,1.50,1.13
2012.01.10 15:00:33.230,1.94608,1.9465,1.13,1.13
2012.01.10 15:00:34.192,1.94605,1.94649,1.13,1.13
2012.01.10 15:00:34.314,1.94604,1.94646,1.13,1.13
2012.01.10 15:00:34.563,1.94612,1.94657,1.13,1.13
2012.01.10 15:00:34.631,1.94606,1.94657,1.88,1.13
2012.01.10 15:00:36.682,1.94606,1.94657,1.88,1.13
2012.01.10 15:00:36.755,1.94619,1.94663,1.13,1.13
2012.01.10 15:00:36.943,1.94617,1.94659,1.13,1.13
2012.01.10 15:00:37.076,1.94612,1.94656,1.13,1.50
2012.01.10 15:00:37.726,1.94637,1.94658,1.13,1.50
2012.01.10 15:00:37.799,1.94637,1.94674,1.13,1.50
2012.01.10 15:00:37.874,1.94637,1.94672,1.13,1.50
2012.01.10 15:00:38.240,1.94631,1.94672,1.13,1.50
2012.01.10 15:00:38.493,1.94628,1.9467,1.13,1.13
2012.01.10 15:00:38.949,1.94616,1.94658,2.63,1.13
2012.01.10 15:00:40.381,1.94618,1.94662,1.13,1.13
2012.01.10 15:00:40.570,1.94615,1.94659,1.13,1.13
2012.01.10 15:00:40.876,1.94611,1.94653,1.13,1.13
2012.01.10 15:00:41.229,1.94616,1.94658,1.13,1.13
2012.01.10 15:00:43.436,1.94626,1.94668,1.13,1.50
2012.01.10 15:00:43.602,1.94619,1.94663,1.13,1.13
2012.01.10 15:00:43.817,1.94615,1.94659,1.13,1.13
2012.01.10 15:00:46.486,1.94616,1.9466,1.13,1.13
2012.01.10 15:00:47.267,1.94622,1.94667,1.13,1.13
2012.01.10 15:00:47.394,1.94622,1.94664,1.13,1.50
2012.01.10 15:00:47.754,1.94607,1.94661,1.13,1.13
2012.01.10 15:00:47.942,1.94608,1.94661,1.88,1.13
2012.01.10 15:00:48.137,1.94608,1.94661,1.13,1.13
2012.01.10 15:00:48.482,1.94638,1.94664,1.13,1.50
2012.01.10 15:00:48.550,1.94608,1.9466,1.50,1.13
2012.01.10 15:00:48.931,1.9461,1.94659,1.13,1.50
2012.01.10 15:00:49.242,1.9464,1.94659,1.13,1.50
2012.01.10 15:00:49.375,1.9461,1.94663,1.13,1.13
2012.01.10 15:00:49.572,1.94613,1.94663,1.50,1.13
2012.01.10 15:00:49.875,1.9461,1.94663,1.13,1.13
2012.01.10 15:00:50.246,1.94628,1.94662,1.13,1.50
2012.01.10 15:00:50.315,1.94611,1.94662,1.13,2.63
2012.01.10 15:00:50.414,1.94611,1.94657,1.13,1.50
2012.01.10 15:00:51.451,1.94611,1.94662,1.13,2.63
2012.01.10 15:00:51.704,1.94611,1.94662,1.88,1.13
2012.01.10 15:00:51.897,1.94621,1.94673,1.13,1.50
2012.01.10 15:00:52.326,1.94643,1.94673,1.13,1.50
2012.01.10 15:00:52.396,1.9462,1.94673,1.13,2.63
2012.01.10 15:00:52.702,1.9462,1.94673,1.88,1.13
2012.01.10 15:00:53.053,1.94651,1.94683,1.13,1.09
2012.01.10 15:00:53.183,1.94624,1.94674,1.13,1.13
2012.01.10 15:00:53.315,1.94625,1.94676,1.13,1.13
2012.01.10 15:00:53.800,1.94624,1.94665,1.13,1.50
2012.01.10 15:00:53.874,1.94617,1.94661,1.13,1.13
2012.01.10 15:00:53.948,1.94624,1.94674,1.13,1.50
2012.01.10 15:00:54.261,1.94624,1.94667,1.13,1.50
2012.01.10 15:00:54.474,1.94624,1.94669,1.13,1.50
2012.01.10 15:00:54.617,1.94624,1.94673,1.13,1.50
2012.01.10 15:00:55.224,1.94624,1.94674,1.13,1.13
2012.01.10 15:00:55.663,1.94617,1.94659,1.13,1.13
2012.01.10 15:00:55.736,1.94624,1.94667,1.13,1.50
2012.01.10 15:00:55.984,1.94624,1.94665,1.13,1.50
2012.01.10 15:00:56.170,1.94624,1.94674,1.13,1.13
2012.01.10 15:00:56.901,1.94641,1.94674,1.13,1.50
2012.01.10 15:00:57.463,1.94641,1.94682,1.13,1.50
2012.01.10 15:00:57.714,1.94635,1.94677,1.13,1.13
2012.01.10 15:00:57.900,1.9464,1.94677,1.13,1.50
2012.01.10 15:00:58.209,1.9464,1.94673,1.13,1.50
2012.01.10 15:00:58.502,1.9464,1.94677,1.13,3.00
2012.01.10 15:00:59.512,1.94643,1.94677,1.13,1.50
2012.01.10 15:00:59.828,1.94647,1.94677,1.13,1.50
2012.01.10 15:01:00.012,1.94644,1.94677,1.13,1.50
2012.01.10 15:01:00.380,1.94644,1.9468,1.13,3.75
2012.01.10 15:01:00.454,1.94619,1.94661,1.13,1.13
2012.01.10 15:01:00.700,1.94621,1.94663,1.13,1.13
2012.01.10 15:01:00.873,1.94622,1.94666,1.13,1.13
2012.01.10 15:01:01.005,1.9462,1.94664,1.13,1.13
2012.01.10 15:01:01.455,1.94619,1.94661,1.13,1.13
2012.01.10 15:01:01.793,1.94623,1.94665,1.13,1.13
2012.01.10 15:01:01.863,1.94621,1.94665,1.13,1.13
2012.01.10 15:01:02.224,1.94621,1.94663,1.13,1.13
2012.01.10 15:01:02.573,1.94619,1.94661,1.13,1.13
2012.01.10 15:01:03.091,1.94621,1.94663,1.13,1.13
2012.01.10 15:01:04.951,1.94618,1.94662,1.13,1.13
2012.01.10 15:01:05.555,1.94619,1.94661,1.13,1.13
2012.01.10 15:01:05.823,1.94611,1.94657,1.13,1.13
2012.01.10 15:01:06.595,1.94607,1.94656,1.13,1.13
2012.01.10 15:01:06.722,1.94602,1.94655,1.13,1.13
2012.01.10 15:01:07.464,1.94612,1.94658,1.13,1.13
2012.01.10 15:01:07.593,1.94606,1.94656,1.13,1.13
2012.01.10 15:01:07.723,1.94613,1.94657,1.13,1.13
2012.01.10 15:01:07.913,1.94606,1.94656,1.13,1.13
2012.01.10 15:01:08.041,1.94613,1.94657,1.13,1.13
2012.01.10 15:01:08.363,1.94606,1.94656,1.13,1.13
2012.01.10 15:01:09.644,1.94613,1.94657,1.13,1.13
2012.01.10 15:01:12.814,1.94607,1.94656,1.13,1.13
2012.01.10 15:01:13.024,1.94619,1.94661,1.13,1.13
2012.01.10 15:01:13.324,1.94612,1.94665,1.13,1.50
2012.01.10 15:01:13.395,1.94612,1.94667,1.13,1.50
2012.01.10 15:01:13.681,1.94612,1.94669,1.13,1.50
2012.01.10 15:01:14.107,1.94612,1.94671,1.13,1.13
2012.01.10 15:01:14.555,1.94626,1.9467,1.13,1.13
2012.01.10 15:01:14.862,1.94629,1.94671,1.13,1.13
2012.01.10 15:01:18.389,1.94629,1.9467,1.13,1.50
2012.01.10 15:01:19.009,1.94629,1.94671,1.13,1.13
2012.01.10 15:01:20.474,1.94634,1.94677,1.13,1.50
2012.01.10 15:01:20.782,1.94634,1.94678,1.13,1.88
2012.01.10 15:01:20.912,1.94622,1.94664,1.13,1.13
2012.01.10 15:01:21.408,1.94628,1.94672,1.13,1.13
2012.01.10 15:01:21.665,1.94641,1.94675,1.13,1.50
2012.01.10 15:01:21.913,1.94639,1.94675,1.13,1.50
2012.01.10 15:01:21.982,1.94637,1.94675,1.13,1.50
2012.01.10 15:01:22.051,1.94637,1.94681,1.13,1.13
2012.01.10 15:01:22.371,1.94644,1.94684,1.13,1.50
2012.01.10 15:01:22.801,1.94644,1.9468,1.13,1.50
2012.01.10 15:01:23.030,1.94644,1.94684,1.13,1.50
2012.01.10 15:01:24.564,1.94639,1.94683,1.13,1.13
2012.01.10 15:01:24.870,1.94642,1.94684,1.13,1.50
2012.01.10 15:01:25.175,1.94642,1.9468,1.13,1.50
2012.01.10 15:01:25.523,1.94642,1.94682,1.13,1.50
2012.01.10 15:01:25.671,1.94642,1.94686,1.13,1.13
2012.01.10 15:01:26.838,1.94644,1.94686,1.13,1.13
2012.01.10 15:01:27.083,1.94645,1.94689,1.13,1.13
2012.01.10 15:01:27.413,1.94645,1.94687,1.13,1.50
2012.01.10 15:01:28.033,1.94648,1.94687,1.13,1.50
2012.01.10 15:01:28.282,1.94644,1.94688,1.13,1.13
2012.01.10 15:01:28.906,1.94648,1.94689,1.13,1.50
2012.01.10 15:01:29.445,1.94649,1.94688,1.13,1.50
2012.01.10 15:01:29.509,1.94638,1.94682,1.13,1.13
2012.01.10 15:01:29.852,1.9464,1.94684,1.13,1.13
2012.01.10 15:01:30.570,1.9464,1.94683,1.13,1.50
2012.01.10 15:01:30.889,1.94653,1.94683,1.13,1.50
2012.01.10 15:01:31.392,1.94653,1.94685,1.13,1.50
2012.01.10 15:01:31.528,1.94653,1.94697,1.13,1.13
2012.01.10 15:01:31.590,1.94653,1.94697,1.13,1.47
2012.01.10 15:01:31.660,1.9464,1.94684,1.13,1.13
2012.01.10 15:01:32.640,1.9464,1.94683,1.13,1.50
2012.01.10 15:01:33.446,1.9464,1.94684,1.13,1.13
2012.01.10 15:01:33.996,1.9464,1.94683,1.13,1.50
2012.01.10 15:01:34.744,1.9464,1.94684,1.13,1.13
2012.01.10 15:01:35.294,1.9464,1.94683,1.13,1.50
2012.01.10 15:01:36.083,1.9464,1.94684,1.13,1.13
2012.01.10 15:01:36.634,1.9464,1.94683,1.13,1.50
2012.01.10 15:01:36.765,1.94647,1.94683,1.13,1.50
2012.01.10 15:01:36.891,1.94635,1.94677,1.13,1.13
2012.01.10 15:01:36.963,1.94635,1.94677,1.88,1.13
2012.01.10 15:01:37.150,1.94635,1.94677,1.88,1.13
2012.01.10 15:01:37.221,1.94647,1.94688,1.13,1.50
2012.01.10 15:01:37.617,1.94653,1.94688,1.13,1.50
2012.01.10 15:01:37.700,1.9464,1.94684,1.88,1.13
2012.01.10 15:01:38.951,1.94653,1.94684,1.13,1.50
2012.01.10 15:01:39.314,1.94653,1.94688,1.13,1.50
2012.01.10 15:01:39.440,1.94653,1.94697,1.13,2.63
2012.01.10 15:01:42.933,1.94653,1.94697,1.13,2.97
2012.01.10 15:01:43.262,1.94631,1.94672,1.50,1.13
2012.01.10 15:01:43.454,1.94628,1.94672,1.13,1.13
2012.01.10 15:01:43.521,1.94628,1.94672,1.88,1.13
2012.01.10 15:01:45.091,1.94628,1.94672,1.13,1.13
2012.01.10 15:01:49.171,1.94642,1.94683,1.13,1.84
2012.01.10 15:01:49.255,1.94639,1.94683,1.13,1.47
2012.01.10 15:01:49.326,1.94641,1.94685,1.13,2.97
2012.01.10 15:01:49.397,1.94641,1.94685,1.13,2.63
2012.01.10 15:01:49.585,1.94632,1.94676,1.13,1.13
2012.01.10 15:01:49.923,1.94634,1.94676,1.13,1.13
2012.01.10 15:01:50.484,1.94634,1.94676,1.88,1.13
2012.01.10 15:01:50.584,1.94634,1.94676,1.13,1.13
2012.01.10 15:01:51.594,1.94634,1.94676,1.88,1.13
2012.01.10 15:01:52.947,1.94634,1.94676,1.13,1.13
2012.01.10 15:01:56.685,1.94641,1.94685,1.13,1.13
2012.01.10 15:01:58.288,1.94634,1.94676,1.13,1.13
2012.01.10 15:01:58.704,1.9464,1.94682,1.13,1.13
2012.01.10 15:01:59.220,1.94639,1.94681,1.13,1.13
2012.01.10 15:02:00.292,1.94633,1.94677,1.13,1.13
2012.01.10 15:02:00.736,1.94638,1.94682,1.13,1.13
2012.01.10 15:02:01.164,1.94635,1.94677,1.13,1.13
2012.01.10 15:02:01.500,1.94639,1.94681,1.13,1.13
2012.01.10 15:02:02.127,1.94643,1.94683,1.13,1.50
2012.01.10 15:02:02.630,1.94635,1.94683,1.13,1.50
2012.01.10 15:02:02.700,1.94647,1.94692,1.13,1.84
2012.01.10 15:02:03.002,1.94636,1.94678,1.13,1.13
2012.01.10 15:02:03.529,1.94636,1.94676,1.13,1.50
2012.01.10 15:02:04.065,1.94643,1.94676,1.13,1.50
2012.01.10 15:02:04.454,1.94643,1.9468,1.13,3.00
2012.01.10 15:02:05.138,1.94643,1.94684,1.13,1.50
2012.01.10 15:02:05.492,1.94635,1.94679,1.13,1.13
2012.01.10 15:02:06.084,1.94636,1.9468,1.13,1.13
2012.01.10 15:02:06.151,1.94643,1.94681,1.13,1.50
2012.01.10 15:02:06.967,1.94643,1.94678,1.13,1.50
2012.01.10 15:02:07.031,1.94643,1.9468,1.13,1.50
2012.01.10 15:02:07.396,1.94643,1.9468,1.13,1.84
2012.01.10 15:02:07.706,1.94634,1.9468,1.13,1.84
2012.01.10 15:02:07.773,1.9464,1.9468,1.13,1.84
2012.01.10 15:02:07.967,1.9464,1.94681,1.13,1.50
2012.01.10 15:02:08.032,1.94633,1.94677,1.13,1.13
2012.01.10 15:02:08.910,1.94649,1.94682,1.13,1.50
2012.01.10 15:02:09.241,1.94652,1.94682,1.13,1.50
2012.01.10 15:02:09.313,1.94652,1.94686,1.13,1.50
2012.01.10 15:02:09.592,1.94652,1.94689,1.13,1.50
2012.01.10 15:02:09.661,1.94647,1.94689,1.13,2.63
2012.01.10 15:02:09.991,1.94649,1.94689,1.13,1.50
2012.01.10 15:02:10.396,1.94657,1.94689,1.13,1.50
2012.01.10 15:02:10.616,1.94657,1.94692,1.13,1.50
2012.01.10 15:02:10.991,1.94652,1.94692,1.13,1.50
2012.01.10 15:02:11.066,1.94655,1.94692,1.13,1.50
2012.01.10 15:02:11.660,1.94656,1.94691,1.13,1.50
2012.01.10 15:02:11.806,1.94656,1.94693,1.13,1.84
2012.01.10 15:02:12.062,1.94652,1.94693,1.13,1.84
2012.01.10 15:02:12.201,1.94656,1.94693,1.13,1.84
2012.01.10 15:02:13.677,1.94656,1.94692,1.13,1.50
2012.01.10 15:02:15.669,1.94651,1.94692,1.13,1.50
2012.01.10 15:02:17.093,1.94654,1.94692,1.13,1.50
2012.01.10 15:02:17.399,1.94658,1.94692,1.13,1.50
2012.01.10 15:02:18.190,1.94657,1.94697,1.13,1.50
2012.01.10 15:02:19.431,1.94657,1.947,1.13,1.50
2012.01.10 15:02:19.874,1.94668,1.947,1.13,1.50
2012.01.10 15:02:20.192,1.94676,1.947,1.13,1.50
2012.01.10 15:02:20.325,1.94675,1.94705,1.13,1.50
2012.01.10 15:02:20.395,1.94668,1.94705,1.13,1.50
2012.01.10 15:02:20.768,1.94668,1.94707,1.13,1.50
2012.01.10 15:02:20.837,1.94655,1.94699,1.13,1.13
2012.01.10 15:02:20.967,1.94664,1.94707,1.13,2.25
2012.01.10 15:02:21.093,1.94664,1.9471,1.13,1.50
2012.01.10 15:02:21.373,1.94661,1.9471,1.13,1.50
2012.01.10 15:02:21.447,1.94661,1.94703,1.13,1.50
2012.01.10 15:02:21.801,1.94673,1.94703,1.13,3.00
2012.01.10 15:02:22.324,1.94673,1.94709,1.13,1.50
2012.01.10 15:02:22.391,1.94673,1.94715,1.13,1.47
2012.01.10 15:02:22.976,1.94673,1.94713,1.13,1.50
2012.01.10 15:02:23.338,1.94675,1.94713,1.13,1.50
2012.01.10 15:02:23.732,1.94687,1.94713,1.13,1.50
2012.01.10 15:02:23.921,1.94663,1.94707,1.13,1.13
2012.01.10 15:02:24.473,1.94675,1.94705,1.13,1.50
2012.01.10 15:02:24.839,1.94675,1.94714,1.13,1.50
2012.01.10 15:02:25.069,1.94675,1.94711,1.13,1.50
2012.01.10 15:02:26.064,1.94675,1.94709,1.13,1.50
2012.01.10 15:02:26.454,1.9468,1.94709,1.13,1.50
2012.01.10 15:02:26.909,1.94677,1.94709,1.13,1.50
2012.01.10 15:02:26.982,1.94675,1.94709,1.13,1.50
2012.01.10 15:02:27.293,1.94677,1.94709,1.13,1.50
2012.01.10 15:02:27.363,1.94677,1.94715,1.13,1.50
2012.01.10 15:02:27.892,1.94676,1.94714,1.13,1.50
2012.01.10 15:02:29.564,1.94682,1.94714,1.13,1.50
2012.01.10 15:02:29.632,1.9468,1.94714,1.13,1.50
2012.01.10 15:02:29.766,1.94678,1.94714,1.13,1.50
2012.01.10 15:02:29.833,1.94683,1.94714,1.13,1.50
2012.01.10 15:02:29.963,1.94679,1.94714,1.13,1.50
2012.01.10 15:02:30.471,1.94679,1.94718,1.13,1.50
2012.01.10 15:02:30.611,1.94674,1.94718,1.13,1.13
2012.01.10 15:02:31.417,1.94674,1.94717,1.13,1.50
2012.01.10 15:02:31.725,1.94681,1.94714,1.13,1.50
2012.01.10 15:02:32.373,1.94689,1.94714,1.13,1.50
2012.01.10 15:02:32.441,1.94689,1.94729,1.13,1.50
2012.01.10 15:02:32.511,1.94689,1.94726,1.13,1.50
2012.01.10 15:02:32.922,1.94689,1.9473,1.13,3.00
2012.01.10 15:02:33.363,1.94689,1.9473,1.13,2.25
2012.01.10 15:02:33.675,1.94662,1.94696,1.50,1.13
2012.01.10 15:02:33.923,1.9467,1.94719,1.13,1.50
2012.01.10 15:02:34.571,1.9467,1.94724,1.13,3.38
2012.01.10 15:02:35.349,1.94667,1.94723,1.13,1.13
2012.01.10 15:02:35.874,1.94685,1.94723,1.13,1.50
2012.01.10 15:02:36.883,1.94685,1.94719,1.13,1.50
2012.01.10 15:02:37.261,1.94685,1.94722,1.13,1.50
2012.01.10 15:02:39.163,1.94688,1.94722,1.13,1.50
2012.01.10 15:02:39.633,1.94688,1.94724,1.13,1.50
2012.01.10 15:02:40.434,1.94688,1.94722,1.13,1.50
2012.01.10 15:02:40.773,1.94694,1.94722,1.13,1.50
2012.01.10 15:02:41.215,1.94694,1.94728,1.13,1.50
2012.01.10 15:02:41.401,1.94694,1.94728,1.13,2.25
2012.01.10 15:02:41.778,1.94669,1.94707,1.13,1.50
2012.01.10 15:02:42.301,1.94669,1.94708,1.13,1.50
2012.01.10 15:02:42.851,1.94669,1.94707,1.13,1.50
2012.01.10 15:02:43.386,1.94668,1.94707,1.13,1.50
2012.01.10 15:02:44.061,1.94667,1.94707,1.13,1.50
2012.01.10 15:02:44.193,1.94668,1.94704,1.13,1.50
2012.01.10 15:02:44.723,1.94667,1.94704,1.13,1.50
2012.01.10 15:02:44.850,1.94661,1.94705,1.13,1.13
2012.01.10 15:02:45.411,1.94663,1.94705,1.13,1.13
2012.01.10 15:02:45.781,1.94667,1.94709,1.13,1.13
2012.01.10 15:02:46.625,1.94663,1.94705,1.13,1.13
2012.01.10 15:02:46.828,1.9467,1.94718,1.13,1.50
2012.01.10 15:02:47.076,1.94665,1.94719,1.13,1.50
2012.01.10 15:02:47.324,1.94668,1.94722,1.50,1.13
2012.01.10 15:02:48.028,1.94665,1.94722,1.88,1.13
2012.01.10 15:02:48.992,1.94667,1.94722,1.50,1.13
2012.01.10 15:02:49.062,1.94669,1.94722,1.50,1.13
2012.01.10 15:02:49.374,1.94669,1.94724,1.50,1.13
2012.01.10 15:02:49.563,1.94669,1.94722,1.50,1.13
2012.01.10 15:02:49.986,1.94665,1.94722,1.88,1.13
2012.01.10 15:02:50.442,1.94662,1.94713,1.88,1.13
2012.01.10 15:02:50.943,1.94663,1.94713,1.50,1.13
2012.01.10 15:02:51.592,1.94662,1.94713,1.13,1.13
2012.01.10 15:02:52.279,1.94663,1.94713,1.50,1.13
2012.01.10 15:02:52.347,1.9468,1.94722,1.13,1.13
2012.01.10 15:02:54.202,1.94674,1.9471,1.50,1.13
2012.01.10 15:02:54.330,1.94668,1.9471,1.13,1.13
2012.01.10 15:02:55.593,1.94661,1.94705,1.13,1.13
2012.01.10 15:02:55.725,1.94654,1.94695,1.50,1.13
2012.01.10 15:02:55.853,1.94661,1.94703,1.13,1.13
2012.01.10 15:02:55.934,1.94658,1.947,1.13,1.13
2012.01.10 15:02:56.241,1.94661,1.94703,1.13,1.13
2012.01.10 15:02:56.494,1.94656,1.94707,1.13,1.13
2012.01.10 15:02:58.910,1.94662,1.94707,1.13,1.13
2012.01.10 15:03:00.806,1.94666,1.9471,1.13,1.13
2012.01.10 15:03:00.935,1.94649,1.947,1.13,1.13
2012.01.10 15:03:01.061,1.94648,1.9471,1.50,1.13
2012.01.10 15:03:01.676,1.94649,1.9471,1.50,1.13
2012.01.10 15:03:01.749,1.94642,1.94699,2.63,1.13
2012.01.10 15:03:02.114,1.94642,1.94699,1.88,1.13
2012.01.10 15:03:02.664,1.94644,1.94698,1.88,1.13
2012.01.10 15:03:02.732,1.94644,1.94698,1.13,1.13
2012.01.10 15:03:03.437,1.94648,1.94699,1.13,1.13
2012.01.10 15:03:03.902,1.9465,1.94702,1.13,1.13
2012.01.10 15:03:03.974,1.94645,1.94687,1.13,1.13
2012.01.10 15:03:04.282,1.94653,1.94687,1.50,1.13
2012.01.10 15:03:04.354,1.94653,1.94689,1.50,1.13
2012.01.10 15:03:05.032,1.94645,1.94689,1.13,1.13
2012.01.10 15:03:05.102,1.94645,1.94687,1.13,1.13
2012.01.10 15:03:05.421,1.94651,1.94701,1.13,1.13
2012.01.10 15:03:05.622,1.94648,1.94701,1.13,1.13
2012.01.10 15:03:05.994,1.9465,1.94701,1.50,1.13
2012.01.10 15:03:07.061,1.94648,1.94701,1.13,1.13
2012.01.10 15:03:07.192,1.94651,1.94701,1.13,1.13
2012.01.10 15:03:07.743,1.9465,1.947,2.25,1.13
2012.01.10 15:03:08.043,1.9465,1.94702,3.38,1.13
2012.01.10 15:03:08.594,1.94668,1.9471,1.13,1.13
2012.01.10 15:03:08.961,1.9466,1.94701,1.50,1.13
2012.01.10 15:03:09.386,1.94658,1.94701,1.50,1.13
2012.01.10 15:03:09.895,1.94656,1.94701,1.50,1.13
2012.01.10 15:03:09.962,1.94653,1.94701,1.50,1.13
2012.01.10 15:03:10.724,1.94657,1.94701,1.50,1.13
2012.01.10 15:03:10.798,1.94654,1.94701,1.50,1.13
2012.01.10 15:03:11.054,1.94654,1.94705,1.50,1.13
2012.01.10 15:03:11.436,1.94654,1.94702,1.50,1.13
2012.01.10 15:03:11.955,1.94654,1.94702,2.25,1.13
2012.01.10 15:03:12.493,1.94651,1.94703,2.63,1.13
2012.01.10 15:03:12.881,1.94651,1.94701,2.63,1.13
2012.01.10 15:03:13.228,1.94651,1.94701,1.88,1.13
2012.01.10 15:03:14.898,1.94651,1.94701,1.13,1.13
2012.01.10 15:03:15.356,1.94649,1.947,2.63,1.13
2012.01.10 15:03:15.488,1.94649,1.947,3.38,1.13
2012.01.10 15:03:15.736,1.94661,1.94703,1.88,1.13
2012.01.10 15:03:16.476,1.94654,1.94698,1.13,1.13
2012.01.10 15:03:17.276,1.94655,1.94699,1.13,1.13
2012.01.10 15:03:17.528,1.94661,1.94703,1.13,1.13
2012.01.10 15:03:18.177,1.94649,1.947,1.88,1.13
2012.01.10 15:03:20.630,1.94649,1.947,2.63,1.13
2012.01.10 15:03:21.465,1.94649,1.94699,1.50,1.13
2012.01.10 15:03:21.535,1.94643,1.94699,3.38,1.13
2012.01.10 15:03:22.192,1.94646,1.94699,1.50,1.13
2012.01.10 15:03:22.384,1.94646,1.94698,2.25,1.13
2012.01.10 15:03:23.166,1.94655,1.94697,1.88,1.13
2012.01.10 15:03:23.984,1.94655,1.94699,1.88,1.13
2012.01.10 15:03:24.983,1.94654,1.94698,1.88,1.13
2012.01.10 15:03:27.633,1.94655,1.94699,1.88,1.13
2012.01.10 15:03:28.410,1.94657,1.94699,1.13,1.13
2012.01.10 15:03:28.986,1.94655,1.94697,1.13,1.13
2012.01.10 15:03:29.547,1.9466,1.94704,1.13,1.13
2012.01.10 15:03:29.674,1.9466,1.94704,1.13,1.47
2012.01.10 15:03:29.741,1.94655,1.94697,1.13,1.13
2012.01.10 15:03:32.294,1.94661,1.94703,1.13,1.47
2012.01.10 15:03:33.112,1.94655,1.94697,1.13,1.13
2012.01.10 15:03:33.361,1.94661,1.94703,1.13,1.47
2012.01.10 15:03:36.659,1.94661,1.94703,1.13,1.13
2012.01.10 15:03:36.781,1.94645,1.94694,1.50,1.13
2012.01.10 15:03:36.853,1.94643,1.94694,1.13,1.13
2012.01.10 15:03:37.916,1.94643,1.94696,1.13,1.13
2012.01.10 15:03:37.989,1.94649,1.94691,1.13,1.13
2012.01.10 15:03:38.320,1.94643,1.94685,1.13,1.13
2012.01.10 15:03:40.392,1.94639,1.94684,1.13,1.13
2012.01.10 15:03:40.476,1.94641,1.94683,1.13,1.13
2012.01.10 15:03:41.126,1.94639,1.94684,1.13,1.13
2012.01.10 15:03:41.196,1.94641,1.94683,1.13,1.13
2012.01.10 15:03:42.042,1.9464,1.94683,1.13,1.13
2012.01.10 15:03:42.511,1.94637,1.94683,1.13,1.13
2012.01.10 15:03:42.604,1.94634,1.94677,1.88,1.13
2012.01.10 15:03:42.875,1.94644,1.94688,2.25,1.13
2012.01.10 15:03:43.282,1.94654,1.94698,1.13,1.13
2012.01.10 15:03:44.141,1.94654,1.94698,1.13,1.47
2012.01.10 15:03:44.396,1.94642,1.94688,2.25,1.13
2012.01.10 15:03:45.232,1.94654,1.94698,1.13,1.13
2012.01.10 15:03:45.930,1.94661,1.94703,1.13,1.13
2012.01.10 15:03:46.364,1.94653,1.94687,1.50,1.13
2012.01.10 15:03:46.611,1.94642,1.94687,2.25,1.13
2012.01.10 15:03:46.685,1.94645,1.94697,1.88,1.13
2012.01.10 15:03:46.812,1.94642,1.94687,2.25,1.13
2012.01.10 15:03:47.342,1.94642,1.94694,2.25,1.13
2012.01.10 15:03:47.797,1.94636,1.94688,1.88,1.13
2012.01.10 15:03:47.857,1.94636,1.94688,1.13,1.13
2012.01.10 15:03:48.159,1.94636,1.94688,1.88,1.13
2012.01.10 15:03:49.190,1.94636,1.94688,1.88,1.13
2012.01.10 15:03:49.259,1.94636,1.94688,1.88,1.13
2012.01.10 15:03:50.343,1.94636,1.94688,1.13,1.13
2012.01.10 15:03:54.372,1.9463,1.9468,2.25,1.13
2012.01.10 15:03:54.443,1.9463,1.9468,1.50,1.13
2012.01.10 15:03:54.653,1.94633,1.9468,1.50,1.13
2012.01.10 15:03:54.725,1.94633,1.94682,1.50,1.13
2012.01.10 15:03:54.923,1.94637,1.94687,1.13,1.13
2012.01.10 15:03:58.292,1.94639,1.94687,1.50,1.13
2012.01.10 15:03:59.118,1.94639,1.94672,1.50,1.13
2012.01.10 15:03:59.503,1.94635,1.94672,1.50,1.13
2012.01.10 15:03:59.571,1.9463,1.94672,1.13,1.13
2012.01.10 15:04:01.823,1.94638,1.9468,1.13,1.13
2012.01.10 15:04:01.950,1.94635,1.94679,1.13,1.13
2012.01.10 15:04:02.184,1.94629,1.94673,1.13,1.13
2012.01.10 15:04:02.753,1.94637,1.94687,1.13,1.13
2012.01.10 15:04:03.919,1.94655,1.94697,1.13,2.63
2012.01.10 15:04:04.500,1.94637,1.94687,1.13,1.13
2012.01.10 15:04:04.692,1.94654,1.94698,1.13,1.13
2012.01.10 15:04:05.251,1.94636,1.94688,1.13,1.13
2012.01.10 15:04:05.924,1.94654,1.94698,1.13,2.63
2012.01.10 15:04:06.442,1.94638,1.94687,1.50,1.13
2012.01.10 15:04:06.931,1.94655,1.94697,1.13,1.13
2012.01.10 15:04:07.332,1.94637,1.94687,1.13,1.13
2012.01.10 15:04:08.101,1.94654,1.94698,1.13,1.13
2012.01.10 15:04:08.709,1.94654,1.94698,1.13,1.47
2012.01.10 15:04:08.783,1.94646,1.94688,2.63,1.13
2012.01.10 15:04:08.859,1.94646,1.94676,1.50,1.13
2012.01.10 15:04:09.116,1.94648,1.94694,1.13,1.13
2012.01.10 15:04:09.640,1.94649,1.94694,1.50,1.13
2012.01.10 15:04:10.400,1.94652,1.94694,1.50,1.13
2012.01.10 15:04:10.715,1.94652,1.94686,1.50,1.13
2012.01.10 15:04:11.024,1.94652,1.94678,1.50,1.13
2012.01.10 15:04:11.095,1.94652,1.94682,1.50,1.13
2012.01.10 15:04:11.288,1.94646,1.94682,1.05,1.13
2012.01.10 15:04:11.355,1.94654,1.94703,1.13,1.50
2012.01.10 15:04:11.422,1.94647,1.94703,1.28,1.50
2012.01.10 15:04:11.495,1.94665,1.94707,1.50,1.50
2012.01.10 15:04:11.561,1.94665,1.94719,1.50,1.13
2012.01.10 15:04:12.075,1.94668,1.94722,1.13,1.13
2012.01.10 15:04:12.383,1.94679,1.94714,1.50,1.13
2012.01.10 15:04:12.451,1.94679,1.94718,1.50,1.13
2012.01.10 15:04:12.582,1.94675,1.94718,1.50,1.13
2012.01.10 15:04:12.651,1.94675,1.94713,1.50,1.13
2012.01.10 15:04:12.723,1.94669,1.94713,1.50,1.13
2012.01.10 15:04:12.792,1.94661,1.94713,1.50,1.13
2012.01.10 15:04:12.862,1.94661,1.94705,1.50,1.13
2012.01.10 15:04:13.172,1.94661,1.94693,1.50,1.13
2012.01.10 15:04:13.705,1.9465,1.94708,1.13,1.13
2012.01.10 15:04:13.845,1.94652,1.94698,1.50,1.13
2012.01.10 15:04:14.256,1.94659,1.94698,1.50,1.13
2012.01.10 15:04:14.503,1.94661,1.94713,1.50,1.13
2012.01.10 15:04:14.810,1.94661,1.94705,1.50,1.13
2012.01.10 15:04:15.063,1.94666,1.94717,1.13,1.13
2012.01.10 15:04:15.130,1.94672,1.94717,1.50,1.13
2012.01.10 15:04:15.819,1.94672,1.94711,1.50,1.13
2012.01.10 15:04:16.242,1.94671,1.9472,1.50,1.13
2012.01.10 15:04:16.674,1.94667,1.9472,1.50,1.13
2012.01.10 15:04:16.826,1.94669,1.9472,1.50,1.13
2012.01.10 15:04:17.209,1.94673,1.9472,1.50,1.13
2012.01.10 15:04:17.503,1.94673,1.94724,1.50,1.13
2012.01.10 15:04:18.038,1.94673,1.9472,1.50,1.13
2012.01.10 15:04:18.345,1.94673,1.94724,1.50,1.13
2012.01.10 15:04:18.703,1.94674,1.9473,1.13,1.13
2012.01.10 15:04:18.833,1.94677,1.9473,1.50,1.13
2012.01.10 15:04:19.128,1.94674,1.9473,1.13,1.13
2012.01.10 15:04:19.606,1.94674,1.9473,2.94,1.13
2012.01.10 15:04:19.925,1.94682,1.9473,1.50,1.13
2012.01.10 15:04:20.263,1.94682,1.94733,1.50,1.13
2012.01.10 15:04:20.574,1.94678,1.94733,1.50,2.63
2012.01.10 15:04:20.644,1.94675,1.94733,1.44,2.63
2012.01.10 15:04:21.194,1.94685,1.94736,1.13,3.38
2012.01.10 15:04:21.754,1.94686,1.9474,1.13,1.88
2012.01.10 15:04:22.516,1.94683,1.94733,1.13,1.13
2012.01.10 15:04:23.295,1.94686,1.9474,1.13,1.88
2012.01.10 15:04:24.212,1.94686,1.94739,1.13,1.13
2012.01.10 15:04:24.285,1.94693,1.94742,1.13,1.50
2012.01.10 15:04:24.909,1.94693,1.94743,1.13,1.13
2012.01.10 15:04:25.287,1.94709,1.94753,1.13,1.13
2012.01.10 15:04:25.642,1.947,1.9474,1.50,1.13
2012.01.10 15:04:25.835,1.9471,1.94752,1.13,1.13
2012.01.10 15:04:27.691,1.94709,1.94751,1.13,1.13
2012.01.10 15:04:27.905,1.94706,1.9475,1.13,1.13
2012.01.10 15:04:28.149,1.94706,1.9475,1.13,1.88
2012.01.10 15:04:28.282,1.947,1.94742,1.13,1.13
2012.01.10 15:04:31.555,1.94712,1.94747,1.13,1.50
2012.01.10 15:04:31.682,1.947,1.94742,1.13,1.13
2012.01.10 15:04:31.870,1.947,1.94742,1.13,1.88
2012.01.10 15:04:32.001,1.94685,1.94742,1.13,1.88
2012.01.10 15:04:32.191,1.94684,1.94724,1.50,1.13
2012.01.10 15:04:32.406,1.94687,1.94731,1.13,1.13
2012.01.10 15:04:32.533,1.94693,1.94734,1.13,2.25
2012.01.10 15:04:32.990,1.94693,1.94731,1.13,1.50
2012.01.10 15:04:33.169,1.94693,1.94733,1.13,1.50
2012.01.10 15:04:33.711,1.94693,1.94735,1.13,2.25
2012.01.10 15:04:34.605,1.94691,1.94737,1.13,2.25
2012.01.10 15:04:34.836,1.94692,1.94738,1.13,1.13
2012.01.10 15:04:34.905,1.94692,1.94736,1.13,1.13
2012.01.10 15:04:35.219,1.94689,1.94733,1.13,1.13
2012.01.10 15:04:35.541,1.94687,1.94731,1.13,1.13
2012.01.10 15:04:35.853,1.94689,1.94733,1.13,1.13
2012.01.10 15:04:36.165,1.94691,1.94735,1.13,2.25
2012.01.10 15:04:36.525,1.94703,1.94735,1.13,2.25
2012.01.10 15:04:36.656,1.94685,1.94736,1.13,3.38
2012.01.10 15:04:36.726,1.94687,1.94736,1.13,2.25
2012.01.10 15:04:37.331,1.94687,1.9473,1.13,1.50
2012.01.10 15:04:37.462,1.94687,1.94732,1.13,1.50
2012.01.10 15:04:37.856,1.94695,1.94732,1.13,1.50
2012.01.10 15:04:38.105,1.94698,1.94746,1.13,2.25
2012.01.10 15:04:38.801,1.94696,1.94738,1.13,1.88
2012.01.10 15:04:39.077,1.94705,1.94743,1.13,2.25
2012.01.10 15:04:39.263,1.94684,1.94728,1.13,1.88
2012.01.10 15:04:39.455,1.94684,1.94728,1.13,1.88
2012.01.10 15:04:39.524,1.94678,1.94733,1.50,1.88
2012.01.10 15:04:40.161,1.94654,1.94705,1.13,1.88
2012.01.10 15:04:40.241,1.94643,1.94685,1.13,1.13
2012.01.10 15:04:40.490,1.94644,1.94695,1.13,1.13
2012.01.10 15:04:40.562,1.94644,1.9469,1.13,1.50
2012.01.10 15:04:40.875,1.94646,1.94688,1.13,1.13
2012.01.10 15:04:41.205,1.94638,1.9468,1.13,1.13
2012.01.10 15:04:41.563,1.94629,1.94671,1.13,1.13
2012.01.10 15:04:41.986,1.94632,1.94677,1.13,1.50
2012.01.10 15:04:42.576,1.94631,1.94677,1.13,1.50
2012.01.10 15:04:42.649,1.94631,1.9468,1.13,1.50
2012.01.10 15:04:42.774,1.94633,1.9468,1.13,1.50
2012.01.10 15:04:42.845,1.94631,1.9468,1.13,1.50
2012.01.10 15:04:42.915,1.94649,1.94687,1.13,1.50
2012.01.10 15:04:43.397,1.94651,1.94664,1.13,1.50
2012.01.10 15:04:43.470,1.94642,1.94664,1.13,1.50
2012.01.10 15:04:43.548,1.94632,1.94679,1.13,1.13
2012.01.10 15:04:43.675,1.94633,1.94676,1.13,1.13
2012.01.10 15:04:43.983,1.94631,1.94673,1.13,1.13
2012.01.10 15:04:45.117,1.94633,1.94674,1.13,1.50
2012.01.10 15:04:45.184,1.94631,1.94673,1.13,1.13
2012.01.10 15:04:45.655,1.94631,1.94673,1.13,2.97
2012.01.10 15:04:45.844,1.94618,1.94662,1.13,1.13
2012.01.10 15:04:45.972,1.94618,1.94662,1.13,1.88
2012.01.10 15:04:46.280,1.94594,1.94636,1.13,1.13
2012.01.10 15:04:46.536,1.94601,1.94642,1.13,1.50
2012.01.10 15:04:46.992,1.94601,1.94652,1.13,1.13
2012.01.10 15:04:47.642,1.94593,1.94645,1.50,1.13
2012.01.10 15:04:47.711,1.94593,1.94638,1.50,1.13
2012.01.10 15:04:48.221,1.94586,1.94639,1.13,1.13
2012.01.10 15:04:48.411,1.94588,1.94641,1.13,1.13
2012.01.10 15:04:48.788,1.94587,1.94638,2.63,1.13
2012.01.10 15:04:49.572,1.94582,1.94611,1.50,1.13
2012.01.10 15:04:49.926,1.94605,1.94647,1.13,1.13
2012.01.10 15:04:50.236,1.94591,1.94639,1.50,1.13
2012.01.10 15:04:50.501,1.94589,1.94639,1.50,1.13
2012.01.10 15:04:50.578,1.94586,1.94639,1.13,1.13
2012.01.10 15:04:51.001,1.94603,1.94645,1.13,1.13
2012.01.10 15:04:51.312,1.94605,1.94646,1.13,1.50
2012.01.10 15:04:52.198,1.94605,1.94647,1.13,1.13
2012.01.10 15:04:56.282,1.94588,1.94638,1.50,1.13
2012.01.10 15:04:56.745,1.94591,1.94644,1.13,1.13
2012.01.10 15:04:56.933,1.94591,1.94644,1.88,1.13
2012.01.10 15:04:57.006,1.94591,1.94644,1.13,1.13
2012.01.10 15:04:57.077,1.94596,1.94647,1.13,1.13
2012.01.10 15:04:57.206,1.94594,1.94646,1.13,1.13
2012.01.10 15:04:57.395,1.94596,1.94649,1.13,1.13
2012.01.10 15:04:57.942,1.94592,1.94648,1.13,1.50
2012.01.10 15:04:58.078,1.94606,1.94648,1.13,1.50
2012.01.10 15:04:58.392,1.94627,1.94648,1.13,1.50
2012.01.10 15:04:58.705,1.94634,1.94648,1.13,1.50
2012.01.10 15:04:58.777,1.94618,1.94648,1.13,1.50
2012.01.10 15:04:59.209,1.94626,1.94648,1.13,1.50
2012.01.10 15:04:59.280,1.94601,1.94634,1.50,1.13
2012.01.10 15:04:59.358,1.946,1.94638,1.50,1.13
2012.01.10 15:04:59.552,1.94594,1.94636,1.13,1.50
2012.01.10 15:04:59.626,1.94583,1.94625,1.13,1.13
2012.01.10 15:04:59.826,1.94597,1.94647,1.13,1.80
2012.01.10 15:04:59.896,1.94589,1.9464,1.13,1.13
2012.01.10 15:05:00.448,1.94583,1.94625,2.63,1.13
2012.01.10 15:05:00.878,1.94595,1.94639,1.13,1.13
2012.01.10 15:05:01.007,1.946,1.94641,1.13,1.50
2012.01.10 15:05:01.078,1.94584,1.94635,1.13,1.13
2012.01.10 15:05:01.268,1.94587,1.94635,1.50,1.13
2012.01.10 15:05:01.837,1.9459,1.94632,1.13,1.13
2012.01.10 15:05:02.156,1.94595,1.94639,1.13,1.13
2012.01.10 15:05:02.492,1.94595,1.94637,1.13,1.13
2012.01.10 15:05:03.687,1.94596,1.94638,1.13,1.13
2012.01.10 15:05:03.942,1.94594,1.94638,1.13,1.13
2012.01.10 15:05:04.293,1.9459,1.94634,1.13,1.13
2012.01.10 15:05:04.574,1.94584,1.94635,1.88,1.13
2012.01.10 15:05:05.012,1.94584,1.94635,1.13,1.13
2012.01.10 15:05:05.450,1.94592,1.94636,1.13,1.13
2012.01.10 15:05:05.775,1.94581,1.94623,2.63,1.13
2012.01.10 15:05:06.088,1.94616,1.94641,1.13,1.50
2012.01.10 15:05:06.237,1.94616,1.94643,1.13,1.50
2012.01.10 15:05:06.363,1.94616,1.94658,1.13,1.50
2012.01.10 15:05:07.025,1.94606,1.94656,1.13,1.50
2012.01.10 15:05:07.161,1.94606,1.94652,1.13,1.50
2012.01.10 15:05:07.514,1.94606,1.94647,1.13,1.50
2012.01.10 15:05:08.122,1.94606,1.9465,1.13,3.00
2012.01.10 15:05:08.745,1.94603,1.94655,1.13,1.13
2012.01.10 15:05:08.814,1.94606,1.94657,1.13,2.63
2012.01.10 15:05:09.197,1.94605,1.94653,1.13,1.50
2012.01.10 15:05:09.262,1.94605,1.94655,1.13,2.63
2012.01.10 15:05:09.407,1.94601,1.94652,1.13,1.13
2012.01.10 15:05:09.850,1.94601,1.9465,1.13,1.50
2012.01.10 15:05:10.555,1.94604,1.9465,1.13,1.50
2012.01.10 15:05:10.628,1.94605,1.94655,1.13,1.13
2012.01.10 15:05:11.203,1.94606,1.94656,1.13,3.00
2012.01.10 15:05:11.271,1.94606,1.94653,1.13,1.50
2012.01.10 15:05:11.930,1.94606,1.94656,1.13,1.50
2012.01.10 15:05:12.379,1.94604,1.94656,1.13,2.63
2012.01.10 15:05:12.933,1.94603,1.94646,1.13,1.50
2012.01.10 15:05:13.007,1.94598,1.94646,1.13,1.50
2012.01.10 15:05:13.077,1.9461,1.94646,1.13,1.50
2012.01.10 15:05:13.384,1.94609,1.94649,1.13,1.50
2012.01.10 15:05:13.574,1.94609,1.94651,1.13,1.13
2012.01.10 15:05:14.623,1.94609,1.94651,1.13,1.88
2012.01.10 15:05:14.811,1.94591,1.94642,1.13,1.13
2012.01.10 15:05:18.375,1.94594,1.94646,1.13,1.13
2012.01.10 15:05:18.444,1.9459,1.94643,1.13,1.13
2012.01.10 15:05:18.701,1.94586,1.94638,1.50,1.13
2012.01.10 15:05:19.076,1.94588,1.9464,1.13,1.13
2012.01.10 15:05:19.721,1.94586,1.94637,1.13,1.13
2012.01.10 15:05:20.354,1.94584,1.94634,1.13,1.13
2012.01.10 15:05:20.805,1.94586,1.94639,1.13,1.13
2012.01.10 15:05:20.935,1.94586,1.94639,1.13,1.88
2012.01.10 15:05:21.081,1.94586,1.94639,1.13,1.13
2012.01.10 15:05:21.154,1.94582,1.94633,1.50,1.13
2012.01.10 15:05:21.700,1.94582,1.94628,1.50,1.13
2012.01.10 15:05:21.774,1.94581,1.94632,1.13,1.13
2012.01.10 15:05:21.845,1.94585,1.94635,1.13,1.13
2012.01.10 15:05:21.914,1.94586,1.94637,1.13,1.13
2012.01.10 15:05:22.045,1.94584,1.94634,1.13,1.13
2012.01.10 15:05:22.334,1.9458,1.94633,1.13,1.13
2012.01.10 15:05:22.765,1.94586,1.94639,1.13,1.13
2012.01.10 15:05:23.073,1.94577,1.94607,1.50,1.13
2012.01.10 15:05:23.501,1.94585,1.94608,2.25,1.13
2012.01.10 15:05:23.578,1.94608,1.94652,1.13,1.28
2012.01.10 15:05:24.196,1.94608,1.94652,1.13,1.13
2012.01.10 15:05:24.445,1.94597,1.94643,1.50,1.13
2012.01.10 15:05:24.640,1.94597,1.94645,1.50,1.13
2012.01.10 15:05:24.893,1.94595,1.94645,1.13,1.13
2012.01.10 15:05:25.267,1.94591,1.94642,1.13,1.13
2012.01.10 15:05:25.852,1.94608,1.94652,1.13,2.63
2012.01.10 15:05:26.294,1.94613,1.94655,1.13,1.13
2012.01.10 15:05:26.424,1.94608,1.94652,1.13,1.13
2012.01.10 15:05:27.373,1.94603,1.94647,1.13,1.13
2012.01.10 15:05:27.853,1.946,1.94644,1.13,1.13
2012.01.10 15:05:28.173,1.9459,1.94594,1.50,1.13
2012.01.10 15:05:28.583,1.94594,1.94632,1.50,1.13
2012.01.10 15:05:28.903,1.94588,1.94632,1.13,1.13
2012.01.10 15:05:29.530,1.9459,1.94632,1.50,1.13
2012.01.10 15:05:29.804,1.94588,1.94632,1.13,1.13
2012.01.10 15:05:30.580,1.94584,1.94595,1.50,1.13
2012.01.10 15:05:30.895,1.94555,1.94595,2.59,1.13
2012.01.10 15:05:30.963,1.9457,1.94623,1.13,2.93
2012.01.10 15:05:31.031,1.9457,1.94623,1.13,2.63
2012.01.10 15:05:31.462,1.94573,1.94623,1.50,1.13
2012.01.10 15:05:31.827,1.94573,1.94607,1.50,1.13
2012.01.10 15:05:31.893,1.94571,1.94607,1.50,1.13
2012.01.10 15:05:32.291,1.9457,1.94623,1.13,1.13
2012.01.10 15:05:32.485,1.94588,1.94632,1.13,2.63
2012.01.10 15:05:32.974,1.94593,1.94632,1.50,1.13
2012.01.10 15:05:33.525,1.94593,1.94633,1.50,1.13
2012.01.10 15:05:34.074,1.94593,1.94622,1.50,1.13
2012.01.10 15:05:34.159,1.94571,1.94613,1.13,1.13
2012.01.10 15:05:34.343,1.94566,1.94608,1.13,1.13
2012.01.10 15:05:35.294,1.94571,1.94608,1.50,1.13
2012.01.10 15:05:35.420,1.94573,1.94618,1.50,1.13
2012.01.10 15:05:35.998,1.94573,1.94616,1.50,1.13
2012.01.10 15:05:36.246,1.94575,1.94619,2.63,1.13
2012.01.10 15:05:36.883,1.9457,1.94618,1.50,1.13
2012.01.10 15:05:37.067,1.9457,1.94616,2.63,1.13
2012.01.10 15:05:37.637,1.94572,1.94616,1.50,1.13
2012.01.10 15:05:38.001,1.9457,1.94629,1.50,2.22
2012.01.10 15:05:38.074,1.9457,1.94612,1.50,1.13
2012.01.10 15:05:38.143,1.94568,1.94612,1.13,1.13
2012.01.10 15:05:38.211,1.9457,1.94614,1.13,1.13
2012.01.10 15:05:38.535,1.94568,1.94612,1.13,1.13
2012.01.10 15:05:38.872,1.94568,1.94608,1.50,1.13
2012.01.10 15:05:39.283,1.94566,1.94608,2.63,1.13
2012.01.10 15:05:39.603,1.94571,1.94613,1.13,1.13
2012.01.10 15:05:39.765,1.94568,1.94612,1.13,1.13
2012.01.10 15:05:39.831,1.94566,1.94609,1.50,1.13
2012.01.10 15:05:40.694,1.94566,1.94606,1.50,1.13
2012.01.10 15:05:41.061,1.94568,1.94606,1.50,1.13
2012.01.10 15:05:41.130,1.94565,1.94606,1.50,1.13
2012.01.10 15:05:41.606,1.94577,1.94619,1.13,1.13
2012.01.10 15:05:41.729,1.94589,1.94626,1.13,1.50
2012.01.10 15:05:41.983,1.94589,1.94631,1.13,1.13
2012.01.10 15:05:42.411,1.94583,1.94625,1.13,1.13
2012.01.10 15:05:44.077,1.9458,1.94618,1.50,1.13
2012.01.10 15:05:44.212,1.94577,1.94618,1.50,1.13
2012.01.10 15:05:44.284,1.9458,1.94618,1.50,1.13
2012.01.10 15:05:44.784,1.94575,1.94619,1.13,1.13
2012.01.10 15:05:44.858,1.94573,1.94618,1.13,1.13
2012.01.10 15:05:45.478,1.94574,1.94617,1.13,1.13
2012.01.10 15:05:46.659,1.94575,1.94619,1.13,1.13
2012.01.10 15:05:46.731,1.94574,1.94617,1.50,1.13
2012.01.10 15:05:47.044,1.94576,1.94609,1.50,1.13
2012.01.10 15:05:47.404,1.94576,1.94603,1.50,1.13
2012.01.10 15:05:47.716,1.94576,1.94607,2.25,1.13
2012.01.10 15:05:48.136,1.94594,1.94642,1.13,1.50
2012.01.10 15:05:48.211,1.94596,1.94645,1.50,1.13
2012.01.10 15:05:48.734,1.94598,1.94645,1.50,1.88
2012.01.10 15:05:49.100,1.94598,1.94639,1.50,1.13
2012.01.10 15:05:49.173,1.94596,1.94639,1.50,1.13
2012.01.10 15:05:49.373,1.94601,1.94639,1.50,1.13
2012.01.10 15:05:49.700,1.94601,1.94636,1.50,1.13
2012.01.10 15:05:49.790,1.94597,1.94636,1.50,1.13
2012.01.10 15:05:49.869,1.94598,1.94639,1.50,1.13
2012.01.10 15:05:50.115,1.94596,1.94638,1.50,1.13
2012.01.10 15:05:50.311,1.94596,1.94636,1.50,1.13
2012.01.10 15:05:50.876,1.94599,1.94649,1.13,1.13
2012.01.10 15:05:51.348,1.94603,1.94655,1.13,1.13
2012.01.10 15:05:51.417,1.94603,1.94655,1.13,1.88
2012.01.10 15:05:51.543,1.94602,1.94647,1.50,1.13
2012.01.10 15:05:51.676,1.94599,1.94649,1.50,1.13
2012.01.10 15:05:51.749,1.94589,1.94649,1.50,1.13
2012.01.10 15:05:51.874,1.94589,1.94647,1.50,1.13
2012.01.10 15:05:52.183,1.94599,1.94649,1.13,1.13
2012.01.10 15:05:52.874,1.94589,1.94626,1.50,1.13
2012.01.10 15:05:53.232,1.94585,1.94626,1.50,1.13
2012.01.10 15:05:53.302,1.94575,1.94626,1.50,1.13
2012.01.10 15:05:53.380,1.94575,1.94624,1.50,1.13
2012.01.10 15:05:53.608,1.94575,1.94627,1.50,1.13
2012.01.10 15:05:53.673,1.9458,1.94627,1.50,1.13
2012.01.10 15:05:54.769,1.94578,1.94623,1.50,1.13
2012.01.10 15:05:55.952,1.94582,1.94632,1.13,1.13
2012.01.10 15:05:56.263,1.9459,1.94632,1.50,1.13
2012.01.10 15:05:56.829,1.9459,1.94631,1.50,1.13
2012.01.10 15:05:57.105,1.94582,1.94631,1.50,1.13
2012.01.10 15:05:57.272,1.94582,1.94631,2.25,1.13
2012.01.10 15:05:57.352,1.94582,1.94633,2.25,1.13
2012.01.10 15:05:57.792,1.94592,1.94639,1.13,1.13
2012.01.10 15:05:58.433,1.94597,1.94639,1.13,1.13
2012.01.10 15:05:58.882,1.94592,1.94639,1.13,1.13
2012.01.10 15:05:58.958,1.9459,1.94629,1.50,1.13
2012.01.10 15:05:59.271,1.94584,1.94625,1.50,1.13
2012.01.10 15:05:59.345,1.94579,1.94625,1.50,1.13
2012.01.10 15:05:59.711,1.94585,1.94625,1.50,1.13
2012.01.10 15:05:59.841,1.94581,1.94625,1.50,1.13
2012.01.10 15:06:01.414,1.94588,1.94632,1.13,1.13
2012.01.10 15:06:02.322,1.94591,1.94632,1.50,1.13
2012.01.10 15:06:02.631,1.94596,1.94632,1.50,1.13
2012.01.10 15:06:03.430,1.94596,1.94634,1.50,1.13
2012.01.10 15:06:03.932,1.94596,1.94634,2.59,1.13
2012.01.10 15:06:04.004,1.94603,1.94647,1.13,1.13
2012.01.10 15:06:04.191,1.94602,1.94652,1.50,1.13
2012.01.10 15:06:04.929,1.94604,1.94652,1.50,1.13
2012.01.10 15:06:05.255,1.94606,1.94652,1.50,1.13
2012.01.10 15:06:05.323,1.94601,1.94652,1.13,1.13
2012.01.10 15:06:07.168,1.94594,1.94635,1.50,1.13
2012.01.10 15:06:07.297,1.94594,1.94638,1.50,1.13
2012.01.10 15:06:07.916,1.94594,1.94627,1.50,1.13
2012.01.10 15:06:07.988,1.94585,1.94627,2.25,1.13
2012.01.10 15:06:08.058,1.94585,1.94625,2.25,1.13
2012.01.10 15:06:08.793,1.94586,1.94625,1.50,1.13
2012.01.10 15:06:08.984,1.94583,1.94623,1.50,1.13
2012.01.10 15:06:09.617,1.9459,1.9463,1.50,1.13
2012.01.10 15:06:09.686,1.94602,1.94644,1.13,1.13
2012.01.10 15:06:09.991,1.94602,1.94644,1.88,1.13
2012.01.10 15:06:10.252,1.94618,1.94664,1.50,1.88
2012.01.10 15:06:10.776,1.94617,1.94664,1.13,1.88
2012.01.10 15:06:10.971,1.94614,1.94664,1.13,1.88
2012.01.10 15:06:12.786,1.94614,1.94664,1.13,1.88
2012.01.10 15:06:12.855,1.94614,1.94664,1.13,1.13
2012.01.10 15:06:12.929,1.94614,1.94655,1.13,1.09
2012.01.10 15:06:13.234,1.94614,1.94658,1.13,1.88
2012.01.10 15:06:13.584,1.94614,1.94644,1.13,1.09
2012.01.10 15:06:13.797,1.94588,1.94629,1.13,1.50
2012.01.10 15:06:14.106,1.94575,1.94619,1.13,1.13
2012.01.10 15:06:23.330,1.94588,1.94628,1.13,1.50
2012.01.10 15:06:23.759,1.94576,1.94618,1.13,1.13
2012.01.10 15:06:27.202,1.94582,1.94623,1.13,1.50
2012.01.10 15:06:27.501,1.94576,1.94618,1.13,1.13
2012.01.10 15:06:32.305,1.94583,1.94634,1.13,2.63
2012.01.10 15:06:32.447,1.94574,1.94627,1.88,1.13
2012.01.10 15:06:32.516,1.94585,1.94635,1.50,1.13
2012.01.10 15:06:32.701,1.94582,1.94635,1.13,1.13
2012.01.10 15:06:32.774,1.94581,1.94633,1.13,1.13
2012.01.10 15:06:33.552,1.94583,1.94634,1.13,1.13
2012.01.10 15:06:34.642,1.94601,1.94642,1.13,1.50
2012.01.10 15:06:35.521,1.94601,1.94643,1.13,1.13
2012.01.10 15:06:36.365,1.94594,1.94636,1.13,1.13
2012.01.10 15:06:39.494,1.94578,1.94627,1.50,1.13
2012.01.10 15:06:40.023,1.94577,1.94627,1.13,1.13
2012.01.10 15:06:42.868,1.94575,1.94612,1.50,1.13
2012.01.10 15:06:42.992,1.9457,1.94612,1.13,1.13
2012.01.10 15:06:43.872,1.94562,1.94601,1.50,1.13
2012.01.10 15:06:44.003,1.94562,1.94606,2.63,1.13
2012.01.10 15:06:44.251,1.94562,1.946,1.50,1.13
2012.01.10 15:06:44.445,1.94556,1.946,1.13,1.13
2012.01.10 15:06:44.882,1.94564,1.94606,1.13,1.13
2012.01.10 15:06:47.001,1.94558,1.946,1.13,1.13
2012.01.10 15:06:48.198,1.94563,1.94607,1.13,1.13
2012.01.10 15:06:49.296,1.94558,1.946,1.13,1.13
2012.01.10 15:06:49.788,1.94552,1.94593,1.13,1.13
2012.01.10 15:06:49.851,1.94546,1.94591,1.50,1.13
2012.01.10 15:06:49.923,1.94544,1.94591,1.50,1.13
2012.01.10 15:06:50.062,1.94542,1.94591,1.13,1.13
2012.01.10 15:06:50.253,1.94539,1.94581,1.13,1.13
2012.01.10 15:06:50.500,1.94544,1.94588,1.13,1.13
2012.01.10 15:06:50.910,1.94556,1.946,1.13,1.13
2012.01.10 15:06:53.411,1.94545,1.94588,1.50,1.13
2012.01.10 15:06:54.058,1.94544,1.94588,1.13,1.13
2012.01.10 15:06:54.555,1.94552,1.94594,1.13,1.13
2012.01.10 15:06:55.024,1.94557,1.94601,1.13,1.13
2012.01.10 15:06:55.100,1.94539,1.94592,1.13,1.13
2012.01.10 15:06:55.232,1.94547,1.94599,1.13,1.13
2012.01.10 15:06:55.804,1.94548,1.946,1.13,1.50
2012.01.10 15:06:56.397,1.94549,1.94599,1.50,1.13
2012.01.10 15:06:56.873,1.94555,1.94618,1.13,1.50
2012.01.10 15:06:56.965,1.94558,1.94618,1.50,1.50
2012.01.10 15:06:57.311,1.94559,1.9461,1.13,1.13
2012.01.10 15:06:57.381,1.94562,1.94621,1.13,1.13
2012.01.10 15:06:57.753,1.94557,1.94603,1.50,1.13
2012.01.10 15:06:58.074,1.94575,1.94623,1.13,1.50
2012.01.10 15:06:58.243,1.94572,1.94622,1.13,1.13
2012.01.10 15:06:59.640,1.94572,1.94622,1.88,1.13
2012.01.10 15:07:00.035,1.94601,1.94637,1.13,1.50
2012.01.10 15:07:00.402,1.94601,1.94645,1.13,1.13
2012.01.10 15:07:00.535,1.94596,1.9464,1.88,1.13
2012.01.10 15:07:00.850,1.94604,1.94648,1.13,1.50
2012.01.10 15:07:01.352,1.94606,1.94648,1.13,1.50
2012.01.10 15:07:01.428,1.94606,1.94654,1.13,1.13
2012.01.10 15:07:01.493,1.94604,1.94653,1.13,1.13
2012.01.10 15:07:02.113,1.94604,1.94652,1.13,1.50
2012.01.10 15:07:02.796,1.94591,1.94642,1.13,1.13
2012.01.10 15:07:03.250,1.9458,1.94629,1.13,2.63
2012.01.10 15:07:03.562,1.94563,1.9462,2.25,1.13
2012.01.10 15:07:03.690,1.94563,1.9462,2.25,1.13
2012.01.10 15:07:04.259,1.94564,1.9462,2.25,1.13
2012.01.10 15:07:05.691,1.94564,1.9462,1.50,1.13
2012.01.10 15:07:05.764,1.94562,1.94611,1.50,1.13
2012.01.10 15:07:06.360,1.9456,1.94611,1.50,1.13
2012.01.10 15:07:06.690,1.94563,1.94611,2.25,1.13
2012.01.10 15:07:07.432,1.94566,1.94616,1.88,1.13
2012.01.10 15:07:09.068,1.94578,1.94612,1.13,1.50
2012.01.10 15:07:09.386,1.94587,1.94617,1.13,1.50
2012.01.10 15:07:09.635,1.94587,1.94631,1.13,1.13
2012.01.10 15:07:09.706,1.94605,1.94642,1.13,1.50
2012.01.10 15:07:10.013,1.94612,1.94642,1.13,1.50
2012.01.10 15:07:10.085,1.94611,1.94655,1.13,3.38
2012.01.10 15:07:10.155,1.94601,1.94643,1.13,1.13
2012.01.10 15:07:10.460,1.94611,1.94655,1.13,1.88
2012.01.10 15:07:10.713,1.94606,1.94648,1.13,1.13
2012.01.10 15:07:11.199,1.94606,1.94648,1.13,1.88
2012.01.10 15:07:11.742,1.94607,1.94647,1.13,1.50
2012.01.10 15:07:11.921,1.946,1.94644,1.13,1.13
2012.01.10 15:07:12.455,1.94607,1.94647,1.13,1.50
2012.01.10 15:07:12.758,1.94607,1.94642,1.13,1.50
2012.01.10 15:07:12.885,1.94602,1.94642,1.13,1.50
2012.01.10 15:07:13.011,1.94602,1.94651,1.13,1.50
2012.01.10 15:07:13.560,1.94602,1.94647,1.13,1.50
2012.01.10 15:07:13.872,1.94602,1.94647,1.13,2.25
2012.01.10 15:07:14.124,1.94591,1.94642,1.13,1.13
2012.01.10 15:07:14.433,1.94591,1.94632,1.13,1.50
2012.01.10 15:07:14.884,1.94568,1.94616,1.13,1.13
2012.01.10 15:07:15.767,1.94566,1.94606,1.13,1.50
2012.01.10 15:07:15.896,1.94545,1.94592,1.88,1.13
2012.01.10 15:07:15.962,1.94545,1.94592,1.88,1.13
2012.01.10 15:07:16.032,1.94557,1.94603,1.13,1.13
2012.01.10 15:07:16.224,1.94556,1.94605,1.13,1.13
2012.01.10 15:07:16.532,1.94559,1.94615,1.13,1.13
2012.01.10 15:07:16.981,1.94557,1.94604,1.13,1.13
2012.01.10 15:07:17.723,1.94552,1.94592,1.50,1.13
2012.01.10 15:07:17.855,1.94545,1.94592,1.13,1.13
2012.01.10 15:07:18.751,1.94556,1.94605,1.13,2.63
2012.01.10 15:07:21.229,1.94554,1.94594,1.13,1.13
2012.01.10 15:07:22.174,1.94541,1.94583,1.13,1.13
2012.01.10 15:07:22.307,1.94554,1.94594,1.13,1.13
2012.01.10 15:07:22.832,1.94554,1.94591,1.13,1.50
2012.01.10 15:07:23.011,1.94554,1.94594,1.13,1.13
2012.01.10 15:07:23.895,1.94547,1.94589,1.13,1.13
2012.01.10 15:07:24.470,1.94531,1.9458,1.13,1.13
2012.01.10 15:07:24.661,1.94531,1.9458,1.88,1.13
2012.01.10 15:07:24.754,1.94533,1.94592,1.88,2.63
2012.01.10 15:07:24.820,1.94533,1.94588,1.88,1.50
2012.01.10 15:07:25.131,1.94543,1.94588,1.13,1.50
2012.01.10 15:07:25.435,1.94554,1.94588,1.13,1.50
2012.01.10 15:07:25.505,1.94554,1.94594,1.13,1.13
2012.01.10 15:07:26.586,1.94544,1.9459,1.13,1.13
2012.01.10 15:07:27.432,1.94543,1.94592,1.13,1.13
2012.01.10 15:07:27.622,1.94531,1.9458,1.13,1.13
2012.01.10 15:07:28.171,1.94544,1.94591,1.13,1.13
2012.01.10 15:07:28.727,1.94544,1.9459,1.13,1.50
2012.01.10 15:07:29.316,1.94544,1.94591,1.13,1.13
2012.01.10 15:07:30.054,1.94541,1.94582,1.13,1.13
2012.01.10 15:07:30.850,1.94534,1.94579,1.13,1.13
2012.01.10 15:07:31.522,1.94531,1.9458,1.13,1.13
2012.01.10 15:07:32.118,1.94535,1.94581,1.13,1.13
2012.01.10 15:07:33.891,1.94547,1.94589,1.13,1.13
2012.01.10 15:07:35.004,1.94536,1.9458,1.13,1.13
2012.01.10 15:07:35.523,1.94536,1.94581,1.13,1.13
2012.01.10 15:07:37.716,1.94536,1.9458,1.13,1.13
2012.01.10 15:07:37.861,1.94534,1.9458,1.13,1.13
2012.01.10 15:07:38.317,1.94537,1.9458,1.50,1.13
2012.01.10 15:07:38.773,1.94541,1.9458,1.50,1.13
2012.01.10 15:07:38.901,1.94538,1.9458,1.50,1.13
2012.01.10 15:07:38.972,1.94536,1.9458,1.13,1.13
2012.01.10 15:07:39.644,1.94532,1.94574,1.13,1.13
2012.01.10 15:07:41.036,1.94531,1.94572,1.13,1.13
2012.01.10 15:07:42.929,1.94536,1.94581,1.13,1.13
2012.01.10 15:07:43.641,1.94543,1.94585,1.13,1.13
2012.01.10 15:07:43.957,1.9455,1.94592,1.13,1.13
2012.01.10 15:07:44.263,1.94544,1.94584,1.13,1.13
2012.01.10 15:07:44.473,1.94551,1.94592,1.13,1.13
2012.01.10 15:07:44.604,1.94548,1.9459,1.13,1.13
2012.01.10 15:07:44.686,1.94557,1.94607,1.13,1.50
2012.01.10 15:07:45.111,1.94564,1.94607,1.13,2.63
2012.01.10 15:07:45.422,1.94564,1.94607,1.13,1.88
2012.01.10 15:07:45.492,1.94559,1.94614,1.13,1.50
2012.01.10 15:07:45.681,1.94569,1.94609,1.13,1.88
2012.01.10 15:07:45.932,1.94565,1.94606,1.13,1.88
2012.01.10 15:07:46.065,1.94565,1.94602,1.13,1.50
2012.01.10 15:07:46.380,1.94563,1.946,1.13,1.50
2012.01.10 15:07:46.451,1.94563,1.94603,1.13,1.13
2012.01.10 15:07:46.961,1.94564,1.94607,1.13,1.88
2012.01.10 15:07:47.155,1.94562,1.94604,1.13,1.88
2012.01.10 15:07:47.494,1.94556,1.94597,1.13,1.13
2012.01.10 15:07:47.818,1.94555,1.94595,1.13,1.13
2012.01.10 15:07:48.608,1.94563,1.94603,1.13,1.13
2012.01.10 15:07:50.606,1.94564,1.94604,1.13,1.13
2012.01.10 15:07:51.147,1.94567,1.94609,1.13,1.13
2012.01.10 15:07:51.219,1.94569,1.94609,1.13,1.13
2012.01.10 15:07:51.761,1.94576,1.94618,1.13,2.63
2012.01.10 15:07:51.835,1.94576,1.94616,1.13,1.50
2012.01.10 15:07:52.353,1.94576,1.9461,1.13,1.50
2012.01.10 15:07:52.698,1.94578,1.9461,1.13,1.50
2012.01.10 15:07:52.887,1.94578,1.9462,1.13,1.13
2012.01.10 15:07:52.954,1.94581,1.94623,1.13,1.13
2012.01.10 15:07:53.347,1.94571,1.94611,1.13,1.13
2012.01.10 15:07:53.662,1.94561,1.94601,1.13,1.13
2012.01.10 15:07:53.856,1.94561,1.94612,1.13,1.50
2012.01.10 15:07:53.924,1.94561,1.94623,1.13,1.73
2012.01.10 15:07:53.996,1.94582,1.9462,1.13,1.35
2012.01.10 15:07:54.068,1.94582,1.94624,1.13,1.43
2012.01.10 15:07:54.135,1.94584,1.94625,1.13,1.88
2012.01.10 15:07:54.326,1.9457,1.9461,1.13,1.13
2012.01.10 15:07:54.724,1.94566,1.94608,1.13,1.13
2012.01.10 15:07:54.911,1.9456,1.94602,1.13,1.13
2012.01.10 15:07:55.223,1.94558,1.94599,1.13,1.13
2012.01.10 15:07:57.233,1.94553,1.94594,1.13,1.13
2012.01.10 15:07:57.872,1.94566,1.94606,1.13,1.13
2012.01.10 15:07:58.676,1.94566,1.94606,1.13,1.88
2012.01.10 15:07:58.804,1.94558,1.94601,1.13,1.13
2012.01.10 15:07:58.992,1.94558,1.94598,1.13,1.13
2012.01.10 15:07:59.607,1.94557,1.94597,1.13,1.13
2012.01.10 15:08:00.537,1.94561,1.94601,1.13,1.13
2012.01.10 15:08:01.767,1.94572,1.94611,1.13,1.50
2012.01.10 15:08:01.895,1.94572,1.94613,1.13,1.50
2012.01.10 15:08:02.395,1.94578,1.94621,1.13,1.47
2012.01.10 15:08:02.523,1.94577,1.94619,1.13,1.13
2012.01.10 15:08:03.031,1.94578,1.94618,1.13,1.50
2012.01.10 15:08:03.341,1.94578,1.9462,1.13,1.50
2012.01.10 15:08:03.413,1.94582,1.9462,1.13,1.50
2012.01.10 15:08:04.092,1.94582,1.94622,1.13,1.13
2012.01.10 15:08:05.247,1.94581,1.94621,1.13,1.13
2012.01.10 15:08:05.593,1.94567,1.9461,1.13,1.13
2012.01.10 15:08:05.727,1.94574,1.94614,1.13,1.13
2012.01.10 15:08:06.162,1.94577,1.94617,1.13,1.13
2012.01.10 15:08:06.777,1.9458,1.9462,1.13,1.50
2012.01.10 15:08:06.841,1.9458,1.94622,1.13,1.13
2012.01.10 15:08:08.114,1.94571,1.94624,1.13,1.50
2012.01.10 15:08:08.210,1.94581,1.94621,1.13,1.13
2012.01.10 15:08:08.534,1.94574,1.94616,1.13,1.88
2012.01.10 15:08:08.783,1.94573,1.94618,1.13,1.13
2012.01.10 15:08:09.498,1.94575,1.94618,1.13,1.13
2012.01.10 15:08:10.324,1.94574,1.94618,1.13,1.13
2012.01.10 15:08:10.959,1.94569,1.94618,1.13,1.13
2012.01.10 15:08:11.415,1.94569,1.94618,1.13,1.88
2012.01.10 15:08:12.040,1.94579,1.94621,1.13,1.88
2012.01.10 15:08:12.281,1.94579,1.94621,1.13,1.13
2012.01.10 15:08:12.471,1.94583,1.94621,1.13,1.50
2012.01.10 15:08:12.801,1.94573,1.94615,1.13,1.88
2012.01.10 15:08:12.940,1.94573,1.94615,1.13,1.88
2012.01.10 15:08:13.132,1.94566,1.94608,1.13,1.88
2012.01.10 15:08:13.263,1.94574,1.94614,1.13,1.88
2012.01.10 15:08:13.332,1.94574,1.94614,1.13,1.88
2012.01.10 15:08:13.401,1.94574,1.94614,1.13,1.88
2012.01.10 15:08:13.551,1.94566,1.94608,1.13,1.88
2012.01.10 15:08:13.974,1.94566,1.94608,1.13,1.13
2012.01.10 15:08:14.047,1.94569,1.94618,1.13,1.88
2012.01.10 15:08:14.174,1.94569,1.94618,1.13,1.88
2012.01.10 15:08:14.548,1.94566,1.94608,1.13,1.88
2012.01.10 15:08:15.224,1.94566,1.94608,1.13,1.88
2012.01.10 15:08:15.620,1.94557,1.94605,1.13,1.88
2012.01.10 15:08:15.700,1.94566,1.94608,1.13,1.88
2012.01.10 15:08:15.833,1.94566,1.94608,1.13,1.88
2012.01.10 15:08:15.905,1.94569,1.94617,1.13,2.25
2012.01.10 15:08:16.032,1.94557,1.94606,1.13,1.88
2012.01.10 15:08:16.756,1.94568,1.94608,1.13,1.88
2012.01.10 15:08:17.342,1.94554,1.94596,1.13,1.88
2012.01.10 15:08:17.418,1.94554,1.94596,1.13,1.88
2012.01.10 15:08:17.694,1.94554,1.94596,1.13,1.88
2012.01.10 15:08:17.965,1.94544,1.94593,1.13,1.88
2012.01.10 15:08:18.213,1.94545,1.94592,1.13,1.88
2012.01.10 15:08:18.284,1.94545,1.94592,1.13,1.88
2012.01.10 15:08:18.419,1.94545,1.94592,1.13,1.13
2012.01.10 15:08:18.826,1.94545,1.94592,1.13,1.88
2012.01.10 15:08:19.160,1.94536,1.94592,1.50,1.88
2012.01.10 15:08:19.292,1.94534,1.94589,1.13,2.25
2012.01.10 15:08:19.515,1.94529,1.94571,1.13,1.13
2012.01.10 15:08:19.584,1.94529,1.94571,1.13,1.88
2012.01.10 15:08:19.779,1.94529,1.94571,1.47,1.13
2012.01.10 15:08:19.847,1.94556,1.94585,1.13,1.50
2012.01.10 15:08:20.298,1.94546,1.94585,1.13,2.25
2012.01.10 15:08:20.368,1.94533,1.9458,1.13,1.13
2012.01.10 15:08:20.817,1.94533,1.9458,1.13,1.88
2012.01.10 15:08:21.122,1.94548,1.94588,1.13,1.13
2012.01.10 15:08:21.198,1.94545,1.94586,1.13,1.13
2012.01.10 15:08:21.323,1.94549,1.94589,1.13,1.88
2012.01.10 15:08:21.394,1.94545,1.94586,1.13,1.88
2012.01.10 15:08:21.839,1.94532,1.94581,1.13,1.88
2012.01.10 15:08:24.511,1.94532,1.94581,1.13,1.13
2012.01.10 15:08:24.581,1.94548,1.94587,1.13,2.25
2012.01.10 15:08:24.896,1.94542,1.94584,1.13,1.88
2012.01.10 15:08:24.971,1.94542,1.94584,1.13,1.88
2012.01.10 15:08:25.102,1.94542,1.94584,1.13,1.88
2012.01.10 15:08:25.496,1.94536,1.94582,1.13,1.88
2012.01.10 15:08:25.806,1.9453,1.94573,1.13,1.88
2012.01.10 15:08:26.356,1.94529,1.94571,1.13,1.88
2012.01.10 15:08:26.427,1.94529,1.94571,1.13,1.13
2012.01.10 15:08:26.650,1.94543,1.94582,1.13,2.25
2012.01.10 15:08:26.724,1.94529,1.94571,1.13,1.13
2012.01.10 15:08:27.055,1.94529,1.94571,1.13,1.88
2012.01.10 15:08:27.184,1.94529,1.94571,1.13,1.13
2012.01.10 15:08:27.762,1.94524,1.94564,1.13,1.13
2012.01.10 15:08:30.162,1.94526,1.94567,1.13,1.13
2012.01.10 15:08:30.294,1.94528,1.9457,1.13,1.13
2012.01.10 15:08:30.366,1.94528,1.9457,1.13,1.47
2012.01.10 15:08:30.613,1.9452,1.9456,1.13,1.13
2012.01.10 15:08:31.178,1.94532,1.94567,1.13,1.84
2012.01.10 15:08:31.307,1.9452,1.94563,1.13,1.13
2012.01.10 15:08:31.435,1.94514,1.94557,1.13,1.13
2012.01.10 15:08:31.627,1.94523,1.94569,1.13,2.63
2012.01.10 15:08:31.812,1.94519,1.94569,1.13,1.50
2012.01.10 15:08:32.063,1.9452,1.94571,1.13,1.13
2012.01.10 15:08:32.595,1.94519,1.94571,1.13,1.13
2012.01.10 15:08:32.853,1.94522,1.94572,1.13,1.13
2012.01.10 15:08:33.474,1.94521,1.94573,1.13,1.13
2012.01.10 15:08:33.920,1.94531,1.94577,1.13,1.50
2012.01.10 15:08:34.498,1.94541,1.94577,1.13,1.50
2012.01.10 15:08:34.578,1.94541,1.94594,1.13,1.50
2012.01.10 15:08:34.658,1.94538,1.94591,1.13,1.88
2012.01.10 15:08:34.960,1.94542,1.94591,1.13,1.88
2012.01.10 15:08:35.344,1.94529,1.94571,1.13,1.13
2012.01.10 15:08:35.714,1.94527,1.94569,1.13,1.13
2012.01.10 15:08:36.071,1.9453,1.9457,1.13,1.13
2012.01.10 15:08:36.470,1.94528,1.94568,1.13,1.13
2012.01.10 15:08:37.262,1.94529,1.94571,1.13,1.13
2012.01.10 15:08:38.301,1.9452,1.9456,1.13,1.13
2012.01.10 15:08:38.441,1.94521,1.94562,1.13,1.13
2012.01.10 15:08:38.643,1.94519,1.94561,1.13,1.13
2012.01.10 15:08:39.085,1.94521,1.94562,1.13,1.13
2012.01.10 15:08:39.422,1.94523,1.94563,1.13,1.13
2012.01.10 15:08:41.433,1.94511,1.94571,1.13,1.50
2012.01.10 15:08:41.742,1.94522,1.94575,1.13,2.63
2012.01.10 15:08:42.083,1.94534,1.94574,1.13,1.13
2012.01.10 15:08:42.855,1.94523,1.94582,1.13,1.50
2012.01.10 15:08:43.319,1.94536,1.94578,1.13,1.88
2012.01.10 15:08:43.443,1.94536,1.94578,1.13,1.13
2012.01.10 15:08:43.602,1.94542,1.94584,1.13,3.38
2012.01.10 15:08:44.223,1.94542,1.94584,1.13,1.88
2012.01.10 15:08:44.364,1.94533,1.94575,1.13,1.88
2012.01.10 15:08:44.492,1.94536,1.94578,1.13,1.13
2012.01.10 15:08:44.702,1.94522,1.94575,1.13,1.13
2012.01.10 15:08:44.832,1.94542,1.94584,1.13,1.13
2012.01.10 15:08:45.347,1.94533,1.94575,1.13,1.13
2012.01.10 15:08:46.043,1.94532,1.94574,1.13,1.13
2012.01.10 15:08:46.568,1.94534,1.94574,1.13,1.13
2012.01.10 15:08:47.670,1.94532,1.94574,1.13,1.13
2012.01.10 15:08:48.146,1.9453,1.9457,1.13,1.13
2012.01.10 15:08:48.453,1.94519,1.94561,1.13,1.13
2012.01.10 15:08:48.824,1.94514,1.94557,1.13,1.13
2012.01.10 15:08:49.364,1.94514,1.94556,1.13,1.13
2012.01.10 15:08:49.703,1.94508,1.94548,1.13,1.13
2012.01.10 15:08:50.331,1.94509,1.94549,1.13,1.13
2012.01.10 15:08:50.833,1.94508,1.9455,1.13,1.13
2012.01.10 15:08:51.954,1.94509,1.94549,1.13,1.13
2012.01.10 15:08:52.455,1.94506,1.94547,1.13,1.13
2012.01.10 15:08:52.764,1.94512,1.94561,1.13,1.13
2012.01.10 15:08:52.894,1.94512,1.94561,1.88,1.13
2012.01.10 15:08:53.220,1.9452,1.94562,1.13,1.13
2012.01.10 15:08:53.658,1.9453,1.9457,1.13,1.13
2012.01.10 15:08:55.592,1.94524,1.94568,1.13,1.13
2012.01.10 15:08:57.701,1.94518,1.94558,1.13,1.13
2012.01.10 15:08:58.224,1.94525,1.94574,1.13,1.13
2012.01.10 15:08:58.472,1.94518,1.94558,1.13,1.13
2012.01.10 15:08:59.029,1.94516,1.94558,1.13,1.13
2012.01.10 15:09:02.313,1.94526,1.94568,1.13,1.13
2012.01.10 15:09:03.839,1.94525,1.94565,1.13,1.13
2012.01.10 15:09:03.962,1.94519,1.9456,1.13,1.13
2012.01.10 15:09:04.092,1.94517,1.94559,1.13,1.13
2012.01.10 15:09:04.932,1.94518,1.94561,1.13,1.13
2012.01.10 15:09:05.065,1.94526,1.94575,1.13,1.88
2012.01.10 15:09:05.132,1.94526,1.94575,1.13,1.88
2012.01.10 15:09:05.204,1.94517,1.94557,1.13,1.13
2012.01.10 15:09:08.693,1.94511,1.94551,1.13,1.13
2012.01.10 15:09:09.121,1.94523,1.94563,1.13,1.13
2012.01.10 15:09:09.431,1.94517,1.94557,1.13,1.13
2012.01.10 15:09:11.184,1.94518,1.94561,1.13,1.13
2012.01.10 15:09:11.435,1.94517,1.94557,1.13,1.13
2012.01.10 15:09:12.024,1.94523,1.94563,1.13,1.13
2012.01.10 15:09:12.099,1.94516,1.94558,1.13,1.13
2012.01.10 15:09:15.120,1.9453,1.9457,1.13,1.88
2012.01.10 15:09:15.181,1.9453,1.9457,1.13,1.13
2012.01.10 15:09:15.491,1.94536,1.94576,1.13,1.13
2012.01.10 15:09:15.802,1.94541,1.9458,1.13,1.50
2012.01.10 15:09:15.991,1.94542,1.94582,1.13,2.63
2012.01.10 15:09:16.063,1.94536,1.94576,1.13,1.88
2012.01.10 15:09:16.494,1.94524,1.94564,1.13,1.13
2012.01.10 15:09:16.960,1.94521,1.94553,1.50,1.13
2012.01.10 15:09:17.027,1.9451,1.94553,1.13,1.13
2012.01.10 15:09:17.674,1.94517,1.94559,1.13,1.88
2012.01.10 15:09:17.743,1.94517,1.94559,1.13,1.13
2012.01.10 15:09:18.243,1.94518,1.94563,1.13,1.13
2012.01.10 15:09:18.432,1.9452,1.94568,1.13,1.88
2012.01.10 15:09:18.887,1.9452,1.94568,1.13,1.88
2012.01.10 15:09:19.013,1.94517,1.94559,1.13,1.88
2012.01.10 15:09:19.207,1.9452,1.94568,1.13,1.88
2012.01.10 15:09:19.275,1.9452,1.94568,1.13,1.88
2012.01.10 15:09:19.671,1.94517,1.94559,1.13,1.13
2012.01.10 15:09:20.245,1.94517,1.94559,1.13,1.88
2012.01.10 15:09:21.673,1.94504,1.94547,1.13,1.13
2012.01.10 15:09:22.067,1.94504,1.94547,1.13,1.88
2012.01.10 15:09:22.386,1.94499,1.9454,1.84,1.13
2012.01.10 15:09:22.884,1.94517,1.94559,1.13,1.13
2012.01.10 15:09:23.073,1.9451,1.94553,1.13,1.13
2012.01.10 15:09:23.201,1.94518,1.94558,1.13,1.13
2012.01.10 15:09:24.710,1.94519,1.94559,1.13,1.13
2012.01.10 15:09:25.286,1.94518,1.94558,1.13,1.13
2012.01.10 15:09:25.360,1.94519,1.94561,1.13,1.13
2012.01.10 15:09:25.497,1.94508,1.94548,1.13,1.13
2012.01.10 15:09:25.624,1.94504,1.94547,1.13,1.13
2012.01.10 15:09:25.752,1.94507,1.94549,1.13,1.13
2012.01.10 15:09:26.568,1.94505,1.94546,1.13,1.13
2012.01.10 15:09:28.335,1.94505,1.94546,1.13,1.88
2012.01.10 15:09:28.904,1.94505,1.94546,1.13,1.13
2012.01.10 15:09:31.751,1.94499,1.94539,1.13,1.13
2012.01.10 15:09:32.127,1.94515,1.94558,1.13,1.13
2012.01.10 15:09:32.192,1.94524,1.94564,1.13,1.13
2012.01.10 15:09:36.458,1.94517,1.94559,1.13,1.13
2012.01.10 15:09:40.227,1.94517,1.94568,1.13,1.13
2012.01.10 15:09:40.598,1.94512,1.94561,1.13,1.13
2012.01.10 15:09:41.558,1.94526,1.94573,1.13,1.50
2012.01.10 15:09:41.688,1.94524,1.94573,1.13,2.63
2012.01.10 15:09:41.815,1.94524,1.94573,1.13,3.38
2012.01.10 15:09:41.946,1.94526,1.94573,1.13,1.50
2012.01.10 15:09:42.015,1.94526,1.94573,1.13,2.25
2012.01.10 15:09:42.446,1.94519,1.94559,1.13,1.13
2012.01.10 15:09:42.518,1.9452,1.94563,1.13,1.13
2012.01.10 15:09:43.170,1.94519,1.94561,1.13,1.13
2012.01.10 15:09:44.517,1.94521,1.94562,1.13,1.13
2012.01.10 15:09:44.589,1.94519,1.94561,1.13,1.13
2012.01.10 15:09:44.653,1.94507,1.94549,1.44,1.13
2012.01.10 15:09:44.721,1.94519,1.94561,1.13,1.13
2012.01.10 15:09:45.624,1.94521,1.94562,1.13,1.13
2012.01.10 15:09:46.184,1.94526,1.94567,1.13,1.88
2012.01.10 15:09:46.255,1.9452,1.9456,1.13,1.13
2012.01.10 15:09:46.724,1.94531,1.94574,1.13,1.88
2012.01.10 15:09:46.916,1.94531,1.94574,1.13,1.13
2012.01.10 15:09:47.375,1.9453,1.9457,1.13,1.13
2012.01.10 15:09:47.686,1.94548,1.94584,1.13,1.50
2012.01.10 15:09:48.228,1.94536,1.94576,1.13,1.13
2012.01.10 15:09:49.487,1.94542,1.94583,1.13,1.13
2012.01.10 15:09:49.684,1.94537,1.94578,1.13,1.13
2012.01.10 15:09:49.937,1.94541,1.94584,1.13,1.13
2012.01.10 15:09:50.370,1.94548,1.94589,1.13,1.13
2012.01.10 15:09:50.713,1.94555,1.94595,1.13,1.88
2012.01.10 15:09:52.022,1.94548,1.94589,1.13,1.13
2012.01.10 15:09:52.746,1.94538,1.94577,1.50,1.13
2012.01.10 15:09:52.952,1.94535,1.94577,1.47,1.13
2012.01.10 15:09:53.764,1.94536,1.94579,1.13,1.13
2012.01.10 15:09:53.898,1.94531,1.94574,1.78,1.13
2012.01.10 15:09:53.966,1.94526,1.94579,2.16,1.13
2012.01.10 15:09:54.154,1.94525,1.94579,2.16,1.13
2012.01.10 15:09:54.224,1.94546,1.94586,1.13,1.13
2012.01.10 15:09:54.606,1.94547,1.9459,1.13,1.13
2012.01.10 15:09:54.746,1.94545,1.94577,1.50,1.13
2012.01.10 15:09:54.815,1.94535,1.94577,2.63,1.13
2012.01.10 15:09:54.895,1.94535,1.94577,3.38,1.13
2012.01.10 15:09:54.966,1.9456,1.94596,1.13,1.50
2012.01.10 15:09:55.036,1.9456,1.94605,1.13,1.50
2012.01.10 15:09:55.223,1.94579,1.94619,1.13,1.88
2012.01.10 15:09:55.373,1.94579,1.94619,1.13,1.13
2012.01.10 15:09:56.139,1.94585,1.94631,1.13,2.25
2012.01.10 15:09:56.214,1.94585,1.94636,1.13,1.88
2012.01.10 15:09:56.423,1.94589,1.94643,1.13,2.25
2012.01.10 15:09:56.718,1.94585,1.94636,1.13,1.88
2012.01.10 15:09:56.904,1.94585,1.94636,1.13,1.88
2012.01.10 15:09:56.973,1.94579,1.94629,1.13,1.88
2012.01.10 15:09:57.433,1.94579,1.94629,1.13,1.88
2012.01.10 15:09:57.936,1.94576,1.94614,1.50,1.13
2012.01.10 15:09:58.010,1.94572,1.94614,1.13,1.13
2012.01.10 15:09:59.092,1.94572,1.94614,1.13,1.47
2012.01.10 15:09:59.428,1.94556,1.9459,1.82,1.13
2012.01.10 15:10:01.904,1.94547,1.9459,1.44,1.13
2012.01.10 15:10:02.332,1.94552,1.94594,1.44,1.13
2012.01.10 15:10:02.536,1.94559,1.94598,1.47,1.50
2012.01.10 15:10:02.605,1.94595,1.94601,1.13,1.50
2012.01.10 15:10:02.676,1.94565,1.94598,1.13,1.50
2012.01.10 15:10:03.011,1.94565,1.94614,1.13,1.50
2012.01.10 15:10:03.868,1.94565,1.9461,1.13,1.50
2012.01.10 15:10:03.998,1.94559,1.9461,1.13,1.88
2012.01.10 15:10:04.143,1.94559,1.9461,1.13,1.13
2012.01.10 15:10:04.336,1.94566,1.94611,1.13,1.50
2012.01.10 15:10:04.807,1.94566,1.94609,1.13,1.50
2012.01.10 15:10:05.443,1.94566,1.94611,1.13,1.50
2012.01.10 15:10:05.520,1.94571,1.94611,1.13,1.50
2012.01.10 15:10:05.722,1.94571,1.94613,1.13,1.13
2012.01.10 15:10:06.322,1.94571,1.9461,1.13,1.50
2012.01.10 15:10:06.394,1.94569,1.94609,1.13,1.13
2012.01.10 15:10:07.492,1.94571,1.94613,1.13,1.13
2012.01.10 15:10:07.621,1.94583,1.94615,1.13,1.50
2012.01.10 15:10:07.691,1.94578,1.94615,1.13,2.25
2012.01.10 15:10:09.639,1.94578,1.94614,1.13,1.50
2012.01.10 15:10:10.272,1.94565,1.94605,1.13,1.88
2012.01.10 15:10:10.649,1.94561,1.9461,1.13,1.88
2012.01.10 15:10:11.024,1.94561,1.94606,1.13,1.50
2012.01.10 15:10:11.471,1.94549,1.94596,1.13,1.13
2012.01.10 15:10:11.882,1.94559,1.94599,1.13,1.13
2012.01.10 15:10:17.365,1.94574,1.94606,1.13,1.50
2012.01.10 15:10:17.613,1.94566,1.94606,1.13,1.50
2012.01.10 15:10:17.746,1.9457,1.94613,1.13,1.13
2012.01.10 15:10:17.812,1.94562,1.94609,1.13,1.13
2012.01.10 15:10:19.615,1.94577,1.9462,1.13,1.50
2012.01.10 15:10:19.689,1.94573,1.9462,1.13,1.50
2012.01.10 15:10:19.759,1.94573,1.9462,1.13,2.25
2012.01.10 15:10:20.241,1.94578,1.94616,1.13,1.50
2012.01.10 15:10:20.371,1.94573,1.94616,1.13,2.25
2012.01.10 15:10:20.722,1.9457,1.94613,1.13,1.13
2012.01.10 15:10:21.302,1.9457,1.94611,1.13,1.50
2012.01.10 15:10:21.705,1.9457,1.94613,1.13,1.13
2012.01.10 15:10:22.447,1.94567,1.94611,1.13,1.88
2012.01.10 15:10:23.157,1.94567,1.94611,1.13,2.63
2012.01.10 15:10:23.220,1.9457,1.94611,1.13,1.50
2012.01.10 15:10:24.637,1.94568,1.9461,1.13,1.13
2012.01.10 15:10:24.701,1.94568,1.9461,1.13,1.88
2012.01.10 15:10:25.354,1.94564,1.94609,1.13,1.88
2012.01.10 15:10:25.426,1.94564,1.94609,1.13,1.13
2012.01.10 15:10:25.508,1.94562,1.94609,1.13,1.13
2012.01.10 15:10:25.663,1.94562,1.94606,1.13,1.50
2012.01.10 15:10:26.320,1.94571,1.94606,1.13,1.50
2012.01.10 15:10:26.543,1.94563,1.9461,1.13,1.88
2012.01.10 15:10:26.691,1.94563,1.9461,1.13,1.13
2012.01.10 15:10:26.763,1.94563,1.94608,1.13,1.50
2012.01.10 15:10:27.073,1.94561,1.94608,1.13,2.25
2012.01.10 15:10:28.618,1.94561,1.946,1.13,2.25
2012.01.10 15:10:30.755,1.94561,1.946,1.13,1.50
2012.01.10 15:10:30.882,1.94561,1.946,1.13,2.25
2012.01.10 15:10:30.957,1.94556,1.946,1.13,2.25
2012.01.10 15:10:31.492,1.94556,1.94601,1.13,1.50
2012.01.10 15:10:31.566,1.9457,1.94601,1.13,1.50
2012.01.10 15:10:32.143,1.94573,1.94612,1.13,2.25
2012.01.10 15:10:35.412,1.94571,1.9461,1.13,2.25
2012.01.10 15:10:36.162,1.94566,1.94607,1.13,2.25
2012.01.10 15:10:36.799,1.94566,1.94607,1.13,2.25
2012.01.10 15:10:37.235,1.94566,1.94607,1.13,2.25
2012.01.10 15:10:37.344,1.94566,1.94607,1.13,2.25
2012.01.10 15:10:37.786,1.94566,1.94607,1.13,2.25
2012.01.10 15:10:38.540,1.94572,1.94602,1.13,1.50
2012.01.10 15:10:38.618,1.94554,1.94602,1.13,2.63
2012.01.10 15:10:38.687,1.94554,1.94602,1.13,3.38
2012.01.10 15:10:43.183,1.94554,1.94602,1.13,1.13
2012.01.10 15:10:43.455,1.94571,1.94609,1.13,2.25
2012.01.10 15:10:44.218,1.94571,1.94612,1.13,1.13
2012.01.10 15:10:47.929,1.94584,1.94624,1.13,1.88
2012.01.10 15:10:48.292,1.94575,1.94622,1.13,1.13
2012.01.10 15:10:48.622,1.94575,1.94622,1.13,2.22
2012.01.10 15:10:48.753,1.94564,1.94609,1.13,1.13
2012.01.10 15:10:49.280,1.94568,1.9461,1.13,1.13
2012.01.10 15:10:49.586,1.94573,1.94615,1.13,1.88
2012.01.10 15:10:49.893,1.94573,1.94615,1.13,1.88
2012.01.10 15:10:49.975,1.94575,1.9462,1.13,2.25
2012.01.10 15:10:50.287,1.94574,1.94624,1.13,2.25
2012.01.10 15:10:51.237,1.94572,1.94615,1.13,1.88
2012.01.10 15:10:52.021,1.94571,1.94612,1.13,1.88
2012.01.10 15:10:52.151,1.94571,1.94612,1.13,1.13
2012.01.10 15:10:52.343,1.94584,1.94624,1.13,1.88
2012.01.10 15:10:52.472,1.94571,1.94612,1.13,1.88
2012.01.10 15:10:55.912,1.94554,1.94602,1.44,1.13
2012.01.10 15:10:56.473,1.94554,1.94602,1.44,1.13
2012.01.10 15:10:57.102,1.94554,1.94602,1.44,1.88
2012.01.10 15:10:57.418,1.94559,1.94608,1.13,3.38
2012.01.10 15:10:57.727,1.94571,1.94613,1.13,1.88
2012.01.10 15:10:58.753,1.94568,1.94609,1.13,1.13
2012.01.10 15:10:58.832,1.94561,1.94603,1.13,1.13
2012.01.10 15:10:59.084,1.94557,1.94606,1.13,2.25
2012.01.10 15:10:59.155,1.94557,1.94606,1.13,2.25
2012.01.10 15:10:59.224,1.94552,1.94598,1.44,1.13
2012.01.10 15:10:59.296,1.94559,1.94606,1.13,1.50
2012.01.10 15:11:00.096,1.94556,1.94606,1.13,2.25
2012.01.10 15:11:00.405,1.94556,1.94607,1.13,1.13
2012.01.10 15:11:00.549,1.94564,1.94609,1.13,1.13
2012.01.10 15:11:00.878,1.94563,1.94603,1.13,1.50
2012.01.10 15:11:01.526,1.94561,1.94606,1.13,1.13
2012.01.10 15:11:01.600,1.94561,1.94606,1.13,1.88
2012.01.10 15:11:01.668,1.94561,1.94607,1.13,1.13
2012.01.10 15:11:01.733,1.94574,1.94617,1.13,2.25
2012.01.10 15:11:01.866,1.94572,1.94617,1.13,2.25
2012.01.10 15:11:02.443,1.94573,1.94616,1.13,2.25
2012.01.10 15:11:02.863,1.94572,1.94612,1.13,1.50
2012.01.10 15:11:03.333,1.94572,1.94612,1.13,2.25
2012.01.10 15:11:03.410,1.9456,1.94601,1.13,1.50
2012.01.10 15:11:03.725,1.9456,1.94601,1.13,2.25
2012.01.10 15:11:04.283,1.94561,1.94602,1.13,3.38
2012.01.10 15:11:04.665,1.94561,1.94602,1.13,2.63
2012.01.10 15:11:04.732,1.94561,1.946,1.13,1.50
2012.01.10 15:11:05.174,1.9456,1.94603,1.13,3.38
2012.01.10 15:11:06.365,1.9456,1.946,1.13,1.50
2012.01.10 15:11:06.852,1.94573,1.946,1.13,1.50
2012.01.10 15:11:07.174,1.94573,1.94604,1.13,1.50
2012.01.10 15:11:07.689,1.94573,1.94615,1.13,1.88
2012.01.10 15:11:09.076,1.94561,1.94602,1.13,1.13
2012.01.10 15:11:09.326,1.94561,1.94602,1.13,1.88
2012.01.10 15:11:09.635,1.94573,1.94604,1.13,2.25
2012.01.10 15:11:09.711,1.94561,1.94602,1.13,1.88
2012.01.10 15:11:10.427,1.94561,1.94602,1.13,1.13
2012.01.10 15:11:10.500,1.94573,1.94605,1.13,2.25
2012.01.10 15:11:11.744,1.94561,1.9461,1.13,1.88
2012.01.10 15:11:12.576,1.94561,1.94609,1.13,1.88
2012.01.10 15:11:12.709,1.94556,1.94598,1.13,1.13
2012.01.10 15:11:13.778,1.94559,1.94602,1.13,1.13
2012.01.10 15:11:15.316,1.9456,1.94603,1.13,2.63
2012.01.10 15:11:15.641,1.9456,1.94603,1.13,1.88
2012.01.10 15:11:16.220,1.94561,1.94604,1.13,2.25
2012.01.10 15:11:17.150,1.94561,1.94606,1.13,1.88
2012.01.10 15:11:17.339,1.94569,1.94611,1.13,1.88
2012.01.10 15:11:17.410,1.94569,1.94611,1.13,1.13
2012.01.10 15:11:17.538,1.9457,1.94614,1.13,1.88
2012.01.10 15:11:18.009,1.94574,1.94621,1.13,1.88
2012.01.10 15:11:18.197,1.94574,1.94621,1.13,1.88
2012.01.10 15:11:18.262,1.94576,1.94623,1.13,2.25
2012.01.10 15:11:18.573,1.94578,1.94619,1.13,2.25
2012.01.10 15:11:18.884,1.94574,1.94621,1.13,1.88
2012.01.10 15:11:19.015,1.94586,1.94629,1.13,1.09
2012.01.10 15:11:19.202,1.94574,1.94621,1.13,1.88
2012.01.10 15:11:21.202,1.94573,1.9462,1.13,2.25
2012.01.10 15:11:21.858,1.94573,1.9462,1.13,2.25
2012.01.10 15:11:22.145,1.94557,1.94613,1.44,1.88
2012.01.10 15:11:22.605,1.94557,1.94613,1.44,2.25
2012.01.10 15:11:22.676,1.94557,1.94613,1.44,2.25
2012.01.10 15:11:23.215,1.94557,1.94611,1.44,2.25
2012.01.10 15:11:23.627,1.94557,1.94608,1.44,2.25
2012.01.10 15:11:24.132,1.94554,1.94607,1.44,3.38
2012.01.10 15:11:24.512,1.94554,1.94607,1.44,3.38
2012.01.10 15:11:24.884,1.94561,1.9461,1.44,2.25
2012.01.10 15:11:25.274,1.94561,1.94612,1.44,2.25
2012.01.10 15:11:25.735,1.94572,1.94612,1.13,2.25
2012.01.10 15:11:25.927,1.94577,1.94612,1.13,1.50
2012.01.10 15:11:26.431,1.94577,1.94619,1.13,1.88
2012.01.10 15:11:26.565,1.94577,1.94619,1.13,1.88
2012.01.10 15:11:26.635,1.94577,1.94619,1.13,1.88
2012.01.10 15:11:26.912,1.94565,1.94607,1.44,1.88
2012.01.10 15:11:26.985,1.94565,1.94607,1.44,1.88
2012.01.10 15:11:27.928,1.94574,1.9461,1.13,2.25
2012.01.10 15:11:27.999,1.94574,1.94607,1.13,2.25
2012.01.10 15:11:28.212,1.94571,1.94607,1.13,2.25
2012.01.10 15:11:28.405,1.94571,1.94613,1.13,1.88
2012.01.10 15:11:28.473,1.94565,1.94609,1.44,1.88
2012.01.10 15:11:29.138,1.94565,1.94609,1.44,3.38
2012.01.10 15:11:29.202,1.94565,1.94606,1.44,1.09
2012.01.10 15:11:29.545,1.94573,1.94606,1.13,1.09
2012.01.10 15:11:29.599,1.9456,1.94602,1.13,1.88
2012.01.10 15:11:29.668,1.94567,1.94604,1.13,2.25
2012.01.10 15:11:30.843,1.9456,1.94602,1.13,1.88
2012.01.10 15:11:31.422,1.94559,1.94601,1.13,1.88
2012.01.10 15:11:31.498,1.94565,1.94607,1.13,3.38
2012.01.10 15:11:31.562,1.94568,1.94607,1.13,2.25
2012.01.10 15:11:31.932,1.94568,1.94611,1.13,2.25
2012.01.10 15:11:32.064,1.94559,1.94601,1.13,1.88
2012.01.10 15:11:32.440,1.94567,1.94606,1.13,2.25
2012.01.10 15:11:32.630,1.94567,1.94606,1.13,2.25
2012.01.10 15:11:33.202,1.94562,1.9461,1.13,1.88
2012.01.10 15:11:33.718,1.94563,1.94614,1.13,1.88
2012.01.10 15:11:34.704,1.94563,1.9461,1.13,1.88
2012.01.10 15:11:34.836,1.94561,1.94603,1.13,1.88
2012.01.10 15:11:35.621,1.94552,1.946,1.13,1.88
2012.01.10 15:11:35.963,1.9455,1.94596,1.13,1.88
2012.01.10 15:11:36.038,1.94558,1.946,1.13,1.88
2012.01.10 15:11:36.343,1.94558,1.946,1.13,1.88
2012.01.10 15:11:36.412,1.94549,1.94595,1.13,1.88
2012.01.10 15:11:39.306,1.94549,1.94595,1.13,1.88
2012.01.10 15:11:39.841,1.9455,1.94601,1.13,1.88
2012.01.10 15:11:39.945,1.94562,1.94602,1.13,2.25
2012.01.10 15:11:40.327,1.9455,1.94596,1.13,1.88
2012.01.10 15:11:41.059,1.9455,1.94601,1.13,1.88
2012.01.10 15:11:41.469,1.9455,1.94601,1.13,1.88
2012.01.10 15:11:41.853,1.9455,1.94601,1.13,1.88
2012.01.10 15:11:41.983,1.94548,1.9459,1.13,1.13
2012.01.10 15:11:44.156,1.94559,1.94596,1.13,2.25
2012.01.10 15:11:44.642,1.94548,1.9459,1.13,1.13
2012.01.10 15:11:45.934,1.94544,1.94586,1.13,1.13
2012.01.10 15:11:46.194,1.94557,1.94601,1.13,2.63
2012.01.10 15:11:46.526,1.94562,1.94605,1.13,1.88
2012.01.10 15:11:46.853,1.9456,1.94604,1.13,1.88
2012.01.10 15:11:46.921,1.9455,1.94601,1.13,1.88
2012.01.10 15:11:47.485,1.94561,1.94603,1.13,1.88
2012.01.10 15:11:47.861,1.94561,1.94603,1.13,1.13
2012.01.10 15:11:47.931,1.94566,1.94608,1.13,2.25
2012.01.10 15:11:48.241,1.94568,1.9461,1.13,1.88
2012.01.10 15:11:48.432,1.94568,1.9461,1.13,1.13
2012.01.10 15:11:48.503,1.94579,1.94612,1.13,1.50
2012.01.10 15:11:48.762,1.94579,1.94614,1.13,3.75
2012.01.10 15:11:49.925,1.94579,1.94623,1.13,1.88
2012.01.10 15:11:50.355,1.94573,1.94617,1.13,1.88
2012.01.10 15:11:50.560,1.94579,1.94619,1.13,2.25
2012.01.10 15:11:50.954,1.94579,1.94616,1.13,2.25
2012.01.10 15:11:51.025,1.94587,1.94616,1.13,2.25
2012.01.10 15:11:51.332,1.94585,1.94616,1.13,2.25
2012.01.10 15:11:51.464,1.94586,1.94616,1.13,2.25
2012.01.10 15:11:51.958,1.94584,1.94626,1.13,2.25
2012.01.10 15:11:52.151,1.94584,1.94623,1.13,2.25
2012.01.10 15:11:52.686,1.94584,1.94623,1.13,2.25
2012.01.10 15:11:53.176,1.94584,1.94623,1.13,2.25
2012.01.10 15:11:53.248,1.94583,1.94623,1.13,2.25
2012.01.10 15:11:53.483,1.94583,1.94623,1.13,2.25
2012.01.10 15:11:53.990,1.94578,1.9462,1.13,2.25
2012.01.10 15:11:54.335,1.94566,1.9461,1.13,1.88
2012.01.10 15:11:54.615,1.94566,1.94605,1.13,1.09
2012.01.10 15:11:54.742,1.94558,1.94601,1.13,1.47
2012.01.10 15:11:54.873,1.94558,1.94601,1.13,2.22
2012.01.10 15:11:55.213,1.9456,1.94601,1.13,1.09
2012.01.10 15:11:56.476,1.9456,1.94604,1.13,2.22
2012.01.10 15:11:56.667,1.94567,1.94604,1.13,1.09
2012.01.10 15:11:56.985,1.94563,1.94605,1.13,2.25
2012.01.10 15:11:57.056,1.94563,1.94605,1.13,2.25
2012.01.10 15:11:57.914,1.94563,1.94612,1.13,1.88
2012.01.10 15:11:58.188,1.9455,1.94601,1.13,1.88
2012.01.10 15:11:58.256,1.94563,1.94612,1.13,1.88
2012.01.10 15:11:58.746,1.9455,1.94601,1.13,1.88
2012.01.10 15:11:59.261,1.9455,1.94601,1.13,1.13
2012.01.10 15:11:59.339,1.94553,1.9461,1.13,1.88
2012.01.10 15:11:59.714,1.94553,1.94609,1.13,2.25
2012.01.10 15:11:59.784,1.94548,1.9459,1.44,1.88
2012.01.10 15:12:00.169,1.9455,1.94592,1.13,1.88
2012.01.10 15:12:00.238,1.94553,1.94601,1.13,2.25
2012.01.10 15:12:00.998,1.94552,1.946,1.13,1.88
2012.01.10 15:12:01.254,1.94556,1.94608,1.13,2.25
2012.01.10 15:12:01.576,1.94564,1.94604,1.13,2.25
2012.01.10 15:12:01.647,1.94564,1.94604,1.13,2.25
2012.01.10 15:12:01.774,1.94554,1.94598,1.13,1.88
2012.01.10 15:12:01.965,1.94556,1.94598,1.50,1.88
2012.01.10 15:12:02.412,1.9456,1.94604,1.13,1.88
2012.01.10 15:12:02.489,1.9456,1.94604,1.13,1.88
2012.01.10 15:12:02.558,1.94564,1.94606,1.13,1.88
2012.01.10 15:12:02.866,1.94568,1.94614,1.13,2.25
2012.01.10 15:12:02.939,1.94568,1.94614,1.13,2.25
2012.01.10 15:12:03.249,1.9457,1.9461,1.50,1.88
2012.01.10 15:12:04.086,1.9459,1.94631,1.13,2.25
2012.01.10 15:12:04.228,1.94576,1.94627,1.13,1.88
2012.01.10 15:12:04.419,1.94572,1.94616,1.13,1.88
2012.01.10 15:12:04.546,1.94584,1.94621,1.13,2.25
2012.01.10 15:12:04.734,1.94584,1.94628,1.13,3.38
2012.01.10 15:12:05.017,1.9456,1.94628,1.50,3.38
2012.01.10 15:12:05.087,1.94574,1.94616,1.13,1.88
2012.01.10 15:12:05.522,1.94588,1.94625,1.13,2.25
2012.01.10 15:12:05.654,1.94585,1.94625,1.13,2.25
2012.01.10 15:12:05.789,1.94588,1.94635,1.13,2.25
2012.01.10 15:12:05.856,1.94588,1.94635,1.13,2.25
2012.01.10 15:12:05.986,1.94586,1.94628,1.13,1.88
2012.01.10 15:12:06.171,1.94589,1.94635,1.13,2.25
2012.01.10 15:12:07.051,1.94589,1.94637,1.13,2.25
2012.01.10 15:12:07.764,1.94589,1.94638,1.13,1.88
2012.01.10 15:12:07.973,1.94585,1.94629,1.13,1.88
2012.01.10 15:12:09.088,1.94585,1.94629,1.13,1.88
2012.01.10 15:12:09.277,1.94582,1.94627,1.13,1.88
2012.01.10 15:12:09.466,1.94582,1.94627,1.13,1.88
2012.01.10 15:12:09.864,1.94582,1.94627,1.13,1.88
2012.01.10 15:12:09.933,1.94576,1.94627,1.13,1.88
2012.01.10 15:12:10.666,1.94576,1.94627,1.13,1.88
2012.01.10 15:12:10.735,1.94588,1.9463,1.13,1.88
2012.01.10 15:12:12.102,1.94594,1.94636,1.13,1.88
2012.01.10 15:12:13.165,1.9459,1.94634,1.13,1.88
2012.01.10 15:12:13.243,1.94584,1.94627,1.13,1.88
2012.01.10 15:12:13.562,1.94596,1.94637,1.13,2.25
2012.01.10 15:12:13.756,1.94584,1.94627,1.13,1.88
2012.01.10 15:12:13.977,1.94584,1.94627,1.13,1.88
2012.01.10 15:12:14.199,1.94584,1.94627,1.13,1.88
2012.01.10 15:12:15.027,1.94588,1.94632,1.13,1.88
2012.01.10 15:12:15.542,1.9459,1.94634,1.13,1.88
2012.01.10 15:12:16.405,1.94594,1.94636,1.13,1.88
2012.01.10 15:12:16.922,1.94594,1.94636,1.13,1.88
2012.01.10 15:12:16.988,1.94594,1.94636,1.13,1.88
2012.01.10 15:12:17.297,1.94602,1.94646,1.13,1.88
2012.01.10 15:12:17.426,1.94598,1.94642,1.13,1.88
2012.01.10 15:12:17.491,1.94592,1.94636,1.13,1.88
2012.01.10 15:12:18.181,1.94598,1.94641,1.13,2.25
2012.01.10 15:12:18.315,1.94598,1.94641,1.13,2.25
2012.01.10 15:12:19.444,1.94598,1.94642,1.13,1.88
2012.01.10 15:12:19.513,1.94592,1.94636,1.13,1.88
2012.01.10 15:12:19.703,1.94592,1.94636,1.13,1.88
2012.01.10 15:12:19.837,1.94603,1.94645,1.13,1.88
2012.01.10 15:12:20.130,1.94595,1.94637,1.13,1.88
2012.01.10 15:12:20.206,1.94598,1.94642,1.13,1.88
2012.01.10 15:12:20.439,1.94598,1.94642,1.13,1.88
2012.01.10 15:12:21.146,1.94603,1.94645,1.13,1.88
2012.01.10 15:12:21.453,1.94606,1.94648,1.13,2.25
2012.01.10 15:12:21.582,1.94593,1.94637,1.13,1.88
2012.01.10 15:12:21.715,1.94606,1.94648,1.13,2.25
2012.01.10 15:12:21.964,1.94606,1.94648,1.13,2.25
2012.01.10 15:12:22.274,1.94605,1.94647,1.13,3.38
2012.01.10 15:12:22.688,1.94603,1.94642,1.13,2.25
2012.01.10 15:12:22.885,1.94603,1.94642,1.13,1.50
2012.01.10 15:12:22.955,1.94618,1.94642,1.13,2.25
2012.01.10 15:12:23.024,1.94607,1.94642,1.13,2.25
2012.01.10 15:12:23.453,1.94611,1.94653,1.13,2.25
2012.01.10 15:12:23.912,1.94611,1.94649,1.13,2.25
2012.01.10 15:12:24.340,1.94613,1.94649,1.13,2.25
2012.01.10 15:12:24.898,1.94612,1.94649,1.13,2.25
2012.01.10 15:12:26.236,1.94612,1.94649,1.13,2.25
2012.01.10 15:12:26.865,1.94581,1.94649,2.25,2.25
2012.01.10 15:12:27.637,1.94581,1.94649,2.25,2.25
2012.01.10 15:12:28.165,1.94584,1.94652,2.48,2.25
2012.01.10 15:12:28.297,1.94584,1.94652,2.82,2.25
2012.01.10 15:12:28.945,1.94584,1.94652,2.59,2.25
2012.01.10 15:12:29.295,1.94584,1.94652,2.59,2.25
2012.01.10 15:12:30.826,1.94611,1.94652,1.13,2.25
2012.01.10 15:12:31.046,1.94609,1.94653,1.13,1.88
2012.01.10 15:12:32.017,1.94609,1.94653,1.13,1.88
2012.01.10 15:12:32.456,1.94599,1.94641,1.13,1.88
2012.01.10 15:12:32.528,1.94599,1.94641,1.13,1.88
2012.01.10 15:12:32.599,1.94596,1.94639,1.13,1.88
2012.01.10 15:12:32.729,1.94592,1.9464,1.13,1.13
2012.01.10 15:12:32.797,1.946,1.94644,1.13,1.88
2012.01.10 15:12:33.106,1.94588,1.94632,1.13,1.13
2012.01.10 15:12:33.475,1.94592,1.94636,1.13,1.88
2012.01.10 15:12:33.920,1.94585,1.94629,1.13,1.88
2012.01.10 15:12:35.896,1.94585,1.94629,1.13,1.13
2012.01.10 15:12:36.258,1.94585,1.94629,1.13,1.88
2012.01.10 15:12:37.654,1.94585,1.94629,1.13,1.88
2012.01.10 15:12:38.322,1.94585,1.94629,1.13,1.88
2012.01.10 15:12:38.821,1.94585,1.94629,1.13,1.88
2012.01.10 15:12:39.259,1.94605,1.94638,1.13,2.25
2012.01.10 15:12:39.513,1.94602,1.94638,1.13,2.25
2012.01.10 15:12:39.765,1.94598,1.94642,1.13,3.38
2012.01.10 15:12:39.836,1.94601,1.94642,1.13,2.25
2012.01.10 15:12:43.946,1.94599,1.94641,1.13,1.88
2012.01.10 15:12:44.284,1.94599,1.94641,1.13,1.88
2012.01.10 15:12:44.476,1.94604,1.94646,1.13,1.88
2012.01.10 15:12:44.825,1.94604,1.94646,1.13,3.38
2012.01.10 15:12:44.893,1.94601,1.94643,1.13,1.88
2012.01.10 15:12:44.988,1.94591,1.94635,1.13,1.88
2012.01.10 15:12:46.596,1.94591,1.94635,1.13,1.88
2012.01.10 15:12:46.709,1.94591,1.94635,1.13,1.88
2012.01.10 15:12:48.380,1.9458,1.94622,1.13,1.13
2012.01.10 15:12:50.411,1.94577,1.94621,1.13,1.13
2012.01.10 15:12:50.811,1.94574,1.94616,1.13,1.13
2012.01.10 15:12:51.404,1.94582,1.94627,1.13,1.88
2012.01.10 15:12:51.531,1.9457,1.94614,1.13,1.13
2012.01.10 15:12:52.395,1.94576,1.94618,1.13,1.88
2012.01.10 15:12:52.475,1.94576,1.94616,1.50,1.13
2012.01.10 15:12:52.550,1.9458,1.94626,1.13,1.88
2012.01.10 15:12:53.962,1.9458,1.94626,1.13,1.88
2012.01.10 15:12:54.036,1.94575,1.94619,1.13,1.88
2012.01.10 15:12:54.556,1.94575,1.94619,1.13,1.88
2012.01.10 15:12:54.624,1.94575,1.94619,1.13,1.88
2012.01.10 15:12:54.693,1.94562,1.94606,1.13,1.13
2012.01.10 15:12:54.882,1.94575,1.94619,1.13,1.88
2012.01.10 15:12:55.508,1.94575,1.94613,1.13,1.50
2012.01.10 15:12:56.111,1.94575,1.94616,1.13,2.25
2012.01.10 15:12:56.670,1.94575,1.9461,1.13,1.50
2012.01.10 15:12:56.984,1.94574,1.94607,1.13,1.50
2012.01.10 15:12:57.305,1.94576,1.94607,1.13,1.50
2012.01.10 15:12:57.562,1.94576,1.94617,1.13,1.50
2012.01.10 15:12:57.632,1.94576,1.94617,1.13,2.25
2012.01.10 15:12:58.212,1.94576,1.94614,1.13,1.50
2012.01.10 15:13:00.623,1.94576,1.94616,1.13,2.25
2012.01.10 15:13:01.268,1.94577,1.94616,1.13,2.25
2012.01.10 15:13:01.466,1.94575,1.94615,1.13,2.25
2012.01.10 15:13:01.532,1.94577,1.94615,1.13,2.25
2012.01.10 15:13:02.052,1.94576,1.94618,1.13,1.88
2012.01.10 15:13:03.215,1.94579,1.94621,1.13,2.25
2012.01.10 15:13:03.464,1.94579,1.94627,1.13,1.88
2012.01.10 15:13:03.534,1.94587,1.94634,1.13,2.25
2012.01.10 15:13:03.604,1.94587,1.94634,1.13,2.25
2012.01.10 15:13:03.674,1.94593,1.94634,1.13,2.25
2012.01.10 15:13:04.283,1.94592,1.94634,1.13,2.25
2012.01.10 15:13:05.557,1.94592,1.94638,1.13,1.88
2012.01.10 15:13:05.626,1.94587,1.94639,1.13,1.88
2012.01.10 15:13:05.777,1.94587,1.94639,1.13,1.13
2012.01.10 15:13:05.844,1.94588,1.94636,1.13,1.13
2012.01.10 15:13:05.926,1.94587,1.94639,1.13,1.13
2012.01.10 15:13:07.240,1.94588,1.94636,1.13,1.13
2012.01.10 15:13:07.601,1.94588,1.94636,1.13,1.88
2012.01.10 15:13:08.198,1.94585,1.94629,1.13,1.13
2012.01.10 15:13:08.922,1.94598,1.9464,1.13,1.13
2012.01.10 15:13:09.931,1.94604,1.94646,1.13,1.13
2012.01.10 15:13:11.681,1.94598,1.9464,1.13,1.13
2012.01.10 15:13:13.133,1.94598,1.9464,1.13,1.88
2012.01.10 15:13:14.197,1.94586,1.94628,1.13,1.13
2012.01.10 15:13:16.815,1.94583,1.94627,1.13,1.13
2012.01.10 15:13:16.883,1.94585,1.94627,1.50,1.13
2012.01.10 15:13:17.073,1.94585,1.94637,1.50,1.13
2012.01.10 15:13:17.141,1.94585,1.94627,1.50,1.13
2012.01.10 15:13:17.522,1.9459,1.94627,1.50,1.13
2012.01.10 15:13:17.687,1.94583,1.94627,1.13,1.13
2012.01.10 15:13:18.186,1.94588,1.94627,1.50,1.13
2012.01.10 15:13:18.261,1.94591,1.94656,1.50,1.50
2012.01.10 15:13:18.337,1.94589,1.94653,1.13,2.25
2012.01.10 15:13:18.410,1.94585,1.94652,1.50,1.13
2012.01.10 15:13:18.655,1.94583,1.94648,1.50,1.50
2012.01.10 15:13:18.943,1.94576,1.94642,1.50,1.50
2012.01.10 15:13:19.165,1.94573,1.94639,4.13,1.50
2012.01.10 15:13:19.657,1.94581,1.94639,1.13,1.50
2012.01.10 15:13:20.012,1.94604,1.94655,1.13,1.88
2012.01.10 15:13:20.532,1.94603,1.94654,1.13,1.88
2012.01.10 15:13:20.853,1.94604,1.94652,1.13,1.50
2012.01.10 15:13:21.190,1.94604,1.94649,1.13,1.50
2012.01.10 15:13:21.495,1.94608,1.94649,1.13,1.50
2012.01.10 15:13:21.862,1.94599,1.94648,1.13,1.13
2012.01.10 15:13:21.948,1.94607,1.94653,1.13,1.50
2012.01.10 15:13:22.125,1.94607,1.94658,1.13,2.25
2012.01.10 15:13:22.194,1.94599,1.94648,1.13,1.13
2012.01.10 15:13:25.244,1.94599,1.94648,1.13,3.38
2012.01.10 15:13:25.556,1.94591,1.94644,1.13,3.38
2012.01.10 15:13:25.624,1.94588,1.94643,1.13,1.13
2012.01.10 15:13:25.696,1.94588,1.94643,1.13,1.88
2012.01.10 15:13:27.514,1.94589,1.94642,1.13,1.13
2012.01.10 15:13:28.473,1.94588,1.94638,1.13,1.13
2012.01.10 15:13:28.782,1.94597,1.94641,1.13,1.13
2012.01.10 15:13:30.302,1.94595,1.94652,1.13,2.63
2012.01.10 15:13:30.613,1.94611,1.94655,1.13,2.25
2012.01.10 15:13:32.574,1.94624,1.9466,1.13,2.25
2012.01.10 15:13:34.451,1.94611,1.94657,1.13,1.88
2012.01.10 15:13:34.662,1.946,1.94654,1.13,1.88
2012.01.10 15:13:34.790,1.946,1.94652,1.13,1.50
2012.01.10 15:13:35.733,1.9461,1.94652,1.13,1.50
2012.01.10 15:13:36.055,1.94599,1.94643,1.13,1.13
2012.01.10 15:13:36.532,1.94599,1.9464,1.13,1.50
2012.01.10 15:13:36.740,1.94599,1.94643,1.13,2.63
2012.01.10 15:13:38.191,1.94598,1.94637,1.13,1.50
2012.01.10 15:13:38.475,1.94589,1.94637,1.13,2.63
2012.01.10 15:13:38.723,1.94587,1.94637,1.13,1.50
2012.01.10 15:13:38.853,1.94595,1.94637,1.13,1.50
2012.01.10 15:13:39.575,1.94595,1.94638,1.13,1.50
2012.01.10 15:13:41.376,1.94595,1.94639,1.13,1.13
2012.01.10 15:13:41.980,1.94601,1.94642,1.13,1.50
2012.01.10 15:13:42.302,1.94599,1.94638,1.13,2.25
2012.01.10 15:13:42.443,1.9459,1.94638,1.13,3.38
2012.01.10 15:13:43.010,1.94589,1.94638,1.13,3.38
2012.01.10 15:13:43.141,1.94591,1.94637,1.13,1.88
2012.01.10 15:13:43.494,1.94598,1.94638,1.13,2.25
2012.01.10 15:13:46.213,1.94599,1.94636,1.13,2.25
2012.01.10 15:13:49.573,1.94599,1.94643,1.13,1.13
2012.01.10 15:13:50.140,1.94599,1.94643,1.13,1.88
2012.01.10 15:13:50.280,1.94601,1.94645,1.13,2.22
2012.01.10 15:13:50.464,1.94602,1.94644,1.13,1.88
2012.01.10 15:13:50.537,1.94596,1.94643,1.13,2.25
2012.01.10 15:13:50.662,1.94596,1.94643,1.13,2.25
2012.01.10 15:13:50.809,1.94598,1.94643,1.13,2.25
2012.01.10 15:13:51.204,1.946,1.94649,1.13,2.25
2012.01.10 15:13:51.634,1.946,1.94644,1.13,2.25
2012.01.10 15:13:51.988,1.94605,1.94644,1.13,2.25
2012.01.10 15:13:52.403,1.946,1.94646,1.13,2.25
2012.01.10 15:13:52.966,1.946,1.94647,1.13,2.25
2012.01.10 15:13:53.272,1.94603,1.94647,1.13,2.25
2012.01.10 15:13:53.775,1.94604,1.94647,1.13,2.25
2012.01.10 15:13:54.505,1.946,1.94645,1.13,2.25
2012.01.10 15:13:55.135,1.94599,1.94639,1.13,1.13
2012.01.10 15:13:55.442,1.94601,1.94646,1.13,2.25
2012.01.10 15:13:55.511,1.94601,1.94646,1.13,2.25
2012.01.10 15:13:57.156,1.94601,1.94645,1.13,2.25
2012.01.10 15:13:57.466,1.94599,1.94645,1.13,2.25
2012.01.10 15:13:57.942,1.946,1.94643,1.13,1.50
2012.01.10 15:13:58.014,1.946,1.94641,1.13,1.13
2012.01.10 15:13:58.443,1.94602,1.94645,1.13,2.25
2012.01.10 15:13:58.511,1.94602,1.9464,1.13,1.50
2012.01.10 15:13:58.701,1.94603,1.94647,1.13,1.88
2012.01.10 15:13:59.311,1.94603,1.94647,1.13,1.88
2012.01.10 15:13:59.389,1.94603,1.94647,1.13,1.88
2012.01.10 15:13:59.459,1.94602,1.94642,1.13,1.13
2012.01.10 15:13:59.646,1.94595,1.94636,1.13,1.13
2012.01.10 15:13:59.716,1.94595,1.94636,1.13,1.88
2012.01.10 15:13:59.782,1.94589,1.94632,2.63,1.13
2012.01.10 15:13:59.855,1.94587,1.94633,1.13,1.13
2012.01.10 15:14:00.074,1.9459,1.94633,1.13,1.13
2012.01.10 15:14:01.206,1.94593,1.94633,1.13,1.13
2012.01.10 15:14:03.380,1.94602,1.94642,1.13,3.38
2012.01.10 15:14:03.460,1.94602,1.94642,1.13,2.63
2012.01.10 15:14:03.527,1.9461,1.94642,1.13,1.50
2012.01.10 15:14:03.598,1.94588,1.94642,1.13,1.50
2012.01.10 15:14:03.847,1.94587,1.94639,1.13,1.50
2012.01.10 15:14:04.155,1.94581,1.9463,1.13,1.13
2012.01.10 15:14:04.500,1.94583,1.94631,1.13,1.13
2012.01.10 15:14:04.845,1.94598,1.94635,1.13,1.50
2012.01.10 15:14:05.034,1.94598,1.9464,1.13,1.13
2012.01.10 15:14:05.584,1.94597,1.94639,1.13,1.13
2012.01.10 15:14:07.849,1.94591,1.94633,1.13,1.13
2012.01.10 15:14:07.915,1.94587,1.94633,1.13,1.13
2012.01.10 15:14:08.084,1.94587,1.94631,1.13,1.13
2012.01.10 15:14:08.384,1.94591,1.94632,1.13,1.13
2012.01.10 15:14:08.453,1.94591,1.94636,1.13,1.13
2012.01.10 15:14:08.523,1.94588,1.94637,1.13,1.88
2012.01.10 15:14:08.591,1.94588,1.94637,1.13,1.13
2012.01.10 15:14:08.784,1.94588,1.94635,1.13,1.13
2012.01.10 15:14:09.972,1.94588,1.94635,1.13,1.88
2012.01.10 15:14:10.335,1.94587,1.94627,1.13,1.13
2012.01.10 15:14:11.260,1.94588,1.94628,1.13,1.13
2012.01.10 15:14:13.627,1.94593,1.94634,1.13,2.25
2012.01.10 15:14:13.755,1.94583,1.94638,1.13,2.25
2012.01.10 15:14:14.449,1.94583,1.94639,1.13,2.63
2012.01.10 15:14:14.662,1.94582,1.94639,1.13,3.38
2012.01.10 15:14:15.402,1.94583,1.94638,1.13,2.25
2012.01.10 15:14:16.803,1.94583,1.94638,1.13,1.50
2012.01.10 15:14:16.998,1.94583,1.94633,1.13,1.50
2012.01.10 15:14:17.314,1.94576,1.94623,1.13,1.13
2012.01.10 15:14:17.441,1.94582,1.94633,1.13,1.50
2012.01.10 15:14:17.574,1.94582,1.9463,1.13,1.50
2012.01.10 15:14:18.075,1.94576,1.94623,1.13,1.13
2012.01.10 15:14:19.567,1.94577,1.94625,1.13,1.13
2012.01.10 15:14:19.694,1.94588,1.94627,1.13,1.50
2012.01.10 15:14:19.943,1.94588,1.9464,1.13,2.63
2012.01.10 15:14:20.014,1.94592,1.9464,1.13,2.25
2012.01.10 15:14:20.205,1.94588,1.9464,1.13,1.88
2012.01.10 15:14:20.625,1.94592,1.94643,1.13,3.38
2012.01.10 15:14:20.993,1.94586,1.94626,1.13,1.13
2012.01.10 15:14:21.387,1.94592,1.94637,1.13,2.25
2012.01.10 15:14:21.514,1.94586,1.94626,1.13,1.13
2012.01.10 15:14:22.808,1.94586,1.94626,1.13,1.88
2012.01.10 15:14:25.816,1.94593,1.94627,1.13,2.25
2012.01.10 15:14:26.180,1.9458,1.94622,1.13,1.47
2012.01.10 15:14:26.259,1.9458,1.94616,1.13,1.09
2012.01.10 15:14:26.447,1.9458,1.9462,1.13,1.50
2012.01.10 15:14:26.516,1.94585,1.9462,1.13,1.50
2012.01.10 15:14:26.864,1.94591,1.94617,1.13,2.25
2012.01.10 15:14:26.997,1.94591,1.94632,1.13,1.09
2012.01.10 15:14:27.127,1.94566,1.94632,2.25,1.09
2012.01.10 15:14:27.195,1.94566,1.94633,2.25,1.47
2012.01.10 15:14:27.385,1.94565,1.94631,2.25,1.50
2012.01.10 15:14:27.845,1.94566,1.94632,2.25,1.09
2012.01.10 15:14:28.820,1.94571,1.94632,2.25,1.09
2012.01.10 15:14:29.020,1.94571,1.94632,2.25,1.09
2012.01.10 15:14:29.562,1.94598,1.94626,1.13,2.25
2012.01.10 15:14:30.402,1.94598,1.94628,1.13,1.50
2012.01.10 15:14:30.652,1.94601,1.94628,1.13,1.50
2012.01.10 15:14:30.903,1.94601,1.94635,1.13,1.50
2012.01.10 15:14:31.441,1.94601,1.94638,1.13,1.50
2012.01.10 15:14:31.576,1.94601,1.94638,1.13,2.25
2012.01.10 15:14:31.783,1.94588,1.94637,1.13,1.88
2012.01.10 15:14:32.171,1.94589,1.94632,1.13,1.50
2012.01.10 15:14:33.363,1.94589,1.94634,1.13,1.50
2012.01.10 15:14:33.554,1.94592,1.94634,1.13,1.50
2012.01.10 15:14:33.862,1.94582,1.94622,1.13,1.13
2012.01.10 15:14:34.172,1.94601,1.94634,1.13,2.25
2012.01.10 15:14:34.425,1.94595,1.94634,1.13,2.25
2012.01.10 15:14:34.551,1.94595,1.94634,1.13,2.25
2012.01.10 15:14:34.684,1.94595,1.94634,1.13,2.25
2012.01.10 15:14:34.815,1.94595,1.9463,1.13,2.25
2012.01.10 15:14:35.207,1.94595,1.94627,1.13,2.25
2012.01.10 15:14:35.301,1.94595,1.94627,1.13,2.25
2012.01.10 15:14:35.665,1.94595,1.94632,1.13,2.25
2012.01.10 15:14:35.855,1.94597,1.94632,1.13,2.25
2012.01.10 15:14:36.264,1.94591,1.94627,1.13,2.25
2012.01.10 15:14:36.527,1.9459,1.9463,1.13,3.00
2012.01.10 15:14:37.047,1.94591,1.94629,1.13,2.25
2012.01.10 15:14:37.355,1.94591,1.94622,1.13,1.50
2012.01.10 15:14:37.961,1.94591,1.94623,1.13,1.50
2012.01.10 15:14:38.483,1.94591,1.94626,1.13,2.25
2012.01.10 15:14:38.614,1.94591,1.94626,1.13,1.09
2012.01.10 15:14:38.891,1.94578,1.94627,1.13,2.25
2012.01.10 15:14:39.024,1.9459,1.94627,1.13,2.25
2012.01.10 15:14:39.153,1.9459,1.94627,1.13,1.50
2012.01.10 15:14:39.579,1.94597,1.94627,1.13,1.50
2012.01.10 15:14:40.121,1.94599,1.94626,1.13,1.50
2012.01.10 15:14:40.647,1.94599,1.94628,1.13,1.50
2012.01.10 15:14:40.778,1.94596,1.94629,1.13,1.09
2012.01.10 15:14:40.966,1.94596,1.94633,1.13,1.84
2012.01.10 15:14:41.314,1.94578,1.9462,1.13,1.13
2012.01.10 15:14:41.434,1.94586,1.94628,1.13,3.38
2012.01.10 15:14:41.829,1.94588,1.94628,1.13,2.25
2012.01.10 15:14:41.893,1.94586,1.94628,1.13,3.38
2012.01.10 15:14:42.893,1.94586,1.94609,1.13,1.50
2012.01.10 15:14:43.339,1.94586,1.94607,1.13,1.50
2012.01.10 15:14:43.409,1.94566,1.94607,1.13,1.50
2012.01.10 15:14:43.603,1.94566,1.94617,1.13,1.88
2012.01.10 15:14:43.919,1.94566,1.94617,1.13,1.13
2012.01.10 15:14:44.565,1.94566,1.94617,1.13,1.88
2012.01.10 15:14:47.056,1.94564,1.94614,1.13,1.13
2012.01.10 15:14:47.656,1.94564,1.94611,1.13,1.50
2012.01.10 15:14:49.091,1.94564,1.94614,1.13,2.63
2012.01.10 15:14:49.736,1.94564,1.94614,1.13,3.38
2012.01.10 15:14:49.804,1.94562,1.94613,1.13,1.88
2012.01.10 15:14:49.888,1.94565,1.94613,1.13,1.88
2012.01.10 15:14:49.967,1.94565,1.94613,1.13,1.13
2012.01.10 15:14:50.582,1.94565,1.94612,1.13,1.50
2012.01.10 15:14:53.897,1.94565,1.94613,1.13,1.13
2012.01.10 15:14:54.037,1.94565,1.94613,1.13,1.88
2012.01.10 15:14:54.145,1.94565,1.94613,1.13,1.13
2012.01.10 15:14:54.213,1.94562,1.94613,1.13,1.13
2012.01.10 15:14:56.811,1.9456,1.94612,1.13,1.13
2012.01.10 15:14:57.135,1.94563,1.94612,1.13,1.13
2012.01.10 15:14:57.592,1.94564,1.94614,1.13,1.88
2012.01.10 15:14:57.797,1.94564,1.9461,1.13,1.50
2012.01.10 15:14:58.704,1.94564,1.94612,1.13,2.25
2012.01.10 15:14:58.833,1.9456,1.94606,1.13,2.25
2012.01.10 15:14:58.900,1.9456,1.94606,1.13,2.25
2012.01.10 15:14:59.112,1.94544,1.94606,1.13,2.25
2012.01.10 15:14:59.182,1.94544,1.94606,1.13,1.50
2012.01.10 15:14:59.448,1.94544,1.94596,1.13,1.50
2012.01.10 15:14:59.670,1.94544,1.946,1.13,1.50
2012.01.10 15:14:59.731,1.94544,1.94605,1.13,1.50
2012.01.10 15:15:00.331,1.94544,1.94607,1.13,1.50
2012.01.10 15:15:00.957,1.94544,1.94603,1.13,2.25
2012.01.10 15:15:01.454,1.94537,1.94586,1.50,1.13
2012.01.10 15:15:01.757,1.94544,1.94593,1.13,1.13
2012.01.10 15:15:02.244,1.94536,1.94579,1.13,1.13
2012.01.10 15:15:02.553,1.94559,1.94582,1.13,1.50
2012.01.10 15:15:02.923,1.94522,1.9457,2.37,1.13
2012.01.10 15:15:02.996,1.94538,1.9457,1.50,1.13
2012.01.10 15:15:03.211,1.94536,1.94579,1.13,1.13
2012.01.10 15:15:03.643,1.94534,1.94574,1.13,1.13
2012.01.10 15:15:04.073,1.94532,1.94572,1.13,1.13
2012.01.10 15:15:05.403,1.94533,1.94575,1.13,1.13
2012.01.10 15:15:05.981,1.9453,1.94572,1.13,1.13
2012.01.10 15:15:06.432,1.94533,1.94575,1.13,1.13
2012.01.10 15:15:09.836,1.94537,1.94578,1.13,1.13
2012.01.10 15:15:12.007,1.94539,1.94581,1.13,1.13
2012.01.10 15:15:13.994,1.94536,1.94579,1.13,1.13
2012.01.10 15:15:17.865,1.94543,1.94585,1.13,1.13
2012.01.10 15:15:20.727,1.94531,1.94572,2.63,1.13
2012.01.10 15:15:20.977,1.9454,1.94582,1.13,1.13
2012.01.10 15:15:21.050,1.94535,1.94582,1.13,1.13
2012.01.10 15:15:21.477,1.94523,1.9457,1.13,1.13
2012.01.10 15:15:21.789,1.94529,1.94572,1.13,1.13
2012.01.10 15:15:22.099,1.94541,1.94581,1.13,1.13
2012.01.10 15:15:22.376,1.94535,1.94581,1.13,1.13
2012.01.10 15:15:22.502,1.94534,1.94573,1.50,1.13
2012.01.10 15:15:23.097,1.94531,1.94573,1.13,1.13
2012.01.10 15:15:23.336,1.94537,1.94578,1.13,1.13
2012.01.10 15:15:24.083,1.94532,1.94572,1.13,1.13
2012.01.10 15:15:24.409,1.94532,1.94572,1.88,1.13
2012.01.10 15:15:24.927,1.94544,1.94586,1.13,1.13
2012.01.10 15:15:24.965,1.94553,1.94593,1.13,1.13
2012.01.10 15:15:25.278,1.94552,1.94592,1.88,1.13
2012.01.10 15:15:25.346,1.94552,1.94592,1.13,1.13
2012.01.10 15:15:25.783,1.9454,1.94581,1.50,1.13
2012.01.10 15:15:25.975,1.94545,1.94586,1.13,1.13
2012.01.10 15:15:26.495,1.94533,1.9457,1.50,1.13
2012.01.10 15:15:26.571,1.94556,1.94601,1.13,1.80
2012.01.10 15:15:26.645,1.94556,1.94601,1.13,1.84
2012.01.10 15:15:26.712,1.94556,1.94601,1.13,1.50
2012.01.10 15:15:26.787,1.94556,1.94607,1.13,1.13
2012.01.10 15:15:26.852,1.94546,1.94594,1.50,1.13
2012.01.10 15:15:26.982,1.94546,1.94597,1.50,1.13
2012.01.10 15:15:27.474,1.94541,1.94597,1.13,1.13
2012.01.10 15:15:28.029,1.94544,1.94597,1.13,1.13
2012.01.10 15:15:28.096,1.94544,1.94599,1.13,1.13
2012.01.10 15:15:28.285,1.94541,1.94597,1.13,1.13
2012.01.10 15:15:29.035,1.94536,1.94583,1.50,1.13
2012.01.10 15:15:29.375,1.94533,1.94583,1.13,1.13
2012.01.10 15:15:29.501,1.94533,1.94583,1.88,1.13
2012.01.10 15:15:29.975,1.94543,1.94585,1.13,1.13
2012.01.10 15:15:30.195,1.94535,1.94583,1.50,1.13
2012.01.10 15:15:30.463,1.94539,1.94582,1.13,1.13
2012.01.10 15:15:32.013,1.94538,1.94582,1.13,1.13
2012.01.10 15:15:32.838,1.94532,1.94574,1.13,1.13
2012.01.10 15:15:33.024,1.94533,1.94579,1.88,1.13
2012.01.10 15:15:33.154,1.94534,1.94577,1.88,1.13
2012.01.10 15:15:33.287,1.9454,1.94593,1.13,1.13
2012.01.10 15:15:33.595,1.94533,1.94572,2.25,1.13
2012.01.10 15:15:33.904,1.94542,1.94572,1.50,1.13
2012.01.10 15:15:34.031,1.94532,1.94572,1.88,1.13
2012.01.10 15:15:34.822,1.94532,1.94572,1.13,1.13
2012.01.10 15:15:36.998,1.94532,1.94574,1.13,1.13
2012.01.10 15:15:37.069,1.94532,1.94572,1.13,1.13
2012.01.10 15:15:37.352,1.94532,1.94574,1.13,1.13
2012.01.10 15:15:38.202,1.94532,1.94572,1.13,1.13
2012.01.10 15:15:41.045,1.94528,1.9457,1.13,1.13
2012.01.10 15:15:42.034,1.94519,1.94559,2.63,1.13
2012.01.10 15:15:42.374,1.94523,1.94559,1.50,1.13
2012.01.10 15:15:42.523,1.9452,1.94559,1.50,1.13
2012.01.10 15:15:42.936,1.94516,1.94558,1.13,1.13
2012.01.10 15:15:43.266,1.94516,1.94558,1.88,1.13
2012.01.10 15:15:43.712,1.94515,1.94555,1.88,1.13
2012.01.10 15:15:43.799,1.94538,1.94579,1.13,1.13
2012.01.10 15:15:43.940,1.94542,1.94585,1.88,1.13
2012.01.10 15:15:44.066,1.94549,1.9459,1.13,1.50
2012.01.10 15:15:44.136,1.94549,1.94592,1.13,1.50
2012.01.10 15:15:44.286,1.94549,1.946,1.13,1.88
2012.01.10 15:15:44.415,1.94549,1.946,1.13,1.13
2012.01.10 15:15:45.893,1.94543,1.94584,1.13,1.13
2012.01.10 15:15:47.157,1.94556,1.94596,1.13,1.13
2012.01.10 15:15:47.726,1.94546,1.94586,1.13,1.13
2012.01.10 15:15:47.799,1.94543,1.94586,1.13,1.13
2012.01.10 15:15:47.988,1.9453,1.9459,1.47,1.13
2012.01.10 15:15:48.055,1.94549,1.94591,1.13,1.50
2012.01.10 15:15:48.307,1.94549,1.94594,1.13,1.50
2012.01.10 15:15:48.375,1.94549,1.94599,1.13,1.13
2012.01.10 15:15:48.506,1.94541,1.94596,1.50,1.13
2012.01.10 15:15:49.203,1.94545,1.94597,1.50,1.13
2012.01.10 15:15:49.643,1.94541,1.94598,1.65,1.13
2012.01.10 15:15:49.835,1.9454,1.94596,1.43,1.13
2012.01.10 15:15:50.359,1.9454,1.94596,1.13,1.13
2012.01.10 15:15:50.988,1.94537,1.94581,1.50,1.13
2012.01.10 15:15:51.058,1.94532,1.94581,1.13,1.13
2012.01.10 15:15:53.355,1.94532,1.94576,1.13,1.13
2012.01.10 15:15:55.022,1.94533,1.94576,1.13,1.13
2012.01.10 15:15:55.735,1.94532,1.94576,1.13,1.13
2012.01.10 15:15:55.828,1.94534,1.9458,1.50,1.13
2012.01.10 15:15:56.015,1.94542,1.94584,1.13,2.22
2012.01.10 15:15:56.086,1.94525,1.94574,1.13,1.13
2012.01.10 15:15:56.353,1.94524,1.94559,1.50,1.13
2012.01.10 15:15:56.495,1.9452,1.94559,1.50,1.13
2012.01.10 15:15:56.563,1.94518,1.94559,1.13,1.13
2012.01.10 15:15:57.926,1.94508,1.94557,1.13,1.13
2012.01.10 15:15:57.993,1.94517,1.9456,1.13,1.13
2012.01.10 15:16:01.474,1.94504,1.94545,1.50,1.13
2012.01.10 15:16:01.783,1.94504,1.94532,1.50,1.13
2012.01.10 15:16:02.155,1.94489,1.94532,1.50,1.13
2012.01.10 15:16:02.226,1.94485,1.94532,1.50,1.13
2012.01.10 15:16:02.995,1.9449,1.94532,1.50,1.13
2012.01.10 15:16:04.623,1.9449,1.94519,1.50,1.13
2012.01.10 15:16:04.755,1.9449,1.94532,1.50,1.13
2012.01.10 15:16:04.884,1.94486,1.94532,3.00,1.13
2012.01.10 15:16:05.402,1.94492,1.94532,1.50,1.13
2012.01.10 15:16:06.056,1.94492,1.94531,1.50,1.13
2012.01.10 15:16:06.401,1.94496,1.94531,1.50,1.13
2012.01.10 15:16:06.593,1.94499,1.94545,1.50,1.13
2012.01.10 15:16:06.663,1.94497,1.94545,1.50,1.13
2012.01.10 15:16:06.731,1.94494,1.94544,1.13,1.13
2012.01.10 15:16:06.961,1.94486,1.94529,1.13,1.13
2012.01.10 15:16:07.290,1.94494,1.94534,1.13,1.13
2012.01.10 15:16:08.266,1.94497,1.94538,1.13,1.13
2012.01.10 15:16:09.100,1.9448,1.94523,1.13,1.13
2012.01.10 15:16:10.382,1.94486,1.94527,1.13,1.13
2012.01.10 15:16:10.928,1.94481,1.94522,1.13,1.13
2012.01.10 15:16:11.685,1.94486,1.94527,1.13,1.13
2012.01.10 15:16:12.123,1.9449,1.9453,1.13,1.13
2012.01.10 15:16:12.688,1.94483,1.94525,1.13,1.13
2012.01.10 15:16:13.087,1.94483,1.94525,1.88,1.13
2012.01.10 15:16:13.453,1.94496,1.94536,1.13,1.13
2012.01.10 15:16:17.612,1.94483,1.94525,1.13,1.13
2012.01.10 15:16:19.620,1.94483,1.94525,1.88,1.13
2012.01.10 15:16:19.691,1.94495,1.94537,1.13,1.13
2012.01.10 15:16:20.405,1.94495,1.94537,1.47,1.13
2012.01.10 15:16:20.983,1.94508,1.94548,1.13,1.13
2012.01.10 15:16:21.067,1.94511,1.94557,1.13,1.13
2012.01.10 15:16:21.259,1.94508,1.94548,1.13,1.13
2012.01.10 15:16:23.987,1.9452,1.9456,1.13,1.13
2012.01.10 15:16:24.235,1.94514,1.94558,1.13,1.13
2012.01.10 15:16:25.438,1.94509,1.94556,1.13,1.13
2012.01.10 15:16:27.879,1.94521,1.94561,1.13,1.13
2012.01.10 15:16:28.195,1.94525,1.94565,1.13,1.13
2012.01.10 15:16:28.324,1.94523,1.94565,1.13,1.13
2012.01.10 15:16:28.709,1.9453,1.9457,1.13,1.13
2012.01.10 15:16:29.161,1.94525,1.94565,1.13,1.13
2012.01.10 15:16:30.372,1.94524,1.94564,1.13,1.13
2012.01.10 15:16:32.033,1.94525,1.94565,1.13,1.13
2012.01.10 15:16:33.867,1.94525,1.94567,1.13,1.13
2012.01.10 15:16:35.674,1.94528,1.9457,1.13,1.13
2012.01.10 15:16:36.190,1.94533,1.94575,1.13,1.13
2012.01.10 15:16:36.741,1.94533,1.94575,1.13,1.88
2012.01.10 15:16:37.871,1.94527,1.94568,1.13,1.13
2012.01.10 15:16:38.185,1.94544,1.94583,1.13,1.50
2012.01.10 15:16:38.649,1.94545,1.94588,1.13,1.88
2012.01.10 15:16:38.717,1.94537,1.94583,1.13,1.13
2012.01.10 15:16:38.902,1.94543,1.94585,1.13,1.88
2012.01.10 15:16:39.691,1.94548,1.9459,1.13,1.88
2012.01.10 15:16:39.836,1.94541,1.94584,1.13,1.13
2012.01.10 15:16:39.967,1.94553,1.94592,1.13,1.50
2012.01.10 15:16:40.595,1.94554,1.94594,1.13,1.09
2012.01.10 15:16:40.674,1.94554,1.94594,1.13,1.09
2012.01.10 15:16:40.748,1.94536,1.94577,1.13,1.13
2012.01.10 15:16:40.933,1.94544,1.94586,1.13,1.13
2012.01.10 15:16:41.444,1.94544,1.94586,1.13,1.47
2012.01.10 15:16:41.572,1.94548,1.9459,1.13,1.47
2012.01.10 15:16:42.196,1.94547,1.94589,1.13,1.47
2012.01.10 15:16:42.767,1.94548,1.94588,1.13,1.47
2012.01.10 15:16:43.472,1.94547,1.94587,1.13,1.47
2012.01.10 15:16:43.674,1.9454,1.9458,1.13,1.13
2012.01.10 15:16:45.743,1.94542,1.94584,1.13,1.13
2012.01.10 15:16:46.404,1.94543,1.94587,1.13,1.47
2012.01.10 15:16:46.776,1.94548,1.9459,1.13,1.47
2012.01.10 15:16:47.326,1.94536,1.94578,1.13,1.13
2012.01.10 15:16:47.796,1.94542,1.94582,1.13,1.50
2012.01.10 15:16:48.109,1.94552,1.94582,1.13,1.50
2012.01.10 15:16:48.486,1.94556,1.94582,1.13,1.50
2012.01.10 15:16:48.545,1.94551,1.94591,1.13,1.13
2012.01.10 15:16:48.755,1.94553,1.94595,1.13,2.25
2012.01.10 15:16:48.882,1.94553,1.94595,1.13,2.25
2012.01.10 15:16:49.072,1.94537,1.94577,1.13,1.13
2012.01.10 15:16:52.467,1.94541,1.94581,1.13,1.13
2012.01.10 15:16:52.946,1.94534,1.94577,1.13,1.13
2012.01.10 15:16:53.394,1.94517,1.94564,1.13,1.13
2012.01.10 15:16:53.583,1.94515,1.94562,1.13,1.13
2012.01.10 15:16:55.935,1.9452,1.94562,1.50,1.13
2012.01.10 15:16:56.002,1.94534,1.94586,1.13,2.25
2012.01.10 15:16:56.131,1.94534,1.94586,1.13,1.50
2012.01.10 15:16:56.654,1.94534,1.9459,1.13,3.38
2012.01.10 15:16:56.904,1.9453,1.94579,1.13,1.13
2012.01.10 15:16:57.436,1.94529,1.94578,1.13,1.13
2012.01.10 15:16:57.827,1.9454,1.94592,1.13,1.13
2012.01.10 15:16:58.039,1.94527,1.9459,2.18,1.13
2012.01.10 15:17:00.111,1.94537,1.94588,1.13,1.50
2012.01.10 15:17:00.427,1.94537,1.94588,1.13,2.25
2012.01.10 15:17:00.753,1.94529,1.94575,1.13,1.13
2012.01.10 15:17:01.546,1.94539,1.94576,1.13,1.50
2012.01.10 15:17:01.613,1.94539,1.94579,1.13,2.63
2012.01.10 15:17:01.685,1.94534,1.94575,1.13,1.13
2012.01.10 15:17:02.189,1.94534,1.94576,1.13,1.13
2012.01.10 15:17:15.210,1.94537,1.94577,1.13,1.50
2012.01.10 15:17:15.406,1.94537,1.94579,1.13,1.13
2012.01.10 15:17:15.476,1.94539,1.94579,1.13,1.13
2012.01.10 15:17:15.791,1.94534,1.94576,1.13,1.13
2012.01.10 15:17:16.402,1.94534,1.94572,1.13,1.50
2012.01.10 15:17:16.754,1.94537,1.94572,1.13,1.50
2012.01.10 15:17:16.972,1.94534,1.94572,1.13,1.50
2012.01.10 15:17:17.283,1.94534,1.94574,1.13,1.50
2012.01.10 15:17:17.490,1.94534,1.94576,1.13,1.13
2012.01.10 15:17:18.608,1.94539,1.94577,1.13,1.50
2012.01.10 15:17:19.352,1.94539,1.94575,1.13,1.50
2012.01.10 15:17:19.425,1.94535,1.94575,1.13,2.63
2012.01.10 15:17:20.493,1.94535,1.94574,1.13,1.50
2012.01.10 15:17:20.633,1.94535,1.94571,1.13,1.50
2012.01.10 15:17:22.642,1.94535,1.94573,1.13,1.50
2012.01.10 15:17:22.715,1.9453,1.94573,1.13,1.50
2012.01.10 15:17:23.316,1.9453,1.94571,1.13,1.50
2012.01.10 15:17:23.386,1.94528,1.94571,1.13,1.50
2012.01.10 15:17:23.874,1.94526,1.9457,1.13,1.50
2012.01.10 15:17:23.946,1.94526,1.94566,1.13,1.50
2012.01.10 15:17:24.077,1.94519,1.94562,1.13,1.47
2012.01.10 15:17:24.147,1.94517,1.94562,1.13,1.47
2012.01.10 15:17:24.557,1.94514,1.94563,1.13,1.47
2012.01.10 15:17:25.089,1.94515,1.94563,1.13,2.97
2012.01.10 15:17:26.441,1.94515,1.94561,1.13,1.50
2012.01.10 15:17:27.026,1.94524,1.94561,1.13,1.50
2012.01.10 15:17:27.157,1.94507,1.94556,1.13,1.13
2012.01.10 15:17:27.687,1.94509,1.94553,1.13,1.50
2012.01.10 15:17:27.760,1.94506,1.94553,1.13,1.50
2012.01.10 15:17:27.883,1.94506,1.94557,1.13,1.13
2012.01.10 15:17:30.466,1.94506,1.94556,1.13,1.50
2012.01.10 15:17:30.781,1.94505,1.94554,1.13,1.50
2012.01.10 15:17:31.654,1.94505,1.94556,1.13,1.13
2012.01.10 15:17:31.933,1.94524,1.9456,1.13,1.50
2012.01.10 15:17:34.616,1.94516,1.94557,1.13,1.50
2012.01.10 15:17:34.745,1.94518,1.94557,1.13,1.50
2012.01.10 15:17:35.303,1.94517,1.94557,1.13,1.50
2012.01.10 15:17:35.698,1.94512,1.94555,1.13,1.50
2012.01.10 15:17:36.250,1.94503,1.94549,1.13,1.13
2012.01.10 15:17:36.433,1.94503,1.94547,1.13,1.50
2012.01.10 15:17:36.879,1.94503,1.94543,1.13,1.50
2012.01.10 15:17:36.946,1.94501,1.94543,1.13,1.50
2012.01.10 15:17:37.107,1.94509,1.94543,1.13,1.50
2012.01.10 15:17:37.503,1.94513,1.94541,1.13,1.50
2012.01.10 15:17:37.973,1.94507,1.94541,1.13,1.50
2012.01.10 15:17:38.035,1.94518,1.94541,1.13,1.50
2012.01.10 15:17:38.220,1.94511,1.94541,1.13,1.50
2012.01.10 15:17:38.353,1.94511,1.94545,1.13,2.25
2012.01.10 15:17:38.423,1.94511,1.94549,1.13,1.50
2012.01.10 15:17:39.023,1.94511,1.94547,1.13,1.50
2012.01.10 15:17:41.176,1.94511,1.94549,1.13,3.00
2012.01.10 15:17:41.931,1.94511,1.94549,1.13,2.25
2012.01.10 15:17:42.004,1.94504,1.94546,1.13,1.88
2012.01.10 15:17:42.131,1.94504,1.94546,1.13,1.13
2012.01.10 15:17:42.322,1.9451,1.94549,1.13,1.50
2012.01.10 15:17:43.025,1.94515,1.94554,1.13,1.50
2012.01.10 15:17:43.560,1.94515,1.94555,1.13,2.25
2012.01.10 15:17:44.097,1.94515,1.9455,1.13,1.50
2012.01.10 15:17:45.036,1.94489,1.94536,1.13,1.13
2012.01.10 15:17:45.692,1.94502,1.94537,1.13,1.50
2012.01.10 15:17:45.762,1.94502,1.94545,1.13,1.50
2012.01.10 15:17:46.464,1.94514,1.94545,1.13,1.50
2012.01.10 15:17:46.715,1.94514,1.94547,1.13,1.50
2012.01.10 15:17:46.916,1.94514,1.94551,1.13,1.50
2012.01.10 15:17:47.801,1.94513,1.94551,1.13,1.50
2012.01.10 15:17:47.934,1.94513,1.94549,1.13,1.50
2012.01.10 15:17:48.392,1.9451,1.94549,1.13,1.50
2012.01.10 15:17:48.892,1.9451,1.94546,1.13,1.50
2012.01.10 15:17:50.133,1.94509,1.94546,1.13,1.50
2012.01.10 15:17:50.203,1.94509,1.94548,1.13,1.50
2012.01.10 15:17:50.855,1.94509,1.94546,1.13,1.50
2012.01.10 15:17:51.475,1.94504,1.94544,1.13,1.13
2012.01.10 15:17:51.660,1.94504,1.94542,1.13,1.50
2012.01.10 15:17:51.970,1.94509,1.94542,1.13,1.50
2012.01.10 15:17:53.056,1.94509,1.94544,1.13,1.50
2012.01.10 15:17:53.386,1.94509,1.94546,1.13,1.50
2012.01.10 15:17:54.631,1.94509,1.94548,1.13,3.00
2012.01.10 15:17:55.014,1.94501,1.94546,1.13,1.13
2012.01.10 15:17:55.345,1.94498,1.94538,1.13,1.13
2012.01.10 15:17:55.783,1.94495,1.94539,1.13,1.13
2012.01.10 15:17:55.856,1.94495,1.94534,1.13,1.50
2012.01.10 15:17:56.320,1.94495,1.94537,1.13,1.50
2012.01.10 15:17:56.888,1.94488,1.94532,1.13,1.13
2012.01.10 15:17:57.016,1.94485,1.94527,1.13,1.13
2012.01.10 15:17:57.575,1.94497,1.94533,1.13,1.50
2012.01.10 15:17:57.902,1.94497,1.94536,1.13,3.00
2012.01.10 15:17:58.034,1.94497,1.9454,1.13,1.13
2012.01.10 15:17:58.503,1.94497,1.94538,1.13,1.50
2012.01.10 15:17:58.854,1.94488,1.94528,1.13,1.13
2012.01.10 15:17:59.066,1.94485,1.94527,1.13,1.13
2012.01.10 15:17:59.469,1.94499,1.94531,1.13,1.50
2012.01.10 15:17:59.908,1.94499,1.94539,1.13,1.13
2012.01.10 15:17:59.979,1.94499,1.94541,1.13,1.13
2012.01.10 15:18:00.117,1.94505,1.94547,1.13,1.50
2012.01.10 15:18:00.454,1.94511,1.94552,1.13,1.13
2012.01.10 15:18:00.523,1.94501,1.9455,1.13,1.13
2012.01.10 15:18:00.959,1.94511,1.94552,1.13,2.63
2012.01.10 15:18:01.702,1.94517,1.94559,1.13,1.13
2012.01.10 15:18:02.142,1.94511,1.94552,1.13,1.13
2012.01.10 15:18:02.853,1.94502,1.94549,1.13,1.13
2012.01.10 15:18:04.513,1.94505,1.94549,1.13,1.13
2012.01.10 15:18:05.120,1.94502,1.9455,1.13,1.13
2012.01.10 15:18:08.315,1.94509,1.94551,1.13,1.13
2012.01.10 15:18:08.745,1.94513,1.94556,1.13,1.50
2012.01.10 15:18:09.118,1.94514,1.94559,1.13,1.13
2012.01.10 15:18:09.187,1.94516,1.9456,1.13,1.13
2012.01.10 15:18:09.714,1.94516,1.9456,1.13,3.38
2012.01.10 15:18:09.931,1.9451,1.94553,1.13,1.13
2012.01.10 15:18:10.065,1.94501,1.9455,1.13,1.13
2012.01.10 15:18:10.603,1.94501,1.94548,1.13,1.50
2012.01.10 15:18:10.955,1.94498,1.94548,1.13,2.63
2012.01.10 15:18:11.359,1.94498,1.94539,1.13,1.50
2012.01.10 15:18:11.431,1.94498,1.94541,1.13,1.50
2012.01.10 15:18:11.501,1.94498,1.94543,1.13,1.50
2012.01.10 15:18:11.998,1.94497,1.94541,1.13,1.13
2012.01.10 15:18:12.063,1.94489,1.9454,1.13,1.13
2012.01.10 15:18:12.194,1.94489,1.94536,1.13,1.13
2012.01.10 15:18:12.955,1.94498,1.94538,1.13,1.13
2012.01.10 15:18:13.357,1.94491,1.94538,1.13,1.13
2012.01.10 15:18:13.422,1.94493,1.94537,1.13,1.13
2012.01.10 15:18:13.746,1.94496,1.94538,1.13,1.13
2012.01.10 15:18:14.233,1.94492,1.94538,1.13,1.13
2012.01.10 15:18:14.303,1.94496,1.94538,1.13,1.13
2012.01.10 15:18:14.811,1.94493,1.94537,1.13,1.13
2012.01.10 15:18:15.332,1.94493,1.94537,1.13,2.97
2012.01.10 15:18:15.685,1.94476,1.945,3.75,1.13
2012.01.10 15:18:15.812,1.94478,1.94529,1.50,1.13
2012.01.10 15:18:15.990,1.94475,1.94529,1.13,1.13
2012.01.10 15:18:16.551,1.94479,1.94529,1.50,1.13
2012.01.10 15:18:17.134,1.94492,1.94538,1.13,1.13
2012.01.10 15:18:17.447,1.94501,1.94542,1.13,1.13
2012.01.10 15:18:17.824,1.94498,1.94538,1.13,1.13
2012.01.10 15:18:17.894,1.94491,1.94538,1.13,1.13
2012.01.10 15:18:18.335,1.94488,1.9453,1.13,1.13
2012.01.10 15:18:19.403,1.94485,1.94527,1.13,1.13
2012.01.10 15:18:19.839,1.94489,1.94531,1.13,1.13
2012.01.10 15:18:21.005,1.94495,1.94539,1.13,1.13
2012.01.10 15:18:24.713,1.94495,1.94539,1.88,1.13
2012.01.10 15:18:24.844,1.94509,1.9455,1.13,1.13
2012.01.10 15:18:25.895,1.94514,1.94554,1.13,1.13
2012.01.10 15:18:26.025,1.94528,1.94571,1.13,2.25
2012.01.10 15:18:26.151,1.94535,1.94571,1.13,2.25
2012.01.10 15:18:26.772,1.94534,1.94574,1.13,3.38
2012.01.10 15:18:28.214,1.94535,1.94575,1.13,1.50
2012.01.10 15:18:28.346,1.94535,1.94576,1.13,1.88
2012.01.10 15:18:29.042,1.94535,1.94575,1.13,1.09
2012.01.10 15:18:29.524,1.94523,1.94563,1.13,1.13
2012.01.10 15:18:29.844,1.94523,1.94546,1.13,1.50
2012.01.10 15:18:30.398,1.94522,1.94546,1.13,1.50
2012.01.10 15:18:30.462,1.94522,1.94562,1.13,1.50
2012.01.10 15:18:32.102,1.94521,1.94562,1.13,1.84
2012.01.10 15:18:32.327,1.94521,1.94558,1.13,1.50
2012.01.10 15:18:33.180,1.94521,1.94556,1.13,1.50
2012.01.10 15:18:33.563,1.94521,1.94554,1.13,1.50
2012.01.10 15:18:33.896,1.94527,1.9456,1.13,1.50
2012.01.10 15:18:33.967,1.94508,1.94548,1.13,1.13
2012.01.10 15:18:34.521,1.9451,1.94542,1.13,1.50
2012.01.10 15:18:34.744,1.9451,1.94552,1.13,1.13
2012.01.10 15:18:35.349,1.94513,1.94552,1.13,1.50
2012.01.10 15:18:35.475,1.94501,1.94548,1.13,1.13
2012.01.10 15:18:35.604,1.94514,1.94552,1.13,1.50
2012.01.10 15:18:36.191,1.94513,1.9455,1.13,1.50
2012.01.10 15:18:36.533,1.94513,1.94546,1.13,1.50
2012.01.10 15:18:36.854,1.94513,1.94544,1.13,1.50
2012.01.10 15:18:36.921,1.94513,1.94549,1.13,1.50
2012.01.10 15:18:38.533,1.94514,1.94549,1.13,1.50
2012.01.10 15:18:39.367,1.94507,1.94549,1.13,2.63
2012.01.10 15:18:39.438,1.945,1.94542,1.13,1.13
2012.01.10 15:18:39.867,1.94502,1.94542,1.13,1.13
2012.01.10 15:18:40.341,1.94502,1.94535,1.13,1.50
2012.01.10 15:18:40.418,1.94501,1.94541,1.13,1.13
2012.01.10 15:18:43.693,1.94502,1.94544,1.13,1.13
2012.01.10 15:18:45.328,1.94502,1.94543,1.13,1.50
2012.01.10 15:18:45.398,1.94502,1.9454,1.13,1.50
2012.01.10 15:18:45.583,1.94502,1.94544,1.13,1.13
2012.01.10 15:18:46.573,1.94502,1.94543,1.13,1.50
2012.01.10 15:18:47.121,1.94502,1.94543,1.13,1.84
2012.01.10 15:18:47.644,1.9449,1.94532,1.13,1.13
2012.01.10 15:18:47.869,1.94503,1.94536,1.13,1.50
2012.01.10 15:18:48.293,1.94503,1.94533,1.13,1.50
2012.01.10 15:18:48.481,1.94503,1.94543,1.13,1.13
2012.01.10 15:18:49.330,1.94503,1.9454,1.13,1.50
2012.01.10 15:18:50.098,1.94503,1.94543,1.13,1.13
2012.01.10 15:18:53.151,1.94506,1.94546,1.13,1.50
2012.01.10 15:18:53.487,1.94505,1.94544,1.13,1.50
2012.01.10 15:18:53.706,1.945,1.94545,1.13,2.63
2012.01.10 15:18:53.952,1.94507,1.94547,1.13,2.63
2012.01.10 15:18:54.428,1.94509,1.94547,1.13,1.50
2012.01.10 15:18:54.497,1.94501,1.94547,1.13,1.50
2012.01.10 15:18:54.622,1.94499,1.94546,1.13,1.13
2012.01.10 15:18:54.754,1.94499,1.94542,1.13,1.50
2012.01.10 15:18:55.084,1.94521,1.9454,1.13,1.50
2012.01.10 15:18:55.152,1.94521,1.94542,1.13,1.50
2012.01.10 15:18:55.221,1.94521,1.94556,1.13,1.50
2012.01.10 15:18:55.351,1.94524,1.94556,1.13,1.50
2012.01.10 15:18:56.163,1.94524,1.94561,1.13,1.50
2012.01.10 15:18:56.234,1.94524,1.94565,1.13,1.88
2012.01.10 15:18:56.446,1.94523,1.94563,1.13,1.13
2012.01.10 15:18:57.930,1.94523,1.9456,1.13,1.50
2012.01.10 15:18:58.733,1.94522,1.9456,1.13,1.50
2012.01.10 15:18:59.042,1.94527,1.94565,1.13,1.50
2012.01.10 15:18:59.306,1.94522,1.94562,1.13,1.13
2012.01.10 15:18:59.818,1.94521,1.94561,1.13,1.13
2012.01.10 15:18:59.888,1.94504,1.94553,1.13,1.13
2012.01.10 15:19:00.014,1.94505,1.94555,1.13,1.13
2012.01.10 15:19:00.188,1.94505,1.94552,1.13,1.50
2012.01.10 15:19:00.744,1.94505,1.94551,1.13,1.50
2012.01.10 15:19:01.021,1.94505,1.94555,1.13,1.13
2012.01.10 15:19:02.097,1.94512,1.94561,1.13,1.88
2012.01.10 15:19:02.166,1.94512,1.94561,1.13,1.13
2012.01.10 15:19:02.235,1.94517,1.94563,1.13,1.50
2012.01.10 15:19:02.592,1.94519,1.94554,1.13,1.50
2012.01.10 15:19:03.059,1.94521,1.94554,1.13,1.50
2012.01.10 15:19:03.183,1.94521,1.94561,1.13,1.50
2012.01.10 15:19:03.502,1.94521,1.94568,1.13,2.25
2012.01.10 15:19:04.127,1.94518,1.94568,1.13,2.25
2012.01.10 15:19:04.550,1.94517,1.94568,1.13,2.63
2012.01.10 15:19:04.677,1.9453,1.94563,1.13,1.50
2012.01.10 15:19:04.803,1.9453,1.94567,1.13,1.50
2012.01.10 15:19:04.966,1.9453,1.94563,1.13,1.50
2012.01.10 15:19:05.188,1.9453,1.9457,1.13,1.50
2012.01.10 15:19:05.517,1.9453,1.94574,1.13,2.63
2012.01.10 15:19:05.896,1.94525,1.94574,1.13,2.63
2012.01.10 15:19:06.183,1.94525,1.9457,1.13,1.50
2012.01.10 15:19:06.772,1.94525,1.94574,1.13,1.13
2012.01.10 15:19:07.942,1.94542,1.9457,1.13,1.50
2012.01.10 15:19:08.191,1.94525,1.9457,1.13,1.50
2012.01.10 15:19:08.525,1.94525,1.94573,1.13,1.50
2012.01.10 15:19:08.962,1.94536,1.94576,1.13,1.13
2012.01.10 15:19:09.643,1.94536,1.94576,1.13,1.88
2012.01.10 15:19:09.716,1.94518,1.94567,1.13,1.13
2012.01.10 15:19:10.066,1.94518,1.94567,1.13,1.88
2012.01.10 15:19:10.318,1.9451,1.94564,1.50,1.13
2012.01.10 15:19:10.995,1.94509,1.94564,1.50,1.13
2012.01.10 15:19:11.494,1.94509,1.94562,1.50,1.13
2012.01.10 15:19:11.683,1.94509,1.94565,1.50,1.88
2012.01.10 15:19:12.664,1.94509,1.94562,1.50,2.25
2012.01.10 15:19:12.989,1.94522,1.94562,1.13,2.25
2012.01.10 15:19:13.064,1.94522,1.94559,1.13,1.50
2012.01.10 15:19:14.903,1.94521,1.94559,1.13,1.50
2012.01.10 15:19:15.300,1.94523,1.94559,1.13,1.50
2012.01.10 15:19:16.684,1.94523,1.94557,1.13,1.50
2012.01.10 15:19:20.375,1.94523,1.94557,1.13,1.84
2012.01.10 15:19:20.446,1.94518,1.94557,1.13,1.84
2012.01.10 15:19:20.514,1.9451,1.94549,1.13,1.50
2012.01.10 15:19:20.702,1.9451,1.9455,1.13,2.25
2012.01.10 15:19:21.080,1.94502,1.94542,1.13,1.13
2012.01.10 15:19:21.147,1.94509,1.9455,1.13,2.63
2012.01.10 15:19:21.211,1.94509,1.94545,1.13,1.50
2012.01.10 15:19:21.790,1.94509,1.94544,1.13,1.84
2012.01.10 15:19:22.092,1.94509,1.94532,1.13,1.50
2012.01.10 15:19:22.166,1.94472,1.94514,1.13,1.13
2012.01.10 15:19:22.355,1.94492,1.9453,1.13,1.50
2012.01.10 15:19:22.482,1.94492,1.94532,1.13,1.50
2012.01.10 15:19:22.732,1.94492,1.94537,1.13,1.50
2012.01.10 15:19:23.171,1.94508,1.94551,1.13,1.88
2012.01.10 15:19:23.898,1.94509,1.9455,1.13,1.88
2012.01.10 15:19:24.230,1.94507,1.94549,1.13,2.25
2012.01.10 15:19:25.049,1.94508,1.94549,1.13,2.25
2012.01.10 15:19:26.135,1.9451,1.94548,1.13,2.25
2012.01.10 15:19:26.203,1.9451,1.94548,1.13,1.50
2012.01.10 15:19:26.930,1.94509,1.94548,1.13,1.50
2012.01.10 15:19:28.422,1.94509,1.94544,1.13,1.50
2012.01.10 15:19:32.110,1.94495,1.94537,1.13,1.13
2012.01.10 15:19:32.305,1.94496,1.94531,1.13,1.50
2012.01.10 15:19:32.435,1.94496,1.94537,1.13,1.13
2012.01.10 15:19:32.504,1.94507,1.94544,1.13,1.50
2012.01.10 15:19:33.095,1.94507,1.9455,1.13,1.13
2012.01.10 15:19:33.888,1.94507,1.94549,1.13,1.50
2012.01.10 15:19:34.932,1.94506,1.94549,1.13,1.50
2012.01.10 15:19:35.523,1.94506,1.9455,1.13,1.13
2012.01.10 15:19:36.376,1.94499,1.94541,1.13,1.13
2012.01.10 15:19:36.429,1.94501,1.94547,1.13,1.50
2012.01.10 15:19:36.499,1.94509,1.94547,1.13,1.50
2012.01.10 15:19:36.706,1.94507,1.94547,1.13,2.63
2012.01.10 15:19:36.836,1.9451,1.94547,1.13,3.00
2012.01.10 15:19:36.962,1.9451,1.9455,1.13,1.50
2012.01.10 15:19:39.224,1.9451,1.94542,1.13,1.50
2012.01.10 15:19:39.413,1.94497,1.94539,1.13,1.13
2012.01.10 15:19:39.871,1.94497,1.94537,1.13,1.50
2012.01.10 15:19:40.315,1.94497,1.94539,1.13,2.63
2012.01.10 15:19:41.169,1.94497,1.94538,1.13,1.50
2012.01.10 15:19:41.443,1.94497,1.94535,1.13,1.50
2012.01.10 15:19:41.772,1.94497,1.94539,1.13,1.13
2012.01.10 15:19:42.366,1.94497,1.94537,1.13,1.50
2012.01.10 15:19:42.791,1.94497,1.94534,1.13,1.50
2012.01.10 15:19:45.286,1.94497,1.94537,1.13,1.50
2012.01.10 15:19:45.353,1.94509,1.94549,1.13,1.50
2012.01.10 15:19:46.388,1.94509,1.94548,1.13,1.50
2012.01.10 15:19:46.931,1.94509,1.94544,1.13,1.50
2012.01.10 15:19:48.876,1.94509,1.94536,1.13,1.50
2012.01.10 15:19:49.004,1.94497,1.94536,1.13,1.50
2012.01.10 15:19:49.567,1.94497,1.94532,1.13,1.50
2012.01.10 15:19:49.988,1.94497,1.94535,1.13,1.50
2012.01.10 15:19:50.053,1.94497,1.94539,1.13,1.13
2012.01.10 15:19:50.647,1.94497,1.94529,1.13,1.50
2012.01.10 15:19:51.140,1.94497,1.94534,1.13,1.50
2012.01.10 15:19:52.176,1.94493,1.94534,1.13,1.50
2012.01.10 15:19:52.244,1.94497,1.94534,1.13,1.50
2012.01.10 15:19:53.166,1.94497,1.94532,1.13,1.50
2012.01.10 15:19:53.963,1.94497,1.94535,1.13,1.50
2012.01.10 15:19:54.181,1.94497,1.94539,1.13,1.13
2012.01.10 15:19:59.078,1.94497,1.94536,1.13,1.50
2012.01.10 15:19:59.880,1.94497,1.94539,1.13,2.63
2012.01.10 15:20:01.092,1.94501,1.94541,1.13,1.50
2012.01.10 15:20:01.172,1.94501,1.94548,1.13,1.88
2012.01.10 15:20:01.424,1.94497,1.94539,1.13,1.13
2012.01.10 15:20:02.988,1.94497,1.94539,1.13,1.88
2012.01.10 15:20:03.178,1.94479,1.9453,1.13,1.13
2012.01.10 15:20:05.377,1.94483,1.94532,1.13,1.13
2012.01.10 15:20:07.048,1.94481,1.9453,1.50,1.13
2012.01.10 15:20:07.177,1.94479,1.9453,1.13,1.13
2012.01.10 15:20:07.612,1.94477,1.94528,1.50,1.13
2012.01.10 15:20:07.953,1.94496,1.94537,1.13,1.13
2012.01.10 15:20:08.514,1.94494,1.94537,1.13,1.13
2012.01.10 15:20:08.744,1.94492,1.94537,1.13,1.13
2012.01.10 15:20:08.942,1.94489,1.94534,1.13,1.13
2012.01.10 15:20:09.536,1.94487,1.94533,1.13,1.13
2012.01.10 15:20:10.024,1.94487,1.9453,1.13,1.50
2012.01.10 15:20:10.382,1.94487,1.94533,1.13,4.13
2012.01.10 15:20:11.668,1.94482,1.94525,1.13,1.13
2012.01.10 15:20:12.905,1.94475,1.94521,1.13,1.13
2012.01.10 15:20:13.116,1.94488,1.94531,1.13,1.13
2012.01.10 15:20:13.558,1.94479,1.94524,1.13,1.13
2012.01.10 15:20:13.682,1.94482,1.94523,1.50,1.13
2012.01.10 15:20:13.993,1.94461,1.94499,1.50,1.13
2012.01.10 15:20:14.565,1.94457,1.94499,1.50,1.13
2012.01.10 15:20:14.861,1.94452,1.94499,1.13,1.13
2012.01.10 15:20:15.392,1.94455,1.945,1.50,1.13
2012.01.10 15:20:15.782,1.94461,1.94501,1.13,1.13
2012.01.10 15:20:16.277,1.94465,1.94501,1.50,1.13
2012.01.10 15:20:16.344,1.94462,1.94501,1.50,1.13
2012.01.10 15:20:16.894,1.94461,1.94501,1.13,1.13
2012.01.10 15:20:17.390,1.94472,1.94515,1.13,1.13
2012.01.10 15:20:18.084,1.94474,1.94516,1.13,1.13
2012.01.10 15:20:18.582,1.94464,1.94503,1.50,1.13
2012.01.10 15:20:18.993,1.94462,1.94503,1.13,1.13
2012.01.10 15:20:19.941,1.94465,1.94513,1.13,1.13
2012.01.10 15:20:20.437,1.94473,1.94515,1.13,1.13
2012.01.10 15:20:21.244,1.94485,1.94527,1.13,1.13
2012.01.10 15:20:22.307,1.94474,1.94514,1.13,1.13
2012.01.10 15:20:23.096,1.94466,1.94509,1.13,1.13
2012.01.10 15:20:23.222,1.94473,1.94515,1.13,1.13
2012.01.10 15:20:23.571,1.94462,1.94495,1.50,1.13
2012.01.10 15:20:23.963,1.94462,1.94501,1.50,1.13
2012.01.10 15:20:24.033,1.94456,1.94501,1.13,1.13
2012.01.10 15:20:24.103,1.94456,1.94499,1.13,1.13
2012.01.10 15:20:24.712,1.94476,1.94514,1.13,1.50
2012.01.10 15:20:24.874,1.94469,1.94512,1.13,1.13
2012.01.10 15:20:25.580,1.9447,1.94513,1.13,1.13
2012.01.10 15:20:25.774,1.94467,1.94513,1.13,1.13
2012.01.10 15:20:27.364,1.94469,1.94512,1.13,1.13
2012.01.10 15:20:28.145,1.94467,1.94513,1.13,1.13
2012.01.10 15:20:28.827,1.94469,1.94512,1.13,1.13
2012.01.10 15:20:29.815,1.94468,1.94512,1.13,1.13
2012.01.10 15:20:31.212,1.9446,1.94502,1.13,1.13
2012.01.10 15:20:31.289,1.94455,1.945,1.13,1.13
2012.01.10 15:20:31.843,1.94454,1.945,1.13,1.13
2012.01.10 15:20:32.036,1.94464,1.94509,1.13,1.13
2012.01.10 15:20:33.028,1.94466,1.94509,1.13,1.13
2012.01.10 15:20:36.818,1.94466,1.94512,1.13,1.13
2012.01.10 15:20:37.635,1.94464,1.94504,1.13,1.13
2012.01.10 15:20:40.361,1.94464,1.94506,1.13,1.13
2012.01.10 15:20:40.577,1.94464,1.94504,1.13,1.13
2012.01.10 15:20:40.705,1.94464,1.94511,1.13,1.13
2012.01.10 15:20:40.897,1.94464,1.94504,1.13,1.13
2012.01.10 15:20:44.434,1.94469,1.94509,1.13,1.13
2012.01.10 15:20:45.898,1.94474,1.94516,1.13,1.13
2012.01.10 15:20:45.984,1.94474,1.94514,1.13,1.13
2012.01.10 15:20:50.820,1.94465,1.94507,1.13,1.13
2012.01.10 15:20:51.923,1.94467,1.94508,1.13,1.13
2012.01.10 15:20:52.055,1.94465,1.94507,1.13,1.13
2012.01.10 15:20:52.983,1.94464,1.94506,1.13,1.13
2012.01.10 15:20:53.466,1.94462,1.94503,1.13,1.13
2012.01.10 15:20:53.769,1.9446,1.94502,1.13,1.13
2012.01.10 15:20:55.985,1.94473,1.94514,1.13,1.13
2012.01.10 15:20:56.444,1.94477,1.9452,1.13,1.13
2012.01.10 15:21:00.706,1.94482,1.94525,1.13,1.13
2012.01.10 15:21:03.933,1.94496,1.94536,1.13,1.13
2012.01.10 15:21:04.464,1.94496,1.94536,1.13,1.88
2012.01.10 15:21:04.596,1.94478,1.94527,1.13,1.13
2012.01.10 15:21:05.681,1.94479,1.9453,1.13,1.13
2012.01.10 15:21:06.023,1.94473,1.94515,1.13,1.13
2012.01.10 15:21:07.682,1.9447,1.94512,1.13,1.13
2012.01.10 15:21:09.562,1.94466,1.94509,1.13,1.13
2012.01.10 15:21:12.293,1.94463,1.9451,1.13,1.13
2012.01.10 15:21:13.214,1.94457,1.94498,1.13,1.13
2012.01.10 15:21:13.526,1.94454,1.94495,1.88,1.13
2012.01.10 15:21:13.656,1.94464,1.9453,2.63,2.25
2012.01.10 15:21:14.025,1.94465,1.94509,1.13,1.13
2012.01.10 15:21:14.099,1.94473,1.94513,1.50,1.13
2012.01.10 15:21:14.227,1.94469,1.94513,1.50,1.13
2012.01.10 15:21:14.518,1.94492,1.94535,1.13,2.25
2012.01.10 15:21:14.834,1.94517,1.94562,1.13,2.25
2012.01.10 15:21:14.962,1.94517,1.94562,1.13,1.50
2012.01.10 15:21:15.035,1.94495,1.94542,1.50,1.13
2012.01.10 15:21:15.346,1.94502,1.94562,1.50,1.88
2012.01.10 15:21:15.474,1.94502,1.94542,1.50,1.13
2012.01.10 15:21:15.940,1.94516,1.94562,1.13,1.50
2012.01.10 15:21:16.395,1.94516,1.94566,1.13,1.88
2012.01.10 15:21:18.318,1.94516,1.94564,1.13,2.25
2012.01.10 15:21:18.700,1.9451,1.9455,1.13,1.13
2012.01.10 15:21:20.937,1.9451,1.9455,1.13,1.88
2012.01.10 15:21:21.002,1.9451,1.9455,1.13,1.88
2012.01.10 15:21:21.307,1.94489,1.9454,1.13,1.88
2012.01.10 15:21:21.873,1.9449,1.94541,1.13,1.88
2012.01.10 15:21:22.286,1.9449,1.94541,1.13,1.13
2012.01.10 15:21:22.729,1.9449,1.94541,1.13,1.88
2012.01.10 15:21:23.267,1.94488,1.94538,1.13,1.88
2012.01.10 15:21:23.393,1.94488,1.94538,1.13,1.13
2012.01.10 15:21:23.952,1.94506,1.94546,1.13,1.88
2012.01.10 15:21:25.608,1.94506,1.94546,1.13,1.88
2012.01.10 15:21:25.837,1.94496,1.94536,1.13,1.13
2012.01.10 15:21:25.965,1.94493,1.94537,1.13,1.13
2012.01.10 15:21:26.038,1.94491,1.94531,1.13,1.13
2012.01.10 15:21:26.893,1.94484,1.94526,1.13,1.88
2012.01.10 15:21:26.968,1.94487,1.9453,1.13,1.88
2012.01.10 15:21:27.755,1.94487,1.9453,1.13,1.13
2012.01.10 15:21:28.135,1.94482,1.94523,1.13,1.13
2012.01.10 15:21:28.775,1.94476,1.94518,1.50,1.13
2012.01.10 15:21:28.851,1.94474,1.94518,1.13,1.13
2012.01.10 15:21:29.529,1.94474,1.94518,1.13,1.88
2012.01.10 15:21:29.600,1.9447,1.94512,2.63,1.13
2012.01.10 15:21:29.670,1.9447,1.94507,1.50,1.13
2012.01.10 15:21:29.929,1.9447,1.94509,1.50,1.13
2012.01.10 15:21:30.511,1.94471,1.94514,1.13,1.13
2012.01.10 15:21:30.593,1.94468,1.94511,1.13,1.13
2012.01.10 15:21:30.664,1.94466,1.94512,1.13,1.13
2012.01.10 15:21:30.861,1.94471,1.94511,1.13,1.13
2012.01.10 15:21:31.334,1.94477,1.94528,1.13,1.13
2012.01.10 15:21:31.463,1.94479,1.9453,1.13,1.13
2012.01.10 15:21:32.002,1.94479,1.94529,1.13,1.50
2012.01.10 15:21:32.424,1.94476,1.94526,1.13,1.13
2012.01.10 15:21:32.955,1.94478,1.94527,1.13,1.13
2012.01.10 15:21:33.296,1.94478,1.94529,1.13,1.13
2012.01.10 15:21:33.603,1.94484,1.94535,1.13,1.13
2012.01.10 15:21:34.491,1.94484,1.94533,1.13,1.13
2012.01.10 15:21:35.476,1.94501,1.94539,1.13,1.50
2012.01.10 15:21:36.112,1.945,1.94539,1.13,1.50
2012.01.10 15:21:36.189,1.94494,1.94534,1.13,1.13
2012.01.10 15:21:36.495,1.94496,1.94538,1.13,1.13
2012.01.10 15:21:36.567,1.94496,1.94538,1.13,1.88
2012.01.10 15:21:36.637,1.94484,1.94526,1.13,1.13
2012.01.10 15:21:37.183,1.94484,1.94526,1.13,1.88
2012.01.10 15:21:37.375,1.94472,1.94513,1.13,1.13
2012.01.10 15:21:43.774,1.94478,1.94528,1.13,1.50
2012.01.10 15:21:44.233,1.94478,1.94528,1.13,2.25
2012.01.10 15:21:49.982,1.94478,1.94529,1.13,1.13
2012.01.10 15:21:50.554,1.94478,1.94528,1.13,1.50
2012.01.10 15:21:50.625,1.94478,1.94528,1.13,2.25
2012.01.10 15:21:54.965,1.94472,1.94513,1.13,1.13
2012.01.10 15:21:58.843,1.94474,1.94523,1.13,1.13
2012.01.10 15:21:58.914,1.94472,1.94514,1.13,1.13
2012.01.10 15:21:59.222,1.94484,1.94525,1.13,1.50
2012.01.10 15:21:59.476,1.94475,1.94522,1.13,1.13
2012.01.10 15:22:00.002,1.94481,1.94522,1.50,1.13
2012.01.10 15:22:00.134,1.94484,1.94526,1.13,1.13
2012.01.10 15:22:00.446,1.94484,1.94526,1.13,1.88
2012.01.10 15:22:01.095,1.94484,1.94526,1.13,1.88
2012.01.10 15:22:01.163,1.94473,1.94513,2.63,1.13
2012.01.10 15:22:01.827,1.94484,1.94526,1.13,1.88
2012.01.10 15:22:02.526,1.94484,1.94526,1.13,1.13
2012.01.10 15:22:07.391,1.94486,1.94527,1.13,1.13
2012.01.10 15:22:08.261,1.94486,1.94527,1.13,1.88
2012.01.10 15:22:10.466,1.94485,1.94528,1.13,1.88
2012.01.10 15:22:12.692,1.94485,1.94528,1.13,1.13
2012.01.10 15:22:12.999,1.94484,1.94526,1.13,1.13
2012.01.10 15:22:13.572,1.94484,1.94526,1.13,1.88
2012.01.10 15:22:13.704,1.94477,1.94518,1.13,1.13
2012.01.10 15:22:14.013,1.94472,1.94511,1.50,1.13
2012.01.10 15:22:14.527,1.94474,1.94514,1.13,1.13
2012.01.10 15:22:14.597,1.9447,1.94512,1.13,1.13
2012.01.10 15:22:14.669,1.94464,1.94506,1.13,1.13
2012.01.10 15:22:14.798,1.94474,1.94523,1.13,1.13
2012.01.10 15:22:14.989,1.94472,1.94523,1.13,1.13
2012.01.10 15:22:15.116,1.94465,1.94516,1.13,1.88
2012.01.10 15:22:15.367,1.94468,1.94526,1.13,1.88
2012.01.10 15:22:15.438,1.94462,1.94509,1.50,1.13
2012.01.10 15:22:16.197,1.94464,1.94513,1.13,1.50
2012.01.10 15:22:16.272,1.94477,1.94523,1.50,1.13
2012.01.10 15:22:16.583,1.94488,1.94539,1.13,1.13
2012.01.10 15:22:16.654,1.94485,1.94534,1.13,1.13
2012.01.10 15:22:17.086,1.94492,1.9454,1.13,1.13
2012.01.10 15:22:17.214,1.94493,1.94545,1.13,1.50
2012.01.10 15:22:17.687,1.94493,1.94547,1.13,1.13
2012.01.10 15:22:17.753,1.94493,1.94544,1.13,1.13
2012.01.10 15:22:18.183,1.94489,1.94538,1.13,1.13
2012.01.10 15:22:19.729,1.94493,1.94547,1.13,1.13
2012.01.10 15:22:20.585,1.94498,1.94551,1.13,1.13
2012.01.10 15:22:23.351,1.94498,1.94549,1.13,1.13
2012.01.10 15:22:23.876,1.94493,1.94544,1.13,1.13
2012.01.10 15:22:27.784,1.94491,1.9454,1.13,1.13
2012.01.10 15:22:27.863,1.94489,1.9454,1.13,1.13
2012.01.10 15:22:30.173,1.94494,1.94543,1.13,1.13
2012.01.10 15:22:30.525,1.94489,1.9454,1.13,1.13
2012.01.10 15:22:30.782,1.94488,1.94538,1.13,1.13
2012.01.10 15:22:30.855,1.94484,1.94537,1.13,1.13
2012.01.10 15:22:30.925,1.94487,1.94537,1.50,1.13
2012.01.10 15:22:31.384,1.9449,1.94539,1.13,1.13
2012.01.10 15:22:31.702,1.9449,1.94539,1.13,1.88
2012.01.10 15:22:32.017,1.94508,1.94548,1.13,1.13
2012.01.10 15:22:32.324,1.94519,1.94561,1.13,3.38
2012.01.10 15:22:32.872,1.9452,1.9456,1.13,1.88
2012.01.10 15:22:32.949,1.9452,1.9456,1.13,1.13
2012.01.10 15:22:33.633,1.94513,1.94559,1.13,1.13
2012.01.10 15:22:33.703,1.94518,1.9456,1.13,1.13
2012.01.10 15:22:34.027,1.94518,1.9456,1.13,1.88
2012.01.10 15:22:34.154,1.945,1.94542,1.13,1.13
2012.01.10 15:22:34.519,1.94514,1.94548,1.13,1.50
2012.01.10 15:22:35.037,1.94515,1.94547,1.13,1.50
2012.01.10 15:22:35.363,1.94514,1.94547,1.13,2.25
2012.01.10 15:22:35.618,1.9451,1.94547,1.13,2.25
2012.01.10 15:22:36.065,1.9451,1.9455,1.13,1.13
2012.01.10 15:22:36.144,1.94498,1.9454,1.13,1.13
2012.01.10 15:22:36.946,1.94498,1.9454,1.13,1.88
2012.01.10 15:22:37.110,1.94498,1.9454,1.13,1.13
2012.01.10 15:22:37.354,1.94503,1.94547,1.13,1.13
2012.01.10 15:22:37.487,1.94516,1.94547,1.13,1.50
2012.01.10 15:22:37.998,1.94511,1.94548,1.13,2.25
2012.01.10 15:22:38.984,1.94511,1.94551,1.13,1.13
2012.01.10 15:22:40.584,1.9451,1.9455,1.13,1.13
2012.01.10 15:22:40.658,1.94507,1.94547,1.13,1.13
2012.01.10 15:22:40.983,1.94513,1.94555,1.13,1.88
2012.01.10 15:22:41.953,1.9452,1.94555,1.13,2.25
2012.01.10 15:22:42.548,1.94508,1.94555,1.13,1.50
2012.01.10 15:22:42.699,1.9451,1.94562,1.13,1.13
2012.01.10 15:22:46.373,1.94507,1.94557,1.13,1.13
2012.01.10 15:22:46.682,1.94512,1.94562,1.13,1.13
2012.01.10 15:22:47.080,1.94506,1.94555,1.13,1.88
2012.01.10 15:22:48.393,1.94506,1.94555,1.13,1.13
2012.01.10 15:22:48.703,1.94535,1.94563,1.13,2.25
2012.01.10 15:22:48.894,1.94506,1.94555,1.13,1.88
2012.01.10 15:22:49.144,1.94524,1.94564,1.13,3.38
2012.01.10 15:22:49.580,1.94524,1.94554,1.13,1.09
2012.01.10 15:22:49.664,1.945,1.94542,1.13,1.13
2012.01.10 15:22:49.799,1.94499,1.9454,1.13,1.50
2012.01.10 15:22:50.116,1.94507,1.9454,1.13,1.50
2012.01.10 15:22:50.306,1.94507,1.94549,1.13,1.13
2012.01.10 15:22:50.381,1.94504,1.94551,1.13,1.50
2012.01.10 15:22:51.142,1.94495,1.94563,2.25,1.50
2012.01.10 15:22:51.289,1.94492,1.9456,3.75,1.50
2012.01.10 15:22:51.633,1.94491,1.94557,2.25,1.50
2012.01.10 15:22:51.765,1.94498,1.94562,1.13,1.50
2012.01.10 15:22:52.137,1.94498,1.94562,1.13,2.25
2012.01.10 15:22:52.635,1.94499,1.94562,1.13,1.50
2012.01.10 15:22:52.712,1.94497,1.94537,1.50,1.13
2012.01.10 15:22:52.783,1.94516,1.94565,1.13,3.00
2012.01.10 15:22:52.855,1.94516,1.94565,1.13,2.25
2012.01.10 15:22:52.984,1.94523,1.94532,1.13,1.50
2012.01.10 15:22:53.358,1.94523,1.94568,1.13,2.25
2012.01.10 15:22:53.427,1.94526,1.94568,1.13,2.25
2012.01.10 15:22:53.677,1.94526,1.94568,1.13,2.25
2012.01.10 15:22:54.230,1.94526,1.94574,1.13,2.25
2012.01.10 15:22:54.532,1.94527,1.94574,1.13,2.25
2012.01.10 15:22:54.728,1.94514,1.94563,1.13,1.13
2012.01.10 15:22:54.913,1.94514,1.94563,1.13,1.88
2012.01.10 15:22:56.413,1.94515,1.94562,1.13,1.88
2012.01.10 15:22:56.962,1.94514,1.94556,1.13,2.25
2012.01.10 15:22:58.492,1.94514,1.94559,1.13,2.25
2012.01.10 15:22:58.565,1.94512,1.94553,1.13,1.88
2012.01.10 15:22:58.753,1.94512,1.94553,1.13,1.13
2012.01.10 15:22:59.131,1.94515,1.94558,1.13,2.25
2012.01.10 15:22:59.441,1.94512,1.94553,1.13,1.13
2012.01.10 15:22:59.575,1.94514,1.94558,1.13,2.25
2012.01.10 15:23:00.033,1.94512,1.94553,1.13,1.13
2012.01.10 15:23:00.343,1.94515,1.94557,1.13,2.25
2012.01.10 15:23:01.226,1.94515,1.94557,1.13,1.50
2012.01.10 15:23:01.476,1.94515,1.9456,1.13,1.50
2012.01.10 15:23:01.547,1.94515,1.94562,1.13,1.13
2012.01.10 15:23:01.674,1.94515,1.94562,1.13,1.88
2012.01.10 15:23:02.108,1.94515,1.94562,1.13,1.88
2012.01.10 15:23:02.178,1.94515,1.94562,1.13,1.13
2012.01.10 15:23:02.385,1.94515,1.94562,1.13,1.88
2012.01.10 15:23:02.890,1.94515,1.94562,1.13,1.13
2012.01.10 15:23:02.960,1.94525,1.94565,1.13,1.88
2012.01.10 15:23:03.743,1.94526,1.94573,1.13,1.88
2012.01.10 15:23:03.953,1.94526,1.94573,1.13,1.13
2012.01.10 15:23:04.227,1.94529,1.94581,1.13,1.09
2012.01.10 15:23:04.726,1.94538,1.94578,1.13,1.13
2012.01.10 15:23:05.226,1.9454,1.94583,1.13,1.50
2012.01.10 15:23:05.416,1.94539,1.94583,1.13,2.25
2012.01.10 15:23:05.725,1.9455,1.94583,1.13,2.25
2012.01.10 15:23:06.444,1.94551,1.94597,1.13,3.38
2012.01.10 15:23:07.083,1.94552,1.94594,1.13,2.25
2012.01.10 15:23:10.132,1.94548,1.9459,1.13,1.13
2012.01.10 15:23:10.804,1.94553,1.94597,1.13,2.25
2012.01.10 15:23:11.294,1.94553,1.94598,1.13,1.88
2012.01.10 15:23:12.055,1.94552,1.94601,1.13,1.88
2012.01.10 15:23:12.378,1.94556,1.94601,1.13,1.88
2012.01.10 15:23:12.685,1.9455,1.94592,1.13,1.88
2012.01.10 15:23:12.753,1.9455,1.94592,1.13,1.88
2012.01.10 15:23:13.287,1.94542,1.94588,1.13,1.88
2012.01.10 15:23:16.205,1.94545,1.94589,1.13,1.88
2012.01.10 15:23:16.952,1.94546,1.9459,1.13,1.88
2012.01.10 15:23:18.041,1.94546,1.9459,1.13,1.88
2012.01.10 15:23:18.109,1.94556,1.94598,1.13,1.88
2012.01.10 15:23:20.702,1.94562,1.94604,1.13,1.88
2012.01.10 15:23:20.774,1.94562,1.94604,1.13,1.88
2012.01.10 15:23:21.765,1.94562,1.94604,1.13,1.88
2012.01.10 15:23:23.318,1.94562,1.94604,1.13,3.38
2012.01.10 15:23:23.663,1.94565,1.94604,1.13,2.25
2012.01.10 15:23:24.199,1.94565,1.94608,1.13,1.09
2012.01.10 15:23:24.715,1.94553,1.94601,1.13,1.88
2012.01.10 15:23:24.846,1.94553,1.94601,1.13,1.88
2012.01.10 15:23:25.114,1.94553,1.94601,1.13,1.88
2012.01.10 15:23:26.779,1.94553,1.94601,1.13,1.88
2012.01.10 15:23:26.849,1.94551,1.94588,1.13,1.09
2012.01.10 15:23:26.916,1.9454,1.94588,2.63,1.09
2012.01.10 15:23:27.409,1.94538,1.94578,1.13,1.88
2012.01.10 15:23:27.596,1.94532,1.94577,1.13,1.88
2012.01.10 15:23:28.738,1.94528,1.94575,1.13,1.88
2012.01.10 15:23:31.510,1.94533,1.94576,1.13,1.88
2012.01.10 15:23:31.814,1.94533,1.94576,1.13,1.88
2012.01.10 15:23:33.427,1.94542,1.94582,1.13,1.88
2012.01.10 15:23:33.499,1.94542,1.94582,1.13,1.88
2012.01.10 15:23:33.570,1.94544,1.94589,1.13,2.25
2012.01.10 15:23:34.033,1.94531,1.94574,1.13,1.13
2012.01.10 15:23:34.108,1.94553,1.94581,1.13,1.50
2012.01.10 15:23:34.304,1.94553,1.9459,1.13,2.25
2012.01.10 15:23:34.433,1.94553,1.9459,1.13,2.25
2012.01.10 15:23:34.624,1.94529,1.94576,1.13,1.88
2012.01.10 15:23:34.891,1.94529,1.9457,1.13,1.50
2012.01.10 15:23:36.105,1.94529,1.94568,1.13,1.50
2012.01.10 15:23:36.643,1.94529,1.94573,1.13,1.50
2012.01.10 15:23:37.364,1.94529,1.94573,1.13,2.25
2012.01.10 15:23:37.944,1.94528,1.94573,1.13,2.25
2012.01.10 15:23:38.469,1.94528,1.94577,1.13,1.88
2012.01.10 15:23:38.907,1.94529,1.94576,1.13,1.88
2012.01.10 15:23:39.035,1.94526,1.94566,1.13,1.88
2012.01.10 15:23:39.263,1.94528,1.94577,1.13,3.38
2012.01.10 15:23:39.458,1.94526,1.94566,1.13,1.88
2012.01.10 15:23:44.654,1.94532,1.94569,1.13,2.25
2012.01.10 15:23:44.731,1.94539,1.94569,1.13,2.25
2012.01.10 15:23:44.810,1.94539,1.94579,1.13,1.88
2012.01.10 15:23:44.878,1.94541,1.9458,1.13,2.25
2012.01.10 15:23:45.194,1.94536,1.94585,1.13,2.25
2012.01.10 15:23:45.383,1.94529,1.94585,1.13,3.38
2012.01.10 15:23:45.516,1.9453,1.94585,1.13,2.25
2012.01.10 15:23:45.646,1.9453,1.94585,1.13,2.25
2012.01.10 15:23:48.378,1.9454,1.94582,1.13,2.25
2012.01.10 15:23:48.463,1.9453,1.94582,1.13,2.25
2012.01.10 15:23:50.707,1.9453,1.94588,1.13,3.38
2012.01.10 15:23:51.213,1.94529,1.94581,1.13,1.88
2012.01.10 15:23:51.686,1.94529,1.94574,1.13,2.25
2012.01.10 15:23:53.744,1.94529,1.94576,1.13,1.88
2012.01.10 15:23:54.105,1.94529,1.94576,1.13,1.88
2012.01.10 15:23:54.721,1.94529,1.94576,1.13,1.13
2012.01.10 15:23:55.233,1.94536,1.94584,1.13,2.25
2012.01.10 15:23:55.762,1.94537,1.94591,1.50,1.88
2012.01.10 15:23:56.650,1.94536,1.94591,1.13,1.88
2012.01.10 15:23:56.779,1.94536,1.94591,1.13,1.88
2012.01.10 15:23:57.143,1.94527,1.9459,1.50,1.88
2012.01.10 15:23:57.278,1.94527,1.9459,1.50,1.88
2012.01.10 15:23:57.645,1.94524,1.94587,1.13,2.25
2012.01.10 15:23:57.714,1.94524,1.94587,1.13,2.25
2012.01.10 15:23:59.326,1.94524,1.94585,1.13,2.25
2012.01.10 15:23:59.755,1.94534,1.94583,1.13,1.88
2012.01.10 15:24:00.067,1.94536,1.94587,1.13,2.25
2012.01.10 15:24:00.135,1.94536,1.94587,1.13,2.25
2012.01.10 15:24:00.210,1.94536,1.94579,1.13,2.25
2012.01.10 15:24:00.275,1.94522,1.94579,1.13,2.25
2012.01.10 15:24:02.197,1.94522,1.9458,1.13,1.13
2012.01.10 15:24:02.322,1.94536,1.94589,1.13,2.25
2012.01.10 15:24:04.059,1.94526,1.9459,1.13,3.38
2012.01.10 15:24:04.126,1.94528,1.9459,1.50,1.88
2012.01.10 15:24:04.192,1.94526,1.9459,1.13,3.38
2012.01.10 15:24:04.915,1.94526,1.94586,1.13,2.25
2012.01.10 15:24:06.647,1.94527,1.94591,1.50,1.88
2012.01.10 15:24:06.957,1.94558,1.94593,1.13,1.50
2012.01.10 15:24:07.084,1.94559,1.94596,1.13,1.50
2012.01.10 15:24:07.155,1.94559,1.94609,1.13,2.25
2012.01.10 15:24:07.692,1.94558,1.94604,1.13,2.25
2012.01.10 15:24:15.498,1.94558,1.94607,1.13,1.88
2012.01.10 15:24:15.940,1.94558,1.94607,1.13,1.88
2012.01.10 15:24:16.011,1.94569,1.94615,1.13,2.25
2012.01.10 15:24:16.315,1.94573,1.94615,1.13,2.25
2012.01.10 15:24:16.626,1.94569,1.94611,1.13,2.25
2012.01.10 15:24:16.934,1.94603,1.94615,1.13,1.50
2012.01.10 15:24:17.004,1.94603,1.94618,1.13,2.25
2012.01.10 15:24:17.495,1.94591,1.94618,1.13,2.25
2012.01.10 15:24:17.570,1.94587,1.94629,1.13,1.88
2012.01.10 15:24:17.637,1.9457,1.94619,1.13,1.88
2012.01.10 15:24:18.386,1.94553,1.94605,1.13,1.88
2012.01.10 15:24:18.513,1.94563,1.94614,1.13,1.88
2012.01.10 15:24:18.827,1.94569,1.94618,1.13,2.25
2012.01.10 15:24:18.958,1.94572,1.94618,1.13,2.25
2012.01.10 15:24:19.356,1.9457,1.94619,1.13,1.88
2012.01.10 15:24:22.937,1.94569,1.94617,1.13,2.25
2012.01.10 15:24:23.006,1.94567,1.94617,1.13,2.25
2012.01.10 15:24:23.137,1.94567,1.94617,1.13,2.25
2012.01.10 15:24:23.205,1.94567,1.94617,1.13,2.25
2012.01.10 15:24:25.428,1.94549,1.94615,1.50,1.88
2012.01.10 15:24:25.497,1.94556,1.94615,1.50,1.88
2012.01.10 15:24:25.629,1.94546,1.94612,1.50,2.25
2012.01.10 15:24:25.694,1.94551,1.94601,1.13,1.13
2012.01.10 15:24:26.015,1.94554,1.94603,1.13,1.13
2012.01.10 15:24:27.720,1.94548,1.94599,1.13,1.13
2012.01.10 15:24:29.187,1.94547,1.94598,1.13,1.88
2012.01.10 15:24:29.436,1.94538,1.94591,1.50,1.13
2012.01.10 15:24:29.505,1.94536,1.94591,1.13,1.13
2012.01.10 15:24:30.890,1.94536,1.94592,1.13,1.13
2012.01.10 15:24:31.932,1.94547,1.94595,1.13,1.88
2012.01.10 15:24:32.370,1.94547,1.94595,1.13,1.88
2012.01.10 15:24:36.005,1.94547,1.94595,1.13,1.88
2012.01.10 15:24:36.133,1.94538,1.94587,1.13,1.13
2012.01.10 15:24:36.403,1.94547,1.94593,1.13,1.50
2012.01.10 15:24:36.936,1.94547,1.94597,1.13,2.25
2012.01.10 15:24:37.647,1.94547,1.94597,1.13,2.25
2012.01.10 15:24:37.911,1.94541,1.94591,1.13,1.88
2012.01.10 15:24:38.107,1.94541,1.94591,1.13,1.13
2012.01.10 15:24:38.172,1.94544,1.94594,1.13,2.25
2012.01.10 15:24:38.881,1.94548,1.94594,1.13,2.25
2012.01.10 15:24:42.938,1.94553,1.94605,1.13,1.88
2012.01.10 15:24:43.002,1.94547,1.94595,1.13,1.88
2012.01.10 15:24:44.039,1.94547,1.94595,1.13,3.38
2012.01.10 15:24:44.791,1.94548,1.94594,1.13,1.50
2012.01.10 15:24:44.859,1.94548,1.94596,1.13,2.25
2012.01.10 15:24:45.603,1.94554,1.94604,1.13,2.25
2012.01.10 15:24:45.852,1.94554,1.94598,1.13,2.25
2012.01.10 15:24:45.985,1.94557,1.94598,1.13,2.25
2012.01.10 15:24:46.295,1.94557,1.94598,1.13,2.25
2012.01.10 15:24:46.369,1.94554,1.94602,1.13,2.25
2012.01.10 15:24:47.614,1.94548,1.94602,1.13,2.25
2012.01.10 15:24:49.503,1.94547,1.94598,1.13,2.25
2012.01.10 15:24:50.433,1.94547,1.94599,1.13,1.88
2012.01.10 15:24:51.034,1.94548,1.94598,1.13,2.25
2012.01.10 15:24:52.774,1.94547,1.94602,1.13,2.25
2012.01.10 15:24:54.020,1.94555,1.94599,1.13,2.25
2012.01.10 15:24:54.845,1.94555,1.94602,1.13,2.25
2012.01.10 15:24:58.165,1.94548,1.94598,1.13,2.25
2012.01.10 15:25:00.592,1.94555,1.94602,1.13,2.25
2012.01.10 15:25:00.689,1.94548,1.94602,1.13,2.25
2012.01.10 15:25:02.862,1.94548,1.94602,1.13,1.50
2012.01.10 15:25:02.994,1.94557,1.94602,1.13,1.50
2012.01.10 15:25:03.823,1.94558,1.94602,1.13,3.00
2012.01.10 15:25:04.204,1.94558,1.94599,1.13,1.50
2012.01.10 15:25:04.333,1.94558,1.94602,1.13,1.50
2012.01.10 15:25:04.832,1.94558,1.94607,1.13,2.25
2012.01.10 15:25:05.325,1.94558,1.94602,1.13,1.50
2012.01.10 15:25:06.788,1.94558,1.94605,1.13,2.25
2012.01.10 15:25:07.175,1.94558,1.94603,1.13,1.50
2012.01.10 15:25:07.503,1.94558,1.94606,1.13,2.25
2012.01.10 15:25:09.603,1.94558,1.94606,1.13,3.75
2012.01.10 15:25:09.672,1.94558,1.94603,1.13,1.50
2012.01.10 15:25:10.232,1.94558,1.946,1.13,2.25
2012.01.10 15:25:11.005,1.94558,1.94605,1.13,2.25
2012.01.10 15:25:11.072,1.94558,1.94605,1.13,2.25
2012.01.10 15:25:11.141,1.94558,1.94605,1.13,2.25
2012.01.10 15:25:11.365,1.94552,1.94603,1.13,1.13
2012.01.10 15:25:11.439,1.94552,1.94603,1.13,3.38
2012.01.10 15:25:11.508,1.94548,1.94599,1.13,1.13
2012.01.10 15:25:11.636,1.94547,1.94595,1.13,1.13
2012.01.10 15:25:11.946,1.94544,1.94592,1.13,2.25
2012.01.10 15:25:12.146,1.94541,1.94591,1.13,1.88
2012.01.10 15:25:12.710,1.94537,1.94585,1.13,1.13
2012.01.10 15:25:12.834,1.94532,1.94583,1.13,1.13
2012.01.10 15:25:13.000,1.94533,1.94581,1.50,1.13
2012.01.10 15:25:13.364,1.94533,1.94583,1.50,1.13
2012.01.10 15:25:13.617,1.94533,1.94581,1.50,1.13
2012.01.10 15:25:13.687,1.94533,1.94584,2.63,1.13
2012.01.10 15:25:14.156,1.94519,1.9457,2.63,1.13
2012.01.10 15:25:15.566,1.94523,1.94575,1.13,1.13
2012.01.10 15:25:15.755,1.94528,1.94575,1.50,1.13
2012.01.10 15:25:16.123,1.94536,1.94586,1.13,1.13
2012.01.10 15:25:16.201,1.94528,1.94575,1.50,1.13
2012.01.10 15:25:16.543,1.94528,1.94577,2.63,1.13
2012.01.10 15:25:16.675,1.94536,1.94586,1.13,1.13
2012.01.10 15:25:17.814,1.94536,1.94586,1.13,1.88
2012.01.10 15:25:18.358,1.94525,1.94579,1.50,1.88
2012.01.10 15:25:18.505,1.94522,1.94579,1.13,1.88
2012.01.10 15:25:18.973,1.94532,1.94581,1.13,1.50
2012.01.10 15:25:19.104,1.94532,1.94583,1.13,1.13
2012.01.10 15:25:19.704,1.94532,1.94583,1.13,1.88
2012.01.10 15:25:23.929,1.94532,1.9458,1.13,2.25
2012.01.10 15:25:24.005,1.94513,1.94564,1.13,1.88
2012.01.10 15:25:24.255,1.9452,1.94569,1.13,1.88
2012.01.10 15:25:24.444,1.94522,1.9457,1.13,2.25
2012.01.10 15:25:24.694,1.94519,1.9457,1.13,1.88
2012.01.10 15:25:34.352,1.94519,1.94563,1.13,1.50
2012.01.10 15:25:35.224,1.94519,1.94565,1.13,2.25
2012.01.10 15:25:37.225,1.94519,1.94561,1.13,1.50
2012.01.10 15:25:37.529,1.94521,1.9457,1.13,1.88
2012.01.10 15:25:37.657,1.94521,1.9457,1.13,1.88
2012.01.10 15:25:37.905,1.94525,1.94579,1.13,1.88
2012.01.10 15:25:37.974,1.94528,1.94581,1.13,1.88
2012.01.10 15:25:38.287,1.94537,1.94563,1.13,2.25
2012.01.10 15:25:38.714,1.94545,1.94568,1.13,2.25
2012.01.10 15:25:38.790,1.94545,1.94568,1.13,2.25
2012.01.10 15:25:38.861,1.94541,1.94579,1.13,2.25
2012.01.10 15:25:38.928,1.94533,1.94579,1.13,1.50
2012.01.10 15:25:39.115,1.94533,1.94579,1.13,2.25
2012.01.10 15:25:39.464,1.94535,1.94579,1.13,2.25
2012.01.10 15:25:40.779,1.94534,1.94576,1.13,2.25
2012.01.10 15:25:41.454,1.94526,1.94576,1.13,1.88
2012.01.10 15:25:41.677,1.94526,1.94576,1.13,1.13
2012.01.10 15:25:42.042,1.94538,1.94584,1.13,2.25
2012.01.10 15:25:42.426,1.94538,1.94582,1.13,1.50
2012.01.10 15:25:42.636,1.94533,1.94582,1.13,2.63
2012.01.10 15:25:42.968,1.94533,1.94582,1.13,3.38
2012.01.10 15:25:43.104,1.94523,1.94578,1.13,1.88
2012.01.10 15:25:43.976,1.94519,1.94568,1.13,2.25
2012.01.10 15:25:44.435,1.94519,1.94568,1.13,1.50
2012.01.10 15:25:44.622,1.94519,1.9457,1.13,1.13
2012.01.10 15:25:45.003,1.94519,1.9457,1.13,1.88
2012.01.10 15:25:46.987,1.94509,1.94567,1.13,1.88
2012.01.10 15:25:48.690,1.94509,1.9456,1.13,1.50
2012.01.10 15:25:48.908,1.94509,1.9456,1.13,2.25
2012.01.10 15:25:49.467,1.94509,1.9456,1.13,1.50
2012.01.10 15:25:49.735,1.94509,1.9456,1.13,2.25
2012.01.10 15:25:49.925,1.945,1.94551,1.13,1.13
2012.01.10 15:25:50.055,1.94514,1.9456,1.13,2.25
2012.01.10 15:25:50.682,1.94516,1.94558,1.13,2.25
2012.01.10 15:25:50.754,1.94516,1.94558,1.13,1.50
2012.01.10 15:25:50.887,1.94546,1.94558,1.13,2.25
2012.01.10 15:25:51.135,1.94527,1.94568,1.13,1.88
2012.01.10 15:25:51.205,1.94527,1.94568,1.13,1.88
2012.01.10 15:25:51.275,1.9451,1.9456,1.50,1.88
2012.01.10 15:25:51.605,1.94508,1.94559,1.13,2.25
2012.01.10 15:25:52.151,1.94508,1.94559,1.13,2.25
2012.01.10 15:25:52.781,1.94509,1.94559,1.13,2.25
2012.01.10 15:25:54.790,1.94509,1.94559,1.13,2.25
2012.01.10 15:25:59.356,1.94509,1.94557,1.13,2.25
2012.01.10 15:26:00.347,1.94519,1.94565,1.13,2.25
2012.01.10 15:26:01.166,1.94516,1.94565,1.13,3.38
2012.01.10 15:26:01.344,1.94516,1.94565,1.13,1.88
2012.01.10 15:26:01.448,1.9452,1.94569,1.13,1.88
2012.01.10 15:26:01.756,1.9452,1.94566,1.13,2.25
2012.01.10 15:26:01.823,1.9451,1.94566,1.13,3.38
2012.01.10 15:26:02.366,1.9451,1.94566,1.13,1.88
2012.01.10 15:26:02.438,1.94519,1.94569,1.13,2.25
2012.01.10 15:26:04.454,1.94519,1.9457,1.13,1.13
2012.01.10 15:26:04.674,1.94538,1.94573,1.13,1.50
2012.01.10 15:26:04.926,1.94538,1.94576,1.13,1.50
2012.01.10 15:26:04.995,1.94538,1.94588,1.13,2.25
2012.01.10 15:26:05.413,1.94538,1.94588,1.13,2.25
2012.01.10 15:26:05.543,1.94533,1.94582,1.13,1.88
2012.01.10 15:26:07.912,1.94523,1.94579,1.13,2.63
2012.01.10 15:26:08.242,1.94523,1.94577,1.13,1.50
2012.01.10 15:26:08.988,1.94523,1.94577,1.13,2.25
2012.01.10 15:26:09.179,1.94522,1.94579,1.13,2.63
2012.01.10 15:26:09.247,1.94521,1.94572,1.13,1.13
2012.01.10 15:26:09.695,1.94522,1.94578,1.13,1.88
2012.01.10 15:26:10.972,1.94522,1.94579,1.13,1.88
2012.01.10 15:26:11.042,1.94513,1.94564,1.13,1.88
2012.01.10 15:26:11.292,1.94523,1.94578,1.13,1.88
2012.01.10 15:26:12.402,1.94523,1.94573,1.13,1.50
2012.01.10 15:26:13.153,1.94522,1.94573,1.13,1.50
2012.01.10 15:26:13.683,1.94522,1.94577,1.13,2.25
2012.01.10 15:26:16.339,1.94522,1.94578,1.13,2.63
2012.01.10 15:26:16.403,1.94522,1.94568,1.13,1.50
2012.01.10 15:26:16.964,1.94521,1.94568,1.13,1.50
2012.01.10 15:26:17.093,1.94509,1.94567,1.13,1.13
2012.01.10 15:26:17.226,1.94509,1.9456,1.13,1.13
2012.01.10 15:26:17.592,1.9451,1.94563,1.13,1.13
2012.01.10 15:26:18.258,1.9451,1.94562,1.13,1.13
2012.01.10 15:26:19.386,1.94508,1.94561,1.13,1.13
2012.01.10 15:26:19.864,1.94507,1.94557,1.13,1.13
2012.01.10 15:26:21.525,1.94506,1.94555,1.13,1.13
2012.01.10 15:26:21.836,1.94506,1.94544,1.50,1.13
2012.01.10 15:26:22.109,1.94503,1.94543,1.50,1.13
2012.01.10 15:26:22.613,1.94524,1.94559,1.13,1.50
2012.01.10 15:26:22.915,1.94545,1.94559,1.13,1.50
2012.01.10 15:26:23.267,1.94549,1.94598,1.13,2.25
2012.01.10 15:26:24.202,1.94548,1.94611,1.13,2.25
2012.01.10 15:26:24.722,1.94549,1.94605,1.13,2.25
2012.01.10 15:26:24.861,1.94547,1.94609,1.13,2.25
2012.01.10 15:26:25.244,1.94549,1.94609,1.13,2.25
2012.01.10 15:26:25.565,1.94543,1.94592,1.13,1.88
2012.01.10 15:26:25.635,1.94538,1.94586,1.13,1.88
2012.01.10 15:26:26.130,1.94544,1.94594,1.13,2.25
2012.01.10 15:26:26.311,1.94542,1.94594,1.13,2.25
2012.01.10 15:26:26.766,1.94543,1.94594,1.13,2.25
2012.01.10 15:26:26.958,1.94548,1.94607,1.13,2.25
2012.01.10 15:26:27.024,1.94541,1.94607,2.63,2.25
2012.01.10 15:26:27.364,1.94547,1.94605,1.50,2.25
2012.01.10 15:26:27.435,1.94551,1.94617,1.50,2.25
2012.01.10 15:26:28.049,1.9457,1.94627,1.13,1.88
2012.01.10 15:26:28.696,1.9457,1.94626,1.13,2.25
2012.01.10 15:26:28.823,1.9456,1.94599,1.50,1.13
2012.01.10 15:26:28.955,1.94551,1.94599,1.13,1.13
2012.01.10 15:26:29.028,1.94571,1.94605,1.13,1.50
2012.01.10 15:26:29.893,1.94569,1.94619,1.13,1.88
2012.01.10 15:26:30.028,1.94569,1.94619,1.13,1.88
2012.01.10 15:26:30.470,1.94601,1.94627,1.13,2.25
2012.01.10 15:26:30.777,1.94598,1.94627,1.13,2.25
2012.01.10 15:26:31.025,1.946,1.9464,1.13,1.88
2012.01.10 15:26:31.859,1.94601,1.94638,1.13,2.25
2012.01.10 15:26:31.931,1.94593,1.94634,1.13,1.88
2012.01.10 15:26:31.995,1.94602,1.94635,1.13,2.25
2012.01.10 15:26:32.125,1.94599,1.94635,1.13,2.25
2012.01.10 15:26:32.598,1.94601,1.94639,1.13,2.25
2012.01.10 15:26:33.166,1.94588,1.94635,1.13,1.88
2012.01.10 15:26:33.243,1.9457,1.94623,1.13,2.25
2012.01.10 15:26:33.786,1.94569,1.94621,1.13,3.38
2012.01.10 15:26:34.125,1.94571,1.94623,1.13,2.25
2012.01.10 15:26:34.730,1.9457,1.94627,1.13,1.88
2012.01.10 15:26:35.365,1.94571,1.94627,1.13,1.88
2012.01.10 15:26:36.354,1.9457,1.94627,1.13,1.88
2012.01.10 15:26:36.703,1.94589,1.94629,1.13,2.25
2012.01.10 15:26:39.455,1.94589,1.94631,1.13,1.50
2012.01.10 15:26:39.645,1.94589,1.94631,1.13,2.25
2012.01.10 15:26:40.397,1.94588,1.94637,1.13,1.88
2012.01.10 15:26:40.567,1.94588,1.94637,1.13,1.88
2012.01.10 15:26:40.775,1.94588,1.94637,1.13,1.88
2012.01.10 15:26:40.992,1.94588,1.94637,1.13,1.88
2012.01.10 15:26:43.240,1.94601,1.94638,1.13,2.25
2012.01.10 15:26:43.310,1.94601,1.94638,1.13,2.25
2012.01.10 15:26:43.736,1.94601,1.94642,1.13,1.50
2012.01.10 15:26:44.083,1.94601,1.94645,1.13,2.25
2012.01.10 15:26:44.952,1.94601,1.94647,1.13,2.25
2012.01.10 15:26:46.775,1.94601,1.94644,1.13,1.50
2012.01.10 15:26:47.766,1.94601,1.94649,1.13,1.88
2012.01.10 15:26:48.099,1.94612,1.9465,1.13,2.25
2012.01.10 15:26:48.493,1.94612,1.94653,1.47,2.25
2012.01.10 15:26:48.806,1.94637,1.9466,1.13,1.50
2012.01.10 15:26:49.056,1.94644,1.94682,1.13,2.25
2012.01.10 15:26:49.241,1.94637,1.94677,1.13,1.88
2012.01.10 15:26:49.613,1.94637,1.94677,1.13,1.88
2012.01.10 15:26:49.992,1.94619,1.94668,1.13,1.88
2012.01.10 15:26:50.504,1.94619,1.94663,1.13,1.50
2012.01.10 15:26:51.049,1.94619,1.94662,1.13,1.50
2012.01.10 15:26:51.123,1.94619,1.94662,1.13,2.25
2012.01.10 15:26:51.301,1.94609,1.94662,1.13,2.25
2012.01.10 15:26:51.676,1.94606,1.94657,1.44,1.88
2012.01.10 15:26:51.925,1.94606,1.94657,1.44,1.88
2012.01.10 15:26:51.994,1.94636,1.94667,1.13,2.25
2012.01.10 15:26:52.418,1.94648,1.94667,1.13,2.25
2012.01.10 15:26:54.203,1.9463,1.94666,1.13,2.25
2012.01.10 15:26:54.275,1.9463,1.94666,1.13,2.25
2012.01.10 15:26:54.344,1.9463,1.94659,1.13,1.50
2012.01.10 15:26:54.415,1.9461,1.94659,1.13,2.25
2012.01.10 15:26:54.488,1.9461,1.94659,1.13,2.25
2012.01.10 15:26:54.853,1.94597,1.94659,1.78,2.25
2012.01.10 15:26:54.937,1.94603,1.94652,1.13,1.88
2012.01.10 15:26:55.010,1.94613,1.94659,1.13,2.25
2012.01.10 15:26:55.198,1.94619,1.94659,1.13,2.25
2012.01.10 15:26:55.269,1.94619,1.94653,1.13,2.25
2012.01.10 15:26:55.717,1.94619,1.94662,1.13,2.25
2012.01.10 15:26:56.433,1.94619,1.94662,1.13,2.25
2012.01.10 15:26:58.607,1.94619,1.94657,1.13,2.25
2012.01.10 15:26:58.675,1.94612,1.94657,1.13,2.25
2012.01.10 15:26:58.746,1.94612,1.94657,1.13,2.25
2012.01.10 15:26:59.139,1.94607,1.94656,1.13,1.88
2012.01.10 15:27:01.055,1.94607,1.94656,1.13,1.88
2012.01.10 15:27:01.125,1.94604,1.94655,1.13,1.88
2012.01.10 15:27:01.648,1.94597,1.94648,1.13,1.13
2012.01.10 15:27:02.529,1.94599,1.9465,1.13,1.13
2012.01.10 15:27:03.406,1.94602,1.9465,1.13,1.13
2012.01.10 15:27:03.912,1.94606,1.94653,1.13,1.50
2012.01.10 15:27:03.987,1.94604,1.94654,1.13,2.25
2012.01.10 15:27:04.171,1.94604,1.94654,1.13,2.25
2012.01.10 15:27:05.297,1.94604,1.94643,1.13,1.50
2012.01.10 15:27:05.904,1.94604,1.94644,1.13,1.50
2012.01.10 15:27:06.279,1.946,1.94644,1.13,1.50
2012.01.10 15:27:06.364,1.94592,1.94643,1.13,1.13
2012.01.10 15:27:06.626,1.94592,1.94643,1.13,1.88
2012.01.10 15:27:06.745,1.94595,1.94643,1.13,1.50
2012.01.10 15:27:07.056,1.94594,1.94639,1.13,1.50
2012.01.10 15:27:07.268,1.94594,1.94642,1.13,1.50
2012.01.10 15:27:07.331,1.94594,1.94645,1.13,2.25
2012.01.10 15:27:07.602,1.94596,1.94645,1.13,2.25
2012.01.10 15:27:08.065,1.94625,1.94645,1.13,1.50
2012.01.10 15:27:08.248,1.94625,1.94647,1.13,1.50
2012.01.10 15:27:08.314,1.94625,1.94661,1.13,2.25
2012.01.10 15:27:08.715,1.94614,1.94657,1.13,1.88
2012.01.10 15:27:08.845,1.94614,1.94657,1.13,1.88
2012.01.10 15:27:08.914,1.94596,1.94647,1.13,1.88
2012.01.10 15:27:08.987,1.94596,1.94647,1.13,1.13
2012.01.10 15:27:09.116,1.94596,1.94647,1.13,1.88
2012.01.10 15:27:09.188,1.94594,1.94645,1.13,3.38
2012.01.10 15:27:09.373,1.946,1.94645,1.13,2.25
2012.01.10 15:27:09.888,1.94592,1.9464,1.13,1.88
2012.01.10 15:27:09.983,1.94592,1.9464,1.13,1.13
2012.01.10 15:27:10.123,1.94597,1.9465,1.13,2.25
2012.01.10 15:27:10.254,1.94593,1.94642,1.13,1.13
2012.01.10 15:27:10.386,1.94593,1.94642,1.13,1.88
2012.01.10 15:27:11.888,1.94593,1.94642,1.13,1.13
2012.01.10 15:27:12.078,1.94593,1.94642,1.13,1.88
2012.01.10 15:27:12.206,1.94593,1.94642,1.13,1.13
2012.01.10 15:27:12.455,1.94608,1.94649,1.13,1.50
2012.01.10 15:27:12.648,1.94607,1.94657,1.13,2.25
2012.01.10 15:27:13.610,1.9465,1.94676,1.13,2.25
2012.01.10 15:27:13.683,1.94639,1.94676,1.13,2.25
2012.01.10 15:27:13.761,1.94639,1.94686,1.13,1.88
2012.01.10 15:27:13.901,1.9463,1.9468,1.13,1.88
2012.01.10 15:27:14.674,1.9463,1.94661,1.13,1.50
2012.01.10 15:27:15.091,1.9462,1.94661,1.13,2.25
2012.01.10 15:27:16.648,1.9462,1.94661,1.13,1.50
2012.01.10 15:27:16.929,1.9462,1.94661,1.13,2.25
2012.01.10 15:27:17.385,1.94619,1.94661,1.13,1.50
2012.01.10 15:27:17.461,1.94608,1.94648,1.13,1.50
2012.01.10 15:27:17.645,1.94601,1.94648,1.44,1.50
2012.01.10 15:27:18.122,1.94601,1.9465,1.13,1.50
2012.01.10 15:27:19.047,1.94607,1.9465,1.13,1.50
2012.01.10 15:27:19.112,1.94601,1.94645,1.13,1.50
2012.01.10 15:27:19.306,1.94627,1.94645,1.13,1.50
2012.01.10 15:27:19.620,1.9463,1.94645,1.13,1.50
2012.01.10 15:27:19.685,1.9463,1.94648,1.13,1.50
2012.01.10 15:27:19.754,1.9463,1.94671,1.13,1.50
2012.01.10 15:27:19.992,1.94633,1.94672,1.13,1.50
2012.01.10 15:27:20.919,1.94646,1.94672,1.13,1.50
2012.01.10 15:27:20.989,1.94646,1.94687,1.13,1.50
2012.01.10 15:27:21.394,1.94646,1.94691,1.13,1.50
2012.01.10 15:27:21.923,1.94646,1.94692,1.13,1.50
2012.01.10 15:27:21.996,1.94646,1.94692,1.13,2.25
2012.01.10 15:27:22.063,1.94636,1.94691,1.13,1.88
2012.01.10 15:27:22.465,1.94642,1.94687,1.13,2.25
2012.01.10 15:27:22.947,1.94642,1.94692,1.13,1.50
2012.01.10 15:27:23.250,1.94642,1.94689,1.13,1.50
2012.01.10 15:27:24.013,1.94642,1.94692,1.13,3.00
2012.01.10 15:27:24.554,1.94642,1.94692,1.13,2.25
2012.01.10 15:27:24.877,1.94643,1.94692,1.13,2.25
2012.01.10 15:27:25.439,1.94642,1.94688,1.13,2.25
2012.01.10 15:27:25.564,1.9464,1.94692,1.13,4.88
2012.01.10 15:27:25.696,1.94643,1.94692,1.13,3.38
2012.01.10 15:27:25.825,1.94637,1.94691,1.13,1.88
2012.01.10 15:27:25.896,1.94642,1.94692,1.13,2.25
2012.01.10 15:27:26.146,1.94636,1.94684,1.13,1.50
2012.01.10 15:27:27.259,1.94636,1.94683,1.13,2.25
2012.01.10 15:27:28.445,1.94636,1.94685,1.13,2.25
2012.01.10 15:27:30.339,1.94636,1.94686,1.13,2.25
2012.01.10 15:27:30.646,1.94641,1.94683,1.13,2.25
2012.01.10 15:27:30.714,1.94632,1.94683,1.13,2.25
2012.01.10 15:27:31.045,1.94643,1.94685,1.13,2.25
2012.01.10 15:27:31.273,1.94635,1.94685,1.13,2.25
2012.01.10 15:27:31.407,1.94639,1.94685,1.13,2.25
2012.01.10 15:27:31.714,1.94632,1.9469,1.13,1.88
2012.01.10 15:27:32.143,1.94632,1.9469,1.13,1.88
2012.01.10 15:27:32.218,1.94643,1.94687,1.13,2.25
2012.01.10 15:27:32.341,1.94635,1.94687,1.13,2.25
2012.01.10 15:27:32.472,1.94633,1.94687,1.13,2.25
2012.01.10 15:27:32.604,1.94633,1.94687,1.13,2.25
2012.01.10 15:27:33.034,1.94635,1.94684,1.13,2.25
2012.01.10 15:27:33.515,1.94636,1.94686,1.13,2.25
2012.01.10 15:27:33.702,1.94634,1.94688,1.13,2.25
2012.01.10 15:27:33.785,1.94634,1.94688,1.13,2.25
2012.01.10 15:27:33.913,1.94637,1.94688,1.13,2.25
2012.01.10 15:27:34.729,1.94642,1.94686,1.13,2.25
2012.01.10 15:27:38.555,1.94643,1.94687,1.13,2.25
2012.01.10 15:27:39.893,1.94655,1.94706,1.13,3.38
2012.01.10 15:27:39.968,1.94667,1.94706,1.13,2.25
2012.01.10 15:27:40.277,1.94657,1.94684,1.13,2.25
2012.01.10 15:27:40.469,1.94657,1.94693,1.13,2.25
2012.01.10 15:27:41.260,1.94658,1.94693,1.13,2.25
2012.01.10 15:27:41.334,1.94638,1.94685,1.13,2.25
2012.01.10 15:27:41.875,1.94638,1.94679,1.13,2.25
2012.01.10 15:27:43.994,1.94629,1.94685,1.13,1.88
2012.01.10 15:27:44.181,1.94639,1.94688,1.13,1.88
2012.01.10 15:27:44.897,1.94639,1.94688,1.13,1.88
2012.01.10 15:27:45.030,1.94639,1.94688,1.13,1.88
2012.01.10 15:27:45.411,1.94639,1.94688,1.13,1.88
2012.01.10 15:27:45.488,1.94647,1.94694,1.13,1.88
2012.01.10 15:27:45.557,1.94647,1.94694,1.13,1.88
2012.01.10 15:27:45.885,1.94647,1.94694,1.13,1.88
2012.01.10 15:27:45.958,1.94643,1.94685,1.13,1.88
2012.01.10 15:27:52.004,1.94647,1.94689,1.13,1.88
2012.01.10 15:27:52.338,1.94644,1.94684,1.13,1.13
2012.01.10 15:27:55.142,1.94631,1.94673,1.13,1.13
2012.01.10 15:27:55.220,1.94624,1.94661,1.82,1.13
2012.01.10 15:27:55.464,1.94633,1.94674,1.13,1.50
2012.01.10 15:27:55.917,1.94634,1.94677,1.13,1.50
2012.01.10 15:27:55.984,1.94634,1.94682,1.13,1.13
2012.01.10 15:27:56.661,1.94634,1.94682,1.13,1.88
2012.01.10 15:27:56.977,1.94644,1.94684,1.13,1.88
2012.01.10 15:28:03.496,1.94654,1.94695,1.13,2.59
2012.01.10 15:28:03.804,1.94643,1.94685,1.13,1.88
2012.01.10 15:28:06.594,1.94645,1.94686,1.13,1.88
2012.01.10 15:28:08.079,1.94644,1.94684,1.13,1.88
2012.01.10 15:28:08.846,1.94644,1.94684,1.13,1.88
2012.01.10 15:28:09.155,1.94648,1.94675,1.13,1.09
2012.01.10 15:28:09.228,1.94624,1.94662,1.50,1.88
2012.01.10 15:28:09.297,1.94624,1.94661,1.50,1.13
2012.01.10 15:28:09.368,1.94621,1.94661,1.50,1.88
2012.01.10 15:28:09.439,1.94619,1.94661,1.13,1.88
2012.01.10 15:28:11.184,1.94625,1.94667,1.13,1.88
2012.01.10 15:28:13.341,1.94625,1.94667,1.13,1.88
2012.01.10 15:28:13.927,1.94635,1.94677,1.13,3.38
2012.01.10 15:28:14.059,1.94635,1.94677,1.13,3.38
2012.01.10 15:28:14.463,1.94645,1.94681,1.13,2.25
2012.01.10 15:28:14.542,1.94626,1.94677,1.13,1.88
2012.01.10 15:28:15.663,1.94626,1.94677,1.13,1.88
2012.01.10 15:28:15.736,1.9462,1.94671,1.13,1.88
2012.01.10 15:28:17.687,1.9462,1.94668,1.13,1.13
2012.01.10 15:28:18.399,1.9462,1.94668,1.13,1.88
2012.01.10 15:28:19.034,1.94617,1.94666,1.13,1.88
2012.01.10 15:28:24.736,1.94616,1.94665,1.13,1.88
2012.01.10 15:28:26.901,1.94616,1.94667,1.13,1.13
2012.01.10 15:28:26.974,1.94624,1.94671,1.13,1.50
2012.01.10 15:28:28.515,1.94624,1.94671,1.13,2.25
2012.01.10 15:28:28.590,1.94627,1.94671,1.13,1.50
2012.01.10 15:28:28.799,1.94625,1.94671,1.13,1.50
2012.01.10 15:28:29.449,1.94624,1.94671,1.13,2.25
2012.01.10 15:28:29.755,1.94619,1.94659,1.13,1.13
2012.01.10 15:28:30.252,1.94605,1.94669,1.13,2.25
2012.01.10 15:28:30.696,1.94605,1.94661,1.13,1.50
2012.01.10 15:28:30.885,1.94605,1.94664,1.13,2.25
2012.01.10 15:28:31.448,1.94606,1.94664,1.13,2.25
2012.01.10 15:28:31.976,1.94606,1.94655,1.13,1.88
2012.01.10 15:28:32.051,1.94604,1.94656,1.13,2.25
2012.01.10 15:28:32.115,1.94606,1.94648,1.13,1.50
2012.01.10 15:28:32.895,1.94603,1.94648,1.13,1.50
2012.01.10 15:28:32.964,1.94603,1.9465,1.13,1.50
2012.01.10 15:28:33.214,1.94606,1.9465,1.13,1.50
2012.01.10 15:28:33.462,1.94602,1.9465,1.13,1.50
2012.01.10 15:28:33.771,1.94602,1.9465,1.13,2.25
2012.01.10 15:28:34.500,1.94604,1.94648,1.13,2.25
2012.01.10 15:28:34.565,1.94595,1.94644,1.13,1.88
2012.01.10 15:28:34.755,1.94595,1.94644,1.13,1.88
2012.01.10 15:28:34.849,1.94589,1.9464,1.13,1.88
2012.01.10 15:28:35.155,1.94589,1.94638,1.13,1.13
2012.01.10 15:28:35.348,1.94586,1.94635,1.13,1.88
2012.01.10 15:28:35.867,1.9459,1.94639,1.13,1.13
2012.01.10 15:28:36.196,1.9459,1.94639,1.13,1.88
2012.01.10 15:28:36.270,1.94581,1.94636,1.13,1.88
2012.01.10 15:28:36.333,1.94576,1.94627,1.13,1.88
2012.01.10 15:28:36.645,1.94576,1.94627,1.13,1.13
2012.01.10 15:28:36.773,1.94594,1.94636,1.13,1.13
2012.01.10 15:28:38.744,1.94594,1.94636,1.13,1.88
2012.01.10 15:28:39.433,1.94594,1.94636,1.13,1.88
2012.01.10 15:28:39.647,1.94594,1.94636,1.13,1.88
2012.01.10 15:28:40.376,1.94594,1.94636,1.13,1.88
2012.01.10 15:28:40.971,1.94594,1.94636,1.13,1.88
2012.01.10 15:28:41.578,1.94589,1.94632,1.13,1.13
2012.01.10 15:28:42.702,1.94578,1.9462,1.13,1.13
2012.01.10 15:28:44.274,1.94585,1.94636,1.13,1.88
2012.01.10 15:28:44.458,1.94587,1.94636,1.13,1.88
2012.01.10 15:28:45.024,1.94584,1.94633,1.13,1.13
2012.01.10 15:28:45.352,1.94583,1.94632,1.13,1.88
2012.01.10 15:28:45.677,1.94576,1.94627,1.13,1.88
2012.01.10 15:28:45.996,1.94576,1.94627,1.13,1.88
2012.01.10 15:28:46.123,1.94572,1.94621,1.13,1.13
2012.01.10 15:28:46.256,1.94574,1.94631,1.13,3.38
2012.01.10 15:28:46.446,1.94582,1.94631,1.13,2.25
2012.01.10 15:28:47.534,1.94577,1.94626,1.13,1.88
2012.01.10 15:28:48.554,1.94578,1.94627,1.13,1.88
2012.01.10 15:28:48.623,1.94576,1.94627,1.13,1.88
2012.01.10 15:28:48.971,1.94578,1.94627,1.13,1.88
2012.01.10 15:28:49.345,1.94582,1.9463,1.13,2.25
2012.01.10 15:28:50.026,1.94576,1.94627,1.13,1.88
2012.01.10 15:28:50.338,1.94584,1.94633,1.13,1.88
2012.01.10 15:28:50.568,1.94584,1.94633,1.13,1.13
2012.01.10 15:28:50.720,1.94589,1.94638,1.13,1.88
2012.01.10 15:28:50.865,1.94587,1.94636,1.13,1.88
2012.01.10 15:28:51.398,1.94595,1.94642,1.13,2.25
2012.01.10 15:28:51.879,1.94584,1.94633,1.13,1.13
2012.01.10 15:28:51.950,1.94584,1.94633,1.13,1.88
2012.01.10 15:28:52.077,1.94581,1.94632,1.13,1.13
2012.01.10 15:28:52.149,1.94579,1.94628,1.13,1.13
2012.01.10 15:28:52.455,1.9458,1.94629,1.13,2.25
2012.01.10 15:28:52.775,1.9458,1.94629,1.13,2.25
2012.01.10 15:28:52.844,1.94572,1.94623,1.13,1.88
2012.01.10 15:28:53.354,1.94572,1.94623,1.13,1.13
2012.01.10 15:28:55.077,1.94572,1.94621,1.13,1.13
2012.01.10 15:28:59.188,1.94573,1.94624,1.13,1.13
2012.01.10 15:28:59.278,1.94573,1.94624,1.13,1.88
2012.01.10 15:28:59.875,1.94573,1.94624,1.13,1.13
2012.01.10 15:29:00.579,1.94573,1.94624,1.13,1.88
2012.01.10 15:29:00.797,1.94573,1.94624,1.13,1.13
2012.01.10 15:29:01.238,1.94573,1.94624,1.13,1.88
2012.01.10 15:29:01.916,1.94573,1.94622,1.13,1.13
2012.01.10 15:29:04.738,1.94576,1.94624,1.13,1.13
2012.01.10 15:29:05.265,1.94578,1.9462,1.13,1.13
2012.01.10 15:29:05.338,1.94572,1.94623,1.13,1.13
2012.01.10 15:29:06.247,1.94572,1.94621,1.13,1.13
2012.01.10 15:29:10.195,1.94589,1.94631,1.13,1.88
2012.01.10 15:29:10.264,1.94589,1.94631,1.13,1.13
2012.01.10 15:29:10.882,1.94589,1.94631,1.13,1.88
2012.01.10 15:29:11.313,1.9458,1.94622,1.13,1.13
2012.01.10 15:29:11.561,1.94575,1.94612,1.50,1.13
2012.01.10 15:29:11.692,1.94573,1.94612,1.50,1.13
2012.01.10 15:29:11.842,1.94563,1.94612,1.13,1.13
2012.01.10 15:29:12.947,1.94562,1.94611,1.13,1.13
2012.01.10 15:29:13.368,1.94561,1.94609,1.13,1.13
2012.01.10 15:29:13.985,1.94559,1.94608,1.13,1.13
2012.01.10 15:29:14.397,1.94571,1.94617,1.13,1.50
2012.01.10 15:29:14.964,1.94558,1.94609,1.13,1.13
2012.01.10 15:29:15.039,1.94561,1.94612,1.13,1.13
2012.01.10 15:29:15.358,1.94558,1.94609,1.13,1.13
2012.01.10 15:29:15.674,1.94558,1.94607,1.13,1.13
2012.01.10 15:29:15.744,1.94558,1.94609,1.13,1.13
2012.01.10 15:29:15.878,1.94556,1.94604,1.13,1.13
2012.01.10 15:29:16.337,1.94558,1.94609,1.13,1.13
2012.01.10 15:29:16.765,1.94565,1.94615,1.13,1.13
2012.01.10 15:29:17.082,1.94572,1.94621,1.13,1.13
2012.01.10 15:29:17.277,1.94581,1.94632,1.13,1.13
2012.01.10 15:29:17.374,1.94583,1.94632,1.13,1.13
2012.01.10 15:29:17.506,1.94574,1.94627,1.13,1.13
2012.01.10 15:29:18.160,1.94571,1.94622,1.13,1.13
2012.01.10 15:29:18.492,1.94575,1.9463,1.13,1.13
2012.01.10 15:29:19.088,1.94582,1.94633,1.13,1.13
2012.01.10 15:29:19.359,1.94575,1.9463,1.13,1.13
2012.01.10 15:29:19.862,1.94585,1.94636,1.13,1.13
2012.01.10 15:29:20.198,1.94579,1.94627,1.50,1.13
2012.01.10 15:29:20.746,1.94578,1.94627,1.13,1.13
2012.01.10 15:29:21.479,1.94579,1.94627,2.25,1.13
2012.01.10 15:29:21.548,1.94577,1.9463,2.25,1.13
2012.01.10 15:29:21.717,1.94577,1.94619,2.25,1.13
2012.01.10 15:29:21.784,1.94577,1.94619,1.50,1.13
2012.01.10 15:29:22.097,1.94572,1.94619,2.25,1.13
2012.01.10 15:29:22.164,1.94572,1.94612,1.50,1.13
2012.01.10 15:29:22.294,1.94568,1.94612,1.50,1.13
2012.01.10 15:29:22.625,1.94562,1.94608,1.50,1.13
2012.01.10 15:29:22.698,1.94562,1.94608,2.25,1.13
2012.01.10 15:29:22.766,1.94563,1.94618,1.88,1.13
2012.01.10 15:29:23.304,1.94562,1.94619,1.50,1.13
2012.01.10 15:29:23.450,1.94562,1.94608,1.50,1.13
2012.01.10 15:29:23.519,1.94562,1.94624,1.50,1.13
2012.01.10 15:29:23.659,1.94562,1.94624,2.25,1.13
2012.01.10 15:29:23.967,1.9458,1.94631,2.25,1.13
2012.01.10 15:29:24.039,1.94591,1.9464,1.13,1.13
2012.01.10 15:29:25.265,1.94589,1.94629,1.13,1.13
2012.01.10 15:29:25.479,1.94592,1.94639,1.13,1.13
2012.01.10 15:29:25.981,1.94589,1.94629,1.13,1.13
2012.01.10 15:29:26.424,1.94581,1.94626,1.50,1.13
2012.01.10 15:29:26.663,1.94582,1.94626,2.25,1.13
2012.01.10 15:29:26.734,1.94588,1.9463,1.13,1.13
2012.01.10 15:29:27.752,1.94588,1.9463,1.88,1.13
2012.01.10 15:29:28.179,1.94588,1.9463,1.13,1.13
2012.01.10 15:29:28.336,1.94588,1.9463,1.88,1.13
2012.01.10 15:29:28.728,1.94603,1.9463,2.25,1.13
2012.01.10 15:29:28.914,1.94603,1.94665,2.25,1.13
2012.01.10 15:29:29.798,1.94604,1.94665,2.25,1.13
2012.01.10 15:29:29.926,1.94604,1.94663,2.25,1.13
2012.01.10 15:29:30.355,1.94604,1.94666,2.25,1.13
2012.01.10 15:29:30.483,1.94602,1.94666,1.50,1.13
2012.01.10 15:29:30.554,1.94599,1.94666,1.50,1.13
2012.01.10 15:29:30.684,1.94599,1.94666,2.25,1.13
2012.01.10 15:29:31.412,1.94599,1.94666,1.50,1.13
2012.01.10 15:29:31.959,1.94599,1.94666,2.25,1.13
2012.01.10 15:29:32.070,1.94599,1.94666,1.50,1.13
2012.01.10 15:29:32.428,1.94602,1.94666,1.50,1.13
2012.01.10 15:29:33.087,1.94605,1.94665,1.50,1.13
2012.01.10 15:29:33.436,1.94602,1.94662,1.50,1.13
2012.01.10 15:29:33.564,1.94602,1.94666,2.25,1.13
2012.01.10 15:29:33.895,1.946,1.94666,1.50,3.38
2012.01.10 15:29:34.787,1.946,1.94663,1.50,1.88
2012.01.10 15:29:34.934,1.946,1.94661,1.50,1.13
2012.01.10 15:29:35.003,1.946,1.94658,1.50,1.13
2012.01.10 15:29:35.310,1.946,1.9466,1.50,1.88
2012.01.10 15:29:35.496,1.946,1.9466,1.50,1.13
2012.01.10 15:29:35.569,1.94599,1.94664,1.13,2.25
2012.01.10 15:29:36.059,1.94602,1.94665,1.50,1.88
2012.01.10 15:29:36.631,1.9462,1.94669,1.13,1.88
2012.01.10 15:29:36.699,1.94613,1.94662,1.50,1.13
2012.01.10 15:29:37.269,1.94612,1.94662,1.13,1.13
2012.01.10 15:29:37.504,1.94607,1.94657,1.13,1.13
2012.01.10 15:29:38.448,1.94625,1.94666,1.13,1.13
2012.01.10 15:29:39.971,1.94622,1.94664,1.13,1.13
2012.01.10 15:29:40.096,1.94619,1.94662,1.13,1.13
2012.01.10 15:29:40.631,1.94617,1.94659,2.63,1.13
2012.01.10 15:29:40.774,1.94615,1.94655,1.13,1.13
2012.01.10 15:29:40.848,1.9462,1.94661,1.13,1.13
2012.01.10 15:29:40.978,1.94604,1.94651,1.50,1.13
2012.01.10 15:29:41.164,1.94608,1.94651,1.50,1.13
2012.01.10 15:29:41.472,1.94612,1.94651,1.50,1.13
2012.01.10 15:29:41.543,1.94603,1.94651,1.13,1.13
2012.01.10 15:29:42.497,1.94599,1.94648,2.94,1.13
2012.01.10 15:29:42.628,1.94603,1.9465,1.50,1.13
2012.01.10 15:29:42.756,1.94603,1.94654,1.50,1.13
2012.01.10 15:29:43.183,1.94598,1.94654,1.44,1.13
2012.01.10 15:29:43.474,1.94607,1.94655,1.13,1.50
2012.01.10 15:29:43.824,1.94594,1.94645,1.44,1.13
2012.01.10 15:29:44.589,1.94609,1.94651,1.13,1.13
2012.01.10 15:29:44.895,1.94613,1.94653,1.13,1.13
2012.01.10 15:29:46.741,1.94601,1.94654,2.94,1.13
2012.01.10 15:29:47.153,1.94601,1.94654,2.19,1.13
2012.01.10 15:29:47.223,1.9461,1.94661,1.13,1.13
2012.01.10 15:29:47.419,1.94602,1.94653,1.88,1.13
2012.01.10 15:29:47.483,1.94602,1.94653,1.44,1.13
2012.01.10 15:29:47.677,1.94606,1.94655,1.13,1.13
2012.01.10 15:29:47.873,1.94607,1.94657,1.13,1.13
2012.01.10 15:29:48.094,1.94601,1.94655,1.44,1.13
2012.01.10 15:29:48.222,1.94604,1.94655,1.50,1.13
2012.01.10 15:29:49.091,1.94611,1.94668,1.13,1.13
2012.01.10 15:29:49.529,1.94614,1.94668,1.13,1.13
2012.01.10 15:29:50.423,1.94615,1.94668,1.13,1.13
2012.01.10 15:29:50.735,1.94617,1.94667,2.63,1.13
2012.01.10 15:29:50.865,1.94623,1.94674,1.13,1.13
2012.01.10 15:29:51.227,1.94618,1.94669,1.13,1.13
2012.01.10 15:29:51.419,1.94622,1.94685,1.13,2.25
2012.01.10 15:29:51.486,1.94625,1.9469,1.50,1.88
2012.01.10 15:29:51.554,1.94625,1.9469,1.50,1.13
2012.01.10 15:29:51.624,1.94625,1.94669,1.50,1.13
2012.01.10 15:29:51.692,1.94623,1.94669,1.50,1.13
2012.01.10 15:29:52.214,1.94624,1.94665,1.50,1.88
2012.01.10 15:29:52.283,1.94617,1.94665,1.50,1.88
2012.01.10 15:29:52.668,1.94624,1.94673,1.13,1.13
2012.01.10 15:29:53.122,1.94628,1.94677,1.13,1.13
2012.01.10 15:29:53.191,1.94634,1.94685,1.13,2.25
2012.01.10 15:29:53.556,1.94628,1.94677,1.13,1.13
2012.01.10 15:29:53.945,1.94636,1.94679,1.13,1.13
2012.01.10 15:29:54.577,1.94639,1.94678,1.13,1.50
2012.01.10 15:29:54.654,1.9464,1.9468,1.13,1.13
2012.01.10 15:29:54.964,1.94646,1.94689,1.13,1.88
2012.01.10 15:29:55.097,1.94646,1.94689,1.13,1.13
2012.01.10 15:29:55.408,1.94652,1.94693,1.13,1.13
2012.01.10 15:29:55.753,1.94651,1.94691,1.13,1.88
2012.01.10 15:29:56.062,1.94651,1.94691,1.13,1.13
2012.01.10 15:29:58.262,1.94662,1.94704,1.13,2.25
2012.01.10 15:29:58.451,1.94676,1.94704,1.13,1.50
2012.01.10 15:29:58.897,1.94676,1.94716,1.13,1.88
2012.01.10 15:29:59.207,1.94676,1.94716,1.13,1.13
2012.01.10 15:29:59.424,1.94676,1.94716,1.13,1.88
2012.01.10 15:29:59.713,1.94676,1.94716,1.13,1.13
2012.01.10 15:30:00.364,1.94681,1.94732,1.13,1.88
2012.01.10 15:30:00.798,1.94681,1.94732,1.13,1.13
2012.01.10 15:30:00.925,1.94681,1.94732,1.13,1.88
2012.01.10 15:30:00.995,1.94674,1.94725,1.47,1.88
2012.01.10 15:30:01.437,1.94681,1.9473,1.13,1.88
2012.01.10 15:30:01.964,1.94674,1.94715,1.13,1.88
2012.01.10 15:30:02.913,1.94677,1.94717,1.13,1.88
2012.01.10 15:30:03.007,1.94676,1.94716,1.13,1.13
2012.01.10 15:30:03.077,1.94673,1.94713,1.13,1.13
2012.01.10 15:30:03.923,1.94673,1.94713,1.13,1.88
2012.01.10 15:30:06.123,1.94673,1.94713,1.13,1.13
2012.01.10 15:30:06.724,1.94668,1.94711,1.13,1.13
2012.01.10 15:30:07.026,1.94675,1.94717,1.13,1.88
2012.01.10 15:30:08.129,1.94676,1.94716,1.13,1.13
2012.01.10 15:30:08.723,1.94677,1.94727,1.13,1.88
2012.01.10 15:30:08.914,1.94688,1.94728,1.13,1.13
2012.01.10 15:30:10.625,1.94688,1.94728,1.13,1.88
2012.01.10 15:30:10.815,1.94678,1.94726,1.13,1.88
2012.01.10 15:30:11.424,1.94668,1.94711,1.13,1.13
2012.01.10 15:30:11.795,1.94666,1.94713,1.13,1.13
2012.01.10 15:30:12.327,1.94672,1.94715,1.13,1.13
2012.01.10 15:30:12.925,1.94667,1.94709,1.13,1.13
2012.01.10 15:30:13.473,1.94669,1.94714,1.13,1.13
2012.01.10 15:30:14.632,1.9467,1.94714,1.13,1.13
2012.01.10 15:30:14.946,1.94672,1.94714,1.13,1.13
2012.01.10 15:30:15.293,1.94675,1.94717,1.13,1.13
2012.01.10 15:30:17.459,1.94675,1.94717,1.13,1.88
2012.01.10 15:30:18.863,1.94675,1.94717,1.13,1.13
2012.01.10 15:30:19.055,1.94675,1.94717,1.13,1.88
2012.01.10 15:30:19.239,1.94671,1.94711,1.13,1.13
2012.01.10 15:30:19.367,1.94669,1.9471,1.13,1.13
2012.01.10 15:30:19.617,1.94664,1.94705,1.13,1.13
2012.01.10 15:30:21.188,1.94659,1.947,1.13,1.13
2012.01.10 15:30:21.374,1.94656,1.94698,1.13,1.13
2012.01.10 15:30:21.446,1.94658,1.94701,1.13,1.13
2012.01.10 15:30:21.815,1.94657,1.94697,1.13,1.13
2012.01.10 15:30:22.136,1.94658,1.94701,1.13,1.13
2012.01.10 15:30:23.474,1.94663,1.94703,1.13,1.13
2012.01.10 15:30:23.826,1.94654,1.94697,1.13,1.13
2012.01.10 15:30:24.034,1.94649,1.94689,1.13,1.13
2012.01.10 15:30:24.463,1.9465,1.94691,1.13,1.13
2012.01.10 15:30:24.919,1.9464,1.94689,1.13,1.13
2012.01.10 15:30:25.524,1.94649,1.94692,1.13,1.13
2012.01.10 15:30:26.346,1.94648,1.9469,1.13,1.13
2012.01.10 15:30:26.975,1.94646,1.94688,1.13,1.13
2012.01.10 15:30:27.285,1.94643,1.94685,1.13,1.13
2012.01.10 15:30:27.621,1.94643,1.94683,1.13,1.13
2012.01.10 15:30:28.189,1.94644,1.94684,1.13,1.13
2012.01.10 15:30:31.152,1.94655,1.94697,1.13,1.50
2012.01.10 15:30:31.683,1.94655,1.94698,1.13,1.13
2012.01.10 15:30:33.588,1.94655,1.94698,1.47,1.13
2012.01.10 15:30:33.896,1.94681,1.94721,1.13,1.13
2012.01.10 15:30:34.468,1.94679,1.94721,1.13,1.13
2012.01.10 15:30:34.545,1.94673,1.94714,1.13,1.13
2012.01.10 15:30:35.199,1.9466,1.94702,1.13,1.13
2012.01.10 15:30:41.913,1.94648,1.9469,1.13,1.13
2012.01.10 15:30:42.450,1.94647,1.94689,1.88,1.13
2012.01.10 15:30:42.576,1.94638,1.94683,1.88,1.13
2012.01.10 15:30:42.645,1.94646,1.94683,1.09,1.13
2012.01.10 15:30:42.717,1.94659,1.94699,1.13,1.13
2012.01.10 15:30:43.030,1.94658,1.94702,1.13,1.50
2012.01.10 15:30:43.096,1.94658,1.94708,1.13,1.13
2012.01.10 15:30:43.941,1.94658,1.94709,1.13,1.13
2012.01.10 15:30:44.707,1.94658,1.94708,1.13,1.13
2012.01.10 15:30:45.025,1.94648,1.94698,2.63,1.13
2012.01.10 15:30:45.089,1.94648,1.94714,1.50,1.50
2012.01.10 15:30:45.218,1.94648,1.94709,1.50,1.50
2012.01.10 15:30:45.629,1.94649,1.94715,1.50,1.88
2012.01.10 15:30:45.884,1.94649,1.94715,1.50,1.88
2012.01.10 15:30:46.241,1.94653,1.94694,1.50,1.13
2012.01.10 15:30:46.364,1.94661,1.94703,1.13,1.13
2012.01.10 15:30:46.927,1.94644,1.94691,1.50,1.13
2012.01.10 15:30:47.455,1.9464,1.94691,2.63,1.13
2012.01.10 15:30:48.885,1.94644,1.94693,1.13,1.13
2012.01.10 15:30:49.327,1.94637,1.94687,1.13,1.13
2012.01.10 15:30:49.879,1.94638,1.94686,1.13,1.13
2012.01.10 15:30:50.066,1.94637,1.94678,1.50,1.13
2012.01.10 15:30:50.197,1.9463,1.94677,1.82,1.13
2012.01.10 15:30:50.267,1.9463,1.94675,1.82,1.13
2012.01.10 15:30:50.337,1.9463,1.94675,1.50,1.13
2012.01.10 15:30:50.466,1.9463,1.94669,1.50,1.13
2012.01.10 15:30:50.968,1.94624,1.94669,1.50,1.13
2012.01.10 15:30:51.443,1.94622,1.94669,1.50,1.13
2012.01.10 15:30:52.194,1.9462,1.94669,1.13,1.13
2012.01.10 15:30:52.546,1.94621,1.94676,1.13,1.13
2012.01.10 15:30:53.699,1.94617,1.94667,1.13,1.13
2012.01.10 15:30:53.958,1.94621,1.94676,1.13,1.13
2012.01.10 15:30:54.624,1.94621,1.94676,1.88,1.13
2012.01.10 15:30:55.104,1.94621,1.94678,1.88,1.13
2012.01.10 15:30:55.173,1.94621,1.94678,1.13,1.13
2012.01.10 15:30:55.648,1.94631,1.9468,1.13,1.13
2012.01.10 15:30:57.955,1.94625,1.94674,1.13,1.13
2012.01.10 15:30:58.318,1.94629,1.9468,1.13,1.13
2012.01.10 15:30:58.919,1.9463,1.94681,1.13,1.13
2012.01.10 15:31:03.896,1.94633,1.94684,1.13,1.13
2012.01.10 15:31:04.225,1.94631,1.9468,1.13,1.13
2012.01.10 15:31:07.145,1.94625,1.94676,1.13,1.13
2012.01.10 15:31:08.443,1.94627,1.94676,1.50,1.13
2012.01.10 15:31:11.183,1.94625,1.94676,1.13,1.13
2012.01.10 15:31:11.447,1.94624,1.94658,1.50,1.13
2012.01.10 15:31:11.814,1.94617,1.94658,1.13,1.13
2012.01.10 15:31:12.558,1.94618,1.94658,1.50,1.13
2012.01.10 15:31:12.906,1.94627,1.94658,1.50,1.13
2012.01.10 15:31:13.100,1.94629,1.94671,1.13,1.13
2012.01.10 15:31:13.225,1.94641,1.94684,1.13,1.13
2012.01.10 15:31:13.414,1.94633,1.9468,1.13,1.13
2012.01.10 15:31:14.471,1.94629,1.94671,1.13,1.13
2012.01.10 15:31:14.537,1.94632,1.94681,1.13,1.13
2012.01.10 15:31:15.600,1.94634,1.94681,1.13,1.13
2012.01.10 15:31:15.726,1.94644,1.94694,1.13,1.13
2012.01.10 15:31:16.246,1.94635,1.94677,1.13,1.13
2012.01.10 15:31:17.376,1.94631,1.94674,2.63,1.13
2012.01.10 15:31:17.565,1.94635,1.94677,1.13,1.13
2012.01.10 15:31:19.202,1.94631,1.94671,1.50,1.13
2012.01.10 15:31:19.445,1.94629,1.94671,1.13,1.13
2012.01.10 15:31:21.553,1.9463,1.94671,1.50,1.13
2012.01.10 15:31:21.627,1.94635,1.94677,1.13,1.13
2012.01.10 15:31:23.507,1.94637,1.94678,1.13,1.13
2012.01.10 15:31:23.998,1.94636,1.94676,1.47,1.13
2012.01.10 15:31:24.074,1.94642,1.94683,1.13,1.13
2012.01.10 15:31:24.265,1.94645,1.94693,1.13,1.13
2012.01.10 15:31:24.393,1.94642,1.94683,1.13,1.13
2012.01.10 15:31:27.444,1.94644,1.94694,1.13,1.13
2012.01.10 15:31:27.965,1.94644,1.94693,1.13,1.50
2012.01.10 15:31:28.489,1.94644,1.94694,1.13,1.13
2012.01.10 15:31:29.305,1.94644,1.94692,1.13,1.13
2012.01.10 15:31:29.926,1.9463,1.94669,1.50,1.13
2012.01.10 15:31:29.999,1.94631,1.94671,1.13,1.13
2012.01.10 15:31:30.247,1.9463,1.94673,2.63,1.13
2012.01.10 15:31:30.316,1.94632,1.94681,1.13,1.13
2012.01.10 15:31:32.514,1.94642,1.94683,1.13,1.13
2012.01.10 15:31:32.767,1.94633,1.9468,1.13,1.13
2012.01.10 15:31:34.670,1.94641,1.9468,1.84,1.13
2012.01.10 15:31:35.222,1.94645,1.94664,1.05,1.13
2012.01.10 15:31:35.311,1.94635,1.94674,1.07,1.13
2012.01.10 15:31:35.388,1.94649,1.94665,1.50,1.13
2012.01.10 15:31:35.632,1.94658,1.947,1.13,1.13
2012.01.10 15:31:35.855,1.94644,1.94687,2.12,1.13
2012.01.10 15:31:35.927,1.94655,1.94698,1.13,1.13
2012.01.10 15:31:39.902,1.94655,1.94698,1.13,1.88
2012.01.10 15:31:40.331,1.94643,1.94686,1.13,1.13
2012.01.10 15:31:41.584,1.94643,1.94686,1.13,1.88
2012.01.10 15:31:41.655,1.94636,1.9468,1.13,1.13
2012.01.10 15:31:41.905,1.94638,1.94678,1.13,1.13
2012.01.10 15:31:42.159,1.94639,1.94681,1.13,1.13
2012.01.10 15:31:42.604,1.94636,1.94674,1.50,1.13
2012.01.10 15:31:42.905,1.94636,1.94664,1.50,1.13
2012.01.10 15:31:43.098,1.94624,1.94664,1.47,1.13
2012.01.10 15:31:43.305,1.94626,1.94667,1.47,1.13
2012.01.10 15:31:43.913,1.94628,1.94668,1.47,1.13
2012.01.10 15:31:44.485,1.94628,1.94668,2.63,1.13
2012.01.10 15:31:44.746,1.94631,1.94668,1.50,1.13
2012.01.10 15:31:45.736,1.94636,1.94677,1.13,1.13
2012.01.10 15:31:47.617,1.94634,1.94674,1.13,1.13
2012.01.10 15:31:48.131,1.94628,1.94678,1.50,1.13
2012.01.10 15:31:48.202,1.94625,1.94678,1.50,1.13
2012.01.10 15:31:48.394,1.94625,1.94678,1.84,1.13
2012.01.10 15:31:48.740,1.94625,1.94655,1.09,1.13
2012.01.10 15:31:48.867,1.94625,1.94663,1.09,1.13
2012.01.10 15:31:48.994,1.94628,1.94663,1.09,1.13
2012.01.10 15:31:49.067,1.9463,1.94677,1.88,1.13
2012.01.10 15:31:49.194,1.9463,1.9467,1.88,1.13
2012.01.10 15:31:49.266,1.94633,1.9468,1.88,1.13
2012.01.10 15:31:49.808,1.94644,1.94691,1.13,1.13
2012.01.10 15:31:50.898,1.94646,1.94693,1.88,1.13
2012.01.10 15:31:51.029,1.94656,1.94704,1.13,1.13
2012.01.10 15:31:51.410,1.94641,1.94676,1.84,1.13
2012.01.10 15:31:51.481,1.94638,1.94676,1.50,1.13
2012.01.10 15:31:51.546,1.94634,1.94676,1.13,1.13
2012.01.10 15:31:51.674,1.94642,1.94676,1.50,1.13
2012.01.10 15:31:51.806,1.94638,1.94676,1.50,1.13
2012.01.10 15:31:51.875,1.94634,1.94676,2.63,1.13
2012.01.10 15:31:51.943,1.94646,1.94688,1.13,1.13
2012.01.10 15:31:55.353,1.94652,1.94692,1.13,1.13
2012.01.10 15:31:55.424,1.94653,1.94694,1.13,1.13
2012.01.10 15:31:58.989,1.94644,1.94691,1.47,1.13
2012.01.10 15:31:59.060,1.94652,1.94695,1.13,1.13
2012.01.10 15:31:59.571,1.94652,1.94695,1.47,1.13
2012.01.10 15:32:00.044,1.94663,1.94705,1.13,1.13
2012.01.10 15:32:00.822,1.94665,1.94715,1.13,1.13
2012.01.10 15:32:02.054,1.94665,1.94716,1.13,1.13
2012.01.10 15:32:03.776,1.94666,1.94714,1.13,1.13
2012.01.10 15:32:04.493,1.94666,1.94715,1.13,1.13
2012.01.10 15:32:04.985,1.94663,1.94705,1.13,1.13
2012.01.10 15:32:07.087,1.94661,1.94705,1.13,1.88
2012.01.10 15:32:07.178,1.94654,1.94703,1.50,1.13
2012.01.10 15:32:07.765,1.94654,1.94704,1.50,1.13
2012.01.10 15:32:08.327,1.94653,1.94704,1.13,1.13
2012.01.10 15:32:10.976,1.94657,1.94704,1.50,1.13
2012.01.10 15:32:11.426,1.94657,1.94697,1.50,1.13
2012.01.10 15:32:11.616,1.94654,1.94697,1.50,1.13
2012.01.10 15:32:11.745,1.94654,1.9469,1.50,1.13
2012.01.10 15:32:11.993,1.94641,1.94689,1.13,1.13
2012.01.10 15:32:12.403,1.94653,1.94689,1.50,1.13
2012.01.10 15:32:12.597,1.94662,1.9472,1.13,1.88
2012.01.10 15:32:12.844,1.94662,1.9472,1.13,1.13
2012.01.10 15:32:13.178,1.94656,1.94703,1.50,1.13
2012.01.10 15:32:13.486,1.94649,1.94689,1.50,1.13
2012.01.10 15:32:13.613,1.94647,1.94689,1.13,1.13
2012.01.10 15:32:13.813,1.94645,1.94686,1.13,1.13
2012.01.10 15:32:13.943,1.94648,1.9469,1.13,1.13
2012.01.10 15:32:14.163,1.94649,1.94692,1.13,1.13
2012.01.10 15:32:14.355,1.94649,1.94692,1.47,1.13
2012.01.10 15:32:14.486,1.94662,1.94704,1.13,1.13
2012.01.10 15:32:15.418,1.94667,1.94708,1.13,1.13
2012.01.10 15:32:15.892,1.94654,1.94696,1.13,1.13
2012.01.10 15:32:19.548,1.94653,1.94696,1.13,1.13
2012.01.10 15:32:19.920,1.94647,1.94689,1.13,1.13
2012.01.10 15:32:20.413,1.94648,1.9469,1.13,1.13
2012.01.10 15:32:20.894,1.94641,1.94686,1.13,1.13
2012.01.10 15:32:21.078,1.94642,1.94682,1.13,1.13
2012.01.10 15:32:21.632,1.94629,1.9467,2.10,1.13
2012.01.10 15:32:21.719,1.94629,1.94668,1.50,1.13
2012.01.10 15:32:21.855,1.94626,1.94668,1.13,1.13
2012.01.10 15:32:22.062,1.94628,1.9467,1.13,1.13
2012.01.10 15:32:22.184,1.9463,1.94679,1.13,1.13
2012.01.10 15:32:22.726,1.9463,1.94677,1.13,1.13
2012.01.10 15:32:23.059,1.94628,1.9467,1.13,1.13
2012.01.10 15:32:23.643,1.94629,1.94678,1.13,1.13
2012.01.10 15:32:23.977,1.94629,1.94669,1.13,1.13
2012.01.10 15:32:25.747,1.94634,1.94674,1.13,1.13
2012.01.10 15:32:25.816,1.94625,1.94667,1.50,1.13
2012.01.10 15:32:25.889,1.94628,1.94667,1.50,1.13
2012.01.10 15:32:25.955,1.94634,1.94674,1.13,1.13
2012.01.10 15:32:26.266,1.94639,1.94682,1.13,1.13
2012.01.10 15:32:28.085,1.94647,1.94687,1.13,1.13
2012.01.10 15:32:31.006,1.94653,1.94693,1.13,1.13
2012.01.10 15:32:32.898,1.94645,1.94686,1.47,1.13
2012.01.10 15:32:33.305,1.94648,1.94688,1.13,1.13
2012.01.10 15:32:33.434,1.94646,1.94688,1.13,1.13
2012.01.10 15:32:34.406,1.94645,1.94686,1.47,1.13
2012.01.10 15:32:34.735,1.94646,1.94688,1.13,1.13
2012.01.10 15:32:35.069,1.94652,1.94692,1.13,1.13
2012.01.10 15:32:36.209,1.94648,1.9469,1.13,1.13
2012.01.10 15:32:36.820,1.94648,1.9469,2.97,1.13
2012.01.10 15:32:37.066,1.94686,1.94726,1.13,1.88
2012.01.10 15:32:37.436,1.94668,1.94707,1.50,1.13
2012.01.10 15:32:37.616,1.94658,1.94707,1.13,1.13
2012.01.10 15:32:38.265,1.94651,1.94703,1.13,1.13
2012.01.10 15:32:38.393,1.94649,1.94695,1.82,1.13
2012.01.10 15:32:38.537,1.94651,1.947,1.13,1.13
2012.01.10 15:32:38.750,1.94649,1.94682,1.82,1.13
2012.01.10 15:32:38.875,1.94649,1.94684,1.50,1.13
2012.01.10 15:32:39.005,1.94643,1.94684,1.50,1.13
2012.01.10 15:32:39.326,1.94643,1.94688,1.13,1.13
2012.01.10 15:32:39.397,1.94643,1.94688,1.88,1.13
2012.01.10 15:32:39.931,1.94634,1.94663,1.50,1.13
2012.01.10 15:32:40.191,1.94629,1.94662,1.50,1.13
2012.01.10 15:32:40.257,1.94625,1.94662,1.50,1.13
2012.01.10 15:32:40.327,1.94622,1.94662,1.13,1.13
2012.01.10 15:32:40.394,1.94615,1.94656,1.88,1.13
2012.01.10 15:32:40.649,1.94615,1.94656,1.88,1.13
2012.01.10 15:32:40.775,1.94627,1.94669,1.13,1.13
2012.01.10 15:32:46.038,1.94618,1.94656,1.50,1.13
2012.01.10 15:32:46.219,1.94622,1.94664,1.13,1.13
2012.01.10 15:32:46.699,1.94628,1.94668,1.13,1.13
2012.01.10 15:32:49.157,1.94634,1.94674,1.13,1.13
2012.01.10 15:32:49.225,1.94621,1.94663,1.13,1.13
2012.01.10 15:32:49.397,1.94624,1.94663,1.50,1.13
2012.01.10 15:32:49.583,1.94629,1.94669,1.13,1.13
2012.01.10 15:32:49.957,1.94631,1.94678,1.13,1.13
2012.01.10 15:32:50.566,1.9464,1.94681,1.13,1.13
2012.01.10 15:32:50.886,1.94632,1.94656,1.50,1.13
2012.01.10 15:32:51.013,1.94632,1.94666,1.50,1.13
2012.01.10 15:32:51.206,1.94632,1.94653,1.50,1.13
2012.01.10 15:32:51.546,1.94607,1.94653,1.50,1.13
2012.01.10 15:32:51.610,1.94616,1.94656,1.13,1.13
2012.01.10 15:32:51.797,1.94618,1.94663,1.13,1.13
2012.01.10 15:32:51.868,1.94618,1.9466,1.13,1.13
2012.01.10 15:32:52.174,1.94615,1.94657,1.13,1.13
2012.01.10 15:32:53.087,1.94615,1.94655,1.13,1.13
2012.01.10 15:32:53.500,1.94612,1.94655,1.13,1.13
2012.01.10 15:32:53.839,1.94615,1.94655,1.13,1.13
2012.01.10 15:32:55.074,1.94612,1.94655,1.13,1.13
2012.01.10 15:32:55.324,1.94611,1.94651,1.13,1.13
2012.01.10 15:32:55.949,1.94611,1.94651,1.88,1.13
2012.01.10 15:32:56.170,1.94613,1.94654,1.88,1.13
2012.01.10 15:32:56.236,1.94613,1.94654,1.13,1.13
2012.01.10 15:32:57.093,1.94603,1.94651,2.59,1.13
2012.01.10 15:32:57.174,1.94617,1.94637,1.50,1.13
2012.01.10 15:32:57.309,1.9464,1.94674,1.13,2.25
2012.01.10 15:32:57.380,1.9464,1.94672,1.13,1.50
2012.01.10 15:32:57.447,1.94625,1.94672,1.13,1.50
2012.01.10 15:32:57.521,1.94627,1.94672,1.13,1.50
2012.01.10 15:32:57.707,1.94626,1.94675,1.13,1.13
2012.01.10 15:32:57.834,1.94627,1.94678,1.13,1.50
2012.01.10 15:32:57.965,1.94643,1.94678,1.13,1.50
2012.01.10 15:32:58.589,1.94643,1.94694,1.13,1.13
2012.01.10 15:32:58.716,1.9465,1.94698,1.13,1.50
2012.01.10 15:32:59.847,1.9465,1.94699,1.13,1.13
2012.01.10 15:33:01.115,1.94678,1.94703,1.13,1.50
2012.01.10 15:33:01.508,1.94656,1.94703,1.13,1.50
2012.01.10 15:33:01.693,1.9465,1.94699,1.13,1.13
2012.01.10 15:33:01.944,1.94646,1.94697,1.88,1.13
2012.01.10 15:33:02.640,1.94643,1.94692,1.13,1.13
2012.01.10 15:33:02.948,1.94646,1.94691,1.13,1.50
2012.01.10 15:33:03.272,1.94646,1.94697,1.13,1.13
2012.01.10 15:33:03.403,1.94646,1.94694,1.13,1.50
2012.01.10 15:33:03.637,1.94643,1.94694,1.13,1.50
2012.01.10 15:33:03.786,1.94639,1.94694,1.13,1.50
2012.01.10 15:33:04.189,1.94639,1.94691,1.13,1.50
2012.01.10 15:33:04.689,1.94639,1.94688,1.13,1.50
2012.01.10 15:33:05.006,1.94639,1.9469,1.13,1.50
2012.01.10 15:33:05.516,1.94631,1.94679,1.13,1.13
2012.01.10 15:33:07.493,1.9464,1.94682,1.13,1.13
2012.01.10 15:33:09.935,1.9464,1.94677,1.13,1.50
2012.01.10 15:33:10.184,1.94617,1.94657,1.13,1.13
2012.01.10 15:33:10.254,1.94626,1.94675,1.13,1.13
2012.01.10 15:33:10.415,1.94616,1.94658,1.13,1.13
2012.01.10 15:33:10.911,1.94625,1.94676,1.13,1.13
2012.01.10 15:33:11.664,1.94625,1.94673,1.13,1.50
2012.01.10 15:33:12.473,1.94632,1.94673,1.13,1.50
2012.01.10 15:33:12.939,1.94632,1.9468,1.13,1.50
2012.01.10 15:33:13.175,1.94632,1.9468,1.13,2.25
2012.01.10 15:33:13.339,1.94632,1.9468,1.13,1.50
2012.01.10 15:33:13.767,1.94632,1.94681,1.13,1.88
2012.01.10 15:33:13.957,1.94632,1.94681,1.13,1.13
2012.01.10 15:33:14.029,1.94628,1.9467,1.13,1.13
2012.01.10 15:33:14.164,1.94613,1.94664,2.63,1.13
2012.01.10 15:33:14.358,1.94626,1.94675,1.13,1.13
2012.01.10 15:33:14.665,1.94613,1.94673,2.25,1.13
2012.01.10 15:33:14.736,1.94613,1.94673,1.50,1.13
2012.01.10 15:33:15.201,1.94605,1.94665,2.63,1.50
2012.01.10 15:33:15.267,1.94597,1.94665,1.82,1.50
2012.01.10 15:33:15.394,1.94599,1.94665,1.07,1.50
2012.01.10 15:33:15.764,1.94605,1.94668,1.88,1.50
2012.01.10 15:33:15.939,1.94607,1.94673,1.50,1.13
2012.01.10 15:33:16.493,1.94606,1.94672,2.25,1.50
2012.01.10 15:33:16.920,1.94606,1.9467,2.25,1.13
2012.01.10 15:33:16.985,1.94606,1.9467,1.50,1.13
2012.01.10 15:33:17.528,1.94606,1.94668,1.50,1.13
2012.01.10 15:33:17.875,1.94628,1.94665,1.13,1.50
2012.01.10 15:33:18.577,1.94628,1.9467,1.13,1.13
2012.01.10 15:33:19.309,1.94631,1.9468,1.13,1.13
2012.01.10 15:33:25.854,1.94629,1.94685,1.13,1.88
2012.01.10 15:33:25.988,1.94622,1.94682,1.50,1.13
2012.01.10 15:33:26.260,1.94619,1.94673,1.50,1.50
2012.01.10 15:33:26.328,1.94607,1.94675,2.97,3.00
2012.01.10 15:33:26.653,1.94607,1.94675,2.63,1.50
2012.01.10 15:33:26.724,1.94607,1.94673,1.50,1.13
2012.01.10 15:33:27.065,1.94605,1.94669,1.88,1.50
2012.01.10 15:33:27.503,1.94605,1.94669,1.88,1.50
2012.01.10 15:33:27.584,1.94617,1.94682,1.50,1.13
2012.01.10 15:33:27.968,1.94614,1.94677,1.50,2.25
2012.01.10 15:33:28.235,1.94593,1.9466,2.25,1.13
2012.01.10 15:33:28.579,1.94593,1.94658,2.25,1.50
2012.01.10 15:33:28.647,1.94592,1.94655,1.13,1.50
2012.01.10 15:33:28.784,1.94592,1.94658,1.13,1.50
2012.01.10 15:33:29.314,1.94594,1.94659,1.50,1.50
2012.01.10 15:33:29.670,1.94597,1.9466,2.25,1.13
2012.01.10 15:33:29.737,1.94597,1.9466,1.50,1.13
2012.01.10 15:33:29.928,1.94597,1.9466,2.25,1.13
2012.01.10 15:33:29.998,1.94597,1.9466,1.50,1.13
2012.01.10 15:33:30.155,1.94597,1.94654,1.50,1.13
2012.01.10 15:33:30.779,1.94586,1.94647,2.25,1.13
2012.01.10 15:33:30.859,1.94586,1.94647,2.25,1.13
2012.01.10 15:33:31.225,1.94601,1.9465,1.88,1.13
2012.01.10 15:33:31.416,1.94601,1.9465,1.13,1.13
2012.01.10 15:33:31.602,1.9461,1.94654,1.13,1.50
2012.01.10 15:33:31.670,1.9461,1.94659,1.13,1.13
2012.01.10 15:33:31.804,1.94602,1.94657,1.88,1.13
2012.01.10 15:33:32.355,1.94606,1.94657,1.50,1.13
2012.01.10 15:33:33.929,1.94606,1.94661,1.50,1.13
2012.01.10 15:33:34.496,1.94619,1.9467,1.13,1.13
2012.01.10 15:33:34.980,1.94613,1.94664,1.88,1.13
2012.01.10 15:33:35.052,1.94613,1.94664,2.63,1.13
2012.01.10 15:33:35.247,1.9462,1.94669,1.13,1.13
2012.01.10 15:33:35.498,1.94617,1.94673,1.13,1.13
2012.01.10 15:33:35.685,1.94612,1.94669,1.50,1.13
2012.01.10 15:33:35.756,1.946,1.94668,1.82,1.50
2012.01.10 15:33:36.208,1.946,1.94668,2.25,1.50
2012.01.10 15:33:36.277,1.94597,1.94665,2.25,1.50
2012.01.10 15:33:36.676,1.94597,1.94665,1.50,1.50
2012.01.10 15:33:36.751,1.94597,1.94665,2.25,1.50
2012.01.10 15:33:38.229,1.94597,1.94662,2.25,1.13
2012.01.10 15:33:38.902,1.94597,1.9466,2.25,1.13
2012.01.10 15:33:39.187,1.94595,1.94655,2.25,1.13
2012.01.10 15:33:39.316,1.94592,1.94655,2.25,1.13
2012.01.10 15:33:39.886,1.94592,1.9466,3.38,2.63
2012.01.10 15:33:39.954,1.94592,1.9466,3.38,2.63
2012.01.10 15:33:40.116,1.9459,1.94655,2.25,1.13
2012.01.10 15:33:40.425,1.9459,1.94655,2.25,1.13
2012.01.10 15:33:40.547,1.9459,1.94655,2.25,1.13
2012.01.10 15:33:40.645,1.9459,1.94655,2.25,1.13
2012.01.10 15:33:41.100,1.9459,1.94655,2.25,1.13
2012.01.10 15:33:41.690,1.94592,1.94655,2.25,1.13
2012.01.10 15:33:41.820,1.94593,1.94659,1.88,1.13
2012.01.10 15:33:41.885,1.94593,1.94659,1.88,1.13
2012.01.10 15:33:41.958,1.94592,1.94656,2.25,1.13
2012.01.10 15:33:42.350,1.94592,1.94652,2.25,1.13
2012.01.10 15:33:42.415,1.94592,1.94656,2.25,1.13
2012.01.10 15:33:42.487,1.94585,1.94653,2.25,1.50
2012.01.10 15:33:43.005,1.94591,1.94655,2.25,1.50
2012.01.10 15:33:43.712,1.94591,1.94656,2.25,1.13
2012.01.10 15:33:43.956,1.94591,1.94656,2.25,1.13
2012.01.10 15:33:44.146,1.94592,1.94657,1.88,1.50
2012.01.10 15:33:44.453,1.94591,1.94655,2.25,1.13
2012.01.10 15:33:47.595,1.94587,1.94655,1.50,2.63
2012.01.10 15:33:47.668,1.94587,1.94652,1.50,1.13
2012.01.10 15:33:48.128,1.94591,1.94657,2.25,4.13
2012.01.10 15:33:50.886,1.94592,1.94649,2.25,1.13
2012.01.10 15:33:51.330,1.9459,1.94646,2.25,1.13
2012.01.10 15:33:54.735,1.94591,1.94646,2.25,1.13
2012.01.10 15:33:54.810,1.94604,1.94661,1.88,1.50
2012.01.10 15:33:55.057,1.94625,1.94664,1.13,1.50
2012.01.10 15:33:55.307,1.94625,1.94676,1.88,1.13
2012.01.10 15:33:55.380,1.94637,1.94686,1.13,1.50
2012.01.10 15:33:55.819,1.94637,1.94688,1.13,1.13
2012.01.10 15:34:00.110,1.94634,1.94684,1.13,1.13
2012.01.10 15:34:00.182,1.9463,1.94685,1.50,1.13
2012.01.10 15:34:00.258,1.94638,1.94687,1.13,1.13
2012.01.10 15:34:01.997,1.9464,1.94693,1.13,1.13
2012.01.10 15:34:04.832,1.94641,1.94697,1.13,1.13
2012.01.10 15:34:04.904,1.94633,1.94673,1.50,1.13
2012.01.10 15:34:05.321,1.94633,1.9467,1.50,1.13
2012.01.10 15:34:05.446,1.9463,1.9467,1.50,1.13
2012.01.10 15:34:05.519,1.94623,1.9467,2.25,1.13
2012.01.10 15:34:06.710,1.94623,1.94674,3.38,1.13
2012.01.10 15:34:06.779,1.94639,1.9468,1.13,1.13
2012.01.10 15:34:08.174,1.94647,1.94698,1.13,1.13
2012.01.10 15:34:12.879,1.94644,1.94694,1.13,1.13
2012.01.10 15:34:13.247,1.94637,1.94688,1.13,1.13
2012.01.10 15:34:13.436,1.94631,1.94685,1.50,1.13
2012.01.10 15:34:13.645,1.94637,1.94688,1.13,1.13
2012.01.10 15:34:13.986,1.94631,1.94684,1.50,1.13
2012.01.10 15:34:14.514,1.94629,1.94684,2.97,1.13
2012.01.10 15:34:14.585,1.94638,1.94687,1.13,1.13
2012.01.10 15:34:15.509,1.94634,1.94682,1.50,1.13
2012.01.10 15:34:15.697,1.94631,1.94682,1.13,1.13
2012.01.10 15:34:15.886,1.94638,1.94687,1.13,1.13
2012.01.10 15:34:17.180,1.94635,1.94683,1.13,1.13
2012.01.10 15:34:17.309,1.94637,1.94688,1.13,1.13
2012.01.10 15:34:19.264,1.94635,1.94683,1.13,1.13
2012.01.10 15:34:20.927,1.94638,1.94687,1.13,1.88
2012.01.10 15:34:21.379,1.94638,1.94687,1.13,1.13
2012.01.10 15:34:21.625,1.94629,1.94669,1.13,1.13
2012.01.10 15:34:25.456,1.94632,1.94679,1.13,1.13
2012.01.10 15:34:25.909,1.94629,1.94673,1.50,1.13
2012.01.10 15:34:25.987,1.94618,1.94681,1.47,1.50
2012.01.10 15:34:26.060,1.94616,1.94677,1.47,1.13
2012.01.10 15:34:26.128,1.94619,1.94681,1.47,1.50
2012.01.10 15:34:26.197,1.94619,1.94681,1.13,1.50
2012.01.10 15:34:26.269,1.94619,1.94683,1.13,1.13
2012.01.10 15:34:26.430,1.94619,1.94678,1.13,1.50
2012.01.10 15:34:26.499,1.94617,1.94678,1.13,1.50
2012.01.10 15:34:26.690,1.94616,1.94673,1.13,1.50
2012.01.10 15:34:26.994,1.94605,1.9467,1.82,1.13
2012.01.10 15:34:27.533,1.94608,1.9467,1.50,1.13
2012.01.10 15:34:27.596,1.946,1.94668,1.82,1.50
2012.01.10 15:34:28.075,1.94597,1.94665,3.32,1.50
2012.01.10 15:34:28.396,1.94601,1.94667,1.82,1.50
2012.01.10 15:34:29.287,1.94601,1.94667,1.82,1.50
2012.01.10 15:34:30.381,1.94598,1.94664,2.94,1.50
2012.01.10 15:34:30.451,1.94598,1.94664,2.63,1.50
2012.01.10 15:34:30.740,1.94598,1.94657,1.50,1.13
2012.01.10 15:34:31.156,1.9459,1.94656,2.25,1.13
2012.01.10 15:34:32.274,1.94598,1.94656,1.50,1.13
2012.01.10 15:34:33.468,1.94594,1.94656,2.25,1.13
2012.01.10 15:34:35.685,1.94595,1.94652,2.25,1.13
2012.01.10 15:34:35.991,1.94601,1.9465,1.13,1.13
2012.01.10 15:34:36.294,1.94601,1.9465,1.88,1.13
2012.01.10 15:34:36.636,1.94616,1.94658,1.13,1.13
2012.01.10 15:34:36.704,1.94626,1.94675,1.13,1.88
2012.01.10 15:34:37.284,1.94626,1.94672,1.13,1.50
2012.01.10 15:34:37.413,1.94626,1.94675,1.13,1.88
2012.01.10 15:34:37.694,1.94628,1.94676,1.13,1.50
2012.01.10 15:34:38.243,1.94628,1.94676,1.13,2.25
2012.01.10 15:34:38.469,1.94618,1.94669,1.13,1.13
2012.01.10 15:34:38.773,1.94629,1.9468,1.13,2.25
2012.01.10 15:34:39.487,1.94618,1.94668,1.13,1.13
2012.01.10 15:34:40.976,1.94611,1.94661,1.50,1.13
2012.01.10 15:34:41.047,1.94603,1.94661,1.13,1.13
2012.01.10 15:34:41.765,1.94602,1.9465,1.50,1.13
2012.01.10 15:34:42.353,1.94601,1.9465,1.13,1.13
2012.01.10 15:34:52.377,1.94601,1.9465,1.88,1.13
2012.01.10 15:34:52.705,1.94616,1.94658,1.13,1.13
2012.01.10 15:34:53.910,1.94601,1.9465,2.97,1.13
2012.01.10 15:34:54.853,1.94601,1.9465,1.88,1.13
2012.01.10 15:34:54.924,1.94601,1.9465,1.13,1.13
2012.01.10 15:34:56.314,1.94603,1.9466,1.13,1.50
2012.01.10 15:34:56.444,1.94605,1.94661,1.50,1.13
2012.01.10 15:34:57.165,1.94604,1.94661,1.50,1.13
2012.01.10 15:34:57.979,1.94603,1.94661,1.13,1.13
2012.01.10 15:34:59.504,1.946,1.94651,1.13,1.13
2012.01.10 15:35:07.260,1.94602,1.94652,1.13,1.13
2012.01.10 15:35:07.590,1.94612,1.94661,1.13,1.88
2012.01.10 15:35:07.659,1.94593,1.94658,1.50,1.88
2012.01.10 15:35:07.732,1.94593,1.94658,1.50,1.88
2012.01.10 15:35:07.978,1.94591,1.94656,1.50,1.88
2012.01.10 15:35:08.375,1.94585,1.94633,1.50,1.13
2012.01.10 15:35:08.625,1.94575,1.94633,1.07,1.13
2012.01.10 15:35:09.766,1.94569,1.94633,2.25,1.13
2012.01.10 15:35:10.206,1.94583,1.94637,1.13,1.50
2012.01.10 15:35:10.396,1.94583,1.94639,1.13,1.50
2012.01.10 15:35:10.466,1.94583,1.94649,1.88,1.50
2012.01.10 15:35:10.678,1.94588,1.94656,1.50,2.63
2012.01.10 15:35:11.346,1.94587,1.94653,1.50,1.50
2012.01.10 15:35:12.020,1.94584,1.9465,2.25,1.50
2012.01.10 15:35:12.100,1.94586,1.94654,2.25,1.50
2012.01.10 15:35:12.463,1.94588,1.94656,1.50,2.63
2012.01.10 15:35:12.848,1.94586,1.94654,3.75,1.50
2012.01.10 15:35:13.622,1.94589,1.94655,1.50,1.50
2012.01.10 15:35:14.496,1.94586,1.94654,2.25,1.50
2012.01.10 15:35:15.191,1.94589,1.94655,1.50,1.50
2012.01.10 15:35:17.319,1.94587,1.94653,1.50,1.50
2012.01.10 15:35:18.210,1.94583,1.94646,1.50,1.13
2012.01.10 15:35:18.456,1.94583,1.94649,2.25,1.50
2012.01.10 15:35:19.445,1.94586,1.94652,1.50,1.50
2012.01.10 15:35:19.756,1.94592,1.94652,1.13,1.50
2012.01.10 15:35:19.827,1.94593,1.94659,1.50,1.50
2012.01.10 15:35:19.917,1.94593,1.94659,2.25,1.50
2012.01.10 15:35:20.626,1.94596,1.9466,1.50,1.13
2012.01.10 15:35:21.142,1.94596,1.94659,1.13,1.50
2012.01.10 15:35:21.399,1.94597,1.94662,1.50,1.13
2012.01.10 15:35:21.848,1.94598,1.94659,1.50,1.13
2012.01.10 15:35:22.374,1.94596,1.94659,1.50,1.13
2012.01.10 15:35:22.941,1.94596,1.94659,1.50,1.88
2012.01.10 15:35:23.255,1.94596,1.94638,1.50,1.13
2012.01.10 15:35:23.474,1.94589,1.94638,1.13,1.13
2012.01.10 15:35:23.968,1.94592,1.94651,1.13,1.50
2012.01.10 15:35:24.035,1.94592,1.94651,1.88,1.50
2012.01.10 15:35:24.283,1.94592,1.94658,3.38,1.50
2012.01.10 15:35:24.962,1.94594,1.9466,2.25,2.63
2012.01.10 15:35:25.908,1.94592,1.94659,1.88,1.50
2012.01.10 15:35:26.237,1.94592,1.94656,1.88,1.50
2012.01.10 15:35:26.565,1.94592,1.94658,3.38,3.00
2012.01.10 15:35:27.726,1.94592,1.94658,2.63,2.25
2012.01.10 15:35:28.035,1.94592,1.94639,2.25,1.13
2012.01.10 15:35:28.497,1.94593,1.94651,1.88,1.50
2012.01.10 15:35:28.749,1.94598,1.94654,1.50,1.50
2012.01.10 15:35:28.838,1.94598,1.94659,1.50,1.13
2012.01.10 15:35:30.410,1.94598,1.94638,1.50,1.13
2012.01.10 15:35:30.777,1.94595,1.94638,2.25,1.13
2012.01.10 15:35:30.972,1.94589,1.94638,1.13,1.13
2012.01.10 15:35:32.716,1.94589,1.94638,3.38,1.13
2012.01.10 15:35:33.306,1.94589,1.94638,2.63,1.13
2012.01.10 15:35:34.197,1.94591,1.94638,1.50,1.13
2012.01.10 15:35:34.572,1.94592,1.94659,1.88,1.50
2012.01.10 15:35:34.979,1.94597,1.94638,1.50,1.13
2012.01.10 15:35:35.518,1.94592,1.94638,2.25,1.13
2012.01.10 15:35:35.587,1.94592,1.94638,1.50,1.13
2012.01.10 15:35:36.366,1.94589,1.94638,2.63,1.13
2012.01.10 15:35:36.788,1.94592,1.94638,1.50,1.13
2012.01.10 15:35:37.233,1.94589,1.94638,1.13,1.13
2012.01.10 15:35:37.308,1.94592,1.94647,1.13,3.00
2012.01.10 15:35:37.979,1.94582,1.94636,1.50,1.13
2012.01.10 15:35:38.058,1.94584,1.94641,1.50,1.13
2012.01.10 15:35:38.245,1.94573,1.94639,2.25,1.50
2012.01.10 15:35:38.683,1.94575,1.94641,2.25,1.50
2012.01.10 15:35:38.842,1.94579,1.94641,1.50,1.50
2012.01.10 15:35:39.444,1.94582,1.94643,1.50,1.13
2012.01.10 15:35:40.100,1.94577,1.94645,1.50,2.63
2012.01.10 15:35:40.170,1.94575,1.94641,2.25,1.50
2012.01.10 15:35:40.334,1.94576,1.94644,1.50,1.50
2012.01.10 15:35:40.554,1.9458,1.94645,1.50,1.13
2012.01.10 15:35:41.125,1.9458,1.94644,1.50,1.88
2012.01.10 15:35:41.434,1.94575,1.94641,1.50,1.50
2012.01.10 15:35:42.135,1.94578,1.94644,1.50,4.88
2012.01.10 15:35:42.445,1.94578,1.94623,1.50,1.13
2012.01.10 15:35:42.915,1.94568,1.94623,1.50,1.13
2012.01.10 15:35:43.824,1.94566,1.94623,2.19,1.13
2012.01.10 15:35:44.118,1.9457,1.94623,1.50,1.13
2012.01.10 15:35:44.443,1.94568,1.94623,1.82,1.13
2012.01.10 15:35:44.757,1.94572,1.94624,1.13,1.13
2012.01.10 15:35:44.839,1.94568,1.94624,2.63,1.13
2012.01.10 15:35:44.967,1.94568,1.94614,1.82,1.13
2012.01.10 15:35:45.400,1.9457,1.94614,1.50,1.13
2012.01.10 15:35:45.469,1.9457,1.94623,1.50,1.13
2012.01.10 15:35:46.479,1.9457,1.94622,1.50,1.13
2012.01.10 15:35:50.506,1.94567,1.94622,1.50,1.13
2012.01.10 15:35:50.650,1.94567,1.94622,2.25,1.13
2012.01.10 15:35:51.227,1.94567,1.94621,2.25,1.13
2012.01.10 15:35:51.916,1.94572,1.94634,2.25,1.50
2012.01.10 15:35:51.986,1.94575,1.94641,2.25,1.50
2012.01.10 15:35:52.512,1.94576,1.94642,1.50,1.13
2012.01.10 15:35:52.679,1.94576,1.94644,1.50,2.63
2012.01.10 15:35:52.926,1.94576,1.94639,1.50,1.13
2012.01.10 15:35:53.550,1.94579,1.94644,1.50,1.88
2012.01.10 15:35:53.924,1.94618,1.94647,1.13,2.25
2012.01.10 15:35:53.996,1.94618,1.94664,1.13,1.50
2012.01.10 15:35:54.068,1.94618,1.94667,1.13,1.88
2012.01.10 15:35:54.377,1.94606,1.94628,1.50,1.13
2012.01.10 15:35:54.768,1.94579,1.94628,1.13,1.13
2012.01.10 15:35:55.013,1.94565,1.9462,3.38,1.13
2012.01.10 15:35:55.144,1.94575,1.9462,1.50,1.13
2012.01.10 15:35:55.219,1.94588,1.94641,1.13,1.50
2012.01.10 15:35:55.535,1.94588,1.94639,1.13,1.50
2012.01.10 15:35:55.698,1.94588,1.94641,1.13,1.50
2012.01.10 15:35:55.767,1.94588,1.94645,1.13,1.13
2012.01.10 15:35:56.487,1.94589,1.94645,1.50,1.13
2012.01.10 15:35:56.618,1.9459,1.94648,1.13,1.13
2012.01.10 15:35:57.154,1.94591,1.94648,1.50,1.13
2012.01.10 15:35:59.539,1.94599,1.94649,1.13,1.13
2012.01.10 15:35:59.728,1.94595,1.94648,1.50,1.13
2012.01.10 15:35:59.936,1.94595,1.9465,2.63,1.13
2012.01.10 15:36:01.807,1.94598,1.94649,1.13,1.13
2012.01.10 15:36:02.131,1.94588,1.94631,2.63,1.13
2012.01.10 15:36:02.719,1.94597,1.94631,1.50,1.13
2012.01.10 15:36:02.794,1.94597,1.9464,1.50,1.13
2012.01.10 15:36:03.051,1.94608,1.94647,1.13,1.50
2012.01.10 15:36:03.260,1.94608,1.94652,1.13,1.13
2012.01.10 15:36:03.327,1.94589,1.94633,1.13,1.13
2012.01.10 15:36:03.394,1.94588,1.94637,1.50,1.13
2012.01.10 15:36:03.598,1.94588,1.94646,1.50,1.13
2012.01.10 15:36:03.997,1.94578,1.94643,3.38,1.50
2012.01.10 15:36:04.580,1.94578,1.94642,2.25,1.13
2012.01.10 15:36:04.780,1.94578,1.94642,1.50,1.13
2012.01.10 15:36:04.855,1.94578,1.94644,1.50,1.50
2012.01.10 15:36:05.646,1.94577,1.94643,1.13,1.50
2012.01.10 15:36:05.788,1.94578,1.94643,1.88,1.50
2012.01.10 15:36:05.931,1.94578,1.94643,1.13,1.50
2012.01.10 15:36:06.351,1.94582,1.94646,1.50,1.88
2012.01.10 15:36:06.476,1.94582,1.94646,1.50,1.13
2012.01.10 15:36:06.666,1.94582,1.94646,1.50,1.88
2012.01.10 15:36:07.126,1.94579,1.94645,1.50,2.25
2012.01.10 15:36:07.406,1.94579,1.94645,1.50,2.25
2012.01.10 15:36:07.964,1.94581,1.94646,3.00,1.88
2012.01.10 15:36:08.750,1.94583,1.94646,1.50,1.88
2012.01.10 15:36:08.851,1.94583,1.94646,1.50,1.88
2012.01.10 15:36:09.213,1.94583,1.94646,1.50,1.88
2012.01.10 15:36:09.281,1.94587,1.94646,1.50,1.88
2012.01.10 15:36:09.723,1.94583,1.94646,1.50,3.38
2012.01.10 15:36:09.793,1.94578,1.94646,2.63,3.38
2012.01.10 15:36:09.949,1.94578,1.94643,1.13,1.50
2012.01.10 15:36:10.387,1.94582,1.94646,1.50,1.88
2012.01.10 15:36:10.748,1.94586,1.94646,1.50,1.88
2012.01.10 15:36:11.205,1.94583,1.94646,1.50,1.88
2012.01.10 15:36:11.964,1.94581,1.94646,1.50,1.88
2012.01.10 15:36:12.184,1.94578,1.94643,1.13,1.50
2012.01.10 15:36:12.723,1.94578,1.94646,2.63,3.38
2012.01.10 15:36:13.734,1.94578,1.94646,2.63,2.63
2012.01.10 15:36:13.812,1.94578,1.94646,2.63,3.38
2012.01.10 15:36:14.130,1.94576,1.94628,1.50,1.13
2012.01.10 15:36:14.837,1.94575,1.94628,1.13,1.13
2012.01.10 15:36:15.472,1.94576,1.94629,1.13,1.13
2012.01.10 15:36:15.794,1.94577,1.94621,1.13,1.13
2012.01.10 15:36:19.288,1.94587,1.94626,1.13,1.50
2012.01.10 15:36:19.350,1.94587,1.94636,1.13,1.50
2012.01.10 15:36:20.409,1.94587,1.94635,1.13,1.50
2012.01.10 15:36:20.806,1.94576,1.94635,1.88,1.50
2012.01.10 15:36:21.044,1.94576,1.94633,1.88,1.50
2012.01.10 15:36:21.456,1.94576,1.94636,1.88,1.13
2012.01.10 15:36:23.107,1.94576,1.94634,1.88,1.50
2012.01.10 15:36:23.850,1.94576,1.94636,1.88,1.13
2012.01.10 15:36:26.526,1.94579,1.94636,1.88,2.63
2012.01.10 15:36:26.848,1.94595,1.94642,1.13,1.13
2012.01.10 15:36:27.490,1.94592,1.94643,1.13,1.13
2012.01.10 15:36:27.945,1.94585,1.94631,1.50,1.13
2012.01.10 15:36:28.316,1.94585,1.94653,2.25,1.50
2012.01.10 15:36:28.448,1.9459,1.94657,1.50,1.13
2012.01.10 15:36:28.764,1.94592,1.94643,1.13,1.13
2012.01.10 15:36:29.155,1.94602,1.94654,1.13,1.50
2012.01.10 15:36:29.524,1.94602,1.9466,1.13,1.13
2012.01.10 15:36:29.714,1.94597,1.94643,1.50,1.13
2012.01.10 15:36:30.085,1.94592,1.94643,1.13,1.13
2012.01.10 15:36:30.153,1.9458,1.94635,1.50,1.13
2012.01.10 15:36:30.578,1.9458,1.94635,2.25,1.13
2012.01.10 15:36:30.795,1.94577,1.94635,1.13,1.13
2012.01.10 15:36:31.249,1.9458,1.94635,1.50,1.13
2012.01.10 15:36:32.290,1.94578,1.94635,1.50,1.13
2012.01.10 15:36:32.358,1.94586,1.94637,1.13,1.13
2012.01.10 15:36:32.665,1.94578,1.94625,2.25,1.13
2012.01.10 15:36:32.796,1.94594,1.94644,1.13,2.63
2012.01.10 15:36:32.989,1.9458,1.94626,1.50,1.13
2012.01.10 15:36:33.234,1.94587,1.94638,1.13,1.13
2012.01.10 15:36:33.783,1.94575,1.94625,1.13,1.13
2012.01.10 15:36:34.417,1.94577,1.94635,1.13,1.13
2012.01.10 15:36:34.544,1.94581,1.94635,1.50,1.13
2012.01.10 15:36:34.857,1.94581,1.94626,1.50,1.13
2012.01.10 15:36:34.929,1.94581,1.94629,1.50,1.13
2012.01.10 15:36:34.996,1.94581,1.94634,1.50,1.88
2012.01.10 15:36:35.184,1.94578,1.94636,1.50,1.88
2012.01.10 15:36:35.315,1.94576,1.94636,1.13,1.13
2012.01.10 15:36:36.319,1.94579,1.94636,1.13,1.13
2012.01.10 15:36:37.360,1.9458,1.94635,1.13,1.88
2012.01.10 15:36:38.179,1.94581,1.94638,1.13,1.88
2012.01.10 15:36:39.104,1.9458,1.94637,1.13,1.88
2012.01.10 15:36:39.547,1.94578,1.94636,1.13,1.88
2012.01.10 15:36:42.266,1.94579,1.94638,1.13,1.88
2012.01.10 15:36:42.372,1.94579,1.94638,1.13,1.13
2012.01.10 15:36:42.493,1.94588,1.9464,1.13,1.13
2012.01.10 15:36:43.386,1.94588,1.9464,1.13,1.88
2012.01.10 15:36:43.643,1.9458,1.9463,1.13,1.13
2012.01.10 15:36:43.856,1.94584,1.94637,1.13,1.88
2012.01.10 15:36:44.453,1.94577,1.94637,1.13,1.88
2012.01.10 15:36:46.896,1.94577,1.94637,1.13,1.13
2012.01.10 15:36:47.089,1.94578,1.9464,1.13,1.50
2012.01.10 15:36:47.504,1.94578,1.94643,1.13,1.50
2012.01.10 15:36:48.544,1.94578,1.94644,2.63,1.50
2012.01.10 15:36:49.082,1.94578,1.94643,1.13,1.50
2012.01.10 15:36:49.396,1.94594,1.94643,1.13,1.50
2012.01.10 15:36:49.839,1.94594,1.94648,1.13,1.50
2012.01.10 15:36:49.910,1.94589,1.94648,1.13,1.50
2012.01.10 15:36:50.883,1.94589,1.94649,1.13,1.13
2012.01.10 15:36:51.124,1.94589,1.94644,1.13,1.50
2012.01.10 15:36:51.803,1.94589,1.94647,1.13,1.50
2012.01.10 15:36:51.875,1.94589,1.94647,1.13,2.25
2012.01.10 15:36:52.010,1.94589,1.94649,1.13,1.13
2012.01.10 15:36:52.432,1.94582,1.94635,2.25,1.13
2012.01.10 15:36:52.766,1.94602,1.9466,1.13,1.13
2012.01.10 15:36:54.337,1.94599,1.94651,1.50,1.13
2012.01.10 15:36:54.844,1.94598,1.94651,1.13,1.13
2012.01.10 15:36:54.929,1.94601,1.94661,1.13,1.13
2012.01.10 15:36:55.370,1.94598,1.94651,1.13,1.13
2012.01.10 15:36:57.046,1.94598,1.9465,1.13,1.50
2012.01.10 15:36:57.710,1.94598,1.94651,1.13,1.13
2012.01.10 15:36:58.220,1.94596,1.94648,1.13,1.13
2012.01.10 15:36:58.752,1.94599,1.94648,1.13,1.50
2012.01.10 15:36:59.236,1.94599,1.9465,1.13,2.63
2012.01.10 15:37:00.456,1.94599,1.94643,1.13,1.50
2012.01.10 15:37:00.796,1.94589,1.94633,1.13,1.13
2012.01.10 15:37:05.676,1.94586,1.94631,1.13,1.13
2012.01.10 15:37:06.238,1.94589,1.94633,1.13,1.13
2012.01.10 15:37:12.150,1.94581,1.94617,2.25,1.13
2012.01.10 15:37:12.216,1.94581,1.94617,1.50,1.13
2012.01.10 15:37:12.409,1.94587,1.94637,1.13,1.13
2012.01.10 15:37:20.740,1.94581,1.94633,1.13,1.13
2012.01.10 15:37:21.205,1.94581,1.94633,2.22,1.13
2012.01.10 15:37:21.394,1.94584,1.94635,1.88,1.13
2012.01.10 15:37:21.585,1.94584,1.94632,2.25,1.13
2012.01.10 15:37:21.949,1.94584,1.94632,1.50,1.13
2012.01.10 15:37:22.016,1.94582,1.94632,1.13,1.13
2012.01.10 15:37:22.085,1.94581,1.94627,1.09,1.13
2012.01.10 15:37:22.278,1.94581,1.94644,1.09,1.13
2012.01.10 15:37:22.882,1.94584,1.9465,3.38,1.50
2012.01.10 15:37:22.949,1.94584,1.9465,3.38,1.50
2012.01.10 15:37:23.477,1.94589,1.94652,2.25,1.13
2012.01.10 15:37:23.607,1.94589,1.94645,2.25,1.13
2012.01.10 15:37:23.737,1.94585,1.9464,2.25,1.13
2012.01.10 15:37:24.702,1.94591,1.94644,1.13,1.13
2012.01.10 15:37:25.027,1.94591,1.94638,1.50,1.13
2012.01.10 15:37:25.505,1.94587,1.94638,1.50,1.13
2012.01.10 15:37:25.574,1.94585,1.94638,1.13,1.13
2012.01.10 15:37:26.973,1.94585,1.94638,1.88,1.13
2012.01.10 15:37:27.229,1.94609,1.94662,1.13,1.13
2012.01.10 15:37:27.642,1.94596,1.94658,1.50,1.13
2012.01.10 15:37:28.288,1.94593,1.94658,2.25,1.13
2012.01.10 15:37:28.675,1.94598,1.94658,1.50,1.13
2012.01.10 15:37:31.564,1.94596,1.94658,3.00,1.13
2012.01.10 15:37:31.694,1.94598,1.94658,1.50,1.13
2012.01.10 15:37:32.056,1.9461,1.94661,1.13,1.13
2012.01.10 15:37:34.729,1.94607,1.94643,1.50,1.13
2012.01.10 15:37:34.856,1.94609,1.94662,1.13,1.13
2012.01.10 15:37:36.018,1.94609,1.94661,1.13,1.50
2012.01.10 15:37:36.696,1.946,1.94644,1.13,1.13
2012.01.10 15:37:44.289,1.94594,1.94638,1.13,1.13
2012.01.10 15:37:44.537,1.9458,1.9463,1.13,1.13
2012.01.10 15:37:45.266,1.94572,1.94628,1.50,1.13
2012.01.10 15:37:45.421,1.9458,1.94628,1.50,1.13
2012.01.10 15:37:45.634,1.94567,1.94628,1.50,1.13
2012.01.10 15:37:46.234,1.94566,1.94628,1.50,1.13
2012.01.10 15:37:46.403,1.94568,1.94628,1.50,1.13
2012.01.10 15:37:48.354,1.94566,1.94628,1.50,1.13
2012.01.10 15:37:49.365,1.94568,1.94628,1.50,1.13
2012.01.10 15:37:50.156,1.94565,1.94628,1.50,1.13
2012.01.10 15:37:50.225,1.94561,1.94627,1.82,1.50
2012.01.10 15:37:50.810,1.94563,1.94628,1.82,1.13
2012.01.10 15:37:52.170,1.94563,1.94628,2.57,1.13
2012.01.10 15:37:55.367,1.94563,1.94628,2.25,1.13
2012.01.10 15:37:55.494,1.94572,1.94638,2.25,1.50
2012.01.10 15:37:56.019,1.94575,1.9464,2.25,1.13
2012.01.10 15:37:56.716,1.94575,1.94633,1.50,1.13
2012.01.10 15:37:57.254,1.94567,1.94633,1.50,2.63
2012.01.10 15:37:58.077,1.94565,1.94626,1.88,1.50
2012.01.10 15:37:58.674,1.94565,1.94628,1.13,1.50
2012.01.10 15:37:59.397,1.94565,1.94624,1.88,1.50
2012.01.10 15:37:59.719,1.94565,1.94622,1.88,1.50
2012.01.10 15:38:00.429,1.94565,1.94627,1.88,1.50
2012.01.10 15:38:01.236,1.94565,1.94628,1.88,1.50
2012.01.10 15:38:02.126,1.94565,1.94626,1.88,1.50
2012.01.10 15:38:03.435,1.94571,1.9463,1.13,1.50
2012.01.10 15:38:04.277,1.94571,1.94631,1.13,1.50
2012.01.10 15:38:05.538,1.94571,1.94626,1.13,1.50
2012.01.10 15:38:05.666,1.9456,1.94626,1.50,1.50
2012.01.10 15:38:05.865,1.94562,1.94626,1.13,1.50
2012.01.10 15:38:06.225,1.94562,1.94626,1.88,1.50
2012.01.10 15:38:06.706,1.94562,1.94626,1.88,1.50
2012.01.10 15:38:06.839,1.94565,1.94628,2.25,1.50
2012.01.10 15:38:06.966,1.94565,1.94629,2.25,1.13
2012.01.10 15:38:07.503,1.94562,1.94626,2.25,1.50
2012.01.10 15:38:07.888,1.94558,1.94623,1.88,1.50
2012.01.10 15:38:08.196,1.94557,1.9462,2.25,1.13
2012.01.10 15:38:08.328,1.94557,1.94614,1.50,1.13
2012.01.10 15:38:08.872,1.9455,1.94614,2.25,1.13
2012.01.10 15:38:08.993,1.94551,1.94618,1.88,1.50
2012.01.10 15:38:09.123,1.94551,1.94618,1.88,1.50
2012.01.10 15:38:09.255,1.9455,1.94615,2.25,1.13
2012.01.10 15:38:10.215,1.94554,1.94614,2.25,1.13
2012.01.10 15:38:10.845,1.94554,1.94615,2.25,1.13
2012.01.10 15:38:11.390,1.94548,1.94614,2.25,1.50
2012.01.10 15:38:12.161,1.9455,1.94615,2.25,1.13
2012.01.10 15:38:13.307,1.94551,1.94617,2.25,1.13
2012.01.10 15:38:13.375,1.94551,1.94617,1.50,1.13
2012.01.10 15:38:13.531,1.94551,1.94617,2.25,1.13
2012.01.10 15:38:14.136,1.94558,1.94617,1.50,1.13
2012.01.10 15:38:14.203,1.94553,1.94617,2.25,1.13
2012.01.10 15:38:14.274,1.94548,1.94615,1.88,1.50
2012.01.10 15:38:15.223,1.94548,1.94615,1.13,1.50
2012.01.10 15:38:15.417,1.94547,1.94614,2.25,1.13
2012.01.10 15:38:15.725,1.9457,1.94617,1.13,1.50
2012.01.10 15:38:16.035,1.9457,1.94619,1.13,1.50
2012.01.10 15:38:16.841,1.9457,1.9462,1.13,1.13
2012.01.10 15:38:21.612,1.9457,1.94619,1.13,1.50
2012.01.10 15:38:23.290,1.94567,1.94619,1.13,1.50
2012.01.10 15:38:23.870,1.94567,1.94619,1.13,2.25
2012.01.10 15:38:24.640,1.94567,1.94619,1.13,1.50
2012.01.10 15:38:24.966,1.94567,1.94617,1.13,1.50
2012.01.10 15:38:25.106,1.94551,1.94617,1.50,2.63
2012.01.10 15:38:25.612,1.94549,1.94615,1.84,1.50
2012.01.10 15:38:26.916,1.94552,1.94617,1.50,1.13
2012.01.10 15:38:27.682,1.94551,1.94617,1.50,2.63
2012.01.10 15:38:27.985,1.94548,1.94614,2.25,1.50
2012.01.10 15:38:28.684,1.94556,1.94616,1.50,1.13
2012.01.10 15:38:29.185,1.94555,1.94616,1.50,1.13
2012.01.10 15:38:31.840,1.94556,1.94616,1.50,1.13
2012.01.10 15:38:31.907,1.94559,1.94616,1.50,1.13
2012.01.10 15:38:32.682,1.94557,1.94616,1.50,1.13
2012.01.10 15:38:33.922,1.94557,1.94616,1.50,1.88
2012.01.10 15:38:34.124,1.94561,1.94616,1.50,1.88
2012.01.10 15:38:34.434,1.94572,1.94625,1.13,1.13
2012.01.10 15:38:34.784,1.94574,1.94625,1.50,1.13
2012.01.10 15:38:35.276,1.94565,1.94621,1.50,1.13
2012.01.10 15:38:35.749,1.94565,1.9463,2.25,1.13
2012.01.10 15:38:36.281,1.94572,1.9463,1.50,1.13
2012.01.10 15:38:37.920,1.9457,1.9463,1.50,1.13
2012.01.10 15:38:41.627,1.94581,1.9463,1.50,1.13
2012.01.10 15:38:41.695,1.94581,1.94649,1.50,2.25
2012.01.10 15:38:42.275,1.94581,1.94649,1.50,1.50
2012.01.10 15:38:42.386,1.9458,1.94639,1.13,1.50
2012.01.10 15:38:42.675,1.94571,1.94639,1.82,1.50
2012.01.10 15:38:42.806,1.94571,1.94639,1.50,1.50
2012.01.10 15:38:43.114,1.94576,1.94634,1.13,1.13
2012.01.10 15:38:43.490,1.9458,1.94641,1.13,1.50
2012.01.10 15:38:43.557,1.9458,1.94644,1.13,1.50
2012.01.10 15:38:43.694,1.94582,1.94647,1.50,1.50
2012.01.10 15:38:43.933,1.94582,1.94648,1.50,2.25
2012.01.10 15:38:44.368,1.9458,1.9464,1.13,1.50
2012.01.10 15:38:44.905,1.94583,1.94643,1.50,1.50
2012.01.10 15:38:44.973,1.94583,1.94651,1.50,1.50
2012.01.10 15:38:45.589,1.94583,1.94651,1.50,1.88
2012.01.10 15:38:46.120,1.94581,1.94629,1.50,1.50
2012.01.10 15:38:46.194,1.94576,1.94629,1.13,1.50
2012.01.10 15:38:46.266,1.94579,1.94634,1.50,1.13
2012.01.10 15:38:46.546,1.94576,1.94634,4.13,1.13
2012.01.10 15:38:46.738,1.94576,1.94644,1.50,1.50
2012.01.10 15:38:46.807,1.94574,1.9464,1.50,1.50
2012.01.10 15:38:47.117,1.94574,1.9463,1.50,1.13
2012.01.10 15:38:47.184,1.94575,1.94635,1.13,1.13
2012.01.10 15:38:48.242,1.94569,1.94631,1.50,1.13
2012.01.10 15:38:48.399,1.94571,1.94631,1.50,1.13
2012.01.10 15:38:48.605,1.94565,1.94631,2.25,2.63
2012.01.10 15:38:49.645,1.94564,1.94631,1.50,1.13
2012.01.10 15:38:49.922,1.94564,1.94615,1.50,1.13
2012.01.10 15:38:50.107,1.94572,1.94638,1.50,1.50
2012.01.10 15:38:50.176,1.94576,1.94638,1.88,1.50
2012.01.10 15:38:50.587,1.94576,1.94633,1.88,1.50
2012.01.10 15:38:50.660,1.94576,1.94641,1.88,1.50
2012.01.10 15:38:50.789,1.94576,1.94641,1.88,1.50
2012.01.10 15:38:51.118,1.94597,1.94643,1.13,1.50
2012.01.10 15:38:51.273,1.94597,1.94649,1.13,1.13
2012.01.10 15:38:58.847,1.94594,1.94645,1.13,1.13
2012.01.10 15:38:59.446,1.94594,1.94645,1.13,1.88
2012.01.10 15:39:00.633,1.94594,1.94645,1.13,1.13
2012.01.10 15:39:03.495,1.94593,1.94643,1.13,1.13
2012.01.10 15:39:03.745,1.94587,1.94638,1.50,1.13
2012.01.10 15:39:03.816,1.94587,1.94635,1.50,1.13
2012.01.10 15:39:03.951,1.94587,1.94644,1.50,1.13
2012.01.10 15:39:04.079,1.94594,1.94632,2.25,1.13
2012.01.10 15:39:04.267,1.94594,1.94643,2.25,1.13
2012.01.10 15:39:04.468,1.94591,1.94643,1.13,1.13
2012.01.10 15:39:05.088,1.94584,1.94637,1.13,1.13
2012.01.10 15:39:10.335,1.94579,1.94632,1.13,1.13
2012.01.10 15:39:11.019,1.94584,1.94637,1.13,1.13
2012.01.10 15:39:13.138,1.94584,1.94637,1.88,1.13
2012.01.10 15:39:14.386,1.94584,1.94637,1.13,1.13
2012.01.10 15:39:14.576,1.9458,1.94634,1.50,1.13
2012.01.10 15:39:15.293,1.94577,1.94634,1.50,1.13
2012.01.10 15:39:15.369,1.94574,1.94634,3.38,1.13
2012.01.10 15:39:16.200,1.94574,1.94634,1.13,1.13
2012.01.10 15:39:16.319,1.94574,1.94634,1.88,1.13
2012.01.10 15:39:16.717,1.94575,1.94624,2.25,1.13
2012.01.10 15:39:17.267,1.94576,1.94624,1.50,1.13
2012.01.10 15:39:17.918,1.9458,1.94624,1.50,1.13
2012.01.10 15:39:18.495,1.94574,1.94624,2.25,1.13
2012.01.10 15:39:18.652,1.94575,1.94642,1.88,1.50
2012.01.10 15:39:19.197,1.94576,1.94642,1.50,1.50
2012.01.10 15:39:19.264,1.9458,1.94645,1.50,1.13
2012.01.10 15:39:20.131,1.94576,1.94644,1.50,1.50
2012.01.10 15:39:20.324,1.94579,1.94645,1.50,1.13
2012.01.10 15:39:20.867,1.94582,1.94645,1.50,1.13
2012.01.10 15:39:20.994,1.94575,1.94639,1.88,1.50
2012.01.10 15:39:21.946,1.94575,1.94641,2.63,1.50
2012.01.10 15:39:22.017,1.94596,1.94641,1.13,3.00
2012.01.10 15:39:22.459,1.94576,1.94624,1.50,1.13
2012.01.10 15:39:22.586,1.94579,1.94624,1.50,1.13
2012.01.10 15:39:22.657,1.94579,1.94644,1.50,1.88
2012.01.10 15:39:22.876,1.94579,1.94637,1.50,1.50
2012.01.10 15:39:23.308,1.94576,1.94633,1.13,1.50
2012.01.10 15:39:23.435,1.94572,1.94632,1.13,1.50
2012.01.10 15:39:23.693,1.94572,1.94638,2.63,1.50
2012.01.10 15:39:24.025,1.94574,1.94641,1.50,1.13
2012.01.10 15:39:24.096,1.94592,1.94642,1.13,1.50
2012.01.10 15:39:24.468,1.94592,1.94645,1.13,1.88
2012.01.10 15:39:24.850,1.94597,1.94648,1.13,3.38
2012.01.10 15:39:24.920,1.94587,1.94631,1.13,1.13
2012.01.10 15:39:25.045,1.94573,1.94623,1.13,1.13
2012.01.10 15:39:38.858,1.94573,1.94622,1.13,1.50
2012.01.10 15:39:39.185,1.94573,1.94623,1.13,1.13
2012.01.10 15:39:40.285,1.94569,1.94622,1.13,1.13
2012.01.10 15:39:40.469,1.94569,1.94622,1.13,1.88
2012.01.10 15:39:41.131,1.94569,1.94617,1.13,1.50
2012.01.10 15:39:41.425,1.94569,1.9462,1.13,1.50
2012.01.10 15:39:41.494,1.94565,1.94618,1.13,1.13
2012.01.10 15:39:41.937,1.94565,1.94615,1.13,1.50
2012.01.10 15:39:42.156,1.94565,1.94617,1.13,1.50
2012.01.10 15:39:42.287,1.94562,1.94614,1.13,1.13
2012.01.10 15:39:43.696,1.94566,1.94617,1.13,1.13
2012.01.10 15:39:44.044,1.9456,1.94611,1.13,1.13
2012.01.10 15:39:45.453,1.94558,1.94608,2.63,1.13
2012.01.10 15:39:45.938,1.94559,1.94612,1.13,1.13
2012.01.10 15:39:47.830,1.94554,1.94607,1.13,1.13
2012.01.10 15:39:48.019,1.94553,1.94619,1.44,1.50
2012.01.10 15:39:48.387,1.94554,1.94617,1.07,1.50
2012.01.10 15:39:48.573,1.94562,1.94628,1.50,2.63
2012.01.10 15:39:49.047,1.94564,1.9463,1.50,1.13
2012.01.10 15:39:49.480,1.94563,1.94627,1.13,1.50
2012.01.10 15:39:50.031,1.94559,1.94626,1.50,1.13
2012.01.10 15:39:50.275,1.9456,1.94622,1.13,1.50
2012.01.10 15:39:50.837,1.9456,1.94625,1.13,1.50
2012.01.10 15:39:51.187,1.94559,1.94609,1.50,1.13
2012.01.10 15:39:51.436,1.94557,1.94609,1.13,1.13
2012.01.10 15:39:51.624,1.94559,1.94612,1.13,1.13
2012.01.10 15:39:52.479,1.9456,1.94612,1.50,1.13
2012.01.10 15:39:52.609,1.94564,1.94626,1.13,2.25
2012.01.10 15:39:52.755,1.94564,1.94622,1.13,1.50
2012.01.10 15:39:53.068,1.94559,1.94612,1.13,1.13
2012.01.10 15:39:53.337,1.94563,1.94618,1.13,1.50
2012.01.10 15:39:53.467,1.94563,1.94618,1.88,1.50
2012.01.10 15:39:53.858,1.94584,1.94618,1.13,1.50
2012.01.10 15:39:54.329,1.94584,1.94636,1.13,1.13
2012.01.10 15:39:55.331,1.94584,1.94636,1.13,3.38
2012.01.10 15:39:56.411,1.94572,1.94625,1.13,1.13
2012.01.10 15:39:57.016,1.94572,1.94625,1.88,1.13
2012.01.10 15:39:57.854,1.94577,1.94643,1.13,2.25
2012.01.10 15:39:57.931,1.94585,1.94645,1.50,1.88
2012.01.10 15:39:58.017,1.94585,1.94645,1.50,1.88
2012.01.10 15:39:58.612,1.94577,1.94645,2.63,2.63
2012.01.10 15:39:58.677,1.94577,1.94642,1.50,1.13
2012.01.10 15:39:59.097,1.94585,1.94645,1.50,1.50
2012.01.10 15:39:59.165,1.94587,1.94652,1.50,1.13
2012.01.10 15:39:59.233,1.94587,1.94655,2.63,2.25
2012.01.10 15:39:59.531,1.9459,1.94655,1.50,1.50
2012.01.10 15:39:59.966,1.94588,1.94654,1.50,1.50
2012.01.10 15:40:01.053,1.9459,1.94656,1.50,1.50
2012.01.10 15:40:01.687,1.94594,1.94657,1.50,1.13
2012.01.10 15:40:02.398,1.94596,1.94657,1.50,1.13
2012.01.10 15:40:02.477,1.94593,1.94657,1.50,1.13
2012.01.10 15:40:02.857,1.94591,1.94655,1.50,1.50
2012.01.10 15:40:02.927,1.94589,1.94655,1.50,1.50
2012.01.10 15:40:03.627,1.94592,1.94657,1.50,1.13
2012.01.10 15:40:04.404,1.94592,1.94651,1.50,1.13
2012.01.10 15:40:04.656,1.94586,1.94651,1.50,1.13
2012.01.10 15:40:05.775,1.94589,1.94651,1.50,1.13
2012.01.10 15:40:06.204,1.94584,1.9465,1.50,1.50
2012.01.10 15:40:07.437,1.94582,1.94648,1.50,1.50
2012.01.10 15:40:07.976,1.94581,1.94646,1.13,1.50
2012.01.10 15:40:08.360,1.94581,1.94646,1.88,1.50
2012.01.10 15:40:08.665,1.94602,1.94646,1.13,1.50
2012.01.10 15:40:08.796,1.94596,1.94649,1.50,1.50
2012.01.10 15:40:08.865,1.94596,1.94651,1.50,1.13
2012.01.10 15:40:09.536,1.94588,1.94651,1.50,1.13
2012.01.10 15:40:09.667,1.94603,1.94653,1.13,1.13
2012.01.10 15:40:10.484,1.94596,1.94662,1.50,2.63
2012.01.10 15:40:10.618,1.94596,1.94656,1.50,1.13
2012.01.10 15:40:10.812,1.94588,1.9465,1.13,1.50
2012.01.10 15:40:11.227,1.94588,1.94653,1.13,1.50
2012.01.10 15:40:11.295,1.94588,1.94648,1.13,1.50
2012.01.10 15:40:11.606,1.94588,1.94648,1.13,2.25
2012.01.10 15:40:11.925,1.94584,1.94636,1.13,2.63
2012.01.10 15:40:14.246,1.94584,1.94636,1.13,1.88
2012.01.10 15:40:14.831,1.94584,1.94636,1.13,1.13
2012.01.10 15:40:14.897,1.94584,1.94632,1.13,1.50
2012.01.10 15:40:15.337,1.9459,1.94632,1.13,1.50
2012.01.10 15:40:15.406,1.9459,1.94639,1.13,1.50
2012.01.10 15:40:15.696,1.9459,1.94642,1.13,1.13
2012.01.10 15:40:15.766,1.94584,1.94636,1.13,1.13
2012.01.10 15:40:16.436,1.94599,1.94643,1.13,1.13
2012.01.10 15:40:23.442,1.94606,1.94648,1.13,1.13
2012.01.10 15:40:23.927,1.94612,1.94654,1.13,1.13
2012.01.10 15:40:28.776,1.94602,1.94642,1.50,1.13
2012.01.10 15:40:29.207,1.946,1.94642,1.47,1.13
2012.01.10 15:40:35.358,1.94602,1.94642,1.84,1.13
2012.01.10 15:40:35.501,1.94604,1.94648,1.47,1.13
2012.01.10 15:40:35.640,1.94602,1.94653,1.84,1.13
2012.01.10 15:40:35.710,1.94606,1.9465,1.47,1.13
2012.01.10 15:40:35.847,1.94606,1.9465,2.63,1.13
2012.01.10 15:40:35.918,1.94597,1.9464,1.13,1.50
2012.01.10 15:40:36.441,1.94592,1.94642,1.13,1.50
2012.01.10 15:40:36.506,1.94592,1.94645,1.13,2.25
2012.01.10 15:40:38.958,1.94583,1.94629,1.13,1.13
2012.01.10 15:40:39.470,1.94567,1.94623,2.94,1.13
2012.01.10 15:40:40.373,1.94567,1.94623,1.44,1.13
2012.01.10 15:40:41.523,1.94567,1.94623,2.63,1.13
2012.01.10 15:40:42.461,1.9457,1.94623,1.50,1.13
2012.01.10 15:40:43.033,1.94572,1.94625,1.13,1.13
2012.01.10 15:40:52.004,1.94566,1.94619,1.13,1.13
2012.01.10 15:40:52.342,1.94572,1.94625,1.13,1.13
2012.01.10 15:40:52.675,1.94567,1.94618,1.13,1.13
2012.01.10 15:40:52.866,1.94572,1.94625,1.13,1.13
2012.01.10 15:40:53.396,1.94566,1.94619,2.63,1.13
2012.01.10 15:40:58.112,1.94573,1.94624,1.13,1.13
2012.01.10 15:40:58.471,1.94573,1.94621,1.50,1.13
2012.01.10 15:40:58.535,1.94568,1.94621,1.50,1.13
2012.01.10 15:40:58.767,1.94564,1.94621,1.13,1.13
2012.01.10 15:40:58.834,1.94573,1.94623,1.13,1.50
2012.01.10 15:40:58.906,1.94564,1.94621,1.13,1.13
2012.01.10 15:41:00.909,1.94564,1.94621,1.13,1.88
2012.01.10 15:41:01.052,1.94563,1.94622,1.44,1.13
2012.01.10 15:41:01.366,1.94564,1.94622,1.50,1.13
2012.01.10 15:41:01.869,1.94563,1.94622,1.13,1.13
2012.01.10 15:41:02.002,1.94563,1.94622,1.88,1.13
2012.01.10 15:41:02.504,1.94578,1.94624,1.13,1.50
2012.01.10 15:41:02.582,1.94578,1.94629,1.13,1.13
2012.01.10 15:41:02.706,1.94572,1.94621,1.50,1.13
2012.01.10 15:41:03.019,1.94579,1.94628,1.13,1.88
2012.01.10 15:41:03.086,1.94579,1.94628,1.13,1.13
2012.01.10 15:41:03.155,1.94575,1.94619,1.13,1.13
2012.01.10 15:41:03.474,1.94582,1.94624,1.13,1.13
2012.01.10 15:41:04.214,1.94573,1.94612,1.50,1.13
2012.01.10 15:41:04.655,1.94573,1.94608,1.50,1.13
2012.01.10 15:41:04.718,1.94555,1.94595,1.50,1.13
2012.01.10 15:41:04.907,1.94555,1.94599,1.50,1.13
2012.01.10 15:41:05.093,1.94553,1.94599,1.50,1.13
2012.01.10 15:41:05.164,1.94559,1.94599,1.50,1.13
2012.01.10 15:41:05.559,1.94559,1.94597,1.50,1.13
2012.01.10 15:41:05.876,1.94552,1.94589,1.50,1.13
2012.01.10 15:41:06.206,1.94552,1.94594,1.50,1.13
2012.01.10 15:41:06.815,1.94557,1.94594,1.50,1.13
2012.01.10 15:41:07.065,1.94558,1.946,1.13,1.13
2012.01.10 15:41:07.197,1.94569,1.94618,1.50,1.13
2012.01.10 15:41:07.264,1.94571,1.94618,1.50,1.13
2012.01.10 15:41:07.989,1.94574,1.94618,1.50,1.13
2012.01.10 15:41:08.709,1.94576,1.94618,1.50,1.13
2012.01.10 15:41:08.773,1.94571,1.94618,1.50,1.13
2012.01.10 15:41:09.864,1.94568,1.94618,1.50,1.13
2012.01.10 15:41:10.148,1.94582,1.94624,1.13,1.13
2012.01.10 15:41:10.495,1.9459,1.94626,1.50,1.13
2012.01.10 15:41:10.624,1.94591,1.94631,1.13,1.13
2012.01.10 15:41:11.044,1.94594,1.94631,1.50,1.13
2012.01.10 15:41:11.909,1.94591,1.94631,2.63,1.13
2012.01.10 15:41:13.153,1.94589,1.94631,1.13,1.13
2012.01.10 15:41:16.398,1.94589,1.94633,1.13,1.13
2012.01.10 15:41:16.472,1.94589,1.94631,1.13,1.13
2012.01.10 15:41:16.601,1.9459,1.94641,1.13,1.13
2012.01.10 15:41:17.072,1.94594,1.94641,1.50,1.13
2012.01.10 15:41:17.316,1.94592,1.94641,1.50,1.13
2012.01.10 15:41:19.761,1.94593,1.94641,1.50,1.13
2012.01.10 15:41:20.306,1.94592,1.94641,1.50,1.13
2012.01.10 15:41:20.865,1.94593,1.94641,1.50,1.13
2012.01.10 15:41:21.706,1.9459,1.94641,1.13,1.13
2012.01.10 15:41:22.296,1.94593,1.94641,1.50,1.13
2012.01.10 15:41:22.751,1.94593,1.94631,1.50,1.13
2012.01.10 15:41:22.817,1.9459,1.94631,1.50,1.13
2012.01.10 15:41:23.535,1.94589,1.94631,1.13,1.13
2012.01.10 15:41:24.646,1.94594,1.94631,1.50,1.13
2012.01.10 15:41:24.967,1.94592,1.94631,3.00,1.13
2012.01.10 15:41:25.505,1.94589,1.94631,4.13,1.13
2012.01.10 15:41:31.561,1.94598,1.94625,1.50,1.13
2012.01.10 15:41:31.930,1.9459,1.94625,1.50,1.13
2012.01.10 15:41:31.998,1.94598,1.94648,1.13,1.13
2012.01.10 15:41:37.554,1.94601,1.94648,1.50,1.13
2012.01.10 15:41:37.946,1.94601,1.94658,2.63,1.13
2012.01.10 15:41:38.383,1.94601,1.94657,1.13,2.25
2012.01.10 15:41:39.206,1.94598,1.94648,1.13,1.13
2012.01.10 15:41:42.286,1.946,1.94648,1.50,1.13
2012.01.10 15:41:42.439,1.94601,1.94666,1.88,1.50
2012.01.10 15:41:42.670,1.94601,1.94666,1.13,2.25
2012.01.10 15:41:42.885,1.94604,1.94669,1.50,1.88
2012.01.10 15:41:43.696,1.94602,1.94668,1.50,2.25
2012.01.10 15:41:43.987,1.94601,1.94661,1.13,1.50
2012.01.10 15:41:44.453,1.94598,1.94648,1.13,1.13
2012.01.10 15:41:45.174,1.946,1.94648,1.50,1.13
2012.01.10 15:41:45.488,1.946,1.94651,1.50,1.13
2012.01.10 15:41:45.560,1.946,1.94649,1.50,1.13
2012.01.10 15:41:45.689,1.94598,1.94649,1.50,1.13
2012.01.10 15:41:45.860,1.94604,1.94649,1.50,1.13
2012.01.10 15:41:46.431,1.94611,1.94653,1.13,1.13
2012.01.10 15:41:46.728,1.94613,1.94653,1.50,1.13
2012.01.10 15:41:46.857,1.94611,1.94653,1.13,1.13
2012.01.10 15:41:47.505,1.94617,1.94653,1.50,1.13
2012.01.10 15:41:47.607,1.94619,1.94671,1.13,1.13
2012.01.10 15:41:47.675,1.94621,1.94671,1.50,1.13
2012.01.10 15:41:48.165,1.94635,1.94677,1.13,1.13
2012.01.10 15:41:50.917,1.94619,1.94671,1.92,1.13
2012.01.10 15:41:51.111,1.94619,1.94671,1.13,1.13
2012.01.10 15:41:53.934,1.94619,1.94668,1.13,1.50
2012.01.10 15:41:54.005,1.94602,1.94655,1.44,1.13
2012.01.10 15:41:54.446,1.94606,1.94655,1.50,1.13
2012.01.10 15:41:54.715,1.94597,1.94649,1.50,1.13
2012.01.10 15:41:55.536,1.94596,1.94649,1.13,1.13
2012.01.10 15:41:55.867,1.946,1.94658,1.13,1.13
2012.01.10 15:41:56.407,1.94601,1.94658,1.50,1.13
2012.01.10 15:41:57.105,1.94605,1.94668,1.50,1.13
2012.01.10 15:41:57.676,1.94607,1.94668,1.50,1.13
2012.01.10 15:42:00.765,1.94602,1.94668,2.63,1.13
2012.01.10 15:42:00.894,1.94611,1.94667,1.13,1.50
2012.01.10 15:42:01.747,1.94611,1.9467,1.13,1.50
2012.01.10 15:42:01.945,1.94603,1.94652,1.13,1.13
2012.01.10 15:42:06.165,1.94605,1.94652,1.50,1.13
2012.01.10 15:42:06.704,1.94603,1.94652,2.63,1.13
2012.01.10 15:42:07.659,1.94601,1.94644,1.50,1.13
2012.01.10 15:42:08.145,1.94587,1.94633,1.50,1.13
2012.01.10 15:42:08.435,1.94591,1.94633,1.50,1.13
2012.01.10 15:42:09.312,1.94589,1.94633,1.50,1.13
2012.01.10 15:42:10.080,1.94589,1.94636,1.50,1.13
2012.01.10 15:42:10.638,1.94592,1.94635,1.50,1.13
2012.01.10 15:42:11.164,1.94589,1.94635,1.50,1.13
2012.01.10 15:42:12.388,1.94589,1.94633,1.50,1.13
2012.01.10 15:42:13.865,1.94589,1.94635,1.50,1.13
2012.01.10 15:42:13.935,1.94586,1.94635,1.50,1.13
2012.01.10 15:42:14.005,1.94584,1.94635,1.50,1.88
2012.01.10 15:42:14.858,1.94578,1.94635,1.13,1.13
2012.01.10 15:42:15.196,1.94587,1.94635,1.50,1.13
2012.01.10 15:42:15.415,1.94584,1.94635,1.50,1.13
2012.01.10 15:42:15.905,1.94579,1.94635,1.50,1.13
2012.01.10 15:42:16.404,1.94581,1.94635,1.50,1.13
2012.01.10 15:42:17.145,1.94578,1.94635,1.13,1.13
2012.01.10 15:42:17.743,1.94575,1.94622,1.50,1.13
2012.01.10 15:42:18.737,1.94574,1.94622,1.13,1.13
2012.01.10 15:42:19.454,1.94575,1.94624,1.13,1.13
2012.01.10 15:42:20.890,1.94574,1.94617,1.50,1.13
2012.01.10 15:42:21.204,1.94569,1.94617,1.13,1.13
2012.01.10 15:42:22.400,1.94574,1.94625,1.13,1.88
2012.01.10 15:42:22.525,1.94568,1.94618,1.13,1.13
2012.01.10 15:42:24.960,1.9457,1.94618,1.50,1.13
2012.01.10 15:42:25.466,1.94571,1.94618,1.50,1.13
2012.01.10 15:42:26.479,1.94576,1.94618,1.50,1.13
2012.01.10 15:42:26.724,1.94576,1.94622,1.50,1.13
2012.01.10 15:42:27.241,1.94573,1.94622,1.50,1.13
2012.01.10 15:42:30.758,1.94573,1.94621,1.50,1.13
2012.01.10 15:42:31.604,1.94575,1.9462,1.50,1.13
2012.01.10 15:42:32.022,1.94572,1.94619,1.50,1.13
2012.01.10 15:42:32.205,1.94575,1.94624,1.13,1.13
2012.01.10 15:42:32.414,1.94573,1.94623,1.13,1.13
2012.01.10 15:42:33.566,1.94575,1.94623,1.50,1.13
2012.01.10 15:42:34.675,1.94577,1.94623,1.50,1.13
2012.01.10 15:42:34.944,1.94569,1.94617,2.63,1.13
2012.01.10 15:42:35.214,1.94574,1.94617,1.50,1.13
2012.01.10 15:42:35.466,1.9457,1.94617,1.50,1.13
2012.01.10 15:42:35.787,1.94572,1.94617,1.50,1.13
2012.01.10 15:42:36.723,1.94572,1.94618,1.50,1.13
2012.01.10 15:42:37.038,1.94569,1.94601,1.50,1.13
2012.01.10 15:42:37.226,1.94562,1.94601,1.84,1.13
2012.01.10 15:42:37.638,1.94564,1.94601,1.09,1.13
2012.01.10 15:42:37.788,1.94562,1.94601,1.84,1.13
2012.01.10 15:42:37.858,1.94567,1.94605,1.50,1.13
2012.01.10 15:42:37.932,1.94567,1.94607,1.50,1.13
2012.01.10 15:42:38.466,1.94576,1.94613,1.50,1.13
2012.01.10 15:42:38.546,1.94576,1.94626,2.63,1.13
2012.01.10 15:42:38.934,1.9458,1.94622,1.50,1.13
2012.01.10 15:42:39.250,1.94585,1.94627,1.50,1.13
2012.01.10 15:42:39.459,1.94582,1.94627,1.50,1.13
2012.01.10 15:42:39.524,1.94572,1.94627,1.50,1.13
2012.01.10 15:42:39.846,1.94574,1.94627,1.50,1.13
2012.01.10 15:42:40.156,1.94576,1.94623,1.50,1.13
2012.01.10 15:42:40.534,1.94573,1.94619,1.50,1.13
2012.01.10 15:42:40.601,1.94569,1.94627,1.50,1.88
2012.01.10 15:42:40.786,1.94569,1.9463,1.50,1.13
2012.01.10 15:42:40.919,1.94579,1.9463,1.50,1.13
2012.01.10 15:42:41.315,1.94582,1.9463,1.50,1.13
2012.01.10 15:42:41.633,1.94586,1.9463,1.50,1.13
2012.01.10 15:42:42.407,1.94583,1.9463,3.00,1.13
2012.01.10 15:42:43.028,1.94583,1.94624,1.50,1.13
2012.01.10 15:42:44.090,1.94583,1.94625,1.50,1.13
2012.01.10 15:42:44.398,1.94591,1.94633,1.13,1.13
2012.01.10 15:42:44.716,1.94594,1.94633,1.50,1.13
2012.01.10 15:42:45.401,1.94591,1.94633,1.13,1.13
2012.01.10 15:42:45.467,1.94597,1.94637,1.13,1.13
2012.01.10 15:42:46.294,1.94595,1.94637,1.47,1.13
2012.01.10 15:42:46.839,1.94597,1.94637,1.13,1.13
2012.01.10 15:42:47.186,1.94591,1.94632,1.50,1.13
2012.01.10 15:42:47.674,1.94581,1.94632,1.13,1.13
2012.01.10 15:42:49.057,1.94573,1.94626,2.25,1.13
2012.01.10 15:42:49.947,1.9457,1.94626,1.50,1.13
2012.01.10 15:42:50.107,1.9457,1.94626,2.25,1.13
2012.01.10 15:42:50.558,1.94572,1.94623,2.25,1.13
2012.01.10 15:42:50.721,1.94572,1.94623,1.50,1.13
2012.01.10 15:42:50.786,1.94572,1.94623,2.25,1.13
2012.01.10 15:42:51.447,1.94572,1.94632,2.25,1.13
2012.01.10 15:42:51.796,1.94577,1.94632,1.50,1.13
2012.01.10 15:42:52.153,1.94577,1.94622,1.50,1.13
2012.01.10 15:42:55.086,1.94579,1.94632,1.50,1.13
2012.01.10 15:42:55.214,1.94579,1.94623,1.50,1.13
2012.01.10 15:42:55.284,1.94573,1.94623,2.25,1.13
2012.01.10 15:42:55.632,1.94573,1.94623,1.50,1.13
2012.01.10 15:42:56.028,1.9457,1.94619,1.50,1.13
2012.01.10 15:42:56.093,1.94555,1.94621,1.88,1.13
2012.01.10 15:42:56.158,1.94574,1.94621,1.50,1.13
2012.01.10 15:42:56.817,1.94574,1.94621,2.25,1.13
2012.01.10 15:42:57.004,1.94581,1.94627,1.50,1.13
2012.01.10 15:42:57.195,1.94581,1.94624,1.50,1.13
2012.01.10 15:42:57.445,1.94581,1.94627,1.50,1.13
2012.01.10 15:42:57.696,1.94569,1.94627,2.25,1.13
2012.01.10 15:43:03.396,1.94581,1.94632,1.13,1.13
2012.01.10 15:43:03.703,1.94581,1.94632,1.88,1.13
2012.01.10 15:43:04.682,1.94581,1.94632,1.13,1.13
2012.01.10 15:43:08.367,1.94569,1.94628,2.25,1.13
2012.01.10 15:43:08.493,1.94582,1.94631,1.13,1.13
2012.01.10 15:43:11.049,1.94582,1.94631,1.47,1.13
2012.01.10 15:43:11.578,1.94579,1.94625,1.03,1.13
2012.01.10 15:43:12.082,1.94584,1.94626,1.50,1.13
2012.01.10 15:43:12.144,1.94576,1.94626,1.13,1.13
2012.01.10 15:43:12.650,1.94603,1.94639,1.13,1.50
2012.01.10 15:43:13.135,1.94576,1.94626,1.13,1.13
2012.01.10 15:43:13.204,1.94581,1.94626,1.50,1.13
2012.01.10 15:43:13.547,1.94581,1.94624,1.50,1.13
2012.01.10 15:43:13.739,1.94578,1.94623,1.50,1.13
2012.01.10 15:43:13.805,1.94572,1.94623,1.13,1.13
2012.01.10 15:43:14.379,1.94576,1.94623,1.50,1.13
2012.01.10 15:43:14.686,1.94584,1.94623,1.84,1.13
2012.01.10 15:43:14.887,1.94599,1.94642,1.13,1.13
2012.01.10 15:43:15.198,1.94582,1.94622,1.50,1.13
2012.01.10 15:43:15.754,1.94583,1.94622,1.50,1.13
2012.01.10 15:43:16.227,1.94581,1.94622,1.50,1.13
2012.01.10 15:43:16.299,1.94578,1.94622,1.50,1.13
2012.01.10 15:43:16.728,1.94578,1.94625,1.50,1.13
2012.01.10 15:43:16.856,1.94578,1.94622,1.50,1.13
2012.01.10 15:43:17.553,1.94578,1.94626,1.50,1.13
2012.01.10 15:43:17.737,1.94582,1.94631,1.13,1.13
2012.01.10 15:43:18.038,1.94578,1.94626,1.50,1.13
2012.01.10 15:43:18.201,1.94576,1.94626,2.63,1.13
2012.01.10 15:43:19.376,1.94573,1.94609,1.50,1.13
2012.01.10 15:43:19.636,1.9457,1.94609,1.50,1.13
2012.01.10 15:43:19.704,1.94566,1.94609,1.13,1.13
2012.01.10 15:43:20.264,1.94569,1.94609,1.50,1.13
2012.01.10 15:43:21.774,1.94569,1.94611,2.63,1.13
2012.01.10 15:43:22.156,1.94569,1.94609,1.50,1.13
2012.01.10 15:43:24.356,1.94569,1.94606,1.50,1.13
2012.01.10 15:43:24.594,1.94569,1.94609,2.63,1.13
2012.01.10 15:43:25.311,1.9457,1.94609,1.50,1.13
2012.01.10 15:43:25.375,1.94574,1.94609,1.50,1.13
2012.01.10 15:43:25.709,1.94571,1.94609,1.50,1.13
2012.01.10 15:43:25.838,1.94577,1.94628,1.13,1.13
2012.01.10 15:43:26.749,1.94578,1.94628,1.50,1.13
2012.01.10 15:43:27.287,1.94577,1.94628,1.13,1.13
2012.01.10 15:43:29.481,1.94578,1.94627,1.13,1.13
2012.01.10 15:43:31.424,1.94575,1.94622,1.50,1.13
2012.01.10 15:43:31.733,1.94578,1.94622,1.50,1.13
2012.01.10 15:43:33.068,1.94578,1.94624,1.50,1.13
2012.01.10 15:43:33.683,1.94578,1.94623,1.50,1.13
2012.01.10 15:43:34.453,1.94578,1.94622,1.50,1.13
2012.01.10 15:43:34.529,1.94578,1.94625,1.50,1.13
2012.01.10 15:43:39.782,1.94579,1.94625,1.50,1.13
2012.01.10 15:43:39.843,1.94582,1.94625,1.50,1.13
2012.01.10 15:43:40.257,1.94587,1.94625,1.50,1.13
2012.01.10 15:43:40.791,1.94584,1.94625,1.50,1.13
2012.01.10 15:43:40.853,1.94582,1.94625,1.50,1.13
2012.01.10 15:43:42.673,1.94592,1.94625,1.50,1.13
2012.01.10 15:43:43.036,1.94592,1.94632,1.50,1.13
2012.01.10 15:43:43.297,1.94595,1.94632,1.50,1.13
2012.01.10 15:43:43.884,1.94594,1.94628,1.50,1.13
2012.01.10 15:43:43.956,1.94592,1.94634,1.13,1.13
2012.01.10 15:43:44.495,1.94588,1.94628,1.47,1.13
2012.01.10 15:43:47.170,1.94591,1.94631,1.13,1.13
2012.01.10 15:43:48.964,1.94593,1.94633,1.13,1.13
2012.01.10 15:43:49.390,1.94608,1.94649,1.13,1.13
2012.01.10 15:43:49.462,1.94601,1.94643,1.47,1.88
2012.01.10 15:43:49.645,1.94591,1.94629,1.50,1.13
2012.01.10 15:43:49.717,1.94591,1.94619,1.50,1.13
2012.01.10 15:43:49.968,1.94587,1.94624,1.50,1.13
2012.01.10 15:43:50.038,1.94582,1.94624,1.13,1.13
2012.01.10 15:43:50.957,1.94584,1.94624,1.13,1.13
2012.01.10 15:43:52.019,1.94582,1.94624,1.13,1.13
2012.01.10 15:43:54.928,1.94584,1.94624,1.13,1.13
2012.01.10 15:43:57.178,1.94574,1.94616,2.63,1.13
2012.01.10 15:43:57.523,1.94583,1.94625,1.13,1.13
2012.01.10 15:44:02.308,1.94577,1.94618,1.50,1.13
2012.01.10 15:44:02.768,1.94574,1.94618,1.50,1.13
2012.01.10 15:44:02.834,1.94571,1.94618,1.50,1.13
2012.01.10 15:44:02.904,1.94574,1.94618,1.50,1.13
2012.01.10 15:44:04.087,1.94571,1.94618,3.00,1.13
2012.01.10 15:44:05.608,1.94579,1.94618,1.50,1.13
2012.01.10 15:44:06.356,1.94577,1.94618,1.50,1.13
2012.01.10 15:44:06.425,1.94575,1.94618,1.50,1.13
2012.01.10 15:44:06.493,1.94571,1.94618,3.00,1.13
2012.01.10 15:44:10.529,1.94575,1.94618,1.50,1.13
2012.01.10 15:44:10.814,1.94571,1.94618,3.00,1.13
2012.01.10 15:44:10.891,1.94571,1.94608,1.50,1.13
2012.01.10 15:44:11.077,1.94571,1.9461,1.50,1.13
2012.01.10 15:44:11.144,1.94568,1.9461,1.50,1.13
2012.01.10 15:44:11.215,1.94566,1.9461,1.50,1.13
2012.01.10 15:44:11.520,1.94566,1.94612,1.50,1.13
2012.01.10 15:44:11.785,1.94568,1.94618,1.13,1.13
2012.01.10 15:44:13.327,1.94566,1.94607,2.25,1.13
2012.01.10 15:44:13.850,1.94571,1.94614,1.13,1.13
2012.01.10 15:44:15.015,1.94578,1.94614,1.50,1.13
2012.01.10 15:44:15.597,1.94583,1.94614,1.50,1.13
2012.01.10 15:44:16.353,1.94586,1.94614,1.50,1.13
2012.01.10 15:44:16.414,1.94582,1.94614,1.50,1.13
2012.01.10 15:44:18.674,1.94577,1.94614,1.50,1.13
2012.01.10 15:44:19.756,1.94571,1.94614,2.97,1.13
2012.01.10 15:44:21.986,1.94572,1.94614,1.50,1.13
2012.01.10 15:44:22.248,1.94568,1.94608,1.84,1.13
2012.01.10 15:44:22.607,1.94577,1.94608,1.50,1.13
2012.01.10 15:44:23.194,1.94574,1.94608,1.50,1.13
2012.01.10 15:44:23.714,1.94579,1.94621,1.13,1.13
2012.01.10 15:44:23.925,1.94581,1.94621,1.50,1.13
2012.01.10 15:44:24.639,1.94581,1.94622,1.50,1.13
2012.01.10 15:44:25.314,1.9458,1.94622,1.13,1.13
2012.01.10 15:44:28.663,1.94581,1.94623,1.13,1.13
2012.01.10 15:44:28.966,1.94577,1.94615,1.50,1.13
2012.01.10 15:44:30.043,1.94579,1.94614,1.50,1.13
2012.01.10 15:44:30.329,1.94574,1.94614,1.50,1.13
2012.01.10 15:44:30.461,1.94579,1.94614,1.50,1.13
2012.01.10 15:44:30.589,1.94582,1.94625,1.50,1.13
2012.01.10 15:44:31.389,1.94582,1.94624,2.63,1.13
2012.01.10 15:44:31.579,1.94591,1.94642,1.13,1.13
2012.01.10 15:44:31.709,1.94588,1.94638,1.13,1.13
2012.01.10 15:44:33.063,1.94589,1.9464,1.13,1.13
2012.01.10 15:44:33.133,1.9458,1.94622,1.13,1.13
2012.01.10 15:44:33.491,1.94576,1.94618,1.13,1.13
2012.01.10 15:44:34.037,1.94576,1.94618,1.47,1.13
2012.01.10 15:44:34.557,1.94585,1.94635,1.13,1.50
2012.01.10 15:44:34.627,1.94588,1.94636,1.50,1.13
2012.01.10 15:44:34.757,1.94589,1.9464,1.13,1.13
2012.01.10 15:44:35.272,1.94593,1.9464,1.50,1.13
2012.01.10 15:44:35.457,1.94589,1.9464,1.13,1.13
2012.01.10 15:44:37.498,1.94586,1.94644,2.25,1.13
2012.01.10 15:44:37.564,1.94589,1.94644,1.50,1.13
2012.01.10 15:44:38.061,1.9459,1.94639,1.13,1.13
2012.01.10 15:44:38.876,1.94588,1.94638,1.13,1.13
2012.01.10 15:44:39.065,1.94603,1.94645,1.13,1.13
2012.01.10 15:44:39.386,1.94589,1.94637,2.63,1.13
2012.01.10 15:44:40.367,1.94579,1.94626,1.82,1.13
2012.01.10 15:44:40.763,1.94579,1.94621,1.82,1.13
2012.01.10 15:44:40.838,1.94579,1.94621,1.50,1.13
2012.01.10 15:44:41.389,1.9458,1.94622,1.13,1.13
2012.01.10 15:44:41.458,1.94591,1.94631,1.13,1.13
2012.01.10 15:44:42.747,1.94593,1.94631,1.50,1.13
2012.01.10 15:44:43.253,1.94591,1.94631,1.13,1.13
2012.01.10 15:44:44.114,1.94588,1.94631,2.63,1.13
2012.01.10 15:44:44.641,1.94589,1.94631,3.00,1.13
2012.01.10 15:44:44.765,1.94593,1.94631,1.50,1.13
2012.01.10 15:44:45.289,1.9459,1.94631,1.50,1.13
2012.01.10 15:44:46.266,1.94588,1.94631,1.13,1.13
2012.01.10 15:44:46.401,1.94584,1.94624,1.50,1.13
2012.01.10 15:44:46.527,1.9458,1.94627,1.13,1.13
2012.01.10 15:44:48.096,1.94588,1.94627,1.50,1.13
2012.01.10 15:44:48.430,1.94592,1.94639,1.13,1.13
2012.01.10 15:44:48.503,1.94588,1.94627,1.50,1.13
2012.01.10 15:44:48.625,1.94582,1.94627,1.50,1.13
2012.01.10 15:44:49.490,1.94589,1.94627,1.50,1.13
2012.01.10 15:44:49.560,1.94602,1.94642,1.13,1.13
2012.01.10 15:44:49.924,1.94595,1.9463,1.50,1.13
2012.01.10 15:44:50.434,1.94589,1.9463,1.13,1.13
2012.01.10 15:44:50.883,1.94584,1.94625,1.13,1.13
2012.01.10 15:44:52.694,1.9459,1.94632,1.47,1.13
2012.01.10 15:44:52.832,1.9461,1.94649,1.13,1.50
2012.01.10 15:44:53.141,1.94624,1.94654,1.13,2.25
2012.01.10 15:44:54.259,1.94624,1.94643,1.13,1.50
2012.01.10 15:44:54.346,1.94596,1.94647,1.13,1.13
2012.01.10 15:44:55.148,1.94593,1.94644,1.13,1.13
2012.01.10 15:44:55.885,1.94592,1.94643,1.13,1.13
2012.01.10 15:44:56.298,1.94607,1.9465,1.13,1.13
2012.01.10 15:44:57.586,1.94614,1.94656,1.13,1.13
2012.01.10 15:44:57.775,1.94601,1.94644,1.13,1.13
2012.01.10 15:44:58.872,1.94601,1.94641,1.13,1.13
2012.01.10 15:44:59.896,1.94607,1.94648,1.13,1.13
2012.01.10 15:45:00.387,1.946,1.94642,1.13,1.13
2012.01.10 15:45:02.193,1.94613,1.94654,1.13,1.13
2012.01.10 15:45:02.582,1.94608,1.94649,1.13,1.13
2012.01.10 15:45:05.811,1.94597,1.94637,1.50,1.13
2012.01.10 15:45:06.175,1.94595,1.94637,1.13,1.13
2012.01.10 15:45:06.449,1.94586,1.94625,1.50,1.13
2012.01.10 15:45:07.257,1.94583,1.94625,1.13,1.13
2012.01.10 15:45:07.667,1.94596,1.94636,1.13,1.13
2012.01.10 15:45:08.120,1.94602,1.94643,1.13,1.13
2012.01.10 15:45:08.401,1.94594,1.94636,1.47,1.13
2012.01.10 15:45:08.898,1.94595,1.94638,1.47,1.13
2012.01.10 15:45:09.278,1.9459,1.9463,1.13,1.13
2012.01.10 15:45:22.476,1.94591,1.9463,1.50,1.13
2012.01.10 15:45:22.787,1.94593,1.9463,1.84,1.13
2012.01.10 15:45:22.919,1.94609,1.94649,1.13,1.13
2012.01.10 15:45:24.783,1.94595,1.94638,1.13,1.13
2012.01.10 15:45:25.665,1.94584,1.9463,1.84,1.13
2012.01.10 15:45:25.859,1.94584,1.9463,1.50,1.13
2012.01.10 15:45:25.929,1.94584,1.94619,1.50,1.13
2012.01.10 15:45:26.291,1.94595,1.94619,1.50,1.13
2012.01.10 15:45:26.364,1.94577,1.94619,1.13,1.13
2012.01.10 15:45:27.539,1.94586,1.94635,1.13,1.50
2012.01.10 15:45:27.930,1.94586,1.94637,1.13,2.63
2012.01.10 15:45:28.058,1.94586,1.94614,1.13,1.50
2012.01.10 15:45:28.425,1.94569,1.94614,1.62,1.50
2012.01.10 15:45:28.500,1.94569,1.94617,1.13,1.13
2012.01.10 15:45:28.624,1.94559,1.94605,1.50,1.13
2012.01.10 15:45:28.755,1.94556,1.94605,3.38,1.13
2012.01.10 15:45:28.826,1.94561,1.94612,1.13,1.13
2012.01.10 15:45:29.915,1.94561,1.94612,1.88,1.13
2012.01.10 15:45:30.169,1.94564,1.94614,1.13,1.13
2012.01.10 15:45:31.395,1.94564,1.94622,1.13,2.63
2012.01.10 15:45:33.166,1.94565,1.94621,1.13,1.13
2012.01.10 15:45:33.672,1.94555,1.94603,1.50,1.13
2012.01.10 15:45:33.857,1.94551,1.94603,1.50,1.13
2012.01.10 15:45:34.054,1.94556,1.94603,1.50,1.13
2012.01.10 15:45:34.447,1.94556,1.94584,1.50,1.13
2012.01.10 15:45:34.757,1.94558,1.94584,1.50,1.13
2012.01.10 15:45:34.831,1.94558,1.94595,1.50,1.13
2012.01.10 15:45:34.899,1.94558,1.94592,1.50,1.13
2012.01.10 15:45:34.968,1.94552,1.94592,2.63,1.13
2012.01.10 15:45:35.039,1.94552,1.94584,1.50,1.13
2012.01.10 15:45:35.376,1.94552,1.94582,1.50,1.13
2012.01.10 15:45:36.374,1.94552,1.94598,1.50,1.13
2012.01.10 15:45:36.443,1.94552,1.94598,2.25,1.13
2012.01.10 15:45:36.512,1.94571,1.94617,1.50,1.13
2012.01.10 15:45:37.421,1.94569,1.94617,2.63,1.13
2012.01.10 15:45:38.120,1.94559,1.946,1.13,1.13
2012.01.10 15:45:39.671,1.94569,1.94617,1.13,1.13
2012.01.10 15:45:42.231,1.94569,1.94617,1.13,1.88
2012.01.10 15:45:42.425,1.94567,1.94616,1.13,1.88
2012.01.10 15:45:42.656,1.94565,1.94614,1.13,1.13
2012.01.10 15:45:42.730,1.94569,1.94617,1.13,1.13
2012.01.10 15:45:43.087,1.94558,1.94601,1.13,1.13
2012.01.10 15:45:43.448,1.9456,1.94601,1.50,1.13
2012.01.10 15:45:43.516,1.94558,1.94601,1.13,1.13
2012.01.10 15:45:44.105,1.94561,1.94601,1.50,1.13
2012.01.10 15:45:44.767,1.9456,1.94601,1.50,1.13
2012.01.10 15:45:46.804,1.9456,1.94601,1.84,1.13
2012.01.10 15:45:46.942,1.94569,1.94617,1.13,1.13
2012.01.10 15:45:47.072,1.94571,1.94617,1.50,1.13
2012.01.10 15:45:47.321,1.94574,1.94625,1.13,1.13
2012.01.10 15:45:47.568,1.9458,1.94631,1.13,1.13
2012.01.10 15:45:48.634,1.94571,1.94613,1.13,1.13
2012.01.10 15:45:49.188,1.94568,1.94611,1.13,1.13
2012.01.10 15:45:49.396,1.9457,1.94611,1.50,1.13
2012.01.10 15:45:50.151,1.94568,1.94611,1.13,1.13
2012.01.10 15:45:51.452,1.94571,1.94613,1.13,1.13
2012.01.10 15:45:52.573,1.94572,1.94613,1.50,1.13
2012.01.10 15:45:53.001,1.94569,1.94608,1.84,1.13
2012.01.10 15:45:53.220,1.94572,1.94612,1.13,1.13
2012.01.10 15:45:53.775,1.94571,1.94613,1.13,1.13
2012.01.10 15:45:53.880,1.94568,1.94608,1.47,1.13
2012.01.10 15:45:54.010,1.94571,1.94613,1.13,1.13
2012.01.10 15:45:54.691,1.94566,1.94601,1.50,1.13
2012.01.10 15:45:55.026,1.94559,1.94601,1.50,1.13
2012.01.10 15:45:55.223,1.94559,1.94596,1.50,1.13
2012.01.10 15:45:55.547,1.94553,1.94594,1.13,1.13
2012.01.10 15:45:56.139,1.94553,1.94594,2.97,1.13
2012.01.10 15:45:56.470,1.94574,1.94607,1.13,1.50
2012.01.10 15:45:56.714,1.94565,1.94607,1.13,2.63
2012.01.10 15:45:57.176,1.94572,1.94612,1.13,1.13
2012.01.10 15:45:59.376,1.94567,1.94607,1.13,1.13
2012.01.10 15:45:59.571,1.94571,1.94613,1.13,1.13
2012.01.10 15:46:02.296,1.94571,1.94613,1.13,1.47
2012.01.10 15:46:02.586,1.94553,1.94596,1.13,1.88
2012.01.10 15:46:02.659,1.94547,1.94587,1.47,1.13
2012.01.10 15:46:02.789,1.94559,1.946,1.13,2.63
2012.01.10 15:46:03.030,1.94561,1.946,1.13,1.50
2012.01.10 15:46:03.457,1.94558,1.94601,1.13,1.13
2012.01.10 15:46:03.897,1.94558,1.94597,1.13,1.50
2012.01.10 15:46:04.409,1.94553,1.94593,1.13,1.13
2012.01.10 15:46:05.584,1.94571,1.946,1.13,1.50
2012.01.10 15:46:05.712,1.94571,1.94613,1.13,1.13
2012.01.10 15:46:05.778,1.94567,1.94607,1.13,1.13
2012.01.10 15:46:05.966,1.94555,1.94604,1.13,1.13
2012.01.10 15:46:06.225,1.94554,1.94596,1.13,1.13
2012.01.10 15:46:06.891,1.94548,1.94588,1.13,1.13
2012.01.10 15:46:06.957,1.9456,1.94604,1.13,1.13
2012.01.10 15:46:07.716,1.94561,1.94604,1.13,1.13
2012.01.10 15:46:08.520,1.94559,1.94605,1.13,1.88
2012.01.10 15:46:09.941,1.94555,1.94604,1.13,1.13
2012.01.10 15:46:10.140,1.94561,1.94605,1.13,3.38
2012.01.10 15:46:10.331,1.94548,1.94598,1.13,1.88
2012.01.10 15:46:10.458,1.94542,1.94596,1.50,1.88
2012.01.10 15:46:10.534,1.94544,1.94593,1.50,1.13
2012.01.10 15:46:10.719,1.9452,1.94584,1.93,2.25
2012.01.10 15:46:10.847,1.94526,1.94584,1.13,1.50
2012.01.10 15:46:11.424,1.94531,1.94582,1.13,1.13
2012.01.10 15:46:11.967,1.94527,1.94575,1.50,1.13
2012.01.10 15:46:12.516,1.94526,1.94575,3.38,1.13
2012.01.10 15:46:12.644,1.9453,1.94594,1.13,1.50
2012.01.10 15:46:12.927,1.94534,1.94595,1.50,1.13
2012.01.10 15:46:13.727,1.94534,1.94593,1.50,1.13
2012.01.10 15:46:13.803,1.94523,1.94589,1.07,1.50
2012.01.10 15:46:13.928,1.94522,1.94584,2.19,1.50
2012.01.10 15:46:14.204,1.9453,1.94584,1.13,1.50
2012.01.10 15:46:14.277,1.94527,1.94595,2.63,2.63
2012.01.10 15:46:14.481,1.94527,1.94593,1.50,1.13
2012.01.10 15:46:15.253,1.94527,1.94594,2.63,1.13
2012.01.10 15:46:15.789,1.94547,1.94593,1.13,1.50
2012.01.10 15:46:16.185,1.94547,1.94596,1.13,1.50
2012.01.10 15:46:16.254,1.94547,1.94599,1.13,1.13
2012.01.10 15:46:17.225,1.94549,1.94599,1.13,1.50
2012.01.10 15:46:17.757,1.94549,1.946,1.13,1.13
2012.01.10 15:46:22.780,1.94554,1.946,1.13,1.50
2012.01.10 15:46:22.850,1.94549,1.946,1.13,2.63
2012.01.10 15:46:23.666,1.94535,1.94596,1.50,1.13
2012.01.10 15:46:23.736,1.94529,1.94595,1.44,1.50
2012.01.10 15:46:24.108,1.94527,1.94575,1.50,1.13
2012.01.10 15:46:25.077,1.94527,1.94576,1.13,1.13
2012.01.10 15:46:25.206,1.9453,1.9459,1.13,1.50
2012.01.10 15:46:25.396,1.9453,1.94595,1.13,1.50
2012.01.10 15:46:25.903,1.94532,1.94597,1.50,1.50
2012.01.10 15:46:26.228,1.94535,1.94601,2.63,1.13
2012.01.10 15:46:26.403,1.94535,1.94601,2.63,1.88
2012.01.10 15:46:26.528,1.94535,1.94601,3.38,1.13
2012.01.10 15:46:26.798,1.94535,1.94599,1.88,1.50
2012.01.10 15:46:27.057,1.94533,1.94597,1.50,1.13
2012.01.10 15:46:27.685,1.94533,1.94596,1.50,3.38
2012.01.10 15:46:28.009,1.94526,1.94576,1.50,1.13
2012.01.10 15:46:28.356,1.9453,1.94576,1.50,1.13
2012.01.10 15:46:28.717,1.94532,1.94581,1.13,1.13
2012.01.10 15:46:29.711,1.94532,1.94576,1.50,1.13
2012.01.10 15:46:29.965,1.94525,1.94576,1.88,1.13
2012.01.10 15:46:31.721,1.94538,1.94587,1.13,1.13
2012.01.10 15:46:31.975,1.94544,1.94595,1.13,2.63
2012.01.10 15:46:33.131,1.94537,1.94588,1.13,1.13
2012.01.10 15:46:37.415,1.94545,1.94594,1.13,1.13
2012.01.10 15:46:41.536,1.94531,1.94582,1.13,1.13
2012.01.10 15:46:41.725,1.94529,1.94576,1.50,1.13
2012.01.10 15:46:41.914,1.94526,1.94576,1.50,1.13
2012.01.10 15:46:42.479,1.94525,1.94576,1.13,1.13
2012.01.10 15:46:43.077,1.94531,1.94585,1.13,1.13
2012.01.10 15:46:43.658,1.94538,1.94587,1.13,1.13
2012.01.10 15:46:43.965,1.94545,1.94594,1.13,1.13
2012.01.10 15:46:44.596,1.94545,1.94593,1.13,1.50
2012.01.10 15:46:46.366,1.94545,1.94594,1.13,1.13
2012.01.10 15:46:48.007,1.94551,1.94599,1.13,1.50
2012.01.10 15:46:49.066,1.94551,1.946,1.13,1.13
2012.01.10 15:46:57.553,1.94551,1.94602,1.13,1.13
2012.01.10 15:46:58.783,1.94556,1.94607,1.13,1.13
2012.01.10 15:46:59.089,1.94553,1.94596,1.13,1.13
2012.01.10 15:46:59.401,1.94556,1.94598,1.13,1.13
2012.01.10 15:46:59.869,1.94566,1.94615,1.13,3.38
2012.01.10 15:47:00.423,1.94575,1.94607,1.13,1.50
2012.01.10 15:47:00.667,1.94576,1.94611,1.13,1.50
2012.01.10 15:47:00.738,1.94572,1.94611,1.13,1.50
2012.01.10 15:47:00.807,1.94572,1.94615,1.13,2.25
2012.01.10 15:47:01.329,1.94572,1.94613,1.13,1.50
2012.01.10 15:47:01.518,1.94566,1.94613,1.13,1.50
2012.01.10 15:47:01.712,1.9459,1.94613,1.13,1.50
2012.01.10 15:47:02.209,1.9459,1.94613,1.13,2.40
2012.01.10 15:47:02.459,1.94542,1.94584,1.13,1.13
2012.01.10 15:47:02.842,1.94562,1.94598,1.13,1.50
2012.01.10 15:47:03.007,1.94562,1.94601,1.13,1.50
2012.01.10 15:47:03.077,1.94562,1.94613,1.13,1.13
2012.01.10 15:47:03.647,1.94554,1.94603,1.13,1.13
2012.01.10 15:47:04.517,1.94554,1.94602,1.13,1.50
2012.01.10 15:47:05.479,1.94548,1.94599,1.13,1.13
2012.01.10 15:47:06.185,1.94557,1.94603,1.13,1.50
2012.01.10 15:47:06.623,1.94545,1.94594,1.13,1.13
2012.01.10 15:47:07.190,1.94552,1.94601,1.13,1.13
2012.01.10 15:47:07.260,1.94548,1.94599,1.50,1.13
2012.01.10 15:47:07.335,1.94551,1.94602,1.13,1.13
2012.01.10 15:47:07.468,1.94555,1.94614,1.13,1.50
2012.01.10 15:47:07.657,1.94552,1.94614,1.13,1.50
2012.01.10 15:47:07.798,1.94554,1.94617,1.13,1.50
2012.01.10 15:47:08.016,1.94554,1.94619,1.13,1.50
2012.01.10 15:47:08.458,1.94555,1.94621,1.50,1.50
2012.01.10 15:47:08.527,1.94554,1.94616,1.13,1.50
2012.01.10 15:47:08.961,1.9455,1.94615,1.50,1.13
2012.01.10 15:47:09.029,1.94554,1.94616,1.13,1.50
2012.01.10 15:47:09.337,1.94549,1.94614,1.13,1.50
2012.01.10 15:47:09.408,1.94555,1.94614,1.13,1.50
2012.01.10 15:47:09.728,1.94555,1.94618,1.13,1.50
2012.01.10 15:47:09.854,1.94555,1.9462,1.13,1.50
2012.01.10 15:47:12.528,1.94555,1.94619,1.13,1.50
2012.01.10 15:47:12.598,1.94555,1.94617,1.13,1.50
2012.01.10 15:47:12.959,1.94555,1.94617,1.13,2.25
2012.01.10 15:47:13.115,1.94555,1.94617,1.13,1.50
2012.01.10 15:47:13.203,1.94555,1.94619,1.13,1.50
2012.01.10 15:47:14.115,1.94555,1.9462,1.13,1.50
2012.01.10 15:47:14.189,1.94555,1.9462,1.13,2.25
2012.01.10 15:47:14.479,1.94555,1.9462,1.13,1.50
2012.01.10 15:47:14.549,1.94561,1.94617,1.13,1.50
2012.01.10 15:47:14.957,1.94561,1.94621,1.13,1.50
2012.01.10 15:47:16.500,1.94561,1.94623,1.13,1.50
2012.01.10 15:47:17.037,1.94563,1.94623,1.13,1.50
2012.01.10 15:47:17.415,1.94565,1.94631,1.50,1.88
2012.01.10 15:47:18.018,1.94565,1.94631,1.50,1.13
2012.01.10 15:47:18.089,1.94565,1.94628,1.50,1.50
2012.01.10 15:47:18.572,1.94581,1.94624,1.13,1.50
2012.01.10 15:47:19.037,1.94581,1.94628,1.13,1.50
2012.01.10 15:47:19.109,1.94581,1.94645,1.13,1.50
2012.01.10 15:47:19.380,1.94581,1.9464,1.13,1.50
2012.01.10 15:47:20.819,1.946,1.9464,1.13,1.50
2012.01.10 15:47:20.948,1.9458,1.9464,1.44,1.50
2012.01.10 15:47:21.197,1.9458,1.94639,1.88,1.50
2012.01.10 15:47:21.341,1.94584,1.94642,1.88,1.50
2012.01.10 15:47:21.918,1.94586,1.94638,1.13,1.50
2012.01.10 15:47:22.715,1.94586,1.94645,1.13,1.50
2012.01.10 15:47:22.789,1.94581,1.94645,1.13,1.50
2012.01.10 15:47:22.953,1.94581,1.94645,1.88,1.50
2012.01.10 15:47:23.188,1.94582,1.94648,2.25,1.50
2012.01.10 15:47:23.616,1.94582,1.94648,1.50,1.50
2012.01.10 15:47:23.686,1.94581,1.94644,1.13,1.50
2012.01.10 15:47:24.071,1.94576,1.94641,1.50,1.13
2012.01.10 15:47:24.346,1.94581,1.94642,1.13,1.50
2012.01.10 15:47:24.554,1.94581,1.94645,1.13,1.50
2012.01.10 15:47:24.891,1.94602,1.94645,1.13,1.50
2012.01.10 15:47:25.565,1.94605,1.94645,1.13,1.50
2012.01.10 15:47:25.638,1.94605,1.9465,1.13,1.50
2012.01.10 15:47:25.850,1.94603,1.9465,1.13,1.50
2012.01.10 15:47:26.009,1.94603,1.94647,1.13,1.50
2012.01.10 15:47:26.450,1.94605,1.94647,1.13,1.50
2012.01.10 15:47:27.259,1.94603,1.94645,1.13,1.50
2012.01.10 15:47:27.329,1.94603,1.94647,1.13,1.50
2012.01.10 15:47:27.786,1.94603,1.94645,1.13,1.50
2012.01.10 15:47:28.238,1.94606,1.94645,1.13,1.50
2012.01.10 15:47:28.547,1.94606,1.94647,1.13,1.50
2012.01.10 15:47:28.687,1.94606,1.94654,1.13,1.50
2012.01.10 15:47:29.492,1.94606,1.94655,1.13,1.13
2012.01.10 15:47:29.725,1.94608,1.94656,1.13,1.50
2012.01.10 15:47:30.035,1.94608,1.94654,1.13,2.59
2012.01.10 15:47:30.111,1.94588,1.94653,1.50,1.47
2012.01.10 15:47:30.175,1.94588,1.94648,1.50,1.50
2012.01.10 15:47:30.486,1.94585,1.94628,1.88,1.50
2012.01.10 15:47:30.736,1.94585,1.94639,1.88,1.50
2012.01.10 15:47:31.294,1.94585,1.94647,1.88,1.50
2012.01.10 15:47:31.877,1.94593,1.94647,1.13,1.50
2012.01.10 15:47:32.157,1.94586,1.94645,1.88,1.50
2012.01.10 15:47:33.036,1.94581,1.94645,1.13,1.50
2012.01.10 15:47:33.466,1.94581,1.94643,1.13,1.50
2012.01.10 15:47:33.775,1.94581,1.94643,1.88,1.50
2012.01.10 15:47:34.325,1.94585,1.94645,1.88,3.00
2012.01.10 15:47:34.922,1.94567,1.94635,1.50,1.50
2012.01.10 15:47:34.988,1.94567,1.94635,2.25,1.50
2012.01.10 15:47:35.267,1.94566,1.94632,2.25,1.50
2012.01.10 15:47:35.395,1.94566,1.94632,2.25,1.50
2012.01.10 15:47:35.467,1.94574,1.94639,1.88,1.50
2012.01.10 15:47:35.655,1.94577,1.94645,2.25,1.50
2012.01.10 15:47:35.975,1.94577,1.94641,2.25,1.50
2012.01.10 15:47:36.292,1.94571,1.94637,2.25,1.50
2012.01.10 15:47:36.837,1.94572,1.9464,2.25,1.50
2012.01.10 15:47:37.308,1.94574,1.94642,2.25,1.50
2012.01.10 15:47:37.385,1.94575,1.94642,1.88,1.50
2012.01.10 15:47:37.608,1.94584,1.94645,2.25,1.50
2012.01.10 15:47:37.679,1.94584,1.94652,2.25,1.50
2012.01.10 15:47:38.325,1.94582,1.94648,2.25,1.50
2012.01.10 15:47:39.058,1.94582,1.94648,1.50,1.50
2012.01.10 15:47:39.129,1.94582,1.94648,2.25,1.50
2012.01.10 15:47:39.377,1.94585,1.94651,3.38,1.50
2012.01.10 15:47:40.259,1.94585,1.94651,2.25,1.50
2012.01.10 15:47:40.447,1.94589,1.94647,1.13,1.50
2012.01.10 15:47:40.576,1.94585,1.94647,1.88,1.50
2012.01.10 15:47:40.708,1.94585,1.94647,1.88,1.50
2012.01.10 15:47:40.779,1.94589,1.94649,1.88,1.50
2012.01.10 15:47:41.037,1.94609,1.9465,1.13,1.50
2012.01.10 15:47:41.236,1.94586,1.94652,2.25,2.63
2012.01.10 15:47:41.945,1.946,1.94657,1.88,1.50
2012.01.10 15:47:42.032,1.94604,1.9467,2.25,1.50
2012.01.10 15:47:42.157,1.94604,1.9467,1.50,1.50
2012.01.10 15:47:42.228,1.94598,1.94666,1.50,1.50
2012.01.10 15:47:42.541,1.94594,1.9466,2.25,1.50
2012.01.10 15:47:42.844,1.94597,1.9466,1.13,1.50
2012.01.10 15:47:42.918,1.94599,1.94665,1.50,1.50
2012.01.10 15:47:43.838,1.94601,1.94667,3.00,1.50
2012.01.10 15:47:44.136,1.94603,1.94671,2.25,1.50
2012.01.10 15:47:44.208,1.94603,1.94671,1.50,1.50
2012.01.10 15:47:44.277,1.94605,1.94671,1.13,1.50
2012.01.10 15:47:44.587,1.94607,1.94668,1.13,1.50
2012.01.10 15:47:44.857,1.94607,1.94674,1.13,1.50
2012.01.10 15:47:44.985,1.9461,1.94674,1.13,1.50
2012.01.10 15:47:45.497,1.9461,1.94672,1.13,1.50
2012.01.10 15:47:46.239,1.9461,1.94669,1.13,1.50
2012.01.10 15:47:46.550,1.9461,1.94667,1.88,1.50
2012.01.10 15:47:46.737,1.94601,1.94667,1.13,1.50
2012.01.10 15:47:46.932,1.94607,1.94673,1.50,1.50
2012.01.10 15:47:47.257,1.94609,1.94677,1.50,1.50
2012.01.10 15:47:47.715,1.94612,1.94678,1.50,1.50
2012.01.10 15:47:48.027,1.9461,1.94676,1.50,1.50
2012.01.10 15:47:49.910,1.9461,1.94676,2.25,1.50
2012.01.10 15:47:50.277,1.94623,1.94678,1.88,1.50
2012.01.10 15:47:50.466,1.94619,1.94687,1.50,1.50
2012.01.10 15:47:51.217,1.94623,1.9468,1.88,1.50
2012.01.10 15:47:51.296,1.94623,1.9468,1.13,1.50
2012.01.10 15:47:51.366,1.94614,1.9468,2.25,1.50
2012.01.10 15:47:51.859,1.94614,1.9468,2.25,1.50
2012.01.10 15:47:51.986,1.94623,1.94683,1.88,1.50
2012.01.10 15:47:52.178,1.94623,1.94685,1.13,1.50
2012.01.10 15:47:52.246,1.94624,1.94688,1.13,1.50
2012.01.10 15:47:52.499,1.9462,1.94688,1.50,1.50
2012.01.10 15:47:52.567,1.94629,1.94697,1.50,2.25
2012.01.10 15:47:53.143,1.94627,1.94681,1.50,1.50
2012.01.10 15:47:53.210,1.94613,1.94681,1.50,1.50
2012.01.10 15:47:53.907,1.94613,1.94681,2.25,1.50
2012.01.10 15:47:54.277,1.94613,1.94681,1.50,1.50
2012.01.10 15:47:54.548,1.94615,1.94683,1.50,1.50
2012.01.10 15:47:54.888,1.94619,1.94685,1.50,1.50
2012.01.10 15:47:55.423,1.94621,1.94685,1.50,1.50
2012.01.10 15:47:55.486,1.94624,1.9469,1.50,1.50
2012.01.10 15:47:56.080,1.94621,1.94686,1.50,1.50
2012.01.10 15:47:56.146,1.94618,1.94686,1.50,1.50
2012.01.10 15:47:56.786,1.94621,1.94687,1.50,1.50
2012.01.10 15:47:57.094,1.94621,1.94687,2.25,1.50
2012.01.10 15:47:57.408,1.94629,1.9469,1.13,1.50
2012.01.10 15:47:57.499,1.94624,1.9469,2.25,1.50
2012.01.10 15:47:58.086,1.94632,1.94698,1.50,1.50
2012.01.10 15:47:58.168,1.9463,1.94696,1.50,1.50
2012.01.10 15:47:58.486,1.94625,1.94691,1.50,1.50
2012.01.10 15:47:58.798,1.94625,1.94686,1.50,1.13
2012.01.10 15:47:59.047,1.94621,1.94686,1.50,1.13
2012.01.10 15:47:59.848,1.94623,1.94687,1.13,1.50
2012.01.10 15:48:00.428,1.94623,1.94687,1.88,1.50
2012.01.10 15:48:00.494,1.94623,1.94689,3.38,1.13
2012.01.10 15:48:00.627,1.94623,1.94689,2.63,1.13
2012.01.10 15:48:01.242,1.94623,1.94688,1.13,1.50
2012.01.10 15:48:01.367,1.9462,1.94686,1.50,1.13
2012.01.10 15:48:02.457,1.9462,1.9468,1.50,1.13
2012.01.10 15:48:02.988,1.94614,1.9468,3.38,1.13
2012.01.10 15:48:03.055,1.94614,1.94682,3.38,2.63
2012.01.10 15:48:03.622,1.94614,1.94682,2.63,2.63
2012.01.10 15:48:03.746,1.94614,1.94679,1.50,1.13
2012.01.10 15:48:05.166,1.94614,1.94676,1.50,1.13
2012.01.10 15:48:05.477,1.94612,1.94671,1.50,1.13
2012.01.10 15:48:05.550,1.94608,1.94671,1.50,1.13
2012.01.10 15:48:05.619,1.94613,1.94671,1.50,1.13
2012.01.10 15:48:05.969,1.94628,1.94681,1.13,1.50
2012.01.10 15:48:06.422,1.94628,1.94695,1.13,3.38
2012.01.10 15:48:06.593,1.94628,1.94695,1.13,3.38
2012.01.10 15:48:06.719,1.94628,1.94695,1.13,3.38
2012.01.10 15:48:06.878,1.9463,1.94695,1.50,1.88
2012.01.10 15:48:07.245,1.94632,1.94698,1.13,2.25
2012.01.10 15:48:07.618,1.94636,1.94693,1.13,1.50
2012.01.10 15:48:08.184,1.94636,1.94694,1.13,1.50
2012.01.10 15:48:09.070,1.94627,1.94693,1.50,1.50
2012.01.10 15:48:09.235,1.94631,1.94693,1.13,1.50
2012.01.10 15:48:09.307,1.94631,1.94696,1.13,1.50
2012.01.10 15:48:09.644,1.94629,1.94696,1.50,1.13
2012.01.10 15:48:10.075,1.9463,1.94696,1.13,1.88
2012.01.10 15:48:10.206,1.94626,1.94692,2.63,1.13
2012.01.10 15:48:10.275,1.94626,1.9469,1.50,1.13
2012.01.10 15:48:10.349,1.94623,1.94689,1.50,1.50
2012.01.10 15:48:10.420,1.94627,1.94689,1.13,1.50
2012.01.10 15:48:10.954,1.94627,1.94692,1.13,1.50
2012.01.10 15:48:11.075,1.94631,1.94692,1.13,1.50
2012.01.10 15:48:11.204,1.94631,1.94697,2.63,2.63
2012.01.10 15:48:11.376,1.94631,1.94694,1.13,1.50
2012.01.10 15:48:11.446,1.94628,1.94694,1.50,1.50
2012.01.10 15:48:11.708,1.94625,1.94693,2.25,1.50
2012.01.10 15:48:12.118,1.9463,1.94693,1.13,1.50
2012.01.10 15:48:12.266,1.9463,1.94695,1.13,1.50
2012.01.10 15:48:12.906,1.94627,1.94695,1.50,2.63
2012.01.10 15:48:12.980,1.94637,1.94695,1.13,1.50
2012.01.10 15:48:13.458,1.94637,1.94697,1.13,1.50
2012.01.10 15:48:13.526,1.94637,1.94699,1.13,1.50
2012.01.10 15:48:13.806,1.94637,1.94703,1.13,4.13
2012.01.10 15:48:13.878,1.94635,1.94698,1.50,1.13
2012.01.10 15:48:14.068,1.9463,1.94694,1.50,1.13
2012.01.10 15:48:14.895,1.9463,1.94694,2.25,1.13
2012.01.10 15:48:15.304,1.94631,1.94693,1.88,1.50
2012.01.10 15:48:15.434,1.94631,1.94693,1.13,1.50
2012.01.10 15:48:15.654,1.94631,1.94693,1.88,1.50
2012.01.10 15:48:15.907,1.94631,1.94696,1.88,1.50
2012.01.10 15:48:15.974,1.9463,1.94692,2.25,1.13
2012.01.10 15:48:16.044,1.9463,1.94696,3.38,1.50
2012.01.10 15:48:16.176,1.9463,1.94694,1.88,1.50
2012.01.10 15:48:16.387,1.94631,1.94696,2.25,1.50
2012.01.10 15:48:16.454,1.94631,1.94698,2.25,1.13
2012.01.10 15:48:16.703,1.94631,1.94693,2.25,1.13
2012.01.10 15:48:16.956,1.94631,1.94698,2.25,1.13
2012.01.10 15:48:17.588,1.94631,1.94694,2.25,1.13
2012.01.10 15:48:17.728,1.94631,1.94698,2.25,1.13
2012.01.10 15:48:18.958,1.9463,1.94688,2.25,1.13
2012.01.10 15:48:19.147,1.94628,1.94693,2.25,1.13
2012.01.10 15:48:19.801,1.94628,1.94687,2.25,1.13
2012.01.10 15:48:20.116,1.94628,1.94694,2.25,2.63
2012.01.10 15:48:20.809,1.9463,1.94685,2.25,1.13
2012.01.10 15:48:20.997,1.9463,1.94694,2.25,1.13
2012.01.10 15:48:21.067,1.9463,1.94693,1.50,1.13
2012.01.10 15:48:21.207,1.94628,1.94693,1.50,1.13
2012.01.10 15:48:21.706,1.94628,1.94686,1.50,1.13
2012.01.10 15:48:22.111,1.94627,1.94692,2.25,1.13
2012.01.10 15:48:22.176,1.94627,1.94692,1.50,1.13
2012.01.10 15:48:22.307,1.94627,1.94693,3.38,1.13
2012.01.10 15:48:22.374,1.94627,1.94693,2.63,1.13
2012.01.10 15:48:22.575,1.94626,1.94685,1.50,1.13
2012.01.10 15:48:22.650,1.94633,1.94694,1.50,1.13
2012.01.10 15:48:22.778,1.94633,1.94694,2.25,1.13
2012.01.10 15:48:23.095,1.94648,1.94697,1.13,1.13
2012.01.10 15:48:23.229,1.94641,1.94691,1.13,1.13
2012.01.10 15:48:23.380,1.94638,1.94684,1.50,1.13
2012.01.10 15:48:23.999,1.94654,1.94688,1.50,1.13
2012.01.10 15:48:24.116,1.94648,1.94688,1.13,1.13
2012.01.10 15:48:25.011,1.94642,1.94682,1.13,1.13
2012.01.10 15:48:27.102,1.94642,1.94682,1.88,1.13
2012.01.10 15:48:27.407,1.94648,1.94688,1.13,1.13
2012.01.10 15:48:27.538,1.94641,1.94683,1.13,1.13
2012.01.10 15:48:27.887,1.94635,1.94676,1.13,1.13
2012.01.10 15:48:28.020,1.94629,1.94672,2.63,1.13
2012.01.10 15:48:28.449,1.94635,1.94676,1.13,1.13
2012.01.10 15:48:28.755,1.9462,1.94667,1.13,1.13
2012.01.10 15:48:28.951,1.9463,1.94671,1.13,1.13
2012.01.10 15:48:29.836,1.94633,1.94679,1.13,1.13
2012.01.10 15:48:30.978,1.94633,1.94679,1.88,1.13
2012.01.10 15:48:31.305,1.94648,1.94684,1.13,1.50
2012.01.10 15:48:31.496,1.94648,1.94688,1.13,1.13
2012.01.10 15:48:31.857,1.94639,1.94681,1.13,1.13
2012.01.10 15:48:31.994,1.94633,1.94679,3.38,1.13
2012.01.10 15:48:32.065,1.94642,1.94682,1.13,1.13
2012.01.10 15:48:32.258,1.94633,1.9468,1.50,1.13
2012.01.10 15:48:32.889,1.94632,1.9468,1.13,1.13
2012.01.10 15:48:34.079,1.94632,1.9468,1.88,1.13
2012.01.10 15:48:34.406,1.94642,1.94682,1.13,1.13
2012.01.10 15:48:36.486,1.94633,1.94675,1.88,1.13
2012.01.10 15:48:36.678,1.94642,1.94682,1.13,1.13
2012.01.10 15:48:37.987,1.94635,1.94679,1.13,1.13
2012.01.10 15:48:39.500,1.94635,1.94677,1.13,1.50
2012.01.10 15:48:39.628,1.9462,1.94672,1.13,1.13
2012.01.10 15:48:39.715,1.94616,1.9467,1.13,1.13
2012.01.10 15:48:40.156,1.94629,1.94669,1.13,1.13
2012.01.10 15:48:40.235,1.94627,1.94668,1.13,1.13
2012.01.10 15:48:40.647,1.94631,1.94673,1.13,1.13
2012.01.10 15:48:40.719,1.94626,1.94669,1.88,1.13
2012.01.10 15:48:40.924,1.94629,1.94672,1.13,1.13
2012.01.10 15:48:41.246,1.9464,1.94688,1.13,2.63
2012.01.10 15:48:42.245,1.94642,1.94702,1.13,1.50
2012.01.10 15:48:42.318,1.94642,1.94702,1.88,1.50
2012.01.10 15:48:42.447,1.94642,1.94702,1.13,1.50
2012.01.10 15:48:42.580,1.94639,1.94702,1.13,1.50
2012.01.10 15:48:42.705,1.9464,1.94706,1.50,1.50
2012.01.10 15:48:43.178,1.94646,1.94708,1.50,1.13
2012.01.10 15:48:43.519,1.94661,1.9471,1.13,1.13
2012.01.10 15:48:45.320,1.94666,1.94718,1.13,1.50
2012.01.10 15:48:45.507,1.94666,1.9472,1.13,1.13
2012.01.10 15:48:45.888,1.94682,1.94722,1.13,1.50
2012.01.10 15:48:45.955,1.94682,1.94725,1.13,1.50
2012.01.10 15:48:46.731,1.94682,1.94726,1.13,1.13
2012.01.10 15:48:47.606,1.94695,1.94731,1.13,1.50
2012.01.10 15:48:47.855,1.94695,1.94737,1.13,1.88
2012.01.10 15:48:48.386,1.94688,1.94731,1.13,1.13
2012.01.10 15:48:49.370,1.9469,1.94732,1.13,1.13
2012.01.10 15:48:50.155,1.9469,1.94729,1.13,1.50
2012.01.10 15:48:50.405,1.94675,1.94724,1.13,1.13
2012.01.10 15:48:50.686,1.94675,1.94724,1.47,1.13
2012.01.10 15:48:50.758,1.94682,1.94729,1.13,1.50
2012.01.10 15:48:51.065,1.94682,1.94731,1.13,1.13
2012.01.10 15:48:51.135,1.94694,1.94743,1.13,1.13
2012.01.10 15:48:51.695,1.94689,1.94738,1.13,1.13
2012.01.10 15:48:52.207,1.94688,1.94737,1.13,1.13
2012.01.10 15:48:52.557,1.94677,1.94735,2.63,1.13
2012.01.10 15:48:56.394,1.94677,1.94734,1.13,1.50
2012.01.10 15:48:56.924,1.94677,1.94732,1.13,1.50
2012.01.10 15:48:57.227,1.94677,1.94729,1.13,1.50
2012.01.10 15:48:57.560,1.94672,1.94729,1.13,2.63
2012.01.10 15:48:57.871,1.94667,1.94727,2.63,1.13
2012.01.10 15:48:58.293,1.94678,1.94733,1.13,1.50
2012.01.10 15:48:58.475,1.94667,1.94733,1.50,2.63
2012.01.10 15:48:58.976,1.94678,1.94734,1.13,1.13
2012.01.10 15:48:59.308,1.94669,1.94716,1.13,1.13
2012.01.10 15:48:59.896,1.94669,1.94716,1.88,1.13
2012.01.10 15:49:00.206,1.94685,1.94725,1.13,1.13
2012.01.10 15:49:00.585,1.94669,1.94716,1.13,1.13
2012.01.10 15:49:01.216,1.94678,1.9472,1.13,1.13
2012.01.10 15:49:01.289,1.94675,1.94718,1.13,1.13
2012.01.10 15:49:02.217,1.94673,1.94715,1.13,1.13
2012.01.10 15:49:02.770,1.94669,1.94711,1.13,1.13
2012.01.10 15:49:03.119,1.94667,1.94707,1.50,1.13
2012.01.10 15:49:03.874,1.94666,1.94707,1.13,1.13
2012.01.10 15:49:04.235,1.94659,1.94699,2.63,1.13
2012.01.10 15:49:04.378,1.94666,1.94708,1.13,1.13
2012.01.10 15:49:04.806,1.94664,1.94706,1.88,1.13
2012.01.10 15:49:04.886,1.94667,1.94714,1.13,1.13
2012.01.10 15:49:05.286,1.94669,1.94716,1.13,1.13
2012.01.10 15:49:05.626,1.94684,1.94726,1.13,2.63
2012.01.10 15:49:05.937,1.94684,1.94724,1.88,1.50
2012.01.10 15:49:06.005,1.94684,1.94726,1.88,1.13
2012.01.10 15:49:06.140,1.94689,1.94729,1.13,1.13
2012.01.10 15:49:06.499,1.94684,1.94726,1.88,1.13
2012.01.10 15:49:07.125,1.94689,1.94729,1.13,1.13
2012.01.10 15:49:07.376,1.9468,1.94724,1.13,1.13
2012.01.10 15:49:08.239,1.9468,1.94724,1.88,1.13
2012.01.10 15:49:08.752,1.94689,1.9473,1.47,1.13
2012.01.10 15:49:08.833,1.94702,1.94745,1.13,1.13
2012.01.10 15:49:08.915,1.94692,1.94742,1.47,1.13
2012.01.10 15:49:09.478,1.94693,1.94739,1.47,1.13
2012.01.10 15:49:09.905,1.94696,1.94741,1.13,1.13
2012.01.10 15:49:10.178,1.94702,1.94745,1.13,1.13
2012.01.10 15:49:10.731,1.94705,1.94745,1.84,1.13
2012.01.10 15:49:10.796,1.94721,1.94763,1.13,1.13
2012.01.10 15:49:10.927,1.94713,1.94756,1.50,1.13
2012.01.10 15:49:11.361,1.94722,1.94762,1.13,1.13
2012.01.10 15:49:11.488,1.9471,1.94756,1.50,1.13
2012.01.10 15:49:11.797,1.94722,1.94762,1.13,1.13
2012.01.10 15:49:12.116,1.94716,1.94756,1.13,1.13
2012.01.10 15:49:13.404,1.94711,1.94751,1.13,1.13
2012.01.10 15:49:13.708,1.94709,1.94751,1.13,1.13
2012.01.10 15:49:14.251,1.9471,1.9475,1.13,1.13
2012.01.10 15:49:14.441,1.9469,1.94732,1.13,1.13
2012.01.10 15:49:14.507,1.94692,1.94732,1.50,1.13
2012.01.10 15:49:14.666,1.94692,1.94742,2.63,1.13
2012.01.10 15:49:14.917,1.94692,1.94742,1.88,1.13
2012.01.10 15:49:15.343,1.94702,1.94745,1.13,1.13
2012.01.10 15:49:15.861,1.94751,1.94766,1.13,1.50
2012.01.10 15:49:15.995,1.94742,1.94804,1.50,1.50
2012.01.10 15:49:16.126,1.94742,1.94808,1.50,3.38
2012.01.10 15:49:16.262,1.94742,1.94808,1.50,3.38
2012.01.10 15:49:16.579,1.94742,1.94786,1.50,1.13
2012.01.10 15:49:16.649,1.94743,1.94792,1.13,1.13
2012.01.10 15:49:16.840,1.94726,1.94788,1.50,1.13
2012.01.10 15:49:16.969,1.94733,1.94788,1.50,1.13
2012.01.10 15:49:17.532,1.94724,1.94788,1.50,1.13
2012.01.10 15:49:17.875,1.94722,1.94788,1.13,2.63
2012.01.10 15:49:18.386,1.94724,1.94788,1.50,1.13
2012.01.10 15:49:18.703,1.94726,1.9479,1.13,1.50
2012.01.10 15:49:19.005,1.94727,1.94788,1.50,1.13
2012.01.10 15:49:19.135,1.94727,1.94793,2.63,2.63
2012.01.10 15:49:19.271,1.94727,1.94788,1.50,1.13
2012.01.10 15:49:19.588,1.94729,1.94788,1.50,1.13
2012.01.10 15:49:20.021,1.94722,1.94782,1.13,1.50
2012.01.10 15:49:20.105,1.94724,1.94775,1.13,1.13
2012.01.10 15:49:20.809,1.9473,1.94781,1.13,1.13
2012.01.10 15:49:21.651,1.94738,1.94786,1.13,1.50
2012.01.10 15:49:22.376,1.94738,1.94787,1.13,1.13
2012.01.10 15:49:22.831,1.94731,1.9478,1.13,1.13
2012.01.10 15:49:22.959,1.94743,1.94794,1.13,1.13
2012.01.10 15:49:23.840,1.94742,1.94793,1.13,1.13
2012.01.10 15:49:24.085,1.94738,1.94787,1.13,1.13
2012.01.10 15:49:24.530,1.94746,1.94794,1.13,1.50
2012.01.10 15:49:24.856,1.94744,1.94793,1.13,1.13
2012.01.10 15:49:26.076,1.94746,1.94795,1.13,1.13
2012.01.10 15:49:26.438,1.94744,1.94793,1.13,1.13
2012.01.10 15:49:27.578,1.94735,1.94785,1.13,1.13
2012.01.10 15:49:27.765,1.94733,1.9478,1.50,1.13
2012.01.10 15:49:29.189,1.94733,1.9478,2.25,1.13
2012.01.10 15:49:29.699,1.94734,1.9478,1.50,1.13
2012.01.10 15:49:29.984,1.94734,1.94785,2.63,1.13
2012.01.10 15:49:30.214,1.94737,1.94788,1.13,1.13
2012.01.10 15:49:30.538,1.9474,1.94791,1.13,1.13
2012.01.10 15:49:31.601,1.94744,1.94795,1.13,1.13
2012.01.10 15:49:31.908,1.94739,1.94789,1.50,1.13
2012.01.10 15:49:32.232,1.94742,1.94789,1.50,1.13
2012.01.10 15:49:32.380,1.94742,1.94796,1.50,1.13
2012.01.10 15:49:32.448,1.94742,1.94796,2.25,1.13
2012.01.10 15:49:32.787,1.94748,1.94797,1.13,1.13
2012.01.10 15:49:32.920,1.94744,1.94795,1.13,1.13
2012.01.10 15:49:33.046,1.94743,1.94785,1.50,1.13
2012.01.10 15:49:33.483,1.94741,1.94786,1.50,1.13
2012.01.10 15:49:33.552,1.94735,1.94786,1.88,1.13
2012.01.10 15:49:33.916,1.94734,1.94783,3.38,1.13
2012.01.10 15:49:35.251,1.94734,1.94783,2.63,1.13
2012.01.10 15:49:35.808,1.94725,1.94775,1.50,1.13
2012.01.10 15:49:35.939,1.9473,1.94781,1.13,1.13
2012.01.10 15:49:36.380,1.94725,1.94774,1.13,1.13
2012.01.10 15:49:36.568,1.94737,1.94788,1.13,1.13
2012.01.10 15:49:37.018,1.94743,1.94789,1.13,1.50
2012.01.10 15:49:37.476,1.94737,1.94788,1.13,1.13
2012.01.10 15:49:37.819,1.94728,1.94784,1.13,1.13
2012.01.10 15:49:38.127,1.9472,1.94782,1.84,1.13
2012.01.10 15:49:38.258,1.94727,1.94785,1.13,1.13
2012.01.10 15:49:39.426,1.94738,1.94786,1.13,1.50
2012.01.10 15:49:39.975,1.94738,1.94787,1.13,1.13
2012.01.10 15:49:40.475,1.94732,1.94782,1.13,1.13
2012.01.10 15:49:40.608,1.94737,1.94788,1.13,1.13
2012.01.10 15:49:50.660,1.94739,1.9479,1.13,1.13
2012.01.10 15:49:51.096,1.94738,1.94787,1.13,1.13
2012.01.10 15:49:53.418,1.94738,1.94782,1.13,1.50
2012.01.10 15:49:53.550,1.94718,1.94769,1.13,1.13
2012.01.10 15:49:53.736,1.94712,1.94762,1.50,1.13
2012.01.10 15:49:53.985,1.94718,1.94769,1.13,1.13
2012.01.10 15:49:56.130,1.94725,1.94774,1.13,1.13
2012.01.10 15:49:56.572,1.94719,1.94768,1.13,1.13
2012.01.10 15:49:59.138,1.94731,1.9478,1.13,1.13
2012.01.10 15:49:59.447,1.94728,1.94784,1.13,1.13
2012.01.10 15:50:01.550,1.94727,1.94784,1.13,1.13
2012.01.10 15:50:01.825,1.94743,1.94789,1.13,1.13
2012.01.10 15:50:02.036,1.94728,1.94784,1.50,1.13
2012.01.10 15:50:02.545,1.94727,1.94784,1.13,1.13
2012.01.10 15:50:03.078,1.94728,1.94784,1.13,1.13
2012.01.10 15:50:03.732,1.94728,1.94783,1.13,1.13
2012.01.10 15:50:06.070,1.94726,1.94777,1.13,1.88
2012.01.10 15:50:06.199,1.94726,1.94777,1.13,1.13
2012.01.10 15:50:06.331,1.94721,1.9477,2.63,1.13
2012.01.10 15:50:06.483,1.94721,1.94773,1.50,1.13
2012.01.10 15:50:06.778,1.94718,1.94773,1.50,1.13
2012.01.10 15:50:06.860,1.94718,1.94771,1.50,1.13
2012.01.10 15:50:07.480,1.94715,1.94771,4.13,1.13
2012.01.10 15:50:09.949,1.94721,1.94772,1.13,1.13
2012.01.10 15:50:10.261,1.94724,1.94775,1.13,1.13
2012.01.10 15:50:10.743,1.94723,1.94767,1.50,1.13
2012.01.10 15:50:10.946,1.94728,1.94784,1.13,1.13
2012.01.10 15:50:11.406,1.94737,1.94785,1.13,1.50
2012.01.10 15:50:11.551,1.94737,1.94788,1.13,1.13
2012.01.10 15:50:18.315,1.94733,1.94784,1.13,1.13
2012.01.10 15:50:18.772,1.94729,1.94777,1.50,1.13
2012.01.10 15:50:19.076,1.94727,1.94777,1.13,1.13
2012.01.10 15:50:22.590,1.94726,1.94777,1.13,1.13
2012.01.10 15:50:23.828,1.94725,1.94766,1.50,1.13
2012.01.10 15:50:23.960,1.9472,1.94766,1.50,1.13
2012.01.10 15:50:24.089,1.9472,1.9476,1.50,1.13
2012.01.10 15:50:24.279,1.94719,1.94772,2.25,1.13
2012.01.10 15:50:24.688,1.94719,1.9478,1.88,1.50
2012.01.10 15:50:25.263,1.94729,1.94792,1.50,1.13
2012.01.10 15:50:25.389,1.94729,1.94772,1.50,1.13
2012.01.10 15:50:25.749,1.9472,1.94772,2.25,1.13
2012.01.10 15:50:25.951,1.9472,1.94772,1.50,1.13
2012.01.10 15:50:26.205,1.9472,1.94772,2.25,1.13
2012.01.10 15:50:26.456,1.9472,1.94788,2.25,1.50
2012.01.10 15:50:26.524,1.94725,1.94791,2.25,1.50
2012.01.10 15:50:26.595,1.94725,1.94793,2.25,2.63
2012.01.10 15:50:26.727,1.94723,1.94791,1.50,2.25
2012.01.10 15:50:27.275,1.94721,1.94753,1.50,1.13
2012.01.10 15:50:27.352,1.94706,1.94753,1.88,1.13
2012.01.10 15:50:28.390,1.94708,1.94753,1.50,1.13
2012.01.10 15:50:28.791,1.94715,1.94757,1.13,1.13
2012.01.10 15:50:29.765,1.94709,1.94754,1.50,1.13
2012.01.10 15:50:29.836,1.94711,1.94754,1.50,1.13
2012.01.10 15:50:30.221,1.94709,1.94754,1.50,1.13
2012.01.10 15:50:30.809,1.94708,1.94754,1.50,1.13
2012.01.10 15:50:30.981,1.94706,1.94754,1.50,1.13
2012.01.10 15:50:31.979,1.94705,1.94754,1.13,1.13
2012.01.10 15:50:33.424,1.94706,1.94754,1.50,1.13
2012.01.10 15:50:33.868,1.94706,1.94754,2.25,1.13
2012.01.10 15:50:34.410,1.94706,1.94754,1.50,1.13
2012.01.10 15:50:34.634,1.94706,1.94754,2.25,1.13
2012.01.10 15:50:35.416,1.94708,1.94754,1.50,1.13
2012.01.10 15:50:35.634,1.94708,1.94754,2.25,1.13
2012.01.10 15:50:37.441,1.94705,1.94754,2.63,1.13
2012.01.10 15:50:38.045,1.94705,1.94754,1.88,1.13
2012.01.10 15:50:38.812,1.94705,1.94754,2.63,1.13
2012.01.10 15:50:39.720,1.94708,1.94754,1.50,1.13
2012.01.10 15:50:40.099,1.94708,1.94754,1.65,1.13
2012.01.10 15:50:40.183,1.94743,1.94789,1.13,1.50
2012.01.10 15:50:40.709,1.94753,1.94793,1.13,1.13
2012.01.10 15:50:41.219,1.94756,1.94803,1.13,1.13
2012.01.10 15:50:42.400,1.94756,1.94803,1.13,1.88
2012.01.10 15:50:42.707,1.9473,1.94779,1.13,1.13
2012.01.10 15:50:45.646,1.94742,1.94788,1.13,1.50
2012.01.10 15:50:45.718,1.94742,1.94791,1.13,1.13
2012.01.10 15:50:46.384,1.94742,1.9479,1.13,1.13
2012.01.10 15:50:46.455,1.94723,1.94774,1.44,1.13
2012.01.10 15:50:48.828,1.94721,1.94772,1.13,1.13
2012.01.10 15:50:48.954,1.94715,1.94771,1.88,1.13
2012.01.10 15:50:49.202,1.94731,1.94778,1.13,1.13
2012.01.10 15:50:49.630,1.94726,1.94768,1.13,1.13
2012.01.10 15:50:50.117,1.94726,1.94768,1.13,1.88
2012.01.10 15:50:50.718,1.9473,1.94771,1.13,1.88
2012.01.10 15:50:50.789,1.94727,1.94769,1.13,1.13
2012.01.10 15:50:56.432,1.94733,1.94776,1.13,1.13
2012.01.10 15:50:56.939,1.94741,1.94781,1.13,1.13
2012.01.10 15:50:57.562,1.94747,1.94787,1.13,1.13
2012.01.10 15:50:58.008,1.94752,1.94795,1.13,1.88
2012.01.10 15:50:58.083,1.94746,1.94788,1.13,1.88
2012.01.10 15:50:58.420,1.9474,1.94782,1.13,1.13
2012.01.10 15:50:58.548,1.9474,1.94782,1.13,1.88
2012.01.10 15:50:59.714,1.9474,1.94782,1.13,1.13
2012.01.10 15:51:00.930,1.9474,1.94782,1.13,1.88
2012.01.10 15:51:01.231,1.9474,1.94782,1.13,1.13
2012.01.10 15:51:01.891,1.9474,1.94782,1.13,1.88
2012.01.10 15:51:02.486,1.9474,1.94782,1.13,1.13
2012.01.10 15:51:04.139,1.9474,1.94782,1.13,1.88
2012.01.10 15:51:04.652,1.9474,1.94782,1.13,1.13
2012.01.10 15:51:04.897,1.94753,1.94794,1.13,1.88
2012.01.10 15:51:05.027,1.94743,1.94791,1.13,1.88
2012.01.10 15:51:05.373,1.94743,1.94791,1.47,1.88
2012.01.10 15:51:05.831,1.94753,1.94794,1.13,1.88
2012.01.10 15:51:07.599,1.94751,1.94793,1.13,1.88
2012.01.10 15:51:07.956,1.94753,1.94794,1.13,1.88
2012.01.10 15:51:09.510,1.94753,1.94794,1.13,1.13
2012.01.10 15:51:11.738,1.94753,1.94794,1.13,1.88
2012.01.10 15:51:11.930,1.94733,1.94776,1.13,1.88
2012.01.10 15:51:11.999,1.94733,1.94776,1.47,1.13
2012.01.10 15:51:12.127,1.94747,1.94787,1.13,1.13
2012.01.10 15:51:12.672,1.94743,1.94791,1.13,1.13
2012.01.10 15:51:12.740,1.94743,1.94791,1.13,1.88
2012.01.10 15:51:14.291,1.94743,1.94791,1.13,1.88
2012.01.10 15:51:14.865,1.94752,1.94795,1.13,1.88
2012.01.10 15:51:15.259,1.94752,1.94795,1.13,1.88
2012.01.10 15:51:15.402,1.94752,1.94795,1.13,1.88
2012.01.10 15:51:15.771,1.94752,1.94795,1.13,1.88
2012.01.10 15:51:20.299,1.9476,1.948,1.13,1.13
2012.01.10 15:51:20.424,1.94755,1.94804,1.13,1.88
2012.01.10 15:51:24.501,1.94755,1.94804,1.13,1.88
2012.01.10 15:51:24.669,1.94755,1.94804,1.13,1.88
2012.01.10 15:51:26.637,1.94754,1.94797,1.13,1.13
2012.01.10 15:51:26.790,1.94756,1.94803,1.13,1.13
2012.01.10 15:51:27.507,1.94756,1.94803,1.13,1.88
2012.01.10 15:51:31.461,1.94755,1.94803,1.13,1.88
2012.01.10 15:51:31.593,1.94755,1.948,1.13,1.13
2012.01.10 15:51:31.663,1.94765,1.94807,1.13,1.13
2012.01.10 15:51:33.125,1.94752,1.94795,1.13,1.13
2012.01.10 15:51:34.386,1.94751,1.94793,1.13,1.13
2012.01.10 15:51:34.875,1.94753,1.94794,1.13,1.13
2012.01.10 15:51:35.661,1.94753,1.94792,1.50,1.13
2012.01.10 15:51:36.008,1.94749,1.9479,1.50,1.13
2012.01.10 15:51:36.916,1.94746,1.94787,1.50,1.13
2012.01.10 15:51:37.425,1.94754,1.948,1.13,1.13
2012.01.10 15:51:38.077,1.94752,1.94796,1.13,1.13
2012.01.10 15:51:38.160,1.94752,1.94799,1.13,1.13
2012.01.10 15:51:39.506,1.94751,1.94797,1.13,1.13
2012.01.10 15:51:39.698,1.94753,1.94804,1.13,1.13
2012.01.10 15:51:40.404,1.94752,1.94795,1.13,1.13
2012.01.10 15:51:40.941,1.94751,1.94795,1.13,1.13
2012.01.10 15:51:41.483,1.94751,1.94795,1.13,1.88
2012.01.10 15:51:41.727,1.94741,1.94785,1.50,1.13
2012.01.10 15:51:41.976,1.94748,1.9479,1.13,1.13
2012.01.10 15:51:42.427,1.9475,1.94792,1.13,1.13
2012.01.10 15:51:42.501,1.94753,1.94804,1.13,1.13
2012.01.10 15:51:42.687,1.94752,1.948,1.13,1.13
2012.01.10 15:51:43.028,1.94753,1.94798,1.13,1.13
2012.01.10 15:51:43.660,1.94751,1.94797,1.13,1.13
2012.01.10 15:51:45.554,1.94756,1.948,1.13,1.13
2012.01.10 15:51:45.926,1.94745,1.94788,1.50,1.13
2012.01.10 15:51:46.186,1.9475,1.94794,1.13,1.13
2012.01.10 15:51:46.498,1.94744,1.94788,1.13,1.13
2012.01.10 15:51:46.888,1.9475,1.94794,1.13,1.13
2012.01.10 15:51:47.665,1.94744,1.94788,1.13,1.13
2012.01.10 15:51:48.027,1.94751,1.94793,1.13,1.13
2012.01.10 15:51:48.217,1.94744,1.94788,1.13,1.13
2012.01.10 15:51:53.658,1.94739,1.94779,1.84,1.13
2012.01.10 15:51:53.967,1.94739,1.94773,1.50,1.13
2012.01.10 15:51:54.099,1.94739,1.94778,1.50,1.13
2012.01.10 15:51:54.225,1.94733,1.94778,1.13,1.13
2012.01.10 15:51:54.968,1.94731,1.94773,1.47,1.13
2012.01.10 15:51:59.285,1.94729,1.94768,1.84,1.13
2012.01.10 15:51:59.587,1.94734,1.94768,1.50,1.13
2012.01.10 15:52:00.055,1.94734,1.94762,1.50,1.13
2012.01.10 15:52:00.135,1.94746,1.94789,1.13,1.13
2012.01.10 15:52:00.269,1.94736,1.94791,1.88,1.50
2012.01.10 15:52:00.337,1.94739,1.94795,1.50,1.50
2012.01.10 15:52:00.407,1.94755,1.94805,1.13,1.50
2012.01.10 15:52:00.937,1.94755,1.94806,1.13,1.13
2012.01.10 15:52:01.935,1.94754,1.94805,1.13,1.13
2012.01.10 15:52:02.704,1.94744,1.94774,1.50,1.13
2012.01.10 15:52:03.029,1.94754,1.94805,1.13,1.88
2012.01.10 15:52:03.707,1.9474,1.94775,1.50,1.13
2012.01.10 15:52:03.774,1.94733,1.94775,1.44,1.13
2012.01.10 15:52:03.908,1.94733,1.94775,1.13,1.13
2012.01.10 15:52:04.221,1.94727,1.94768,2.63,1.13
2012.01.10 15:52:05.337,1.94748,1.94788,1.13,1.50
2012.01.10 15:52:05.406,1.94748,1.9479,1.13,1.50
2012.01.10 15:52:05.478,1.94748,1.94799,1.13,1.13
2012.01.10 15:52:07.178,1.9475,1.94801,1.13,1.13
2012.01.10 15:52:08.977,1.94749,1.94798,1.13,1.13
2012.01.10 15:52:11.118,1.94749,1.94798,1.13,1.88
2012.01.10 15:52:14.729,1.94739,1.94795,1.13,1.88
2012.01.10 15:52:17.996,1.94748,1.94799,1.13,1.13
2012.01.10 15:52:18.729,1.94742,1.94792,1.13,1.13
2012.01.10 15:52:21.297,1.94737,1.94787,1.13,1.13
2012.01.10 15:52:22.390,1.94738,1.94786,1.13,1.13
2012.01.10 15:52:22.949,1.94736,1.94785,1.13,1.13
2012.01.10 15:52:23.034,1.94737,1.94787,1.13,1.13
2012.01.10 15:52:24.867,1.94737,1.94787,1.13,1.88
2012.01.10 15:52:25.480,1.94737,1.94787,1.13,1.13
2012.01.10 15:52:25.895,1.94737,1.94787,1.13,1.88
2012.01.10 15:52:27.106,1.94735,1.94786,2.63,1.88
2012.01.10 15:52:27.180,1.94737,1.94786,1.50,1.88
2012.01.10 15:52:27.252,1.94739,1.94795,1.13,1.13
2012.01.10 15:52:27.381,1.94749,1.94798,1.13,1.88
2012.01.10 15:52:27.860,1.9474,1.9478,1.13,1.13
2012.01.10 15:52:28.949,1.94736,1.94778,1.13,1.88
2012.01.10 15:52:29.022,1.94729,1.94773,1.13,1.13
2012.01.10 15:52:29.268,1.94736,1.94778,1.13,1.13
2012.01.10 15:52:29.857,1.94735,1.94777,1.13,1.13
2012.01.10 15:52:30.163,1.94739,1.94781,1.13,1.13
2012.01.10 15:52:33.006,1.94727,1.94768,1.13,1.13
2012.01.10 15:52:37.576,1.94725,1.94767,1.13,1.13
2012.01.10 15:52:38.086,1.94724,1.94766,1.13,1.13
2012.01.10 15:52:39.351,1.94726,1.94766,1.13,1.13
2012.01.10 15:52:42.332,1.94726,1.94766,1.13,1.88
2012.01.10 15:52:42.795,1.94722,1.94763,1.13,1.13
2012.01.10 15:52:42.868,1.94725,1.94767,1.13,1.13
2012.01.10 15:52:46.202,1.94727,1.94768,1.13,1.13
2012.01.10 15:52:47.707,1.94734,1.94774,1.13,1.13
2012.01.10 15:52:50.589,1.94732,1.94773,1.13,1.13
2012.01.10 15:52:54.876,1.94725,1.94767,1.13,1.13
2012.01.10 15:52:56.577,1.94727,1.94768,1.13,1.13
2012.01.10 15:52:57.646,1.94721,1.94755,1.50,1.13
2012.01.10 15:52:57.715,1.94715,1.94755,2.63,1.13
2012.01.10 15:52:58.086,1.94712,1.9475,1.50,1.13
2012.01.10 15:52:58.395,1.94703,1.94743,1.78,1.13
2012.01.10 15:53:00.869,1.94714,1.94754,1.13,1.13
2012.01.10 15:53:01.866,1.94712,1.94753,1.13,1.13
2012.01.10 15:53:02.627,1.94724,1.94766,1.13,1.88
2012.01.10 15:53:02.706,1.94724,1.94766,1.13,1.13
2012.01.10 15:53:02.898,1.94724,1.94766,1.47,1.13
2012.01.10 15:53:03.029,1.94734,1.94783,1.13,1.13
2012.01.10 15:53:03.276,1.94734,1.94783,1.13,1.88
2012.01.10 15:53:03.439,1.94734,1.94783,1.13,1.13
2012.01.10 15:53:05.005,1.94738,1.94783,1.50,1.13
2012.01.10 15:53:05.083,1.94734,1.94783,2.63,1.13
2012.01.10 15:53:05.265,1.94743,1.94791,1.13,1.13
2012.01.10 15:53:10.962,1.94736,1.94785,1.13,1.13
2012.01.10 15:53:11.380,1.94729,1.9478,1.13,1.13
2012.01.10 15:53:13.931,1.9473,1.9478,1.50,1.13
2012.01.10 15:53:14.581,1.94729,1.9478,1.13,1.13
2012.01.10 15:53:17.598,1.94734,1.9478,1.50,1.13
2012.01.10 15:53:17.669,1.94734,1.94782,1.50,1.13
2012.01.10 15:53:17.927,1.94738,1.94789,1.13,1.88
2012.01.10 15:53:18.677,1.94731,1.9478,1.50,1.13
2012.01.10 15:53:19.196,1.9474,1.94789,1.13,1.88
2012.01.10 15:53:19.267,1.9473,1.94779,1.13,1.13
2012.01.10 15:53:27.205,1.94735,1.94786,1.13,1.13
2012.01.10 15:53:28.056,1.94737,1.94787,1.13,1.13
2012.01.10 15:53:28.476,1.94736,1.94785,1.13,1.13
2012.01.10 15:53:29.866,1.94737,1.94787,1.13,1.13
2012.01.10 15:53:29.939,1.94735,1.94786,1.13,1.13
2012.01.10 15:53:32.175,1.94754,1.94795,1.13,2.25
2012.01.10 15:53:32.308,1.94754,1.94803,1.13,1.13
2012.01.10 15:53:32.441,1.94754,1.94803,1.13,1.88
2012.01.10 15:53:32.626,1.94738,1.94785,1.50,1.13
2012.01.10 15:53:32.946,1.94736,1.94785,1.13,1.13
2012.01.10 15:53:37.055,1.94734,1.94785,1.13,1.13
2012.01.10 15:53:37.440,1.94736,1.94785,1.13,1.13
2012.01.10 15:53:37.779,1.94729,1.9478,1.13,1.13
2012.01.10 15:53:40.546,1.94736,1.94785,1.13,1.13
2012.01.10 15:53:41.275,1.94735,1.94784,1.13,1.13
2012.01.10 15:53:41.347,1.94733,1.94784,1.13,1.13
2012.01.10 15:53:42.416,1.94734,1.94785,1.13,1.13
2012.01.10 15:53:47.905,1.94735,1.94786,1.13,1.13
2012.01.10 15:53:49.568,1.94737,1.94791,1.13,1.13
2012.01.10 15:53:50.352,1.94738,1.94791,1.13,1.13
2012.01.10 15:53:50.677,1.94746,1.94795,1.13,1.13
2012.01.10 15:53:51.016,1.94737,1.94791,1.13,1.13
2012.01.10 15:53:51.549,1.94738,1.94788,1.13,1.13
2012.01.10 15:53:52.027,1.94735,1.94786,1.13,1.13
2012.01.10 15:53:52.227,1.94744,1.94795,1.13,1.13
2012.01.10 15:53:52.539,1.94736,1.94785,1.13,1.13
2012.01.10 15:53:52.786,1.94738,1.94791,1.13,1.13
2012.01.10 15:53:53.386,1.94738,1.9479,1.13,1.13
2012.01.10 15:53:53.957,1.94738,1.94791,1.13,1.13
2012.01.10 15:53:54.291,1.94746,1.94795,1.13,1.13
2012.01.10 15:53:54.956,1.94751,1.94802,1.13,1.13
2012.01.10 15:53:55.902,1.94751,1.94801,1.13,1.13
2012.01.10 15:53:56.336,1.94751,1.94803,1.13,1.13
2012.01.10 15:53:56.955,1.94751,1.94802,1.13,1.13
2012.01.10 15:53:57.513,1.9475,1.94802,1.13,1.13
2012.01.10 15:53:58.299,1.9475,1.948,1.13,1.13
2012.01.10 15:53:58.956,1.9475,1.948,1.88,1.13
2012.01.10 15:54:02.672,1.9475,1.948,1.13,1.13
2012.01.10 15:54:04.131,1.94753,1.948,1.50,1.13
2012.01.10 15:54:04.439,1.94777,1.9482,1.13,1.13
2012.01.10 15:54:05.027,1.94764,1.948,1.50,1.13
2012.01.10 15:54:05.396,1.94761,1.948,1.50,1.13
2012.01.10 15:54:05.464,1.9475,1.948,1.13,1.13
2012.01.10 15:54:06.659,1.9475,1.948,1.88,1.13
2012.01.10 15:54:06.965,1.94777,1.94812,1.13,1.50
2012.01.10 15:54:07.048,1.94777,1.94816,1.13,1.50
2012.01.10 15:54:07.115,1.94777,1.9482,1.13,1.13
2012.01.10 15:54:07.428,1.94765,1.94801,1.50,1.13
2012.01.10 15:54:07.691,1.94762,1.94801,1.50,1.13
2012.01.10 15:54:07.758,1.94749,1.94801,1.13,1.13
2012.01.10 15:54:08.637,1.94749,1.94801,1.47,1.13
2012.01.10 15:54:08.947,1.948,1.94813,1.13,1.50
2012.01.10 15:54:09.494,1.94773,1.94817,1.13,1.50
2012.01.10 15:54:09.817,1.94773,1.94822,1.13,1.13
2012.01.10 15:54:09.951,1.9476,1.94803,1.50,1.13
2012.01.10 15:54:10.198,1.94761,1.9481,1.13,1.13
2012.01.10 15:54:10.505,1.94764,1.94817,1.13,2.25
2012.01.10 15:54:10.575,1.94764,1.94817,1.13,1.50
2012.01.10 15:54:11.008,1.94764,1.9482,1.13,1.13
2012.01.10 15:54:14.770,1.94764,1.9482,1.88,1.13
2012.01.10 15:54:14.896,1.94778,1.94824,1.13,1.50
2012.01.10 15:54:15.026,1.94778,1.94827,1.13,1.13
2012.01.10 15:54:19.534,1.94778,1.94826,1.13,1.50
2012.01.10 15:54:20.191,1.94778,1.94821,1.13,1.50
2012.01.10 15:54:20.986,1.94778,1.94819,1.13,1.50
2012.01.10 15:54:21.298,1.94776,1.94816,1.13,1.13
2012.01.10 15:54:24.198,1.9477,1.9481,1.13,1.13
2012.01.10 15:54:24.510,1.94763,1.94805,1.77,1.13
2012.01.10 15:54:24.641,1.94763,1.94805,1.58,1.13
2012.01.10 15:54:24.707,1.94776,1.94827,1.13,1.50
2012.01.10 15:54:25.230,1.94773,1.94822,1.13,1.13
2012.01.10 15:54:25.840,1.94775,1.9483,1.13,1.50
2012.01.10 15:54:26.231,1.94775,1.94834,1.13,1.50
2012.01.10 15:54:26.800,1.94775,1.94835,1.13,2.25
2012.01.10 15:54:27.389,1.94775,1.94834,1.13,1.50
2012.01.10 15:54:27.459,1.94775,1.94834,1.13,2.25
2012.01.10 15:54:27.707,1.94772,1.94823,1.13,1.13
2012.01.10 15:54:27.895,1.94775,1.9483,1.13,1.50
2012.01.10 15:54:28.538,1.94775,1.94833,1.13,3.00
2012.01.10 15:54:29.425,1.94775,1.94835,1.13,2.25
2012.01.10 15:54:30.164,1.94775,1.94834,1.13,1.50
2012.01.10 15:54:30.547,1.94775,1.94838,1.13,1.50
2012.01.10 15:54:31.065,1.94775,1.94835,1.13,1.50
2012.01.10 15:54:31.713,1.94775,1.94834,1.13,1.50
2012.01.10 15:54:32.107,1.94775,1.94831,1.13,1.50
2012.01.10 15:54:32.745,1.94775,1.94833,1.13,1.50
2012.01.10 15:54:33.331,1.94775,1.94835,1.13,1.50
2012.01.10 15:54:33.958,1.94769,1.94835,1.50,2.25
2012.01.10 15:54:34.030,1.94766,1.94831,1.13,1.50
2012.01.10 15:54:34.752,1.94766,1.94829,1.13,1.50
2012.01.10 15:54:36.290,1.94766,1.94828,1.13,1.50
2012.01.10 15:54:39.303,1.94766,1.94825,1.13,1.50
2012.01.10 15:54:39.507,1.94768,1.94836,1.50,2.25
2012.01.10 15:54:39.965,1.94774,1.9484,1.50,2.25
2012.01.10 15:54:40.579,1.94771,1.94838,1.50,2.25
2012.01.10 15:54:41.302,1.9477,1.94838,1.50,2.25
2012.01.10 15:54:42.211,1.9477,1.94838,1.50,1.50
2012.01.10 15:54:42.339,1.94773,1.94841,1.50,2.63
2012.01.10 15:54:42.650,1.94776,1.94841,1.13,1.50
2012.01.10 15:54:43.091,1.94778,1.94842,1.50,1.13
2012.01.10 15:54:43.540,1.94778,1.94837,1.50,1.13
2012.01.10 15:54:43.719,1.94775,1.94837,1.50,2.63
2012.01.10 15:54:43.785,1.94771,1.94837,1.50,2.63
2012.01.10 15:54:44.391,1.94773,1.94837,1.50,1.13
2012.01.10 15:54:46.397,1.94773,1.94837,1.50,1.88
2012.01.10 15:54:46.589,1.94767,1.9483,1.50,1.13
2012.01.10 15:54:47.418,1.94765,1.9483,3.00,1.13
2012.01.10 15:54:49.855,1.94767,1.9483,1.50,1.13
2012.01.10 15:54:50.849,1.94765,1.9483,1.50,1.13
2012.01.10 15:54:51.812,1.94767,1.9483,1.50,1.13
2012.01.10 15:54:52.365,1.94764,1.9483,2.63,1.13
2012.01.10 15:54:54.406,1.94767,1.9483,1.50,1.13
2012.01.10 15:54:55.090,1.9477,1.9483,1.50,1.13
2012.01.10 15:54:55.158,1.94768,1.9483,1.50,1.13
2012.01.10 15:54:55.660,1.94769,1.9483,1.50,1.13
2012.01.10 15:54:56.332,1.94768,1.9483,1.50,1.13
2012.01.10 15:54:57.425,1.94765,1.9483,1.50,1.13
2012.01.10 15:54:58.376,1.94765,1.9483,1.50,1.88
2012.01.10 15:54:58.450,1.94765,1.9483,2.25,1.13
2012.01.10 15:54:58.519,1.94768,1.94829,1.50,1.50
2012.01.10 15:54:58.828,1.94784,1.94835,1.13,1.13
2012.01.10 15:55:07.039,1.94775,1.94831,1.13,1.13
2012.01.10 15:55:08.952,1.94774,1.94828,1.13,1.13
2012.01.10 15:55:09.027,1.94777,1.94832,1.13,1.13
2012.01.10 15:55:09.164,1.94785,1.94834,1.13,2.25
2012.01.10 15:55:09.530,1.94785,1.94834,1.13,3.38
2012.01.10 15:55:09.600,1.94775,1.94831,1.13,1.88
2012.01.10 15:55:10.436,1.94775,1.94831,1.13,1.13
2012.01.10 15:55:10.566,1.94784,1.94832,1.13,1.50
2012.01.10 15:55:10.920,1.94784,1.94835,1.13,1.88
2012.01.10 15:55:11.227,1.94775,1.94816,1.13,1.13
2012.01.10 15:55:11.361,1.94766,1.9481,1.50,1.13
2012.01.10 15:55:11.761,1.94759,1.9481,1.13,1.13
2012.01.10 15:55:13.647,1.9476,1.9481,2.22,1.13
2012.01.10 15:55:14.207,1.94811,1.9484,1.13,2.25
2012.01.10 15:55:14.283,1.94775,1.94816,1.13,1.13
2012.01.10 15:55:14.489,1.94785,1.94834,1.13,1.13
2012.01.10 15:55:14.556,1.94785,1.94832,1.13,1.50
2012.01.10 15:55:14.904,1.94766,1.94809,1.82,1.13
2012.01.10 15:55:14.975,1.94766,1.94809,1.50,1.13
2012.01.10 15:55:15.105,1.9476,1.94809,1.13,1.13
2012.01.10 15:55:16.380,1.9476,1.94809,1.50,1.13
2012.01.10 15:55:16.834,1.9476,1.94809,1.44,1.13
2012.01.10 15:55:16.914,1.9476,1.94809,1.44,1.13
2012.01.10 15:55:17.037,1.9476,1.94809,1.13,1.13
2012.01.10 15:55:17.167,1.94763,1.94826,1.13,1.50
2012.01.10 15:55:17.237,1.94763,1.94829,2.63,1.50
2012.01.10 15:55:17.515,1.94763,1.94827,1.13,1.50
2012.01.10 15:55:17.877,1.94763,1.94825,1.13,1.50
2012.01.10 15:55:18.056,1.94763,1.94829,2.63,1.50
2012.01.10 15:55:18.637,1.94763,1.94829,2.97,1.50
2012.01.10 15:55:19.176,1.94811,1.94829,1.13,1.50
2012.01.10 15:55:19.254,1.94766,1.94829,1.07,1.50
2012.01.10 15:55:19.382,1.94784,1.94832,1.13,1.50
2012.01.10 15:55:19.687,1.94784,1.94834,1.13,1.50
2012.01.10 15:55:20.103,1.94784,1.94832,1.13,1.50
2012.01.10 15:55:20.768,1.94784,1.9483,1.13,1.50
2012.01.10 15:55:21.286,1.94784,1.94831,1.13,1.50
2012.01.10 15:55:23.128,1.94784,1.94829,1.13,1.50
2012.01.10 15:55:23.578,1.94802,1.94829,1.13,1.50
2012.01.10 15:55:23.709,1.9479,1.94829,1.13,1.50
2012.01.10 15:55:23.837,1.9479,1.94838,1.13,1.13
2012.01.10 15:55:24.424,1.9479,1.94837,1.13,2.25
2012.01.10 15:55:24.490,1.94775,1.94831,1.74,1.13
2012.01.10 15:55:24.559,1.94775,1.94831,1.13,1.13
2012.01.10 15:55:24.686,1.9479,1.94838,1.13,1.13
2012.01.10 15:55:25.667,1.94799,1.94841,1.13,2.63
2012.01.10 15:55:26.854,1.94798,1.9484,1.13,1.13
2012.01.10 15:55:27.039,1.94786,1.94829,1.13,1.13
2012.01.10 15:55:28.106,1.94799,1.94841,1.13,1.13
2012.01.10 15:55:28.419,1.94799,1.94841,1.47,1.13
2012.01.10 15:55:28.667,1.94797,1.94846,1.13,1.13
2012.01.10 15:55:28.736,1.94797,1.94846,1.13,1.88
2012.01.10 15:55:28.950,1.94797,1.94846,1.13,1.13
2012.01.10 15:55:29.141,1.94797,1.94846,1.13,1.88
2012.01.10 15:55:29.769,1.94802,1.94853,1.13,1.13
2012.01.10 15:55:30.055,1.94802,1.94851,1.13,1.50
2012.01.10 15:55:30.394,1.94802,1.94851,1.47,1.50
2012.01.10 15:55:30.700,1.94829,1.94851,1.13,1.50
2012.01.10 15:55:30.771,1.94793,1.94835,1.74,1.13
2012.01.10 15:55:31.137,1.94793,1.94835,1.13,1.13
2012.01.10 15:55:31.329,1.94796,1.94847,1.13,1.13
2012.01.10 15:55:31.814,1.94803,1.94852,1.13,1.13
2012.01.10 15:55:33.049,1.94803,1.94852,1.47,1.13
2012.01.10 15:55:33.359,1.9483,1.94858,1.13,1.50
2012.01.10 15:55:33.964,1.94803,1.94852,1.44,1.13
2012.01.10 15:55:34.035,1.94814,1.94852,1.50,1.13
2012.01.10 15:55:34.327,1.94803,1.94852,1.13,1.13
2012.01.10 15:55:38.076,1.94803,1.94852,1.47,1.13
2012.01.10 15:55:38.388,1.9483,1.94871,1.13,1.13
2012.01.10 15:55:38.876,1.94812,1.94853,1.50,1.13
2012.01.10 15:55:38.947,1.94802,1.94853,1.78,1.13
2012.01.10 15:55:39.022,1.94802,1.94853,1.13,1.13
2012.01.10 15:55:41.502,1.94803,1.94853,1.50,1.13
2012.01.10 15:55:42.758,1.94802,1.94853,1.13,1.13
2012.01.10 15:55:45.356,1.94802,1.94853,1.47,1.13
2012.01.10 15:55:45.752,1.94829,1.94867,1.13,2.25
2012.01.10 15:55:45.820,1.94801,1.94835,1.50,1.13
2012.01.10 15:55:45.945,1.94798,1.94835,1.50,1.13
2012.01.10 15:55:46.015,1.94793,1.94835,1.13,1.13
2012.01.10 15:55:47.347,1.94806,1.94835,1.84,1.13
2012.01.10 15:55:47.596,1.9483,1.94858,1.13,1.50
2012.01.10 15:55:47.906,1.94802,1.94853,1.13,1.13
2012.01.10 15:55:50.705,1.9483,1.94862,1.13,1.50
2012.01.10 15:55:50.955,1.9483,1.94871,1.13,1.88
2012.01.10 15:55:51.296,1.9483,1.94871,1.13,1.13
2012.01.10 15:55:51.489,1.9482,1.94865,1.50,1.13
2012.01.10 15:55:51.690,1.94814,1.94862,1.13,1.50
2012.01.10 15:55:51.818,1.94798,1.94856,1.13,1.88
2012.01.10 15:55:51.890,1.94802,1.94853,1.13,1.13
2012.01.10 15:55:52.350,1.94799,1.94853,1.13,1.50
2012.01.10 15:55:52.695,1.94799,1.94848,1.13,1.50
2012.01.10 15:55:53.265,1.94799,1.94845,1.13,1.50
2012.01.10 15:55:53.796,1.94796,1.94845,1.13,1.50
2012.01.10 15:55:53.926,1.94796,1.94847,1.13,1.13
2012.01.10 15:55:54.454,1.94796,1.94847,1.13,3.38
2012.01.10 15:55:55.232,1.94823,1.94866,1.13,1.88
2012.01.10 15:55:55.418,1.94802,1.94846,1.50,1.13
2012.01.10 15:55:55.955,1.94799,1.94846,1.50,1.13
2012.01.10 15:55:56.031,1.94797,1.94846,1.13,1.13
2012.01.10 15:55:57.377,1.94823,1.94847,1.13,1.50
2012.01.10 15:55:57.707,1.94823,1.94845,1.13,2.25
2012.01.10 15:55:57.782,1.94786,1.94829,1.13,1.13
2012.01.10 15:55:59.072,1.94797,1.94837,1.13,1.50
2012.01.10 15:55:59.137,1.94797,1.9484,1.13,1.50
2012.01.10 15:55:59.207,1.94797,1.94846,1.13,1.13
2012.01.10 15:56:01.711,1.948,1.94846,1.50,1.13
2012.01.10 15:56:02.015,1.94823,1.94866,1.13,3.38
2012.01.10 15:56:02.085,1.948,1.94847,1.50,1.13
2012.01.10 15:56:02.450,1.94797,1.94845,1.50,1.50
2012.01.10 15:56:02.988,1.94796,1.94847,1.13,2.63
2012.01.10 15:56:03.182,1.94796,1.94847,1.13,1.88
2012.01.10 15:56:03.749,1.94796,1.94844,1.13,1.50
2012.01.10 15:56:05.322,1.94811,1.94844,1.13,1.50
2012.01.10 15:56:09.247,1.9481,1.94852,1.13,3.38
2012.01.10 15:56:10.868,1.94811,1.94852,1.13,2.25
2012.01.10 15:56:11.176,1.94797,1.94846,1.13,1.88
2012.01.10 15:56:11.426,1.94793,1.94844,1.13,1.88
2012.01.10 15:56:11.764,1.94796,1.94847,1.13,1.88
2012.01.10 15:56:12.527,1.94798,1.94844,1.13,1.50
2012.01.10 15:56:12.915,1.94797,1.94846,1.13,2.63
2012.01.10 15:56:14.161,1.94797,1.94846,1.13,3.38
2012.01.10 15:56:14.410,1.94802,1.94852,1.13,1.50
2012.01.10 15:56:14.859,1.94807,1.94852,1.13,1.50
2012.01.10 15:56:15.376,1.94807,1.94858,1.13,3.38
2012.01.10 15:56:15.908,1.94808,1.94854,1.13,2.25
2012.01.10 15:56:16.038,1.94798,1.94854,1.13,2.25
2012.01.10 15:56:16.291,1.94799,1.94852,1.13,1.13
2012.01.10 15:56:16.756,1.94799,1.94852,1.13,1.88
2012.01.10 15:56:17.598,1.94798,1.94852,1.13,1.88
2012.01.10 15:56:18.045,1.94799,1.94852,1.13,1.13
2012.01.10 15:56:20.257,1.94799,1.94849,1.13,1.50
2012.01.10 15:56:21.129,1.94799,1.94852,1.13,2.63
2012.01.10 15:56:21.968,1.94799,1.94852,1.13,1.88
2012.01.10 15:56:22.518,1.94808,1.94855,1.13,2.25
2012.01.10 15:56:22.937,1.94808,1.94857,1.13,1.88
2012.01.10 15:56:23.194,1.94799,1.94851,1.13,1.88
2012.01.10 15:56:23.916,1.94799,1.94851,1.13,1.13
2012.01.10 15:56:24.355,1.94799,1.94851,1.13,1.88
2012.01.10 15:56:25.124,1.94799,1.94851,1.13,1.13
2012.01.10 15:56:25.690,1.94814,1.94854,1.13,1.50
2012.01.10 15:56:26.193,1.94807,1.94858,1.13,1.88
2012.01.10 15:56:26.261,1.94797,1.94851,1.13,1.88
2012.01.10 15:56:27.157,1.94789,1.9484,1.13,1.13
2012.01.10 15:56:29.141,1.94789,1.94843,1.13,1.13
2012.01.10 15:56:29.375,1.94789,1.94847,1.13,1.88
2012.01.10 15:56:29.868,1.9479,1.94847,1.50,1.13
2012.01.10 15:56:30.138,1.94788,1.94833,1.50,1.13
2012.01.10 15:56:30.677,1.94789,1.94833,1.50,1.13
2012.01.10 15:56:30.752,1.94782,1.94833,2.63,1.13
2012.01.10 15:56:32.546,1.94784,1.94833,1.50,1.13
2012.01.10 15:56:32.938,1.94784,1.94824,1.50,1.13
2012.01.10 15:56:33.006,1.94784,1.94826,1.50,1.13
2012.01.10 15:56:33.395,1.94784,1.94831,1.50,1.13
2012.01.10 15:56:33.473,1.94784,1.94824,1.50,1.13
2012.01.10 15:56:33.542,1.94782,1.94824,1.50,1.13
2012.01.10 15:56:34.038,1.94782,1.94826,1.50,1.13
2012.01.10 15:56:34.105,1.94782,1.94831,2.63,1.13
2012.01.10 15:56:35.651,1.94783,1.94831,1.50,1.13
2012.01.10 15:56:35.909,1.94783,1.94818,1.50,1.13
2012.01.10 15:56:36.097,1.94783,1.94822,1.50,1.13
2012.01.10 15:56:36.167,1.94772,1.94822,1.50,1.13
2012.01.10 15:56:36.238,1.94772,1.9482,1.50,1.13
2012.01.10 15:56:36.311,1.9478,1.9483,1.13,1.13
2012.01.10 15:56:36.438,1.94769,1.94819,1.50,1.13
2012.01.10 15:56:36.784,1.94769,1.94813,1.50,1.13
2012.01.10 15:56:36.849,1.94769,1.94816,1.50,1.13
2012.01.10 15:56:36.919,1.94764,1.94816,2.63,1.13
2012.01.10 15:56:37.313,1.94764,1.9482,2.63,1.13
2012.01.10 15:56:37.388,1.94761,1.94812,1.44,1.13
2012.01.10 15:56:37.725,1.94757,1.94809,1.82,1.13
2012.01.10 15:56:38.353,1.94758,1.94809,1.82,1.13
2012.01.10 15:56:38.684,1.94758,1.94807,1.82,1.13
2012.01.10 15:56:39.230,1.94758,1.94805,1.82,1.13
2012.01.10 15:56:39.548,1.94756,1.94803,1.82,1.13
2012.01.10 15:56:40.417,1.94753,1.94809,2.94,1.13
2012.01.10 15:56:40.549,1.94761,1.94812,1.44,1.13
2012.01.10 15:56:41.540,1.94751,1.94794,1.44,1.13
2012.01.10 15:56:43.756,1.9477,1.94813,1.13,1.13
2012.01.10 15:56:44.083,1.94768,1.948,1.50,1.13
2012.01.10 15:56:44.217,1.94759,1.948,1.44,1.13
2012.01.10 15:56:44.290,1.94755,1.94793,1.50,1.13
2012.01.10 15:56:44.432,1.94734,1.94783,1.07,1.13
2012.01.10 15:56:44.499,1.94734,1.94779,1.07,1.13
2012.01.10 15:56:44.929,1.94733,1.94784,1.44,1.13
2012.01.10 15:56:45.079,1.94738,1.94787,1.13,1.13
2012.01.10 15:56:47.423,1.94729,1.94776,1.82,1.13
2012.01.10 15:56:47.928,1.94736,1.94776,1.50,1.13
2012.01.10 15:56:47.999,1.94736,1.94782,1.50,1.13
2012.01.10 15:56:48.629,1.94732,1.94776,1.82,1.13
2012.01.10 15:56:49.738,1.94728,1.94776,1.82,1.13
2012.01.10 15:56:50.781,1.94733,1.94776,1.07,1.13
2012.01.10 15:56:50.854,1.94733,1.94784,1.07,1.13
2012.01.10 15:56:53.417,1.94739,1.94788,2.25,1.13
2012.01.10 15:56:53.490,1.94743,1.94794,1.88,1.13
2012.01.10 15:56:53.739,1.94743,1.94794,1.13,1.13
2012.01.10 15:56:54.581,1.94743,1.94794,1.47,1.13
2012.01.10 15:56:56.147,1.94744,1.94794,2.59,1.13
2012.01.10 15:56:56.300,1.94744,1.94794,1.50,1.13
2012.01.10 15:56:56.627,1.94749,1.94794,1.50,1.13
2012.01.10 15:56:57.297,1.94752,1.94794,1.50,1.13
2012.01.10 15:56:57.425,1.94746,1.94795,1.50,1.13
2012.01.10 15:56:57.558,1.94748,1.94797,1.13,1.13
2012.01.10 15:56:58.516,1.94744,1.94793,1.13,1.13
2012.01.10 15:56:59.605,1.94737,1.94788,2.63,1.13
2012.01.10 15:56:59.685,1.94744,1.94793,1.13,1.13
2012.01.10 15:57:00.258,1.94737,1.94788,1.13,1.13
2012.01.10 15:57:03.559,1.94744,1.94793,1.13,1.13
2012.01.10 15:57:03.890,1.94733,1.94782,1.88,1.13
2012.01.10 15:57:04.421,1.94734,1.94783,1.88,1.13
2012.01.10 15:57:04.700,1.94738,1.94787,1.13,1.13
2012.01.10 15:57:04.990,1.94743,1.94794,1.13,1.13
2012.01.10 15:57:05.131,1.94742,1.94782,1.50,1.13
2012.01.10 15:57:06.077,1.94739,1.94787,1.50,1.13
2012.01.10 15:57:06.151,1.94739,1.94784,1.50,1.13
2012.01.10 15:57:06.218,1.94738,1.94787,1.13,1.13
2012.01.10 15:57:07.405,1.9474,1.94787,1.50,1.13
2012.01.10 15:57:07.730,1.94743,1.94794,1.13,1.13
2012.01.10 15:57:08.928,1.94739,1.94784,1.50,1.13
2012.01.10 15:57:09.714,1.94736,1.94784,1.50,1.13
2012.01.10 15:57:10.755,1.94735,1.94784,1.50,1.13
2012.01.10 15:57:11.935,1.94735,1.94784,2.25,1.13
2012.01.10 15:57:12.456,1.94739,1.94784,1.50,1.13
2012.01.10 15:57:12.973,1.94739,1.94783,2.25,1.13
2012.01.10 15:57:13.400,1.94746,1.94805,1.50,1.13
2012.01.10 15:57:13.608,1.9474,1.94805,1.50,1.13
2012.01.10 15:57:13.762,1.94743,1.94805,1.50,1.13
2012.01.10 15:57:15.955,1.94741,1.94785,1.50,1.13
2012.01.10 15:57:16.168,1.94739,1.94785,1.50,1.13
2012.01.10 15:57:16.236,1.94744,1.94785,1.50,1.13
2012.01.10 15:57:16.305,1.94741,1.94785,1.50,1.13
2012.01.10 15:57:16.374,1.94737,1.94785,1.50,1.13
2012.01.10 15:57:16.618,1.94744,1.94793,1.13,1.13
2012.01.10 15:57:20.456,1.94734,1.9478,1.50,1.13
2012.01.10 15:57:20.767,1.94743,1.94794,1.13,1.13
2012.01.10 15:57:21.290,1.94738,1.94787,1.13,1.13
2012.01.10 15:57:23.399,1.94744,1.94793,1.13,1.13
2012.01.10 15:57:23.886,1.94739,1.94788,1.13,1.13
2012.01.10 15:57:24.276,1.94744,1.94793,1.13,1.13
2012.01.10 15:57:27.349,1.94749,1.94798,1.13,1.13
2012.01.10 15:57:27.417,1.94743,1.94794,1.13,1.13
2012.01.10 15:57:27.750,1.94744,1.94795,1.13,1.88
2012.01.10 15:57:28.061,1.94739,1.94773,1.82,1.13
2012.01.10 15:57:28.531,1.94726,1.94775,1.13,1.13
2012.01.10 15:57:28.604,1.9472,1.94771,1.50,1.13
2012.01.10 15:57:28.671,1.9472,1.94769,1.50,1.13
2012.01.10 15:57:28.800,1.94714,1.94769,2.25,1.13
2012.01.10 15:57:28.991,1.94706,1.94759,1.82,1.13
2012.01.10 15:57:29.118,1.94706,1.94764,1.82,1.13
2012.01.10 15:57:29.193,1.94706,1.94766,1.82,1.13
2012.01.10 15:57:29.392,1.94706,1.94768,1.82,1.13
2012.01.10 15:57:29.516,1.94705,1.9477,2.57,1.13
2012.01.10 15:57:29.711,1.94713,1.9477,1.07,1.13
2012.01.10 15:57:30.118,1.94707,1.94768,1.82,1.13
2012.01.10 15:57:30.201,1.94707,1.94769,1.50,1.13
2012.01.10 15:57:30.519,1.94702,1.94762,2.25,1.13
2012.01.10 15:57:30.839,1.94704,1.94752,2.25,1.13
2012.01.10 15:57:31.087,1.94709,1.94764,2.25,1.13
2012.01.10 15:57:36.070,1.94707,1.94766,2.25,1.13
2012.01.10 15:57:36.139,1.94707,1.94772,2.25,1.13
2012.01.10 15:57:36.218,1.94707,1.94772,2.25,1.13
2012.01.10 15:57:36.290,1.94709,1.94769,2.25,1.13
2012.01.10 15:57:36.651,1.94712,1.94763,2.25,1.13
2012.01.10 15:57:36.834,1.94712,1.94769,2.25,1.13
2012.01.10 15:57:39.749,1.94705,1.94769,2.25,1.13
2012.01.10 15:57:39.938,1.94705,1.94753,2.25,1.13
2012.01.10 15:57:40.007,1.94705,1.9477,2.25,1.13
2012.01.10 15:57:40.402,1.94705,1.94762,2.25,1.13
2012.01.10 15:57:40.468,1.94705,1.94769,2.25,1.13
2012.01.10 15:57:40.597,1.94708,1.94769,1.50,1.13
2012.01.10 15:57:40.905,1.94708,1.94762,2.25,1.13
2012.01.10 15:57:40.976,1.94708,1.94766,2.25,1.13
2012.01.10 15:57:41.546,1.94706,1.94765,2.25,1.13
2012.01.10 15:57:43.178,1.94706,1.94761,2.25,1.13
2012.01.10 15:57:43.255,1.94711,1.94764,2.25,1.13
2012.01.10 15:57:43.479,1.94711,1.94765,1.50,1.13
2012.01.10 15:57:43.548,1.94711,1.94757,1.50,1.13
2012.01.10 15:57:43.857,1.94711,1.94758,2.25,1.13
2012.01.10 15:57:43.927,1.94708,1.94758,1.50,1.13
2012.01.10 15:57:43.999,1.94702,1.94758,2.25,1.13
2012.01.10 15:57:44.076,1.94702,1.94758,2.25,1.13
2012.01.10 15:57:47.801,1.94705,1.94758,2.25,1.13
2012.01.10 15:57:47.896,1.94705,1.94758,1.50,1.13
2012.01.10 15:57:48.131,1.94705,1.94761,1.50,1.13
2012.01.10 15:57:48.194,1.94705,1.94759,1.50,1.13
2012.01.10 15:57:48.489,1.94702,1.94759,1.50,1.13
2012.01.10 15:57:48.563,1.94702,1.94761,1.50,1.13
2012.01.10 15:57:48.628,1.94705,1.94761,1.50,1.13
2012.01.10 15:57:49.158,1.947,1.94761,1.50,1.13
2012.01.10 15:57:49.322,1.947,1.94761,2.25,1.13
2012.01.10 15:57:49.713,1.947,1.94756,2.25,1.13
2012.01.10 15:57:50.764,1.94701,1.94758,2.25,1.13
2012.01.10 15:57:52.074,1.94701,1.94758,1.50,1.13
2012.01.10 15:57:52.139,1.94701,1.9476,1.50,1.13
2012.01.10 15:57:52.471,1.94713,1.94762,1.88,1.13
2012.01.10 15:57:52.659,1.94713,1.94762,1.13,1.13
2012.01.10 15:57:53.013,1.94715,1.94762,1.50,1.13
2012.01.10 15:57:53.765,1.94719,1.94762,1.50,1.13
2012.01.10 15:57:53.836,1.94714,1.94762,1.50,1.13
2012.01.10 15:57:55.049,1.94713,1.94762,1.13,1.13
2012.01.10 15:57:55.559,1.94712,1.94761,1.13,1.13
2012.01.10 15:57:55.632,1.94712,1.94761,1.88,1.13
2012.01.10 15:57:55.938,1.94708,1.94754,2.25,1.13
2012.01.10 15:57:56.420,1.94708,1.94754,1.50,1.13
2012.01.10 15:57:56.571,1.94704,1.94754,2.25,1.13
2012.01.10 15:57:56.967,1.94707,1.94757,1.50,1.13
2012.01.10 15:57:57.396,1.9471,1.94761,1.13,1.13
2012.01.10 15:57:57.838,1.94712,1.94761,1.13,1.13
2012.01.10 15:57:58.393,1.94713,1.94762,1.88,1.13
2012.01.10 15:57:58.703,1.94713,1.94762,1.13,1.13
2012.01.10 15:57:59.198,1.94713,1.94762,1.88,1.13
2012.01.10 15:57:59.332,1.94719,1.94769,1.13,1.13
2012.01.10 15:57:59.397,1.94719,1.94769,1.88,1.13
2012.01.10 15:57:59.529,1.94726,1.94775,1.13,1.13
2012.01.10 15:57:59.720,1.94726,1.94775,1.88,1.13
2012.01.10 15:57:59.790,1.94732,1.94781,1.88,1.13
2012.01.10 15:58:00.248,1.94725,1.94776,1.88,1.13
2012.01.10 15:58:00.580,1.94715,1.94762,1.07,1.13
2012.01.10 15:58:00.903,1.94713,1.94762,1.13,1.13
2012.01.10 15:58:01.122,1.94713,1.94762,1.88,1.13
2012.01.10 15:58:01.487,1.94713,1.94762,1.13,1.13
2012.01.10 15:58:01.980,1.94715,1.94768,1.88,1.13
2012.01.10 15:58:02.474,1.94732,1.94777,1.13,1.50
2012.01.10 15:58:02.544,1.94732,1.94781,1.13,1.13
2012.01.10 15:58:02.622,1.94733,1.94781,1.09,1.13
2012.01.10 15:58:02.868,1.9474,1.94793,1.88,1.13
2012.01.10 15:58:02.940,1.9475,1.94794,1.50,1.13
2012.01.10 15:58:03.248,1.9475,1.94781,1.50,1.13
2012.01.10 15:58:03.557,1.94746,1.94773,1.50,1.13
2012.01.10 15:58:03.629,1.94719,1.94773,1.82,1.13
2012.01.10 15:58:03.697,1.94727,1.94782,1.13,1.13
2012.01.10 15:58:04.106,1.94726,1.94775,1.13,1.13
2012.01.10 15:58:15.287,1.94744,1.94784,1.13,1.50
2012.01.10 15:58:15.418,1.94744,1.94795,1.13,1.13
2012.01.10 15:58:15.488,1.94739,1.94779,1.50,1.13
2012.01.10 15:58:15.737,1.94737,1.94779,1.13,1.13
2012.01.10 15:58:16.503,1.94737,1.94779,1.88,1.13
2012.01.10 15:58:16.891,1.94741,1.9479,1.07,1.13
2012.01.10 15:58:16.967,1.94747,1.94796,1.13,1.13
2012.01.10 15:58:17.551,1.94741,1.94789,1.82,1.13
2012.01.10 15:58:17.679,1.94741,1.94791,1.50,1.13
2012.01.10 15:58:17.744,1.94744,1.94791,1.50,1.13
2012.01.10 15:58:17.938,1.94747,1.94796,1.13,1.13
2012.01.10 15:58:18.240,1.94744,1.94778,1.50,1.13
2012.01.10 15:58:18.695,1.94726,1.94766,1.13,1.13
2012.01.10 15:58:19.072,1.94724,1.9476,1.50,1.13
2012.01.10 15:58:19.247,1.94721,1.9476,1.50,1.13
2012.01.10 15:58:19.800,1.9472,1.9476,1.13,1.13
2012.01.10 15:58:19.991,1.9472,1.9476,1.88,1.13
2012.01.10 15:58:20.429,1.94715,1.94755,2.59,1.13
2012.01.10 15:58:20.680,1.94722,1.94764,1.88,1.13
2012.01.10 15:58:20.809,1.94725,1.94772,1.88,1.50
2012.01.10 15:58:20.939,1.94725,1.94776,1.88,1.13
2012.01.10 15:58:24.016,1.94732,1.94781,1.13,1.13
2012.01.10 15:58:24.524,1.94725,1.94776,1.13,1.13
2012.01.10 15:58:27.249,1.94739,1.94781,1.13,1.13
2012.01.10 15:58:27.568,1.94741,1.94782,1.50,1.13
2012.01.10 15:58:28.117,1.9474,1.94782,1.13,1.13
2012.01.10 15:58:28.188,1.94752,1.94795,1.13,1.13
2012.01.10 15:58:29.604,1.94752,1.94795,1.47,1.13
2012.01.10 15:58:29.849,1.94765,1.94807,1.13,1.13
2012.01.10 15:58:30.162,1.9475,1.94799,1.13,1.13
2012.01.10 15:58:30.473,1.94753,1.94804,1.13,1.13
2012.01.10 15:58:32.821,1.94742,1.94799,1.50,1.13
2012.01.10 15:58:33.512,1.9474,1.94799,1.50,1.13
2012.01.10 15:58:33.576,1.94737,1.94799,1.50,1.13
2012.01.10 15:58:34.759,1.94733,1.94799,2.63,2.63
2012.01.10 15:58:34.829,1.94735,1.94799,2.25,2.63
2012.01.10 15:58:35.151,1.94737,1.94785,1.50,1.13
2012.01.10 15:58:35.397,1.94735,1.94784,1.13,1.13
2012.01.10 15:58:35.468,1.94736,1.94787,1.13,1.13
2012.01.10 15:58:35.886,1.94741,1.94792,1.13,1.13
2012.01.10 15:58:36.200,1.94742,1.94791,1.88,1.13
2012.01.10 15:58:36.507,1.94776,1.94804,1.13,1.50
2012.01.10 15:58:36.578,1.94772,1.94805,1.13,1.50
2012.01.10 15:58:36.650,1.94772,1.94807,1.13,1.50
2012.01.10 15:58:36.781,1.94745,1.94798,2.19,1.13
2012.01.10 15:58:37.361,1.94749,1.94798,1.13,1.13
2012.01.10 15:58:37.776,1.94749,1.94798,1.88,1.13
2012.01.10 15:58:38.089,1.9475,1.94798,1.50,1.13
2012.01.10 15:58:38.682,1.94749,1.94798,1.13,1.13
2012.01.10 15:58:39.157,1.94749,1.94798,1.88,1.13
2012.01.10 15:58:39.468,1.94775,1.94802,1.13,1.50
2012.01.10 15:58:39.672,1.94775,1.94818,1.13,1.13
2012.01.10 15:58:41.737,1.94773,1.94817,1.13,1.13
2012.01.10 15:58:42.069,1.94776,1.94817,1.13,1.13
2012.01.10 15:58:44.628,1.94781,1.94824,1.13,1.88
2012.01.10 15:58:44.699,1.94781,1.94822,1.13,1.09
2012.01.10 15:58:44.767,1.94781,1.94824,1.13,2.22
2012.01.10 15:58:44.838,1.94786,1.94824,1.13,1.09
2012.01.10 15:58:44.924,1.94786,1.94826,1.13,2.25
2012.01.10 15:58:44.995,1.94758,1.948,1.50,1.13
2012.01.10 15:58:45.124,1.9476,1.948,1.50,1.13
2012.01.10 15:58:45.739,1.94764,1.94804,1.13,1.13
2012.01.10 15:58:46.008,1.94766,1.94807,1.13,1.13
2012.01.10 15:58:47.017,1.94767,1.94807,1.50,1.13
2012.01.10 15:58:47.207,1.94772,1.94814,1.13,1.13
2012.01.10 15:58:47.792,1.94769,1.94818,1.13,1.13
2012.01.10 15:58:49.617,1.94768,1.94817,1.13,1.13
2012.01.10 15:58:49.758,1.9477,1.94817,1.13,1.13
2012.01.10 15:58:50.826,1.94769,1.94816,1.13,1.13
2012.01.10 15:58:51.616,1.9477,1.94817,1.13,1.13
2012.01.10 15:58:51.939,1.94765,1.94812,1.50,1.13
2012.01.10 15:58:52.011,1.94762,1.94812,1.50,1.13
2012.01.10 15:58:52.578,1.94757,1.94811,4.13,1.13
2012.01.10 15:58:52.651,1.94762,1.9481,1.50,1.13
2012.01.10 15:58:53.176,1.94762,1.94811,1.50,1.13
2012.01.10 15:58:54.277,1.94757,1.94811,1.50,1.13
2012.01.10 15:58:54.349,1.94759,1.94812,1.13,1.13
2012.01.10 15:58:54.915,1.9476,1.94812,1.50,1.13
2012.01.10 15:58:55.239,1.94764,1.94812,1.13,1.13
2012.01.10 15:58:55.559,1.94762,1.9481,3.00,1.13
2012.01.10 15:58:55.869,1.94764,1.9481,1.50,1.13
2012.01.10 15:58:56.157,1.94762,1.9481,3.00,1.13
2012.01.10 15:58:56.624,1.94779,1.94819,1.13,1.13
2012.01.10 15:58:56.819,1.94782,1.94824,1.13,1.13
2012.01.10 15:58:57.187,1.9478,1.9482,1.47,1.13
2012.01.10 15:58:57.761,1.94779,1.94819,1.47,1.13
2012.01.10 15:58:58.707,1.94798,1.9484,1.13,1.50
2012.01.10 15:58:59.070,1.94798,1.94847,1.47,1.13
2012.01.10 15:58:59.842,1.94798,1.94847,1.13,1.88
2012.01.10 15:58:59.929,1.94798,1.94847,1.13,1.13
2012.01.10 15:59:00.198,1.94804,1.94853,1.13,1.13
2012.01.10 15:59:00.791,1.94795,1.94835,1.47,1.13
2012.01.10 15:59:01.423,1.94804,1.94847,1.13,1.50
2012.01.10 15:59:01.495,1.94795,1.94835,1.13,1.13
2012.01.10 15:59:02.410,1.9479,1.94829,1.84,1.13
2012.01.10 15:59:02.476,1.94795,1.94835,1.47,1.13
2012.01.10 15:59:02.608,1.94804,1.94843,1.13,1.50
2012.01.10 15:59:02.680,1.94795,1.94835,1.47,1.13
2012.01.10 15:59:03.889,1.94803,1.94841,1.13,1.50
2012.01.10 15:59:04.155,1.94803,1.94844,1.13,1.50
2012.01.10 15:59:04.247,1.94803,1.94847,1.13,1.50
2012.01.10 15:59:04.317,1.94803,1.94852,1.13,1.50
2012.01.10 15:59:04.939,1.94803,1.94849,1.13,1.50
2012.01.10 15:59:05.253,1.94813,1.94849,1.13,1.50
2012.01.10 15:59:05.376,1.94813,1.94861,1.13,1.50
2012.01.10 15:59:05.908,1.94813,1.94859,1.13,1.50
2012.01.10 15:59:06.542,1.94803,1.94852,1.13,1.13
2012.01.10 15:59:07.135,1.94814,1.94853,1.13,1.50
2012.01.10 15:59:07.639,1.94816,1.94851,1.13,1.50
2012.01.10 15:59:07.907,1.94816,1.94857,1.13,2.25
2012.01.10 15:59:08.098,1.94816,1.94852,1.13,1.50
2012.01.10 15:59:08.745,1.94826,1.9486,1.13,1.50
2012.01.10 15:59:09.005,1.94826,1.94865,1.13,1.50
2012.01.10 15:59:09.393,1.94826,1.94865,1.13,2.25
2012.01.10 15:59:09.493,1.94826,1.94865,1.13,2.25
2012.01.10 15:59:09.556,1.94826,1.94862,1.13,1.50
2012.01.10 15:59:10.653,1.94826,1.94862,1.13,2.25
2012.01.10 15:59:10.922,1.94826,1.94862,1.13,1.50
2012.01.10 15:59:12.664,1.94826,1.94866,1.13,1.50
2012.01.10 15:59:12.740,1.94826,1.94866,1.13,2.25
2012.01.10 15:59:12.865,1.9482,1.9486,1.13,1.88
2012.01.10 15:59:12.937,1.94825,1.94863,1.13,1.50
2012.01.10 15:59:13.187,1.9482,1.9486,1.13,1.13
2012.01.10 15:59:14.374,1.94826,1.94862,1.13,1.50
2012.01.10 15:59:14.445,1.9482,1.9486,1.13,1.13
2012.01.10 15:59:14.508,1.94826,1.94862,1.13,1.50
2012.01.10 15:59:14.699,1.94819,1.94861,1.13,1.13
2012.01.10 15:59:14.954,1.94826,1.94867,1.13,3.38
2012.01.10 15:59:15.033,1.94817,1.94864,1.47,1.88
2012.01.10 15:59:15.219,1.94817,1.94861,1.47,1.50
2012.01.10 15:59:15.547,1.94826,1.94861,1.13,1.50
2012.01.10 15:59:15.973,1.94826,1.94864,1.13,1.50
2012.01.10 15:59:16.060,1.94823,1.94864,1.13,1.50
2012.01.10 15:59:16.186,1.94823,1.94872,1.13,1.13
2012.01.10 15:59:16.415,1.94823,1.94872,1.13,1.88
2012.01.10 15:59:16.646,1.94823,1.94866,1.13,1.50
2012.01.10 15:59:16.928,1.94832,1.94866,1.13,1.50
2012.01.10 15:59:17.055,1.94832,1.94878,1.13,2.25
2012.01.10 15:59:17.956,1.94841,1.94878,1.13,2.25
2012.01.10 15:59:18.672,1.94841,1.94879,1.13,1.50
2012.01.10 15:59:18.737,1.94841,1.94887,1.13,2.25
2012.01.10 15:59:19.079,1.94843,1.94887,1.13,2.25
2012.01.10 15:59:19.205,1.94841,1.94887,1.13,2.25
2012.01.10 15:59:19.634,1.94852,1.94888,1.13,2.25
2012.01.10 15:59:19.697,1.94852,1.94888,1.13,1.50
2012.01.10 15:59:20.141,1.9485,1.94888,1.13,1.50
2012.01.10 15:59:20.268,1.9485,1.94896,1.13,2.25
2012.01.10 15:59:20.828,1.9485,1.94893,1.13,1.50
2012.01.10 15:59:21.286,1.94852,1.94893,1.13,1.50
2012.01.10 15:59:21.705,1.94852,1.94893,1.13,2.25
2012.01.10 15:59:21.836,1.94846,1.94893,1.13,2.25
2012.01.10 15:59:21.906,1.94846,1.94893,1.13,1.50
2012.01.10 15:59:22.334,1.94852,1.94893,1.13,1.50
2012.01.10 15:59:22.746,1.94852,1.94895,1.13,3.75
2012.01.10 15:59:22.877,1.94856,1.94899,1.13,2.25
2012.01.10 15:59:24.458,1.94856,1.94901,1.13,1.50
2012.01.10 15:59:25.027,1.94871,1.94901,1.13,1.50
2012.01.10 15:59:25.186,1.94871,1.94907,1.13,1.50
2012.01.10 15:59:25.263,1.94878,1.94915,1.13,2.25
2012.01.10 15:59:25.569,1.94881,1.94915,1.13,1.50
2012.01.10 15:59:25.885,1.94892,1.94925,1.13,2.25
2012.01.10 15:59:25.960,1.94872,1.94923,1.47,1.13
2012.01.10 15:59:26.581,1.94874,1.94925,1.13,1.88
2012.01.10 15:59:26.683,1.94866,1.94917,1.13,1.13
2012.01.10 15:59:26.928,1.94866,1.94911,1.13,1.50
2012.01.10 15:59:27.104,1.94866,1.94914,1.13,1.50
2012.01.10 15:59:27.235,1.94866,1.94916,1.13,1.50
2012.01.10 15:59:27.717,1.94878,1.94916,1.13,1.50
2012.01.10 15:59:27.848,1.94871,1.94916,1.13,1.50
2012.01.10 15:59:28.244,1.94871,1.94918,1.13,1.50
2012.01.10 15:59:28.339,1.94866,1.94917,1.13,1.13
2012.01.10 15:59:28.896,1.94866,1.94915,1.13,1.50
2012.01.10 15:59:29.878,1.94866,1.94917,1.13,1.13
2012.01.10 15:59:30.030,1.94866,1.94917,1.13,1.88
2012.01.10 15:59:30.890,1.94881,1.94915,1.13,1.50
2012.01.10 15:59:31.427,1.94879,1.94915,1.13,1.50
2012.01.10 15:59:31.509,1.94879,1.94919,1.13,1.13
2012.01.10 15:59:31.580,1.94881,1.94924,1.13,1.13
2012.01.10 15:59:31.831,1.94886,1.94919,1.13,1.50
2012.01.10 15:59:32.018,1.94889,1.94923,1.13,3.00
2012.01.10 15:59:32.090,1.94875,1.94917,1.13,1.13
2012.01.10 15:59:32.289,1.94882,1.94923,1.13,2.63
2012.01.10 15:59:32.852,1.94889,1.94923,1.13,1.50
2012.01.10 15:59:32.930,1.94882,1.94923,1.13,1.13
2012.01.10 15:59:33.156,1.94894,1.94927,1.13,1.50
2012.01.10 15:59:33.468,1.94894,1.94936,1.13,1.88
2012.01.10 15:59:33.538,1.9489,1.94932,1.13,1.13
2012.01.10 15:59:33.672,1.9489,1.94932,1.13,1.88
2012.01.10 15:59:33.862,1.9488,1.94932,1.13,1.88
2012.01.10 15:59:34.349,1.94879,1.94921,1.13,1.50
2012.01.10 15:59:34.436,1.94893,1.94921,1.13,1.50
2012.01.10 15:59:34.514,1.94894,1.94936,1.13,2.63
2012.01.10 15:59:34.709,1.94892,1.94934,1.13,1.13
2012.01.10 15:59:35.025,1.94895,1.94936,1.84,1.13
2012.01.10 15:59:35.152,1.94904,1.94938,1.47,1.50
2012.01.10 15:59:35.217,1.94904,1.94938,1.13,2.25
2012.01.10 15:59:35.659,1.94899,1.94958,1.50,1.88
2012.01.10 15:59:35.737,1.94889,1.94938,1.13,1.13
2012.01.10 15:59:35.938,1.94885,1.94934,1.13,1.13
2012.01.10 15:59:36.073,1.94882,1.94933,1.13,1.13
2012.01.10 15:59:36.260,1.9488,1.94915,1.50,1.13
2012.01.10 15:59:36.629,1.94879,1.94915,1.84,1.13
2012.01.10 15:59:37.265,1.94883,1.94932,1.13,1.13
2012.01.10 15:59:37.346,1.94885,1.94932,1.50,1.13
2012.01.10 15:59:37.902,1.94904,1.94945,1.13,1.13
2012.01.10 15:59:38.221,1.94913,1.94944,1.13,1.50
2012.01.10 15:59:38.784,1.94915,1.94944,1.13,1.50
2012.01.10 15:59:38.862,1.94904,1.94944,1.13,1.50
2012.01.10 15:59:38.939,1.94893,1.94935,1.13,1.13
2012.01.10 15:59:39.768,1.94895,1.94935,1.13,1.13
2012.01.10 15:59:40.915,1.94896,1.94937,1.13,1.13
2012.01.10 15:59:41.011,1.94909,1.94949,1.13,1.13
2012.01.10 15:59:41.341,1.94906,1.94946,1.13,1.13
2012.01.10 15:59:41.680,1.94915,1.94962,1.13,1.88
2012.01.10 15:59:41.749,1.94906,1.94949,1.13,1.13
2012.01.10 15:59:42.261,1.94909,1.94949,1.13,1.13
2012.01.10 15:59:42.356,1.94912,1.94953,1.13,1.13
2012.01.10 15:59:42.647,1.94904,1.94946,1.13,1.13
2012.01.10 15:59:42.734,1.94904,1.94946,1.47,1.13
2012.01.10 15:59:42.869,1.94911,1.94954,1.13,1.13
2012.01.10 15:59:43.009,1.94917,1.94954,1.50,1.13
2012.01.10 15:59:43.551,1.94912,1.94955,1.13,1.13
2012.01.10 15:59:43.800,1.94926,1.94966,1.13,1.13
2012.01.10 15:59:43.992,1.94927,1.94976,1.13,1.13
2012.01.10 15:59:44.241,1.94927,1.94976,1.13,1.88
2012.01.10 15:59:44.505,1.94927,1.94976,1.13,1.13
2012.01.10 15:59:44.589,1.94931,1.94971,1.13,1.13
2012.01.10 15:59:45.143,1.94914,1.94962,1.13,1.13
2012.01.10 15:59:45.329,1.94924,1.94965,1.13,1.13
2012.01.10 15:59:45.908,1.94912,1.94954,1.13,1.13
2012.01.10 15:59:45.981,1.94944,1.94972,1.13,1.50
2012.01.10 15:59:46.673,1.94926,1.94966,1.13,2.63
2012.01.10 15:59:46.980,1.94924,1.94965,1.13,1.13
2012.01.10 15:59:47.357,1.94926,1.94966,1.13,1.13
2012.01.10 15:59:48.323,1.94907,1.94948,1.47,1.13
2012.01.10 15:59:48.388,1.94907,1.94948,1.13,1.13
2012.01.10 15:59:48.641,1.94905,1.94941,1.50,1.13
2012.01.10 15:59:48.714,1.94901,1.94941,1.13,1.13
2012.01.10 15:59:49.705,1.94895,1.94935,1.13,1.13
2012.01.10 15:59:50.264,1.94912,1.94941,1.50,1.13
2012.01.10 15:59:50.352,1.9492,1.9496,1.13,1.13
2012.01.10 15:59:50.478,1.94916,1.94954,1.50,1.13
2012.01.10 15:59:50.924,1.94914,1.94954,1.13,1.13
2012.01.10 15:59:51.490,1.9492,1.9496,1.13,1.13
2012.01.10 15:59:52.349,1.94914,1.94948,1.50,1.13
2012.01.10 15:59:52.442,1.9491,1.94948,1.50,1.13
2012.01.10 15:59:52.507,1.94907,1.94948,1.13,1.13
2012.01.10 15:59:52.999,1.94913,1.94955,1.13,1.13
2012.01.10 15:59:53.992,1.94931,1.94963,1.13,1.50
2012.01.10 15:59:54.243,1.94919,1.94961,1.13,1.13
2012.01.10 15:59:55.161,1.94919,1.94961,1.47,1.13
2012.01.10 15:59:55.378,1.94925,1.94965,1.13,1.13
2012.01.10 15:59:55.523,1.94919,1.94959,1.47,1.13
2012.01.10 15:59:55.595,1.94924,1.94966,1.47,1.13
2012.01.10 15:59:55.667,1.94924,1.94966,1.47,1.88
2012.01.10 15:59:56.264,1.94924,1.94966,1.13,1.88
2012.01.10 15:59:56.841,1.94942,1.94975,1.13,2.25
2012.01.10 15:59:56.924,1.94942,1.94973,1.13,2.25
2012.01.10 15:59:57.064,1.94931,1.94971,1.13,2.25
2012.01.10 15:59:57.249,1.94936,1.94971,1.13,2.25
2012.01.10 15:59:57.326,1.94936,1.94977,1.13,2.25
2012.01.10 15:59:57.696,1.94931,1.94973,1.13,1.13
2012.01.10 15:59:57.769,1.94931,1.94973,1.13,1.88
2012.01.10 15:59:58.306,1.94936,1.94978,1.13,2.25
2012.01.10 15:59:58.396,1.94936,1.94974,1.13,2.25
2012.01.10 15:59:58.469,1.94929,1.94971,1.13,1.88
2012.01.10 15:59:58.847,1.9493,1.9497,1.13,1.13
2012.01.10 15:59:59.264,1.94927,1.94967,1.13,1.13
