2011.06.10 18:00:01.256,1.97425,1.9749,1.88,1.13
2011.06.10 18:00:01.585,1.97431,1.97495,1.13,1.13
2011.06.10 18:00:01.917,1.97437,1.97502,1.13,1.13
2011.06.10 18:00:02.244,1.97414,1.97477,1.13,1.13
2011.06.10 18:00:02.574,1.97402,1.97465,1.13,1.13
2011.06.10 18:00:04.666,1.97408,1.97472,1.13,1.13
2011.06.10 18:00:04.774,1.97414,1.97477,1.13,1.13
2011.06.10 18:00:05.445,1.97414,1.97477,1.88,1.13
2011.06.10 18:00:05.556,1.97408,1.97472,1.13,1.13
2011.06.10 18:00:11.286,1.974,1.97478,1.47,1.13
2011.06.10 18:00:15.302,1.974,1.97478,1.13,1.13
2011.06.10 18:00:17.964,1.97407,1.97482,1.13,1.13
2011.06.10 18:00:18.545,1.97411,1.97489,1.13,1.13
2011.06.10 18:00:19.095,1.97419,1.97494,1.13,1.13
2011.06.10 18:00:19.769,1.97419,1.97494,1.13,1.77
2011.06.10 18:00:20.644,1.97414,1.97478,1.88,1.13
2011.06.10 18:00:20.755,1.97414,1.97478,1.13,1.13
2011.06.10 18:00:21.951,1.97414,1.97478,1.88,1.13
2011.06.10 18:00:26.630,1.97416,1.97481,1.13,1.13
2011.06.10 18:00:27.574,1.97418,1.97481,1.13,1.13
2011.06.10 18:00:28.615,1.97413,1.97479,1.88,1.13
2011.06.10 18:00:33.314,1.97419,1.97483,1.13,1.13
2011.06.10 18:00:33.909,1.97421,1.97485,1.13,1.13
2011.06.10 18:00:34.275,1.97421,1.97485,1.88,1.13
2011.06.10 18:00:34.494,1.97427,1.9749,1.13,1.13
2011.06.10 18:00:58.181,1.97427,1.9749,1.88,1.13
2011.06.10 18:00:58.404,1.97427,1.9749,1.13,1.13
2011.06.10 18:01:02.175,1.97427,1.9749,1.13,1.50
2011.06.10 18:01:02.394,1.97413,1.97479,1.88,1.13
2011.06.10 18:01:06.556,1.97409,1.97473,1.13,1.13
2011.06.10 18:01:07.164,1.97401,1.97466,1.13,1.13
2011.06.10 18:01:07.604,1.97396,1.9746,1.13,1.13
2011.06.10 18:01:08.164,1.9739,1.97453,1.13,1.13
2011.06.10 18:01:11.445,1.97383,1.97447,1.13,1.13
2011.06.10 18:01:12.091,1.97374,1.97446,2.25,1.13
2011.06.10 18:01:12.416,1.97383,1.97447,1.13,1.13
2011.06.10 18:01:14.835,1.97364,1.9744,1.47,1.13
2011.06.10 18:01:17.154,1.97371,1.97448,1.13,1.13
2011.06.10 18:01:19.018,1.97375,1.9745,1.13,1.13
2011.06.10 18:01:19.126,1.97388,1.97464,1.13,1.13
2011.06.10 18:01:21.574,1.97389,1.97466,1.13,1.13
2011.06.10 18:01:21.794,1.97388,1.97464,1.13,1.13
2011.06.10 18:01:26.374,1.97388,1.97463,1.13,1.13
2011.06.10 18:01:26.814,1.97387,1.97465,1.13,1.13
2011.06.10 18:01:29.990,1.97388,1.97463,1.13,1.13
2011.06.10 18:01:30.314,1.97383,1.97458,1.13,1.13
2011.06.10 18:01:33.645,1.97365,1.9743,1.13,1.13
2011.06.10 18:01:47.885,1.9737,1.97436,1.13,1.13
2011.06.10 18:01:48.395,1.9737,1.97435,1.13,1.50
2011.06.10 18:01:48.506,1.97358,1.97424,1.13,1.13
2011.06.10 18:01:48.615,1.97358,1.97424,1.47,1.13
2011.06.10 18:01:48.834,1.97371,1.97435,1.13,1.13
2011.06.10 18:01:48.944,1.97382,1.97448,1.13,1.13
2011.06.10 18:01:49.165,1.97382,1.97437,1.13,1.09
2011.06.10 18:01:49.274,1.97358,1.97424,1.13,1.13
2011.06.10 18:01:50.084,1.97371,1.97434,1.13,1.50
2011.06.10 18:01:50.226,1.97371,1.97434,1.13,1.13
2011.06.10 18:01:50.336,1.97371,1.97434,1.13,1.50
2011.06.10 18:01:50.445,1.97366,1.9743,1.13,1.13
2011.06.10 18:01:50.556,1.97361,1.97424,1.13,1.13
2011.06.10 18:01:50.994,1.97359,1.97423,1.13,1.13
2011.06.10 18:01:51.107,1.9734,1.97416,1.13,1.13
2011.06.10 18:01:51.514,1.97322,1.97412,1.13,1.13
2011.06.10 18:01:51.624,1.9732,1.97412,1.13,1.13
2011.06.10 18:01:51.735,1.97339,1.97417,1.13,1.13
2011.06.10 18:01:56.971,1.97335,1.9741,1.88,1.13
2011.06.10 18:01:57.404,1.9734,1.97416,1.13,1.13
2011.06.10 18:01:58.775,1.97358,1.97424,1.13,1.13
2011.06.10 18:01:59.105,1.97347,1.97411,1.13,1.13
2011.06.10 18:01:59.434,1.97359,1.97423,1.13,1.13
2011.06.10 18:01:59.785,1.97334,1.974,1.13,1.13
2011.06.10 18:02:00.786,1.97338,1.97401,1.13,1.13
2011.06.10 18:02:01.329,1.97336,1.97401,1.13,1.13
2011.06.10 18:02:01.666,1.97336,1.97401,1.88,1.13
2011.06.10 18:02:01.885,1.9736,1.97425,1.13,1.47
2011.06.10 18:02:02.105,1.97341,1.97417,1.13,1.47
2011.06.10 18:02:02.877,1.97339,1.97417,1.13,1.47
2011.06.10 18:02:03.554,1.97339,1.97417,1.13,1.47
2011.06.10 18:02:03.665,1.97339,1.97416,1.13,1.09
2011.06.10 18:02:03.885,1.97322,1.97388,1.13,1.13
2011.06.10 18:02:07.291,1.97322,1.97388,1.47,1.13
2011.06.10 18:02:07.516,1.97322,1.97388,1.84,1.13
2011.06.10 18:02:07.624,1.97334,1.974,1.13,1.13
2011.06.10 18:02:10.785,1.97334,1.974,1.88,1.13
2011.06.10 18:02:11.114,1.97338,1.97401,1.13,1.13
2011.06.10 18:02:11.224,1.97336,1.97401,1.13,1.13
2011.06.10 18:02:11.544,1.97336,1.97401,1.13,1.88
2011.06.10 18:02:11.654,1.97312,1.97377,1.13,1.13
2011.06.10 18:02:13.896,1.97312,1.97377,1.47,1.13
2011.06.10 18:02:14.226,1.97334,1.974,1.13,1.47
2011.06.10 18:02:14.336,1.97341,1.97399,1.13,1.09
2011.06.10 18:02:14.446,1.97338,1.97394,1.13,1.09
2011.06.10 18:02:14.664,1.97318,1.97381,1.13,1.13
2011.06.10 18:02:14.775,1.97318,1.97381,1.13,1.47
2011.06.10 18:02:14.886,1.97298,1.97375,1.13,1.13
2011.06.10 18:02:14.995,1.97298,1.97375,1.88,1.13
2011.06.10 18:02:15.325,1.97318,1.97381,1.13,1.13
2011.06.10 18:02:16.345,1.97321,1.97386,1.13,1.13
2011.06.10 18:02:16.454,1.97318,1.97381,1.13,1.13
2011.06.10 18:02:17.129,1.97322,1.97385,1.13,1.13
2011.06.10 18:02:17.745,1.97317,1.97382,1.13,1.13
2011.06.10 18:02:21.215,1.97317,1.97373,1.13,1.09
2011.06.10 18:02:21.545,1.97317,1.97382,1.13,1.13
2011.06.10 18:02:22.225,1.97317,1.97382,1.13,1.47
2011.06.10 18:02:22.334,1.97311,1.97376,1.13,1.13
2011.06.10 18:02:22.859,1.97305,1.9737,1.13,1.13
2011.06.10 18:02:28.254,1.97307,1.97371,1.13,1.13
2011.06.10 18:02:30.495,1.97306,1.97369,1.13,1.13
2011.06.10 18:02:31.495,1.97306,1.97369,1.50,1.13
2011.06.10 18:02:31.605,1.97318,1.97381,1.13,1.13
2011.06.10 18:02:31.715,1.97325,1.97389,1.13,1.13
2011.06.10 18:02:35.345,1.97331,1.97394,1.13,1.13
2011.06.10 18:02:37.705,1.97324,1.9739,1.13,1.13
2011.06.10 18:02:38.034,1.97317,1.97382,1.13,1.13
2011.06.10 18:02:39.364,1.97325,1.97389,1.13,1.13
2011.06.10 18:02:39.715,1.97337,1.974,1.13,1.13
2011.06.10 18:02:41.820,1.97337,1.974,1.13,1.47
2011.06.10 18:02:42.145,1.97312,1.97377,1.13,1.13
2011.06.10 18:02:44.695,1.97307,1.9737,1.13,1.13
2011.06.10 18:02:45.625,1.97313,1.9737,1.84,1.13
2011.06.10 18:02:46.065,1.97325,1.97388,1.47,1.13
2011.06.10 18:02:46.395,1.97336,1.97401,1.13,2.97
2011.06.10 18:02:47.665,1.97336,1.97401,1.13,1.13
2011.06.10 18:02:48.375,1.97341,1.97417,1.13,1.47
2011.06.10 18:02:48.595,1.97329,1.97404,1.13,1.13
2011.06.10 18:02:51.065,1.97334,1.97411,1.13,1.13
2011.06.10 18:02:51.177,1.97334,1.97411,1.13,1.88
2011.06.10 18:02:51.513,1.97337,1.974,1.13,1.13
2011.06.10 18:02:57.564,1.97337,1.97398,1.13,1.84
2011.06.10 18:02:57.896,1.973,1.9739,1.13,1.13
2011.06.10 18:02:58.004,1.97318,1.97392,1.88,1.13
2011.06.10 18:02:58.334,1.97318,1.97392,1.13,1.13
2011.06.10 18:03:01.630,1.97311,1.97386,1.13,1.13
2011.06.10 18:03:12.857,1.97318,1.97392,1.13,1.13
2011.06.10 18:03:16.945,1.97324,1.97398,1.13,1.13
2011.06.10 18:03:17.164,1.97317,1.97393,1.13,1.13
2011.06.10 18:03:18.664,1.97311,1.97386,1.13,1.13
2011.06.10 18:03:20.555,1.97311,1.97386,1.13,1.47
2011.06.10 18:03:20.884,1.97293,1.97368,1.13,1.13
2011.06.10 18:03:21.214,1.97293,1.97368,1.88,1.13
2011.06.10 18:03:21.325,1.97299,1.97374,1.13,1.13
2011.06.10 18:03:22.302,1.97297,1.97372,1.13,1.13
2011.06.10 18:03:22.625,1.97293,1.97369,1.13,1.13
2011.06.10 18:03:22.736,1.97299,1.97374,1.13,1.13
2011.06.10 18:03:25.425,1.97306,1.97381,1.13,1.13
2011.06.10 18:03:25.865,1.97311,1.97386,1.13,1.13
2011.06.10 18:03:26.378,1.97306,1.97381,1.13,1.13
2011.06.10 18:03:26.926,1.97299,1.97374,1.13,1.13
2011.06.10 18:03:27.144,1.97292,1.97369,1.13,1.13
2011.06.10 18:03:27.834,1.97298,1.97375,1.13,1.13
2011.06.10 18:03:29.215,1.97298,1.97375,1.13,1.47
2011.06.10 18:03:29.545,1.97286,1.97363,1.13,1.13
2011.06.10 18:03:29.655,1.9728,1.97357,1.13,1.13
2011.06.10 18:03:29.985,1.97299,1.97374,1.13,1.13
2011.06.10 18:03:30.315,1.97299,1.97374,1.13,1.88
2011.06.10 18:03:30.644,1.97293,1.97358,1.13,1.13
2011.06.10 18:03:35.714,1.97293,1.97358,1.13,1.50
2011.06.10 18:03:35.825,1.97281,1.97346,1.13,1.13
2011.06.10 18:03:36.045,1.97281,1.97346,1.50,1.13
2011.06.10 18:03:36.485,1.97294,1.97357,1.13,1.13
2011.06.10 18:03:36.704,1.97294,1.97357,1.13,1.50
2011.06.10 18:03:36.814,1.97281,1.97346,1.13,1.13
2011.06.10 18:03:36.925,1.97281,1.97346,1.50,1.13
2011.06.10 18:03:37.254,1.97282,1.97345,1.13,1.13
2011.06.10 18:03:37.364,1.97282,1.97345,1.88,1.13
2011.06.10 18:03:37.475,1.97294,1.97357,1.13,1.13
2011.06.10 18:03:37.695,1.97294,1.97357,1.13,1.50
2011.06.10 18:03:37.804,1.97281,1.97346,1.13,1.13
2011.06.10 18:03:37.915,1.97285,1.97346,1.13,1.13
2011.06.10 18:03:38.134,1.97294,1.97357,1.13,1.13
2011.06.10 18:03:43.684,1.97298,1.97375,1.13,1.47
2011.06.10 18:03:46.735,1.97292,1.97369,1.13,1.13
2011.06.10 18:03:47.066,1.97299,1.97374,1.13,1.13
2011.06.10 18:03:50.705,1.97299,1.97374,1.50,1.13
2011.06.10 18:03:50.925,1.97317,1.97393,1.13,1.13
2011.06.10 18:03:51.144,1.97306,1.97381,1.13,1.13
2011.06.10 18:03:51.254,1.9731,1.97387,1.13,1.13
2011.06.10 18:03:54.105,1.97298,1.97375,1.13,1.13
2011.06.10 18:03:54.434,1.97311,1.97386,1.13,1.13
2011.06.10 18:03:56.967,1.97311,1.97386,1.13,1.88
2011.06.10 18:03:57.295,1.97313,1.97376,1.13,1.13
2011.06.10 18:03:57.517,1.97318,1.97383,1.13,1.13
2011.06.10 18:03:57.627,1.97318,1.97383,1.13,1.47
2011.06.10 18:03:57.737,1.97278,1.9735,1.88,1.13
2011.06.10 18:03:57.846,1.97276,1.9735,1.13,1.13
2011.06.10 18:03:58.177,1.97294,1.97359,1.13,1.50
2011.06.10 18:04:01.555,1.97294,1.97359,1.13,1.88
2011.06.10 18:04:01.884,1.97269,1.97334,1.13,1.13
2011.06.10 18:04:01.995,1.97276,1.97342,1.13,1.13
2011.06.10 18:04:02.215,1.97269,1.97334,1.13,1.13
2011.06.10 18:04:02.927,1.97263,1.97338,1.13,1.13
2011.06.10 18:04:05.328,1.97263,1.97338,1.88,1.13
2011.06.10 18:04:06.826,1.97263,1.97338,1.13,1.13
2011.06.10 18:04:07.266,1.97229,1.97339,1.47,1.47
2011.06.10 18:04:07.486,1.97232,1.97336,1.09,1.09
2011.06.10 18:04:07.926,1.97248,1.97325,1.13,1.88
2011.06.10 18:04:08.034,1.9724,1.97314,1.47,1.13
2011.06.10 18:04:12.227,1.9724,1.97314,1.13,1.84
2011.06.10 18:04:12.334,1.97236,1.97313,1.13,1.50
2011.06.10 18:04:12.445,1.97231,1.97306,1.88,1.50
2011.06.10 18:04:12.776,1.9724,1.97317,1.13,2.22
2011.06.10 18:04:13.628,1.97236,1.97313,1.13,1.50
2011.06.10 18:04:14.064,1.97242,1.97317,1.13,1.09
2011.06.10 18:04:14.394,1.97245,1.97317,1.13,1.09
2011.06.10 18:04:14.505,1.97237,1.97314,1.13,1.84
2011.06.10 18:04:15.445,1.97242,1.97317,1.13,2.22
2011.06.10 18:04:15.775,1.97242,1.97305,1.13,1.09
2011.06.10 18:04:15.885,1.97242,1.97317,1.13,2.22
2011.06.10 18:04:15.996,1.97237,1.97312,1.13,1.84
2011.06.10 18:04:16.634,1.9723,1.97307,1.13,1.84
2011.06.10 18:04:17.645,1.9723,1.97307,1.88,1.13
2011.06.10 18:04:17.975,1.9724,1.97314,1.13,1.84
2011.06.10 18:04:18.194,1.97236,1.97313,1.13,1.84
2011.06.10 18:04:18.744,1.97239,1.97315,1.13,1.47
2011.06.10 18:04:20.797,1.97239,1.97315,1.13,1.13
2011.06.10 18:04:20.904,1.97239,1.97315,1.88,1.13
2011.06.10 18:04:21.345,1.97252,1.97327,1.13,1.47
2011.06.10 18:04:32.325,1.97252,1.97325,1.13,1.13
2011.06.10 18:04:32.655,1.97239,1.97316,1.13,1.47
2011.06.10 18:04:32.875,1.97239,1.97316,1.13,1.13
2011.06.10 18:04:37.925,1.97236,1.97313,1.13,1.13
2011.06.10 18:04:38.397,1.97227,1.97303,1.47,1.13
2011.06.10 18:04:38.944,1.97227,1.97303,1.13,1.13
2011.06.10 18:04:41.655,1.9723,1.97307,1.13,1.13
2011.06.10 18:04:41.764,1.97239,1.97316,1.13,1.13
2011.06.10 18:04:44.444,1.97239,1.97313,1.13,1.13
2011.06.10 18:04:45.067,1.97239,1.97316,1.13,1.13
2011.06.10 18:04:47.965,1.97238,1.97314,1.13,1.13
2011.06.10 18:04:48.314,1.9724,1.97315,1.13,1.13
2011.06.10 18:04:56.925,1.9724,1.97315,1.13,1.50
2011.06.10 18:04:57.256,1.97234,1.9731,1.13,1.50
2011.06.10 18:04:57.586,1.97207,1.97299,1.13,1.13
2011.06.10 18:04:57.695,1.97207,1.97299,1.88,1.13
2011.06.10 18:04:57.914,1.97213,1.97307,1.88,1.13
2011.06.10 18:04:58.956,1.97213,1.97307,1.13,1.13
2011.06.10 18:05:00.152,1.97228,1.97302,1.13,1.13
2011.06.10 18:05:13.675,1.97226,1.97302,1.13,1.13
2011.06.10 18:05:13.897,1.97222,1.97296,1.13,1.13
2011.06.10 18:05:14.226,1.97202,1.97279,1.13,1.13
2011.06.10 18:05:14.336,1.9721,1.97285,1.13,1.13
2011.06.10 18:05:14.555,1.97202,1.97279,1.13,1.13
2011.06.10 18:05:17.835,1.97209,1.97286,1.13,1.13
2011.06.10 18:05:18.165,1.97209,1.97284,1.13,1.50
2011.06.10 18:05:18.384,1.97203,1.97278,1.13,1.13
2011.06.10 18:05:38.394,1.97209,1.97284,1.13,1.13
2011.06.10 18:05:41.485,1.97222,1.97299,1.13,1.50
2011.06.10 18:05:41.705,1.97222,1.97299,1.13,1.13
2011.06.10 18:05:41.815,1.97211,1.97285,1.13,1.13
2011.06.10 18:05:42.035,1.97217,1.97292,1.13,1.13
2011.06.10 18:05:42.254,1.97234,1.9731,1.13,1.13
2011.06.10 18:05:42.586,1.97239,1.97316,1.13,1.50
2011.06.10 18:05:42.914,1.97227,1.97303,1.13,1.13
2011.06.10 18:05:44.915,1.97227,1.97298,1.13,1.09
2011.06.10 18:05:45.026,1.97209,1.97284,1.13,1.13
2011.06.10 18:05:45.466,1.97203,1.97278,1.13,1.13
2011.06.10 18:05:49.705,1.9721,1.97285,1.13,1.50
2011.06.10 18:05:49.925,1.97202,1.97279,1.13,1.13
2011.06.10 18:05:52.694,1.97202,1.97279,1.13,1.50
2011.06.10 18:05:53.025,1.97191,1.97266,1.13,1.13
2011.06.10 18:05:53.245,1.97197,1.97274,1.13,1.13
2011.06.10 18:05:54.268,1.97202,1.97279,1.13,1.84
2011.06.10 18:05:54.705,1.972,1.97275,1.13,1.13
2011.06.10 18:05:55.566,1.97198,1.97273,1.13,1.13
2011.06.10 18:05:55.785,1.97184,1.97261,1.13,1.13
2011.06.10 18:05:56.258,1.97197,1.97274,1.13,1.13
2011.06.10 18:05:57.995,1.97188,1.97273,1.13,1.13
2011.06.10 18:05:58.105,1.97186,1.97272,1.13,1.88
2011.06.10 18:05:58.435,1.97185,1.97261,1.13,1.13
2011.06.10 18:05:58.655,1.97178,1.97255,1.13,1.13
2011.06.10 18:05:59.205,1.97185,1.97261,1.13,1.13
2011.06.10 18:05:59.535,1.9719,1.97267,1.13,1.13
2011.06.10 18:06:02.215,1.97187,1.97263,1.13,1.13
2011.06.10 18:06:03.186,1.97191,1.97266,1.13,1.13
2011.06.10 18:06:05.275,1.97184,1.97262,1.13,1.13
2011.06.10 18:06:05.385,1.97184,1.97262,1.13,1.50
2011.06.10 18:06:05.495,1.97178,1.97255,1.13,1.13
2011.06.10 18:06:07.465,1.97185,1.97261,1.13,1.13
2011.06.10 18:06:07.904,1.97191,1.97266,1.13,1.13
2011.06.10 18:06:10.726,1.97191,1.97266,1.13,1.88
2011.06.10 18:06:10.946,1.97179,1.97254,1.13,1.13
2011.06.10 18:06:11.057,1.97191,1.97266,1.13,1.88
2011.06.10 18:06:11.167,1.97191,1.97266,1.13,1.13
2011.06.10 18:06:11.275,1.97203,1.97279,1.13,1.88
2011.06.10 18:06:17.407,1.97203,1.97279,1.88,1.88
2011.06.10 18:06:17.518,1.97203,1.97279,1.13,1.88
2011.06.10 18:06:18.196,1.97203,1.97279,1.13,1.88
2011.06.10 18:06:18.306,1.97192,1.97266,1.13,1.13
2011.06.10 18:06:23.425,1.97197,1.97274,1.13,1.13
2011.06.10 18:06:25.325,1.97195,1.97272,1.88,1.13
2011.06.10 18:06:25.537,1.97197,1.97274,1.13,1.13
2011.06.10 18:06:30.185,1.97197,1.97274,1.13,1.50
2011.06.10 18:06:30.295,1.97191,1.97267,1.13,1.13
2011.06.10 18:06:30.405,1.97198,1.97273,1.13,1.13
2011.06.10 18:06:31.615,1.97199,1.97285,1.13,1.47
2011.06.10 18:06:31.725,1.97199,1.97285,1.50,2.22
2011.06.10 18:06:32.319,1.97215,1.97292,1.13,1.88
2011.06.10 18:06:32.617,1.97214,1.9729,1.13,1.88
2011.06.10 18:06:32.964,1.9721,1.97285,1.13,1.88
2011.06.10 18:06:34.696,1.97216,1.97291,1.13,1.88
2011.06.10 18:06:35.135,1.97209,1.97287,1.13,1.88
2011.06.10 18:06:35.245,1.97209,1.97287,1.13,1.13
2011.06.10 18:06:37.405,1.97209,1.97287,1.13,1.50
2011.06.10 18:06:38.031,1.97216,1.97291,1.13,1.88
2011.06.10 18:06:45.804,1.97203,1.9728,1.13,1.47
2011.06.10 18:06:49.876,1.97215,1.97292,1.13,1.88
2011.06.10 18:06:57.426,1.97192,1.97268,1.88,1.47
2011.06.10 18:06:57.535,1.97191,1.97261,1.47,1.09
2011.06.10 18:06:58.027,1.97179,1.97256,1.47,1.88
2011.06.10 18:07:04.062,1.97179,1.97256,1.47,1.88
2011.06.10 18:07:04.836,1.97185,1.9726,1.47,1.09
2011.06.10 18:07:04.945,1.97185,1.97249,1.13,1.09
2011.06.10 18:07:05.054,1.97179,1.97249,1.47,1.09
2011.06.10 18:07:07.615,1.97179,1.97249,1.47,1.09
2011.06.10 18:07:07.835,1.97173,1.9725,1.47,2.22
2011.06.10 18:07:12.866,1.97173,1.97246,1.47,1.09
2011.06.10 18:07:16.935,1.97167,1.97244,1.47,1.88
2011.06.10 18:07:17.566,1.97167,1.97244,1.47,1.13
2011.06.10 18:07:17.679,1.9718,1.9724,1.13,1.09
2011.06.10 18:07:17.785,1.9716,1.97232,1.13,1.88
2011.06.10 18:07:17.895,1.97155,1.97232,1.13,1.50
2011.06.10 18:07:18.006,1.97167,1.9724,1.13,1.09
2011.06.10 18:07:20.407,1.97167,1.97232,1.13,2.22
2011.06.10 18:07:20.625,1.97143,1.9722,1.47,1.47
2011.06.10 18:07:20.955,1.97156,1.97226,1.13,1.09
2011.06.10 18:07:25.137,1.97156,1.97223,1.13,2.22
2011.06.10 18:07:25.466,1.97119,1.97196,1.13,1.13
2011.06.10 18:07:25.577,1.97131,1.97208,1.13,1.88
2011.06.10 18:07:27.655,1.97131,1.97188,1.13,1.09
2011.06.10 18:07:28.095,1.97131,1.97202,1.13,1.09
2011.06.10 18:07:30.966,1.97131,1.97196,1.13,1.09
2011.06.10 18:07:31.075,1.97126,1.97196,1.13,1.09
2011.06.10 18:07:34.654,1.97126,1.97201,1.13,1.88
2011.06.10 18:07:34.875,1.97116,1.97189,1.13,1.13
2011.06.10 18:07:35.249,1.97116,1.97189,1.13,1.13
2011.06.10 18:07:35.466,1.97119,1.97196,1.88,1.50
2011.06.10 18:07:35.686,1.97131,1.97204,1.13,1.09
2011.06.10 18:07:36.544,1.97131,1.97204,1.88,1.09
2011.06.10 18:07:39.335,1.97131,1.97204,1.13,1.09
2011.06.10 18:07:39.486,1.97131,1.97204,1.88,1.09
2011.06.10 18:07:39.705,1.97131,1.97208,1.13,1.88
2011.06.10 18:07:39.815,1.97131,1.97208,1.88,1.88
2011.06.10 18:07:40.396,1.97132,1.97209,1.88,1.88
2011.06.10 18:07:41.385,1.97131,1.97208,1.13,1.88
2011.06.10 18:07:41.576,1.97131,1.97208,1.88,1.88
2011.06.10 18:07:41.905,1.97131,1.97208,1.13,1.88
2011.06.10 18:07:42.124,1.97131,1.97208,1.88,1.84
2011.06.10 18:07:42.235,1.97131,1.97208,1.13,1.84
2011.06.10 18:07:42.345,1.97131,1.97208,1.13,1.50
2011.06.10 18:07:42.455,1.9711,1.97197,1.13,1.88
2011.06.10 18:07:42.785,1.97113,1.9719,1.13,1.88
2011.06.10 18:07:43.226,1.9712,1.97195,1.13,1.88
2011.06.10 18:07:45.485,1.9712,1.97195,1.88,1.88
2011.06.10 18:07:45.594,1.9712,1.97195,1.13,1.88
2011.06.10 18:07:46.035,1.97117,1.97194,1.13,1.88
2011.06.10 18:07:46.584,1.97117,1.97194,1.88,1.88
2011.06.10 18:07:46.916,1.97114,1.97191,1.88,1.88
2011.06.10 18:07:47.245,1.97107,1.97184,1.13,1.88
2011.06.10 18:07:47.355,1.97114,1.97189,1.13,1.88
2011.06.10 18:07:47.465,1.97107,1.97184,1.13,1.88
2011.06.10 18:07:48.305,1.97107,1.97184,1.88,1.88
2011.06.10 18:07:49.340,1.97107,1.97184,1.88,1.88
2011.06.10 18:07:49.559,1.97107,1.97184,1.13,1.88
2011.06.10 18:07:49.775,1.97106,1.97181,1.88,1.88
2011.06.10 18:07:50.105,1.97108,1.97183,1.88,1.88
2011.06.10 18:07:50.215,1.97085,1.9716,1.09,1.47
2011.06.10 18:07:50.435,1.97096,1.97171,1.47,2.22
2011.06.10 18:07:53.415,1.97094,1.97163,1.88,1.09
2011.06.10 18:07:54.823,1.9709,1.97165,1.88,1.84
2011.06.10 18:07:54.936,1.9709,1.97165,1.88,1.84
2011.06.10 18:07:55.265,1.97096,1.97166,1.88,1.09
2011.06.10 18:07:55.685,1.97096,1.97171,2.22,1.13
2011.06.10 18:07:55.795,1.97108,1.97183,1.13,1.88
2011.06.10 18:07:56.385,1.97107,1.97182,1.13,1.88
2011.06.10 18:07:56.908,1.97101,1.97178,1.88,1.88
2011.06.10 18:07:57.345,1.97101,1.97178,1.88,1.88
2011.06.10 18:07:57.455,1.97101,1.97178,1.88,1.88
2011.06.10 18:07:57.895,1.97101,1.97178,1.88,1.88
2011.06.10 18:07:58.005,1.97101,1.97178,1.13,1.88
2011.06.10 18:07:58.116,1.97096,1.97171,2.22,1.88
2011.06.10 18:07:58.885,1.97088,1.97166,1.88,1.88
2011.06.10 18:07:58.996,1.97088,1.97166,1.88,1.88
2011.06.10 18:07:59.425,1.97088,1.97166,1.13,1.88
2011.06.10 18:07:59.906,1.97088,1.97166,1.88,1.88
2011.06.10 18:08:00.701,1.97096,1.97171,1.13,1.88
2011.06.10 18:08:01.867,1.97101,1.97177,1.88,1.88
2011.06.10 18:08:01.975,1.97101,1.97177,1.88,1.88
2011.06.10 18:08:02.085,1.971,1.97178,1.13,1.88
2011.06.10 18:08:02.198,1.971,1.97158,1.13,1.09
2011.06.10 18:08:02.416,1.97077,1.97141,1.13,1.09
2011.06.10 18:08:02.636,1.97052,1.9713,1.13,1.13
2011.06.10 18:08:02.856,1.97035,1.97126,1.09,1.13
2011.06.10 18:08:03.075,1.97052,1.9713,1.13,1.13
2011.06.10 18:08:04.255,1.97047,1.97124,1.47,1.13
2011.06.10 18:08:04.695,1.97053,1.97129,1.13,1.13
2011.06.10 18:08:06.035,1.97053,1.97129,1.88,1.13
2011.06.10 18:08:06.179,1.97053,1.97129,1.13,1.13
2011.06.10 18:08:06.287,1.97053,1.97129,1.88,1.13
2011.06.10 18:08:06.396,1.97053,1.97129,1.13,1.13
2011.06.10 18:08:08.150,1.97053,1.97129,1.13,1.50
2011.06.10 18:08:08.365,1.97048,1.97123,1.13,1.13
2011.06.10 18:08:09.269,1.97048,1.97123,1.88,1.13
2011.06.10 18:08:09.438,1.97048,1.97123,1.13,1.13
2011.06.10 18:08:10.055,1.97047,1.97124,1.13,1.13
2011.06.10 18:08:13.404,1.97059,1.97136,1.13,1.13
2011.06.10 18:08:13.956,1.97052,1.9713,1.13,1.13
2011.06.10 18:08:14.470,1.97052,1.9713,1.88,1.13
2011.06.10 18:08:15.625,1.97052,1.9713,1.88,1.13
2011.06.10 18:08:16.065,1.97059,1.97136,1.13,1.13
2011.06.10 18:08:16.505,1.97052,1.9713,1.88,1.13
2011.06.10 18:08:16.615,1.97052,1.9713,1.13,1.13
2011.06.10 18:08:16.975,1.97052,1.9713,1.13,1.88
2011.06.10 18:08:17.086,1.97029,1.97105,1.88,1.88
2011.06.10 18:08:17.935,1.97029,1.97105,1.88,1.88
2011.06.10 18:08:18.604,1.97037,1.97111,1.13,1.88
2011.06.10 18:08:19.013,1.97037,1.97111,1.13,1.88
2011.06.10 18:08:19.236,1.97032,1.97106,1.88,1.50
2011.06.10 18:08:20.754,1.97036,1.97112,1.13,1.88
2011.06.10 18:08:22.257,1.97034,1.97111,1.88,1.88
2011.06.10 18:08:24.415,1.97035,1.97111,1.09,1.88
2011.06.10 18:08:25.404,1.97037,1.97111,1.47,1.50
2011.06.10 18:08:26.207,1.97043,1.97117,1.47,1.88
2011.06.10 18:08:28.135,1.97036,1.97111,1.47,1.09
2011.06.10 18:08:28.467,1.97037,1.97111,1.47,2.22
2011.06.10 18:08:31.335,1.97037,1.97111,1.47,2.22
2011.06.10 18:08:31.666,1.97037,1.97111,1.13,1.13
2011.06.10 18:08:31.886,1.97037,1.97111,1.13,1.88
2011.06.10 18:08:32.215,1.97024,1.971,1.88,1.88
2011.06.10 18:08:33.017,1.97024,1.971,1.88,1.88
2011.06.10 18:08:36.307,1.97036,1.97112,1.47,1.88
2011.06.10 18:08:36.415,1.97036,1.97112,1.47,1.13
2011.06.10 18:08:36.636,1.97048,1.97123,1.13,1.88
2011.06.10 18:08:40.185,1.97048,1.97123,1.88,1.88
2011.06.10 18:08:41.057,1.97048,1.97123,1.13,1.88
2011.06.10 18:08:41.325,1.97048,1.97123,1.88,1.88
2011.06.10 18:08:41.435,1.97048,1.97123,1.13,1.88
2011.06.10 18:08:41.816,1.97048,1.97123,1.88,1.88
2011.06.10 18:08:42.175,1.97048,1.97123,1.13,1.88
2011.06.10 18:08:42.284,1.97048,1.97123,1.88,1.88
2011.06.10 18:08:42.808,1.97048,1.97123,1.88,1.88
2011.06.10 18:08:43.355,1.97041,1.97118,1.88,1.88
2011.06.10 18:08:43.466,1.97041,1.97118,1.88,1.50
2011.06.10 18:08:43.575,1.97048,1.97123,1.13,1.88
2011.06.10 18:08:44.072,1.97048,1.97123,1.88,1.88
2011.06.10 18:08:45.405,1.97048,1.97123,1.13,1.88
2011.06.10 18:08:46.080,1.97041,1.97118,1.88,1.88
2011.06.10 18:08:48.118,1.97041,1.97118,1.88,1.88
2011.06.10 18:08:48.225,1.97041,1.97118,1.88,1.50
2011.06.10 18:08:48.885,1.97048,1.97123,1.13,1.88
2011.06.10 18:08:49.818,1.97048,1.97123,1.88,1.88
2011.06.10 18:08:50.515,1.97041,1.97118,1.88,1.50
2011.06.10 18:08:50.626,1.97041,1.97118,1.88,1.88
2011.06.10 18:08:53.395,1.97041,1.97118,1.88,1.50
2011.06.10 18:08:53.615,1.97047,1.97124,1.13,1.88
2011.06.10 18:08:57.104,1.97047,1.97124,1.47,1.88
2011.06.10 18:08:59.904,1.97047,1.97124,1.47,1.88
2011.06.10 18:09:01.613,1.97041,1.97118,1.47,1.50
2011.06.10 18:09:02.285,1.97046,1.97118,1.09,1.88
2011.06.10 18:09:03.487,1.97041,1.97118,1.47,1.88
2011.06.10 18:09:03.706,1.97041,1.97118,1.47,1.88
2011.06.10 18:09:04.046,1.97026,1.97104,1.09,1.88
2011.06.10 18:09:05.337,1.97025,1.97103,1.84,1.88
2011.06.10 18:09:05.445,1.97019,1.97103,1.47,1.88
2011.06.10 18:09:05.885,1.97016,1.97088,1.09,1.88
2011.06.10 18:09:06.405,1.97021,1.97102,1.13,1.88
2011.06.10 18:09:06.626,1.97027,1.97103,1.84,1.13
2011.06.10 18:09:06.845,1.97045,1.97137,1.47,1.13
2011.06.10 18:09:07.556,1.97044,1.97137,1.13,1.13
2011.06.10 18:09:07.666,1.97044,1.97137,1.13,1.88
2011.06.10 18:09:07.776,1.97004,1.97081,1.13,1.88
2011.06.10 18:09:07.996,1.97011,1.97081,1.50,1.13
2011.06.10 18:09:08.216,1.97041,1.97117,1.13,1.13
2011.06.10 18:09:08.326,1.97041,1.97117,1.47,1.13
2011.06.10 18:09:08.986,1.97045,1.97137,1.47,1.13
2011.06.10 18:09:09.096,1.97045,1.97137,1.47,1.88
2011.06.10 18:09:09.490,1.97041,1.97117,1.47,1.13
2011.06.10 18:09:19.086,1.97048,1.97123,1.47,1.13
2011.06.10 18:09:20.025,1.97041,1.97117,1.47,1.13
2011.06.10 18:09:22.505,1.97041,1.97118,1.47,1.13
2011.06.10 18:09:22.727,1.97048,1.97123,1.47,1.13
2011.06.10 18:09:26.818,1.97042,1.97117,1.47,1.13
2011.06.10 18:09:27.147,1.9704,1.97117,1.47,1.50
2011.06.10 18:09:27.476,1.97036,1.97113,1.47,1.13
2011.06.10 18:09:27.805,1.97036,1.97111,1.47,1.13
2011.06.10 18:09:29.867,1.97036,1.97111,1.47,1.13
2011.06.10 18:09:30.418,1.97024,1.97099,1.47,1.13
2011.06.10 18:09:32.371,1.97029,1.97105,1.47,1.50
2011.06.10 18:09:32.589,1.97036,1.97111,1.47,1.13
2011.06.10 18:09:34.405,1.97041,1.97118,1.13,1.13
2011.06.10 18:09:34.515,1.97041,1.97118,1.47,1.13
2011.06.10 18:09:34.626,1.97048,1.97123,1.47,1.13
2011.06.10 18:09:48.013,1.97049,1.97125,1.47,1.13
2011.06.10 18:09:48.837,1.97047,1.97124,1.47,1.13
2011.06.10 18:09:52.115,1.97056,1.97132,1.47,1.50
2011.06.10 18:09:52.445,1.97048,1.97123,1.47,1.13
2011.06.10 18:09:53.219,1.9705,1.97124,1.47,1.13
2011.06.10 18:09:54.090,1.97051,1.97128,1.47,1.50
2011.06.10 18:09:54.306,1.97048,1.97123,1.47,1.13
2011.06.10 18:09:54.615,1.97041,1.97118,1.47,1.13
2011.06.10 18:09:55.055,1.97047,1.97124,1.47,1.13
2011.06.10 18:10:13.947,1.97047,1.97124,1.47,1.50
2011.06.10 18:10:14.057,1.97041,1.97117,1.47,1.13
2011.06.10 18:10:14.386,1.97037,1.97111,1.84,1.13
2011.06.10 18:10:16.646,1.9704,1.97118,1.47,1.13
2011.06.10 18:10:23.356,1.97048,1.97123,1.47,1.50
2011.06.10 18:10:23.575,1.97041,1.97117,1.47,1.13
2011.06.10 18:10:28.611,1.97051,1.97125,1.47,1.50
2011.06.10 18:10:28.727,1.97041,1.97117,1.47,1.13
2011.06.10 18:10:28.946,1.97041,1.97117,3.00,1.13
2011.06.10 18:10:29.055,1.97064,1.97142,1.13,1.88
2011.06.10 18:10:29.385,1.97066,1.97143,1.13,1.88
2011.06.10 18:10:30.947,1.97075,1.97149,1.13,1.88
2011.06.10 18:10:31.275,1.97076,1.97151,1.13,1.88
2011.06.10 18:10:31.387,1.97074,1.9715,1.13,1.88
2011.06.10 18:10:31.915,1.97074,1.9715,1.13,1.88
2011.06.10 18:10:32.025,1.97086,1.97154,1.13,1.09
2011.06.10 18:10:32.356,1.97074,1.9715,1.13,1.88
2011.06.10 18:10:32.685,1.97063,1.97137,1.13,2.22
2011.06.10 18:10:33.015,1.97056,1.97132,1.13,1.88
2011.06.10 18:10:33.564,1.97057,1.97131,1.13,1.88
2011.06.10 18:10:33.675,1.97057,1.97131,1.13,1.88
2011.06.10 18:10:34.040,1.97045,1.97119,1.47,1.13
2011.06.10 18:10:34.149,1.97032,1.97108,1.13,1.88
2011.06.10 18:10:35.565,1.97033,1.9711,1.13,1.88
2011.06.10 18:10:45.086,1.97029,1.97105,1.13,1.88
2011.06.10 18:10:45.195,1.97031,1.97106,1.13,1.88
2011.06.10 18:10:45.415,1.97028,1.97106,1.13,1.88
2011.06.10 18:10:46.016,1.97029,1.97106,1.13,1.88
2011.06.10 18:10:46.235,1.97036,1.97111,1.13,1.88
2011.06.10 18:10:46.917,1.97036,1.97111,1.13,1.88
2011.06.10 18:10:47.215,1.9703,1.97107,1.13,1.88
2011.06.10 18:10:47.327,1.97035,1.9711,1.13,1.88
2011.06.10 18:10:50.315,1.97039,1.97113,1.13,1.88
2011.06.10 18:10:50.645,1.97033,1.97107,1.13,1.88
2011.06.10 18:10:51.495,1.9703,1.97107,1.13,1.88
2011.06.10 18:10:52.664,1.97028,1.97101,1.09,1.13
2011.06.10 18:10:52.779,1.97043,1.97118,1.13,1.13
2011.06.10 18:10:52.887,1.97065,1.97141,1.13,1.13
2011.06.10 18:10:52.996,1.97076,1.97144,1.13,1.13
2011.06.10 18:10:53.757,1.97077,1.97144,1.13,1.13
2011.06.10 18:10:54.305,1.97078,1.97155,1.13,1.88
2011.06.10 18:10:54.416,1.97078,1.97155,1.13,1.88
2011.06.10 18:10:54.745,1.97084,1.97159,1.13,1.88
2011.06.10 18:10:56.147,1.97084,1.97159,1.88,1.88
2011.06.10 18:11:00.778,1.97084,1.97159,1.13,1.88
2011.06.10 18:11:00.928,1.97084,1.97159,1.88,1.88
2011.06.10 18:11:04.502,1.97084,1.97159,1.13,1.88
2011.06.10 18:11:05.486,1.97082,1.97156,1.13,1.88
2011.06.10 18:11:06.191,1.97081,1.97155,1.47,1.88
2011.06.10 18:11:06.756,1.97084,1.97159,1.13,1.88
2011.06.10 18:11:06.975,1.9708,1.97156,1.47,1.88
2011.06.10 18:11:07.195,1.97083,1.9716,1.13,1.88
2011.06.10 18:11:09.190,1.9708,1.97156,1.47,1.88
2011.06.10 18:11:09.405,1.9708,1.97156,1.47,1.88
2011.06.10 18:11:09.516,1.97083,1.9716,1.13,1.88
2011.06.10 18:11:10.348,1.97083,1.9716,1.13,1.88
2011.06.10 18:11:10.566,1.9708,1.97156,1.47,1.88
2011.06.10 18:11:11.646,1.97082,1.97145,1.13,1.09
2011.06.10 18:11:11.867,1.97061,1.9713,1.84,1.13
2011.06.10 18:11:12.086,1.9707,1.97142,1.47,1.13
2011.06.10 18:11:12.196,1.97083,1.97131,1.13,1.13
2011.06.10 18:11:12.306,1.97091,1.97145,1.13,1.84
2011.06.10 18:11:12.636,1.97091,1.97144,1.13,1.09
2011.06.10 18:11:12.856,1.97086,1.97137,1.13,1.50
2011.06.10 18:11:13.455,1.97084,1.97137,1.13,1.50
2011.06.10 18:11:13.988,1.97084,1.97135,1.13,1.13
2011.06.10 18:11:29.806,1.97083,1.97134,1.13,1.13
2011.06.10 18:11:29.916,1.97084,1.97137,1.13,1.50
2011.06.10 18:11:31.457,1.97084,1.97135,1.13,1.13
2011.06.10 18:11:39.771,1.97089,1.9714,1.13,1.50
2011.06.10 18:11:43.897,1.97089,1.9714,1.13,1.13
2011.06.10 18:11:44.116,1.97089,1.9715,1.13,1.88
2011.06.10 18:11:45.306,1.97088,1.97141,1.13,1.88
2011.06.10 18:11:46.406,1.97088,1.97141,1.47,1.13
2011.06.10 18:11:46.515,1.97095,1.97172,1.47,1.13
2011.06.10 18:11:46.625,1.97095,1.97181,1.13,1.13
2011.06.10 18:12:03.126,1.97095,1.97181,1.88,1.13
2011.06.10 18:12:03.235,1.97097,1.9719,1.13,2.25
2011.06.10 18:12:04.415,1.97097,1.9719,1.13,1.50
2011.06.10 18:12:04.766,1.97095,1.97181,1.88,1.13
2011.06.10 18:12:07.815,1.97097,1.9719,1.13,1.13
2011.06.10 18:12:08.145,1.97108,1.97193,1.13,1.13
2011.06.10 18:12:15.635,1.97108,1.97193,1.13,1.88
2011.06.10 18:12:15.965,1.97103,1.97173,1.13,1.13
2011.06.10 18:12:19.070,1.97105,1.97183,1.13,1.50
2011.06.10 18:12:25.415,1.97105,1.97183,1.13,1.88
2011.06.10 18:12:25.747,1.97103,1.97173,1.13,1.13
2011.06.10 18:12:25.857,1.97108,1.97193,1.13,1.13
2011.06.10 18:12:26.656,1.97096,1.97191,1.88,1.88
2011.06.10 18:12:26.987,1.97106,1.97191,1.13,1.88
2011.06.10 18:12:27.316,1.97105,1.97183,1.13,1.88
2011.06.10 18:12:27.716,1.97104,1.97172,1.13,1.13
2011.06.10 18:12:29.676,1.97093,1.9717,1.13,1.13
2011.06.10 18:12:30.756,1.97104,1.97172,1.13,1.13
2011.06.10 18:12:36.926,1.97104,1.97172,1.47,1.13
2011.06.10 18:12:37.038,1.97107,1.97194,2.25,1.13
2011.06.10 18:12:37.146,1.9711,1.97191,1.13,1.13
2011.06.10 18:12:37.476,1.97138,1.97197,1.13,1.88
2011.06.10 18:12:45.317,1.97138,1.97197,1.13,1.88
2011.06.10 18:12:45.646,1.97135,1.97189,1.13,1.50
2011.06.10 18:12:47.186,1.9714,1.97208,1.13,1.13
2011.06.10 18:12:49.554,1.97141,1.97218,1.13,1.50
2011.06.10 18:12:49.674,1.97141,1.97218,1.13,1.88
2011.06.10 18:12:50.117,1.97149,1.972,1.13,1.50
2011.06.10 18:12:53.276,1.97149,1.972,1.13,1.50
2011.06.10 18:12:53.385,1.97107,1.97194,1.47,1.13
2011.06.10 18:12:53.834,1.97109,1.97194,1.09,1.13
2011.06.10 18:12:54.174,1.97148,1.97201,1.13,1.50
2011.06.10 18:12:54.617,1.97152,1.9722,1.13,1.13
2011.06.10 18:12:59.390,1.97152,1.9722,1.13,1.50
2011.06.10 18:12:59.509,1.97146,1.97214,1.13,1.13
2011.06.10 18:12:59.617,1.97146,1.97214,1.13,1.50
2011.06.10 18:12:59.727,1.97139,1.97209,1.13,1.13
2011.06.10 18:13:01.085,1.97144,1.97214,1.13,1.50
2011.06.10 18:13:04.929,1.97145,1.97213,1.13,1.50
2011.06.10 18:13:05.840,1.9715,1.97218,1.13,1.88
2011.06.10 18:13:05.950,1.97139,1.97209,1.13,1.13
2011.06.10 18:13:06.656,1.97141,1.97218,1.13,1.13
2011.06.10 18:13:06.876,1.97152,1.9722,1.13,1.13
2011.06.10 18:13:06.985,1.97153,1.9723,1.13,1.13
2011.06.10 18:13:08.166,1.97152,1.9722,1.13,1.13
2011.06.10 18:13:13.916,1.97141,1.97218,1.13,1.50
2011.06.10 18:13:21.248,1.97142,1.97216,1.13,1.13
2011.06.10 18:13:22.666,1.97142,1.97217,1.13,1.13
2011.06.10 18:13:23.078,1.97151,1.97221,1.13,1.13
2011.06.10 18:13:25.414,1.97151,1.97221,1.13,1.88
2011.06.10 18:13:25.637,1.97149,1.972,1.13,1.13
2011.06.10 18:13:25.746,1.9715,1.97209,1.13,1.88
2011.06.10 18:13:27.706,1.97149,1.972,1.13,1.50
2011.06.10 18:13:30.488,1.97149,1.972,1.13,1.13
2011.06.10 18:13:30.706,1.97142,1.97217,1.13,1.13
2011.06.10 18:13:31.037,1.97142,1.97217,1.13,1.88
2011.06.10 18:13:31.704,1.97148,1.97201,1.13,1.50
2011.06.10 18:13:32.347,1.97148,1.97201,1.13,1.13
2011.06.10 18:13:32.915,1.97139,1.97209,1.13,1.13
2011.06.10 18:13:34.835,1.97141,1.97218,1.13,1.13
2011.06.10 18:13:38.885,1.97141,1.97218,1.13,1.88
2011.06.10 18:13:39.216,1.9714,1.97208,1.13,1.13
2011.06.10 18:13:39.326,1.97142,1.97217,1.13,1.13
2011.06.10 18:13:40.643,1.97149,1.972,1.13,1.50
2011.06.10 18:13:43.226,1.97149,1.972,1.13,1.13
2011.06.10 18:13:43.445,1.97149,1.9721,1.13,1.88
2011.06.10 18:13:44.006,1.97149,1.9721,1.13,1.50
2011.06.10 18:13:44.116,1.97149,1.9721,1.13,1.88
2011.06.10 18:13:44.225,1.9713,1.97205,1.13,1.50
2011.06.10 18:13:44.335,1.97149,1.9721,1.13,1.88
2011.06.10 18:13:51.583,1.97149,1.9721,1.13,1.88
2011.06.10 18:13:52.638,1.97148,1.97201,1.13,1.50
2011.06.10 18:13:52.968,1.97151,1.97204,1.13,1.50
2011.06.10 18:13:53.077,1.97149,1.972,1.13,1.13
2011.06.10 18:13:53.503,1.9715,1.97209,1.13,1.88
2011.06.10 18:13:56.075,1.9715,1.97209,1.13,1.50
2011.06.10 18:13:56.406,1.9713,1.97205,1.47,1.13
2011.06.10 18:13:57.869,1.9713,1.97205,1.13,1.13
2011.06.10 18:13:59.026,1.97132,1.97207,1.13,1.13
2011.06.10 18:13:59.413,1.97134,1.97206,1.13,1.13
2011.06.10 18:13:59.778,1.97139,1.97209,1.13,1.13
2011.06.10 18:14:00.106,1.97135,1.97208,1.13,1.50
2011.06.10 18:14:00.459,1.97133,1.97206,1.13,1.13
2011.06.10 18:14:03.006,1.97133,1.97207,1.13,1.50
2011.06.10 18:14:03.666,1.97134,1.97207,1.13,1.50
2011.06.10 18:14:03.776,1.97136,1.97207,1.13,1.50
2011.06.10 18:14:05.187,1.97135,1.97206,1.13,1.13
2011.06.10 18:14:05.527,1.97135,1.97189,1.13,1.09
2011.06.10 18:14:05.635,1.97125,1.97172,1.13,1.50
2011.06.10 18:14:06.616,1.97126,1.97171,1.13,1.88
2011.06.10 18:14:06.835,1.97109,1.97162,1.13,1.88
2011.06.10 18:14:07.551,1.97109,1.97161,1.13,1.09
2011.06.10 18:14:07.656,1.97048,1.97151,1.13,1.47
2011.06.10 18:14:07.986,1.97048,1.9715,1.13,1.09
2011.06.10 18:14:08.315,1.97063,1.97136,1.13,1.50
2011.06.10 18:14:09.039,1.97064,1.97136,1.13,1.50
2011.06.10 18:14:10.248,1.97065,1.97136,1.13,1.13
2011.06.10 18:14:10.577,1.97086,1.97156,1.13,1.13
2011.06.10 18:14:10.686,1.97069,1.97147,1.13,1.13
2011.06.10 18:14:11.017,1.9708,1.9715,1.13,1.13
2011.06.10 18:14:15.827,1.97083,1.97151,1.13,1.13
2011.06.10 18:14:16.157,1.97082,1.97152,1.13,1.88
2011.06.10 18:14:16.487,1.97093,1.97161,1.13,1.88
2011.06.10 18:14:17.202,1.97094,1.97151,1.13,1.50
2011.06.10 18:14:17.638,1.971,1.97154,1.13,1.88
2011.06.10 18:14:18.077,1.9708,1.9715,1.13,1.13
2011.06.10 18:14:18.406,1.97101,1.97153,1.13,1.50
2011.06.10 18:14:18.847,1.97101,1.97153,1.13,1.13
2011.06.10 18:14:18.955,1.97104,1.97174,1.13,1.47
2011.06.10 18:14:19.177,1.97104,1.97174,1.13,1.13
2011.06.10 18:14:21.828,1.97079,1.97138,1.13,1.13
2011.06.10 18:14:22.266,1.97082,1.97158,1.13,1.13
2011.06.10 18:14:23.136,1.97086,1.9716,1.13,1.13
2011.06.10 18:14:23.466,1.97092,1.97162,1.13,1.13
2011.06.10 18:14:24.267,1.9709,1.97164,1.13,1.50
2011.06.10 18:14:24.696,1.9709,1.97164,1.13,1.50
2011.06.10 18:14:24.806,1.97083,1.97158,1.13,1.13
2011.06.10 18:14:25.025,1.97089,1.97165,1.13,1.50
2011.06.10 18:14:25.708,1.97089,1.97165,1.50,1.13
2011.06.10 18:14:26.038,1.97114,1.97177,1.13,1.88
2011.06.10 18:14:26.146,1.97114,1.97177,1.13,1.50
2011.06.10 18:14:26.366,1.9712,1.97183,1.13,1.88
2011.06.10 18:14:26.763,1.9712,1.97183,1.13,1.88
2011.06.10 18:14:26.876,1.97117,1.9718,1.47,1.88
2011.06.10 18:14:26.985,1.97117,1.9718,1.47,1.50
2011.06.10 18:14:27.316,1.97129,1.97192,1.13,1.88
2011.06.10 18:14:27.426,1.97129,1.97192,1.13,1.88
2011.06.10 18:14:27.536,1.97155,1.9722,1.13,1.88
2011.06.10 18:14:28.696,1.97153,1.97216,1.13,1.88
2011.06.10 18:14:29.787,1.97154,1.97217,1.13,1.88
2011.06.10 18:14:30.725,1.97153,1.97216,1.13,1.88
2011.06.10 18:14:31.248,1.97153,1.97216,1.13,1.88
2011.06.10 18:14:31.358,1.97156,1.97219,1.13,1.88
2011.06.10 18:14:31.468,1.9716,1.97223,1.13,1.50
2011.06.10 18:14:31.795,1.97169,1.97232,1.13,1.88
2011.06.10 18:14:32.136,1.97145,1.97208,1.13,1.88
2011.06.10 18:14:32.477,1.97145,1.97208,1.13,1.88
2011.06.10 18:14:32.589,1.97138,1.97202,1.13,1.88
2011.06.10 18:14:32.915,1.97132,1.97195,1.88,1.88
2011.06.10 18:14:33.355,1.97132,1.97195,1.13,1.88
2011.06.10 18:14:33.466,1.97132,1.97195,1.13,1.88
2011.06.10 18:14:33.578,1.97129,1.97194,1.13,1.88
2011.06.10 18:14:34.132,1.9713,1.97193,1.13,1.88
2011.06.10 18:14:34.238,1.9713,1.97193,1.13,1.88
2011.06.10 18:14:34.348,1.97136,1.97201,1.13,1.88
2011.06.10 18:14:34.457,1.97132,1.97202,1.13,1.88
2011.06.10 18:14:34.676,1.97128,1.97193,1.13,1.88
2011.06.10 18:14:38.276,1.97129,1.97194,1.13,1.88
2011.06.10 18:14:42.897,1.9713,1.97193,1.13,1.88
2011.06.10 18:14:44.327,1.97129,1.97192,1.13,1.88
2011.06.10 18:14:45.275,1.97131,1.97196,1.13,1.88
2011.06.10 18:14:46.406,1.97133,1.97198,1.13,1.88
2011.06.10 18:14:46.956,1.97129,1.97192,1.13,1.88
2011.06.10 18:14:47.777,1.9713,1.97193,1.13,1.88
2011.06.10 18:14:48.716,1.9713,1.97193,1.13,1.88
2011.06.10 18:14:48.827,1.97124,1.97187,1.13,1.88
2011.06.10 18:14:49.269,1.97132,1.97195,1.13,1.88
2011.06.10 18:14:49.377,1.97134,1.97196,1.13,1.09
2011.06.10 18:14:49.716,1.97135,1.97196,1.13,1.09
2011.06.10 18:14:50.047,1.97142,1.97205,1.13,1.88
2011.06.10 18:14:50.376,1.97136,1.97199,1.13,1.88
2011.06.10 18:14:51.916,1.97136,1.97199,1.13,1.88
2011.06.10 18:14:52.136,1.97129,1.97192,1.13,1.88
2011.06.10 18:14:53.787,1.9713,1.97195,1.13,1.88
2011.06.10 18:14:55.439,1.97135,1.97196,1.13,1.09
2011.06.10 18:14:55.876,1.9713,1.97195,1.13,1.88
2011.06.10 18:14:58.677,1.9713,1.97183,1.13,1.09
2011.06.10 18:14:58.896,1.97106,1.97171,1.13,1.88
2011.06.10 18:14:59.116,1.97094,1.97159,1.13,1.88
2011.06.10 18:15:00.166,1.97094,1.97154,1.13,1.09
2011.06.10 18:15:00.496,1.97082,1.97147,1.13,1.88
2011.06.10 18:15:01.435,1.97082,1.97147,1.13,1.88
2011.06.10 18:15:01.656,1.97077,1.9714,1.13,1.88
2011.06.10 18:15:04.526,1.97081,1.97144,1.13,1.88
2011.06.10 18:15:05.125,1.97082,1.97145,1.13,1.88
2011.06.10 18:15:06.107,1.97076,1.97141,1.13,1.88
2011.06.10 18:15:08.635,1.97081,1.97144,1.13,1.88
2011.06.10 18:15:10.276,1.97077,1.9714,1.13,1.88
2011.06.10 18:15:13.416,1.97077,1.9714,1.13,1.13
2011.06.10 18:15:13.635,1.97062,1.97148,1.13,1.13
2011.06.10 18:15:13.746,1.97062,1.97148,1.13,1.88
2011.06.10 18:15:13.966,1.97057,1.97134,1.13,1.88
2011.06.10 18:15:14.076,1.97076,1.97141,1.13,1.88
2011.06.10 18:15:14.627,1.97072,1.97135,1.13,1.88
2011.06.10 18:15:14.846,1.97072,1.97135,1.13,1.50
2011.06.10 18:15:14.957,1.97076,1.97142,1.13,1.88
2011.06.10 18:15:15.450,1.97064,1.9713,1.13,1.88
2011.06.10 18:15:15.556,1.97059,1.97124,1.13,1.88
2011.06.10 18:15:19.757,1.97059,1.97113,1.13,1.09
2011.06.10 18:15:19.867,1.97052,1.97113,1.13,1.09
2011.06.10 18:15:19.977,1.97054,1.97113,1.13,1.09
2011.06.10 18:15:20.489,1.97053,1.97113,1.13,1.09
2011.06.10 18:15:21.135,1.97054,1.97119,1.13,1.47
2011.06.10 18:15:21.246,1.9706,1.97135,1.13,1.50
2011.06.10 18:15:21.466,1.97057,1.97135,1.13,1.50
2011.06.10 18:15:21.576,1.97063,1.97135,1.13,1.13
2011.06.10 18:15:21.796,1.97059,1.97136,1.13,1.13
2011.06.10 18:15:22.016,1.97061,1.97149,1.13,1.47
2011.06.10 18:15:22.127,1.97064,1.97153,1.13,1.47
2011.06.10 18:15:23.711,1.97059,1.97153,1.13,1.47
2011.06.10 18:15:23.818,1.97063,1.97156,1.13,2.59
2011.06.10 18:15:25.947,1.9706,1.97152,1.13,1.47
2011.06.10 18:15:26.776,1.97064,1.97155,1.13,1.47
2011.06.10 18:15:26.997,1.97062,1.97154,1.13,1.47
2011.06.10 18:15:27.217,1.97069,1.9716,1.13,1.47
2011.06.10 18:15:27.326,1.97069,1.9716,1.13,1.13
2011.06.10 18:15:27.436,1.97073,1.97164,1.13,1.47
2011.06.10 18:15:27.765,1.97077,1.97169,1.13,1.47
2011.06.10 18:15:28.879,1.97076,1.97168,1.13,1.47
2011.06.10 18:15:29.557,1.97073,1.97167,1.13,1.47
2011.06.10 18:15:32.677,1.97075,1.97169,1.13,1.47
2011.06.10 18:15:33.254,1.97076,1.9717,1.13,1.47
2011.06.10 18:15:33.366,1.97073,1.97167,1.13,1.47
2011.06.10 18:15:34.136,1.97075,1.97175,1.88,1.47
2011.06.10 18:15:36.606,1.97086,1.97178,1.13,1.47
2011.06.10 18:15:40.527,1.9708,1.97173,1.13,1.47
2011.06.10 18:15:43.626,1.97074,1.97167,1.13,1.47
2011.06.10 18:15:44.205,1.9708,1.97173,1.13,1.47
2011.06.10 18:15:44.459,1.97075,1.97166,1.13,1.47
2011.06.10 18:15:46.576,1.97068,1.97161,1.13,1.13
2011.06.10 18:15:46.686,1.97063,1.97156,1.47,1.13
2011.06.10 18:15:47.212,1.97068,1.97161,1.13,1.13
2011.06.10 18:15:50.085,1.97068,1.97161,1.13,1.50
2011.06.10 18:15:50.437,1.97062,1.97154,1.13,1.47
2011.06.10 18:15:57.157,1.97065,1.97159,1.13,1.13
2011.06.10 18:15:57.266,1.97074,1.97165,1.13,1.09
2011.06.10 18:15:58.646,1.97075,1.97166,1.13,1.47
2011.06.10 18:15:59.547,1.97074,1.97166,1.13,1.47
2011.06.10 18:16:02.646,1.97074,1.97166,1.13,1.13
2011.06.10 18:16:02.755,1.97076,1.97168,1.13,1.13
2011.06.10 18:16:02.976,1.97073,1.97167,1.13,1.13
2011.06.10 18:16:03.087,1.9708,1.97173,1.13,1.13
2011.06.10 18:16:03.527,1.97086,1.97178,1.13,1.13
2011.06.10 18:16:10.437,1.97086,1.97178,1.13,1.13
2011.06.10 18:16:11.314,1.97091,1.97182,1.13,1.47
2011.06.10 18:16:11.429,1.97084,1.97178,1.13,2.25
2011.06.10 18:16:12.155,1.97084,1.97177,1.13,1.13
2011.06.10 18:16:12.377,1.97074,1.97166,1.13,1.13
2011.06.10 18:16:12.705,1.97069,1.9716,1.13,1.13
2011.06.10 18:16:19.547,1.97073,1.97167,1.13,1.13
2011.06.10 18:16:27.185,1.97073,1.97167,1.13,1.50
2011.06.10 18:16:29.000,1.97069,1.9716,1.13,1.13
2011.06.10 18:16:29.437,1.97062,1.97154,1.13,1.13
2011.06.10 18:16:39.110,1.97062,1.97154,1.88,1.13
2011.06.10 18:16:39.856,1.97069,1.9716,1.13,1.13
2011.06.10 18:16:39.966,1.97075,1.97173,1.13,2.25
2011.06.10 18:16:41.607,1.97074,1.97176,1.88,1.13
2011.06.10 18:16:42.526,1.97074,1.97176,1.13,1.13
2011.06.10 18:16:43.150,1.97081,1.97177,1.13,1.13
2011.06.10 18:16:43.257,1.97081,1.97179,1.13,1.50
2011.06.10 18:16:43.477,1.97085,1.97179,1.13,1.13
2011.06.10 18:16:44.098,1.97082,1.97178,1.13,2.25
2011.06.10 18:16:44.350,1.97082,1.97178,1.13,3.00
2011.06.10 18:16:44.677,1.97076,1.9717,1.13,1.13
2011.06.10 18:16:46.248,1.97074,1.97168,1.13,1.13
2011.06.10 18:16:46.576,1.97077,1.97169,1.13,1.13
2011.06.10 18:16:46.686,1.97078,1.97171,1.13,1.13
2011.06.10 18:16:49.416,1.97081,1.97172,1.13,2.63
2011.06.10 18:16:49.862,1.97069,1.9716,1.13,1.13
2011.06.10 18:16:49.969,1.97074,1.97166,1.13,2.25
2011.06.10 18:16:51.064,1.97075,1.97167,1.13,1.13
2011.06.10 18:16:53.136,1.97077,1.97169,1.13,1.13
2011.06.10 18:16:53.465,1.97072,1.97135,1.13,1.88
2011.06.10 18:16:53.798,1.97072,1.97135,1.13,1.88
2011.06.10 18:16:53.906,1.97068,1.97131,1.13,1.88
2011.06.10 18:16:56.670,1.97068,1.97131,1.13,1.88
2011.06.10 18:16:56.997,1.97066,1.97131,1.13,1.88
2011.06.10 18:16:57.106,1.9706,1.97123,1.13,1.88
2011.06.10 18:16:57.217,1.9706,1.97123,1.13,1.88
2011.06.10 18:16:57.436,1.97054,1.97118,1.13,1.88
2011.06.10 18:16:59.307,1.97058,1.97123,1.13,1.88
2011.06.10 18:16:59.795,1.97058,1.97123,1.13,1.88
2011.06.10 18:17:00.464,1.9706,1.97123,1.13,1.88
2011.06.10 18:17:04.977,1.9706,1.97123,1.13,1.88
2011.06.10 18:17:05.197,1.97053,1.97119,1.13,1.88
2011.06.10 18:17:05.307,1.97059,1.97122,1.13,1.88
2011.06.10 18:17:05.815,1.97058,1.97123,1.13,1.88
2011.06.10 18:17:06.148,1.97053,1.97119,1.13,1.88
2011.06.10 18:17:06.696,1.97053,1.97119,1.13,1.88
2011.06.10 18:17:06.916,1.9706,1.97123,1.13,1.88
2011.06.10 18:17:10.572,1.9706,1.97123,1.13,1.88
2011.06.10 18:17:10.896,1.97055,1.97118,1.13,1.88
2011.06.10 18:17:11.007,1.97059,1.97124,1.13,1.88
2011.06.10 18:17:12.785,1.97048,1.97111,1.13,1.88
2011.06.10 18:17:16.187,1.97054,1.97117,1.13,1.88
2011.06.10 18:17:29.418,1.97054,1.97107,1.13,1.09
2011.06.10 18:17:29.525,1.97042,1.97105,1.13,1.88
2011.06.10 18:17:29.636,1.97042,1.97105,1.13,1.13
2011.06.10 18:17:29.747,1.97051,1.97112,1.13,1.09
2011.06.10 18:17:30.076,1.97054,1.97112,1.13,1.09
2011.06.10 18:17:30.408,1.97054,1.97117,1.13,1.13
2011.06.10 18:17:30.627,1.97057,1.9712,1.13,1.50
2011.06.10 18:17:30.956,1.97067,1.9713,1.13,1.88
2011.06.10 18:17:31.406,1.97067,1.9713,1.13,1.50
2011.06.10 18:17:31.517,1.97072,1.97132,1.13,1.09
2011.06.10 18:17:32.056,1.97067,1.9713,1.13,1.88
2011.06.10 18:17:33.617,1.97067,1.97124,1.13,1.09
2011.06.10 18:17:33.946,1.97067,1.97119,1.13,1.09
2011.06.10 18:17:34.165,1.97061,1.97119,1.13,1.09
2011.06.10 18:17:35.158,1.97061,1.97112,1.13,1.09
2011.06.10 18:17:35.376,1.97055,1.97112,1.13,1.09
2011.06.10 18:17:35.596,1.97055,1.97108,1.13,1.09
2011.06.10 18:17:36.684,1.97054,1.97108,1.13,1.09
2011.06.10 18:17:39.127,1.97054,1.97119,1.13,1.88
2011.06.10 18:17:41.606,1.97055,1.97119,1.13,1.88
2011.06.10 18:17:42.897,1.97051,1.97116,1.13,1.88
2011.06.10 18:17:43.116,1.97051,1.97116,1.13,1.88
2011.06.10 18:17:43.336,1.97044,1.97117,1.13,1.88
2011.06.10 18:17:45.309,1.9706,1.97123,1.13,1.09
2011.06.10 18:17:45.577,1.9706,1.97124,1.13,1.09
2011.06.10 18:17:45.796,1.97065,1.9713,1.13,1.88
2011.06.10 18:17:46.157,1.97067,1.97131,1.13,2.22
2011.06.10 18:17:46.476,1.97055,1.97119,1.13,1.50
2011.06.10 18:17:46.586,1.97055,1.97119,1.13,1.88
2011.06.10 18:17:59.246,1.97055,1.97119,1.13,1.88
2011.06.10 18:17:59.357,1.97049,1.97112,1.13,1.88
2011.06.10 18:18:00.448,1.97043,1.97107,1.13,1.88
2011.06.10 18:18:01.315,1.97043,1.97107,1.13,1.88
2011.06.10 18:18:01.646,1.97032,1.97105,1.13,1.88
2011.06.10 18:18:01.866,1.97042,1.97105,1.13,1.88
2011.06.10 18:18:02.676,1.97042,1.97105,1.13,1.88
2011.06.10 18:18:02.896,1.97037,1.97105,1.13,1.88
2011.06.10 18:18:03.006,1.97035,1.97105,1.13,1.88
2011.06.10 18:18:03.116,1.97042,1.97105,1.13,1.88
2011.06.10 18:18:03.570,1.97042,1.97105,1.13,1.50
2011.06.10 18:18:03.786,1.97048,1.97113,1.13,1.88
2011.06.10 18:18:14.258,1.97044,1.97101,1.13,1.13
2011.06.10 18:18:14.479,1.97044,1.97073,1.13,1.84
2011.06.10 18:18:14.586,1.96997,1.97048,1.84,1.13
2011.06.10 18:18:15.037,1.97008,1.97071,1.47,1.13
2011.06.10 18:18:15.607,1.97012,1.97089,1.47,1.47
2011.06.10 18:18:17.286,1.97012,1.97089,2.22,1.47
2011.06.10 18:18:17.397,1.97012,1.97089,1.47,1.47
2011.06.10 18:18:17.507,1.97018,1.97096,1.13,1.13
2011.06.10 18:18:17.617,1.97012,1.97089,1.13,1.13
2011.06.10 18:18:18.918,1.97018,1.97093,1.13,1.13
2011.06.10 18:18:19.136,1.97018,1.97096,1.13,1.13
2011.06.10 18:18:26.687,1.97025,1.971,1.13,1.13
2011.06.10 18:18:27.827,1.97029,1.97107,1.13,1.13
2011.06.10 18:18:28.918,1.97009,1.97103,1.88,1.13
2011.06.10 18:18:29.027,1.97004,1.97097,1.88,1.13
2011.06.10 18:18:29.927,1.97004,1.97097,1.88,1.13
2011.06.10 18:18:30.588,1.97004,1.97097,1.88,1.13
2011.06.10 18:18:31.138,1.97004,1.97078,1.88,1.88
2011.06.10 18:18:31.356,1.96977,1.97052,1.13,1.13
2011.06.10 18:18:31.687,1.96972,1.97035,1.13,1.88
2011.06.10 18:18:32.468,1.96953,1.97028,2.25,1.13
2011.06.10 18:18:32.577,1.96958,1.97035,1.13,1.13
2011.06.10 18:18:35.667,1.96958,1.97035,1.13,1.50
2011.06.10 18:18:35.886,1.96953,1.97028,1.13,1.13
2011.06.10 18:18:39.766,1.96953,1.97028,1.88,1.13
2011.06.10 18:18:39.875,1.96953,1.97028,1.13,1.13
2011.06.10 18:18:39.985,1.96949,1.97025,1.13,1.13
2011.06.10 18:18:40.095,1.96947,1.97022,1.13,1.13
2011.06.10 18:18:40.426,1.96945,1.97019,1.88,1.13
2011.06.10 18:18:41.563,1.96945,1.97019,1.88,1.13
2011.06.10 18:18:41.896,1.96947,1.97022,1.13,1.13
2011.06.10 18:18:42.117,1.96952,1.97029,1.13,1.13
2011.06.10 18:18:42.227,1.96947,1.97022,1.13,1.13
2011.06.10 18:18:42.666,1.96952,1.97029,1.13,1.13
2011.06.10 18:18:43.426,1.96952,1.97029,1.13,1.50
2011.06.10 18:18:43.536,1.96946,1.97023,1.13,1.13
2011.06.10 18:18:43.903,1.96946,1.97022,1.13,1.09
2011.06.10 18:18:44.238,1.96922,1.96999,1.88,1.13
2011.06.10 18:18:44.737,1.96922,1.96999,1.13,1.13
2011.06.10 18:18:44.846,1.96927,1.97018,1.13,1.13
2011.06.10 18:18:45.066,1.96947,1.97022,1.13,1.47
2011.06.10 18:18:47.935,1.96947,1.97022,1.13,1.50
2011.06.10 18:18:48.155,1.9694,1.97017,1.13,1.13
2011.06.10 18:18:48.486,1.9694,1.97017,1.88,1.13
2011.06.10 18:18:48.694,1.9694,1.97017,1.13,1.13
2011.06.10 18:18:49.090,1.9694,1.97017,1.88,1.13
2011.06.10 18:18:49.694,1.9694,1.97017,1.13,1.13
2011.06.10 18:18:55.936,1.96945,1.97022,1.13,1.50
2011.06.10 18:19:06.977,1.9694,1.97017,1.13,1.50
2011.06.10 18:19:07.198,1.9694,1.97017,1.13,1.88
2011.06.10 18:19:07.307,1.9693,1.97015,1.88,1.50
2011.06.10 18:19:07.418,1.96933,1.97009,1.88,1.50
2011.06.10 18:19:08.097,1.96937,1.97029,1.13,1.13
2011.06.10 18:19:08.316,1.96937,1.97029,1.47,1.13
2011.06.10 18:19:08.427,1.96941,1.97048,1.47,1.88
2011.06.10 18:19:08.536,1.96941,1.97048,1.47,1.13
2011.06.10 18:19:08.757,1.96941,1.97041,1.13,1.88
2011.06.10 18:19:08.866,1.96936,1.9703,1.13,1.13
2011.06.10 18:19:09.327,1.96942,1.97036,1.13,1.50
2011.06.10 18:19:09.436,1.96942,1.97036,1.13,1.13
2011.06.10 18:19:11.085,1.96942,1.97036,1.13,1.88
2011.06.10 18:19:11.307,1.9693,1.97024,1.13,1.13
2011.06.10 18:19:11.636,1.96943,1.97035,1.13,1.13
2011.06.10 18:19:12.183,1.96942,1.97034,1.13,1.13
2011.06.10 18:19:12.786,1.96943,1.97035,1.13,1.13
2011.06.10 18:19:14.687,1.96944,1.97037,1.13,1.13
2011.06.10 18:19:14.798,1.96955,1.97048,1.13,1.13
2011.06.10 18:19:15.125,1.96962,1.97053,1.13,1.13
2011.06.10 18:19:24.070,1.96962,1.97053,1.13,1.88
2011.06.10 18:19:24.396,1.96958,1.97033,1.13,1.88
2011.06.10 18:19:24.507,1.96953,1.97016,1.13,1.88
2011.06.10 18:19:28.206,1.96965,1.97028,1.13,1.88
2011.06.10 18:19:28.536,1.96977,1.9704,1.13,1.88
2011.06.10 18:19:28.936,1.96977,1.9704,1.13,1.13
2011.06.10 18:19:29.046,1.96982,1.97057,1.13,1.84
2011.06.10 18:19:29.378,1.96982,1.97057,1.47,1.13
2011.06.10 18:19:29.486,1.96988,1.97063,1.13,1.84
2011.06.10 18:19:29.598,1.97007,1.97062,1.13,1.09
2011.06.10 18:19:29.816,1.96994,1.9706,1.13,1.88
2011.06.10 18:19:30.036,1.97001,1.97064,1.13,1.88
2011.06.10 18:19:36.807,1.97001,1.97064,1.13,1.13
2011.06.10 18:19:37.027,1.97012,1.97077,1.13,1.88
2011.06.10 18:19:44.628,1.97001,1.97064,1.13,1.88
2011.06.10 18:19:44.957,1.96997,1.97062,1.13,1.88
2011.06.10 18:19:45.666,1.96997,1.97062,1.47,1.13
2011.06.10 18:19:45.886,1.97015,1.9709,1.13,1.84
2011.06.10 18:19:45.996,1.9701,1.97086,1.13,1.47
2011.06.10 18:19:46.358,1.9703,1.97092,1.13,1.88
2011.06.10 18:19:51.020,1.97029,1.97102,1.13,1.88
2011.06.10 18:19:51.126,1.97017,1.97089,1.13,1.88
2011.06.10 18:19:51.237,1.97005,1.97077,1.13,1.88
2011.06.10 18:19:53.335,1.97005,1.97077,1.13,1.13
2011.06.10 18:19:53.666,1.97018,1.97088,1.13,1.88
2011.06.10 18:19:54.677,1.97018,1.97089,1.13,1.88
2011.06.10 18:19:54.897,1.97016,1.97079,1.13,1.88
2011.06.10 18:19:55.337,1.97013,1.97079,1.13,1.88
2011.06.10 18:19:55.447,1.97013,1.97079,1.13,1.50
2011.06.10 18:19:55.556,1.9702,1.97083,1.13,1.88
2011.06.10 18:19:56.106,1.9702,1.97083,1.13,1.50
2011.06.10 18:19:56.438,1.97025,1.97089,1.13,1.88
2011.06.10 18:19:56.768,1.97025,1.97089,1.13,1.88
2011.06.10 18:19:56.986,1.97012,1.97078,1.47,1.88
2011.06.10 18:19:57.658,1.97013,1.97078,1.47,1.50
2011.06.10 18:19:57.768,1.9702,1.97083,1.13,1.88
2011.06.10 18:19:58.616,1.9702,1.97083,1.13,1.88
2011.06.10 18:19:58.946,1.97016,1.97079,1.47,1.88
2011.06.10 18:20:00.117,1.97014,1.97078,1.47,1.50
2011.06.10 18:20:00.777,1.97019,1.97084,1.13,1.88
2011.06.10 18:20:01.458,1.97019,1.97084,1.13,1.50
2011.06.10 18:20:01.568,1.97025,1.9709,1.47,1.88
2011.06.10 18:20:01.678,1.97031,1.97096,1.47,1.88
2011.06.10 18:20:07.727,1.97031,1.97096,1.47,1.88
2011.06.10 18:20:08.165,1.97026,1.97089,1.47,1.88
2011.06.10 18:20:13.947,1.97019,1.97084,2.97,1.13
2011.06.10 18:20:14.058,1.97032,1.97095,1.47,1.88
2011.06.10 18:20:14.387,1.97036,1.97095,1.84,1.88
2011.06.10 18:20:14.497,1.97036,1.97095,1.84,1.13
2011.06.10 18:20:14.607,1.97056,1.97118,1.13,1.09
2011.06.10 18:20:21.406,1.97056,1.97119,1.47,1.88
2011.06.10 18:20:21.517,1.97056,1.97119,1.47,1.13
2011.06.10 18:20:21.626,1.97068,1.97131,1.13,1.88
2011.06.10 18:20:22.818,1.97073,1.97137,1.13,1.09
2011.06.10 18:20:22.929,1.97073,1.97139,1.13,1.84
2011.06.10 18:20:23.037,1.9708,1.97143,1.13,2.22
2011.06.10 18:20:25.084,1.9708,1.97137,1.13,1.09
2011.06.10 18:20:25.456,1.97074,1.97137,1.13,2.22
2011.06.10 18:20:26.586,1.97074,1.97137,1.13,2.22
2011.06.10 18:20:26.698,1.97046,1.97101,1.13,1.88
2011.06.10 18:20:26.808,1.97038,1.97101,1.13,1.88
2011.06.10 18:20:26.918,1.97055,1.97118,1.13,1.09
2011.06.10 18:20:27.029,1.97055,1.97119,1.13,1.09
2011.06.10 18:20:43.967,1.97055,1.9712,1.13,1.88
2011.06.10 18:20:44.077,1.9705,1.97115,1.13,1.88
2011.06.10 18:20:44.187,1.97044,1.97107,1.47,1.88
2011.06.10 18:20:44.901,1.97044,1.97107,1.84,1.13
2011.06.10 18:20:45.010,1.97068,1.97131,1.13,1.88
2011.06.10 18:20:47.969,1.97073,1.97127,1.13,1.09
2011.06.10 18:20:48.187,1.9706,1.97126,1.47,1.88
2011.06.10 18:20:49.356,1.9706,1.97126,1.47,1.13
2011.06.10 18:20:49.687,1.97073,1.97136,1.13,1.88
2011.06.10 18:20:51.104,1.97073,1.97136,1.13,1.88
2011.06.10 18:20:51.218,1.97067,1.97132,1.13,1.88
2011.06.10 18:20:52.427,1.97056,1.97119,1.13,1.88
2011.06.10 18:20:52.646,1.97056,1.97119,1.13,1.13
2011.06.10 18:20:52.866,1.97067,1.9713,1.13,1.09
2011.06.10 18:20:53.633,1.97067,1.97125,1.13,1.09
2011.06.10 18:20:53.968,1.97056,1.97119,1.47,1.13
2011.06.10 18:20:54.076,1.97067,1.97132,1.47,1.88
2011.06.10 18:20:55.183,1.97061,1.97125,1.47,1.88
2011.06.10 18:20:55.408,1.97061,1.97125,1.47,1.13
2011.06.10 18:20:55.518,1.97073,1.97136,1.13,1.88
2011.06.10 18:20:58.334,1.97073,1.97136,1.47,1.88
2011.06.10 18:20:58.557,1.97077,1.97154,1.13,1.47
2011.06.10 18:20:58.778,1.97077,1.97146,1.13,1.09
2011.06.10 18:20:58.887,1.97073,1.97136,1.13,1.88
2011.06.10 18:21:00.128,1.97091,1.97156,1.13,1.88
2011.06.10 18:21:11.187,1.97091,1.97156,1.13,1.88
2011.06.10 18:21:11.407,1.97086,1.97149,1.13,1.13
2011.06.10 18:21:11.517,1.97092,1.97155,1.13,1.88
2011.06.10 18:21:11.846,1.97085,1.9715,1.13,1.88
2011.06.10 18:21:12.066,1.97078,1.97143,1.13,1.88
2011.06.10 18:21:12.177,1.97078,1.97143,1.13,1.13
2011.06.10 18:21:12.590,1.97085,1.9715,1.13,1.88
2011.06.10 18:21:14.626,1.97085,1.9715,1.13,1.50
2011.06.10 18:21:14.846,1.97091,1.97156,1.13,1.88
2011.06.10 18:21:22.666,1.97091,1.97156,1.13,1.13
2011.06.10 18:21:22.888,1.97104,1.97167,1.13,1.88
2011.06.10 18:21:26.697,1.97092,1.97155,1.13,1.88
2011.06.10 18:21:31.867,1.97092,1.97155,1.13,1.88
2011.06.10 18:21:32.428,1.97086,1.97149,1.47,1.88
2011.06.10 18:21:32.892,1.97086,1.97149,1.13,1.88
2011.06.10 18:21:36.106,1.97086,1.97149,1.13,1.88
2011.06.10 18:21:36.437,1.97078,1.97143,1.13,1.88
2011.06.10 18:21:46.568,1.97078,1.97143,1.13,1.50
2011.06.10 18:21:46.896,1.97085,1.9715,1.13,1.50
2011.06.10 18:21:47.225,1.97092,1.97155,1.13,1.88
2011.06.10 18:21:51.698,1.97092,1.97155,1.13,1.50
2011.06.10 18:21:51.916,1.97097,1.97162,1.13,1.88
2011.06.10 18:21:54.627,1.97085,1.9715,1.13,1.88
2011.06.10 18:21:55.206,1.97092,1.97155,1.13,1.88
2011.06.10 18:21:55.427,1.97079,1.97144,1.13,1.88
2011.06.10 18:21:56.427,1.97089,1.97153,1.84,1.13
2011.06.10 18:21:56.756,1.97115,1.9718,1.13,1.88
2011.06.10 18:21:56.977,1.97091,1.97156,1.13,1.88
2011.06.10 18:21:57.976,1.97094,1.97157,1.13,1.50
2011.06.10 18:21:58.197,1.97098,1.97162,1.13,1.88
2011.06.10 18:21:58.307,1.97091,1.97156,1.13,1.88
2011.06.10 18:21:59.978,1.97086,1.97149,1.47,1.13
2011.06.10 18:22:00.088,1.97086,1.97149,1.47,1.13
2011.06.10 18:22:00.307,1.97115,1.97178,1.13,1.13
2011.06.10 18:22:00.417,1.97115,1.97189,1.13,1.88
2011.06.10 18:22:00.527,1.97097,1.97162,1.47,1.13
2011.06.10 18:22:00.758,1.97102,1.97178,1.47,1.13
2011.06.10 18:22:04.277,1.97103,1.97178,1.13,1.13
2011.06.10 18:22:04.498,1.97106,1.97178,1.09,1.13
2011.06.10 18:22:04.717,1.97127,1.97201,1.13,1.50
2011.06.10 18:22:04.836,1.97138,1.97203,1.13,1.88
2011.06.10 18:22:05.468,1.97138,1.97203,1.13,1.13
2011.06.10 18:22:05.577,1.97132,1.97197,1.13,1.13
2011.06.10 18:22:05.907,1.97142,1.97217,1.13,1.13
2011.06.10 18:22:06.236,1.97138,1.97213,1.13,1.13
2011.06.10 18:22:06.733,1.97144,1.97219,1.13,1.13
2011.06.10 18:22:07.648,1.97147,1.97222,1.13,1.13
2011.06.10 18:22:07.976,1.9715,1.97225,1.13,1.50
2011.06.10 18:22:08.088,1.97143,1.9722,1.13,1.13
2011.06.10 18:22:08.307,1.97149,1.97226,1.13,1.13
2011.06.10 18:22:08.637,1.97144,1.97219,1.13,1.13
2011.06.10 18:22:10.298,1.97139,1.97202,1.13,1.50
2011.06.10 18:22:10.626,1.97139,1.97202,1.13,1.13
2011.06.10 18:22:10.847,1.97146,1.97209,1.13,1.88
2011.06.10 18:22:14.634,1.97146,1.97209,1.13,1.88
2011.06.10 18:22:14.968,1.97138,1.97203,1.13,1.88
2011.06.10 18:22:15.297,1.97137,1.97214,1.13,1.13
2011.06.10 18:22:16.916,1.97141,1.97234,1.13,1.13
2011.06.10 18:22:17.027,1.97141,1.97234,1.13,3.00
2011.06.10 18:22:17.833,1.97138,1.97213,1.13,1.13
2011.06.10 18:22:18.168,1.97144,1.97219,1.13,1.13
2011.06.10 18:22:23.108,1.97144,1.97219,1.13,1.50
2011.06.10 18:22:23.328,1.97138,1.97213,1.13,1.13
2011.06.10 18:22:23.657,1.97143,1.9722,1.13,1.13
2011.06.10 18:22:24.848,1.97138,1.97213,1.13,1.13
2011.06.10 18:22:27.198,1.97136,1.97227,1.13,2.25
2011.06.10 18:22:27.418,1.97131,1.97208,1.47,1.13
2011.06.10 18:22:27.786,1.9715,1.97215,1.13,1.88
2011.06.10 18:22:28.324,1.9715,1.97215,1.13,1.13
2011.06.10 18:22:28.658,1.97156,1.97231,1.13,1.13
2011.06.10 18:22:29.427,1.97174,1.97239,1.13,1.88
2011.06.10 18:22:38.468,1.97174,1.97239,1.47,1.13
2011.06.10 18:22:38.687,1.97179,1.97256,1.47,1.13
2011.06.10 18:22:39.497,1.97179,1.97256,1.47,1.50
2011.06.10 18:22:40.680,1.97174,1.97249,1.47,1.13
2011.06.10 18:22:43.288,1.97177,1.9727,1.13,1.88
2011.06.10 18:22:43.883,1.97177,1.9727,1.47,1.88
2011.06.10 18:22:43.990,1.97177,1.9727,1.47,1.13
2011.06.10 18:22:44.098,1.97192,1.97257,1.13,1.13
2011.06.10 18:22:44.588,1.9721,1.97275,1.13,1.13
2011.06.10 18:22:44.806,1.97197,1.97272,1.13,1.13
2011.06.10 18:22:44.917,1.97203,1.9728,1.13,1.13
2011.06.10 18:22:49.977,1.97203,1.9728,3.00,1.13
2011.06.10 18:22:50.306,1.97228,1.97302,1.13,1.13
2011.06.10 18:22:50.527,1.97216,1.97299,1.09,1.13
2011.06.10 18:22:50.637,1.97228,1.97302,1.13,1.13
2011.06.10 18:22:53.440,1.97228,1.97302,1.13,1.88
2011.06.10 18:22:53.656,1.97222,1.97287,1.13,1.88
2011.06.10 18:22:54.717,1.97222,1.97287,1.13,1.50
2011.06.10 18:22:54.938,1.97224,1.97287,1.13,1.13
2011.06.10 18:22:55.268,1.97239,1.97302,1.13,1.50
2011.06.10 18:22:55.598,1.97241,1.97304,1.13,1.88
2011.06.10 18:22:56.628,1.97241,1.97304,1.47,1.88
2011.06.10 18:22:57.411,1.97241,1.97304,1.13,1.88
2011.06.10 18:22:57.627,1.97241,1.97304,1.13,1.88
2011.06.10 18:22:57.956,1.97234,1.97299,1.47,1.88
2011.06.10 18:22:59.126,1.97223,1.97286,1.47,1.88
2011.06.10 18:23:07.080,1.97223,1.97286,1.13,1.88
2011.06.10 18:23:07.291,1.97223,1.97286,1.88,1.88
2011.06.10 18:23:07.417,1.97223,1.97286,1.88,1.13
2011.06.10 18:23:07.527,1.97223,1.97286,1.13,1.13
2011.06.10 18:23:07.637,1.97228,1.97292,1.13,1.84
2011.06.10 18:23:08.071,1.97209,1.97287,1.13,1.88
2011.06.10 18:23:08.287,1.97193,1.97257,1.47,1.88
2011.06.10 18:23:08.509,1.97169,1.97239,1.47,1.13
2011.06.10 18:23:08.728,1.97165,1.97239,1.09,1.13
2011.06.10 18:23:08.838,1.97167,1.97244,1.47,1.13
2011.06.10 18:23:09.168,1.97193,1.97256,1.47,1.50
2011.06.10 18:23:09.498,1.97199,1.97262,1.13,1.88
2011.06.10 18:23:09.939,1.97192,1.97257,1.13,1.88
2011.06.10 18:23:10.048,1.97192,1.97257,1.13,1.88
2011.06.10 18:23:10.158,1.97181,1.97244,1.47,1.88
2011.06.10 18:23:10.488,1.97174,1.97239,1.47,1.50
2011.06.10 18:23:11.916,1.97181,1.97245,1.47,1.88
2011.06.10 18:23:12.027,1.97181,1.97245,1.47,1.13
2011.06.10 18:23:12.137,1.97192,1.97256,1.13,1.50
2011.06.10 18:23:12.357,1.97172,1.9725,1.47,1.13
2011.06.10 18:23:12.577,1.97185,1.97263,1.13,1.13
2011.06.10 18:23:14.367,1.97185,1.97263,1.13,1.50
2011.06.10 18:23:14.847,1.9718,1.97255,1.13,1.13
2011.06.10 18:23:15.897,1.97185,1.97263,1.13,1.13
2011.06.10 18:23:18.726,1.97185,1.97263,1.13,1.88
2011.06.10 18:23:19.057,1.97169,1.97234,1.13,1.88
2011.06.10 18:23:19.827,1.97171,1.97236,1.13,1.88
2011.06.10 18:23:20.047,1.97169,1.97234,1.13,1.88
2011.06.10 18:23:23.368,1.97166,1.97229,1.88,1.50
2011.06.10 18:23:23.479,1.97169,1.97234,1.13,1.50
2011.06.10 18:23:23.587,1.97175,1.97238,1.13,1.88
2011.06.10 18:23:23.807,1.97169,1.97234,1.13,1.88
2011.06.10 18:23:25.657,1.97169,1.97234,1.13,1.13
2011.06.10 18:23:25.767,1.97165,1.97228,1.84,1.13
2011.06.10 18:23:25.877,1.97169,1.97234,1.47,1.13
2011.06.10 18:23:25.987,1.97186,1.97262,1.13,1.50
2011.06.10 18:23:26.097,1.9718,1.97255,1.47,1.13
2011.06.10 18:23:26.428,1.97199,1.97262,1.13,1.88
2011.06.10 18:23:26.867,1.97199,1.97262,1.13,1.13
2011.06.10 18:23:26.977,1.97199,1.97262,1.47,1.13
2011.06.10 18:23:27.197,1.97204,1.97279,1.47,1.13
2011.06.10 18:23:27.634,1.97207,1.97296,1.47,1.13
2011.06.10 18:23:27.750,1.97207,1.97298,1.13,1.88
2011.06.10 18:23:27.967,1.97203,1.9728,1.13,1.13
2011.06.10 18:23:31.107,1.97222,1.97287,1.13,1.88
2011.06.10 18:23:37.478,1.97224,1.97285,1.13,1.88
2011.06.10 18:23:37.588,1.97221,1.97283,1.13,1.50
2011.06.10 18:23:39.049,1.97223,1.97277,1.13,1.13
2011.06.10 18:23:39.160,1.9722,1.97277,1.13,1.13
2011.06.10 18:23:39.377,1.97224,1.97278,1.13,1.13
2011.06.10 18:23:40.017,1.97222,1.97278,1.13,1.13
2011.06.10 18:23:40.346,1.97225,1.97282,1.13,1.50
2011.06.10 18:23:49.596,1.97225,1.97282,1.13,1.13
2011.06.10 18:23:49.927,1.97232,1.97287,1.13,1.13
2011.06.10 18:23:51.749,1.97237,1.97292,1.13,1.13
2011.06.10 18:23:52.321,1.97238,1.97293,1.13,1.50
2011.06.10 18:23:52.648,1.97243,1.973,1.13,1.13
2011.06.10 18:23:55.157,1.97243,1.97302,1.13,1.13
2011.06.10 18:23:55.377,1.9725,1.97305,1.13,1.13
2011.06.10 18:23:57.678,1.97226,1.97282,1.13,1.50
2011.06.10 18:23:58.008,1.97226,1.97279,1.13,1.88
2011.06.10 18:23:58.118,1.97182,1.97254,1.47,1.13
2011.06.10 18:23:58.227,1.97161,1.97251,1.47,1.13
2011.06.10 18:23:58.708,1.97181,1.97255,1.13,1.13
2011.06.10 18:24:00.406,1.97176,1.97247,1.13,1.13
2011.06.10 18:24:02.710,1.9717,1.97241,1.13,1.13
2011.06.10 18:24:03.040,1.97167,1.97257,1.13,1.13
2011.06.10 18:24:03.368,1.97171,1.97276,1.13,1.13
2011.06.10 18:24:03.697,1.97168,1.97256,2.25,1.13
2011.06.10 18:24:04.138,1.97168,1.97256,1.13,1.88
2011.06.10 18:24:04.468,1.97183,1.9724,1.13,1.13
2011.06.10 18:24:06.667,1.97194,1.97265,1.13,1.13
2011.06.10 18:24:07.797,1.97187,1.9726,1.13,1.13
2011.06.10 18:24:08.687,1.97189,1.9726,1.09,1.13
2011.06.10 18:24:09.242,1.97222,1.97275,1.13,1.13
2011.06.10 18:24:09.568,1.97212,1.97283,1.13,1.13
2011.06.10 18:24:09.897,1.97231,1.97288,1.13,1.47
2011.06.10 18:24:10.117,1.97192,1.97281,1.84,1.13
2011.06.10 18:24:10.226,1.97191,1.97281,1.47,1.13
2011.06.10 18:24:10.446,1.97212,1.97283,1.13,1.13
2011.06.10 18:24:11.527,1.97218,1.97289,1.13,1.13
2011.06.10 18:24:12.097,1.97223,1.97296,1.13,1.13
2011.06.10 18:24:12.208,1.97223,1.97296,1.13,1.88
2011.06.10 18:24:12.538,1.9722,1.97275,1.13,1.88
2011.06.10 18:24:12.867,1.97195,1.97252,1.13,1.88
2011.06.10 18:24:12.978,1.9719,1.97245,1.47,1.50
2011.06.10 18:24:16.167,1.9719,1.97245,1.13,1.50
2011.06.10 18:24:16.278,1.9719,1.97245,1.13,1.88
2011.06.10 18:24:16.496,1.97172,1.97227,1.13,1.50
2011.06.10 18:24:16.607,1.97178,1.97235,1.13,1.13
2011.06.10 18:24:16.937,1.97205,1.97278,1.13,1.13
2011.06.10 18:24:18.456,1.97209,1.97297,1.13,1.13
2011.06.10 18:24:18.677,1.97209,1.97298,1.13,1.88
2011.06.10 18:24:19.008,1.97206,1.97277,1.13,1.13
2011.06.10 18:24:20.237,1.97226,1.97281,1.13,1.50
2011.06.10 18:24:27.417,1.97233,1.97315,1.13,1.50
2011.06.10 18:24:27.527,1.97229,1.97302,1.13,1.88
2011.06.10 18:24:27.638,1.97225,1.97282,1.13,1.50
2011.06.10 18:24:37.106,1.97225,1.97282,1.13,1.88
2011.06.10 18:24:37.764,1.97214,1.97269,1.13,1.50
2011.06.10 18:24:38.369,1.97214,1.97269,1.13,1.88
2011.06.10 18:24:38.697,1.97205,1.97266,1.13,1.50
2011.06.10 18:24:40.177,1.97205,1.97266,1.13,1.13
2011.06.10 18:24:40.397,1.97219,1.97276,1.13,1.50
2011.06.10 18:24:43.447,1.97219,1.97276,1.13,1.88
2011.06.10 18:24:43.557,1.97206,1.97265,1.13,1.50
2011.06.10 18:24:44.727,1.97217,1.97273,1.13,1.88
2011.06.10 18:24:44.837,1.97207,1.97267,1.13,1.88
2011.06.10 18:24:45.319,1.97214,1.97269,1.13,1.50
2011.06.10 18:24:46.147,1.97214,1.97269,1.13,1.88
2011.06.10 18:24:46.477,1.97206,1.97265,1.13,1.50
2011.06.10 18:24:46.697,1.97209,1.97287,1.13,1.13
2011.06.10 18:24:46.917,1.97214,1.97305,1.13,1.09
2011.06.10 18:24:47.137,1.97209,1.97287,1.13,1.13
2011.06.10 18:24:47.467,1.97209,1.97265,1.13,1.09
2011.06.10 18:24:47.686,1.97193,1.97243,1.84,1.13
2011.06.10 18:24:47.797,1.97209,1.97274,1.13,1.13
2011.06.10 18:24:47.907,1.97209,1.97287,1.13,1.47
2011.06.10 18:24:48.647,1.9721,1.97286,1.13,1.47
2011.06.10 18:24:53.067,1.9721,1.97286,1.13,1.13
2011.06.10 18:24:53.177,1.9721,1.97286,1.13,1.88
2011.06.10 18:24:53.507,1.97206,1.97265,1.13,1.50
2011.06.10 18:24:53.727,1.9721,1.97286,1.13,1.13
2011.06.10 18:24:56.058,1.9721,1.97284,1.13,1.13
2011.06.10 18:24:56.387,1.97209,1.9728,1.13,1.13
2011.06.10 18:24:56.718,1.97229,1.97284,1.13,1.13
2011.06.10 18:24:57.279,1.97228,1.97289,1.13,1.50
2011.06.10 18:24:58.152,1.97229,1.9729,1.13,1.50
2011.06.10 18:25:01.008,1.97234,1.97295,1.13,1.88
2011.06.10 18:25:01.487,1.97234,1.97295,1.13,1.13
2011.06.10 18:25:01.707,1.97237,1.97308,1.13,1.13
2011.06.10 18:25:01.927,1.97234,1.97306,1.13,1.13
2011.06.10 18:25:04.106,1.9723,1.97303,1.13,1.13
2011.06.10 18:25:05.492,1.97244,1.97303,1.13,1.13
2011.06.10 18:25:05.817,1.97277,1.9733,1.13,1.84
2011.06.10 18:25:06.147,1.97274,1.97328,1.13,1.88
2011.06.10 18:25:06.257,1.97263,1.97315,2.25,1.50
2011.06.10 18:25:06.898,1.97263,1.97315,1.13,1.13
2011.06.10 18:25:07.118,1.97264,1.97313,1.13,1.13
2011.06.10 18:25:07.337,1.97261,1.97318,1.13,1.88
2011.06.10 18:25:07.448,1.97268,1.97323,1.13,1.88
2011.06.10 18:25:08.796,1.97268,1.97323,1.13,1.50
2011.06.10 18:25:09.360,1.97271,1.97316,1.13,1.09
2011.06.10 18:25:09.467,1.97271,1.97316,1.13,1.09
2011.06.10 18:25:09.796,1.97273,1.97316,1.13,1.09
2011.06.10 18:25:09.906,1.97264,1.97316,1.13,1.09
2011.06.10 18:25:10.125,1.97246,1.97307,1.13,1.50
2011.06.10 18:25:10.357,1.97254,1.97311,1.13,1.88
2011.06.10 18:25:11.574,1.97254,1.97311,1.13,1.50
2011.06.10 18:25:11.688,1.97261,1.97316,1.13,1.88
2011.06.10 18:25:12.018,1.97261,1.97316,1.13,1.13
2011.06.10 18:25:12.128,1.97267,1.97322,1.13,1.88
2011.06.10 18:25:12.237,1.9726,1.97317,1.13,1.88
2011.06.10 18:25:15.881,1.9726,1.97317,1.13,1.13
2011.06.10 18:25:16.097,1.97285,1.97334,1.13,1.13
2011.06.10 18:25:16.207,1.97278,1.97335,1.13,1.88
2011.06.10 18:25:16.426,1.97278,1.97335,1.13,1.88
2011.06.10 18:25:16.537,1.97261,1.97328,1.13,1.88
2011.06.10 18:25:17.491,1.97261,1.97328,1.13,1.88
2011.06.10 18:25:17.597,1.9727,1.97329,1.13,1.88
2011.06.10 18:25:18.233,1.9727,1.97329,1.13,1.88
2011.06.10 18:25:18.339,1.9726,1.97329,1.13,1.88
2011.06.10 18:25:19.717,1.9726,1.97329,1.13,1.88
2011.06.10 18:25:19.937,1.97269,1.9733,1.13,1.50
2011.06.10 18:25:20.267,1.97279,1.97334,1.13,1.88
2011.06.10 18:25:23.627,1.97279,1.97334,1.13,1.88
2011.06.10 18:25:24.094,1.97268,1.97323,1.13,1.88
2011.06.10 18:25:34.897,1.97268,1.9732,1.13,1.09
2011.06.10 18:25:35.227,1.97249,1.97308,1.13,1.88
2011.06.10 18:25:35.447,1.97256,1.97311,1.13,1.88
2011.06.10 18:25:35.667,1.97259,1.97318,1.13,1.88
2011.06.10 18:25:35.887,1.97259,1.97318,1.13,1.50
2011.06.10 18:25:35.997,1.97269,1.97322,1.13,2.22
2011.06.10 18:25:44.320,1.9726,1.97323,1.13,1.09
2011.06.10 18:25:44.429,1.9726,1.97305,1.13,1.09
2011.06.10 18:25:44.537,1.97229,1.973,1.13,1.50
2011.06.10 18:25:44.647,1.97216,1.973,1.47,1.88
2011.06.10 18:25:44.757,1.97216,1.973,1.47,1.88
2011.06.10 18:25:44.977,1.97211,1.9728,1.13,1.88
2011.06.10 18:25:45.086,1.97215,1.97281,1.13,1.88
2011.06.10 18:25:45.659,1.97216,1.97281,1.13,1.88
2011.06.10 18:25:46.227,1.97218,1.97281,1.13,1.13
2011.06.10 18:25:46.338,1.97231,1.97286,1.13,1.50
2011.06.10 18:25:49.876,1.97231,1.97286,1.13,1.88
2011.06.10 18:25:49.986,1.97225,1.9728,1.13,1.50
2011.06.10 18:25:55.303,1.97225,1.9728,1.13,1.13
2011.06.10 18:25:55.709,1.9723,1.97287,1.13,1.88
2011.06.10 18:25:55.818,1.97225,1.9728,1.13,1.88
2011.06.10 18:26:12.957,1.97225,1.9728,1.13,1.13
2011.06.10 18:26:13.177,1.97231,1.97286,1.13,1.50
2011.06.10 18:26:15.349,1.97231,1.97286,1.13,1.13
2011.06.10 18:26:15.568,1.97236,1.97293,1.13,2.22
2011.06.10 18:26:16.537,1.97201,1.97249,1.09,1.13
2011.06.10 18:26:16.652,1.97192,1.97249,1.13,1.50
2011.06.10 18:26:17.257,1.9719,1.97246,1.13,1.50
2011.06.10 18:26:17.367,1.97193,1.97249,1.13,1.09
2011.06.10 18:26:17.477,1.97184,1.97245,1.13,1.88
2011.06.10 18:26:17.807,1.97177,1.97244,1.13,1.88
2011.06.10 18:26:17.916,1.97183,1.97238,1.13,1.88
2011.06.10 18:26:20.398,1.97183,1.97238,1.13,1.13
2011.06.10 18:26:20.617,1.9719,1.97247,1.13,1.88
2011.06.10 18:26:20.728,1.9719,1.97247,1.13,1.13
2011.06.10 18:26:21.132,1.97199,1.9726,1.13,1.88
2011.06.10 18:26:21.717,1.97199,1.9726,1.13,1.50
2011.06.10 18:26:21.828,1.97207,1.97262,1.13,1.13
2011.06.10 18:26:22.048,1.97211,1.97282,1.13,1.13
2011.06.10 18:26:22.657,1.97206,1.97263,1.13,1.13
2011.06.10 18:26:22.987,1.9721,1.97283,1.13,1.47
2011.06.10 18:26:24.487,1.9721,1.97283,1.13,1.84
2011.06.10 18:26:24.597,1.97203,1.97279,1.13,1.50
2011.06.10 18:26:25.038,1.9721,1.97283,1.13,1.47
2011.06.10 18:26:30.517,1.97216,1.97289,1.13,1.13
2011.06.10 18:26:30.847,1.97223,1.97294,1.13,1.50
2011.06.10 18:26:31.067,1.97216,1.97289,1.13,1.13
2011.06.10 18:26:47.350,1.97216,1.97289,1.13,1.50
2011.06.10 18:26:47.677,1.97211,1.97282,1.13,1.50
2011.06.10 18:26:47.788,1.97203,1.97279,1.13,1.13
2011.06.10 18:26:50.727,1.97203,1.97279,1.13,1.88
2011.06.10 18:26:50.837,1.97191,1.97267,1.13,1.50
2011.06.10 18:26:50.947,1.97191,1.97267,1.13,1.88
2011.06.10 18:26:51.056,1.97187,1.97258,1.13,1.13
2011.06.10 18:26:51.387,1.9719,1.97274,1.13,1.88
2011.06.10 18:26:51.497,1.9719,1.97278,1.13,1.13
2011.06.10 18:26:52.830,1.9719,1.97278,1.13,1.88
2011.06.10 18:26:53.157,1.97187,1.97258,1.13,1.13
2011.06.10 18:26:58.617,1.97186,1.97259,1.13,1.13
2011.06.10 18:27:03.588,1.97191,1.97267,1.13,1.13
2011.06.10 18:27:06.598,1.97192,1.97276,1.13,1.50
2011.06.10 18:27:11.977,1.97192,1.97273,1.13,1.13
2011.06.10 18:27:17.169,1.97192,1.97271,1.13,1.50
2011.06.10 18:27:17.497,1.9719,1.97266,1.13,1.50
2011.06.10 18:27:17.827,1.97206,1.97262,1.13,1.88
2011.06.10 18:27:17.938,1.9721,1.97283,1.13,1.13
2011.06.10 18:27:23.497,1.9721,1.97283,1.13,1.88
2011.06.10 18:27:23.718,1.9721,1.97283,1.13,1.88
2011.06.10 18:27:23.827,1.97205,1.97263,1.13,1.13
2011.06.10 18:27:24.158,1.97225,1.97284,1.13,1.88
2011.06.10 18:27:27.158,1.97225,1.97278,1.13,1.09
2011.06.10 18:27:27.488,1.97211,1.97267,1.13,1.50
2011.06.10 18:27:27.598,1.97206,1.97262,1.13,1.13
2011.06.10 18:27:27.817,1.97209,1.9727,1.13,1.88
2011.06.10 18:27:28.147,1.9719,1.97247,1.13,1.88
2011.06.10 18:27:29.258,1.9719,1.9724,1.13,1.09
2011.06.10 18:27:29.476,1.97178,1.97235,1.13,1.88
2011.06.10 18:27:29.587,1.97178,1.97235,1.13,1.88
2011.06.10 18:27:29.697,1.97164,1.97222,1.13,1.88
2011.06.10 18:27:30.657,1.97175,1.97234,1.13,1.88
2011.06.10 18:27:30.767,1.97156,1.97229,1.13,1.13
2011.06.10 18:27:30.987,1.97176,1.97233,1.13,1.88
2011.06.10 18:27:32.457,1.97176,1.97233,1.13,1.50
2011.06.10 18:27:32.568,1.97179,1.97235,1.13,1.50
2011.06.10 18:27:33.008,1.97183,1.97239,1.13,1.88
2011.06.10 18:27:46.566,1.97183,1.97239,1.13,1.88
2011.06.10 18:27:46.787,1.97165,1.97233,1.13,1.88
2011.06.10 18:27:47.937,1.97163,1.97224,1.13,1.50
2011.06.10 18:27:49.057,1.97162,1.97227,1.13,1.88
2011.06.10 18:27:49.167,1.97174,1.97234,1.13,1.88
2011.06.10 18:27:49.277,1.97174,1.97234,1.13,1.88
2011.06.10 18:27:49.387,1.97183,1.97239,1.13,1.88
2011.06.10 18:27:55.467,1.97183,1.97239,1.13,1.88
2011.06.10 18:27:55.578,1.97164,1.97234,1.13,1.88
2011.06.10 18:28:02.378,1.97174,1.97234,1.13,1.88
2011.06.10 18:28:02.488,1.97174,1.97234,1.13,1.88
2011.06.10 18:28:02.599,1.97183,1.97239,1.13,1.88
2011.06.10 18:28:02.866,1.97161,1.97236,1.13,1.50
2011.06.10 18:28:02.977,1.97161,1.97236,1.13,1.13
2011.06.10 18:28:03.197,1.97165,1.9724,1.13,1.13
2011.06.10 18:28:03.890,1.97165,1.9724,1.13,1.50
2011.06.10 18:28:04.216,1.97162,1.97235,1.13,1.13
2011.06.10 18:28:05.900,1.97162,1.97235,1.13,1.88
2011.06.10 18:28:06.288,1.97175,1.97236,1.13,1.88
2011.06.10 18:28:20.418,1.97176,1.97234,1.13,1.88
2011.06.10 18:28:21.980,1.97175,1.97236,1.13,1.88
2011.06.10 18:28:25.937,1.97175,1.97236,1.88,1.13
2011.06.10 18:28:26.157,1.97237,1.97296,1.13,1.88
2011.06.10 18:28:26.268,1.97225,1.97284,1.13,1.88
2011.06.10 18:28:26.377,1.97225,1.97284,1.13,1.13
2011.06.10 18:28:26.486,1.97237,1.97296,1.13,1.88
2011.06.10 18:28:29.378,1.97237,1.97296,1.13,1.88
2011.06.10 18:28:29.707,1.97223,1.97284,1.13,1.88
2011.06.10 18:28:29.817,1.97202,1.9728,1.13,1.50
2011.06.10 18:28:30.659,1.97202,1.9728,1.13,1.50
2011.06.10 18:28:30.876,1.97183,1.97275,1.13,1.13
2011.06.10 18:28:31.387,1.97187,1.97277,1.13,1.13
2011.06.10 18:28:31.498,1.97182,1.97274,1.13,1.13
2011.06.10 18:28:35.600,1.97181,1.97271,1.13,1.13
2011.06.10 18:28:36.056,1.97182,1.97274,1.13,1.13
2011.06.10 18:28:39.947,1.97182,1.97273,1.13,1.13
2011.06.10 18:28:41.016,1.97182,1.97274,1.13,1.13
2011.06.10 18:28:54.687,1.9718,1.97272,1.13,1.13
2011.06.10 18:28:55.018,1.97181,1.97269,1.13,1.50
2011.06.10 18:28:55.127,1.97171,1.97263,1.13,1.13
2011.06.10 18:28:56.837,1.97171,1.97263,1.13,1.50
2011.06.10 18:28:57.167,1.97165,1.97255,1.13,1.13
2011.06.10 18:28:59.367,1.97171,1.97263,1.13,1.13
2011.06.10 18:29:00.137,1.97191,1.97267,1.13,1.13
2011.06.10 18:29:02.487,1.97191,1.97267,1.13,1.50
2011.06.10 18:29:02.817,1.97212,1.9727,1.13,1.88
2011.06.10 18:29:06.417,1.97212,1.9726,1.13,1.09
2011.06.10 18:29:06.637,1.97189,1.97248,1.13,1.88
2011.06.10 18:29:06.748,1.97191,1.97267,1.13,1.84
2011.06.10 18:29:06.857,1.97191,1.97267,1.13,1.50
2011.06.10 18:29:10.458,1.97191,1.97267,1.13,1.50
2011.06.10 18:29:10.787,1.97211,1.97271,1.13,1.88
2011.06.10 18:29:11.117,1.97205,1.97263,1.13,1.88
2011.06.10 18:29:12.228,1.97212,1.9727,1.13,1.88
2011.06.10 18:29:13.509,1.9721,1.97268,1.13,1.50
2011.06.10 18:29:14.645,1.97211,1.97271,1.13,1.88
2011.06.10 18:29:18.638,1.97205,1.97263,1.13,1.88
2011.06.10 18:29:19.187,1.97209,1.97284,1.13,1.50
2011.06.10 18:29:20.939,1.97209,1.97284,1.13,1.13
2011.06.10 18:29:21.049,1.97217,1.97293,1.13,1.13
2011.06.10 18:29:21.159,1.97209,1.97313,1.13,1.88
2011.06.10 18:29:21.379,1.97226,1.97304,1.13,1.88
2011.06.10 18:29:21.708,1.97247,1.97306,1.13,1.88
2011.06.10 18:29:21.928,1.97251,1.97327,1.13,1.50
2011.06.10 18:29:22.368,1.97246,1.97306,1.13,1.88
2011.06.10 18:29:30.928,1.97247,1.97305,1.13,1.13
2011.06.10 18:29:31.039,1.97259,1.97317,1.13,1.88
2011.06.10 18:29:31.258,1.9724,1.97313,1.13,1.13
2011.06.10 18:29:31.920,1.97246,1.97319,1.13,1.13
2011.06.10 18:29:33.658,1.97246,1.97319,1.13,1.50
2011.06.10 18:29:33.987,1.97239,1.97314,1.13,1.88
2011.06.10 18:29:34.317,1.97239,1.97314,1.13,1.88
2011.06.10 18:29:34.647,1.97251,1.97327,1.13,1.13
2011.06.10 18:29:35.101,1.97251,1.97327,1.13,1.88
2011.06.10 18:29:35.207,1.97247,1.97306,1.13,1.88
2011.06.10 18:29:35.868,1.97246,1.97306,1.13,1.88
2011.06.10 18:29:36.479,1.97247,1.97306,1.13,1.88
2011.06.10 18:29:37.447,1.97247,1.97306,1.13,1.50
2011.06.10 18:29:37.557,1.97226,1.97304,1.13,1.50
2011.06.10 18:29:40.988,1.97234,1.97307,1.13,1.50
2011.06.10 18:29:44.168,1.97234,1.97307,1.13,1.50
2011.06.10 18:29:44.497,1.97253,1.97311,1.13,1.88
2011.06.10 18:29:47.447,1.97249,1.97306,1.13,1.50
2011.06.10 18:29:51.938,1.97249,1.97306,1.13,1.13
2011.06.10 18:29:52.048,1.97228,1.97303,1.13,1.13
2011.06.10 18:29:55.887,1.97208,1.97299,1.47,1.13
2011.06.10 18:29:57.788,1.97229,1.97302,1.13,1.13
2011.06.10 18:29:58.117,1.97249,1.97306,1.13,1.50
2011.06.10 18:30:00.893,1.97253,1.97326,1.13,1.13
2011.06.10 18:30:01.437,1.97252,1.97325,1.13,1.13
2011.06.10 18:30:01.878,1.97252,1.97325,1.13,1.47
2011.06.10 18:30:02.098,1.97234,1.97309,1.13,1.13
2011.06.10 18:30:02.537,1.97229,1.97302,1.13,1.13
2011.06.10 18:30:07.337,1.97249,1.97305,1.13,1.50
2011.06.10 18:30:08.398,1.97249,1.97305,1.13,1.13
2011.06.10 18:30:08.726,1.97255,1.97311,1.13,1.50
2011.06.10 18:30:10.598,1.9726,1.97318,1.13,1.50
2011.06.10 18:30:10.817,1.97265,1.97324,1.13,1.50
2011.06.10 18:30:11.257,1.97264,1.9732,1.13,1.13
2011.06.10 18:30:11.719,1.97265,1.97324,1.13,1.50
2011.06.10 18:30:12.332,1.97265,1.97324,1.13,1.13
2011.06.10 18:30:12.547,1.97279,1.97336,1.13,1.50
2011.06.10 18:30:12.877,1.97267,1.97325,1.13,1.50
2011.06.10 18:30:16.309,1.97266,1.97324,1.13,1.88
2011.06.10 18:30:16.855,1.97262,1.97319,1.13,1.50
2011.06.10 18:30:19.590,1.97262,1.97319,1.13,1.13
2011.06.10 18:30:19.920,1.97269,1.97324,1.13,1.84
2011.06.10 18:30:22.447,1.97269,1.97324,1.13,1.50
2011.06.10 18:30:31.977,1.97274,1.97331,1.13,1.50
2011.06.10 18:30:35.219,1.97274,1.97331,1.47,1.50
2011.06.10 18:30:35.440,1.97287,1.97343,1.13,1.50
2011.06.10 18:30:35.768,1.97292,1.97349,1.13,1.50
2011.06.10 18:30:36.581,1.97293,1.9735,1.13,1.50
2011.06.10 18:30:42.198,1.97279,1.97338,1.13,1.50
2011.06.10 18:30:42.419,1.97279,1.97338,1.13,1.13
2011.06.10 18:30:42.528,1.97279,1.97338,1.13,1.47
2011.06.10 18:30:42.637,1.97237,1.97332,1.47,1.47
2011.06.10 18:30:42.858,1.9724,1.97325,1.13,1.13
2011.06.10 18:30:42.969,1.97259,1.97321,1.13,2.25
2011.06.10 18:30:43.382,1.97203,1.9731,1.47,1.13
2011.06.10 18:30:43.488,1.97218,1.97327,1.13,1.13
2011.06.10 18:30:43.828,1.97215,1.97308,1.13,1.13
2011.06.10 18:30:43.937,1.97218,1.97327,1.13,1.13
2011.06.10 18:30:45.170,1.97225,1.97327,1.13,1.13
2011.06.10 18:30:45.717,1.97236,1.97329,1.13,1.13
2011.06.10 18:30:46.069,1.9723,1.9732,1.13,1.13
2011.06.10 18:30:46.397,1.97231,1.97322,1.13,1.13
2011.06.10 18:30:46.617,1.97235,1.97325,1.13,1.13
2011.06.10 18:30:47.428,1.97227,1.97285,1.13,1.13
2011.06.10 18:30:48.659,1.97227,1.97285,1.13,1.50
2011.06.10 18:30:49.409,1.97211,1.9727,1.13,1.13
2011.06.10 18:30:49.518,1.97218,1.97277,1.13,1.13
2011.06.10 18:30:50.067,1.97217,1.97273,1.13,1.13
2011.06.10 18:30:50.177,1.97218,1.97277,1.13,1.50
2011.06.10 18:30:50.286,1.97213,1.97279,1.13,1.50
2011.06.10 18:30:54.051,1.97213,1.97279,1.13,1.13
2011.06.10 18:30:54.157,1.97221,1.97284,1.13,1.50
2011.06.10 18:30:54.880,1.97221,1.97284,1.13,1.13
2011.06.10 18:30:55.099,1.97227,1.97289,1.13,1.13
2011.06.10 18:30:55.318,1.9721,1.97284,1.13,1.13
2011.06.10 18:30:56.819,1.9721,1.97287,1.13,1.13
2011.06.10 18:31:01.839,1.97209,1.97284,1.13,1.13
2011.06.10 18:31:03.387,1.97205,1.97278,1.13,1.13
2011.06.10 18:31:05.810,1.97221,1.97284,1.13,1.50
2011.06.10 18:31:12.070,1.97215,1.97279,1.13,1.50
2011.06.10 18:31:15.489,1.97215,1.97279,1.13,1.13
2011.06.10 18:31:15.632,1.97226,1.97318,1.13,1.47
2011.06.10 18:31:16.638,1.97225,1.97319,1.13,1.47
2011.06.10 18:31:23.658,1.97225,1.97319,1.13,1.13
2011.06.10 18:31:23.770,1.97245,1.97323,1.13,1.13
2011.06.10 18:31:24.208,1.97263,1.97327,1.13,1.50
2011.06.10 18:31:24.978,1.9727,1.97346,1.13,1.88
2011.06.10 18:31:25.197,1.9727,1.97346,1.13,1.13
2011.06.10 18:31:25.770,1.97263,1.97327,1.13,1.50
2011.06.10 18:31:25.990,1.9727,1.97346,1.13,1.13
2011.06.10 18:31:27.615,1.9727,1.97346,1.13,1.88
2011.06.10 18:31:27.728,1.97262,1.97328,1.13,1.88
2011.06.10 18:31:29.708,1.97262,1.97328,1.13,1.50
2011.06.10 18:31:29.928,1.97246,1.97322,1.13,1.13
2011.06.10 18:31:30.578,1.97252,1.97327,1.13,1.13
2011.06.10 18:31:38.147,1.97246,1.97307,1.13,1.13
2011.06.10 18:31:38.478,1.97234,1.97295,1.47,1.50
2011.06.10 18:31:40.178,1.97234,1.97295,1.47,1.13
2011.06.10 18:31:40.399,1.97246,1.97307,1.13,1.50
2011.06.10 18:31:40.728,1.97246,1.97307,1.13,1.88
2011.06.10 18:31:40.948,1.97233,1.97296,1.47,1.13
2011.06.10 18:31:41.167,1.97245,1.97308,1.13,1.50
2011.06.10 18:31:42.629,1.9724,1.97303,1.47,1.13
2011.06.10 18:31:43.480,1.97245,1.97309,1.13,1.13
2011.06.10 18:31:43.700,1.97245,1.97309,1.13,1.47
2011.06.10 18:31:44.029,1.97224,1.97298,1.47,1.13
2011.06.10 18:31:46.624,1.97224,1.97298,1.13,1.13
2011.06.10 18:31:53.548,1.97218,1.97293,1.13,1.13
2011.06.10 18:31:53.768,1.97212,1.97285,1.13,1.13
2011.06.10 18:31:59.649,1.97215,1.97293,1.13,1.13
2011.06.10 18:31:59.759,1.97223,1.97299,1.13,1.13
2011.06.10 18:32:00.143,1.97223,1.97299,1.13,1.88
2011.06.10 18:32:00.256,1.97217,1.97278,1.13,1.13
2011.06.10 18:32:11.188,1.97216,1.97291,1.13,1.13
2011.06.10 18:32:11.518,1.97213,1.97288,1.13,1.13
2011.06.10 18:32:11.910,1.97211,1.97286,1.13,1.13
2011.06.10 18:32:22.968,1.97221,1.97294,1.13,1.13
2011.06.10 18:32:33.428,1.97199,1.97275,1.13,1.13
2011.06.10 18:32:36.489,1.97204,1.97281,1.13,1.13
2011.06.10 18:32:36.970,1.97206,1.97281,1.13,1.13
2011.06.10 18:32:37.550,1.97199,1.97275,1.13,1.13
2011.06.10 18:32:37.658,1.97193,1.9727,1.13,1.13
2011.06.10 18:32:39.468,1.972,1.97274,1.13,1.13
2011.06.10 18:32:45.230,1.97197,1.97272,1.13,1.13
2011.06.10 18:32:45.337,1.97192,1.97269,1.13,1.13
2011.06.10 18:32:49.657,1.972,1.97274,1.13,1.13
2011.06.10 18:32:52.048,1.97217,1.97278,1.13,1.13
2011.06.10 18:32:52.268,1.97224,1.97298,1.13,1.13
2011.06.10 18:32:52.806,1.9724,1.97303,1.13,1.13
2011.06.10 18:32:54.667,1.9724,1.97303,1.13,1.50
2011.06.10 18:32:54.888,1.97234,1.97298,1.47,1.13
2011.06.10 18:33:00.340,1.9724,1.97303,1.13,1.13
2011.06.10 18:33:01.128,1.97252,1.97315,1.13,1.13
2011.06.10 18:33:04.698,1.97252,1.97315,1.13,1.50
2011.06.10 18:33:04.919,1.97245,1.97311,1.13,1.50
2011.06.10 18:33:05.248,1.97245,1.97311,1.47,1.50
2011.06.10 18:33:05.820,1.9727,1.97334,1.13,1.13
2011.06.10 18:33:12.707,1.97266,1.9733,1.13,1.13
2011.06.10 18:33:18.598,1.97265,1.97328,1.88,1.13
2011.06.10 18:33:21.778,1.97267,1.97329,1.13,1.13
2011.06.10 18:33:25.698,1.97264,1.97327,1.88,1.13
2011.06.10 18:33:26.691,1.97264,1.97327,1.13,1.13
2011.06.10 18:33:27.901,1.97264,1.97327,1.88,1.13
2011.06.10 18:33:29.669,1.97264,1.97327,1.13,1.13
2011.06.10 18:33:47.592,1.9727,1.97327,1.84,1.13
2011.06.10 18:33:47.917,1.97277,1.97338,1.47,1.13
2011.06.10 18:33:48.803,1.97277,1.97338,1.13,1.13
2011.06.10 18:33:48.907,1.97277,1.97338,1.13,1.88
2011.06.10 18:33:49.238,1.97265,1.97326,1.47,1.13
2011.06.10 18:33:50.117,1.97277,1.97338,1.13,1.13
2011.06.10 18:33:51.108,1.97277,1.97338,1.13,1.50
2011.06.10 18:33:51.218,1.9727,1.97333,1.13,1.13
2011.06.10 18:33:51.882,1.9727,1.97334,1.13,1.13
2011.06.10 18:33:51.989,1.9727,1.97334,1.13,1.88
2011.06.10 18:33:52.209,1.97252,1.97315,1.88,1.13
2011.06.10 18:33:52.318,1.97264,1.97327,1.13,1.13
2011.06.10 18:33:52.860,1.9727,1.97334,1.13,1.13
2011.06.10 18:34:06.850,1.9727,1.97334,1.13,1.88
2011.06.10 18:34:07.178,1.97265,1.97326,1.88,1.13
2011.06.10 18:34:08.069,1.97265,1.97326,1.88,1.13
2011.06.10 18:34:10.288,1.97268,1.97334,1.13,1.13
2011.06.10 18:34:11.003,1.97269,1.97335,1.13,1.50
2011.06.10 18:34:11.108,1.97271,1.97335,1.13,1.50
2011.06.10 18:34:12.427,1.9727,1.97334,1.13,1.13
2011.06.10 18:34:25.508,1.9727,1.97334,1.13,1.88
2011.06.10 18:34:25.618,1.97257,1.97323,1.47,1.13
2011.06.10 18:34:25.728,1.9727,1.97334,1.13,1.13
2011.06.10 18:34:26.398,1.9727,1.97331,1.13,1.13
2011.06.10 18:34:26.507,1.97269,1.97333,1.13,1.13
2011.06.10 18:34:28.698,1.9727,1.97334,1.13,2.22
2011.06.10 18:34:28.918,1.97257,1.97323,1.13,1.50
2011.06.10 18:34:29.899,1.97269,1.97334,1.13,1.09
2011.06.10 18:34:30.008,1.97269,1.97335,1.13,1.47
2011.06.10 18:34:31.009,1.97282,1.97346,1.47,1.13
2011.06.10 18:34:31.770,1.97282,1.97347,1.47,1.13
2011.06.10 18:34:32.653,1.97282,1.97346,1.47,1.13
2011.06.10 18:34:33.315,1.97293,1.97353,1.13,1.09
2011.06.10 18:34:33.649,1.97264,1.97327,1.13,1.13
2011.06.10 18:34:34.188,1.97264,1.97327,1.88,1.13
2011.06.10 18:34:34.408,1.9727,1.97334,1.13,1.13
2011.06.10 18:34:35.469,1.9727,1.97334,1.13,1.88
2011.06.10 18:34:35.688,1.97257,1.97323,1.13,1.13
2011.06.10 18:34:41.551,1.97252,1.97315,1.13,1.13
2011.06.10 18:34:41.879,1.97279,1.97346,2.25,1.84
2011.06.10 18:34:42.210,1.97276,1.97315,1.84,1.13
2011.06.10 18:34:42.430,1.97276,1.97366,1.13,1.13
2011.06.10 18:34:50.749,1.97264,1.97362,1.88,1.13
2011.06.10 18:34:51.078,1.97268,1.9736,1.13,1.13
2011.06.10 18:34:52.011,1.97266,1.97356,1.13,1.13
2011.06.10 18:34:52.228,1.97268,1.9736,1.13,1.13
2011.06.10 18:34:55.147,1.97256,1.97348,1.88,1.13
2011.06.10 18:34:55.827,1.97256,1.97348,1.88,1.47
2011.06.10 18:34:56.158,1.97248,1.97284,1.13,1.13
2011.06.10 18:34:56.268,1.97228,1.97284,1.09,1.13
2011.06.10 18:34:56.377,1.97257,1.9732,1.13,1.13
2011.06.10 18:34:56.708,1.9726,1.97347,1.13,1.13
2011.06.10 18:34:56.818,1.97267,1.97361,1.13,1.13
2011.06.10 18:34:58.518,1.97267,1.97361,1.88,1.13
2011.06.10 18:35:08.832,1.97267,1.97361,1.88,1.13
2011.06.10 18:35:11.189,1.97268,1.97361,1.88,1.13
2011.06.10 18:35:11.408,1.97276,1.97366,1.88,1.13
2011.06.10 18:35:12.191,1.97276,1.97366,1.13,1.13
2011.06.10 18:35:12.878,1.97274,1.97364,1.88,1.13
2011.06.10 18:35:12.988,1.97275,1.97367,1.88,1.13
2011.06.10 18:35:15.872,1.97275,1.97367,1.88,1.13
2011.06.10 18:35:16.314,1.97275,1.97367,1.88,1.13
2011.06.10 18:35:25.612,1.97276,1.97367,1.09,1.13
2011.06.10 18:35:25.718,1.97276,1.97367,1.09,1.88
2011.06.10 18:35:26.067,1.97276,1.97345,1.09,1.13
2011.06.10 18:35:26.348,1.97276,1.97367,1.09,3.00
2011.06.10 18:35:26.457,1.97276,1.97367,1.09,2.25
2011.06.10 18:35:27.718,1.97277,1.97367,1.09,1.13
2011.06.10 18:35:28.048,1.97283,1.97375,1.88,1.13
2011.06.10 18:35:30.408,1.97287,1.97379,1.13,1.13
2011.06.10 18:35:31.348,1.97281,1.97374,1.88,1.13
2011.06.10 18:35:31.707,1.97282,1.97372,1.88,1.13
2011.06.10 18:35:33.160,1.97288,1.97378,1.13,1.13
2011.06.10 18:35:33.378,1.97281,1.97374,1.88,1.13
2011.06.10 18:35:33.708,1.97277,1.97367,1.09,1.13
2011.06.10 18:35:34.730,1.97277,1.97367,1.09,1.13
2011.06.10 18:35:35.498,1.9728,1.97375,1.88,1.13
2011.06.10 18:35:37.991,1.97286,1.97374,1.09,1.13
2011.06.10 18:35:38.318,1.97292,1.97384,1.47,1.13
2011.06.10 18:35:39.068,1.97288,1.97378,1.47,1.13
2011.06.10 18:35:39.940,1.97295,1.97378,1.09,1.13
2011.06.10 18:35:47.577,1.97295,1.97373,1.09,1.13
2011.06.10 18:35:48.958,1.97295,1.97373,1.09,1.13
2011.06.10 18:35:51.428,1.97295,1.97366,1.09,1.13
2011.06.10 18:35:52.690,1.97276,1.97363,1.88,1.88
2011.06.10 18:35:53.017,1.97271,1.97327,1.09,1.13
2011.06.10 18:35:54.034,1.97265,1.97327,1.09,1.13
2011.06.10 18:35:55.683,1.97271,1.97327,1.09,1.13
2011.06.10 18:35:56.061,1.97266,1.97327,1.09,1.13
2011.06.10 18:35:58.489,1.97271,1.97327,1.09,1.13
2011.06.10 18:35:58.598,1.97271,1.97333,1.09,1.13
2011.06.10 18:36:02.158,1.97277,1.97338,1.13,1.13
2011.06.10 18:36:03.839,1.97277,1.97338,1.88,1.13
2011.06.10 18:36:05.358,1.97277,1.97338,1.13,1.13
2011.06.10 18:36:05.470,1.97284,1.97343,1.09,1.50
2011.06.10 18:36:09.231,1.97278,1.97342,1.47,1.50
2011.06.10 18:36:09.698,1.97276,1.97339,2.22,1.13
2011.06.10 18:36:14.648,1.97283,1.97344,1.47,1.13
2011.06.10 18:36:16.229,1.97284,1.97344,1.09,1.13
2011.06.10 18:36:33.478,1.97284,1.97344,1.09,1.13
2011.06.10 18:36:33.587,1.97295,1.97356,1.13,1.13
2011.06.10 18:36:35.548,1.97306,1.97356,1.84,1.13
2011.06.10 18:36:35.768,1.97306,1.97369,2.97,1.13
2011.06.10 18:36:38.615,1.97306,1.97369,3.72,1.88
2011.06.10 18:36:38.729,1.97296,1.97357,1.09,1.13
2011.06.10 18:36:39.908,1.97311,1.97357,1.84,1.13
2011.06.10 18:36:40.127,1.97307,1.97368,1.47,1.13
2011.06.10 18:36:40.238,1.97307,1.97368,1.47,1.88
2011.06.10 18:36:40.568,1.97296,1.97357,1.09,1.13
2011.06.10 18:36:43.928,1.97295,1.9735,1.84,1.13
2011.06.10 18:36:44.148,1.97295,1.97357,1.84,1.13
2011.06.10 18:37:08.887,1.97306,1.97362,1.09,1.50
2011.06.10 18:37:09.577,1.97299,1.97362,1.47,1.88
2011.06.10 18:37:09.688,1.97295,1.97355,1.09,1.50
2011.06.10 18:37:13.969,1.97296,1.97355,1.09,1.88
2011.06.10 18:37:15.126,1.97296,1.9735,1.09,1.13
2011.06.10 18:37:15.458,1.97296,1.97356,1.09,1.50
2011.06.10 18:37:17.990,1.97298,1.97356,1.09,1.13
2011.06.10 18:37:18.100,1.97298,1.97358,1.09,1.13
2011.06.10 18:37:18.209,1.973,1.97361,1.88,1.50
2011.06.10 18:37:19.242,1.973,1.97361,1.13,1.50
2011.06.10 18:37:19.599,1.973,1.97361,1.13,1.88
2011.06.10 18:37:19.928,1.97296,1.97356,1.09,1.50
2011.06.10 18:37:21.449,1.97296,1.97356,1.09,1.88
2011.06.10 18:37:21.669,1.97296,1.97354,1.09,1.50
2011.06.10 18:37:23.089,1.97298,1.97358,1.09,1.50
2011.06.10 18:37:24.108,1.97296,1.97358,1.09,1.50
2011.06.10 18:37:24.218,1.97298,1.97359,1.09,1.88
2011.06.10 18:37:25.648,1.973,1.97363,1.13,1.88
2011.06.10 18:37:25.758,1.97305,1.97366,1.88,1.88
2011.06.10 18:37:26.308,1.97301,1.97362,1.88,1.88
2011.06.10 18:37:26.419,1.97301,1.97362,1.13,1.88
2011.06.10 18:37:26.529,1.97296,1.9736,2.22,1.88
2011.06.10 18:37:30.290,1.97298,1.97358,1.09,1.50
2011.06.10 18:37:30.921,1.97296,1.97358,1.09,1.50
2011.06.10 18:37:31.041,1.97298,1.97358,1.09,1.50
2011.06.10 18:37:34.828,1.97297,1.97359,1.47,1.88
2011.06.10 18:37:34.939,1.97298,1.97359,1.09,1.88
2011.06.10 18:37:35.157,1.97298,1.97361,1.47,1.88
2011.06.10 18:37:35.649,1.97298,1.97358,1.09,1.50
2011.06.10 18:37:38.848,1.97301,1.97362,1.13,1.88
2011.06.10 18:37:38.957,1.9731,1.97373,1.13,1.88
2011.06.10 18:37:39.068,1.97298,1.97356,1.09,1.50
2011.06.10 18:37:40.699,1.97295,1.97356,1.09,1.50
2011.06.10 18:37:40.835,1.97293,1.97356,1.88,1.50
2011.06.10 18:37:40.948,1.97293,1.97356,1.13,1.88
2011.06.10 18:37:41.453,1.97281,1.97341,1.13,1.88
2011.06.10 18:37:41.559,1.97296,1.97341,1.13,2.22
2011.06.10 18:37:41.779,1.97259,1.97334,1.13,1.88
2011.06.10 18:37:41.998,1.97261,1.97336,1.13,1.88
2011.06.10 18:37:42.310,1.97277,1.97341,1.13,1.88
2011.06.10 18:37:42.638,1.97283,1.97347,1.13,1.88
2011.06.10 18:37:42.748,1.97285,1.97348,1.13,1.88
2011.06.10 18:37:43.349,1.97284,1.97346,1.13,1.50
2011.06.10 18:37:44.460,1.97281,1.97344,1.13,1.50
2011.06.10 18:37:45.121,1.97281,1.97344,1.88,1.50
2011.06.10 18:37:46.111,1.97281,1.97344,1.13,1.50
2011.06.10 18:37:46.660,1.97281,1.97344,1.88,1.50
2011.06.10 18:37:50.318,1.97286,1.97347,1.13,1.88
2011.06.10 18:37:51.498,1.97282,1.97343,1.88,1.50
2011.06.10 18:37:54.140,1.97282,1.97343,1.13,1.50
2011.06.10 18:37:54.249,1.97282,1.97343,1.88,1.50
2011.06.10 18:37:56.617,1.97282,1.97343,1.88,1.13
2011.06.10 18:37:56.729,1.97294,1.97355,1.13,1.50
2011.06.10 18:37:58.857,1.97294,1.97355,1.88,1.50
2011.06.10 18:38:08.479,1.97294,1.97355,1.88,1.50
2011.06.10 18:38:08.718,1.97294,1.97355,1.13,1.13
2011.06.10 18:38:08.938,1.97306,1.97367,1.13,1.50
2011.06.10 18:38:09.378,1.97306,1.97367,1.13,1.88
2011.06.10 18:38:09.488,1.97294,1.97355,1.88,1.50
2011.06.10 18:38:10.956,1.97294,1.97355,1.88,1.50
2011.06.10 18:38:11.902,1.97294,1.97355,1.88,1.13
2011.06.10 18:38:12.119,1.97306,1.97367,1.88,1.50
2011.06.10 18:38:13.699,1.973,1.97361,1.88,1.50
2011.06.10 18:38:25.310,1.973,1.97361,1.88,1.13
2011.06.10 18:38:25.649,1.97305,1.97368,1.88,1.50
2011.06.10 18:38:27.280,1.97302,1.97364,1.88,1.88
2011.06.10 18:38:27.390,1.97302,1.97364,1.88,1.13
2011.06.10 18:38:27.738,1.97307,1.97369,1.13,1.50
2011.06.10 18:38:27.958,1.97305,1.97368,1.88,1.50
2011.06.10 18:38:28.619,1.97307,1.97369,1.13,1.50
2011.06.10 18:38:29.199,1.97307,1.97369,1.88,1.50
2011.06.10 18:38:29.740,1.97308,1.9737,1.88,1.88
2011.06.10 18:38:29.959,1.97301,1.97367,1.88,1.88
2011.06.10 18:38:31.029,1.97301,1.97367,1.88,1.88
2011.06.10 18:38:31.139,1.97301,1.97367,1.88,1.50
2011.06.10 18:38:31.358,1.97309,1.9737,1.13,1.88
2011.06.10 18:38:31.578,1.97303,1.97366,1.88,1.88
2011.06.10 18:38:31.688,1.97303,1.97366,1.88,1.50
2011.06.10 18:38:31.798,1.97308,1.97371,1.13,1.88
2011.06.10 18:38:32.128,1.97303,1.97366,1.88,1.88
2011.06.10 18:38:35.660,1.97302,1.97366,1.88,1.88
2011.06.10 18:38:35.771,1.97295,1.97359,1.88,1.13
2011.06.10 18:38:36.099,1.97305,1.97368,1.88,1.50
2011.06.10 18:38:37.314,1.97305,1.97368,1.13,1.50
2011.06.10 18:38:38.069,1.97305,1.97368,1.88,1.50
2011.06.10 18:38:41.909,1.97305,1.97368,1.88,1.50
2011.06.10 18:38:42.448,1.97305,1.97368,1.13,1.88
2011.06.10 18:38:43.009,1.97299,1.97363,1.88,1.50
2011.06.10 18:38:44.325,1.97299,1.97363,1.88,1.50
2011.06.10 18:38:44.438,1.97301,1.97363,1.13,1.13
2011.06.10 18:38:44.658,1.97322,1.97388,1.13,1.50
2011.06.10 18:38:45.168,1.97322,1.97388,1.13,1.88
2011.06.10 18:38:45.389,1.97313,1.97379,1.88,1.88
2011.06.10 18:38:45.830,1.97301,1.97367,1.88,1.88
2011.06.10 18:38:46.337,1.97301,1.97367,1.13,1.88
2011.06.10 18:38:46.454,1.97301,1.97367,1.88,1.88
2011.06.10 18:38:46.979,1.97301,1.97367,1.13,1.88
2011.06.10 18:38:47.949,1.97301,1.97367,1.88,1.13
2011.06.10 18:38:48.168,1.9731,1.97376,1.88,1.13
2011.06.10 18:38:48.277,1.97318,1.97379,1.88,1.50
2011.06.10 18:38:49.238,1.97318,1.97379,1.88,1.13
2011.06.10 18:38:49.458,1.97329,1.97392,1.88,1.50
2011.06.10 18:38:50.382,1.97329,1.97392,1.88,1.88
2011.06.10 18:38:50.720,1.9732,1.97382,1.88,1.88
2011.06.10 18:38:53.459,1.9732,1.97382,1.88,1.13
2011.06.10 18:38:53.678,1.9733,1.97391,1.88,1.50
2011.06.10 18:38:55.006,1.9733,1.97391,1.88,1.50
2011.06.10 18:38:56.310,1.9733,1.97391,1.88,1.88
2011.06.10 18:38:56.529,1.9732,1.97382,1.88,1.50
2011.06.10 18:38:57.520,1.9732,1.97382,1.88,1.50
2011.06.10 18:38:59.311,1.9732,1.97382,1.88,1.50
2011.06.10 18:39:00.719,1.97329,1.97392,1.88,1.50
2011.06.10 18:39:03.719,1.97329,1.97392,1.88,1.88
2011.06.10 18:39:04.259,1.97319,1.97383,1.88,1.88
2011.06.10 18:39:04.898,1.97319,1.97383,1.88,1.88
2011.06.10 18:39:15.418,1.97336,1.97411,1.88,1.47
2011.06.10 18:39:15.748,1.97336,1.97411,1.88,1.13
2011.06.10 18:39:15.968,1.97336,1.97411,1.88,1.13
2011.06.10 18:39:16.078,1.97354,1.97415,1.88,1.50
2011.06.10 18:39:17.059,1.97354,1.97415,1.88,1.50
2011.06.10 18:39:17.398,1.97354,1.97415,1.88,1.50
2011.06.10 18:39:17.507,1.97354,1.97415,1.88,1.50
2011.06.10 18:39:17.976,1.97354,1.97415,1.88,1.50
2011.06.10 18:39:22.489,1.9736,1.97421,1.88,1.50
2011.06.10 18:39:22.598,1.9736,1.97421,1.88,1.50
2011.06.10 18:39:22.928,1.9736,1.97421,1.88,1.50
2011.06.10 18:39:23.587,1.9736,1.97421,1.88,1.88
2011.06.10 18:39:23.808,1.97338,1.974,1.88,1.88
2011.06.10 18:39:24.028,1.97325,1.97389,1.88,1.88
2011.06.10 18:39:25.048,1.97325,1.97389,1.88,1.88
2011.06.10 18:39:26.006,1.97325,1.97389,1.88,1.88
2011.06.10 18:39:27.188,1.97325,1.97389,1.88,1.88
2011.06.10 18:39:28.701,1.97325,1.97389,1.88,1.88
2011.06.10 18:39:29.950,1.97335,1.97398,1.88,1.50
2011.06.10 18:39:30.577,1.97335,1.97398,1.88,1.50
2011.06.10 18:39:31.128,1.97335,1.97398,1.88,1.84
2011.06.10 18:39:31.458,1.97326,1.97388,1.88,1.50
2011.06.10 18:39:31.679,1.97326,1.97388,1.88,1.88
2011.06.10 18:39:32.229,1.97333,1.97382,1.09,1.13
2011.06.10 18:39:32.449,1.97333,1.97406,1.09,1.13
2011.06.10 18:39:32.669,1.97332,1.97406,1.13,1.50
2011.06.10 18:39:33.728,1.97325,1.974,1.88,1.13
2011.06.10 18:39:33.948,1.97325,1.974,1.88,1.50
2011.06.10 18:39:34.486,1.97325,1.974,1.88,1.50
2011.06.10 18:39:38.909,1.97328,1.97394,1.88,1.88
2011.06.10 18:39:39.649,1.97301,1.97365,1.88,1.88
2011.06.10 18:39:41.079,1.973,1.97366,1.88,1.50
2011.06.10 18:39:41.190,1.973,1.97366,1.88,1.50
2011.06.10 18:39:41.635,1.97302,1.97377,1.88,1.88
2011.06.10 18:39:46.577,1.97308,1.9737,1.88,1.88
2011.06.10 18:39:46.689,1.97308,1.9737,1.88,1.88
2011.06.10 18:39:52.389,1.97301,1.97365,1.88,1.88
2011.06.10 18:39:52.619,1.9729,1.97351,1.88,1.13
2011.06.10 18:39:52.729,1.97296,1.97357,1.88,1.50
2011.06.10 18:39:52.949,1.97296,1.97357,1.88,1.13
2011.06.10 18:39:53.060,1.97301,1.97365,1.88,1.88
2011.06.10 18:39:54.149,1.97301,1.97365,1.88,1.50
2011.06.10 18:39:54.260,1.97301,1.97365,1.88,1.50
2011.06.10 18:39:54.699,1.97307,1.97371,1.88,1.88
2011.06.10 18:39:55.855,1.97307,1.97371,1.88,1.88
2011.06.10 18:39:57.165,1.97307,1.97371,1.88,1.88
2011.06.10 18:39:59.036,1.97307,1.97371,1.88,1.88
2011.06.10 18:40:02.878,1.97313,1.97374,1.88,1.13
2011.06.10 18:40:03.216,1.97313,1.97374,1.88,1.13
2011.06.10 18:40:03.319,1.9733,1.97403,1.88,1.13
2011.06.10 18:40:05.038,1.9733,1.97403,1.88,1.13
2011.06.10 18:40:05.427,1.97361,1.97418,1.13,1.50
2011.06.10 18:40:06.087,1.97361,1.97422,1.13,1.88
2011.06.10 18:40:06.307,1.97329,1.97404,1.88,1.13
2011.06.10 18:40:07.300,1.97329,1.97404,1.88,1.13
2011.06.10 18:40:11.847,1.97329,1.97404,1.88,1.13
2011.06.10 18:40:19.069,1.97329,1.97404,1.88,1.88
2011.06.10 18:40:20.050,1.97323,1.97398,1.88,1.13
2011.06.10 18:40:20.968,1.97323,1.97398,1.88,1.13
2011.06.10 18:40:21.187,1.97329,1.97404,1.88,1.50
2011.06.10 18:40:23.337,1.97334,1.97412,1.88,1.50
2011.06.10 18:40:23.558,1.97341,1.97416,1.88,1.50
2011.06.10 18:40:24.297,1.97341,1.97416,1.88,1.50
2011.06.10 18:40:25.878,1.97341,1.97416,1.88,1.50
2011.06.10 18:40:27.518,1.97344,1.97419,2.25,1.13
2011.06.10 18:40:27.628,1.97375,1.97438,1.13,1.88
2011.06.10 18:40:27.739,1.97345,1.97418,1.88,1.50
2011.06.10 18:40:28.178,1.97352,1.97427,1.88,1.50
2011.06.10 18:40:28.287,1.97353,1.97428,1.88,1.50
2011.06.10 18:40:28.461,1.97353,1.97428,1.13,1.50
2011.06.10 18:40:28.567,1.97315,1.97421,1.88,1.13
2011.06.10 18:40:29.007,1.97315,1.97421,1.88,1.13
2011.06.10 18:40:29.227,1.97309,1.97418,1.88,1.13
2011.06.10 18:40:29.446,1.97331,1.97421,1.13,1.13
2011.06.10 18:40:30.263,1.97331,1.97421,1.88,1.13
2011.06.10 18:40:30.867,1.9733,1.97422,1.88,1.13
2011.06.10 18:40:31.306,1.97331,1.97421,1.88,1.13
2011.06.10 18:40:32.027,1.9733,1.9742,1.88,1.13
2011.06.10 18:40:32.422,1.9733,1.97422,1.88,1.13
2011.06.10 18:40:33.166,1.97329,1.97421,1.88,1.13
2011.06.10 18:40:34.137,1.97351,1.97424,1.88,1.50
2011.06.10 18:40:34.908,1.97351,1.97424,1.13,1.50
2011.06.10 18:40:35.017,1.97351,1.97424,1.13,1.88
2011.06.10 18:40:35.127,1.97345,1.97418,1.88,1.50
2011.06.10 18:40:35.238,1.97358,1.97419,1.13,1.88
2011.06.10 18:40:35.937,1.9736,1.97424,1.13,1.88
2011.06.10 18:40:36.331,1.9736,1.97424,1.88,1.88
2011.06.10 18:40:36.656,1.9736,1.97424,1.88,1.88
2011.06.10 18:40:36.967,1.9736,1.97424,1.88,1.88
2011.06.10 18:40:37.524,1.9736,1.97424,1.88,1.88
2011.06.10 18:40:38.188,1.9736,1.97424,1.88,1.88
2011.06.10 18:40:38.527,1.9736,1.97424,1.88,1.88
2011.06.10 18:40:40.438,1.9736,1.97424,1.88,1.13
2011.06.10 18:40:40.658,1.97365,1.9744,1.88,1.13
2011.06.10 18:40:40.828,1.97365,1.9744,1.88,1.13
2011.06.10 18:40:40.937,1.97365,1.9744,1.88,1.88
2011.06.10 18:40:41.924,1.9736,1.97424,1.88,1.88
2011.06.10 18:40:42.252,1.9736,1.97424,1.88,1.88
2011.06.10 18:40:42.717,1.97364,1.9743,1.88,1.88
2011.06.10 18:40:42.937,1.97361,1.97423,1.88,1.88
2011.06.10 18:40:46.728,1.97361,1.97421,1.13,1.09
2011.06.10 18:40:46.838,1.97371,1.97432,1.13,1.84
2011.06.10 18:40:47.591,1.97371,1.97432,1.13,1.50
2011.06.10 18:40:47.709,1.97333,1.97425,1.88,1.13
2011.06.10 18:40:47.848,1.97333,1.97425,1.13,1.13
2011.06.10 18:40:48.067,1.97333,1.97425,1.88,1.13
2011.06.10 18:40:50.259,1.97333,1.97425,1.88,1.13
2011.06.10 18:40:50.477,1.97333,1.97425,1.88,1.13
2011.06.10 18:40:52.562,1.97333,1.97425,1.88,1.13
2011.06.10 18:40:52.667,1.97339,1.97431,1.88,1.13
2011.06.10 18:40:52.998,1.97346,1.97436,1.88,1.13
2011.06.10 18:40:54.097,1.97346,1.97436,1.88,1.13
2011.06.10 18:40:55.612,1.97344,1.97436,1.88,1.88
2011.06.10 18:40:55.718,1.97344,1.97436,1.88,1.88
2011.06.10 18:40:55.939,1.97341,1.97414,1.88,1.88
2011.06.10 18:40:56.268,1.97335,1.97399,1.88,1.13
2011.06.10 18:40:56.598,1.97348,1.97412,1.88,1.88
2011.06.10 18:40:57.037,1.97348,1.97412,1.13,1.88
2011.06.10 18:40:57.258,1.97372,1.97436,1.13,1.88
2011.06.10 18:40:57.587,1.97372,1.97436,1.13,1.88
2011.06.10 18:40:58.408,1.97372,1.97436,1.13,1.88
2011.06.10 18:40:58.518,1.97372,1.97436,1.13,1.88
2011.06.10 18:40:58.628,1.97372,1.97436,1.13,1.88
2011.06.10 18:40:58.957,1.97349,1.97411,1.13,1.88
2011.06.10 18:40:59.178,1.97325,1.97387,1.13,1.88
2011.06.10 18:40:59.398,1.97325,1.97387,1.88,1.13
2011.06.10 18:40:59.507,1.97348,1.97412,1.13,1.88
2011.06.10 18:40:59.617,1.97348,1.97412,1.13,1.13
2011.06.10 18:40:59.727,1.97372,1.97436,1.13,1.88
2011.06.10 18:41:00.057,1.97372,1.97419,1.13,1.09
2011.06.10 18:41:00.167,1.97349,1.97411,1.13,1.88
2011.06.10 18:41:00.498,1.97349,1.97411,1.13,1.13
2011.06.10 18:41:00.608,1.97353,1.97428,1.13,1.50
2011.06.10 18:41:11.763,1.97353,1.97428,1.88,1.50
2011.06.10 18:41:13.313,1.97353,1.97428,1.13,1.50
2011.06.10 18:41:14.707,1.97352,1.97427,1.13,1.13
2011.06.10 18:41:15.207,1.97352,1.97425,1.13,1.13
2011.06.10 18:41:15.627,1.97348,1.97424,1.47,1.13
2011.06.10 18:41:15.987,1.97348,1.97424,2.22,1.13
2011.06.10 18:41:16.098,1.97348,1.97424,1.47,1.13
2011.06.10 18:41:16.318,1.97354,1.97427,1.13,1.13
2011.06.10 18:41:16.648,1.97354,1.97427,1.13,1.50
2011.06.10 18:41:16.977,1.97353,1.97464,1.13,1.88
2011.06.10 18:41:17.198,1.9735,1.97442,1.13,1.13
2011.06.10 18:41:17.877,1.97351,1.97442,1.13,1.13
2011.06.10 18:41:18.515,1.9735,1.97441,1.13,1.13
2011.06.10 18:41:19.287,1.9735,1.97442,1.13,1.13
2011.06.10 18:41:25.426,1.9735,1.97442,1.13,1.88
2011.06.10 18:41:25.537,1.97346,1.97422,1.88,1.13
2011.06.10 18:41:35.157,1.97346,1.97422,2.25,1.13
2011.06.10 18:41:35.488,1.97376,1.97442,1.13,1.13
2011.06.10 18:41:35.818,1.97389,1.97453,1.13,1.13
2011.06.10 18:41:35.927,1.97393,1.97471,1.13,1.50
2011.06.10 18:41:36.038,1.97389,1.97453,1.13,1.13
2011.06.10 18:41:36.508,1.97389,1.97453,1.13,1.88
2011.06.10 18:41:36.938,1.97389,1.97453,1.13,1.88
2011.06.10 18:41:37.048,1.97389,1.97453,1.13,1.13
2011.06.10 18:41:37.269,1.97395,1.97468,1.13,1.88
2011.06.10 18:41:37.489,1.97408,1.97472,1.13,1.13
2011.06.10 18:41:37.708,1.97408,1.97481,1.13,1.13
2011.06.10 18:41:38.627,1.97414,1.97487,1.13,1.13
2011.06.10 18:41:41.879,1.97414,1.97487,1.13,1.88
2011.06.10 18:41:42.358,1.97408,1.97469,1.13,1.13
2011.06.10 18:41:42.468,1.97408,1.97472,1.13,1.13
2011.06.10 18:41:42.578,1.97432,1.97496,1.13,1.88
2011.06.10 18:41:42.688,1.97413,1.97488,1.13,1.13
2011.06.10 18:41:42.908,1.97409,1.97471,1.13,1.88
2011.06.10 18:41:43.458,1.97409,1.97471,1.13,1.50
2011.06.10 18:41:43.568,1.97413,1.97476,1.13,1.88
2011.06.10 18:41:44.107,1.97412,1.97478,1.13,1.88
2011.06.10 18:41:45.607,1.97412,1.97478,1.13,1.88
2011.06.10 18:41:45.717,1.97408,1.97472,1.13,1.88
2011.06.10 18:41:53.808,1.97407,1.9747,1.13,1.88
2011.06.10 18:41:54.138,1.97408,1.97472,1.13,1.88
2011.06.10 18:41:54.248,1.97403,1.97464,1.13,1.50
2011.06.10 18:41:54.357,1.97408,1.97472,1.13,1.88
2011.06.10 18:41:54.898,1.97402,1.97465,1.13,1.88
2011.06.10 18:41:58.147,1.97402,1.97465,1.13,1.88
2011.06.10 18:41:58.478,1.9739,1.97453,1.13,1.88
2011.06.10 18:41:58.697,1.97379,1.9744,1.13,1.88
2011.06.10 18:41:59.589,1.97379,1.9744,1.13,1.50
2011.06.10 18:41:59.937,1.97385,1.97447,1.13,1.88
2011.06.10 18:42:00.467,1.97385,1.97447,1.88,1.88
2011.06.10 18:42:00.999,1.97385,1.97447,1.13,1.88
2011.06.10 18:42:02.350,1.97385,1.97447,1.13,1.88
2011.06.10 18:42:02.568,1.97373,1.97434,1.13,1.88
2011.06.10 18:42:02.898,1.97373,1.97434,1.13,1.88
2011.06.10 18:42:03.008,1.97365,1.97431,1.88,1.88
2011.06.10 18:42:03.227,1.97367,1.97439,1.13,1.88
2011.06.10 18:42:03.821,1.97366,1.9743,1.88,1.88
2011.06.10 18:42:04.550,1.97365,1.9743,1.13,1.88
2011.06.10 18:42:07.128,1.97364,1.9743,1.13,1.88
2011.06.10 18:42:08.248,1.97365,1.97428,1.13,1.88
2011.06.10 18:42:10.921,1.97362,1.97423,1.13,1.50
2011.06.10 18:42:11.137,1.97364,1.9743,1.13,1.88
2011.06.10 18:42:11.602,1.97364,1.9743,1.13,1.13
2011.06.10 18:42:11.817,1.97376,1.97442,1.13,1.88
2011.06.10 18:42:13.917,1.97377,1.97441,1.13,1.88
2011.06.10 18:42:20.887,1.97377,1.9744,1.13,1.88
2011.06.10 18:42:21.107,1.97375,1.97437,1.13,1.88
2011.06.10 18:42:21.217,1.97368,1.97429,1.13,1.88
2011.06.10 18:42:21.328,1.97361,1.97422,1.13,1.88
2011.06.10 18:42:21.772,1.97361,1.97422,1.13,1.88
2011.06.10 18:42:21.879,1.9736,1.97423,1.13,1.88
2011.06.10 18:42:30.612,1.97354,1.97418,1.13,1.88
2011.06.10 18:42:30.717,1.97354,1.97418,1.13,1.88
2011.06.10 18:42:31.048,1.97361,1.97422,1.13,1.88
2011.06.10 18:42:31.268,1.97354,1.97418,1.13,1.88
2011.06.10 18:42:32.147,1.97354,1.97418,1.13,1.88
2011.06.10 18:42:32.367,1.9736,1.97423,1.13,1.88
2011.06.10 18:42:32.697,1.97353,1.97419,1.13,1.88
2011.06.10 18:42:44.352,1.97354,1.97417,1.13,1.88
2011.06.10 18:42:44.937,1.97353,1.97418,1.13,1.88
2011.06.10 18:42:45.157,1.97353,1.97418,1.13,1.88
2011.06.10 18:42:45.267,1.97341,1.97406,1.13,1.88
2011.06.10 18:42:53.957,1.97341,1.97407,1.13,1.13
2011.06.10 18:42:54.177,1.97353,1.97419,1.13,1.88
2011.06.10 18:43:25.427,1.97353,1.97419,1.13,1.88
2011.06.10 18:43:25.537,1.97351,1.97417,1.13,1.88
2011.06.10 18:43:25.647,1.97351,1.97417,1.13,1.50
2011.06.10 18:43:25.757,1.97361,1.97422,1.13,1.88
2011.06.10 18:43:27.961,1.97372,1.97435,1.13,1.88
2011.06.10 18:43:28.178,1.97372,1.97435,1.47,1.13
2011.06.10 18:43:28.287,1.97405,1.97495,1.13,1.47
2011.06.10 18:43:28.398,1.97405,1.97492,1.13,1.09
2011.06.10 18:43:28.507,1.97401,1.97476,1.13,1.50
2011.06.10 18:43:28.948,1.9742,1.97483,1.13,1.88
2011.06.10 18:43:32.427,1.9742,1.97483,1.13,1.13
2011.06.10 18:43:32.759,1.97445,1.97506,1.13,1.88
2011.06.10 18:43:32.867,1.9742,1.97483,1.13,1.88
2011.06.10 18:43:36.610,1.9742,1.97483,1.13,1.13
2011.06.10 18:43:36.828,1.97428,1.9752,1.13,1.88
2011.06.10 18:43:36.938,1.97445,1.97506,1.13,1.88
2011.06.10 18:43:40.448,1.97437,1.97502,1.13,1.88
2011.06.10 18:43:41.958,1.97436,1.975,1.13,1.88
2011.06.10 18:43:45.111,1.97436,1.97502,1.13,1.88
2011.06.10 18:43:45.218,1.97444,1.97507,1.13,1.88
2011.06.10 18:43:45.898,1.97434,1.97497,1.13,1.50
2011.06.10 18:43:46.118,1.97442,1.97504,1.13,1.88
2011.06.10 18:43:46.637,1.97441,1.97503,1.13,1.88
2011.06.10 18:43:47.258,1.97436,1.975,1.13,1.50
2011.06.10 18:43:50.168,1.97436,1.97498,1.13,1.88
2011.06.10 18:43:50.278,1.9741,1.97471,1.13,1.13
2011.06.10 18:43:50.388,1.97415,1.97471,1.13,1.13
2011.06.10 18:43:50.498,1.97434,1.97495,1.13,1.13
2011.06.10 18:43:51.439,1.97434,1.97497,1.13,1.50
2011.06.10 18:43:52.640,1.97433,1.97496,1.13,1.13
2011.06.10 18:43:56.667,1.97433,1.97496,1.13,1.50
2011.06.10 18:43:56.997,1.97429,1.97493,1.13,1.88
2011.06.10 18:43:57.328,1.9742,1.97482,1.13,1.88
2011.06.10 18:43:59.419,1.9742,1.97482,1.13,1.50
2011.06.10 18:43:59.527,1.97422,1.97483,1.13,1.50
2011.06.10 18:43:59.969,1.9742,1.97482,1.13,1.13
2011.06.10 18:44:00.187,1.97426,1.97488,1.13,1.50
2011.06.10 18:44:00.518,1.97428,1.97491,1.13,1.88
2011.06.10 18:44:07.057,1.9743,1.97492,1.13,1.88
2011.06.10 18:44:08.359,1.9743,1.97492,1.13,1.88
2011.06.10 18:44:08.577,1.97424,1.97485,1.13,1.88
2011.06.10 18:44:08.908,1.97419,1.97483,1.13,1.50
2011.06.10 18:44:09.018,1.97419,1.97483,1.13,1.88
2011.06.10 18:44:10.353,1.97419,1.97483,1.13,1.13
2011.06.10 18:44:10.458,1.97419,1.97483,1.88,1.13
2011.06.10 18:44:10.567,1.97429,1.97519,1.13,1.47
2011.06.10 18:44:10.677,1.97429,1.97519,1.13,1.88
2011.06.10 18:44:10.897,1.97425,1.97499,1.88,1.13
2011.06.10 18:44:11.227,1.97423,1.97496,1.13,1.13
2011.06.10 18:44:11.768,1.97422,1.97495,1.13,1.13
2011.06.10 18:44:15.390,1.97424,1.975,1.13,1.50
2011.06.10 18:44:21.687,1.97424,1.975,1.88,1.13
2011.06.10 18:44:22.457,1.97431,1.97505,1.13,1.13
2011.06.10 18:44:22.968,1.97433,1.97508,1.13,1.13
2011.06.10 18:44:25.638,1.97433,1.97508,1.13,1.50
2011.06.10 18:44:25.858,1.97433,1.97508,1.13,1.13
2011.06.10 18:44:25.968,1.97428,1.97503,1.13,1.13
2011.06.10 18:44:27.510,1.97429,1.97502,1.13,1.13
2011.06.10 18:44:28.279,1.97427,1.97502,1.13,1.13
2011.06.10 18:44:28.499,1.97427,1.97502,1.13,1.50
2011.06.10 18:44:28.719,1.97425,1.97499,1.13,1.13
2011.06.10 18:44:29.318,1.97431,1.97506,1.13,1.13
2011.06.10 18:44:29.428,1.97437,1.97511,1.13,1.88
2011.06.10 18:44:29.538,1.97431,1.97506,1.13,1.50
2011.06.10 18:44:30.022,1.97424,1.975,1.88,1.13
2011.06.10 18:44:30.457,1.9741,1.97503,1.88,1.13
2011.06.10 18:44:30.568,1.97406,1.97483,1.88,1.50
2011.06.10 18:44:30.898,1.97383,1.97458,1.88,1.13
2011.06.10 18:44:31.008,1.97388,1.97464,1.88,1.50
2011.06.10 18:44:31.228,1.97383,1.97458,1.88,1.13
2011.06.10 18:44:31.558,1.97376,1.97451,1.88,1.50
2011.06.10 18:44:31.888,1.97376,1.97451,1.88,1.50
2011.06.10 18:44:31.998,1.97376,1.97451,1.88,1.50
2011.06.10 18:44:40.958,1.97395,1.97459,1.13,1.88
2011.06.10 18:44:42.718,1.97395,1.97459,1.13,1.13
2011.06.10 18:44:42.829,1.97407,1.97471,1.13,1.88
2011.06.10 18:44:43.157,1.97407,1.97471,1.13,1.88
2011.06.10 18:44:43.377,1.97395,1.97459,1.13,1.88
2011.06.10 18:44:43.598,1.97395,1.97459,1.13,1.13
2011.06.10 18:44:43.708,1.97401,1.97474,1.13,1.13
2011.06.10 18:44:44.147,1.97419,1.97483,1.13,1.13
2011.06.10 18:44:44.257,1.97425,1.97499,1.13,1.13
2011.06.10 18:45:16.298,1.97426,1.97501,1.13,1.50
2011.06.10 18:45:16.848,1.97425,1.97499,1.13,1.13
2011.06.10 18:45:22.658,1.97404,1.97496,1.88,1.13
2011.06.10 18:45:22.987,1.97424,1.975,1.13,1.50
2011.06.10 18:45:24.560,1.97424,1.975,1.13,1.13
2011.06.10 18:45:24.888,1.97409,1.97504,1.13,1.13
2011.06.10 18:45:24.998,1.97405,1.97495,1.88,1.13
2011.06.10 18:45:25.418,1.97425,1.97499,1.13,1.13
2011.06.10 18:45:26.080,1.97443,1.97507,1.13,1.88
2011.06.10 18:45:27.303,1.97443,1.97507,1.13,1.13
2011.06.10 18:45:27.517,1.97456,1.97518,1.13,1.88
2011.06.10 18:45:28.837,1.97456,1.97518,1.13,1.13
2011.06.10 18:45:28.948,1.97468,1.9753,1.13,1.88
2011.06.10 18:45:29.958,1.97456,1.97518,1.13,1.88
2011.06.10 18:45:30.311,1.97456,1.97518,1.13,1.50
2011.06.10 18:45:30.527,1.97461,1.97525,1.13,1.88
2011.06.10 18:45:31.117,1.97462,1.97526,1.13,1.88
2011.06.10 18:45:31.478,1.97462,1.97526,1.13,1.13
2011.06.10 18:45:31.587,1.9747,1.97531,1.13,1.50
2011.06.10 18:45:31.917,1.97472,1.97538,1.13,1.88
2011.06.10 18:45:33.860,1.97472,1.97538,1.13,1.88
2011.06.10 18:45:34.079,1.97481,1.97542,1.13,1.88
2011.06.10 18:45:35.378,1.97481,1.97542,1.13,1.50
2011.06.10 18:45:35.599,1.97486,1.9755,1.13,1.88
2011.06.10 18:45:35.708,1.97488,1.97551,1.13,1.50
2011.06.10 18:45:35.818,1.97497,1.97556,1.13,1.09
2011.06.10 18:45:36.908,1.97497,1.97561,1.13,1.88
2011.06.10 18:45:37.238,1.9748,1.97549,1.13,1.88
2011.06.10 18:45:37.348,1.97475,1.97548,1.13,1.88
2011.06.10 18:45:37.677,1.97473,1.97538,1.13,1.88
2011.06.10 18:45:40.308,1.97474,1.97536,1.13,1.88
2011.06.10 18:45:40.527,1.97472,1.97538,1.13,1.88
2011.06.10 18:45:47.618,1.97472,1.97538,1.13,1.88
2011.06.10 18:45:47.728,1.9748,1.97543,1.13,1.88
2011.06.10 18:45:48.057,1.97474,1.97538,1.13,1.88
2011.06.10 18:45:50.771,1.97461,1.97527,1.13,1.13
2011.06.10 18:45:50.879,1.97461,1.97527,1.13,2.22
2011.06.10 18:45:51.208,1.97438,1.97502,1.13,1.88
2011.06.10 18:45:52.418,1.97426,1.97488,1.13,1.88
2011.06.10 18:45:52.748,1.9745,1.97513,1.13,1.88
2011.06.10 18:45:53.188,1.97444,1.97507,1.13,1.88
2011.06.10 18:45:53.518,1.97451,1.97512,1.13,1.88
2011.06.10 18:45:54.678,1.97451,1.97512,1.13,1.88
2011.06.10 18:45:54.898,1.97426,1.97489,1.13,1.88
2011.06.10 18:45:55.008,1.97415,1.97476,1.13,1.88
2011.06.10 18:45:55.449,1.97402,1.97465,1.13,1.88
2011.06.10 18:45:55.668,1.974,1.97466,1.13,1.88
2011.06.10 18:45:55.778,1.97402,1.97466,1.13,1.88
2011.06.10 18:46:03.348,1.97402,1.97466,1.13,1.13
2011.06.10 18:46:03.459,1.97398,1.97461,1.47,1.13
2011.06.10 18:46:03.569,1.97417,1.97494,1.13,1.13
2011.06.10 18:46:03.788,1.97436,1.97502,1.13,1.88
2011.06.10 18:46:05.397,1.97436,1.97502,1.13,1.88
2011.06.10 18:46:05.618,1.97413,1.97477,1.13,1.13
2011.06.10 18:46:05.727,1.97441,1.97518,1.13,1.13
2011.06.10 18:46:10.138,1.97432,1.97518,1.13,1.13
2011.06.10 18:46:11.001,1.97432,1.97516,1.13,1.13
2011.06.10 18:46:11.347,1.9745,1.97524,1.13,1.50
2011.06.10 18:46:12.268,1.97451,1.97525,1.13,1.88
2011.06.10 18:46:13.428,1.97451,1.97525,1.13,1.13
2011.06.10 18:46:13.539,1.97463,1.97552,1.13,1.09
2011.06.10 18:46:13.648,1.97463,1.97583,1.13,1.13
2011.06.10 18:46:13.760,1.97488,1.9756,1.13,1.50
2011.06.10 18:46:15.177,1.97488,1.9756,1.13,1.88
2011.06.10 18:46:15.398,1.9748,1.97542,1.13,1.88
2011.06.10 18:46:16.668,1.9748,1.97542,1.13,1.13
2011.06.10 18:46:16.778,1.97492,1.97554,1.13,1.88
2011.06.10 18:46:18.029,1.97492,1.97554,1.13,1.88
2011.06.10 18:46:18.138,1.9748,1.97542,1.13,1.88
2011.06.10 18:46:20.864,1.9748,1.97542,1.13,1.88
2011.06.10 18:46:20.968,1.97429,1.97519,1.13,1.13
2011.06.10 18:46:21.408,1.97448,1.97524,1.13,1.50
2011.06.10 18:46:37.586,1.97448,1.97524,1.13,1.88
2011.06.10 18:46:37.917,1.97431,1.97495,1.13,1.88
2011.06.10 18:46:50.317,1.97431,1.97495,1.13,1.13
2011.06.10 18:46:50.428,1.97444,1.97506,1.13,1.88
2011.06.10 18:46:51.610,1.97444,1.97506,1.13,1.13
2011.06.10 18:46:51.938,1.97448,1.97524,1.13,1.50
2011.06.10 18:47:01.968,1.97454,1.97529,1.13,1.47
2011.06.10 18:47:02.298,1.97457,1.9753,1.13,1.88
2011.06.10 18:47:02.409,1.97463,1.97536,1.13,1.13
2011.06.10 18:47:02.627,1.97469,1.97544,1.13,1.50
2011.06.10 18:47:02.907,1.97469,1.97544,1.13,1.50
2011.06.10 18:47:03.738,1.97449,1.97541,1.13,1.13
2011.06.10 18:47:05.850,1.97449,1.97541,1.13,1.88
2011.06.10 18:47:06.178,1.97445,1.97537,1.13,1.13
2011.06.10 18:47:06.288,1.97445,1.97537,1.88,1.88
2011.06.10 18:47:06.618,1.97438,1.97502,1.88,1.88
2011.06.10 18:47:06.728,1.97438,1.97502,1.13,1.88
2011.06.10 18:47:07.397,1.97436,1.975,1.13,1.88
2011.06.10 18:47:08.258,1.97435,1.975,1.13,1.88
2011.06.10 18:47:09.269,1.97435,1.975,1.13,1.13
2011.06.10 18:47:09.598,1.97465,1.97539,1.13,1.13
2011.06.10 18:47:10.349,1.97471,1.97544,1.13,1.13
2011.06.10 18:47:11.428,1.97471,1.97544,1.13,1.50
2011.06.10 18:47:11.648,1.97467,1.97542,1.13,1.13
2011.06.10 18:47:14.739,1.97468,1.97543,1.13,1.13
2011.06.10 18:47:15.078,1.97468,1.97541,1.13,1.13
2011.06.10 18:47:15.509,1.97468,1.97543,1.13,1.13
2011.06.10 18:47:16.169,1.97469,1.97542,1.13,1.13
2011.06.10 18:47:16.498,1.97474,1.97547,1.13,1.50
2011.06.10 18:47:16.608,1.97468,1.97544,1.13,1.50
2011.06.10 18:47:16.718,1.97474,1.97547,1.13,1.50
2011.06.10 18:47:17.108,1.9747,1.97545,1.13,1.50
2011.06.10 18:47:17.548,1.97466,1.97544,1.13,1.50
2011.06.10 18:47:19.788,1.97463,1.97536,1.13,1.13
2011.06.10 18:47:19.911,1.97466,1.97541,1.13,1.13
2011.06.10 18:47:25.428,1.97474,1.97547,1.13,1.13
2011.06.10 18:47:26.458,1.97411,1.97537,1.13,1.13
2011.06.10 18:47:26.677,1.97411,1.97537,1.13,1.88
2011.06.10 18:47:27.008,1.97428,1.9752,1.13,1.13
2011.06.10 18:47:27.338,1.9745,1.97523,1.13,1.13
2011.06.10 18:47:29.697,1.9745,1.97523,1.13,1.88
2011.06.10 18:47:29.918,1.97444,1.97507,1.13,1.88
2011.06.10 18:47:31.168,1.97444,1.97507,1.13,1.88
2011.06.10 18:47:31.388,1.97438,1.97501,1.13,1.88
2011.06.10 18:47:33.580,1.97438,1.97501,1.13,1.88
2011.06.10 18:47:33.798,1.97445,1.97506,1.13,1.88
2011.06.10 18:47:36.468,1.97438,1.97501,1.13,1.88
2011.06.10 18:47:50.318,1.97438,1.97501,1.13,1.13
2011.06.10 18:47:50.428,1.97444,1.97517,1.13,1.84
2011.06.10 18:47:50.648,1.97444,1.97517,1.13,1.50
2011.06.10 18:47:50.978,1.97467,1.97542,1.13,1.50
2011.06.10 18:47:55.218,1.97467,1.97542,1.13,1.88
2011.06.10 18:47:55.699,1.97465,1.97538,1.13,1.50
2011.06.10 18:47:57.877,1.97461,1.97536,1.13,1.50
2011.06.10 18:48:15.908,1.97456,1.97519,1.13,1.88
2011.06.10 18:48:16.318,1.97456,1.97519,1.13,1.88
2011.06.10 18:48:16.428,1.97445,1.97506,1.13,1.88
2011.06.10 18:48:16.978,1.97413,1.97487,1.13,1.50
2011.06.10 18:48:23.375,1.97415,1.97488,1.13,1.50
2011.06.10 18:48:24.150,1.97413,1.97487,1.13,1.50
2011.06.10 18:48:25.989,1.97417,1.97494,1.13,1.13
2011.06.10 18:48:27.780,1.97418,1.97495,1.13,1.13
2011.06.10 18:48:28.439,1.97418,1.97496,1.13,1.50
2011.06.10 18:48:28.990,1.97418,1.97493,1.13,1.13
2011.06.10 18:48:29.677,1.97419,1.97495,1.13,1.13
2011.06.10 18:48:31.300,1.97417,1.97494,1.13,1.13
2011.06.10 18:48:31.928,1.97418,1.97495,1.13,1.13
2011.06.10 18:48:32.038,1.97421,1.97494,1.13,1.13
2011.06.10 18:48:32.838,1.97421,1.97496,1.13,1.50
2011.06.10 18:48:33.388,1.97418,1.97496,1.13,1.50
2011.06.10 18:48:34.928,1.97418,1.97493,1.13,1.13
2011.06.10 18:48:35.659,1.97419,1.97495,1.13,1.13
2011.06.10 18:48:36.359,1.9742,1.97495,1.13,1.13
2011.06.10 18:48:37.104,1.97421,1.97496,1.13,1.50
2011.06.10 18:48:37.648,1.97418,1.97496,1.13,1.50
2011.06.10 18:48:38.088,1.97424,1.97498,1.13,1.50
2011.06.10 18:48:38.199,1.97421,1.97495,1.13,1.13
2011.06.10 18:48:38.418,1.97419,1.97495,1.13,1.13
2011.06.10 18:48:39.239,1.97426,1.97499,1.13,1.13
2011.06.10 18:48:39.951,1.97431,1.97507,1.13,1.50
2011.06.10 18:48:40.169,1.9744,1.97518,1.13,1.88
2011.06.10 18:48:40.278,1.97437,1.97512,1.13,1.88
2011.06.10 18:48:40.498,1.97437,1.97512,1.13,1.50
2011.06.10 18:48:42.679,1.97437,1.97512,1.13,1.50
2011.06.10 18:48:45.565,1.97437,1.97512,1.13,1.88
2011.06.10 18:48:45.887,1.97457,1.97518,1.13,1.88
2011.06.10 18:48:46.659,1.97344,1.97488,1.88,1.88
2011.06.10 18:48:46.878,1.97365,1.97525,1.09,1.47
2011.06.10 18:48:47.417,1.97375,1.97515,1.09,1.13
2011.06.10 18:48:48.726,1.9738,1.97513,1.09,1.13
2011.06.10 18:48:49.828,1.9738,1.97513,1.09,1.13
2011.06.10 18:48:57.438,1.9738,1.97504,1.09,1.50
2011.06.10 18:48:58.448,1.97401,1.97464,1.13,1.88
2011.06.10 18:48:59.040,1.97403,1.97464,1.13,1.88
2011.06.10 18:48:59.418,1.97399,1.97463,1.13,1.88
2011.06.10 18:48:59.528,1.97354,1.97417,1.13,1.88
2011.06.10 18:48:59.749,1.97354,1.97417,1.13,1.13
2011.06.10 18:48:59.859,1.97354,1.97417,1.47,1.13
2011.06.10 18:48:59.969,1.97371,1.97446,1.13,1.13
2011.06.10 18:49:00.298,1.97375,1.97451,1.13,1.13
2011.06.10 18:49:00.409,1.97377,1.97455,1.13,1.13
2011.06.10 18:49:00.518,1.97397,1.97461,1.13,1.88
2011.06.10 18:49:02.938,1.97397,1.97461,1.13,1.88
2011.06.10 18:49:03.158,1.97386,1.9746,1.13,1.88
2011.06.10 18:49:04.109,1.97385,1.97456,1.88,1.88
2011.06.10 18:49:07.068,1.97384,1.97455,1.13,1.88
2011.06.10 18:49:07.819,1.97385,1.97459,1.13,1.88
2011.06.10 18:49:07.928,1.97385,1.97459,1.13,1.88
2011.06.10 18:49:08.148,1.97385,1.97459,1.13,1.88
2011.06.10 18:49:08.258,1.97373,1.97436,1.88,1.13
2011.06.10 18:49:08.369,1.97383,1.97449,1.13,1.88
2011.06.10 18:49:08.479,1.97379,1.97442,1.13,1.88
2011.06.10 18:49:09.708,1.97381,1.97442,1.13,1.88
2011.06.10 18:49:10.399,1.9738,1.97441,1.13,1.50
2011.06.10 18:49:11.120,1.97382,1.97444,1.13,1.88
2011.06.10 18:49:11.448,1.97382,1.97446,1.13,1.88
2011.06.10 18:49:12.958,1.97363,1.97438,1.47,1.50
2011.06.10 18:49:15.755,1.97353,1.97431,1.47,1.13
2011.06.10 18:49:16.199,1.97353,1.97431,1.88,1.50
2011.06.10 18:49:16.419,1.97373,1.97437,1.13,1.13
2011.06.10 18:49:16.528,1.97378,1.97454,1.13,1.13
2011.06.10 18:49:22.448,1.97378,1.97453,1.13,1.13
2011.06.10 18:49:26.188,1.97379,1.97454,1.13,1.13
2011.06.10 18:49:26.689,1.97378,1.97455,1.13,1.13
2011.06.10 18:49:28.188,1.97378,1.97455,1.88,1.13
2011.06.10 18:49:28.609,1.97379,1.97454,1.13,1.13
2011.06.10 18:49:28.938,1.97377,1.97455,1.13,1.13
2011.06.10 18:49:30.428,1.97382,1.97474,1.13,1.13
2011.06.10 18:49:31.378,1.97382,1.97474,1.88,1.13
2011.06.10 18:49:35.888,1.97393,1.97474,1.09,1.13
2011.06.10 18:49:36.218,1.97421,1.97485,1.13,1.88
2011.06.10 18:49:42.918,1.97422,1.97484,1.13,1.88
2011.06.10 18:49:43.028,1.9742,1.97486,1.13,1.88
2011.06.10 18:49:43.368,1.9742,1.97486,1.13,1.50
2011.06.10 18:49:43.588,1.97427,1.9749,1.13,1.88
2011.06.10 18:49:44.138,1.97427,1.9749,1.13,1.88
2011.06.10 18:49:44.248,1.9742,1.97486,1.13,1.88
2011.06.10 18:49:46.799,1.9742,1.97486,1.88,1.88
2011.06.10 18:49:47.128,1.9742,1.97486,1.13,1.88
2011.06.10 18:49:47.238,1.9742,1.97486,1.88,1.88
2011.06.10 18:49:50.415,1.9742,1.97486,1.88,1.88
2011.06.10 18:49:50.965,1.9742,1.97486,1.13,1.88
2011.06.10 18:49:51.309,1.9742,1.97486,1.88,1.88
2011.06.10 18:49:53.557,1.97422,1.97485,1.13,1.13
2011.06.10 18:49:53.668,1.97421,1.97485,1.84,1.13
2011.06.10 18:49:53.888,1.97444,1.9751,1.13,2.22
2011.06.10 18:49:54.218,1.97421,1.97485,1.13,1.88
2011.06.10 18:49:55.035,1.97421,1.97485,1.88,1.88
2011.06.10 18:49:55.254,1.97421,1.97485,1.13,1.88
2011.06.10 18:49:55.489,1.97421,1.97485,1.88,1.88
2011.06.10 18:49:58.210,1.97427,1.9749,1.13,1.88
2011.06.10 18:49:59.659,1.97427,1.9749,1.88,1.88
2011.06.10 18:49:59.875,1.97427,1.9749,1.13,1.88
2011.06.10 18:50:00.974,1.97427,1.9749,1.88,1.88
2011.06.10 18:50:08.123,1.97427,1.9749,1.13,1.88
2011.06.10 18:50:11.632,1.97427,1.9749,1.13,1.13
2011.06.10 18:50:11.739,1.97434,1.97495,1.13,1.50
2011.06.10 18:50:12.551,1.97434,1.97495,1.88,1.50
2011.06.10 18:50:13.169,1.97434,1.97495,1.88,1.13
2011.06.10 18:50:13.278,1.97439,1.97502,1.13,1.88
2011.06.10 18:50:13.388,1.97439,1.97502,1.13,1.13
2011.06.10 18:50:13.499,1.97443,1.97506,1.13,1.50
2011.06.10 18:50:14.740,1.97444,1.9751,1.88,1.88
2011.06.10 18:50:15.299,1.97444,1.9751,1.13,1.88
2011.06.10 18:50:16.499,1.97444,1.9751,1.88,1.88
2011.06.10 18:50:17.158,1.97451,1.97515,1.13,1.88
2011.06.10 18:50:17.598,1.97444,1.9751,1.88,1.50
2011.06.10 18:50:18.098,1.97452,1.97514,1.13,1.88
2011.06.10 18:50:19.218,1.97452,1.97514,1.88,1.88
2011.06.10 18:50:22.339,1.97452,1.97514,1.88,1.13
2011.06.10 18:50:22.448,1.97452,1.97514,1.88,1.13
2011.06.10 18:50:22.669,1.97463,1.97527,1.13,1.88
2011.06.10 18:50:23.648,1.97463,1.97527,1.47,1.13
2011.06.10 18:50:23.869,1.97475,1.97539,1.13,1.88
2011.06.10 18:50:25.858,1.97475,1.97539,1.88,1.88
2011.06.10 18:50:27.670,1.97475,1.97539,1.88,1.88
2011.06.10 18:50:27.834,1.97475,1.97539,1.88,1.88
2011.06.10 18:50:28.898,1.97463,1.97527,1.88,1.13
2011.06.10 18:50:29.008,1.97463,1.97527,1.88,1.88
2011.06.10 18:50:29.338,1.97468,1.97529,1.13,1.88
2011.06.10 18:50:32.660,1.97476,1.97538,1.13,1.88
2011.06.10 18:50:33.371,1.97474,1.97537,1.88,1.88
2011.06.10 18:50:33.698,1.97468,1.97531,1.13,1.88
2011.06.10 18:50:33.918,1.97468,1.97531,1.13,1.50
2011.06.10 18:50:34.138,1.97468,1.97534,1.13,1.88
2011.06.10 18:50:34.358,1.97457,1.97521,1.13,1.88
2011.06.10 18:50:34.878,1.97457,1.97521,1.13,1.88
2011.06.10 18:50:35.468,1.97455,1.9752,1.88,1.88
2011.06.10 18:50:35.948,1.97455,1.97521,1.13,1.88
2011.06.10 18:50:36.168,1.97443,1.97508,1.88,1.88
2011.06.10 18:50:36.854,1.97443,1.97508,1.88,1.88
2011.06.10 18:50:36.969,1.97443,1.97508,1.13,1.88
2011.06.10 18:50:37.188,1.97443,1.97508,1.88,1.50
2011.06.10 18:50:37.518,1.9745,1.97511,1.13,1.88
2011.06.10 18:50:38.506,1.9745,1.97513,1.88,1.88
2011.06.10 18:50:40.374,1.97452,1.97514,1.13,1.88
2011.06.10 18:50:40.829,1.97444,1.9751,1.88,1.88
2011.06.10 18:50:44.168,1.97468,1.97534,1.13,1.88
2011.06.10 18:50:44.388,1.97468,1.97534,1.13,1.88
2011.06.10 18:50:44.498,1.97444,1.9751,1.88,1.88
2011.06.10 18:50:45.380,1.97444,1.9751,1.88,1.88
2011.06.10 18:50:52.689,1.97444,1.9751,1.88,1.13
2011.06.10 18:50:52.909,1.97457,1.97521,1.13,1.13
2011.06.10 18:50:53.129,1.97469,1.97533,1.13,1.88
2011.06.10 18:50:54.688,1.97463,1.97526,1.13,1.88
2011.06.10 18:50:55.019,1.97457,1.9752,1.13,1.88
2011.06.10 18:50:55.681,1.97457,1.9752,1.88,1.88
2011.06.10 18:50:55.789,1.97457,1.9752,1.88,1.13
2011.06.10 18:50:56.319,1.97464,1.97525,1.88,1.50
2011.06.10 18:50:59.083,1.97464,1.97525,1.13,1.50
2011.06.10 18:50:59.188,1.97464,1.97525,1.13,1.88
2011.06.10 18:50:59.409,1.97464,1.97525,1.88,1.50
2011.06.10 18:50:59.628,1.97457,1.9752,1.13,1.13
2011.06.10 18:50:59.739,1.97463,1.97526,1.88,1.88
2011.06.10 18:50:59.958,1.97463,1.97526,1.13,1.88
2011.06.10 18:51:01.009,1.97463,1.97526,1.88,1.88
2011.06.10 18:51:02.823,1.97463,1.97526,1.88,1.88
2011.06.10 18:51:02.928,1.97463,1.97526,1.88,1.13
2011.06.10 18:51:03.039,1.97469,1.97533,1.88,1.88
2011.06.10 18:51:03.601,1.97469,1.97533,1.13,1.88
2011.06.10 18:51:04.614,1.97469,1.97533,1.13,1.88
2011.06.10 18:51:04.719,1.97466,1.97534,1.88,1.88
2011.06.10 18:51:05.748,1.97466,1.97534,1.88,1.88
2011.06.10 18:51:05.858,1.97469,1.97533,1.13,1.88
2011.06.10 18:51:07.664,1.97469,1.97533,1.88,1.88
2011.06.10 18:51:07.781,1.97469,1.97533,1.13,1.88
2011.06.10 18:51:08.984,1.97469,1.97533,1.88,1.88
2011.06.10 18:51:09.523,1.97469,1.97533,1.13,1.88
2011.06.10 18:51:10.889,1.97469,1.97535,1.88,1.88
2011.06.10 18:51:15.408,1.97468,1.97534,1.13,1.88
2011.06.10 18:51:15.628,1.97468,1.97534,1.13,1.50
2011.06.10 18:51:15.848,1.97476,1.97538,1.13,1.88
2011.06.10 18:51:24.158,1.97476,1.97538,1.13,1.13
2011.06.10 18:51:24.399,1.97488,1.9755,1.13,1.88
2011.06.10 18:51:25.649,1.97488,1.9755,1.13,1.13
2011.06.10 18:51:25.868,1.97492,1.97556,1.13,1.50
2011.06.10 18:51:26.198,1.97488,1.9755,1.88,1.88
2011.06.10 18:51:27.478,1.97488,1.9755,1.13,1.88
2011.06.10 18:51:27.698,1.97475,1.97539,1.88,1.88
2011.06.10 18:51:35.558,1.97475,1.97539,1.88,1.88
2011.06.10 18:51:35.753,1.97475,1.97539,1.88,1.88
2011.06.10 18:51:38.833,1.97475,1.97539,1.88,1.88
2011.06.10 18:51:43.479,1.97475,1.97539,1.88,1.13
2011.06.10 18:51:43.589,1.97487,1.97551,1.13,1.88
2011.06.10 18:51:56.339,1.9748,1.97541,1.88,1.13
2011.06.10 18:51:56.669,1.97474,1.97537,1.88,1.50
2011.06.10 18:51:58.010,1.97476,1.97537,1.13,1.50
2011.06.10 18:51:58.889,1.97476,1.97537,1.13,1.88
2011.06.10 18:51:59.466,1.97469,1.97533,1.88,1.88
2011.06.10 18:51:59.688,1.97469,1.97533,1.13,1.88
2011.06.10 18:52:01.338,1.97469,1.97533,1.13,1.88
2011.06.10 18:52:01.558,1.97469,1.97533,1.13,1.88
2011.06.10 18:52:01.668,1.97463,1.97533,1.88,1.88
2011.06.10 18:52:01.888,1.97468,1.97532,1.13,1.88
2011.06.10 18:52:03.321,1.97464,1.97527,1.88,1.50
2011.06.10 18:52:03.430,1.97468,1.97532,1.13,1.88
2011.06.10 18:52:04.537,1.97469,1.97533,1.13,1.88
2011.06.10 18:52:04.870,1.97475,1.97536,1.88,1.88
2011.06.10 18:52:05.419,1.97475,1.97536,1.13,1.88
2011.06.10 18:52:05.529,1.97469,1.97533,1.13,1.88
2011.06.10 18:52:07.468,1.97464,1.97525,1.88,1.50
2011.06.10 18:52:09.013,1.97464,1.97525,1.88,1.50
2011.06.10 18:52:10.748,1.97464,1.97525,1.13,1.50
2011.06.10 18:52:10.968,1.97464,1.97525,1.88,1.13
2011.06.10 18:52:11.078,1.97468,1.97532,1.13,1.88
2011.06.10 18:52:11.409,1.97471,1.97535,1.13,1.88
2011.06.10 18:52:13.859,1.97468,1.97534,1.13,1.88
2011.06.10 18:52:16.599,1.97467,1.97533,1.13,1.88
2011.06.10 18:52:16.985,1.97467,1.97533,1.13,1.13
2011.06.10 18:52:17.089,1.97479,1.97545,1.13,1.88
2011.06.10 18:52:17.449,1.9746,1.97521,1.13,1.13
2011.06.10 18:52:17.779,1.97472,1.97544,1.13,1.50
2011.06.10 18:52:17.889,1.97472,1.97534,1.13,1.13
2011.06.10 18:52:17.998,1.97473,1.97543,1.13,1.50
2011.06.10 18:52:18.548,1.97461,1.97531,1.88,1.13
2011.06.10 18:52:19.971,1.97461,1.97531,1.13,1.50
2011.06.10 18:52:20.628,1.97462,1.97531,1.13,1.50
2011.06.10 18:52:21.008,1.97467,1.97533,1.13,1.50
2011.06.10 18:52:21.338,1.97457,1.9752,1.13,1.13
2011.06.10 18:52:21.668,1.97454,1.97515,1.88,1.88
2011.06.10 18:52:21.889,1.97454,1.97515,1.88,1.50
2011.06.10 18:52:21.998,1.97458,1.97519,1.13,1.50
2011.06.10 18:52:22.570,1.97458,1.97519,1.13,1.88
2011.06.10 18:52:22.789,1.97453,1.97516,1.88,1.88
2011.06.10 18:52:22.899,1.97453,1.97516,1.88,1.13
2011.06.10 18:52:23.008,1.97469,1.97532,1.13,1.88
2011.06.10 18:52:23.339,1.97469,1.97532,1.13,1.88
2011.06.10 18:52:23.668,1.97469,1.9753,1.13,1.50
2011.06.10 18:52:23.889,1.97469,1.97532,1.13,1.88
2011.06.10 18:52:24.550,1.97469,1.97532,1.13,1.88
2011.06.10 18:52:24.800,1.97469,1.97532,1.13,1.88
2011.06.10 18:52:25.128,1.97466,1.97528,1.88,1.50
2011.06.10 18:52:25.239,1.9747,1.97531,1.13,1.50
2011.06.10 18:52:25.570,1.97465,1.97529,1.88,1.88
2011.06.10 18:52:34.178,1.97465,1.97529,1.88,1.88
2011.06.10 18:52:34.399,1.97455,1.97519,1.88,1.88
2011.06.10 18:52:34.736,1.97455,1.97519,1.88,1.88
2011.06.10 18:52:34.959,1.97454,1.97515,1.88,1.88
2011.06.10 18:52:37.919,1.97454,1.97518,1.88,1.50
2011.06.10 18:52:38.029,1.97454,1.97518,1.13,1.50
2011.06.10 18:52:38.139,1.97458,1.97519,1.13,1.50
2011.06.10 18:52:39.140,1.97458,1.97519,1.88,1.50
2011.06.10 18:52:40.918,1.97458,1.97521,1.13,1.88
2011.06.10 18:52:41.029,1.97447,1.97508,1.88,1.88
2011.06.10 18:52:41.169,1.97447,1.97508,1.88,1.13
2011.06.10 18:52:41.698,1.97457,1.9752,1.13,1.88
2011.06.10 18:52:44.567,1.97457,1.9752,1.13,1.88
2011.06.10 18:52:45.291,1.97453,1.97516,1.88,1.88
2011.06.10 18:52:45.729,1.97453,1.97516,1.13,1.88
2011.06.10 18:52:45.949,1.97457,1.9752,1.13,1.88
2011.06.10 18:52:46.833,1.97457,1.9752,1.88,1.88
2011.06.10 18:52:47.331,1.97457,1.9752,1.13,1.88
2011.06.10 18:52:49.480,1.97457,1.9752,1.88,1.88
2011.06.10 18:52:50.132,1.97457,1.9752,1.13,1.88
2011.06.10 18:52:55.669,1.9747,1.97531,1.13,1.50
2011.06.10 18:52:55.998,1.9747,1.97531,1.13,1.88
2011.06.10 18:52:56.108,1.97457,1.9752,1.88,1.88
2011.06.10 18:52:56.961,1.97457,1.9752,1.13,1.88
2011.06.10 18:53:00.261,1.97457,1.9752,1.88,1.88
2011.06.10 18:53:04.868,1.97457,1.9752,1.13,1.88
2011.06.10 18:53:05.100,1.97457,1.9752,1.13,1.88
2011.06.10 18:53:05.318,1.97455,1.97517,1.88,1.88
2011.06.10 18:53:05.428,1.97467,1.97533,1.13,1.88
2011.06.10 18:53:07.361,1.97467,1.97533,1.88,1.88
2011.06.10 18:53:08.098,1.97469,1.97532,1.13,1.50
2011.06.10 18:53:08.539,1.97466,1.9753,1.88,1.50
2011.06.10 18:53:09.398,1.97469,1.97533,1.13,1.88
2011.06.10 18:53:11.599,1.97469,1.97533,1.88,1.88
2011.06.10 18:53:16.409,1.97469,1.97525,1.88,1.09
2011.06.10 18:53:16.519,1.97469,1.97525,1.13,1.09
2011.06.10 18:53:16.629,1.97418,1.9751,1.88,1.88
2011.06.10 18:53:16.739,1.97418,1.9751,1.88,1.88
2011.06.10 18:53:16.848,1.97432,1.97498,1.13,1.88
2011.06.10 18:53:17.488,1.97433,1.97496,1.13,1.88
2011.06.10 18:53:18.951,1.97433,1.97496,1.88,1.88
2011.06.10 18:53:23.829,1.97436,1.97498,1.13,1.88
2011.06.10 18:53:24.525,1.97435,1.97499,1.88,1.88
2011.06.10 18:53:25.150,1.97437,1.97499,1.13,1.88
2011.06.10 18:53:25.749,1.9744,1.97501,1.13,1.88
2011.06.10 18:53:25.858,1.97433,1.97497,1.88,1.88
2011.06.10 18:53:27.326,1.97433,1.97497,1.88,1.50
2011.06.10 18:53:27.430,1.97433,1.97497,1.13,1.50
2011.06.10 18:53:27.539,1.97391,1.97483,1.88,1.13
2011.06.10 18:53:27.650,1.97392,1.97485,1.88,1.13
2011.06.10 18:53:27.979,1.97413,1.97489,1.13,1.13
2011.06.10 18:53:29.902,1.97413,1.97489,1.88,1.13
2011.06.10 18:53:35.768,1.97413,1.9749,1.88,1.13
2011.06.10 18:53:37.689,1.97413,1.9749,1.13,1.88
2011.06.10 18:53:38.299,1.97408,1.97473,1.13,1.13
2011.06.10 18:53:38.409,1.97414,1.97489,1.13,1.13
2011.06.10 18:53:39.522,1.97414,1.97489,1.88,1.13
2011.06.10 18:53:43.609,1.97414,1.9749,1.88,1.13
2011.06.10 18:53:44.049,1.97422,1.97495,1.13,1.50
2011.06.10 18:53:44.521,1.97422,1.97495,1.88,1.50
2011.06.10 18:53:45.081,1.97422,1.97495,1.88,1.50
2011.06.10 18:53:45.940,1.97422,1.97495,1.88,1.50
2011.06.10 18:53:46.588,1.97422,1.97495,1.88,1.50
2011.06.10 18:53:47.211,1.97423,1.97496,1.13,1.50
2011.06.10 18:53:47.428,1.97423,1.97496,1.88,1.50
2011.06.10 18:53:49.310,1.97423,1.97496,1.13,1.50
2011.06.10 18:53:49.528,1.97417,1.9749,1.13,1.13
2011.06.10 18:53:50.289,1.97413,1.97491,1.88,1.13
2011.06.10 18:53:51.939,1.97413,1.97491,1.13,1.13
2011.06.10 18:53:52.048,1.97393,1.97487,1.88,1.13
2011.06.10 18:53:52.379,1.97414,1.9749,1.13,1.13
2011.06.10 18:53:54.538,1.97414,1.9749,1.88,1.13
2011.06.10 18:53:54.868,1.97413,1.97488,1.88,1.13
2011.06.10 18:53:55.688,1.97413,1.97489,1.88,1.13
2011.06.10 18:54:02.621,1.97413,1.97489,1.13,1.13
2011.06.10 18:54:02.728,1.97413,1.97489,1.13,1.88
2011.06.10 18:54:03.058,1.97389,1.97465,1.88,1.88
2011.06.10 18:54:03.169,1.97383,1.97449,1.88,1.13
2011.06.10 18:54:03.278,1.97383,1.97449,1.88,1.13
2011.06.10 18:54:03.389,1.97388,1.97466,1.13,1.13
2011.06.10 18:54:03.498,1.97388,1.97466,1.13,1.88
2011.06.10 18:54:03.718,1.97383,1.97449,1.88,1.88
2011.06.10 18:54:04.071,1.97383,1.97449,1.13,1.88
2011.06.10 18:54:04.178,1.97383,1.97449,1.13,1.50
2011.06.10 18:54:04.399,1.97364,1.97442,1.88,1.13
2011.06.10 18:54:04.619,1.97384,1.97448,1.13,1.50
2011.06.10 18:54:06.602,1.97384,1.97448,1.88,1.50
2011.06.10 18:54:07.149,1.97384,1.9745,1.88,1.88
2011.06.10 18:54:08.489,1.97384,1.97447,1.13,1.88
2011.06.10 18:54:08.600,1.9738,1.97441,1.13,1.50
2011.06.10 18:54:08.708,1.97374,1.97435,1.88,1.88
2011.06.10 18:54:09.039,1.97367,1.9743,1.88,1.88
2011.06.10 18:54:09.709,1.97367,1.9743,1.88,1.13
2011.06.10 18:54:10.150,1.97379,1.97442,1.13,1.88
2011.06.10 18:54:10.550,1.97379,1.97442,1.88,1.88
2011.06.10 18:54:10.862,1.97379,1.97442,1.88,1.13
2011.06.10 18:54:12.065,1.97384,1.97448,1.88,1.88
2011.06.10 18:54:12.430,1.97384,1.97448,1.13,1.88
2011.06.10 18:54:13.569,1.97384,1.97448,1.88,1.88
2011.06.10 18:54:14.160,1.97384,1.97448,1.13,1.88
2011.06.10 18:54:14.379,1.97379,1.97442,1.88,1.13
2011.06.10 18:54:14.490,1.97387,1.97479,1.13,1.13
2011.06.10 18:54:14.709,1.97387,1.97479,1.13,1.88
2011.06.10 18:54:15.039,1.97384,1.97459,1.88,1.50
2011.06.10 18:54:15.981,1.97378,1.97454,1.88,1.13
2011.06.10 18:54:17.208,1.97384,1.97459,1.88,1.13
2011.06.10 18:54:19.571,1.97389,1.97465,1.13,1.50
2011.06.10 18:54:20.390,1.97389,1.97465,1.13,1.13
2011.06.10 18:54:25.429,1.97389,1.97465,1.88,1.13
2011.06.10 18:54:25.539,1.97389,1.97465,1.13,1.13
2011.06.10 18:54:26.223,1.97389,1.97465,1.88,1.13
2011.06.10 18:54:27.589,1.97389,1.97465,1.88,1.50
2011.06.10 18:54:27.698,1.97389,1.97465,1.13,1.50
2011.06.10 18:54:28.210,1.97385,1.97458,1.88,1.13
2011.06.10 18:54:29.409,1.97392,1.97458,1.13,1.13
2011.06.10 18:54:29.800,1.97416,1.97477,1.13,1.88
2011.06.10 18:54:31.298,1.97416,1.97477,1.13,1.88
2011.06.10 18:54:31.408,1.97409,1.97473,1.13,1.88
2011.06.10 18:54:32.899,1.97409,1.97471,1.13,1.09
2011.06.10 18:54:33.228,1.97408,1.97474,1.13,1.88
2011.06.10 18:54:33.609,1.97408,1.97474,1.13,1.13
2011.06.10 18:54:34.049,1.97421,1.97485,1.13,1.50
2011.06.10 18:54:34.378,1.97427,1.9749,1.13,1.88
2011.06.10 18:54:52.055,1.97427,1.9749,1.88,1.13
2011.06.10 18:54:52.171,1.97447,1.97509,1.13,1.88
2011.06.10 18:54:52.281,1.97451,1.97515,1.13,1.88
2011.06.10 18:54:52.389,1.97453,1.97515,1.13,1.88
2011.06.10 18:54:52.499,1.97457,1.97518,1.13,1.88
2011.06.10 18:54:53.049,1.97451,1.97515,1.13,1.88
2011.06.10 18:54:53.159,1.97456,1.97519,1.88,1.88
2011.06.10 18:54:53.379,1.97446,1.97527,1.88,1.88
2011.06.10 18:54:53.489,1.97446,1.97527,1.88,1.88
2011.06.10 18:54:53.819,1.97457,1.97521,1.13,1.88
2011.06.10 18:54:53.929,1.97464,1.97528,1.13,1.88
2011.06.10 18:54:54.039,1.97466,1.97529,1.13,2.22
2011.06.10 18:54:55.409,1.97468,1.97529,1.13,1.88
2011.06.10 18:54:56.029,1.97466,1.97529,1.13,1.88
2011.06.10 18:54:56.540,1.97464,1.97526,1.88,1.88
2011.06.10 18:54:59.189,1.97426,1.97516,1.88,1.13
2011.06.10 18:55:00.189,1.97445,1.97521,1.13,1.50
2011.06.10 18:55:00.519,1.9745,1.97525,1.13,1.88
2011.06.10 18:55:00.739,1.97459,1.97532,1.13,1.50
2011.06.10 18:55:01.499,1.97454,1.97529,1.13,1.50
2011.06.10 18:55:02.203,1.97455,1.97528,1.13,1.50
2011.06.10 18:55:02.588,1.97456,1.97529,1.88,1.50
2011.06.10 18:55:08.909,1.97455,1.9753,1.88,1.88
2011.06.10 18:55:09.310,1.97475,1.97537,1.13,1.88
2011.06.10 18:55:11.010,1.97475,1.97537,1.88,1.88
2011.06.10 18:55:14.148,1.97475,1.97537,1.13,1.88
2011.06.10 18:55:14.478,1.97451,1.97513,1.88,1.13
2011.06.10 18:55:14.699,1.97475,1.97537,1.13,1.88
2011.06.10 18:55:16.399,1.97475,1.97537,1.88,1.88
2011.06.10 18:55:16.509,1.97475,1.97537,1.88,1.88
2011.06.10 18:55:16.619,1.97475,1.97537,1.88,1.88
2011.06.10 18:55:16.838,1.97482,1.97545,1.13,1.88
2011.06.10 18:55:17.169,1.97483,1.97544,1.13,1.88
2011.06.10 18:55:17.278,1.97486,1.97548,1.13,1.88
2011.06.10 18:55:18.281,1.97485,1.97546,1.88,1.88
2011.06.10 18:55:19.869,1.97486,1.97548,1.13,1.88
2011.06.10 18:55:23.772,1.97484,1.97547,1.88,1.88
2011.06.10 18:55:31.949,1.97486,1.97548,1.13,1.88
2011.06.10 18:55:32.720,1.97485,1.97549,1.88,1.88
2011.06.10 18:55:34.549,1.97486,1.9755,1.13,1.88
2011.06.10 18:55:36.579,1.97483,1.97546,1.88,1.88
2011.06.10 18:55:37.129,1.9748,1.97544,1.13,1.88
2011.06.10 18:55:38.071,1.9748,1.97544,1.13,1.88
2011.06.10 18:55:39.109,1.9748,1.97544,1.13,1.88
2011.06.10 18:55:39.531,1.97476,1.97538,1.88,1.88
2011.06.10 18:55:40.079,1.97475,1.97537,1.88,1.88
2011.06.10 18:55:40.189,1.97475,1.97537,1.88,1.50
2011.06.10 18:55:41.430,1.97476,1.97538,1.13,1.88
2011.06.10 18:55:42.530,1.97479,1.97543,1.13,1.88
2011.06.10 18:55:43.079,1.97478,1.97541,1.13,1.88
2011.06.10 18:55:45.332,1.97478,1.97541,1.13,1.50
2011.06.10 18:55:45.439,1.97483,1.97544,1.13,1.88
2011.06.10 18:55:52.729,1.97479,1.9754,1.13,1.88
2011.06.10 18:56:07.378,1.97475,1.97539,1.88,1.88
2011.06.10 18:56:14.158,1.97477,1.9754,1.13,1.88
2011.06.10 18:56:14.269,1.97475,1.97539,1.88,1.88
2011.06.10 18:56:28.329,1.9748,1.97542,1.13,1.88
2011.06.10 18:56:28.438,1.97475,1.97539,1.88,1.88
2011.06.10 18:56:29.079,1.97478,1.97539,1.13,1.88
2011.06.10 18:56:30.790,1.97478,1.97539,1.88,1.88
2011.06.10 18:56:31.378,1.97479,1.9754,1.13,1.88
2011.06.10 18:56:31.708,1.97475,1.97539,1.88,1.88
2011.06.10 18:56:32.048,1.97478,1.97539,1.13,1.88
2011.06.10 18:56:34.679,1.97478,1.97539,1.13,1.50
2011.06.10 18:56:34.788,1.97482,1.97545,1.88,1.88
2011.06.10 18:56:35.119,1.97479,1.97543,1.13,1.50
2011.06.10 18:56:35.228,1.97479,1.97543,1.88,1.50
2011.06.10 18:56:35.449,1.97482,1.97545,1.13,1.50
2011.06.10 18:56:35.559,1.97442,1.97534,1.88,1.13
2011.06.10 18:56:35.669,1.97457,1.97521,1.13,1.88
2011.06.10 18:56:37.292,1.97457,1.97521,1.88,1.88
2011.06.10 18:56:37.669,1.97457,1.97521,1.13,1.88
2011.06.10 18:56:38.199,1.97457,1.97521,1.88,1.88
2011.06.10 18:56:38.420,1.9747,1.97541,1.13,1.88
2011.06.10 18:56:38.639,1.97474,1.97536,1.13,1.88
2011.06.10 18:56:39.079,1.97465,1.97526,1.88,1.88
2011.06.10 18:56:41.179,1.9747,1.97533,1.13,1.88
2011.06.10 18:56:41.399,1.9747,1.97533,1.13,1.88
2011.06.10 18:56:41.510,1.97465,1.97528,1.88,1.88
2011.06.10 18:57:05.019,1.97464,1.97527,1.88,1.88
2011.06.10 18:57:05.240,1.97473,1.97564,1.88,1.88
2011.06.10 18:57:05.459,1.97474,1.97564,1.88,1.88
2011.06.10 18:57:05.898,1.97495,1.97556,1.13,1.88
2011.06.10 18:57:06.009,1.97489,1.9755,1.13,1.88
2011.06.10 18:57:06.119,1.97482,1.97546,1.88,1.88
2011.06.10 18:57:06.911,1.97483,1.97546,1.13,1.88
2011.06.10 18:57:07.459,1.97479,1.97541,1.88,1.88
2011.06.10 18:57:08.061,1.97479,1.97541,1.88,1.88
2011.06.10 18:57:08.669,1.97479,1.97541,1.88,1.13
2011.06.10 18:57:08.888,1.97489,1.97553,1.13,1.88
2011.06.10 18:57:10.409,1.97478,1.9754,1.88,1.13
2011.06.10 18:57:11.030,1.97478,1.9754,1.88,1.88
2011.06.10 18:57:11.468,1.97478,1.9754,1.13,1.88
2011.06.10 18:57:11.579,1.97478,1.9754,1.13,1.88
2011.06.10 18:57:11.690,1.97465,1.97529,1.13,1.88
2011.06.10 18:57:11.909,1.97465,1.97529,1.13,1.88
2011.06.10 18:57:12.018,1.97457,1.97518,1.13,1.50
2011.06.10 18:57:12.129,1.97457,1.97518,1.13,1.88
2011.06.10 18:57:12.459,1.97452,1.97515,1.13,1.88
2011.06.10 18:57:12.679,1.97452,1.97515,1.13,1.88
2011.06.10 18:57:12.789,1.97441,1.97502,1.13,1.50
2011.06.10 18:57:12.898,1.97441,1.97502,1.88,1.50
2011.06.10 18:57:14.091,1.97441,1.97502,1.88,1.50
2011.06.10 18:57:14.690,1.97441,1.97502,1.88,1.50
2011.06.10 18:57:16.209,1.97416,1.97479,1.13,1.88
2011.06.10 18:57:16.429,1.97416,1.97479,2.25,1.13
2011.06.10 18:57:16.539,1.97441,1.97502,1.13,1.50
2011.06.10 18:57:18.628,1.97441,1.97502,1.88,1.50
2011.06.10 18:57:18.838,1.97441,1.97502,1.88,1.13
2011.06.10 18:57:18.948,1.97441,1.97502,1.13,1.13
2011.06.10 18:57:19.279,1.97447,1.97508,1.13,1.50
2011.06.10 18:57:21.139,1.97447,1.97508,1.13,1.88
2011.06.10 18:57:22.144,1.9744,1.97503,1.88,1.88
2011.06.10 18:57:25.529,1.9744,1.97503,1.13,1.88
2011.06.10 18:57:25.640,1.9744,1.97503,1.88,1.88
2011.06.10 18:57:26.104,1.9744,1.97503,1.13,1.88
2011.06.10 18:57:31.309,1.9744,1.97503,1.13,2.22
2011.06.10 18:57:31.826,1.97397,1.9746,1.13,1.88
2011.06.10 18:57:31.931,1.97426,1.97501,1.13,1.50
2011.06.10 18:57:32.039,1.97446,1.97507,1.13,1.88
2011.06.10 18:57:52.209,1.97446,1.97507,1.13,1.50
2011.06.10 18:57:52.539,1.97433,1.97506,1.13,1.50
2011.06.10 18:57:53.810,1.97433,1.97506,1.88,1.13
2011.06.10 18:57:53.919,1.97433,1.97506,1.13,1.13
2011.06.10 18:57:54.139,1.97439,1.97512,1.13,1.13
2011.06.10 18:58:02.840,1.97439,1.97512,1.13,1.88
2011.06.10 18:58:02.949,1.97433,1.97496,1.88,1.88
2011.06.10 18:58:03.341,1.97433,1.97496,1.13,1.88
2011.06.10 18:58:06.880,1.97433,1.97496,1.13,1.88
2011.06.10 18:58:06.989,1.97428,1.97491,1.13,1.88
2011.06.10 18:58:07.100,1.97417,1.97478,1.13,1.13
2011.06.10 18:58:07.319,1.97429,1.9749,1.13,1.50
2011.06.10 18:58:10.929,1.97429,1.9749,1.13,1.88
2011.06.10 18:58:11.039,1.97417,1.97478,1.13,1.50
2011.06.10 18:58:13.719,1.97404,1.97467,1.88,1.88
2011.06.10 18:58:14.049,1.9741,1.97471,1.13,1.88
2011.06.10 18:58:18.307,1.9741,1.97471,1.88,1.88
2011.06.10 18:58:18.419,1.9741,1.97471,1.88,1.13
2011.06.10 18:58:18.639,1.97421,1.97484,1.13,1.88
2011.06.10 18:58:19.887,1.97415,1.97478,1.88,1.50
2011.06.10 18:58:19.999,1.97415,1.97478,1.88,1.88
2011.06.10 18:58:21.500,1.97415,1.97478,1.88,1.88
2011.06.10 18:58:26.511,1.97415,1.97478,1.13,1.88
2011.06.10 18:58:29.949,1.97415,1.97478,1.88,1.13
2011.06.10 18:58:30.168,1.97427,1.9749,1.13,1.88
2011.06.10 18:58:33.249,1.97427,1.9749,1.13,1.88
2011.06.10 18:58:33.469,1.97422,1.97483,1.13,1.88
2011.06.10 18:58:38.578,1.97423,1.97482,1.13,1.88
2011.06.10 18:58:39.199,1.97436,1.97493,1.13,1.88
2011.06.10 18:58:39.529,1.97424,1.97481,1.13,1.88
2011.06.10 18:58:39.748,1.97431,1.97474,1.13,1.13
2011.06.10 18:58:40.379,1.97437,1.9749,1.13,1.50
2011.06.10 18:58:40.489,1.97437,1.9749,1.13,1.88
2011.06.10 18:58:40.599,1.9743,1.97475,1.13,1.50
2011.06.10 18:58:45.900,1.97438,1.97489,1.13,1.50
2011.06.10 18:58:48.680,1.97438,1.97489,1.13,1.88
2011.06.10 18:58:49.009,1.97431,1.97474,1.13,1.50
2011.06.10 18:58:53.160,1.97437,1.9748,1.13,1.50
2011.06.10 18:58:53.731,1.97442,1.97487,1.13,1.50
2011.06.10 18:58:53.949,1.97442,1.97487,1.13,1.88
2011.06.10 18:58:54.169,1.97437,1.9748,1.13,1.50
2011.06.10 18:58:54.929,1.97443,1.97486,1.13,1.13
2011.06.10 18:59:00.649,1.97449,1.97492,1.13,1.13
2011.06.10 18:59:01.189,1.97454,1.97499,1.13,1.50
2011.06.10 18:59:05.419,1.97454,1.97499,1.13,1.88
2011.06.10 18:59:05.639,1.97445,1.97498,1.13,1.50
2011.06.10 18:59:05.979,1.97445,1.97498,1.13,1.13
2011.06.10 18:59:06.200,1.97454,1.97499,1.13,1.13
2011.06.10 18:59:06.310,1.97456,1.97509,1.13,1.50
2011.06.10 18:59:06.419,1.97445,1.97498,1.13,1.50
2011.06.10 18:59:10.909,1.97445,1.97498,1.13,1.13
2011.06.10 18:59:11.129,1.97455,1.97498,1.13,1.50
2011.06.10 18:59:11.239,1.97445,1.97498,1.13,1.50
2011.06.10 18:59:11.459,1.97454,1.97499,1.13,1.13
2011.06.10 18:59:11.789,1.97445,1.97498,1.13,1.50
2011.06.10 18:59:13.669,1.97445,1.97498,1.13,1.13
2011.06.10 18:59:13.889,1.97457,1.9751,1.13,1.88
2011.06.10 18:59:14.109,1.97446,1.97497,1.13,1.50
2011.06.10 18:59:15.060,1.97443,1.97486,1.13,1.13
2011.06.10 18:59:15.171,1.97445,1.97495,1.13,1.50
2011.06.10 18:59:21.950,1.97444,1.97491,1.13,1.13
2011.06.10 18:59:22.409,1.97445,1.97495,1.13,1.50
2011.06.10 18:59:30.844,1.97445,1.97495,1.13,1.13
2011.06.10 18:59:30.949,1.97454,1.97499,1.13,1.13
2011.06.10 18:59:31.279,1.97445,1.97498,1.13,1.50
2011.06.10 18:59:31.500,1.97454,1.97499,1.13,1.13
2011.06.10 18:59:36.638,1.97454,1.97499,1.13,1.47
2011.06.10 18:59:36.741,1.97396,1.97483,1.13,1.47
2011.06.10 18:59:37.850,1.97387,1.97481,1.13,1.47
2011.06.10 18:59:37.962,1.97387,1.97481,1.13,1.47
2011.06.10 18:59:38.070,1.97397,1.97482,1.13,1.47
2011.06.10 18:59:38.181,1.97397,1.97482,1.13,1.13
2011.06.10 18:59:39.389,1.97387,1.97481,1.13,1.13
2011.06.10 18:59:41.439,1.97397,1.97482,1.13,1.88
2011.06.10 18:59:41.872,1.97393,1.97463,1.13,1.13
2011.06.10 18:59:42.199,1.9739,1.97441,1.13,1.50
2011.06.10 18:59:52.959,1.97396,1.97447,1.13,1.13
2011.06.10 18:59:53.180,1.97389,1.97442,1.13,1.13
2011.06.10 18:59:53.743,1.97396,1.97447,1.13,1.50
2011.06.10 18:59:53.850,1.97389,1.97442,1.13,1.13
2011.06.10 18:59:58.024,1.97387,1.97447,1.13,1.50
