2013.05.13 10:00:00.422,1.856,1.85651,1.09,1.77
2013.05.13 10:00:00.611,1.85602,1.85651,1.39,1.02
2013.05.13 10:00:00.821,1.856,1.85651,1.09,1.77
2013.05.13 10:00:01.140,1.85602,1.85651,1.39,1.02
2013.05.13 10:00:01.649,1.85595,1.85645,1.69,2.03
2013.05.13 10:00:01.840,1.85592,1.85642,1.39,1.02
2013.05.13 10:00:02.790,1.85592,1.85642,1.39,1.02
2013.05.13 10:00:03.920,1.85593,1.85645,1.69,1.28
2013.05.13 10:00:04.279,1.85595,1.85647,1.65,1.13
2013.05.13 10:00:06.987,1.85599,1.85652,1.09,2.78
2013.05.13 10:00:13.640,1.85595,1.8565,1.84,1.58
2013.05.13 10:00:13.899,1.856,1.8565,1.28,1.13
2013.05.13 10:00:15.339,1.85602,1.85641,1.65,1.13
2013.05.13 10:00:15.639,1.85596,1.85625,1.09,1.13
2013.05.13 10:00:16.049,1.85596,1.85635,1.09,1.13
2013.05.13 10:00:16.109,1.85599,1.85647,1.39,1.02
2013.05.13 10:00:16.429,1.85605,1.85654,1.65,1.32
2013.05.13 10:00:17.452,1.85605,1.85655,1.84,1.32
2013.05.13 10:00:18.410,1.85605,1.85651,1.09,1.13
2013.05.13 10:00:21.510,1.85605,1.85651,1.09,1.13
2013.05.13 10:00:21.930,1.85605,1.85653,1.09,1.13
2013.05.13 10:00:22.290,1.85585,1.85633,1.50,1.20
2013.05.13 10:00:22.529,1.85595,1.85636,1.50,1.65
2013.05.13 10:00:22.649,1.85595,1.85645,1.50,1.65
2013.05.13 10:00:23.149,1.85591,1.85641,1.20,1.13
2013.05.13 10:00:23.490,1.85589,1.85634,1.09,1.13
2013.05.13 10:00:24.681,1.85589,1.85631,1.09,1.13
2013.05.13 10:00:24.921,1.85581,1.85634,1.09,1.58
2013.05.13 10:00:26.090,1.85583,1.85635,1.39,1.28
2013.05.13 10:00:26.331,1.85583,1.85635,1.39,1.09
2013.05.13 10:00:26.849,1.85583,1.85634,1.39,1.02
2013.05.13 10:00:26.909,1.85583,1.85634,1.39,1.02
2013.05.13 10:00:27.304,1.85583,1.85633,1.39,1.20
2013.05.13 10:00:27.630,1.85578,1.85631,1.32,2.22
2013.05.13 10:00:27.689,1.85578,1.85631,1.32,2.22
2013.05.13 10:00:28.240,1.85576,1.85631,2.52,2.22
2013.05.13 10:00:28.901,1.85576,1.85623,2.52,1.20
2013.05.13 10:00:29.200,1.85567,1.85621,2.03,1.02
2013.05.13 10:00:29.319,1.85566,1.85618,1.95,1.09
2013.05.13 10:00:30.042,1.85566,1.85615,1.20,1.20
2013.05.13 10:00:30.239,1.85566,1.85615,1.39,1.20
2013.05.13 10:00:31.101,1.85567,1.85618,1.69,1.09
2013.05.13 10:00:35.489,1.85579,1.85618,1.13,1.09
2013.05.13 10:00:36.009,1.85579,1.85626,1.13,1.39
2013.05.13 10:00:36.879,1.85579,1.85631,1.32,1.28
2013.05.13 10:00:37.250,1.85578,1.85626,1.32,1.20
2013.05.13 10:00:37.610,1.85578,1.8562,1.69,2.03
2013.05.13 10:00:37.851,1.85567,1.85616,1.69,1.28
2013.05.13 10:00:38.459,1.85565,1.8562,1.39,2.97
2013.05.13 10:00:39.070,1.85573,1.85619,1.20,1.13
2013.05.13 10:00:39.131,1.85575,1.85619,1.50,1.13
2013.05.13 10:00:39.648,1.85578,1.85619,1.50,1.13
2013.05.13 10:00:39.713,1.85576,1.8563,1.65,1.39
2013.05.13 10:00:40.319,1.85578,1.85631,1.09,1.02
2013.05.13 10:00:42.570,1.85578,1.85632,1.09,1.02
2013.05.13 10:00:44.610,1.85578,1.8563,1.09,1.39
2013.05.13 10:00:45.678,1.85578,1.8563,1.09,1.39
2013.05.13 10:00:45.979,1.85573,1.85626,1.39,1.09
2013.05.13 10:00:47.220,1.85573,1.85626,2.14,1.09
2013.05.13 10:00:49.195,1.85573,1.85625,1.39,1.09
2013.05.13 10:00:50.611,1.85566,1.85617,1.69,1.65
2013.05.13 10:00:52.462,1.85563,1.85617,1.69,1.65
2013.05.13 10:00:54.063,1.85566,1.85617,1.69,1.65
2013.05.13 10:00:57.440,1.85566,1.85616,1.69,1.09
2013.05.13 10:00:59.503,1.85562,1.85615,1.69,1.84
2013.05.13 10:01:00.959,1.85564,1.85614,1.69,1.65
2013.05.13 10:01:01.971,1.85567,1.85617,1.69,1.65
2013.05.13 10:01:02.520,1.85568,1.8562,1.39,1.28
2013.05.13 10:01:02.581,1.85568,1.85621,1.84,1.09
2013.05.13 10:01:03.179,1.8557,1.85624,1.39,1.65
2013.05.13 10:01:04.119,1.8557,1.85619,1.39,1.20
2013.05.13 10:01:04.349,1.8557,1.85622,1.39,1.09
2013.05.13 10:01:04.469,1.85568,1.85621,1.84,1.09
2013.05.13 10:01:06.390,1.85575,1.85621,1.32,1.09
2013.05.13 10:01:07.129,1.85578,1.85623,1.13,1.09
2013.05.13 10:01:11.129,1.85575,1.85625,1.32,1.65
2013.05.13 10:01:14.429,1.8557,1.85619,1.39,1.20
2013.05.13 10:01:14.903,1.85574,1.85617,1.69,1.65
2013.05.13 10:01:15.540,1.85569,1.85618,1.69,1.28
2013.05.13 10:01:15.600,1.85572,1.85624,1.39,1.09
2013.05.13 10:01:19.719,1.85575,1.85627,1.69,2.03
2013.05.13 10:01:20.489,1.85577,1.85631,1.77,1.02
2013.05.13 10:01:20.550,1.85585,1.85635,1.20,1.28
2013.05.13 10:01:21.089,1.85582,1.85634,1.09,1.39
2013.05.13 10:01:21.149,1.85582,1.85634,1.09,1.20
2013.05.13 10:01:23.631,1.85582,1.85633,1.09,1.02
2013.05.13 10:01:31.149,1.85585,1.85633,1.39,1.02
2013.05.13 10:01:34.269,1.85595,1.85635,1.50,1.09
2013.05.13 10:01:34.519,1.85592,1.85642,1.20,1.77
2013.05.13 10:01:43.535,1.85594,1.85644,1.20,1.28
2013.05.13 10:01:47.731,1.85594,1.85644,1.39,1.28
2013.05.13 10:01:51.377,1.85595,1.85644,1.50,1.28
2013.05.13 10:01:51.752,1.85597,1.85644,1.50,1.65
2013.05.13 10:01:52.362,1.85591,1.85641,1.84,1.54
2013.05.13 10:01:52.491,1.85576,1.85622,1.32,1.20
2013.05.13 10:01:52.610,1.85575,1.85625,2.22,1.28
2013.05.13 10:01:52.851,1.85586,1.8563,1.13,1.28
2013.05.13 10:01:52.911,1.85578,1.8563,1.69,1.28
2013.05.13 10:01:53.030,1.85586,1.85633,1.50,1.28
2013.05.13 10:01:53.090,1.85586,1.85634,1.50,1.20
2013.05.13 10:01:53.712,1.85586,1.85634,1.69,1.20
2013.05.13 10:01:54.771,1.85592,1.85642,1.39,1.28
2013.05.13 10:01:54.954,1.85595,1.85645,1.69,1.65
2013.05.13 10:01:55.139,1.85598,1.85647,1.50,1.65
2013.05.13 10:01:58.359,1.85592,1.85644,1.39,1.20
2013.05.13 10:01:58.797,1.85592,1.85647,1.39,1.65
2013.05.13 10:02:00.118,1.85592,1.85645,1.39,1.65
2013.05.13 10:02:00.679,1.85592,1.85645,1.39,1.65
2013.05.13 10:02:04.078,1.85592,1.85647,1.39,1.65
2013.05.13 10:02:13.318,1.85596,1.85648,1.69,1.65
2013.05.13 10:02:13.679,1.85597,1.85648,1.69,1.65
2013.05.13 10:02:15.059,1.85599,1.85652,1.39,1.28
2013.05.13 10:02:18.727,1.85599,1.85651,1.39,1.09
2013.05.13 10:02:22.899,1.85599,1.85648,1.39,1.39
2013.05.13 10:02:23.020,1.85599,1.85646,1.39,1.20
2013.05.13 10:02:23.321,1.85597,1.85641,1.69,1.28
2013.05.13 10:02:24.020,1.8559,1.85641,1.69,1.28
2013.05.13 10:02:24.653,1.8559,1.85641,1.69,1.28
2013.05.13 10:02:25.107,1.8559,1.85641,1.69,1.28
2013.05.13 10:02:25.180,1.85589,1.8564,1.39,1.09
2013.05.13 10:02:34.140,1.85589,1.85641,1.39,1.28
2013.05.13 10:02:41.441,1.85589,1.8564,1.39,1.28
2013.05.13 10:02:41.910,1.85589,1.85635,1.39,1.13
2013.05.13 10:02:43.110,1.85587,1.85635,2.14,1.77
2013.05.13 10:02:45.392,1.85587,1.85635,1.69,1.02
2013.05.13 10:02:45.729,1.85586,1.85637,1.39,1.28
2013.05.13 10:02:45.969,1.85588,1.85637,1.69,1.09
2013.05.13 10:02:46.029,1.85596,1.85643,1.20,1.39
2013.05.13 10:02:51.110,1.85596,1.85643,1.20,1.02
2013.05.13 10:02:51.170,1.85596,1.85643,1.95,1.02
2013.05.13 10:02:51.967,1.85596,1.85643,1.95,1.02
2013.05.13 10:02:53.609,1.85596,1.85643,2.14,1.02
2013.05.13 10:02:54.141,1.85596,1.85643,2.14,1.02
2013.05.13 10:02:54.690,1.85596,1.85643,1.39,1.02
2013.05.13 10:02:54.749,1.85596,1.85643,1.20,1.02
2013.05.13 10:02:55.341,1.85596,1.85643,1.20,1.02
2013.05.13 10:03:00.405,1.85604,1.85642,1.20,1.32
2013.05.13 10:03:00.476,1.85597,1.85642,1.65,1.32
2013.05.13 10:03:00.780,1.85598,1.85642,1.20,1.32
2013.05.13 10:03:00.840,1.85592,1.85642,1.39,1.32
2013.05.13 10:03:01.080,1.85592,1.85642,1.39,1.32
2013.05.13 10:03:01.350,1.8559,1.85634,1.09,1.13
2013.05.13 10:03:01.884,1.8559,1.85634,1.09,1.13
2013.05.13 10:03:02.130,1.85586,1.85632,1.69,1.28
2013.05.13 10:03:02.610,1.85586,1.85636,1.69,1.13
2013.05.13 10:03:02.729,1.85586,1.85636,1.69,1.13
2013.05.13 10:03:03.089,1.85582,1.85625,1.09,1.13
2013.05.13 10:03:04.075,1.85581,1.85625,1.09,1.13
2013.05.13 10:03:06.541,1.85578,1.85625,2.59,1.13
2013.05.13 10:03:08.959,1.85578,1.85624,1.39,1.13
2013.05.13 10:03:13.212,1.85578,1.85624,1.39,1.13
2013.05.13 10:03:16.229,1.85578,1.85624,2.14,1.13
2013.05.13 10:03:17.209,1.85576,1.85624,1.39,1.13
2013.05.13 10:03:17.329,1.85575,1.85628,1.09,1.58
2013.05.13 10:03:17.735,1.85578,1.85631,1.39,1.28
2013.05.13 10:03:18.359,1.85573,1.85622,1.69,1.28
2013.05.13 10:03:18.720,1.85585,1.85628,1.50,1.47
2013.05.13 10:03:18.919,1.85589,1.85628,1.13,1.28
2013.05.13 10:03:19.101,1.8559,1.8564,1.13,1.28
2013.05.13 10:03:19.659,1.85587,1.8564,2.14,1.28
2013.05.13 10:03:21.097,1.85587,1.85639,1.39,1.02
2013.05.13 10:03:21.729,1.85587,1.8564,1.39,1.28
2013.05.13 10:03:22.249,1.85587,1.8564,1.39,1.28
2013.05.13 10:03:22.739,1.85587,1.85635,1.39,1.13
2013.05.13 10:03:24.110,1.85587,1.85638,1.39,1.02
2013.05.13 10:03:25.919,1.85587,1.85638,1.39,1.02
2013.05.13 10:03:27.749,1.85587,1.8564,2.14,1.28
2013.05.13 10:03:28.289,1.85595,1.85647,1.39,1.02
2013.05.13 10:03:28.850,1.85596,1.85647,1.20,1.02
2013.05.13 10:03:29.120,1.85597,1.85647,1.50,1.02
2013.05.13 10:03:29.509,1.85598,1.85649,1.69,1.09
2013.05.13 10:03:30.148,1.85601,1.85653,1.09,1.02
2013.05.13 10:03:31.202,1.85603,1.85653,1.09,1.02
2013.05.13 10:03:32.230,1.85603,1.85652,1.09,1.32
2013.05.13 10:03:32.570,1.85607,1.85656,1.50,1.09
2013.05.13 10:03:34.781,1.85615,1.85664,1.20,2.52
2013.05.13 10:03:35.362,1.85609,1.85662,1.09,1.32
2013.05.13 10:03:36.346,1.85615,1.85664,1.20,1.77
2013.05.13 10:03:36.749,1.85615,1.85662,1.20,1.32
2013.05.13 10:03:36.990,1.85606,1.85658,2.14,1.09
2013.05.13 10:03:37.502,1.85606,1.85656,1.39,1.02
2013.05.13 10:03:39.579,1.85606,1.85656,1.39,1.02
2013.05.13 10:03:40.380,1.85615,1.8566,1.20,1.32
2013.05.13 10:03:52.200,1.85609,1.85661,1.84,1.32
2013.05.13 10:03:52.625,1.85615,1.85663,1.20,1.02
2013.05.13 10:03:52.970,1.85615,1.85663,1.20,1.02
2013.05.13 10:03:59.382,1.85616,1.85655,1.39,1.13
2013.05.13 10:03:59.701,1.85621,1.85655,1.28,1.13
2013.05.13 10:03:59.820,1.85617,1.85655,1.09,1.13
2013.05.13 10:04:00.250,1.85617,1.85662,1.09,1.32
2013.05.13 10:04:00.370,1.85618,1.85665,1.09,1.32
2013.05.13 10:04:03.881,1.85615,1.85665,1.84,1.32
2013.05.13 10:04:04.487,1.85615,1.85662,1.09,1.32
2013.05.13 10:04:04.861,1.85615,1.85665,1.84,1.32
2013.05.13 10:04:06.999,1.85616,1.85665,1.09,1.32
2013.05.13 10:04:10.270,1.85616,1.85665,1.09,1.13
2013.05.13 10:04:18.111,1.85618,1.85665,1.09,1.32
2013.05.13 10:04:19.719,1.85616,1.85665,1.09,1.32
2013.05.13 10:04:19.779,1.85615,1.85663,1.39,1.02
2013.05.13 10:04:21.141,1.85612,1.85662,1.09,1.32
2013.05.13 10:04:26.320,1.85611,1.85662,1.09,1.32
2013.05.13 10:04:26.635,1.85611,1.85662,1.09,1.32
2013.05.13 10:04:26.870,1.85611,1.85662,1.09,1.32
2013.05.13 10:04:27.340,1.85602,1.85652,1.84,1.13
2013.05.13 10:04:27.399,1.85602,1.85652,1.09,1.13
2013.05.13 10:04:28.607,1.85602,1.85652,1.09,1.32
2013.05.13 10:04:37.650,1.85605,1.85654,1.20,1.02
2013.05.13 10:04:38.754,1.85605,1.85654,1.39,1.02
2013.05.13 10:04:40.825,1.85602,1.85652,1.09,1.32
2013.05.13 10:04:44.132,1.85602,1.85654,1.09,1.02
2013.05.13 10:04:45.654,1.85602,1.85652,1.09,1.32
2013.05.13 10:04:46.340,1.85602,1.85645,1.09,1.13
2013.05.13 10:04:46.406,1.85591,1.85643,1.09,1.02
2013.05.13 10:04:46.594,1.85591,1.85642,1.09,1.32
2013.05.13 10:04:47.390,1.85591,1.85643,1.09,1.02
2013.05.13 10:04:47.585,1.85591,1.85642,1.09,1.32
2013.05.13 10:04:48.251,1.85591,1.85643,1.09,1.02
2013.05.13 10:04:48.589,1.85591,1.85642,1.09,1.32
2013.05.13 10:04:49.565,1.85591,1.85643,1.09,1.02
2013.05.13 10:04:49.789,1.85591,1.85642,1.09,1.32
2013.05.13 10:04:54.092,1.85595,1.85643,1.20,1.02
2013.05.13 10:04:54.310,1.85591,1.85642,1.09,1.32
2013.05.13 10:04:59.575,1.85595,1.85643,1.20,1.02
2013.05.13 10:04:59.641,1.85595,1.85643,1.20,1.02
2013.05.13 10:05:00.031,1.85591,1.85642,1.09,1.32
2013.05.13 10:05:01.342,1.85591,1.85643,1.09,1.02
2013.05.13 10:05:02.130,1.85591,1.85642,1.09,1.32
2013.05.13 10:05:06.069,1.85591,1.85641,1.84,1.32
2013.05.13 10:05:14.052,1.85593,1.85637,1.09,1.13
2013.05.13 10:05:17.211,1.85593,1.85634,1.09,1.13
2013.05.13 10:05:17.529,1.85593,1.85634,1.09,1.13
2013.05.13 10:05:17.590,1.85585,1.85634,1.09,1.13
2013.05.13 10:05:17.710,1.85585,1.85634,1.09,1.32
2013.05.13 10:05:23.069,1.85586,1.85634,1.20,1.32
2013.05.13 10:05:24.420,1.85585,1.85635,1.09,1.39
2013.05.13 10:05:25.410,1.85585,1.85638,1.84,1.09
2013.05.13 10:05:27.140,1.85588,1.85638,1.39,1.09
2013.05.13 10:05:28.280,1.85585,1.85635,1.84,1.20
2013.05.13 10:05:28.340,1.85585,1.85635,1.84,1.20
2013.05.13 10:05:28.402,1.85585,1.85634,1.39,1.20
2013.05.13 10:05:28.760,1.85582,1.85629,1.69,1.28
2013.05.13 10:05:29.332,1.85569,1.8562,1.09,1.02
2013.05.13 10:05:29.392,1.85568,1.85619,1.39,1.28
2013.05.13 10:05:31.050,1.85568,1.85616,1.20,1.02
2013.05.13 10:05:32.131,1.85569,1.85616,1.20,1.02
2013.05.13 10:05:32.251,1.85577,1.85624,1.50,1.32
2013.05.13 10:05:32.374,1.85585,1.85624,1.20,1.32
2013.05.13 10:05:33.281,1.85577,1.85624,1.20,1.39
2013.05.13 10:05:33.710,1.85577,1.85624,1.20,1.58
2013.05.13 10:05:34.222,1.85577,1.85624,1.20,1.58
2013.05.13 10:05:34.701,1.8557,1.85624,1.09,1.77
2013.05.13 10:05:46.099,1.85577,1.85624,1.20,1.77
2013.05.13 10:05:46.281,1.85579,1.85624,1.50,1.39
2013.05.13 10:05:46.641,1.85586,1.85634,1.69,1.77
2013.05.13 10:05:48.631,1.85587,1.85634,1.50,1.77
2013.05.13 10:05:49.032,1.85588,1.85634,1.20,1.32
2013.05.13 10:05:51.871,1.85593,1.85642,1.20,1.32
2013.05.13 10:05:52.050,1.85593,1.85642,1.20,1.32
2013.05.13 10:05:52.110,1.85597,1.85642,2.40,1.32
2013.05.13 10:05:52.449,1.85602,1.85642,1.20,1.32
2013.05.13 10:05:55.291,1.85602,1.85651,1.20,1.02
2013.05.13 10:05:56.112,1.85602,1.85651,1.20,1.02
2013.05.13 10:05:56.520,1.85611,1.85655,1.20,1.88
2013.05.13 10:05:56.701,1.85611,1.85655,1.20,1.13
2013.05.13 10:05:56.880,1.85611,1.85659,1.20,1.39
2013.05.13 10:05:58.179,1.85611,1.85661,1.20,1.02
2013.05.13 10:05:58.701,1.85616,1.85661,1.50,1.02
2013.05.13 10:06:00.005,1.85611,1.85662,1.20,1.09
2013.05.13 10:06:00.350,1.85611,1.85662,1.39,1.09
2013.05.13 10:06:00.410,1.85616,1.85662,1.50,1.09
2013.05.13 10:06:00.508,1.85611,1.85662,1.39,1.09
2013.05.13 10:06:01.290,1.85616,1.85662,1.50,1.09
2013.05.13 10:06:01.350,1.85617,1.85662,1.50,1.09
2013.05.13 10:06:01.651,1.85627,1.85675,1.20,2.14
2013.05.13 10:06:02.191,1.85615,1.85667,1.09,1.39
2013.05.13 10:06:02.699,1.85613,1.85667,1.09,1.39
2013.05.13 10:06:02.820,1.85608,1.85661,1.39,1.09
2013.05.13 10:06:03.857,1.85608,1.85658,1.39,1.09
2013.05.13 10:06:04.945,1.85608,1.85658,2.14,1.09
2013.05.13 10:06:05.072,1.85608,1.85658,1.39,1.09
2013.05.13 10:06:05.190,1.85608,1.85658,1.39,1.09
2013.05.13 10:06:05.370,1.85608,1.85658,1.39,1.09
2013.05.13 10:06:05.494,1.85608,1.85663,1.84,1.02
2013.05.13 10:06:05.802,1.8561,1.85664,1.09,1.39
2013.05.13 10:06:05.860,1.85608,1.85661,1.39,1.39
2013.05.13 10:06:05.920,1.85605,1.85659,2.14,1.09
2013.05.13 10:06:06.100,1.85605,1.85656,1.39,1.39
2013.05.13 10:06:06.465,1.85598,1.85651,1.69,1.65
2013.05.13 10:06:08.450,1.85596,1.85647,1.69,1.09
2013.05.13 10:06:11.209,1.85596,1.85648,1.69,1.09
2013.05.13 10:06:12.864,1.85598,1.85648,1.69,1.09
2013.05.13 10:06:13.120,1.85605,1.85652,1.69,1.09
2013.05.13 10:06:13.180,1.85605,1.85655,1.69,1.84
2013.05.13 10:06:15.330,1.85607,1.85657,1.50,1.09
2013.05.13 10:06:18.410,1.85604,1.85654,2.14,1.20
2013.05.13 10:06:20.309,1.85601,1.85652,1.09,1.02
2013.05.13 10:06:20.941,1.85598,1.85652,1.39,1.47
2013.05.13 10:06:21.000,1.85596,1.85647,2.89,1.09
2013.05.13 10:06:24.110,1.85596,1.85649,2.89,1.09
2013.05.13 10:06:26.910,1.85596,1.85647,2.14,1.09
2013.05.13 10:06:28.601,1.85597,1.8565,1.69,1.65
2013.05.13 10:06:28.952,1.85607,1.8565,1.50,1.65
2013.05.13 10:06:29.009,1.85607,1.85652,1.50,1.09
2013.05.13 10:06:29.070,1.85605,1.85656,1.69,1.09
2013.05.13 10:06:29.682,1.85605,1.85656,1.69,1.09
2013.05.13 10:06:30.320,1.85605,1.85659,1.69,1.09
2013.05.13 10:06:31.677,1.85608,1.85655,1.69,1.20
2013.05.13 10:06:34.181,1.85604,1.85647,1.39,1.50
2013.05.13 10:06:34.480,1.85589,1.85635,1.84,1.13
2013.05.13 10:06:35.020,1.85585,1.85635,1.69,2.03
2013.05.13 10:06:35.480,1.85582,1.85635,1.39,2.03
2013.05.13 10:06:36.119,1.8558,1.85631,1.39,1.13
2013.05.13 10:06:36.530,1.85579,1.85632,1.84,1.39
2013.05.13 10:06:37.773,1.85576,1.85624,1.69,1.39
2013.05.13 10:06:40.469,1.85576,1.85624,1.69,1.39
2013.05.13 10:06:42.139,1.85576,1.85624,1.69,1.39
2013.05.13 10:06:43.690,1.85576,1.85625,1.69,1.09
2013.05.13 10:06:44.444,1.85575,1.85625,2.14,1.09
2013.05.13 10:06:44.640,1.85581,1.85625,1.77,1.09
2013.05.13 10:06:44.761,1.85583,1.85634,1.39,1.09
2013.05.13 10:06:46.641,1.85583,1.85634,2.14,1.28
2013.05.13 10:06:46.879,1.85591,1.85641,1.39,1.20
2013.05.13 10:06:51.751,1.85591,1.85641,1.39,1.20
2013.05.13 10:06:55.081,1.85592,1.85641,1.69,1.20
2013.05.13 10:07:07.579,1.85591,1.8564,2.14,1.20
2013.05.13 10:07:07.974,1.85591,1.8564,1.69,1.65
2013.05.13 10:07:08.381,1.85591,1.8564,1.69,1.65
2013.05.13 10:07:08.725,1.85591,1.85635,1.69,1.20
2013.05.13 10:07:09.030,1.85576,1.85629,1.39,1.09
2013.05.13 10:07:09.171,1.85576,1.85629,1.39,1.09
2013.05.13 10:07:19.831,1.85576,1.85628,1.39,1.28
2013.05.13 10:07:20.070,1.85575,1.85625,2.14,1.20
2013.05.13 10:07:20.848,1.85575,1.85625,1.39,1.39
2013.05.13 10:07:22.131,1.85576,1.85626,1.39,1.09
2013.05.13 10:07:23.310,1.85576,1.85626,1.20,1.09
2013.05.13 10:07:23.371,1.85576,1.85624,1.20,1.39
2013.05.13 10:07:23.800,1.85576,1.85623,1.20,1.02
2013.05.13 10:07:24.102,1.85576,1.85623,1.20,1.02
2013.05.13 10:07:29.411,1.85576,1.85623,1.39,1.02
2013.05.13 10:07:30.949,1.8557,1.85623,1.69,1.09
2013.05.13 10:07:36.862,1.85569,1.85621,1.39,1.09
2013.05.13 10:07:37.399,1.85569,1.85618,1.39,1.39
2013.05.13 10:07:37.917,1.85563,1.85616,1.69,2.03
2013.05.13 10:07:38.670,1.85561,1.85611,1.39,1.09
2013.05.13 10:07:38.911,1.85561,1.85608,1.39,1.20
2013.05.13 10:07:39.270,1.85555,1.85602,1.69,1.20
2013.05.13 10:07:39.930,1.85552,1.85602,1.69,1.20
2013.05.13 10:07:41.289,1.85551,1.85602,1.39,1.20
2013.05.13 10:07:43.612,1.85551,1.85602,1.39,1.39
2013.05.13 10:07:44.390,1.85548,1.856,1.09,1.20
2013.05.13 10:07:44.703,1.85545,1.85591,1.69,1.28
2013.05.13 10:07:45.239,1.85545,1.85591,1.69,1.28
2013.05.13 10:07:48.160,1.85549,1.85596,1.39,1.28
2013.05.13 10:07:48.619,1.85546,1.85596,2.14,1.20
2013.05.13 10:07:49.670,1.85549,1.85601,1.39,1.09
2013.05.13 10:07:50.453,1.85549,1.85601,1.39,1.09
2013.05.13 10:07:50.612,1.85549,1.85601,1.39,1.09
2013.05.13 10:07:51.270,1.85553,1.85604,1.69,2.03
2013.05.13 10:07:52.370,1.85549,1.85603,2.14,1.65
2013.05.13 10:07:54.715,1.85555,1.85604,1.69,2.03
2013.05.13 10:07:56.078,1.85556,1.85604,1.69,2.78
2013.05.13 10:07:58.531,1.85556,1.85604,2.14,1.20
2013.05.13 10:07:58.591,1.85556,1.85606,2.14,1.20
2013.05.13 10:08:01.061,1.85556,1.85604,2.14,1.50
2013.05.13 10:08:01.430,1.85556,1.85606,2.14,1.20
2013.05.13 10:08:01.620,1.85556,1.85606,1.39,1.20
2013.05.13 10:08:01.772,1.85557,1.85609,1.39,1.09
2013.05.13 10:08:02.130,1.85555,1.85606,1.84,1.20
2013.05.13 10:08:02.980,1.85557,1.85606,1.39,1.20
2013.05.13 10:08:03.540,1.85558,1.85612,2.44,1.84
2013.05.13 10:08:03.790,1.85565,1.85612,1.39,1.13
2013.05.13 10:08:03.970,1.85565,1.85612,1.39,1.13
2013.05.13 10:08:04.211,1.85565,1.85615,1.39,1.39
2013.05.13 10:08:04.390,1.85567,1.85617,1.39,1.09
2013.05.13 10:08:04.941,1.85574,1.85622,1.20,1.32
2013.05.13 10:08:05.001,1.85574,1.85626,1.39,1.47
2013.05.13 10:08:05.119,1.85572,1.85624,1.09,1.58
2013.05.13 10:08:05.181,1.85572,1.85624,1.09,1.20
2013.05.13 10:08:05.480,1.85574,1.85624,1.39,2.14
2013.05.13 10:08:06.430,1.85574,1.85623,1.39,1.13
2013.05.13 10:08:07.441,1.85574,1.85623,1.39,1.13
2013.05.13 10:08:10.801,1.85574,1.85624,1.39,1.77
2013.05.13 10:08:10.869,1.85572,1.85621,1.09,1.13
2013.05.13 10:08:13.042,1.85572,1.85621,1.09,1.13
2013.05.13 10:08:14.134,1.85574,1.85624,1.39,1.02
2013.05.13 10:08:16.670,1.85572,1.85621,1.09,1.13
2013.05.13 10:08:17.028,1.85566,1.85614,1.69,1.58
2013.05.13 10:08:17.601,1.85571,1.85616,1.69,1.28
2013.05.13 10:08:17.781,1.85568,1.85616,1.69,1.28
2013.05.13 10:08:19.151,1.85566,1.85614,1.69,1.58
2013.05.13 10:08:19.673,1.85566,1.85614,1.69,1.58
2013.05.13 10:08:20.000,1.85566,1.85612,1.69,1.95
2013.05.13 10:08:21.052,1.85556,1.85608,1.39,1.47
2013.05.13 10:08:21.128,1.85556,1.85608,1.39,1.47
2013.05.13 10:08:21.643,1.85553,1.85605,1.84,1.39
2013.05.13 10:08:21.820,1.85553,1.85604,1.09,1.39
2013.05.13 10:08:22.121,1.85549,1.85593,1.32,1.65
2013.05.13 10:08:22.420,1.85536,1.85591,1.09,1.47
2013.05.13 10:08:22.601,1.85535,1.85587,2.22,1.20
2013.05.13 10:08:23.140,1.85533,1.85586,1.69,1.65
2013.05.13 10:08:25.130,1.85533,1.85586,1.69,1.09
2013.05.13 10:08:25.320,1.85533,1.85586,1.69,1.09
2013.05.13 10:08:25.621,1.8553,1.85583,2.14,1.09
2013.05.13 10:08:25.862,1.85539,1.85588,1.39,1.02
2013.05.13 10:08:26.140,1.85539,1.85588,1.39,1.02
2013.05.13 10:08:26.380,1.8553,1.85583,1.69,1.09
2013.05.13 10:08:27.640,1.85532,1.85585,1.69,1.84
2013.05.13 10:08:28.131,1.85532,1.85585,1.69,1.84
2013.05.13 10:08:29.230,1.85535,1.85582,1.69,1.28
2013.05.13 10:08:29.290,1.85535,1.85582,1.69,1.28
2013.05.13 10:08:29.350,1.85535,1.85573,1.69,1.28
2013.05.13 10:08:29.481,1.85521,1.85573,1.39,1.47
2013.05.13 10:08:29.662,1.85521,1.85573,1.39,1.47
2013.05.13 10:08:29.832,1.85521,1.85573,1.39,1.47
2013.05.13 10:08:30.732,1.85521,1.85573,1.39,1.47
2013.05.13 10:08:31.411,1.85521,1.85573,1.39,1.47
2013.05.13 10:08:31.530,1.85535,1.85583,1.20,1.32
2013.05.13 10:08:32.311,1.85537,1.85583,1.20,1.32
2013.05.13 10:08:32.671,1.85539,1.85587,1.50,1.84
2013.05.13 10:08:33.030,1.85547,1.85594,1.20,1.39
2013.05.13 10:08:33.171,1.85547,1.85594,1.20,1.39
2013.05.13 10:08:33.710,1.85547,1.85597,1.39,1.09
2013.05.13 10:08:34.161,1.85546,1.85594,1.39,1.39
2013.05.13 10:08:34.440,1.85548,1.85594,1.32,1.39
2013.05.13 10:08:34.803,1.85546,1.85594,2.07,1.20
2013.05.13 10:08:36.421,1.85544,1.85594,1.39,1.39
2013.05.13 10:08:37.761,1.85542,1.85594,1.09,1.39
2013.05.13 10:08:38.152,1.85544,1.85595,1.39,1.39
2013.05.13 10:08:38.934,1.85544,1.85595,1.39,1.39
2013.05.13 10:08:39.361,1.85544,1.85596,1.39,1.09
2013.05.13 10:08:40.060,1.85553,1.85602,1.20,1.39
2013.05.13 10:08:40.190,1.85553,1.85602,1.20,1.39
2013.05.13 10:08:40.390,1.85553,1.85603,1.20,1.02
2013.05.13 10:08:40.634,1.85553,1.85603,1.20,1.02
2013.05.13 10:08:42.003,1.85553,1.85602,1.20,2.14
2013.05.13 10:08:43.551,1.85545,1.85596,1.39,1.02
2013.05.13 10:08:44.161,1.85545,1.85597,1.39,1.47
2013.05.13 10:08:46.321,1.85545,1.85597,1.39,1.47
2013.05.13 10:08:49.090,1.85545,1.85597,1.39,1.47
2013.05.13 10:08:49.742,1.85547,1.85598,1.69,1.09
2013.05.13 10:08:49.800,1.85553,1.85602,1.39,1.28
2013.05.13 10:08:49.860,1.85553,1.85602,1.39,1.28
2013.05.13 10:08:50.401,1.85553,1.85605,1.39,1.09
2013.05.13 10:08:51.682,1.85553,1.85605,1.39,1.09
2013.05.13 10:08:55.930,1.85559,1.85605,1.13,1.09
2013.05.13 10:08:57.455,1.85559,1.85605,1.13,1.09
2013.05.13 10:08:58.810,1.85576,1.85611,1.13,1.39
2013.05.13 10:08:58.990,1.85564,1.85611,1.58,1.39
2013.05.13 10:08:59.110,1.85558,1.8561,2.03,1.69
2013.05.13 10:08:59.671,1.85564,1.85611,1.20,1.77
2013.05.13 10:08:59.731,1.85564,1.85611,1.20,1.02
2013.05.13 10:08:59.965,1.85564,1.85611,1.20,1.02
2013.05.13 10:09:00.091,1.85564,1.85611,1.20,1.77
2013.05.13 10:09:00.420,1.85554,1.85603,1.39,1.02
2013.05.13 10:09:00.671,1.85554,1.85603,1.39,1.02
2013.05.13 10:09:01.102,1.85554,1.85603,1.39,1.02
2013.05.13 10:09:01.340,1.85554,1.85601,1.39,1.20
2013.05.13 10:09:04.162,1.8555,1.856,1.09,1.28
2013.05.13 10:09:04.401,1.85545,1.85591,1.39,1.13
2013.05.13 10:09:05.160,1.85545,1.85593,2.14,1.58
2013.05.13 10:09:05.400,1.85541,1.85592,1.09,1.02
2013.05.13 10:09:05.580,1.85545,1.85592,1.20,1.02
2013.05.13 10:09:06.369,1.85555,1.85602,1.20,1.32
2013.05.13 10:09:06.702,1.85555,1.85604,1.39,1.02
2013.05.13 10:09:08.110,1.85555,1.85604,1.39,1.02
2013.05.13 10:09:08.642,1.85569,1.85615,1.13,1.39
2013.05.13 10:09:10.090,1.85569,1.85616,1.13,1.09
2013.05.13 10:09:10.209,1.8557,1.85619,1.69,1.09
2013.05.13 10:09:12.041,1.8557,1.85616,1.69,1.28
2013.05.13 10:09:12.430,1.8557,1.85614,1.69,1.39
2013.05.13 10:09:12.810,1.85565,1.85614,2.14,1.39
2013.05.13 10:09:13.801,1.85566,1.85616,1.69,2.10
2013.05.13 10:09:13.930,1.85566,1.85616,1.69,2.10
2013.05.13 10:09:14.590,1.85566,1.85616,1.69,1.28
2013.05.13 10:09:14.769,1.85579,1.85616,1.13,1.09
2013.05.13 10:09:15.287,1.85579,1.85624,1.13,1.39
2013.05.13 10:09:15.352,1.85579,1.85625,1.13,2.03
2013.05.13 10:09:15.620,1.85579,1.85624,1.13,1.39
2013.05.13 10:09:15.939,1.85579,1.85624,1.32,1.20
2013.05.13 10:09:17.129,1.85578,1.85626,1.32,1.09
2013.05.13 10:09:17.310,1.85584,1.85631,1.20,1.02
2013.05.13 10:09:17.369,1.85584,1.85631,1.20,1.02
2013.05.13 10:09:19.776,1.85584,1.85631,1.20,1.02
2013.05.13 10:09:21.322,1.85584,1.85631,1.39,1.02
2013.05.13 10:09:21.560,1.85584,1.85631,1.39,1.02
2013.05.13 10:09:22.724,1.85584,1.85631,1.20,1.02
2013.05.13 10:09:24.470,1.85584,1.85631,1.20,1.02
2013.05.13 10:09:25.497,1.85584,1.85631,1.20,1.02
2013.05.13 10:09:25.681,1.85584,1.85631,1.20,1.02
2013.05.13 10:09:26.170,1.85584,1.85631,1.20,1.02
2013.05.13 10:09:26.411,1.85592,1.85639,1.20,1.69
2013.05.13 10:09:26.720,1.85598,1.85643,1.13,1.09
2013.05.13 10:09:28.011,1.85601,1.85651,1.39,1.47
2013.05.13 10:09:31.309,1.85601,1.85651,1.20,1.02
2013.05.13 10:09:34.832,1.85601,1.85651,1.20,2.59
2013.05.13 10:09:37.090,1.85593,1.85641,1.39,1.28
2013.05.13 10:09:37.150,1.85593,1.8564,1.39,1.58
2013.05.13 10:09:37.510,1.85589,1.85635,1.69,1.28
2013.05.13 10:09:37.873,1.85586,1.85631,1.69,1.65
2013.05.13 10:09:39.660,1.85584,1.85629,1.20,1.02
2013.05.13 10:09:40.410,1.85593,1.85635,1.20,1.39
2013.05.13 10:09:40.530,1.85593,1.85643,1.39,1.02
2013.05.13 10:09:41.341,1.85602,1.85651,1.20,1.39
2013.05.13 10:09:41.520,1.85602,1.85653,1.39,1.09
2013.05.13 10:09:42.376,1.85602,1.85653,1.39,1.09
2013.05.13 10:09:43.210,1.85604,1.85654,1.69,1.65
2013.05.13 10:09:44.340,1.85609,1.85659,1.47,1.95
2013.05.13 10:09:44.400,1.85612,1.85659,1.39,1.20
2013.05.13 10:09:44.520,1.85612,1.85659,1.39,1.65
2013.05.13 10:09:44.850,1.85609,1.85658,1.32,1.28
2013.05.13 10:09:45.416,1.85603,1.85654,1.39,1.09
2013.05.13 10:09:53.310,1.85598,1.8565,1.84,1.20
2013.05.13 10:09:53.430,1.85603,1.85654,1.20,1.28
2013.05.13 10:09:53.611,1.85603,1.85654,1.20,1.28
2013.05.13 10:09:53.852,1.85603,1.85653,1.20,1.77
2013.05.13 10:09:56.591,1.85603,1.85653,1.20,1.02
2013.05.13 10:09:56.912,1.85603,1.85653,1.20,1.02
2013.05.13 10:09:58.306,1.85603,1.85651,1.20,1.02
2013.05.13 10:09:59.663,1.85603,1.8565,1.20,1.39
2013.05.13 10:10:00.233,1.85592,1.85645,1.58,1.84
2013.05.13 10:10:00.430,1.85592,1.85643,1.20,1.28
2013.05.13 10:10:02.020,1.85592,1.85643,1.20,1.28
2013.05.13 10:10:02.231,1.85592,1.85643,1.20,1.28
2013.05.13 10:10:04.784,1.85585,1.8564,2.67,1.20
2013.05.13 10:10:05.002,1.85592,1.85643,1.20,1.28
2013.05.13 10:10:09.995,1.85584,1.8564,1.69,1.28
2013.05.13 10:10:10.310,1.85584,1.85634,1.69,1.20
2013.05.13 10:10:10.957,1.85584,1.85634,1.69,1.20
2013.05.13 10:10:11.069,1.85584,1.8564,1.69,1.28
2013.05.13 10:10:11.371,1.85592,1.85642,1.20,1.02
2013.05.13 10:10:11.601,1.85587,1.85641,1.09,1.58
2013.05.13 10:10:12.080,1.85592,1.85642,1.20,1.02
2013.05.13 10:10:13.190,1.85586,1.85641,1.65,1.77
2013.05.13 10:10:13.973,1.85592,1.85641,1.20,1.02
2013.05.13 10:10:14.150,1.85585,1.85639,1.65,1.32
2013.05.13 10:10:14.245,1.85592,1.85641,1.20,1.02
2013.05.13 10:10:14.684,1.85586,1.85639,1.65,1.32
2013.05.13 10:10:15.243,1.85586,1.85634,1.65,1.13
2013.05.13 10:10:15.540,1.85584,1.85634,1.20,1.58
2013.05.13 10:10:15.810,1.85584,1.85634,1.20,1.20
2013.05.13 10:10:17.120,1.85584,1.85638,1.20,1.09
2013.05.13 10:10:17.421,1.85584,1.85637,1.20,1.28
2013.05.13 10:10:17.602,1.85584,1.85635,1.20,1.58
2013.05.13 10:10:17.720,1.85584,1.85632,1.20,1.32
2013.05.13 10:10:18.530,1.85577,1.85627,1.20,1.02
2013.05.13 10:10:18.859,1.85576,1.85625,1.20,1.58
2013.05.13 10:10:19.240,1.85578,1.85625,1.28,1.13
2013.05.13 10:10:19.570,1.85585,1.85635,1.20,1.77
2013.05.13 10:10:20.100,1.85585,1.85635,1.20,1.02
2013.05.13 10:10:21.062,1.85585,1.85635,1.20,1.02
2013.05.13 10:10:21.840,1.85585,1.85635,1.20,1.58
2013.05.13 10:10:22.174,1.85585,1.85634,1.39,1.02
2013.05.13 10:10:22.504,1.85585,1.85634,1.39,1.02
2013.05.13 10:10:23.490,1.85585,1.85634,1.39,1.02
2013.05.13 10:10:25.150,1.85585,1.85634,1.39,1.02
2013.05.13 10:10:25.252,1.85585,1.85634,1.39,1.02
2013.05.13 10:10:25.810,1.85585,1.85634,1.39,1.02
2013.05.13 10:10:26.800,1.85585,1.85634,1.39,1.77
2013.05.13 10:10:31.881,1.85594,1.8564,1.20,1.32
2013.05.13 10:10:32.092,1.85594,1.8564,1.20,1.32
2013.05.13 10:10:32.392,1.85591,1.85634,1.09,1.13
2013.05.13 10:10:32.901,1.85586,1.85637,1.39,2.10
2013.05.13 10:10:33.204,1.85584,1.85628,1.69,1.20
2013.05.13 10:10:33.526,1.85576,1.85622,1.39,1.32
2013.05.13 10:10:33.770,1.85569,1.85621,1.39,1.47
2013.05.13 10:10:34.320,1.85568,1.8562,1.39,1.28
2013.05.13 10:10:35.170,1.85569,1.85618,1.20,1.02
2013.05.13 10:10:38.024,1.85569,1.85618,1.39,1.02
2013.05.13 10:10:38.743,1.85567,1.85615,1.09,1.32
2013.05.13 10:10:40.755,1.85567,1.85618,1.09,1.39
2013.05.13 10:10:41.102,1.85567,1.85617,1.09,1.13
2013.05.13 10:10:42.210,1.85567,1.85614,1.09,1.13
2013.05.13 10:10:43.060,1.85569,1.85618,1.20,1.02
2013.05.13 10:10:44.998,1.85569,1.8562,1.39,1.09
2013.05.13 10:10:47.575,1.85569,1.8562,1.39,1.09
2013.05.13 10:10:48.171,1.85579,1.85626,1.39,1.02
2013.05.13 10:10:51.361,1.85579,1.85626,1.39,1.02
2013.05.13 10:11:00.590,1.85579,1.85625,1.20,1.32
2013.05.13 10:11:01.162,1.85579,1.85625,1.20,1.32
2013.05.13 10:11:03.760,1.85579,1.85625,1.20,1.13
2013.05.13 10:11:04.000,1.85569,1.85621,2.14,1.09
2013.05.13 10:11:11.693,1.85569,1.85618,1.39,1.20
2013.05.13 10:11:11.754,1.85569,1.85615,1.39,1.13
2013.05.13 10:11:12.080,1.85569,1.85615,1.39,1.13
2013.05.13 10:11:12.763,1.85569,1.85615,1.39,1.13
2013.05.13 10:11:13.700,1.85569,1.85613,1.39,1.20
2013.05.13 10:11:13.771,1.85567,1.85613,1.39,1.65
2013.05.13 10:11:18.481,1.85559,1.85608,1.39,1.39
2013.05.13 10:11:18.821,1.85559,1.85608,1.39,1.02
2013.05.13 10:11:18.881,1.85556,1.85602,1.84,1.13
2013.05.13 10:11:19.740,1.85556,1.85598,1.39,1.20
2013.05.13 10:11:21.818,1.85551,1.85601,1.39,1.09
2013.05.13 10:11:24.788,1.85551,1.85598,1.39,1.20
2013.05.13 10:11:25.590,1.85551,1.85602,1.39,1.47
2013.05.13 10:11:35.788,1.85551,1.85602,1.39,1.28
2013.05.13 10:11:40.172,1.85555,1.85602,1.39,1.09
2013.05.13 10:11:40.710,1.85555,1.85605,1.39,2.03
2013.05.13 10:11:47.872,1.85555,1.85605,1.39,2.03
2013.05.13 10:11:50.272,1.85555,1.85602,1.39,1.02
2013.05.13 10:11:59.011,1.85555,1.85604,1.39,1.02
2013.05.13 10:11:59.610,1.85555,1.85604,1.39,1.77
2013.05.13 10:12:00.310,1.85552,1.85604,1.84,1.77
2013.05.13 10:12:00.641,1.85552,1.85602,1.39,1.02
2013.05.13 10:12:00.920,1.85548,1.85599,1.84,1.20
2013.05.13 10:12:01.282,1.85547,1.85594,1.69,1.65
2013.05.13 10:12:01.584,1.85538,1.85584,1.09,1.13
2013.05.13 10:12:01.740,1.85533,1.85583,1.69,1.28
2013.05.13 10:12:02.120,1.8553,1.8558,1.39,1.39
2013.05.13 10:12:03.761,1.85522,1.85573,1.39,1.28
2013.05.13 10:12:05.340,1.85522,1.85571,1.39,1.02
2013.05.13 10:12:05.472,1.85522,1.85573,1.39,1.09
2013.05.13 10:12:06.220,1.85532,1.85577,1.20,1.39
2013.05.13 10:12:06.289,1.85532,1.85579,1.20,1.39
2013.05.13 10:12:06.411,1.85536,1.85583,1.50,1.84
2013.05.13 10:12:06.531,1.85532,1.85583,1.20,1.84
2013.05.13 10:12:06.652,1.85528,1.85579,1.65,1.39
2013.05.13 10:12:06.891,1.85529,1.85583,1.20,1.09
2013.05.13 10:12:06.951,1.85532,1.85583,1.20,1.09
2013.05.13 10:12:07.311,1.85539,1.85593,1.84,1.09
2013.05.13 10:12:08.031,1.85541,1.85594,1.39,1.65
2013.05.13 10:12:08.390,1.85541,1.8559,1.39,1.20
2013.05.13 10:12:08.901,1.85538,1.85581,1.69,1.20
2013.05.13 10:12:09.020,1.85533,1.85581,1.39,1.20
2013.05.13 10:12:09.081,1.85533,1.85581,1.39,1.20
2013.05.13 10:12:10.194,1.85529,1.85581,1.09,1.20
2013.05.13 10:12:10.901,1.85529,1.85581,1.09,1.39
2013.05.13 10:12:11.420,1.85523,1.8557,1.39,1.20
2013.05.13 10:12:11.601,1.85523,1.8557,1.39,1.20
2013.05.13 10:12:12.151,1.85523,1.8557,1.39,1.20
2013.05.13 10:12:12.450,1.8552,1.8557,1.39,1.20
2013.05.13 10:12:13.461,1.85521,1.8557,1.39,1.20
2013.05.13 10:12:13.941,1.85521,1.85575,2.33,1.65
2013.05.13 10:12:14.061,1.85528,1.8558,1.09,2.14
2013.05.13 10:12:14.440,1.85528,1.8558,1.09,1.95
2013.05.13 10:12:15.900,1.85529,1.8558,1.39,1.20
2013.05.13 10:12:16.150,1.85531,1.85584,1.39,1.09
2013.05.13 10:12:16.332,1.85538,1.85594,1.65,2.59
2013.05.13 10:12:16.732,1.85539,1.85594,1.09,1.65
2013.05.13 10:12:17.460,1.8554,1.85594,1.39,1.65
2013.05.13 10:12:19.068,1.8554,1.8559,1.39,1.20
2013.05.13 10:12:19.445,1.8554,1.85594,1.39,2.03
2013.05.13 10:12:19.510,1.85539,1.85591,1.09,1.02
2013.05.13 10:12:19.870,1.85539,1.8559,1.09,1.20
2013.05.13 10:12:20.510,1.85541,1.8559,1.39,1.20
2013.05.13 10:12:20.870,1.85541,1.8559,1.39,1.20
2013.05.13 10:12:21.110,1.85532,1.85584,1.39,1.65
2013.05.13 10:12:21.530,1.85532,1.85584,1.39,1.65
2013.05.13 10:12:24.580,1.85532,1.85584,1.39,1.65
2013.05.13 10:12:27.180,1.85531,1.85581,1.39,1.20
2013.05.13 10:12:27.540,1.85529,1.85581,1.09,1.58
2013.05.13 10:12:28.548,1.85529,1.85581,1.09,1.77
2013.05.13 10:12:29.488,1.85529,1.85581,1.47,1.39
2013.05.13 10:12:30.114,1.85529,1.85581,1.47,1.20
2013.05.13 10:12:30.670,1.85529,1.85581,1.09,1.58
2013.05.13 10:12:31.590,1.85529,1.85581,1.09,1.58
2013.05.13 10:12:32.475,1.85529,1.85581,1.47,1.20
2013.05.13 10:12:33.220,1.85529,1.85581,1.09,1.39
2013.05.13 10:12:33.280,1.85529,1.85581,1.09,1.58
2013.05.13 10:12:35.493,1.85529,1.85581,1.09,1.58
2013.05.13 10:12:36.001,1.85529,1.85581,1.09,1.58
2013.05.13 10:12:36.471,1.85529,1.8558,1.09,1.13
2013.05.13 10:12:38.141,1.85529,1.85581,1.09,1.58
2013.05.13 10:12:39.367,1.85529,1.85581,1.09,1.58
2013.05.13 10:12:39.430,1.8553,1.85581,1.39,1.39
2013.05.13 10:12:39.985,1.8553,1.85581,1.39,1.39
2013.05.13 10:12:40.980,1.8553,1.85581,1.39,1.39
2013.05.13 10:12:41.540,1.85532,1.85581,1.09,1.20
2013.05.13 10:12:42.422,1.85532,1.85583,1.09,1.50
2013.05.13 10:12:44.101,1.85532,1.85584,1.09,1.39
2013.05.13 10:12:44.287,1.85532,1.85584,1.09,1.39
2013.05.13 10:12:44.810,1.85532,1.85582,1.09,1.13
2013.05.13 10:12:46.882,1.85532,1.85582,1.09,1.13
2013.05.13 10:12:48.050,1.85532,1.85583,1.09,1.13
2013.05.13 10:12:48.410,1.85526,1.85576,2.14,1.39
2013.05.13 10:12:51.393,1.85526,1.85576,1.39,1.39
2013.05.13 10:12:56.742,1.85525,1.85576,1.39,1.39
2013.05.13 10:12:57.221,1.85518,1.85566,1.69,1.39
2013.05.13 10:12:57.591,1.85521,1.85572,1.88,1.28
2013.05.13 10:12:57.651,1.85521,1.85574,1.88,1.65
2013.05.13 10:12:57.771,1.85521,1.85574,1.88,1.65
2013.05.13 10:12:57.831,1.85521,1.8557,1.88,1.20
2013.05.13 10:12:58.842,1.85518,1.8557,1.69,1.20
2013.05.13 10:12:59.021,1.85513,1.85564,1.39,1.20
2013.05.13 10:13:00.130,1.85517,1.85568,1.69,1.20
2013.05.13 10:13:00.347,1.85517,1.85568,1.69,1.20
2013.05.13 10:13:01.355,1.85517,1.85568,1.69,1.20
2013.05.13 10:13:02.900,1.85515,1.85568,1.39,1.20
2013.05.13 10:13:04.788,1.85515,1.85568,1.39,1.20
2013.05.13 10:13:07.197,1.85512,1.85568,1.39,1.39
2013.05.13 10:13:09.820,1.85512,1.85566,1.39,1.69
2013.05.13 10:13:11.419,1.85505,1.85556,1.39,1.50
2013.05.13 10:13:13.070,1.85505,1.85556,1.39,1.50
2013.05.13 10:13:14.560,1.85505,1.85556,1.39,1.50
2013.05.13 10:13:14.743,1.85504,1.85556,1.39,1.50
2013.05.13 10:13:16.330,1.85504,1.85556,1.39,1.50
2013.05.13 10:13:19.960,1.85502,1.85556,1.09,1.69
2013.05.13 10:13:20.981,1.85505,1.85557,2.14,1.20
2013.05.13 10:13:21.317,1.85505,1.85556,1.39,1.50
2013.05.13 10:13:21.620,1.85505,1.85556,1.39,1.50
2013.05.13 10:13:24.380,1.85505,1.85556,1.39,1.50
2013.05.13 10:13:24.820,1.85505,1.85557,1.39,1.20
2013.05.13 10:13:26.132,1.85508,1.85557,1.69,1.20
2013.05.13 10:13:27.112,1.85508,1.85557,1.69,1.20
2013.05.13 10:13:27.900,1.85513,1.85565,1.69,2.33
2013.05.13 10:13:27.961,1.85513,1.85567,2.14,1.20
2013.05.13 10:13:30.661,1.85513,1.85567,1.39,1.20
2013.05.13 10:13:32.811,1.85513,1.85567,1.39,1.20
2013.05.13 10:13:33.631,1.85513,1.85567,1.39,1.20
2013.05.13 10:13:34.492,1.85512,1.85567,1.39,1.39
2013.05.13 10:13:35.271,1.85512,1.85567,1.39,1.39
2013.05.13 10:13:35.395,1.85512,1.85567,1.39,1.39
2013.05.13 10:13:40.932,1.85511,1.85567,1.39,1.39
2013.05.13 10:13:41.402,1.85511,1.85567,1.39,1.39
2013.05.13 10:13:42.722,1.85511,1.85564,1.39,1.13
2013.05.13 10:13:42.841,1.85511,1.85565,1.39,1.13
2013.05.13 10:13:45.850,1.85505,1.85562,2.14,1.09
2013.05.13 10:13:51.634,1.85505,1.85557,2.14,1.20
2013.05.13 10:13:52.170,1.85505,1.85557,1.39,1.20
2013.05.13 10:13:52.411,1.85505,1.85557,1.39,1.20
2013.05.13 10:13:54.132,1.85505,1.85557,1.39,1.20
2013.05.13 10:13:55.451,1.85503,1.85557,1.39,1.20
2013.05.13 10:13:55.570,1.85503,1.85553,1.39,1.13
2013.05.13 10:13:55.691,1.85503,1.85557,1.39,1.20
2013.05.13 10:13:58.071,1.85498,1.85554,1.28,1.65
2013.05.13 10:13:59.342,1.85498,1.85554,1.28,1.65
2013.05.13 10:14:01.070,1.85498,1.85552,1.28,1.09
2013.05.13 10:14:02.401,1.85496,1.85549,1.69,1.20
2013.05.13 10:14:02.808,1.85496,1.85552,1.69,1.09
2013.05.13 10:14:03.410,1.85496,1.85549,1.69,1.20
2013.05.13 10:14:03.472,1.85496,1.85549,1.69,1.20
2013.05.13 10:14:03.591,1.85496,1.85552,1.69,2.22
2013.05.13 10:14:04.775,1.85496,1.85553,1.69,1.09
2013.05.13 10:14:07.140,1.85502,1.85554,1.09,1.39
2013.05.13 10:14:07.598,1.85503,1.85554,1.39,1.20
2013.05.13 10:14:09.110,1.85502,1.85554,1.09,1.39
2013.05.13 10:14:10.670,1.85502,1.85553,1.09,1.20
2013.05.13 10:14:11.251,1.85502,1.85553,1.09,1.39
2013.05.13 10:14:13.151,1.85502,1.85553,1.09,1.39
2013.05.13 10:14:15.609,1.85496,1.85544,2.59,1.20
2013.05.13 10:14:16.130,1.85496,1.85544,2.14,1.20
2013.05.13 10:14:21.430,1.85496,1.85551,1.39,1.28
2013.05.13 10:14:28.131,1.85495,1.8555,2.14,1.09
2013.05.13 10:14:30.075,1.85496,1.85549,1.39,1.09
2013.05.13 10:14:35.710,1.85495,1.85549,1.69,1.09
2013.05.13 10:14:36.711,1.85495,1.85548,1.69,1.09
2013.05.13 10:14:39.610,1.85495,1.8555,1.69,2.03
2013.05.13 10:14:41.395,1.85495,1.8555,1.69,2.03
2013.05.13 10:14:44.521,1.85495,1.8555,1.69,2.03
2013.05.13 10:14:49.810,1.85499,1.85554,1.84,1.84
2013.05.13 10:14:51.425,1.85499,1.85554,1.09,1.84
2013.05.13 10:14:52.113,1.85499,1.8555,1.09,1.39
2013.05.13 10:14:52.433,1.85495,1.85549,1.69,2.22
2013.05.13 10:14:52.561,1.85494,1.85549,1.39,2.03
2013.05.13 10:14:53.981,1.85494,1.85549,1.39,2.03
2013.05.13 10:14:54.952,1.85494,1.85549,1.39,2.03
2013.05.13 10:14:55.323,1.85499,1.85549,2.03,1.28
2013.05.13 10:14:55.564,1.85517,1.85566,1.20,1.39
2013.05.13 10:14:55.692,1.85517,1.85569,1.39,1.65
2013.05.13 10:14:56.224,1.85515,1.85568,1.65,1.09
2013.05.13 10:14:56.751,1.85517,1.85568,1.20,1.09
2013.05.13 10:14:57.481,1.85517,1.85569,1.39,1.65
2013.05.13 10:15:00.521,1.85517,1.85569,1.39,1.65
2013.05.13 10:15:01.561,1.85517,1.85569,1.39,1.65
2013.05.13 10:15:01.831,1.85524,1.85576,1.09,1.39
2013.05.13 10:15:02.261,1.85526,1.85583,1.20,1.39
2013.05.13 10:15:02.530,1.85529,1.85586,1.20,2.14
2013.05.13 10:15:03.581,1.85529,1.85586,1.39,1.39
2013.05.13 10:15:04.061,1.85537,1.85591,1.65,1.69
2013.05.13 10:15:04.302,1.85528,1.85584,1.58,1.39
2013.05.13 10:15:04.364,1.85523,1.85581,1.69,1.65
2013.05.13 10:15:04.611,1.85531,1.85587,1.09,1.39
2013.05.13 10:15:05.571,1.85531,1.85587,1.09,1.39
2013.05.13 10:15:06.712,1.85526,1.85584,2.52,1.39
2013.05.13 10:15:07.032,1.85526,1.85583,1.39,1.09
2013.05.13 10:15:07.590,1.85526,1.85581,1.39,1.09
2013.05.13 10:15:08.091,1.85527,1.85584,1.77,1.39
2013.05.13 10:15:08.630,1.85535,1.85587,1.39,1.20
2013.05.13 10:15:12.271,1.85534,1.85585,1.69,2.40
2013.05.13 10:15:12.591,1.85524,1.85571,2.44,1.20
2013.05.13 10:15:12.651,1.85526,1.85574,1.69,1.65
2013.05.13 10:15:12.712,1.85527,1.85574,2.07,1.65
2013.05.13 10:15:12.951,1.85527,1.85579,2.07,1.20
2013.05.13 10:15:13.581,1.85527,1.85579,1.32,1.20
2013.05.13 10:15:14.830,1.85526,1.85579,2.14,1.20
2013.05.13 10:15:14.890,1.85526,1.85584,1.39,1.09
2013.05.13 10:15:15.641,1.85531,1.85585,1.88,2.40
2013.05.13 10:15:15.951,1.85531,1.85579,1.88,1.20
2013.05.13 10:15:16.283,1.85536,1.85584,1.69,1.65
2013.05.13 10:15:16.401,1.85531,1.85579,1.88,1.20
2013.05.13 10:15:16.613,1.85531,1.85579,1.88,1.20
2013.05.13 10:15:18.101,1.85534,1.85579,1.32,1.20
2013.05.13 10:15:18.643,1.85524,1.8557,1.32,1.20
2013.05.13 10:15:19.160,1.85522,1.85575,1.32,1.65
2013.05.13 10:15:19.341,1.85524,1.85575,1.39,1.20
2013.05.13 10:15:19.400,1.85526,1.85578,1.39,1.39
2013.05.13 10:15:19.640,1.85527,1.85578,1.69,1.20
2013.05.13 10:15:21.380,1.85528,1.85578,1.69,1.20
2013.05.13 10:15:22.780,1.85528,1.85578,2.63,1.20
2013.05.13 10:15:25.270,1.8553,1.85578,1.69,1.20
2013.05.13 10:15:26.501,1.85533,1.85582,1.39,1.13
2013.05.13 10:15:28.883,1.85527,1.8558,1.39,1.20
2013.05.13 10:15:29.801,1.85526,1.8558,1.39,1.39
2013.05.13 10:15:29.860,1.85526,1.8558,1.39,1.39
2013.05.13 10:15:30.375,1.85527,1.8558,1.39,1.39
2013.05.13 10:15:31.402,1.85528,1.8558,1.69,1.20
2013.05.13 10:15:31.960,1.85528,1.8558,1.69,1.20
2013.05.13 10:15:32.261,1.85527,1.8558,1.39,1.20
2013.05.13 10:15:32.591,1.85515,1.85569,1.39,1.20
2013.05.13 10:15:33.594,1.85509,1.85565,2.44,1.65
2013.05.13 10:15:33.722,1.85508,1.85565,1.69,1.65
2013.05.13 10:15:36.345,1.85512,1.8556,1.69,1.20
2013.05.13 10:15:36.651,1.85507,1.8556,1.88,1.20
2013.05.13 10:15:37.351,1.85508,1.85564,1.69,1.65
2013.05.13 10:15:38.140,1.85508,1.8556,1.69,1.20
2013.05.13 10:15:38.260,1.85506,1.8556,1.39,1.20
2013.05.13 10:15:39.100,1.85506,1.85552,1.39,1.20
2013.05.13 10:15:39.281,1.85497,1.85549,1.39,1.20
2013.05.13 10:15:41.457,1.85497,1.85549,1.39,1.20
2013.05.13 10:15:42.981,1.85498,1.85549,1.69,1.20
2013.05.13 10:15:43.101,1.85498,1.85554,1.69,1.65
2013.05.13 10:15:47.211,1.855,1.85554,1.32,1.65
2013.05.13 10:15:51.395,1.85502,1.85554,1.32,1.65
2013.05.13 10:15:52.701,1.85502,1.85554,1.32,1.65
2013.05.13 10:15:55.731,1.85498,1.85554,1.69,1.65
2013.05.13 10:15:56.041,1.85504,1.85559,1.39,1.39
2013.05.13 10:15:57.780,1.85502,1.85554,1.39,1.65
2013.05.13 10:15:58.141,1.85496,1.85548,1.69,1.28
2013.05.13 10:15:58.771,1.8549,1.8554,1.09,1.20
2013.05.13 10:15:58.830,1.8549,1.8554,1.09,1.95
2013.05.13 10:15:59.189,1.8548,1.85529,1.39,1.20
2013.05.13 10:15:59.490,1.8548,1.85529,1.39,1.95
2013.05.13 10:15:59.671,1.85478,1.85529,1.09,2.14
2013.05.13 10:15:59.819,1.85469,1.85525,1.39,1.84
2013.05.13 10:16:01.362,1.85457,1.85505,2.14,1.20
2013.05.13 10:16:01.481,1.85453,1.85505,1.09,1.20
2013.05.13 10:16:02.564,1.85434,1.85488,1.09,1.20
2013.05.13 10:16:04.291,1.85434,1.85488,1.09,1.95
2013.05.13 10:16:06.813,1.85434,1.85488,1.09,2.52
2013.05.13 10:16:08.982,1.85434,1.85488,1.09,2.52
2013.05.13 10:16:09.466,1.85425,1.85484,2.14,1.09
2013.05.13 10:16:11.352,1.85425,1.85483,2.14,1.09
2013.05.13 10:16:12.581,1.85426,1.85479,1.69,1.20
2013.05.13 10:16:12.941,1.85426,1.85474,1.69,1.65
2013.05.13 10:16:14.730,1.85422,1.85473,1.39,1.09
2013.05.13 10:16:15.704,1.85428,1.85478,1.73,1.77
2013.05.13 10:16:15.763,1.85438,1.85482,1.13,1.39
2013.05.13 10:16:15.821,1.85438,1.85482,1.13,1.39
2013.05.13 10:16:15.883,1.85438,1.85483,1.13,1.09
2013.05.13 10:16:16.062,1.85443,1.85489,1.32,1.28
2013.05.13 10:16:16.212,1.85446,1.85494,1.69,1.84
2013.05.13 10:16:16.335,1.8545,1.85501,1.39,1.47
2013.05.13 10:16:16.403,1.85457,1.85501,1.88,1.47
2013.05.13 10:16:16.701,1.8546,1.85504,1.69,1.65
2013.05.13 10:16:16.761,1.85459,1.85504,1.39,1.20
2013.05.13 10:16:16.821,1.85459,1.85506,1.39,1.20
2013.05.13 10:16:16.881,1.8546,1.85512,1.69,1.28
2013.05.13 10:16:17.814,1.85466,1.85514,1.69,2.22
2013.05.13 10:16:17.892,1.85467,1.85516,1.32,1.39
2013.05.13 10:16:18.072,1.85469,1.85518,1.13,1.09
2013.05.13 10:16:18.560,1.85469,1.85519,1.32,1.09
2013.05.13 10:16:18.802,1.85475,1.85519,1.50,1.09
2013.05.13 10:16:18.861,1.85475,1.85524,1.95,1.02
2013.05.13 10:16:19.824,1.85478,1.85524,1.13,1.39
2013.05.13 10:16:20.121,1.85466,1.8551,1.69,1.20
2013.05.13 10:16:20.301,1.85466,1.85514,1.69,1.65
2013.05.13 10:16:21.541,1.85463,1.85512,1.20,1.02
2013.05.13 10:16:23.298,1.85463,1.85512,1.39,1.02
2013.05.13 10:16:23.508,1.85466,1.85511,1.69,1.02
2013.05.13 10:16:23.811,1.8548,1.85518,1.20,1.32
2013.05.13 10:16:24.111,1.8548,1.85531,1.20,1.09
2013.05.13 10:16:30.061,1.8548,1.85532,1.39,1.09
2013.05.13 10:16:34.171,1.8548,1.85531,1.39,1.09
2013.05.13 10:16:36.859,1.8548,1.85531,1.39,1.09
2013.05.13 10:16:38.190,1.8548,1.85531,1.39,1.09
2013.05.13 10:16:40.131,1.85478,1.85529,2.22,2.14
2013.05.13 10:16:41.492,1.85478,1.85528,1.09,1.69
2013.05.13 10:16:44.211,1.85476,1.85524,1.69,1.20
2013.05.13 10:16:48.324,1.85476,1.85524,1.69,1.20
2013.05.13 10:16:51.445,1.85476,1.85524,1.69,1.20
2013.05.13 10:16:51.801,1.85461,1.85491,1.80,1.13
2013.05.13 10:16:52.041,1.85476,1.85515,1.50,1.09
2013.05.13 10:16:52.161,1.85468,1.85515,1.13,1.84
2013.05.13 10:16:52.281,1.85472,1.85515,1.69,1.84
2013.05.13 10:16:52.851,1.85467,1.85511,1.69,1.20
2013.05.13 10:16:53.947,1.85467,1.85511,1.69,1.58
2013.05.13 10:16:54.052,1.85467,1.85511,1.69,1.58
2013.05.13 10:16:54.170,1.85464,1.85511,1.39,1.58
2013.05.13 10:16:54.613,1.85465,1.85515,1.69,2.03
2013.05.13 10:16:54.991,1.8547,1.8552,1.09,1.39
2013.05.13 10:16:55.170,1.85473,1.8552,1.20,1.39
2013.05.13 10:16:59.731,1.85478,1.85521,1.65,1.32
2013.05.13 10:17:03.883,1.85486,1.85529,1.50,1.02
2013.05.13 10:17:04.190,1.85491,1.85534,1.39,1.20
2013.05.13 10:17:04.251,1.85494,1.85541,1.20,1.39
2013.05.13 10:17:04.831,1.85494,1.85541,1.20,1.84
2013.05.13 10:17:05.372,1.85492,1.85537,1.69,1.20
2013.05.13 10:17:07.190,1.85492,1.85537,1.69,1.20
2013.05.13 10:17:08.680,1.85495,1.85544,1.69,1.09
2013.05.13 10:17:09.161,1.85492,1.85537,1.69,1.20
2013.05.13 10:17:10.150,1.85495,1.85544,1.69,1.09
2013.05.13 10:17:10.562,1.85492,1.85537,1.69,1.20
2013.05.13 10:17:11.331,1.85487,1.85537,1.69,1.20
2013.05.13 10:17:11.631,1.85468,1.85519,1.69,1.20
2013.05.13 10:17:11.691,1.85478,1.85522,1.92,1.28
2013.05.13 10:17:11.812,1.85476,1.85524,1.69,1.65
2013.05.13 10:17:11.931,1.85473,1.85519,1.69,1.20
2013.05.13 10:17:12.291,1.85467,1.85508,1.69,1.20
2013.05.13 10:17:12.726,1.85467,1.85507,1.69,1.28
2013.05.13 10:17:12.961,1.8546,1.85507,1.69,1.28
2013.05.13 10:17:14.629,1.85457,1.85506,1.99,1.09
2013.05.13 10:17:15.999,1.85457,1.85508,1.99,1.84
2013.05.13 10:17:16.061,1.85457,1.85508,1.99,1.39
2013.05.13 10:17:19.202,1.85457,1.85508,1.99,1.39
2013.05.13 10:17:20.293,1.85457,1.85505,2.74,1.02
2013.05.13 10:17:20.704,1.85457,1.85501,2.74,1.28
2013.05.13 10:17:21.101,1.85451,1.85495,1.69,1.20
2013.05.13 10:17:21.221,1.85448,1.85495,2.67,1.20
2013.05.13 10:17:21.521,1.85447,1.85495,2.67,2.03
2013.05.13 10:17:21.841,1.85448,1.85492,2.44,1.28
2013.05.13 10:17:22.833,1.8545,1.85493,1.69,1.28
2013.05.13 10:17:22.901,1.8545,1.85496,1.69,1.20
2013.05.13 10:17:26.530,1.85449,1.85501,1.69,1.28
2013.05.13 10:17:33.650,1.85445,1.85495,1.69,1.39
2013.05.13 10:17:34.160,1.85447,1.85495,2.37,1.39
2013.05.13 10:17:38.101,1.85448,1.85501,2.22,1.77
2013.05.13 10:17:38.461,1.85468,1.85501,2.93,1.39
2013.05.13 10:17:38.522,1.85458,1.85502,1.65,1.84
2013.05.13 10:17:38.700,1.85458,1.85507,1.84,1.28
2013.05.13 10:17:39.100,1.85459,1.8551,1.39,1.84
2013.05.13 10:17:40.382,1.85459,1.8551,1.39,1.84
2013.05.13 10:17:43.152,1.8546,1.8551,1.69,1.65
2013.05.13 10:17:43.621,1.85468,1.85511,2.37,1.09
2013.05.13 10:17:44.443,1.85466,1.85511,1.69,1.09
2013.05.13 10:17:44.513,1.85464,1.85508,1.69,1.20
2013.05.13 10:17:46.013,1.85466,1.85514,1.69,1.65
2013.05.13 10:17:46.893,1.85464,1.85508,1.69,1.20
2013.05.13 10:17:47.465,1.85463,1.85508,1.69,1.20
2013.05.13 10:17:57.210,1.85462,1.85508,1.69,1.20
2013.05.13 10:18:00.611,1.85466,1.85513,1.69,1.09
2013.05.13 10:18:00.673,1.85469,1.85513,1.69,1.09
2013.05.13 10:18:00.731,1.8547,1.85521,1.39,1.09
2013.05.13 10:18:01.229,1.8547,1.85519,1.20,1.39
2013.05.13 10:18:02.513,1.85468,1.85517,2.67,1.09
2013.05.13 10:18:03.521,1.85466,1.85517,1.69,1.09
2013.05.13 10:18:05.531,1.85465,1.85513,1.69,1.20
2013.05.13 10:18:05.832,1.85458,1.8551,1.69,1.09
2013.05.13 10:18:06.379,1.85457,1.85504,1.69,1.20
2013.05.13 10:18:06.801,1.85457,1.85504,1.69,1.20
2013.05.13 10:18:07.481,1.85457,1.85504,3.72,1.20
2013.05.13 10:18:08.921,1.85456,1.85504,1.69,1.20
2013.05.13 10:18:08.981,1.85456,1.85502,1.69,1.20
2013.05.13 10:18:09.282,1.85457,1.85501,3.12,1.28
2013.05.13 10:18:09.631,1.85457,1.85491,3.12,1.28
2013.05.13 10:18:10.231,1.85449,1.85491,1.69,1.28
2013.05.13 10:18:10.671,1.85447,1.85494,1.69,1.65
2013.05.13 10:18:10.732,1.85446,1.85493,1.69,1.20
2013.05.13 10:18:11.321,1.85446,1.85492,1.69,1.20
2013.05.13 10:18:11.671,1.85446,1.85493,1.69,1.20
2013.05.13 10:18:11.833,1.85446,1.85492,1.69,1.20
2013.05.13 10:18:13.641,1.85435,1.85483,1.69,1.20
2013.05.13 10:18:16.540,1.85434,1.85483,1.69,1.95
2013.05.13 10:18:19.161,1.85433,1.85483,1.69,1.95
2013.05.13 10:18:20.302,1.85436,1.85483,1.69,1.20
2013.05.13 10:18:20.375,1.85438,1.85483,1.69,1.20
2013.05.13 10:18:20.841,1.85438,1.85483,2.82,1.28
2013.05.13 10:18:22.401,1.85438,1.85484,2.07,1.65
2013.05.13 10:18:23.282,1.85438,1.85484,1.32,1.65
2013.05.13 10:18:23.651,1.85438,1.8548,1.13,1.20
2013.05.13 10:18:23.711,1.85432,1.8548,1.02,1.20
2013.05.13 10:18:24.372,1.85437,1.85483,1.09,1.13
2013.05.13 10:18:25.882,1.85439,1.85492,1.09,1.28
2013.05.13 10:18:26.001,1.85439,1.85492,1.09,1.47
2013.05.13 10:18:26.210,1.85439,1.85492,1.09,1.47
2013.05.13 10:18:27.600,1.85439,1.85492,1.09,1.47
2013.05.13 10:18:30.452,1.85445,1.85492,1.69,1.09
2013.05.13 10:18:31.105,1.85445,1.85494,1.69,1.09
2013.05.13 10:18:33.530,1.85445,1.85497,1.69,1.65
2013.05.13 10:18:35.461,1.85441,1.85492,1.39,1.09
2013.05.13 10:18:41.843,1.85441,1.8549,1.39,1.39
2013.05.13 10:18:41.904,1.85439,1.85488,1.39,1.20
2013.05.13 10:18:42.623,1.85439,1.85484,1.32,1.09
2013.05.13 10:18:43.132,1.85437,1.85484,1.32,1.09
2013.05.13 10:18:43.409,1.85439,1.85487,1.02,1.39
2013.05.13 10:18:43.835,1.8544,1.85493,1.09,1.09
2013.05.13 10:18:45.921,1.85442,1.85493,1.39,1.09
2013.05.13 10:18:47.099,1.85442,1.85493,1.39,1.09
2013.05.13 10:18:49.241,1.85445,1.85494,1.69,1.09
2013.05.13 10:18:49.602,1.8545,1.85502,1.39,1.47
2013.05.13 10:18:49.952,1.8545,1.85502,1.39,1.47
2013.05.13 10:18:50.072,1.8545,1.85502,1.39,1.47
2013.05.13 10:18:50.192,1.85449,1.85496,1.02,1.69
2013.05.13 10:18:50.431,1.85443,1.85497,1.69,1.84
2013.05.13 10:18:51.535,1.85441,1.85494,1.39,1.09
2013.05.13 10:18:52.681,1.85441,1.85493,2.14,1.09
2013.05.13 10:18:56.761,1.85439,1.85492,1.09,1.09
2013.05.13 10:18:58.002,1.85439,1.85492,1.09,1.09
2013.05.13 10:18:59.610,1.85439,1.85492,1.09,1.09
2013.05.13 10:19:00.282,1.85439,1.8549,1.09,1.39
2013.05.13 10:19:00.833,1.85436,1.85488,1.69,1.65
2013.05.13 10:19:01.482,1.85437,1.85488,1.69,1.65
2013.05.13 10:19:01.791,1.85451,1.85498,1.13,1.09
2013.05.13 10:19:01.851,1.85448,1.85495,1.58,1.39
2013.05.13 10:19:01.911,1.85447,1.85495,1.58,1.39
2013.05.13 10:19:02.031,1.85438,1.85491,1.39,1.09
2013.05.13 10:19:03.610,1.85439,1.85491,1.73,1.09
2013.05.13 10:19:03.731,1.85457,1.85501,1.50,1.47
2013.05.13 10:19:03.851,1.85448,1.85497,1.77,1.20
2013.05.13 10:19:03.911,1.8545,1.85497,1.20,1.20
2013.05.13 10:19:04.031,1.85446,1.85497,1.09,1.20
2013.05.13 10:19:04.191,1.85441,1.85495,1.39,1.65
2013.05.13 10:19:04.941,1.85438,1.85492,1.39,1.09
2013.05.13 10:19:05.362,1.85448,1.85492,1.50,1.09
2013.05.13 10:19:05.482,1.85448,1.85488,2.40,1.20
2013.05.13 10:19:05.601,1.85451,1.85487,1.13,1.50
2013.05.13 10:19:05.721,1.85437,1.85488,1.84,1.20
2013.05.13 10:19:05.842,1.85437,1.85492,1.84,1.47
2013.05.13 10:19:05.963,1.85437,1.85488,1.09,1.39
2013.05.13 10:19:06.081,1.85437,1.85481,1.84,1.13
2013.05.13 10:19:06.382,1.85437,1.85481,1.32,1.65
2013.05.13 10:19:07.452,1.85445,1.85486,1.69,1.20
2013.05.13 10:19:07.513,1.85448,1.85491,1.13,1.09
2013.05.13 10:19:07.572,1.85448,1.85486,1.13,1.20
2013.05.13 10:19:08.132,1.85448,1.85495,1.20,1.39
2013.05.13 10:19:09.071,1.85448,1.85495,2.14,1.20
2013.05.13 10:19:12.730,1.85438,1.85487,1.32,1.20
2013.05.13 10:19:15.720,1.85438,1.85487,2.07,1.20
2013.05.13 10:19:23.002,1.85437,1.85487,2.14,1.20
2013.05.13 10:19:24.133,1.85437,1.85487,2.14,1.20
2013.05.13 10:19:26.672,1.85437,1.85487,1.39,1.20
2013.05.13 10:19:27.881,1.85439,1.85487,1.32,1.20
2013.05.13 10:19:27.950,1.85447,1.85489,1.13,1.09
2013.05.13 10:19:28.131,1.85448,1.85495,1.13,1.39
2013.05.13 10:19:31.591,1.85448,1.85495,2.07,1.20
2013.05.13 10:19:33.021,1.85448,1.85498,2.89,1.20
2013.05.13 10:19:33.511,1.85454,1.85505,1.09,1.39
2013.05.13 10:19:33.662,1.85465,1.85507,1.50,1.09
2013.05.13 10:19:33.841,1.85467,1.85515,1.28,1.69
2013.05.13 10:19:34.021,1.85466,1.85515,1.65,2.14
2013.05.13 10:19:34.081,1.85466,1.85515,1.20,2.14
2013.05.13 10:19:34.612,1.85465,1.85515,1.20,2.14
2013.05.13 10:19:34.791,1.85463,1.85504,1.09,1.13
2013.05.13 10:19:35.001,1.85463,1.85512,1.09,1.32
2013.05.13 10:19:41.001,1.85462,1.85515,1.09,1.39
2013.05.13 10:19:41.093,1.85462,1.85515,1.09,1.39
2013.05.13 10:19:42.001,1.85457,1.85506,1.39,1.20
2013.05.13 10:19:43.937,1.85455,1.85506,1.39,1.39
2013.05.13 10:19:44.953,1.85454,1.85506,1.09,1.39
2013.05.13 10:19:47.049,1.85454,1.85506,1.09,1.39
2013.05.13 10:19:48.171,1.85454,1.85504,1.09,1.32
2013.05.13 10:19:49.072,1.85448,1.85502,1.09,1.02
2013.05.13 10:19:49.469,1.85447,1.85496,1.39,1.20
2013.05.13 10:19:50.460,1.85447,1.85496,1.39,1.39
2013.05.13 10:19:51.573,1.85448,1.85496,1.39,1.20
2013.05.13 10:19:54.292,1.85448,1.855,1.39,1.09
2013.05.13 10:19:55.822,1.85448,1.855,1.39,1.09
2013.05.13 10:19:56.821,1.85448,1.855,1.39,1.09
2013.05.13 10:19:59.235,1.85448,1.855,1.39,1.09
2013.05.13 10:20:00.781,1.85448,1.85501,1.39,1.84
2013.05.13 10:20:03.962,1.85448,1.85501,1.39,1.65
2013.05.13 10:20:04.964,1.85457,1.85501,1.69,1.65
2013.05.13 10:20:06.091,1.85448,1.85501,2.52,1.65
2013.05.13 10:20:07.991,1.85448,1.85504,1.39,2.03
2013.05.13 10:20:09.013,1.85454,1.85504,1.39,1.20
2013.05.13 10:20:09.692,1.85453,1.85504,1.39,1.20
2013.05.13 10:20:10.651,1.85453,1.85503,1.39,1.20
2013.05.13 10:20:11.182,1.85447,1.85493,1.69,1.20
2013.05.13 10:20:12.061,1.85443,1.85491,1.39,1.13
2013.05.13 10:20:17.681,1.85444,1.85491,1.39,1.13
2013.05.13 10:20:23.881,1.85435,1.85485,1.39,1.20
2013.05.13 10:20:24.283,1.85435,1.85484,1.39,1.20
2013.05.13 10:20:24.671,1.85434,1.85484,1.39,1.39
2013.05.13 10:20:32.489,1.85433,1.85484,1.84,1.39
2013.05.13 10:20:33.282,1.85433,1.85485,1.84,1.39
2013.05.13 10:20:33.464,1.85435,1.85484,1.39,1.20
2013.05.13 10:20:34.342,1.85435,1.85482,1.39,1.13
2013.05.13 10:20:34.572,1.85433,1.85482,1.09,1.32
2013.05.13 10:20:34.693,1.85433,1.8548,1.09,1.13
2013.05.13 10:20:35.111,1.85426,1.85476,1.39,1.20
2013.05.13 10:20:35.815,1.85426,1.85476,1.39,1.20
2013.05.13 10:20:37.482,1.85432,1.85482,1.09,1.88
2013.05.13 10:20:37.891,1.85435,1.85484,1.20,1.58
2013.05.13 10:20:39.031,1.85436,1.85484,1.69,1.20
2013.05.13 10:20:41.322,1.85438,1.85487,1.69,1.09
2013.05.13 10:20:41.621,1.85438,1.85485,1.69,1.20
2013.05.13 10:20:42.819,1.85438,1.85484,1.69,1.20
2013.05.13 10:20:42.943,1.85438,1.85485,1.69,1.20
2013.05.13 10:20:43.065,1.85435,1.85484,1.39,1.20
2013.05.13 10:20:43.311,1.85435,1.85485,2.14,1.77
2013.05.13 10:20:43.493,1.85435,1.85485,2.14,1.39
2013.05.13 10:20:46.053,1.85437,1.85485,1.69,1.20
2013.05.13 10:20:54.263,1.85437,1.85485,1.69,1.20
2013.05.13 10:20:57.211,1.85436,1.85485,1.69,1.20
2013.05.13 10:21:00.094,1.85435,1.85485,2.14,1.39
2013.05.13 10:21:01.361,1.85435,1.85485,2.14,1.58
2013.05.13 10:21:01.968,1.85435,1.85485,2.14,1.58
2013.05.13 10:21:05.083,1.85435,1.85485,2.14,1.39
2013.05.13 10:21:06.940,1.85435,1.85485,2.14,1.39
2013.05.13 10:21:09.131,1.85435,1.85485,2.14,1.39
2013.05.13 10:21:13.854,1.85436,1.85485,1.69,1.39
2013.05.13 10:21:14.356,1.85436,1.85485,1.69,1.58
2013.05.13 10:21:14.855,1.85435,1.85485,2.14,1.58
2013.05.13 10:21:16.311,1.85435,1.85484,1.39,1.02
2013.05.13 10:21:16.380,1.85433,1.85481,1.39,1.13
2013.05.13 10:21:16.892,1.85427,1.85475,1.20,1.39
2013.05.13 10:21:17.380,1.85427,1.85475,1.20,1.39
2013.05.13 10:21:18.307,1.85427,1.85475,1.20,1.39
2013.05.13 10:21:18.433,1.85427,1.85475,1.20,1.39
2013.05.13 10:21:19.984,1.85424,1.85475,1.09,1.39
2013.05.13 10:21:30.956,1.85421,1.85472,1.65,1.69
2013.05.13 10:21:32.160,1.85423,1.85475,1.09,2.14
2013.05.13 10:21:37.481,1.85425,1.85471,1.09,1.13
2013.05.13 10:21:47.444,1.85426,1.85474,1.65,1.13
2013.05.13 10:21:48.661,1.85426,1.85474,1.84,1.13
2013.05.13 10:21:49.069,1.85426,1.85473,1.09,1.13
2013.05.13 10:21:54.511,1.85424,1.85476,1.09,1.69
2013.05.13 10:21:54.941,1.85424,1.85476,1.09,1.69
2013.05.13 10:21:57.531,1.85424,1.85476,1.09,1.69
2013.05.13 10:21:59.911,1.85425,1.85475,1.65,1.13
2013.05.13 10:22:00.922,1.85425,1.85475,1.65,1.13
2013.05.13 10:22:01.994,1.85426,1.85475,1.09,1.13
2013.05.13 10:22:02.541,1.8543,1.85475,1.28,1.13
2013.05.13 10:22:04.136,1.8543,1.85475,1.28,1.13
2013.05.13 10:22:05.173,1.8543,1.85482,1.28,1.32
2013.05.13 10:22:10.831,1.85429,1.85476,1.09,1.39
2013.05.13 10:22:10.892,1.85425,1.85476,1.09,1.39
2013.05.13 10:22:11.631,1.85423,1.85476,1.09,1.39
2013.05.13 10:22:14.341,1.85417,1.85472,1.39,1.09
2013.05.13 10:22:20.251,1.85417,1.85472,1.39,1.28
2013.05.13 10:22:22.961,1.85417,1.85472,2.14,1.09
2013.05.13 10:22:26.754,1.85417,1.85472,1.39,1.09
2013.05.13 10:22:27.629,1.85417,1.85469,1.39,1.39
2013.05.13 10:22:27.812,1.85412,1.8546,1.69,1.20
2013.05.13 10:22:27.872,1.85417,1.85466,1.69,1.65
2013.05.13 10:22:28.111,1.85416,1.85467,1.69,1.84
2013.05.13 10:22:33.022,1.85413,1.85465,1.69,1.09
2013.05.13 10:22:34.551,1.85411,1.85463,1.39,1.09
2013.05.13 10:22:36.521,1.85411,1.85463,1.39,1.09
2013.05.13 10:22:36.931,1.85408,1.8546,1.84,1.39
2013.05.13 10:22:39.161,1.85408,1.8546,1.09,1.39
2013.05.13 10:22:41.112,1.85408,1.8546,1.09,1.39
2013.05.13 10:22:47.649,1.85411,1.85463,1.39,1.09
2013.05.13 10:22:47.772,1.85408,1.85463,1.84,1.84
2013.05.13 10:22:48.119,1.85407,1.85457,2.14,1.20
2013.05.13 10:22:50.202,1.85407,1.85457,1.39,1.39
2013.05.13 10:22:53.001,1.85407,1.85457,1.39,1.39
2013.05.13 10:23:01.146,1.85407,1.85457,1.39,1.39
2013.05.13 10:23:03.366,1.85407,1.85457,1.39,1.39
2013.05.13 10:23:06.983,1.85407,1.85457,1.39,1.39
2013.05.13 10:23:07.042,1.85408,1.85459,1.39,1.09
2013.05.13 10:23:07.175,1.85407,1.85457,1.39,1.39
2013.05.13 10:23:07.503,1.85408,1.85459,1.39,1.09
2013.05.13 10:23:07.569,1.85407,1.85457,1.39,1.39
2013.05.13 10:23:08.108,1.85408,1.8546,1.09,1.39
2013.05.13 10:23:08.641,1.85408,1.85463,1.09,1.09
2013.05.13 10:23:10.329,1.85411,1.85463,1.39,1.09
2013.05.13 10:23:10.883,1.85408,1.85463,1.09,1.09
2013.05.13 10:23:11.637,1.85408,1.85463,1.09,1.09
2013.05.13 10:23:11.883,1.85408,1.8546,1.09,1.39
2013.05.13 10:23:12.791,1.85408,1.85463,1.09,1.09
2013.05.13 10:23:14.069,1.85411,1.85463,1.39,1.09
2013.05.13 10:23:14.556,1.85411,1.85463,1.39,1.09
2013.05.13 10:23:17.267,1.85411,1.85464,1.39,1.65
2013.05.13 10:23:19.172,1.85411,1.85464,2.14,1.65
2013.05.13 10:23:20.077,1.85411,1.8546,1.39,1.20
2013.05.13 10:23:20.241,1.85411,1.85465,2.14,1.84
2013.05.13 10:23:21.838,1.85411,1.8546,1.39,1.20
2013.05.13 10:23:23.818,1.85408,1.8546,1.84,1.20
2013.05.13 10:23:29.702,1.85406,1.85457,1.84,1.39
2013.05.13 10:23:31.203,1.85406,1.85457,1.09,1.39
2013.05.13 10:23:31.643,1.85406,1.85455,1.09,1.13
2013.05.13 10:23:31.703,1.85406,1.85456,1.09,1.50
2013.05.13 10:23:33.185,1.85406,1.85456,1.09,1.69
2013.05.13 10:23:34.298,1.85406,1.85456,1.09,1.50
2013.05.13 10:23:35.906,1.85406,1.85456,1.09,1.50
2013.05.13 10:23:37.219,1.85406,1.85456,1.09,1.50
2013.05.13 10:23:37.812,1.85406,1.85456,1.09,1.50
2013.05.13 10:23:38.143,1.85406,1.85457,1.09,1.39
2013.05.13 10:23:38.343,1.85406,1.85457,1.09,1.39
2013.05.13 10:23:39.702,1.85406,1.85457,1.09,1.39
2013.05.13 10:23:43.793,1.85412,1.85462,1.09,1.13
2013.05.13 10:23:43.852,1.85415,1.85465,1.20,1.58
2013.05.13 10:23:43.991,1.85415,1.85465,1.39,1.58
2013.05.13 10:23:45.124,1.85418,1.85469,1.39,1.09
2013.05.13 10:23:45.242,1.85416,1.85465,2.14,1.39
2013.05.13 10:23:46.361,1.85417,1.85465,1.17,1.20
2013.05.13 10:23:47.562,1.85417,1.85465,1.17,1.20
2013.05.13 10:24:01.071,1.85417,1.85465,1.17,1.20
2013.05.13 10:24:03.212,1.85414,1.85465,1.09,1.39
2013.05.13 10:24:10.836,1.85415,1.85464,1.39,1.20
2013.05.13 10:24:14.592,1.85415,1.85465,2.14,1.20
2013.05.13 10:24:14.798,1.85415,1.85464,1.39,1.20
2013.05.13 10:24:17.021,1.85415,1.85464,1.39,1.20
2013.05.13 10:24:18.192,1.85415,1.85464,1.39,1.20
2013.05.13 10:24:19.611,1.85415,1.85464,1.39,1.39
2013.05.13 10:24:19.671,1.85413,1.85462,1.09,1.13
2013.05.13 10:24:20.702,1.85413,1.8546,1.09,1.13
2013.05.13 10:24:21.415,1.85413,1.85451,1.09,1.13
2013.05.13 10:24:21.832,1.85402,1.85451,1.09,1.32
2013.05.13 10:24:24.353,1.85402,1.85453,1.09,1.39
2013.05.13 10:24:24.548,1.85402,1.85453,1.09,1.39
2013.05.13 10:24:25.152,1.85396,1.85445,1.39,1.20
2013.05.13 10:24:25.453,1.85393,1.85445,1.09,1.39
2013.05.13 10:24:27.946,1.85393,1.85445,1.09,1.39
2013.05.13 10:24:28.572,1.85393,1.85441,1.09,1.13
2013.05.13 10:24:28.754,1.85395,1.85442,1.39,1.32
2013.05.13 10:24:31.293,1.85395,1.85442,1.39,1.13
2013.05.13 10:24:37.532,1.85397,1.85442,1.02,1.13
2013.05.13 10:24:38.102,1.85403,1.85451,1.09,1.88
2013.05.13 10:24:39.512,1.85403,1.8545,1.09,1.13
2013.05.13 10:24:39.616,1.85403,1.8545,1.09,1.13
2013.05.13 10:24:39.972,1.85404,1.85452,1.39,1.32
2013.05.13 10:24:40.461,1.85408,1.85453,1.09,1.13
2013.05.13 10:24:41.082,1.85412,1.8546,1.09,1.13
2013.05.13 10:24:41.391,1.85412,1.8546,1.09,1.13
2013.05.13 10:25:00.802,1.85409,1.85455,1.09,1.13
2013.05.13 10:25:04.413,1.8541,1.85455,1.09,1.13
2013.05.13 10:25:05.354,1.854,1.85451,1.09,1.20
2013.05.13 10:25:07.071,1.85405,1.85455,1.69,1.84
2013.05.13 10:25:07.312,1.85409,1.85461,1.09,1.32
2013.05.13 10:25:08.663,1.8541,1.85465,1.09,1.84
2013.05.13 10:25:10.578,1.8541,1.85462,1.09,1.39
2013.05.13 10:25:11.210,1.8541,1.85462,1.09,1.39
2013.05.13 10:25:12.182,1.8541,1.85462,1.09,1.39
2013.05.13 10:25:13.116,1.8541,1.85464,1.09,1.39
2013.05.13 10:25:13.182,1.85413,1.85464,1.39,1.20
2013.05.13 10:25:14.543,1.85412,1.85465,1.39,1.65
2013.05.13 10:25:16.172,1.85413,1.85465,1.39,1.84
2013.05.13 10:25:16.561,1.8541,1.85462,1.09,1.39
2013.05.13 10:25:17.572,1.8541,1.85462,1.09,1.39
2013.05.13 10:25:18.846,1.85413,1.85465,1.39,1.09
2013.05.13 10:25:18.972,1.85413,1.85465,1.39,1.09
2013.05.13 10:25:20.201,1.85413,1.85465,2.14,1.84
2013.05.13 10:25:20.513,1.85413,1.85462,1.39,1.20
2013.05.13 10:25:20.609,1.85413,1.85464,2.14,1.20
2013.05.13 10:25:21.183,1.85413,1.85465,1.39,1.09
2013.05.13 10:25:21.652,1.85413,1.85465,1.39,1.09
2013.05.13 10:25:23.702,1.85413,1.85465,2.14,1.09
2013.05.13 10:25:25.637,1.8541,1.85464,1.09,1.39
2013.05.13 10:25:26.972,1.8541,1.85464,1.09,1.39
2013.05.13 10:25:31.273,1.8541,1.85462,1.09,1.39
2013.05.13 10:25:31.572,1.8541,1.85465,1.09,1.84
2013.05.13 10:25:31.692,1.8541,1.85465,1.84,1.84
2013.05.13 10:25:34.021,1.85417,1.85465,1.02,1.39
2013.05.13 10:25:35.900,1.85419,1.85472,1.09,1.39
2013.05.13 10:25:36.943,1.85422,1.85474,1.09,2.14
2013.05.13 10:25:37.613,1.85422,1.85472,1.09,1.39
2013.05.13 10:25:38.122,1.8542,1.85472,1.09,1.39
2013.05.13 10:25:39.137,1.85419,1.85472,1.09,1.39
2013.05.13 10:25:41.265,1.8542,1.85472,1.09,1.39
2013.05.13 10:25:43.773,1.85422,1.85471,1.09,1.13
2013.05.13 10:25:44.722,1.85422,1.85475,1.09,2.03
2013.05.13 10:25:44.932,1.8542,1.85474,1.09,1.58
2013.05.13 10:25:47.626,1.8542,1.85471,1.09,1.13
2013.05.13 10:25:48.091,1.85425,1.85474,1.20,1.39
2013.05.13 10:25:48.642,1.85425,1.85474,1.20,1.39
2013.05.13 10:25:48.708,1.85425,1.85474,1.39,1.39
2013.05.13 10:25:49.193,1.85429,1.85482,1.09,1.39
2013.05.13 10:25:49.511,1.85438,1.85491,1.65,1.39
2013.05.13 10:25:49.712,1.85441,1.85494,1.09,1.09
2013.05.13 10:25:50.762,1.85438,1.85491,1.65,1.39
2013.05.13 10:25:51.823,1.85438,1.85494,1.65,1.09
2013.05.13 10:25:51.882,1.85436,1.85491,1.28,1.39
2013.05.13 10:25:52.243,1.85435,1.85484,1.39,1.20
2013.05.13 10:25:53.663,1.85435,1.85484,1.39,1.39
2013.05.13 10:25:54.922,1.85431,1.85484,1.09,1.39
2013.05.13 10:26:01.212,1.85433,1.85484,1.39,1.39
2013.05.13 10:26:02.972,1.85435,1.85484,1.39,1.20
2013.05.13 10:26:03.835,1.85439,1.85492,1.09,1.39
2013.05.13 10:26:03.956,1.85448,1.85494,1.69,1.20
2013.05.13 10:26:05.232,1.85442,1.85494,1.39,1.20
2013.05.13 10:26:08.166,1.85442,1.85494,1.39,1.20
2013.05.13 10:26:10.077,1.85442,1.85494,1.39,1.20
2013.05.13 10:26:11.192,1.85442,1.85494,1.39,1.20
2013.05.13 10:26:14.100,1.85447,1.85494,1.69,1.20
2013.05.13 10:26:15.213,1.85442,1.85494,1.39,1.20
2013.05.13 10:26:17.262,1.85442,1.85494,1.39,1.20
2013.05.13 10:26:18.682,1.85442,1.85494,1.39,1.20
2013.05.13 10:26:19.624,1.85451,1.855,1.39,1.20
2013.05.13 10:26:19.741,1.85451,1.85502,1.39,1.09
2013.05.13 10:26:21.667,1.85451,1.85504,1.39,1.65
2013.05.13 10:26:23.812,1.85451,1.85504,1.39,1.65
2013.05.13 10:26:25.101,1.85451,1.855,1.39,1.20
2013.05.13 10:26:25.402,1.85442,1.85491,1.39,1.58
2013.05.13 10:26:25.832,1.85445,1.85482,1.39,1.13
2013.05.13 10:26:26.342,1.85445,1.85479,1.39,1.09
2013.05.13 10:26:26.552,1.85443,1.85479,1.09,1.28
2013.05.13 10:26:26.611,1.85443,1.85479,1.09,1.28
2013.05.13 10:26:27.954,1.85447,1.85495,1.39,1.20
2013.05.13 10:26:28.603,1.85447,1.85499,1.39,1.09
2013.05.13 10:26:29.044,1.85449,1.85503,1.02,1.39
2013.05.13 10:26:29.727,1.85453,1.85504,1.09,2.14
2013.05.13 10:26:31.105,1.85453,1.85503,1.09,1.69
2013.05.13 10:26:38.156,1.85453,1.85503,1.09,1.69
2013.05.13 10:26:40.612,1.85453,1.85503,1.09,1.69
2013.05.13 10:26:49.282,1.85453,1.85502,1.09,1.39
2013.05.13 10:26:49.402,1.8545,1.85502,1.09,1.39
2013.05.13 10:26:49.742,1.85453,1.85502,1.39,1.39
2013.05.13 10:26:50.806,1.85453,1.85502,1.39,1.39
2013.05.13 10:26:53.593,1.85453,1.85502,1.39,1.39
2013.05.13 10:26:56.082,1.85451,1.85502,1.39,1.20
2013.05.13 10:26:59.603,1.8545,1.85502,1.09,1.77
2013.05.13 10:27:00.265,1.8545,1.85502,1.09,1.77
2013.05.13 10:27:02.653,1.8545,1.85502,1.84,1.39
2013.05.13 10:27:02.922,1.8545,1.85502,1.84,1.02
2013.05.13 10:27:03.955,1.8545,1.85504,1.84,1.39
2013.05.13 10:27:04.504,1.8545,1.85504,1.09,1.39
2013.05.13 10:27:05.831,1.8545,1.85504,1.84,1.39
2013.05.13 10:27:06.982,1.85454,1.85504,1.39,1.20
2013.05.13 10:27:08.661,1.85454,1.85504,1.39,1.20
2013.05.13 10:27:09.662,1.85456,1.85506,1.09,1.20
2013.05.13 10:27:11.044,1.85456,1.85508,1.09,1.39
2013.05.13 10:27:11.402,1.85438,1.85482,1.09,1.50
2013.05.13 10:27:11.642,1.85438,1.85485,1.09,1.13
2013.05.13 10:27:11.762,1.85438,1.85489,1.09,1.20
2013.05.13 10:27:11.943,1.85441,1.85489,1.20,1.20
2013.05.13 10:27:12.244,1.85445,1.85501,1.65,1.39
2013.05.13 10:27:13.631,1.8545,1.85501,1.09,1.39
2013.05.13 10:27:16.062,1.8545,1.85501,1.09,1.39
2013.05.13 10:27:18.003,1.8545,1.85501,1.09,1.39
2013.05.13 10:27:20.801,1.8545,1.85501,1.09,1.39
2013.05.13 10:27:23.042,1.8545,1.85501,1.09,1.39
2013.05.13 10:27:24.991,1.8545,1.85501,1.09,1.39
2013.05.13 10:27:29.552,1.8545,1.85501,1.09,1.39
2013.05.13 10:27:29.912,1.85444,1.85481,1.39,1.13
2013.05.13 10:27:30.212,1.85444,1.85481,1.39,1.13
2013.05.13 10:27:30.411,1.85444,1.85481,1.39,1.13
2013.05.13 10:27:30.694,1.8544,1.85481,1.09,1.13
2013.05.13 10:27:34.642,1.8544,1.85481,1.09,1.13
2013.05.13 10:27:34.762,1.85433,1.85482,1.84,1.58
2013.05.13 10:27:34.821,1.85433,1.85475,1.39,1.13
2013.05.13 10:27:35.002,1.85433,1.85482,1.39,1.20
2013.05.13 10:27:36.462,1.85431,1.85481,1.09,1.32
2013.05.13 10:27:46.749,1.85431,1.85481,1.09,1.32
2013.05.13 10:27:51.569,1.85431,1.85481,1.09,1.32
2013.05.13 10:27:55.092,1.85433,1.85481,1.09,1.32
2013.05.13 10:27:59.312,1.85433,1.85479,1.09,1.13
2013.05.13 10:28:01.324,1.85433,1.85479,1.09,1.13
2013.05.13 10:28:07.803,1.85433,1.85482,1.09,1.13
2013.05.13 10:28:15.632,1.85433,1.85483,1.09,1.13
2013.05.13 10:28:16.992,1.85437,1.85485,1.77,1.58
2013.05.13 10:28:17.173,1.85441,1.85485,1.09,1.13
2013.05.13 10:28:17.232,1.85441,1.85492,1.09,1.39
2013.05.13 10:28:18.801,1.85442,1.85492,1.09,1.39
2013.05.13 10:28:20.563,1.85442,1.85492,1.09,1.20
2013.05.13 10:28:21.652,1.85445,1.85495,1.39,1.84
2013.05.13 10:28:21.712,1.85445,1.85495,1.39,1.84
2013.05.13 10:28:22.112,1.85442,1.85492,1.09,1.39
2013.05.13 10:28:23.182,1.85445,1.85492,1.39,1.20
2013.05.13 10:28:25.188,1.85445,1.85492,1.39,1.20
2013.05.13 10:28:28.323,1.85445,1.85492,1.39,1.20
2013.05.13 10:28:30.209,1.85445,1.85492,1.39,1.20
2013.05.13 10:28:31.417,1.85446,1.85494,1.69,1.20
2013.05.13 10:28:32.173,1.85446,1.85494,1.69,1.20
2013.05.13 10:28:37.562,1.85447,1.85496,1.39,1.39
2013.05.13 10:28:38.871,1.85449,1.85496,1.39,1.20
2013.05.13 10:28:49.002,1.85449,1.85496,1.39,1.20
2013.05.13 10:28:51.715,1.85449,1.85496,1.39,1.20
2013.05.13 10:28:54.129,1.85449,1.85496,1.39,1.20
2013.05.13 10:28:54.661,1.85449,1.85496,1.39,1.20
2013.05.13 10:28:55.053,1.85449,1.85496,1.39,1.20
2013.05.13 10:28:57.263,1.85449,1.85496,1.39,1.20
2013.05.13 10:28:59.763,1.85446,1.85498,2.59,1.39
2013.05.13 10:29:01.769,1.85448,1.85498,1.39,1.39
2013.05.13 10:29:03.982,1.85449,1.85498,1.39,1.20
2013.05.13 10:29:06.889,1.85449,1.85498,1.39,1.20
2013.05.13 10:29:08.294,1.85449,1.85498,1.39,1.20
2013.05.13 10:29:09.503,1.85448,1.85498,1.39,1.20
2013.05.13 10:29:11.007,1.85447,1.85498,1.39,1.20
2013.05.13 10:29:11.164,1.85447,1.85498,1.39,1.20
2013.05.13 10:29:11.742,1.85449,1.85498,1.39,1.20
2013.05.13 10:29:12.098,1.85449,1.85498,1.39,1.20
2013.05.13 10:29:12.604,1.85441,1.85488,1.39,1.20
2013.05.13 10:29:12.842,1.85441,1.85488,1.39,1.20
2013.05.13 10:29:12.902,1.85441,1.85488,1.39,1.20
2013.05.13 10:29:13.383,1.85441,1.85488,1.39,1.20
2013.05.13 10:29:13.503,1.85441,1.85488,1.39,1.20
2013.05.13 10:29:14.039,1.85441,1.85488,1.39,1.20
2013.05.13 10:29:14.559,1.85441,1.85488,1.39,1.20
2013.05.13 10:29:15.113,1.85441,1.85488,1.39,1.20
2013.05.13 10:29:16.212,1.85438,1.85484,1.39,1.20
2013.05.13 10:29:17.503,1.85433,1.85484,1.69,1.65
2013.05.13 10:29:18.123,1.85433,1.8548,1.69,1.20
2013.05.13 10:29:18.700,1.85438,1.85482,1.69,1.28
2013.05.13 10:29:18.822,1.85443,1.85495,1.09,1.39
2013.05.13 10:29:19.123,1.85443,1.85495,1.09,1.39
2013.05.13 10:29:20.742,1.85447,1.85495,1.39,1.20
2013.05.13 10:29:21.732,1.85447,1.85495,1.39,1.20
2013.05.13 10:29:22.966,1.85456,1.85505,1.39,1.20
2013.05.13 10:29:23.986,1.85456,1.85505,1.39,1.20
2013.05.13 10:29:28.913,1.85456,1.85505,1.39,1.20
2013.05.13 10:29:31.832,1.85456,1.85505,1.39,1.20
2013.05.13 10:29:35.425,1.85456,1.85505,1.39,1.20
2013.05.13 10:29:39.132,1.85456,1.85505,1.39,1.39
2013.05.13 10:29:39.732,1.85456,1.85505,1.39,1.39
2013.05.13 10:29:41.173,1.85456,1.85505,1.39,1.20
2013.05.13 10:29:42.392,1.85464,1.85513,1.39,1.20
2013.05.13 10:29:43.293,1.85463,1.85513,1.39,1.20
2013.05.13 10:29:44.283,1.85463,1.85513,1.39,1.39
2013.05.13 10:29:47.699,1.85464,1.85513,1.39,1.58
2013.05.13 10:29:50.092,1.85464,1.85513,1.39,1.39
2013.05.13 10:29:54.697,1.85461,1.85511,1.09,1.32
2013.05.13 10:29:56.672,1.85456,1.85504,1.84,1.20
2013.05.13 10:29:58.572,1.85456,1.85504,1.39,1.20
2013.05.13 10:29:59.054,1.85456,1.85504,1.39,1.39
2013.05.13 10:30:09.911,1.85456,1.85504,1.39,1.39
2013.05.13 10:30:10.439,1.85456,1.85505,1.39,1.20
2013.05.13 10:30:12.818,1.85456,1.85503,1.39,1.20
2013.05.13 10:30:13.132,1.85456,1.85504,1.39,1.20
2013.05.13 10:30:14.096,1.85456,1.85504,1.39,1.20
2013.05.13 10:30:14.163,1.85456,1.85504,1.39,1.39
2013.05.13 10:30:15.423,1.85453,1.85504,1.09,1.58
2013.05.13 10:30:16.392,1.85447,1.85502,1.39,1.28
2013.05.13 10:30:18.953,1.85447,1.85502,1.39,1.28
2013.05.13 10:30:19.494,1.85453,1.85502,1.84,1.13
2013.05.13 10:30:19.865,1.85455,1.85507,1.39,1.09
2013.05.13 10:30:20.043,1.85463,1.85513,1.69,1.28
2013.05.13 10:30:20.223,1.85463,1.85515,1.39,1.84
2013.05.13 10:30:21.046,1.85464,1.85515,1.39,2.59
2013.05.13 10:30:22.963,1.85462,1.85515,1.84,2.59
2013.05.13 10:30:23.276,1.85462,1.85513,1.39,1.09
2013.05.13 10:30:23.643,1.85455,1.85511,2.14,1.09
2013.05.13 10:30:26.466,1.85448,1.85503,1.69,1.28
2013.05.13 10:30:26.833,1.85446,1.85495,1.39,1.20
2013.05.13 10:30:28.912,1.85446,1.85503,2.14,1.28
2013.05.13 10:30:30.263,1.85446,1.85503,2.14,1.28
2013.05.13 10:30:30.795,1.85455,1.85504,1.39,1.65
2013.05.13 10:30:30.853,1.85455,1.85504,1.39,1.20
2013.05.13 10:30:31.762,1.85455,1.85504,1.39,1.20
2013.05.13 10:30:33.034,1.85467,1.85515,1.39,1.20
2013.05.13 10:30:34.127,1.85467,1.85519,1.39,1.09
2013.05.13 10:30:36.082,1.85467,1.85522,1.39,2.40
2013.05.13 10:30:41.791,1.85467,1.85515,1.39,1.20
2013.05.13 10:30:46.952,1.85467,1.85515,1.39,1.20
2013.05.13 10:30:49.924,1.85467,1.85515,1.39,1.20
2013.05.13 10:30:51.254,1.85467,1.85515,1.39,1.20
2013.05.13 10:30:52.133,1.85461,1.85515,1.39,1.65
2013.05.13 10:30:53.112,1.85461,1.85515,1.39,1.65
2013.05.13 10:30:54.182,1.85461,1.85515,1.39,1.65
2013.05.13 10:30:55.183,1.85461,1.85515,1.39,1.65
2013.05.13 10:30:56.164,1.85461,1.85515,1.39,1.65
2013.05.13 10:30:57.072,1.85461,1.85508,1.39,1.20
2013.05.13 10:30:57.192,1.85461,1.85512,1.39,1.65
2013.05.13 10:30:57.312,1.85461,1.85512,1.39,1.65
2013.05.13 10:30:57.753,1.85461,1.85508,1.39,1.20
2013.05.13 10:30:58.182,1.85461,1.85513,1.39,1.84
2013.05.13 10:30:58.988,1.85461,1.85512,1.39,1.09
2013.05.13 10:31:01.796,1.85461,1.85512,1.39,1.09
2013.05.13 10:31:03.301,1.85461,1.85513,1.39,1.84
2013.05.13 10:31:03.842,1.85461,1.85508,1.39,1.20
2013.05.13 10:31:04.187,1.8545,1.85504,2.44,2.40
2013.05.13 10:31:04.523,1.85449,1.85498,1.39,1.20
2013.05.13 10:31:05.773,1.85449,1.85498,1.39,1.20
2013.05.13 10:31:08.163,1.85449,1.85498,1.39,1.20
2013.05.13 10:31:08.284,1.85449,1.85492,1.39,1.13
2013.05.13 10:31:08.403,1.8544,1.85487,2.44,1.20
2013.05.13 10:31:11.239,1.85447,1.85494,1.39,1.20
2013.05.13 10:31:16.715,1.85447,1.85494,1.39,1.20
2013.05.13 10:31:16.783,1.85447,1.85494,1.39,1.20
2013.05.13 10:31:17.670,1.85447,1.85502,1.39,1.28
2013.05.13 10:31:21.282,1.85455,1.85503,1.39,1.20
2013.05.13 10:31:24.517,1.85455,1.85504,1.39,1.20
2013.05.13 10:31:25.270,1.85455,1.85504,1.39,1.39
2013.05.13 10:31:30.270,1.85455,1.85504,1.39,1.20
2013.05.13 10:31:31.870,1.85455,1.85504,1.39,1.20
2013.05.13 10:31:32.795,1.85455,1.85503,1.39,1.20
2013.05.13 10:31:33.864,1.85455,1.85503,1.39,1.20
2013.05.13 10:31:36.723,1.85455,1.85504,1.39,1.20
2013.05.13 10:31:41.306,1.85455,1.85504,1.39,1.20
2013.05.13 10:31:42.195,1.85455,1.85504,1.39,1.20
2013.05.13 10:31:47.439,1.85455,1.85504,1.39,1.20
2013.05.13 10:31:57.503,1.85455,1.85504,1.39,1.20
2013.05.13 10:31:58.942,1.85455,1.85504,1.39,1.20
2013.05.13 10:32:01.541,1.8546,1.85505,1.39,1.20
2013.05.13 10:32:01.812,1.8546,1.85507,1.39,1.20
2013.05.13 10:32:04.290,1.8546,1.85507,1.39,1.20
2013.05.13 10:32:04.961,1.85457,1.85507,1.09,1.39
2013.05.13 10:32:05.035,1.8545,1.855,1.39,1.20
2013.05.13 10:32:05.182,1.8545,1.85502,1.39,1.09
2013.05.13 10:32:05.302,1.8545,1.855,1.39,1.20
2013.05.13 10:32:05.742,1.8545,1.855,1.39,1.20
2013.05.13 10:32:06.098,1.8545,1.85502,1.39,1.09
2013.05.13 10:32:06.343,1.8545,1.855,1.39,1.20
2013.05.13 10:32:07.223,1.8545,1.85502,1.39,1.09
2013.05.13 10:32:07.534,1.8545,1.855,1.39,1.20
2013.05.13 10:32:10.277,1.8545,1.85502,1.39,1.09
2013.05.13 10:32:10.524,1.85455,1.85502,1.69,1.09
2013.05.13 10:32:11.423,1.8545,1.855,1.39,1.20
2013.05.13 10:32:11.997,1.8545,1.855,1.39,1.20
2013.05.13 10:32:12.832,1.8545,1.85502,1.39,1.09
2013.05.13 10:32:14.559,1.8545,1.855,1.39,1.20
2013.05.13 10:32:15.330,1.8545,1.85502,1.39,1.09
2013.05.13 10:32:18.974,1.8545,1.85502,1.39,1.09
2013.05.13 10:32:19.585,1.85459,1.85505,1.39,1.20
2013.05.13 10:32:19.656,1.85459,1.85508,1.39,1.20
2013.05.13 10:32:21.230,1.85459,1.85508,1.39,1.20
2013.05.13 10:32:24.692,1.85459,1.85508,1.39,1.20
2013.05.13 10:32:29.271,1.85459,1.85508,1.39,1.20
2013.05.13 10:32:31.880,1.85459,1.85508,1.39,1.20
2013.05.13 10:32:37.453,1.85459,1.85508,1.39,1.20
2013.05.13 10:32:40.443,1.85461,1.8551,1.39,1.20
2013.05.13 10:32:41.292,1.85475,1.8551,1.39,1.20
2013.05.13 10:32:41.364,1.8546,1.85506,2.44,1.20
2013.05.13 10:32:41.832,1.85459,1.85506,2.14,1.20
2013.05.13 10:32:43.137,1.85459,1.85506,2.14,1.20
2013.05.13 10:32:48.603,1.85459,1.85506,2.14,1.20
2013.05.13 10:32:51.197,1.8546,1.85506,1.69,1.20
2013.05.13 10:33:01.240,1.85459,1.85506,1.39,1.20
2013.05.13 10:33:02.750,1.85461,1.85509,1.39,1.20
2013.05.13 10:33:05.866,1.85461,1.85509,1.39,1.20
2013.05.13 10:33:09.982,1.85461,1.85509,1.39,1.20
2013.05.13 10:33:13.394,1.85461,1.85509,1.39,1.20
2013.05.13 10:33:17.811,1.85461,1.85509,1.39,1.20
2013.05.13 10:33:21.122,1.85461,1.85509,1.39,1.20
2013.05.13 10:33:25.853,1.85462,1.85509,1.39,1.20
2013.05.13 10:33:31.922,1.85462,1.85509,1.39,1.20
2013.05.13 10:33:34.733,1.85462,1.85515,1.39,2.40
2013.05.13 10:33:34.881,1.85462,1.85515,1.39,2.40
2013.05.13 10:33:36.024,1.8547,1.85519,1.39,1.20
2013.05.13 10:33:37.124,1.8547,1.85519,1.39,1.20
2013.05.13 10:33:38.302,1.8547,1.85521,1.39,1.65
2013.05.13 10:33:38.425,1.8547,1.85519,1.39,1.20
2013.05.13 10:33:38.853,1.8547,1.85521,1.39,1.65
2013.05.13 10:33:39.413,1.8547,1.85519,1.39,1.20
2013.05.13 10:33:39.533,1.8547,1.85519,1.39,1.20
2013.05.13 10:33:40.543,1.85477,1.85519,1.39,1.20
2013.05.13 10:33:41.871,1.85473,1.85521,1.39,1.20
2013.05.13 10:33:42.274,1.85473,1.85525,1.39,1.84
2013.05.13 10:33:48.663,1.85473,1.85521,1.39,1.20
2013.05.13 10:33:49.052,1.85473,1.85525,1.39,1.84
2013.05.13 10:33:51.897,1.85474,1.85525,1.39,1.84
2013.05.13 10:33:53.340,1.85474,1.85521,1.39,1.20
2013.05.13 10:33:54.446,1.85474,1.85521,1.39,1.20
2013.05.13 10:33:54.623,1.85474,1.85521,1.39,1.20
2013.05.13 10:33:54.743,1.85473,1.85521,1.39,1.20
2013.05.13 10:33:58.773,1.85474,1.85521,1.39,1.20
2013.05.13 10:34:06.822,1.85475,1.85525,1.09,1.20
2013.05.13 10:34:08.403,1.85476,1.85525,1.39,1.20
2013.05.13 10:34:09.083,1.85476,1.85525,1.39,1.20
2013.05.13 10:34:09.652,1.85478,1.85525,2.14,1.20
2013.05.13 10:34:10.652,1.85478,1.85525,2.14,1.20
2013.05.13 10:34:11.952,1.85478,1.85525,1.39,1.20
2013.05.13 10:34:13.275,1.85478,1.85525,1.39,1.20
2013.05.13 10:34:13.811,1.85478,1.85532,1.39,1.65
2013.05.13 10:34:16.673,1.85478,1.85532,1.39,1.65
2013.05.13 10:34:18.682,1.85487,1.85535,1.39,1.20
2013.05.13 10:34:20.158,1.85487,1.85535,1.39,1.20
2013.05.13 10:34:26.092,1.85487,1.85535,1.39,1.20
2013.05.13 10:34:27.132,1.85487,1.85535,1.39,1.39
2013.05.13 10:34:27.703,1.85487,1.85534,1.39,1.39
2013.05.13 10:34:28.162,1.85487,1.85534,1.39,1.39
2013.05.13 10:34:28.237,1.85487,1.85535,1.39,1.39
2013.05.13 10:34:28.705,1.85487,1.85535,1.39,1.39
2013.05.13 10:34:30.933,1.85487,1.85535,1.39,1.39
2013.05.13 10:34:34.154,1.85487,1.85535,1.39,1.39
2013.05.13 10:34:35.645,1.85487,1.85535,1.39,1.39
2013.05.13 10:34:37.014,1.85487,1.85535,1.39,1.20
2013.05.13 10:34:38.052,1.85487,1.85534,1.39,1.20
2013.05.13 10:34:38.287,1.85483,1.85534,1.84,1.39
2013.05.13 10:34:39.371,1.85483,1.8553,1.39,1.20
2013.05.13 10:34:40.128,1.85483,1.85533,1.39,1.09
2013.05.13 10:34:40.897,1.85483,1.8553,1.39,1.20
2013.05.13 10:34:42.362,1.85483,1.85533,1.39,1.09
2013.05.13 10:34:47.000,1.85483,1.85533,1.39,1.09
2013.05.13 10:34:51.183,1.85483,1.8553,1.39,1.20
2013.05.13 10:34:51.733,1.85483,1.8553,1.39,1.20
2013.05.13 10:34:52.274,1.85481,1.8553,1.39,1.20
2013.05.13 10:34:52.912,1.85481,1.85533,1.39,1.09
2013.05.13 10:34:54.887,1.85481,1.8553,1.39,1.20
2013.05.13 10:34:56.868,1.85481,1.85533,1.39,1.09
2013.05.13 10:34:57.733,1.85487,1.85539,1.09,1.39
2013.05.13 10:34:57.794,1.85488,1.85539,1.09,1.39
2013.05.13 10:34:58.843,1.85491,1.85539,1.39,1.20
2013.05.13 10:35:03.153,1.85491,1.85542,1.39,1.09
2013.05.13 10:35:05.562,1.85491,1.85543,1.39,1.09
2013.05.13 10:35:06.572,1.85491,1.85544,1.39,1.09
2013.05.13 10:35:07.817,1.85491,1.85544,1.39,1.09
2013.05.13 10:35:08.683,1.85491,1.85536,1.39,1.50
2013.05.13 10:35:09.125,1.85486,1.85536,1.69,1.65
2013.05.13 10:35:09.683,1.85482,1.85535,1.39,1.65
2013.05.13 10:35:09.934,1.8549,1.85539,1.39,1.20
2013.05.13 10:35:11.213,1.8549,1.85538,1.39,1.50
2013.05.13 10:35:12.779,1.85489,1.85538,1.39,1.50
2013.05.13 10:35:12.907,1.85481,1.85535,1.39,1.65
2013.05.13 10:35:13.213,1.85479,1.85525,1.13,1.65
2013.05.13 10:35:14.623,1.85482,1.85528,1.69,1.65
2013.05.13 10:35:15.835,1.85486,1.8553,1.69,1.20
2013.05.13 10:35:15.953,1.85486,1.85533,1.69,1.09
2013.05.13 10:35:16.013,1.85486,1.85535,2.44,1.09
2013.05.13 10:35:18.594,1.85487,1.85534,1.69,1.65
2013.05.13 10:35:19.775,1.85484,1.85534,1.69,1.65
2013.05.13 10:35:21.643,1.8548,1.85533,1.84,1.09
2013.05.13 10:35:24.113,1.85481,1.85535,1.39,1.84
2013.05.13 10:35:25.414,1.8548,1.85533,1.84,1.09
2013.05.13 10:35:31.741,1.85481,1.85535,1.39,1.84
2013.05.13 10:35:33.524,1.85483,1.85535,1.39,1.65
2013.05.13 10:35:34.693,1.85481,1.85535,1.39,1.65
2013.05.13 10:35:35.494,1.85489,1.85542,1.58,1.09
2013.05.13 10:35:35.853,1.85491,1.85542,1.20,1.09
2013.05.13 10:35:36.172,1.85492,1.85545,1.69,1.09
2013.05.13 10:35:41.804,1.85491,1.85544,1.39,1.09
2013.05.13 10:35:43.213,1.85491,1.85544,2.14,1.09
2013.05.13 10:35:44.423,1.85493,1.85545,1.69,1.09
2013.05.13 10:35:51.793,1.85492,1.85544,1.69,1.09
2013.05.13 10:35:55.682,1.85495,1.85545,1.39,1.09
2013.05.13 10:35:55.764,1.85495,1.85547,1.39,1.09
2013.05.13 10:35:57.924,1.85495,1.85547,1.39,1.09
2013.05.13 10:36:01.336,1.85495,1.85547,1.39,1.09
2013.05.13 10:36:03.953,1.85495,1.85547,1.39,1.09
2013.05.13 10:36:05.576,1.85495,1.85547,1.39,1.09
2013.05.13 10:36:06.912,1.85497,1.85548,1.88,1.09
2013.05.13 10:36:07.271,1.85498,1.85551,1.02,1.39
2013.05.13 10:36:07.855,1.85505,1.85556,1.39,1.09
2013.05.13 10:36:09.626,1.85506,1.85556,1.39,1.09
2013.05.13 10:36:09.993,1.85506,1.85555,1.39,1.20
2013.05.13 10:36:11.553,1.85506,1.85555,2.14,1.20
2013.05.13 10:36:15.284,1.85515,1.85565,1.09,1.39
2013.05.13 10:36:15.462,1.85515,1.85565,1.09,1.39
2013.05.13 10:36:16.963,1.85515,1.85565,1.09,1.39
2013.05.13 10:36:18.242,1.85515,1.85565,1.09,1.39
2013.05.13 10:36:20.783,1.85515,1.85565,1.09,1.39
2013.05.13 10:36:21.624,1.85518,1.85565,1.20,1.39
2013.05.13 10:36:21.954,1.85518,1.85565,1.39,1.39
2013.05.13 10:36:22.943,1.85518,1.85565,1.39,1.39
2013.05.13 10:36:23.003,1.85519,1.85565,1.13,1.39
2013.05.13 10:36:23.892,1.85515,1.85568,2.78,1.09
2013.05.13 10:36:23.952,1.85515,1.85565,2.78,1.39
2013.05.13 10:36:24.263,1.85515,1.85562,1.88,1.65
2013.05.13 10:36:24.904,1.8552,1.85571,1.13,1.09
2013.05.13 10:36:25.145,1.85515,1.85571,1.84,1.09
2013.05.13 10:36:25.215,1.85518,1.85567,1.39,1.09
2013.05.13 10:36:25.522,1.85515,1.85563,2.63,1.09
2013.05.13 10:36:25.643,1.85515,1.85564,2.63,1.65
2013.05.13 10:36:25.703,1.85518,1.85565,1.69,1.65
2013.05.13 10:36:26.902,1.8552,1.85565,1.13,1.09
2013.05.13 10:36:27.083,1.8552,1.85571,1.13,1.09
2013.05.13 10:36:27.644,1.8552,1.85571,1.13,1.09
2013.05.13 10:36:28.155,1.85523,1.85571,1.13,1.09
2013.05.13 10:36:28.693,1.85518,1.85571,1.39,1.09
2013.05.13 10:36:29.213,1.85523,1.85571,1.13,1.09
2013.05.13 10:36:29.393,1.85525,1.85571,1.13,1.09
2013.05.13 10:36:29.674,1.8552,1.85571,1.69,1.09
2013.05.13 10:36:31.604,1.85526,1.85568,1.13,1.20
2013.05.13 10:36:32.612,1.85528,1.85576,1.20,1.39
2013.05.13 10:36:33.223,1.85528,1.85576,1.39,1.39
2013.05.13 10:36:34.314,1.85525,1.85576,2.03,1.39
2013.05.13 10:36:34.373,1.85526,1.85579,1.58,1.09
2013.05.13 10:36:34.433,1.85528,1.85579,1.39,1.09
2013.05.13 10:36:34.735,1.8553,1.85576,1.13,1.39
2013.05.13 10:36:35.573,1.85529,1.85576,1.13,1.39
2013.05.13 10:36:36.073,1.85529,1.85576,1.13,1.39
2013.05.13 10:36:39.064,1.85529,1.85576,1.13,1.39
2013.05.13 10:36:40.202,1.8553,1.85576,1.13,1.39
2013.05.13 10:36:40.384,1.85531,1.85576,1.13,1.20
2013.05.13 10:36:41.979,1.8553,1.85576,1.13,1.39
2013.05.13 10:36:44.126,1.8553,1.85576,1.13,1.39
2013.05.13 10:36:45.406,1.85529,1.85576,1.13,1.39
2013.05.13 10:36:45.934,1.85529,1.85576,1.13,1.39
2013.05.13 10:36:48.065,1.85529,1.85576,1.13,1.39
2013.05.13 10:36:51.085,1.85528,1.85576,1.39,1.39
2013.05.13 10:36:51.983,1.85531,1.85575,1.13,1.20
2013.05.13 10:36:53.204,1.85523,1.85575,2.03,1.39
2013.05.13 10:36:53.743,1.8553,1.85578,1.58,1.39
2013.05.13 10:36:54.103,1.85534,1.85582,1.39,1.69
2013.05.13 10:36:54.164,1.85533,1.85581,1.20,1.69
2013.05.13 10:36:55.843,1.85532,1.85581,1.09,1.88
2013.05.13 10:36:56.275,1.85532,1.85581,1.09,1.88
2013.05.13 10:36:58.612,1.85532,1.85581,1.09,1.88
2013.05.13 10:36:59.033,1.85527,1.85575,1.13,1.39
2013.05.13 10:37:00.205,1.85526,1.85575,1.58,1.39
2013.05.13 10:37:01.414,1.85523,1.85575,1.09,1.39
2013.05.13 10:37:02.801,1.85521,1.85565,1.13,1.39
2013.05.13 10:37:05.995,1.85517,1.85565,1.13,1.20
2013.05.13 10:37:06.302,1.85517,1.85565,1.13,1.20
2013.05.13 10:37:07.953,1.85517,1.85565,1.13,1.39
2013.05.13 10:37:09.693,1.85517,1.85565,1.13,1.20
2013.05.13 10:37:09.754,1.85517,1.85565,1.88,1.20
2013.05.13 10:37:09.813,1.85517,1.85565,1.88,1.20
2013.05.13 10:37:09.933,1.8552,1.85568,1.39,1.39
2013.05.13 10:37:10.283,1.85517,1.85567,1.58,1.39
2013.05.13 10:37:10.794,1.85517,1.85567,1.58,1.39
2013.05.13 10:37:10.993,1.85517,1.85567,1.58,1.39
2013.05.13 10:37:13.883,1.85515,1.85567,1.58,1.39
2013.05.13 10:37:27.032,1.85515,1.85567,1.58,1.39
2013.05.13 10:37:28.673,1.85514,1.85567,1.09,1.39
2013.05.13 10:37:29.002,1.85517,1.85567,1.39,1.39
2013.05.13 10:37:30.173,1.85517,1.85567,1.39,1.39
2013.05.13 10:37:30.593,1.85518,1.85569,1.84,2.14
2013.05.13 10:37:30.922,1.85519,1.85569,1.09,1.39
2013.05.13 10:37:31.366,1.85519,1.85569,1.09,1.39
2013.05.13 10:37:36.575,1.85519,1.85569,1.09,1.39
2013.05.13 10:37:37.323,1.85519,1.85569,1.09,1.39
2013.05.13 10:37:39.054,1.85516,1.85568,1.84,1.69
2013.05.13 10:37:46.577,1.85516,1.85569,1.84,2.14
2013.05.13 10:37:50.682,1.85516,1.85564,1.39,1.39
2013.05.13 10:37:50.742,1.85515,1.85564,1.88,1.39
2013.05.13 10:37:51.692,1.85515,1.85564,1.88,1.39
2013.05.13 10:37:55.534,1.85516,1.85564,1.88,1.58
2013.05.13 10:37:55.654,1.85508,1.85554,1.39,1.50
2013.05.13 10:37:56.014,1.85505,1.85551,1.69,1.28
2013.05.13 10:37:56.927,1.85496,1.85544,2.14,1.20
2013.05.13 10:38:00.323,1.85503,1.85553,1.39,1.39
2013.05.13 10:38:00.987,1.85503,1.85552,1.39,1.69
2013.05.13 10:38:01.334,1.85495,1.85548,2.14,1.09
2013.05.13 10:38:01.794,1.85495,1.85545,2.14,1.20
2013.05.13 10:38:01.924,1.85495,1.85544,2.14,1.20
2013.05.13 10:38:02.044,1.85495,1.85544,1.39,1.39
2013.05.13 10:38:03.733,1.85495,1.85542,1.39,1.69
2013.05.13 10:38:07.798,1.85496,1.8555,2.22,1.69
2013.05.13 10:38:08.393,1.85501,1.85552,1.09,1.39
2013.05.13 10:38:09.654,1.85501,1.85552,1.09,1.39
2013.05.13 10:38:13.284,1.85501,1.85553,1.09,1.39
2013.05.13 10:38:14.994,1.85498,1.85552,1.65,1.39
2013.05.13 10:38:20.615,1.855,1.85552,1.09,1.39
2013.05.13 10:38:23.583,1.855,1.85553,1.09,1.39
2013.05.13 10:38:25.434,1.85501,1.85553,1.09,1.39
2013.05.13 10:38:26.352,1.85504,1.85553,1.39,1.39
2013.05.13 10:38:26.638,1.85504,1.85552,1.20,1.39
2013.05.13 10:38:34.969,1.85497,1.85548,1.28,1.69
2013.05.13 10:38:38.389,1.85499,1.85552,1.09,2.14
2013.05.13 10:38:46.076,1.85505,1.85552,1.20,1.39
2013.05.13 10:38:47.593,1.85499,1.85552,1.09,2.14
2013.05.13 10:38:47.826,1.85498,1.85548,1.09,1.39
2013.05.13 10:38:49.962,1.85498,1.85548,1.09,1.39
2013.05.13 10:38:50.313,1.85501,1.8555,1.20,1.39
2013.05.13 10:38:50.883,1.85498,1.8555,1.09,1.39
2013.05.13 10:38:51.544,1.85501,1.8555,1.20,1.39
2013.05.13 10:38:51.974,1.85501,1.85551,1.39,1.09
2013.05.13 10:38:53.274,1.85501,1.85551,1.39,1.09
2013.05.13 10:38:53.673,1.85498,1.85551,1.09,1.09
2013.05.13 10:38:54.074,1.85501,1.85551,1.39,1.09
2013.05.13 10:38:56.075,1.85498,1.85551,1.09,1.09
2013.05.13 10:38:56.655,1.85498,1.85548,1.09,1.39
2013.05.13 10:38:56.863,1.85498,1.85551,1.09,1.09
2013.05.13 10:38:58.883,1.85498,1.85548,1.09,1.39
2013.05.13 10:38:59.457,1.85496,1.85544,1.65,1.69
2013.05.13 10:39:00.297,1.85496,1.85544,1.65,1.69
2013.05.13 10:39:02.007,1.85496,1.85548,1.65,1.39
2013.05.13 10:39:07.993,1.85496,1.85545,1.20,1.39
2013.05.13 10:39:08.053,1.85496,1.85544,1.20,1.69
2013.05.13 10:39:08.803,1.85492,1.85535,1.09,1.69
2013.05.13 10:39:09.073,1.85496,1.85545,1.20,2.14
2013.05.13 10:39:10.283,1.85495,1.85545,1.20,2.14
2013.05.13 10:39:12.214,1.85492,1.85545,1.09,1.39
2013.05.13 10:39:12.274,1.85495,1.85545,1.20,2.14
2013.05.13 10:39:12.763,1.85492,1.85541,1.09,1.13
2013.05.13 10:39:12.824,1.85492,1.85542,1.09,1.13
2013.05.13 10:39:13.005,1.8549,1.85542,1.09,1.88
2013.05.13 10:39:13.195,1.85487,1.85536,1.39,1.39
2013.05.13 10:39:15.791,1.85487,1.85538,1.39,1.09
2013.05.13 10:39:20.814,1.85485,1.85538,1.84,1.84
2013.05.13 10:39:22.013,1.85485,1.85537,1.84,1.39
2013.05.13 10:39:23.025,1.85485,1.85538,1.84,1.84
2013.05.13 10:39:29.538,1.85485,1.85538,1.84,1.84
2013.05.13 10:39:32.045,1.85485,1.85538,1.84,1.84
2013.05.13 10:39:35.177,1.85485,1.85538,1.84,1.84
2013.05.13 10:39:46.663,1.85478,1.8553,2.14,1.09
2013.05.13 10:39:47.836,1.85476,1.8553,1.39,1.09
2013.05.13 10:39:48.083,1.85478,1.8553,1.39,1.09
2013.05.13 10:39:48.444,1.85486,1.85537,1.65,1.39
2013.05.13 10:39:49.104,1.85488,1.85537,1.20,1.39
2013.05.13 10:39:49.163,1.85486,1.85537,1.65,1.39
2013.05.13 10:39:50.784,1.85486,1.85539,1.84,1.09
2013.05.13 10:39:51.523,1.85486,1.85537,1.84,1.20
2013.05.13 10:39:51.643,1.85486,1.85539,1.84,1.09
2013.05.13 10:39:51.764,1.85486,1.85537,1.65,1.39
2013.05.13 10:39:53.173,1.85486,1.85537,1.65,1.39
2013.05.13 10:39:57.083,1.85488,1.85538,1.20,1.39
2013.05.13 10:39:58.514,1.85488,1.85539,1.20,1.09
2013.05.13 10:39:59.062,1.85486,1.85537,1.84,1.39
2013.05.13 10:39:59.873,1.85488,1.85539,1.20,1.09
2013.05.13 10:40:00.055,1.85486,1.85537,1.09,1.39
2013.05.13 10:40:00.415,1.85488,1.85539,1.20,1.09
2013.05.13 10:40:02.036,1.85488,1.85539,1.39,1.09
2013.05.13 10:40:05.154,1.85488,1.85539,1.39,1.09
2013.05.13 10:40:10.673,1.85485,1.85538,1.39,1.09
2013.05.13 10:40:11.074,1.85485,1.85538,1.39,1.09
2013.05.13 10:40:12.091,1.85485,1.85536,1.20,1.39
2013.05.13 10:40:13.064,1.85485,1.85537,1.39,1.39
2013.05.13 10:40:13.634,1.85485,1.85537,1.39,1.39
2013.05.13 10:40:18.383,1.85485,1.85537,1.39,1.39
2013.05.13 10:40:19.635,1.85485,1.85538,1.39,1.09
2013.05.13 10:40:22.104,1.85494,1.85538,1.69,1.09
2013.05.13 10:40:23.723,1.85488,1.85535,1.13,1.39
2013.05.13 10:40:25.149,1.85492,1.85535,1.13,1.20
2013.05.13 10:40:26.343,1.85493,1.85535,1.13,1.20
2013.05.13 10:40:27.973,1.85494,1.85535,1.13,1.20
2013.05.13 10:40:28.596,1.85494,1.85535,1.13,1.20
2013.05.13 10:40:29.139,1.85494,1.85541,1.13,1.39
2013.05.13 10:40:32.664,1.85495,1.85543,1.69,1.09
2013.05.13 10:40:32.724,1.85495,1.85545,2.14,2.14
2013.05.13 10:40:33.026,1.85506,1.8555,1.13,1.20
2013.05.13 10:40:38.934,1.85503,1.8555,1.69,1.20
2013.05.13 10:40:39.137,1.85503,1.85555,2.44,1.84
2013.05.13 10:40:39.323,1.85512,1.85557,1.13,1.69
2013.05.13 10:40:40.153,1.85512,1.85561,1.13,1.09
2013.05.13 10:40:40.273,1.85514,1.85561,1.13,1.09
2013.05.13 10:40:40.613,1.85515,1.85563,2.03,1.13
2013.05.13 10:40:40.984,1.85518,1.85567,1.39,1.39
2013.05.13 10:40:41.865,1.85515,1.85567,1.28,1.39
2013.05.13 10:40:42.064,1.85516,1.85567,1.58,1.20
2013.05.13 10:40:42.363,1.85516,1.8557,1.58,1.09
2013.05.13 10:40:42.674,1.85515,1.8557,2.78,1.09
2013.05.13 10:40:43.940,1.85523,1.8557,1.13,1.09
2013.05.13 10:40:44.005,1.85524,1.85567,1.13,1.20
2013.05.13 10:40:44.385,1.85524,1.85564,1.13,1.69
2013.05.13 10:40:44.953,1.85518,1.85567,1.39,1.39
2013.05.13 10:40:45.671,1.85517,1.85564,1.58,1.13
2013.05.13 10:40:48.521,1.85515,1.8557,2.03,1.28
2013.05.13 10:40:48.644,1.85519,1.8557,1.88,1.28
2013.05.13 10:40:49.154,1.85519,1.8557,1.13,1.28
2013.05.13 10:40:49.274,1.85519,1.8557,1.13,1.09
2013.05.13 10:40:49.396,1.85519,1.8557,1.88,1.09
2013.05.13 10:40:50.543,1.85522,1.85571,1.88,1.28
2013.05.13 10:40:54.322,1.85522,1.85571,1.13,1.28
2013.05.13 10:40:55.092,1.85522,1.8557,1.88,1.09
2013.05.13 10:40:56.283,1.85526,1.85573,1.20,1.13
2013.05.13 10:40:56.786,1.85526,1.85573,1.39,1.13
2013.05.13 10:40:57.482,1.85526,1.85573,1.39,1.13
2013.05.13 10:40:58.343,1.85525,1.85573,1.09,1.88
2013.05.13 10:40:58.644,1.85524,1.85573,1.09,1.13
2013.05.13 10:40:59.583,1.85525,1.85578,1.84,1.09
2013.05.13 10:41:01.004,1.85527,1.85576,1.58,1.20
2013.05.13 10:41:01.854,1.85533,1.85585,1.09,2.14
2013.05.13 10:41:01.975,1.85533,1.85585,1.09,1.39
2013.05.13 10:41:02.565,1.85537,1.85585,1.39,1.39
2013.05.13 10:41:03.094,1.85538,1.85589,1.13,1.09
2013.05.13 10:41:07.706,1.85538,1.85589,1.88,1.09
2013.05.13 10:41:09.335,1.85538,1.85585,1.88,1.20
2013.05.13 10:41:10.065,1.85537,1.85589,1.39,1.09
2013.05.13 10:41:10.693,1.85538,1.85585,1.88,1.20
2013.05.13 10:41:12.953,1.85538,1.85584,1.88,1.50
2013.05.13 10:41:13.074,1.85537,1.85584,1.58,1.69
2013.05.13 10:41:14.959,1.85535,1.85585,1.02,1.39
2013.05.13 10:41:16.163,1.85533,1.85585,1.09,1.39
2013.05.13 10:41:17.575,1.85533,1.85585,1.09,1.39
2013.05.13 10:41:24.028,1.85534,1.85585,1.09,1.39
2013.05.13 10:41:25.207,1.85534,1.85585,1.09,1.20
2013.05.13 10:41:29.463,1.85534,1.85585,1.09,1.39
2013.05.13 10:41:32.050,1.85534,1.85585,1.09,1.20
2013.05.13 10:41:35.313,1.85535,1.85585,1.39,1.20
2013.05.13 10:41:37.433,1.85534,1.85582,1.09,1.13
2013.05.13 10:41:42.093,1.85534,1.85581,1.09,1.13
2013.05.13 10:41:43.389,1.85529,1.85576,1.02,1.20
2013.05.13 10:41:44.363,1.85526,1.85576,1.09,1.20
2013.05.13 10:41:44.424,1.85526,1.85574,1.09,1.69
2013.05.13 10:41:44.604,1.85526,1.85573,1.09,1.50
2013.05.13 10:41:49.855,1.85521,1.85571,1.02,1.39
2013.05.13 10:41:49.914,1.85517,1.85568,1.84,1.20
2013.05.13 10:41:50.122,1.8552,1.85571,1.39,1.09
2013.05.13 10:41:50.363,1.85517,1.85568,1.84,1.20
2013.05.13 10:41:51.149,1.85517,1.85568,1.09,1.39
2013.05.13 10:41:51.775,1.85517,1.85568,1.09,1.39
2013.05.13 10:41:52.464,1.85517,1.85571,2.03,1.47
2013.05.13 10:41:53.174,1.85517,1.85568,2.03,1.39
2013.05.13 10:41:53.836,1.85517,1.85571,1.28,1.47
2013.05.13 10:41:54.194,1.85517,1.8557,1.09,1.39
2013.05.13 10:41:55.954,1.8552,1.8557,1.20,1.39
2013.05.13 10:41:56.014,1.8552,1.85571,1.20,1.47
2013.05.13 10:41:56.436,1.85517,1.85568,1.09,1.39
2013.05.13 10:41:57.657,1.85517,1.85571,1.09,1.84
2013.05.13 10:41:58.883,1.8552,1.85571,1.39,1.84
2013.05.13 10:41:59.581,1.85517,1.85571,1.09,1.84
2013.05.13 10:41:59.835,1.85517,1.85571,1.09,1.09
2013.05.13 10:42:05.055,1.85519,1.85568,1.39,1.39
2013.05.13 10:42:06.234,1.85519,1.85568,1.39,1.39
2013.05.13 10:42:09.175,1.85519,1.85568,1.39,1.39
2013.05.13 10:42:10.843,1.85519,1.85569,1.84,1.39
2013.05.13 10:42:10.904,1.85519,1.85571,1.84,1.02
2013.05.13 10:42:11.311,1.85519,1.85569,1.84,1.39
2013.05.13 10:42:12.048,1.85519,1.85569,1.84,1.39
2013.05.13 10:42:12.304,1.85519,1.85571,1.84,1.02
2013.05.13 10:42:16.870,1.85519,1.85571,1.84,1.02
2013.05.13 10:42:21.185,1.85519,1.85572,1.09,2.03
2013.05.13 10:42:21.695,1.85519,1.85572,1.09,2.03
2013.05.13 10:42:22.414,1.85519,1.85569,1.84,1.39
2013.05.13 10:42:22.533,1.85519,1.85572,1.84,1.84
2013.05.13 10:42:23.206,1.85519,1.85572,1.84,1.84
2013.05.13 10:42:27.234,1.8552,1.85572,1.39,1.84
2013.05.13 10:42:27.724,1.85526,1.85578,1.09,1.39
2013.05.13 10:42:28.876,1.8553,1.8558,1.84,1.39
2013.05.13 10:42:29.054,1.85535,1.85584,1.09,1.88
2013.05.13 10:42:29.174,1.85535,1.85583,1.09,1.69
2013.05.13 10:42:29.975,1.85538,1.8559,1.58,1.09
2013.05.13 10:42:30.034,1.85538,1.85587,1.58,1.39
2013.05.13 10:42:30.415,1.85538,1.85587,1.58,1.39
2013.05.13 10:42:31.123,1.85538,1.85587,1.58,1.39
2013.05.13 10:42:31.624,1.85538,1.85587,1.58,1.39
2013.05.13 10:42:32.413,1.85538,1.85587,1.39,1.39
2013.05.13 10:42:32.494,1.85535,1.8559,1.84,1.09
2013.05.13 10:42:33.105,1.8554,1.85595,1.09,1.69
2013.05.13 10:42:33.166,1.85545,1.85597,1.09,1.39
2013.05.13 10:42:33.830,1.85545,1.85597,1.09,1.39
2013.05.13 10:42:35.753,1.85545,1.85597,1.09,1.39
2013.05.13 10:42:36.855,1.85545,1.85597,1.09,1.39
2013.05.13 10:42:37.364,1.85546,1.85599,1.39,1.09
2013.05.13 10:42:38.603,1.85546,1.85599,1.39,1.09
2013.05.13 10:42:39.573,1.85545,1.85597,2.59,1.39
2013.05.13 10:42:39.933,1.85545,1.85597,1.84,1.39
2013.05.13 10:42:40.793,1.85545,1.85599,1.84,1.09
2013.05.13 10:42:41.679,1.85545,1.85595,1.84,1.69
2013.05.13 10:42:42.444,1.85539,1.85592,2.14,1.09
2013.05.13 10:42:43.424,1.85537,1.8559,1.09,1.84
2013.05.13 10:42:44.233,1.85537,1.8559,1.09,1.09
2013.05.13 10:42:45.524,1.85539,1.85591,1.39,1.65
2013.05.13 10:42:46.517,1.85537,1.8559,1.84,1.84
2013.05.13 10:42:47.723,1.85537,1.8559,1.09,1.09
2013.05.13 10:42:50.543,1.85537,1.8559,1.84,1.84
2013.05.13 10:42:50.663,1.85539,1.85589,1.39,1.09
2013.05.13 10:42:51.089,1.85537,1.85586,1.39,1.20
2013.05.13 10:42:51.603,1.85537,1.85584,1.39,1.50
2013.05.13 10:42:52.083,1.85531,1.85583,1.77,1.20
2013.05.13 10:42:52.143,1.85529,1.85583,1.39,1.65
2013.05.13 10:42:53.993,1.85526,1.85581,1.39,1.09
2013.05.13 10:42:56.864,1.85529,1.85583,1.39,1.84
2013.05.13 10:42:57.625,1.85529,1.85577,1.39,1.20
2013.05.13 10:42:58.112,1.85526,1.85577,1.39,1.20
2013.05.13 10:42:58.641,1.85526,1.85581,1.39,1.28
2013.05.13 10:43:00.105,1.85526,1.85577,1.39,1.20
2013.05.13 10:43:02.064,1.85526,1.85574,1.39,1.50
2013.05.13 10:43:02.245,1.85529,1.85577,1.39,1.39
2013.05.13 10:43:02.364,1.85525,1.85577,1.84,1.39
2013.05.13 10:43:02.781,1.85529,1.85577,1.39,1.39
2013.05.13 10:43:07.664,1.85529,1.85577,1.39,1.39
2013.05.13 10:43:08.334,1.85529,1.85581,1.39,1.09
2013.05.13 10:43:08.844,1.85529,1.85582,2.14,1.65
2013.05.13 10:43:11.574,1.85529,1.85577,2.14,1.20
2013.05.13 10:43:11.708,1.85529,1.85577,1.39,1.20
2013.05.13 10:43:11.826,1.85526,1.85577,1.39,1.20
2013.05.13 10:43:12.064,1.85525,1.85572,2.14,1.20
2013.05.13 10:43:12.826,1.85522,1.85572,1.39,1.20
2013.05.13 10:43:16.207,1.85522,1.85569,1.39,1.20
2013.05.13 10:43:16.564,1.85517,1.85562,1.69,1.20
2013.05.13 10:43:16.624,1.85517,1.85562,1.69,1.20
2013.05.13 10:43:17.384,1.85518,1.85569,1.69,1.28
2013.05.13 10:43:22.110,1.85513,1.85565,2.14,1.65
2013.05.13 10:43:23.874,1.85515,1.85565,1.69,1.65
2013.05.13 10:43:25.956,1.85514,1.85565,1.69,1.65
2013.05.13 10:43:26.134,1.85514,1.85568,2.44,1.09
2013.05.13 10:43:27.147,1.85515,1.85566,1.69,1.65
2013.05.13 10:43:28.204,1.85513,1.85565,1.39,1.09
2013.05.13 10:43:29.537,1.85513,1.85565,1.39,1.09
2013.05.13 10:43:29.664,1.85513,1.85565,1.39,1.09
2013.05.13 10:43:30.573,1.85516,1.85566,1.69,1.65
2013.05.13 10:43:32.109,1.85515,1.85566,1.69,1.65
2013.05.13 10:43:34.348,1.85513,1.85566,2.14,1.65
2013.05.13 10:43:36.324,1.85519,1.85574,1.09,1.84
2013.05.13 10:43:36.894,1.85519,1.8557,1.09,1.39
2013.05.13 10:43:37.194,1.85519,1.8557,1.84,1.20
2013.05.13 10:43:37.374,1.85519,1.85573,1.84,1.39
2013.05.13 10:43:37.665,1.85519,1.8557,1.84,1.20
2013.05.13 10:43:37.905,1.85519,1.85574,1.84,1.09
2013.05.13 10:43:38.498,1.85519,1.85574,1.09,1.09
2013.05.13 10:43:41.274,1.85519,1.85574,1.09,1.09
2013.05.13 10:43:42.386,1.85519,1.85574,1.09,1.09
2013.05.13 10:43:44.099,1.85519,1.85574,1.09,1.09
2013.05.13 10:43:46.186,1.85523,1.85574,1.39,1.09
2013.05.13 10:43:46.314,1.85523,1.85574,1.39,1.09
2013.05.13 10:43:48.315,1.85528,1.85581,1.84,1.39
2013.05.13 10:43:50.095,1.8553,1.85584,1.39,1.84
2013.05.13 10:43:51.314,1.85536,1.85589,1.09,1.39
2013.05.13 10:43:52.066,1.85537,1.85589,1.09,1.39
2013.05.13 10:43:53.485,1.85537,1.85589,1.09,1.39
2013.05.13 10:43:54.582,1.85537,1.85589,1.09,1.39
2013.05.13 10:43:58.985,1.85537,1.85588,1.09,1.13
2013.05.13 10:43:59.506,1.85538,1.85589,1.39,1.39
2013.05.13 10:44:00.034,1.85538,1.85589,1.39,1.20
2013.05.13 10:44:01.955,1.85539,1.85589,1.39,1.20
2013.05.13 10:44:02.075,1.85539,1.85592,1.39,1.09
2013.05.13 10:44:03.564,1.85541,1.85592,1.69,1.09
2013.05.13 10:44:04.647,1.8554,1.85592,1.39,1.09
2013.05.13 10:44:10.880,1.8554,1.85593,1.39,1.84
2013.05.13 10:44:11.714,1.85539,1.85593,1.39,1.84
2013.05.13 10:44:11.895,1.85537,1.85591,1.39,1.09
2013.05.13 10:44:16.105,1.85538,1.85591,1.39,1.09
2013.05.13 10:44:20.075,1.85537,1.85591,2.14,1.09
2013.05.13 10:44:20.137,1.85537,1.85588,2.14,1.39
2013.05.13 10:44:21.054,1.85539,1.85588,1.39,1.20
2013.05.13 10:44:22.184,1.85541,1.85588,1.88,1.20
2013.05.13 10:44:29.695,1.85542,1.85588,1.13,1.20
2013.05.13 10:44:31.047,1.8554,1.85595,1.88,1.65
2013.05.13 10:44:31.345,1.85539,1.8559,1.39,1.20
2013.05.13 10:44:31.794,1.85538,1.8559,1.69,1.65
2013.05.13 10:44:32.435,1.85538,1.8559,1.69,1.65
2013.05.13 10:44:33.618,1.85538,1.8559,1.69,1.65
2013.05.13 10:44:37.094,1.85538,1.8559,1.69,1.84
2013.05.13 10:44:39.073,1.85538,1.85584,1.69,1.20
2013.05.13 10:44:40.056,1.85538,1.85584,1.69,1.20
2013.05.13 10:44:42.185,1.85538,1.8559,1.69,1.84
2013.05.13 10:44:45.335,1.85538,1.8559,1.69,1.65
2013.05.13 10:44:48.896,1.85538,1.85589,1.69,1.09
2013.05.13 10:44:50.004,1.85538,1.85589,1.69,1.09
2013.05.13 10:44:51.894,1.85538,1.85589,1.69,1.09
2013.05.13 10:44:51.972,1.85538,1.8559,1.69,1.09
2013.05.13 10:44:56.938,1.85538,1.85591,1.69,1.09
2013.05.13 10:45:00.111,1.85538,1.85587,1.69,1.20
2013.05.13 10:45:00.294,1.85538,1.85587,1.69,1.20
2013.05.13 10:45:01.599,1.85538,1.8559,1.69,1.09
2013.05.13 10:45:07.764,1.85538,1.8559,1.69,1.09
2013.05.13 10:45:08.705,1.85538,1.85592,1.69,1.65
2013.05.13 10:45:09.034,1.85537,1.85584,1.39,1.20
2013.05.13 10:45:09.468,1.85528,1.85584,2.89,1.65
2013.05.13 10:45:09.907,1.85528,1.85585,1.39,2.40
2013.05.13 10:45:11.805,1.85528,1.85585,1.39,2.40
2013.05.13 10:45:12.936,1.85528,1.85585,1.39,2.59
2013.05.13 10:45:14.483,1.85528,1.85585,1.39,2.40
2013.05.13 10:45:16.674,1.85528,1.85584,1.39,1.65
2013.05.13 10:45:17.147,1.85528,1.85578,1.39,1.20
2013.05.13 10:45:18.056,1.85528,1.85578,1.39,1.20
2013.05.13 10:45:21.624,1.85528,1.85585,1.39,2.59
2013.05.13 10:45:22.241,1.85528,1.85584,1.39,1.09
2013.05.13 10:45:22.434,1.85528,1.85578,1.39,1.20
2013.05.13 10:45:23.879,1.85528,1.85578,1.39,1.20
2013.05.13 10:45:28.665,1.85528,1.85585,1.39,2.40
2013.05.13 10:45:28.935,1.85528,1.85578,1.39,1.20
2013.05.13 10:45:31.975,1.85527,1.85574,2.14,1.20
2013.05.13 10:45:33.419,1.85528,1.85574,2.44,1.20
2013.05.13 10:45:34.645,1.85527,1.85582,2.14,2.03
2013.05.13 10:45:41.059,1.85527,1.85575,3.64,1.20
2013.05.13 10:45:42.189,1.85527,1.85575,2.14,1.20
2013.05.13 10:45:45.808,1.85527,1.85575,2.14,1.20
2013.05.13 10:45:49.754,1.85528,1.85582,1.39,1.65
2013.05.13 10:45:50.337,1.85528,1.85575,1.39,1.20
2013.05.13 10:45:54.709,1.85528,1.85575,1.39,1.20
2013.05.13 10:45:55.229,1.85528,1.85581,1.39,1.09
2013.05.13 10:45:55.686,1.85528,1.85581,1.39,1.09
2013.05.13 10:46:00.195,1.85528,1.85575,2.14,1.20
2013.05.13 10:46:03.813,1.85528,1.85575,1.39,1.20
2013.05.13 10:46:05.186,1.85528,1.85582,1.39,1.65
2013.05.13 10:46:10.156,1.85531,1.85584,1.39,2.40
2013.05.13 10:46:11.175,1.85536,1.85588,1.69,1.28
2013.05.13 10:46:11.234,1.8554,1.85591,1.39,1.47
2013.05.13 10:46:11.294,1.8554,1.85591,1.39,1.09
2013.05.13 10:46:11.354,1.8554,1.85589,1.39,1.20
2013.05.13 10:46:12.184,1.8554,1.85589,1.39,1.20
2013.05.13 10:46:13.925,1.8554,1.85594,1.39,1.65
2013.05.13 10:46:15.105,1.8554,1.85594,1.39,1.65
2013.05.13 10:46:16.224,1.8554,1.85595,1.39,1.65
2013.05.13 10:46:21.077,1.8554,1.85589,1.39,1.20
2013.05.13 10:46:21.810,1.8554,1.85589,2.14,1.20
2013.05.13 10:46:22.585,1.8554,1.85589,2.14,1.20
2013.05.13 10:46:22.886,1.8554,1.85589,1.39,1.20
2013.05.13 10:46:23.075,1.8554,1.85589,1.39,1.20
2013.05.13 10:46:23.496,1.85532,1.85584,1.39,1.65
2013.05.13 10:46:24.215,1.85537,1.85584,1.69,1.65
2013.05.13 10:46:25.197,1.85537,1.85584,1.69,1.65
2013.05.13 10:46:25.535,1.85532,1.85579,1.39,1.20
2013.05.13 10:46:25.845,1.85532,1.85584,1.39,1.65
2013.05.13 10:46:26.397,1.85537,1.85584,1.69,1.65
2013.05.13 10:46:27.948,1.85537,1.85585,1.69,1.65
2013.05.13 10:46:28.935,1.85537,1.85585,1.69,1.65
2013.05.13 10:46:31.425,1.85537,1.85585,1.69,1.65
2013.05.13 10:46:37.076,1.85532,1.85579,1.39,1.20
2013.05.13 10:46:37.149,1.85532,1.85585,1.39,1.65
2013.05.13 10:46:37.425,1.85532,1.85585,1.39,1.65
2013.05.13 10:46:37.485,1.85532,1.85579,1.39,1.20
2013.05.13 10:46:38.861,1.85532,1.85579,1.39,1.20
2013.05.13 10:46:39.366,1.85532,1.85584,1.39,1.65
2013.05.13 10:46:40.677,1.85532,1.85584,1.39,1.65
2013.05.13 10:46:42.192,1.85532,1.85584,1.39,1.65
2013.05.13 10:46:43.455,1.85538,1.85585,1.39,1.20
2013.05.13 10:46:43.834,1.85538,1.85585,1.39,1.20
2013.05.13 10:46:44.717,1.85538,1.85592,1.39,1.09
2013.05.13 10:46:46.094,1.85538,1.85585,1.39,1.20
2013.05.13 10:46:47.305,1.85538,1.85585,1.39,1.20
2013.05.13 10:46:48.514,1.85538,1.85585,1.39,1.20
2013.05.13 10:46:49.615,1.85538,1.85593,1.39,1.28
2013.05.13 10:46:51.095,1.85538,1.85585,2.14,1.20
2013.05.13 10:46:52.185,1.85538,1.85585,2.14,1.20
2013.05.13 10:46:53.575,1.85538,1.85585,1.39,1.20
2013.05.13 10:46:53.705,1.85538,1.85585,1.39,1.20
2013.05.13 10:46:56.226,1.85538,1.85585,1.39,1.20
2013.05.13 10:46:58.335,1.85538,1.85585,2.89,1.20
2013.05.13 10:46:59.334,1.85538,1.85585,2.14,1.20
2013.05.13 10:47:00.687,1.85538,1.85585,2.14,1.20
2013.05.13 10:47:02.015,1.85538,1.85585,2.14,1.20
2013.05.13 10:47:03.974,1.8554,1.85587,1.39,1.39
2013.05.13 10:47:09.474,1.8554,1.85591,1.39,1.09
2013.05.13 10:47:09.836,1.85544,1.85595,1.09,1.69
2013.05.13 10:47:11.964,1.85544,1.85596,1.84,1.39
2013.05.13 10:47:15.251,1.85545,1.85596,1.39,1.39
2013.05.13 10:47:16.108,1.85545,1.85595,1.39,1.13
2013.05.13 10:47:19.665,1.85548,1.85595,1.39,1.13
2013.05.13 10:47:19.984,1.85533,1.85576,1.39,1.13
2013.05.13 10:47:20.285,1.85536,1.8559,2.44,1.28
2013.05.13 10:47:20.405,1.85543,1.85594,1.39,1.65
2013.05.13 10:47:22.114,1.85543,1.85594,1.39,1.84
2013.05.13 10:47:23.095,1.85543,1.85593,1.39,1.09
2013.05.13 10:47:23.256,1.85543,1.85593,1.39,1.09
2013.05.13 10:47:24.124,1.85543,1.85593,1.39,1.09
2013.05.13 10:47:25.125,1.85543,1.85593,1.39,1.28
2013.05.13 10:47:26.688,1.85543,1.85593,1.39,1.28
2013.05.13 10:47:30.544,1.85542,1.85593,1.39,1.28
2013.05.13 10:47:31.549,1.85542,1.8559,1.39,1.39
2013.05.13 10:47:32.220,1.85543,1.8559,1.39,1.20
2013.05.13 10:47:35.337,1.85543,1.8559,1.39,1.20
2013.05.13 10:47:36.875,1.8554,1.85593,1.84,1.28
2013.05.13 10:47:37.785,1.85544,1.85593,1.13,1.28
2013.05.13 10:47:37.905,1.85556,1.85602,1.39,1.32
2013.05.13 10:47:38.760,1.85561,1.85602,1.13,1.13
2013.05.13 10:47:40.094,1.85561,1.85602,2.33,1.13
2013.05.13 10:47:43.170,1.85561,1.85602,2.33,1.13
2013.05.13 10:47:44.837,1.85561,1.85605,2.33,1.13
2013.05.13 10:47:47.264,1.85563,1.85605,1.58,1.13
2013.05.13 10:47:47.786,1.85563,1.85613,1.39,1.02
2013.05.13 10:47:48.118,1.85562,1.85601,1.39,1.13
2013.05.13 10:47:48.175,1.85562,1.85605,1.39,1.13
2013.05.13 10:47:48.235,1.85562,1.85605,1.39,1.50
2013.05.13 10:47:48.536,1.85553,1.85598,1.39,1.13
2013.05.13 10:47:49.157,1.85553,1.85598,1.39,1.13
2013.05.13 10:47:56.274,1.85553,1.85598,1.39,1.32
2013.05.13 10:47:57.490,1.85553,1.85598,1.39,1.32
2013.05.13 10:47:59.607,1.85549,1.85597,1.84,1.13
2013.05.13 10:48:00.674,1.85549,1.85597,1.84,1.13
2013.05.13 10:48:00.876,1.85549,1.85597,1.84,1.13
2013.05.13 10:48:01.913,1.85553,1.856,1.39,1.39
2013.05.13 10:48:02.306,1.85553,1.856,1.39,1.39
2013.05.13 10:48:02.636,1.85553,1.856,1.39,1.39
2013.05.13 10:48:02.874,1.85553,1.856,1.39,1.39
2013.05.13 10:48:03.296,1.85553,1.856,1.39,1.39
2013.05.13 10:48:03.846,1.85553,1.856,1.39,1.39
2013.05.13 10:48:04.286,1.85553,1.856,1.39,1.39
2013.05.13 10:48:04.616,1.85553,1.856,1.39,1.39
2013.05.13 10:48:04.864,1.85553,1.856,1.39,1.39
2013.05.13 10:48:05.283,1.85553,1.856,1.39,1.20
2013.05.13 10:48:07.614,1.85553,1.856,1.39,1.20
2013.05.13 10:48:08.246,1.85548,1.85595,1.69,1.65
2013.05.13 10:48:08.525,1.85548,1.85592,1.69,1.20
2013.05.13 10:48:11.061,1.85547,1.85592,1.69,1.20
2013.05.13 10:48:11.124,1.85547,1.85594,1.69,1.65
2013.05.13 10:48:12.215,1.85547,1.85594,1.69,1.65
2013.05.13 10:48:14.055,1.85547,1.85594,1.69,1.84
2013.05.13 10:48:17.914,1.85554,1.85594,1.69,1.84
2013.05.13 10:48:18.217,1.85557,1.85612,1.84,1.28
2013.05.13 10:48:18.455,1.85567,1.85617,1.65,1.69
2013.05.13 10:48:19.284,1.85568,1.8562,1.09,1.39
2013.05.13 10:48:19.847,1.85568,1.85622,1.09,2.22
2013.05.13 10:48:20.025,1.85568,1.8562,1.09,1.39
2013.05.13 10:48:20.334,1.85568,1.8562,1.09,1.39
2013.05.13 10:48:21.535,1.8557,1.8562,1.39,1.20
2013.05.13 10:48:21.924,1.8557,1.85622,1.39,2.22
2013.05.13 10:48:22.284,1.85571,1.85624,2.70,1.39
2013.05.13 10:48:23.164,1.85579,1.8563,1.39,1.20
2013.05.13 10:48:23.284,1.85582,1.85635,1.39,1.39
2013.05.13 10:48:24.355,1.85588,1.8564,1.39,1.84
2013.05.13 10:48:24.664,1.85588,1.85638,1.39,1.39
2013.05.13 10:48:25.305,1.85588,1.85639,1.39,1.39
2013.05.13 10:48:25.805,1.85589,1.85639,1.39,1.20
2013.05.13 10:48:26.384,1.85589,1.85638,1.39,1.20
2013.05.13 10:48:29.105,1.85587,1.85635,1.39,1.20
2013.05.13 10:48:32.224,1.8558,1.85635,1.39,1.65
2013.05.13 10:48:35.865,1.8558,1.85628,1.39,1.20
2013.05.13 10:48:36.104,1.8558,1.85634,1.39,1.65
2013.05.13 10:48:37.908,1.8558,1.85634,1.39,1.65
2013.05.13 10:48:39.045,1.8558,1.85629,1.39,1.20
2013.05.13 10:48:39.765,1.8558,1.85629,1.39,1.65
2013.05.13 10:48:40.065,1.85576,1.85627,1.69,1.09
2013.05.13 10:48:44.255,1.85576,1.85628,1.69,1.28
2013.05.13 10:48:47.485,1.85576,1.85628,1.69,1.28
2013.05.13 10:48:53.015,1.85576,1.85628,1.69,1.28
2013.05.13 10:48:54.276,1.85576,1.85628,1.69,1.28
2013.05.13 10:48:54.814,1.85585,1.85629,1.69,1.20
2013.05.13 10:48:55.926,1.85585,1.85635,1.69,1.65
2013.05.13 10:48:59.734,1.85585,1.85635,1.69,1.65
2013.05.13 10:49:01.474,1.85588,1.85638,1.39,1.20
2013.05.13 10:49:04.774,1.85588,1.85638,1.39,1.20
2013.05.13 10:49:05.804,1.85588,1.85638,1.39,1.20
2013.05.13 10:49:06.504,1.85588,1.85635,1.39,1.20
2013.05.13 10:49:06.903,1.85585,1.85635,1.69,1.65
2013.05.13 10:49:07.884,1.85579,1.85628,1.39,1.20
2013.05.13 10:49:08.470,1.85576,1.85624,2.14,1.20
2013.05.13 10:49:08.714,1.85576,1.85624,1.69,1.65
2013.05.13 10:49:21.433,1.85576,1.85624,1.69,1.65
2013.05.13 10:49:24.765,1.85575,1.85624,1.69,1.84
2013.05.13 10:49:24.824,1.8557,1.85619,1.39,1.20
2013.05.13 10:49:26.085,1.8557,1.85619,1.39,1.20
2013.05.13 10:49:27.275,1.8557,1.85619,1.39,1.20
2013.05.13 10:49:33.064,1.85567,1.85619,1.39,1.65
2013.05.13 10:49:37.136,1.85567,1.85621,2.89,1.09
2013.05.13 10:49:37.686,1.85567,1.85616,1.39,1.20
2013.05.13 10:49:40.915,1.85567,1.85616,1.39,1.20
2013.05.13 10:49:45.134,1.85567,1.85616,1.39,1.20
2013.05.13 10:49:45.926,1.85567,1.85619,1.39,1.65
2013.05.13 10:49:46.507,1.85567,1.85616,1.39,1.20
2013.05.13 10:49:47.456,1.85567,1.85616,1.39,1.20
2013.05.13 10:49:48.425,1.85565,1.85615,1.39,1.65
2013.05.13 10:49:49.806,1.85565,1.85615,1.39,1.65
2013.05.13 10:49:52.265,1.85565,1.85615,1.39,1.65
2013.05.13 10:49:53.569,1.85565,1.85615,1.39,1.65
2013.05.13 10:49:55.425,1.85565,1.85615,1.39,1.65
2013.05.13 10:49:56.915,1.85565,1.85615,1.39,1.65
2013.05.13 10:49:59.305,1.85566,1.85619,1.69,1.09
2013.05.13 10:50:04.284,1.85566,1.85618,1.69,1.09
2013.05.13 10:50:06.140,1.85566,1.8562,1.69,1.47
2013.05.13 10:50:07.505,1.85566,1.85617,1.69,1.09
2013.05.13 10:50:08.038,1.85565,1.85612,1.39,1.20
2013.05.13 10:50:09.415,1.85556,1.85602,1.84,1.13
2013.05.13 10:50:10.664,1.85557,1.85602,1.39,1.13
2013.05.13 10:50:14.215,1.85548,1.85598,2.14,1.20
2013.05.13 10:50:15.365,1.85547,1.85591,1.39,1.13
2013.05.13 10:50:16.904,1.85545,1.85592,1.09,1.13
2013.05.13 10:50:17.804,1.85541,1.85588,1.39,1.20
2013.05.13 10:50:17.985,1.85533,1.85579,1.32,1.20
2013.05.13 10:50:18.364,1.85532,1.85579,1.39,1.20
2013.05.13 10:50:19.075,1.85528,1.85579,1.84,1.39
2013.05.13 10:50:20.695,1.85528,1.85572,1.09,1.13
2013.05.13 10:50:23.214,1.85518,1.85567,1.39,1.20
2013.05.13 10:50:23.395,1.85515,1.85567,1.84,1.20
2013.05.13 10:50:23.904,1.85515,1.85567,1.84,1.20
2013.05.13 10:50:24.384,1.85515,1.85567,1.84,1.20
2013.05.13 10:50:24.466,1.85515,1.85567,1.09,1.39
2013.05.13 10:50:25.466,1.85515,1.85567,1.09,1.39
2013.05.13 10:50:26.865,1.85515,1.85567,1.09,1.39
2013.05.13 10:50:28.935,1.85515,1.85567,1.09,1.39
2013.05.13 10:50:29.495,1.85518,1.8557,1.39,1.09
2013.05.13 10:50:30.486,1.85518,1.8557,1.77,1.09
2013.05.13 10:50:32.654,1.85518,1.8557,2.52,1.09
2013.05.13 10:50:33.766,1.85518,1.8557,2.52,1.09
2013.05.13 10:50:33.884,1.85518,1.85567,1.77,1.39
2013.05.13 10:50:34.525,1.85515,1.85564,1.39,1.95
2013.05.13 10:50:36.895,1.85512,1.85564,1.69,2.40
2013.05.13 10:50:42.238,1.8551,1.85564,2.63,2.59
2013.05.13 10:50:42.785,1.8551,1.85558,1.88,1.20
2013.05.13 10:50:45.756,1.85508,1.85558,1.39,1.20
2013.05.13 10:50:52.286,1.85509,1.85558,1.39,1.20
2013.05.13 10:50:55.645,1.85507,1.85555,1.69,1.20
2013.05.13 10:50:58.460,1.85505,1.85555,2.14,1.20
2013.05.13 10:51:02.015,1.85505,1.85555,2.14,1.20
2013.05.13 10:51:02.136,1.85505,1.85555,2.14,1.20
2013.05.13 10:51:02.338,1.85505,1.85555,2.14,1.20
2013.05.13 10:51:02.595,1.85505,1.85555,2.14,1.20
2013.05.13 10:51:04.739,1.85505,1.85555,1.39,1.20
2013.05.13 10:51:12.104,1.85505,1.85555,1.39,1.20
2013.05.13 10:51:14.825,1.85503,1.85554,1.39,1.39
2013.05.13 10:51:15.474,1.85503,1.85554,2.14,1.20
2013.05.13 10:51:16.737,1.85512,1.85565,1.09,1.39
2013.05.13 10:51:26.046,1.85517,1.85561,2.03,1.13
2013.05.13 10:51:26.105,1.85517,1.85564,2.78,1.13
2013.05.13 10:51:27.795,1.85523,1.85572,1.09,1.32
2013.05.13 10:51:34.480,1.85516,1.85564,1.39,1.20
2013.05.13 10:51:40.525,1.85516,1.85564,2.14,1.20
2013.05.13 10:51:46.175,1.85516,1.85564,1.39,1.20
2013.05.13 10:51:49.175,1.85516,1.85564,1.39,1.39
2013.05.13 10:51:49.555,1.85517,1.85564,1.69,1.39
2013.05.13 10:51:50.635,1.85517,1.85564,1.69,1.84
2013.05.13 10:51:50.695,1.85514,1.85564,1.69,1.84
2013.05.13 10:51:51.756,1.85513,1.85564,2.14,1.84
2013.05.13 10:51:52.487,1.85513,1.85564,2.33,1.84
2013.05.13 10:51:53.017,1.85516,1.85567,1.69,1.09
2013.05.13 10:51:53.547,1.85513,1.85565,2.33,1.65
2013.05.13 10:51:55.726,1.85517,1.85565,1.69,1.65
2013.05.13 10:51:57.738,1.85513,1.85564,1.39,1.09
2013.05.13 10:51:59.245,1.85512,1.85564,1.58,1.09
2013.05.13 10:52:02.216,1.85512,1.85564,2.33,1.09
2013.05.13 10:52:06.285,1.85511,1.85564,2.03,1.09
2013.05.13 10:52:08.252,1.85511,1.85564,2.03,1.09
2013.05.13 10:52:09.253,1.85511,1.85564,2.03,1.09
2013.05.13 10:52:10.785,1.85511,1.85564,1.58,1.09
2013.05.13 10:52:11.039,1.85513,1.85564,1.39,1.09
2013.05.13 10:52:12.276,1.85513,1.85564,1.39,1.65
2013.05.13 10:52:13.506,1.85513,1.85564,1.39,1.84
2013.05.13 10:52:21.665,1.85513,1.85564,2.14,1.65
2013.05.13 10:52:31.208,1.85516,1.85564,1.39,1.20
2013.05.13 10:52:40.724,1.85521,1.85567,1.02,1.39
2013.05.13 10:52:40.845,1.85517,1.85564,1.77,1.20
2013.05.13 10:52:40.904,1.85516,1.85563,1.39,1.20
2013.05.13 10:52:41.205,1.85513,1.85552,1.39,1.20
2013.05.13 10:52:41.326,1.85504,1.85555,1.39,1.65
2013.05.13 10:52:41.446,1.85501,1.85555,1.09,2.03
2013.05.13 10:52:41.977,1.85501,1.85551,1.09,1.13
2013.05.13 10:52:45.925,1.85501,1.85552,1.09,1.58
2013.05.13 10:52:47.385,1.85501,1.85552,1.09,1.58
2013.05.13 10:52:48.667,1.85501,1.85552,1.09,1.58
2013.05.13 10:52:49.505,1.85498,1.85544,1.69,1.20
2013.05.13 10:52:50.696,1.85496,1.85544,1.39,1.20
2013.05.13 10:52:54.236,1.85496,1.85544,1.39,1.39
2013.05.13 10:52:58.865,1.85496,1.85546,1.39,1.09
2013.05.13 10:52:59.936,1.85502,1.85553,1.09,1.58
2013.05.13 10:53:00.806,1.85502,1.85553,1.09,2.33
2013.05.13 10:53:01.285,1.85502,1.85554,1.09,2.33
2013.05.13 10:53:05.427,1.85502,1.85545,1.09,1.13
2013.05.13 10:53:05.666,1.85501,1.85546,1.09,1.13
2013.05.13 10:53:13.142,1.85501,1.85552,1.09,1.13
2013.05.13 10:53:15.615,1.855,1.85552,1.09,1.13
2013.05.13 10:53:19.475,1.855,1.85552,1.09,2.63
2013.05.13 10:53:19.785,1.85498,1.85547,1.39,1.39
2013.05.13 10:53:21.341,1.85498,1.85547,1.39,1.20
2013.05.13 10:53:28.873,1.85498,1.85547,2.14,1.20
2013.05.13 10:53:30.920,1.85498,1.85547,1.39,1.20
2013.05.13 10:53:32.005,1.85498,1.85547,1.39,1.39
2013.05.13 10:53:38.858,1.85498,1.85547,1.39,1.39
2013.05.13 10:53:39.776,1.85496,1.85545,1.39,1.39
2013.05.13 10:53:42.016,1.85496,1.85545,1.39,1.39
2013.05.13 10:53:42.365,1.855,1.85548,1.20,1.39
2013.05.13 10:53:43.816,1.85504,1.85555,1.09,1.39
2013.05.13 10:53:57.753,1.85504,1.85555,1.09,1.39
2013.05.13 10:53:58.896,1.85504,1.85555,1.09,1.39
2013.05.13 10:54:00.902,1.85504,1.85551,1.09,1.13
2013.05.13 10:54:00.968,1.85507,1.85551,1.50,1.13
2013.05.13 10:54:01.583,1.85506,1.85553,1.39,1.13
2013.05.13 10:54:02.365,1.85509,1.85553,1.39,1.13
2013.05.13 10:54:03.105,1.85511,1.85555,1.09,1.13
2013.05.13 10:54:04.056,1.85511,1.85554,1.09,1.13
2013.05.13 10:54:04.395,1.85509,1.85555,1.65,1.13
2013.05.13 10:54:05.147,1.85509,1.8556,1.65,1.69
2013.05.13 10:54:05.505,1.85505,1.85555,1.09,1.39
2013.05.13 10:54:05.566,1.85503,1.85555,1.09,1.39
2013.05.13 10:54:05.755,1.85503,1.85554,1.09,1.39
2013.05.13 10:54:06.151,1.85503,1.85551,1.09,1.50
2013.05.13 10:54:06.627,1.85503,1.85552,1.09,1.88
2013.05.13 10:54:07.121,1.85503,1.85552,1.09,1.13
2013.05.13 10:54:09.825,1.85505,1.85553,1.39,1.13
2013.05.13 10:54:10.377,1.85505,1.85554,1.39,1.39
2013.05.13 10:54:10.739,1.85503,1.85554,1.09,1.39
2013.05.13 10:54:10.806,1.85503,1.85552,1.09,1.69
2013.05.13 10:54:13.636,1.85503,1.85551,1.09,1.32
2013.05.13 10:54:13.835,1.85503,1.85551,1.09,1.32
2013.05.13 10:54:18.380,1.85502,1.85551,1.09,1.32
2013.05.13 10:54:18.507,1.85495,1.85537,1.47,2.44
2013.05.13 10:54:18.626,1.85477,1.85526,1.39,1.20
2013.05.13 10:54:19.143,1.85469,1.85518,1.77,1.20
2013.05.13 10:54:20.231,1.85469,1.85518,1.02,1.20
2013.05.13 10:54:23.039,1.85468,1.85518,1.39,1.20
2013.05.13 10:54:24.707,1.85466,1.85518,1.09,1.39
2013.05.13 10:54:25.165,1.85466,1.85518,1.09,1.39
2013.05.13 10:54:29.127,1.85466,1.85518,1.09,2.14
2013.05.13 10:54:29.805,1.85457,1.85507,1.39,1.20
2013.05.13 10:54:30.706,1.85455,1.85507,1.09,1.20
2013.05.13 10:54:31.747,1.85456,1.85507,1.39,1.20
2013.05.13 10:54:32.135,1.85456,1.8551,2.14,1.09
2013.05.13 10:54:32.195,1.85464,1.85516,1.84,1.39
2013.05.13 10:54:32.316,1.85467,1.85519,1.20,1.84
2013.05.13 10:54:32.557,1.85477,1.85524,1.39,1.20
2013.05.13 10:54:32.916,1.85477,1.85528,2.14,1.09
2013.05.13 10:54:35.075,1.85477,1.85524,1.39,1.20
2013.05.13 10:54:35.255,1.85474,1.85524,1.84,1.39
2013.05.13 10:54:37.389,1.85473,1.85522,1.09,1.32
2013.05.13 10:54:37.698,1.85478,1.85527,2.03,1.69
2013.05.13 10:54:38.058,1.85482,1.85533,1.09,1.39
2013.05.13 10:54:38.487,1.85488,1.85533,1.69,1.39
2013.05.13 10:54:38.795,1.8549,1.8554,1.65,1.69
2013.05.13 10:54:41.398,1.85493,1.85545,1.09,1.39
2013.05.13 10:54:42.395,1.85493,1.85545,1.09,1.39
2013.05.13 10:54:45.085,1.85493,1.85545,1.09,1.39
2013.05.13 10:54:45.855,1.85499,1.85551,1.09,1.69
2013.05.13 10:54:49.396,1.85499,1.85551,1.09,1.69
2013.05.13 10:55:06.136,1.855,1.85548,1.09,1.13
2013.05.13 10:55:06.198,1.855,1.85551,1.09,1.39
2013.05.13 10:55:06.316,1.85504,1.85551,1.39,1.39
2013.05.13 10:55:06.850,1.85504,1.85551,1.39,1.39
2013.05.13 10:55:23.316,1.85504,1.85551,1.20,1.39
2013.05.13 10:55:23.555,1.855,1.85551,1.09,1.39
2013.05.13 10:55:25.955,1.85502,1.85552,1.09,1.77
2013.05.13 10:55:31.873,1.85502,1.85552,1.09,1.77
2013.05.13 10:55:31.995,1.85505,1.85552,1.20,1.77
2013.05.13 10:55:34.776,1.85505,1.85552,1.39,1.39
2013.05.13 10:55:35.277,1.85505,1.85552,1.39,1.20
2013.05.13 10:55:35.676,1.85507,1.85555,2.14,1.39
2013.05.13 10:55:48.082,1.85507,1.85544,1.65,1.69
2013.05.13 10:55:48.516,1.85507,1.85544,1.20,1.69
2013.05.13 10:55:48.665,1.85505,1.85544,1.20,1.69
2013.05.13 10:55:49.631,1.85505,1.85544,1.20,1.69
2013.05.13 10:55:51.455,1.85505,1.85547,1.20,1.69
2013.05.13 10:55:53.065,1.85505,1.85547,1.20,1.69
2013.05.13 10:55:57.976,1.85505,1.85547,1.20,1.69
2013.05.13 10:55:58.485,1.85498,1.85545,2.44,1.39
2013.05.13 10:55:59.282,1.85498,1.85545,2.44,1.39
2013.05.13 10:56:00.416,1.85508,1.85551,1.73,1.69
2013.05.13 10:56:00.535,1.85508,1.85552,1.73,2.14
2013.05.13 10:56:01.564,1.85508,1.85552,1.13,1.39
2013.05.13 10:56:02.238,1.85508,1.85552,3.23,1.39
2013.05.13 10:56:02.447,1.85508,1.85554,3.42,1.39
2013.05.13 10:56:02.506,1.85506,1.85554,1.69,1.39
2013.05.13 10:56:03.800,1.85506,1.85553,1.69,1.39
2013.05.13 10:56:04.804,1.85506,1.85554,1.69,1.39
2013.05.13 10:56:09.216,1.85506,1.85552,1.50,1.39
2013.05.13 10:56:10.785,1.85506,1.85551,1.50,1.32
2013.05.13 10:56:11.096,1.85502,1.8555,1.09,1.69
2013.05.13 10:56:15.335,1.85497,1.85543,1.32,1.20
2013.05.13 10:56:17.516,1.85498,1.85544,1.13,1.39
2013.05.13 10:56:17.576,1.85499,1.85545,1.28,1.69
2013.05.13 10:56:22.396,1.85499,1.85544,1.28,1.69
2013.05.13 10:56:27.095,1.85499,1.85543,1.28,1.69
2013.05.13 10:56:33.186,1.85503,1.85538,1.20,1.69
2013.05.13 10:56:37.695,1.85507,1.85543,1.20,1.69
2013.05.13 10:56:42.578,1.85507,1.85548,1.20,1.69
2013.05.13 10:56:52.375,1.855,1.85546,1.47,1.69
2013.05.13 10:56:55.735,1.85507,1.85545,1.20,1.69
2013.05.13 10:56:57.206,1.85507,1.85545,1.20,1.69
2013.05.13 10:56:57.855,1.85507,1.85545,1.20,1.69
2013.05.13 10:56:59.904,1.85507,1.85545,1.20,1.69
2013.05.13 10:57:00.326,1.85507,1.85542,1.20,1.69
2013.05.13 10:57:09.896,1.85499,1.85538,1.65,1.69
2013.05.13 10:57:10.968,1.85499,1.85544,1.65,1.69
2013.05.13 10:57:11.096,1.85499,1.85544,1.65,1.69
2013.05.13 10:57:13.235,1.85499,1.85544,1.28,1.69
2013.05.13 10:57:15.986,1.85499,1.85544,1.28,1.69
2013.05.13 10:57:17.995,1.85497,1.85544,1.65,1.69
2013.05.13 10:57:18.116,1.85497,1.85542,1.65,1.69
2013.05.13 10:57:24.541,1.85496,1.85538,1.28,1.69
2013.05.13 10:57:24.835,1.85492,1.85538,2.22,1.69
2013.05.13 10:57:24.896,1.85492,1.85537,1.20,1.69
2013.05.13 10:57:25.547,1.85483,1.85532,1.39,1.20
2013.05.13 10:57:25.606,1.85483,1.85532,1.39,1.39
2013.05.13 10:57:25.841,1.85483,1.85527,1.20,1.69
2013.05.13 10:57:25.916,1.85479,1.85527,1.09,1.69
2013.05.13 10:57:26.155,1.85479,1.85527,1.09,1.69
2013.05.13 10:57:26.656,1.85479,1.85527,1.09,1.69
2013.05.13 10:57:26.986,1.85474,1.85521,2.14,1.20
2013.05.13 10:57:27.521,1.85474,1.8552,1.95,1.69
2013.05.13 10:57:27.591,1.85473,1.8552,1.20,1.69
2013.05.13 10:57:28.966,1.85474,1.85514,1.20,1.69
2013.05.13 10:57:29.475,1.85474,1.85514,1.20,1.69
2013.05.13 10:57:31.105,1.85474,1.85521,2.14,1.39
2013.05.13 10:57:32.225,1.85474,1.85521,1.39,1.39
2013.05.13 10:57:32.345,1.85477,1.85524,1.65,1.69
2013.05.13 10:57:32.405,1.85477,1.85524,1.84,1.69
2013.05.13 10:57:32.465,1.85483,1.85524,1.20,1.69
2013.05.13 10:57:33.651,1.85478,1.85524,1.65,1.69
2013.05.13 10:57:34.249,1.85478,1.85526,1.84,1.69
2013.05.13 10:57:35.185,1.85478,1.85524,1.65,1.69
2013.05.13 10:57:36.646,1.85478,1.85524,1.65,1.69
2013.05.13 10:57:36.985,1.85483,1.85524,1.20,1.69
2013.05.13 10:57:38.037,1.85483,1.85527,1.20,1.69
2013.05.13 10:57:38.174,1.85479,1.85527,1.09,1.69
2013.05.13 10:57:42.475,1.85479,1.85525,1.09,1.69
2013.05.13 10:57:47.375,1.8548,1.85527,1.09,1.69
2013.05.13 10:57:49.460,1.8548,1.85527,1.09,1.69
2013.05.13 10:57:51.406,1.8548,1.85524,1.09,1.13
2013.05.13 10:57:51.516,1.8548,1.85527,1.09,1.69
2013.05.13 10:57:51.925,1.85478,1.85524,1.09,1.69
2013.05.13 10:57:52.965,1.85477,1.85524,1.65,1.69
2013.05.13 10:57:58.306,1.85477,1.85524,1.65,1.69
2013.05.13 10:58:00.318,1.85477,1.85524,1.65,1.69
2013.05.13 10:58:02.217,1.85477,1.85521,1.65,1.69
2013.05.13 10:58:02.827,1.85475,1.85521,1.95,1.88
2013.05.13 10:58:04.625,1.85475,1.85516,1.95,1.69
2013.05.13 10:58:10.215,1.85475,1.85518,1.20,1.69
2013.05.13 10:58:11.160,1.85476,1.85522,1.50,1.58
2013.05.13 10:58:12.115,1.85475,1.85518,1.20,1.69
2013.05.13 10:58:19.545,1.85475,1.85516,1.20,1.69
2013.05.13 10:58:21.053,1.85475,1.85517,1.20,1.69
2013.05.13 10:58:25.715,1.85487,1.85525,1.20,1.69
2013.05.13 10:58:25.896,1.85482,1.85532,2.22,1.69
2013.05.13 10:58:27.417,1.85482,1.85525,1.65,1.69
2013.05.13 10:58:32.413,1.85481,1.85524,2.03,1.69
2013.05.13 10:58:37.416,1.85479,1.85524,1.20,1.69
2013.05.13 10:58:37.538,1.85478,1.85524,1.20,1.69
2013.05.13 10:58:41.416,1.85479,1.85529,1.20,1.39
2013.05.13 10:58:41.743,1.85481,1.85531,2.03,1.13
2013.05.13 10:58:45.117,1.85481,1.85534,1.28,1.69
2013.05.13 10:58:55.250,1.85481,1.85525,2.03,1.69
2013.05.13 10:58:56.707,1.85481,1.85525,2.03,1.69
2013.05.13 10:58:59.685,1.85487,1.85535,1.20,1.69
2013.05.13 10:59:00.126,1.8549,1.85532,1.20,1.69
2013.05.13 10:59:00.365,1.8549,1.85534,1.65,1.69
2013.05.13 10:59:01.256,1.85489,1.85535,1.65,1.69
2013.05.13 10:59:09.757,1.8549,1.85534,1.65,1.69
2013.05.13 10:59:10.766,1.85491,1.85539,1.09,1.69
2013.05.13 10:59:13.678,1.85491,1.85539,1.09,1.69
2013.05.13 10:59:13.738,1.85484,1.85531,1.39,1.20
2013.05.13 10:59:13.797,1.8548,1.85531,1.09,1.20
2013.05.13 10:59:14.907,1.8548,1.85528,1.09,1.69
2013.05.13 10:59:15.267,1.85471,1.85524,1.47,1.65
2013.05.13 10:59:16.208,1.85471,1.85524,1.47,1.84
2013.05.13 10:59:17.886,1.85471,1.85523,1.47,1.39
2013.05.13 10:59:19.117,1.85471,1.85524,1.47,2.59
2013.05.13 10:59:19.846,1.85471,1.85522,1.09,1.39
2013.05.13 10:59:21.956,1.85471,1.8552,1.09,1.69
2013.05.13 10:59:27.076,1.85471,1.85522,1.09,2.33
2013.05.13 10:59:27.256,1.85464,1.85515,1.39,1.84
2013.05.13 10:59:27.496,1.85464,1.85515,1.39,1.84
2013.05.13 10:59:28.047,1.85462,1.85513,1.09,1.20
2013.05.13 10:59:29.150,1.85462,1.85513,1.09,1.28
2013.05.13 10:59:29.288,1.85462,1.85514,1.09,1.39
2013.05.13 10:59:29.757,1.85462,1.85513,1.09,1.39
2013.05.13 10:59:30.217,1.85454,1.85505,1.39,1.20
2013.05.13 10:59:30.851,1.85454,1.85503,1.39,1.20
2013.05.13 10:59:30.918,1.85456,1.85504,1.39,1.20
2013.05.13 10:59:31.156,1.85453,1.85503,1.09,1.20
2013.05.13 10:59:33.728,1.85453,1.85503,1.09,1.58
2013.05.13 10:59:35.697,1.85453,1.85502,1.09,1.69
2013.05.13 10:59:36.236,1.85445,1.85495,1.39,1.39
2013.05.13 10:59:39.916,1.85447,1.85495,1.39,1.39
2013.05.13 10:59:42.521,1.85445,1.85495,1.39,1.39
2013.05.13 10:59:43.266,1.85443,1.85495,1.09,1.39
2013.05.13 10:59:43.636,1.85445,1.85495,1.39,1.39
2013.05.13 10:59:43.875,1.85445,1.85495,1.39,1.39
2013.05.13 10:59:44.467,1.85448,1.85499,1.69,1.09
2013.05.13 10:59:44.587,1.85448,1.85495,1.39,1.39
2013.05.13 10:59:44.646,1.8545,1.85502,1.09,1.88
2013.05.13 10:59:45.796,1.8545,1.855,1.09,1.69
2013.05.13 10:59:46.879,1.85451,1.85502,1.09,1.13
2013.05.13 10:59:50.016,1.85445,1.85494,1.39,1.39
2013.05.13 10:59:50.075,1.85443,1.85494,1.09,1.39
2013.05.13 10:59:50.286,1.85443,1.85494,1.09,1.39
2013.05.13 10:59:50.987,1.85443,1.85495,1.09,1.39
2013.05.13 10:59:52.486,1.85446,1.85496,1.32,1.09
2013.05.13 10:59:54.196,1.85445,1.85495,1.77,1.20
2013.05.13 10:59:56.056,1.85449,1.85501,1.02,1.39
2013.05.13 10:59:57.367,1.8545,1.85501,1.09,1.69
2013.05.13 10:59:58.965,1.85449,1.85498,1.09,1.69
2013.05.13 10:59:59.539,1.85448,1.85496,1.39,1.39
2013.05.13 10:59:59.596,1.85447,1.85496,2.14,1.39
