2015.09.30 23:00:04.215,2.36692,2.36817,1.00,1.00
2015.09.30 23:00:10.279,2.36692,2.36826,1.00,1.00
2015.09.30 23:00:10.339,2.36701,2.36826,1.00,1.00
2015.09.30 23:00:12.839,2.36701,2.36827,1.00,1.00
2015.09.30 23:00:13.009,2.36691,2.36827,1.00,1.00
2015.09.30 23:00:13.060,2.36693,2.36835,1.00,1.00
2015.09.30 23:00:13.601,2.36698,2.36826,1.00,1.00
2015.09.30 23:00:13.886,2.36695,2.36826,1.00,1.00
2015.09.30 23:00:14.087,2.36721,2.36826,1.00,1.00
2015.09.30 23:00:14.138,2.36721,2.36837,1.00,1.00
2015.09.30 23:00:14.339,2.36701,2.36837,1.50,1.00
2015.09.30 23:00:15.089,2.36704,2.36837,1.00,1.00
2015.09.30 23:00:15.433,2.36714,2.36846,1.00,1.00
2015.09.30 23:00:15.484,2.36711,2.36847,1.00,1.00
2015.09.30 23:00:16.110,2.36714,2.36849,1.00,1.00
2015.09.30 23:00:16.436,2.36722,2.36849,1.00,1.00
2015.09.30 23:00:17.161,2.36721,2.36849,1.00,1.00
2015.09.30 23:00:17.510,2.36722,2.36846,1.00,1.00
2015.09.30 23:00:17.894,2.36721,2.36849,1.00,1.00
2015.09.30 23:00:18.045,2.36732,2.36849,1.00,1.00
2015.09.30 23:00:18.309,2.36722,2.36847,1.00,1.00
2015.09.30 23:00:18.550,2.36721,2.36849,1.00,1.00
2015.09.30 23:00:18.601,2.36722,2.36845,1.00,1.00
2015.09.30 23:00:19.350,2.36722,2.36843,1.00,1.00
2015.09.30 23:00:20.019,2.36721,2.36843,1.00,1.00
2015.09.30 23:00:20.571,2.36722,2.36843,1.00,1.00
2015.09.30 23:00:20.893,2.36731,2.36843,1.00,1.00
2015.09.30 23:00:20.944,2.36722,2.36843,1.00,1.00
2015.09.30 23:00:21.516,2.36721,2.36843,1.00,1.00
2015.09.30 23:00:22.099,2.36722,2.36843,1.00,1.00
2015.09.30 23:00:22.611,2.36721,2.36843,1.00,1.00
2015.09.30 23:00:29.171,2.36722,2.36844,1.00,1.00
2015.09.30 23:00:29.272,2.36716,2.36837,1.00,1.00
2015.09.30 23:00:29.459,2.36716,2.36839,1.00,1.50
2015.09.30 23:00:29.589,2.36722,2.36839,1.00,1.00
2015.09.30 23:00:30.136,2.36722,2.36837,1.00,1.00
2015.09.30 23:00:33.050,2.36722,2.36836,1.00,1.00
2015.09.30 23:00:34.039,2.36722,2.36826,1.00,1.00
2015.09.30 23:00:34.719,2.36722,2.36827,1.00,1.00
2015.09.30 23:00:39.960,2.36721,2.36827,1.00,1.00
2015.09.30 23:00:41.799,2.36751,2.36827,1.00,1.00
2015.09.30 23:00:42.003,2.36762,2.36852,1.00,1.00
2015.09.30 23:00:42.104,2.36762,2.36865,1.00,1.00
2015.09.30 23:00:42.396,2.36731,2.36857,1.00,1.00
2015.09.30 23:00:42.496,2.36731,2.36862,1.00,1.00
2015.09.30 23:00:43.281,2.36731,2.3685,1.00,1.00
2015.09.30 23:00:43.432,2.36721,2.36843,1.00,1.00
2015.09.30 23:00:43.499,2.36721,2.36836,1.00,1.00
2015.09.30 23:00:43.600,2.36712,2.36836,1.00,1.00
2015.09.30 23:00:44.660,2.36711,2.36836,1.00,1.00
2015.09.30 23:00:45.166,2.36712,2.36836,1.00,1.00
2015.09.30 23:00:47.017,2.36711,2.36836,1.00,1.00
2015.09.30 23:00:47.079,2.36712,2.36828,1.00,1.00
2015.09.30 23:00:50.819,2.36711,2.36829,1.00,1.50
2015.09.30 23:00:52.579,2.36712,2.36828,1.00,1.00
2015.09.30 23:00:53.618,2.36712,2.36827,1.00,1.00
2015.09.30 23:00:54.598,2.36711,2.36827,1.00,1.00
2015.09.30 23:00:56.568,2.36712,2.36827,1.00,1.00
2015.09.30 23:00:57.005,2.36722,2.36827,1.00,1.00
2015.09.30 23:00:57.418,2.36712,2.36827,1.00,1.00
2015.09.30 23:01:00.389,2.36721,2.36827,1.00,1.00
2015.09.30 23:01:00.529,2.36712,2.36827,1.00,1.00
2015.09.30 23:01:01.976,2.36721,2.36827,1.00,1.00
2015.09.30 23:01:02.149,2.36711,2.36827,1.00,1.00
2015.09.30 23:01:02.558,2.36721,2.36827,1.00,1.00
2015.09.30 23:01:02.609,2.36712,2.36827,1.00,1.00
2015.09.30 23:01:03.780,2.36712,2.36826,1.00,1.00
2015.09.30 23:01:08.309,2.36721,2.36826,1.00,1.00
2015.09.30 23:01:08.948,2.36721,2.36827,1.00,1.00
2015.09.30 23:01:09.498,2.36721,2.36826,1.00,1.00
2015.09.30 23:01:10.862,2.36721,2.36827,1.00,1.00
2015.09.30 23:01:20.287,2.36721,2.36833,1.00,1.00
2015.09.30 23:01:27.868,2.36721,2.36835,1.00,1.00
2015.09.30 23:01:30.343,2.36722,2.36835,1.00,1.00
2015.09.30 23:01:30.969,2.36721,2.36835,1.00,1.00
2015.09.30 23:01:34.073,2.36721,2.36825,1.00,1.00
2015.09.30 23:01:34.475,2.36722,2.36827,1.00,1.50
2015.09.30 23:01:35.038,2.36721,2.36827,1.00,1.00
2015.09.30 23:01:36.188,2.36721,2.36816,1.00,1.00
2015.09.30 23:01:36.761,2.36722,2.36816,1.00,1.00
2015.09.30 23:01:37.349,2.36712,2.36816,1.00,1.00
2015.09.30 23:01:39.278,2.36712,2.36821,1.00,1.00
2015.09.30 23:01:39.328,2.36721,2.36821,1.00,1.00
2015.09.30 23:01:41.418,2.36752,2.36821,1.00,1.00
2015.09.30 23:01:41.956,2.36762,2.36821,1.00,1.00
2015.09.30 23:01:42.012,2.36751,2.36821,1.00,1.00
2015.09.30 23:01:42.298,2.36751,2.36826,1.00,1.00
2015.09.30 23:01:44.718,2.36762,2.36826,1.00,1.00
2015.09.30 23:01:45.868,2.36762,2.36827,1.00,1.00
2015.09.30 23:01:46.836,2.36752,2.36827,1.00,1.00
2015.09.30 23:01:48.788,2.36761,2.36827,1.00,1.00
2015.09.30 23:01:50.328,2.36751,2.36827,1.00,1.00
2015.09.30 23:01:50.768,2.36761,2.36827,1.00,1.00
2015.09.30 23:01:52.748,2.36751,2.36827,1.00,1.00
2015.09.30 23:01:55.058,2.36761,2.36827,1.00,1.00
2015.09.30 23:01:55.278,2.36752,2.36827,1.00,1.00
2015.09.30 23:01:55.577,2.36752,2.36837,1.00,1.00
2015.09.30 23:01:55.877,2.36761,2.36837,1.00,1.00
2015.09.30 23:01:56.143,2.36761,2.36843,1.00,1.00
2015.09.30 23:01:56.268,2.36751,2.36844,1.00,1.00
2015.09.30 23:01:56.318,2.36751,2.36836,1.00,1.00
2015.09.30 23:01:56.928,2.36762,2.36836,1.00,1.00
2015.09.30 23:01:57.967,2.36762,2.36837,1.00,1.00
2015.09.30 23:01:58.248,2.36752,2.36837,1.00,1.00
2015.09.30 23:02:00.058,2.36752,2.36836,1.00,1.00
2015.09.30 23:02:10.203,2.36752,2.36837,1.00,1.00
2015.09.30 23:02:10.567,2.36772,2.36837,1.00,1.00
2015.09.30 23:02:10.618,2.36772,2.36844,1.00,1.00
2015.09.30 23:02:10.847,2.36772,2.36841,1.00,1.00
2015.09.30 23:02:10.898,2.36761,2.3684,1.00,1.00
2015.09.30 23:02:10.949,2.36761,2.36858,1.00,1.00
2015.09.30 23:02:11.050,2.36771,2.36863,1.00,1.00
2015.09.30 23:02:11.100,2.36771,2.36866,1.00,1.50
2015.09.30 23:02:11.750,2.36771,2.36857,1.00,1.00
2015.09.30 23:02:13.259,2.36771,2.36862,1.00,1.00
2015.09.30 23:02:13.310,2.36771,2.36856,1.00,1.00
2015.09.30 23:02:13.360,2.36762,2.36856,1.00,1.00
2015.09.30 23:02:13.416,2.36762,2.36858,1.00,1.00
2015.09.30 23:02:13.962,2.36762,2.36857,1.00,1.00
2015.09.30 23:02:15.347,2.36762,2.36856,1.00,1.00
2015.09.30 23:02:15.627,2.36752,2.36856,1.00,1.00
2015.09.30 23:02:15.917,2.36752,2.36854,1.00,1.00
2015.09.30 23:02:16.920,2.36752,2.36856,1.00,1.00
2015.09.30 23:02:17.723,2.36761,2.36856,1.00,1.00
2015.09.30 23:02:17.938,2.36752,2.36856,1.00,1.00
2015.09.30 23:02:18.220,2.36752,2.36847,1.00,1.00
2015.09.30 23:02:19.417,2.36752,2.36846,1.00,1.00
2015.09.30 23:02:22.057,2.36752,2.36856,1.00,1.00
2015.09.30 23:02:27.936,2.36752,2.36855,1.00,1.00
2015.09.30 23:02:33.667,2.36751,2.36855,1.00,1.00
2015.09.30 23:02:34.199,2.36752,2.36855,1.00,1.00
2015.09.30 23:02:35.549,2.36752,2.36853,1.00,1.00
2015.09.30 23:02:36.307,2.36741,2.36853,1.00,1.00
2015.09.30 23:02:36.357,2.36741,2.36846,1.00,1.00
2015.09.30 23:02:36.659,2.36732,2.36827,1.00,1.00
2015.09.30 23:02:36.709,2.36732,2.36837,1.00,1.50
2015.09.30 23:02:38.318,2.36742,2.36837,1.00,1.00
2015.09.30 23:02:40.377,2.36741,2.36837,1.00,1.00
2015.09.30 23:02:40.757,2.36741,2.36847,1.00,1.00
2015.09.30 23:02:41.800,2.36752,2.36854,1.00,1.00
2015.09.30 23:02:42.052,2.36742,2.36855,1.00,1.00
2015.09.30 23:02:43.614,2.36761,2.36855,1.00,1.00
2015.09.30 23:02:43.665,2.36761,2.36866,1.00,1.00
2015.09.30 23:02:44.289,2.36752,2.36866,1.00,1.00
2015.09.30 23:02:44.340,2.36741,2.36866,1.00,1.00
2015.09.30 23:02:44.441,2.36741,2.36859,1.00,1.00
2015.09.30 23:02:44.898,2.36741,2.36861,1.00,1.00
2015.09.30 23:02:46.320,2.36733,2.36848,1.00,1.00
2015.09.30 23:02:46.721,2.36732,2.36837,1.00,1.00
2015.09.30 23:02:47.372,2.36732,2.36836,1.00,1.00
2015.09.30 23:02:48.858,2.36721,2.36836,1.00,1.00
2015.09.30 23:02:49.820,2.36722,2.36835,1.00,1.00
2015.09.30 23:02:52.587,2.36721,2.36835,1.00,1.00
2015.09.30 23:02:53.107,2.36721,2.36836,1.00,1.00
2015.09.30 23:03:03.086,2.36721,2.36838,1.00,1.00
2015.09.30 23:03:03.854,2.36732,2.36838,1.00,1.00
2015.09.30 23:03:07.217,2.36732,2.3684,1.00,1.00
2015.09.30 23:03:07.326,2.36721,2.3684,1.00,1.00
2015.09.30 23:03:07.969,2.36721,2.36839,1.00,1.00
2015.09.30 23:03:08.099,2.36731,2.36839,1.00,1.00
2015.09.30 23:03:10.448,2.36732,2.36847,1.00,1.00
2015.09.30 23:03:10.591,2.36732,2.3685,1.00,1.00
2015.09.30 23:03:10.727,2.36732,2.36853,1.00,1.00
2015.09.30 23:03:11.837,2.36741,2.36853,1.00,1.00
2015.09.30 23:03:12.331,2.36741,2.36846,1.00,1.00
2015.09.30 23:03:13.048,2.36732,2.36846,1.00,1.00
2015.09.30 23:03:13.597,2.36741,2.36846,1.00,1.00
2015.09.30 23:03:15.359,2.36731,2.36845,1.00,1.00
2015.09.30 23:03:15.460,2.36731,2.36829,1.00,1.00
2015.09.30 23:03:15.511,2.36722,2.36829,1.00,1.00
2015.09.30 23:03:15.561,2.36722,2.36826,1.00,1.00
2015.09.30 23:03:15.826,2.36711,2.36826,1.00,1.00
2015.09.30 23:03:16.731,2.36718,2.36839,1.00,1.50
2015.09.30 23:03:16.831,2.36722,2.36846,1.00,1.00
2015.09.30 23:03:16.982,2.36724,2.36846,1.00,1.00
2015.09.30 23:03:17.345,2.36731,2.36846,1.00,1.00
2015.09.30 23:03:19.349,2.36731,2.36838,1.00,1.00
2015.09.30 23:03:19.866,2.36724,2.36838,1.00,1.00
2015.09.30 23:03:19.967,2.36724,2.36842,1.00,1.00
2015.09.30 23:03:20.631,2.36724,2.36839,1.00,1.00
2015.09.30 23:03:21.132,2.36724,2.36835,1.00,1.00
2015.09.30 23:03:21.233,2.36724,2.3684,1.00,1.00
2015.09.30 23:03:21.333,2.36722,2.3684,1.00,1.00
2015.09.30 23:03:27.355,2.36727,2.3684,1.00,1.00
2015.09.30 23:03:27.942,2.36727,2.36843,1.00,1.00
2015.09.30 23:03:28.430,2.36722,2.36843,1.00,1.00
2015.09.30 23:03:30.118,2.36721,2.36843,1.00,1.00
2015.09.30 23:03:31.636,2.36722,2.36843,1.00,1.00
2015.09.30 23:03:31.687,2.36722,2.3684,1.00,1.00
2015.09.30 23:03:32.478,2.36722,2.36839,1.00,1.00
2015.09.30 23:03:33.627,2.36721,2.36839,1.00,1.00
2015.09.30 23:03:35.706,2.36722,2.36839,1.00,1.00
2015.09.30 23:03:38.018,2.36721,2.36839,1.00,1.00
2015.09.30 23:03:38.528,2.36722,2.36839,1.00,1.00
2015.09.30 23:03:39.089,2.36721,2.36839,1.00,1.00
2015.09.30 23:03:41.096,2.36722,2.36839,1.00,1.00
2015.09.30 23:03:42.086,2.36721,2.36839,1.00,1.00
2015.09.30 23:03:42.968,2.36721,2.36841,1.00,1.00
2015.09.30 23:03:50.682,2.36721,2.36839,1.00,1.00
2015.09.30 23:03:58.201,2.36721,2.36838,1.00,1.00
2015.09.30 23:03:59.026,2.36722,2.36838,1.00,1.00
2015.09.30 23:04:03.911,2.36714,2.36838,1.00,1.00
2015.09.30 23:04:04.012,2.36714,2.36843,1.00,1.00
2015.09.30 23:04:04.876,2.36721,2.36843,1.00,1.00
2015.09.30 23:04:05.739,2.36721,2.36849,1.00,1.50
2015.09.30 23:04:05.790,2.36723,2.36849,1.00,1.50
2015.09.30 23:04:06.167,2.36731,2.3685,1.00,1.00
2015.09.30 23:04:06.285,2.36724,2.3685,1.00,1.00
2015.09.30 23:04:11.946,2.36723,2.3685,1.00,1.00
2015.09.30 23:04:13.986,2.36732,2.3685,1.00,1.00
2015.09.30 23:04:14.036,2.36732,2.36854,1.00,1.50
2015.09.30 23:04:14.454,2.36732,2.36856,1.00,1.00
2015.09.30 23:04:16.583,2.36734,2.36866,1.00,3.00
2015.09.30 23:04:16.745,2.36734,2.36862,1.00,1.00
2015.09.30 23:04:18.656,2.36731,2.36857,1.00,1.00
2015.09.30 23:04:21.584,2.36732,2.36857,1.00,1.00
2015.09.30 23:04:24.466,2.36732,2.36865,1.00,1.50
2015.09.30 23:04:24.516,2.36734,2.36865,1.00,1.50
2015.09.30 23:04:24.768,2.36744,2.36879,1.00,2.25
2015.09.30 23:04:24.819,2.36743,2.36877,1.00,1.00
2015.09.30 23:04:25.120,2.36754,2.3688,1.00,1.00
2015.09.30 23:04:28.142,2.36754,2.36877,1.00,1.00
2015.09.30 23:04:28.678,2.36751,2.36877,1.00,1.00
2015.09.30 23:04:29.180,2.36751,2.3687,1.00,1.00
2015.09.30 23:04:29.281,2.36743,2.3687,1.00,1.00
2015.09.30 23:04:29.605,2.36752,2.3687,1.00,1.00
2015.09.30 23:04:31.285,2.36752,2.36865,1.00,1.00
2015.09.30 23:04:31.875,2.36751,2.36865,1.00,1.00
2015.09.30 23:04:35.545,2.36744,2.36865,1.00,1.00
2015.09.30 23:04:35.705,2.36741,2.36865,1.00,1.00
2015.09.30 23:04:35.806,2.36741,2.36868,1.00,1.00
2015.09.30 23:04:36.234,2.36744,2.36863,1.00,1.00
2015.09.30 23:04:36.746,2.36744,2.36864,1.00,1.00
2015.09.30 23:04:39.406,2.36744,2.36865,1.00,1.00
2015.09.30 23:04:43.987,2.36742,2.36865,1.00,1.00
2015.09.30 23:04:45.105,2.36742,2.36864,1.00,1.00
2015.09.30 23:04:45.156,2.36742,2.36858,1.00,1.00
2015.09.30 23:04:45.675,2.36742,2.36857,1.00,1.00
2015.09.30 23:04:46.277,2.36741,2.36857,1.00,1.00
2015.09.30 23:04:48.245,2.36741,2.36856,1.00,1.00
2015.09.30 23:04:50.005,2.36741,2.36857,1.00,1.00
2015.09.30 23:04:52.243,2.36741,2.36856,1.00,1.00
2015.09.30 23:04:58.159,2.36741,2.36857,1.00,1.50
2015.09.30 23:04:58.686,2.36741,2.36855,1.00,1.00
2015.09.30 23:04:59.956,2.36741,2.36859,1.00,1.00
2015.09.30 23:05:00.604,2.36742,2.36858,1.50,1.00
2015.09.30 23:05:02.774,2.36752,2.36867,1.00,1.00
2015.09.30 23:05:03.325,2.36744,2.36858,1.50,1.00
2015.09.30 23:05:03.666,2.36741,2.36859,1.00,1.00
2015.09.30 23:05:03.717,2.36741,2.36856,1.00,1.00
2015.09.30 23:05:04.263,2.36742,2.36857,1.00,1.00
2015.09.30 23:05:04.629,2.36752,2.36857,1.00,1.00
2015.09.30 23:05:05.080,2.36742,2.36851,1.00,1.00
2015.09.30 23:05:05.817,2.36742,2.36852,1.00,1.00
2015.09.30 23:05:06.347,2.36741,2.36852,1.00,1.00
2015.09.30 23:05:08.356,2.36733,2.36848,1.00,1.00
2015.09.30 23:05:08.873,2.36732,2.36847,1.00,1.00
2015.09.30 23:05:08.923,2.36731,2.36841,1.00,1.00
2015.09.30 23:05:09.125,2.36721,2.36841,1.00,1.00
2015.09.30 23:05:09.337,2.36722,2.36838,1.00,1.00
2015.09.30 23:05:09.882,2.36721,2.36839,1.00,1.00
2015.09.30 23:05:10.676,2.36732,2.36839,1.00,1.00
2015.09.30 23:05:10.877,2.36722,2.36835,1.00,1.00
2015.09.30 23:05:10.928,2.36722,2.36821,1.00,1.00
2015.09.30 23:05:11.079,2.36703,2.36821,1.00,1.00
2015.09.30 23:05:11.130,2.36701,2.36824,1.00,1.00
2015.09.30 23:05:11.230,2.36694,2.36814,1.00,1.00
2015.09.30 23:05:11.281,2.36691,2.36814,1.00,1.00
2015.09.30 23:05:11.332,2.36691,2.36811,1.00,1.00
2015.09.30 23:05:11.683,2.36673,2.36798,1.00,1.00
2015.09.30 23:05:11.896,2.36662,2.36787,1.00,1.00
2015.09.30 23:05:12.097,2.36653,2.36787,1.00,1.00
2015.09.30 23:05:12.148,2.36651,2.36776,1.00,1.00
2015.09.30 23:05:12.299,2.36648,2.36776,1.00,1.00
2015.09.30 23:05:12.429,2.36644,2.36776,1.00,1.00
2015.09.30 23:05:14.535,2.36643,2.36777,1.00,1.00
2015.09.30 23:05:14.932,2.36652,2.36777,1.00,1.00
2015.09.30 23:05:15.965,2.36652,2.36766,1.00,1.00
2015.09.30 23:05:16.416,2.36652,2.36777,1.00,1.00
2015.09.30 23:05:16.845,2.36652,2.36786,1.00,1.00
2015.09.30 23:05:18.308,2.36654,2.36786,1.00,1.00
2015.09.30 23:05:20.145,2.36643,2.36787,1.50,1.00
2015.09.30 23:05:20.475,2.36654,2.36786,1.00,1.00
2015.09.30 23:05:21.067,2.36646,2.36786,1.00,1.00
2015.09.30 23:05:22.405,2.36652,2.36786,1.00,1.00
2015.09.30 23:05:23.065,2.36646,2.36786,1.00,1.00
2015.09.30 23:05:24.485,2.36646,2.36776,1.00,1.00
2015.09.30 23:05:25.251,2.36645,2.36776,1.00,1.00
2015.09.30 23:05:26.802,2.36644,2.36776,1.50,1.00
2015.09.30 23:05:28.256,2.36646,2.36776,1.00,1.00
2015.09.30 23:05:36.885,2.36646,2.36777,1.00,1.00
2015.09.30 23:05:40.278,2.36645,2.36777,1.00,1.00
2015.09.30 23:05:42.095,2.36652,2.36777,1.00,1.00
2015.09.30 23:05:44.804,2.36652,2.36787,1.00,1.00
2015.09.30 23:05:52.724,2.36652,2.36776,1.00,1.00
2015.09.30 23:05:58.774,2.36652,2.36777,1.00,1.00
2015.09.30 23:06:15.714,2.36652,2.36786,1.00,1.00
2015.09.30 23:06:18.794,2.36652,2.36777,1.00,1.00
2015.09.30 23:06:26.164,2.36652,2.36776,1.00,1.00
2015.09.30 23:06:27.524,2.36644,2.36776,1.00,1.00
2015.09.30 23:06:33.334,2.36645,2.36776,1.00,1.00
2015.09.30 23:06:33.875,2.36644,2.36776,1.50,1.00
2015.09.30 23:06:35.844,2.36644,2.36787,1.00,1.00
2015.09.30 23:06:36.526,2.36645,2.36787,1.00,1.00
2015.09.30 23:06:40.378,2.36646,2.36787,1.00,1.00
2015.09.30 23:06:43.383,2.36644,2.36787,1.00,1.00
2015.09.30 23:06:58.413,2.36643,2.36787,1.50,1.00
2015.09.30 23:07:03.121,2.36645,2.36787,1.00,1.00
2015.09.30 23:07:13.478,2.36644,2.36787,1.00,1.00
2015.09.30 23:07:13.966,2.36644,2.36776,1.50,1.00
2015.09.30 23:07:15.664,2.36644,2.36787,1.00,1.00
2015.09.30 23:07:19.075,2.36644,2.36777,1.00,1.00
2015.09.30 23:07:19.595,2.36643,2.36777,1.50,1.00
2015.09.30 23:07:21.276,2.36644,2.36777,1.00,1.00
2015.09.30 23:07:21.851,2.36645,2.36777,1.00,1.00
2015.09.30 23:07:33.373,2.36645,2.36776,1.00,1.00
2015.09.30 23:07:36.180,2.36644,2.36776,1.50,1.00
2015.09.30 23:07:39.650,2.36642,2.36777,1.00,1.00
2015.09.30 23:07:49.763,2.36642,2.36776,1.00,1.00
2015.09.30 23:07:50.584,2.36642,2.36777,1.00,1.00
2015.09.30 23:07:51.602,2.36651,2.36777,1.00,1.00
2015.09.30 23:07:52.113,2.36642,2.36777,1.00,1.00
2015.09.30 23:07:52.909,2.36642,2.36775,1.00,1.00
2015.09.30 23:07:53.923,2.36642,2.36771,1.00,1.00
2015.09.30 23:07:54.233,2.36642,2.36764,1.00,1.50
2015.09.30 23:07:54.313,2.36633,2.36764,1.00,1.50
2015.09.30 23:07:54.512,2.36631,2.36752,1.00,1.00
2015.09.30 23:07:54.614,2.36631,2.36755,1.00,1.00
2015.09.30 23:07:54.724,2.36632,2.36747,1.00,1.00
2015.09.30 23:07:57.352,2.36632,2.36755,1.00,1.00
2015.09.30 23:07:58.518,2.36632,2.36754,1.00,1.00
2015.09.30 23:08:00.583,2.36631,2.36754,1.00,1.00
2015.09.30 23:08:03.309,2.36631,2.36753,1.00,1.00
2015.09.30 23:08:04.029,2.36631,2.36754,1.00,1.00
2015.09.30 23:08:04.079,2.36631,2.36746,1.00,1.00
2015.09.30 23:08:04.634,2.36632,2.36746,1.00,1.00
2015.09.30 23:08:08.085,2.36631,2.36746,1.00,1.00
2015.09.30 23:08:08.352,2.36631,2.36755,1.00,1.00
2015.09.30 23:08:08.833,2.36642,2.36756,1.00,1.00
2015.09.30 23:08:08.934,2.36643,2.36775,1.00,1.00
2015.09.30 23:08:09.035,2.36642,2.36766,1.00,1.00
2015.09.30 23:08:09.135,2.36644,2.36775,1.00,1.00
2015.09.30 23:08:09.644,2.36644,2.36776,1.00,1.00
2015.09.30 23:08:12.219,2.36643,2.36777,1.00,1.00
2015.09.30 23:08:16.382,2.36641,2.36777,1.00,1.00
2015.09.30 23:08:17.098,2.36642,2.36777,1.00,1.00
2015.09.30 23:08:19.555,2.36642,2.36772,1.00,1.00
2015.09.30 23:08:19.655,2.36642,2.36774,1.00,1.00
2015.09.30 23:08:19.706,2.36642,2.36766,1.00,1.00
2015.09.30 23:08:20.207,2.36634,2.36766,1.00,1.00
2015.09.30 23:08:20.357,2.36634,2.36764,1.00,1.00
2015.09.30 23:08:21.258,2.36634,2.36765,1.00,1.00
2015.09.30 23:08:22.606,2.36631,2.36756,1.00,1.00
2015.09.30 23:08:28.188,2.36631,2.36764,1.00,1.00
2015.09.30 23:08:28.269,2.36631,2.36761,1.00,1.00
2015.09.30 23:08:28.570,2.36631,2.36764,1.00,1.00
2015.09.30 23:08:32.552,2.36631,2.36757,1.00,1.00
2015.09.30 23:08:42.012,2.36631,2.36763,1.00,1.00
2015.09.30 23:08:42.407,2.36631,2.36767,1.00,1.00
2015.09.30 23:08:42.457,2.36634,2.36766,1.00,1.00
2015.09.30 23:08:48.612,2.36631,2.36766,1.00,1.00
2015.09.30 23:08:52.572,2.36633,2.36767,1.00,1.50
2015.09.30 23:08:54.552,2.36631,2.36766,1.00,1.00
2015.09.30 23:08:55.981,2.36634,2.36766,1.00,1.00
2015.09.30 23:08:57.961,2.36631,2.36767,1.00,1.50
2015.09.30 23:09:02.472,2.36633,2.36767,1.00,1.50
2015.09.30 23:09:03.337,2.36633,2.36766,1.00,1.00
2015.09.30 23:09:06.346,2.36633,2.36767,1.50,1.50
2015.09.30 23:09:07.182,2.36633,2.36765,1.00,1.00
2015.09.30 23:09:08.487,2.36633,2.36767,1.00,1.50
2015.09.30 23:09:08.652,2.36633,2.36765,1.00,1.00
2015.09.30 23:09:10.612,2.36634,2.36765,1.00,1.00
2015.09.30 23:09:12.882,2.36634,2.36764,1.00,1.00
2015.09.30 23:09:13.033,2.36632,2.36765,1.00,1.00
2015.09.30 23:09:13.142,2.36632,2.36756,1.00,1.00
2015.09.30 23:09:13.293,2.36621,2.36756,2.25,1.00
2015.09.30 23:09:13.494,2.36624,2.36759,1.00,1.00
2015.09.30 23:09:13.824,2.36624,2.36757,1.00,1.00
2015.09.30 23:09:14.366,2.36623,2.36757,1.00,1.00
2015.09.30 23:09:16.785,2.36621,2.36757,1.00,1.50
2015.09.30 23:09:18.162,2.36622,2.36757,1.00,1.50
2015.09.30 23:09:18.538,2.36624,2.36756,1.00,1.50
2015.09.30 23:09:20.621,2.36622,2.36756,1.00,1.50
2015.09.30 23:09:28.561,2.36625,2.36756,1.00,1.00
2015.09.30 23:09:28.873,2.36633,2.36758,1.00,1.50
2015.09.30 23:09:29.402,2.36632,2.36759,1.00,1.00
2015.09.30 23:09:29.939,2.36632,2.36758,1.00,1.00
2015.09.30 23:09:30.341,2.36632,2.3676,1.50,1.00
2015.09.30 23:09:32.501,2.36632,2.36756,1.50,1.00
2015.09.30 23:09:38.487,2.36632,2.36757,1.00,1.50
2015.09.30 23:09:40.131,2.36662,2.36757,1.00,1.50
2015.09.30 23:09:40.358,2.36651,2.36764,1.00,1.00
2015.09.30 23:09:40.409,2.36651,2.36767,1.00,1.00
2015.09.30 23:09:40.509,2.36661,2.36767,1.00,1.00
2015.09.30 23:09:40.560,2.36661,2.3677,1.00,1.00
2015.09.30 23:09:41.110,2.36661,2.36774,1.00,1.00
2015.09.30 23:09:41.211,2.36653,2.36774,1.00,1.00
2015.09.30 23:09:41.341,2.36672,2.36774,1.00,1.00
2015.09.30 23:09:42.111,2.36661,2.36774,1.00,1.00
2015.09.30 23:09:43.285,2.36672,2.36774,1.00,1.00
2015.09.30 23:09:43.441,2.36661,2.36774,1.00,1.00
2015.09.30 23:09:44.092,2.36672,2.36773,1.00,1.00
2015.09.30 23:09:48.421,2.36672,2.36774,1.00,1.00
2015.09.30 23:09:50.801,2.36662,2.36774,1.00,1.00
2015.09.30 23:09:51.026,2.36662,2.36776,1.00,1.00
2015.09.30 23:09:51.351,2.36672,2.36776,1.00,1.00
2015.09.30 23:10:07.062,2.36672,2.36777,1.00,1.00
2015.09.30 23:10:11.047,2.36671,2.36777,1.00,1.00
2015.09.30 23:10:15.446,2.36661,2.36777,1.00,1.00
2015.09.30 23:10:19.516,2.36671,2.36777,1.00,1.00
2015.09.30 23:10:21.386,2.36662,2.36777,1.00,1.00
2015.09.30 23:10:24.057,2.36671,2.36777,1.00,1.00
2015.09.30 23:10:24.907,2.36662,2.36777,1.00,1.00
2015.09.30 23:10:25.092,2.36662,2.36779,1.00,1.00
2015.09.30 23:10:25.193,2.36661,2.36782,1.00,1.00
2015.09.30 23:10:25.898,2.36662,2.36782,1.00,1.00
2015.09.30 23:10:27.546,2.36661,2.36782,1.00,1.00
2015.09.30 23:10:28.203,2.36662,2.36782,1.00,1.00
2015.09.30 23:10:28.799,2.36662,2.36781,1.00,1.00
2015.09.30 23:10:35.136,2.36652,2.36778,2.25,1.00
2015.09.30 23:10:35.356,2.36662,2.36781,1.00,1.00
2015.09.30 23:10:35.576,2.36652,2.36779,1.75,1.00
2015.09.30 23:10:36.126,2.36662,2.36781,1.00,1.00
2015.09.30 23:10:36.514,2.36662,2.36779,1.00,1.00
2015.09.30 23:10:37.336,2.36652,2.36778,1.75,1.00
2015.09.30 23:10:37.556,2.36662,2.36779,1.00,1.00
2015.09.30 23:10:37.886,2.36652,2.36778,1.75,1.00
2015.09.30 23:10:38.377,2.36661,2.36779,1.00,1.00
2015.09.30 23:10:39.096,2.36652,2.36778,1.75,1.00
2015.09.30 23:10:39.316,2.36661,2.36779,1.00,1.00
2015.09.30 23:10:39.536,2.36651,2.36779,1.75,1.50
2015.09.30 23:10:40.514,2.36653,2.36779,1.50,1.00
2015.09.30 23:10:40.564,2.36671,2.36787,1.00,1.00
2015.09.30 23:10:41.102,2.36668,2.36787,1.75,1.00
2015.09.30 23:10:46.346,2.36664,2.36788,1.75,1.00
2015.09.30 23:10:46.397,2.36664,2.36795,1.75,1.00
2015.09.30 23:10:46.448,2.36666,2.36797,1.75,1.00
2015.09.30 23:10:46.549,2.36674,2.36798,1.00,1.00
2015.09.30 23:10:51.971,2.36673,2.36793,1.00,1.00
2015.09.30 23:10:52.072,2.36663,2.36793,2.25,1.00
2015.09.30 23:10:55.857,2.36664,2.36791,1.75,1.00
2015.09.30 23:10:56.549,2.36664,2.36791,1.37,1.00
2015.09.30 23:10:56.600,2.36664,2.36791,1.00,1.00
2015.09.30 23:10:58.896,2.36672,2.36791,1.00,1.00
2015.09.30 23:10:58.997,2.36672,2.36793,1.00,1.00
2015.09.30 23:11:00.164,2.36672,2.36797,1.00,1.75
2015.09.30 23:11:00.634,2.36684,2.36809,1.75,1.00
2015.09.30 23:11:01.207,2.36684,2.36808,1.75,1.00
2015.09.30 23:11:03.182,2.36675,2.36806,1.75,1.00
2015.09.30 23:11:03.924,2.36674,2.36806,1.00,1.75
2015.09.30 23:11:05.456,2.36667,2.36796,1.12,1.00
2015.09.30 23:11:05.826,2.36672,2.36796,1.00,1.00
2015.09.30 23:11:06.376,2.36672,2.36793,1.00,1.00
2015.09.30 23:11:06.427,2.36666,2.36793,1.37,1.00
2015.09.30 23:11:07.032,2.36672,2.36793,1.00,1.00
2015.09.30 23:11:07.366,2.36666,2.36793,1.37,1.00
2015.09.30 23:11:09.751,2.36666,2.36793,1.00,1.37
2015.09.30 23:11:09.802,2.36662,2.36787,1.00,1.37
2015.09.30 23:11:10.153,2.36662,2.36784,1.00,1.00
2015.09.30 23:11:10.711,2.36661,2.36779,1.00,1.00
2015.09.30 23:11:11.436,2.36653,2.36778,1.75,1.00
2015.09.30 23:11:11.546,2.36662,2.36779,1.00,1.00
2015.09.30 23:11:13.045,2.36662,2.36776,1.00,1.00
2015.09.30 23:11:14.042,2.36662,2.36783,1.00,1.00
2015.09.30 23:11:14.092,2.36658,2.36779,1.00,1.00
2015.09.30 23:11:14.143,2.36653,2.36779,2.25,1.00
2015.09.30 23:11:14.194,2.36653,2.36777,1.75,1.00
2015.09.30 23:11:14.295,2.36653,2.36779,2.25,1.00
2015.09.30 23:11:14.827,2.36653,2.36778,2.25,1.00
2015.09.30 23:11:17.566,2.36653,2.36776,1.75,1.00
2015.09.30 23:11:22.876,2.36645,2.36777,1.75,1.00
2015.09.30 23:11:24.815,2.36645,2.36776,1.75,1.00
2015.09.30 23:11:34.712,2.36644,2.36776,2.25,1.00
2015.09.30 23:11:40.194,2.36671,2.36776,1.00,1.00
2015.09.30 23:11:40.446,2.36681,2.36787,1.00,1.00
2015.09.30 23:11:40.800,2.36681,2.36794,1.00,1.00
2015.09.30 23:11:40.851,2.36691,2.36794,1.00,1.00
2015.09.30 23:11:40.952,2.36691,2.36797,1.00,1.00
2015.09.30 23:11:41.053,2.36691,2.36786,1.00,1.00
2015.09.30 23:11:41.157,2.36672,2.36782,1.00,1.00
2015.09.30 23:11:41.315,2.36672,2.36777,1.00,1.00
2015.09.30 23:11:41.366,2.36662,2.36775,1.00,1.00
2015.09.30 23:11:41.576,2.36643,2.36775,2.25,1.00
2015.09.30 23:11:41.677,2.36642,2.36767,1.75,1.00
2015.09.30 23:11:43.405,2.36644,2.36771,1.75,1.00
2015.09.30 23:11:43.950,2.36644,2.36772,1.75,1.00
2015.09.30 23:11:45.535,2.36644,2.36769,1.75,1.00
2015.09.30 23:11:46.006,2.36643,2.36773,1.75,1.00
2015.09.30 23:11:47.760,2.36643,2.36771,1.75,1.00
2015.09.30 23:11:49.725,2.36644,2.36769,1.75,1.00
2015.09.30 23:11:50.595,2.36644,2.36768,1.75,1.00
2015.09.30 23:11:54.335,2.36644,2.36772,1.75,1.00
2015.09.30 23:11:55.705,2.36644,2.36773,1.75,1.00
2015.09.30 23:11:56.557,2.36644,2.36772,1.37,1.00
2015.09.30 23:11:56.611,2.36644,2.36772,1.00,1.00
2015.09.30 23:11:58.035,2.36643,2.36772,1.00,1.00
2015.09.30 23:11:59.989,2.36643,2.36774,1.00,1.50
2015.09.30 23:12:00.415,2.36645,2.36777,1.00,1.75
2015.09.30 23:12:00.841,2.36654,2.36778,1.37,1.37
2015.09.30 23:12:00.891,2.36654,2.36779,1.75,1.00
2015.09.30 23:12:03.503,2.36654,2.36778,1.75,1.00
2015.09.30 23:12:06.876,2.36654,2.36779,1.75,1.00
2015.09.30 23:12:07.843,2.36652,2.36778,1.75,1.00
2015.09.30 23:12:12.994,2.36652,2.36776,1.75,1.00
2015.09.30 23:12:21.024,2.36652,2.36777,1.75,1.00
2015.09.30 23:12:34.624,2.36651,2.36777,1.75,1.00
2015.09.30 23:12:35.324,2.36647,2.36777,1.75,1.00
2015.09.30 23:12:36.358,2.3665,2.36778,1.75,1.00
2015.09.30 23:12:36.906,2.36651,2.36786,2.25,1.00
2015.09.30 23:12:36.975,2.36651,2.36776,2.25,1.00
2015.09.30 23:12:39.238,2.36649,2.36777,1.75,1.00
2015.09.30 23:12:40.228,2.36682,2.36777,1.00,1.00
2015.09.30 23:12:40.279,2.36682,2.36785,1.00,1.00
2015.09.30 23:12:40.562,2.36692,2.36786,1.00,1.00
2015.09.30 23:12:40.864,2.36681,2.36786,1.00,1.00
2015.09.30 23:12:41.201,2.36682,2.36796,1.00,1.00
2015.09.30 23:12:41.301,2.36682,2.36803,1.00,1.12
2015.09.30 23:12:44.085,2.36682,2.36799,1.00,1.00
2015.09.30 23:12:45.045,2.36692,2.36799,1.00,1.00
2015.09.30 23:12:45.517,2.36692,2.36801,1.00,1.00
2015.09.30 23:12:47.134,2.36691,2.36801,1.00,1.00
2015.09.30 23:12:47.665,2.36692,2.36801,1.00,1.00
2015.09.30 23:12:48.738,2.36692,2.36804,1.00,1.50
2015.09.30 23:12:49.502,2.36692,2.36804,1.00,1.00
2015.09.30 23:12:51.839,2.36692,2.36806,1.00,1.50
2015.09.30 23:12:52.645,2.36692,2.36807,1.00,1.00
2015.09.30 23:12:52.907,2.36681,2.36807,1.37,1.00
2015.09.30 23:12:53.259,2.36692,2.36807,1.00,1.00
2015.09.30 23:12:53.796,2.36691,2.36808,1.00,1.00
2015.09.30 23:12:54.301,2.36692,2.36807,1.00,1.00
2015.09.30 23:12:54.352,2.36692,2.36812,1.00,1.12
2015.09.30 23:12:54.413,2.36692,2.36804,1.00,1.00
2015.09.30 23:12:56.680,2.36692,2.36797,1.00,1.00
2015.09.30 23:12:56.832,2.36682,2.36797,1.00,1.12
2015.09.30 23:12:57.614,2.36681,2.36797,1.00,1.12
2015.09.30 23:13:01.232,2.36681,2.36796,1.00,1.00
2015.09.30 23:13:01.434,2.36681,2.36786,1.00,1.00
2015.09.30 23:13:01.695,2.36671,2.36786,1.00,1.00
2015.09.30 23:13:01.796,2.36662,2.36786,1.00,1.75
2015.09.30 23:13:01.902,2.36654,2.36784,1.00,1.50
2015.09.30 23:13:02.329,2.36654,2.36778,1.00,1.00
2015.09.30 23:13:02.824,2.36648,2.36776,1.75,1.00
2015.09.30 23:13:06.124,2.36642,2.36766,1.75,1.00
2015.09.30 23:13:09.093,2.36642,2.36771,1.75,1.00
2015.09.30 23:13:09.270,2.36642,2.36773,1.75,1.00
2015.09.30 23:13:10.422,2.36644,2.36774,1.75,1.00
2015.09.30 23:13:10.974,2.36644,2.36775,1.75,1.00
2015.09.30 23:13:11.555,2.36644,2.36773,1.75,1.00
2015.09.30 23:13:11.885,2.36644,2.36769,1.75,1.00
2015.09.30 23:13:13.094,2.36642,2.36774,2.25,1.00
2015.09.30 23:13:13.314,2.36642,2.36769,1.75,1.00
2015.09.30 23:13:14.185,2.36638,2.36766,1.75,1.00
2015.09.30 23:13:20.243,2.36637,2.36766,1.75,1.00
2015.09.30 23:13:32.889,2.36645,2.36769,1.12,1.00
2015.09.30 23:13:33.304,2.36654,2.36769,1.00,1.00
2015.09.30 23:13:33.354,2.36654,2.36775,1.37,1.12
2015.09.30 23:13:33.876,2.36654,2.36778,1.50,1.00
2015.09.30 23:13:34.094,2.36657,2.36778,1.00,1.00
2015.09.30 23:13:34.195,2.36655,2.36778,1.12,1.00
2015.09.30 23:13:34.296,2.36663,2.36778,1.00,1.00
2015.09.30 23:13:34.396,2.36655,2.36778,1.12,1.00
2015.09.30 23:13:36.899,2.36657,2.36778,1.00,1.00
2015.09.30 23:13:37.908,2.36654,2.36778,1.50,1.00
2015.09.30 23:13:48.017,2.36656,2.36778,1.00,1.00
2015.09.30 23:13:48.918,2.36655,2.36778,1.12,1.00
2015.09.30 23:13:50.723,2.36656,2.36778,1.00,1.00
2015.09.30 23:13:52.024,2.36657,2.36778,1.00,1.00
2015.09.30 23:13:53.137,2.36656,2.36778,1.00,1.00
2015.09.30 23:13:54.230,2.36657,2.36778,1.00,1.00
2015.09.30 23:13:54.559,2.36655,2.36778,1.12,1.00
2015.09.30 23:13:54.666,2.36655,2.36778,1.50,1.00
2015.09.30 23:13:55.099,2.36655,2.36778,1.75,1.00
2015.09.30 23:13:59.953,2.36656,2.36779,1.75,1.00
2015.09.30 23:14:02.043,2.36656,2.36778,1.75,1.00
2015.09.30 23:14:11.844,2.36655,2.36779,1.75,1.00
2015.09.30 23:14:12.066,2.36661,2.36787,1.12,1.00
2015.09.30 23:14:13.765,2.36661,2.36787,1.75,1.00
2015.09.30 23:14:13.919,2.36661,2.36789,1.75,1.00
2015.09.30 23:14:19.028,2.36661,2.36787,1.75,1.00
2015.09.30 23:14:34.655,2.36661,2.36787,1.50,1.00
2015.09.30 23:14:38.142,2.36662,2.36786,1.37,1.00
2015.09.30 23:14:40.168,2.36671,2.36786,1.00,1.00
2015.09.30 23:14:40.490,2.36673,2.36789,1.75,1.00
2015.09.30 23:14:40.591,2.36672,2.36796,2.25,1.00
2015.09.30 23:14:42.362,2.36674,2.36797,1.75,1.00
2015.09.30 23:14:43.774,2.36678,2.36796,1.50,1.00
2015.09.30 23:14:46.199,2.36679,2.36797,1.37,1.00
2015.09.30 23:14:46.897,2.36685,2.36797,1.00,1.00
2015.09.30 23:14:46.948,2.36693,2.36809,1.00,1.12
2015.09.30 23:14:47.366,2.36702,2.36817,1.00,1.00
2015.09.30 23:14:50.792,2.36702,2.36823,1.00,1.75
2015.09.30 23:14:54.292,2.36693,2.36819,1.00,1.12
2015.09.30 23:14:54.622,2.36702,2.36821,1.00,1.37
2015.09.30 23:14:55.832,2.36693,2.36819,1.00,1.12
2015.09.30 23:14:56.382,2.36702,2.36821,1.00,1.37
2015.09.30 23:14:59.242,2.36693,2.36819,1.00,1.12
2015.09.30 23:14:59.757,2.36693,2.36818,1.00,1.00
2015.09.30 23:15:00.463,2.36693,2.36819,1.00,1.12
2015.09.30 23:15:03.641,2.36693,2.36818,1.00,1.00
2015.09.30 23:15:04.208,2.36693,2.36819,1.00,1.12
2015.09.30 23:15:05.161,2.36693,2.36819,1.37,1.00
2015.09.30 23:15:05.211,2.36701,2.36826,1.00,1.00
2015.09.30 23:15:05.662,2.36704,2.36836,1.00,1.75
2015.09.30 23:15:06.193,2.36713,2.36837,1.00,1.75
2015.09.30 23:15:09.622,2.36711,2.36836,1.00,1.75
2015.09.30 23:15:13.535,2.36712,2.36836,1.00,1.75
2015.09.30 23:15:13.653,2.36704,2.36836,1.00,1.75
2015.09.30 23:15:15.871,2.36703,2.36837,1.00,1.75
2015.09.30 23:15:23.183,2.36703,2.36836,1.00,1.75
2015.09.30 23:15:23.284,2.36703,2.36835,1.00,1.75
2015.09.30 23:15:25.220,2.36704,2.36836,1.00,1.75
2015.09.30 23:15:27.201,2.36703,2.36837,1.00,2.25
2015.09.30 23:15:27.746,2.36704,2.36832,1.00,1.00
2015.09.30 23:15:28.248,2.36704,2.36835,1.00,1.75
2015.09.30 23:15:34.881,2.36712,2.36834,1.00,1.50
2015.09.30 23:15:39.720,2.36704,2.36835,1.00,1.75
2015.09.30 23:15:41.280,2.36703,2.36837,1.00,2.25
2015.09.30 23:15:41.451,2.36703,2.36834,1.00,1.75
2015.09.30 23:15:47.091,2.36712,2.36832,1.00,1.50
2015.09.30 23:15:48.193,2.36703,2.36832,1.00,1.50
2015.09.30 23:15:48.940,2.36704,2.36832,1.00,1.50
2015.09.30 23:15:52.390,2.36703,2.36834,1.00,1.75
2015.09.30 23:15:56.528,2.36703,2.36832,1.00,1.00
2015.09.30 23:16:10.009,2.36705,2.36837,1.00,2.25
2015.09.30 23:16:10.323,2.36714,2.36837,1.37,1.00
2015.09.30 23:16:11.170,2.36714,2.36838,1.37,1.00
2015.09.30 23:16:11.866,2.36714,2.36837,1.37,1.00
2015.09.30 23:16:13.158,2.36714,2.36838,1.37,1.00
2015.09.30 23:16:13.760,2.36714,2.36836,1.37,1.00
2015.09.30 23:16:14.273,2.36714,2.36837,1.37,1.00
2015.09.30 23:16:14.836,2.36714,2.36838,1.37,1.00
2015.09.30 23:16:19.670,2.36705,2.36837,1.75,1.00
2015.09.30 23:16:23.382,2.36705,2.36836,1.80,1.75
2015.09.30 23:16:34.896,2.36703,2.36824,1.75,1.75
2015.09.30 23:16:44.538,2.36712,2.3682,1.80,1.37
2015.09.30 23:16:44.588,2.36712,2.3682,1.80,1.00
2015.09.30 23:16:44.639,2.36712,2.36826,1.80,1.00
2015.09.30 23:16:44.760,2.36712,2.36834,1.80,1.75
2015.09.30 23:17:05.521,2.36721,2.36831,1.75,1.00
2015.09.30 23:17:23.688,2.36722,2.36834,1.75,1.12
2015.09.30 23:17:24.268,2.36722,2.36833,1.75,1.00
2015.09.30 23:17:43.638,2.36721,2.36833,1.75,1.12
2015.09.30 23:17:50.862,2.36722,2.36832,1.75,1.00
2015.09.30 23:17:51.928,2.36721,2.36834,1.75,1.37
2015.09.30 23:17:53.648,2.36722,2.36832,1.75,1.00
2015.09.30 23:17:54.532,2.36721,2.36836,1.75,1.50
2015.09.30 23:17:59.055,2.36722,2.36836,1.75,1.37
2015.09.30 23:17:59.639,2.36722,2.36836,1.80,1.00
2015.09.30 23:18:00.184,2.36723,2.36837,1.75,1.00
2015.09.30 23:18:00.493,2.36732,2.36848,1.80,1.37
2015.09.30 23:18:00.544,2.36734,2.36848,1.80,1.00
2015.09.30 23:18:00.645,2.36734,2.36854,1.80,1.50
2015.09.30 23:18:00.988,2.36735,2.36848,1.75,1.00
2015.09.30 23:18:01.068,2.36735,2.36856,1.75,1.75
2015.09.30 23:18:02.304,2.36747,2.36858,1.75,1.00
2015.09.30 23:18:02.363,2.36747,2.36868,1.75,1.75
2015.09.30 23:18:18.708,2.36747,2.36866,1.75,1.75
2015.09.30 23:18:18.808,2.36747,2.36857,1.75,1.00
2015.09.30 23:18:27.268,2.36746,2.36866,1.75,1.75
2015.09.30 23:18:32.908,2.36746,2.36856,1.75,1.00
2015.09.30 23:18:53.887,2.36747,2.36869,1.75,1.75
2015.09.30 23:19:00.398,2.36742,2.36856,1.80,1.00
2015.09.30 23:19:01.224,2.36742,2.3685,1.80,1.00
2015.09.30 23:19:01.344,2.36742,2.36852,1.80,1.00
2015.09.30 23:19:01.395,2.36737,2.36852,1.75,1.75
2015.09.30 23:19:02.481,2.36723,2.36838,1.80,1.00
2015.09.30 23:19:02.582,2.36722,2.36838,1.75,1.75
2015.09.30 23:19:06.287,2.36711,2.36819,2.55,1.37
2015.09.30 23:19:06.337,2.36702,2.36819,1.75,1.75
2015.09.30 23:19:13.477,2.36733,2.36836,1.00,1.80
2015.09.30 23:19:13.637,2.36737,2.36847,1.87,1.75
2015.09.30 23:19:13.688,2.36737,2.36856,1.87,2.55
2015.09.30 23:19:13.738,2.36737,2.36856,2.25,1.75
2015.09.30 23:19:14.295,2.36737,2.36847,1.75,1.00
2015.09.30 23:19:14.446,2.36733,2.36843,1.75,1.75
2015.09.30 23:19:14.798,2.36722,2.36831,1.75,1.00
2015.09.30 23:19:14.970,2.36722,2.36837,1.75,1.37
2015.09.30 23:19:15.021,2.36722,2.36838,1.75,1.37
2015.09.30 23:19:15.122,2.36723,2.36834,1.75,1.00
2015.09.30 23:19:15.173,2.36723,2.36841,1.75,1.75
2015.09.30 23:19:15.374,2.36723,2.36836,1.75,1.50
2015.09.30 23:19:15.425,2.36723,2.36836,1.75,1.75
2015.09.30 23:19:21.980,2.36708,2.36823,1.80,1.00
2015.09.30 23:19:22.146,2.36704,2.36823,1.75,1.75
2015.09.30 23:19:37.604,2.36704,2.36814,1.75,1.00
2015.09.30 23:19:40.909,2.36704,2.36815,1.75,1.12
2015.09.30 23:19:41.910,2.36704,2.36814,1.75,1.00
2015.09.30 23:19:44.630,2.36703,2.36815,1.75,1.12
2015.09.30 23:19:54.681,2.36704,2.36817,1.75,1.75
2015.09.30 23:20:25.845,2.36713,2.36829,1.75,1.75
2015.09.30 23:20:25.896,2.36713,2.36829,1.75,1.75
2015.09.30 23:20:37.821,2.36733,2.36839,1.00,1.75
2015.09.30 23:20:38.123,2.36739,2.36845,1.50,1.80
2015.09.30 23:20:38.274,2.36737,2.36845,1.00,1.80
2015.09.30 23:20:39.871,2.36741,2.36845,1.00,1.80
2015.09.30 23:20:40.022,2.36737,2.36845,1.00,1.80
2015.09.30 23:20:40.918,2.36738,2.36845,1.00,1.80
2015.09.30 23:20:41.645,2.36741,2.36845,1.00,1.80
2015.09.30 23:20:41.975,2.36738,2.36845,1.00,1.80
2015.09.30 23:20:43.025,2.36738,2.36848,1.75,1.75
2015.09.30 23:21:14.639,2.36738,2.36848,1.75,1.75
2015.09.30 23:21:30.116,2.36759,2.36859,1.00,1.75
2015.09.30 23:21:30.217,2.36771,2.36869,1.75,1.00
2015.09.30 23:21:30.267,2.36771,2.36869,1.75,1.00
2015.09.30 23:21:30.645,2.36778,2.36878,1.75,1.00
2015.09.30 23:21:31.207,2.36775,2.36868,1.75,1.00
2015.09.30 23:21:36.335,2.36774,2.36869,1.75,1.00
2015.09.30 23:21:36.574,2.36774,2.36858,1.75,1.00
2015.09.30 23:21:37.085,2.36756,2.36859,1.80,1.00
2015.09.30 23:21:49.315,2.36756,2.36858,1.80,1.00
2015.09.30 23:21:54.587,2.36754,2.36858,1.80,1.00
2015.09.30 23:21:54.638,2.36752,2.36858,1.75,1.00
2015.09.30 23:22:00.884,2.36754,2.36859,1.75,1.00
2015.09.30 23:22:14.613,2.36753,2.36859,1.75,1.00
2015.09.30 23:22:19.016,2.36754,2.36858,2.25,1.00
2015.09.30 23:22:33.013,2.36757,2.36859,1.75,1.00
2015.09.30 23:22:35.844,2.36756,2.36858,1.75,1.00
2015.09.30 23:22:38.195,2.36756,2.36868,1.75,1.50
2015.09.30 23:22:38.295,2.36756,2.36858,1.75,1.00
2015.09.30 23:22:38.829,2.36755,2.36859,1.75,1.00
2015.09.30 23:22:39.474,2.36755,2.36858,1.75,1.00
2015.09.30 23:22:40.464,2.36755,2.36859,1.75,1.00
2015.09.30 23:22:41.064,2.36755,2.36858,1.75,1.00
2015.09.30 23:22:44.344,2.36755,2.36859,1.75,1.00
2015.09.30 23:22:45.034,2.36755,2.36858,1.75,1.00
2015.09.30 23:22:53.528,2.36755,2.36859,1.75,1.00
2015.09.30 23:22:54.560,2.36769,2.36859,1.00,1.00
2015.09.30 23:23:00.594,2.36755,2.36858,1.75,1.00
2015.09.30 23:23:01.152,2.36756,2.36859,1.75,1.00
2015.09.30 23:23:01.693,2.36756,2.36858,1.75,1.00
2015.09.30 23:23:08.844,2.36756,2.36868,1.75,1.75
2015.09.30 23:23:12.577,2.36766,2.36869,1.00,1.75
2015.09.30 23:23:17.313,2.36758,2.36859,1.75,1.00
2015.09.30 23:23:21.638,2.36753,2.36858,1.75,1.00
2015.09.30 23:23:21.889,2.36744,2.36849,1.75,1.00
2015.09.30 23:23:21.990,2.36744,2.36849,1.75,1.37
2015.09.30 23:23:22.091,2.36744,2.36849,1.37,1.75
2015.09.30 23:23:50.295,2.36737,2.36849,1.75,1.75
2015.09.30 23:23:50.346,2.36737,2.36849,1.75,1.75
2015.09.30 23:24:10.898,2.36736,2.36849,1.75,1.00
2015.09.30 23:24:31.015,2.36738,2.36856,1.75,1.75
2015.09.30 23:24:34.578,2.36753,2.36856,1.00,1.75
2015.09.30 23:24:52.120,2.36739,2.36859,1.80,1.50
2015.09.30 23:25:14.660,2.36744,2.36858,1.80,1.00
2015.09.30 23:25:15.341,2.3675,2.36859,1.75,1.00
2015.09.30 23:25:15.740,2.36762,2.36867,1.75,1.00
2015.09.30 23:25:15.841,2.36762,2.36877,1.75,1.75
2015.09.30 23:25:16.043,2.36766,2.36878,1.75,1.00
2015.09.30 23:25:16.551,2.36767,2.36879,1.75,1.00
2015.09.30 23:25:17.320,2.36766,2.36878,1.75,1.00
2015.09.30 23:25:18.090,2.36766,2.36879,1.75,1.00
2015.09.30 23:25:18.762,2.36766,2.36878,1.75,1.00
2015.09.30 23:25:20.667,2.36766,2.36879,1.75,1.00
2015.09.30 23:25:22.050,2.36766,2.36878,1.75,1.00
2015.09.30 23:25:23.823,2.36766,2.36879,1.75,1.00
2015.09.30 23:25:26.340,2.36766,2.36869,1.75,1.00
2015.09.30 23:25:26.560,2.36766,2.36878,1.75,1.00
2015.09.30 23:25:27.330,2.36766,2.36868,1.75,1.00
2015.09.30 23:25:27.550,2.36766,2.36879,1.75,1.00
2015.09.30 23:25:28.100,2.36766,2.36869,1.75,1.00
2015.09.30 23:25:28.596,2.36765,2.36878,1.80,1.00
2015.09.30 23:25:28.697,2.36765,2.36869,1.80,1.00
2015.09.30 23:25:28.762,2.36765,2.36879,1.80,1.00
2015.09.30 23:25:28.872,2.36765,2.36869,1.80,1.00
2015.09.30 23:25:30.236,2.36765,2.36859,1.80,1.00
2015.09.30 23:25:30.393,2.36764,2.36859,2.25,1.00
2015.09.30 23:25:30.902,2.3676,2.36858,1.75,1.00
2015.09.30 23:25:31.003,2.3676,2.36868,1.75,1.00
2015.09.30 23:25:31.291,2.36764,2.36859,1.75,1.00
2015.09.30 23:25:34.040,2.36764,2.36868,1.75,1.00
2015.09.30 23:25:34.718,2.36764,2.36868,2.55,1.00
2015.09.30 23:25:35.224,2.36765,2.36868,1.80,1.00
2015.09.30 23:25:35.800,2.36765,2.36879,2.55,1.00
2015.09.30 23:25:38.223,2.36765,2.36869,2.55,1.00
2015.09.30 23:25:38.731,2.36765,2.36868,1.80,1.00
2015.09.30 23:25:38.782,2.36764,2.36868,1.75,1.00
2015.09.30 23:25:39.583,2.36764,2.36879,1.75,1.75
2015.09.30 23:25:40.201,2.36765,2.36868,1.75,1.00
2015.09.30 23:25:40.310,2.36765,2.36879,1.75,1.75
2015.09.30 23:25:53.982,2.36761,2.36879,1.75,1.75
2015.09.30 23:26:14.602,2.36759,2.36869,1.75,1.75
2015.09.30 23:26:14.653,2.36759,2.36869,1.75,1.75
2015.09.30 23:26:34.634,2.36758,2.36869,1.75,1.75
2015.09.30 23:26:54.658,2.36759,2.36868,1.75,1.50
2015.09.30 23:27:13.882,2.36759,2.36869,1.75,1.75
2015.09.30 23:27:13.933,2.36759,2.36869,1.75,1.75
2015.09.30 23:27:27.433,2.36763,2.36868,1.00,1.75
2015.09.30 23:27:28.837,2.36744,2.36859,1.75,1.75
2015.09.30 23:27:44.628,2.36743,2.36867,1.75,2.25
2015.09.30 23:28:14.689,2.36737,2.36856,1.75,1.75
2015.09.30 23:28:32.095,2.36739,2.36856,1.75,1.75
2015.09.30 23:28:32.145,2.36739,2.36856,1.75,1.75
2015.09.30 23:28:54.048,2.36744,2.36859,1.00,1.80
2015.09.30 23:28:58.137,2.36734,2.36854,1.75,1.75
2015.09.30 23:29:03.607,2.36744,2.36859,1.00,1.80
2015.09.30 23:29:14.657,2.36744,2.3686,1.37,1.80
2015.09.30 23:29:14.708,2.36744,2.36861,1.75,2.25
2015.09.30 23:29:54.579,2.36743,2.36858,1.37,1.75
2015.09.30 23:29:54.630,2.36743,2.36858,1.37,1.75
2015.09.30 23:30:00.506,2.36745,2.36858,1.00,1.75
2015.09.30 23:30:00.939,2.36751,2.36858,1.00,1.75
2015.09.30 23:30:01.710,2.36754,2.36858,1.00,1.75
2015.09.30 23:30:01.905,2.36751,2.36858,1.00,1.75
2015.09.30 23:30:02.552,2.36753,2.36857,1.00,1.75
2015.09.30 23:30:07.627,2.36757,2.36858,1.00,1.75
2015.09.30 23:30:08.284,2.36761,2.36858,1.00,1.75
2015.09.30 23:30:08.811,2.3676,2.36857,1.00,1.75
2015.09.30 23:30:09.335,2.36761,2.36858,1.00,1.75
2015.09.30 23:30:09.532,2.36757,2.36857,1.00,1.75
2015.09.30 23:30:11.839,2.36757,2.36862,1.00,1.75
2015.09.30 23:30:12.391,2.36757,2.36862,1.00,1.75
2015.09.30 23:30:13.996,2.36761,2.36862,1.00,1.75
2015.09.30 23:30:14.205,2.36761,2.36862,1.00,1.75
2015.09.30 23:30:14.356,2.36764,2.36862,1.00,1.75
2015.09.30 23:30:14.873,2.36761,2.36861,1.00,1.75
2015.09.30 23:30:16.569,2.36765,2.36861,1.00,1.75
2015.09.30 23:30:16.854,2.36762,2.36861,1.00,1.75
2015.09.30 23:30:17.183,2.36759,2.36861,1.00,1.75
2015.09.30 23:30:17.513,2.36761,2.36862,1.00,1.75
2015.09.30 23:30:18.503,2.36764,2.36861,1.00,1.75
2015.09.30 23:30:18.833,2.36761,2.36861,1.00,1.75
2015.09.30 23:30:19.539,2.36759,2.36861,1.00,1.75
2015.09.30 23:30:19.933,2.36761,2.36862,1.00,1.75
2015.09.30 23:30:20.558,2.36765,2.36861,1.00,1.75
2015.09.30 23:30:20.813,2.36761,2.36862,1.00,1.75
2015.09.30 23:30:22.818,2.36765,2.36862,1.00,1.75
2015.09.30 23:30:23.173,2.36759,2.36862,1.00,1.75
2015.09.30 23:30:24.129,2.36761,2.36862,1.00,1.75
2015.09.30 23:30:24.553,2.36763,2.36862,1.00,1.75
2015.09.30 23:30:24.883,2.3676,2.36862,1.00,1.75
2015.09.30 23:30:26.345,2.36759,2.36861,1.00,1.75
2015.09.30 23:30:27.743,2.36763,2.36861,1.00,1.75
2015.09.30 23:30:28.275,2.36764,2.36861,1.00,1.75
2015.09.30 23:30:28.666,2.36764,2.36861,1.00,1.75
2015.09.30 23:30:28.766,2.36753,2.36862,1.00,1.75
2015.09.30 23:30:28.867,2.36749,2.36853,1.00,1.80
2015.09.30 23:30:29.220,2.36739,2.36846,1.00,1.75
2015.09.30 23:30:29.367,2.36739,2.36836,1.00,1.80
2015.09.30 23:30:29.418,2.36735,2.36836,1.00,1.80
2015.09.30 23:30:29.667,2.36727,2.36835,1.00,1.75
2015.09.30 23:30:29.979,2.36724,2.36832,1.00,2.25
2015.09.30 23:30:30.080,2.36719,2.36832,1.37,2.25
2015.09.30 23:30:30.382,2.36717,2.36826,1.37,1.80
2015.09.30 23:30:30.483,2.36714,2.36817,1.00,1.75
2015.09.30 23:30:31.887,2.36714,2.36816,1.00,1.80
2015.09.30 23:30:39.246,2.36705,2.36816,1.00,2.55
2015.09.30 23:30:47.819,2.36705,2.36816,1.12,1.75
2015.09.30 23:30:48.234,2.36707,2.36816,1.00,1.75
2015.09.30 23:30:48.973,2.36711,2.36816,1.00,1.75
2015.09.30 23:30:49.345,2.36709,2.36816,1.00,1.75
2015.09.30 23:30:49.523,2.36711,2.36816,1.00,1.75
2015.09.30 23:30:50.995,2.36706,2.36816,1.00,1.75
2015.09.30 23:30:51.283,2.36711,2.36816,1.00,1.75
2015.09.30 23:30:52.933,2.36707,2.36816,1.00,1.75
2015.09.30 23:30:53.392,2.36711,2.36816,1.00,1.75
2015.09.30 23:30:55.048,2.36707,2.36816,1.00,1.75
2015.09.30 23:30:55.243,2.36711,2.36816,1.00,1.75
2015.09.30 23:31:01.766,2.36706,2.36816,1.00,2.25
2015.09.30 23:31:02.334,2.36702,2.36813,1.75,1.75
2015.09.30 23:31:02.820,2.36706,2.36816,1.50,1.75
2015.09.30 23:31:09.468,2.36718,2.36823,1.00,1.75
2015.09.30 23:31:09.934,2.36718,2.36822,1.50,1.75
2015.09.30 23:31:18.719,2.36721,2.36831,1.00,1.75
2015.09.30 23:31:28.048,2.36717,2.36828,1.75,1.75
2015.09.30 23:31:28.149,2.36723,2.36828,1.00,1.75
2015.09.30 23:31:33.902,2.36717,2.36828,1.75,1.75
2015.09.30 23:31:34.593,2.36717,2.36828,1.75,1.75
2015.09.30 23:31:34.649,2.36717,2.36828,1.75,1.75
2015.09.30 23:31:54.532,2.36715,2.36825,1.75,1.75
2015.09.30 23:31:55.517,2.36715,2.36825,1.75,1.75
2015.09.30 23:32:01.352,2.36723,2.36829,1.00,1.75
2015.09.30 23:32:03.442,2.36726,2.36829,1.00,1.75
2015.09.30 23:32:03.772,2.36722,2.36829,1.00,1.75
2015.09.30 23:32:06.312,2.3672,2.36829,1.37,1.75
2015.09.30 23:32:06.825,2.36722,2.36829,1.00,1.75
2015.09.30 23:32:07.553,2.36721,2.36829,1.12,1.75
2015.09.30 23:32:07.654,2.36723,2.36829,1.00,1.75
2015.09.30 23:32:10.630,2.36723,2.36829,1.75,1.75
2015.09.30 23:32:17.082,2.36732,2.36829,1.00,1.75
2015.09.30 23:32:17.411,2.36728,2.36829,1.00,1.75
2015.09.30 23:32:26.870,2.36728,2.36829,1.12,1.75
2015.09.30 23:32:44.442,2.36728,2.36829,1.37,1.37
2015.09.30 23:32:44.543,2.36728,2.36829,1.75,1.00
2015.09.30 23:32:48.633,2.36739,2.36829,1.00,1.00
2015.09.30 23:32:49.197,2.36739,2.36839,1.00,1.75
2015.09.30 23:33:14.202,2.36743,2.36838,1.00,1.75
2015.09.30 23:33:14.303,2.36738,2.36838,1.00,1.75
2015.09.30 23:33:14.505,2.3675,2.36838,1.00,1.37
2015.09.30 23:33:14.555,2.3675,2.36838,1.00,1.00
2015.09.30 23:33:14.606,2.3675,2.36848,1.00,1.75
2015.09.30 23:33:14.908,2.3675,2.36848,1.37,1.37
2015.09.30 23:33:14.959,2.36759,2.36848,1.12,1.00
2015.09.30 23:33:15.197,2.36769,2.36849,1.00,1.00
2015.09.30 23:33:15.597,2.36766,2.36849,1.00,1.00
2015.09.30 23:33:15.811,2.36766,2.36858,1.00,1.75
2015.09.30 23:33:17.131,2.36766,2.36849,1.00,1.00
2015.09.30 23:33:18.901,2.36764,2.36849,1.00,1.00
2015.09.30 23:33:24.611,2.36764,2.36848,1.00,1.00
2015.09.30 23:33:25.162,2.36763,2.36848,1.00,1.00
2015.09.30 23:33:28.690,2.36764,2.36848,1.00,1.00
2015.09.30 23:33:29.238,2.36765,2.36848,1.00,1.00
2015.09.30 23:33:30.693,2.36758,2.36848,1.00,1.00
2015.09.30 23:33:30.793,2.36751,2.36848,1.75,1.00
2015.09.30 23:33:30.894,2.3675,2.36839,1.75,1.00
2015.09.30 23:33:31.146,2.36748,2.36839,1.00,1.37
2015.09.30 23:33:31.247,2.36744,2.36839,1.00,1.37
2015.09.30 23:33:31.589,2.36732,2.36828,1.00,1.37
2015.09.30 23:33:31.842,2.36714,2.36826,1.50,1.75
2015.09.30 23:33:32.094,2.36711,2.36799,1.75,1.00
2015.09.30 23:33:32.245,2.36696,2.36799,1.75,1.75
2015.09.30 23:33:32.548,2.36688,2.36799,1.37,1.75
2015.09.30 23:33:33.311,2.36675,2.36784,1.75,1.00
2015.09.30 23:33:33.630,2.36674,2.36776,1.75,1.50
2015.09.30 23:33:34.071,2.3667,2.36769,1.75,1.00
2015.09.30 23:33:35.300,2.36661,2.36768,1.75,1.00
2015.09.30 23:33:35.451,2.36661,2.36765,1.75,1.75
2015.09.30 23:33:36.021,2.36653,2.36759,1.75,1.00
2015.09.30 23:33:36.942,2.36652,2.36758,1.75,1.00
2015.09.30 23:33:36.993,2.36649,2.36756,1.12,1.75
2015.09.30 23:33:37.295,2.36651,2.36757,1.00,1.75
2015.09.30 23:33:37.396,2.36648,2.36757,1.37,1.75
2015.09.30 23:33:37.600,2.36651,2.36757,1.00,1.75
2015.09.30 23:33:41.711,2.36646,2.36749,1.75,1.75
2015.09.30 23:33:41.932,2.36635,2.36739,1.75,1.37
2015.09.30 23:33:41.982,2.36635,2.36739,1.75,1.75
2015.09.30 23:33:42.133,2.36625,2.36729,1.75,1.37
2015.09.30 23:33:42.184,2.36625,2.36729,1.75,1.75
2015.09.30 23:33:42.335,2.36623,2.36718,1.75,1.00
2015.09.30 23:33:42.683,2.36623,2.36712,1.37,1.37
2015.09.30 23:33:42.735,2.36604,2.36708,1.75,1.00
2015.09.30 23:33:42.786,2.36594,2.36706,1.75,1.50
2015.09.30 23:33:42.887,2.36591,2.36699,1.00,1.75
2015.09.30 23:33:43.256,2.36591,2.36696,1.00,2.25
2015.09.30 23:33:43.459,2.36588,2.36691,1.00,1.75
2015.09.30 23:33:43.665,2.36584,2.36689,1.00,1.75
2015.09.30 23:33:43.997,2.36582,2.36688,1.00,1.75
2015.09.30 23:33:46.775,2.36578,2.36684,1.37,1.75
2015.09.30 23:33:49.269,2.36584,2.36689,1.00,1.75
2015.09.30 23:33:50.691,2.36582,2.36689,1.00,1.75
2015.09.30 23:33:51.280,2.3658,2.36689,1.00,1.75
2015.09.30 23:33:51.874,2.36569,2.36678,1.75,1.50
2015.09.30 23:33:52.026,2.36571,2.36666,1.37,1.37
2015.09.30 23:33:52.076,2.36571,2.36666,1.00,1.75
2015.09.30 23:33:52.127,2.36562,2.36666,1.75,1.75
2015.09.30 23:33:56.130,2.36567,2.36666,1.00,1.75
2015.09.30 23:33:56.432,2.36573,2.36676,1.00,1.75
2015.09.30 23:33:59.749,2.36571,2.36676,1.00,1.75
2015.09.30 23:34:00.150,2.36573,2.36676,1.00,1.75
2015.09.30 23:34:00.592,2.36581,2.36678,1.00,1.75
2015.09.30 23:34:00.700,2.36585,2.36678,1.00,1.75
2015.09.30 23:34:01.053,2.36589,2.36688,1.00,1.75
2015.09.30 23:34:02.382,2.36587,2.36689,1.00,1.75
2015.09.30 23:34:03.906,2.36598,2.36693,1.00,1.75
2015.09.30 23:34:04.007,2.36598,2.36698,1.00,1.75
2015.09.30 23:34:04.260,2.36601,2.36698,1.00,1.75
2015.09.30 23:34:04.591,2.36599,2.36689,1.00,1.00
2015.09.30 23:34:04.696,2.36594,2.36689,1.12,1.00
2015.09.30 23:34:05.571,2.3659,2.36688,1.75,1.00
2015.09.30 23:34:06.080,2.3659,2.36689,1.75,1.00
2015.09.30 23:34:06.710,2.36588,2.36689,1.00,1.75
2015.09.30 23:34:07.153,2.3659,2.36689,1.00,1.75
2015.09.30 23:34:12.250,2.36587,2.36689,1.00,1.75
2015.09.30 23:34:12.899,2.36587,2.36678,1.00,1.00
2015.09.30 23:34:13.340,2.36587,2.36688,1.00,1.75
2015.09.30 23:34:15.590,2.36588,2.36688,1.37,1.37
2015.09.30 23:34:15.830,2.36599,2.36688,1.00,1.00
2015.09.30 23:34:15.881,2.36601,2.36699,1.00,1.75
2015.09.30 23:34:16.118,2.36601,2.36699,1.75,1.00
2015.09.30 23:34:16.339,2.36609,2.36706,1.12,1.12
2015.09.30 23:34:16.389,2.36611,2.36706,1.00,1.12
2015.09.30 23:34:16.691,2.36625,2.36729,1.12,1.75
2015.09.30 23:34:17.030,2.36629,2.36737,1.00,1.75
2015.09.30 23:34:17.368,2.36641,2.36739,1.00,1.75
2015.09.30 23:34:17.750,2.36644,2.36738,1.00,1.75
2015.09.30 23:34:18.003,2.36634,2.36739,1.37,1.75
2015.09.30 23:34:18.223,2.36638,2.36738,1.00,1.75
2015.09.30 23:34:18.542,2.36642,2.36747,1.37,1.75
2015.09.30 23:34:18.599,2.36642,2.36747,1.75,1.37
2015.09.30 23:34:25.324,2.36652,2.36758,1.00,1.75
2015.09.30 23:34:25.374,2.36652,2.36764,1.75,2.25
2015.09.30 23:34:27.910,2.36667,2.36779,1.87,2.55
2015.09.30 23:34:27.961,2.36667,2.36779,2.25,1.75
2015.09.30 23:34:28.313,2.36681,2.36783,1.00,1.75
2015.09.30 23:34:31.403,2.36674,2.36779,1.50,1.75
2015.09.30 23:34:32.040,2.3667,2.36769,1.75,1.00
2015.09.30 23:34:32.191,2.3666,2.36766,1.75,1.75
2015.09.30 23:34:32.898,2.36654,2.3675,1.75,1.00
2015.09.30 23:34:32.949,2.36652,2.3675,1.00,1.75
2015.09.30 23:34:33.139,2.36642,2.3675,1.75,1.75
2015.09.30 23:34:33.466,2.36642,2.36745,1.00,1.75
2015.09.30 23:34:43.144,2.36642,2.36753,1.75,1.75
2015.09.30 23:34:51.322,2.36652,2.36756,1.00,1.75
2015.09.30 23:34:54.080,2.36642,2.36754,1.75,1.75
2015.09.30 23:35:09.805,2.36642,2.36756,1.75,1.75
2015.09.30 23:35:09.856,2.36648,2.36756,1.75,1.75
2015.09.30 23:35:09.957,2.36656,2.36763,1.00,1.75
2015.09.30 23:35:10.058,2.36656,2.36768,1.75,2.25
2015.09.30 23:35:34.590,2.36661,2.36767,1.75,1.75
2015.09.30 23:35:49.721,2.36661,2.36767,1.75,1.37
2015.09.30 23:35:49.822,2.36663,2.36767,1.75,1.00
2015.09.30 23:35:50.067,2.36672,2.36776,1.12,1.75
2015.09.30 23:35:50.786,2.36681,2.36783,1.00,1.75
2015.09.30 23:35:54.318,2.36673,2.36779,1.00,1.75
2015.09.30 23:36:01.578,2.36681,2.36785,1.00,2.25
2015.09.30 23:36:03.911,2.36671,2.36777,1.37,1.75
2015.09.30 23:36:04.163,2.36666,2.36766,1.75,1.00
2015.09.30 23:36:14.648,2.36659,2.36766,2.25,1.37
2015.09.30 23:36:18.294,2.36651,2.36766,1.75,2.25
2015.09.30 23:36:18.548,2.36641,2.36746,2.25,1.00
2015.09.30 23:36:18.605,2.36641,2.36746,1.75,1.50
2015.09.30 23:36:18.707,2.36641,2.36739,1.75,1.00
2015.09.30 23:36:19.019,2.36642,2.36735,1.00,1.75
2015.09.30 23:36:19.070,2.36631,2.36735,1.75,1.75
2015.09.30 23:36:32.935,2.36615,2.36726,1.75,1.00
2015.09.30 23:36:33.037,2.36614,2.36721,1.75,1.75
2015.09.30 23:36:33.139,2.36612,2.36713,1.00,1.75
2015.09.30 23:36:33.398,2.36593,2.36707,1.75,1.75
2015.09.30 23:36:33.499,2.36592,2.36696,1.37,1.37
2015.09.30 23:36:33.550,2.36582,2.36696,1.75,1.75
2015.09.30 23:36:33.959,2.36594,2.36702,1.00,1.75
2015.09.30 23:36:34.261,2.36602,2.36709,1.00,2.55
2015.09.30 23:36:34.311,2.36603,2.36709,1.12,1.75
2015.09.30 23:36:34.574,2.36607,2.36709,1.00,1.75
2015.09.30 23:36:34.726,2.36624,2.36731,1.12,1.75
2015.09.30 23:36:56.823,2.36613,2.36727,1.87,2.25
2015.09.30 23:36:56.873,2.36613,2.36727,1.37,3.00
2015.09.30 23:37:12.338,2.36602,2.36714,1.75,1.75
2015.09.30 23:37:12.388,2.36602,2.36714,1.75,1.75
2015.09.30 23:37:13.458,2.36611,2.36717,1.00,1.75
2015.09.30 23:37:13.708,2.36624,2.36728,1.00,1.75
2015.09.30 23:37:13.809,2.36626,2.36728,1.00,1.75
2015.09.30 23:37:14.011,2.36631,2.36728,1.50,1.37
2015.09.30 23:37:14.212,2.36636,2.36735,1.00,1.75
2015.09.30 23:37:14.579,2.36634,2.36738,1.00,1.75
2015.09.30 23:37:16.817,2.36634,2.36719,1.00,1.00
2015.09.30 23:37:16.918,2.36623,2.36715,1.00,1.50
2015.09.30 23:37:16.969,2.36614,2.36715,1.37,1.75
2015.09.30 23:37:17.019,2.36614,2.36709,1.00,1.75
2015.09.30 23:37:17.070,2.36601,2.36709,1.75,2.25
2015.09.30 23:37:17.121,2.36601,2.36696,1.75,1.00
2015.09.30 23:37:17.272,2.36592,2.36691,1.00,1.75
2015.09.30 23:37:17.558,2.36584,2.36691,1.75,1.75
2015.09.30 23:37:17.817,2.36579,2.36678,1.75,1.00
2015.09.30 23:37:17.918,2.36574,2.36678,2.25,1.75
2015.09.30 23:37:18.177,2.3656,2.36666,1.75,1.00
2015.09.30 23:37:18.279,2.3656,2.36666,1.75,1.75
2015.09.30 23:37:18.579,2.36556,2.36658,1.75,1.00
2015.09.30 23:37:19.896,2.36554,2.36659,1.75,1.00
2015.09.30 23:37:21.371,2.36555,2.36667,1.75,1.75
2015.09.30 23:37:21.747,2.36563,2.36667,1.75,1.37
2015.09.30 23:37:21.798,2.36571,2.36667,1.75,1.00
2015.09.30 23:37:21.899,2.36571,2.36679,1.75,1.75
2015.09.30 23:37:23.040,2.36578,2.36686,1.37,1.50
2015.09.30 23:37:23.091,2.36581,2.36693,1.75,1.75
2015.09.30 23:37:23.792,2.36602,2.36702,1.00,1.75
2015.09.30 23:37:25.568,2.36602,2.36707,1.37,1.50
2015.09.30 23:37:25.619,2.36602,2.36707,1.75,1.50
2015.09.30 23:37:29.376,2.36596,2.36698,1.75,1.00
2015.09.30 23:37:29.628,2.36594,2.36698,1.50,1.75
2015.09.30 23:37:29.830,2.36578,2.36688,1.75,1.00
2015.09.30 23:37:30.133,2.36573,2.36669,1.75,1.00
2015.09.30 23:37:30.234,2.36563,2.36669,1.75,1.12
2015.09.30 23:37:30.385,2.36557,2.36659,1.75,1.00
2015.09.30 23:37:30.587,2.36557,2.36667,1.75,1.50
2015.09.30 23:37:31.686,2.3656,2.3667,1.75,1.37
2015.09.30 23:37:32.147,2.36575,2.36689,1.00,1.75
2015.09.30 23:37:33.724,2.36578,2.36689,1.00,1.75
2015.09.30 23:37:34.117,2.36582,2.3669,1.00,1.80
2015.09.30 23:37:35.496,2.36582,2.3669,1.37,1.80
2015.09.30 23:37:35.547,2.36585,2.36694,1.75,1.75
2015.09.30 23:37:35.858,2.36588,2.36694,1.75,1.12
2015.09.30 23:37:46.076,2.36586,2.36689,1.75,1.00
2015.09.30 23:37:47.066,2.36583,2.36697,1.75,1.75
2015.09.30 23:37:54.600,2.36583,2.36697,1.75,1.75
2015.09.30 23:37:54.654,2.36583,2.36697,1.75,1.75
2015.09.30 23:38:03.705,2.36581,2.36687,1.75,1.00
2015.09.30 23:38:03.806,2.36575,2.36685,1.75,1.75
2015.09.30 23:38:04.257,2.36584,2.36686,1.00,1.75
2015.09.30 23:38:09.635,2.36575,2.36687,1.75,2.25
2015.09.30 23:38:10.566,2.36583,2.36686,1.00,1.75
2015.09.30 23:38:10.999,2.36583,2.36686,1.37,1.37
2015.09.30 23:38:11.050,2.36589,2.36688,1.50,1.12
2015.09.30 23:38:11.101,2.36589,2.36686,1.50,1.00
2015.09.30 23:38:12.166,2.36589,2.36689,1.50,1.37
2015.09.30 23:38:33.175,2.36584,2.36686,1.75,1.00
2015.09.30 23:38:34.610,2.36584,2.36686,1.75,1.00
2015.09.30 23:38:45.050,2.36582,2.36686,1.00,1.75
2015.09.30 23:38:46.053,2.36572,2.36678,1.75,1.37
2015.09.30 23:38:52.405,2.36562,2.36668,2.25,1.00
2015.09.30 23:38:53.395,2.36562,2.36658,1.75,1.00
2015.09.30 23:38:56.383,2.36563,2.36668,2.25,1.00
2015.09.30 23:38:56.945,2.36567,2.36669,1.75,1.00
2015.09.30 23:39:00.640,2.36572,2.36669,1.75,1.00
2015.09.30 23:39:07.365,2.36567,2.36668,1.75,1.00
2015.09.30 23:39:15.395,2.36567,2.36669,1.75,1.00
2015.09.30 23:39:16.320,2.36566,2.36669,2.25,1.00
2015.09.30 23:39:24.638,2.36565,2.36658,2.25,1.00
2015.09.30 23:39:24.789,2.36565,2.36668,1.75,1.00
2015.09.30 23:39:30.606,2.36576,2.36669,1.75,1.00
2015.09.30 23:39:30.808,2.36568,2.36659,1.75,1.00
2015.09.30 23:39:31.438,2.36564,2.36659,1.75,1.00
2015.09.30 23:39:31.489,2.36564,2.36659,1.75,1.00
2015.09.30 23:39:36.698,2.36556,2.36658,2.25,1.00
2015.09.30 23:39:37.614,2.36556,2.36659,2.25,1.00
2015.09.30 23:39:38.825,2.36556,2.36645,1.75,1.00
2015.09.30 23:39:38.875,2.36555,2.3664,1.75,1.00
2015.09.30 23:39:38.926,2.36555,2.36634,1.37,1.37
2015.09.30 23:39:38.976,2.36553,2.36634,1.00,1.75
2015.09.30 23:39:39.078,2.36528,2.36636,1.00,2.25
2015.09.30 23:39:39.129,2.36528,2.36636,1.37,1.37
2015.09.30 23:39:39.452,2.36526,2.36619,1.75,1.00
2015.09.30 23:39:40.381,2.36543,2.36619,1.75,1.00
2015.09.30 23:39:40.432,2.36543,2.36649,1.75,1.00
2015.09.30 23:39:40.736,2.3654,2.36647,1.75,1.00
2015.09.30 23:39:41.604,2.3654,2.36649,1.75,1.00
2015.09.30 23:39:44.104,2.36543,2.36648,1.75,1.00
2015.09.30 23:39:44.790,2.36547,2.36659,1.75,1.75
2015.09.30 23:39:45.475,2.36551,2.36649,1.75,1.00
2015.09.30 23:39:47.074,2.36551,2.36659,2.25,1.75
2015.09.30 23:39:47.645,2.36552,2.36659,1.75,1.00
2015.09.30 23:39:50.595,2.36556,2.36648,2.25,1.00
2015.09.30 23:39:51.389,2.36556,2.36658,1.75,1.00
2015.09.30 23:39:55.340,2.36558,2.36659,1.75,1.00
2015.09.30 23:39:56.105,2.36562,2.36668,1.75,1.75
2015.09.30 23:39:57.304,2.36563,2.36658,1.75,1.00
2015.09.30 23:39:58.295,2.36563,2.36669,2.25,1.75
2015.09.30 23:39:58.845,2.36572,2.36677,1.00,1.75
2015.09.30 23:40:00.384,2.36563,2.36669,2.25,1.75
2015.09.30 23:40:01.444,2.36567,2.36669,1.37,1.37
2015.09.30 23:40:01.495,2.36567,2.36669,1.75,1.00
2015.09.30 23:40:01.867,2.36573,2.36679,1.75,1.75
2015.09.30 23:40:02.609,2.36569,2.36668,1.75,1.00
2015.09.30 23:40:11.058,2.36572,2.36677,1.75,1.75
2015.09.30 23:40:11.989,2.36577,2.36691,1.37,1.75
2015.09.30 23:40:12.040,2.36577,2.36691,1.75,1.75
2015.09.30 23:40:12.204,2.36594,2.36699,1.37,1.50
2015.09.30 23:40:12.255,2.36594,2.36699,1.75,1.12
2015.09.30 23:40:13.409,2.36614,2.3672,1.37,1.75
2015.09.30 23:40:13.460,2.36614,2.3672,1.37,1.75
2015.09.30 23:40:13.712,2.36619,2.36726,1.37,1.75
2015.09.30 23:40:13.762,2.36624,2.36728,1.75,1.75
2015.09.30 23:40:13.914,2.36632,2.36728,1.37,1.37
2015.09.30 23:40:13.964,2.36643,2.36754,1.75,1.75
2015.09.30 23:40:18.873,2.36643,2.36728,1.75,1.00
2015.09.30 23:40:19.074,2.36622,2.36726,1.75,1.09
2015.09.30 23:40:19.125,2.36614,2.36718,1.75,1.00
2015.09.30 23:40:19.226,2.36609,2.36709,1.80,1.00
2015.09.30 23:40:19.277,2.36607,2.36709,2.55,1.00
2015.09.30 23:40:19.378,2.36603,2.36709,1.75,1.00
2015.09.30 23:40:25.579,2.36601,2.36714,1.75,1.37
2015.09.30 23:40:30.278,2.36604,2.36715,2.25,1.09
2015.09.30 23:40:30.329,2.36604,2.36699,1.00,1.12
2015.09.30 23:40:30.430,2.36604,2.36688,1.00,1.00
2015.09.30 23:40:30.531,2.36594,2.36683,1.00,1.09
2015.09.30 23:40:30.582,2.36582,2.36683,1.50,1.09
2015.09.30 23:40:31.141,2.36571,2.36679,2.25,1.00
2015.09.30 23:40:31.879,2.36572,2.36678,1.75,1.00
2015.09.30 23:40:33.994,2.36572,2.36678,1.75,1.37
2015.09.30 23:40:34.095,2.36571,2.36672,1.75,1.37
2015.09.30 23:40:34.146,2.36571,2.36666,1.75,1.00
2015.09.30 23:40:34.431,2.36541,2.36656,1.75,1.50
2015.09.30 23:40:37.309,2.36561,2.36677,1.37,1.75
2015.09.30 23:40:37.410,2.36572,2.36677,1.50,1.75
2015.09.30 23:40:39.589,2.36583,2.36687,1.00,1.75
2015.09.30 23:40:42.428,2.36574,2.36687,1.12,1.75
2015.09.30 23:40:44.408,2.36584,2.36687,1.00,1.75
2015.09.30 23:40:45.743,2.36585,2.36689,1.12,1.75
2015.09.30 23:40:53.819,2.36584,2.36698,1.37,1.75
2015.09.30 23:40:53.869,2.36584,2.36698,1.75,1.75
2015.09.30 23:40:56.166,2.36594,2.36702,1.75,1.12
2015.09.30 23:40:56.468,2.36593,2.36699,1.75,1.00
2015.09.30 23:40:56.629,2.36594,2.36708,1.75,1.75
2015.09.30 23:40:58.237,2.36609,2.36718,1.75,1.12
2015.09.30 23:41:04.687,2.36608,2.36707,1.75,1.00
2015.09.30 23:41:04.737,2.36593,2.36707,1.75,1.75
2015.09.30 23:41:05.075,2.3659,2.36696,1.75,1.75
2015.09.30 23:41:05.377,2.36577,2.36686,1.75,1.00
2015.09.30 23:41:05.639,2.36574,2.36686,1.75,1.75
2015.09.30 23:41:05.938,2.36574,2.36685,1.37,1.80
2015.09.30 23:41:06.039,2.36564,2.3667,1.37,1.75
2015.09.30 23:41:06.140,2.36547,2.36656,1.75,1.75
2015.09.30 23:41:14.296,2.36544,2.36656,1.37,2.25
2015.09.30 23:41:14.347,2.36544,2.36656,1.37,2.25
2015.09.30 23:41:30.377,2.36537,2.36649,1.37,1.75
2015.09.30 23:41:30.689,2.36534,2.36629,1.00,1.75
2015.09.30 23:41:30.748,2.36524,2.36629,1.37,1.75
2015.09.30 23:41:30.852,2.36524,2.36619,1.37,1.00
2015.09.30 23:41:31.279,2.36524,2.36625,1.00,1.75
2015.09.30 23:41:38.868,2.36514,2.36628,1.75,1.75
2015.09.30 23:41:38.969,2.36534,2.36628,1.00,1.75
2015.09.30 23:41:39.070,2.36534,2.36646,1.75,1.75
2015.09.30 23:41:39.423,2.36544,2.36658,1.75,1.75
2015.09.30 23:41:54.608,2.36544,2.36659,1.75,1.75
2015.09.30 23:41:54.706,2.36544,2.36659,1.75,1.75
2015.09.30 23:42:10.267,2.36579,2.36669,1.00,1.37
2015.09.30 23:42:10.601,2.36584,2.36696,1.75,1.75
2015.09.30 23:42:34.569,2.36589,2.36695,1.75,1.00
2015.09.30 23:42:46.238,2.36612,2.36706,1.00,1.75
2015.09.30 23:42:46.340,2.36617,2.36709,1.00,1.00
2015.09.30 23:42:46.390,2.36617,2.36716,1.37,1.37
2015.09.30 23:42:46.686,2.36634,2.36739,1.75,1.12
2015.09.30 23:43:10.426,2.36628,2.36739,1.75,1.37
2015.09.30 23:43:10.477,2.36628,2.36739,1.75,1.75
2015.09.30 23:43:10.578,2.36626,2.36728,1.75,1.00
2015.09.30 23:43:10.830,2.36598,2.36715,1.75,2.25
2015.09.30 23:43:10.931,2.36597,2.36707,1.75,1.37
2015.09.30 23:43:10.981,2.36597,2.36707,1.75,1.75
2015.09.30 23:43:34.543,2.36593,2.36699,1.75,1.37
2015.09.30 23:43:34.662,2.36593,2.36699,1.75,1.00
2015.09.30 23:43:42.056,2.36593,2.36698,1.75,1.00
2015.09.30 23:43:54.682,2.36593,2.36698,1.75,1.50
2015.09.30 23:44:14.608,2.36588,2.36698,1.75,1.50
2015.09.30 23:44:34.557,2.36587,2.36698,1.75,1.00
2015.09.30 23:44:36.614,2.36587,2.36696,1.75,1.00
2015.09.30 23:44:47.174,2.36588,2.36698,1.75,1.00
2015.09.30 23:44:54.582,2.36593,2.36698,1.75,1.00
2015.09.30 23:44:57.614,2.36593,2.36707,1.75,1.75
2015.09.30 23:44:57.824,2.36593,2.36698,1.75,1.00
2015.09.30 23:45:10.210,2.36594,2.36698,1.75,1.00
2015.09.30 23:45:10.754,2.36594,2.36698,1.75,1.00
2015.09.30 23:45:17.841,2.36593,2.36699,2.25,1.00
2015.09.30 23:45:18.375,2.36593,2.36698,1.75,1.00
2015.09.30 23:45:20.732,2.36588,2.36697,1.75,1.00
2015.09.30 23:45:22.836,2.36588,2.36698,1.75,1.00
2015.09.30 23:45:30.775,2.36586,2.36697,3.00,1.00
2015.09.30 23:45:33.919,2.36594,2.36698,1.75,1.00
2015.09.30 23:45:34.624,2.36594,2.36698,1.75,1.37
2015.09.30 23:45:34.704,2.36594,2.36698,1.75,1.75
2015.09.30 23:45:42.950,2.36595,2.36699,1.75,1.37
2015.09.30 23:45:43.001,2.36595,2.36699,1.75,1.00
2015.09.30 23:45:43.145,2.36595,2.36707,1.75,1.50
2015.09.30 23:45:49.351,2.36594,2.36698,1.75,1.00
2015.09.30 23:45:49.900,2.36593,2.36699,1.75,1.00
2015.09.30 23:45:50.419,2.36593,2.36698,1.75,1.00
2015.09.30 23:45:51.829,2.36604,2.36699,1.75,1.00
2015.09.30 23:45:52.512,2.36593,2.36698,1.75,1.00
2015.09.30 23:46:03.640,2.36604,2.36708,1.75,1.75
2015.09.30 23:46:03.819,2.36604,2.36699,1.75,1.00
2015.09.30 23:46:04.809,2.36604,2.36698,1.75,1.00
2015.09.30 23:46:05.579,2.36604,2.36699,1.75,1.00
2015.09.30 23:46:08.299,2.36603,2.36699,1.12,1.37
2015.09.30 23:46:34.636,2.36603,2.36709,1.12,1.75
2015.09.30 23:47:14.547,2.36594,2.36706,1.75,1.75
2015.09.30 23:47:14.598,2.36594,2.36706,1.75,1.75
2015.09.30 23:47:34.580,2.36593,2.36708,1.75,1.75
2015.09.30 23:47:35.228,2.36593,2.36717,1.75,3.00
2015.09.30 23:47:54.674,2.36594,2.36716,1.75,1.75
2015.09.30 23:48:14.582,2.36594,2.36716,2.25,1.75
2015.09.30 23:48:19.542,2.36604,2.36718,1.75,1.75
2015.09.30 23:48:19.847,2.36612,2.36736,1.75,1.75
2015.09.30 23:48:20.168,2.36633,2.36738,1.75,1.75
2015.09.30 23:48:51.971,2.36626,2.3675,1.75,1.75
2015.09.30 23:48:52.617,2.36624,2.36746,1.75,1.75
2015.09.30 23:48:56.399,2.3662,2.36728,1.75,1.00
2015.09.30 23:48:56.775,2.36613,2.36728,1.75,1.75
2015.09.30 23:49:05.556,2.36618,2.36728,1.75,1.37
2015.09.30 23:49:05.607,2.36618,2.36738,1.75,1.75
2015.09.30 23:49:34.729,2.36627,2.36747,1.75,1.75
2015.09.30 23:49:34.780,2.36627,2.36747,1.75,1.75
2015.09.30 23:49:54.610,2.36633,2.36739,1.75,1.00
2015.09.30 23:50:03.244,2.36624,2.36745,2.25,1.80
2015.09.30 23:50:03.345,2.36624,2.36745,2.25,1.80
2015.09.30 23:50:03.609,2.36613,2.36719,1.00,1.75
2015.09.30 23:50:04.148,2.36604,2.36709,1.75,1.12
2015.09.30 23:50:08.736,2.36615,2.36718,1.37,1.37
2015.09.30 23:50:08.786,2.36615,2.36718,1.75,1.00
2015.09.30 23:50:08.887,2.36613,2.36737,2.25,1.75
2015.09.30 23:50:08.938,2.36634,2.36746,1.00,1.75
2015.09.30 23:50:09.143,2.36624,2.36746,1.75,2.25
2015.09.30 23:50:11.005,2.36633,2.36746,1.00,1.75
2015.09.30 23:50:16.065,2.36634,2.36745,1.00,1.75
2015.09.30 23:50:18.486,2.36633,2.36748,1.00,2.55
2015.09.30 23:50:25.135,2.36633,2.36748,1.37,2.55
2015.09.30 23:50:25.186,2.36633,2.36748,1.75,1.75
2015.09.30 23:50:56.215,2.36626,2.36736,1.75,1.00
2015.09.30 23:50:56.366,2.36613,2.36729,1.75,2.25
2015.09.30 23:50:57.044,2.36605,2.36709,1.75,1.00
2015.09.30 23:50:57.354,2.36605,2.36717,1.75,1.75
2015.09.30 23:50:59.295,2.366,2.36707,1.75,1.00
2015.09.30 23:50:59.446,2.36593,2.36707,1.75,2.25
2015.09.30 23:50:59.497,2.36593,2.36707,1.37,2.25
2015.09.30 23:50:59.547,2.36583,2.36697,1.75,1.75
2015.09.30 23:51:00.034,2.36584,2.36694,1.00,1.80
2015.09.30 23:51:00.085,2.36574,2.36686,1.75,1.75
2015.09.30 23:51:00.825,2.36564,2.36676,1.50,1.75
2015.09.30 23:51:16.537,2.36564,2.36664,1.50,1.00
2015.09.30 23:51:34.565,2.36563,2.36668,1.75,1.75
2015.09.30 23:51:35.075,2.36563,2.36669,1.75,1.75
2015.09.30 23:51:54.631,2.36555,2.36669,1.75,1.75
2015.09.30 23:52:02.214,2.36574,2.36679,1.00,1.75
2015.09.30 23:52:06.283,2.36564,2.36676,1.75,1.75
2015.09.30 23:52:12.853,2.36564,2.36676,1.75,1.75
2015.09.30 23:52:12.904,2.36573,2.36682,1.00,1.75
2015.09.30 23:52:13.061,2.36573,2.36687,1.75,1.75
2015.09.30 23:52:13.213,2.36584,2.36689,1.00,1.75
2015.09.30 23:52:17.063,2.36573,2.36687,1.75,1.75
2015.09.30 23:52:30.953,2.36573,2.36687,1.75,1.75
2015.09.30 23:52:31.004,2.36573,2.36687,1.75,1.75
2015.09.30 23:52:31.633,2.3657,2.36668,1.75,1.00
2015.09.30 23:52:31.785,2.36564,2.36669,1.75,1.75
2015.09.30 23:52:32.042,2.36551,2.36656,1.75,1.00
2015.09.30 23:52:32.093,2.36544,2.36656,1.75,1.75
2015.09.30 23:52:32.839,2.36535,2.36638,1.75,1.00
2015.09.30 23:52:33.040,2.36523,2.36637,1.75,1.75
2015.09.30 23:52:33.091,2.36523,2.36629,1.50,1.37
2015.09.30 23:52:33.142,2.36523,2.36629,1.12,1.75
2015.09.30 23:52:54.581,2.36513,2.36627,1.75,1.75
2015.09.30 23:52:54.632,2.36513,2.36627,1.75,1.75
2015.09.30 23:52:59.563,2.36513,2.36619,1.75,1.00
2015.09.30 23:52:59.783,2.36513,2.36627,1.75,1.75
2015.09.30 23:53:01.424,2.36534,2.36638,1.00,2.25
2015.09.30 23:53:01.525,2.36537,2.36637,2.25,1.00
2015.09.30 23:53:01.626,2.36543,2.36649,1.75,1.75
2015.09.30 23:53:01.953,2.36553,2.36658,1.00,1.75
2015.09.30 23:53:02.003,2.36553,2.36658,1.75,1.12
2015.09.30 23:53:02.055,2.36564,2.36658,1.00,1.12
2015.09.30 23:53:02.334,2.36557,2.36667,2.25,1.75
2015.09.30 23:53:02.385,2.36564,2.36668,1.75,1.12
2015.09.30 23:53:05.066,2.36574,2.36669,1.00,1.37
2015.09.30 23:53:05.823,2.36573,2.36679,1.75,1.12
2015.09.30 23:53:06.326,2.36574,2.36678,1.75,1.00
2015.09.30 23:53:07.098,2.36574,2.36686,1.75,1.75
2015.09.30 23:53:07.623,2.36574,2.36668,1.75,1.00
2015.09.30 23:53:08.070,2.36574,2.36678,1.75,1.00
2015.09.30 23:53:08.285,2.36574,2.36669,1.75,1.00
2015.09.30 23:53:09.602,2.36574,2.36678,1.75,1.00
2015.09.30 23:53:10.174,2.36569,2.36677,1.75,1.00
2015.09.30 23:53:11.322,2.36573,2.36678,1.75,1.00
2015.09.30 23:53:11.731,2.36573,2.36669,1.75,1.00
2015.09.30 23:53:14.362,2.36569,2.36669,1.75,1.12
2015.09.30 23:53:21.863,2.36573,2.36682,1.00,1.75
2015.09.30 23:53:22.368,2.36573,2.36668,1.00,1.00
2015.09.30 23:53:22.920,2.36563,2.36669,1.75,1.12
2015.09.30 23:53:23.623,2.36563,2.36668,1.75,1.00
2015.09.30 23:53:24.357,2.36563,2.36659,1.75,1.00
2015.09.30 23:53:24.458,2.3655,2.36657,2.25,1.00
2015.09.30 23:53:26.582,2.36545,2.36656,1.75,1.00
2015.09.30 23:53:26.785,2.36544,2.36648,3.00,1.00
2015.09.30 23:53:26.986,2.36544,2.36656,3.00,1.00
2015.09.30 23:53:28.897,2.36544,2.36657,2.25,1.00
2015.09.30 23:53:28.998,2.36544,2.36649,2.25,1.00
2015.09.30 23:53:29.360,2.36545,2.36656,1.75,1.00
2015.09.30 23:53:31.148,2.36544,2.36656,2.25,1.37
2015.09.30 23:53:31.198,2.36545,2.36656,2.25,1.75
2015.09.30 23:53:35.139,2.36571,2.36656,1.00,1.75
2015.09.30 23:53:35.190,2.36571,2.36667,1.12,1.37
2015.09.30 23:53:35.291,2.36576,2.36667,1.00,1.37
2015.09.30 23:53:35.518,2.36575,2.36687,1.75,1.75
2015.09.30 23:53:35.568,2.36575,2.36678,1.75,1.00
2015.09.30 23:53:35.770,2.36575,2.36669,1.12,1.00
2015.09.30 23:53:36.580,2.36556,2.36657,1.75,1.50
2015.09.30 23:53:37.134,2.36555,2.36649,1.75,1.00
2015.09.30 23:53:43.623,2.36565,2.36666,1.00,1.75
2015.09.30 23:53:43.680,2.36579,2.36667,1.00,1.37
2015.09.30 23:53:43.731,2.36579,2.36667,1.00,1.00
2015.09.30 23:53:43.812,2.36581,2.36667,1.00,1.00
2015.09.30 23:53:43.913,2.3659,2.36696,1.00,1.75
2015.09.30 23:53:44.155,2.36594,2.36696,1.75,1.12
2015.09.30 23:53:44.508,2.36607,2.36706,1.00,1.75
2015.09.30 23:53:44.822,2.36612,2.36717,1.00,2.55
2015.09.30 23:53:45.072,2.3661,2.36717,1.00,1.80
2015.09.30 23:53:46.161,2.36606,2.36717,1.00,1.80
2015.09.30 23:53:46.262,2.36604,2.3671,1.00,1.75
2015.09.30 23:53:46.363,2.36596,2.36708,1.75,1.75
2015.09.30 23:53:46.564,2.36594,2.36689,1.75,1.00
2015.09.30 23:53:46.866,2.3658,2.36689,1.75,1.75
2015.09.30 23:53:53.052,2.3658,2.36679,1.75,1.00
2015.09.30 23:54:00.092,2.36576,2.36688,1.75,1.75
2015.09.30 23:54:12.757,2.36584,2.36688,1.75,1.75
2015.09.30 23:54:27.406,2.36596,2.36696,1.00,1.75
2015.09.30 23:54:27.457,2.36603,2.36699,1.00,1.50
2015.09.30 23:54:27.507,2.3661,2.36698,1.00,1.12
2015.09.30 23:54:27.608,2.36614,2.36709,1.00,1.12
2015.09.30 23:54:27.759,2.36616,2.36709,1.00,1.12
2015.09.30 23:54:28.218,2.36615,2.36719,1.75,1.00
2015.09.30 23:54:29.621,2.36614,2.36726,1.75,1.75
2015.09.30 23:54:30.716,2.36633,2.36728,1.00,1.75
2015.09.30 23:54:31.111,2.36633,2.36739,1.75,1.75
2015.09.30 23:54:31.162,2.36633,2.36733,1.00,1.80
2015.09.30 23:54:31.263,2.3662,2.36727,1.75,1.12
2015.09.30 23:54:31.464,2.36635,2.36728,1.00,1.37
2015.09.30 23:54:31.616,2.36631,2.36728,1.37,1.37
2015.09.30 23:54:32.276,2.36633,2.36728,1.00,1.37
2015.09.30 23:54:32.384,2.36633,2.36728,1.37,1.00
2015.09.30 23:54:33.124,2.36633,2.36738,1.75,1.12
2015.09.30 23:54:46.146,2.36634,2.36729,1.75,1.00
2015.09.30 23:54:46.876,2.36634,2.36728,1.75,1.00
2015.09.30 23:54:48.491,2.36634,2.36729,1.75,1.00
2015.09.30 23:54:49.703,2.36634,2.36728,1.75,1.00
2015.09.30 23:54:50.242,2.36633,2.36729,1.75,1.00
2015.09.30 23:54:53.223,2.36633,2.36728,1.75,1.00
2015.09.30 23:54:54.043,2.36633,2.36729,1.75,1.00
2015.09.30 23:54:55.311,2.36633,2.36728,1.75,1.00
2015.09.30 23:54:55.609,2.36626,2.36728,1.75,1.12
2015.09.30 23:54:55.887,2.36614,2.36719,2.25,1.75
2015.09.30 23:54:56.101,2.36608,2.36708,1.75,1.00
2015.09.30 23:54:56.311,2.36613,2.36718,1.75,1.75
2015.09.30 23:54:56.892,2.36624,2.36718,1.00,1.75
2015.09.30 23:55:04.293,2.36623,2.36719,1.00,1.75
2015.09.30 23:55:04.545,2.36634,2.36729,1.00,1.75
2015.09.30 23:55:05.694,2.36638,2.36739,1.00,1.75
2015.09.30 23:55:05.745,2.36639,2.36739,1.75,1.00
2015.09.30 23:55:05.847,2.36651,2.36738,1.75,1.00
2015.09.30 23:55:05.897,2.36653,2.36747,1.75,1.00
2015.09.30 23:55:06.099,2.36654,2.36759,1.75,1.75
2015.09.30 23:55:06.496,2.36663,2.36758,1.00,1.75
2015.09.30 23:55:06.647,2.36663,2.36768,2.25,1.00
2015.09.30 23:55:07.551,2.36679,2.36768,1.75,1.00
2015.09.30 23:55:07.876,2.36685,2.36779,1.12,1.00
2015.09.30 23:55:07.927,2.36693,2.36789,1.75,1.00
2015.09.30 23:55:08.252,2.36693,2.36778,1.75,1.00
2015.09.30 23:55:08.303,2.36693,2.36788,1.75,1.00
2015.09.30 23:55:08.551,2.36693,2.36798,1.75,1.75
2015.09.30 23:55:33.205,2.36694,2.36801,1.75,1.75
2015.09.30 23:55:33.363,2.36694,2.36802,1.75,1.37
2015.09.30 23:55:33.413,2.36703,2.36809,1.75,1.75
2015.09.30 23:55:33.534,2.36713,2.36812,1.00,1.75
2015.09.30 23:55:33.636,2.36704,2.36809,1.50,1.75
2015.09.30 23:55:34.119,2.36696,2.36805,1.37,1.75
2015.09.30 23:55:34.170,2.36695,2.36805,1.50,1.75
2015.09.30 23:55:36.081,2.36693,2.36789,1.75,1.00
2015.09.30 23:55:37.552,2.36693,2.36788,1.75,1.00
2015.09.30 23:55:40.662,2.36683,2.36783,1.75,1.00
2015.09.30 23:55:40.764,2.36684,2.36779,1.37,1.12
2015.09.30 23:55:41.666,2.36674,2.36778,1.75,1.00
2015.09.30 23:55:42.322,2.36674,2.36775,1.75,1.00
2015.09.30 23:55:42.832,2.36674,2.36769,1.75,1.00
2015.09.30 23:55:43.052,2.36674,2.36775,1.75,1.00
2015.09.30 23:55:43.602,2.36674,2.36769,1.75,1.00
2015.09.30 23:55:44.197,2.36674,2.36764,1.75,1.00
2015.09.30 23:55:44.348,2.36666,2.36764,1.75,1.00
2015.09.30 23:55:44.399,2.36666,2.36761,1.75,1.00
2015.09.30 23:55:44.963,2.36654,2.36748,1.75,1.00
2015.09.30 23:55:45.126,2.36654,2.36748,1.75,1.00
2015.09.30 23:55:45.709,2.36654,2.36749,1.75,1.00
2015.09.30 23:55:49.021,2.36661,2.36749,1.00,1.00
2015.09.30 23:55:49.314,2.36654,2.36749,1.75,1.00
2015.09.30 23:55:50.862,2.36658,2.36748,1.75,1.00
2015.09.30 23:55:51.820,2.36658,2.36749,1.75,1.00
2015.09.30 23:55:52.392,2.36658,2.36748,1.75,1.00
2015.09.30 23:55:56.363,2.36657,2.36759,1.75,1.00
2015.09.30 23:55:56.582,2.36657,2.36749,1.75,1.00
2015.09.30 23:56:00.434,2.36654,2.36758,1.75,1.00
2015.09.30 23:56:04.055,2.36653,2.36749,1.75,1.00
2015.09.30 23:56:04.174,2.36653,2.36759,1.75,1.00
2015.09.30 23:56:04.394,2.36653,2.36748,1.75,1.00
2015.09.30 23:56:08.362,2.36653,2.36748,2.25,1.00
2015.09.30 23:56:10.332,2.36653,2.36749,1.75,1.00
2015.09.30 23:56:19.390,2.36653,2.36763,2.25,1.75
2015.09.30 23:56:19.541,2.36659,2.36766,1.75,1.37
2015.09.30 23:56:19.591,2.36659,2.36766,1.75,1.00
2015.09.30 23:56:19.642,2.36664,2.36769,1.75,1.00
2015.09.30 23:56:19.793,2.36665,2.36776,1.75,1.75
2015.09.30 23:56:20.172,2.36684,2.36779,1.00,1.75
2015.09.30 23:56:20.537,2.36694,2.36793,1.00,1.75
2015.09.30 23:56:35.242,2.36694,2.36788,1.37,1.37
2015.09.30 23:56:35.293,2.36694,2.36788,1.75,1.00
2015.09.30 23:56:35.851,2.36694,2.36799,1.75,1.12
2015.09.30 23:56:36.382,2.36703,2.36799,1.00,1.12
2015.09.30 23:56:40.333,2.36698,2.36799,1.75,1.12
2015.09.30 23:56:44.802,2.36695,2.36798,1.75,1.00
2015.09.30 23:56:53.231,2.36696,2.36799,1.75,1.12
2015.09.30 23:56:54.601,2.36697,2.36799,1.75,1.12
2015.09.30 23:56:55.134,2.36697,2.36798,1.75,1.00
2015.09.30 23:56:56.671,2.36697,2.36799,2.25,1.00
2015.09.30 23:56:58.878,2.36698,2.36798,1.75,1.00
2015.09.30 23:57:09.072,2.36697,2.36799,1.75,1.00
2015.09.30 23:57:10.948,2.36694,2.36799,1.75,1.37
2015.09.30 23:57:10.998,2.36694,2.36799,1.50,1.75
2015.09.30 23:57:13.255,2.36693,2.36788,2.25,1.00
2015.09.30 23:57:13.362,2.36693,2.36799,2.25,1.75
2015.09.30 23:57:34.580,2.36693,2.36798,1.37,1.75
2015.09.30 23:57:35.101,2.36693,2.36798,1.00,1.75
2015.09.30 23:57:47.173,2.36694,2.36798,1.00,1.75
2015.09.30 23:57:49.091,2.36693,2.36804,1.00,1.80
2015.09.30 23:57:49.650,2.36694,2.36804,1.00,1.80
2015.09.30 23:57:50.820,2.36693,2.36804,1.00,1.80
2015.09.30 23:57:54.621,2.36693,2.36799,1.50,1.75
2015.09.30 23:57:54.672,2.36693,2.36799,1.50,1.75
2015.09.30 23:57:55.740,2.36694,2.36799,1.00,1.75
2015.09.30 23:57:55.960,2.3669,2.36797,1.50,1.75
2015.09.30 23:58:05.964,2.36684,2.36789,1.00,1.75
2015.09.30 23:58:06.080,2.36673,2.36784,1.75,1.75
2015.09.30 23:58:13.522,2.36664,2.36769,1.75,1.00
2015.09.30 23:58:13.700,2.36668,2.36776,1.75,1.75
2015.09.30 23:58:25.412,2.36663,2.36769,2.25,1.00
2015.09.30 23:58:26.165,2.36664,2.36768,1.75,1.00
2015.09.30 23:58:28.104,2.36664,2.36768,1.75,1.75
2015.09.30 23:58:35.681,2.36659,2.36756,1.75,1.00
2015.09.30 23:58:35.832,2.36653,2.36756,1.75,1.75
2015.09.30 23:58:44.876,2.36643,2.36751,1.75,1.00
2015.09.30 23:58:45.179,2.36633,2.36741,1.00,1.75
2015.09.30 23:58:45.430,2.36627,2.36719,1.37,1.00
2015.09.30 23:58:45.583,2.36627,2.36729,1.37,1.75
2015.09.30 23:58:46.032,2.36616,2.36725,1.50,1.50
2015.09.30 23:58:46.082,2.36616,2.36726,1.12,1.75
2015.09.30 23:58:54.949,2.36619,2.36719,1.00,1.75
2015.09.30 23:59:00.271,2.36617,2.36726,1.00,1.75
2015.09.30 23:59:00.872,2.36618,2.36726,1.00,1.75
2015.09.30 23:59:10.569,2.36614,2.36726,2.25,2.25
2015.09.30 23:59:14.640,2.36614,2.36726,3.00,2.25
2015.09.30 23:59:19.825,2.36625,2.36726,1.00,1.75
2015.09.30 23:59:22.432,2.36624,2.36727,1.00,2.25
2015.09.30 23:59:22.718,2.36624,2.36727,1.75,1.75
2015.09.30 23:59:22.819,2.36634,2.3673,1.00,1.75
2015.09.30 23:59:23.145,2.36638,2.36747,1.75,1.75
2015.09.30 23:59:23.246,2.36646,2.36746,1.00,1.75
2015.09.30 23:59:24.120,2.36649,2.36746,1.00,1.75
2015.09.30 23:59:24.432,2.36653,2.36747,1.00,1.75
2015.09.30 23:59:27.508,2.36652,2.36756,1.00,1.75
2015.09.30 23:59:32.128,2.36656,2.36756,1.00,1.75
2015.09.30 23:59:32.179,2.36656,2.36756,1.00,1.75
2015.09.30 23:59:32.280,2.36656,2.36756,1.00,1.75
2015.09.30 23:59:32.491,2.36647,2.36756,1.75,1.75
2015.09.30 23:59:48.081,2.36645,2.36756,1.75,1.75
2015.09.30 23:59:48.131,2.36645,2.36756,1.75,1.75
