2013.09.05 07:00:00.778,1.98147,1.98208,1.50,1.13
2013.09.05 07:00:01.135,1.98144,1.98201,1.13,1.13
2013.09.05 07:00:01.555,1.98141,1.98202,1.50,1.13
2013.09.05 07:00:02.775,1.98141,1.98202,1.50,1.13
2013.09.05 07:00:02.976,1.98141,1.98202,1.50,1.13
2013.09.05 07:00:03.682,1.98141,1.98202,1.50,1.13
2013.09.05 07:00:03.865,1.98141,1.98202,1.50,1.13
2013.09.05 07:00:04.975,1.98139,1.98195,1.13,1.13
2013.09.05 07:00:05.035,1.98139,1.98195,1.13,1.13
2013.09.05 07:00:07.385,1.9814,1.982,1.50,1.13
2013.09.05 07:00:10.765,1.98135,1.98195,1.50,1.13
2013.09.05 07:00:18.265,1.98135,1.98195,1.50,1.13
2013.09.05 07:00:18.505,1.98135,1.98194,1.50,1.13
2013.09.05 07:00:18.895,1.9813,1.98194,1.88,1.50
2013.09.05 07:00:18.955,1.9813,1.98193,1.88,1.13
2013.09.05 07:00:20.645,1.9813,1.9819,1.13,1.50
2013.09.05 07:00:20.825,1.9813,1.98185,1.50,1.13
2013.09.05 07:00:28.489,1.98125,1.98185,1.50,1.13
2013.09.05 07:00:28.824,1.9813,1.9819,1.50,1.13
2013.09.05 07:00:32.502,1.98122,1.98185,1.50,1.13
2013.09.05 07:00:32.566,1.98122,1.98185,1.50,1.50
2013.09.05 07:00:43.908,1.98128,1.98194,1.50,1.50
2013.09.05 07:00:43.966,1.98128,1.98194,1.50,1.50
2013.09.05 07:00:45.875,1.98128,1.98194,1.50,1.50
2013.09.05 07:00:45.936,1.98126,1.9819,1.50,1.50
2013.09.05 07:00:50.105,1.98128,1.98194,1.50,1.50
2013.09.05 07:00:55.825,1.98128,1.98189,1.50,1.13
2013.09.05 07:00:55.945,1.98125,1.98184,1.13,1.13
2013.09.05 07:00:56.065,1.98122,1.98174,1.13,1.13
2013.09.05 07:00:56.425,1.98117,1.98172,1.13,1.13
2013.09.05 07:00:56.785,1.98117,1.98172,1.13,1.13
2013.09.05 07:00:57.426,1.98117,1.98172,1.13,1.13
2013.09.05 07:00:57.825,1.98117,1.98172,1.13,1.13
2013.09.05 07:00:58.368,1.98117,1.98172,1.13,1.13
2013.09.05 07:00:58.695,1.98117,1.98172,1.13,1.13
2013.09.05 07:00:59.056,1.98117,1.98172,1.13,1.13
2013.09.05 07:00:59.303,1.98116,1.98172,1.88,1.13
2013.09.05 07:00:59.427,1.98117,1.98172,1.13,1.13
2013.09.05 07:00:59.488,1.98118,1.98174,1.13,1.50
2013.09.05 07:00:59.606,1.98121,1.98178,1.50,1.13
2013.09.05 07:00:59.905,1.98127,1.98185,1.13,1.13
2013.09.05 07:01:00.325,1.98125,1.98185,1.13,1.13
2013.09.05 07:01:00.385,1.98124,1.98178,1.13,1.13
2013.09.05 07:01:00.565,1.98121,1.98175,1.13,1.13
2013.09.05 07:01:01.815,1.98116,1.98175,1.50,1.50
2013.09.05 07:01:04.297,1.98116,1.98175,1.13,1.50
2013.09.05 07:01:04.770,1.98116,1.98175,1.13,1.50
2013.09.05 07:01:05.436,1.9812,1.98175,1.50,1.13
2013.09.05 07:01:05.495,1.98124,1.98177,1.13,1.13
2013.09.05 07:01:05.615,1.98118,1.98175,1.13,1.13
2013.09.05 07:01:05.735,1.9811,1.98168,1.50,1.13
2013.09.05 07:01:05.855,1.9811,1.98166,1.50,1.13
2013.09.05 07:01:06.615,1.9811,1.98166,1.50,1.13
2013.09.05 07:01:06.835,1.9811,1.98166,1.50,1.13
2013.09.05 07:01:08.755,1.9811,1.98166,1.50,1.13
2013.09.05 07:01:09.485,1.9811,1.98166,1.50,1.13
2013.09.05 07:01:10.098,1.9811,1.98166,1.50,1.13
2013.09.05 07:01:14.675,1.9811,1.98166,1.50,1.13
2013.09.05 07:01:15.245,1.9811,1.98166,1.50,1.13
2013.09.05 07:01:20.914,1.9811,1.98166,1.13,1.13
2013.09.05 07:01:25.575,1.9811,1.98166,1.13,1.13
2013.09.05 07:01:26.143,1.98109,1.98164,1.13,1.13
2013.09.05 07:01:26.865,1.98109,1.98164,1.13,1.13
2013.09.05 07:01:27.949,1.98109,1.98164,1.13,1.13
2013.09.05 07:01:30.156,1.98109,1.98164,1.13,1.13
2013.09.05 07:01:32.676,1.98109,1.98164,1.13,1.13
2013.09.05 07:01:36.906,1.98109,1.98164,1.13,1.13
2013.09.05 07:01:37.026,1.98109,1.98164,1.13,1.13
2013.09.05 07:01:38.585,1.98105,1.98164,1.13,1.13
2013.09.05 07:01:38.645,1.98103,1.98164,1.13,1.50
2013.09.05 07:01:38.946,1.98102,1.98161,1.13,1.13
2013.09.05 07:01:40.477,1.98102,1.98158,1.13,1.13
2013.09.05 07:01:47.735,1.98105,1.98161,1.13,1.13
2013.09.05 07:01:47.857,1.98105,1.98163,1.50,1.13
2013.09.05 07:01:48.065,1.98108,1.98165,1.13,1.88
2013.09.05 07:01:51.406,1.98105,1.98165,1.50,1.88
2013.09.05 07:01:52.415,1.98103,1.98165,1.50,1.88
2013.09.05 07:01:54.716,1.98102,1.98165,1.13,1.88
2013.09.05 07:01:54.775,1.98102,1.98161,1.13,1.13
2013.09.05 07:01:58.600,1.98102,1.98163,1.13,1.13
2013.09.05 07:02:00.186,1.98105,1.98165,2.25,1.88
2013.09.05 07:02:00.691,1.98105,1.98165,1.50,1.88
2013.09.05 07:02:05.896,1.981,1.98165,1.50,1.88
2013.09.05 07:02:06.397,1.98106,1.98165,1.50,1.13
2013.09.05 07:02:09.675,1.98105,1.98165,1.50,1.88
2013.09.05 07:02:09.975,1.981,1.98158,1.13,1.50
2013.09.05 07:02:14.335,1.98104,1.98158,1.13,1.13
2013.09.05 07:02:14.692,1.98107,1.98159,1.50,1.13
2013.09.05 07:02:21.546,1.98106,1.98164,1.50,1.13
2013.09.05 07:02:26.135,1.98107,1.98164,1.50,1.13
2013.09.05 07:02:27.955,1.98107,1.98164,1.88,1.13
2013.09.05 07:02:28.275,1.98107,1.98164,1.50,1.13
2013.09.05 07:02:32.765,1.98107,1.9816,1.50,1.13
2013.09.05 07:02:33.870,1.98107,1.98165,1.50,1.13
2013.09.05 07:02:34.296,1.98107,1.98165,1.50,1.13
2013.09.05 07:02:34.816,1.98111,1.98162,1.50,1.13
2013.09.05 07:02:35.543,1.98111,1.98155,1.50,1.13
2013.09.05 07:02:36.365,1.98111,1.98165,1.50,1.13
2013.09.05 07:02:38.257,1.98111,1.98165,1.50,1.13
2013.09.05 07:02:39.538,1.98111,1.98165,1.50,1.13
2013.09.05 07:02:40.204,1.98111,1.98165,1.50,1.13
2013.09.05 07:02:40.665,1.98115,1.98167,1.13,1.13
2013.09.05 07:02:40.785,1.98118,1.98167,1.50,1.13
2013.09.05 07:02:41.185,1.98117,1.98167,1.50,1.13
2013.09.05 07:02:54.846,1.98118,1.98167,1.50,1.13
2013.09.05 07:03:00.386,1.98116,1.98167,1.13,1.13
2013.09.05 07:03:00.567,1.98115,1.98165,1.13,1.13
2013.09.05 07:03:01.566,1.98116,1.98162,1.13,1.13
2013.09.05 07:03:01.915,1.98116,1.98164,1.13,1.13
2013.09.05 07:03:02.107,1.98117,1.98167,1.13,1.13
2013.09.05 07:03:02.446,1.98117,1.98168,1.13,1.13
2013.09.05 07:03:03.096,1.98119,1.98175,1.50,1.13
2013.09.05 07:03:03.215,1.98124,1.98177,1.13,1.13
2013.09.05 07:03:03.335,1.98136,1.98184,1.13,1.13
2013.09.05 07:03:03.695,1.98135,1.98183,1.13,1.13
2013.09.05 07:03:17.947,1.98135,1.98184,1.13,1.13
2013.09.05 07:03:23.987,1.98138,1.98182,1.13,1.13
2013.09.05 07:03:29.589,1.98138,1.98184,1.13,1.13
2013.09.05 07:03:29.647,1.98138,1.98184,1.13,1.13
2013.09.05 07:03:29.706,1.98138,1.98184,1.13,1.13
2013.09.05 07:03:30.267,1.98138,1.98183,1.05,1.13
2013.09.05 07:03:31.131,1.98138,1.98184,1.05,1.13
2013.09.05 07:03:31.196,1.98138,1.98184,1.05,1.13
2013.09.05 07:03:31.677,1.98138,1.98182,1.13,1.13
2013.09.05 07:03:32.069,1.98138,1.98182,1.13,1.13
2013.09.05 07:03:33.055,1.98133,1.98181,1.13,1.13
2013.09.05 07:03:33.116,1.98131,1.98181,1.13,1.13
2013.09.05 07:03:38.134,1.98131,1.98184,1.13,1.50
2013.09.05 07:03:52.666,1.98131,1.98183,1.13,1.13
2013.09.05 07:03:53.427,1.98128,1.98183,1.13,1.50
2013.09.05 07:03:53.730,1.98128,1.98183,1.13,1.13
2013.09.05 07:03:53.916,1.98128,1.98184,1.13,1.50
2013.09.05 07:03:54.471,1.98139,1.98184,1.13,1.13
2013.09.05 07:03:56.915,1.98139,1.98194,1.13,1.13
2013.09.05 07:03:57.246,1.98137,1.98193,1.88,1.13
2013.09.05 07:03:57.895,1.98136,1.98192,1.13,1.13
2013.09.05 07:03:58.195,1.98134,1.98184,1.13,1.13
2013.09.05 07:03:58.546,1.98134,1.98182,1.13,1.13
2013.09.05 07:03:58.748,1.98132,1.98182,1.13,1.13
2013.09.05 07:04:00.296,1.98131,1.98179,1.50,1.13
2013.09.05 07:04:00.417,1.98125,1.98181,1.13,1.50
2013.09.05 07:04:00.477,1.98124,1.98181,1.13,1.50
2013.09.05 07:04:00.855,1.98124,1.98184,1.13,1.88
2013.09.05 07:04:01.116,1.98123,1.98175,1.13,1.13
2013.09.05 07:04:01.295,1.9812,1.98175,1.13,1.13
2013.09.05 07:04:02.566,1.9812,1.98171,1.13,1.13
2013.09.05 07:04:03.077,1.9812,1.98174,1.13,1.13
2013.09.05 07:04:03.197,1.9812,1.98171,1.13,1.13
2013.09.05 07:04:04.575,1.9812,1.98174,1.13,1.13
2013.09.05 07:04:05.146,1.9812,1.98175,1.13,1.13
2013.09.05 07:04:05.417,1.9812,1.98175,1.13,1.50
2013.09.05 07:04:05.655,1.9812,1.98175,1.13,1.13
2013.09.05 07:04:05.875,1.98124,1.98181,1.13,1.13
2013.09.05 07:04:10.143,1.98123,1.98175,1.13,1.13
2013.09.05 07:04:11.906,1.98125,1.98175,1.13,1.13
2013.09.05 07:04:13.117,1.98123,1.98175,1.13,1.13
2013.09.05 07:04:14.725,1.98123,1.9817,1.13,1.13
2013.09.05 07:04:15.545,1.9812,1.9817,1.13,1.13
2013.09.05 07:04:16.469,1.98122,1.98174,1.50,1.13
2013.09.05 07:04:16.526,1.98122,1.98174,1.50,1.13
2013.09.05 07:04:17.187,1.98127,1.98178,1.13,1.13
2013.09.05 07:04:17.645,1.98127,1.98178,1.13,1.13
2013.09.05 07:04:18.215,1.98135,1.98181,1.13,1.13
2013.09.05 07:04:18.516,1.9815,1.98206,1.13,1.13
2013.09.05 07:04:18.635,1.98161,1.98215,1.50,1.50
2013.09.05 07:04:18.756,1.98168,1.98215,1.50,1.13
2013.09.05 07:04:20.735,1.98172,1.98224,1.13,1.13
2013.09.05 07:04:21.156,1.98164,1.98216,1.13,1.13
2013.09.05 07:04:22.025,1.98167,1.98216,1.13,1.13
2013.09.05 07:04:22.145,1.98166,1.98216,1.13,1.13
2013.09.05 07:04:22.688,1.98166,1.98221,1.88,1.13
2013.09.05 07:04:23.446,1.98166,1.98216,1.13,1.13
2013.09.05 07:04:23.805,1.98166,1.98216,1.13,1.13
2013.09.05 07:04:24.117,1.98166,1.98216,1.13,1.13
2013.09.05 07:04:24.446,1.98172,1.98216,1.13,1.13
2013.09.05 07:04:25.763,1.98172,1.98216,1.13,1.13
2013.09.05 07:04:28.185,1.98172,1.98222,1.13,1.13
2013.09.05 07:04:31.485,1.98172,1.98218,1.13,1.13
2013.09.05 07:04:32.755,1.98178,1.98218,1.13,1.13
2013.09.05 07:04:34.105,1.98171,1.98218,1.13,1.13
2013.09.05 07:04:35.555,1.98171,1.98222,1.13,1.13
2013.09.05 07:04:36.111,1.98171,1.98218,1.13,1.13
2013.09.05 07:04:36.446,1.98171,1.98216,1.13,1.13
2013.09.05 07:04:37.127,1.98171,1.98218,1.13,1.13
2013.09.05 07:04:37.666,1.98171,1.98217,1.13,1.13
2013.09.05 07:04:37.787,1.98169,1.98217,1.13,1.13
2013.09.05 07:04:38.086,1.98167,1.98215,1.13,1.13
2013.09.05 07:04:38.146,1.98164,1.98215,1.13,1.13
2013.09.05 07:04:38.207,1.98164,1.98215,1.13,1.13
2013.09.05 07:04:38.745,1.98159,1.98206,1.13,1.13
2013.09.05 07:04:38.925,1.98159,1.98208,1.13,1.13
2013.09.05 07:04:39.003,1.98159,1.98208,1.13,1.13
2013.09.05 07:04:39.126,1.98156,1.98208,1.50,1.50
2013.09.05 07:04:39.187,1.98156,1.98206,1.13,1.13
2013.09.05 07:04:39.517,1.98156,1.98205,1.13,1.13
2013.09.05 07:04:39.636,1.98146,1.982,1.13,1.13
2013.09.05 07:04:39.698,1.98146,1.98199,1.13,1.13
2013.09.05 07:04:39.946,1.98146,1.98196,1.13,1.13
2013.09.05 07:04:40.185,1.98139,1.98194,1.13,1.13
2013.09.05 07:04:40.471,1.98139,1.98194,1.13,1.13
2013.09.05 07:04:40.725,1.98139,1.98194,1.13,1.50
2013.09.05 07:04:41.350,1.98139,1.98194,1.13,1.13
2013.09.05 07:04:42.963,1.98136,1.98194,1.88,1.50
2013.09.05 07:04:43.325,1.98136,1.98194,1.88,1.50
2013.09.05 07:04:43.676,1.98136,1.98194,1.13,1.50
2013.09.05 07:04:44.953,1.98136,1.98194,1.13,1.50
2013.09.05 07:04:45.168,1.98136,1.98194,1.13,1.50
2013.09.05 07:04:48.136,1.98135,1.98195,1.50,1.50
2013.09.05 07:04:48.357,1.98135,1.98195,1.50,1.50
2013.09.05 07:04:49.673,1.98135,1.98195,1.50,1.50
2013.09.05 07:04:52.747,1.98146,1.98196,1.13,1.50
2013.09.05 07:04:52.806,1.98146,1.98196,1.13,1.13
2013.09.05 07:04:53.367,1.98138,1.98202,1.13,1.50
2013.09.05 07:04:53.545,1.98138,1.98202,1.13,1.50
2013.09.05 07:04:54.206,1.98135,1.98195,1.50,1.50
2013.09.05 07:04:57.323,1.98144,1.98195,1.13,1.50
2013.09.05 07:04:57.626,1.98146,1.98201,1.13,1.13
2013.09.05 07:04:57.746,1.98146,1.98204,1.13,2.63
2013.09.05 07:04:58.269,1.9815,1.98204,1.13,1.88
2013.09.05 07:04:59.795,1.98152,1.98204,1.13,1.88
2013.09.05 07:05:00.127,1.98147,1.98204,1.13,1.88
2013.09.05 07:05:00.736,1.98147,1.98204,1.13,1.88
2013.09.05 07:05:00.915,1.98156,1.98204,1.13,1.13
2013.09.05 07:05:02.686,1.98149,1.98204,1.88,1.13
2013.09.05 07:05:03.686,1.98149,1.98204,1.50,1.13
2013.09.05 07:05:03.821,1.98149,1.98205,1.88,1.88
2013.09.05 07:05:04.546,1.98153,1.9821,1.13,1.13
2013.09.05 07:05:07.607,1.98166,1.9821,1.13,1.13
2013.09.05 07:05:10.647,1.98167,1.98215,1.13,1.50
2013.09.05 07:05:10.765,1.98172,1.98221,1.13,1.13
2013.09.05 07:05:10.948,1.98174,1.98226,1.50,1.88
2013.09.05 07:05:11.247,1.98173,1.98221,1.13,1.13
2013.09.05 07:05:11.308,1.98175,1.98225,1.13,1.13
2013.09.05 07:05:11.487,1.98175,1.98231,2.25,1.13
2013.09.05 07:05:11.547,1.98179,1.98232,1.50,1.13
2013.09.05 07:05:11.727,1.98185,1.98235,1.50,1.13
2013.09.05 07:05:15.015,1.9819,1.98235,1.13,1.50
2013.09.05 07:05:15.145,1.9819,1.98231,1.13,1.13
2013.09.05 07:05:18.635,1.9818,1.98231,1.50,1.13
2013.09.05 07:05:19.385,1.98177,1.98231,1.13,1.50
2013.09.05 07:05:19.587,1.98177,1.98229,1.13,1.13
2013.09.05 07:05:20.161,1.98177,1.98231,1.13,1.13
2013.09.05 07:05:21.132,1.98177,1.98231,1.13,1.13
2013.09.05 07:05:21.715,1.98177,1.98229,1.13,1.13
2013.09.05 07:05:22.255,1.98176,1.98229,1.50,1.13
2013.09.05 07:05:24.785,1.98173,1.98229,1.50,1.50
2013.09.05 07:05:24.906,1.98172,1.98229,2.25,1.13
2013.09.05 07:05:25.025,1.98177,1.9823,1.13,1.13
2013.09.05 07:05:26.298,1.98177,1.9823,1.13,1.13
2013.09.05 07:05:26.417,1.98178,1.9823,1.50,1.13
2013.09.05 07:05:26.476,1.98178,1.98231,1.50,1.13
2013.09.05 07:05:27.201,1.98178,1.98232,1.50,1.13
2013.09.05 07:05:30.615,1.98178,1.98234,1.50,1.13
2013.09.05 07:05:30.796,1.98184,1.98234,1.13,1.13
2013.09.05 07:05:32.396,1.98184,1.98234,1.13,1.13
2013.09.05 07:05:35.935,1.98184,1.98234,1.13,1.13
2013.09.05 07:05:40.786,1.98181,1.98235,1.13,1.13
2013.09.05 07:05:45.376,1.98181,1.98234,1.13,1.13
2013.09.05 07:05:45.915,1.98184,1.98234,1.13,1.13
2013.09.05 07:05:46.405,1.98186,1.9824,1.50,1.13
2013.09.05 07:05:46.465,1.98186,1.98245,1.50,1.88
2013.09.05 07:05:47.276,1.98187,1.9824,1.13,1.13
2013.09.05 07:05:47.578,1.98187,1.98234,1.13,1.13
2013.09.05 07:05:49.076,1.98192,1.98244,1.13,1.13
2013.09.05 07:05:49.832,1.98191,1.9824,1.13,1.13
2013.09.05 07:05:50.572,1.98191,1.9824,1.13,1.13
2013.09.05 07:05:52.997,1.98188,1.98234,1.88,1.50
2013.09.05 07:05:53.498,1.98189,1.98239,1.13,1.13
2013.09.05 07:05:53.807,1.98189,1.98239,1.13,1.13
2013.09.05 07:05:54.947,1.98187,1.98239,1.13,1.13
2013.09.05 07:05:56.268,1.98188,1.98239,1.13,1.13
2013.09.05 07:05:56.446,1.98188,1.98244,1.13,1.50
2013.09.05 07:05:56.755,1.98192,1.98244,1.50,1.13
2013.09.05 07:05:57.480,1.98192,1.98244,1.50,1.13
2013.09.05 07:05:57.698,1.98192,1.98244,1.50,1.50
2013.09.05 07:05:58.050,1.98189,1.9824,1.13,1.13
2013.09.05 07:05:59.716,1.98189,1.98234,1.13,1.13
2013.09.05 07:06:02.421,1.98189,1.98244,1.13,1.50
2013.09.05 07:06:08.375,1.98194,1.98245,1.13,1.50
2013.09.05 07:06:08.795,1.98195,1.98245,1.13,1.13
2013.09.05 07:06:08.855,1.98196,1.98245,1.13,1.13
2013.09.05 07:06:09.156,1.98196,1.98244,1.13,1.13
2013.09.05 07:06:14.632,1.98196,1.98245,1.13,1.13
2013.09.05 07:06:14.936,1.98196,1.98245,1.13,1.13
2013.09.05 07:06:15.296,1.98194,1.98245,1.13,1.13
2013.09.05 07:06:17.247,1.98194,1.9824,1.13,1.13
2013.09.05 07:06:17.609,1.9819,1.98235,1.13,1.13
2013.09.05 07:06:17.668,1.98191,1.98235,1.13,1.13
2013.09.05 07:06:17.728,1.98189,1.98235,1.13,1.13
2013.09.05 07:06:18.595,1.98187,1.98235,1.13,1.13
2013.09.05 07:06:18.715,1.98185,1.98235,1.13,1.13
2013.09.05 07:06:33.081,1.98185,1.98228,1.13,1.13
2013.09.05 07:06:33.256,1.98177,1.98224,1.13,1.13
2013.09.05 07:06:33.496,1.98173,1.98224,1.50,1.13
2013.09.05 07:06:33.556,1.98172,1.98224,1.88,1.13
2013.09.05 07:06:34.276,1.9817,1.98215,1.13,1.13
2013.09.05 07:06:35.611,1.9817,1.98211,1.13,1.13
2013.09.05 07:06:35.736,1.98165,1.98197,1.13,1.13
2013.09.05 07:06:35.795,1.98158,1.98197,1.13,1.13
2013.09.05 07:06:35.855,1.98157,1.98197,3.00,1.13
2013.09.05 07:06:35.915,1.98158,1.98201,1.50,1.13
2013.09.05 07:06:36.100,1.98151,1.98194,1.88,1.13
2013.09.05 07:06:36.156,1.98151,1.98194,1.13,1.13
2013.09.05 07:06:36.215,1.9815,1.98194,1.13,1.13
2013.09.05 07:06:36.578,1.9815,1.98194,1.13,1.13
2013.09.05 07:06:37.286,1.9815,1.98194,1.13,1.13
2013.09.05 07:06:37.695,1.98151,1.98194,1.13,1.13
2013.09.05 07:06:37.996,1.98156,1.98214,1.50,1.50
2013.09.05 07:06:38.116,1.98161,1.98219,1.13,1.88
2013.09.05 07:06:38.476,1.98171,1.98223,1.13,1.13
2013.09.05 07:06:38.786,1.98171,1.98224,1.13,1.13
2013.09.05 07:06:42.761,1.98171,1.98224,1.13,1.13
2013.09.05 07:06:43.125,1.98171,1.98225,1.13,1.13
2013.09.05 07:06:43.337,1.98171,1.98221,1.13,1.13
2013.09.05 07:06:44.004,1.98168,1.98219,1.13,1.13
2013.09.05 07:06:49.635,1.98171,1.9822,1.13,1.13
2013.09.05 07:06:49.942,1.98171,1.9822,1.13,1.13
2013.09.05 07:07:01.846,1.98171,1.98214,1.13,1.13
2013.09.05 07:07:02.155,1.98164,1.98214,1.13,1.13
2013.09.05 07:07:03.826,1.98164,1.98214,1.13,1.13
2013.09.05 07:07:03.946,1.98164,1.98214,1.13,1.13
2013.09.05 07:07:09.957,1.98164,1.98212,1.13,1.13
2013.09.05 07:07:12.831,1.98164,1.98212,1.13,1.13
2013.09.05 07:07:13.381,1.9817,1.98212,1.13,1.13
2013.09.05 07:07:13.865,1.98165,1.98212,1.13,1.13
2013.09.05 07:07:13.927,1.98165,1.98218,1.13,1.13
2013.09.05 07:07:14.136,1.98165,1.98213,1.13,1.13
2013.09.05 07:07:14.257,1.98165,1.98218,1.13,1.13
2013.09.05 07:07:14.726,1.98168,1.9822,1.13,1.13
2013.09.05 07:07:14.846,1.98186,1.98224,1.13,1.13
2013.09.05 07:07:14.966,1.98187,1.98233,1.13,1.13
2013.09.05 07:07:15.208,1.98194,1.98249,1.13,1.13
2013.09.05 07:07:15.276,1.98194,1.98249,1.13,1.13
2013.09.05 07:07:15.883,1.98194,1.98249,1.13,1.13
2013.09.05 07:07:17.906,1.98199,1.9825,1.13,1.13
2013.09.05 07:07:18.148,1.98199,1.98245,1.13,1.13
2013.09.05 07:07:18.327,1.98199,1.98244,1.13,1.13
2013.09.05 07:07:22.726,1.98193,1.98239,1.13,1.13
2013.09.05 07:07:27.565,1.98193,1.98235,1.13,1.13
2013.09.05 07:07:29.100,1.98193,1.98242,1.13,1.13
2013.09.05 07:07:32.636,1.98185,1.98235,1.13,1.13
2013.09.05 07:07:35.961,1.9818,1.98235,1.13,1.50
2013.09.05 07:07:36.108,1.9818,1.98235,1.13,1.50
2013.09.05 07:07:37.351,1.9818,1.98235,1.13,1.50
2013.09.05 07:07:37.946,1.9818,1.98235,1.13,1.50
2013.09.05 07:07:39.536,1.9818,1.98233,1.13,1.13
2013.09.05 07:07:39.656,1.9818,1.98233,1.13,1.13
2013.09.05 07:07:39.716,1.9818,1.98233,1.13,1.50
2013.09.05 07:07:40.456,1.98174,1.9823,1.13,1.13
2013.09.05 07:07:47.326,1.98169,1.98226,1.13,1.13
2013.09.05 07:07:47.398,1.98169,1.98226,1.13,1.13
2013.09.05 07:07:49.811,1.98167,1.98226,1.88,1.13
2013.09.05 07:07:49.926,1.98168,1.98216,1.13,1.13
2013.09.05 07:07:50.167,1.98165,1.98217,1.13,1.13
2013.09.05 07:07:50.408,1.98165,1.98217,1.13,1.13
2013.09.05 07:07:50.468,1.98157,1.98206,1.13,1.13
2013.09.05 07:07:50.537,1.98157,1.98206,1.13,1.13
2013.09.05 07:07:50.716,1.98151,1.98203,1.13,1.13
2013.09.05 07:07:51.288,1.98151,1.98203,1.13,1.13
2013.09.05 07:07:52.576,1.98148,1.98203,1.13,1.13
2013.09.05 07:07:52.756,1.98148,1.98203,1.13,1.13
2013.09.05 07:07:52.996,1.98144,1.98199,1.13,1.13
2013.09.05 07:07:55.946,1.98149,1.98204,1.13,1.13
2013.09.05 07:07:57.208,1.98149,1.98204,1.13,1.13
2013.09.05 07:07:58.609,1.9815,1.98205,1.50,1.50
2013.09.05 07:08:00.965,1.98155,1.98209,1.13,1.13
2013.09.05 07:08:02.918,1.98155,1.98209,1.13,1.13
2013.09.05 07:08:03.546,1.98151,1.98201,1.13,1.13
2013.09.05 07:08:05.061,1.9815,1.98193,1.13,1.13
2013.09.05 07:08:06.864,1.9815,1.98194,1.13,1.13
2013.09.05 07:08:07.546,1.9815,1.98194,1.13,1.13
2013.09.05 07:08:07.666,1.9815,1.98192,1.13,1.13
2013.09.05 07:08:11.147,1.9815,1.982,1.13,1.13
2013.09.05 07:08:12.430,1.9815,1.98199,1.13,1.13
2013.09.05 07:08:21.234,1.98155,1.98203,1.13,1.13
2013.09.05 07:08:21.296,1.98155,1.98203,1.13,1.13
2013.09.05 07:08:21.870,1.98158,1.98206,1.13,1.13
2013.09.05 07:08:22.296,1.98158,1.98206,1.13,1.13
2013.09.05 07:08:22.477,1.98158,1.98207,1.13,1.13
2013.09.05 07:08:22.716,1.98158,1.98205,1.13,1.13
2013.09.05 07:08:22.776,1.98158,1.98205,1.13,1.13
2013.09.05 07:08:33.256,1.98152,1.98206,1.13,1.13
2013.09.05 07:08:34.366,1.9815,1.98194,1.13,1.50
2013.09.05 07:08:34.486,1.98137,1.98193,1.50,1.13
2013.09.05 07:08:35.256,1.98136,1.98193,1.88,1.13
2013.09.05 07:08:35.896,1.98136,1.98194,2.63,1.50
2013.09.05 07:08:36.016,1.98141,1.98195,1.50,1.13
2013.09.05 07:08:37.647,1.98145,1.98202,1.13,1.13
2013.09.05 07:08:39.100,1.98145,1.98202,1.13,1.13
2013.09.05 07:08:39.276,1.98144,1.98184,1.13,1.13
2013.09.05 07:08:40.606,1.98137,1.98182,1.13,1.13
2013.09.05 07:08:40.976,1.98137,1.98177,1.13,1.13
2013.09.05 07:08:44.366,1.98137,1.98182,1.13,1.13
2013.09.05 07:08:44.660,1.98137,1.98184,1.13,1.13
2013.09.05 07:08:47.526,1.98137,1.98187,1.13,1.13
2013.09.05 07:08:50.100,1.98137,1.98187,1.13,1.13
2013.09.05 07:08:50.336,1.98143,1.98187,1.13,1.13
2013.09.05 07:08:50.466,1.98141,1.98179,1.13,1.13
2013.09.05 07:08:50.796,1.98139,1.98179,1.50,1.13
2013.09.05 07:08:51.486,1.98138,1.98177,1.13,1.13
2013.09.05 07:08:52.202,1.98138,1.9818,1.13,1.13
2013.09.05 07:08:53.667,1.98138,1.98179,1.13,1.13
2013.09.05 07:08:54.410,1.98138,1.98178,1.13,1.13
2013.09.05 07:08:59.106,1.98133,1.98178,1.13,1.13
2013.09.05 07:08:59.166,1.98132,1.98175,2.25,1.13
2013.09.05 07:08:59.726,1.98125,1.98175,1.88,1.13
2013.09.05 07:09:00.017,1.98125,1.98175,1.88,1.13
2013.09.05 07:09:00.376,1.98125,1.98175,1.88,1.13
2013.09.05 07:09:00.683,1.98126,1.98175,1.50,1.13
2013.09.05 07:09:01.119,1.98126,1.98175,1.50,1.13
2013.09.05 07:09:01.449,1.98126,1.98175,1.50,1.13
2013.09.05 07:09:01.676,1.98126,1.98175,1.50,1.13
2013.09.05 07:09:01.915,1.98125,1.98175,1.88,1.13
2013.09.05 07:09:03.916,1.98125,1.98175,1.13,1.88
2013.09.05 07:09:05.516,1.98122,1.98175,1.13,1.88
2013.09.05 07:09:05.918,1.98117,1.9816,1.13,1.13
2013.09.05 07:09:05.976,1.98118,1.9816,1.13,1.13
2013.09.05 07:09:06.625,1.98112,1.98165,1.13,1.88
2013.09.05 07:09:06.956,1.98111,1.98159,1.50,1.13
2013.09.05 07:09:07.409,1.98111,1.98157,1.50,1.13
2013.09.05 07:09:07.646,1.98108,1.98155,1.13,1.13
2013.09.05 07:09:09.397,1.98102,1.98152,1.13,1.88
2013.09.05 07:09:09.516,1.98099,1.98145,1.50,1.13
2013.09.05 07:09:09.920,1.98095,1.98145,1.50,1.13
2013.09.05 07:09:10.366,1.98095,1.98145,1.50,1.13
2013.09.05 07:09:10.707,1.98095,1.98145,1.50,1.13
2013.09.05 07:09:10.826,1.98095,1.98145,1.13,1.13
2013.09.05 07:09:11.066,1.98089,1.98141,1.13,1.13
2013.09.05 07:09:11.946,1.98089,1.98136,1.13,1.13
2013.09.05 07:09:13.117,1.98089,1.98142,1.13,1.13
2013.09.05 07:09:13.356,1.98095,1.9815,1.13,1.13
2013.09.05 07:09:13.596,1.98097,1.9815,1.13,1.13
2013.09.05 07:09:13.716,1.98096,1.98154,1.50,1.50
2013.09.05 07:09:14.063,1.98096,1.98154,1.50,1.13
2013.09.05 07:09:14.366,1.98101,1.98146,1.50,1.13
2013.09.05 07:09:14.846,1.98091,1.98144,1.13,1.13
2013.09.05 07:09:14.906,1.98091,1.98154,1.13,2.25
2013.09.05 07:09:14.966,1.98091,1.98149,1.13,1.13
2013.09.05 07:09:15.206,1.98091,1.98149,1.13,1.13
2013.09.05 07:09:15.334,1.98091,1.98146,1.13,1.13
2013.09.05 07:09:15.737,1.98085,1.98141,1.13,1.50
2013.09.05 07:09:16.278,1.98085,1.98135,1.13,1.88
2013.09.05 07:09:16.337,1.98078,1.9813,1.13,1.13
2013.09.05 07:09:16.397,1.98078,1.9813,1.13,1.13
2013.09.05 07:09:16.946,1.9808,1.98127,1.50,1.13
2013.09.05 07:09:20.397,1.9809,1.98135,1.13,1.50
2013.09.05 07:09:23.066,1.9809,1.98132,1.13,1.13
2013.09.05 07:09:25.631,1.9809,1.98132,1.13,1.13
2013.09.05 07:09:25.806,1.9809,1.98135,1.13,1.50
2013.09.05 07:09:25.866,1.98089,1.98135,1.50,1.50
2013.09.05 07:09:26.212,1.98093,1.98135,1.50,1.50
2013.09.05 07:09:26.336,1.98093,1.98135,1.50,1.50
2013.09.05 07:09:29.205,1.98093,1.98135,1.50,1.50
2013.09.05 07:09:29.486,1.98093,1.98135,1.13,1.50
2013.09.05 07:09:32.787,1.98083,1.98135,1.50,1.50
2013.09.05 07:09:32.906,1.98086,1.98135,1.13,1.50
2013.09.05 07:09:33.326,1.98089,1.98144,1.13,1.50
2013.09.05 07:09:33.626,1.98089,1.9814,1.50,1.13
2013.09.05 07:09:33.866,1.9809,1.98144,1.13,1.13
2013.09.05 07:09:33.926,1.98093,1.98146,1.50,1.13
2013.09.05 07:09:34.046,1.98094,1.98146,1.13,1.13
2013.09.05 07:09:34.427,1.98101,1.98147,1.50,1.13
2013.09.05 07:09:34.846,1.98101,1.98155,1.50,1.50
2013.09.05 07:09:35.146,1.98106,1.98155,1.50,1.13
2013.09.05 07:09:35.206,1.98106,1.98155,1.88,1.13
2013.09.05 07:09:37.376,1.98111,1.98155,1.13,1.13
2013.09.05 07:09:37.496,1.98111,1.98155,1.13,1.13
2013.09.05 07:09:38.046,1.9811,1.9815,1.13,1.13
2013.09.05 07:09:38.356,1.98092,1.98135,1.13,1.13
2013.09.05 07:09:38.508,1.98097,1.98138,1.13,1.13
2013.09.05 07:09:38.926,1.9809,1.98134,1.13,1.13
2013.09.05 07:09:39.047,1.9808,1.98134,1.13,1.13
2013.09.05 07:09:39.287,1.98078,1.98125,2.63,1.13
2013.09.05 07:09:39.682,1.98076,1.98125,1.13,1.13
2013.09.05 07:09:39.988,1.98075,1.98125,1.50,1.13
2013.09.05 07:09:40.346,1.98073,1.98118,1.13,1.13
2013.09.05 07:09:40.467,1.98071,1.98118,1.13,1.13
2013.09.05 07:09:42.466,1.98071,1.98119,1.13,1.13
2013.09.05 07:09:42.963,1.98071,1.98118,1.13,1.13
2013.09.05 07:09:43.629,1.98065,1.98114,1.50,1.13
2013.09.05 07:09:43.987,1.98062,1.98114,1.13,1.13
2013.09.05 07:09:44.047,1.98062,1.98114,1.13,1.13
2013.09.05 07:09:44.167,1.98058,1.98105,1.13,1.13
2013.09.05 07:09:44.227,1.98057,1.98105,1.50,1.13
2013.09.05 07:09:44.467,1.98056,1.98105,1.13,1.13
2013.09.05 07:09:44.646,1.98065,1.98108,1.13,1.13
2013.09.05 07:09:45.006,1.98065,1.98115,2.63,1.13
2013.09.05 07:09:45.326,1.98067,1.98115,1.13,1.13
2013.09.05 07:09:45.386,1.98071,1.98115,1.13,1.13
2013.09.05 07:09:45.626,1.98071,1.98115,1.13,1.13
2013.09.05 07:09:45.866,1.98073,1.98125,1.13,1.50
2013.09.05 07:09:45.931,1.98075,1.98125,1.13,1.50
2013.09.05 07:09:48.376,1.98075,1.98125,1.13,1.13
2013.09.05 07:09:48.676,1.98086,1.98134,1.13,1.88
2013.09.05 07:09:48.736,1.98086,1.98134,1.13,1.50
2013.09.05 07:09:49.286,1.98086,1.98134,1.13,1.13
2013.09.05 07:09:50.036,1.98086,1.98134,1.50,1.13
2013.09.05 07:09:50.796,1.98082,1.98134,1.13,1.13
2013.09.05 07:09:52.086,1.98076,1.98125,1.13,1.13
2013.09.05 07:09:52.188,1.98082,1.98129,1.13,1.13
2013.09.05 07:09:52.517,1.98082,1.98129,1.13,1.13
2013.09.05 07:09:52.913,1.98082,1.98134,1.13,1.50
2013.09.05 07:09:53.246,1.98084,1.98134,1.13,1.50
2013.09.05 07:09:54.446,1.98084,1.98134,1.50,1.50
2013.09.05 07:09:55.219,1.98086,1.98134,1.13,1.50
2013.09.05 07:09:55.402,1.98084,1.98134,1.50,1.50
2013.09.05 07:09:55.766,1.98077,1.98124,1.50,1.13
2013.09.05 07:09:55.826,1.98077,1.98124,1.13,1.13
2013.09.05 07:09:56.006,1.98069,1.98124,1.50,1.13
2013.09.05 07:09:56.126,1.98069,1.98124,1.50,1.13
2013.09.05 07:09:56.187,1.98069,1.98124,1.50,1.13
2013.09.05 07:09:56.506,1.98068,1.98124,1.50,1.13
2013.09.05 07:09:56.956,1.9807,1.98124,1.13,1.13
2013.09.05 07:09:57.196,1.9807,1.98124,1.13,1.13
2013.09.05 07:09:57.574,1.9807,1.98124,1.13,1.13
2013.09.05 07:09:57.986,1.9807,1.98124,1.13,1.13
2013.09.05 07:09:58.397,1.9807,1.98124,1.13,1.13
2013.09.05 07:09:58.929,1.98084,1.98128,1.13,1.13
2013.09.05 07:09:59.286,1.98085,1.98135,1.13,1.88
2013.09.05 07:09:59.637,1.98085,1.98135,1.13,1.88
2013.09.05 07:10:05.206,1.98085,1.98135,1.13,1.50
2013.09.05 07:10:05.703,1.98084,1.98135,1.13,1.50
2013.09.05 07:10:07.217,1.98084,1.98127,1.13,1.13
2013.09.05 07:10:08.156,1.98084,1.98123,1.13,1.13
2013.09.05 07:10:09.218,1.98084,1.98123,1.13,1.50
2013.09.05 07:10:09.916,1.98084,1.98118,1.13,1.13
2013.09.05 07:10:10.386,1.98068,1.98115,1.50,1.13
2013.09.05 07:10:10.446,1.98066,1.98114,1.13,1.13
2013.09.05 07:10:11.147,1.98054,1.98108,1.13,1.50
2013.09.05 07:10:11.211,1.98054,1.98102,1.13,1.13
2013.09.05 07:10:11.457,1.98046,1.98093,1.50,1.13
2013.09.05 07:10:11.516,1.98046,1.98093,1.13,1.13
2013.09.05 07:10:11.697,1.9804,1.98085,1.50,1.13
2013.09.05 07:10:11.756,1.98039,1.98085,1.13,1.88
2013.09.05 07:10:12.267,1.98033,1.9808,1.50,1.13
2013.09.05 07:10:14.406,1.98028,1.9808,1.50,1.13
2013.09.05 07:10:14.646,1.98026,1.98078,1.13,1.13
2013.09.05 07:10:14.826,1.98023,1.98068,1.13,1.13
2013.09.05 07:10:15.066,1.98019,1.98065,1.13,1.13
2013.09.05 07:10:15.186,1.98019,1.98075,1.13,2.63
2013.09.05 07:10:17.238,1.98025,1.98074,1.13,2.25
2013.09.05 07:10:17.416,1.98026,1.98074,1.13,1.13
2013.09.05 07:10:17.476,1.98026,1.98075,1.50,1.50
2013.09.05 07:10:18.017,1.98035,1.98082,1.13,1.88
2013.09.05 07:10:18.131,1.98036,1.98082,1.13,1.88
2013.09.05 07:10:18.256,1.98034,1.98082,1.13,1.88
2013.09.05 07:10:19.556,1.98025,1.98075,1.50,1.88
2013.09.05 07:10:19.625,1.98025,1.98075,1.50,2.25
2013.09.05 07:10:19.686,1.98025,1.98071,1.13,1.13
2013.09.05 07:10:19.879,1.98017,1.98069,1.13,1.13
2013.09.05 07:10:19.936,1.98015,1.98063,1.13,1.50
2013.09.05 07:10:20.116,1.98008,1.98062,1.13,1.13
2013.09.05 07:10:20.695,1.98006,1.98055,1.13,1.13
2013.09.05 07:10:20.897,1.98006,1.98054,1.13,1.13
2013.09.05 07:10:23.436,1.98006,1.98053,1.13,1.13
2013.09.05 07:10:23.857,1.98006,1.98054,1.13,1.13
2013.09.05 07:10:24.386,1.98006,1.98056,1.13,1.50
2013.09.05 07:10:24.621,1.98006,1.98055,1.13,1.13
2013.09.05 07:10:24.837,1.98006,1.98054,1.13,1.50
2013.09.05 07:10:25.138,1.98006,1.9805,1.13,1.13
2013.09.05 07:10:25.198,1.97996,1.9805,1.13,2.25
2013.09.05 07:10:25.327,1.97995,1.98045,1.50,1.50
2013.09.05 07:10:25.447,1.97988,1.98045,1.13,1.50
2013.09.05 07:10:25.943,1.97988,1.98044,1.13,1.13
2013.09.05 07:10:26.720,1.97985,1.98041,1.50,1.50
2013.09.05 07:10:27.038,1.97985,1.98041,1.13,1.50
2013.09.05 07:10:28.028,1.97991,1.98043,1.13,1.50
2013.09.05 07:10:28.087,1.97991,1.98043,1.13,1.13
2013.09.05 07:10:28.387,1.9799,1.98045,1.13,1.50
2013.09.05 07:10:28.836,1.97994,1.98048,1.13,1.13
2013.09.05 07:10:29.936,1.97994,1.98048,1.13,1.13
2013.09.05 07:10:30.752,1.97991,1.98045,1.13,1.13
2013.09.05 07:10:31.756,1.97994,1.98049,1.13,1.13
2013.09.05 07:10:33.336,1.97994,1.98049,1.13,1.13
2013.09.05 07:10:34.546,1.97994,1.98049,1.13,1.13
2013.09.05 07:10:34.666,1.97994,1.98049,1.13,1.13
2013.09.05 07:10:36.386,1.97998,1.98054,1.13,1.13
2013.09.05 07:10:36.696,1.98007,1.98064,1.13,1.50
2013.09.05 07:10:36.756,1.98007,1.98064,1.50,1.50
2013.09.05 07:10:37.160,1.98007,1.98063,1.50,1.13
2013.09.05 07:10:38.196,1.98011,1.98064,1.13,1.50
2013.09.05 07:10:38.486,1.98011,1.98064,1.13,1.50
2013.09.05 07:10:38.726,1.98019,1.98064,1.13,1.50
2013.09.05 07:10:38.848,1.98033,1.98074,1.13,1.13
2013.09.05 07:10:38.969,1.98036,1.9808,1.13,1.88
2013.09.05 07:10:39.516,1.98036,1.98087,1.13,1.13
2013.09.05 07:10:40.276,1.98038,1.98083,1.13,1.13
2013.09.05 07:10:40.456,1.9804,1.98084,1.13,1.13
2013.09.05 07:10:40.516,1.9804,1.98087,1.13,1.13
2013.09.05 07:10:40.827,1.9804,1.98087,1.13,1.13
2013.09.05 07:10:40.898,1.9804,1.98087,1.13,1.13
2013.09.05 07:10:41.136,1.98039,1.98087,1.13,1.13
2013.09.05 07:10:41.376,1.98028,1.9808,1.13,1.13
2013.09.05 07:11:00.966,1.98029,1.98081,1.13,1.13
2013.09.05 07:11:01.086,1.98029,1.98077,1.13,1.13
2013.09.05 07:11:03.487,1.98035,1.98083,1.13,1.13
2013.09.05 07:11:03.798,1.98039,1.98086,1.13,1.13
2013.09.05 07:11:06.247,1.9804,1.98087,1.13,1.13
2013.09.05 07:11:06.341,1.9804,1.98091,1.13,1.13
2013.09.05 07:11:06.456,1.98039,1.98092,1.88,1.13
2013.09.05 07:11:06.700,1.98045,1.98101,1.50,1.09
2013.09.05 07:11:06.816,1.9805,1.98104,1.13,1.13
2013.09.05 07:11:06.876,1.9805,1.98104,1.13,1.13
2013.09.05 07:11:07.246,1.9805,1.98105,1.13,1.13
2013.09.05 07:11:08.679,1.9805,1.98105,1.13,1.50
2013.09.05 07:11:08.799,1.9805,1.98102,1.13,1.13
2013.09.05 07:11:09.006,1.9805,1.98104,1.13,1.13
2013.09.05 07:11:09.197,1.9805,1.98102,1.13,1.13
2013.09.05 07:11:09.857,1.9805,1.98104,1.13,1.13
2013.09.05 07:11:10.196,1.9805,1.98104,1.13,1.13
2013.09.05 07:11:10.317,1.98055,1.98105,1.13,1.13
2013.09.05 07:11:10.437,1.98056,1.98109,1.13,1.13
2013.09.05 07:11:10.558,1.98056,1.98109,1.13,1.13
2013.09.05 07:11:10.860,1.9806,1.98111,1.13,1.13
2013.09.05 07:11:11.386,1.9806,1.98109,1.13,1.13
2013.09.05 07:11:11.698,1.9806,1.98111,1.88,1.13
2013.09.05 07:11:12.157,1.9806,1.9811,1.13,1.13
2013.09.05 07:11:13.131,1.9806,1.98106,1.13,1.13
2013.09.05 07:11:14.936,1.98055,1.98105,1.50,1.13
2013.09.05 07:11:15.117,1.98055,1.98107,1.50,1.13
2013.09.05 07:11:18.466,1.98055,1.98108,1.50,1.13
2013.09.05 07:11:18.631,1.98055,1.98105,1.50,1.13
2013.09.05 07:11:18.758,1.98055,1.98105,1.50,1.13
2013.09.05 07:11:19.118,1.98046,1.98097,1.13,1.13
2013.09.05 07:11:19.306,1.98042,1.98095,1.13,1.13
2013.09.05 07:11:19.370,1.98041,1.98095,1.13,1.50
2013.09.05 07:11:20.027,1.98041,1.98085,1.13,1.13
2013.09.05 07:11:21.196,1.98039,1.98089,1.13,1.13
2013.09.05 07:11:21.686,1.98045,1.9809,1.13,1.13
2013.09.05 07:11:23.718,1.98033,1.98088,1.13,1.13
2013.09.05 07:11:24.637,1.98046,1.98091,1.13,1.13
2013.09.05 07:11:24.696,1.98046,1.98094,1.13,1.50
2013.09.05 07:11:25.056,1.9805,1.98094,1.13,1.88
2013.09.05 07:11:25.388,1.98052,1.98094,1.13,1.50
2013.09.05 07:11:25.506,1.98052,1.98094,1.13,1.50
2013.09.05 07:11:25.686,1.98052,1.98095,1.13,1.50
2013.09.05 07:11:25.926,1.98045,1.98095,1.13,1.50
2013.09.05 07:11:26.476,1.98045,1.98093,1.13,1.50
2013.09.05 07:11:27.007,1.98045,1.98093,1.13,1.50
2013.09.05 07:11:28.207,1.98045,1.98093,1.13,1.50
2013.09.05 07:11:28.713,1.98045,1.98093,1.13,1.50
2013.09.05 07:11:30.397,1.98045,1.98088,1.13,1.13
2013.09.05 07:11:32.616,1.98045,1.98091,1.13,1.13
2013.09.05 07:11:33.173,1.98045,1.9809,1.13,1.13
2013.09.05 07:11:35.506,1.98045,1.98092,1.13,1.13
2013.09.05 07:11:37.056,1.98045,1.98093,1.13,1.88
2013.09.05 07:11:38.036,1.98045,1.98093,1.13,1.88
2013.09.05 07:11:38.336,1.98045,1.98089,1.13,1.13
2013.09.05 07:11:39.216,1.98045,1.98088,1.13,1.13
2013.09.05 07:11:39.876,1.98045,1.98088,1.13,1.13
2013.09.05 07:11:40.117,1.98043,1.98088,1.13,1.13
2013.09.05 07:11:40.179,1.98036,1.98084,1.50,1.13
2013.09.05 07:11:40.237,1.98036,1.98084,1.50,1.50
2013.09.05 07:11:40.539,1.98031,1.98084,1.13,1.50
2013.09.05 07:11:40.617,1.98028,1.98084,1.13,1.50
2013.09.05 07:11:40.677,1.98028,1.98083,1.13,1.13
2013.09.05 07:11:40.856,1.98025,1.98077,1.13,1.13
2013.09.05 07:11:41.346,1.98025,1.98075,1.13,1.13
2013.09.05 07:11:41.406,1.98025,1.98076,1.13,1.13
2013.09.05 07:11:41.646,1.98023,1.98075,1.32,1.13
2013.09.05 07:11:41.947,1.98018,1.98069,1.13,1.13
2013.09.05 07:11:42.007,1.98018,1.98065,1.13,1.13
2013.09.05 07:11:42.536,1.98016,1.98069,1.50,1.13
2013.09.05 07:11:43.206,1.98016,1.98069,1.50,1.13
2013.09.05 07:11:43.326,1.98016,1.98069,1.50,1.13
2013.09.05 07:11:43.386,1.98016,1.98069,1.50,1.13
2013.09.05 07:11:45.926,1.98025,1.98075,1.13,1.88
2013.09.05 07:11:46.166,1.98025,1.98078,1.50,1.13
2013.09.05 07:11:46.346,1.98035,1.98083,1.13,1.13
2013.09.05 07:11:46.706,1.98036,1.98084,1.13,1.50
2013.09.05 07:11:49.796,1.98029,1.98085,1.13,1.88
2013.09.05 07:11:50.016,1.98029,1.98085,1.13,1.88
2013.09.05 07:11:50.091,1.98029,1.98085,1.13,1.88
2013.09.05 07:11:50.421,1.98029,1.98085,1.13,1.88
2013.09.05 07:11:50.766,1.98029,1.9808,1.13,1.13
2013.09.05 07:11:51.126,1.98027,1.98081,1.13,1.88
2013.09.05 07:11:51.187,1.98026,1.98079,1.13,1.13
2013.09.05 07:11:51.490,1.98028,1.98083,1.50,1.13
2013.09.05 07:11:51.846,1.98043,1.98089,1.13,1.13
2013.09.05 07:11:52.876,1.98033,1.98086,1.13,1.13
2013.09.05 07:11:53.116,1.98038,1.98094,1.13,1.88
2013.09.05 07:11:53.176,1.98038,1.98094,1.13,1.88
2013.09.05 07:11:53.580,1.98039,1.98094,1.50,1.88
2013.09.05 07:11:53.736,1.98038,1.98094,1.13,1.88
2013.09.05 07:11:54.439,1.98038,1.98094,1.13,1.50
2013.09.05 07:11:54.766,1.98038,1.98094,1.88,1.88
2013.09.05 07:11:55.370,1.98038,1.98092,1.88,1.13
2013.09.05 07:11:55.426,1.98038,1.98092,1.88,1.13
2013.09.05 07:11:55.757,1.98038,1.9809,1.88,1.13
2013.09.05 07:11:55.817,1.98037,1.98089,1.50,1.13
2013.09.05 07:11:55.936,1.98037,1.98082,1.13,1.13
2013.09.05 07:11:57.682,1.98027,1.98079,1.13,1.13
2013.09.05 07:11:57.926,1.98027,1.98082,1.13,1.50
2013.09.05 07:11:58.557,1.98027,1.98084,1.13,1.13
2013.09.05 07:11:58.616,1.98031,1.98085,1.13,1.50
2013.09.05 07:11:58.888,1.98038,1.98094,1.13,1.50
2013.09.05 07:11:58.947,1.98038,1.98094,1.13,1.50
2013.09.05 07:11:59.501,1.98039,1.98094,2.25,1.13
2013.09.05 07:12:00.103,1.98038,1.98093,1.88,1.13
2013.09.05 07:12:00.227,1.98039,1.98093,1.50,1.13
2013.09.05 07:12:00.347,1.98038,1.98095,1.13,1.88
2013.09.05 07:12:00.706,1.98038,1.98095,1.13,1.50
2013.09.05 07:12:01.136,1.98039,1.98095,1.50,1.50
2013.09.05 07:12:01.256,1.9804,1.98095,1.50,1.13
2013.09.05 07:12:01.859,1.98044,1.98099,1.13,1.13
2013.09.05 07:12:02.297,1.98038,1.98093,1.13,1.13
2013.09.05 07:12:02.417,1.98038,1.98093,1.13,1.13
2013.09.05 07:12:02.656,1.98038,1.98091,1.13,1.13
2013.09.05 07:12:03.016,1.98038,1.98087,1.13,1.13
2013.09.05 07:12:03.216,1.98038,1.98092,1.13,1.50
2013.09.05 07:12:03.727,1.98038,1.98091,1.13,1.13
2013.09.05 07:12:04.066,1.98038,1.9809,1.13,1.88
2013.09.05 07:12:04.186,1.98038,1.98087,1.13,1.13
2013.09.05 07:12:04.426,1.98038,1.98091,1.13,1.88
2013.09.05 07:12:04.607,1.98038,1.98088,1.13,1.13
2013.09.05 07:12:04.966,1.98031,1.98086,1.13,1.13
2013.09.05 07:12:05.206,1.98031,1.98086,1.13,1.13
2013.09.05 07:12:05.386,1.98031,1.98084,1.13,1.13
2013.09.05 07:12:06.296,1.98031,1.98082,1.13,1.13
2013.09.05 07:12:06.486,1.98031,1.98075,1.13,1.13
2013.09.05 07:12:06.607,1.98025,1.98075,1.13,1.13
2013.09.05 07:12:06.727,1.98025,1.98066,1.13,1.13
2013.09.05 07:12:06.966,1.98016,1.98065,1.13,1.13
2013.09.05 07:12:07.086,1.98016,1.98065,1.13,1.13
2013.09.05 07:12:07.146,1.98016,1.98067,1.13,1.13
2013.09.05 07:12:07.356,1.98016,1.98068,1.13,1.13
2013.09.05 07:12:07.626,1.98016,1.98068,1.13,1.13
2013.09.05 07:12:07.746,1.98016,1.98068,1.13,1.13
2013.09.05 07:12:08.054,1.98016,1.98068,1.13,1.13
2013.09.05 07:12:08.896,1.98009,1.98065,1.13,1.13
2013.09.05 07:12:09.136,1.98009,1.98054,1.13,1.13
2013.09.05 07:12:09.386,1.98009,1.98054,1.13,1.13
2013.09.05 07:12:09.889,1.98003,1.98054,1.13,1.13
2013.09.05 07:12:10.146,1.98003,1.98054,1.13,1.13
2013.09.05 07:12:10.347,1.98005,1.98058,1.13,1.13
2013.09.05 07:12:10.772,1.98018,1.98064,1.50,1.13
2013.09.05 07:12:10.842,1.98024,1.98067,1.13,1.13
2013.09.05 07:12:10.908,1.98024,1.98075,1.13,1.13
2013.09.05 07:12:11.027,1.98026,1.98082,1.13,1.13
2013.09.05 07:12:11.087,1.98026,1.98077,1.13,1.13
2013.09.05 07:12:13.237,1.9803,1.98078,1.13,1.13
2013.09.05 07:12:13.657,1.98034,1.98085,1.13,1.13
2013.09.05 07:12:13.776,1.98035,1.98088,1.50,1.13
2013.09.05 07:12:13.896,1.9804,1.98088,1.13,1.13
2013.09.05 07:12:14.397,1.9804,1.98088,1.13,1.13
2013.09.05 07:12:14.947,1.9804,1.98089,1.13,1.13
2013.09.05 07:12:15.506,1.9804,1.98091,1.13,1.13
2013.09.05 07:12:17.127,1.9804,1.98095,1.13,1.13
2013.09.05 07:12:17.186,1.9804,1.98095,1.13,1.13
2013.09.05 07:12:18.148,1.9804,1.98095,1.13,1.13
2013.09.05 07:12:18.726,1.9804,1.9809,1.13,1.13
2013.09.05 07:12:19.896,1.9804,1.98093,1.13,1.13
2013.09.05 07:12:20.496,1.9804,1.9809,1.13,1.13
2013.09.05 07:12:21.046,1.9804,1.98093,1.88,1.13
2013.09.05 07:12:21.166,1.9804,1.98094,1.88,1.13
2013.09.05 07:12:28.166,1.98046,1.98104,1.13,1.13
2013.09.05 07:12:28.287,1.9805,1.98105,1.13,1.50
2013.09.05 07:12:28.698,1.98052,1.98092,1.13,1.13
2013.09.05 07:12:32.466,1.98053,1.98095,1.13,1.13
2013.09.05 07:12:32.706,1.98053,1.98104,1.13,1.13
2013.09.05 07:12:32.886,1.98053,1.98095,1.13,1.13
2013.09.05 07:12:33.076,1.98053,1.98093,1.13,1.13
2013.09.05 07:12:33.316,1.98049,1.98092,1.13,1.13
2013.09.05 07:12:33.965,1.98046,1.98092,1.13,1.13
2013.09.05 07:12:34.546,1.98046,1.98092,1.13,1.13
2013.09.05 07:12:34.840,1.98046,1.98095,1.13,1.13
2013.09.05 07:12:34.896,1.98046,1.98095,1.13,1.13
2013.09.05 07:12:35.137,1.9805,1.98094,1.88,1.13
2013.09.05 07:12:35.466,1.98056,1.98101,1.13,1.13
2013.09.05 07:12:35.646,1.98056,1.98105,1.88,1.13
2013.09.05 07:12:36.006,1.98056,1.98105,1.88,1.13
2013.09.05 07:12:36.618,1.98056,1.98106,1.88,1.13
2013.09.05 07:12:36.949,1.98056,1.98107,1.88,1.13
2013.09.05 07:12:37.066,1.98065,1.98115,1.13,1.13
2013.09.05 07:12:37.187,1.98065,1.98115,1.13,1.13
2013.09.05 07:12:37.727,1.9807,1.98115,1.13,1.13
2013.09.05 07:12:38.766,1.98065,1.98115,1.13,1.13
2013.09.05 07:12:38.947,1.98062,1.98105,1.13,1.13
2013.09.05 07:12:39.196,1.98062,1.98106,1.13,1.13
2013.09.05 07:12:39.386,1.98062,1.98106,1.13,1.13
2013.09.05 07:12:40.906,1.98062,1.98106,1.88,1.13
2013.09.05 07:12:41.256,1.98067,1.98106,1.13,1.13
2013.09.05 07:12:41.578,1.98064,1.98104,1.13,1.13
2013.09.05 07:12:41.994,1.98063,1.98106,1.13,1.13
2013.09.05 07:12:42.347,1.9806,1.98105,1.13,1.13
2013.09.05 07:12:42.656,1.98056,1.98103,1.88,1.13
2013.09.05 07:12:43.016,1.98056,1.98095,1.13,1.13
2013.09.05 07:12:43.076,1.98053,1.98095,1.13,1.13
2013.09.05 07:12:43.657,1.98052,1.98094,1.13,1.13
2013.09.05 07:12:44.360,1.98046,1.98091,1.13,1.13
2013.09.05 07:12:44.417,1.98046,1.98091,1.13,1.13
2013.09.05 07:12:49.636,1.98044,1.98091,1.13,1.13
2013.09.05 07:12:49.758,1.98046,1.98092,1.13,1.13
2013.09.05 07:12:51.955,1.98049,1.98092,1.13,1.13
2013.09.05 07:12:52.487,1.98052,1.98092,1.13,1.13
2013.09.05 07:12:52.666,1.98052,1.98095,1.13,1.13
2013.09.05 07:12:52.727,1.98053,1.98107,1.13,1.13
2013.09.05 07:12:52.846,1.98058,1.98115,1.13,1.88
2013.09.05 07:12:52.906,1.98061,1.98115,1.13,1.88
2013.09.05 07:12:53.146,1.98064,1.98115,1.13,1.13
2013.09.05 07:12:53.665,1.98062,1.98115,1.13,1.13
2013.09.05 07:12:55.456,1.9806,1.98115,1.13,1.13
2013.09.05 07:12:56.958,1.9806,1.98115,1.13,1.13
2013.09.05 07:12:57.076,1.98056,1.98115,1.13,1.13
2013.09.05 07:12:58.909,1.98056,1.98111,1.13,1.13
2013.09.05 07:12:59.359,1.98051,1.98104,1.13,1.13
2013.09.05 07:13:00.256,1.98051,1.98104,1.13,1.13
2013.09.05 07:13:00.437,1.98046,1.98097,1.13,1.13
2013.09.05 07:13:00.496,1.98044,1.98095,1.13,1.13
2013.09.05 07:13:01.076,1.98041,1.98095,1.13,1.13
2013.09.05 07:13:01.296,1.98041,1.98086,1.13,1.13
2013.09.05 07:13:01.706,1.98043,1.98089,1.13,1.13
2013.09.05 07:13:02.220,1.98044,1.98089,1.13,1.13
2013.09.05 07:13:05.077,1.98045,1.98095,1.50,1.50
2013.09.05 07:13:05.256,1.98048,1.98095,1.13,1.13
2013.09.05 07:13:05.376,1.98048,1.98095,1.13,1.13
2013.09.05 07:13:05.496,1.98053,1.98105,1.13,1.13
2013.09.05 07:13:05.677,1.98053,1.98105,1.13,1.13
2013.09.05 07:13:06.122,1.98053,1.98106,1.88,1.13
2013.09.05 07:13:06.626,1.98053,1.98103,1.50,1.13
2013.09.05 07:13:06.686,1.98053,1.98097,1.50,1.13
2013.09.05 07:13:06.806,1.98048,1.981,1.50,2.27
2013.09.05 07:13:07.166,1.98056,1.981,1.50,2.27
2013.09.05 07:13:07.526,1.98059,1.981,1.88,1.73
2013.09.05 07:13:08.857,1.98059,1.981,1.88,1.73
2013.09.05 07:13:09.484,1.98059,1.98101,1.13,2.01
2013.09.05 07:13:10.406,1.98059,1.98101,1.13,2.01
2013.09.05 07:13:11.436,1.98059,1.98101,1.13,2.01
2013.09.05 07:13:11.760,1.98059,1.98101,1.13,2.01
2013.09.05 07:13:11.819,1.98063,1.98111,1.88,1.13
2013.09.05 07:13:11.877,1.98064,1.98111,1.13,1.13
2013.09.05 07:13:12.437,1.98062,1.98112,1.13,1.13
2013.09.05 07:13:12.836,1.98062,1.98112,1.13,1.13
2013.09.05 07:13:13.017,1.98062,1.98112,1.13,1.13
2013.09.05 07:13:13.626,1.98062,1.98112,1.13,1.13
2013.09.05 07:13:14.066,1.98056,1.98105,1.13,1.13
2013.09.05 07:13:19.845,1.98056,1.98107,1.13,1.13
2013.09.05 07:13:20.607,1.98056,1.98108,1.13,1.13
2013.09.05 07:13:23.438,1.9806,1.98108,1.13,1.13
2013.09.05 07:13:24.156,1.98055,1.98109,1.13,1.13
2013.09.05 07:13:36.595,1.98055,1.98105,1.13,1.50
2013.09.05 07:13:40.946,1.98055,1.98105,1.13,1.50
2013.09.05 07:13:41.996,1.98055,1.98105,1.13,2.63
2013.09.05 07:13:42.176,1.98055,1.98097,1.13,1.13
2013.09.05 07:13:42.477,1.98048,1.98094,1.13,1.50
2013.09.05 07:13:42.716,1.98036,1.98091,1.50,1.50
2013.09.05 07:13:48.018,1.98036,1.9809,1.13,1.50
2013.09.05 07:13:48.576,1.98035,1.98084,1.13,1.13
2013.09.05 07:13:49.126,1.98035,1.98083,1.13,1.13
2013.09.05 07:13:51.467,1.98036,1.98085,1.13,1.50
2013.09.05 07:13:51.711,1.98036,1.9809,1.13,1.50
2013.09.05 07:13:55.376,1.98036,1.98085,1.13,1.50
2013.09.05 07:13:55.993,1.98034,1.98084,1.13,1.13
2013.09.05 07:13:58.827,1.98026,1.98078,1.13,1.88
2013.09.05 07:13:59.187,1.98015,1.98071,1.13,1.13
2013.09.05 07:13:59.556,1.98009,1.98065,1.13,1.13
2013.09.05 07:14:04.577,1.98009,1.98065,1.13,1.13
2013.09.05 07:14:04.698,1.98009,1.98065,1.13,1.13
2013.09.05 07:14:05.305,1.98015,1.9807,1.13,1.13
2013.09.05 07:14:06.657,1.9801,1.98066,1.13,1.13
2013.09.05 07:14:06.749,1.9801,1.98066,1.13,1.13
2013.09.05 07:14:10.938,1.9801,1.98066,1.13,1.13
2013.09.05 07:14:11.357,1.98017,1.98074,1.13,1.50
2013.09.05 07:14:14.246,1.98017,1.98074,1.13,1.50
2013.09.05 07:14:15.366,1.98017,1.98074,1.13,1.50
2013.09.05 07:14:15.836,1.98017,1.98074,1.13,1.13
2013.09.05 07:14:15.896,1.98022,1.98078,1.13,1.13
2013.09.05 07:14:16.386,1.98026,1.98081,1.13,1.20
2013.09.05 07:14:16.446,1.98026,1.98081,1.13,1.13
2013.09.05 07:14:16.566,1.98026,1.98084,1.50,1.88
2013.09.05 07:14:17.303,1.98029,1.98084,1.13,1.50
2013.09.05 07:14:17.925,1.98029,1.98084,1.13,1.13
2013.09.05 07:14:19.216,1.98029,1.98084,1.13,1.13
2013.09.05 07:14:19.747,1.98029,1.98084,1.13,1.13
2013.09.05 07:14:24.846,1.98026,1.98084,1.50,1.50
2013.09.05 07:14:25.282,1.98026,1.98084,1.13,1.50
2013.09.05 07:14:31.408,1.98026,1.98081,1.13,1.13
2013.09.05 07:14:31.528,1.98035,1.98082,1.13,1.13
2013.09.05 07:14:31.829,1.98035,1.98091,1.13,1.13
2013.09.05 07:14:31.888,1.98035,1.98091,1.13,1.13
2013.09.05 07:14:32.438,1.98035,1.98092,1.13,1.13
2013.09.05 07:14:32.747,1.98035,1.98092,1.13,1.13
2013.09.05 07:14:33.047,1.98025,1.98088,1.88,1.50
2013.09.05 07:14:36.887,1.98041,1.98089,1.13,1.50
2013.09.05 07:14:37.066,1.98043,1.98092,1.13,1.13
2013.09.05 07:14:37.126,1.98046,1.98092,1.13,1.13
2013.09.05 07:14:40.367,1.98045,1.98096,1.13,1.13
2013.09.05 07:14:40.427,1.98045,1.98096,1.13,1.88
2013.09.05 07:14:41.656,1.98055,1.98099,1.13,1.13
2013.09.05 07:14:41.776,1.98055,1.981,1.13,1.13
2013.09.05 07:14:41.836,1.98055,1.98099,1.13,1.13
2013.09.05 07:14:47.716,1.98045,1.98099,1.13,1.50
2013.09.05 07:14:47.836,1.98045,1.98099,1.13,1.50
2013.09.05 07:14:47.896,1.98045,1.98095,1.13,1.13
2013.09.05 07:14:48.137,1.98045,1.98091,1.13,1.50
2013.09.05 07:14:48.376,1.98035,1.98092,1.50,1.88
2013.09.05 07:14:50.786,1.98046,1.98091,1.13,1.13
2013.09.05 07:14:51.398,1.98047,1.98091,1.13,1.13
2013.09.05 07:14:51.458,1.98055,1.98099,1.13,1.50
2013.09.05 07:14:51.579,1.9805,1.98096,1.13,1.13
2013.09.05 07:14:51.882,1.9805,1.98098,1.13,1.13
2013.09.05 07:14:53.557,1.9805,1.98094,1.13,1.13
2013.09.05 07:14:53.617,1.98046,1.98096,1.50,1.13
2013.09.05 07:14:53.977,1.98052,1.98104,1.13,1.13
2013.09.05 07:14:54.096,1.98049,1.98095,1.13,1.13
2013.09.05 07:14:54.158,1.98049,1.98095,1.13,1.13
2013.09.05 07:14:56.014,1.9805,1.98095,1.50,1.13
2013.09.05 07:15:00.238,1.9805,1.98095,1.88,1.13
2013.09.05 07:15:00.416,1.98047,1.98088,1.13,1.13
2013.09.05 07:15:00.936,1.98041,1.98086,1.13,1.13
2013.09.05 07:15:00.996,1.98041,1.98084,1.13,1.13
2013.09.05 07:15:01.837,1.98041,1.9808,1.13,1.13
2013.09.05 07:15:02.147,1.98041,1.98084,1.13,1.13
2013.09.05 07:15:03.187,1.98041,1.98085,1.13,1.13
2013.09.05 07:15:03.386,1.98044,1.98094,1.13,1.13
2013.09.05 07:15:03.446,1.98046,1.98094,1.13,1.13
2013.09.05 07:15:03.626,1.98051,1.98097,1.13,1.13
2013.09.05 07:15:03.986,1.98056,1.98104,1.88,1.13
2013.09.05 07:15:04.277,1.98056,1.98104,1.88,1.13
2013.09.05 07:15:05.496,1.98057,1.98106,1.88,1.13
2013.09.05 07:15:09.016,1.98065,1.98115,1.13,1.13
2013.09.05 07:15:09.256,1.98067,1.98117,1.50,1.50
2013.09.05 07:15:09.765,1.98067,1.98116,1.88,1.13
2013.09.05 07:15:09.889,1.98067,1.98122,1.88,1.13
2013.09.05 07:15:09.967,1.98067,1.98122,1.88,1.13
2013.09.05 07:15:10.207,1.98067,1.98115,1.13,1.13
2013.09.05 07:15:10.626,1.98065,1.98117,1.50,1.13
2013.09.05 07:15:11.594,1.98065,1.9812,2.25,1.13
2013.09.05 07:15:11.657,1.98069,1.98122,1.13,1.13
2013.09.05 07:15:11.848,1.98076,1.98122,1.13,1.13
2013.09.05 07:15:12.007,1.98069,1.98122,1.13,1.13
2013.09.05 07:15:12.067,1.98075,1.98123,1.13,1.13
2013.09.05 07:15:12.407,1.98075,1.98125,1.13,1.88
2013.09.05 07:15:12.946,1.98075,1.98124,1.13,1.50
2013.09.05 07:15:14.150,1.98074,1.98124,1.13,1.50
2013.09.05 07:15:14.389,1.98075,1.98125,1.88,1.50
2013.09.05 07:15:14.746,1.98075,1.98121,1.13,1.13
2013.09.05 07:15:14.877,1.98076,1.98124,1.50,1.13
2013.09.05 07:15:18.987,1.98076,1.98124,1.13,1.13
2013.09.05 07:15:19.346,1.98082,1.98134,1.13,1.50
2013.09.05 07:15:19.647,1.98082,1.98134,1.13,1.50
2013.09.05 07:15:21.026,1.98086,1.98134,1.13,1.50
2013.09.05 07:15:22.298,1.98086,1.98135,1.13,1.88
2013.09.05 07:15:22.846,1.98086,1.98134,1.13,1.50
2013.09.05 07:15:24.854,1.98088,1.98135,1.13,1.13
2013.09.05 07:15:25.099,1.98087,1.98143,1.13,1.13
2013.09.05 07:15:25.156,1.98088,1.98144,1.13,1.50
2013.09.05 07:15:25.216,1.98095,1.98147,1.50,1.13
2013.09.05 07:15:25.276,1.98095,1.98149,1.50,1.88
2013.09.05 07:15:29.226,1.98094,1.98144,1.13,1.13
2013.09.05 07:15:30.757,1.98092,1.98144,1.13,1.13
2013.09.05 07:15:31.176,1.98093,1.98143,1.13,1.13
2013.09.05 07:15:31.417,1.98089,1.98143,1.50,1.13
2013.09.05 07:15:32.368,1.98088,1.98144,1.50,1.13
2013.09.05 07:15:33.267,1.98088,1.98144,1.50,1.13
2013.09.05 07:15:37.203,1.98095,1.98145,1.13,1.13
2013.09.05 07:15:37.650,1.98095,1.98145,1.50,1.13
2013.09.05 07:15:37.907,1.98095,1.98145,2.25,1.13
2013.09.05 07:15:38.216,1.98095,1.98145,1.13,1.13
2013.09.05 07:15:44.736,1.98085,1.98135,1.13,1.13
2013.09.05 07:15:44.916,1.98086,1.98143,1.50,1.13
2013.09.05 07:15:45.246,1.98082,1.98135,1.13,1.13
2013.09.05 07:15:55.379,1.98086,1.98143,1.50,1.13
2013.09.05 07:15:55.737,1.98083,1.98135,1.13,1.13
2013.09.05 07:15:56.038,1.98085,1.98143,1.50,1.13
2013.09.05 07:15:56.156,1.98082,1.98134,1.13,1.13
2013.09.05 07:15:58.977,1.98083,1.98134,1.13,1.13
2013.09.05 07:15:59.678,1.98079,1.98134,1.13,1.13
2013.09.05 07:16:00.858,1.98079,1.98134,1.13,1.13
2013.09.05 07:16:01.207,1.98079,1.98134,1.13,1.13
2013.09.05 07:16:13.173,1.98079,1.98134,1.13,1.13
2013.09.05 07:16:14.508,1.98081,1.98137,1.50,1.13
2013.09.05 07:16:15.693,1.98079,1.98135,1.13,1.50
2013.09.05 07:16:22.797,1.98078,1.98135,1.13,1.50
2013.09.05 07:16:27.157,1.98078,1.98135,1.13,1.50
2013.09.05 07:16:27.378,1.98078,1.98135,1.13,1.50
2013.09.05 07:16:27.557,1.98082,1.98135,1.50,1.13
2013.09.05 07:16:31.607,1.98089,1.98142,1.13,1.13
2013.09.05 07:16:31.667,1.98091,1.98142,1.13,1.13
2013.09.05 07:16:31.966,1.98094,1.98145,1.13,1.88
2013.09.05 07:16:52.418,1.98095,1.98145,1.13,1.13
2013.09.05 07:16:52.751,1.98095,1.98145,1.50,1.13
2013.09.05 07:16:53.017,1.98097,1.98145,1.13,1.13
2013.09.05 07:17:06.013,1.98095,1.98154,1.88,1.13
2013.09.05 07:17:06.610,1.98095,1.98151,1.50,1.13
2013.09.05 07:17:18.508,1.98095,1.98154,1.50,1.50
2013.09.05 07:17:20.867,1.98095,1.98149,1.13,1.13
2013.09.05 07:17:22.269,1.98097,1.98155,1.50,1.50
2013.09.05 07:17:22.328,1.98098,1.98155,1.13,1.50
2013.09.05 07:17:22.388,1.98111,1.98162,1.13,1.50
2013.09.05 07:17:22.506,1.98111,1.98178,1.88,1.69
2013.09.05 07:17:22.627,1.98115,1.98178,1.50,1.69
2013.09.05 07:17:24.209,1.98109,1.98171,1.13,1.13
2013.09.05 07:17:24.268,1.98109,1.98171,1.13,1.13
2013.09.05 07:17:24.873,1.98107,1.98167,1.13,1.13
2013.09.05 07:17:25.147,1.98114,1.98171,1.13,1.13
2013.09.05 07:17:25.327,1.98115,1.98172,1.50,1.50
2013.09.05 07:17:25.387,1.98115,1.98172,1.88,1.13
2013.09.05 07:17:28.668,1.98115,1.98167,1.13,1.13
2013.09.05 07:17:30.178,1.9811,1.98161,1.13,1.13
2013.09.05 07:17:30.358,1.98106,1.98157,1.50,1.50
2013.09.05 07:17:30.419,1.98111,1.98159,1.13,1.13
2013.09.05 07:17:30.780,1.98105,1.98163,1.13,1.13
2013.09.05 07:17:31.327,1.98104,1.98154,1.13,1.13
2013.09.05 07:17:33.552,1.98104,1.98154,1.13,1.13
2013.09.05 07:17:33.907,1.98103,1.98149,1.13,1.50
2013.09.05 07:17:34.267,1.9811,1.98149,1.13,1.50
2013.09.05 07:17:34.818,1.98114,1.98142,1.13,1.50
2013.09.05 07:17:35.357,1.98114,1.98149,1.13,1.50
2013.09.05 07:17:35.692,1.98114,1.98149,1.13,1.13
2013.09.05 07:17:35.807,1.98114,1.98149,1.13,1.50
2013.09.05 07:17:36.827,1.98116,1.98162,1.13,1.13
2013.09.05 07:17:36.946,1.98116,1.98163,1.13,1.50
2013.09.05 07:17:37.247,1.9811,1.98156,1.13,1.50
2013.09.05 07:17:37.866,1.9811,1.98156,1.13,1.50
2013.09.05 07:17:37.927,1.98109,1.98156,1.13,1.50
2013.09.05 07:17:42.857,1.98116,1.98155,1.13,1.50
2013.09.05 07:17:43.296,1.98113,1.98155,1.13,1.50
2013.09.05 07:17:51.700,1.98116,1.9816,1.13,1.88
2013.09.05 07:17:52.976,1.98104,1.98161,1.13,1.88
2013.09.05 07:17:53.097,1.98098,1.98152,1.50,1.13
2013.09.05 07:17:53.277,1.98096,1.9815,1.13,1.13
2013.09.05 07:17:53.637,1.98098,1.98152,1.50,1.50
2013.09.05 07:17:53.757,1.98098,1.98154,1.13,1.50
2013.09.05 07:17:54.498,1.98099,1.98154,1.50,1.50
2013.09.05 07:17:55.031,1.981,1.98163,1.50,1.88
2013.09.05 07:17:58.119,1.981,1.98163,1.50,1.88
2013.09.05 07:17:58.298,1.98104,1.98165,1.13,1.13
2013.09.05 07:17:58.729,1.98108,1.98167,1.50,1.88
2013.09.05 07:17:59.378,1.98109,1.98167,1.13,1.50
2013.09.05 07:18:01.898,1.98107,1.98164,1.88,1.13
2013.09.05 07:18:02.077,1.98107,1.98161,1.50,1.13
2013.09.05 07:18:04.068,1.98117,1.98172,1.50,1.88
2013.09.05 07:18:04.428,1.98116,1.98171,1.13,1.50
2013.09.05 07:18:04.723,1.98118,1.98171,1.50,1.50
2013.09.05 07:18:05.075,1.98119,1.98165,1.13,1.88
2013.09.05 07:18:05.848,1.98106,1.98166,1.13,1.88
2013.09.05 07:18:06.027,1.98104,1.98159,1.88,1.13
2013.09.05 07:18:06.147,1.98104,1.98158,1.50,1.50
2013.09.05 07:18:08.588,1.98103,1.98158,1.13,1.50
2013.09.05 07:18:09.197,1.98106,1.98164,1.13,1.13
2013.09.05 07:18:09.378,1.98105,1.9816,1.13,1.13
2013.09.05 07:18:09.556,1.98104,1.98158,1.13,1.13
2013.09.05 07:18:10.448,1.98104,1.98158,1.13,1.13
2013.09.05 07:18:11.037,1.98106,1.98159,1.13,1.50
2013.09.05 07:18:14.227,1.98106,1.98154,1.13,1.50
2013.09.05 07:18:14.421,1.98105,1.98154,1.13,1.50
2013.09.05 07:18:14.536,1.98105,1.98154,1.13,1.50
2013.09.05 07:18:27.693,1.981,1.98148,1.13,1.50
2013.09.05 07:18:28.220,1.981,1.98149,1.13,1.50
2013.09.05 07:18:29.017,1.981,1.98148,1.13,1.50
2013.09.05 07:18:29.456,1.981,1.98148,1.13,1.50
2013.09.05 07:18:35.747,1.981,1.98155,1.13,1.50
2013.09.05 07:18:35.986,1.981,1.98149,1.13,1.50
2013.09.05 07:18:36.550,1.981,1.98149,1.13,1.50
2013.09.05 07:18:39.349,1.981,1.98144,1.13,1.50
2013.09.05 07:18:39.907,1.98086,1.98143,1.50,1.50
2013.09.05 07:18:39.967,1.98085,1.98138,2.25,1.13
2013.09.05 07:18:40.086,1.98085,1.98138,1.88,1.13
2013.09.05 07:18:40.447,1.98086,1.98132,1.13,1.50
2013.09.05 07:18:46.817,1.98085,1.98139,1.13,1.50
2013.09.05 07:18:51.926,1.98085,1.98139,1.50,1.50
2013.09.05 07:18:52.339,1.98091,1.98145,1.13,1.50
2013.09.05 07:18:56.917,1.98092,1.98149,1.88,1.50
2013.09.05 07:19:04.168,1.98093,1.98149,1.13,1.50
2013.09.05 07:19:06.145,1.98094,1.98149,1.13,1.50
2013.09.05 07:19:06.268,1.98094,1.98149,1.13,1.50
2013.09.05 07:19:06.361,1.98094,1.98149,1.13,1.50
2013.09.05 07:19:06.800,1.98093,1.98149,1.13,1.50
2013.09.05 07:19:07.881,1.9809,1.9815,1.88,1.50
2013.09.05 07:19:08.873,1.9809,1.9815,1.50,1.50
2013.09.05 07:19:09.388,1.9809,1.9815,1.13,1.50
2013.09.05 07:19:10.187,1.9809,1.98154,1.50,1.50
2013.09.05 07:19:10.247,1.9809,1.98154,1.50,1.50
2013.09.05 07:19:14.257,1.98093,1.98155,1.50,1.50
2013.09.05 07:19:14.617,1.98103,1.98156,1.50,1.13
2013.09.05 07:19:14.914,1.98106,1.98165,1.13,1.50
2013.09.05 07:19:15.227,1.98105,1.98163,1.50,1.13
2013.09.05 07:19:15.586,1.98105,1.98157,1.13,1.13
2013.09.05 07:19:15.827,1.98105,1.98163,1.88,1.50
2013.09.05 07:19:15.887,1.98105,1.98163,1.88,1.50
2013.09.05 07:19:16.127,1.98112,1.98167,1.13,1.13
2013.09.05 07:19:16.367,1.98115,1.98171,1.13,1.88
2013.09.05 07:19:16.430,1.98115,1.98171,1.13,1.50
2013.09.05 07:19:17.256,1.98115,1.98171,1.13,1.50
2013.09.05 07:19:17.653,1.98115,1.98171,1.13,1.50
2013.09.05 07:19:19.957,1.98117,1.98175,1.50,1.13
2013.09.05 07:19:20.017,1.98119,1.98177,1.13,1.13
2013.09.05 07:19:20.077,1.98119,1.9818,1.50,1.20
2013.09.05 07:19:20.137,1.98119,1.9818,1.50,1.20
2013.09.05 07:19:20.550,1.98125,1.98185,1.50,1.20
2013.09.05 07:19:20.907,1.98132,1.98188,1.13,1.20
2013.09.05 07:19:20.966,1.98132,1.98188,1.13,1.13
2013.09.05 07:19:21.208,1.98134,1.98188,1.13,1.13
2013.09.05 07:19:21.816,1.98134,1.98181,1.13,1.13
2013.09.05 07:19:23.749,1.98135,1.98183,1.13,1.13
2013.09.05 07:19:24.107,1.98132,1.98181,1.13,1.13
2013.09.05 07:19:24.167,1.98137,1.98184,1.13,1.13
2013.09.05 07:19:25.148,1.98135,1.98184,1.13,1.13
2013.09.05 07:19:25.272,1.98131,1.98181,1.13,1.13
2013.09.05 07:19:25.885,1.98135,1.98183,1.13,1.13
2013.09.05 07:19:26.067,1.98135,1.98187,1.13,1.13
2013.09.05 07:19:26.127,1.98135,1.98187,1.13,1.13
2013.09.05 07:19:26.187,1.98137,1.98192,1.13,1.13
2013.09.05 07:19:26.247,1.98137,1.98195,1.13,3.00
2013.09.05 07:19:26.468,1.98137,1.98195,1.13,1.88
2013.09.05 07:19:26.872,1.98137,1.98192,1.13,1.13
2013.09.05 07:19:27.057,1.98135,1.98186,1.13,1.13
2013.09.05 07:19:27.407,1.98135,1.98185,1.13,1.13
2013.09.05 07:19:44.611,1.98138,1.98182,1.13,1.13
2013.09.05 07:19:45.107,1.98136,1.98185,1.13,1.13
2013.09.05 07:19:45.369,1.98136,1.98186,1.13,1.50
2013.09.05 07:19:45.707,1.98136,1.98185,1.13,1.50
2013.09.05 07:19:46.027,1.98144,1.9819,1.13,1.13
2013.09.05 07:19:46.087,1.98135,1.9819,1.13,1.13
2013.09.05 07:19:46.147,1.98135,1.9819,1.13,1.13
2013.09.05 07:19:46.667,1.98144,1.9819,1.13,1.13
2013.09.05 07:19:49.317,1.98145,1.98191,1.13,1.50
2013.09.05 07:19:50.907,1.98144,1.98192,1.13,1.88
2013.09.05 07:19:54.087,1.98145,1.98191,1.13,1.50
2013.09.05 07:19:54.328,1.98145,1.98185,1.13,1.13
2013.09.05 07:19:54.568,1.98135,1.98186,1.13,1.50
2013.09.05 07:19:54.687,1.98135,1.98179,1.13,1.50
2013.09.05 07:19:55.048,1.98135,1.98174,1.13,1.50
2013.09.05 07:19:55.437,1.98135,1.9818,1.13,1.50
2013.09.05 07:19:57.127,1.98135,1.9818,1.13,1.50
2013.09.05 07:19:57.453,1.98135,1.9818,1.13,1.50
2013.09.05 07:19:58.510,1.98136,1.98183,1.13,1.13
2013.09.05 07:19:58.628,1.98143,1.98197,1.13,2.25
2013.09.05 07:19:58.688,1.98156,1.98197,1.13,1.50
2013.09.05 07:19:58.867,1.98156,1.98204,1.13,1.50
2013.09.05 07:19:58.928,1.98156,1.98203,1.13,1.50
2013.09.05 07:19:59.607,1.98156,1.98203,1.13,1.50
2013.09.05 07:19:59.667,1.98156,1.98199,1.13,1.13
2013.09.05 07:20:03.410,1.98156,1.98202,1.13,1.13
2013.09.05 07:20:03.647,1.98156,1.98205,1.13,1.13
2013.09.05 07:20:06.689,1.98156,1.98204,1.13,1.50
2013.09.05 07:20:07.030,1.98155,1.98198,1.13,1.13
2013.09.05 07:20:07.101,1.9815,1.98196,1.13,1.13
2013.09.05 07:20:07.157,1.98145,1.98195,1.50,1.13
2013.09.05 07:20:07.397,1.98138,1.98194,1.50,1.50
2013.09.05 07:20:07.516,1.98138,1.98193,1.50,1.13
2013.09.05 07:20:07.637,1.98138,1.98192,1.50,1.13
2013.09.05 07:20:07.757,1.98138,1.98194,1.88,1.50
2013.09.05 07:20:08.477,1.98145,1.98195,1.13,1.50
2013.09.05 07:20:09.361,1.98145,1.98195,1.13,1.50
2013.09.05 07:20:10.037,1.98145,1.98195,1.13,1.50
2013.09.05 07:20:10.874,1.98145,1.98195,1.13,1.50
2013.09.05 07:20:10.997,1.98145,1.98195,1.13,1.13
2013.09.05 07:20:11.057,1.98145,1.98199,1.50,1.13
2013.09.05 07:20:11.237,1.98138,1.98194,1.13,1.13
2013.09.05 07:20:14.947,1.98145,1.98195,1.13,1.50
2013.09.05 07:20:15.008,1.98145,1.98199,1.50,1.13
2013.09.05 07:20:15.187,1.98145,1.98199,1.50,1.13
2013.09.05 07:20:15.789,1.98155,1.98203,1.13,1.13
2013.09.05 07:20:17.428,1.98148,1.98199,1.13,1.13
2013.09.05 07:20:17.888,1.98148,1.98199,1.13,1.13
2013.09.05 07:20:17.947,1.98146,1.9819,1.13,1.13
2013.09.05 07:20:18.130,1.9814,1.98189,1.50,1.88
2013.09.05 07:20:18.189,1.9814,1.98184,1.13,1.50
2013.09.05 07:20:18.308,1.9814,1.98188,1.13,1.50
2013.09.05 07:20:18.428,1.9814,1.98184,1.13,1.13
2013.09.05 07:20:18.487,1.98135,1.98185,1.13,1.50
2013.09.05 07:20:18.667,1.98135,1.98188,1.50,1.50
2013.09.05 07:20:19.026,1.98139,1.98188,1.13,1.50
2013.09.05 07:20:19.647,1.98135,1.98185,1.13,1.88
2013.09.05 07:20:20.170,1.98135,1.98185,1.13,1.88
2013.09.05 07:20:20.629,1.98135,1.98185,1.13,1.88
2013.09.05 07:20:20.699,1.98129,1.98175,1.50,1.13
2013.09.05 07:20:20.757,1.98129,1.98175,1.50,1.50
2013.09.05 07:20:21.307,1.98129,1.98175,1.50,1.50
2013.09.05 07:20:21.427,1.98129,1.98175,1.50,1.50
2013.09.05 07:20:21.487,1.98125,1.9817,1.50,1.50
2013.09.05 07:20:21.837,1.98125,1.98171,1.13,1.50
2013.09.05 07:20:22.017,1.98112,1.98164,1.13,1.13
2013.09.05 07:20:22.577,1.98116,1.98166,1.50,1.13
2013.09.05 07:20:22.637,1.98125,1.98175,1.13,1.50
2013.09.05 07:20:22.697,1.98125,1.98175,1.13,1.50
2013.09.05 07:20:22.817,1.98125,1.98177,1.13,1.13
2013.09.05 07:20:22.937,1.98125,1.98175,1.13,1.13
2013.09.05 07:20:23.329,1.98127,1.98175,1.13,1.50
2013.09.05 07:20:25.408,1.98125,1.98163,1.13,1.13
2013.09.05 07:20:27.569,1.98125,1.98171,1.13,1.13
2013.09.05 07:20:27.627,1.98125,1.98171,1.13,1.50
2013.09.05 07:20:27.807,1.98122,1.9817,1.13,1.13
2013.09.05 07:20:27.927,1.98121,1.98168,1.13,1.13
2013.09.05 07:20:28.167,1.98115,1.98159,1.13,1.13
2013.09.05 07:20:28.288,1.98115,1.98159,1.13,1.13
2013.09.05 07:20:28.347,1.98115,1.98159,1.13,1.13
2013.09.05 07:20:30.267,1.9812,1.98169,1.13,2.25
2013.09.05 07:20:30.438,1.9812,1.98161,1.13,1.13
2013.09.05 07:20:30.677,1.98115,1.98165,1.13,1.13
2013.09.05 07:20:30.797,1.98115,1.98165,1.13,1.13
2013.09.05 07:20:33.531,1.98115,1.98163,1.13,1.13
2013.09.05 07:20:39.148,1.98124,1.98174,1.13,1.13
2013.09.05 07:20:39.268,1.9813,1.98175,1.13,1.13
2013.09.05 07:20:39.627,1.98134,1.98177,1.13,1.50
2013.09.05 07:20:39.927,1.98138,1.98191,1.13,1.65
2013.09.05 07:20:39.987,1.98136,1.98184,1.13,1.50
2013.09.05 07:20:40.347,1.98155,1.982,1.13,1.50
2013.09.05 07:20:40.407,1.98155,1.982,1.13,1.13
2013.09.05 07:20:40.597,1.98155,1.98202,1.13,1.13
2013.09.05 07:20:40.660,1.98155,1.982,1.13,1.13
2013.09.05 07:20:41.277,1.98151,1.98204,1.50,1.13
2013.09.05 07:20:41.597,1.98146,1.98204,1.50,1.88
2013.09.05 07:20:47.437,1.98149,1.98195,1.13,1.13
2013.09.05 07:20:49.117,1.98143,1.98195,1.88,1.50
2013.09.05 07:20:49.807,1.9815,1.982,1.50,1.13
2013.09.05 07:20:49.867,1.9815,1.982,1.13,1.13
2013.09.05 07:20:51.187,1.98146,1.982,1.50,1.13
2013.09.05 07:20:55.417,1.98146,1.982,1.13,1.13
2013.09.05 07:20:56.710,1.98146,1.98204,1.88,1.50
2013.09.05 07:20:57.042,1.9815,1.98204,1.13,1.13
2013.09.05 07:21:00.867,1.9815,1.98204,1.13,1.13
2013.09.05 07:21:01.047,1.98146,1.98195,1.13,1.13
2013.09.05 07:21:01.108,1.98145,1.98195,1.13,1.13
2013.09.05 07:21:01.167,1.98145,1.98195,1.13,1.13
2013.09.05 07:21:01.507,1.98141,1.98195,1.50,1.88
2013.09.05 07:21:01.687,1.98144,1.98195,1.13,1.13
2013.09.05 07:21:01.867,1.98145,1.98195,1.13,1.13
2013.09.05 07:21:02.107,1.98144,1.98195,1.50,1.13
2013.09.05 07:21:02.691,1.98144,1.98195,1.50,1.13
2013.09.05 07:21:04.389,1.98144,1.98195,1.50,1.13
2013.09.05 07:21:09.477,1.98145,1.98195,1.13,1.13
2013.09.05 07:21:09.607,1.98145,1.98195,1.13,1.13
2013.09.05 07:21:09.910,1.98153,1.98194,1.50,1.13
2013.09.05 07:21:10.270,1.98148,1.98194,1.13,1.13
2013.09.05 07:21:10.330,1.98148,1.98194,1.13,1.13
2013.09.05 07:21:10.817,1.98148,1.98194,1.13,1.13
2013.09.05 07:21:11.642,1.98148,1.98194,1.13,1.13
2013.09.05 07:21:11.858,1.98148,1.98194,1.13,1.13
2013.09.05 07:21:12.409,1.98148,1.98194,1.13,1.13
2013.09.05 07:21:13.447,1.98148,1.98194,1.50,1.13
2013.09.05 07:21:14.004,1.98149,1.98194,1.50,1.13
2013.09.05 07:21:16.417,1.98149,1.98194,1.13,1.13
2013.09.05 07:21:17.198,1.98143,1.98194,1.13,1.13
2013.09.05 07:21:17.380,1.98143,1.98194,1.13,1.50
2013.09.05 07:21:17.437,1.98143,1.98187,1.13,1.13
2013.09.05 07:21:17.697,1.98135,1.98184,1.13,1.13
2013.09.05 07:21:18.238,1.98138,1.98182,1.13,1.13
2013.09.05 07:21:23.848,1.98135,1.98183,1.50,1.13
2013.09.05 07:21:28.159,1.98138,1.98176,1.13,1.13
2013.09.05 07:21:28.647,1.98137,1.98177,1.13,1.13
2013.09.05 07:21:29.129,1.98134,1.98174,1.13,1.13
2013.09.05 07:21:29.247,1.98128,1.98174,1.13,1.13
2013.09.05 07:21:35.117,1.98124,1.98172,1.50,1.13
2013.09.05 07:21:35.180,1.98124,1.98165,1.50,1.13
2013.09.05 07:21:35.417,1.98121,1.98168,1.13,1.13
2013.09.05 07:21:38.288,1.98125,1.98175,1.13,1.13
2013.09.05 07:21:38.597,1.98125,1.98175,1.13,1.13
2013.09.05 07:21:39.957,1.98128,1.98175,1.50,1.13
2013.09.05 07:21:40.258,1.98139,1.9819,1.13,1.13
2013.09.05 07:21:40.378,1.98139,1.9819,1.13,1.13
2013.09.05 07:21:40.797,1.9814,1.98194,1.13,1.17
2013.09.05 07:21:41.467,1.98142,1.98194,1.13,1.13
2013.09.05 07:21:42.707,1.9814,1.98194,1.50,1.13
2013.09.05 07:21:44.858,1.98142,1.98194,1.13,1.13
2013.09.05 07:21:45.693,1.9814,1.98194,1.50,1.13
2013.09.05 07:21:48.170,1.98146,1.98194,1.13,1.13
2013.09.05 07:21:49.347,1.9814,1.9819,1.50,1.13
2013.09.05 07:21:49.407,1.9814,1.98185,1.13,1.13
2013.09.05 07:21:49.698,1.98139,1.98187,1.13,1.13
2013.09.05 07:21:50.911,1.98139,1.9819,1.13,1.13
2013.09.05 07:21:51.147,1.98139,1.9819,1.13,1.13
2013.09.05 07:21:51.387,1.98139,1.98186,1.13,1.13
2013.09.05 07:22:00.657,1.98139,1.98186,1.13,1.13
2013.09.05 07:22:00.717,1.98139,1.98191,1.13,1.13
2013.09.05 07:22:00.957,1.9814,1.98185,1.13,1.13
2013.09.05 07:22:07.019,1.98134,1.98185,1.13,1.13
2013.09.05 07:22:07.199,1.9813,1.98185,1.13,1.13
2013.09.05 07:22:07.377,1.98126,1.98184,1.13,1.13
2013.09.05 07:22:08.429,1.98126,1.98184,1.13,1.13
2013.09.05 07:22:08.868,1.98126,1.98184,1.13,1.13
2013.09.05 07:22:09.178,1.98125,1.98184,1.50,1.13
2013.09.05 07:22:10.197,1.98126,1.98184,1.13,1.13
2013.09.05 07:22:12.200,1.98124,1.98174,1.13,1.13
2013.09.05 07:22:12.448,1.9812,1.98169,1.13,1.13
2013.09.05 07:22:12.509,1.98124,1.98176,1.13,1.13
2013.09.05 07:22:12.697,1.98126,1.98176,1.13,1.13
2013.09.05 07:22:13.302,1.98126,1.98176,1.13,1.13
2013.09.05 07:22:16.430,1.98119,1.98175,1.13,1.50
2013.09.05 07:22:16.883,1.98124,1.98177,1.13,1.13
2013.09.05 07:22:17.999,1.98126,1.98177,1.13,1.13
2013.09.05 07:22:18.195,1.98125,1.98177,1.13,1.13
2013.09.05 07:22:20.238,1.98119,1.98174,1.13,1.50
2013.09.05 07:22:20.417,1.98119,1.98174,1.13,1.50
2013.09.05 07:22:21.170,1.98119,1.98174,1.13,1.50
2013.09.05 07:22:21.953,1.98119,1.98174,1.13,1.50
2013.09.05 07:22:22.338,1.98119,1.98165,1.13,1.13
2013.09.05 07:22:22.398,1.98113,1.98156,1.13,1.13
2013.09.05 07:22:22.737,1.981,1.98155,1.13,1.13
2013.09.05 07:22:22.958,1.98097,1.98155,1.13,1.13
2013.09.05 07:22:23.260,1.9811,1.98155,1.13,1.13
2013.09.05 07:22:23.612,1.9811,1.98155,1.50,1.13
2013.09.05 07:22:23.697,1.9811,1.98155,1.50,1.13
2013.09.05 07:22:23.967,1.98109,1.98155,1.13,1.13
2013.09.05 07:22:25.483,1.98105,1.98155,1.13,1.13
2013.09.05 07:22:25.552,1.98104,1.98155,1.13,1.13
2013.09.05 07:22:26.122,1.98104,1.98156,1.50,1.13
2013.09.05 07:22:26.487,1.98104,1.98155,1.13,1.13
2013.09.05 07:22:26.797,1.98105,1.98155,1.13,1.13
2013.09.05 07:22:27.392,1.98106,1.98155,1.13,1.13
2013.09.05 07:22:31.407,1.98098,1.98155,1.50,1.13
2013.09.05 07:22:34.371,1.98095,1.98155,1.50,1.13
2013.09.05 07:22:34.427,1.98095,1.98154,1.50,1.13
2013.09.05 07:22:34.748,1.98097,1.98154,1.13,1.13
2013.09.05 07:22:34.957,1.98097,1.98154,1.13,1.13
2013.09.05 07:22:35.910,1.98097,1.98155,1.13,1.50
2013.09.05 07:22:36.512,1.98102,1.98158,1.13,1.13
2013.09.05 07:22:37.747,1.98102,1.98159,1.13,1.13
2013.09.05 07:22:42.627,1.98107,1.98155,1.88,1.13
2013.09.05 07:22:44.427,1.9811,1.98164,1.13,1.13
2013.09.05 07:22:44.768,1.9811,1.98164,1.13,1.13
2013.09.05 07:22:45.499,1.9811,1.98164,1.13,1.13
2013.09.05 07:22:45.927,1.9811,1.98164,1.13,1.13
2013.09.05 07:22:49.077,1.9811,1.98157,1.13,1.13
2013.09.05 07:22:49.137,1.98107,1.98155,1.50,1.13
2013.09.05 07:22:49.318,1.98106,1.98165,1.50,1.50
2013.09.05 07:22:49.497,1.9811,1.98165,1.13,1.50
2013.09.05 07:22:49.677,1.9811,1.98165,1.13,1.50
2013.09.05 07:22:50.137,1.9811,1.98165,1.13,1.50
2013.09.05 07:22:51.091,1.9811,1.98165,1.13,1.50
2013.09.05 07:22:52.412,1.9811,1.98165,1.13,1.50
2013.09.05 07:22:52.677,1.9811,1.98165,1.13,1.50
2013.09.05 07:22:56.758,1.98119,1.98165,1.13,1.13
2013.09.05 07:22:57.058,1.98133,1.98178,1.13,1.13
2013.09.05 07:22:57.119,1.98133,1.98184,1.13,1.50
2013.09.05 07:22:57.418,1.98137,1.98184,1.13,1.13
2013.09.05 07:22:57.727,1.98144,1.98194,1.13,1.50
2013.09.05 07:22:57.918,1.98145,1.98195,1.13,1.13
2013.09.05 07:22:58.267,1.98141,1.98194,1.50,1.13
2013.09.05 07:22:58.567,1.98141,1.98184,1.13,1.13
2013.09.05 07:22:58.927,1.98136,1.98184,1.13,1.13
2013.09.05 07:23:00.191,1.98135,1.98175,1.13,1.13
2013.09.05 07:23:00.668,1.98129,1.9818,1.13,1.13
2013.09.05 07:23:00.848,1.98129,1.98179,1.13,1.13
2013.09.05 07:23:02.407,1.98129,1.98183,1.13,1.13
2013.09.05 07:23:03.219,1.98136,1.98186,1.13,1.13
2013.09.05 07:23:03.638,1.98132,1.98175,1.13,1.13
2013.09.05 07:23:03.701,1.98131,1.98175,1.13,1.13
2013.09.05 07:23:03.757,1.98131,1.98175,1.13,1.13
2013.09.05 07:23:03.877,1.9813,1.98184,1.13,1.13
2013.09.05 07:23:03.938,1.9813,1.98184,1.13,1.13
2013.09.05 07:23:10.984,1.9813,1.98184,1.13,1.13
2013.09.05 07:23:11.307,1.98128,1.98184,1.13,1.13
2013.09.05 07:23:11.667,1.9813,1.98184,1.13,1.13
2013.09.05 07:23:13.279,1.98126,1.9818,1.13,1.13
2013.09.05 07:23:13.622,1.98126,1.9818,1.13,1.13
2013.09.05 07:23:15.147,1.98126,1.9818,1.13,1.13
2013.09.05 07:23:17.787,1.98132,1.9818,1.13,1.13
2013.09.05 07:23:17.937,1.98135,1.98187,1.50,1.13
2013.09.05 07:23:18.450,1.98135,1.9819,1.50,1.13
2013.09.05 07:23:18.679,1.98133,1.98185,1.13,1.13
2013.09.05 07:23:20.457,1.98133,1.98185,1.13,1.13
2013.09.05 07:23:20.961,1.98135,1.98185,1.13,1.13
2013.09.05 07:23:21.306,1.98138,1.98185,1.13,1.13
2013.09.05 07:23:25.380,1.98134,1.98185,1.50,1.13
2013.09.05 07:23:30.488,1.98134,1.98185,1.50,1.13
2013.09.05 07:23:30.907,1.98128,1.98185,1.88,1.13
2013.09.05 07:23:31.027,1.98128,1.98185,1.88,1.13
2013.09.05 07:23:31.438,1.9813,1.98185,1.13,1.13
2013.09.05 07:23:31.888,1.98127,1.98183,1.13,1.13
2013.09.05 07:23:35.307,1.9812,1.98175,1.13,1.13
2013.09.05 07:23:35.847,1.98125,1.98178,1.13,1.13
2013.09.05 07:23:38.898,1.9812,1.98174,1.13,1.13
2013.09.05 07:23:40.961,1.9812,1.98174,1.13,1.13
2013.09.05 07:23:45.497,1.98125,1.98178,1.13,1.13
2013.09.05 07:23:45.727,1.98123,1.98178,1.13,1.13
2013.09.05 07:23:45.847,1.98125,1.98178,1.13,1.13
2013.09.05 07:23:50.437,1.98136,1.9818,1.13,1.13
2013.09.05 07:23:50.497,1.98136,1.98183,1.13,1.13
2013.09.05 07:23:50.557,1.98136,1.98184,1.50,1.13
2013.09.05 07:23:50.797,1.9813,1.98185,1.13,1.50
2013.09.05 07:23:52.017,1.98125,1.98176,1.13,1.13
2013.09.05 07:23:52.428,1.98136,1.98178,1.13,1.50
2013.09.05 07:23:52.548,1.98136,1.98183,1.13,1.13
2013.09.05 07:23:52.727,1.9813,1.98184,1.13,1.13
2013.09.05 07:23:52.847,1.98126,1.98182,1.88,1.13
2013.09.05 07:23:52.967,1.98126,1.98176,1.13,1.13
2013.09.05 07:23:55.310,1.98126,1.98176,1.13,1.13
2013.09.05 07:23:59.208,1.98126,1.98176,1.13,1.13
2013.09.05 07:24:15.377,1.98126,1.98179,1.50,1.13
2013.09.05 07:24:15.437,1.98126,1.98179,1.50,1.13
2013.09.05 07:24:15.605,1.98126,1.98179,1.50,1.13
2013.09.05 07:24:20.869,1.9813,1.98175,1.13,1.13
2013.09.05 07:24:20.927,1.9813,1.98175,1.13,1.13
2013.09.05 07:24:21.171,1.98128,1.98175,1.13,1.13
2013.09.05 07:24:21.401,1.98125,1.98172,1.13,1.13
2013.09.05 07:24:21.588,1.98121,1.98174,1.13,1.13
2013.09.05 07:24:22.197,1.98119,1.98172,1.13,1.13
2013.09.05 07:24:22.779,1.98119,1.98172,1.13,1.13
2013.09.05 07:24:22.900,1.98119,1.98165,1.13,1.13
2013.09.05 07:24:23.259,1.98114,1.98164,1.13,1.50
2013.09.05 07:24:23.379,1.98114,1.98164,1.13,1.50
2013.09.05 07:24:23.697,1.98107,1.9816,1.13,1.13
2013.09.05 07:24:23.859,1.98107,1.9816,1.13,1.13
2013.09.05 07:24:24.437,1.98107,1.9816,1.13,1.13
2013.09.05 07:24:27.807,1.98105,1.9816,1.88,1.13
2013.09.05 07:24:31.153,1.98105,1.98163,1.50,1.13
2013.09.05 07:24:32.186,1.98108,1.98165,1.13,1.50
2013.09.05 07:24:32.248,1.98116,1.98169,1.13,1.13
2013.09.05 07:24:32.308,1.98116,1.9817,1.13,1.13
2013.09.05 07:24:32.367,1.98121,1.98174,1.13,1.50
2013.09.05 07:24:32.668,1.98136,1.98184,1.13,1.88
2013.09.05 07:24:33.498,1.98128,1.98183,1.13,1.13
2013.09.05 07:24:33.709,1.98136,1.98184,1.13,1.88
2013.09.05 07:24:34.018,1.98137,1.98184,1.13,1.13
2013.09.05 07:24:34.547,1.98137,1.98183,1.13,1.13
2013.09.05 07:24:34.867,1.98137,1.98182,1.13,1.50
2013.09.05 07:24:36.667,1.98136,1.98183,1.13,1.50
2013.09.05 07:24:37.087,1.98126,1.98177,1.13,1.13
2013.09.05 07:24:37.387,1.98121,1.98175,1.50,1.13
2013.09.05 07:24:37.508,1.98115,1.98175,1.50,1.50
2013.09.05 07:24:37.815,1.98115,1.98172,1.50,1.13
2013.09.05 07:24:38.242,1.98115,1.98175,1.50,1.50
2013.09.05 07:24:38.308,1.9812,1.98175,1.50,1.13
2013.09.05 07:24:38.368,1.98122,1.98175,1.13,1.13
2013.09.05 07:24:38.557,1.98122,1.98175,1.13,1.13
2013.09.05 07:24:39.078,1.98127,1.98175,1.13,1.13
2013.09.05 07:24:39.679,1.98125,1.98176,1.13,1.13
2013.09.05 07:24:39.751,1.98125,1.98175,1.13,1.13
2013.09.05 07:24:39.879,1.98125,1.98179,1.13,1.13
2013.09.05 07:24:39.939,1.98125,1.98179,1.13,1.13
2013.09.05 07:24:40.299,1.98125,1.98179,1.13,1.13
2013.09.05 07:24:40.778,1.98129,1.98185,1.13,1.50
2013.09.05 07:24:42.098,1.98133,1.98186,1.13,1.13
2013.09.05 07:24:42.640,1.98136,1.98192,1.50,1.13
2013.09.05 07:24:42.988,1.98134,1.98176,1.13,1.13
2013.09.05 07:24:43.227,1.98127,1.98178,1.13,1.13
2013.09.05 07:24:43.988,1.98127,1.98184,1.13,1.50
2013.09.05 07:24:44.049,1.98132,1.98184,1.13,1.13
2013.09.05 07:24:44.387,1.98135,1.98191,1.13,1.13
2013.09.05 07:24:44.508,1.98135,1.98191,1.50,1.13
2013.09.05 07:24:45.047,1.98141,1.98191,1.13,1.13
2013.09.05 07:24:47.729,1.98145,1.98195,1.13,1.88
2013.09.05 07:24:47.849,1.98139,1.98188,1.13,1.13
2013.09.05 07:24:48.187,1.98131,1.98185,1.50,1.13
2013.09.05 07:24:48.378,1.98132,1.98185,1.13,1.13
2013.09.05 07:24:48.557,1.98132,1.98185,1.13,1.13
2013.09.05 07:24:48.738,1.98136,1.98185,1.13,1.13
2013.09.05 07:24:49.326,1.98136,1.98186,1.13,1.13
2013.09.05 07:24:49.637,1.98133,1.98177,1.13,1.13
2013.09.05 07:24:49.697,1.98132,1.98177,1.13,1.13
2013.09.05 07:24:49.881,1.98135,1.98188,1.13,1.13
2013.09.05 07:24:49.937,1.98135,1.98188,1.13,1.13
2013.09.05 07:24:51.542,1.98135,1.98188,1.13,1.13
2013.09.05 07:24:51.678,1.98132,1.98184,1.13,1.13
2013.09.05 07:24:51.997,1.98132,1.98184,1.13,1.13
2013.09.05 07:24:52.102,1.98132,1.98184,1.13,1.13
2013.09.05 07:24:52.337,1.98132,1.98184,1.13,1.13
2013.09.05 07:24:53.459,1.98126,1.98183,1.88,1.88
2013.09.05 07:24:53.638,1.98126,1.98177,1.13,1.13
2013.09.05 07:24:54.240,1.98121,1.9817,1.13,1.13
2013.09.05 07:24:54.357,1.98116,1.98169,1.88,1.13
2013.09.05 07:24:54.899,1.98118,1.98174,1.50,1.50
2013.09.05 07:24:55.247,1.98119,1.98174,1.13,1.50
2013.09.05 07:24:56.358,1.98116,1.98171,1.13,1.13
2013.09.05 07:24:56.940,1.98116,1.98171,1.13,1.13
2013.09.05 07:24:57.159,1.98116,1.98172,1.13,1.88
2013.09.05 07:24:59.077,1.98116,1.98172,1.13,1.50
2013.09.05 07:24:59.318,1.9812,1.98174,1.13,1.13
2013.09.05 07:24:59.947,1.9812,1.98174,1.13,1.50
2013.09.05 07:25:00.508,1.98116,1.98174,1.50,1.13
2013.09.05 07:25:00.818,1.98116,1.98174,1.13,1.50
2013.09.05 07:25:01.177,1.98114,1.98171,1.50,1.50
2013.09.05 07:25:01.237,1.98114,1.98171,1.13,1.50
2013.09.05 07:25:01.558,1.9811,1.98167,1.13,1.50
2013.09.05 07:25:01.678,1.98106,1.98159,1.13,1.50
2013.09.05 07:25:01.738,1.98106,1.98156,1.13,1.13
2013.09.05 07:25:01.917,1.98097,1.98154,1.13,2.25
2013.09.05 07:25:01.977,1.98096,1.98151,1.50,1.13
2013.09.05 07:25:02.157,1.98096,1.98149,1.50,1.13
2013.09.05 07:25:02.458,1.98096,1.98148,1.50,1.13
2013.09.05 07:25:02.578,1.98096,1.98148,1.50,1.50
2013.09.05 07:25:07.168,1.98096,1.98145,1.50,1.50
2013.09.05 07:25:07.408,1.98085,1.98145,1.50,2.25
2013.09.05 07:25:07.949,1.98085,1.98145,1.13,2.25
2013.09.05 07:25:08.710,1.98095,1.98147,1.13,1.50
2013.09.05 07:25:08.967,1.98085,1.98147,1.13,1.50
2013.09.05 07:25:10.789,1.98086,1.98141,1.13,1.50
2013.09.05 07:25:11.608,1.98086,1.98141,1.13,1.50
2013.09.05 07:25:13.258,1.98085,1.98139,1.13,1.13
2013.09.05 07:25:14.689,1.98085,1.98139,1.13,1.50
2013.09.05 07:25:15.419,1.98085,1.98139,1.13,1.50
2013.09.05 07:25:16.959,1.98085,1.98139,1.13,1.50
2013.09.05 07:25:21.247,1.98085,1.98139,1.13,1.50
2013.09.05 07:25:21.549,1.98086,1.98145,1.13,1.50
2013.09.05 07:25:29.228,1.98096,1.9815,1.13,1.13
2013.09.05 07:25:29.420,1.98096,1.98151,1.13,1.88
2013.09.05 07:25:29.668,1.98096,1.98145,1.13,1.50
2013.09.05 07:25:33.387,1.98096,1.98145,1.13,1.50
2013.09.05 07:25:37.137,1.98084,1.98141,1.88,1.13
2013.09.05 07:25:37.197,1.98084,1.98141,1.50,1.13
2013.09.05 07:25:37.497,1.98081,1.98137,1.13,1.13
2013.09.05 07:25:42.929,1.98085,1.98145,1.13,1.50
2013.09.05 07:25:42.988,1.98085,1.98145,1.50,1.50
2013.09.05 07:25:43.048,1.98095,1.98146,1.13,1.50
2013.09.05 07:25:43.108,1.98095,1.98148,1.50,1.13
2013.09.05 07:25:43.167,1.98092,1.98146,1.88,1.50
2013.09.05 07:25:43.650,1.98099,1.98152,1.13,1.69
2013.09.05 07:25:44.248,1.98099,1.98152,1.13,1.32
2013.09.05 07:25:44.478,1.98099,1.98152,1.13,1.13
2013.09.05 07:25:44.657,1.98095,1.98141,1.13,1.13
2013.09.05 07:25:44.778,1.98089,1.98141,1.13,1.13
2013.09.05 07:25:44.847,1.98089,1.98141,1.13,1.50
2013.09.05 07:25:45.217,1.98095,1.98142,1.13,1.50
2013.09.05 07:25:45.595,1.98095,1.98146,1.13,1.13
2013.09.05 07:25:45.787,1.98088,1.98146,1.13,1.13
2013.09.05 07:25:48.769,1.9808,1.98145,1.88,1.50
2013.09.05 07:25:49.067,1.9808,1.98141,1.13,1.50
2013.09.05 07:25:51.507,1.9808,1.98141,1.13,1.50
2013.09.05 07:25:53.108,1.9808,1.98141,1.13,1.50
2013.09.05 07:25:53.628,1.98083,1.98141,1.13,1.50
2013.09.05 07:25:54.047,1.9808,1.98141,1.13,1.50
2013.09.05 07:25:59.898,1.9808,1.98141,1.13,2.25
2013.09.05 07:26:00.229,1.9808,1.98141,1.13,2.25
2013.09.05 07:26:01.513,1.9808,1.98141,1.13,1.50
2013.09.05 07:26:02.162,1.9808,1.98135,1.13,1.13
2013.09.05 07:26:05.807,1.98081,1.98134,1.13,1.13
2013.09.05 07:26:09.178,1.98079,1.98136,1.50,1.13
2013.09.05 07:26:09.778,1.98083,1.9814,1.13,1.13
2013.09.05 07:26:15.158,1.98094,1.98148,1.50,1.13
2013.09.05 07:26:15.398,1.98099,1.98152,1.13,1.13
2013.09.05 07:26:15.850,1.98099,1.98154,1.88,1.58
2013.09.05 07:26:17.027,1.98099,1.98154,1.88,1.50
2013.09.05 07:26:17.458,1.98099,1.98154,1.88,1.50
2013.09.05 07:26:18.159,1.98099,1.98154,1.88,1.50
2013.09.05 07:26:20.448,1.98105,1.98157,1.13,1.13
2013.09.05 07:26:21.557,1.98113,1.98157,1.13,1.13
2013.09.05 07:26:21.677,1.98116,1.98163,1.13,1.88
2013.09.05 07:26:21.917,1.98115,1.98163,1.50,1.88
2013.09.05 07:26:21.977,1.98115,1.98162,1.50,1.13
2013.09.05 07:26:22.278,1.98115,1.98165,1.50,1.13
2013.09.05 07:26:22.523,1.98115,1.98165,1.50,1.13
2013.09.05 07:26:22.759,1.98115,1.98167,1.50,1.13
2013.09.05 07:26:23.859,1.98116,1.98169,1.50,1.88
2013.09.05 07:26:23.977,1.98116,1.98169,1.50,1.50
2013.09.05 07:26:24.278,1.98116,1.98171,1.50,1.88
2013.09.05 07:26:24.638,1.98126,1.98183,1.13,1.50
2013.09.05 07:26:24.758,1.98126,1.98183,1.50,1.13
2013.09.05 07:26:24.948,1.98126,1.98184,1.50,1.50
2013.09.05 07:26:25.067,1.98131,1.98185,1.13,1.50
2013.09.05 07:26:25.187,1.98131,1.98185,1.13,1.50
2013.09.05 07:26:25.659,1.98131,1.98184,1.13,1.50
2013.09.05 07:26:26.857,1.98125,1.98182,1.13,1.88
2013.09.05 07:26:26.978,1.98125,1.98177,1.13,1.13
2013.09.05 07:26:28.800,1.98125,1.98175,1.13,1.50
2013.09.05 07:26:28.860,1.9812,1.98173,1.13,1.13
2013.09.05 07:26:29.248,1.9812,1.98172,1.13,1.13
2013.09.05 07:26:29.487,1.98116,1.98172,1.13,1.50
2013.09.05 07:26:30.079,1.9812,1.98175,1.13,1.13
2013.09.05 07:26:32.118,1.9812,1.98174,1.13,1.13
2013.09.05 07:26:32.238,1.9812,1.98168,1.13,1.13
2013.09.05 07:26:32.478,1.98116,1.98165,1.13,1.13
2013.09.05 07:26:33.317,1.98118,1.98173,1.13,1.13
2013.09.05 07:26:33.557,1.98124,1.98165,1.50,1.13
2013.09.05 07:26:33.677,1.98125,1.98165,1.88,1.13
2013.09.05 07:26:33.737,1.98128,1.98165,1.13,1.13
2013.09.05 07:26:33.798,1.98126,1.98165,1.13,1.13
2013.09.05 07:26:33.857,1.98121,1.98165,1.13,1.13
2013.09.05 07:26:34.299,1.98121,1.98167,1.13,1.13
2013.09.05 07:26:34.509,1.98121,1.98165,1.13,1.13
2013.09.05 07:26:38.367,1.98121,1.98165,1.13,1.13
2013.09.05 07:26:38.727,1.98125,1.98175,1.13,1.13
2013.09.05 07:26:39.347,1.98125,1.98175,2.25,1.13
2013.09.05 07:26:39.716,1.98126,1.98175,1.13,1.13
2013.09.05 07:26:41.618,1.98125,1.98175,1.13,1.13
2013.09.05 07:26:41.678,1.98123,1.98175,1.13,1.13
2013.09.05 07:26:42.334,1.98115,1.98165,1.88,1.13
2013.09.05 07:26:42.700,1.98114,1.98164,1.13,1.13
2013.09.05 07:26:45.317,1.9811,1.98164,1.13,1.13
2013.09.05 07:26:52.498,1.98106,1.98161,1.13,1.88
2013.09.05 07:26:52.718,1.98103,1.98154,1.13,1.13
2013.09.05 07:26:57.008,1.98106,1.98161,1.13,1.13
2013.09.05 07:26:57.227,1.98106,1.98162,1.50,1.50
2013.09.05 07:26:57.578,1.98111,1.98162,1.13,1.13
2013.09.05 07:27:03.127,1.98111,1.98162,1.13,1.13
2013.09.05 07:27:05.597,1.98105,1.98155,1.13,1.13
2013.09.05 07:27:05.907,1.981,1.98154,1.50,1.50
2013.09.05 07:27:08.218,1.98106,1.98154,1.13,1.13
2013.09.05 07:27:08.577,1.98126,1.98175,1.50,1.13
2013.09.05 07:27:08.638,1.98126,1.98178,1.50,1.13
2013.09.05 07:27:08.999,1.98126,1.98178,1.50,1.13
2013.09.05 07:27:12.630,1.98143,1.98184,1.13,1.50
2013.09.05 07:27:12.690,1.98143,1.98184,1.13,1.13
2013.09.05 07:27:12.748,1.98146,1.98187,1.13,1.13
2013.09.05 07:27:12.927,1.98144,1.98184,1.13,1.13
2013.09.05 07:27:12.987,1.98136,1.98184,1.88,1.13
2013.09.05 07:27:13.168,1.98136,1.98184,1.13,1.13
2013.09.05 07:27:13.527,1.98142,1.98184,1.13,1.13
2013.09.05 07:27:13.847,1.9814,1.98184,1.13,1.13
2013.09.05 07:27:15.378,1.9814,1.98185,1.13,1.50
2013.09.05 07:27:19.368,1.9814,1.98178,1.13,1.13
2013.09.05 07:27:20.107,1.9814,1.98175,1.13,1.13
2013.09.05 07:27:20.288,1.98127,1.98172,1.13,1.88
2013.09.05 07:27:20.350,1.98126,1.98165,1.13,1.13
2013.09.05 07:27:20.408,1.98123,1.98165,1.13,1.50
2013.09.05 07:27:20.468,1.98105,1.98159,1.88,1.88
2013.09.05 07:27:20.588,1.98105,1.98155,1.50,1.50
2013.09.05 07:27:20.768,1.98105,1.98153,1.50,1.13
2013.09.05 07:27:20.888,1.98105,1.98153,1.13,1.50
2013.09.05 07:27:20.948,1.98105,1.98153,1.13,1.50
2013.09.05 07:27:21.708,1.98106,1.98152,1.13,1.50
2013.09.05 07:27:23.348,1.98102,1.98146,1.13,1.13
2013.09.05 07:27:23.409,1.98093,1.98146,1.13,1.88
2013.09.05 07:27:23.648,1.98093,1.98145,1.13,1.13
2013.09.05 07:27:23.768,1.98093,1.98141,1.13,1.50
2013.09.05 07:27:24.603,1.98094,1.9814,1.13,1.50
2013.09.05 07:27:24.898,1.98106,1.98153,1.13,1.50
2013.09.05 07:27:27.088,1.98116,1.98153,1.13,1.13
2013.09.05 07:27:27.148,1.98135,1.98155,1.50,1.13
2013.09.05 07:27:27.269,1.98136,1.98176,1.50,1.50
2013.09.05 07:27:27.388,1.98131,1.98164,2.76,1.13
2013.09.05 07:27:27.448,1.98116,1.98164,1.13,1.88
2013.09.05 07:27:27.567,1.98115,1.98157,1.13,1.13
2013.09.05 07:27:27.807,1.98116,1.98158,1.13,1.13
2013.09.05 07:27:28.122,1.98115,1.98156,1.13,1.13
2013.09.05 07:27:28.238,1.98106,1.98156,1.13,1.13
2013.09.05 07:27:29.219,1.98106,1.98156,1.13,1.13
2013.09.05 07:27:32.398,1.98106,1.98156,1.13,1.13
2013.09.05 07:27:32.648,1.98116,1.98162,1.13,2.63
2013.09.05 07:27:33.058,1.98116,1.98164,1.13,1.50
2013.09.05 07:27:33.178,1.98116,1.98164,1.13,1.50
2013.09.05 07:27:33.616,1.98114,1.98163,1.13,1.50
2013.09.05 07:27:37.759,1.98116,1.98164,1.50,1.50
2013.09.05 07:27:37.819,1.98129,1.98165,1.13,1.13
2013.09.05 07:27:37.998,1.98135,1.98177,1.13,2.25
2013.09.05 07:27:38.059,1.98135,1.98177,1.13,1.13
2013.09.05 07:27:38.179,1.98135,1.98178,1.13,1.13
2013.09.05 07:27:38.686,1.98135,1.98183,1.13,1.13
2013.09.05 07:27:39.347,1.98125,1.98176,1.13,1.13
2013.09.05 07:27:39.408,1.98125,1.98174,1.13,1.13
2013.09.05 07:27:39.468,1.98124,1.98165,1.88,1.13
2013.09.05 07:27:39.648,1.98106,1.98154,1.13,1.50
2013.09.05 07:27:39.709,1.98107,1.98156,1.13,1.47
2013.09.05 07:27:39.767,1.98107,1.98151,1.13,1.50
2013.09.05 07:27:39.828,1.98103,1.98145,1.13,1.13
2013.09.05 07:27:39.948,1.98095,1.98142,1.13,1.13
2013.09.05 07:27:40.068,1.98094,1.9814,1.13,1.13
2013.09.05 07:27:40.188,1.98095,1.98138,1.13,1.13
2013.09.05 07:27:40.607,1.98095,1.98134,1.13,1.50
2013.09.05 07:27:40.727,1.98093,1.98133,1.13,1.13
2013.09.05 07:27:40.948,1.98085,1.98133,1.13,1.13
2013.09.05 07:27:42.118,1.98085,1.98133,1.13,1.13
2013.09.05 07:27:42.177,1.98085,1.98134,1.13,1.13
2013.09.05 07:27:42.568,1.98085,1.98134,1.13,1.13
2013.09.05 07:27:42.688,1.98085,1.98135,1.13,1.50
2013.09.05 07:27:46.698,1.98096,1.98139,1.13,1.13
2013.09.05 07:27:48.309,1.98096,1.98139,1.13,1.13
2013.09.05 07:27:48.428,1.98086,1.98132,1.13,1.13
2013.09.05 07:27:48.668,1.98086,1.98127,1.13,1.13
2013.09.05 07:27:49.207,1.98086,1.98131,1.13,1.13
2013.09.05 07:27:49.388,1.98086,1.98133,1.13,1.13
2013.09.05 07:27:49.736,1.98086,1.98133,1.13,1.13
2013.09.05 07:27:50.264,1.98086,1.98133,1.13,1.13
2013.09.05 07:27:50.789,1.98086,1.98132,1.13,1.13
2013.09.05 07:27:50.978,1.98086,1.9813,1.13,1.13
2013.09.05 07:27:51.617,1.98086,1.98126,1.13,1.13
2013.09.05 07:27:54.920,1.98086,1.98128,1.13,1.50
2013.09.05 07:27:55.938,1.98086,1.98125,1.13,1.13
2013.09.05 07:27:57.818,1.98076,1.98125,1.50,1.13
2013.09.05 07:27:58.098,1.98075,1.98128,2.25,1.13
2013.09.05 07:28:01.813,1.98085,1.98128,1.13,1.13
2013.09.05 07:28:03.596,1.9808,1.98128,1.13,1.13
2013.09.05 07:28:07.920,1.98085,1.98134,1.13,1.50
2013.09.05 07:28:08.278,1.98087,1.98128,1.13,1.13
2013.09.05 07:28:08.338,1.98086,1.98138,1.13,1.13
2013.09.05 07:28:08.518,1.98089,1.98137,1.13,1.13
2013.09.05 07:28:08.577,1.98089,1.98137,1.13,1.13
2013.09.05 07:28:08.879,1.9809,1.98135,1.13,1.13
2013.09.05 07:28:09.679,1.98095,1.98135,1.13,1.13
2013.09.05 07:28:10.219,1.98095,1.98135,1.13,1.13
2013.09.05 07:28:10.798,1.98098,1.98135,1.13,1.13
2013.09.05 07:28:10.858,1.98093,1.98135,1.13,1.13
2013.09.05 07:28:10.980,1.98092,1.98134,1.13,1.13
2013.09.05 07:28:11.439,1.98086,1.9813,1.88,1.13
2013.09.05 07:28:11.925,1.98086,1.98134,1.13,2.25
2013.09.05 07:28:11.987,1.98083,1.98134,1.13,3.38
2013.09.05 07:28:12.382,1.98083,1.98126,1.13,1.13
2013.09.05 07:28:12.728,1.98083,1.98126,1.13,1.13
2013.09.05 07:28:13.108,1.98084,1.98126,1.13,1.13
2013.09.05 07:28:14.152,1.98084,1.98126,1.13,1.13
2013.09.05 07:28:14.788,1.98077,1.98126,1.50,1.13
2013.09.05 07:28:14.849,1.98077,1.98124,1.50,1.13
2013.09.05 07:28:15.827,1.98074,1.98123,1.13,1.13
2013.09.05 07:28:17.819,1.98076,1.98125,1.13,1.50
2013.09.05 07:28:18.190,1.98076,1.98125,1.13,1.50
2013.09.05 07:28:18.308,1.98076,1.98125,1.13,1.13
2013.09.05 07:28:18.708,1.98076,1.98125,1.13,1.13
2013.09.05 07:28:22.402,1.9808,1.98125,1.13,1.50
2013.09.05 07:28:22.578,1.98075,1.98125,1.13,1.88
2013.09.05 07:28:23.171,1.98075,1.98124,1.13,1.13
2013.09.05 07:28:23.868,1.98075,1.98124,1.13,1.50
2013.09.05 07:28:24.606,1.98077,1.98124,1.13,1.13
2013.09.05 07:28:24.988,1.98078,1.98125,1.13,1.50
2013.09.05 07:28:26.909,1.98076,1.98125,1.13,1.50
2013.09.05 07:28:27.268,1.9808,1.98126,1.13,1.13
2013.09.05 07:28:30.158,1.98087,1.98135,1.13,1.13
2013.09.05 07:28:30.338,1.98087,1.98137,2.63,1.13
2013.09.05 07:28:30.668,1.98091,1.98135,1.13,1.13
2013.09.05 07:28:30.908,1.98092,1.98135,1.13,1.13
2013.09.05 07:28:31.448,1.98092,1.98135,1.88,1.13
2013.09.05 07:28:33.658,1.98099,1.98135,1.50,1.13
2013.09.05 07:28:34.088,1.98105,1.98145,1.50,1.13
2013.09.05 07:28:34.208,1.98105,1.98145,1.50,1.13
2013.09.05 07:28:34.328,1.98105,1.98145,2.25,1.13
2013.09.05 07:28:34.448,1.98105,1.98145,2.25,1.13
2013.09.05 07:28:34.748,1.98111,1.98155,1.13,1.50
2013.09.05 07:28:35.169,1.98114,1.98158,1.50,1.13
2013.09.05 07:28:35.348,1.98113,1.98158,1.13,1.13
2013.09.05 07:28:35.408,1.98113,1.98154,1.13,1.13
2013.09.05 07:28:35.528,1.98114,1.98154,1.13,1.13
2013.09.05 07:28:37.368,1.98117,1.98158,1.13,1.13
2013.09.05 07:28:39.126,1.98113,1.98154,1.50,1.13
2013.09.05 07:28:39.642,1.98119,1.98154,1.50,1.13
2013.09.05 07:28:44.129,1.98114,1.98153,1.50,1.13
2013.09.05 07:28:44.509,1.98107,1.98145,3.00,1.13
2013.09.05 07:28:44.871,1.98105,1.98145,1.50,1.13
2013.09.05 07:28:45.548,1.98105,1.98145,1.50,1.13
2013.09.05 07:28:46.162,1.98105,1.98145,1.50,1.13
2013.09.05 07:28:50.857,1.98105,1.98139,1.50,1.13
2013.09.05 07:28:50.978,1.98097,1.98135,1.13,1.13
2013.09.05 07:28:51.098,1.98093,1.98135,1.50,1.13
2013.09.05 07:28:51.279,1.98094,1.98144,1.50,1.13
2013.09.05 07:28:52.149,1.98094,1.98144,1.50,1.13
2013.09.05 07:28:52.931,1.98099,1.98144,1.50,1.13
2013.09.05 07:28:59.409,1.98099,1.98144,1.50,1.13
2013.09.05 07:29:00.250,1.98091,1.98144,1.50,1.13
2013.09.05 07:29:00.931,1.98091,1.98144,1.50,1.13
2013.09.05 07:29:01.126,1.98093,1.98144,1.13,1.13
2013.09.05 07:29:01.677,1.98091,1.98144,1.50,1.13
2013.09.05 07:29:02.227,1.98091,1.98144,1.50,1.13
2013.09.05 07:29:02.678,1.98091,1.98144,1.50,1.13
2013.09.05 07:29:03.588,1.98097,1.98144,1.50,1.13
2013.09.05 07:29:03.655,1.98098,1.98144,1.13,1.13
2013.09.05 07:29:03.875,1.98097,1.98144,1.50,1.13
2013.09.05 07:29:04.969,1.98097,1.98144,1.50,1.13
2013.09.05 07:29:06.530,1.98093,1.98144,1.13,1.13
2013.09.05 07:29:06.589,1.98093,1.98144,1.13,1.13
2013.09.05 07:29:07.284,1.9809,1.98144,1.88,1.13
2013.09.05 07:29:08.161,1.98091,1.98144,1.13,1.13
2013.09.05 07:29:08.628,1.98091,1.98127,1.13,1.13
2013.09.05 07:29:08.808,1.98081,1.98116,1.50,1.13
2013.09.05 07:29:09.980,1.98086,1.98134,1.13,1.13
2013.09.05 07:29:10.039,1.98086,1.98134,1.50,1.13
2013.09.05 07:29:10.938,1.98086,1.98129,1.13,1.13
2013.09.05 07:29:11.599,1.98086,1.98127,1.13,1.13
2013.09.05 07:29:12.561,1.98086,1.98126,1.13,1.13
2013.09.05 07:29:12.897,1.98086,1.98134,1.13,1.13
2013.09.05 07:29:13.228,1.98086,1.98134,1.13,1.13
2013.09.05 07:29:13.649,1.98091,1.98144,1.13,1.50
2013.09.05 07:29:14.578,1.98087,1.98135,1.50,1.13
2013.09.05 07:29:14.638,1.98084,1.98135,1.13,1.13
2013.09.05 07:29:14.699,1.98082,1.98124,1.13,1.13
2013.09.05 07:29:14.818,1.98072,1.98114,1.13,1.13
2013.09.05 07:29:14.878,1.98074,1.98125,1.13,1.13
2013.09.05 07:29:15.628,1.98079,1.98125,1.13,1.13
2013.09.05 07:29:15.748,1.98081,1.98124,1.13,1.13
2013.09.05 07:29:16.108,1.9808,1.98114,1.13,1.13
2013.09.05 07:29:16.228,1.98073,1.98114,1.50,1.13
2013.09.05 07:29:16.989,1.9808,1.98124,1.13,1.13
2013.09.05 07:29:18.298,1.98082,1.98124,1.13,1.13
2013.09.05 07:29:18.419,1.9808,1.98124,1.13,1.13
2013.09.05 07:29:19.038,1.9808,1.98124,1.13,1.13
2013.09.05 07:29:19.218,1.9808,1.98124,1.50,1.13
2013.09.05 07:29:19.518,1.98088,1.98127,1.50,1.13
2013.09.05 07:29:19.638,1.98092,1.98134,1.13,1.13
2013.09.05 07:29:19.758,1.98092,1.98138,1.13,1.13
2013.09.05 07:29:19.818,1.98096,1.98144,1.50,1.20
2013.09.05 07:29:19.930,1.98092,1.98138,2.25,1.13
2013.09.05 07:29:21.317,1.98099,1.9814,1.13,1.20
2013.09.05 07:29:21.618,1.98098,1.98149,1.50,1.20
2013.09.05 07:29:22.038,1.98105,1.98149,1.13,1.20
2013.09.05 07:29:22.278,1.98105,1.98149,1.13,1.20
2013.09.05 07:29:22.839,1.98108,1.98149,1.13,1.20
2013.09.05 07:29:23.786,1.98108,1.98135,1.13,1.13
2013.09.05 07:29:24.269,1.98103,1.98135,1.13,1.13
2013.09.05 07:29:24.449,1.98103,1.98136,1.13,1.13
2013.09.05 07:29:24.928,1.98103,1.98144,1.13,1.13
2013.09.05 07:29:25.242,1.98103,1.98144,1.50,1.50
2013.09.05 07:29:26.249,1.98108,1.98145,1.13,1.13
2013.09.05 07:29:26.368,1.98111,1.98145,1.13,1.13
2013.09.05 07:29:26.952,1.98113,1.98136,1.13,1.13
2013.09.05 07:29:27.020,1.98108,1.98135,1.13,1.13
2013.09.05 07:29:28.169,1.98104,1.98144,1.88,1.13
2013.09.05 07:29:28.588,1.98103,1.98144,1.13,1.13
2013.09.05 07:29:29.329,1.98104,1.98135,1.88,1.13
2013.09.05 07:29:29.668,1.98104,1.98142,1.88,1.13
2013.09.05 07:29:31.829,1.981,1.98139,1.13,1.13
2013.09.05 07:29:32.345,1.98098,1.98146,1.13,1.13
2013.09.05 07:29:32.408,1.98098,1.98151,1.13,1.13
2013.09.05 07:29:34.128,1.98099,1.98148,1.13,1.13
2013.09.05 07:29:34.248,1.98099,1.98148,1.13,1.13
2013.09.05 07:29:35.658,1.98098,1.98144,1.13,1.13
2013.09.05 07:29:35.719,1.98098,1.98144,1.13,1.13
2013.09.05 07:29:35.777,1.98092,1.98144,1.88,1.13
2013.09.05 07:29:35.839,1.98091,1.98144,1.13,1.13
2013.09.05 07:29:36.197,1.98091,1.98144,1.13,1.13
2013.09.05 07:29:37.641,1.98093,1.98134,1.50,1.13
2013.09.05 07:29:38.178,1.98092,1.98134,1.13,1.13
2013.09.05 07:29:38.430,1.98092,1.98134,1.13,1.13
2013.09.05 07:29:38.748,1.98095,1.98134,1.50,1.13
2013.09.05 07:29:40.808,1.98095,1.98134,1.13,1.13
2013.09.05 07:29:42.118,1.98096,1.98144,1.50,1.13
2013.09.05 07:29:43.718,1.98096,1.98144,1.50,1.13
2013.09.05 07:29:44.355,1.98096,1.98144,1.50,1.13
2013.09.05 07:29:44.668,1.98096,1.98144,1.50,1.13
2013.09.05 07:29:44.728,1.98096,1.98144,1.50,1.13
2013.09.05 07:29:45.889,1.98096,1.98144,1.50,1.13
2013.09.05 07:29:46.493,1.98096,1.98144,1.50,1.13
2013.09.05 07:29:49.748,1.98096,1.98144,1.13,1.88
2013.09.05 07:29:51.548,1.98096,1.98144,1.50,1.13
2013.09.05 07:29:59.169,1.98097,1.98147,1.13,1.13
2013.09.05 07:29:59.228,1.98099,1.98147,1.13,1.13
2013.09.05 07:29:59.468,1.98104,1.98153,1.13,1.13
2013.09.05 07:29:59.588,1.98105,1.98153,1.13,1.13
2013.09.05 07:29:59.827,1.98105,1.98155,1.50,1.13
2013.09.05 07:30:00.068,1.98102,1.98153,2.25,1.13
2013.09.05 07:30:00.218,1.98102,1.98149,1.50,1.13
2013.09.05 07:30:00.398,1.98105,1.98154,1.13,1.13
2013.09.05 07:30:00.592,1.98099,1.98149,1.50,1.13
2013.09.05 07:30:01.141,1.98106,1.98154,1.13,1.88
2013.09.05 07:30:01.708,1.98104,1.98154,1.13,1.13
2013.09.05 07:30:01.828,1.98098,1.98151,1.13,1.13
2013.09.05 07:30:01.948,1.98098,1.98151,1.13,1.13
2013.09.05 07:30:02.187,1.98098,1.98145,1.13,1.13
2013.09.05 07:30:03.359,1.98088,1.9813,1.50,1.13
2013.09.05 07:30:03.660,1.98069,1.98115,1.13,1.13
2013.09.05 07:30:03.719,1.98067,1.98115,1.13,1.13
2013.09.05 07:30:03.780,1.98059,1.98115,1.88,1.50
2013.09.05 07:30:03.898,1.98059,1.98114,1.88,1.13
2013.09.05 07:30:05.668,1.98059,1.98114,1.13,1.13
2013.09.05 07:30:08.658,1.98061,1.98115,1.13,1.50
2013.09.05 07:30:16.594,1.98061,1.98106,1.13,1.13
2013.09.05 07:30:16.720,1.98055,1.98103,1.13,1.88
2013.09.05 07:30:16.782,1.98043,1.98091,1.13,1.13
2013.09.05 07:30:16.850,1.98041,1.98091,1.13,1.13
2013.09.05 07:30:17.438,1.98036,1.98089,1.88,1.13
2013.09.05 07:30:17.988,1.98036,1.98089,1.88,1.13
2013.09.05 07:30:21.968,1.98036,1.9809,1.88,1.13
2013.09.05 07:30:25.130,1.98036,1.98091,1.88,1.13
2013.09.05 07:30:26.408,1.98042,1.98095,1.13,1.13
2013.09.05 07:30:26.468,1.98042,1.98097,1.13,1.13
2013.09.05 07:30:26.649,1.98048,1.98105,1.13,1.50
2013.09.05 07:30:26.709,1.98048,1.98105,1.13,1.13
2013.09.05 07:30:27.068,1.98054,1.98106,1.13,1.13
2013.09.05 07:30:27.578,1.98054,1.98111,1.13,1.13
2013.09.05 07:30:29.428,1.98061,1.98114,1.13,1.13
2013.09.05 07:30:29.859,1.98061,1.98114,1.13,1.13
2013.09.05 07:30:31.185,1.98061,1.98115,1.13,1.13
2013.09.05 07:30:31.540,1.98067,1.98115,1.13,1.13
2013.09.05 07:30:31.878,1.98067,1.98115,1.13,1.13
2013.09.05 07:30:31.999,1.98067,1.98115,1.13,1.13
2013.09.05 07:30:33.549,1.98063,1.98113,1.13,1.13
2013.09.05 07:30:34.264,1.98061,1.98113,1.13,1.13
2013.09.05 07:30:38.608,1.98061,1.98105,1.13,1.13
2013.09.05 07:30:53.764,1.98059,1.98105,1.13,1.13
2013.09.05 07:30:56.242,1.98059,1.98105,1.13,1.13
2013.09.05 07:30:58.250,1.98057,1.98105,1.13,1.13
2013.09.05 07:30:59.248,1.98057,1.98104,1.13,1.13
2013.09.05 07:30:59.428,1.98057,1.98103,1.13,1.13
2013.09.05 07:31:00.458,1.98057,1.98099,1.13,1.13
2013.09.05 07:31:00.678,1.98057,1.981,1.13,1.13
2013.09.05 07:31:01.435,1.98057,1.98099,1.13,1.13
2013.09.05 07:31:09.609,1.98057,1.98104,1.13,1.13
2013.09.05 07:31:11.371,1.98057,1.981,1.13,1.13
2013.09.05 07:31:11.673,1.9806,1.981,1.13,1.13
2013.09.05 07:31:17.539,1.98057,1.98106,1.13,1.13
2013.09.05 07:31:20.678,1.98057,1.98106,1.13,1.13
2013.09.05 07:31:21.230,1.98057,1.98106,1.13,1.13
2013.09.05 07:31:21.288,1.98057,1.98106,1.13,1.13
2013.09.05 07:31:21.366,1.98057,1.98103,1.13,1.13
2013.09.05 07:31:22.039,1.98057,1.98098,1.13,1.13
2013.09.05 07:31:22.158,1.98057,1.98104,1.13,1.13
2013.09.05 07:31:22.518,1.98069,1.98113,1.88,1.13
2013.09.05 07:31:24.580,1.98075,1.98113,1.13,1.13
2013.09.05 07:31:24.698,1.98075,1.98113,1.13,1.13
2013.09.05 07:31:26.529,1.98074,1.98113,1.13,1.13
2013.09.05 07:31:28.158,1.98068,1.98113,1.13,1.13
2013.09.05 07:31:28.218,1.98068,1.98108,1.13,1.13
2013.09.05 07:31:28.758,1.98068,1.98113,1.13,1.13
2013.09.05 07:31:29.518,1.98068,1.98109,1.13,1.13
2013.09.05 07:31:30.068,1.98062,1.98109,1.13,1.13
2013.09.05 07:31:30.854,1.98062,1.98106,1.13,1.13
2013.09.05 07:31:31.358,1.98067,1.98106,1.13,1.13
2013.09.05 07:31:33.569,1.98061,1.9811,1.13,1.13
2013.09.05 07:31:34.598,1.98061,1.98107,1.13,1.13
2013.09.05 07:31:35.114,1.98061,1.98104,1.13,1.13
2013.09.05 07:31:37.908,1.98056,1.98104,1.13,1.13
2013.09.05 07:31:38.194,1.98056,1.98104,1.13,1.13
2013.09.05 07:31:38.410,1.98056,1.98104,1.13,1.13
2013.09.05 07:31:54.820,1.98056,1.98108,2.25,1.13
2013.09.05 07:31:55.178,1.98078,1.98113,2.25,1.13
2013.09.05 07:31:55.634,1.9807,1.98115,1.50,1.13
2013.09.05 07:31:55.703,1.9807,1.98115,1.50,1.13
2013.09.05 07:31:56.139,1.9807,1.98115,1.50,1.13
2013.09.05 07:31:56.318,1.98067,1.98115,1.13,1.50
2013.09.05 07:31:56.508,1.9807,1.98115,1.50,1.13
2013.09.05 07:31:56.748,1.98072,1.98115,1.13,1.13
2013.09.05 07:31:58.149,1.98065,1.98114,1.50,1.50
2013.09.05 07:31:58.208,1.98056,1.98107,1.13,1.13
2013.09.05 07:31:58.269,1.98053,1.98094,1.13,1.13
2013.09.05 07:31:58.749,1.98046,1.98087,1.13,1.13
2013.09.05 07:31:59.178,1.98046,1.98095,1.13,1.50
2013.09.05 07:31:59.239,1.98045,1.98095,1.50,1.50
2013.09.05 07:31:59.299,1.9804,1.98094,1.13,1.13
2013.09.05 07:31:59.359,1.98035,1.98093,1.50,1.13
2013.09.05 07:31:59.478,1.9803,1.98084,1.50,1.13
2013.09.05 07:31:59.838,1.98027,1.98067,1.13,1.13
2013.09.05 07:32:00.182,1.98021,1.98065,1.50,1.13
2013.09.05 07:32:00.253,1.98018,1.98065,1.13,1.13
2013.09.05 07:32:00.631,1.98011,1.98065,1.50,1.13
2013.09.05 07:32:01.189,1.98011,1.98055,1.50,1.13
2013.09.05 07:32:01.738,1.98011,1.98065,1.50,1.13
2013.09.05 07:32:01.978,1.98012,1.98055,1.50,1.13
2013.09.05 07:32:02.338,1.98006,1.98055,1.50,1.13
2013.09.05 07:32:02.458,1.98002,1.98045,1.50,1.13
2013.09.05 07:32:02.639,1.98001,1.98045,1.50,1.13
2013.09.05 07:32:03.000,1.97994,1.98045,1.50,1.13
2013.09.05 07:32:03.300,1.97993,1.98045,2.25,1.13
2013.09.05 07:32:03.419,1.97993,1.98045,1.50,1.13
2013.09.05 07:32:03.978,1.97993,1.98045,1.50,1.13
2013.09.05 07:32:04.292,1.97995,1.98055,1.50,1.50
2013.09.05 07:32:04.718,1.97995,1.98055,1.50,1.50
2013.09.05 07:32:05.199,1.97995,1.98055,1.50,1.50
2013.09.05 07:32:05.500,1.97995,1.98045,1.50,1.13
2013.09.05 07:32:05.919,1.97998,1.98045,1.50,1.13
2013.09.05 07:32:05.979,1.97998,1.98045,1.50,1.13
2013.09.05 07:32:06.338,1.97998,1.98045,1.50,1.13
2013.09.05 07:32:06.518,1.97998,1.98045,1.50,1.13
2013.09.05 07:32:06.639,1.97998,1.98045,1.50,1.13
2013.09.05 07:32:07.242,1.97998,1.98045,1.50,1.13
2013.09.05 07:32:08.129,1.98003,1.98054,1.13,1.13
2013.09.05 07:32:08.250,1.98006,1.98054,1.50,1.13
2013.09.05 07:32:08.444,1.98006,1.98054,1.50,1.13
2013.09.05 07:32:08.664,1.98006,1.98054,1.50,1.13
2013.09.05 07:32:09.160,1.98,1.98037,2.25,1.13
2013.09.05 07:32:11.098,1.98004,1.9804,1.50,1.13
2013.09.05 07:32:11.338,1.98011,1.9805,1.50,1.50
2013.09.05 07:32:11.458,1.98011,1.98045,1.50,1.13
2013.09.05 07:32:12.405,1.98006,1.98045,1.50,1.13
2013.09.05 07:32:12.648,1.98006,1.98045,1.50,1.13
2013.09.05 07:32:13.460,1.98006,1.9804,1.50,1.13
2013.09.05 07:32:13.658,1.98012,1.98044,1.50,1.13
2013.09.05 07:32:13.898,1.98012,1.98044,1.50,1.13
2013.09.05 07:32:14.258,1.9802,1.9805,1.50,1.13
2013.09.05 07:32:14.678,1.98027,1.98054,1.50,1.13
2013.09.05 07:32:14.738,1.98027,1.9806,1.50,1.13
2013.09.05 07:32:14.859,1.98031,1.98065,1.50,1.13
2013.09.05 07:32:15.098,1.98031,1.98074,1.50,1.13
2013.09.05 07:32:15.278,1.98037,1.98074,1.50,1.13
2013.09.05 07:32:15.398,1.98037,1.98074,1.50,1.13
2013.09.05 07:32:15.458,1.98037,1.98074,1.50,1.13
2013.09.05 07:32:15.819,1.98043,1.98073,1.50,1.13
2013.09.05 07:32:16.118,1.98044,1.98085,1.50,1.13
2013.09.05 07:32:16.750,1.98044,1.98085,1.50,1.13
2013.09.05 07:32:16.940,1.98044,1.98085,1.50,1.13
2013.09.05 07:32:17.118,1.98044,1.98081,1.50,1.13
2013.09.05 07:32:17.661,1.98043,1.98084,1.50,1.13
2013.09.05 07:32:18.256,1.98043,1.98084,1.50,1.13
2013.09.05 07:32:18.845,1.98043,1.9808,1.50,1.13
2013.09.05 07:32:19.118,1.98043,1.98085,1.50,1.13
2013.09.05 07:32:19.669,1.98043,1.98079,1.50,1.13
2013.09.05 07:32:19.969,1.98043,1.98076,1.13,1.13
2013.09.05 07:32:20.090,1.98038,1.98075,1.50,1.13
2013.09.05 07:32:20.218,1.98038,1.98075,1.50,1.13
2013.09.05 07:32:20.398,1.98037,1.98069,1.50,1.13
2013.09.05 07:32:20.628,1.98037,1.98075,1.50,1.13
2013.09.05 07:32:21.929,1.98037,1.98069,1.50,1.13
2013.09.05 07:32:22.169,1.98037,1.98085,1.50,1.13
2013.09.05 07:32:22.409,1.9804,1.98057,1.50,1.13
2013.09.05 07:32:22.528,1.98037,1.98057,1.13,1.13
2013.09.05 07:32:22.588,1.98026,1.98074,1.50,1.13
2013.09.05 07:32:22.708,1.98026,1.98074,1.50,1.13
2013.09.05 07:32:22.768,1.98026,1.98074,1.50,1.13
2013.09.05 07:32:22.828,1.98026,1.98068,1.50,1.13
2013.09.05 07:32:23.188,1.98025,1.98074,2.25,1.13
2013.09.05 07:32:24.131,1.98024,1.98074,1.50,1.13
2013.09.05 07:32:24.629,1.98014,1.98054,1.50,1.13
2013.09.05 07:32:24.748,1.98013,1.98054,1.50,1.13
2013.09.05 07:32:24.902,1.98013,1.9806,1.50,1.13
2013.09.05 07:32:25.138,1.9802,1.98073,1.50,1.13
2013.09.05 07:32:25.270,1.98025,1.98075,1.50,1.13
2013.09.05 07:32:25.628,1.98025,1.98075,1.50,1.13
2013.09.05 07:32:26.009,1.98022,1.98064,2.25,1.13
2013.09.05 07:32:26.129,1.98025,1.98075,1.50,1.13
2013.09.05 07:32:26.441,1.98029,1.98075,1.50,1.13
2013.09.05 07:32:26.788,1.98021,1.98055,1.50,1.13
2013.09.05 07:32:26.848,1.98021,1.98055,1.50,1.13
2013.09.05 07:32:27.148,1.98015,1.98065,2.25,1.13
2013.09.05 07:32:27.269,1.98015,1.98065,2.25,1.13
2013.09.05 07:32:27.389,1.98015,1.98065,1.88,1.13
2013.09.05 07:32:27.448,1.98015,1.98065,1.88,1.13
2013.09.05 07:32:27.569,1.98015,1.98065,1.13,1.13
2013.09.05 07:32:27.628,1.98012,1.98065,1.13,1.13
2013.09.05 07:32:27.689,1.98009,1.98055,1.50,1.13
2013.09.05 07:32:27.929,1.98009,1.98055,1.50,1.13
2013.09.05 07:32:28.345,1.98015,1.98055,1.50,1.13
2013.09.05 07:32:28.470,1.9801,1.98055,1.50,1.13
2013.09.05 07:32:28.710,1.9801,1.98055,1.50,1.13
2013.09.05 07:32:28.888,1.98008,1.98055,1.50,1.13
2013.09.05 07:32:29.389,1.98008,1.98055,1.50,1.13
2013.09.05 07:32:29.703,1.98008,1.98055,1.50,1.13
2013.09.05 07:32:30.276,1.98009,1.98055,2.25,1.13
2013.09.05 07:32:30.719,1.98014,1.98056,1.50,1.13
2013.09.05 07:32:32.458,1.98014,1.98055,1.50,1.13
2013.09.05 07:32:35.718,1.9802,1.98055,1.13,1.13
2013.09.05 07:32:35.778,1.98021,1.98056,1.13,1.13
2013.09.05 07:32:36.119,1.98021,1.98056,1.50,1.13
2013.09.05 07:32:43.850,1.9802,1.98064,1.50,1.13
2013.09.05 07:32:44.455,1.98021,1.98064,1.13,1.13
2013.09.05 07:32:53.238,1.9802,1.98064,1.50,1.13
2013.09.05 07:32:53.298,1.98021,1.98064,1.13,1.13
2013.09.05 07:32:53.479,1.98026,1.98075,1.50,1.13
2013.09.05 07:32:53.843,1.98026,1.98075,1.50,1.13
2013.09.05 07:32:53.922,1.98033,1.98075,1.50,1.13
2013.09.05 07:32:54.473,1.98033,1.98075,1.50,1.13
2013.09.05 07:32:54.709,1.98033,1.98075,1.13,1.13
2013.09.05 07:32:54.770,1.98028,1.98075,1.50,1.13
2013.09.05 07:32:54.890,1.98026,1.98065,1.13,1.13
2013.09.05 07:32:55.189,1.98019,1.98065,1.50,1.13
2013.09.05 07:32:56.923,1.98022,1.98065,1.50,1.13
2013.09.05 07:32:57.718,1.98019,1.98065,2.25,1.13
2013.09.05 07:32:58.350,1.98019,1.98065,2.25,1.13
2013.09.05 07:32:59.501,1.98022,1.98065,1.50,1.13
2013.09.05 07:32:59.919,1.98022,1.98075,1.50,1.13
2013.09.05 07:33:00.113,1.98022,1.98064,1.50,1.13
2013.09.05 07:33:00.469,1.98019,1.98065,1.50,1.13
2013.09.05 07:33:01.019,1.98019,1.98064,1.50,1.13
2013.09.05 07:33:01.079,1.98019,1.98064,1.50,1.13
2013.09.05 07:33:01.138,1.98019,1.98064,1.50,1.13
2013.09.05 07:33:02.245,1.98016,1.98064,1.50,1.50
2013.09.05 07:33:02.568,1.98016,1.98064,1.50,1.50
2013.09.05 07:33:02.869,1.98016,1.98064,1.88,1.50
2013.09.05 07:33:09.219,1.98018,1.98064,1.50,1.50
2013.09.05 07:33:16.309,1.9802,1.98064,1.13,1.50
2013.09.05 07:33:16.428,1.9802,1.98064,1.13,1.50
2013.09.05 07:33:16.969,1.98017,1.98064,1.13,1.50
2013.09.05 07:33:20.998,1.98016,1.98064,1.13,1.50
2013.09.05 07:33:21.238,1.98016,1.98064,1.13,1.50
2013.09.05 07:33:21.449,1.98016,1.98064,1.13,1.50
2013.09.05 07:33:21.689,1.98016,1.98064,1.13,1.13
2013.09.05 07:33:22.307,1.98016,1.98065,1.50,1.13
2013.09.05 07:33:22.396,1.98019,1.98074,1.13,1.13
2013.09.05 07:33:22.461,1.98019,1.98074,1.13,1.13
2013.09.05 07:33:22.998,1.98018,1.98074,1.13,1.13
2013.09.05 07:33:23.860,1.98018,1.98074,1.13,1.50
2013.09.05 07:33:27.159,1.98018,1.98074,1.13,1.13
2013.09.05 07:33:27.699,1.98023,1.98075,1.13,1.50
2013.09.05 07:33:28.041,1.98023,1.98074,1.13,1.13
2013.09.05 07:33:28.110,1.98023,1.98074,1.13,1.13
2013.09.05 07:33:28.169,1.98023,1.98074,1.13,1.13
2013.09.05 07:33:28.708,1.98025,1.98082,1.50,1.13
2013.09.05 07:33:29.308,1.98029,1.98084,1.13,1.13
2013.09.05 07:33:30.439,1.98029,1.98084,1.13,1.13
2013.09.05 07:33:32.058,1.98025,1.98084,1.50,1.13
2013.09.05 07:33:32.118,1.98029,1.98067,1.13,1.13
2013.09.05 07:33:32.179,1.98015,1.98067,1.50,1.13
2013.09.05 07:33:32.238,1.98015,1.98065,1.50,1.13
2013.09.05 07:33:32.578,1.98015,1.98071,1.50,1.13
2013.09.05 07:33:33.788,1.98015,1.98071,1.50,1.13
2013.09.05 07:33:34.908,1.98015,1.98074,1.50,1.13
2013.09.05 07:33:39.370,1.98019,1.98075,1.13,1.88
2013.09.05 07:33:39.708,1.98019,1.98075,1.13,1.88
2013.09.05 07:33:41.127,1.98019,1.98075,1.13,1.88
2013.09.05 07:33:42.117,1.98019,1.98075,1.13,1.88
2013.09.05 07:33:44.338,1.98019,1.98075,1.13,1.50
2013.09.05 07:33:44.808,1.98019,1.98075,1.13,1.50
2013.09.05 07:33:44.869,1.98016,1.98074,1.13,1.50
2013.09.05 07:33:45.569,1.98015,1.98072,1.50,1.13
2013.09.05 07:33:45.750,1.98023,1.98075,1.50,2.25
2013.09.05 07:33:45.821,1.98036,1.98076,1.13,1.13
2013.09.05 07:33:46.119,1.98026,1.98075,1.13,1.13
2013.09.05 07:33:46.319,1.98033,1.98083,1.13,1.50
2013.09.05 07:33:46.378,1.98033,1.98083,1.13,1.13
2013.09.05 07:33:46.439,1.98035,1.98085,1.13,1.13
2013.09.05 07:33:46.619,1.98037,1.9809,1.13,1.13
2013.09.05 07:33:46.860,1.9804,1.98095,1.13,1.50
2013.09.05 07:33:47.128,1.98045,1.98097,1.13,1.13
2013.09.05 07:33:47.188,1.98045,1.98097,1.13,1.13
2013.09.05 07:33:47.429,1.98043,1.98097,1.13,1.13
2013.09.05 07:33:47.788,1.98035,1.98085,1.50,1.13
2013.09.05 07:33:50.151,1.98034,1.98085,1.13,1.88
2013.09.05 07:33:50.700,1.98036,1.98085,1.13,1.88
2013.09.05 07:33:51.049,1.98036,1.98084,1.13,1.13
2013.09.05 07:33:51.169,1.98036,1.98084,1.88,1.50
2013.09.05 07:33:51.591,1.9804,1.98085,1.13,1.13
2013.09.05 07:33:51.908,1.98046,1.98088,1.13,1.13
2013.09.05 07:33:52.028,1.98046,1.98088,1.13,1.50
2013.09.05 07:33:52.148,1.9804,1.98087,1.13,1.13
2013.09.05 07:33:52.808,1.98037,1.98084,1.13,1.13
2013.09.05 07:33:54.779,1.98041,1.98085,1.13,1.13
2013.09.05 07:33:55.098,1.98037,1.98084,1.13,1.13
2013.09.05 07:33:55.401,1.98037,1.98084,1.13,1.13
2013.09.05 07:33:55.518,1.98037,1.98084,1.13,1.13
2013.09.05 07:33:55.638,1.98041,1.98086,1.13,1.13
2013.09.05 07:33:56.944,1.98041,1.98085,1.13,1.13
2013.09.05 07:33:58.378,1.98041,1.98084,1.13,1.13
2013.09.05 07:34:00.218,1.98042,1.98087,1.13,1.13
2013.09.05 07:34:01.428,1.98042,1.98084,1.13,1.13
2013.09.05 07:34:02.549,1.98046,1.98088,1.13,1.13
2013.09.05 07:34:02.669,1.9804,1.98086,1.50,1.13
2013.09.05 07:34:02.789,1.98039,1.98085,1.13,1.13
2013.09.05 07:34:05.372,1.98036,1.98085,1.13,1.13
2013.09.05 07:34:06.599,1.98035,1.98084,1.50,1.13
2013.09.05 07:34:06.958,1.98035,1.98084,1.13,1.13
2013.09.05 07:34:07.159,1.98034,1.98084,1.13,1.13
2013.09.05 07:34:07.528,1.98034,1.98085,1.13,1.13
2013.09.05 07:34:07.890,1.9803,1.98075,1.13,1.13
2013.09.05 07:34:07.949,1.98021,1.98071,1.50,1.13
2013.09.05 07:34:08.010,1.98026,1.98074,1.50,1.13
2013.09.05 07:34:08.070,1.98021,1.98074,1.88,1.13
2013.09.05 07:34:08.129,1.98021,1.98074,1.88,1.13
2013.09.05 07:34:08.189,1.98021,1.98075,1.13,1.13
2013.09.05 07:34:08.429,1.98015,1.98071,1.88,1.13
2013.09.05 07:34:08.489,1.98015,1.98071,1.88,1.13
2013.09.05 07:34:08.728,1.98018,1.98071,1.13,1.13
2013.09.05 07:34:09.038,1.98023,1.98074,1.13,1.50
2013.09.05 07:34:09.376,1.98021,1.98074,1.13,1.50
2013.09.05 07:34:10.469,1.98026,1.98074,1.13,1.13
2013.09.05 07:34:10.709,1.98026,1.98078,1.88,1.13
2013.09.05 07:34:11.118,1.98035,1.98082,1.13,1.13
2013.09.05 07:34:11.180,1.98034,1.98078,1.13,1.13
2013.09.05 07:34:11.739,1.98034,1.98081,1.13,1.13
2013.09.05 07:34:12.200,1.98036,1.98081,1.13,1.13
2013.09.05 07:34:20.773,1.98036,1.98076,1.13,1.13
2013.09.05 07:34:20.948,1.9803,1.98079,1.13,1.13
2013.09.05 07:34:21.437,1.98029,1.9808,1.13,1.13
2013.09.05 07:34:21.838,1.9803,1.98078,1.13,1.13
2013.09.05 07:34:22.020,1.98023,1.98067,1.13,1.13
2013.09.05 07:34:22.460,1.98019,1.98065,1.13,1.13
2013.09.05 07:34:22.567,1.98019,1.98063,1.13,1.13
2013.09.05 07:34:22.970,1.98019,1.98072,1.13,1.50
2013.09.05 07:34:23.191,1.98018,1.98072,1.88,1.50
2013.09.05 07:34:23.309,1.98016,1.98068,1.50,1.13
2013.09.05 07:34:23.856,1.98016,1.98068,1.13,1.13
2013.09.05 07:34:23.978,1.98016,1.98068,1.13,1.13
2013.09.05 07:34:24.420,1.98018,1.98068,1.13,1.13
2013.09.05 07:34:25.117,1.98018,1.98063,1.13,1.13
2013.09.05 07:34:25.298,1.98013,1.98063,1.13,1.13
2013.09.05 07:34:25.396,1.98013,1.98063,1.13,1.13
2013.09.05 07:34:28.369,1.98013,1.98063,1.13,1.13
2013.09.05 07:34:28.639,1.98015,1.98065,1.13,1.50
2013.09.05 07:34:28.698,1.98015,1.98065,1.50,1.50
2013.09.05 07:34:28.999,1.98018,1.98071,1.13,1.50
2013.09.05 07:34:29.178,1.98025,1.98074,1.13,1.13
2013.09.05 07:34:30.640,1.9802,1.98066,1.50,1.13
2013.09.05 07:34:30.759,1.98019,1.98065,1.50,1.13
2013.09.05 07:34:30.821,1.98019,1.98065,1.50,1.13
2013.09.05 07:34:31.062,1.98015,1.98064,1.13,1.13
2013.09.05 07:34:31.132,1.98015,1.98064,1.13,1.13
2013.09.05 07:34:31.450,1.98016,1.98063,1.13,1.13
2013.09.05 07:34:31.940,1.98019,1.98062,1.13,1.13
2013.09.05 07:34:32.279,1.9801,1.98056,1.13,1.13
2013.09.05 07:34:32.459,1.98015,1.9806,1.13,1.13
2013.09.05 07:34:32.819,1.98016,1.98067,1.13,1.13
2013.09.05 07:34:33.229,1.98016,1.98072,1.13,1.50
2013.09.05 07:34:33.350,1.98015,1.98065,1.13,1.13
2013.09.05 07:34:33.410,1.98015,1.98065,1.13,1.13
2013.09.05 07:34:33.470,1.98015,1.98063,1.13,1.13
2013.09.05 07:34:34.268,1.98006,1.98057,1.88,1.13
2013.09.05 07:34:35.020,1.98001,1.98054,1.50,1.13
2013.09.05 07:34:35.200,1.98002,1.98051,1.50,1.13
2013.09.05 07:34:35.400,1.98,1.98052,1.88,1.13
2013.09.05 07:34:35.909,1.97999,1.98044,1.13,1.13
2013.09.05 07:34:37.421,1.97998,1.98044,1.13,1.13
2013.09.05 07:34:39.140,1.97998,1.98044,1.13,1.50
2013.09.05 07:34:39.356,1.97998,1.98044,1.13,1.50
2013.09.05 07:34:39.829,1.97996,1.9804,1.13,1.13
2013.09.05 07:34:40.199,1.97996,1.98043,1.13,1.13
2013.09.05 07:34:41.679,1.97996,1.98043,1.13,1.13
2013.09.05 07:34:42.048,1.98,1.98044,1.13,1.88
2013.09.05 07:34:42.409,1.98,1.98042,1.13,1.13
2013.09.05 07:34:45.321,1.98,1.98044,1.13,1.13
2013.09.05 07:34:51.209,1.98,1.98042,1.13,1.13
2013.09.05 07:34:51.329,1.98,1.98044,1.13,1.13
2013.09.05 07:34:51.972,1.97995,1.98043,1.13,1.13
2013.09.05 07:34:53.666,1.97993,1.98043,1.13,1.13
2013.09.05 07:34:53.998,1.97993,1.9804,1.13,1.13
2013.09.05 07:34:54.300,1.97993,1.9804,1.13,1.13
2013.09.05 07:34:55.109,1.97993,1.98036,1.13,1.13
2013.09.05 07:34:56.037,1.97995,1.9804,1.13,1.13
2013.09.05 07:34:56.388,1.97993,1.98036,1.13,1.13
2013.09.05 07:34:56.449,1.97989,1.98036,1.13,1.13
2013.09.05 07:34:56.628,1.97989,1.98036,1.13,1.13
2013.09.05 07:34:56.889,1.97989,1.98027,1.13,1.13
2013.09.05 07:34:59.349,1.98004,1.98031,1.13,1.13
2013.09.05 07:34:59.470,1.98007,1.98043,1.13,1.50
2013.09.05 07:34:59.590,1.98004,1.98042,1.13,1.50
2013.09.05 07:34:59.771,1.98005,1.98039,1.13,1.13
2013.09.05 07:34:59.890,1.97997,1.98039,1.13,1.13
2013.09.05 07:34:59.950,1.97995,1.98045,1.88,1.13
2013.09.05 07:35:00.129,1.97995,1.98045,1.13,1.50
2013.09.05 07:35:00.429,1.97988,1.98044,1.13,1.13
2013.09.05 07:35:00.969,1.97986,1.98036,1.50,1.13
2013.09.05 07:35:01.089,1.97986,1.98034,1.50,1.13
2013.09.05 07:35:01.617,1.97983,1.98034,1.13,1.88
2013.09.05 07:35:02.488,1.97982,1.98033,1.13,1.13
2013.09.05 07:35:02.669,1.97981,1.98033,1.13,1.13
2013.09.05 07:35:02.729,1.97981,1.98033,1.13,1.13
2013.09.05 07:35:02.909,1.97981,1.98029,1.13,1.13
2013.09.05 07:35:03.268,1.97981,1.98025,1.13,1.13
2013.09.05 07:35:03.508,1.9797,1.98017,1.13,1.13
2013.09.05 07:35:04.025,1.97966,1.98017,1.50,1.13
2013.09.05 07:35:04.152,1.97966,1.98017,1.50,1.13
2013.09.05 07:35:04.510,1.97979,1.98022,1.13,1.13
2013.09.05 07:35:04.749,1.97975,1.98024,1.13,1.13
2013.09.05 07:35:04.928,1.97976,1.98024,1.13,1.13
2013.09.05 07:35:05.319,1.97972,1.98025,1.13,1.50
2013.09.05 07:35:05.439,1.97972,1.98025,1.13,1.13
2013.09.05 07:35:05.709,1.97975,1.98025,1.13,1.50
2013.09.05 07:35:06.118,1.97973,1.98025,1.13,1.50
2013.09.05 07:35:06.420,1.97971,1.98013,1.13,1.13
2013.09.05 07:35:06.779,1.97966,1.98013,1.13,1.13
2013.09.05 07:35:07.019,1.97966,1.98012,1.13,1.13
2013.09.05 07:35:07.238,1.97963,1.98009,1.13,1.13
2013.09.05 07:35:08.404,1.97963,1.98013,1.13,1.50
2013.09.05 07:35:09.230,1.97959,1.98013,1.50,1.13
2013.09.05 07:35:09.649,1.97961,1.98006,1.13,1.13
2013.09.05 07:35:10.101,1.97959,1.98006,1.13,1.13
2013.09.05 07:35:11.161,1.97959,1.98006,1.13,1.13
2013.09.05 07:35:11.469,1.97956,1.98004,1.13,1.50
2013.09.05 07:35:11.812,1.97956,1.98007,1.13,1.13
2013.09.05 07:35:12.398,1.97957,1.98007,1.13,1.13
2013.09.05 07:35:12.518,1.97957,1.98014,1.13,1.13
2013.09.05 07:35:12.579,1.97958,1.98012,1.13,1.13
2013.09.05 07:35:12.700,1.97965,1.98015,1.50,1.50
2013.09.05 07:35:12.759,1.97965,1.98015,1.88,1.13
2013.09.05 07:35:13.179,1.97965,1.98015,1.13,1.50
2013.09.05 07:35:13.362,1.97971,1.98014,1.13,1.13
2013.09.05 07:35:13.719,1.97971,1.98026,1.13,1.88
2013.09.05 07:35:14.840,1.97971,1.98026,1.13,1.88
2013.09.05 07:35:14.900,1.97971,1.98019,1.13,1.13
2013.09.05 07:35:15.021,1.97971,1.98024,1.13,1.13
2013.09.05 07:35:16.653,1.97971,1.98026,1.13,1.88
2013.09.05 07:35:17.080,1.97972,1.98022,1.50,1.13
2013.09.05 07:35:18.661,1.97976,1.98024,1.13,1.13
2013.09.05 07:35:19.019,1.97979,1.98034,3.00,1.88
2013.09.05 07:35:19.329,1.97986,1.9804,1.50,1.13
2013.09.05 07:35:19.449,1.97986,1.98042,1.50,1.13
2013.09.05 07:35:19.569,1.97995,1.98044,1.13,1.50
2013.09.05 07:35:19.630,1.97995,1.98044,1.13,1.13
2013.09.05 07:35:19.959,1.97992,1.98044,1.13,2.25
2013.09.05 07:35:20.189,1.97992,1.9804,1.13,1.13
2013.09.05 07:35:21.518,1.97986,1.9804,1.13,1.88
2013.09.05 07:35:23.749,1.97986,1.98041,1.50,1.13
2013.09.05 07:35:23.809,1.97986,1.98041,1.50,1.13
2013.09.05 07:35:24.579,1.97986,1.98042,1.50,1.13
2013.09.05 07:35:25.493,1.9799,1.98044,1.13,1.50
2013.09.05 07:35:25.581,1.9799,1.98044,1.13,1.50
2013.09.05 07:35:29.031,1.9799,1.9804,1.13,1.13
2013.09.05 07:35:29.361,1.9799,1.98044,1.13,1.50
2013.09.05 07:35:30.404,1.9799,1.98044,1.13,1.50
2013.09.05 07:35:30.760,1.98002,1.98046,1.13,1.13
2013.09.05 07:35:31.001,1.98002,1.98051,1.13,1.50
2013.09.05 07:35:31.061,1.98002,1.98051,1.13,1.13
2013.09.05 07:35:31.120,1.98003,1.98054,1.50,1.50
2013.09.05 07:35:31.511,1.98006,1.98056,1.13,1.13
2013.09.05 07:35:32.588,1.98006,1.98063,1.13,1.13
2013.09.05 07:35:32.928,1.98006,1.98063,1.13,1.13
2013.09.05 07:35:33.376,1.98005,1.98063,1.50,1.13
2013.09.05 07:35:35.577,1.98006,1.98063,1.50,1.13
2013.09.05 07:35:35.990,1.98006,1.98054,1.13,1.13
2013.09.05 07:35:36.314,1.98006,1.98054,1.13,1.13
2013.09.05 07:35:36.498,1.98006,1.98055,1.13,1.13
2013.09.05 07:35:36.722,1.98006,1.98055,1.13,1.13
2013.09.05 07:35:37.161,1.98006,1.98057,1.13,1.13
2013.09.05 07:35:37.640,1.98012,1.9805,1.13,1.13
2013.09.05 07:35:37.700,1.98,1.98044,1.13,1.13
2013.09.05 07:35:37.759,1.98,1.98044,1.13,1.13
2013.09.05 07:35:37.879,1.98,1.9805,1.13,1.50
2013.09.05 07:35:37.939,1.98005,1.98055,1.13,1.50
2013.09.05 07:35:38.299,1.98009,1.98057,1.13,1.13
2013.09.05 07:35:38.419,1.98009,1.98065,1.13,1.88
2013.09.05 07:35:38.520,1.98009,1.98065,1.13,1.88
2013.09.05 07:35:39.029,1.98003,1.98055,1.13,1.13
2013.09.05 07:35:39.722,1.98003,1.98055,1.13,1.13
2013.09.05 07:35:41.601,1.98003,1.98055,1.13,1.13
2013.09.05 07:35:43.138,1.98006,1.98054,1.13,1.13
2013.09.05 07:35:43.463,1.98006,1.98054,1.13,1.13
2013.09.05 07:35:43.852,1.98013,1.98054,1.13,1.13
2013.09.05 07:35:44.385,1.98009,1.98054,1.50,1.13
2013.09.05 07:35:44.808,1.98007,1.98054,1.13,1.13
2013.09.05 07:35:45.759,1.98006,1.98054,1.88,1.13
2013.09.05 07:35:46.059,1.98004,1.98051,1.13,1.13
2013.09.05 07:35:46.179,1.98005,1.98055,1.50,1.13
2013.09.05 07:35:46.300,1.98007,1.98055,1.13,1.13
2013.09.05 07:35:47.164,1.98007,1.98055,1.13,1.13
2013.09.05 07:35:47.231,1.98005,1.98055,1.13,1.13
2013.09.05 07:35:47.359,1.98014,1.98061,1.13,1.13
2013.09.05 07:35:47.570,1.98006,1.98055,1.13,1.13
2013.09.05 07:35:47.691,1.98002,1.98055,1.13,1.13
2013.09.05 07:35:47.748,1.98002,1.98045,1.13,1.13
2013.09.05 07:35:48.178,1.98005,1.98055,1.13,1.13
2013.09.05 07:35:48.379,1.98006,1.98055,1.13,1.13
2013.09.05 07:35:48.531,1.98008,1.98055,1.13,1.13
2013.09.05 07:35:49.249,1.9801,1.98062,1.13,1.13
2013.09.05 07:35:49.432,1.98016,1.98064,1.13,1.13
2013.09.05 07:35:49.548,1.98016,1.98064,1.50,1.13
2013.09.05 07:35:49.932,1.98016,1.98064,1.50,1.13
2013.09.05 07:35:50.268,1.98016,1.98064,1.13,1.13
2013.09.05 07:35:50.971,1.98016,1.98064,1.50,1.13
2013.09.05 07:35:51.029,1.98014,1.9806,1.13,1.13
2013.09.05 07:35:51.230,1.9801,1.98054,1.13,1.13
2013.09.05 07:35:51.303,1.9801,1.98054,1.13,1.13
2013.09.05 07:35:51.359,1.9801,1.98053,1.13,1.13
2013.09.05 07:35:51.419,1.98005,1.98053,1.50,1.13
2013.09.05 07:35:51.748,1.98005,1.98055,1.50,1.13
2013.09.05 07:35:52.001,1.98006,1.98058,1.50,1.13
2013.09.05 07:35:52.178,1.98006,1.9806,1.50,1.13
2013.09.05 07:35:54.699,1.98008,1.98064,1.13,1.13
2013.09.05 07:35:54.819,1.98008,1.98064,1.13,1.13
2013.09.05 07:35:54.939,1.98016,1.98068,1.13,1.13
2013.09.05 07:35:55.059,1.98016,1.98072,1.50,1.13
2013.09.05 07:35:56.121,1.98016,1.98072,1.50,1.13
2013.09.05 07:35:57.158,1.98016,1.98072,1.50,1.13
2013.09.05 07:35:59.468,1.98016,1.98072,1.13,1.13
2013.09.05 07:35:59.588,1.98011,1.98065,1.13,1.50
2013.09.05 07:35:59.709,1.98008,1.98065,1.13,1.88
2013.09.05 07:35:59.768,1.98008,1.98063,1.13,1.13
2013.09.05 07:35:59.888,1.97998,1.9805,1.13,1.50
2013.09.05 07:36:00.069,1.97989,1.98044,1.13,1.50
2013.09.05 07:36:00.128,1.97984,1.98042,1.50,1.13
2013.09.05 07:36:00.248,1.97982,1.98042,1.13,1.50
2013.09.05 07:36:00.368,1.97977,1.98042,1.13,1.50
2013.09.05 07:36:00.668,1.97976,1.98036,1.13,1.50
2013.09.05 07:36:00.728,1.97975,1.98036,1.88,1.50
2013.09.05 07:36:02.339,1.97975,1.98037,1.88,1.50
2013.09.05 07:36:02.659,1.97986,1.98041,1.13,1.50
2013.09.05 07:36:02.968,1.97988,1.98041,1.13,1.50
2013.09.05 07:36:03.948,1.97986,1.98041,1.13,1.50
2013.09.05 07:36:04.468,1.97986,1.98041,1.13,1.50
2013.09.05 07:36:04.949,1.97986,1.98041,1.13,1.50
2013.09.05 07:36:05.128,1.97986,1.98047,1.50,1.88
2013.09.05 07:36:05.189,1.97986,1.98048,1.50,1.50
2013.09.05 07:36:05.249,1.97986,1.98048,1.50,1.50
2013.09.05 07:36:05.970,1.97986,1.98047,1.50,1.50
2013.09.05 07:36:06.149,1.97992,1.9805,1.13,1.13
2013.09.05 07:36:06.681,1.97992,1.9805,1.13,1.13
2013.09.05 07:36:07.379,1.97995,1.9805,1.13,1.13
2013.09.05 07:36:07.839,1.97992,1.9805,1.13,1.13
2013.09.05 07:36:08.185,1.98,1.9805,1.13,1.13
2013.09.05 07:36:08.669,1.98006,1.98064,1.50,3.00
2013.09.05 07:36:08.790,1.9801,1.98066,1.13,1.13
2013.09.05 07:36:08.913,1.98009,1.98064,1.50,1.13
2013.09.05 07:36:08.981,1.98009,1.98058,1.13,1.13
2013.09.05 07:36:09.161,1.97997,1.98053,1.13,1.13
2013.09.05 07:36:09.280,1.97997,1.98052,1.13,1.13
2013.09.05 07:36:09.459,1.97997,1.98055,1.13,1.50
2013.09.05 07:36:09.609,1.97997,1.98052,1.13,1.13
2013.09.05 07:36:09.969,1.97994,1.98047,1.13,1.13
2013.09.05 07:36:10.029,1.97991,1.98047,1.88,1.13
2013.09.05 07:36:10.149,1.97994,1.98047,1.13,1.13
2013.09.05 07:36:10.268,1.97991,1.98047,1.88,1.13
2013.09.05 07:36:10.809,1.97991,1.98047,1.13,1.13
2013.09.05 07:36:10.989,1.9799,1.98045,1.13,1.50
2013.09.05 07:36:11.108,1.97987,1.9804,1.13,1.13
2013.09.05 07:36:11.368,1.97985,1.98045,1.13,1.50
2013.09.05 07:36:11.429,1.97985,1.98045,1.13,1.50
2013.09.05 07:36:12.048,1.9799,1.98051,1.50,1.88
2013.09.05 07:36:13.629,1.9799,1.98044,1.13,1.13
2013.09.05 07:36:14.169,1.97984,1.98044,1.50,1.13
2013.09.05 07:36:14.229,1.97984,1.98039,1.13,1.13
2013.09.05 07:36:15.099,1.97979,1.98042,1.50,1.13
2013.09.05 07:36:15.159,1.97983,1.98044,1.13,1.50
2013.09.05 07:36:15.279,1.97985,1.98049,1.50,1.13
2013.09.05 07:36:15.638,1.97986,1.9805,1.50,1.13
2013.09.05 07:36:15.698,1.97986,1.98049,1.50,1.13
2013.09.05 07:36:15.938,1.9799,1.98044,1.13,1.13
2013.09.05 07:36:16.209,1.97996,1.98053,1.13,1.13
2013.09.05 07:36:17.806,1.97994,1.98049,1.13,1.13
2013.09.05 07:36:18.110,1.97988,1.98045,1.13,1.13
2013.09.05 07:36:18.170,1.97987,1.98049,1.13,1.88
2013.09.05 07:36:19.140,1.9799,1.98052,1.13,1.13
2013.09.05 07:36:20.399,1.97989,1.98049,1.88,1.50
2013.09.05 07:36:20.519,1.97989,1.98052,1.88,1.13
2013.09.05 07:36:21.490,1.97989,1.9805,1.13,1.50
2013.09.05 07:36:21.549,1.97988,1.98049,1.50,1.13
2013.09.05 07:36:21.929,1.97981,1.98044,1.13,2.25
2013.09.05 07:36:21.989,1.9798,1.98044,1.88,2.25
2013.09.05 07:36:22.049,1.9798,1.98038,1.13,1.50
2013.09.05 07:36:23.079,1.97976,1.98039,1.88,1.50
2013.09.05 07:36:23.628,1.97976,1.98039,1.88,1.50
2013.09.05 07:36:24.115,1.97976,1.98039,2.63,1.50
2013.09.05 07:36:24.359,1.97982,1.98044,1.13,1.50
2013.09.05 07:36:24.820,1.97982,1.98038,1.13,1.13
2013.09.05 07:36:24.939,1.97982,1.98038,1.13,1.13
2013.09.05 07:36:25.120,1.97977,1.98031,1.50,1.13
2013.09.05 07:36:25.180,1.97977,1.98033,1.50,1.13
2013.09.05 07:36:25.359,1.97969,1.98031,1.13,1.50
2013.09.05 07:36:25.909,1.97969,1.98027,2.25,1.13
2013.09.05 07:36:26.918,1.97977,1.9803,1.13,1.13
2013.09.05 07:36:27.239,1.97982,1.98033,1.13,1.13
2013.09.05 07:36:27.360,1.97982,1.98039,1.13,1.13
2013.09.05 07:36:27.419,1.97983,1.98039,1.13,1.13
2013.09.05 07:36:27.752,1.97988,1.98044,1.13,1.13
2013.09.05 07:36:28.559,1.97988,1.98044,1.13,1.13
2013.09.05 07:36:28.680,1.97992,1.9805,1.13,1.13
2013.09.05 07:36:29.340,1.97995,1.9805,1.13,1.13
2013.09.05 07:36:29.639,1.97988,1.9805,1.88,1.13
2013.09.05 07:36:31.098,1.97986,1.98044,1.50,1.50
2013.09.05 07:36:31.278,1.97987,1.98045,1.50,1.13
2013.09.05 07:36:31.578,1.97986,1.98044,2.25,1.13
2013.09.05 07:36:32.000,1.97982,1.98038,1.13,1.13
2013.09.05 07:36:32.059,1.97977,1.98034,1.13,1.13
2013.09.05 07:36:32.119,1.97977,1.98034,1.13,1.13
2013.09.05 07:36:32.478,1.97976,1.98034,1.88,1.50
2013.09.05 07:36:33.378,1.97984,1.98039,1.13,1.50
2013.09.05 07:36:33.498,1.97976,1.98035,1.50,1.50
2013.09.05 07:36:34.049,1.97984,1.98039,1.13,1.50
2013.09.05 07:36:36.320,1.97986,1.98039,1.88,1.13
2013.09.05 07:36:36.379,1.97987,1.98044,1.13,1.50
2013.09.05 07:36:36.619,1.97996,1.98054,1.88,1.88
2013.09.05 07:36:36.681,1.97996,1.98054,1.88,1.50
2013.09.05 07:36:36.854,1.97996,1.98054,1.50,1.88
2013.09.05 07:36:37.210,1.97978,1.98034,1.13,1.13
2013.09.05 07:36:37.590,1.97977,1.98039,1.13,1.50
2013.09.05 07:36:37.956,1.97982,1.98039,1.13,1.50
2013.09.05 07:36:38.208,1.97985,1.98039,1.13,1.50
2013.09.05 07:36:38.730,1.97985,1.98039,1.13,1.50
2013.09.05 07:36:39.639,1.97985,1.98043,1.88,1.13
2013.09.05 07:36:39.886,1.97987,1.98044,1.50,1.50
2013.09.05 07:36:40.130,1.97985,1.98045,1.88,1.50
2013.09.05 07:36:42.349,1.97987,1.98045,1.13,1.88
2013.09.05 07:36:45.530,1.97996,1.98047,1.13,1.13
2013.09.05 07:36:45.712,1.97996,1.98049,1.13,1.13
2013.09.05 07:36:49.779,1.9799,1.98044,1.13,1.50
2013.09.05 07:36:49.839,1.97987,1.98044,1.13,1.50
2013.09.05 07:36:49.899,1.97983,1.98044,1.13,2.25
2013.09.05 07:36:50.200,1.97976,1.98024,1.13,1.50
2013.09.05 07:36:50.259,1.97966,1.98024,1.50,1.50
2013.09.05 07:36:50.319,1.97965,1.98019,1.13,1.50
2013.09.05 07:36:50.439,1.97959,1.98014,1.13,1.13
2013.09.05 07:36:50.559,1.97955,1.98014,1.13,1.50
2013.09.05 07:36:50.619,1.97958,1.98015,1.13,1.50
2013.09.05 07:36:53.098,1.97958,1.9802,1.13,2.25
2013.09.05 07:36:53.694,1.97958,1.9802,1.13,2.25
2013.09.05 07:36:55.758,1.97958,1.9802,1.13,2.25
2013.09.05 07:36:56.279,1.97958,1.9802,1.13,2.25
2013.09.05 07:36:56.432,1.97962,1.9802,1.13,2.25
2013.09.05 07:36:56.740,1.97966,1.98021,1.13,1.13
2013.09.05 07:36:56.799,1.97962,1.98021,1.13,1.13
2013.09.05 07:36:58.009,1.97959,1.98019,1.13,1.13
2013.09.05 07:36:58.069,1.97956,1.98015,1.50,1.50
2013.09.05 07:36:58.129,1.97956,1.98014,1.13,1.50
2013.09.05 07:36:58.309,1.97956,1.98014,1.13,2.25
2013.09.05 07:36:58.671,1.97953,1.98011,1.13,1.13
2013.09.05 07:36:59.619,1.97953,1.98011,1.13,1.13
2013.09.05 07:36:59.740,1.97956,1.98014,1.13,1.88
2013.09.05 07:36:59.802,1.97956,1.98014,1.50,1.88
2013.09.05 07:37:00.449,1.97956,1.98014,1.50,1.88
2013.09.05 07:37:00.811,1.97948,1.98008,1.13,1.13
2013.09.05 07:37:00.870,1.97948,1.98006,1.13,1.13
2013.09.05 07:37:01.289,1.97946,1.98005,1.50,1.50
2013.09.05 07:37:01.357,1.97946,1.98004,1.13,1.13
2013.09.05 07:37:01.789,1.97951,1.98005,1.13,1.50
2013.09.05 07:37:02.360,1.97954,1.98004,1.13,1.13
2013.09.05 07:37:02.418,1.97954,1.98008,1.50,1.13
2013.09.05 07:37:02.629,1.97954,1.98007,1.50,1.13
2013.09.05 07:37:03.439,1.97953,1.98004,1.13,1.13
2013.09.05 07:37:03.850,1.97953,1.98009,1.13,1.13
2013.09.05 07:37:03.969,1.97952,1.9801,1.13,1.13
2013.09.05 07:37:04.179,1.97953,1.9801,1.13,1.13
2013.09.05 07:37:05.445,1.97953,1.9801,1.13,1.13
2013.09.05 07:37:05.641,1.97953,1.98001,1.13,1.13
2013.09.05 07:37:05.699,1.97951,1.98001,1.13,1.13
2013.09.05 07:37:05.820,1.97942,1.97998,1.13,1.13
2013.09.05 07:37:06.170,1.97937,1.97991,1.13,1.13
2013.09.05 07:37:06.729,1.97937,1.97991,1.13,1.13
2013.09.05 07:37:08.908,1.97937,1.97991,1.50,1.13
2013.09.05 07:37:11.649,1.97937,1.97991,1.50,1.13
2013.09.05 07:37:12.414,1.97937,1.97991,1.13,1.13
2013.09.05 07:37:12.789,1.97938,1.97993,1.13,1.13
2013.09.05 07:37:14.000,1.97949,1.97997,1.13,1.13
2013.09.05 07:37:14.060,1.97953,1.98005,1.13,1.50
2013.09.05 07:37:14.301,1.97955,1.98005,1.50,1.50
2013.09.05 07:37:14.419,1.97952,1.98004,1.50,1.50
2013.09.05 07:37:14.618,1.97946,1.98004,1.50,1.50
2013.09.05 07:37:18.129,1.97951,1.98006,1.13,1.13
2013.09.05 07:37:18.489,1.97959,1.98013,1.13,1.50
2013.09.05 07:37:18.569,1.97959,1.98015,1.88,1.50
2013.09.05 07:37:18.830,1.97965,1.98014,1.13,1.13
2013.09.05 07:37:18.894,1.9796,1.98013,1.88,1.50
2013.09.05 07:37:19.020,1.97955,1.98005,1.13,1.13
2013.09.05 07:37:19.139,1.97955,1.98002,1.13,1.50
2013.09.05 07:37:19.500,1.97955,1.98005,1.13,1.88
2013.09.05 07:37:19.619,1.97955,1.98008,1.13,1.13
2013.09.05 07:37:19.739,1.97955,1.98008,1.13,1.13
2013.09.05 07:37:19.902,1.97955,1.98011,1.13,1.13
2013.09.05 07:37:20.259,1.97955,1.98008,1.13,1.13
2013.09.05 07:37:20.340,1.97955,1.98012,1.50,1.50
2013.09.05 07:37:20.809,1.97956,1.98015,1.13,1.13
2013.09.05 07:37:20.989,1.97959,1.98015,1.13,1.13
2013.09.05 07:37:21.109,1.97959,1.98011,1.13,1.13
2013.09.05 07:37:21.229,1.9795,1.98004,1.13,1.13
2013.09.05 07:37:21.410,1.9795,1.98004,1.13,1.13
2013.09.05 07:37:21.469,1.97948,1.98004,1.50,1.13
2013.09.05 07:37:22.968,1.97948,1.97996,1.50,1.13
2013.09.05 07:37:23.080,1.97948,1.98005,1.50,1.13
2013.09.05 07:37:24.079,1.97947,1.98005,1.50,1.13
2013.09.05 07:37:24.771,1.97948,1.98006,1.13,1.13
2013.09.05 07:37:24.891,1.97953,1.98007,1.13,1.13
2013.09.05 07:37:25.245,1.97955,1.98014,1.50,1.13
2013.09.05 07:37:30.719,1.97955,1.98014,1.88,1.13
2013.09.05 07:37:31.831,1.97955,1.98014,1.50,1.13
2013.09.05 07:37:33.449,1.97957,1.98014,1.13,1.13
2013.09.05 07:37:33.874,1.97959,1.98015,1.50,1.13
2013.09.05 07:37:34.700,1.97959,1.98015,1.50,1.13
2013.09.05 07:37:34.819,1.97958,1.98012,1.13,1.13
2013.09.05 07:37:35.109,1.97958,1.98012,1.13,1.13
2013.09.05 07:37:35.271,1.97958,1.98012,1.13,1.13
2013.09.05 07:37:36.480,1.97958,1.98012,1.13,1.13
2013.09.05 07:37:36.872,1.97959,1.98015,1.50,1.13
2013.09.05 07:37:37.359,1.97955,1.98014,1.50,1.13
2013.09.05 07:37:39.584,1.97951,1.97995,1.50,1.13
2013.09.05 07:37:39.760,1.9795,1.97995,1.50,1.13
2013.09.05 07:37:39.820,1.97952,1.98006,1.13,1.13
2013.09.05 07:37:40.349,1.97952,1.98006,1.13,1.13
2013.09.05 07:37:41.569,1.97952,1.98005,1.13,1.50
2013.09.05 07:37:41.928,1.97958,1.98005,1.50,1.13
2013.09.05 07:37:43.590,1.97958,1.98004,1.13,1.13
2013.09.05 07:37:44.398,1.97955,1.9801,1.13,1.13
2013.09.05 07:37:44.918,1.97955,1.9801,1.13,1.13
2013.09.05 07:37:45.113,1.97955,1.98013,1.13,1.13
2013.09.05 07:37:47.979,1.97951,1.98005,1.50,1.13
2013.09.05 07:37:48.530,1.97955,1.98004,1.13,1.13
2013.09.05 07:37:48.709,1.97948,1.98005,1.13,1.13
2013.09.05 07:37:51.199,1.97947,1.98003,1.13,1.13
2013.09.05 07:37:54.339,1.97947,1.98001,1.13,1.13
2013.09.05 07:37:54.648,1.97948,1.98004,1.13,1.13
2013.09.05 07:37:55.035,1.97951,1.98005,1.13,1.13
2013.09.05 07:37:57.279,1.97948,1.98003,1.13,1.13
2013.09.05 07:37:57.339,1.97951,1.98003,1.13,1.13
2013.09.05 07:37:57.459,1.97953,1.98003,1.13,1.13
2013.09.05 07:37:57.819,1.97958,1.98003,1.13,1.13
2013.09.05 07:37:58.879,1.97958,1.9801,1.13,1.13
2013.09.05 07:37:59.119,1.97958,1.9801,1.13,1.13
2013.09.05 07:37:59.239,1.97962,1.9801,1.13,1.13
2013.09.05 07:38:00.570,1.97959,1.98005,1.13,1.13
2013.09.05 07:38:00.690,1.9796,1.98015,1.50,1.50
2013.09.05 07:38:01.230,1.97958,1.98011,1.13,1.13
2013.09.05 07:38:01.779,1.97957,1.98011,1.13,1.13
2013.09.05 07:38:05.949,1.97957,1.98011,1.13,1.13
2013.09.05 07:38:08.873,1.97961,1.98011,1.13,1.13
2013.09.05 07:38:11.742,1.97961,1.98011,1.13,1.13
2013.09.05 07:38:12.548,1.97961,1.98015,1.13,1.50
2013.09.05 07:38:13.549,1.9796,1.98015,1.88,1.50
2013.09.05 07:38:14.376,1.97964,1.98015,1.13,1.50
2013.09.05 07:38:16.583,1.97964,1.98014,1.13,1.50
2013.09.05 07:38:16.995,1.97966,1.98014,1.13,1.50
2013.09.05 07:38:17.129,1.97966,1.98014,1.50,1.13
2013.09.05 07:38:17.354,1.97964,1.98008,1.88,1.13
2013.09.05 07:38:17.481,1.97965,1.98015,1.50,1.13
2013.09.05 07:38:18.229,1.97965,1.98015,1.50,1.13
2013.09.05 07:38:18.670,1.97965,1.98015,1.50,1.13
2013.09.05 07:38:19.307,1.97965,1.98015,1.50,1.13
2013.09.05 07:38:19.734,1.97972,1.98022,1.13,1.13
2013.09.05 07:38:23.113,1.9797,1.98015,1.13,1.13
2013.09.05 07:38:23.230,1.97972,1.98024,1.13,1.50
2013.09.05 07:38:27.610,1.97978,1.98026,1.13,1.13
2013.09.05 07:38:27.669,1.9798,1.98032,1.13,1.50
2013.09.05 07:38:27.730,1.97985,1.98033,1.50,1.13
2013.09.05 07:38:28.089,1.97985,1.98033,1.50,1.13
2013.09.05 07:38:28.541,1.97985,1.98033,1.50,1.13
2013.09.05 07:38:28.780,1.97988,1.98032,1.13,1.13
2013.09.05 07:38:29.139,1.98006,1.98054,1.13,1.50
2013.09.05 07:38:29.199,1.98006,1.98052,1.13,1.13
2013.09.05 07:38:29.319,1.98006,1.98054,1.13,1.13
2013.09.05 07:38:29.439,1.97999,1.98045,1.50,1.13
2013.09.05 07:38:29.738,1.97995,1.98044,1.13,1.13
2013.09.05 07:38:30.038,1.97996,1.98044,1.50,1.13
2013.09.05 07:38:30.143,1.97996,1.98044,1.50,1.13
2013.09.05 07:38:30.259,1.97994,1.98044,1.13,1.50
2013.09.05 07:38:30.519,1.97995,1.98044,1.13,1.50
2013.09.05 07:38:30.639,1.97995,1.98044,1.13,1.50
2013.09.05 07:38:31.215,1.97989,1.98035,1.13,1.13
2013.09.05 07:38:31.750,1.97995,1.98045,1.13,1.13
2013.09.05 07:38:31.871,1.97995,1.98045,1.50,1.88
2013.09.05 07:38:31.990,1.97995,1.98045,1.13,1.88
2013.09.05 07:38:32.279,1.97987,1.98038,1.13,1.13
2013.09.05 07:38:32.400,1.97987,1.98038,1.13,1.13
2013.09.05 07:38:33.162,1.97991,1.98045,1.13,2.25
2013.09.05 07:38:33.969,1.97987,1.98041,1.13,1.13
2013.09.05 07:38:34.207,1.97987,1.98039,1.13,1.13
2013.09.05 07:38:34.509,1.97987,1.98039,1.13,1.13
2013.09.05 07:38:34.629,1.97987,1.98043,1.13,1.13
2013.09.05 07:38:35.132,1.97987,1.98043,1.13,1.13
2013.09.05 07:38:39.420,1.97992,1.98045,1.13,1.50
2013.09.05 07:38:39.775,1.97992,1.98045,1.13,1.50
2013.09.05 07:38:40.298,1.97992,1.98045,1.13,1.50
2013.09.05 07:38:41.189,1.97992,1.98045,1.13,1.50
2013.09.05 07:38:41.291,1.97992,1.98045,1.13,1.50
2013.09.05 07:38:41.410,1.97992,1.98047,1.13,1.13
2013.09.05 07:38:41.530,1.97997,1.98052,1.13,1.13
2013.09.05 07:38:41.590,1.97996,1.98052,1.50,1.13
2013.09.05 07:38:41.649,1.97996,1.98052,1.88,1.13
2013.09.05 07:38:41.831,1.97997,1.98054,1.13,1.13
2013.09.05 07:38:42.170,1.97996,1.98054,1.50,1.13
2013.09.05 07:38:42.348,1.97994,1.9805,1.50,1.13
2013.09.05 07:38:42.797,1.97994,1.9805,1.50,1.13
2013.09.05 07:38:44.379,1.97994,1.9805,1.50,1.13
2013.09.05 07:38:44.571,1.97993,1.98044,1.13,1.13
2013.09.05 07:38:44.969,1.97995,1.9805,1.13,1.13
2013.09.05 07:38:45.088,1.97995,1.98054,1.50,1.13
2013.09.05 07:38:45.409,1.97995,1.98055,1.50,1.50
2013.09.05 07:38:45.470,1.97995,1.98055,1.50,1.50
2013.09.05 07:38:46.538,1.97995,1.9805,1.13,1.13
2013.09.05 07:38:47.610,1.97995,1.9805,1.50,1.13
2013.09.05 07:38:48.444,1.97995,1.9805,1.13,1.13
2013.09.05 07:38:48.665,1.97995,1.9805,1.50,1.13
2013.09.05 07:38:54.728,1.97995,1.9805,1.13,1.13
2013.09.05 07:38:55.147,1.97995,1.9805,1.13,1.13
2013.09.05 07:38:56.269,1.97991,1.98044,1.13,1.13
2013.09.05 07:38:59.378,1.97991,1.98044,1.13,1.13
2013.09.05 07:38:59.598,1.97989,1.98044,1.13,1.13
2013.09.05 07:39:00.139,1.97989,1.98044,1.50,1.13
2013.09.05 07:39:00.199,1.97991,1.98044,1.13,1.13
2013.09.05 07:39:04.380,1.97996,1.98044,1.13,1.13
2013.09.05 07:39:04.909,1.97996,1.98053,1.50,1.13
2013.09.05 07:39:07.445,1.97996,1.98053,1.50,1.13
2013.09.05 07:39:11.545,1.97996,1.98054,1.50,1.50
2013.09.05 07:39:17.799,1.97996,1.98052,1.50,1.13
2013.09.05 07:39:17.919,1.97996,1.98052,1.50,1.13
2013.09.05 07:39:21.678,1.97996,1.98052,1.50,1.13
2013.09.05 07:39:22.730,1.97996,1.98052,1.13,1.13
2013.09.05 07:39:24.939,1.97996,1.98052,1.50,1.13
2013.09.05 07:39:25.219,1.97993,1.98045,1.13,1.13
2013.09.05 07:39:25.339,1.9799,1.98044,1.13,1.13
2013.09.05 07:39:25.460,1.97986,1.98042,1.13,1.13
2013.09.05 07:39:25.579,1.97986,1.98043,1.13,1.50
2013.09.05 07:39:25.879,1.97986,1.98043,1.13,1.88
2013.09.05 07:39:26.001,1.97992,1.98043,1.13,1.88
2013.09.05 07:39:26.119,1.97986,1.98043,1.13,1.88
2013.09.05 07:39:26.428,1.97986,1.98038,1.13,1.13
2013.09.05 07:39:27.397,1.97986,1.98038,1.13,1.13
2013.09.05 07:39:27.464,1.97983,1.98038,1.13,1.13
2013.09.05 07:39:29.618,1.97983,1.98038,1.13,1.13
2013.09.05 07:39:29.680,1.97988,1.98038,1.13,1.13
2013.09.05 07:39:29.741,1.97985,1.98037,1.13,1.50
2013.09.05 07:39:29.860,1.97985,1.98035,1.13,1.13
2013.09.05 07:39:30.175,1.97983,1.98041,1.50,1.13
2013.09.05 07:39:30.752,1.97996,1.98037,1.13,1.13
2013.09.05 07:39:31.109,1.97993,1.98043,1.13,1.50
2013.09.05 07:39:31.732,1.97986,1.98039,1.88,1.50
2013.09.05 07:39:31.989,1.97986,1.98036,1.50,1.13
2013.09.05 07:39:32.169,1.97984,1.98035,1.13,1.13
2013.09.05 07:39:32.289,1.97977,1.98024,1.13,1.50
2013.09.05 07:39:32.409,1.97965,1.98014,1.69,1.13
2013.09.05 07:39:32.529,1.97965,1.98014,1.13,1.50
2013.09.05 07:39:32.589,1.97956,1.98008,1.50,1.13
2013.09.05 07:39:32.749,1.97955,1.98004,1.13,1.13
2013.09.05 07:39:32.989,1.97945,1.98,1.13,1.13
2013.09.05 07:39:34.280,1.97946,1.97998,1.13,1.50
2013.09.05 07:39:34.589,1.97946,1.97998,1.13,1.50
2013.09.05 07:39:34.969,1.97938,1.97992,1.13,1.50
2013.09.05 07:39:35.149,1.97932,1.97985,1.50,1.13
2013.09.05 07:39:35.269,1.97935,1.97985,1.13,1.13
2013.09.05 07:39:36.657,1.97935,1.97985,1.13,1.88
2013.09.05 07:39:39.021,1.97935,1.97985,1.13,1.88
2013.09.05 07:39:39.625,1.97935,1.97985,1.13,1.50
2013.09.05 07:39:40.110,1.97935,1.97985,1.13,1.50
2013.09.05 07:39:41.025,1.97946,1.97987,1.13,1.50
2013.09.05 07:39:41.089,1.97936,1.97986,1.13,1.13
2013.09.05 07:39:41.165,1.97936,1.97986,1.13,1.13
2013.09.05 07:39:41.408,1.97936,1.97986,1.50,1.88
2013.09.05 07:39:42.109,1.97936,1.97984,1.50,1.50
2013.09.05 07:39:43.080,1.97936,1.97985,1.50,1.50
2013.09.05 07:39:43.619,1.97936,1.97986,1.50,1.13
2013.09.05 07:39:43.980,1.97936,1.97987,1.50,1.13
2013.09.05 07:39:44.682,1.97936,1.9799,1.50,1.13
2013.09.05 07:39:48.122,1.97935,1.97986,1.50,1.13
2013.09.05 07:39:48.425,1.97942,1.97981,1.13,1.50
2013.09.05 07:39:48.729,1.97935,1.97981,1.50,1.50
2013.09.05 07:39:50.488,1.97936,1.97983,1.50,1.13
2013.09.05 07:39:50.990,1.97936,1.97986,1.50,1.13
2013.09.05 07:39:51.060,1.97936,1.97989,1.50,1.50
2013.09.05 07:39:53.409,1.97931,1.97985,1.13,1.13
2013.09.05 07:39:53.529,1.9793,1.97984,1.09,1.50
2013.09.05 07:39:53.830,1.97934,1.97986,1.13,1.13
2013.09.05 07:39:55.558,1.9794,1.97986,1.13,1.13
2013.09.05 07:39:58.809,1.9794,1.97986,1.13,1.13
2013.09.05 07:40:02.065,1.97935,1.97986,1.13,1.50
2013.09.05 07:40:02.176,1.97942,1.97986,1.13,1.13
2013.09.05 07:40:03.086,1.97936,1.97986,1.13,1.88
2013.09.05 07:40:03.492,1.97928,1.9798,1.13,1.13
2013.09.05 07:40:04.159,1.9793,1.97978,1.13,1.13
2013.09.05 07:40:04.376,1.97935,1.97978,1.13,1.13
2013.09.05 07:40:05.859,1.97936,1.97983,1.13,1.13
2013.09.05 07:40:06.356,1.97928,1.97983,1.50,1.13
2013.09.05 07:40:06.465,1.97934,1.97983,1.13,1.13
2013.09.05 07:40:08.388,1.97936,1.97983,1.13,1.13
2013.09.05 07:40:08.449,1.97936,1.97986,1.13,1.13
2013.09.05 07:40:08.629,1.97936,1.97985,1.50,1.13
2013.09.05 07:40:08.689,1.97936,1.97984,1.88,1.13
2013.09.05 07:40:09.580,1.97936,1.97984,1.13,1.13
2013.09.05 07:40:09.761,1.97936,1.97984,1.13,1.13
2013.09.05 07:40:09.944,1.97936,1.97984,1.13,1.13
2013.09.05 07:40:10.449,1.97933,1.97984,1.13,1.13
2013.09.05 07:40:10.790,1.97928,1.97979,1.13,1.13
2013.09.05 07:40:11.091,1.97931,1.97984,1.13,1.13
2013.09.05 07:40:11.860,1.97933,1.97984,1.13,1.13
2013.09.05 07:40:13.333,1.97932,1.97988,1.13,1.50
2013.09.05 07:40:13.909,1.97934,1.97985,1.13,1.13
2013.09.05 07:40:14.209,1.97935,1.97985,1.13,1.13
2013.09.05 07:40:14.329,1.97935,1.97985,1.13,1.13
2013.09.05 07:40:14.697,1.97935,1.97989,1.88,1.50
2013.09.05 07:40:16.401,1.97945,1.97996,1.13,1.13
2013.09.05 07:40:16.461,1.97946,1.98001,1.13,1.50
2013.09.05 07:40:16.579,1.97948,1.98002,1.50,1.13
2013.09.05 07:40:17.381,1.97946,1.98002,1.13,1.13
2013.09.05 07:40:18.119,1.97945,1.98,1.50,1.13
2013.09.05 07:40:19.280,1.97945,1.98,1.50,1.13
2013.09.05 07:40:20.451,1.97944,1.97999,1.88,1.50
2013.09.05 07:40:20.569,1.97945,1.98,1.13,1.13
2013.09.05 07:40:20.689,1.97945,1.98,1.50,1.13
2013.09.05 07:40:21.023,1.97944,1.97999,1.88,1.50
2013.09.05 07:40:21.079,1.97946,1.98003,1.50,1.13
2013.09.05 07:40:22.399,1.97952,1.98006,1.13,1.50
2013.09.05 07:40:22.941,1.97946,1.98004,1.50,1.50
2013.09.05 07:40:23.651,1.97946,1.98004,1.50,1.50
2013.09.05 07:40:23.828,1.97946,1.98,1.13,1.13
2013.09.05 07:40:25.420,1.97946,1.98002,1.13,1.88
2013.09.05 07:40:26.319,1.97946,1.98002,1.50,1.50
2013.09.05 07:40:26.680,1.97955,1.98003,1.13,1.13
2013.09.05 07:40:27.255,1.97955,1.98005,1.13,1.13
2013.09.05 07:40:28.889,1.97955,1.98006,1.13,1.13
2013.09.05 07:40:29.191,1.97968,1.98014,1.50,1.50
2013.09.05 07:40:29.510,1.97975,1.98014,1.13,1.13
2013.09.05 07:40:29.679,1.97975,1.98014,1.13,1.13
2013.09.05 07:40:33.419,1.97975,1.98019,1.13,1.13
2013.09.05 07:40:34.109,1.97977,1.98019,1.13,1.13
2013.09.05 07:40:34.169,1.9798,1.98019,1.13,1.13
2013.09.05 07:40:35.221,1.97975,1.98025,1.50,1.13
2013.09.05 07:40:38.439,1.97975,1.98025,1.13,1.50
2013.09.05 07:40:44.148,1.97975,1.9802,1.13,1.13
2013.09.05 07:40:45.899,1.97966,1.98014,1.13,1.13
2013.09.05 07:40:46.200,1.97966,1.98013,1.13,1.13
2013.09.05 07:40:46.420,1.97966,1.98013,1.13,1.13
2013.09.05 07:40:47.180,1.97966,1.98014,1.13,1.50
2013.09.05 07:40:47.529,1.97956,1.98009,1.88,1.13
2013.09.05 07:40:47.589,1.97956,1.98006,1.13,1.13
2013.09.05 07:40:47.981,1.97956,1.98009,1.13,1.50
2013.09.05 07:40:49.799,1.97956,1.98011,1.13,1.13
2013.09.05 07:40:51.070,1.97956,1.98014,1.13,1.50
2013.09.05 07:40:51.189,1.97955,1.9801,1.13,1.50
2013.09.05 07:40:51.310,1.97948,1.97991,1.13,1.13
2013.09.05 07:40:53.921,1.97945,1.97991,1.13,1.50
2013.09.05 07:40:54.049,1.97945,1.97991,1.13,1.50
2013.09.05 07:40:56.425,1.97945,1.97991,1.13,1.50
2013.09.05 07:41:00.389,1.97944,1.97989,1.13,1.13
2013.09.05 07:41:00.619,1.97936,1.97989,1.13,1.13
2013.09.05 07:41:00.720,1.97936,1.97989,1.13,1.13
2013.09.05 07:41:01.069,1.97936,1.97989,1.13,1.13
2013.09.05 07:41:01.817,1.97936,1.9799,1.13,1.13
2013.09.05 07:41:02.467,1.97935,1.97986,1.13,1.13
2013.09.05 07:41:03.021,1.97936,1.97989,1.13,1.13
2013.09.05 07:41:04.120,1.97936,1.97989,1.13,1.13
2013.09.05 07:41:04.877,1.97935,1.97986,1.13,1.13
2013.09.05 07:41:05.229,1.97936,1.97989,1.13,1.13
2013.09.05 07:41:06.971,1.97942,1.97989,1.13,1.13
2013.09.05 07:41:08.309,1.97935,1.97987,1.13,1.13
2013.09.05 07:41:08.440,1.97935,1.97987,1.13,1.13
2013.09.05 07:41:11.739,1.97935,1.97988,1.13,1.50
2013.09.05 07:41:11.978,1.97935,1.97988,1.13,1.50
2013.09.05 07:41:14.460,1.97945,1.9799,1.13,1.13
2013.09.05 07:41:14.680,1.97945,1.9799,1.13,1.13
2013.09.05 07:41:14.959,1.97937,1.9799,1.13,1.13
2013.09.05 07:41:15.330,1.97936,1.97983,1.13,1.13
2013.09.05 07:41:16.350,1.97942,1.97986,1.13,1.13
2013.09.05 07:41:16.650,1.97945,1.97991,1.13,1.13
2013.09.05 07:41:17.231,1.97945,1.97991,1.13,1.13
2013.09.05 07:41:17.468,1.97945,1.97991,1.13,1.13
2013.09.05 07:41:17.919,1.97945,1.97991,1.13,1.13
2013.09.05 07:41:18.278,1.97945,1.97991,1.13,1.13
2013.09.05 07:41:18.585,1.97945,1.97993,1.13,1.13
2013.09.05 07:41:18.865,1.97945,1.97991,1.13,1.13
2013.09.05 07:41:18.989,1.97945,1.97991,1.13,1.13
2013.09.05 07:41:19.979,1.97945,1.97991,1.13,1.13
2013.09.05 07:41:21.280,1.97945,1.97991,1.13,1.13
2013.09.05 07:41:21.885,1.97945,1.97991,1.13,1.13
2013.09.05 07:41:21.950,1.97945,1.97991,1.13,1.13
2013.09.05 07:41:22.164,1.97945,1.97991,1.13,1.13
2013.09.05 07:41:22.393,1.97945,1.97991,1.13,1.13
2013.09.05 07:41:23.226,1.97945,1.97991,1.13,1.13
2013.09.05 07:41:23.565,1.97945,1.97992,1.13,1.13
2013.09.05 07:41:25.719,1.97945,1.97991,1.13,1.13
2013.09.05 07:41:25.904,1.97945,1.97991,1.13,1.13
2013.09.05 07:41:27.110,1.97945,1.97991,1.13,1.13
2013.09.05 07:41:27.639,1.97945,1.97991,1.13,1.13
2013.09.05 07:41:31.319,1.97945,1.97994,1.13,1.13
2013.09.05 07:41:31.649,1.97954,1.97995,1.13,1.50
2013.09.05 07:41:35.789,1.97946,1.97994,1.13,1.50
2013.09.05 07:41:36.034,1.97946,1.97994,1.13,1.50
2013.09.05 07:41:36.469,1.97946,1.97991,1.13,1.13
2013.09.05 07:41:38.307,1.97944,1.97991,1.13,1.13
2013.09.05 07:41:38.499,1.97945,1.97991,1.13,1.13
2013.09.05 07:41:42.400,1.97944,1.97991,1.13,1.13
2013.09.05 07:41:43.509,1.97945,1.97991,1.13,1.13
2013.09.05 07:41:44.539,1.97946,1.97992,1.13,1.13
2013.09.05 07:41:44.599,1.97951,1.97992,1.13,1.13
2013.09.05 07:41:44.992,1.97945,1.97991,1.13,1.13
2013.09.05 07:41:45.399,1.97954,1.97994,1.13,1.13
2013.09.05 07:41:45.779,1.97954,1.97998,1.13,1.13
2013.09.05 07:41:45.920,1.97956,1.97998,1.13,1.13
2013.09.05 07:41:49.110,1.97956,1.98002,1.13,1.13
2013.09.05 07:41:50.610,1.97956,1.97996,1.13,1.13
2013.09.05 07:41:50.969,1.97944,1.97994,1.50,1.13
2013.09.05 07:41:51.669,1.97944,1.97995,1.50,1.50
2013.09.05 07:41:53.790,1.97944,1.97995,1.13,1.50
2013.09.05 07:41:56.153,1.97944,1.97995,1.13,1.50
2013.09.05 07:41:56.430,1.97944,1.97993,1.13,1.13
2013.09.05 07:41:56.705,1.97944,1.97993,1.13,1.13
2013.09.05 07:41:57.419,1.97944,1.97996,1.13,1.13
2013.09.05 07:41:59.459,1.97941,1.97993,1.13,1.13
2013.09.05 07:42:00.320,1.97944,1.97993,1.13,1.13
2013.09.05 07:42:08.399,1.97956,1.97998,1.13,1.50
2013.09.05 07:42:08.459,1.97956,1.98003,1.13,1.13
2013.09.05 07:42:08.579,1.97956,1.98004,1.50,1.50
2013.09.05 07:42:10.499,1.97958,1.98004,1.13,1.13
2013.09.05 07:42:19.691,1.97956,1.98004,1.13,1.50
2013.09.05 07:42:20.479,1.97952,1.97999,1.13,1.13
2013.09.05 07:42:20.900,1.97934,1.97984,1.13,1.13
2013.09.05 07:42:20.959,1.97932,1.97984,1.13,1.13
2013.09.05 07:42:21.432,1.97926,1.97984,1.50,1.88
2013.09.05 07:42:21.894,1.97926,1.97984,1.13,1.88
2013.09.05 07:42:22.859,1.97926,1.97978,1.88,1.13
2013.09.05 07:42:23.410,1.97927,1.97974,1.13,1.50
2013.09.05 07:42:24.425,1.97926,1.97974,1.50,1.50
2013.09.05 07:42:24.869,1.97926,1.97974,1.50,1.50
2013.09.05 07:42:24.989,1.97917,1.97975,1.50,1.50
2013.09.05 07:42:25.110,1.97917,1.97972,1.13,1.13
2013.09.05 07:42:25.963,1.97917,1.97972,1.13,1.13
2013.09.05 07:42:26.509,1.97916,1.97972,1.13,1.13
2013.09.05 07:42:27.050,1.97916,1.97966,1.13,1.09
2013.09.05 07:42:27.410,1.97907,1.97954,1.13,1.13
2013.09.05 07:42:27.469,1.97907,1.97956,1.13,1.13
2013.09.05 07:42:27.589,1.97907,1.97956,1.13,1.13
2013.09.05 07:42:27.649,1.9792,1.97958,1.13,1.13
2013.09.05 07:42:27.890,1.9792,1.97958,1.13,1.13
2013.09.05 07:42:27.950,1.97922,1.9797,1.13,1.50
2013.09.05 07:42:28.320,1.97915,1.97964,1.13,1.13
2013.09.05 07:42:28.380,1.97912,1.97964,1.13,1.13
2013.09.05 07:42:28.619,1.97904,1.97957,3.00,1.13
2013.09.05 07:42:28.859,1.97901,1.97958,1.13,1.50
2013.09.05 07:42:28.919,1.97898,1.97954,1.13,1.13
2013.09.05 07:42:29.919,1.97896,1.97954,2.63,1.13
2013.09.05 07:42:31.809,1.97901,1.97956,1.13,1.13
2013.09.05 07:42:32.123,1.97901,1.97956,1.13,1.13
2013.09.05 07:42:32.670,1.97901,1.97956,1.13,1.13
2013.09.05 07:42:33.430,1.97901,1.97956,1.50,1.13
2013.09.05 07:42:34.135,1.97901,1.97958,1.13,1.50
2013.09.05 07:42:35.422,1.97901,1.97958,1.13,1.50
2013.09.05 07:42:38.980,1.97902,1.97957,1.13,1.13
2013.09.05 07:42:39.054,1.97901,1.97957,1.13,1.13
2013.09.05 07:42:39.410,1.97903,1.97949,1.13,1.13
2013.09.05 07:42:39.651,1.97895,1.97945,1.13,1.13
2013.09.05 07:42:39.830,1.97895,1.97938,1.13,1.13
2013.09.05 07:42:40.015,1.97889,1.97944,1.13,1.50
2013.09.05 07:42:40.129,1.97886,1.97944,1.13,1.50
2013.09.05 07:42:40.189,1.97886,1.97943,1.13,1.13
2013.09.05 07:42:40.249,1.97885,1.97937,1.13,1.13
2013.09.05 07:42:41.251,1.97885,1.97941,1.50,1.50
2013.09.05 07:42:41.729,1.97885,1.97933,1.50,1.13
2013.09.05 07:42:42.362,1.97885,1.97933,1.13,1.13
2013.09.05 07:42:42.464,1.97885,1.97933,1.13,1.13
2013.09.05 07:42:43.009,1.97885,1.97932,1.13,1.13
2013.09.05 07:42:43.555,1.97885,1.97931,1.13,1.13
2013.09.05 07:42:43.739,1.97876,1.9793,1.50,1.13
2013.09.05 07:42:43.798,1.97876,1.9793,1.50,1.13
2013.09.05 07:42:43.918,1.97875,1.97926,1.13,1.13
2013.09.05 07:42:44.159,1.97867,1.97925,1.50,1.13
2013.09.05 07:42:48.135,1.97869,1.97923,1.13,1.13
2013.09.05 07:42:48.214,1.97869,1.97929,1.13,1.13
2013.09.05 07:42:48.799,1.97872,1.97929,1.13,1.13
2013.09.05 07:42:49.591,1.97872,1.97929,1.13,1.13
2013.09.05 07:42:50.239,1.97875,1.97929,1.13,1.13
2013.09.05 07:42:53.400,1.97875,1.97929,1.13,1.13
2013.09.05 07:42:54.593,1.97873,1.97925,1.13,1.13
2013.09.05 07:42:56.138,1.97869,1.97925,1.50,1.50
2013.09.05 07:42:57.789,1.97868,1.97925,1.13,3.00
2013.09.05 07:42:57.999,1.97865,1.97925,1.13,3.00
2013.09.05 07:42:58.059,1.97863,1.97923,1.50,1.13
2013.09.05 07:42:58.120,1.9787,1.97923,1.84,1.13
2013.09.05 07:42:58.429,1.97921,1.9797,1.13,1.13
2013.09.05 07:42:58.489,1.97922,1.9798,1.13,1.13
2013.09.05 07:42:58.609,1.97924,1.9798,1.13,1.13
2013.09.05 07:42:58.910,1.9792,1.97974,1.13,1.13
2013.09.05 07:42:59.389,1.97917,1.97974,1.88,1.13
2013.09.05 07:43:01.704,1.97925,1.97977,1.13,1.13
2013.09.05 07:43:01.769,1.97925,1.9798,1.13,1.88
2013.09.05 07:43:02.049,1.97926,1.97979,1.50,1.13
2013.09.05 07:43:03.309,1.9793,1.97986,1.13,1.13
2013.09.05 07:43:03.369,1.97926,1.97985,1.13,1.13
2013.09.05 07:43:03.610,1.97931,1.97985,1.13,1.50
2013.09.05 07:43:05.519,1.97931,1.97984,1.13,1.50
2013.09.05 07:43:05.879,1.97927,1.97984,1.13,1.50
2013.09.05 07:43:11.129,1.97936,1.97984,1.13,1.50
2013.09.05 07:43:11.736,1.97937,1.97984,1.13,1.50
2013.09.05 07:43:18.639,1.97937,1.97984,1.50,1.50
2013.09.05 07:43:18.759,1.97938,1.97987,1.13,1.13
2013.09.05 07:43:19.129,1.97941,1.9799,1.13,1.50
2013.09.05 07:43:21.659,1.97941,1.97989,1.47,1.50
2013.09.05 07:43:22.031,1.97945,1.97996,1.13,1.50
2013.09.05 07:43:22.929,1.97955,1.98003,1.13,1.50
2013.09.05 07:43:22.989,1.97955,1.98003,1.13,1.50
2013.09.05 07:43:29.910,1.97956,1.97998,1.13,1.50
2013.09.05 07:43:30.209,1.97943,1.97992,1.13,1.50
2013.09.05 07:43:30.329,1.97943,1.97992,1.13,1.50
2013.09.05 07:43:30.640,1.97937,1.97985,1.13,1.13
2013.09.05 07:43:30.940,1.97936,1.9799,1.13,1.50
2013.09.05 07:43:30.999,1.97936,1.9799,1.13,1.50
2013.09.05 07:43:36.230,1.97951,1.97995,1.13,1.13
2013.09.05 07:43:36.766,1.97952,1.98002,1.13,1.13
2013.09.05 07:43:38.339,1.97954,1.98002,1.13,1.13
2013.09.05 07:43:39.160,1.97952,1.98002,1.50,1.13
2013.09.05 07:43:39.653,1.97952,1.98002,1.50,1.13
2013.09.05 07:43:40.089,1.97952,1.98003,1.50,1.50
2013.09.05 07:43:40.557,1.97956,1.98003,1.13,1.50
2013.09.05 07:43:41.699,1.97952,1.98003,1.50,1.50
2013.09.05 07:43:41.759,1.97952,1.98003,1.50,1.50
2013.09.05 07:43:44.219,1.97955,1.98013,1.13,1.50
2013.09.05 07:43:44.340,1.97955,1.98013,1.13,1.50
2013.09.05 07:43:44.920,1.97955,1.98013,1.50,1.50
2013.09.05 07:43:45.161,1.97965,1.98014,1.13,1.13
2013.09.05 07:43:45.220,1.97964,1.98019,1.13,1.50
2013.09.05 07:43:45.410,1.97965,1.98019,1.13,1.50
2013.09.05 07:43:45.930,1.97965,1.98019,1.13,1.50
2013.09.05 07:43:49.499,1.97965,1.98019,1.13,1.88
2013.09.05 07:43:49.896,1.97965,1.98019,1.13,1.50
2013.09.05 07:43:49.959,1.97961,1.98019,1.13,1.50
2013.09.05 07:43:50.019,1.97961,1.98012,1.13,1.50
2013.09.05 07:43:50.139,1.97956,1.98012,1.50,1.50
2013.09.05 07:43:50.259,1.97956,1.98006,1.50,1.13
2013.09.05 07:43:50.886,1.97956,1.9801,1.50,1.50
2013.09.05 07:43:51.209,1.97965,1.9801,1.13,1.50
2013.09.05 07:43:51.329,1.97965,1.98016,1.13,1.50
2013.09.05 07:43:52.089,1.97964,1.98022,1.13,1.50
2013.09.05 07:44:04.358,1.97965,1.98016,1.13,1.50
2013.09.05 07:44:05.620,1.97965,1.98016,1.13,1.50
2013.09.05 07:44:06.060,1.97965,1.98028,1.50,1.13
2013.09.05 07:44:06.119,1.97965,1.98028,1.88,1.13
2013.09.05 07:44:06.180,1.97965,1.98028,1.88,1.13
2013.09.05 07:44:07.019,1.97967,1.98028,1.13,1.13
2013.09.05 07:44:07.079,1.9797,1.98028,1.13,1.13
2013.09.05 07:44:17.526,1.97973,1.98035,1.13,1.50
2013.09.05 07:44:17.589,1.97973,1.98035,1.13,1.50
2013.09.05 07:44:29.671,1.97976,1.98034,2.63,1.50
2013.09.05 07:44:29.730,1.97976,1.98034,2.63,1.13
2013.09.05 07:44:30.870,1.97979,1.98036,1.13,1.13
2013.09.05 07:44:31.631,1.97983,1.98036,1.13,1.13
2013.09.05 07:44:32.191,1.97983,1.98039,1.13,1.13
2013.09.05 07:44:32.369,1.97983,1.98041,1.13,1.13
2013.09.05 07:44:33.161,1.97985,1.98041,1.13,1.13
2013.09.05 07:44:33.279,1.97986,1.98044,1.50,1.13
2013.09.05 07:44:33.469,1.97986,1.98046,1.50,1.13
2013.09.05 07:44:35.005,1.97996,1.98058,1.13,1.13
2013.09.05 07:44:35.131,1.97998,1.9806,1.13,1.50
2013.09.05 07:44:35.192,1.98001,1.9806,1.13,1.50
2013.09.05 07:44:35.719,1.97998,1.98065,1.88,2.25
2013.09.05 07:44:35.839,1.98005,1.98067,1.50,1.13
2013.09.05 07:44:36.289,1.98005,1.98065,1.13,1.50
2013.09.05 07:44:37.148,1.98005,1.98064,1.13,1.50
2013.09.05 07:44:41.670,1.98004,1.98063,1.13,1.50
2013.09.05 07:44:42.215,1.97999,1.98056,1.50,1.50
2013.09.05 07:44:43.049,1.98006,1.98064,1.50,1.50
2013.09.05 07:44:43.490,1.98006,1.98064,1.50,1.50
2013.09.05 07:44:43.919,1.98002,1.98065,1.50,1.50
2013.09.05 07:44:43.979,1.98002,1.98063,1.50,1.13
2013.09.05 07:44:44.535,1.97998,1.98062,1.13,1.13
2013.09.05 07:44:44.601,1.97998,1.98061,1.13,1.13
2013.09.05 07:44:44.781,1.98003,1.98062,1.13,1.13
2013.09.05 07:44:44.931,1.98007,1.98064,1.13,2.25
2013.09.05 07:44:44.990,1.98013,1.98064,1.13,1.13
2013.09.05 07:44:45.350,1.98031,1.98087,1.13,2.25
2013.09.05 07:44:45.469,1.98031,1.98089,2.25,1.13
2013.09.05 07:44:45.530,1.98036,1.9809,1.13,1.13
2013.09.05 07:44:45.860,1.98041,1.98091,1.13,1.13
2013.09.05 07:44:46.640,1.98032,1.98088,1.13,1.13
2013.09.05 07:44:48.179,1.98029,1.98084,1.13,1.13
2013.09.05 07:44:48.500,1.98026,1.98084,1.50,1.13
2013.09.05 07:44:49.719,1.98027,1.98084,1.13,1.13
2013.09.05 07:44:52.772,1.98029,1.98087,1.13,1.50
2013.09.05 07:44:53.214,1.98025,1.98085,1.50,1.13
2013.09.05 07:44:54.308,1.98027,1.98084,1.13,1.13
2013.09.05 07:44:54.511,1.98025,1.98078,1.13,1.13
2013.09.05 07:44:55.010,1.98022,1.98074,1.13,1.50
2013.09.05 07:44:59.969,1.98016,1.98072,1.13,1.13
2013.09.05 07:45:03.079,1.98008,1.98072,1.13,1.88
2013.09.05 07:45:04.811,1.98006,1.98065,1.50,1.13
2013.09.05 07:45:05.050,1.98006,1.98062,1.13,1.13
2013.09.05 07:45:05.633,1.98006,1.98062,1.13,1.13
2013.09.05 07:45:06.189,1.98006,1.98062,1.13,1.13
2013.09.05 07:45:08.240,1.98006,1.98062,1.13,1.13
2013.09.05 07:45:08.726,1.98,1.98062,1.50,1.88
2013.09.05 07:45:09.371,1.98006,1.98062,1.13,1.50
2013.09.05 07:45:09.610,1.98011,1.98068,1.13,1.13
2013.09.05 07:45:09.950,1.98016,1.9807,1.50,1.50
2013.09.05 07:45:10.670,1.98016,1.9807,1.50,1.13
2013.09.05 07:45:18.939,1.98011,1.9807,1.13,1.50
2013.09.05 07:45:19.566,1.98011,1.9807,1.13,1.88
2013.09.05 07:45:20.050,1.98012,1.98072,1.13,1.13
2013.09.05 07:45:20.171,1.98012,1.98074,1.13,1.50
2013.09.05 07:45:20.390,1.98012,1.98074,1.13,1.50
2013.09.05 07:45:22.529,1.98015,1.98074,1.13,1.50
2013.09.05 07:45:22.589,1.98015,1.98074,1.50,1.50
2013.09.05 07:45:22.860,1.98016,1.98074,1.13,1.50
2013.09.05 07:45:23.859,1.98015,1.98074,1.50,1.50
2013.09.05 07:45:26.080,1.98016,1.98072,1.13,1.13
2013.09.05 07:45:26.691,1.98016,1.98073,1.13,1.13
2013.09.05 07:45:27.589,1.98015,1.98074,1.13,1.50
2013.09.05 07:45:28.867,1.98012,1.98067,1.13,1.13
2013.09.05 07:45:28.929,1.98005,1.98065,1.50,1.50
2013.09.05 07:45:29.049,1.98004,1.98059,1.13,1.13
2013.09.05 07:45:32.740,1.97996,1.98056,1.50,1.13
2013.09.05 07:45:37.082,1.97996,1.98054,1.50,1.13
2013.09.05 07:45:37.139,1.97996,1.98054,1.50,1.50
2013.09.05 07:45:43.626,1.97992,1.98051,1.13,1.13
2013.09.05 07:45:43.749,1.97996,1.98054,1.50,1.13
2013.09.05 07:45:43.870,1.98001,1.9806,1.13,1.88
2013.09.05 07:45:44.220,1.97992,1.98052,1.13,1.13
2013.09.05 07:45:45.210,1.97996,1.98054,1.50,1.13
2013.09.05 07:45:46.419,1.97996,1.98053,1.50,1.13
2013.09.05 07:45:50.940,1.98006,1.98069,1.13,2.25
2013.09.05 07:45:51.000,1.98006,1.98071,1.13,1.50
2013.09.05 07:45:51.060,1.98011,1.98071,1.13,1.50
2013.09.05 07:45:51.239,1.98013,1.98074,1.13,1.50
2013.09.05 07:45:51.420,1.98016,1.98074,1.50,1.13
2013.09.05 07:45:51.877,1.98015,1.98073,1.50,1.88
2013.09.05 07:45:51.999,1.98013,1.98066,1.13,1.13
2013.09.05 07:45:52.179,1.98013,1.98065,1.13,1.13
2013.09.05 07:45:52.580,1.98013,1.98068,1.13,1.13
2013.09.05 07:45:52.989,1.98015,1.98074,1.13,1.13
2013.09.05 07:45:53.049,1.98015,1.98074,1.50,1.13
2013.09.05 07:45:54.509,1.98015,1.98072,1.50,1.13
2013.09.05 07:45:54.629,1.98006,1.9807,1.50,1.50
2013.09.05 07:45:56.669,1.98009,1.9807,1.13,1.50
2013.09.05 07:45:57.461,1.98006,1.9807,1.50,1.50
2013.09.05 07:45:57.879,1.98009,1.98069,1.13,1.50
2013.09.05 07:45:57.999,1.98007,1.98069,1.13,1.50
2013.09.05 07:45:58.286,1.98009,1.98069,1.13,1.50
2013.09.05 07:45:59.936,1.98007,1.98069,1.13,1.50
2013.09.05 07:46:00.579,1.98006,1.98064,1.88,1.13
2013.09.05 07:46:00.879,1.98004,1.98064,1.13,1.50
2013.09.05 07:46:04.299,1.98006,1.98071,1.13,1.50
2013.09.05 07:46:04.517,1.98006,1.98071,1.50,1.50
2013.09.05 07:46:17.860,1.98006,1.98066,1.13,1.50
2013.09.05 07:46:17.920,1.98005,1.98062,1.13,1.13
2013.09.05 07:46:18.100,1.97999,1.98055,1.13,1.13
2013.09.05 07:46:18.459,1.97993,1.98051,1.50,1.50
2013.09.05 07:46:25.370,1.97996,1.98052,1.13,1.50
2013.09.05 07:46:25.961,1.97995,1.98055,1.50,1.13
2013.09.05 07:46:28.394,1.97995,1.98055,2.25,1.13
2013.09.05 07:46:28.450,1.97995,1.98058,2.25,1.13
2013.09.05 07:46:28.671,1.98002,1.98058,1.50,1.13
2013.09.05 07:46:29.051,1.98015,1.9807,1.13,1.13
2013.09.05 07:46:29.379,1.9801,1.98064,1.50,1.13
2013.09.05 07:46:29.755,1.9801,1.9807,1.50,1.13
2013.09.05 07:46:37.486,1.98009,1.9807,1.50,1.13
2013.09.05 07:46:39.796,1.98016,1.98074,1.50,1.50
2013.09.05 07:46:40.039,1.98016,1.98074,2.25,1.13
2013.09.05 07:46:40.099,1.98016,1.98076,2.25,1.69
2013.09.05 07:46:40.159,1.98016,1.98076,1.50,1.69
2013.09.05 07:46:40.399,1.98016,1.98075,1.50,1.13
2013.09.05 07:46:41.171,1.98016,1.98072,1.50,1.13
2013.09.05 07:46:41.529,1.98004,1.98069,2.25,1.50
2013.09.05 07:46:41.590,1.98001,1.98069,3.75,1.50
2013.09.05 07:46:41.650,1.98002,1.98062,1.13,1.13
2013.09.05 07:46:41.709,1.98002,1.98062,1.13,1.13
2013.09.05 07:46:41.770,1.98,1.98062,1.13,1.50
2013.09.05 07:46:44.309,1.98001,1.98064,1.50,1.88
2013.09.05 07:46:44.708,1.98001,1.98064,1.88,1.88
2013.09.05 07:46:47.239,1.97996,1.98058,2.25,1.13
2013.09.05 07:46:47.299,1.97996,1.98056,1.50,1.13
2013.09.05 07:46:47.419,1.97994,1.98054,1.13,1.50
2013.09.05 07:46:47.539,1.97996,1.98056,1.50,1.13
2013.09.05 07:46:49.366,1.97996,1.98056,1.50,1.13
2013.09.05 07:46:50.045,1.97995,1.9805,1.50,1.13
2013.09.05 07:46:50.104,1.97995,1.9805,1.13,1.13
2013.09.05 07:46:55.875,1.97996,1.98054,1.13,1.50
2013.09.05 07:46:56.049,1.97996,1.98054,1.50,1.13
2013.09.05 07:46:56.595,1.97997,1.98056,1.13,1.13
2013.09.05 07:46:57.310,1.97995,1.98058,2.25,1.13
2013.09.05 07:46:57.729,1.98001,1.98064,1.50,1.32
2013.09.05 07:46:58.349,1.98005,1.98073,1.50,1.32
2013.09.05 07:46:58.470,1.98002,1.98065,1.50,1.50
2013.09.05 07:46:59.059,1.98005,1.98067,1.50,1.13
2013.09.05 07:46:59.590,1.98006,1.9807,1.50,1.13
2013.09.05 07:47:00.381,1.98005,1.98067,1.50,1.13
2013.09.05 07:47:00.740,1.98005,1.98067,1.50,1.88
2013.09.05 07:47:01.091,1.98002,1.98062,1.13,1.50
2013.09.05 07:47:01.859,1.98005,1.98061,1.13,1.50
2013.09.05 07:47:02.039,1.98005,1.98061,1.50,1.13
2013.09.05 07:47:03.609,1.98001,1.98061,1.13,1.50
2013.09.05 07:47:04.566,1.97999,1.98061,1.13,1.50
2013.09.05 07:47:05.009,1.97995,1.98056,1.50,1.50
2013.09.05 07:47:09.849,1.97999,1.98056,1.50,1.50
2013.09.05 07:47:11.789,1.98005,1.98061,1.13,1.50
2013.09.05 07:47:24.990,1.98005,1.98063,1.13,1.50
2013.09.05 07:47:26.591,1.97999,1.98058,1.13,1.50
2013.09.05 07:47:26.712,1.97996,1.98051,1.50,1.13
2013.09.05 07:47:26.771,1.97995,1.98051,1.13,1.50
2013.09.05 07:47:26.950,1.97996,1.98052,1.13,1.50
2013.09.05 07:47:27.259,1.98002,1.98056,1.13,1.13
2013.09.05 07:47:27.320,1.98002,1.98056,1.13,1.13
2013.09.05 07:47:27.439,1.98006,1.98059,1.13,1.13
2013.09.05 07:47:27.950,1.98006,1.98059,1.13,1.13
2013.09.05 07:47:28.070,1.98003,1.98056,1.13,1.13
2013.09.05 07:47:28.129,1.97998,1.98056,1.13,1.13
2013.09.05 07:47:28.309,1.97995,1.98056,1.13,1.88
2013.09.05 07:47:33.719,1.97995,1.98056,1.88,1.13
2013.09.05 07:47:33.899,1.97996,1.98059,1.50,1.13
2013.09.05 07:47:34.629,1.97995,1.98057,1.50,1.50
2013.09.05 07:47:34.807,1.97995,1.98056,1.50,1.13
2013.09.05 07:47:34.989,1.97995,1.98052,1.13,1.50
2013.09.05 07:47:35.388,1.97991,1.98056,1.88,1.13
2013.09.05 07:47:35.630,1.97995,1.98056,1.50,1.13
2013.09.05 07:47:35.890,1.97995,1.98052,1.13,1.50
2013.09.05 07:47:35.949,1.97991,1.98052,1.13,1.50
2013.09.05 07:47:38.099,1.97995,1.98056,1.50,1.13
2013.09.05 07:47:41.859,1.97991,1.9805,1.50,1.13
2013.09.05 07:47:42.039,1.9799,1.98045,1.13,1.13
2013.09.05 07:47:42.159,1.97991,1.98051,1.13,1.50
2013.09.05 07:47:42.464,1.9799,1.98051,1.13,1.50
2013.09.05 07:47:42.639,1.9799,1.98051,1.13,1.50
2013.09.05 07:47:43.294,1.97994,1.98052,1.13,1.50
2013.09.05 07:47:43.362,1.9799,1.98052,1.13,1.50
2013.09.05 07:47:43.421,1.9799,1.98052,1.13,1.50
2013.09.05 07:47:43.601,1.97992,1.98055,1.13,1.50
2013.09.05 07:47:50.200,1.97999,1.98062,1.13,1.50
2013.09.05 07:47:50.259,1.98003,1.98062,1.13,1.50
2013.09.05 07:47:50.382,1.98005,1.98064,1.50,1.13
2013.09.05 07:47:50.957,1.98005,1.98065,1.50,1.50
2013.09.05 07:47:51.679,1.97999,1.98064,1.13,1.13
2013.09.05 07:47:51.799,1.98001,1.98063,1.13,1.50
2013.09.05 07:47:52.470,1.97995,1.98057,1.88,1.50
2013.09.05 07:47:53.139,1.98002,1.9806,1.13,1.13
2013.09.05 07:47:53.611,1.98002,1.98056,1.13,1.13
2013.09.05 07:47:54.211,1.98009,1.9807,1.13,1.50
2013.09.05 07:47:54.819,1.98009,1.98073,1.13,1.13
2013.09.05 07:47:54.879,1.98015,1.98073,1.13,1.13
2013.09.05 07:47:57.149,1.98013,1.9807,1.13,1.50
2013.09.05 07:47:58.528,1.98008,1.98069,1.13,1.50
2013.09.05 07:47:58.860,1.98008,1.98069,1.13,1.50
2013.09.05 07:47:59.650,1.98008,1.98069,1.13,1.50
2013.09.05 07:48:01.384,1.98008,1.9807,1.13,1.50
2013.09.05 07:48:01.609,1.98008,1.9807,1.13,1.50
2013.09.05 07:48:02.799,1.98008,1.98064,1.13,1.50
2013.09.05 07:48:03.496,1.98002,1.98064,1.13,1.50
2013.09.05 07:48:05.079,1.98009,1.98069,1.13,1.13
2013.09.05 07:48:05.139,1.98009,1.98069,1.13,1.13
2013.09.05 07:48:05.480,1.98009,1.98069,1.13,1.13
2013.09.05 07:48:08.639,1.98005,1.98065,1.50,1.50
2013.09.05 07:48:08.699,1.98009,1.98069,1.13,1.88
2013.09.05 07:48:12.108,1.98009,1.98065,1.13,1.13
2013.09.05 07:48:12.540,1.98009,1.98065,1.13,1.13
2013.09.05 07:48:23.480,1.98009,1.98062,1.13,1.13
2013.09.05 07:48:23.599,1.98006,1.98059,1.88,1.50
2013.09.05 07:48:23.661,1.98004,1.98054,1.13,1.13
2013.09.05 07:48:23.899,1.98004,1.98055,1.13,1.13
2013.09.05 07:48:24.139,1.98004,1.98066,1.13,1.88
2013.09.05 07:48:24.200,1.98005,1.98066,1.50,1.50
2013.09.05 07:48:25.523,1.98006,1.98066,1.13,1.50
2013.09.05 07:48:28.339,1.98006,1.98061,1.13,1.50
2013.09.05 07:48:28.738,1.98001,1.98061,1.88,1.50
2013.09.05 07:48:33.129,1.98001,1.9806,1.13,1.50
2013.09.05 07:48:38.199,1.98001,1.98061,1.13,1.50
2013.09.05 07:48:38.723,1.98001,1.98061,1.13,1.50
2013.09.05 07:48:42.619,1.98001,1.98061,1.13,1.50
2013.09.05 07:48:43.123,1.98001,1.98061,1.13,1.50
2013.09.05 07:48:43.329,1.98005,1.98061,1.13,1.50
2013.09.05 07:48:43.424,1.98001,1.98061,1.13,1.50
2013.09.05 07:48:45.359,1.98001,1.98061,1.13,1.50
2013.09.05 07:48:47.889,1.98001,1.9806,1.13,1.50
2013.09.05 07:48:48.130,1.98006,1.98066,1.13,1.50
2013.09.05 07:48:52.410,1.98006,1.98065,1.13,1.50
2013.09.05 07:48:52.649,1.97999,1.9806,1.13,1.50
2013.09.05 07:48:52.804,1.97999,1.98059,1.13,1.13
2013.09.05 07:48:56.880,1.97999,1.98056,1.13,1.13
2013.09.05 07:48:57.643,1.97999,1.98056,1.13,1.13
2013.09.05 07:49:04.910,1.97999,1.98059,1.13,1.13
2013.09.05 07:49:12.620,1.97997,1.98056,1.13,1.13
2013.09.05 07:49:15.643,1.97997,1.98056,1.13,1.13
2013.09.05 07:49:32.652,1.97998,1.98058,1.13,1.50
2013.09.05 07:49:32.711,1.97998,1.98058,1.13,1.50
2013.09.05 07:49:33.009,1.98003,1.98059,1.13,1.13
2013.09.05 07:49:33.300,1.9801,1.98066,1.13,1.13
2013.09.05 07:49:34.290,1.98004,1.9806,1.13,1.13
2013.09.05 07:49:34.470,1.98003,1.98058,1.13,1.13
2013.09.05 07:49:34.589,1.98003,1.98058,1.13,1.13
2013.09.05 07:49:35.252,1.98008,1.98063,1.50,1.88
2013.09.05 07:49:35.310,1.98009,1.98063,1.13,1.88
2013.09.05 07:49:35.371,1.98008,1.98054,1.88,1.13
2013.09.05 07:49:35.933,1.98003,1.98054,1.13,1.88
2013.09.05 07:49:35.991,1.98005,1.98054,1.13,1.13
2013.09.05 07:49:36.519,1.97999,1.98054,1.13,1.13
2013.09.05 07:49:36.699,1.97999,1.98054,1.13,1.13
2013.09.05 07:49:36.883,1.97999,1.98055,1.13,1.50
2013.09.05 07:49:39.573,1.97999,1.98054,1.13,1.13
2013.09.05 07:49:39.847,1.98001,1.98054,1.50,1.13
2013.09.05 07:49:40.061,1.98002,1.98054,1.13,1.13
2013.09.05 07:49:40.220,1.98002,1.98057,1.13,1.13
2013.09.05 07:49:40.399,1.98002,1.98054,1.13,1.13
2013.09.05 07:49:41.605,1.98001,1.98054,1.50,1.13
2013.09.05 07:49:41.666,1.98001,1.98054,1.50,1.13
2013.09.05 07:49:41.969,1.98001,1.98057,1.13,1.13
2013.09.05 07:49:42.110,1.98001,1.98057,1.13,1.13
2013.09.05 07:49:42.704,1.98005,1.98063,1.50,1.13
2013.09.05 07:49:44.142,1.98007,1.98063,1.13,1.13
2013.09.05 07:49:44.661,1.98007,1.98063,1.13,1.13
2013.09.05 07:49:45.298,1.98006,1.98063,1.50,1.13
2013.09.05 07:49:50.442,1.98006,1.98063,1.88,1.13
2013.09.05 07:49:50.502,1.98007,1.98063,1.13,1.13
2013.09.05 07:49:50.860,1.98008,1.98063,1.13,1.13
2013.09.05 07:49:53.035,1.98008,1.98064,1.13,1.13
2013.09.05 07:49:53.160,1.98008,1.98064,1.13,1.13
2013.09.05 07:49:53.746,1.98007,1.98064,1.13,1.13
2013.09.05 07:49:57.111,1.98013,1.98064,1.13,1.13
2013.09.05 07:49:57.290,1.98003,1.98057,1.13,1.13
2013.09.05 07:49:57.650,1.98005,1.98054,1.13,1.50
2013.09.05 07:49:58.100,1.98002,1.98056,1.13,1.13
2013.09.05 07:49:58.219,1.98002,1.98056,1.13,1.13
2013.09.05 07:50:01.310,1.98009,1.98062,1.13,1.50
2013.09.05 07:50:01.490,1.98007,1.9806,1.13,1.13
2013.09.05 07:50:01.849,1.98005,1.98056,1.13,1.50
2013.09.05 07:50:02.170,1.97998,1.98054,1.13,1.13
2013.09.05 07:50:02.289,1.98,1.98055,1.13,1.13
2013.09.05 07:50:05.349,1.98006,1.98059,1.13,1.13
2013.09.05 07:50:05.900,1.98016,1.98061,1.13,1.13
2013.09.05 07:50:06.079,1.98016,1.98066,1.13,1.13
2013.09.05 07:50:06.201,1.98016,1.98072,1.50,1.13
2013.09.05 07:50:06.291,1.98025,1.98072,1.13,1.13
2013.09.05 07:50:06.622,1.98016,1.98072,1.50,1.13
2013.09.05 07:50:06.680,1.98016,1.98072,1.50,1.13
2013.09.05 07:50:08.836,1.98016,1.98072,1.50,1.13
2013.09.05 07:50:09.079,1.98029,1.98079,1.13,1.50
2013.09.05 07:50:09.156,1.98027,1.98079,1.13,1.50
2013.09.05 07:50:09.399,1.98025,1.98079,2.25,1.50
2013.09.05 07:50:09.639,1.98029,1.98076,1.13,1.13
2013.09.05 07:50:11.180,1.98025,1.98081,1.88,1.13
2013.09.05 07:50:11.360,1.98024,1.98075,1.13,1.13
2013.09.05 07:50:11.700,1.98019,1.98075,1.13,1.13
2013.09.05 07:50:11.760,1.98016,1.98074,2.25,1.50
2013.09.05 07:50:12.125,1.98016,1.98074,1.88,1.50
2013.09.05 07:50:14.574,1.98016,1.98074,1.88,1.50
2013.09.05 07:50:14.915,1.98016,1.98074,1.88,1.13
2013.09.05 07:50:16.562,1.98016,1.98074,1.88,1.13
2013.09.05 07:50:16.682,1.98016,1.98071,1.50,1.13
2013.09.05 07:50:17.000,1.98016,1.98071,1.50,1.13
2013.09.05 07:50:17.119,1.98016,1.98071,1.50,1.13
2013.09.05 07:50:18.061,1.98015,1.98071,1.88,1.13
2013.09.05 07:50:19.083,1.98016,1.98071,1.13,1.88
2013.09.05 07:50:19.242,1.97995,1.98054,1.50,1.13
2013.09.05 07:50:19.747,1.97995,1.98054,1.50,1.13
2013.09.05 07:50:19.983,1.97995,1.98054,1.50,1.13
2013.09.05 07:50:20.200,1.97995,1.98054,1.50,1.13
2013.09.05 07:50:21.180,1.97995,1.98054,1.50,1.13
2013.09.05 07:50:21.581,1.97995,1.98054,1.50,1.13
2013.09.05 07:50:21.695,1.97995,1.98054,1.50,1.13
2013.09.05 07:50:22.270,1.97995,1.98054,1.50,1.13
2013.09.05 07:50:22.330,1.97999,1.98054,1.13,1.13
2013.09.05 07:50:22.400,1.97996,1.98054,1.50,1.88
2013.09.05 07:50:24.770,1.98001,1.98054,1.50,1.88
2013.09.05 07:50:25.130,1.98009,1.98055,1.13,1.13
2013.09.05 07:50:25.310,1.98006,1.98055,1.13,1.13
2013.09.05 07:50:25.369,1.98006,1.98057,1.13,1.13
2013.09.05 07:50:25.490,1.98004,1.98054,1.13,1.50
2013.09.05 07:50:25.730,1.97997,1.98054,1.13,2.25
2013.09.05 07:50:25.909,1.97997,1.98052,1.13,1.13
2013.09.05 07:50:28.240,1.97997,1.98052,1.13,1.13
2013.09.05 07:50:28.892,1.97997,1.98052,1.13,1.13
2013.09.05 07:50:29.402,1.97997,1.98052,1.13,1.13
2013.09.05 07:50:30.219,1.97997,1.98052,1.13,1.13
2013.09.05 07:50:31.969,1.97997,1.98052,1.13,1.13
2013.09.05 07:50:35.490,1.97997,1.98052,1.13,1.13
2013.09.05 07:50:37.211,1.97997,1.98052,1.13,1.13
2013.09.05 07:50:37.519,1.97997,1.98052,1.13,1.13
2013.09.05 07:50:38.589,1.97997,1.98052,1.13,1.13
2013.09.05 07:50:38.811,1.97997,1.98052,1.13,1.13
2013.09.05 07:50:39.851,1.97997,1.98052,1.13,1.13
2013.09.05 07:50:40.078,1.97996,1.98052,1.88,1.13
2013.09.05 07:50:40.381,1.97996,1.98052,1.88,1.13
2013.09.05 07:50:40.500,1.97996,1.98054,2.63,1.88
2013.09.05 07:50:42.441,1.97996,1.98054,1.50,1.50
2013.09.05 07:50:42.502,1.97996,1.9805,1.50,1.13
2013.09.05 07:50:42.849,1.97996,1.98053,1.50,1.13
2013.09.05 07:50:43.041,1.97996,1.9805,1.13,1.13
2013.09.05 07:50:43.707,1.97996,1.9805,1.13,1.13
2013.09.05 07:50:44.069,1.97996,1.9805,1.13,1.13
2013.09.05 07:50:44.579,1.97996,1.9805,1.13,1.13
2013.09.05 07:50:45.159,1.97996,1.9805,1.13,1.13
2013.09.05 07:50:49.119,1.97996,1.98048,1.13,1.13
2013.09.05 07:50:49.688,1.9799,1.98048,1.13,1.13
2013.09.05 07:50:50.540,1.97996,1.98048,1.13,1.13
2013.09.05 07:50:50.660,1.97996,1.98051,1.13,2.25
2013.09.05 07:50:51.410,1.97996,1.98051,1.13,1.13
2013.09.05 07:50:56.849,1.97996,1.98051,1.13,1.13
2013.09.05 07:50:57.011,1.97996,1.98051,1.13,1.13
2013.09.05 07:50:58.471,1.97996,1.98049,1.50,1.13
2013.09.05 07:50:58.590,1.97996,1.98048,1.50,1.50
2013.09.05 07:50:58.949,1.97987,1.98039,1.13,1.50
2013.09.05 07:50:59.010,1.97982,1.98039,1.13,1.50
2013.09.05 07:50:59.070,1.97977,1.98039,1.13,1.50
2013.09.05 07:51:03.302,1.97976,1.98039,1.13,2.25
2013.09.05 07:51:05.812,1.97984,1.98037,1.13,1.50
2013.09.05 07:51:06.750,1.97984,1.98037,1.13,1.50
2013.09.05 07:51:06.810,1.97984,1.98037,1.13,1.13
2013.09.05 07:51:12.527,1.97981,1.98039,1.13,1.50
2013.09.05 07:51:13.181,1.97981,1.9804,1.13,1.88
2013.09.05 07:51:16.561,1.97976,1.9804,1.50,1.88
2013.09.05 07:51:16.924,1.97976,1.9804,1.50,1.88
2013.09.05 07:51:18.364,1.97982,1.9804,1.13,1.88
2013.09.05 07:51:18.462,1.97975,1.9804,1.88,1.88
2013.09.05 07:51:36.613,1.97975,1.98036,1.88,1.50
2013.09.05 07:51:40.680,1.97982,1.98033,1.13,1.50
2013.09.05 07:51:40.810,1.97976,1.98033,1.50,1.50
2013.09.05 07:51:44.381,1.97976,1.98036,1.50,1.50
2013.09.05 07:51:44.660,1.97976,1.98036,1.50,1.50
2013.09.05 07:51:44.979,1.97976,1.98036,1.50,1.50
2013.09.05 07:51:52.154,1.97976,1.98034,1.50,1.50
2013.09.05 07:51:52.376,1.97976,1.98034,1.50,1.50
2013.09.05 07:51:56.771,1.97977,1.98036,1.13,1.50
2013.09.05 07:52:14.181,1.97976,1.98036,1.50,1.50
2013.09.05 07:52:17.671,1.97976,1.98036,1.13,2.25
2013.09.05 07:52:18.132,1.97972,1.98029,1.13,1.13
2013.09.05 07:52:20.746,1.97972,1.98029,1.13,1.13
2013.09.05 07:52:23.180,1.97972,1.98029,1.13,1.13
2013.09.05 07:52:23.312,1.97972,1.98029,1.13,1.13
2013.09.05 07:52:24.180,1.97976,1.9803,1.13,1.50
2013.09.05 07:52:24.480,1.97988,1.98043,1.50,1.13
2013.09.05 07:52:24.721,1.97995,1.98051,1.13,1.13
2013.09.05 07:52:27.320,1.97992,1.98045,1.13,1.13
2013.09.05 07:52:28.470,1.97992,1.98045,1.13,1.13
2013.09.05 07:52:30.680,1.97989,1.98045,1.13,1.13
2013.09.05 07:52:31.240,1.97989,1.98045,1.13,1.13
2013.09.05 07:52:34.945,1.97989,1.98045,1.13,1.13
2013.09.05 07:52:35.192,1.9799,1.98045,1.13,1.13
2013.09.05 07:52:35.311,1.9799,1.98045,1.13,1.13
2013.09.05 07:52:35.385,1.97996,1.98045,1.13,1.13
2013.09.05 07:52:36.671,1.97996,1.98045,1.13,1.13
2013.09.05 07:52:39.040,1.97992,1.98045,1.13,1.13
2013.09.05 07:52:45.980,1.97989,1.98045,1.13,1.13
2013.09.05 07:52:55.040,1.97996,1.98048,1.13,1.50
2013.09.05 07:52:55.400,1.97997,1.98048,1.13,1.13
2013.09.05 07:52:55.821,1.97998,1.98048,1.13,1.13
2013.09.05 07:52:59.090,1.97998,1.98051,1.13,1.50
2013.09.05 07:52:59.150,1.97996,1.98051,1.88,1.50
2013.09.05 07:53:02.660,1.9799,1.98036,1.13,1.13
2013.09.05 07:53:02.899,1.97985,1.98034,1.13,1.13
2013.09.05 07:53:02.960,1.97982,1.9803,1.13,1.13
2013.09.05 07:53:03.140,1.97976,1.98025,1.50,1.13
2013.09.05 07:53:03.260,1.97976,1.98025,1.50,1.13
2013.09.05 07:53:03.441,1.97976,1.98025,1.13,1.13
2013.09.05 07:53:03.871,1.9797,1.98021,1.13,1.13
2013.09.05 07:53:04.220,1.97966,1.98019,1.88,1.50
2013.09.05 07:53:04.795,1.97973,1.98021,1.13,1.13
2013.09.05 07:53:04.920,1.97973,1.98023,1.13,1.13
2013.09.05 07:53:05.220,1.97973,1.98023,1.13,1.13
2013.09.05 07:53:05.820,1.97973,1.98026,1.13,1.13
2013.09.05 07:53:06.100,1.97973,1.98025,1.13,1.13
2013.09.05 07:53:07.122,1.97973,1.98026,1.13,1.13
2013.09.05 07:53:07.183,1.97973,1.98026,1.13,1.13
2013.09.05 07:53:08.960,1.97973,1.98027,1.13,1.50
2013.09.05 07:53:12.160,1.97967,1.98023,1.13,1.13
2013.09.05 07:53:12.340,1.97962,1.98018,1.13,1.13
2013.09.05 07:53:12.460,1.97962,1.98015,1.13,1.50
2013.09.05 07:53:12.891,1.9796,1.98011,1.13,1.13
2013.09.05 07:53:16.470,1.9796,1.98007,1.13,1.13
2013.09.05 07:53:16.830,1.97928,1.97978,1.13,1.13
2013.09.05 07:53:17.010,1.97925,1.97975,1.88,1.13
2013.09.05 07:53:17.070,1.97929,1.97975,1.13,1.13
2013.09.05 07:53:17.190,1.97932,1.9798,1.13,1.13
2013.09.05 07:53:17.501,1.97932,1.9798,1.13,1.13
2013.09.05 07:53:18.540,1.97932,1.9798,1.13,1.13
2013.09.05 07:53:18.613,1.97932,1.9798,1.13,1.13
2013.09.05 07:53:19.170,1.97932,1.97983,1.13,1.13
2013.09.05 07:53:21.050,1.97936,1.97982,1.13,1.13
2013.09.05 07:53:21.360,1.97932,1.97982,1.13,1.13
2013.09.05 07:53:21.532,1.97932,1.97983,1.13,1.13
2013.09.05 07:53:22.051,1.97932,1.97984,1.13,1.50
2013.09.05 07:53:22.231,1.97932,1.97984,1.50,1.13
2013.09.05 07:53:24.632,1.97935,1.97989,1.13,1.50
2013.09.05 07:53:24.990,1.97942,1.97993,1.13,1.13
2013.09.05 07:53:25.543,1.97942,1.97993,1.13,1.13
2013.09.05 07:53:25.904,1.97942,1.97995,1.13,1.13
2013.09.05 07:53:26.102,1.97942,1.97995,1.13,1.13
2013.09.05 07:53:26.384,1.97942,1.97995,1.13,1.13
2013.09.05 07:53:26.533,1.97938,1.97994,1.13,1.13
2013.09.05 07:53:27.491,1.97942,1.97998,1.13,1.13
2013.09.05 07:53:29.400,1.97934,1.9799,1.13,1.13
2013.09.05 07:53:29.926,1.97934,1.9799,1.13,1.13
2013.09.05 07:53:30.240,1.97934,1.9799,1.13,1.13
2013.09.05 07:53:34.450,1.97934,1.9799,1.13,1.13
2013.09.05 07:53:35.079,1.97934,1.9799,1.13,1.13
2013.09.05 07:53:39.140,1.9794,1.9799,1.13,1.13
2013.09.05 07:53:39.260,1.9794,1.9799,1.88,1.13
2013.09.05 07:53:39.642,1.97945,1.97995,1.50,1.13
2013.09.05 07:53:39.930,1.97953,1.98004,1.13,1.50
2013.09.05 07:53:40.052,1.97953,1.98004,1.13,1.50
2013.09.05 07:53:40.940,1.97953,1.98001,1.13,1.13
2013.09.05 07:53:41.711,1.97953,1.97999,1.13,1.13
2013.09.05 07:53:48.159,1.97953,1.98007,1.13,1.88
2013.09.05 07:53:51.129,1.97953,1.98006,1.13,1.50
2013.09.05 07:53:51.750,1.97953,1.98007,1.13,1.50
2013.09.05 07:53:52.321,1.97953,1.98007,1.13,1.50
2013.09.05 07:53:52.380,1.97953,1.98007,1.13,1.50
2013.09.05 07:53:55.643,1.97953,1.98006,1.13,1.13
2013.09.05 07:53:55.881,1.97934,1.97988,1.13,1.50
2013.09.05 07:53:56.000,1.97927,1.97981,1.50,1.13
2013.09.05 07:53:56.360,1.97935,1.97985,1.50,1.13
2013.09.05 07:53:56.420,1.97941,1.97988,1.13,1.13
2013.09.05 07:53:56.480,1.97941,1.97988,1.13,1.13
2013.09.05 07:54:00.243,1.97947,1.97996,1.50,1.13
2013.09.05 07:54:00.421,1.97952,1.97996,1.50,1.13
2013.09.05 07:54:00.481,1.9795,1.97997,1.13,1.13
2013.09.05 07:54:00.541,1.97953,1.97997,1.13,1.13
2013.09.05 07:54:00.859,1.97947,1.97992,1.13,1.13
2013.09.05 07:54:03.421,1.97953,1.97998,1.13,1.13
2013.09.05 07:54:03.481,1.97957,1.98005,1.13,1.13
2013.09.05 07:54:03.720,1.97956,1.98013,1.50,1.13
2013.09.05 07:54:04.341,1.97956,1.98012,1.50,1.50
2013.09.05 07:54:04.401,1.97953,1.98008,1.13,1.13
2013.09.05 07:54:04.461,1.97953,1.98008,1.13,1.13
2013.09.05 07:54:05.230,1.97955,1.98008,1.13,1.13
2013.09.05 07:54:05.471,1.97955,1.98008,1.13,1.13
2013.09.05 07:54:05.810,1.97946,1.98004,1.50,1.13
2013.09.05 07:54:05.971,1.9795,1.98004,1.13,1.13
2013.09.05 07:54:06.850,1.9795,1.98004,1.13,1.13
2013.09.05 07:54:07.191,1.97964,1.98014,1.13,1.13
2013.09.05 07:54:07.631,1.97964,1.98014,1.13,1.13
2013.09.05 07:54:08.180,1.97957,1.98014,1.13,1.50
2013.09.05 07:54:08.940,1.97967,1.98015,1.50,1.13
2013.09.05 07:54:09.001,1.97971,1.98021,1.50,1.13
2013.09.05 07:54:09.060,1.97984,1.98022,1.13,1.13
2013.09.05 07:54:09.120,1.97985,1.98036,1.50,1.50
2013.09.05 07:54:09.180,1.97985,1.98038,1.50,1.13
2013.09.05 07:54:09.240,1.97985,1.9804,1.88,1.13
2013.09.05 07:54:09.421,1.97992,1.98045,1.88,1.13
2013.09.05 07:54:09.660,1.97999,1.98055,1.50,1.13
2013.09.05 07:54:09.840,1.97999,1.98059,1.50,1.50
2013.09.05 07:54:10.170,1.98005,1.98061,1.13,1.13
2013.09.05 07:54:10.530,1.98005,1.98064,1.50,1.50
2013.09.05 07:54:10.819,1.97999,1.98064,1.13,1.50
2013.09.05 07:54:10.879,1.97999,1.98059,1.13,1.13
2013.09.05 07:54:11.380,1.98001,1.98059,1.13,1.13
2013.09.05 07:54:11.899,1.97997,1.98059,1.50,1.13
2013.09.05 07:54:12.500,1.98005,1.98064,1.13,1.50
2013.09.05 07:54:12.680,1.98002,1.98057,1.13,1.13
2013.09.05 07:54:12.740,1.98005,1.98057,1.13,1.13
2013.09.05 07:54:12.971,1.98005,1.98057,1.13,1.13
2013.09.05 07:54:13.150,1.98005,1.98064,1.50,1.13
2013.09.05 07:54:13.510,1.97999,1.98044,1.50,1.13
2013.09.05 07:54:13.572,1.97996,1.98044,1.50,1.13
2013.09.05 07:54:13.690,1.97994,1.98044,1.13,1.13
2013.09.05 07:54:13.899,1.97994,1.98044,1.13,1.13
2013.09.05 07:54:15.782,1.97996,1.98044,1.50,1.13
2013.09.05 07:54:16.170,1.98003,1.98044,1.13,1.13
2013.09.05 07:54:16.470,1.98006,1.98054,1.50,1.13
2013.09.05 07:54:16.590,1.98018,1.98054,1.13,1.13
2013.09.05 07:54:16.650,1.98018,1.98054,1.50,1.13
2013.09.05 07:54:22.900,1.98012,1.98054,1.50,1.13
2013.09.05 07:54:22.960,1.98012,1.98054,1.50,1.13
2013.09.05 07:54:23.269,1.98019,1.98054,1.50,1.13
2013.09.05 07:54:23.913,1.98019,1.98054,1.50,1.13
2013.09.05 07:54:24.580,1.98026,1.98064,1.50,1.50
2013.09.05 07:54:24.700,1.98026,1.98064,1.50,1.50
2013.09.05 07:54:26.438,1.98026,1.98064,1.50,1.13
2013.09.05 07:54:28.330,1.98026,1.98064,1.50,1.13
2013.09.05 07:54:28.971,1.98016,1.98064,1.50,1.88
2013.09.05 07:54:29.271,1.98021,1.9806,1.50,2.25
2013.09.05 07:54:29.703,1.9802,1.98055,1.50,1.13
2013.09.05 07:54:41.573,1.98015,1.98049,1.50,1.13
2013.09.05 07:54:41.693,1.98015,1.98055,1.88,1.50
2013.09.05 07:54:41.753,1.98015,1.98051,1.88,1.13
2013.09.05 07:54:41.871,1.9802,1.98065,1.88,1.50
2013.09.05 07:54:41.991,1.9802,1.98065,1.50,1.13
2013.09.05 07:54:42.231,1.9802,1.98064,1.50,1.13
2013.09.05 07:54:42.351,1.98017,1.98064,1.13,1.13
2013.09.05 07:54:42.732,1.98017,1.98061,1.13,1.13
2013.09.05 07:54:42.791,1.98013,1.98061,1.50,1.13
2013.09.05 07:54:42.852,1.98013,1.98061,1.50,1.13
2013.09.05 07:54:43.180,1.98013,1.98061,1.50,1.13
2013.09.05 07:54:43.440,1.98013,1.98061,1.50,1.13
2013.09.05 07:54:44.049,1.98013,1.9806,1.50,1.13
2013.09.05 07:54:44.470,1.9801,1.9806,1.13,1.13
2013.09.05 07:54:44.530,1.9801,1.9806,1.13,1.13
2013.09.05 07:54:45.422,1.9801,1.9806,1.13,1.13
2013.09.05 07:54:46.161,1.98007,1.98058,1.13,1.13
2013.09.05 07:54:46.685,1.98006,1.98064,1.88,1.88
2013.09.05 07:54:47.261,1.98006,1.98064,1.88,1.88
2013.09.05 07:54:47.380,1.98006,1.98058,1.13,1.13
2013.09.05 07:54:47.760,1.98005,1.98055,1.88,1.50
2013.09.05 07:54:48.090,1.98005,1.98058,1.88,1.13
2013.09.05 07:54:48.150,1.98005,1.98061,1.88,1.13
2013.09.05 07:54:49.110,1.98007,1.98061,1.13,1.13
2013.09.05 07:54:49.303,1.98005,1.98058,1.88,1.13
2013.09.05 07:54:49.363,1.98005,1.98058,1.50,1.13
2013.09.05 07:54:49.700,1.98005,1.98058,1.13,1.13
2013.09.05 07:54:54.001,1.98008,1.98062,1.13,1.13
2013.09.05 07:54:55.372,1.98008,1.98064,1.13,1.50
2013.09.05 07:54:55.702,1.98008,1.98063,1.13,1.13
2013.09.05 07:54:56.160,1.98008,1.98063,1.13,1.13
2013.09.05 07:54:56.948,1.98016,1.98064,1.13,1.50
2013.09.05 07:54:57.694,1.98016,1.98064,1.50,1.13
2013.09.05 07:54:57.901,1.98016,1.98064,1.50,1.13
2013.09.05 07:55:01.861,1.98016,1.98064,1.50,1.13
2013.09.05 07:55:02.413,1.98016,1.98065,1.13,1.13
2013.09.05 07:55:02.783,1.98009,1.98065,1.50,1.13
2013.09.05 07:55:03.021,1.98014,1.98064,1.13,1.13
2013.09.05 07:55:06.311,1.98006,1.98061,1.50,1.13
2013.09.05 07:55:06.431,1.98008,1.98063,1.13,1.13
2013.09.05 07:55:08.930,1.98008,1.98064,1.13,1.13
2013.09.05 07:55:10.280,1.98017,1.98066,1.13,1.13
2013.09.05 07:55:10.590,1.98023,1.98075,1.13,1.50
2013.09.05 07:55:10.710,1.98023,1.98075,1.13,1.13
2013.09.05 07:55:14.160,1.98023,1.98079,1.13,1.50
2013.09.05 07:55:14.220,1.98028,1.98079,1.13,1.50
2013.09.05 07:55:14.280,1.98028,1.98081,1.13,1.13
2013.09.05 07:55:14.400,1.98028,1.98081,1.13,1.13
2013.09.05 07:55:14.521,1.98026,1.98081,1.13,1.13
2013.09.05 07:55:14.640,1.98026,1.98081,1.13,1.13
2013.09.05 07:55:14.700,1.98026,1.98074,1.13,1.13
2013.09.05 07:55:15.630,1.98027,1.98074,1.13,1.13
2013.09.05 07:55:15.990,1.98033,1.98084,1.13,1.13
2013.09.05 07:55:16.050,1.98036,1.98084,1.05,1.13
2013.09.05 07:55:16.991,1.98036,1.98084,1.13,1.13
2013.09.05 07:55:17.911,1.98036,1.98084,1.13,1.13
2013.09.05 07:55:17.974,1.98028,1.98079,1.13,1.13
2013.09.05 07:55:18.092,1.98024,1.98074,1.13,1.50
2013.09.05 07:55:19.720,1.98026,1.98074,1.13,1.50
2013.09.05 07:55:19.991,1.98026,1.98074,1.13,1.13
2013.09.05 07:55:24.682,1.9802,1.98071,1.13,1.88
2013.09.05 07:55:24.860,1.9802,1.98068,1.13,1.13
2013.09.05 07:55:25.182,1.98011,1.98065,1.13,1.13
2013.09.05 07:55:25.420,1.98016,1.98068,1.13,1.13
2013.09.05 07:55:25.951,1.98016,1.98069,1.13,1.13
2013.09.05 07:55:29.287,1.98016,1.98069,1.13,1.13
2013.09.05 07:55:29.358,1.98016,1.98066,1.13,1.13
2013.09.05 07:55:29.600,1.98016,1.98063,1.13,1.13
2013.09.05 07:55:29.720,1.98016,1.98061,1.13,1.13
2013.09.05 07:55:29.960,1.98002,1.98055,1.13,1.50
2013.09.05 07:55:30.083,1.98005,1.98055,1.13,1.50
2013.09.05 07:55:30.663,1.98005,1.98055,1.50,1.13
2013.09.05 07:55:31.480,1.98016,1.98062,1.13,1.13
2013.09.05 07:55:31.600,1.98016,1.98064,1.13,1.88
2013.09.05 07:55:31.840,1.98006,1.98058,1.13,1.13
2013.09.05 07:55:32.450,1.97993,1.98047,1.13,1.13
2013.09.05 07:55:32.690,1.97987,1.98044,1.13,1.13
2013.09.05 07:55:33.920,1.97987,1.98044,1.13,1.13
2013.09.05 07:55:34.811,1.97987,1.98043,1.13,1.88
2013.09.05 07:55:35.110,1.97982,1.98037,1.13,1.88
2013.09.05 07:55:35.290,1.97974,1.98034,1.13,1.50
2013.09.05 07:55:35.670,1.97977,1.98034,1.13,1.13
2013.09.05 07:55:37.821,1.97974,1.98034,1.13,1.50
2013.09.05 07:55:38.152,1.97974,1.98034,1.13,1.50
2013.09.05 07:55:38.716,1.97974,1.98034,1.13,1.50
2013.09.05 07:55:39.030,1.97974,1.98034,1.13,1.50
2013.09.05 07:55:39.151,1.97974,1.98034,1.13,1.50
2013.09.05 07:55:39.697,1.97974,1.98034,1.13,1.50
2013.09.05 07:55:41.480,1.97974,1.98034,1.13,1.50
2013.09.05 07:55:41.940,1.97974,1.98034,1.13,1.50
2013.09.05 07:55:42.672,1.97974,1.98034,1.13,1.50
2013.09.05 07:55:43.700,1.97974,1.98034,1.13,1.50
2013.09.05 07:55:49.587,1.97974,1.98034,1.13,1.50
2013.09.05 07:55:50.982,1.97974,1.98031,1.13,1.13
2013.09.05 07:55:52.152,1.97974,1.98031,1.13,1.13
2013.09.05 07:55:52.340,1.97972,1.9803,1.13,1.88
2013.09.05 07:55:52.460,1.97969,1.9803,1.13,1.50
2013.09.05 07:55:53.802,1.9797,1.9803,1.13,1.50
2013.09.05 07:55:55.101,1.97974,1.9803,1.13,1.50
2013.09.05 07:56:05.131,1.97976,1.98034,1.13,1.50
2013.09.05 07:56:05.511,1.97976,1.98034,1.13,1.50
2013.09.05 07:56:05.637,1.97974,1.98029,1.13,1.13
2013.09.05 07:56:05.883,1.97975,1.98031,1.13,1.88
2013.09.05 07:56:05.942,1.97974,1.98031,1.50,1.13
2013.09.05 07:56:06.062,1.97975,1.98035,1.50,1.50
2013.09.05 07:56:10.943,1.97975,1.98033,1.50,1.13
2013.09.05 07:56:11.330,1.97975,1.98032,1.13,1.50
2013.09.05 07:56:11.900,1.97975,1.98033,1.50,1.13
2013.09.05 07:56:12.567,1.97971,1.9803,1.50,1.13
2013.09.05 07:56:13.277,1.97969,1.98022,1.13,1.13
2013.09.05 07:56:13.947,1.97969,1.98019,1.13,1.13
2013.09.05 07:56:14.596,1.97967,1.98019,1.13,1.13
2013.09.05 07:56:14.660,1.97967,1.98019,1.13,1.13
2013.09.05 07:56:15.000,1.97967,1.98019,1.13,1.13
2013.09.05 07:56:17.423,1.97971,1.98024,1.13,1.13
2013.09.05 07:56:17.480,1.97968,1.98024,1.13,1.13
2013.09.05 07:56:18.201,1.97968,1.98024,1.13,1.13
2013.09.05 07:56:20.080,1.97968,1.98024,1.13,1.13
2013.09.05 07:56:21.867,1.97968,1.98021,1.13,1.13
2013.09.05 07:56:22.301,1.97967,1.98024,1.13,1.13
2013.09.05 07:56:22.651,1.97966,1.98017,1.13,1.13
2013.09.05 07:56:23.010,1.97973,1.98028,1.13,1.50
2013.09.05 07:56:24.371,1.97973,1.98028,1.13,1.50
2013.09.05 07:56:24.430,1.97973,1.98028,1.13,1.50
2013.09.05 07:56:25.130,1.97973,1.98028,1.13,1.50
2013.09.05 07:56:25.192,1.97973,1.98028,1.13,1.50
2013.09.05 07:56:25.546,1.97973,1.98028,1.13,1.50
2013.09.05 07:56:25.942,1.97979,1.98028,1.13,1.13
2013.09.05 07:56:26.098,1.97979,1.98028,1.13,1.13
2013.09.05 07:56:27.636,1.97979,1.98028,1.13,1.13
2013.09.05 07:56:28.032,1.97979,1.98027,1.13,1.13
2013.09.05 07:56:28.331,1.97974,1.98026,1.13,1.13
2013.09.05 07:56:28.511,1.97966,1.98026,1.50,1.13
2013.09.05 07:56:28.881,1.97961,1.98021,1.50,1.13
2013.09.05 07:56:28.941,1.97961,1.98021,1.50,1.13
2013.09.05 07:56:30.240,1.97966,1.98021,1.50,1.13
2013.09.05 07:56:30.561,1.97966,1.98021,1.50,1.13
2013.09.05 07:56:33.881,1.97968,1.98028,1.50,1.50
2013.09.05 07:56:37.662,1.97975,1.98033,1.13,1.88
2013.09.05 07:56:37.781,1.97984,1.98035,1.13,1.88
2013.09.05 07:56:37.841,1.97982,1.98034,1.13,1.13
2013.09.05 07:56:38.201,1.97987,1.98047,1.13,1.13
2013.09.05 07:56:38.380,1.97988,1.98047,1.13,1.13
2013.09.05 07:56:38.440,1.9799,1.98048,1.50,1.50
2013.09.05 07:56:41.160,1.97989,1.98047,1.50,1.13
2013.09.05 07:56:41.340,1.97989,1.98047,1.50,1.13
2013.09.05 07:56:41.460,1.9799,1.98044,1.13,1.13
2013.09.05 07:56:43.358,1.97988,1.98044,1.13,1.13
2013.09.05 07:56:44.203,1.97989,1.98044,1.13,1.13
2013.09.05 07:56:44.450,1.97989,1.98044,1.13,1.13
2013.09.05 07:56:48.042,1.9799,1.98044,1.13,1.13
2013.09.05 07:56:48.377,1.97993,1.98048,1.13,1.50
2013.09.05 07:56:48.621,1.97996,1.98048,1.13,1.50
2013.09.05 07:56:55.753,1.97994,1.98049,1.13,1.50
2013.09.05 07:56:55.895,1.97994,1.98044,1.13,1.50
2013.09.05 07:56:56.081,1.97989,1.98045,1.13,1.88
2013.09.05 07:56:56.142,1.97986,1.98044,1.13,1.13
2013.09.05 07:56:56.571,1.97985,1.98038,1.13,1.13
2013.09.05 07:56:58.950,1.97985,1.98038,1.13,1.13
2013.09.05 07:56:59.800,1.97985,1.98035,1.13,1.50
2013.09.05 07:56:59.921,1.97962,1.98015,1.32,1.13
2013.09.05 07:56:59.980,1.97962,1.98015,1.32,1.13
2013.09.05 07:57:00.042,1.97962,1.98015,1.32,1.13
2013.09.05 07:57:00.102,1.97958,1.98015,1.32,1.50
2013.09.05 07:57:00.280,1.97957,1.98015,1.32,1.13
2013.09.05 07:57:00.831,1.97962,1.98016,1.32,1.13
2013.09.05 07:57:01.490,1.97961,1.98015,1.32,1.13
2013.09.05 07:57:01.931,1.97961,1.98015,1.13,1.13
2013.09.05 07:57:02.651,1.97962,1.98015,1.13,1.13
2013.09.05 07:57:04.632,1.97962,1.98016,1.13,1.13
2013.09.05 07:57:06.899,1.97962,1.98015,1.13,1.13
2013.09.05 07:57:07.104,1.97966,1.98024,1.88,1.88
2013.09.05 07:57:07.460,1.97972,1.98024,1.13,1.13
2013.09.05 07:57:08.586,1.97974,1.98024,1.13,1.13
2013.09.05 07:57:11.173,1.97974,1.98017,1.13,1.13
2013.09.05 07:57:11.293,1.97968,1.98015,1.13,1.13
2013.09.05 07:57:11.472,1.97965,1.98015,1.50,1.13
2013.09.05 07:57:11.770,1.97964,1.98015,1.13,1.50
2013.09.05 07:57:11.831,1.97961,1.98008,1.13,1.13
2013.09.05 07:57:12.130,1.97969,1.98015,1.13,1.13
2013.09.05 07:57:12.191,1.97977,1.98031,1.13,1.13
2013.09.05 07:57:12.251,1.9798,1.98031,1.13,1.13
2013.09.05 07:57:12.801,1.97982,1.98035,1.13,1.50
2013.09.05 07:57:13.041,1.97976,1.98034,1.13,1.50
2013.09.05 07:57:13.160,1.97972,1.98027,1.13,1.13
2013.09.05 07:57:13.546,1.97965,1.98019,2.25,1.13
2013.09.05 07:57:13.840,1.97965,1.98015,1.50,1.13
2013.09.05 07:57:13.960,1.97966,1.98024,1.13,1.50
2013.09.05 07:57:14.020,1.97966,1.98022,1.13,1.13
2013.09.05 07:57:15.390,1.97966,1.98024,1.50,1.13
2013.09.05 07:57:15.450,1.97966,1.98025,1.50,1.13
2013.09.05 07:57:15.966,1.97967,1.98025,1.13,1.13
2013.09.05 07:57:16.201,1.97965,1.98025,1.13,1.50
2013.09.05 07:57:16.691,1.97965,1.98023,1.88,1.13
2013.09.05 07:57:16.951,1.97967,1.98025,1.50,1.50
2013.09.05 07:57:17.310,1.97967,1.98019,1.13,1.50
2013.09.05 07:57:17.430,1.97967,1.98019,1.13,1.13
2013.09.05 07:57:17.550,1.97966,1.98016,1.13,1.13
2013.09.05 07:57:17.670,1.97963,1.98016,1.13,1.13
2013.09.05 07:57:17.730,1.97963,1.98017,1.13,1.13
2013.09.05 07:57:19.596,1.97968,1.98025,1.13,1.88
2013.09.05 07:57:20.092,1.97968,1.98025,1.13,1.88
2013.09.05 07:57:20.691,1.97968,1.98025,1.13,1.88
2013.09.05 07:57:21.971,1.97968,1.98025,1.13,1.50
2013.09.05 07:57:22.466,1.97968,1.98025,1.13,1.88
2013.09.05 07:57:23.996,1.97974,1.98024,1.13,1.13
2013.09.05 07:57:26.560,1.97968,1.98024,1.50,1.13
2013.09.05 07:57:28.810,1.97968,1.98024,1.13,1.13
2013.09.05 07:57:29.009,1.97968,1.98024,1.13,1.13
2013.09.05 07:57:29.221,1.9797,1.98024,1.88,1.13
2013.09.05 07:57:29.538,1.97976,1.98024,1.13,1.13
2013.09.05 07:57:30.106,1.97976,1.98027,1.13,1.13
2013.09.05 07:57:30.439,1.97976,1.98028,1.13,1.13
2013.09.05 07:57:32.861,1.97976,1.98028,1.13,1.13
2013.09.05 07:57:34.061,1.97976,1.98027,1.13,1.13
2013.09.05 07:57:35.630,1.97976,1.9803,1.13,1.50
2013.09.05 07:57:37.353,1.97976,1.9803,1.13,1.50
2013.09.05 07:57:39.836,1.97976,1.9803,1.13,1.50
2013.09.05 07:57:40.101,1.97976,1.9803,1.13,1.50
2013.09.05 07:57:43.210,1.97976,1.98025,1.13,1.13
2013.09.05 07:57:43.420,1.97971,1.98025,1.50,1.13
2013.09.05 07:57:43.540,1.9797,1.98025,1.13,1.13
2013.09.05 07:57:46.940,1.97967,1.98025,1.13,1.13
2013.09.05 07:57:47.240,1.97966,1.98021,1.13,1.13
2013.09.05 07:57:47.300,1.97966,1.98021,1.13,1.13
2013.09.05 07:57:47.811,1.97965,1.98021,2.25,1.13
2013.09.05 07:57:47.960,1.97965,1.98021,2.63,1.13
2013.09.05 07:57:48.081,1.97965,1.98025,2.63,1.88
2013.09.05 07:57:48.434,1.9797,1.98016,1.13,1.13
2013.09.05 07:57:51.279,1.9797,1.98025,1.13,1.50
2013.09.05 07:57:51.401,1.97973,1.98024,1.13,1.13
2013.09.05 07:57:53.555,1.97968,1.98024,1.50,1.13
2013.09.05 07:57:53.623,1.97973,1.98024,1.13,1.13
2013.09.05 07:57:54.201,1.97973,1.98024,1.13,1.13
2013.09.05 07:57:55.661,1.9797,1.98024,1.13,1.13
2013.09.05 07:57:58.831,1.9797,1.98019,1.13,1.13
2013.09.05 07:57:59.301,1.9797,1.98025,1.13,1.50
2013.09.05 07:57:59.421,1.97973,1.98024,1.13,1.13
2013.09.05 07:57:59.631,1.9797,1.98024,1.13,1.13
2013.09.05 07:58:00.254,1.97969,1.98024,1.13,1.13
2013.09.05 07:58:00.471,1.97973,1.98025,1.13,1.50
2013.09.05 07:58:00.840,1.97975,1.98025,1.50,1.13
2013.09.05 07:58:01.125,1.97974,1.98025,1.13,1.13
2013.09.05 07:58:01.681,1.97973,1.98025,1.13,1.13
2013.09.05 07:58:02.300,1.97971,1.98025,1.13,1.13
2013.09.05 07:58:09.420,1.97975,1.98025,1.88,1.13
2013.09.05 07:58:09.925,1.97976,1.98025,1.50,1.13
2013.09.05 07:58:10.274,1.97977,1.98025,1.13,1.13
2013.09.05 07:58:10.915,1.97976,1.98025,1.50,1.13
2013.09.05 07:58:12.171,1.97981,1.9803,1.13,1.13
2013.09.05 07:58:12.590,1.97978,1.98029,1.13,1.13
2013.09.05 07:58:13.530,1.97978,1.98029,1.13,1.13
2013.09.05 07:58:13.940,1.97975,1.98027,1.88,1.13
2013.09.05 07:58:14.202,1.97975,1.98025,1.50,1.13
2013.09.05 07:58:14.320,1.97971,1.98025,1.50,1.13
2013.09.05 07:58:14.880,1.97971,1.98025,1.13,1.13
2013.09.05 07:58:16.183,1.97969,1.9802,1.13,1.13
2013.09.05 07:58:17.282,1.97967,1.9802,1.13,1.13
2013.09.05 07:58:18.056,1.9797,1.9802,1.13,1.13
2013.09.05 07:58:18.948,1.97967,1.98021,1.13,1.13
2013.09.05 07:58:19.070,1.97971,1.98024,1.13,1.50
2013.09.05 07:58:19.784,1.97975,1.98024,1.13,1.50
2013.09.05 07:58:25.320,1.97969,1.98023,1.13,1.88
2013.09.05 07:58:25.621,1.97969,1.9802,1.13,1.13
2013.09.05 07:58:27.590,1.97974,1.98025,1.13,2.25
2013.09.05 07:58:27.950,1.97974,1.9803,1.13,1.13
2013.09.05 07:58:28.672,1.97983,1.98029,1.13,1.13
2013.09.05 07:58:29.181,1.97983,1.9803,1.13,1.13
2013.09.05 07:58:30.388,1.97983,1.98031,1.13,1.13
2013.09.05 07:58:33.579,1.97983,1.98034,1.13,1.50
2013.09.05 07:58:33.909,1.9798,1.98034,1.13,1.50
2013.09.05 07:58:34.030,1.97979,1.98034,1.13,1.88
2013.09.05 07:58:34.129,1.97979,1.98034,1.13,1.88
2013.09.05 07:58:34.371,1.97977,1.98031,1.13,1.13
2013.09.05 07:58:35.029,1.97977,1.98031,1.13,1.13
2013.09.05 07:58:36.989,1.97976,1.98034,1.88,2.25
2013.09.05 07:58:37.538,1.97977,1.98034,1.13,2.25
2013.09.05 07:58:38.950,1.97979,1.98034,1.13,2.63
2013.09.05 07:58:39.010,1.9798,1.98034,1.50,2.25
2013.09.05 07:58:39.071,1.97982,1.98034,1.13,1.88
2013.09.05 07:58:39.413,1.97989,1.98035,1.13,1.13
2013.09.05 07:58:39.530,1.97991,1.98044,1.13,1.13
2013.09.05 07:58:39.651,1.97996,1.98046,1.13,1.13
2013.09.05 07:58:39.831,1.97996,1.98049,1.88,1.13
2013.09.05 07:58:40.202,1.97996,1.98052,1.88,1.13
2013.09.05 07:58:40.759,1.97996,1.98052,1.50,1.13
2013.09.05 07:58:40.880,1.97995,1.9805,1.13,1.50
2013.09.05 07:58:41.120,1.97991,1.98045,1.13,1.13
2013.09.05 07:58:41.622,1.97991,1.98045,1.13,1.13
2013.09.05 07:58:41.741,1.9799,1.98045,1.13,1.50
2013.09.05 07:58:42.242,1.9799,1.98045,1.13,2.25
2013.09.05 07:58:44.921,1.97991,1.98042,1.13,1.13
2013.09.05 07:58:45.101,1.97994,1.98046,1.13,1.13
2013.09.05 07:58:47.650,1.9799,1.98044,1.50,1.50
2013.09.05 07:58:47.710,1.9799,1.98044,1.13,1.50
2013.09.05 07:58:50.900,1.9799,1.98044,1.13,1.50
2013.09.05 07:58:52.394,1.97991,1.98044,1.13,1.50
2013.09.05 07:58:52.789,1.97991,1.98045,1.13,1.13
2013.09.05 07:58:53.325,1.97996,1.9805,1.13,1.13
2013.09.05 07:58:53.560,1.97996,1.98052,1.13,2.25
2013.09.05 07:58:53.692,1.97996,1.98048,1.13,1.13
2013.09.05 07:59:02.792,1.97996,1.98049,1.13,1.13
2013.09.05 07:59:06.130,1.97994,1.98046,1.13,1.50
2013.09.05 07:59:06.431,1.97986,1.98044,1.88,1.13
2013.09.05 07:59:06.811,1.97986,1.98042,1.50,1.88
2013.09.05 07:59:08.880,1.97985,1.9804,1.88,1.13
2013.09.05 07:59:09.640,1.97985,1.98035,1.50,1.13
2013.09.05 07:59:11.532,1.97984,1.9803,1.13,1.13
2013.09.05 07:59:11.593,1.97986,1.98034,1.50,1.13
2013.09.05 07:59:12.423,1.97986,1.98036,1.13,1.13
2013.09.05 07:59:12.482,1.97996,1.9804,1.13,1.13
2013.09.05 07:59:12.780,1.97996,1.98044,1.13,1.13
2013.09.05 07:59:13.291,1.97996,1.98044,1.13,1.13
2013.09.05 07:59:14.062,1.97996,1.98047,1.13,1.50
2013.09.05 07:59:14.174,1.97996,1.98044,1.13,1.13
2013.09.05 07:59:14.690,1.97996,1.98044,1.13,1.13
2013.09.05 07:59:15.031,1.97996,1.98044,1.13,1.13
2013.09.05 07:59:15.406,1.97995,1.98044,1.13,1.13
2013.09.05 07:59:15.612,1.97992,1.98044,1.13,1.88
2013.09.05 07:59:15.671,1.97987,1.98044,1.13,1.13
2013.09.05 07:59:19.564,1.97987,1.98044,1.13,1.13
2013.09.05 07:59:19.900,1.97996,1.98044,1.13,1.13
2013.09.05 07:59:20.894,1.97996,1.98044,1.13,1.13
2013.09.05 07:59:25.394,1.97995,1.98048,1.13,1.13
2013.09.05 07:59:25.820,1.97988,1.98043,1.50,1.13
2013.09.05 07:59:25.880,1.97988,1.98043,1.50,1.13
2013.09.05 07:59:26.469,1.97985,1.98036,1.88,1.13
2013.09.05 07:59:27.021,1.97995,1.98051,1.13,1.50
2013.09.05 07:59:27.081,1.97995,1.98051,1.50,1.50
2013.09.05 07:59:27.930,1.97995,1.98052,1.13,1.13
2013.09.05 07:59:29.971,1.97995,1.98051,1.50,1.50
2013.09.05 07:59:30.464,1.97995,1.98046,1.13,1.13
2013.09.05 07:59:30.821,1.97995,1.98046,1.13,1.13
2013.09.05 07:59:31.810,1.97995,1.98046,1.50,1.13
2013.09.05 07:59:32.640,1.98001,1.98046,1.13,1.13
2013.09.05 07:59:33.012,1.98002,1.98052,1.13,1.13
2013.09.05 07:59:33.913,1.97996,1.98052,1.47,1.13
2013.09.05 07:59:34.820,1.98002,1.98052,1.13,1.13
2013.09.05 07:59:35.241,1.97996,1.98052,2.22,1.13
2013.09.05 07:59:35.360,1.97996,1.98039,1.13,1.13
2013.09.05 07:59:35.421,1.97994,1.98037,1.13,1.13
2013.09.05 07:59:35.600,1.97998,1.98038,1.09,1.13
2013.09.05 07:59:35.910,1.98006,1.9804,1.13,1.13
2013.09.05 07:59:35.990,1.98006,1.98046,1.13,1.13
2013.09.05 07:59:36.661,1.97996,1.98049,1.84,1.13
2013.09.05 07:59:36.960,1.97996,1.98046,1.84,1.13
2013.09.05 07:59:37.313,1.97996,1.98046,1.13,1.13
2013.09.05 07:59:37.951,1.97996,1.98046,1.13,1.13
2013.09.05 07:59:38.391,1.97995,1.98046,1.13,1.13
2013.09.05 07:59:38.984,1.97996,1.98046,1.13,1.13
2013.09.05 07:59:41.012,1.97996,1.98046,1.13,1.13
2013.09.05 07:59:42.930,1.97996,1.98046,1.13,1.13
2013.09.05 07:59:43.110,1.97991,1.98044,1.13,1.50
2013.09.05 07:59:48.331,1.97991,1.98044,1.13,1.50
2013.09.05 07:59:50.520,1.97991,1.98044,1.13,1.50
2013.09.05 07:59:51.661,1.9799,1.98037,1.13,1.13
2013.09.05 07:59:51.961,1.9799,1.98044,1.13,1.50
2013.09.05 07:59:54.983,1.9799,1.98044,1.13,1.50
2013.09.05 07:59:55.642,1.9799,1.98044,1.13,1.50
2013.09.05 07:59:55.892,1.9799,1.98044,1.13,1.13
2013.09.05 07:59:56.013,1.98,1.9805,1.13,1.13
2013.09.05 07:59:56.191,1.98,1.98054,1.13,1.13
2013.09.05 07:59:56.311,1.98,1.98054,1.13,1.13
2013.09.05 07:59:56.431,1.98,1.98055,1.13,1.88
2013.09.05 07:59:56.639,1.98,1.98054,1.13,1.13
2013.09.05 07:59:57.343,1.98,1.98055,1.13,1.50
