2015.08.25 16:00:00.493,2.40734,2.40835,1.00,1.00
2015.08.25 16:00:01.053,2.4073,2.40836,1.00,1.00
2015.08.25 16:00:01.878,2.4073,2.40843,1.00,1.34
2015.08.25 16:00:01.929,2.4073,2.40843,1.00,1.00
2015.08.25 16:00:02.538,2.40734,2.40843,1.00,1.00
2015.08.25 16:00:04.668,2.40734,2.40846,1.00,1.00
2015.08.25 16:00:05.102,2.40734,2.40851,1.50,1.00
2015.08.25 16:00:05.934,2.40736,2.4085,1.00,1.00
2015.08.25 16:00:06.327,2.40744,2.40859,1.00,1.87
2015.08.25 16:00:08.236,2.40747,2.40858,1.00,1.00
2015.08.25 16:00:08.955,2.40745,2.40858,1.00,1.00
2015.08.25 16:00:09.941,2.40744,2.40858,1.50,1.00
2015.08.25 16:00:10.690,2.40744,2.40857,1.00,1.00
2015.08.25 16:00:10.906,2.40743,2.40859,1.00,1.00
2015.08.25 16:00:10.957,2.40746,2.40859,1.00,1.00
2015.08.25 16:00:12.610,2.40743,2.4086,1.00,1.00
2015.08.25 16:00:12.661,2.40743,2.4086,1.00,1.75
2015.08.25 16:00:14.183,2.40744,2.40852,1.00,1.00
2015.08.25 16:00:14.705,2.40743,2.40853,1.00,1.00
2015.08.25 16:00:16.181,2.40753,2.40861,1.00,1.75
2015.08.25 16:00:16.393,2.40753,2.40876,1.00,1.75
2015.08.25 16:00:17.014,2.40754,2.40872,1.00,1.37
2015.08.25 16:00:17.067,2.40753,2.40872,1.00,1.00
2015.08.25 16:00:17.747,2.40764,2.40869,1.00,1.00
2015.08.25 16:00:19.064,2.40764,2.40863,1.00,1.00
2015.08.25 16:00:19.166,2.40744,2.40854,1.00,1.50
2015.08.25 16:00:19.899,2.40744,2.40848,1.00,1.00
2015.08.25 16:00:20.227,2.40744,2.40845,1.00,1.00
2015.08.25 16:00:20.277,2.40734,2.40844,1.00,1.00
2015.08.25 16:00:20.698,2.40734,2.40842,1.50,1.00
2015.08.25 16:00:21.403,2.40735,2.40847,1.00,1.00
2015.08.25 16:00:21.558,2.40743,2.40847,1.00,1.00
2015.08.25 16:00:21.609,2.40743,2.40849,1.00,1.00
2015.08.25 16:00:21.817,2.40748,2.40861,1.00,1.75
2015.08.25 16:00:21.918,2.40754,2.40864,1.00,1.75
2015.08.25 16:00:22.019,2.40763,2.4087,1.00,1.00
2015.08.25 16:00:22.120,2.40763,2.40872,1.00,1.12
2015.08.25 16:00:22.222,2.40755,2.40865,1.00,1.00
2015.08.25 16:00:22.870,2.40757,2.40873,1.00,1.00
2015.08.25 16:00:22.921,2.40756,2.40871,1.00,1.00
2015.08.25 16:00:23.377,2.40758,2.40872,1.00,1.00
2015.08.25 16:00:24.301,2.40759,2.40873,1.00,1.50
2015.08.25 16:00:25.125,2.40761,2.40873,1.00,1.00
2015.08.25 16:00:26.439,2.40754,2.40872,1.50,1.00
2015.08.25 16:00:26.834,2.40754,2.40866,1.50,1.00
2015.08.25 16:00:27.238,2.40756,2.40866,1.00,1.00
2015.08.25 16:00:27.884,2.40754,2.40865,1.00,1.00
2015.08.25 16:00:28.187,2.40751,2.40866,1.00,1.50
2015.08.25 16:00:28.237,2.40755,2.40866,1.00,1.00
2015.08.25 16:00:28.489,2.40753,2.40866,1.00,1.00
2015.08.25 16:00:29.387,2.40752,2.40867,1.00,1.00
2015.08.25 16:00:29.790,2.40749,2.40863,1.50,1.00
2015.08.25 16:00:30.135,2.40753,2.40867,1.50,1.50
2015.08.25 16:00:30.778,2.40753,2.40864,1.00,1.00
2015.08.25 16:00:30.830,2.40753,2.40867,1.00,1.00
2015.08.25 16:00:30.993,2.40753,2.40865,1.00,1.00
2015.08.25 16:00:31.521,2.40753,2.40864,1.00,1.00
2015.08.25 16:00:32.185,2.4075,2.40864,1.00,1.00
2015.08.25 16:00:32.696,2.40751,2.40867,1.00,1.50
2015.08.25 16:00:32.797,2.40753,2.40867,1.00,1.50
2015.08.25 16:00:33.819,2.40754,2.40868,1.50,1.87
2015.08.25 16:00:34.133,2.40757,2.40869,1.00,1.37
2015.08.25 16:00:34.834,2.40756,2.40869,1.00,1.37
2015.08.25 16:00:35.396,2.40756,2.40866,1.00,1.00
2015.08.25 16:00:35.938,2.40756,2.40867,1.00,1.12
2015.08.25 16:00:36.140,2.40754,2.40866,1.50,1.00
2015.08.25 16:00:36.779,2.40757,2.40867,1.00,1.12
2015.08.25 16:00:37.225,2.40754,2.40867,1.00,1.12
2015.08.25 16:00:38.081,2.40755,2.40867,1.00,1.12
2015.08.25 16:00:38.132,2.40757,2.40867,1.00,1.12
2015.08.25 16:00:38.862,2.40757,2.40866,1.00,1.00
2015.08.25 16:00:40.252,2.40766,2.40876,1.75,1.00
2015.08.25 16:00:40.302,2.40766,2.40885,1.75,1.00
2015.08.25 16:00:40.822,2.4077,2.40886,1.37,1.00
2015.08.25 16:00:41.463,2.4077,2.40865,1.00,1.00
2015.08.25 16:00:41.518,2.40755,2.40865,1.00,1.00
2015.08.25 16:00:42.961,2.40755,2.40864,1.00,1.00
2015.08.25 16:00:43.496,2.40755,2.40865,1.00,1.00
2015.08.25 16:00:43.547,2.4075,2.40861,1.00,1.00
2015.08.25 16:00:43.749,2.40749,2.40859,1.12,1.00
2015.08.25 16:00:44.424,2.4075,2.4086,1.00,1.00
2015.08.25 16:00:44.955,2.40753,2.4086,1.00,1.00
2015.08.25 16:00:46.359,2.40754,2.4086,1.00,1.00
2015.08.25 16:00:46.865,2.40756,2.40861,1.00,1.00
2015.08.25 16:00:46.915,2.40756,2.40866,1.00,1.87
2015.08.25 16:00:47.565,2.40756,2.40865,1.00,1.00
2015.08.25 16:00:48.570,2.40755,2.40865,1.00,1.00
2015.08.25 16:00:48.972,2.40753,2.40862,1.00,1.00
2015.08.25 16:00:50.179,2.40754,2.40862,1.00,1.00
2015.08.25 16:00:50.594,2.40751,2.40862,1.00,1.00
2015.08.25 16:00:51.444,2.40748,2.40859,1.37,1.00
2015.08.25 16:00:51.750,2.40753,2.40863,1.00,1.00
2015.08.25 16:00:52.065,2.40753,2.40861,1.00,1.00
2015.08.25 16:00:53.011,2.40753,2.40864,1.50,1.00
2015.08.25 16:00:53.255,2.40754,2.40867,1.00,1.87
2015.08.25 16:00:53.356,2.40758,2.40867,1.00,1.37
2015.08.25 16:00:53.859,2.40757,2.40868,1.00,1.37
2015.08.25 16:00:55.110,2.40776,2.40889,1.00,2.25
2015.08.25 16:00:55.412,2.40782,2.40895,1.00,1.37
2015.08.25 16:00:55.665,2.40784,2.40896,1.00,1.50
2015.08.25 16:00:57.061,2.40784,2.40892,1.00,1.00
2015.08.25 16:00:57.376,2.40784,2.4089,1.00,1.00
2015.08.25 16:00:57.633,2.4078,2.4089,1.50,1.00
2015.08.25 16:00:58.304,2.40787,2.40898,1.00,1.75
2015.08.25 16:00:58.778,2.40794,2.40902,1.00,1.00
2015.08.25 16:00:59.331,2.40793,2.40902,1.00,1.00
2015.08.25 16:01:00.011,2.40789,2.40901,1.00,1.00
2015.08.25 16:01:00.062,2.40785,2.40898,2.25,1.00
2015.08.25 16:01:00.586,2.40786,2.40897,1.75,1.00
2015.08.25 16:01:01.871,2.40785,2.40896,1.75,1.00
2015.08.25 16:01:02.174,2.40781,2.40891,1.75,1.00
2015.08.25 16:01:02.682,2.40783,2.40893,1.75,1.00
2015.08.25 16:01:03.455,2.40783,2.40883,1.00,1.00
2015.08.25 16:01:03.506,2.40774,2.40883,1.75,1.00
2015.08.25 16:01:03.657,2.40773,2.4088,1.75,1.00
2015.08.25 16:01:03.808,2.40774,2.40882,1.75,1.00
2015.08.25 16:01:03.909,2.40774,2.40877,1.75,1.00
2015.08.25 16:01:04.111,2.40765,2.40877,1.87,1.00
2015.08.25 16:01:04.212,2.40765,2.40875,1.87,1.00
2015.08.25 16:01:05.007,2.40766,2.40873,1.37,1.00
2015.08.25 16:01:05.523,2.40765,2.40874,1.37,1.00
2015.08.25 16:01:07.914,2.40764,2.40873,1.50,1.00
2015.08.25 16:01:11.592,2.40763,2.40875,1.75,1.00
2015.08.25 16:01:12.096,2.40765,2.4088,1.37,1.00
2015.08.25 16:01:12.147,2.40765,2.40884,1.37,1.37
2015.08.25 16:01:12.198,2.40774,2.40886,1.00,1.50
2015.08.25 16:01:12.400,2.40767,2.40887,1.12,2.25
2015.08.25 16:01:12.959,2.40773,2.40886,1.00,2.25
2015.08.25 16:01:13.702,2.40774,2.40895,1.75,1.12
2015.08.25 16:01:14.841,2.40774,2.40894,1.75,1.00
2015.08.25 16:01:14.892,2.40774,2.40886,1.75,1.00
2015.08.25 16:01:15.208,2.40773,2.40882,1.00,1.75
2015.08.25 16:01:15.561,2.40767,2.40878,1.00,1.37
2015.08.25 16:01:16.313,2.40768,2.40878,1.00,1.37
2015.08.25 16:01:16.872,2.40769,2.40877,1.00,1.12
2015.08.25 16:01:17.467,2.40769,2.40876,1.00,1.00
2015.08.25 16:01:18.707,2.40743,2.40857,1.50,1.00
2015.08.25 16:01:19.060,2.40744,2.4086,1.37,1.00
2015.08.25 16:01:20.130,2.40744,2.40861,1.87,1.00
2015.08.25 16:01:20.803,2.40744,2.4086,1.37,1.00
2015.08.25 16:01:20.929,2.40744,2.40864,1.37,1.37
2015.08.25 16:01:22.763,2.40745,2.40864,2.21,1.37
2015.08.25 16:01:23.996,2.40774,2.40878,1.00,1.00
2015.08.25 16:01:24.075,2.40774,2.40868,1.00,1.00
2015.08.25 16:01:24.683,2.40773,2.40868,1.00,1.00
2015.08.25 16:01:25.405,2.40773,2.40869,1.34,1.00
2015.08.25 16:01:26.055,2.40763,2.40858,1.34,1.00
2015.08.25 16:01:26.935,2.40763,2.40868,1.34,1.00
2015.08.25 16:01:27.461,2.40774,2.40869,1.34,1.00
2015.08.25 16:01:27.714,2.40774,2.40879,1.34,1.00
2015.08.25 16:01:28.449,2.40774,2.40878,1.34,1.00
2015.08.25 16:01:28.500,2.40773,2.40869,1.34,1.00
2015.08.25 16:01:28.601,2.40773,2.40878,1.34,1.00
2015.08.25 16:01:28.703,2.40773,2.40868,1.34,1.00
2015.08.25 16:01:28.806,2.40774,2.40878,1.34,1.00
2015.08.25 16:01:29.321,2.40773,2.40879,1.34,1.00
2015.08.25 16:01:30.031,2.40774,2.40878,1.34,1.00
2015.08.25 16:01:30.465,2.40785,2.40888,1.84,1.37
2015.08.25 16:01:30.515,2.40785,2.40888,1.84,1.00
2015.08.25 16:01:31.570,2.40785,2.40878,1.84,1.00
2015.08.25 16:01:31.773,2.40793,2.40888,1.34,1.00
2015.08.25 16:01:32.233,2.40794,2.40888,2.25,1.00
2015.08.25 16:01:32.385,2.40788,2.40889,1.09,1.00
2015.08.25 16:01:32.990,2.40788,2.40907,1.09,1.34
2015.08.25 16:01:33.045,2.40793,2.40907,1.34,1.00
2015.08.25 16:01:33.389,2.40783,2.40889,1.34,1.00
2015.08.25 16:01:34.357,2.40784,2.40888,1.34,1.00
2015.08.25 16:01:34.693,2.40784,2.40878,1.34,1.00
2015.08.25 16:01:35.368,2.40784,2.40879,1.34,1.00
2015.08.25 16:01:36.606,2.40784,2.40878,1.34,1.00
2015.08.25 16:01:38.926,2.40784,2.40889,1.34,1.00
2015.08.25 16:01:39.036,2.40784,2.40878,1.34,1.00
2015.08.25 16:01:39.835,2.40793,2.40879,1.34,1.00
2015.08.25 16:01:40.166,2.40794,2.40889,1.09,1.00
2015.08.25 16:01:43.104,2.40793,2.40888,1.34,1.00
2015.08.25 16:01:44.172,2.40803,2.40888,1.00,1.00
2015.08.25 16:01:44.751,2.40803,2.40898,1.34,1.00
2015.08.25 16:01:46.430,2.40803,2.40889,1.34,1.00
2015.08.25 16:01:46.481,2.40794,2.40889,1.00,1.00
2015.08.25 16:01:46.582,2.40787,2.40889,1.09,1.00
2015.08.25 16:01:47.204,2.40784,2.40888,1.34,1.00
2015.08.25 16:01:48.652,2.40804,2.40888,1.00,1.00
2015.08.25 16:01:48.954,2.40804,2.40898,1.00,1.00
2015.08.25 16:01:50.358,2.40803,2.40898,1.34,1.00
2015.08.25 16:01:50.862,2.40803,2.40899,1.34,1.00
2015.08.25 16:01:51.383,2.40804,2.40898,1.34,1.00
2015.08.25 16:01:51.909,2.40814,2.40898,1.00,1.00
2015.08.25 16:01:53.501,2.40813,2.40898,1.00,1.00
2015.08.25 16:01:54.184,2.40813,2.40899,1.00,1.00
2015.08.25 16:01:55.715,2.40814,2.40899,1.00,1.00
2015.08.25 16:01:55.816,2.40803,2.40899,1.34,1.00
2015.08.25 16:01:55.866,2.40803,2.40889,1.34,1.00
2015.08.25 16:01:57.905,2.40794,2.40888,1.34,1.00
2015.08.25 16:02:00.327,2.40804,2.40898,1.34,1.00
2015.08.25 16:02:00.581,2.40796,2.40889,1.09,1.00
2015.08.25 16:02:01.035,2.40794,2.40879,1.34,1.00
2015.08.25 16:02:01.696,2.40784,2.40878,1.34,1.00
2015.08.25 16:02:03.851,2.40794,2.40879,1.34,1.00
2015.08.25 16:02:04.544,2.40793,2.40888,1.34,1.00
2015.08.25 16:02:05.190,2.40809,2.40907,1.34,1.37
2015.08.25 16:02:05.244,2.40813,2.40918,1.09,1.00
2015.08.25 16:02:05.623,2.40813,2.40908,1.09,1.00
2015.08.25 16:02:06.012,2.40824,2.40908,1.00,1.00
2015.08.25 16:02:06.742,2.40814,2.40909,1.00,1.00
2015.08.25 16:02:08.700,2.40813,2.40909,1.09,1.00
2015.08.25 16:02:09.154,2.40814,2.40898,1.00,1.00
2015.08.25 16:02:09.407,2.40814,2.40908,1.00,1.00
2015.08.25 16:02:11.443,2.40813,2.40908,1.09,1.00
2015.08.25 16:02:12.066,2.40814,2.40908,1.00,1.00
2015.08.25 16:02:13.636,2.40814,2.40909,1.00,1.00
2015.08.25 16:02:14.168,2.40804,2.40908,1.34,1.00
2015.08.25 16:02:14.319,2.40803,2.40899,1.34,1.00
2015.08.25 16:02:15.196,2.40804,2.40908,1.34,1.00
2015.08.25 16:02:17.266,2.40814,2.40908,1.00,1.00
2015.08.25 16:02:17.781,2.40813,2.40908,1.09,1.00
2015.08.25 16:02:18.056,2.40813,2.40898,1.09,1.00
2015.08.25 16:02:18.824,2.40814,2.40898,1.00,1.00
2015.08.25 16:02:18.976,2.40814,2.40909,1.00,1.00
2015.08.25 16:02:19.481,2.40813,2.40909,1.09,1.00
2015.08.25 16:02:20.497,2.40813,2.40908,1.09,1.00
2015.08.25 16:02:20.548,2.40823,2.40908,1.00,1.00
2015.08.25 16:02:20.649,2.40814,2.40909,1.00,1.00
2015.08.25 16:02:21.153,2.40813,2.40908,1.09,1.00
2015.08.25 16:02:21.204,2.40813,2.40906,1.09,1.00
2015.08.25 16:02:21.929,2.40805,2.40908,1.34,1.00
2015.08.25 16:02:21.988,2.40805,2.40918,1.34,1.75
2015.08.25 16:02:23.442,2.40823,2.40925,1.00,1.75
2015.08.25 16:02:23.800,2.40824,2.40927,1.00,1.50
2015.08.25 16:02:23.901,2.40824,2.40918,1.00,1.00
2015.08.25 16:02:25.189,2.40823,2.40918,1.00,1.00
2015.08.25 16:02:25.713,2.40824,2.40918,1.00,1.00
2015.08.25 16:02:26.524,2.40823,2.40918,1.00,1.00
2015.08.25 16:02:27.065,2.40814,2.40919,1.34,1.00
2015.08.25 16:02:28.415,2.40813,2.40908,1.34,1.00
2015.08.25 16:02:28.611,2.40813,2.40919,1.34,1.12
2015.08.25 16:02:29.468,2.40813,2.40918,1.34,1.00
2015.08.25 16:02:29.943,2.40813,2.40916,1.34,1.00
2015.08.25 16:02:30.044,2.40813,2.40918,1.34,1.00
2015.08.25 16:02:31.858,2.40813,2.40919,1.34,1.12
2015.08.25 16:02:32.384,2.40814,2.40918,1.34,1.00
2015.08.25 16:02:33.358,2.40814,2.40909,1.34,1.00
2015.08.25 16:02:34.826,2.40804,2.40908,1.34,1.00
2015.08.25 16:02:35.371,2.40803,2.40908,1.34,1.37
2015.08.25 16:02:37.680,2.40814,2.40908,1.00,1.37
2015.08.25 16:02:37.781,2.40803,2.40909,1.00,1.37
2015.08.25 16:02:37.944,2.40807,2.40909,1.00,1.37
2015.08.25 16:02:38.096,2.40813,2.40927,1.00,1.75
2015.08.25 16:02:38.147,2.40823,2.40931,1.00,1.75
2015.08.25 16:02:38.353,2.40823,2.40933,1.00,1.00
2015.08.25 16:02:38.986,2.40825,2.40937,1.00,1.12
2015.08.25 16:02:39.188,2.40827,2.40945,1.00,1.75
2015.08.25 16:02:39.516,2.40833,2.40945,1.00,1.75
2015.08.25 16:02:39.617,2.40835,2.40949,1.00,1.09
2015.08.25 16:02:40.049,2.40841,2.40949,1.00,1.09
2015.08.25 16:02:40.596,2.40848,2.40949,1.00,1.09
2015.08.25 16:02:40.797,2.40846,2.40949,1.00,1.00
2015.08.25 16:02:41.311,2.40846,2.40948,1.00,1.00
2015.08.25 16:02:41.899,2.40848,2.40956,1.00,1.34
2015.08.25 16:02:42.581,2.40849,2.40959,1.00,1.34
2015.08.25 16:02:43.796,2.4085,2.40949,1.00,1.09
2015.08.25 16:02:43.897,2.40844,2.40948,1.50,1.00
2015.08.25 16:02:44.098,2.40852,2.40948,1.00,1.00
2015.08.25 16:02:44.199,2.40844,2.40956,1.50,1.34
2015.08.25 16:02:45.810,2.40846,2.40957,1.00,1.34
2015.08.25 16:02:45.911,2.40848,2.40959,1.00,1.34
2015.08.25 16:02:46.063,2.40854,2.40964,1.00,1.09
2015.08.25 16:02:46.623,2.4084,2.40956,1.00,1.75
2015.08.25 16:02:46.927,2.40837,2.40956,1.00,2.25
2015.08.25 16:02:47.301,2.40844,2.40956,1.00,1.75
2015.08.25 16:02:49.381,2.40843,2.40956,1.00,1.75
2015.08.25 16:02:50.968,2.40843,2.4095,1.00,1.00
2015.08.25 16:02:51.020,2.40833,2.4095,1.00,1.00
2015.08.25 16:02:51.176,2.40833,2.40947,1.00,1.00
2015.08.25 16:02:51.479,2.40834,2.40935,1.00,1.37
2015.08.25 16:02:52.226,2.40843,2.40938,1.00,1.75
2015.08.25 16:02:52.478,2.40834,2.4094,1.00,1.75
2015.08.25 16:02:53.424,2.40834,2.40941,1.00,1.37
2015.08.25 16:02:53.477,2.40844,2.40949,1.00,1.75
2015.08.25 16:02:55.073,2.40843,2.40949,1.00,1.75
2015.08.25 16:02:55.568,2.40834,2.40948,1.00,1.50
2015.08.25 16:02:56.469,2.40833,2.40949,1.00,2.25
2015.08.25 16:02:56.519,2.40843,2.40949,1.00,1.75
2015.08.25 16:02:56.973,2.40843,2.40955,1.00,1.37
2015.08.25 16:02:57.024,2.40843,2.40956,1.00,1.00
2015.08.25 16:02:57.807,2.40844,2.40956,1.00,1.00
2015.08.25 16:02:57.866,2.40853,2.40956,1.00,1.00
2015.08.25 16:02:58.076,2.40844,2.40956,1.00,1.00
2015.08.25 16:02:58.681,2.40844,2.40955,1.00,1.00
2015.08.25 16:03:00.047,2.40843,2.40956,1.00,1.00
2015.08.25 16:03:00.600,2.40843,2.40957,1.00,1.12
2015.08.25 16:03:01.629,2.40843,2.40948,1.00,1.75
2015.08.25 16:03:03.377,2.40853,2.40946,1.00,1.75
2015.08.25 16:03:03.578,2.40834,2.40929,1.00,1.00
2015.08.25 16:03:03.686,2.40824,2.40929,1.50,1.00
2015.08.25 16:03:04.534,2.40833,2.40928,1.00,1.00
2015.08.25 16:03:04.843,2.40833,2.40928,1.34,1.00
2015.08.25 16:03:06.133,2.40834,2.40941,1.34,1.00
2015.08.25 16:03:06.183,2.40834,2.40946,1.34,1.75
2015.08.25 16:03:06.486,2.40853,2.40947,1.00,1.75
2015.08.25 16:03:07.183,2.40843,2.40947,1.34,1.75
2015.08.25 16:03:09.063,2.40854,2.40952,1.00,1.75
2015.08.25 16:03:09.164,2.40844,2.40938,1.00,1.00
2015.08.25 16:03:09.265,2.40833,2.40938,1.00,1.00
2015.08.25 16:03:09.366,2.40833,2.40933,1.00,1.00
2015.08.25 16:03:10.041,2.40833,2.40934,1.00,1.75
2015.08.25 16:03:10.570,2.40834,2.40939,1.00,2.25
2015.08.25 16:03:11.843,2.40833,2.40939,1.00,1.75
2015.08.25 16:03:12.350,2.40834,2.40947,1.00,1.75
2015.08.25 16:03:13.631,2.40833,2.40945,1.00,1.75
2015.08.25 16:03:13.936,2.40844,2.40945,1.00,1.75
2015.08.25 16:03:14.872,2.40834,2.40945,1.00,1.75
2015.08.25 16:03:15.260,2.40834,2.40933,1.00,1.00
2015.08.25 16:03:15.462,2.40823,2.40928,1.34,1.00
2015.08.25 16:03:15.563,2.40823,2.40926,1.34,1.00
2015.08.25 16:03:16.215,2.40814,2.40928,1.34,1.00
2015.08.25 16:03:16.785,2.40824,2.40929,1.34,1.12
2015.08.25 16:03:17.593,2.40842,2.40947,1.00,1.75
2015.08.25 16:03:17.902,2.40844,2.40956,1.00,2.25
2015.08.25 16:03:18.418,2.40843,2.40955,1.00,1.75
2015.08.25 16:03:19.064,2.40844,2.40955,1.00,1.50
2015.08.25 16:03:19.417,2.40852,2.40955,1.00,1.00
2015.08.25 16:03:20.360,2.40852,2.40956,1.00,1.87
2015.08.25 16:03:20.412,2.40841,2.40952,1.00,1.75
2015.08.25 16:03:20.872,2.40834,2.40952,1.00,1.75
2015.08.25 16:03:21.962,2.40833,2.40952,1.50,1.75
2015.08.25 16:03:22.532,2.40841,2.40955,1.00,1.75
2015.08.25 16:03:22.834,2.40833,2.40947,1.50,1.50
2015.08.25 16:03:23.396,2.40833,2.40936,1.00,1.00
2015.08.25 16:03:23.447,2.40824,2.40936,1.75,1.09
2015.08.25 16:03:23.599,2.40827,2.40946,1.12,1.12
2015.08.25 16:03:23.700,2.40834,2.40942,1.00,1.00
2015.08.25 16:03:24.053,2.40824,2.40941,1.46,1.37
2015.08.25 16:03:24.700,2.40823,2.40924,1.34,1.00
2015.08.25 16:03:25.002,2.40823,2.40916,1.34,1.00
2015.08.25 16:03:25.153,2.40814,2.40916,1.00,1.00
2015.08.25 16:03:25.204,2.40814,2.40913,1.00,1.00
2015.08.25 16:03:25.254,2.40811,2.40913,1.00,1.00
2015.08.25 16:03:25.307,2.40811,2.40909,1.00,1.00
2015.08.25 16:03:25.408,2.40811,2.40913,1.00,1.50
2015.08.25 16:03:26.010,2.40804,2.40913,1.34,1.50
2015.08.25 16:03:26.064,2.40804,2.40907,1.34,1.00
2015.08.25 16:03:26.316,2.40802,2.40905,1.09,1.00
2015.08.25 16:03:26.367,2.40822,2.40905,1.34,1.00
2015.08.25 16:03:26.418,2.40822,2.40917,1.34,1.37
2015.08.25 16:03:26.569,2.40813,2.40925,1.12,1.37
2015.08.25 16:03:26.670,2.40813,2.40925,1.50,1.50
2015.08.25 16:03:26.771,2.40801,2.40916,2.25,1.00
2015.08.25 16:03:28.162,2.40802,2.40917,2.62,1.00
2015.08.25 16:03:28.212,2.4081,2.40925,1.75,1.00
2015.08.25 16:03:29.483,2.40805,2.40924,1.75,1.00
2015.08.25 16:03:29.995,2.40805,2.40925,2.25,1.00
2015.08.25 16:03:30.939,2.40804,2.40916,1.75,1.00
2015.08.25 16:03:30.990,2.40804,2.40922,1.75,1.00
2015.08.25 16:03:31.050,2.40802,2.40916,2.25,1.00
2015.08.25 16:03:31.752,2.40801,2.40917,1.75,1.00
2015.08.25 16:03:33.360,2.40801,2.40916,1.75,1.00
2015.08.25 16:03:34.205,2.408,2.40916,1.75,1.00
2015.08.25 16:03:34.306,2.408,2.40917,1.37,1.00
2015.08.25 16:03:34.610,2.40793,2.40915,1.75,1.00
2015.08.25 16:03:34.913,2.40793,2.40907,1.75,1.00
2015.08.25 16:03:35.246,2.40794,2.40915,1.75,1.00
2015.08.25 16:03:35.772,2.40793,2.40907,1.75,1.00
2015.08.25 16:03:37.979,2.40794,2.40906,1.75,1.00
2015.08.25 16:03:39.446,2.40791,2.40907,1.37,1.00
2015.08.25 16:03:39.496,2.40791,2.40907,1.12,1.12
2015.08.25 16:03:39.547,2.40794,2.40906,1.00,1.00
2015.08.25 16:03:40.050,2.40794,2.40913,1.00,1.75
2015.08.25 16:03:41.283,2.40794,2.40906,1.00,1.00
2015.08.25 16:03:43.000,2.40804,2.40915,1.00,1.37
2015.08.25 16:03:43.051,2.40793,2.40915,1.75,1.00
2015.08.25 16:03:43.152,2.40793,2.40911,1.75,1.00
2015.08.25 16:03:43.406,2.40794,2.40906,1.00,1.00
2015.08.25 16:03:43.457,2.40794,2.40904,1.00,1.00
2015.08.25 16:03:43.558,2.40794,2.40906,1.00,1.50
2015.08.25 16:03:43.862,2.40793,2.40915,1.00,1.00
2015.08.25 16:03:44.445,2.40793,2.40915,1.75,1.00
2015.08.25 16:03:44.496,2.4081,2.40926,1.00,1.00
2015.08.25 16:03:44.648,2.40809,2.40927,1.37,1.00
2015.08.25 16:03:44.951,2.40813,2.4093,1.75,1.00
2015.08.25 16:03:45.455,2.40813,2.40929,2.25,1.00
2015.08.25 16:03:46.113,2.40814,2.40926,1.75,1.00
2015.08.25 16:03:48.322,2.40813,2.40927,1.75,1.00
2015.08.25 16:03:48.826,2.40808,2.40926,1.75,1.00
2015.08.25 16:03:49.406,2.40809,2.40925,1.75,1.00
2015.08.25 16:03:49.507,2.40803,2.40925,2.25,1.12
2015.08.25 16:03:49.558,2.40803,2.40917,2.25,1.00
2015.08.25 16:03:50.108,2.40804,2.40916,1.75,1.00
2015.08.25 16:03:51.052,2.40803,2.40917,2.25,1.00
2015.08.25 16:03:51.399,2.40799,2.40913,1.75,1.00
2015.08.25 16:03:51.450,2.40799,2.40916,1.75,1.00
2015.08.25 16:03:52.629,2.40794,2.40907,1.50,1.00
2015.08.25 16:03:52.831,2.40788,2.40896,1.75,1.00
2015.08.25 16:03:53.034,2.40787,2.40896,1.00,1.00
2015.08.25 16:03:53.140,2.40785,2.40907,1.12,2.25
2015.08.25 16:03:53.190,2.40785,2.40896,1.12,1.00
2015.08.25 16:03:53.870,2.40778,2.40897,1.75,1.00
2015.08.25 16:03:54.172,2.40795,2.40897,1.00,1.75
2015.08.25 16:03:54.389,2.40797,2.40916,1.75,1.00
2015.08.25 16:03:55.851,2.40793,2.40914,1.37,1.87
2015.08.25 16:03:55.902,2.4079,2.40915,1.87,1.75
2015.08.25 16:03:56.091,2.40793,2.40914,1.00,1.75
2015.08.25 16:03:57.177,2.40783,2.40891,1.37,1.00
2015.08.25 16:03:57.232,2.40775,2.40891,1.75,1.00
2015.08.25 16:03:57.814,2.40778,2.40889,1.12,1.00
2015.08.25 16:03:59.017,2.40776,2.40891,1.50,1.00
2015.08.25 16:04:00.014,2.40775,2.40891,3.00,1.00
2015.08.25 16:04:00.065,2.40785,2.40886,1.00,1.00
2015.08.25 16:04:00.116,2.40782,2.40886,1.12,1.00
2015.08.25 16:04:00.217,2.40784,2.40903,1.50,1.09
2015.08.25 16:04:00.268,2.40784,2.40905,1.87,1.71
2015.08.25 16:04:00.319,2.40792,2.40907,1.75,1.34
2015.08.25 16:04:00.520,2.40784,2.40905,1.75,1.34
2015.08.25 16:04:01.346,2.40799,2.40907,1.37,1.00
2015.08.25 16:04:01.410,2.40799,2.40916,1.37,1.37
2015.08.25 16:04:01.460,2.40799,2.40916,1.75,1.00
2015.08.25 16:04:02.744,2.40812,2.40906,1.00,1.00
2015.08.25 16:04:03.097,2.40801,2.40906,1.75,1.00
2015.08.25 16:04:03.198,2.40801,2.40916,1.75,1.84
2015.08.25 16:04:03.350,2.40811,2.40916,1.00,1.84
2015.08.25 16:04:04.534,2.40811,2.40916,1.00,1.34
2015.08.25 16:04:04.640,2.40804,2.40917,1.75,1.34
2015.08.25 16:04:04.842,2.40804,2.40906,1.75,1.00
2015.08.25 16:04:05.559,2.40809,2.40906,1.00,1.00
2015.08.25 16:04:05.609,2.40809,2.40917,1.00,1.34
2015.08.25 16:04:05.660,2.40821,2.40917,1.00,1.34
2015.08.25 16:04:07.425,2.40812,2.40925,1.50,1.46
2015.08.25 16:04:08.525,2.40813,2.40917,1.00,1.34
2015.08.25 16:04:08.578,2.40822,2.40917,1.00,1.34
2015.08.25 16:04:09.153,2.40822,2.40926,1.00,1.37
2015.08.25 16:04:10.310,2.40822,2.40926,1.00,1.00
2015.08.25 16:04:11.938,2.40822,2.40936,1.00,1.00
2015.08.25 16:04:13.715,2.40847,2.40937,1.00,1.00
2015.08.25 16:04:13.867,2.40842,2.40947,1.75,1.00
2015.08.25 16:04:14.069,2.4084,2.40957,2.25,1.34
2015.08.25 16:04:14.170,2.40834,2.40947,1.50,1.00
2015.08.25 16:04:15.001,2.40834,2.40946,1.50,1.00
2015.08.25 16:04:15.729,2.40833,2.40952,2.25,1.34
2015.08.25 16:04:15.881,2.40833,2.40952,1.87,1.71
2015.08.25 16:04:15.982,2.40834,2.40946,1.00,1.75
2015.08.25 16:04:16.523,2.40833,2.40947,1.87,1.00
2015.08.25 16:04:17.292,2.40834,2.40946,1.12,1.00
2015.08.25 16:04:18.088,2.40833,2.40947,1.37,1.00
2015.08.25 16:04:18.240,2.40833,2.40955,1.37,1.84
2015.08.25 16:04:18.620,2.40834,2.40946,1.12,1.00
2015.08.25 16:04:18.953,2.40841,2.40955,1.00,1.09
2015.08.25 16:04:19.525,2.40847,2.40957,1.37,1.37
2015.08.25 16:04:19.576,2.4085,2.40966,1.37,1.00
2015.08.25 16:04:19.830,2.4085,2.40971,1.37,1.75
2015.08.25 16:04:20.156,2.40854,2.40966,1.50,1.00
2015.08.25 16:04:20.952,2.40859,2.40976,1.00,1.75
2015.08.25 16:04:21.327,2.40864,2.40979,1.00,2.25
2015.08.25 16:04:21.580,2.40855,2.40976,1.00,1.75
2015.08.25 16:04:21.917,2.40863,2.40977,1.00,1.75
2015.08.25 16:04:22.461,2.40855,2.40977,1.00,1.75
2015.08.25 16:04:22.513,2.40853,2.40977,1.50,1.75
2015.08.25 16:04:22.716,2.40856,2.40975,1.00,1.75
2015.08.25 16:04:22.770,2.40854,2.40975,1.00,1.75
2015.08.25 16:04:22.821,2.40855,2.40975,1.37,1.37
2015.08.25 16:04:22.872,2.40864,2.40975,1.00,1.00
2015.08.25 16:04:23.126,2.40864,2.40986,1.00,1.75
2015.08.25 16:04:23.758,2.40873,2.40987,1.00,1.75
2015.08.25 16:04:24.276,2.40874,2.40986,1.00,1.75
2015.08.25 16:04:24.427,2.40863,2.40987,1.87,2.25
2015.08.25 16:04:25.899,2.40864,2.40986,1.37,1.37
2015.08.25 16:04:25.959,2.40865,2.40986,1.75,1.00
2015.08.25 16:04:26.742,2.40864,2.40985,1.75,1.00
2015.08.25 16:04:27.296,2.40861,2.40976,1.37,1.00
2015.08.25 16:04:27.347,2.40855,2.40976,2.25,1.00
2015.08.25 16:04:27.589,2.40863,2.40977,1.00,1.00
2015.08.25 16:04:28.707,2.40864,2.40976,1.00,1.00
2015.08.25 16:04:30.339,2.40863,2.40977,1.00,1.00
2015.08.25 16:04:30.693,2.40855,2.40977,1.75,1.00
2015.08.25 16:04:31.267,2.40861,2.40976,1.00,1.00
2015.08.25 16:04:31.862,2.40873,2.40984,1.75,1.00
2015.08.25 16:04:32.014,2.40868,2.40982,1.12,1.00
2015.08.25 16:04:32.115,2.40863,2.40984,2.25,1.00
2015.08.25 16:04:35.092,2.40867,2.40985,1.37,1.00
2015.08.25 16:04:35.679,2.40864,2.40982,1.75,1.00
2015.08.25 16:04:36.541,2.40864,2.40982,1.37,1.37
2015.08.25 16:04:36.592,2.40855,2.40974,1.00,1.09
2015.08.25 16:04:37.007,2.40855,2.40974,1.00,1.50
2015.08.25 16:04:37.958,2.40854,2.40974,1.87,1.50
2015.08.25 16:04:38.280,2.40856,2.40975,1.00,2.25
2015.08.25 16:04:38.379,2.40854,2.40972,1.87,1.00
2015.08.25 16:04:38.480,2.40856,2.40974,1.00,1.50
2015.08.25 16:04:40.127,2.40855,2.40978,1.00,2.25
2015.08.25 16:04:40.648,2.40854,2.40973,1.12,1.12
2015.08.25 16:04:41.440,2.40857,2.40966,1.00,1.34
2015.08.25 16:04:41.541,2.40854,2.40967,1.12,1.34
2015.08.25 16:04:42.018,2.40854,2.40967,1.12,1.00
2015.08.25 16:04:42.905,2.4085,2.40956,1.75,1.00
2015.08.25 16:04:43.107,2.40849,2.40967,2.25,1.50
2015.08.25 16:04:47.259,2.40849,2.40966,1.75,1.00
2015.08.25 16:04:50.798,2.4085,2.40969,1.75,1.00
2015.08.25 16:04:51.408,2.40851,2.40965,1.00,1.75
2015.08.25 16:04:51.461,2.40844,2.4096,1.00,1.00
2015.08.25 16:04:52.958,2.40837,2.40956,2.25,1.00
2015.08.25 16:04:55.141,2.40844,2.4096,1.00,1.34
2015.08.25 16:04:56.537,2.40852,2.40963,1.00,1.50
2015.08.25 16:04:56.917,2.40844,2.40966,1.50,2.25
2015.08.25 16:04:57.119,2.40852,2.40966,1.00,1.75
2015.08.25 16:04:58.021,2.40853,2.40967,1.00,2.25
2015.08.25 16:04:58.608,2.40852,2.40966,1.00,1.75
2015.08.25 16:04:58.658,2.40845,2.40966,1.00,1.75
2015.08.25 16:04:58.860,2.40845,2.40956,1.00,1.00
2015.08.25 16:04:59.595,2.40844,2.40956,1.00,1.00
2015.08.25 16:05:00.586,2.40845,2.40956,1.00,1.00
2015.08.25 16:05:00.637,2.40845,2.40967,1.00,1.75
2015.08.25 16:05:01.169,2.40852,2.40967,1.00,3.00
2015.08.25 16:05:01.474,2.40868,2.40982,1.00,1.71
2015.08.25 16:05:01.575,2.40865,2.40983,1.00,1.84
2015.08.25 16:05:01.981,2.40863,2.40983,1.87,1.84
2015.08.25 16:05:02.629,2.40864,2.40979,1.00,1.34
2015.08.25 16:05:03.580,2.40856,2.40977,1.75,1.34
2015.08.25 16:05:04.359,2.40922,2.40979,1.00,1.34
2015.08.25 16:05:04.409,2.40922,2.41001,1.00,1.37
2015.08.25 16:05:04.460,2.40922,2.41013,1.00,1.75
2015.08.25 16:05:04.612,2.40914,2.41017,1.00,1.37
2015.08.25 16:05:04.663,2.40902,2.41017,1.37,1.50
2015.08.25 16:05:04.714,2.40893,2.41012,1.37,1.37
2015.08.25 16:05:04.764,2.40893,2.41012,1.00,1.75
2015.08.25 16:05:04.815,2.40911,2.41006,1.00,1.87
2015.08.25 16:05:05.897,2.40914,2.41012,1.00,2.25
2015.08.25 16:05:08.472,2.40914,2.4102,1.00,1.09
2015.08.25 16:05:08.523,2.40924,2.4102,1.00,1.09
2015.08.25 16:05:09.823,2.40934,2.41028,1.00,1.71
2015.08.25 16:05:09.874,2.40934,2.4104,1.00,1.75
2015.08.25 16:05:11.852,2.40933,2.41038,1.00,1.75
2015.08.25 16:05:12.353,2.40934,2.4104,1.00,1.75
2015.08.25 16:05:16.458,2.40934,2.41029,1.00,1.75
2015.08.25 16:05:20.157,2.40933,2.41029,1.00,1.75
2015.08.25 16:05:20.208,2.40923,2.41029,1.00,1.75
2015.08.25 16:05:20.410,2.40914,2.41023,1.34,1.75
2015.08.25 16:05:20.712,2.40913,2.41016,1.34,1.00
2015.08.25 16:05:21.466,2.40911,2.41011,1.00,1.75
2015.08.25 16:05:21.517,2.40901,2.4101,1.34,1.75
2015.08.25 16:05:22.086,2.40911,2.41012,1.00,1.75
2015.08.25 16:05:23.431,2.40893,2.40995,1.34,2.25
2015.08.25 16:05:23.481,2.40892,2.40992,1.00,1.09
2015.08.25 16:05:23.532,2.40892,2.40994,1.00,1.09
2015.08.25 16:05:23.633,2.40874,2.40989,1.87,1.00
2015.08.25 16:05:23.734,2.40874,2.40978,1.12,1.00
2015.08.25 16:05:23.835,2.40863,2.40978,1.00,1.75
2015.08.25 16:05:24.139,2.40859,2.40977,1.00,1.75
2015.08.25 16:05:24.240,2.40861,2.40977,1.00,1.75
2015.08.25 16:05:24.763,2.40861,2.40967,1.00,1.00
2015.08.25 16:05:24.814,2.4086,2.40975,1.00,1.75
2015.08.25 16:05:25.121,2.40863,2.40975,1.00,1.75
2015.08.25 16:05:26.169,2.40864,2.40976,1.00,1.75
2015.08.25 16:05:26.551,2.4086,2.40977,1.00,1.75
2015.08.25 16:05:26.652,2.40857,2.40977,1.00,1.75
2015.08.25 16:05:26.703,2.40855,2.40977,1.00,1.75
2015.08.25 16:05:27.056,2.40853,2.40974,1.87,1.75
2015.08.25 16:05:27.633,2.40854,2.40974,1.00,1.75
2015.08.25 16:05:29.275,2.40853,2.40967,1.12,1.00
2015.08.25 16:05:29.326,2.40854,2.40971,1.00,1.37
2015.08.25 16:05:29.528,2.40853,2.40967,1.12,1.00
2015.08.25 16:05:30.125,2.40853,2.40966,1.12,1.00
2015.08.25 16:05:30.683,2.40855,2.40977,1.00,1.75
2015.08.25 16:05:30.835,2.40853,2.40977,2.62,1.75
2015.08.25 16:05:31.436,2.40854,2.40976,1.00,1.75
2015.08.25 16:05:32.409,2.40853,2.40977,1.12,1.75
2015.08.25 16:05:32.821,2.40854,2.40966,1.00,1.00
2015.08.25 16:05:33.381,2.40854,2.40976,1.00,1.75
2015.08.25 16:05:33.908,2.40854,2.40966,1.00,1.00
2015.08.25 16:05:34.436,2.40853,2.40967,1.12,1.00
2015.08.25 16:05:35.021,2.40846,2.40956,1.75,1.00
2015.08.25 16:05:35.558,2.4084,2.40957,1.00,1.84
2015.08.25 16:05:37.986,2.40837,2.40956,1.50,1.46
2015.08.25 16:05:38.047,2.40803,2.40927,1.50,2.25
2015.08.25 16:05:38.653,2.40806,2.40926,1.00,1.75
2015.08.25 16:05:39.369,2.40813,2.40927,1.00,2.25
2015.08.25 16:05:40.807,2.40811,2.40926,1.00,1.75
2015.08.25 16:05:43.335,2.40804,2.40925,1.12,1.75
2015.08.25 16:05:43.983,2.40804,2.40916,1.00,1.37
2015.08.25 16:05:44.033,2.40794,2.40916,2.25,1.75
2015.08.25 16:05:44.286,2.40801,2.40916,1.00,1.75
2015.08.25 16:05:44.640,2.40795,2.40907,1.00,1.37
2015.08.25 16:05:44.842,2.40773,2.40886,1.50,1.37
2015.08.25 16:05:45.559,2.40772,2.40877,1.00,1.00
2015.08.25 16:05:45.866,2.40762,2.40867,1.75,1.00
2015.08.25 16:05:46.361,2.40762,2.40875,1.75,1.00
2015.08.25 16:05:47.056,2.40772,2.40876,1.00,1.00
2015.08.25 16:05:47.118,2.40774,2.40887,1.00,1.37
2015.08.25 16:05:49.168,2.40773,2.40887,1.00,2.62
2015.08.25 16:05:50.382,2.40771,2.40877,1.00,1.00
2015.08.25 16:05:50.433,2.40767,2.40877,1.37,1.00
2015.08.25 16:05:51.173,2.40766,2.40876,1.50,1.00
2015.08.25 16:05:52.515,2.40772,2.40877,1.00,1.00
2015.08.25 16:05:52.879,2.40772,2.40887,1.00,1.87
2015.08.25 16:05:55.808,2.40773,2.40887,1.00,1.37
2015.08.25 16:05:56.388,2.40774,2.40887,1.00,1.37
2015.08.25 16:05:56.490,2.40774,2.40886,1.75,1.00
2015.08.25 16:05:58.120,2.40774,2.40887,1.75,1.00
2015.08.25 16:06:01.200,2.40774,2.40886,2.25,1.00
2015.08.25 16:06:04.331,2.40772,2.40885,1.75,1.00
2015.08.25 16:06:04.851,2.40772,2.40884,1.75,1.00
2015.08.25 16:06:06.079,2.40771,2.40886,2.25,1.50
2015.08.25 16:06:06.522,2.40772,2.40884,1.75,1.00
2015.08.25 16:06:07.461,2.40772,2.40885,1.37,1.00
2015.08.25 16:06:07.800,2.40774,2.40886,1.00,1.50
2015.08.25 16:06:08.505,2.40773,2.40886,1.00,1.50
2015.08.25 16:06:09.257,2.40771,2.40885,1.50,1.12
2015.08.25 16:06:11.260,2.40771,2.40883,1.50,1.00
2015.08.25 16:06:11.914,2.40772,2.40877,1.00,1.00
2015.08.25 16:06:12.698,2.40772,2.40876,1.00,1.00
2015.08.25 16:06:12.900,2.40766,2.40876,1.12,1.00
2015.08.25 16:06:13.001,2.40772,2.40876,1.00,1.00
2015.08.25 16:06:13.232,2.40765,2.40874,1.00,1.50
2015.08.25 16:06:13.544,2.40762,2.40867,1.00,1.00
2015.08.25 16:06:14.408,2.40762,2.40872,1.00,1.37
2015.08.25 16:06:16.767,2.40761,2.40868,1.00,1.00
2015.08.25 16:06:17.069,2.40761,2.40866,1.00,1.00
2015.08.25 16:06:18.360,2.40762,2.40866,1.00,1.50
2015.08.25 16:06:18.805,2.40762,2.40856,1.00,1.00
2015.08.25 16:06:20.216,2.40772,2.40879,1.00,1.00
2015.08.25 16:06:20.500,2.40772,2.40877,1.00,1.00
2015.08.25 16:06:21.152,2.40771,2.40877,1.00,1.00
2015.08.25 16:06:21.682,2.40767,2.40876,1.00,1.00
2015.08.25 16:06:21.884,2.40762,2.40875,1.00,1.50
2015.08.25 16:06:23.394,2.40764,2.40875,1.00,1.50
2015.08.25 16:06:26.175,2.40762,2.40875,1.00,1.50
2015.08.25 16:06:27.120,2.40762,2.40866,1.00,1.00
2015.08.25 16:06:27.673,2.40762,2.40867,1.00,1.00
2015.08.25 16:06:27.824,2.40751,2.40864,3.00,1.00
2015.08.25 16:06:27.929,2.40752,2.40857,1.75,1.00
2015.08.25 16:06:28.083,2.40752,2.40857,1.00,1.00
2015.08.25 16:06:28.151,2.40761,2.40857,1.00,1.00
2015.08.25 16:06:28.735,2.40754,2.40857,1.00,1.00
2015.08.25 16:06:29.178,2.40752,2.40857,1.00,1.00
2015.08.25 16:06:29.360,2.40752,2.40863,1.00,1.37
2015.08.25 16:06:30.492,2.40752,2.40856,1.00,1.00
2015.08.25 16:06:31.150,2.40751,2.40856,1.50,1.00
2015.08.25 16:06:31.724,2.40752,2.40856,1.00,1.00
2015.08.25 16:06:32.803,2.40752,2.40863,1.00,1.37
2015.08.25 16:06:34.182,2.40752,2.40857,1.00,1.00
2015.08.25 16:06:34.233,2.40752,2.40861,1.00,1.00
2015.08.25 16:06:34.295,2.40752,2.40859,1.00,1.00
2015.08.25 16:06:34.548,2.40749,2.40859,1.00,1.00
2015.08.25 16:06:36.200,2.4075,2.40861,1.00,1.00
2015.08.25 16:06:38.824,2.40751,2.40862,1.00,1.12
2015.08.25 16:06:39.135,2.40747,2.40858,1.00,1.00
2015.08.25 16:06:39.776,2.40752,2.40859,1.00,1.00
2015.08.25 16:06:39.827,2.40752,2.40861,1.00,1.00
2015.08.25 16:06:40.289,2.40751,2.40856,1.00,1.00
2015.08.25 16:06:42.230,2.40751,2.40861,1.00,1.00
2015.08.25 16:06:43.018,2.40762,2.40856,1.00,1.00
2015.08.25 16:06:43.220,2.40752,2.40856,1.00,1.00
2015.08.25 16:06:45.129,2.40751,2.40864,1.00,1.50
2015.08.25 16:06:45.638,2.40752,2.40866,1.00,1.87
2015.08.25 16:06:46.211,2.40764,2.40876,1.00,1.75
2015.08.25 16:06:46.261,2.40764,2.40876,1.00,1.00
2015.08.25 16:06:48.342,2.40755,2.40864,1.00,1.00
2015.08.25 16:06:48.546,2.40749,2.40864,1.75,1.00
2015.08.25 16:06:48.663,2.40751,2.40862,1.50,1.00
2015.08.25 16:06:49.555,2.40751,2.40863,1.50,1.00
2015.08.25 16:06:50.640,2.40749,2.40862,1.75,1.00
2015.08.25 16:06:51.196,2.40764,2.40867,1.00,1.00
2015.08.25 16:06:51.398,2.40774,2.40882,1.00,1.00
2015.08.25 16:06:51.499,2.40775,2.40886,1.00,1.00
2015.08.25 16:06:51.600,2.40775,2.40896,1.75,1.34
2015.08.25 16:06:51.803,2.40784,2.40896,1.00,1.00
2015.08.25 16:06:52.495,2.40794,2.40906,1.50,1.75
2015.08.25 16:06:52.600,2.40794,2.40916,2.25,1.75
2015.08.25 16:06:57.109,2.40793,2.40907,1.75,1.00
2015.08.25 16:06:58.420,2.40786,2.40907,1.00,1.75
2015.08.25 16:06:59.292,2.40787,2.40907,1.00,1.75
2015.08.25 16:06:59.996,2.40786,2.40907,1.00,1.75
2015.08.25 16:07:00.810,2.40787,2.40907,1.00,1.75
2015.08.25 16:07:03.384,2.40783,2.40907,1.87,1.75
2015.08.25 16:07:05.034,2.40783,2.40897,1.87,1.00
2015.08.25 16:07:06.550,2.40783,2.40907,1.87,1.75
2015.08.25 16:07:08.826,2.40784,2.40906,1.12,1.75
2015.08.25 16:07:09.526,2.40775,2.40896,1.00,2.25
2015.08.25 16:07:11.650,2.40773,2.40897,1.00,2.25
2015.08.25 16:07:11.751,2.40775,2.40896,1.00,1.75
2015.08.25 16:07:12.088,2.40774,2.40886,1.50,1.00
2015.08.25 16:07:12.899,2.40775,2.40886,1.00,1.00
2015.08.25 16:07:13.509,2.40774,2.40886,1.00,1.00
2015.08.25 16:07:16.909,2.40773,2.40887,1.00,1.00
2015.08.25 16:07:18.525,2.40774,2.40887,1.00,1.00
2015.08.25 16:07:18.576,2.40774,2.40896,1.00,1.75
2015.08.25 16:07:18.677,2.40783,2.40895,1.00,1.84
2015.08.25 16:07:18.779,2.40781,2.40891,1.00,1.50
2015.08.25 16:07:18.908,2.40781,2.40888,1.00,1.00
2015.08.25 16:07:19.217,2.40774,2.40884,1.00,1.75
2015.08.25 16:07:20.039,2.40773,2.40885,1.00,1.75
2015.08.25 16:07:20.543,2.40772,2.40884,1.00,2.25
2015.08.25 16:07:21.058,2.40771,2.40884,1.00,2.25
2015.08.25 16:07:22.141,2.40771,2.40875,1.00,1.00
2015.08.25 16:07:22.244,2.40771,2.40877,1.00,1.00
2015.08.25 16:07:22.427,2.40763,2.40877,1.00,1.00
2015.08.25 16:07:23.228,2.40763,2.40878,1.00,1.12
2015.08.25 16:07:24.155,2.40763,2.40877,1.00,1.00
2015.08.25 16:07:26.489,2.40774,2.40886,1.00,1.75
2015.08.25 16:07:27.458,2.40772,2.40881,1.00,1.75
2015.08.25 16:07:28.137,2.40771,2.40881,1.00,1.75
2015.08.25 16:07:28.241,2.40774,2.40886,1.00,2.25
2015.08.25 16:07:28.767,2.40773,2.40887,1.00,1.75
2015.08.25 16:07:29.849,2.40782,2.40889,1.00,1.75
2015.08.25 16:07:30.630,2.40773,2.40886,1.00,1.75
2015.08.25 16:07:33.079,2.40771,2.40877,1.00,1.00
2015.08.25 16:07:33.180,2.40763,2.40869,1.00,1.50
2015.08.25 16:07:33.965,2.40761,2.40869,1.00,2.25
2015.08.25 16:07:34.808,2.40762,2.40866,1.00,1.50
2015.08.25 16:07:35.468,2.40761,2.40866,1.00,1.50
2015.08.25 16:07:36.787,2.40762,2.40865,1.00,1.12
2015.08.25 16:07:39.268,2.40762,2.40866,1.00,3.34
2015.08.25 16:07:39.825,2.40761,2.40866,1.00,4.09
2015.08.25 16:07:40.267,2.40761,2.40866,1.00,3.00
2015.08.25 16:07:42.097,2.40753,2.40866,1.34,1.50
2015.08.25 16:07:42.527,2.40753,2.40866,1.34,1.84
2015.08.25 16:07:42.829,2.40761,2.40866,1.00,2.59
2015.08.25 16:07:43.031,2.40761,2.40866,1.00,2.25
2015.08.25 16:07:43.678,2.40762,2.40863,1.00,1.00
2015.08.25 16:07:43.729,2.40754,2.40863,1.34,1.00
2015.08.25 16:07:44.260,2.40754,2.40864,1.34,1.00
2015.08.25 16:07:44.563,2.40754,2.40864,1.00,1.34
2015.08.25 16:07:45.805,2.40763,2.40864,1.00,1.34
2015.08.25 16:07:45.856,2.40761,2.40864,1.00,1.34
2015.08.25 16:07:46.360,2.40762,2.40866,1.00,1.09
2015.08.25 16:07:48.298,2.40762,2.40864,1.00,1.00
2015.08.25 16:07:48.349,2.40752,2.40864,1.34,1.12
2015.08.25 16:07:48.951,2.40752,2.40861,1.34,1.00
2015.08.25 16:07:49.305,2.40753,2.40862,1.00,1.34
2015.08.25 16:07:49.608,2.40762,2.40862,1.00,1.34
2015.08.25 16:07:50.993,2.40754,2.40862,1.00,1.34
2015.08.25 16:07:51.044,2.40754,2.40862,1.00,1.34
2015.08.25 16:07:51.094,2.40751,2.40857,1.00,1.34
2015.08.25 16:07:51.297,2.40752,2.40849,1.00,1.00
2015.08.25 16:07:51.348,2.40741,2.40849,1.00,1.75
2015.08.25 16:07:51.449,2.40743,2.40855,1.00,1.75
2015.08.25 16:07:52.233,2.40751,2.40856,1.00,1.75
2015.08.25 16:07:52.668,2.40743,2.40855,1.00,1.75
2015.08.25 16:07:53.855,2.40751,2.40855,1.00,2.25
2015.08.25 16:07:54.323,2.40753,2.40865,1.00,3.00
2015.08.25 16:07:54.374,2.40753,2.40865,1.00,1.75
2015.08.25 16:07:54.425,2.40762,2.40866,1.00,2.25
2015.08.25 16:07:56.367,2.40753,2.40866,1.00,1.75
2015.08.25 16:07:57.736,2.40761,2.40866,1.00,1.75
2015.08.25 16:07:58.141,2.40754,2.40867,1.00,2.25
2015.08.25 16:08:00.107,2.40753,2.40866,1.00,1.75
2015.08.25 16:08:01.021,2.40762,2.40866,1.00,2.25
2015.08.25 16:08:02.864,2.40762,2.40866,1.00,1.00
2015.08.25 16:08:03.401,2.40762,2.40867,1.00,3.00
2015.08.25 16:08:03.654,2.40772,2.40867,1.00,2.25
2015.08.25 16:08:03.860,2.40763,2.40866,1.00,1.00
2015.08.25 16:08:03.911,2.40763,2.40868,1.00,1.00
2015.08.25 16:08:05.210,2.40763,2.40865,1.00,1.00
2015.08.25 16:08:05.315,2.40761,2.40868,1.00,1.00
2015.08.25 16:08:05.416,2.40763,2.40869,1.00,1.12
2015.08.25 16:08:06.176,2.40772,2.40879,1.00,1.75
2015.08.25 16:08:06.277,2.40774,2.40883,1.00,1.00
2015.08.25 16:08:06.630,2.40783,2.40881,1.00,1.00
2015.08.25 16:08:06.992,2.40773,2.40879,1.00,1.00
2015.08.25 16:08:07.555,2.40784,2.40884,1.00,1.12
2015.08.25 16:08:07.961,2.40783,2.40891,1.00,1.00
2015.08.25 16:08:08.062,2.40784,2.40893,1.00,1.00
2015.08.25 16:08:08.163,2.40783,2.40895,1.00,1.87
2015.08.25 16:08:08.991,2.40794,2.40895,1.00,1.12
2015.08.25 16:08:09.045,2.40792,2.40894,1.00,1.00
2015.08.25 16:08:09.281,2.40783,2.40893,1.00,1.00
2015.08.25 16:08:13.547,2.40783,2.40894,1.00,1.00
2015.08.25 16:08:13.999,2.40793,2.40894,1.00,1.00
2015.08.25 16:08:14.578,2.40793,2.40896,1.00,1.37
2015.08.25 16:08:17.162,2.40784,2.40895,1.00,1.12
2015.08.25 16:08:17.335,2.40784,2.40891,1.00,1.00
2015.08.25 16:08:17.917,2.40783,2.40891,1.00,1.00
2015.08.25 16:08:18.266,2.40783,2.40889,1.00,1.00
2015.08.25 16:08:18.367,2.40781,2.40888,1.00,1.00
2015.08.25 16:08:18.607,2.40783,2.40888,1.00,1.00
2015.08.25 16:08:18.658,2.40783,2.4089,1.00,1.00
2015.08.25 16:08:18.759,2.40786,2.40895,1.00,1.12
2015.08.25 16:08:19.375,2.40791,2.40887,1.00,1.00
2015.08.25 16:08:19.578,2.40781,2.40887,1.00,1.34
2015.08.25 16:08:21.491,2.40782,2.40887,1.00,1.34
2015.08.25 16:08:21.899,2.40774,2.40888,1.50,1.00
2015.08.25 16:08:22.000,2.40782,2.40888,1.00,1.00
2015.08.25 16:08:22.631,2.40782,2.40889,1.00,1.00
2015.08.25 16:08:22.684,2.40773,2.40889,1.75,1.00
2015.08.25 16:08:24.467,2.40774,2.40885,1.50,1.00
2015.08.25 16:08:24.517,2.40774,2.40885,1.00,1.00
2015.08.25 16:08:25.266,2.40774,2.40886,1.00,1.00
2015.08.25 16:08:26.824,2.40774,2.40886,1.37,1.00
2015.08.25 16:08:27.027,2.40781,2.40896,1.00,1.12
2015.08.25 16:08:27.077,2.40784,2.40896,1.00,1.12
2015.08.25 16:08:27.576,2.40784,2.40897,1.00,1.09
2015.08.25 16:08:28.323,2.40792,2.40896,1.00,1.12
2015.08.25 16:08:28.676,2.40794,2.40897,1.00,1.50
2015.08.25 16:08:29.077,2.40793,2.40885,1.00,1.00
2015.08.25 16:08:29.178,2.40782,2.40883,1.00,1.00
2015.08.25 16:08:29.634,2.40773,2.40883,1.00,1.50
2015.08.25 16:08:30.312,2.40781,2.40882,1.00,1.87
2015.08.25 16:08:31.015,2.40773,2.40882,1.00,1.87
2015.08.25 16:08:31.267,2.40781,2.40883,1.00,1.50
2015.08.25 16:08:31.793,2.40782,2.40883,1.00,1.50
2015.08.25 16:08:32.336,2.40781,2.40882,1.00,1.12
2015.08.25 16:08:33.047,2.40781,2.40881,1.00,1.00
2015.08.25 16:08:33.633,2.40781,2.40877,1.00,1.00
2015.08.25 16:08:33.684,2.40771,2.40877,1.00,1.00
2015.08.25 16:08:33.899,2.40771,2.40881,1.00,1.00
2015.08.25 16:08:34.277,2.40771,2.40877,1.00,1.00
2015.08.25 16:08:34.603,2.40771,2.40875,1.00,1.00
2015.08.25 16:08:35.219,2.40782,2.40879,1.00,1.00
2015.08.25 16:08:35.782,2.40782,2.40881,1.00,1.00
2015.08.25 16:08:35.906,2.40782,2.40878,1.00,1.00
2015.08.25 16:08:36.383,2.40781,2.4088,1.00,1.00
2015.08.25 16:08:36.972,2.40782,2.4088,1.00,1.00
2015.08.25 16:08:37.023,2.40782,2.40878,1.00,1.00
2015.08.25 16:08:37.548,2.40781,2.40878,1.00,1.00
2015.08.25 16:08:37.866,2.40781,2.40873,1.00,1.00
2015.08.25 16:08:38.523,2.40781,2.40867,1.00,1.00
2015.08.25 16:08:39.291,2.40781,2.40864,1.00,1.00
2015.08.25 16:08:40.697,2.40771,2.40873,1.00,2.25
2015.08.25 16:08:40.848,2.40782,2.40876,1.00,1.75
2015.08.25 16:08:41.050,2.40782,2.40882,1.00,1.50
2015.08.25 16:08:41.975,2.40782,2.40886,1.00,3.34
2015.08.25 16:08:42.598,2.40781,2.40884,1.00,1.37
2015.08.25 16:08:43.524,2.40781,2.40877,1.00,1.00
2015.08.25 16:08:43.826,2.40781,2.40875,1.00,1.00
2015.08.25 16:08:44.129,2.40781,2.40882,1.00,1.50
2015.08.25 16:08:44.831,2.40781,2.40883,1.00,1.12
2015.08.25 16:08:44.882,2.40791,2.40886,1.00,1.09
2015.08.25 16:08:45.394,2.40792,2.40886,1.00,1.09
2015.08.25 16:08:50.179,2.40791,2.40886,1.00,1.09
2015.08.25 16:08:50.567,2.40791,2.40898,1.00,1.50
2015.08.25 16:08:50.718,2.40792,2.40893,1.00,1.00
2015.08.25 16:08:50.966,2.40792,2.40895,1.00,1.12
2015.08.25 16:08:51.067,2.40792,2.40882,1.00,1.00
2015.08.25 16:08:51.218,2.40792,2.40884,1.00,1.12
2015.08.25 16:08:51.869,2.40791,2.40884,1.00,1.12
2015.08.25 16:08:52.170,2.40791,2.40878,1.00,1.00
2015.08.25 16:08:52.473,2.40791,2.40875,1.00,1.00
2015.08.25 16:08:52.524,2.40791,2.40877,1.00,1.00
2015.08.25 16:08:53.368,2.40791,2.40876,1.00,1.00
2015.08.25 16:08:53.897,2.40791,2.40877,1.00,1.00
2015.08.25 16:08:53.948,2.40791,2.40875,1.00,1.00
2015.08.25 16:08:55.666,2.40792,2.40883,1.00,1.00
2015.08.25 16:08:56.189,2.40792,2.40884,1.00,1.12
2015.08.25 16:08:56.341,2.40801,2.40889,1.00,1.75
2015.08.25 16:08:57.009,2.40773,2.40883,1.34,1.00
2015.08.25 16:08:57.066,2.40773,2.40885,1.00,1.87
2015.08.25 16:08:57.117,2.40766,2.40885,1.12,1.87
2015.08.25 16:08:57.227,2.40766,2.4088,1.12,1.00
2015.08.25 16:08:58.481,2.40769,2.4088,1.00,1.00
2015.08.25 16:08:58.887,2.40774,2.40886,1.00,2.25
2015.08.25 16:08:59.908,2.40775,2.40889,1.50,1.00
2015.08.25 16:09:01.459,2.40773,2.40887,1.75,1.00
2015.08.25 16:09:01.711,2.40773,2.40889,1.75,1.00
2015.08.25 16:09:02.164,2.40774,2.4089,1.37,1.37
2015.08.25 16:09:02.767,2.40774,2.4089,1.00,1.75
2015.08.25 16:09:03.345,2.40774,2.40878,1.00,1.00
2015.08.25 16:09:03.787,2.40774,2.40885,1.00,1.37
2015.08.25 16:09:03.888,2.40776,2.40886,1.00,1.50
2015.08.25 16:09:04.461,2.40776,2.40892,1.37,1.37
2015.08.25 16:09:04.512,2.40776,2.40892,1.75,1.00
2015.08.25 16:09:04.766,2.40777,2.40894,1.50,1.00
2015.08.25 16:09:04.817,2.40777,2.40896,1.50,1.87
2015.08.25 16:09:05.019,2.40779,2.40892,1.12,1.00
2015.08.25 16:09:05.913,2.40773,2.40882,1.00,1.00
2015.08.25 16:09:06.433,2.40773,2.40885,1.00,1.50
2015.08.25 16:09:07.425,2.40782,2.40876,1.00,1.84
2015.08.25 16:09:07.536,2.40782,2.40877,1.00,1.84
2015.08.25 16:09:07.587,2.40761,2.40877,1.75,1.84
2015.08.25 16:09:07.688,2.40761,2.40876,1.00,1.09
2015.08.25 16:09:07.789,2.40764,2.40876,1.00,1.09
2015.08.25 16:09:08.244,2.40771,2.40875,1.00,2.59
2015.08.25 16:09:10.314,2.40781,2.40875,1.00,2.59
2015.08.25 16:09:10.517,2.40781,2.40875,1.00,1.09
2015.08.25 16:09:11.205,2.40782,2.40875,1.00,1.09
2015.08.25 16:09:11.845,2.40781,2.40875,1.00,1.09
2015.08.25 16:09:13.172,2.40791,2.40873,1.00,1.34
2015.08.25 16:09:13.425,2.40771,2.40867,1.00,1.00
2015.08.25 16:09:15.159,2.40762,2.40867,1.00,1.50
2015.08.25 16:09:15.210,2.40762,2.40864,1.00,1.00
2015.08.25 16:09:16.060,2.40761,2.40864,1.00,1.75
2015.08.25 16:09:16.161,2.40751,2.4086,1.00,1.00
2015.08.25 16:09:17.336,2.40752,2.4086,1.00,1.00
2015.08.25 16:09:18.580,2.40752,2.40859,1.00,1.00
2015.08.25 16:09:19.182,2.40752,2.40856,1.00,1.00
2015.08.25 16:09:19.848,2.40752,2.40845,1.00,1.00
2015.08.25 16:09:19.898,2.40741,2.40845,1.00,1.00
2015.08.25 16:09:19.999,2.40741,2.4084,1.00,1.00
2015.08.25 16:09:20.536,2.40742,2.40837,1.00,1.00
2015.08.25 16:09:22.042,2.40742,2.40837,1.00,1.50
2015.08.25 16:09:23.699,2.40742,2.40845,1.00,1.00
2015.08.25 16:09:24.054,2.40742,2.40847,1.00,1.12
2015.08.25 16:09:25.128,2.40742,2.4083,1.00,1.00
2015.08.25 16:09:25.330,2.40742,2.40832,1.00,1.00
2015.08.25 16:09:25.381,2.40731,2.40832,1.00,1.00
2015.08.25 16:09:26.733,2.40731,2.40831,1.00,1.00
2015.08.25 16:09:27.264,2.40731,2.4083,1.00,1.00
2015.08.25 16:09:28.362,2.40741,2.40832,1.00,1.00
2015.08.25 16:09:28.514,2.40741,2.40834,1.00,1.00
2015.08.25 16:09:28.821,2.40741,2.40829,1.00,1.00
2015.08.25 16:09:29.124,2.40742,2.40823,1.00,1.00
2015.08.25 16:09:29.225,2.40732,2.40824,1.00,1.00
2015.08.25 16:09:29.965,2.40741,2.40829,1.00,1.00
2015.08.25 16:09:30.126,2.40732,2.40822,1.00,1.00
2015.08.25 16:09:30.631,2.40731,2.40821,1.00,1.00
2015.08.25 16:09:31.618,2.40731,2.4082,1.00,1.00
2015.08.25 16:09:31.669,2.40731,2.40822,1.00,1.00
2015.08.25 16:09:32.465,2.40731,2.40824,1.00,1.00
2015.08.25 16:09:33.367,2.40731,2.40822,1.00,1.00
2015.08.25 16:09:34.314,2.40742,2.40822,1.00,1.00
2015.08.25 16:09:34.443,2.40742,2.40825,1.00,1.00
2015.08.25 16:09:35.059,2.40742,2.4082,1.00,1.00
2015.08.25 16:09:35.110,2.40731,2.40824,1.00,1.00
2015.08.25 16:09:37.573,2.40731,2.40823,1.00,1.00
2015.08.25 16:09:37.676,2.40731,2.4082,1.00,1.00
2015.08.25 16:09:37.978,2.40721,2.40819,1.00,1.34
2015.08.25 16:09:38.843,2.40722,2.40819,1.00,1.34
2015.08.25 16:09:40.457,2.40721,2.40819,1.00,1.34
2015.08.25 16:09:44.279,2.40731,2.40826,1.00,2.25
2015.08.25 16:09:44.514,2.40732,2.40823,1.00,1.09
2015.08.25 16:09:44.935,2.40732,2.40825,1.00,1.37
2015.08.25 16:09:44.986,2.40732,2.40831,1.00,1.00
2015.08.25 16:09:46.625,2.40742,2.40831,1.00,1.00
2015.08.25 16:09:47.044,2.40732,2.40831,1.00,1.00
2015.08.25 16:09:47.742,2.40731,2.40831,1.00,1.00
2015.08.25 16:09:48.256,2.40731,2.40832,1.00,1.00
2015.08.25 16:09:49.277,2.40732,2.40831,1.00,1.00
2015.08.25 16:09:49.328,2.40732,2.40829,1.00,1.00
2015.08.25 16:09:49.651,2.40732,2.40823,1.00,1.00
2015.08.25 16:09:49.954,2.40721,2.40823,1.00,1.00
2015.08.25 16:09:50.155,2.40731,2.40822,1.00,1.00
2015.08.25 16:09:51.428,2.40721,2.40822,1.00,1.00
2015.08.25 16:09:51.804,2.40732,2.40827,1.00,1.00
2015.08.25 16:09:52.268,2.40731,2.40831,1.00,1.00
2015.08.25 16:09:52.369,2.40741,2.40831,1.00,1.50
2015.08.25 16:09:53.042,2.40741,2.40832,1.00,1.00
2015.08.25 16:09:53.666,2.40741,2.40831,1.00,1.00
2015.08.25 16:09:54.069,2.40741,2.40833,1.00,1.87
2015.08.25 16:09:54.707,2.40741,2.40832,1.00,1.00
2015.08.25 16:09:55.316,2.40741,2.40833,1.00,1.87
2015.08.25 16:09:56.026,2.40741,2.40832,1.00,1.00
2015.08.25 16:09:56.721,2.40741,2.40833,1.00,1.87
2015.08.25 16:09:57.780,2.40741,2.40824,1.00,1.00
2015.08.25 16:09:58.494,2.40742,2.40822,1.00,1.00
2015.08.25 16:09:58.544,2.40702,2.40806,1.50,1.00
2015.08.25 16:09:58.897,2.40702,2.40807,1.00,1.00
2015.08.25 16:09:59.049,2.40694,2.40806,1.00,1.00
2015.08.25 16:09:59.634,2.40702,2.40806,1.00,1.00
2015.08.25 16:10:00.575,2.40704,2.4082,1.00,2.62
2015.08.25 16:10:00.806,2.40703,2.40817,1.00,1.00
2015.08.25 16:10:01.894,2.40704,2.4082,1.00,1.87
2015.08.25 16:10:02.495,2.40704,2.40818,1.00,1.00
2015.08.25 16:10:04.718,2.40704,2.4082,1.00,1.87
2015.08.25 16:10:06.296,2.40704,2.40816,1.00,1.00
2015.08.25 16:10:06.875,2.40703,2.40817,1.00,1.00
2015.08.25 16:10:08.109,2.40703,2.40808,1.00,1.00
2015.08.25 16:10:08.160,2.40694,2.40808,1.00,1.50
2015.08.25 16:10:10.218,2.40703,2.40816,1.00,1.75
2015.08.25 16:10:10.370,2.40703,2.40817,1.37,1.00
2015.08.25 16:10:11.034,2.40696,2.40807,1.75,1.00
2015.08.25 16:10:11.243,2.40704,2.40826,1.12,3.00
2015.08.25 16:10:11.597,2.40713,2.40825,1.00,1.75
2015.08.25 16:10:11.698,2.40703,2.40825,1.37,1.75
2015.08.25 16:10:12.402,2.40704,2.40816,1.12,1.00
2015.08.25 16:10:12.706,2.40708,2.40827,1.75,1.00
2015.08.25 16:10:13.112,2.40731,2.40827,1.00,1.00
2015.08.25 16:10:13.764,2.40723,2.40837,1.00,1.75
2015.08.25 16:10:14.330,2.40724,2.40836,1.00,1.75
2015.08.25 16:10:15.599,2.40721,2.40834,1.00,1.50
2015.08.25 16:10:15.828,2.40716,2.40834,1.00,1.50
2015.08.25 16:10:16.727,2.40715,2.40836,1.12,1.75
2015.08.25 16:10:17.346,2.40714,2.40828,2.25,1.00
2015.08.25 16:10:17.650,2.40714,2.40826,2.25,1.00
2015.08.25 16:10:18.054,2.4071,2.40816,1.75,1.00
2015.08.25 16:10:18.206,2.4071,2.40816,1.00,1.00
2015.08.25 16:10:18.802,2.40703,2.40816,1.50,1.00
2015.08.25 16:10:19.341,2.40703,2.40818,2.25,1.00
2015.08.25 16:10:19.392,2.40714,2.40818,1.00,1.00
2015.08.25 16:10:19.543,2.40714,2.40821,1.00,1.12
2015.08.25 16:10:19.594,2.40706,2.40821,1.00,1.12
2015.08.25 16:10:19.781,2.40708,2.4082,1.00,1.00
2015.08.25 16:10:21.153,2.40711,2.4082,1.00,1.00
2015.08.25 16:10:21.490,2.40713,2.40822,1.00,1.37
2015.08.25 16:10:21.692,2.40722,2.40831,1.00,1.00
2015.08.25 16:10:22.535,2.40725,2.40837,1.00,3.00
2015.08.25 16:10:24.215,2.40723,2.40836,1.00,1.75
2015.08.25 16:10:24.316,2.40732,2.40835,1.00,1.50
2015.08.25 16:10:24.468,2.40732,2.40836,1.00,1.37
2015.08.25 16:10:24.569,2.40732,2.40837,1.00,1.50
2015.08.25 16:10:26.526,2.40726,2.40837,1.12,1.50
2015.08.25 16:10:26.677,2.40723,2.40833,1.50,1.00
2015.08.25 16:10:27.210,2.40721,2.40815,1.00,1.37
2015.08.25 16:10:27.260,2.40704,2.40816,1.00,1.50
2015.08.25 16:10:27.841,2.40703,2.40814,1.00,1.12
2015.08.25 16:10:28.716,2.40703,2.40812,1.00,1.00
2015.08.25 16:10:28.830,2.40693,2.40809,1.00,1.75
2015.08.25 16:10:29.349,2.40693,2.40803,1.00,1.00
2015.08.25 16:10:30.233,2.40693,2.40799,1.00,1.00
2015.08.25 16:10:32.777,2.40693,2.40799,1.00,1.84
2015.08.25 16:10:32.828,2.40684,2.40791,1.50,1.00
2015.08.25 16:10:32.879,2.40684,2.40791,1.12,1.37
2015.08.25 16:10:33.470,2.40682,2.40784,1.00,1.37
2015.08.25 16:10:33.776,2.40682,2.40775,1.00,1.00
2015.08.25 16:10:33.877,2.40671,2.40775,1.00,1.00
2015.08.25 16:10:33.927,2.40671,2.40773,1.00,1.00
2015.08.25 16:10:34.230,2.40672,2.40776,1.00,1.00
2015.08.25 16:10:35.420,2.40682,2.40776,1.00,1.00
2015.08.25 16:10:35.963,2.40682,2.40786,1.00,2.25
2015.08.25 16:10:36.698,2.40681,2.40785,1.00,1.75
2015.08.25 16:10:37.424,2.40682,2.40778,1.00,1.37
2015.08.25 16:10:37.728,2.40682,2.40775,1.00,1.34
2015.08.25 16:10:38.258,2.40672,2.40771,1.00,1.37
2015.08.25 16:10:38.310,2.40672,2.40766,1.00,1.37
2015.08.25 16:10:39.227,2.40672,2.40763,1.00,1.00
2015.08.25 16:10:40.093,2.40672,2.40756,1.00,1.37
2015.08.25 16:10:40.597,2.40661,2.40755,1.00,1.75
2015.08.25 16:10:40.799,2.40653,2.40747,1.00,1.37
2015.08.25 16:10:41.360,2.40652,2.4075,1.00,1.75
2015.08.25 16:10:42.237,2.40662,2.40756,1.00,2.25
2015.08.25 16:10:43.036,2.40661,2.40755,1.00,1.75
2015.08.25 16:10:43.557,2.40662,2.40757,1.00,1.12
2015.08.25 16:10:44.698,2.40661,2.40757,1.00,1.12
2015.08.25 16:10:46.358,2.40661,2.40755,1.00,1.00
2015.08.25 16:10:46.462,2.40661,2.4076,1.00,1.50
2015.08.25 16:10:46.842,2.40662,2.40754,1.00,1.00
2015.08.25 16:10:47.777,2.40662,2.40756,1.00,1.00
2015.08.25 16:10:48.166,2.40651,2.40756,1.00,1.00
2015.08.25 16:10:50.035,2.40662,2.40757,1.00,1.87
2015.08.25 16:10:50.579,2.40661,2.4076,1.00,2.25
2015.08.25 16:10:50.880,2.40672,2.4076,1.00,2.25
2015.08.25 16:10:51.580,2.40661,2.4076,1.00,2.25
2015.08.25 16:10:53.363,2.40672,2.4076,1.00,2.25
2015.08.25 16:10:53.902,2.40662,2.40761,1.00,1.75
2015.08.25 16:10:54.906,2.40661,2.40762,1.00,1.75
2015.08.25 16:10:56.467,2.40671,2.40762,1.00,1.75
2015.08.25 16:10:56.770,2.40681,2.40768,1.00,1.75
2015.08.25 16:10:59.290,2.40682,2.40767,1.00,1.75
2015.08.25 16:11:00.643,2.40681,2.40767,1.00,1.75
2015.08.25 16:11:01.148,2.40682,2.40767,1.00,1.75
2015.08.25 16:11:01.944,2.40682,2.40767,1.00,1.00
2015.08.25 16:11:02.166,2.40682,2.40775,1.00,1.75
2015.08.25 16:11:02.268,2.40692,2.40776,1.00,2.25
2015.08.25 16:11:04.000,2.40692,2.4079,1.00,1.75
2015.08.25 16:11:04.505,2.40691,2.40794,1.00,1.75
2015.08.25 16:11:05.564,2.40684,2.40793,1.00,1.75
2015.08.25 16:11:08.128,2.40683,2.40793,1.00,1.75
2015.08.25 16:11:08.852,2.40692,2.40796,1.00,1.37
2015.08.25 16:11:08.903,2.40694,2.40796,1.00,1.12
2015.08.25 16:11:11.066,2.40692,2.40796,1.00,1.12
2015.08.25 16:11:11.117,2.40692,2.40783,1.00,1.00
2015.08.25 16:11:11.451,2.40683,2.40783,1.00,1.12
2015.08.25 16:11:11.596,2.40691,2.40783,1.00,1.12
2015.08.25 16:11:13.108,2.40691,2.4078,1.00,1.00
2015.08.25 16:11:13.556,2.40681,2.4078,1.00,1.00
2015.08.25 16:11:13.776,2.40692,2.4078,1.00,1.00
2015.08.25 16:11:14.376,2.4067,2.40769,1.00,1.00
2015.08.25 16:11:14.428,2.40664,2.40769,1.00,1.00
2015.08.25 16:11:14.829,2.40664,2.40766,1.00,1.00
2015.08.25 16:11:16.817,2.40664,2.40771,1.00,1.00
2015.08.25 16:11:16.933,2.40654,2.40771,1.00,1.00
2015.08.25 16:11:18.351,2.40653,2.40773,1.12,1.87
2015.08.25 16:11:19.090,2.40654,2.40772,1.00,1.12
2015.08.25 16:11:19.606,2.40661,2.40772,1.00,1.12
2015.08.25 16:11:20.363,2.40653,2.4077,1.12,1.00
2015.08.25 16:11:20.535,2.40654,2.40772,1.00,1.12
2015.08.25 16:11:20.637,2.40661,2.40771,1.00,1.00
2015.08.25 16:11:20.816,2.40654,2.40771,1.00,1.00
2015.08.25 16:11:21.443,2.40654,2.4077,1.00,1.00
2015.08.25 16:11:24.536,2.40654,2.40772,1.00,1.12
2015.08.25 16:11:27.017,2.40653,2.40767,1.87,1.00
2015.08.25 16:11:28.912,2.40654,2.40766,1.00,1.00
2015.08.25 16:11:29.604,2.40654,2.40766,1.00,1.37
2015.08.25 16:11:29.655,2.40643,2.40757,1.00,1.12
2015.08.25 16:11:31.770,2.40672,2.40759,1.00,1.00
2015.08.25 16:11:31.821,2.40672,2.40776,1.00,1.50
2015.08.25 16:11:31.872,2.40672,2.40777,1.12,1.37
2015.08.25 16:11:32.074,2.40673,2.40787,1.00,1.00
2015.08.25 16:11:32.124,2.40677,2.40787,1.00,1.00
2015.08.25 16:11:32.226,2.40674,2.40787,1.00,1.00
2015.08.25 16:11:33.183,2.40681,2.40796,1.00,1.75
2015.08.25 16:11:33.686,2.40683,2.40797,1.00,1.75
2015.08.25 16:11:34.816,2.40683,2.40801,1.37,1.37
2015.08.25 16:11:34.867,2.40683,2.40801,2.25,1.00
2015.08.25 16:11:35.408,2.40683,2.408,2.25,1.00
2015.08.25 16:11:36.998,2.40693,2.40807,1.37,1.37
2015.08.25 16:11:37.049,2.40694,2.40807,1.75,1.00
2015.08.25 16:11:37.151,2.40695,2.40814,1.75,1.00
2015.08.25 16:11:37.684,2.40694,2.40807,1.75,1.00
2015.08.25 16:11:37.836,2.40693,2.40807,1.00,1.75
2015.08.25 16:11:38.370,2.4069,2.40807,1.00,1.75
2015.08.25 16:11:38.473,2.40694,2.40814,1.00,2.25
2015.08.25 16:11:39.130,2.40693,2.40813,1.50,2.25
2015.08.25 16:11:40.641,2.40694,2.40816,1.00,1.75
2015.08.25 16:11:41.765,2.40696,2.40816,1.87,1.37
2015.08.25 16:11:41.816,2.40703,2.40817,1.00,1.00
2015.08.25 16:11:42.343,2.40704,2.40817,1.50,1.00
2015.08.25 16:11:42.444,2.40704,2.40807,1.00,1.00
2015.08.25 16:11:43.226,2.40684,2.40799,1.00,1.50
2015.08.25 16:11:43.747,2.40684,2.40796,1.00,1.00
2015.08.25 16:11:47.436,2.40692,2.40796,1.00,1.00
2015.08.25 16:11:47.587,2.40689,2.40797,1.00,1.12
2015.08.25 16:11:47.638,2.40689,2.40797,1.37,1.12
2015.08.25 16:11:47.739,2.40691,2.40806,1.75,1.09
2015.08.25 16:11:47.890,2.40699,2.40806,1.00,1.00
2015.08.25 16:11:48.480,2.40699,2.40816,1.00,1.50
2015.08.25 16:11:48.532,2.40702,2.40816,1.00,1.50
2015.08.25 16:11:49.115,2.40704,2.40816,1.00,1.50
2015.08.25 16:11:50.123,2.40703,2.40822,1.00,1.75
2015.08.25 16:11:50.646,2.40712,2.40822,1.00,1.75
2015.08.25 16:11:51.301,2.40711,2.40825,1.00,1.75
2015.08.25 16:11:52.354,2.40713,2.40827,1.00,1.12
2015.08.25 16:11:53.955,2.40711,2.40826,1.12,1.00
2015.08.25 16:11:55.237,2.40716,2.40826,1.00,1.00
2015.08.25 16:11:55.338,2.40719,2.40836,1.75,1.00
2015.08.25 16:11:55.540,2.40724,2.40836,1.00,1.00
2015.08.25 16:11:55.854,2.40724,2.40842,1.00,1.75
2015.08.25 16:11:56.420,2.40725,2.40843,1.00,1.75
2015.08.25 16:11:57.058,2.40723,2.40842,1.00,1.75
2015.08.25 16:11:58.229,2.40724,2.40843,1.00,1.75
2015.08.25 16:11:59.941,2.40724,2.40838,1.50,1.00
2015.08.25 16:12:00.244,2.40724,2.40836,1.00,1.00
2015.08.25 16:12:01.344,2.40731,2.40843,1.00,1.75
2015.08.25 16:12:01.765,2.40733,2.40844,1.00,1.75
2015.08.25 16:12:02.376,2.40733,2.4085,1.87,1.37
2015.08.25 16:12:02.427,2.40742,2.4085,1.00,1.00
2015.08.25 16:12:02.591,2.40742,2.40853,1.00,1.37
2015.08.25 16:12:02.642,2.40733,2.40853,1.87,1.37
2015.08.25 16:12:02.843,2.40741,2.40853,1.00,1.37
2015.08.25 16:12:03.206,2.40744,2.40855,1.00,1.75
2015.08.25 16:12:03.357,2.40742,2.40855,1.00,1.75
2015.08.25 16:12:03.934,2.40744,2.40852,1.00,1.12
2015.08.25 16:12:04.237,2.40731,2.40834,1.12,1.00
2015.08.25 16:12:04.540,2.40731,2.40831,1.00,1.00
2015.08.25 16:12:05.274,2.40731,2.40827,1.00,1.00
2015.08.25 16:12:05.647,2.40731,2.40832,1.00,1.00
2015.08.25 16:12:05.849,2.40731,2.40834,1.00,1.00
2015.08.25 16:12:05.950,2.40731,2.40839,1.00,1.75
2015.08.25 16:12:06.662,2.40751,2.40837,1.00,1.00
2015.08.25 16:12:06.713,2.40751,2.40856,1.00,1.75
2015.08.25 16:12:06.966,2.40743,2.40857,1.00,1.84
2015.08.25 16:12:07.500,2.40754,2.40856,1.00,1.75
2015.08.25 16:12:08.194,2.40754,2.4087,1.00,1.75
2015.08.25 16:12:11.444,2.40753,2.40867,1.00,1.50
2015.08.25 16:12:11.605,2.40755,2.40867,1.00,1.50
2015.08.25 16:12:12.114,2.40754,2.40871,1.00,1.75
2015.08.25 16:12:13.294,2.40746,2.40867,1.75,2.25
2015.08.25 16:12:13.546,2.40753,2.40867,1.00,1.50
2015.08.25 16:12:15.240,2.40754,2.40875,1.00,1.75
2015.08.25 16:12:15.445,2.40751,2.40865,1.00,1.87
2015.08.25 16:12:16.519,2.40762,2.40866,1.00,1.37
2015.08.25 16:12:16.671,2.40754,2.40866,1.50,1.37
2015.08.25 16:12:16.876,2.40752,2.40866,1.00,1.37
2015.08.25 16:12:17.795,2.40751,2.40866,1.00,1.37
2015.08.25 16:12:17.846,2.40754,2.40867,1.00,1.50
2015.08.25 16:12:19.245,2.40759,2.40873,1.00,1.75
2015.08.25 16:12:19.561,2.40771,2.40877,1.00,1.75
2015.08.25 16:12:22.758,2.40771,2.40884,1.00,1.75
2015.08.25 16:12:22.809,2.40773,2.40884,1.00,1.75
2015.08.25 16:12:23.312,2.40774,2.40878,1.00,1.09
2015.08.25 16:12:23.464,2.40762,2.40875,1.00,1.34
2015.08.25 16:12:24.089,2.40771,2.40873,1.00,1.75
2015.08.25 16:12:24.392,2.40771,2.40859,1.00,1.71
2015.08.25 16:12:24.543,2.40771,2.40852,1.00,1.75
2015.08.25 16:12:24.795,2.40772,2.40859,1.00,1.09
2015.08.25 16:12:24.846,2.40772,2.40861,1.00,1.09
2015.08.25 16:12:25.534,2.40762,2.40862,1.00,1.09
2015.08.25 16:12:26.053,2.40761,2.40858,1.00,1.00
2015.08.25 16:12:26.407,2.40761,2.40857,1.00,1.34
2015.08.25 16:12:27.747,2.40741,2.40851,1.75,1.00
2015.08.25 16:12:27.804,2.40741,2.40851,1.00,1.75
2015.08.25 16:12:28.116,2.40761,2.40851,1.00,1.75
2015.08.25 16:12:28.420,2.40751,2.40848,1.00,1.12
2015.08.25 16:12:28.470,2.40751,2.40842,1.00,1.00
2015.08.25 16:12:28.521,2.40742,2.40842,1.00,1.00
2015.08.25 16:12:29.151,2.40752,2.40848,1.00,1.12
2015.08.25 16:12:29.660,2.40751,2.40851,1.00,1.75
2015.08.25 16:12:29.963,2.40753,2.40852,1.00,1.09
2015.08.25 16:12:30.064,2.40751,2.40852,1.00,1.09
2015.08.25 16:12:30.619,2.40743,2.40852,1.00,1.09
2015.08.25 16:12:31.023,2.40754,2.40852,1.00,1.09
2015.08.25 16:12:31.276,2.40744,2.40852,1.00,1.09
2015.08.25 16:12:31.597,2.40753,2.40856,1.00,1.75
2015.08.25 16:12:32.238,2.40751,2.40856,1.00,1.34
2015.08.25 16:12:32.513,2.40751,2.4086,1.00,1.37
2015.08.25 16:12:32.564,2.40753,2.4086,1.00,1.37
2015.08.25 16:12:33.002,2.40762,2.40864,1.00,1.75
2015.08.25 16:12:33.154,2.40752,2.40861,1.00,1.50
2015.08.25 16:12:33.306,2.40752,2.40861,1.00,1.84
2015.08.25 16:12:33.883,2.40761,2.40861,1.00,1.09
2015.08.25 16:12:33.934,2.40761,2.40864,1.00,1.75
2015.08.25 16:12:34.035,2.40764,2.40864,1.00,1.75
2015.08.25 16:12:34.136,2.40761,2.40865,1.00,2.25
2015.08.25 16:12:34.237,2.40761,2.40861,1.00,1.09
2015.08.25 16:12:34.514,2.40761,2.40861,1.00,1.50
2015.08.25 16:12:35.403,2.40761,2.40861,1.00,1.84
2015.08.25 16:12:35.759,2.40762,2.40865,1.00,1.75
2015.08.25 16:12:36.130,2.40761,2.40861,1.00,1.09
2015.08.25 16:12:36.332,2.40751,2.40861,1.00,1.09
2015.08.25 16:12:36.544,2.40754,2.40865,1.00,3.00
2015.08.25 16:12:36.645,2.40761,2.40864,1.00,2.25
2015.08.25 16:12:37.182,2.40754,2.40864,1.00,2.25
2015.08.25 16:12:37.235,2.40754,2.40861,1.00,1.09
2015.08.25 16:12:37.336,2.40751,2.40861,1.00,1.09
2015.08.25 16:12:37.621,2.40762,2.40857,1.00,1.34
2015.08.25 16:12:38.680,2.40761,2.40861,1.00,1.09
2015.08.25 16:12:39.226,2.40762,2.40861,1.00,1.09
2015.08.25 16:12:42.542,2.40762,2.40869,1.00,1.75
2015.08.25 16:12:44.010,2.40781,2.40877,1.00,1.50
2015.08.25 16:12:44.111,2.40771,2.40879,1.34,1.75
2015.08.25 16:12:44.162,2.40771,2.40877,1.00,1.09
2015.08.25 16:12:44.464,2.40781,2.40872,1.00,1.34
2015.08.25 16:12:44.565,2.40772,2.40872,1.00,1.34
2015.08.25 16:12:44.773,2.40772,2.40872,1.00,1.34
2015.08.25 16:12:45.863,2.40762,2.40872,1.00,1.34
2015.08.25 16:12:46.311,2.40772,2.40871,1.00,1.34
2015.08.25 16:12:47.864,2.40771,2.40872,1.00,1.34
2015.08.25 16:12:49.171,2.40781,2.40876,1.00,1.75
2015.08.25 16:12:49.475,2.40772,2.40867,1.00,1.34
2015.08.25 16:12:49.627,2.40761,2.40862,1.00,1.46
2015.08.25 16:12:49.814,2.40761,2.40861,1.00,1.34
2015.08.25 16:12:53.812,2.40762,2.40865,1.00,1.09
2015.08.25 16:12:56.269,2.40772,2.40865,1.00,1.09
2015.08.25 16:12:56.784,2.40771,2.40865,1.00,1.09
2015.08.25 16:12:57.729,2.40772,2.4086,1.00,1.09
2015.08.25 16:12:57.788,2.40762,2.4086,1.09,1.09
2015.08.25 16:12:58.041,2.40761,2.4086,1.00,1.34
2015.08.25 16:12:58.092,2.40751,2.4086,1.00,1.34
2015.08.25 16:12:59.835,2.40743,2.40853,1.00,1.84
2015.08.25 16:13:00.678,2.40741,2.40852,1.00,1.71
2015.08.25 16:13:00.946,2.40736,2.40848,1.00,1.34
2015.08.25 16:13:01.047,2.40741,2.40848,1.00,1.34
2015.08.25 16:13:02.069,2.40742,2.40848,1.00,1.71
2015.08.25 16:13:02.170,2.40733,2.40844,1.34,1.09
2015.08.25 16:13:16.948,2.40733,2.40841,1.34,1.75
2015.08.25 16:13:17.299,2.40733,2.40841,1.34,1.75
2015.08.25 16:13:19.091,2.40733,2.40827,1.34,1.00
2015.08.25 16:13:20.110,2.40732,2.40826,1.34,1.00
2015.08.25 16:13:25.112,2.40742,2.40826,1.00,1.00
2015.08.25 16:13:25.330,2.40742,2.40829,1.00,1.00
2015.08.25 16:13:26.540,2.40742,2.4083,1.00,1.00
2015.08.25 16:13:27.454,2.40741,2.4083,1.00,1.00
2015.08.25 16:13:28.302,2.40732,2.4083,1.34,1.00
2015.08.25 16:13:29.112,2.40732,2.40826,1.34,1.00
2015.08.25 16:13:29.689,2.40731,2.40824,1.34,1.00
2015.08.25 16:13:30.013,2.40731,2.40826,1.34,1.00
2015.08.25 16:13:30.256,2.40731,2.40823,1.34,1.00
2015.08.25 16:13:30.458,2.40724,2.40825,1.34,1.00
2015.08.25 16:13:31.285,2.40724,2.40824,1.34,1.00
2015.08.25 16:13:32.068,2.40732,2.40828,1.34,1.75
2015.08.25 16:13:32.807,2.40734,2.40828,1.34,1.37
2015.08.25 16:13:32.861,2.40741,2.40841,1.00,1.75
2015.08.25 16:13:33.374,2.40742,2.40841,1.00,1.75
2015.08.25 16:13:34.245,2.40741,2.40841,1.00,1.75
2015.08.25 16:13:34.686,2.40734,2.40836,1.00,1.00
2015.08.25 16:13:34.737,2.40734,2.40833,1.00,1.00
2015.08.25 16:13:34.838,2.40724,2.40833,1.00,1.00
2015.08.25 16:13:35.191,2.40723,2.40835,1.00,1.00
2015.08.25 16:13:35.342,2.40723,2.40838,1.00,1.37
2015.08.25 16:13:36.530,2.40723,2.40835,1.00,1.00
2015.08.25 16:13:37.366,2.40724,2.40836,1.00,1.00
2015.08.25 16:13:38.040,2.40724,2.40839,1.00,1.50
2015.08.25 16:13:41.334,2.40731,2.40836,1.00,1.00
2015.08.25 16:13:41.667,2.40734,2.40836,1.00,1.00
2015.08.25 16:13:41.862,2.40731,2.40836,1.00,1.00
2015.08.25 16:13:42.434,2.40732,2.40837,1.00,1.87
2015.08.25 16:13:43.014,2.40742,2.40836,1.00,1.50
2015.08.25 16:13:43.374,2.40742,2.40851,1.00,1.75
2015.08.25 16:13:43.425,2.40742,2.40851,1.00,1.75
2015.08.25 16:13:44.254,2.40733,2.40849,1.00,1.50
2015.08.25 16:13:45.048,2.40733,2.40843,1.00,1.00
2015.08.25 16:13:45.942,2.40734,2.40843,1.00,1.00
2015.08.25 16:13:46.234,2.40734,2.40848,1.50,1.12
2015.08.25 16:13:46.285,2.40734,2.40846,1.00,1.00
2015.08.25 16:13:46.588,2.40741,2.40846,1.00,1.00
2015.08.25 16:13:47.334,2.40734,2.40846,1.50,1.00
2015.08.25 16:13:47.793,2.40741,2.40846,1.00,1.00
2015.08.25 16:13:48.158,2.40741,2.4084,1.00,1.00
2015.08.25 16:13:48.801,2.40734,2.40839,1.00,1.00
2015.08.25 16:13:49.060,2.40735,2.40847,1.00,1.50
2015.08.25 16:13:49.394,2.40744,2.40862,1.00,1.75
2015.08.25 16:13:49.444,2.40744,2.40862,1.00,1.37
2015.08.25 16:13:49.946,2.40743,2.40861,1.00,1.12
2015.08.25 16:13:50.562,2.40744,2.40858,1.00,1.00
2015.08.25 16:13:50.722,2.40744,2.40861,1.00,1.12
2015.08.25 16:13:51.466,2.40754,2.4086,1.00,1.00
2015.08.25 16:13:52.164,2.40754,2.40851,1.00,1.37
2015.08.25 16:13:52.215,2.40744,2.40843,1.00,1.00
2015.08.25 16:13:52.265,2.40744,2.40843,1.00,1.37
2015.08.25 16:13:52.467,2.40733,2.4084,1.00,1.75
2015.08.25 16:13:52.619,2.40742,2.4084,1.00,1.75
2015.08.25 16:13:52.870,2.40734,2.40839,1.00,1.75
2015.08.25 16:13:53.409,2.40733,2.4084,1.00,1.75
2015.08.25 16:13:55.721,2.40733,2.40849,1.00,2.25
2015.08.25 16:13:56.229,2.40734,2.40849,1.00,2.25
2015.08.25 16:13:56.622,2.40744,2.40849,1.00,1.75
2015.08.25 16:13:58.148,2.40752,2.40849,1.00,1.75
2015.08.25 16:13:58.699,2.40741,2.40849,1.00,1.75
2015.08.25 16:14:01.554,2.40743,2.40846,1.00,1.37
2015.08.25 16:14:02.194,2.40741,2.40846,1.00,1.87
2015.08.25 16:14:04.161,2.40742,2.40846,1.00,2.62
2015.08.25 16:14:06.813,2.40741,2.40846,1.00,1.37
2015.08.25 16:14:07.352,2.40742,2.40846,1.00,1.37
2015.08.25 16:14:08.227,2.40742,2.40842,1.00,1.00
2015.08.25 16:14:08.529,2.40733,2.4084,1.00,2.25
2015.08.25 16:14:08.834,2.40742,2.4084,1.00,1.75
2015.08.25 16:14:10.257,2.40752,2.40839,1.00,1.75
2015.08.25 16:14:10.358,2.40742,2.40839,1.00,1.75
2015.08.25 16:14:11.201,2.40751,2.40839,1.00,1.75
2015.08.25 16:14:11.791,2.40741,2.40839,1.00,1.75
2015.08.25 16:14:12.855,2.40742,2.40832,1.00,1.50
2015.08.25 16:14:13.494,2.40741,2.40835,1.00,1.75
2015.08.25 16:14:13.650,2.40732,2.40835,1.00,1.75
2015.08.25 16:14:13.951,2.40741,2.40836,1.00,1.75
2015.08.25 16:14:14.084,2.40732,2.40824,1.00,1.00
2015.08.25 16:14:14.904,2.40732,2.40827,1.00,1.00
2015.08.25 16:14:14.955,2.40732,2.40827,1.00,1.34
2015.08.25 16:14:15.869,2.40731,2.40827,1.00,1.34
2015.08.25 16:14:16.454,2.40732,2.40827,1.00,1.34
2015.08.25 16:14:18.731,2.40731,2.4083,1.00,1.46
2015.08.25 16:14:19.043,2.40722,2.40826,1.00,1.84
2015.08.25 16:14:19.144,2.40731,2.40826,1.00,1.84
2015.08.25 16:14:19.962,2.40732,2.40826,1.00,1.34
2015.08.25 16:14:21.118,2.40722,2.40826,1.00,1.34
2015.08.25 16:14:21.321,2.40731,2.40826,1.00,1.34
2015.08.25 16:14:22.101,2.40741,2.40825,1.00,1.34
2015.08.25 16:14:24.013,2.40732,2.40822,1.00,1.09
2015.08.25 16:14:24.114,2.40742,2.40822,1.00,1.09
2015.08.25 16:14:24.621,2.40731,2.40822,1.00,1.09
2015.08.25 16:14:26.179,2.40732,2.40822,1.00,1.09
2015.08.25 16:14:26.430,2.40741,2.40822,1.00,1.09
2015.08.25 16:14:28.689,2.40732,2.40822,1.00,1.09
2015.08.25 16:14:29.212,2.40731,2.40822,1.00,1.09
2015.08.25 16:14:29.263,2.40752,2.40822,1.00,1.09
2015.08.25 16:14:29.993,2.40742,2.40826,1.00,1.71
2015.08.25 16:14:30.891,2.40731,2.40826,1.00,1.34
2015.08.25 16:14:31.553,2.40741,2.40826,1.00,1.34
2015.08.25 16:14:33.511,2.40731,2.40826,1.00,1.34
2015.08.25 16:14:34.301,2.40732,2.40826,1.00,1.34
2015.08.25 16:14:35.336,2.40722,2.40819,1.00,1.34
2015.08.25 16:14:36.831,2.40731,2.40816,1.00,1.34
2015.08.25 16:14:38.478,2.40732,2.40816,1.00,1.34
2015.08.25 16:14:42.330,2.40731,2.40817,1.00,1.34
2015.08.25 16:14:44.034,2.40732,2.40812,1.00,1.34
2015.08.25 16:14:44.538,2.40742,2.40826,1.34,1.75
2015.08.25 16:14:44.639,2.40747,2.40826,1.34,1.00
2015.08.25 16:14:44.691,2.40771,2.40852,1.00,1.75
2015.08.25 16:14:44.893,2.40762,2.40854,1.00,1.84
2015.08.25 16:14:45.433,2.40741,2.40836,1.37,1.34
2015.08.25 16:14:45.495,2.40741,2.40836,1.00,1.34
2015.08.25 16:14:46.006,2.40732,2.40826,1.00,1.34
2015.08.25 16:14:47.094,2.40731,2.40826,1.00,1.34
2015.08.25 16:14:49.041,2.40732,2.40826,1.00,1.34
2015.08.25 16:14:50.229,2.40731,2.40817,1.00,2.21
2015.08.25 16:14:50.381,2.40721,2.40816,1.00,1.34
2015.08.25 16:14:51.220,2.40721,2.40815,1.00,1.71
2015.08.25 16:14:55.124,2.40722,2.40806,1.00,1.12
2015.08.25 16:14:55.327,2.40711,2.40806,1.00,1.12
2015.08.25 16:14:55.868,2.40722,2.4081,1.00,1.75
2015.08.25 16:14:56.409,2.40721,2.40811,1.00,3.00
2015.08.25 16:14:59.598,2.40711,2.40811,1.00,1.75
2015.08.25 16:15:00.005,2.40722,2.40806,1.00,1.12
2015.08.25 16:15:00.157,2.40712,2.40806,1.00,1.12
2015.08.25 16:15:00.610,2.40721,2.40807,1.00,1.50
2015.08.25 16:15:01.196,2.40721,2.40803,1.00,1.00
2015.08.25 16:15:01.249,2.40721,2.40807,1.00,1.50
2015.08.25 16:15:01.355,2.40721,2.40799,1.00,1.00
2015.08.25 16:15:01.405,2.40711,2.40799,1.00,1.00
2015.08.25 16:15:01.456,2.40711,2.40799,1.00,1.75
2015.08.25 16:15:01.758,2.40722,2.40801,1.00,1.75
2015.08.25 16:15:01.809,2.40712,2.40801,1.00,1.75
2015.08.25 16:15:01.910,2.40712,2.40797,1.00,1.09
2015.08.25 16:15:02.162,2.40701,2.40795,1.00,1.46
2015.08.25 16:15:02.722,2.40732,2.40803,1.00,1.34
2015.08.25 16:15:02.773,2.40732,2.40819,1.00,1.75
2015.08.25 16:15:02.824,2.40721,2.40819,1.00,1.75
2015.08.25 16:15:04.239,2.40722,2.40813,1.00,1.12
2015.08.25 16:15:04.776,2.40721,2.40813,1.00,1.12
2015.08.25 16:15:06.438,2.40722,2.40816,1.00,1.50
2015.08.25 16:15:10.755,2.40732,2.40817,1.00,1.75
2015.08.25 16:15:11.382,2.40721,2.40814,1.00,1.37
2015.08.25 16:15:11.634,2.40721,2.40808,1.00,1.00
2015.08.25 16:15:12.060,2.40711,2.40807,1.00,1.00
2015.08.25 16:15:12.694,2.40701,2.40807,1.00,1.50
2015.08.25 16:15:12.913,2.40701,2.40805,1.00,1.00
2015.08.25 16:15:13.015,2.40701,2.40807,1.00,1.50
2015.08.25 16:15:13.217,2.40701,2.40809,1.50,1.00
2015.08.25 16:15:13.268,2.40712,2.40809,1.00,1.00
2015.08.25 16:15:13.622,2.40721,2.40809,1.00,1.00
2015.08.25 16:15:14.197,2.40712,2.40809,1.00,1.00
2015.08.25 16:15:14.468,2.40712,2.40806,1.00,1.00
2015.08.25 16:15:14.519,2.40712,2.40809,1.00,1.00
2015.08.25 16:15:14.570,2.40712,2.40806,1.00,1.00
2015.08.25 16:15:14.620,2.40702,2.408,1.00,1.00
2015.08.25 16:15:15.657,2.40711,2.40801,1.00,1.37
2015.08.25 16:15:17.338,2.40712,2.40807,1.00,1.75
2015.08.25 16:15:17.591,2.40701,2.40796,1.00,1.00
2015.08.25 16:15:17.641,2.40701,2.40794,1.00,1.00
2015.08.25 16:15:17.742,2.40701,2.40796,1.00,1.50
2015.08.25 16:15:21.316,2.40692,2.40796,1.34,1.00
2015.08.25 16:15:21.568,2.40692,2.40798,1.34,1.00
2015.08.25 16:15:21.669,2.40712,2.40799,1.00,1.00
2015.08.25 16:15:22.404,2.40712,2.408,1.00,1.12
2015.08.25 16:15:24.237,2.40712,2.40799,1.00,1.00
2015.08.25 16:15:24.770,2.40712,2.40798,1.00,1.00
2015.08.25 16:15:26.135,2.40712,2.40794,1.00,1.00
2015.08.25 16:15:26.736,2.40701,2.40794,1.00,1.00
2015.08.25 16:15:27.310,2.40701,2.40795,1.00,1.00
2015.08.25 16:15:27.836,2.40701,2.40794,1.00,1.00
2015.08.25 16:15:28.091,2.40702,2.40796,1.00,1.00
2015.08.25 16:15:28.240,2.40702,2.40794,1.00,1.00
2015.08.25 16:15:29.041,2.40702,2.40795,1.00,1.00
2015.08.25 16:15:29.365,2.40701,2.40792,1.00,1.00
2015.08.25 16:15:30.047,2.40702,2.40792,1.00,1.00
2015.08.25 16:15:30.742,2.40701,2.40786,1.00,1.00
2015.08.25 16:15:30.793,2.40701,2.40788,1.00,1.12
2015.08.25 16:15:31.306,2.40692,2.4079,1.34,1.37
2015.08.25 16:15:32.663,2.40701,2.4079,1.00,1.37
2015.08.25 16:15:33.051,2.40701,2.4078,1.00,1.00
2015.08.25 16:15:33.253,2.40702,2.40786,1.00,1.00
2015.08.25 16:15:34.528,2.40683,2.40785,1.00,1.75
2015.08.25 16:15:34.579,2.40664,2.40784,1.00,2.25
2015.08.25 16:15:34.781,2.40674,2.40785,1.00,1.75
2015.08.25 16:15:34.882,2.40664,2.40785,1.00,1.75
2015.08.25 16:15:36.456,2.40667,2.40785,1.00,2.25
2015.08.25 16:15:36.674,2.40664,2.40785,1.50,1.75
2015.08.25 16:15:37.065,2.40667,2.40786,1.00,1.75
2015.08.25 16:15:37.703,2.40674,2.40786,1.00,1.00
2015.08.25 16:15:38.282,2.40674,2.40787,1.00,1.00
2015.08.25 16:15:38.463,2.40678,2.40786,1.00,1.00
2015.08.25 16:15:39.465,2.40667,2.40786,1.75,1.00
2015.08.25 16:15:40.031,2.4067,2.40787,1.37,1.00
2015.08.25 16:15:41.371,2.40674,2.40786,1.00,1.00
2015.08.25 16:15:42.077,2.40674,2.40766,1.00,1.00
2015.08.25 16:15:42.127,2.4067,2.40766,1.00,1.00
2015.08.25 16:15:42.228,2.40663,2.40766,1.00,1.00
2015.08.25 16:15:42.917,2.40664,2.40767,1.00,1.00
2015.08.25 16:15:43.118,2.40654,2.40765,1.00,1.00
2015.08.25 16:15:43.622,2.40653,2.40764,1.00,1.00
2015.08.25 16:15:45.224,2.40664,2.40764,1.00,1.00
2015.08.25 16:15:46.049,2.40664,2.40763,1.00,1.00
2015.08.25 16:15:46.099,2.40654,2.40762,1.00,1.00
2015.08.25 16:15:46.200,2.40654,2.40756,1.00,1.00
2015.08.25 16:15:46.654,2.40651,2.40755,1.12,1.00
2015.08.25 16:15:47.090,2.40653,2.40755,1.00,1.00
2015.08.25 16:15:48.406,2.40658,2.40762,1.00,1.00
2015.08.25 16:15:48.507,2.40663,2.40774,1.00,2.25
2015.08.25 16:15:50.721,2.40654,2.40775,1.00,1.75
2015.08.25 16:15:51.338,2.40654,2.40766,1.00,1.00
2015.08.25 16:15:53.599,2.40656,2.40774,1.00,1.75
2015.08.25 16:15:53.650,2.40662,2.40774,1.00,1.75
2015.08.25 16:15:53.751,2.40656,2.40775,1.87,1.37
2015.08.25 16:15:54.310,2.4068,2.40775,1.00,1.00
2015.08.25 16:15:54.361,2.4068,2.40795,1.00,1.12
2015.08.25 16:15:54.866,2.40674,2.40792,1.75,1.00
2015.08.25 16:15:55.417,2.40671,2.40772,1.37,1.12
2015.08.25 16:15:55.468,2.40664,2.40772,1.00,1.12
2015.08.25 16:15:55.519,2.40664,2.40767,1.00,1.00
2015.08.25 16:15:55.569,2.40654,2.40767,1.50,1.00
2015.08.25 16:15:56.091,2.40654,2.40766,1.50,1.00
2015.08.25 16:15:56.930,2.40653,2.40767,1.37,1.37
2015.08.25 16:15:56.983,2.40647,2.40763,1.00,1.37
2015.08.25 16:15:57.135,2.40645,2.40763,1.00,1.87
2015.08.25 16:15:57.698,2.40643,2.40764,1.87,1.50
2015.08.25 16:15:58.257,2.40651,2.40764,1.00,1.50
2015.08.25 16:15:58.511,2.40653,2.40769,1.75,1.00
2015.08.25 16:15:58.712,2.40653,2.40767,1.75,1.00
2015.08.25 16:15:58.964,2.40654,2.4077,1.50,1.50
2015.08.25 16:15:59.065,2.40653,2.40761,1.75,1.00
2015.08.25 16:15:59.638,2.40648,2.40759,1.75,1.00
2015.08.25 16:15:59.699,2.40647,2.40763,2.25,1.00
2015.08.25 16:15:59.850,2.4065,2.40766,1.75,1.00
2015.08.25 16:16:00.373,2.40651,2.40767,1.75,1.50
2015.08.25 16:16:01.686,2.40673,2.40771,1.37,1.50
2015.08.25 16:16:01.737,2.40678,2.40796,1.75,1.34
2015.08.25 16:16:03.103,2.40684,2.40797,1.37,1.00
2015.08.25 16:16:03.674,2.40683,2.40795,1.50,1.00
2015.08.25 16:16:03.776,2.40683,2.40797,1.50,1.00
2015.08.25 16:16:03.878,2.40692,2.40796,1.00,1.00
2015.08.25 16:16:04.439,2.40693,2.40806,1.00,1.75
2015.08.25 16:16:04.981,2.40684,2.40801,1.87,1.00
2015.08.25 16:16:05.032,2.40684,2.40797,1.37,1.00
2015.08.25 16:16:05.877,2.40691,2.40797,1.00,1.00
2015.08.25 16:16:05.928,2.40691,2.40799,1.00,1.00
2015.08.25 16:16:05.979,2.40693,2.40803,1.37,1.00
2015.08.25 16:16:06.288,2.40701,2.40806,1.50,1.00
2015.08.25 16:16:06.540,2.40703,2.40816,1.75,1.00
2015.08.25 16:16:06.641,2.40731,2.40816,1.00,1.00
2015.08.25 16:16:07.173,2.40722,2.40816,1.00,1.00
2015.08.25 16:16:07.276,2.40731,2.40816,1.00,1.00
2015.08.25 16:16:07.327,2.40731,2.40825,1.00,1.00
2015.08.25 16:16:07.378,2.40722,2.40825,1.00,1.00
2015.08.25 16:16:07.429,2.40722,2.40827,1.00,1.12
2015.08.25 16:16:08.808,2.40724,2.40827,1.00,1.00
2015.08.25 16:16:08.959,2.40724,2.40836,2.25,1.00
2015.08.25 16:16:09.347,2.40727,2.40836,1.00,1.00
2015.08.25 16:16:09.448,2.40724,2.40836,1.50,1.00
2015.08.25 16:16:10.368,2.40725,2.40842,1.50,1.75
2015.08.25 16:16:11.023,2.40725,2.40836,1.50,1.00
2015.08.25 16:16:11.275,2.40724,2.40834,1.00,1.00
2015.08.25 16:16:12.038,2.40732,2.40836,1.00,1.00
2015.08.25 16:16:12.139,2.40722,2.40837,1.00,1.12
2015.08.25 16:16:12.390,2.4072,2.40826,1.37,1.00
2015.08.25 16:16:12.925,2.4072,2.40827,1.37,1.00
2015.08.25 16:16:13.694,2.40717,2.40826,1.09,1.00
2015.08.25 16:16:14.198,2.40715,2.40827,1.75,1.50
2015.08.25 16:16:14.652,2.40715,2.40824,2.25,1.00
2015.08.25 16:16:15.981,2.40715,2.40817,2.25,1.00
2015.08.25 16:16:16.031,2.40707,2.40816,1.75,1.00
2015.08.25 16:16:16.536,2.40707,2.40815,1.75,1.00
2015.08.25 16:16:16.743,2.40707,2.40817,1.75,1.00
2015.08.25 16:16:17.291,2.40711,2.40817,1.00,1.00
2015.08.25 16:16:17.392,2.40713,2.40827,1.00,1.87
2015.08.25 16:16:17.694,2.4071,2.40826,1.12,1.12
2015.08.25 16:16:17.863,2.40709,2.40824,1.37,1.00
2015.08.25 16:16:18.747,2.40707,2.40823,1.75,1.00
2015.08.25 16:16:19.232,2.40708,2.40816,1.50,1.00
2015.08.25 16:16:19.333,2.40708,2.40823,1.50,1.00
2015.08.25 16:16:19.605,2.40704,2.4082,1.37,1.37
2015.08.25 16:16:19.656,2.40704,2.40817,1.00,1.75
2015.08.25 16:16:20.995,2.40703,2.40815,1.00,1.50
2015.08.25 16:16:21.737,2.40704,2.40817,1.00,2.25
2015.08.25 16:16:21.788,2.40702,2.40816,1.00,1.75
2015.08.25 16:16:22.105,2.40699,2.40816,1.00,1.75
2015.08.25 16:16:22.914,2.40701,2.40816,1.00,1.75
2015.08.25 16:16:23.442,2.40699,2.40816,1.00,1.75
2015.08.25 16:16:23.494,2.40704,2.40816,1.00,1.75
2015.08.25 16:16:25.301,2.40703,2.4082,1.00,1.75
2015.08.25 16:16:28.322,2.40709,2.40826,1.00,1.37
2015.08.25 16:16:28.595,2.40712,2.40827,1.00,1.50
2015.08.25 16:16:30.302,2.40714,2.4083,1.00,2.25
2015.08.25 16:16:30.810,2.40713,2.40827,1.00,1.50
2015.08.25 16:16:30.861,2.40704,2.40827,2.25,1.50
2015.08.25 16:16:31.729,2.40704,2.40817,2.25,1.00
2015.08.25 16:16:34.044,2.40703,2.40806,1.75,1.00
2015.08.25 16:16:34.196,2.40692,2.40803,1.00,1.37
2015.08.25 16:16:34.846,2.40693,2.40802,1.50,1.37
2015.08.25 16:16:35.098,2.40701,2.40804,1.00,1.50
2015.08.25 16:16:35.199,2.40694,2.40801,1.00,1.12
2015.08.25 16:16:35.250,2.40694,2.40795,1.00,1.00
2015.08.25 16:16:35.301,2.40691,2.40795,1.00,1.00
2015.08.25 16:16:35.351,2.40691,2.40796,1.00,1.37
2015.08.25 16:16:36.056,2.40682,2.40784,1.00,1.00
2015.08.25 16:16:36.635,2.40681,2.40784,1.00,1.00
2015.08.25 16:16:36.786,2.40682,2.40781,1.00,1.00
2015.08.25 16:16:37.372,2.40672,2.40767,1.12,1.00
2015.08.25 16:16:37.692,2.40672,2.4077,1.00,1.75
2015.08.25 16:16:39.163,2.40671,2.4077,1.00,1.75
2015.08.25 16:16:41.178,2.40672,2.40769,1.00,1.75
2015.08.25 16:16:44.452,2.40671,2.40767,1.00,1.50
2015.08.25 16:16:44.805,2.40671,2.40763,1.00,1.00
2015.08.25 16:16:45.746,2.40662,2.40763,1.34,1.00
2015.08.25 16:16:45.807,2.40662,2.4076,1.00,1.00
2015.08.25 16:16:46.083,2.40662,2.40757,1.00,1.00
2015.08.25 16:16:46.931,2.40661,2.40756,1.00,1.00
2015.08.25 16:16:46.982,2.40661,2.40758,1.00,1.00
2015.08.25 16:16:47.639,2.40662,2.40759,1.00,1.00
2015.08.25 16:16:47.690,2.40662,2.40761,1.00,1.00
2015.08.25 16:16:47.740,2.40671,2.40761,1.00,1.00
2015.08.25 16:16:48.327,2.40671,2.40762,1.00,1.00
2015.08.25 16:16:48.866,2.40672,2.40764,1.00,1.00
2015.08.25 16:16:48.924,2.40663,2.40764,1.00,1.00
2015.08.25 16:16:49.083,2.40672,2.40764,1.00,1.00
2015.08.25 16:16:49.616,2.40663,2.40763,1.00,1.00
2015.08.25 16:16:50.136,2.40662,2.40762,1.00,1.00
2015.08.25 16:16:51.110,2.40661,2.40763,1.00,1.00
2015.08.25 16:16:51.809,2.40662,2.40763,1.00,1.00
2015.08.25 16:16:51.860,2.40662,2.40765,1.00,1.12
2015.08.25 16:16:52.669,2.40661,2.40763,1.00,1.00
2015.08.25 16:16:53.202,2.40664,2.40766,1.00,1.37
2015.08.25 16:16:54.447,2.40672,2.40768,1.00,1.75
2015.08.25 16:16:54.870,2.40663,2.40768,1.00,1.75
2015.08.25 16:16:55.022,2.40671,2.40773,1.00,1.75
2015.08.25 16:16:55.123,2.40674,2.40778,1.00,1.75
2015.08.25 16:16:55.804,2.40681,2.40778,1.00,1.75
2015.08.25 16:16:56.107,2.40671,2.40746,1.00,1.00
2015.08.25 16:16:56.208,2.40671,2.40766,1.00,2.25
2015.08.25 16:16:56.309,2.40671,2.4077,1.00,1.37
2015.08.25 16:16:56.410,2.40671,2.4077,1.00,1.00
2015.08.25 16:16:56.519,2.40671,2.40774,1.00,1.75
2015.08.25 16:16:57.204,2.40656,2.4077,1.00,1.00
2015.08.25 16:16:57.406,2.40662,2.40774,1.00,1.75
2015.08.25 16:16:57.708,2.40664,2.40774,1.00,2.25
2015.08.25 16:16:59.237,2.40663,2.40777,1.50,2.25
2015.08.25 16:17:00.624,2.40664,2.40777,1.00,2.25
2015.08.25 16:17:00.775,2.40667,2.40778,1.00,1.00
2015.08.25 16:17:01.368,2.40667,2.40774,1.00,1.00
2015.08.25 16:17:02.120,2.40664,2.40774,1.12,1.00
2015.08.25 16:17:02.375,2.40664,2.40771,1.12,1.00
2015.08.25 16:17:02.476,2.40664,2.40774,1.12,1.00
2015.08.25 16:17:03.445,2.40664,2.40775,1.12,1.00
2015.08.25 16:17:03.597,2.40664,2.40771,1.12,1.00
2015.08.25 16:17:03.908,2.40664,2.40775,1.12,1.00
2015.08.25 16:17:04.988,2.40659,2.40767,1.00,1.00
2015.08.25 16:17:05.043,2.40655,2.40767,1.00,1.00
2015.08.25 16:17:05.144,2.40653,2.40767,1.50,1.50
2015.08.25 16:17:05.698,2.40652,2.40766,1.12,1.00
2015.08.25 16:17:05.901,2.40652,2.40764,1.12,1.00
2015.08.25 16:17:06.732,2.40654,2.40764,1.00,1.00
2015.08.25 16:17:07.366,2.40654,2.40763,1.00,1.00
2015.08.25 16:17:07.591,2.40652,2.40763,1.12,1.00
2015.08.25 16:17:08.356,2.40651,2.40761,1.37,1.00
2015.08.25 16:17:08.498,2.40651,2.40763,1.37,1.50
2015.08.25 16:17:10.224,2.40651,2.40761,1.37,1.00
2015.08.25 16:17:10.726,2.40648,2.4076,1.37,1.87
2015.08.25 16:17:11.240,2.40648,2.4076,1.00,2.25
2015.08.25 16:17:12.105,2.40644,2.4076,1.00,2.25
2015.08.25 16:17:12.206,2.40644,2.40755,1.00,1.00
2015.08.25 16:17:12.556,2.40642,2.40754,1.00,1.00
2015.08.25 16:17:14.108,2.40642,2.40749,1.00,1.00
2015.08.25 16:17:14.554,2.40652,2.40753,1.00,1.00
2015.08.25 16:17:14.706,2.40643,2.40756,1.00,1.00
2015.08.25 16:17:14.759,2.40647,2.40757,1.00,1.00
2015.08.25 16:17:15.485,2.40662,2.40764,1.00,1.75
2015.08.25 16:17:15.546,2.40652,2.40763,1.50,1.75
2015.08.25 16:17:16.167,2.40652,2.40766,1.37,1.00
2015.08.25 16:17:17.113,2.40651,2.40764,1.50,1.00
2015.08.25 16:17:17.432,2.40652,2.40757,1.37,1.50
2015.08.25 16:17:17.818,2.40644,2.40755,1.75,1.00
2015.08.25 16:17:19.425,2.40653,2.40763,1.12,1.00
2015.08.25 16:17:19.526,2.40654,2.40765,1.00,1.00
2015.08.25 16:17:20.102,2.40649,2.40761,1.75,1.00
2015.08.25 16:17:20.404,2.40646,2.40755,1.00,1.00
2015.08.25 16:17:20.455,2.40648,2.40755,1.00,1.00
2015.08.25 16:17:20.580,2.40643,2.40755,1.50,1.00
2015.08.25 16:17:20.631,2.40643,2.40749,1.50,1.00
2015.08.25 16:17:20.732,2.40643,2.40752,1.50,1.00
2015.08.25 16:17:20.833,2.40643,2.40742,1.00,1.00
2015.08.25 16:17:21.466,2.40641,2.40742,1.00,1.00
2015.08.25 16:17:21.520,2.40637,2.40751,1.00,1.75
2015.08.25 16:17:21.688,2.40634,2.40751,1.00,1.75
2015.08.25 16:17:21.739,2.40634,2.40745,1.00,1.00
2015.08.25 16:17:22.296,2.40633,2.40745,1.00,1.00
2015.08.25 16:17:23.031,2.40634,2.40745,1.00,1.00
2015.08.25 16:17:23.343,2.40624,2.40735,1.34,1.12
2015.08.25 16:17:23.692,2.40624,2.40723,1.34,1.00
2015.08.25 16:17:24.385,2.40631,2.40723,1.00,1.00
2015.08.25 16:17:24.435,2.40621,2.40723,1.34,1.00
2015.08.25 16:17:24.796,2.40621,2.4072,1.34,1.00
2015.08.25 16:17:24.897,2.40621,2.40723,1.34,1.00
2015.08.25 16:17:25.909,2.40621,2.40721,1.34,1.00
2015.08.25 16:17:26.211,2.40621,2.40713,1.34,2.62
2015.08.25 16:17:27.970,2.40632,2.40717,1.00,1.75
2015.08.25 16:17:28.223,2.40622,2.40708,1.00,1.00
2015.08.25 16:17:28.323,2.40622,2.40709,1.00,1.37
2015.08.25 16:17:28.576,2.40622,2.40717,1.00,1.75
2015.08.25 16:17:29.140,2.40621,2.40719,1.00,1.75
2015.08.25 16:17:29.342,2.40614,2.4072,1.00,2.25
2015.08.25 16:17:29.494,2.40604,2.40716,1.00,2.25
2015.08.25 16:17:29.645,2.40612,2.40716,1.00,2.25
2015.08.25 16:17:29.746,2.40603,2.40719,1.00,1.75
2015.08.25 16:17:30.731,2.40604,2.40719,1.00,1.75
2015.08.25 16:17:31.617,2.40611,2.40716,1.00,1.75
2015.08.25 16:17:34.582,2.40604,2.40716,1.00,1.75
2015.08.25 16:17:35.582,2.40601,2.40717,1.00,1.75
2015.08.25 16:17:38.110,2.40602,2.40717,1.00,1.75
2015.08.25 16:17:38.276,2.40602,2.40717,1.34,1.75
2015.08.25 16:17:38.899,2.40621,2.40717,1.00,1.37
2015.08.25 16:17:38.949,2.40632,2.40737,1.00,1.75
2015.08.25 16:17:39.501,2.40631,2.40736,1.00,1.75
2015.08.25 16:17:41.400,2.40632,2.40735,1.00,1.75
2015.08.25 16:17:44.493,2.40631,2.40739,1.00,1.00
2015.08.25 16:17:45.143,2.40641,2.40745,1.00,1.75
2015.08.25 16:17:45.730,2.40642,2.40746,1.00,2.25
2015.08.25 16:17:46.048,2.40631,2.40746,1.00,2.25
2015.08.25 16:17:47.594,2.40632,2.40745,1.00,2.25
2015.08.25 16:17:48.290,2.40633,2.40747,1.00,1.75
2015.08.25 16:17:48.341,2.40636,2.40747,1.00,1.75
2015.08.25 16:17:48.852,2.40635,2.40747,1.00,2.25
2015.08.25 16:17:49.002,2.40633,2.40747,1.00,2.25
2015.08.25 16:17:50.889,2.40642,2.40747,1.00,1.75
2015.08.25 16:17:51.530,2.40634,2.40749,1.00,1.75
2015.08.25 16:17:51.581,2.40631,2.40737,1.00,1.00
2015.08.25 16:17:51.741,2.40623,2.40737,1.00,1.00
2015.08.25 16:17:52.853,2.40624,2.40742,1.00,1.75
2015.08.25 16:17:53.590,2.40624,2.40737,1.00,1.00
2015.08.25 16:17:54.427,2.40631,2.40742,1.00,1.75
2015.08.25 16:17:54.751,2.40634,2.40749,1.00,1.37
2015.08.25 16:17:54.852,2.40641,2.40747,1.00,1.00
2015.08.25 16:17:54.903,2.40641,2.4075,1.00,1.12
2015.08.25 16:17:54.953,2.40649,2.40751,1.00,1.50
2015.08.25 16:17:55.155,2.40652,2.40757,1.00,1.00
2015.08.25 16:17:56.454,2.40662,2.40766,1.00,1.50
2015.08.25 16:17:56.505,2.40657,2.40766,1.00,1.50
2015.08.25 16:17:56.607,2.40661,2.40767,1.00,1.75
2015.08.25 16:17:56.809,2.40653,2.40766,1.00,1.50
2015.08.25 16:17:57.712,2.40654,2.40767,1.00,1.75
2015.08.25 16:17:58.396,2.40652,2.40767,1.00,2.25
2015.08.25 16:17:59.267,2.40652,2.40759,1.00,1.00
2015.08.25 16:17:59.898,2.40652,2.40756,1.00,1.00
2015.08.25 16:18:00.103,2.40647,2.40756,1.00,1.00
2015.08.25 16:18:00.672,2.40647,2.40759,1.00,1.37
2015.08.25 16:18:02.344,2.40644,2.40757,1.00,1.75
2015.08.25 16:18:04.051,2.40652,2.40757,1.00,1.75
2015.08.25 16:18:04.674,2.40651,2.40757,1.00,1.75
2015.08.25 16:18:06.598,2.40654,2.40763,1.00,1.75
2015.08.25 16:18:08.920,2.40645,2.40763,1.00,1.37
2015.08.25 16:18:08.971,2.40645,2.40764,1.12,1.37
2015.08.25 16:18:09.122,2.40652,2.40764,1.00,1.37
2015.08.25 16:18:09.425,2.40652,2.40757,1.00,1.00
2015.08.25 16:18:09.476,2.40645,2.40757,1.12,1.00
2015.08.25 16:18:09.577,2.40644,2.40763,1.37,1.12
2015.08.25 16:18:10.872,2.40644,2.4076,1.00,2.25
2015.08.25 16:18:11.450,2.40654,2.4076,1.00,2.25
2015.08.25 16:18:11.702,2.40661,2.40762,1.00,1.00
2015.08.25 16:18:12.382,2.40681,2.40775,1.00,1.00
2015.08.25 16:18:12.433,2.40681,2.40784,1.00,1.75
2015.08.25 16:18:12.584,2.40681,2.40792,1.00,1.75
2015.08.25 16:18:12.635,2.40684,2.40792,1.00,1.75
2015.08.25 16:18:13.052,2.40681,2.4079,1.00,1.50
2015.08.25 16:18:13.104,2.40678,2.4079,1.00,1.50
2015.08.25 16:18:13.734,2.40682,2.40782,1.00,1.75
2015.08.25 16:18:15.263,2.40681,2.40783,1.00,2.25
2015.08.25 16:18:15.601,2.40687,2.40783,1.00,1.75
2015.08.25 16:18:15.652,2.40684,2.40783,1.00,1.75
2015.08.25 16:18:16.851,2.40684,2.4079,1.00,1.50
2015.08.25 16:18:17.378,2.40692,2.40798,1.00,1.75
2015.08.25 16:18:18.190,2.40701,2.40798,1.00,1.75
2015.08.25 16:18:18.245,2.40692,2.40798,1.00,1.75
2015.08.25 16:18:19.231,2.40692,2.40786,1.00,1.00
2015.08.25 16:18:19.812,2.40692,2.40786,1.00,1.37
2015.08.25 16:18:20.115,2.40701,2.40796,1.00,1.75
2015.08.25 16:18:20.165,2.40701,2.40796,1.00,1.75
2015.08.25 16:18:21.888,2.40684,2.40797,1.00,1.75
2015.08.25 16:18:21.989,2.40682,2.40796,1.00,1.75
2015.08.25 16:18:22.562,2.40692,2.40788,1.00,1.00
2015.08.25 16:18:23.069,2.40692,2.40789,1.00,1.12
2015.08.25 16:18:24.641,2.40691,2.40789,1.00,1.12
2015.08.25 16:18:24.869,2.40673,2.4079,1.50,1.87
2015.08.25 16:18:25.071,2.40692,2.4079,1.00,1.87
2015.08.25 16:18:25.575,2.40691,2.4079,1.00,1.87
2015.08.25 16:18:26.185,2.40673,2.40789,1.34,1.12
2015.08.25 16:18:26.339,2.40673,2.40789,1.00,1.12
2015.08.25 16:18:26.393,2.40691,2.40789,1.00,1.12
2015.08.25 16:18:26.897,2.40692,2.40789,1.00,1.12
2015.08.25 16:18:27.029,2.40683,2.40789,1.00,1.12
2015.08.25 16:18:27.156,2.40673,2.40789,1.00,1.87
2015.08.25 16:18:28.020,2.40692,2.40789,1.00,1.12
2015.08.25 16:18:28.373,2.40683,2.40795,1.00,1.75
2015.08.25 16:18:28.575,2.40691,2.40797,1.00,2.25
2015.08.25 16:18:29.406,2.40694,2.40795,1.00,2.25
2015.08.25 16:18:30.099,2.40691,2.40793,1.00,1.75
2015.08.25 16:18:30.320,2.40693,2.40793,1.00,1.75
2015.08.25 16:18:30.966,2.40701,2.40798,1.00,1.75
2015.08.25 16:18:31.567,2.40702,2.40798,1.00,1.75
2015.08.25 16:18:32.380,2.40693,2.40798,1.00,1.75
2015.08.25 16:18:32.786,2.40702,2.40795,1.00,1.75
2015.08.25 16:18:33.304,2.40701,2.40797,1.00,1.75
2015.08.25 16:18:34.778,2.40702,2.40801,1.00,1.75
2015.08.25 16:18:35.668,2.40702,2.408,1.00,1.75
2015.08.25 16:18:35.870,2.40684,2.408,1.00,1.75
2015.08.25 16:18:36.072,2.40691,2.408,1.00,2.25
2015.08.25 16:18:36.374,2.40694,2.408,1.00,1.75
2015.08.25 16:18:36.677,2.40701,2.40797,1.00,1.75
2015.08.25 16:18:37.214,2.40694,2.40797,1.00,1.75
2015.08.25 16:18:37.265,2.40692,2.40797,1.00,1.75
2015.08.25 16:18:37.380,2.40702,2.40798,1.00,1.75
2015.08.25 16:18:38.140,2.40684,2.40795,1.00,1.75
2015.08.25 16:18:39.525,2.40691,2.40795,1.00,1.75
2015.08.25 16:18:39.842,2.40702,2.40797,1.00,1.75
2015.08.25 16:18:40.146,2.40691,2.40798,1.00,1.75
2015.08.25 16:18:40.965,2.40691,2.40804,1.00,1.75
2015.08.25 16:18:41.016,2.40701,2.40804,1.00,1.37
2015.08.25 16:18:41.068,2.40701,2.40789,1.00,1.00
2015.08.25 16:18:41.119,2.40694,2.40789,1.00,1.12
2015.08.25 16:18:41.319,2.40691,2.40789,1.00,1.12
2015.08.25 16:18:41.370,2.40702,2.40789,1.00,1.12
2015.08.25 16:18:41.571,2.40692,2.40789,1.00,1.12
2015.08.25 16:18:42.492,2.40691,2.40782,1.00,1.00
2015.08.25 16:18:42.811,2.40702,2.40779,1.00,1.00
2015.08.25 16:18:42.912,2.40682,2.40775,1.00,1.00
2015.08.25 16:18:43.846,2.40681,2.40776,1.00,1.12
2015.08.25 16:18:44.553,2.40682,2.40777,1.00,1.37
2015.08.25 16:18:45.335,2.40671,2.40776,1.00,1.12
2015.08.25 16:18:46.980,2.40671,2.40773,1.00,1.00
2015.08.25 16:18:47.081,2.40671,2.40776,1.00,1.12
2015.08.25 16:18:48.289,2.40682,2.40776,1.00,1.12
2015.08.25 16:18:48.390,2.40672,2.40778,1.00,1.37
2015.08.25 16:18:49.791,2.40682,2.40776,1.00,1.12
2015.08.25 16:18:51.159,2.40666,2.40777,1.00,1.37
2015.08.25 16:18:51.212,2.40663,2.40761,1.00,1.00
2015.08.25 16:18:51.315,2.40663,2.40757,1.00,1.00
2015.08.25 16:18:51.618,2.40671,2.40759,1.00,1.00
2015.08.25 16:18:51.719,2.40661,2.40759,1.00,1.00
2015.08.25 16:18:51.820,2.40661,2.40756,1.00,1.00
2015.08.25 16:18:53.106,2.40662,2.40756,1.00,1.75
2015.08.25 16:18:53.448,2.40651,2.40756,1.00,1.75
2015.08.25 16:18:54.402,2.40652,2.40756,1.00,1.75
2015.08.25 16:18:54.453,2.40645,2.40756,1.00,1.75
2015.08.25 16:18:55.055,2.40651,2.40756,1.00,1.75
2015.08.25 16:18:55.413,2.40645,2.40756,1.00,1.75
2015.08.25 16:18:56.023,2.40651,2.40756,1.00,1.75
2015.08.25 16:18:58.275,2.40645,2.40758,1.00,1.75
2015.08.25 16:18:58.376,2.40651,2.40758,1.00,1.75
2015.08.25 16:18:59.153,2.40661,2.40758,1.00,2.25
2015.08.25 16:18:59.355,2.40651,2.40758,1.00,1.75
2015.08.25 16:19:00.374,2.4065,2.40758,1.00,1.75
2015.08.25 16:19:00.692,2.40646,2.40758,1.00,2.25
2015.08.25 16:19:01.072,2.40644,2.40758,1.00,1.75
2015.08.25 16:19:02.050,2.40652,2.40758,1.00,1.75
2015.08.25 16:19:02.100,2.40644,2.40758,1.00,1.75
2015.08.25 16:19:02.797,2.40646,2.40757,1.00,1.75
2015.08.25 16:19:03.624,2.40643,2.40754,1.00,1.50
2015.08.25 16:19:04.349,2.40644,2.40754,1.00,1.50
2015.08.25 16:19:05.408,2.40652,2.40753,1.00,1.37
2015.08.25 16:19:05.598,2.40644,2.40753,1.00,1.37
2015.08.25 16:19:07.329,2.40644,2.40751,1.00,1.00
2015.08.25 16:19:07.800,2.40652,2.4075,1.00,1.00
2015.08.25 16:19:07.851,2.40652,2.40754,1.00,1.50
2015.08.25 16:19:08.154,2.40644,2.40753,1.00,1.37
2015.08.25 16:19:08.720,2.40652,2.40753,1.00,1.75
2015.08.25 16:19:09.173,2.40652,2.40757,1.00,1.12
2015.08.25 16:19:09.275,2.40652,2.40766,1.00,1.50
2015.08.25 16:19:09.426,2.40659,2.40766,1.00,1.00
2015.08.25 16:19:09.528,2.40659,2.40773,1.00,1.75
2015.08.25 16:19:09.579,2.40661,2.40773,1.00,1.75
2015.08.25 16:19:10.195,2.40663,2.40777,1.00,1.37
2015.08.25 16:19:10.246,2.40663,2.40777,1.00,1.00
2015.08.25 16:19:10.815,2.40664,2.40777,1.00,1.00
2015.08.25 16:19:11.099,2.40672,2.40777,1.00,1.00
2015.08.25 16:19:11.773,2.40672,2.40786,1.00,2.25
2015.08.25 16:19:11.824,2.40674,2.40786,1.00,2.25
2015.08.25 16:19:12.008,2.40664,2.40786,1.50,2.25
2015.08.25 16:19:12.059,2.40664,2.40771,1.00,1.00
2015.08.25 16:19:12.361,2.40661,2.4077,1.00,1.75
2015.08.25 16:19:16.769,2.40672,2.40768,1.09,1.50
2015.08.25 16:19:17.078,2.40682,2.40771,1.00,1.75
2015.08.25 16:19:17.330,2.40691,2.4079,1.00,1.75
2015.08.25 16:19:18.267,2.40692,2.40801,1.00,1.75
2015.08.25 16:19:18.318,2.40694,2.40804,1.00,1.75
2015.08.25 16:19:18.578,2.40701,2.40804,1.00,1.75
2015.08.25 16:19:19.347,2.40702,2.40804,1.00,1.75
2015.08.25 16:19:20.351,2.40701,2.40804,1.00,1.75
2015.08.25 16:19:20.789,2.40701,2.40809,1.00,2.25
2015.08.25 16:19:22.273,2.40702,2.40809,1.00,1.50
2015.08.25 16:19:22.652,2.40694,2.40808,1.00,1.12
2015.08.25 16:19:22.703,2.40692,2.40806,1.00,1.00
2015.08.25 16:19:23.005,2.40694,2.40806,1.50,1.00
2015.08.25 16:19:23.586,2.40703,2.40806,1.00,1.00
2015.08.25 16:19:23.636,2.40703,2.40812,1.50,1.75
2015.08.25 16:19:25.818,2.40706,2.40817,1.00,1.75
2015.08.25 16:19:26.515,2.40703,2.40817,1.00,1.75
2015.08.25 16:19:27.418,2.40704,2.40817,1.00,1.75
2015.08.25 16:19:28.101,2.40716,2.40831,1.00,1.37
2015.08.25 16:19:30.888,2.40725,2.40834,1.00,1.75
2015.08.25 16:19:31.566,2.40718,2.40835,1.00,1.75
2015.08.25 16:19:41.124,2.40723,2.40835,1.00,1.75
2015.08.25 16:19:43.003,2.40724,2.40835,1.00,1.75
2015.08.25 16:19:43.836,2.40724,2.40833,1.00,1.75
2015.08.25 16:19:44.683,2.40717,2.40827,1.00,1.75
2015.08.25 16:19:46.171,2.40719,2.40834,1.00,2.25
2015.08.25 16:19:48.779,2.40717,2.40834,1.00,2.25
2015.08.25 16:19:50.022,2.40724,2.40842,1.00,1.75
2015.08.25 16:19:50.073,2.40724,2.40842,1.00,1.75
2015.08.25 16:19:52.654,2.40723,2.40837,1.00,1.37
2015.08.25 16:19:53.754,2.40723,2.40837,1.00,1.37
2015.08.25 16:19:54.079,2.4072,2.40836,1.00,1.75
2015.08.25 16:19:54.710,2.40717,2.40828,1.00,1.75
2015.08.25 16:19:54.827,2.40713,2.40828,1.00,1.75
2015.08.25 16:19:54.979,2.40715,2.40828,1.00,1.75
2015.08.25 16:19:55.324,2.40719,2.40827,1.00,1.50
2015.08.25 16:19:56.149,2.40723,2.40836,1.00,1.75
2015.08.25 16:19:56.352,2.40721,2.40835,1.50,1.75
2015.08.25 16:19:56.503,2.40724,2.40835,1.00,1.75
2015.08.25 16:19:56.604,2.40732,2.40835,1.00,1.00
2015.08.25 16:19:57.977,2.40732,2.40836,1.00,1.12
2015.08.25 16:19:58.129,2.40725,2.40841,1.00,1.75
2015.08.25 16:19:58.330,2.40732,2.40841,1.00,2.25
2015.08.25 16:19:58.683,2.40734,2.40844,1.00,1.75
2015.08.25 16:19:59.261,2.40742,2.40844,1.00,1.75
2015.08.25 16:19:59.769,2.40741,2.4085,1.00,2.25
2015.08.25 16:20:00.072,2.40762,2.40846,1.00,1.75
2015.08.25 16:20:00.649,2.40742,2.40846,1.00,1.00
2015.08.25 16:20:00.750,2.40747,2.40858,1.00,1.75
2015.08.25 16:20:00.801,2.4075,2.40858,1.00,1.75
2015.08.25 16:20:01.053,2.40744,2.40856,1.00,1.75
2015.08.25 16:20:02.571,2.40747,2.40859,1.00,1.75
2015.08.25 16:20:02.783,2.40745,2.40856,1.00,1.75
2015.08.25 16:20:05.961,2.40743,2.40857,1.00,1.75
2015.08.25 16:20:06.510,2.40744,2.40861,1.50,1.75
2015.08.25 16:20:07.175,2.40743,2.40861,1.00,1.75
2015.08.25 16:20:07.461,2.40741,2.40856,1.00,1.75
2015.08.25 16:20:08.634,2.40745,2.40856,1.00,1.75
2015.08.25 16:20:10.188,2.40744,2.40861,1.00,1.75
2015.08.25 16:20:16.540,2.40749,2.40863,1.00,1.75
2015.08.25 16:20:16.842,2.40754,2.40869,1.00,1.75
2015.08.25 16:20:17.044,2.40749,2.40866,1.00,1.37
2015.08.25 16:20:18.283,2.40746,2.40866,1.37,1.37
2015.08.25 16:20:19.783,2.40754,2.40865,1.00,1.12
2015.08.25 16:20:21.345,2.40763,2.40882,1.00,1.75
2015.08.25 16:20:21.396,2.40763,2.40882,1.00,1.75
2015.08.25 16:20:21.876,2.40773,2.40886,1.00,2.25
2015.08.25 16:20:22.200,2.40764,2.40886,1.00,2.25
2015.08.25 16:20:23.008,2.40763,2.40878,1.00,1.37
2015.08.25 16:20:23.891,2.40773,2.40878,1.00,1.37
2015.08.25 16:20:26.302,2.40774,2.40879,1.00,1.50
2015.08.25 16:20:26.649,2.40763,2.40876,1.00,1.12
2015.08.25 16:20:26.750,2.40763,2.40872,1.00,1.00
2015.08.25 16:20:27.153,2.40764,2.40872,1.00,1.37
2015.08.25 16:20:27.927,2.40754,2.40872,1.00,1.75
2015.08.25 16:20:30.564,2.40756,2.40871,1.00,1.75
2015.08.25 16:20:31.939,2.40763,2.40879,1.00,1.75
2015.08.25 16:20:32.476,2.40764,2.40879,1.00,1.75
2015.08.25 16:20:35.333,2.40764,2.4088,1.37,1.87
2015.08.25 16:20:35.384,2.40769,2.40886,1.00,1.75
2015.08.25 16:20:35.589,2.40767,2.40886,1.12,1.75
2015.08.25 16:20:38.312,2.40763,2.40876,1.00,1.75
2015.08.25 16:20:38.413,2.40754,2.40873,1.00,1.75
2015.08.25 16:20:38.867,2.40753,2.40862,1.00,1.00
2015.08.25 16:20:39.108,2.40753,2.40869,1.00,1.12
2015.08.25 16:20:40.061,2.40759,2.40869,1.00,1.12
2015.08.25 16:20:40.173,2.40756,2.4087,1.00,1.87
2015.08.25 16:20:40.374,2.40754,2.40869,1.00,1.12
2015.08.25 16:20:41.170,2.40753,2.4087,1.00,1.75
2015.08.25 16:20:41.484,2.40754,2.40864,1.00,1.75
2015.08.25 16:20:42.560,2.40753,2.40864,1.00,1.75
2015.08.25 16:20:42.871,2.40743,2.40864,1.50,1.75
2015.08.25 16:20:43.477,2.40744,2.40865,1.00,2.25
2015.08.25 16:20:44.724,2.40754,2.40865,1.00,1.75
2015.08.25 16:20:45.234,2.40753,2.40865,1.00,1.75
2015.08.25 16:20:49.729,2.40744,2.40864,1.00,1.75
2015.08.25 16:20:50.360,2.40753,2.40864,1.00,1.75
2015.08.25 16:20:51.249,2.40754,2.40863,1.00,1.75
2015.08.25 16:20:52.895,2.40753,2.40864,1.00,1.75
2015.08.25 16:20:53.157,2.40743,2.40865,2.25,3.00
2015.08.25 16:20:53.709,2.40745,2.40865,1.00,2.25
2015.08.25 16:20:54.403,2.40746,2.40864,1.00,1.75
2015.08.25 16:20:54.454,2.40744,2.40865,1.00,2.25
2015.08.25 16:20:54.796,2.40748,2.40864,1.00,2.25
2015.08.25 16:20:55.116,2.40753,2.40865,1.00,1.75
2015.08.25 16:20:55.872,2.40753,2.40845,1.00,1.00
2015.08.25 16:20:55.922,2.40744,2.40855,1.00,2.25
2015.08.25 16:20:56.225,2.40741,2.40849,1.00,1.50
2015.08.25 16:20:58.176,2.40734,2.40848,1.09,1.87
2015.08.25 16:21:10.402,2.40734,2.40845,1.09,1.00
2015.08.25 16:21:10.938,2.40733,2.40843,1.34,1.00
2015.08.25 16:21:12.888,2.40733,2.40843,1.09,1.00
2015.08.25 16:21:15.971,2.40733,2.40845,1.09,1.50
2015.08.25 16:21:17.109,2.40734,2.40845,1.00,1.00
2015.08.25 16:21:18.043,2.40734,2.40844,1.00,1.00
2015.08.25 16:21:18.649,2.40733,2.40846,1.09,1.00
2015.08.25 16:21:18.850,2.40741,2.40846,1.00,1.00
2015.08.25 16:21:19.498,2.40742,2.40845,1.00,1.00
2015.08.25 16:21:19.955,2.40734,2.40845,1.00,1.00
2015.08.25 16:21:20.006,2.40734,2.40847,1.00,1.00
2015.08.25 16:21:21.103,2.40741,2.40847,1.00,1.00
2015.08.25 16:21:22.187,2.40741,2.40846,1.00,1.00
2015.08.25 16:21:22.759,2.40734,2.40846,1.00,1.00
2015.08.25 16:21:22.810,2.40734,2.4085,1.00,1.37
2015.08.25 16:21:22.861,2.40744,2.4085,1.00,1.37
2015.08.25 16:21:23.063,2.40744,2.40855,2.25,1.00
2015.08.25 16:21:23.164,2.40744,2.40853,1.50,1.00
2015.08.25 16:21:23.265,2.40751,2.40864,1.00,1.50
2015.08.25 16:21:23.366,2.40753,2.40872,1.00,1.75
2015.08.25 16:21:23.567,2.40755,2.40872,1.75,1.00
2015.08.25 16:21:24.100,2.40761,2.40877,1.00,1.37
2015.08.25 16:21:24.151,2.40761,2.40876,2.25,1.00
2015.08.25 16:21:24.353,2.40774,2.4088,1.00,1.00
2015.08.25 16:21:24.454,2.40781,2.4088,1.00,1.00
2015.08.25 16:21:24.505,2.40781,2.40886,1.00,1.00
2015.08.25 16:21:24.556,2.40774,2.40886,1.00,1.00
2015.08.25 16:21:24.808,2.40771,2.40886,1.12,1.00
2015.08.25 16:21:26.148,2.40774,2.40892,1.50,1.75
2015.08.25 16:21:26.657,2.40781,2.40894,1.00,1.75
2015.08.25 16:21:27.008,2.40783,2.40894,1.00,1.75
2015.08.25 16:21:27.757,2.40781,2.40894,1.00,1.75
2015.08.25 16:21:29.486,2.40784,2.40894,1.00,1.75
2015.08.25 16:21:29.590,2.40784,2.40903,1.37,1.37
2015.08.25 16:21:30.043,2.40791,2.40904,1.00,1.50
2015.08.25 16:21:30.375,2.40794,2.40904,1.00,1.50
2015.08.25 16:21:31.101,2.40792,2.40905,1.00,2.25
2015.08.25 16:21:31.303,2.40794,2.40905,1.00,2.25
2015.08.25 16:21:31.730,2.40791,2.40897,1.00,1.00
2015.08.25 16:21:32.314,2.40791,2.40895,1.00,1.00
2015.08.25 16:21:32.365,2.40784,2.40895,1.37,1.00
2015.08.25 16:21:32.742,2.40784,2.40896,1.37,1.87
2015.08.25 16:21:33.308,2.40784,2.40896,1.00,2.25
2015.08.25 16:21:34.188,2.40782,2.40896,1.00,1.75
2015.08.25 16:21:36.702,2.40784,2.40896,1.00,1.75
2015.08.25 16:21:36.803,2.40784,2.40903,1.87,1.12
2015.08.25 16:21:36.904,2.40794,2.40903,1.00,1.12
2015.08.25 16:21:37.480,2.40793,2.40903,1.00,1.12
2015.08.25 16:21:37.580,2.40791,2.40903,1.00,1.12
2015.08.25 16:21:39.968,2.40788,2.40903,1.00,1.12
2015.08.25 16:21:40.019,2.40783,2.40902,1.50,1.00
2015.08.25 16:21:40.070,2.40792,2.40902,1.00,1.00
2015.08.25 16:21:40.818,2.40783,2.40901,1.50,1.00
2015.08.25 16:21:41.600,2.40783,2.40901,1.00,1.75
2015.08.25 16:21:41.651,2.40781,2.40894,1.00,1.75
2015.08.25 16:21:42.155,2.40773,2.40894,1.84,1.75
2015.08.25 16:21:42.206,2.40776,2.40894,1.00,1.75
2015.08.25 16:21:43.081,2.40791,2.40894,1.00,1.75
2015.08.25 16:21:44.165,2.40783,2.40901,1.00,1.75
2015.08.25 16:21:44.848,2.40781,2.40896,1.00,1.75
2015.08.25 16:21:45.173,2.40784,2.40901,1.00,2.25
2015.08.25 16:21:45.358,2.40781,2.40896,1.00,1.75
2015.08.25 16:21:45.560,2.40775,2.40894,1.00,1.75
2015.08.25 16:21:46.596,2.40776,2.40894,1.00,1.75
2015.08.25 16:21:48.669,2.40778,2.40895,1.00,2.25
2015.08.25 16:21:49.036,2.40778,2.40886,1.00,1.00
2015.08.25 16:21:49.137,2.40773,2.40883,1.00,1.00
2015.08.25 16:21:49.781,2.40763,2.40876,1.00,1.12
2015.08.25 16:21:50.642,2.40764,2.40879,1.00,1.75
2015.08.25 16:21:51.294,2.40771,2.40879,1.00,1.75
2015.08.25 16:21:51.445,2.40763,2.40877,1.00,1.37
2015.08.25 16:21:51.546,2.4076,2.40877,1.00,1.37
2015.08.25 16:21:51.875,2.40762,2.40877,1.00,1.37
2015.08.25 16:21:53.567,2.40763,2.40876,1.00,1.12
2015.08.25 16:21:53.618,2.4076,2.40876,1.00,1.12
2015.08.25 16:21:53.984,2.40762,2.40876,1.00,1.12
2015.08.25 16:21:56.060,2.40762,2.40875,1.00,1.00
2015.08.25 16:21:56.909,2.40762,2.40876,1.00,1.87
2015.08.25 16:21:59.460,2.4076,2.40876,1.00,1.12
2015.08.25 16:21:59.570,2.40763,2.40877,1.00,1.37
2015.08.25 16:22:00.257,2.40769,2.40885,1.00,2.25
2015.08.25 16:22:00.308,2.40775,2.40885,1.00,1.00
2015.08.25 16:22:00.461,2.40772,2.40886,1.00,1.50
2015.08.25 16:22:00.783,2.40768,2.40886,1.50,1.00
2015.08.25 16:22:01.198,2.40764,2.40882,2.25,1.00
2015.08.25 16:22:01.249,2.40765,2.40886,1.75,1.50
2015.08.25 16:22:01.805,2.40773,2.40886,1.00,1.00
2015.08.25 16:22:02.410,2.40774,2.40893,1.00,1.75
2015.08.25 16:22:02.662,2.40771,2.40885,1.00,1.00
2015.08.25 16:22:03.322,2.40768,2.40884,1.50,1.00
2015.08.25 16:22:03.952,2.40768,2.40886,1.50,1.00
2015.08.25 16:22:04.003,2.40772,2.40886,1.00,1.00
2015.08.25 16:22:04.103,2.40769,2.40886,1.12,1.00
2015.08.25 16:22:04.669,2.40769,2.40887,1.12,1.12
2015.08.25 16:22:04.937,2.40774,2.40893,1.00,3.00
2015.08.25 16:22:05.447,2.40773,2.40892,1.00,1.75
2015.08.25 16:22:06.886,2.4077,2.40887,1.00,1.12
2015.08.25 16:22:07.027,2.40774,2.4089,1.00,1.75
2015.08.25 16:22:09.477,2.40773,2.40891,1.00,1.75
2015.08.25 16:22:10.576,2.40775,2.4089,1.00,1.75
2015.08.25 16:22:10.667,2.40773,2.4089,1.50,1.75
2015.08.25 16:22:11.339,2.40768,2.40887,1.50,1.12
2015.08.25 16:22:12.999,2.40772,2.40886,1.00,1.00
2015.08.25 16:22:15.761,2.40769,2.40886,1.12,1.00
2015.08.25 16:22:15.862,2.40774,2.40892,1.00,1.75
2015.08.25 16:22:17.163,2.40774,2.40893,1.00,1.75
2015.08.25 16:22:17.257,2.40772,2.40893,1.12,1.75
2015.08.25 16:22:18.616,2.40771,2.40886,1.37,1.00
2015.08.25 16:22:19.457,2.40771,2.40887,1.37,1.00
2015.08.25 16:22:20.901,2.40771,2.40886,1.37,1.00
2015.08.25 16:22:21.405,2.40769,2.40885,1.75,1.00
2015.08.25 16:22:21.759,2.40765,2.40884,1.37,1.87
2015.08.25 16:22:22.335,2.40765,2.40884,1.00,2.25
2015.08.25 16:22:24.468,2.40761,2.40884,1.00,2.25
2015.08.25 16:22:24.518,2.40761,2.40877,1.00,1.00
2015.08.25 16:22:24.821,2.40763,2.40877,1.00,1.00
2015.08.25 16:22:25.446,2.40768,2.40881,1.00,1.50
2015.08.25 16:22:26.025,2.40769,2.40884,1.00,1.75
2015.08.25 16:22:26.086,2.40766,2.40884,1.00,1.75
2015.08.25 16:22:26.417,2.40764,2.40882,1.00,1.75
2015.08.25 16:22:27.104,2.40764,2.40874,1.00,1.00
2015.08.25 16:22:27.356,2.40749,2.40866,1.12,1.00
2015.08.25 16:22:27.407,2.40762,2.40873,1.00,1.75
2015.08.25 16:22:27.709,2.40766,2.40873,1.00,1.75
2015.08.25 16:22:27.760,2.40761,2.40873,1.00,1.75
2015.08.25 16:22:27.861,2.40758,2.40874,1.00,1.75
2015.08.25 16:22:28.490,2.40761,2.40874,1.00,1.75
2015.08.25 16:22:29.410,2.40755,2.40873,1.00,1.75
2015.08.25 16:22:30.140,2.40757,2.40873,1.00,1.75
2015.08.25 16:22:30.241,2.40757,2.40873,1.75,1.00
2015.08.25 16:22:30.914,2.4076,2.40874,1.12,1.00
2015.08.25 16:22:31.549,2.4076,2.40876,1.12,1.00
2015.08.25 16:22:31.600,2.40764,2.40878,1.00,1.00
2015.08.25 16:22:31.700,2.40762,2.40879,1.00,1.12
2015.08.25 16:22:31.801,2.40764,2.40879,1.00,1.12
2015.08.25 16:22:32.849,2.40759,2.4088,1.50,1.50
2015.08.25 16:22:33.117,2.40759,2.40876,1.50,1.00
2015.08.25 16:22:34.899,2.40754,2.40872,1.37,1.37
2015.08.25 16:22:34.953,2.40747,2.40866,1.75,1.00
2015.08.25 16:22:35.155,2.40747,2.40864,1.75,1.00
2015.08.25 16:22:35.357,2.40738,2.4086,1.09,1.75
2015.08.25 16:22:35.677,2.40742,2.40856,1.00,1.50
2015.08.25 16:22:37.241,2.40741,2.40856,1.00,1.50
2015.08.25 16:22:38.012,2.40734,2.40841,1.71,1.50
2015.08.25 16:22:38.063,2.40723,2.4084,1.00,2.25
2015.08.25 16:22:38.410,2.40721,2.40834,1.00,1.75
2015.08.25 16:22:38.511,2.40724,2.4084,1.00,1.75
2015.08.25 16:22:38.612,2.40724,2.40841,1.00,1.37
2015.08.25 16:22:38.664,2.40724,2.40841,1.00,1.00
2015.08.25 16:22:39.413,2.40731,2.4084,1.75,1.00
2015.08.25 16:22:39.464,2.4073,2.40846,1.75,1.50
2015.08.25 16:22:39.817,2.40738,2.40857,2.25,1.00
2015.08.25 16:22:39.918,2.40744,2.40866,1.00,2.25
2015.08.25 16:22:40.221,2.40752,2.40872,1.12,1.75
2015.08.25 16:22:40.272,2.40752,2.40872,1.12,1.75
2015.08.25 16:22:40.851,2.40752,2.40866,1.12,1.00
2015.08.25 16:22:41.158,2.40752,2.40873,1.12,2.25
2015.08.25 16:22:41.259,2.40754,2.40873,1.00,2.25
2015.08.25 16:22:46.477,2.40757,2.40872,1.00,1.75
2015.08.25 16:22:46.916,2.40754,2.40872,1.00,1.75
2015.08.25 16:22:47.079,2.40761,2.40873,1.00,1.75
2015.08.25 16:22:48.136,2.40756,2.40873,1.00,1.75
2015.08.25 16:22:48.364,2.40761,2.40875,1.00,1.75
2015.08.25 16:22:48.585,2.40763,2.40883,1.12,1.50
2015.08.25 16:22:49.819,2.40775,2.40891,1.00,1.12
2015.08.25 16:22:50.122,2.40779,2.40896,1.00,1.75
2015.08.25 16:22:50.324,2.40775,2.40896,1.50,1.75
2015.08.25 16:22:50.505,2.40782,2.40896,1.00,1.75
2015.08.25 16:22:56.718,2.40784,2.40897,1.00,1.75
2015.08.25 16:22:57.324,2.40786,2.40905,1.00,1.75
2015.08.25 16:22:59.317,2.40781,2.40897,1.00,1.75
2015.08.25 16:22:59.846,2.40783,2.40904,1.00,2.25
2015.08.25 16:23:00.411,2.40789,2.40904,1.00,1.75
2015.08.25 16:23:00.461,2.40792,2.40905,1.00,1.75
2015.08.25 16:23:00.818,2.40783,2.40904,2.25,1.75
2015.08.25 16:23:01.225,2.40786,2.40905,1.00,1.75
2015.08.25 16:23:01.327,2.40783,2.40904,1.50,1.75
2015.08.25 16:23:05.116,2.40791,2.40904,1.00,1.75
2015.08.25 16:23:06.652,2.40792,2.40904,1.00,1.75
2015.08.25 16:23:07.443,2.40801,2.40911,1.00,1.00
2015.08.25 16:23:08.597,2.40801,2.40916,1.00,2.25
2015.08.25 16:23:09.375,2.40794,2.40917,1.37,1.75
2015.08.25 16:23:09.426,2.40793,2.40911,1.50,1.00
2015.08.25 16:23:10.148,2.40793,2.40912,1.00,1.75
2015.08.25 16:23:11.610,2.40792,2.40902,1.00,1.00
2015.08.25 16:23:12.378,2.40784,2.40902,1.46,1.00
2015.08.25 16:23:13.212,2.40784,2.40903,1.46,1.12
2015.08.25 16:23:14.525,2.40782,2.40896,1.09,1.00
2015.08.25 16:23:14.865,2.40782,2.40903,1.09,1.87
2015.08.25 16:23:16.111,2.40791,2.40903,1.00,1.87
2015.08.25 16:23:16.313,2.40783,2.40903,2.21,1.12
2015.08.25 16:23:16.414,2.40791,2.40903,1.00,1.12
2015.08.25 16:23:16.716,2.4079,2.40896,1.00,1.00
2015.08.25 16:23:17.277,2.40786,2.40896,1.34,1.00
2015.08.25 16:23:17.328,2.4079,2.40896,1.00,1.00
2015.08.25 16:23:17.645,2.40793,2.40896,1.00,1.00
2015.08.25 16:23:17.785,2.40793,2.40904,1.00,1.37
2015.08.25 16:23:19.044,2.40791,2.40905,1.00,1.50
2015.08.25 16:23:19.418,2.40802,2.40907,1.00,1.75
2015.08.25 16:23:19.596,2.40792,2.40907,1.00,1.75
2015.08.25 16:23:20.421,2.40792,2.40907,1.87,1.37
2015.08.25 16:23:20.472,2.40792,2.40907,2.25,1.00
2015.08.25 16:23:21.728,2.40792,2.40911,2.25,1.00
2015.08.25 16:23:21.779,2.40791,2.40907,1.75,1.00
2015.08.25 16:23:21.881,2.40791,2.40909,1.75,1.00
2015.08.25 16:23:21.935,2.40791,2.40911,1.75,1.00
2015.08.25 16:23:22.055,2.40791,2.40909,1.75,1.00
2015.08.25 16:23:22.358,2.4079,2.40907,1.00,1.75
2015.08.25 16:23:23.085,2.40788,2.40906,1.00,1.75
2015.08.25 16:23:23.773,2.40791,2.40907,1.00,1.75
2015.08.25 16:23:24.139,2.40788,2.40909,1.00,1.75
2015.08.25 16:23:24.841,2.40792,2.40906,1.00,1.75
2015.08.25 16:23:28.702,2.40787,2.40906,1.00,1.75
2015.08.25 16:23:28.854,2.40791,2.40906,1.00,1.75
2015.08.25 16:23:29.156,2.40794,2.40906,1.75,1.00
2015.08.25 16:23:30.852,2.40819,2.40929,1.37,1.37
2015.08.25 16:23:30.903,2.40818,2.40937,1.75,1.00
2015.08.25 16:23:39.484,2.40817,2.40936,1.75,1.00
2015.08.25 16:23:39.585,2.40817,2.40927,1.75,1.00
2015.08.25 16:23:40.290,2.40817,2.40926,1.00,1.00
2015.08.25 16:23:42.455,2.40818,2.40927,1.00,1.00
2015.08.25 16:23:42.556,2.40822,2.40927,1.00,1.00
2015.08.25 16:23:42.744,2.40817,2.40927,1.50,1.00
2015.08.25 16:23:43.115,2.40822,2.40927,1.00,1.00
2015.08.25 16:23:44.389,2.40821,2.40937,1.75,1.00
2015.08.25 16:23:49.150,2.40816,2.40936,1.75,1.00
2015.08.25 16:23:51.156,2.40815,2.40937,1.75,1.00
2015.08.25 16:23:52.449,2.40818,2.40916,1.37,1.00
2015.08.25 16:23:52.501,2.40794,2.40916,2.25,1.00
2015.08.25 16:23:53.135,2.40792,2.40913,1.75,1.50
2015.08.25 16:23:53.437,2.40779,2.40897,1.75,1.00
2015.08.25 16:23:54.854,2.40775,2.40896,3.00,1.00
2015.08.25 16:24:03.254,2.40775,2.40897,2.25,1.00
2015.08.25 16:24:04.239,2.40781,2.40896,1.75,1.00
2015.08.25 16:24:07.822,2.40778,2.40897,1.75,1.00
2015.08.25 16:24:07.923,2.40771,2.40887,1.37,1.00
2015.08.25 16:24:07.974,2.40771,2.4089,1.37,1.37
2015.08.25 16:24:08.094,2.40768,2.40887,1.75,1.00
2015.08.25 16:24:09.384,2.40766,2.40886,1.75,1.00
2015.08.25 16:24:10.226,2.40766,2.40887,2.25,1.00
2015.08.25 16:24:13.836,2.40774,2.40892,1.00,1.50
2015.08.25 16:24:14.468,2.40775,2.40892,1.00,1.50
2015.08.25 16:24:15.768,2.40775,2.40887,1.00,1.00
2015.08.25 16:24:16.978,2.40773,2.40887,1.00,1.00
2015.08.25 16:24:17.490,2.40771,2.40887,1.37,1.00
2015.08.25 16:24:17.648,2.40774,2.40887,1.00,1.00
2015.08.25 16:24:18.537,2.40774,2.40896,1.00,1.75
2015.08.25 16:24:18.903,2.40781,2.40897,1.00,1.75
2015.08.25 16:24:19.752,2.40779,2.40897,1.00,1.75
2015.08.25 16:24:20.332,2.40775,2.40897,1.00,1.75
2015.08.25 16:24:20.382,2.40775,2.40887,1.00,1.00
2015.08.25 16:24:22.045,2.40778,2.40887,1.00,1.00
2015.08.25 16:24:26.973,2.40778,2.40897,1.00,1.75
2015.08.25 16:24:28.955,2.40777,2.40897,1.00,1.75
2015.08.25 16:24:30.373,2.40775,2.40897,1.12,1.75
2015.08.25 16:24:32.463,2.40773,2.4089,1.50,1.00
2015.08.25 16:24:32.766,2.40754,2.40876,1.75,1.00
2015.08.25 16:24:33.347,2.40752,2.40867,1.75,1.00
2015.08.25 16:24:33.402,2.40743,2.40867,2.25,1.12
2015.08.25 16:24:33.855,2.40735,2.40857,1.75,1.12
2015.08.25 16:24:34.564,2.40736,2.40856,1.75,1.00
2015.08.25 16:24:35.231,2.40752,2.40867,1.12,1.00
2015.08.25 16:24:35.591,2.40745,2.40872,1.75,1.50
2015.08.25 16:24:35.693,2.40745,2.40867,1.75,1.00
2015.08.25 16:24:36.637,2.40744,2.40866,1.00,1.75
2015.08.25 16:24:36.788,2.4074,2.40863,1.00,1.75
2015.08.25 16:24:36.839,2.40743,2.40863,1.00,1.75
2015.08.25 16:24:36.940,2.40738,2.40863,1.00,1.75
2015.08.25 16:24:37.041,2.40735,2.4086,1.00,1.75
2015.08.25 16:24:37.242,2.40739,2.40861,1.00,1.75
2015.08.25 16:24:37.343,2.40733,2.40858,2.25,1.75
2015.08.25 16:24:38.016,2.40732,2.4085,1.00,2.25
2015.08.25 16:24:38.434,2.40734,2.4085,1.00,1.75
2015.08.25 16:24:38.686,2.40734,2.40853,1.12,1.50
2015.08.25 16:24:40.237,2.40735,2.40852,1.00,1.37
2015.08.25 16:24:43.949,2.40727,2.40846,1.75,1.00
2015.08.25 16:24:44.902,2.40729,2.40847,1.75,1.00
2015.08.25 16:24:45.679,2.4073,2.40855,1.75,1.75
2015.08.25 16:24:46.333,2.40733,2.40847,1.37,1.00
2015.08.25 16:24:47.212,2.4073,2.40846,1.75,1.00
2015.08.25 16:24:53.525,2.40724,2.40847,1.75,1.00
2015.08.25 16:24:53.726,2.40721,2.40847,2.25,2.25
2015.08.25 16:24:54.981,2.40726,2.40847,1.00,1.75
2015.08.25 16:24:55.284,2.40724,2.40847,1.00,1.75
2015.08.25 16:24:56.541,2.40723,2.40847,1.87,1.75
2015.08.25 16:24:56.917,2.40725,2.40847,1.00,1.75
2015.08.25 16:25:00.783,2.40724,2.40847,1.00,2.25
2015.08.25 16:25:01.658,2.40741,2.40847,1.00,1.75
2015.08.25 16:25:02.482,2.40742,2.40856,1.00,1.75
2015.08.25 16:25:02.533,2.40741,2.40856,1.00,1.37
2015.08.25 16:25:03.825,2.40741,2.40864,1.75,1.00
2015.08.25 16:25:04.790,2.40741,2.40863,2.25,1.00
2015.08.25 16:25:05.729,2.40743,2.40864,1.75,1.00
2015.08.25 16:25:06.501,2.40744,2.40863,1.75,1.00
2015.08.25 16:25:10.562,2.40741,2.40857,1.00,1.37
2015.08.25 16:25:12.235,2.40749,2.40866,1.00,1.75
2015.08.25 16:25:12.387,2.40752,2.40866,2.25,1.00
2015.08.25 16:25:12.488,2.40754,2.40876,1.50,1.37
2015.08.25 16:25:16.384,2.40757,2.40876,1.00,1.37
2015.08.25 16:25:16.896,2.40755,2.40876,1.37,1.37
2015.08.25 16:25:17.478,2.40762,2.40877,1.00,1.50
2015.08.25 16:25:19.397,2.40756,2.40876,1.87,1.37
2015.08.25 16:25:21.567,2.40757,2.40876,1.00,1.37
2015.08.25 16:25:23.665,2.40762,2.40875,1.00,1.12
2015.08.25 16:25:23.882,2.40759,2.40875,1.00,1.12
2015.08.25 16:25:24.087,2.40763,2.40875,1.00,1.12
2015.08.25 16:25:24.207,2.40758,2.40873,1.00,1.00
2015.08.25 16:25:24.933,2.40761,2.40877,1.00,1.50
2015.08.25 16:25:25.067,2.40759,2.40877,1.50,1.50
2015.08.25 16:25:26.777,2.4076,2.40875,1.00,1.12
2015.08.25 16:25:27.306,2.40759,2.40875,1.00,1.12
2015.08.25 16:25:27.934,2.40759,2.40875,1.00,1.37
2015.08.25 16:25:28.257,2.40764,2.40879,1.00,1.75
2015.08.25 16:25:28.697,2.40766,2.4088,1.00,1.37
2015.08.25 16:25:28.748,2.40768,2.40882,1.00,1.00
2015.08.25 16:25:28.849,2.40769,2.40889,1.00,1.75
2015.08.25 16:25:29.421,2.40773,2.40886,1.34,1.75
2015.08.25 16:25:30.066,2.40778,2.4089,1.46,1.00
2015.08.25 16:25:30.168,2.40777,2.40888,1.09,1.00
2015.08.25 16:25:30.269,2.40777,2.4089,1.09,1.00
2015.08.25 16:25:30.901,2.40777,2.40892,1.09,1.00
2015.08.25 16:25:31.123,2.40777,2.40889,1.09,1.00
2015.08.25 16:25:31.707,2.40777,2.40892,1.09,1.00
2015.08.25 16:25:32.918,2.40777,2.40895,1.09,1.00
2015.08.25 16:25:33.785,2.40777,2.4089,1.09,1.00
2015.08.25 16:25:36.727,2.40777,2.40887,1.09,1.00
2015.08.25 16:25:36.947,2.40777,2.40892,1.09,1.00
2015.08.25 16:25:37.099,2.40777,2.40885,1.09,1.00
2015.08.25 16:25:37.401,2.40763,2.40878,1.84,1.00
2015.08.25 16:25:38.622,2.40764,2.40881,1.71,1.00
2015.08.25 16:25:40.023,2.40774,2.4089,2.21,1.37
2015.08.25 16:25:40.175,2.40777,2.40888,1.34,1.00
2015.08.25 16:25:40.720,2.40775,2.40889,1.09,1.00
2015.08.25 16:25:41.463,2.40784,2.40896,1.00,1.50
2015.08.25 16:25:41.941,2.40778,2.40893,1.84,1.00
2015.08.25 16:25:42.481,2.40779,2.40893,1.00,1.00
2015.08.25 16:25:43.059,2.40778,2.40892,1.09,1.00
2015.08.25 16:25:43.801,2.40775,2.4089,1.84,1.00
2015.08.25 16:25:44.591,2.40782,2.40899,1.37,1.37
2015.08.25 16:25:44.642,2.40782,2.40899,1.75,1.00
2015.08.25 16:25:44.692,2.40783,2.40894,1.75,1.00
2015.08.25 16:25:44.907,2.40785,2.409,1.75,1.00
2015.08.25 16:25:45.109,2.40788,2.40903,1.50,1.00
2015.08.25 16:25:45.421,2.40791,2.40906,1.00,1.00
2015.08.25 16:25:45.573,2.40789,2.40904,1.12,1.00
2015.08.25 16:25:46.161,2.40792,2.40903,1.00,1.00
2015.08.25 16:25:46.212,2.40787,2.40904,1.75,1.00
2015.08.25 16:25:46.732,2.4079,2.40904,1.00,1.00
2015.08.25 16:25:48.606,2.40789,2.40904,1.12,1.00
2015.08.25 16:25:51.838,2.40784,2.409,3.75,1.00
2015.08.25 16:25:51.938,2.40791,2.40906,1.00,1.00
2015.08.25 16:25:52.673,2.40805,2.40921,1.50,1.00
2015.08.25 16:25:52.724,2.40805,2.40924,1.50,1.00
2015.08.25 16:25:53.266,2.40808,2.40927,1.00,1.37
2015.08.25 16:25:54.827,2.40824,2.40933,1.37,1.00
2015.08.25 16:25:54.877,2.40822,2.40937,1.00,1.12
2015.08.25 16:25:54.928,2.40824,2.40941,1.00,1.75
2015.08.25 16:25:55.086,2.40826,2.40946,1.75,1.00
2015.08.25 16:25:55.356,2.40835,2.40956,1.00,1.75
2015.08.25 16:25:56.218,2.40831,2.40949,1.37,1.00
2015.08.25 16:25:57.908,2.40844,2.40954,1.00,1.00
2015.08.25 16:25:57.959,2.40844,2.40963,1.00,2.25
2015.08.25 16:25:58.364,2.40846,2.40965,1.00,2.25
2015.08.25 16:25:59.153,2.40854,2.40968,1.00,1.75
2015.08.25 16:25:59.306,2.40855,2.40974,1.75,1.00
2015.08.25 16:25:59.517,2.40856,2.40976,1.50,1.12
2015.08.25 16:26:02.539,2.40859,2.40977,1.00,1.87
2015.08.25 16:26:03.667,2.40859,2.40969,1.00,1.00
2015.08.25 16:26:03.824,2.40849,2.40973,2.25,1.00
2015.08.25 16:26:04.288,2.40849,2.40967,1.75,1.00
2015.08.25 16:26:05.323,2.40849,2.40966,1.75,1.00
2015.08.25 16:26:05.626,2.40834,2.4094,1.00,1.00
2015.08.25 16:26:05.898,2.40833,2.40951,1.00,1.75
2015.08.25 16:26:05.949,2.40833,2.40951,1.37,1.37
2015.08.25 16:26:06.050,2.40843,2.40953,1.00,1.00
2015.08.25 16:26:06.784,2.40847,2.40965,1.00,1.75
2015.08.25 16:26:07.398,2.40849,2.40965,1.00,1.75
2015.08.25 16:26:07.499,2.40849,2.40965,1.75,1.00
2015.08.25 16:26:07.550,2.40849,2.40968,1.75,1.00
2015.08.25 16:26:09.008,2.40854,2.40973,1.50,1.75
2015.08.25 16:26:09.396,2.40854,2.40966,1.50,1.00
2015.08.25 16:26:09.547,2.40844,2.40958,1.00,1.00
2015.08.25 16:26:09.648,2.40847,2.40966,1.00,2.25
2015.08.25 16:26:09.749,2.40844,2.40965,1.00,1.75
2015.08.25 16:26:10.755,2.40846,2.40965,1.00,1.75
2015.08.25 16:26:11.396,2.40845,2.40966,1.00,3.75
2015.08.25 16:26:12.227,2.40849,2.40966,1.75,1.50
2015.08.25 16:26:12.650,2.40853,2.40972,1.12,1.75
2015.08.25 16:26:13.176,2.40854,2.40974,1.00,1.75
2015.08.25 16:26:13.725,2.4088,2.40985,1.00,1.75
2015.08.25 16:26:13.826,2.40882,2.40986,1.00,1.00
2015.08.25 16:26:13.927,2.40876,2.40991,1.75,1.00
2015.08.25 16:26:14.079,2.40877,2.40994,1.75,1.00
2015.08.25 16:26:14.180,2.40884,2.40997,1.00,1.00
2015.08.25 16:26:14.482,2.40874,2.40992,2.25,1.00
2015.08.25 16:26:15.150,2.40877,2.40991,1.75,1.00
2015.08.25 16:26:15.200,2.40877,2.40997,1.75,1.50
2015.08.25 16:26:15.251,2.40883,2.41001,1.00,1.50
2015.08.25 16:26:15.756,2.40884,2.41005,1.00,2.25
2015.08.25 16:26:16.476,2.40884,2.40998,1.00,1.00
2015.08.25 16:26:16.528,2.40874,2.40996,1.75,1.00
2015.08.25 16:26:16.579,2.40873,2.40999,1.75,1.12
2015.08.25 16:26:16.781,2.40873,2.40997,1.75,1.00
2015.08.25 16:26:17.119,2.40874,2.40988,1.75,1.00
2015.08.25 16:26:17.221,2.40874,2.40988,1.00,1.50
2015.08.25 16:26:18.048,2.40874,2.40984,1.00,1.00
2015.08.25 16:26:18.098,2.4087,2.40984,1.00,1.00
2015.08.25 16:26:18.149,2.4087,2.40988,1.00,1.50
2015.08.25 16:26:18.250,2.4087,2.40983,1.00,1.00
2015.08.25 16:26:19.437,2.4087,2.40978,1.00,1.00
2015.08.25 16:26:19.694,2.40869,2.40985,1.12,1.00
2015.08.25 16:26:21.740,2.40864,2.40973,1.75,1.00
2015.08.25 16:26:23.119,2.40864,2.40985,1.75,1.00
2015.08.25 16:26:25.157,2.40865,2.40983,1.75,1.00
2015.08.25 16:26:25.463,2.40863,2.40978,1.75,1.00
2015.08.25 16:26:25.585,2.40863,2.40983,1.75,1.50
2015.08.25 16:26:26.532,2.40863,2.40981,1.75,1.00
2015.08.25 16:26:27.455,2.40863,2.40977,1.75,1.00
2015.08.25 16:26:28.360,2.40859,2.40976,1.75,1.00
2015.08.25 16:26:28.898,2.40864,2.40975,1.75,1.00
2015.08.25 16:26:29.452,2.40864,2.40983,1.75,1.00
2015.08.25 16:26:29.981,2.40864,2.40984,1.75,1.00
2015.08.25 16:26:30.233,2.40865,2.40987,1.75,1.37
2015.08.25 16:26:30.882,2.40864,2.40982,1.75,1.00
2015.08.25 16:26:31.212,2.40864,2.40986,2.25,1.12
2015.08.25 16:26:31.744,2.40864,2.40985,2.25,1.00
2015.08.25 16:26:32.716,2.40873,2.40985,1.00,1.00
2015.08.25 16:26:32.968,2.40868,2.40991,1.12,1.75
2015.08.25 16:26:33.305,2.40874,2.40991,1.00,1.75
2015.08.25 16:26:34.476,2.40874,2.40993,1.37,1.37
2015.08.25 16:26:34.527,2.40874,2.40993,1.75,1.00
2015.08.25 16:26:35.558,2.40874,2.4099,1.75,1.00
2015.08.25 16:26:36.295,2.40873,2.40994,1.75,1.00
2015.08.25 16:26:38.046,2.40873,2.40989,1.75,1.00
2015.08.25 16:26:38.486,2.40863,2.40986,2.25,1.00
2015.08.25 16:26:38.739,2.40861,2.40979,1.75,1.00
2015.08.25 16:26:39.784,2.40862,2.40979,1.84,1.00
2015.08.25 16:26:40.091,2.40864,2.40982,2.21,1.37
2015.08.25 16:26:40.835,2.40865,2.40984,1.00,1.75
2015.08.25 16:26:41.755,2.40866,2.40986,1.00,1.75
2015.08.25 16:26:42.488,2.40867,2.40984,1.00,1.75
2015.08.25 16:26:42.822,2.40871,2.40986,1.00,1.75
2015.08.25 16:26:44.130,2.40866,2.40986,1.00,1.75
2015.08.25 16:26:45.528,2.40866,2.40977,1.00,1.00
2015.08.25 16:26:46.100,2.40872,2.40977,1.00,1.00
2015.08.25 16:26:46.151,2.40872,2.40985,1.00,1.75
2015.08.25 16:26:46.693,2.40871,2.40985,1.00,1.75
2015.08.25 16:26:47.802,2.40861,2.40972,1.75,1.00
2015.08.25 16:26:47.853,2.40861,2.40975,1.75,1.00
2015.08.25 16:26:48.156,2.40856,2.40973,1.75,1.00
2015.08.25 16:26:48.727,2.40862,2.40975,1.50,1.00
2015.08.25 16:26:49.354,2.4086,2.4098,1.75,1.00
2015.08.25 16:26:49.404,2.4086,2.40977,1.75,1.00
2015.08.25 16:26:49.775,2.4086,2.4098,1.75,1.00
2015.08.25 16:26:49.894,2.4086,2.40977,1.75,1.00
2015.08.25 16:26:50.398,2.40862,2.40978,1.50,1.00
2015.08.25 16:26:51.804,2.40859,2.40973,1.75,1.00
2015.08.25 16:26:52.006,2.40863,2.40977,1.37,1.00
2015.08.25 16:26:52.208,2.40872,2.40986,1.00,1.75
2015.08.25 16:26:52.360,2.40873,2.40986,1.84,1.00
2015.08.25 16:26:52.410,2.40881,2.40986,1.00,1.00
2015.08.25 16:26:52.462,2.40881,2.40992,1.00,1.12
2015.08.25 16:26:53.075,2.40882,2.40992,1.00,1.12
2015.08.25 16:26:53.329,2.40881,2.40989,1.00,1.00
2015.08.25 16:26:53.685,2.40882,2.40992,1.00,1.12
2015.08.25 16:26:54.525,2.40881,2.40992,1.00,1.12
2015.08.25 16:26:54.784,2.40873,2.40992,2.59,1.12
2015.08.25 16:26:55.106,2.40873,2.40989,2.59,1.00
2015.08.25 16:26:58.236,2.40873,2.40987,1.09,1.00
2015.08.25 16:26:58.560,2.40873,2.40981,1.09,1.00
2015.08.25 16:26:58.611,2.40873,2.40985,1.09,1.00
2015.08.25 16:26:59.142,2.40873,2.40984,1.09,1.00
2015.08.25 16:26:59.394,2.40873,2.40986,1.09,1.00
2015.08.25 16:27:00.476,2.40874,2.40987,1.46,1.00
2015.08.25 16:27:01.441,2.40871,2.40985,1.71,1.37
2015.08.25 16:27:01.755,2.4088,2.40986,1.00,1.75
2015.08.25 16:27:01.805,2.40878,2.40986,1.00,1.75
2015.08.25 16:27:01.906,2.40872,2.40986,1.34,2.25
2015.08.25 16:27:02.428,2.40875,2.40986,1.00,2.25
2015.08.25 16:27:03.077,2.40874,2.40986,1.09,2.25
2015.08.25 16:27:05.680,2.40886,2.40989,1.00,1.00
2015.08.25 16:27:05.888,2.40883,2.4099,1.00,1.00
2015.08.25 16:27:06.214,2.40902,2.40997,1.00,1.50
2015.08.25 16:27:06.366,2.40911,2.41007,1.00,1.00
2015.08.25 16:27:06.568,2.40921,2.41007,1.00,1.00
2015.08.25 16:27:06.619,2.40921,2.4101,1.00,1.00
2015.08.25 16:27:07.193,2.40921,2.41006,1.00,1.00
2015.08.25 16:27:07.244,2.40911,2.41006,1.00,1.00
2015.08.25 16:27:07.545,2.40901,2.41007,1.00,1.00
2015.08.25 16:27:08.864,2.40903,2.41015,1.00,2.21
2015.08.25 16:27:08.965,2.40909,2.41015,1.00,1.46
2015.08.25 16:27:09.605,2.40905,2.41016,1.00,1.09
2015.08.25 16:27:09.706,2.40908,2.41016,1.00,1.84
2015.08.25 16:27:10.430,2.40904,2.41016,1.00,1.84
2015.08.25 16:27:11.375,2.40907,2.41016,1.00,1.84
2015.08.25 16:27:11.683,2.40905,2.41016,1.00,1.84
2015.08.25 16:27:12.526,2.40906,2.41016,1.00,1.84
2015.08.25 16:27:12.576,2.40911,2.41016,1.00,1.34
2015.08.25 16:27:13.142,2.40921,2.41016,1.00,1.34
2015.08.25 16:27:13.638,2.40907,2.41016,1.00,1.46
2015.08.25 16:27:14.205,2.40913,2.41016,1.00,1.46
2015.08.25 16:27:14.307,2.4092,2.41027,1.00,1.12
2015.08.25 16:27:14.558,2.40922,2.41027,1.00,1.12
2015.08.25 16:27:15.521,2.40921,2.41027,1.12,1.00
2015.08.25 16:27:15.844,2.40923,2.41027,1.00,1.00
2015.08.25 16:27:15.894,2.40921,2.41027,1.12,1.00
2015.08.25 16:27:16.224,2.40927,2.41026,1.00,1.00
2015.08.25 16:27:16.325,2.40923,2.41026,1.00,1.00
2015.08.25 16:27:17.054,2.40919,2.41026,1.50,1.00
2015.08.25 16:27:18.219,2.40922,2.41026,1.00,1.00
2015.08.25 16:27:19.670,2.40915,2.41026,1.75,1.00
2015.08.25 16:27:23.023,2.4092,2.41031,1.37,1.00
2015.08.25 16:27:23.074,2.40923,2.41036,1.00,1.50
2015.08.25 16:27:23.537,2.40923,2.41031,1.00,1.00
2015.08.25 16:27:23.790,2.40918,2.41031,1.75,1.50
2015.08.25 16:27:23.841,2.40923,2.41031,1.00,1.00
2015.08.25 16:27:23.942,2.40916,2.41035,2.25,1.00
2015.08.25 16:27:24.043,2.40916,2.41027,1.75,1.00
2015.08.25 16:27:24.590,2.40916,2.41033,1.75,1.00
2015.08.25 16:27:25.246,2.40915,2.41032,2.25,1.00
2015.08.25 16:27:26.222,2.40917,2.41033,1.75,1.00
2015.08.25 16:27:28.388,2.40917,2.41027,1.75,1.00
2015.08.25 16:27:32.002,2.40916,2.41026,1.37,1.00
2015.08.25 16:27:32.053,2.40912,2.41026,1.00,1.00
2015.08.25 16:27:34.484,2.40917,2.41026,1.00,1.00
2015.08.25 16:27:34.789,2.40921,2.41036,1.00,1.75
2015.08.25 16:27:35.042,2.40925,2.41037,1.00,1.12
2015.08.25 16:27:35.143,2.40928,2.41037,1.00,1.12
2015.08.25 16:27:35.997,2.40941,2.41047,1.00,1.00
2015.08.25 16:27:36.763,2.40938,2.41047,1.00,1.00
2015.08.25 16:27:36.915,2.40932,2.41046,1.00,1.00
2015.08.25 16:27:37.017,2.40935,2.41046,1.00,1.00
2015.08.25 16:27:37.661,2.40932,2.41046,1.00,1.00
2015.08.25 16:27:38.165,2.40926,2.41045,1.75,1.00
2015.08.25 16:27:39.175,2.40927,2.41044,1.75,1.00
2015.08.25 16:27:39.403,2.40924,2.41034,1.75,1.00
2015.08.25 16:27:39.554,2.4093,2.41042,1.37,1.00
2015.08.25 16:27:39.765,2.4093,2.41045,1.37,1.00
2015.08.25 16:27:40.835,2.40933,2.41047,1.00,1.50
2015.08.25 16:27:41.180,2.40929,2.41046,1.37,1.00
2015.08.25 16:27:44.023,2.40929,2.41043,1.37,1.00
2015.08.25 16:27:45.014,2.40933,2.41047,1.00,1.00
2015.08.25 16:27:45.066,2.40938,2.41054,1.00,2.25
2015.08.25 16:27:45.167,2.40935,2.41047,1.00,1.00
2015.08.25 16:27:45.369,2.4093,2.41045,1.37,1.00
2015.08.25 16:27:46.993,2.40926,2.41036,1.75,1.00
2015.08.25 16:27:47.302,2.40926,2.41045,1.75,1.00
2015.08.25 16:27:49.107,2.40926,2.41045,1.37,1.37
2015.08.25 16:27:49.159,2.4092,2.41037,1.00,2.25
2015.08.25 16:27:50.005,2.40924,2.41037,1.00,1.50
2015.08.25 16:27:51.423,2.40927,2.41044,1.00,1.75
2015.08.25 16:27:52.718,2.40935,2.41045,1.00,1.75
2015.08.25 16:27:52.870,2.40929,2.41047,1.12,1.87
2015.08.25 16:27:53.153,2.40937,2.41047,1.00,1.37
2015.08.25 16:27:53.262,2.40934,2.41047,1.00,1.37
2015.08.25 16:27:53.482,2.4093,2.41047,1.00,1.37
2015.08.25 16:27:54.171,2.40928,2.41047,1.87,1.37
2015.08.25 16:27:54.475,2.40931,2.41047,1.00,1.37
2015.08.25 16:27:55.862,2.40934,2.41047,1.00,1.37
2015.08.25 16:27:56.014,2.40931,2.41047,1.00,1.37
2015.08.25 16:27:56.165,2.40934,2.41047,1.00,1.37
2015.08.25 16:27:56.656,2.4093,2.41046,1.00,1.37
2015.08.25 16:27:57.584,2.40928,2.41046,1.87,1.37
2015.08.25 16:27:58.040,2.40926,2.41043,1.50,1.00
2015.08.25 16:27:58.444,2.40927,2.41036,1.37,1.00
2015.08.25 16:27:59.116,2.40926,2.41043,1.50,1.00
2015.08.25 16:27:59.569,2.40928,2.41047,1.37,1.37
2015.08.25 16:28:00.625,2.40928,2.41044,1.37,1.00
2015.08.25 16:28:00.986,2.40928,2.41037,1.37,1.00
2015.08.25 16:28:01.493,2.40923,2.41036,1.75,1.00
2015.08.25 16:28:02.777,2.40921,2.41036,1.00,2.25
2015.08.25 16:28:02.878,2.40919,2.41036,1.00,2.25
2015.08.25 16:28:03.478,2.40919,2.41028,1.00,1.00
2015.08.25 16:28:04.215,2.40916,2.41032,1.37,1.00
2015.08.25 16:28:04.431,2.40914,2.41018,1.75,1.00
2015.08.25 16:28:04.633,2.40903,2.41012,1.34,1.37
2015.08.25 16:28:04.936,2.40893,2.40995,1.34,1.00
2015.08.25 16:28:05.557,2.40888,2.40995,1.34,1.75
2015.08.25 16:28:05.608,2.40871,2.40975,1.00,1.00
2015.08.25 16:28:05.659,2.40854,2.40975,1.75,1.00
2015.08.25 16:28:05.710,2.40854,2.40975,1.00,1.75
2015.08.25 16:28:05.761,2.40857,2.40975,1.00,1.75
2015.08.25 16:28:05.963,2.40854,2.40973,1.00,1.75
2015.08.25 16:28:07.642,2.40854,2.4097,1.00,1.00
2015.08.25 16:28:07.743,2.40854,2.40967,1.00,1.00
2015.08.25 16:28:08.833,2.40854,2.40966,1.00,1.00
2015.08.25 16:28:09.134,2.40849,2.40964,1.75,1.00
2015.08.25 16:28:09.235,2.40849,2.40966,2.25,1.50
2015.08.25 16:28:09.345,2.40849,2.40957,1.75,1.00
2015.08.25 16:28:09.547,2.40844,2.40949,1.00,1.00
2015.08.25 16:28:09.597,2.40844,2.40949,1.00,1.37
2015.08.25 16:28:09.648,2.40834,2.40949,1.00,1.75
2015.08.25 16:28:09.749,2.40831,2.40944,1.00,1.37
2015.08.25 16:28:10.285,2.40831,2.40936,1.00,1.00
2015.08.25 16:28:10.505,2.40824,2.40936,2.25,1.00
2015.08.25 16:28:10.573,2.40831,2.40936,1.00,1.00
2015.08.25 16:28:11.082,2.40832,2.40936,1.00,1.00
2015.08.25 16:28:11.893,2.40842,2.40941,1.00,1.00
2015.08.25 16:28:11.994,2.40842,2.40944,1.00,1.37
2015.08.25 16:28:12.753,2.40842,2.40938,1.00,1.00
2015.08.25 16:28:12.905,2.40831,2.40937,1.34,1.00
2015.08.25 16:28:13.445,2.40841,2.40937,1.00,1.00
2015.08.25 16:28:13.498,2.40841,2.4094,1.00,1.00
2015.08.25 16:28:13.549,2.40841,2.40938,1.00,1.00
2015.08.25 16:28:13.906,2.40831,2.40937,1.09,1.00
2015.08.25 16:28:13.957,2.40831,2.4094,1.09,1.00
2015.08.25 16:28:14.058,2.40833,2.4094,1.00,1.00
2015.08.25 16:28:14.953,2.40841,2.40941,1.00,1.00
2015.08.25 16:28:15.106,2.40834,2.40942,1.00,1.00
2015.08.25 16:28:17.458,2.40834,2.40943,1.00,1.12
2015.08.25 16:28:17.764,2.40834,2.4094,1.00,1.00
2015.08.25 16:28:18.165,2.40832,2.40942,1.34,1.00
2015.08.25 16:28:18.266,2.40832,2.40937,1.34,1.00
2015.08.25 16:28:18.417,2.40824,2.40937,1.50,1.00
2015.08.25 16:28:18.569,2.40828,2.40937,1.00,1.00
2015.08.25 16:28:19.147,2.40825,2.40934,1.37,1.00
2015.08.25 16:28:21.028,2.40826,2.40935,1.12,1.00
2015.08.25 16:28:22.964,2.40828,2.40935,1.00,1.00
2015.08.25 16:28:23.015,2.40828,2.40942,1.00,1.84
2015.08.25 16:28:24.373,2.4083,2.40943,1.00,1.46
2015.08.25 16:28:25.028,2.40831,2.40943,1.00,1.46
2015.08.25 16:28:25.732,2.4083,2.40943,1.00,1.46
2015.08.25 16:28:26.303,2.40831,2.40943,1.00,1.46
2015.08.25 16:28:26.902,2.40832,2.40945,1.00,1.09
2015.08.25 16:28:27.234,2.40835,2.40947,1.00,1.71
2015.08.25 16:28:27.284,2.40832,2.40947,1.00,2.21
2015.08.25 16:28:28.010,2.40842,2.40948,1.00,1.09
2015.08.25 16:28:28.062,2.40842,2.40961,1.50,1.75
2015.08.25 16:28:28.113,2.40852,2.40961,1.00,1.75
2015.08.25 16:28:28.643,2.40853,2.40968,1.00,1.75
2015.08.25 16:28:29.522,2.40852,2.40964,1.00,1.75
2015.08.25 16:28:29.872,2.40862,2.40964,1.00,1.75
2015.08.25 16:28:30.678,2.40862,2.40968,1.00,1.00
2015.08.25 16:28:31.885,2.40881,2.40969,1.00,1.00
2015.08.25 16:28:31.944,2.40881,2.40989,1.00,1.75
2015.08.25 16:28:32.453,2.40882,2.41001,1.00,1.75
2015.08.25 16:28:32.504,2.40898,2.41002,1.00,1.75
2015.08.25 16:28:33.125,2.40898,2.41002,1.50,1.00
2015.08.25 16:28:33.182,2.40897,2.41019,1.00,1.75
2015.08.25 16:28:33.560,2.40892,2.41016,1.12,1.75
2015.08.25 16:28:34.748,2.40893,2.41014,1.00,1.75
2015.08.25 16:28:35.312,2.40891,2.41014,2.25,1.75
2015.08.25 16:28:35.514,2.40894,2.41018,1.00,2.25
2015.08.25 16:28:36.511,2.40896,2.41018,1.00,1.75
2015.08.25 16:28:37.085,2.40895,2.41019,1.00,1.75
2015.08.25 16:28:37.425,2.40897,2.41018,1.00,1.75
2015.08.25 16:28:37.999,2.40895,2.41018,1.00,2.25
2015.08.25 16:28:38.841,2.40894,2.41019,1.50,1.75
2015.08.25 16:28:40.584,2.40893,2.41017,1.00,1.75
2015.08.25 16:28:40.735,2.40893,2.41007,1.00,1.00
2015.08.25 16:28:41.530,2.40884,2.40998,1.00,1.75
2015.08.25 16:28:41.848,2.40884,2.40996,1.00,1.75
2015.08.25 16:28:42.983,2.40873,2.40994,1.00,1.75
2015.08.25 16:28:43.637,2.40874,2.40994,1.00,1.75
2015.08.25 16:28:45.330,2.40864,2.4099,1.50,1.75
2015.08.25 16:28:48.571,2.40869,2.40987,1.00,1.50
2015.08.25 16:28:48.891,2.40864,2.40983,1.00,1.75
2015.08.25 16:28:49.662,2.40863,2.40983,1.00,1.75
2015.08.25 16:28:50.310,2.40864,2.40985,1.00,2.25
2015.08.25 16:28:50.891,2.40863,2.40983,1.00,1.75
2015.08.25 16:28:51.997,2.40868,2.40986,1.00,1.75
2015.08.25 16:28:52.149,2.40864,2.40986,1.00,2.25
2015.08.25 16:28:53.763,2.40863,2.40986,1.00,2.25
2015.08.25 16:28:55.397,2.40863,2.40985,1.37,1.37
2015.08.25 16:28:55.448,2.40863,2.40986,2.25,1.87
2015.08.25 16:29:02.523,2.40869,2.40988,1.00,1.75
2015.08.25 16:29:02.701,2.40866,2.40991,1.37,2.25
2015.08.25 16:29:04.401,2.40873,2.4099,1.00,1.75
2015.08.25 16:29:05.521,2.40866,2.4099,1.37,1.75
2015.08.25 16:29:06.612,2.4088,2.40991,1.00,1.75
2015.08.25 16:29:06.713,2.40882,2.41007,1.12,2.25
2015.08.25 16:29:06.864,2.40889,2.41006,1.00,1.75
2015.08.25 16:29:07.166,2.40891,2.41008,1.37,1.37
2015.08.25 16:29:07.217,2.40891,2.41011,1.37,1.50
2015.08.25 16:29:08.092,2.40891,2.41007,1.37,1.00
2015.08.25 16:29:08.609,2.40884,2.41005,1.75,1.00
2015.08.25 16:29:08.962,2.40894,2.41007,1.00,1.00
2015.08.25 16:29:09.261,2.4089,2.41007,1.50,1.00
2015.08.25 16:29:09.948,2.4089,2.41011,1.50,1.50
2015.08.25 16:29:10.580,2.409,2.41011,1.00,1.50
2015.08.25 16:29:10.884,2.40902,2.41017,1.00,1.75
2015.08.25 16:29:10.935,2.40894,2.41017,1.00,1.75
2015.08.25 16:29:11.595,2.40897,2.41017,1.00,1.75
2015.08.25 16:29:12.451,2.40899,2.41017,1.00,1.75
2015.08.25 16:29:13.849,2.40904,2.41019,1.50,2.25
2015.08.25 16:29:14.392,2.40905,2.4102,1.00,1.75
2015.08.25 16:29:14.953,2.40905,2.4102,1.00,1.50
2015.08.25 16:29:15.505,2.40907,2.4102,1.00,1.12
2015.08.25 16:29:15.657,2.40903,2.41026,1.12,1.75
2015.08.25 16:29:16.350,2.40899,2.41016,1.75,1.00
2015.08.25 16:29:16.986,2.40896,2.41017,1.00,1.75
2015.08.25 16:29:17.037,2.40889,2.41017,2.25,1.75
2015.08.25 16:29:17.208,2.40889,2.41006,1.75,1.00
2015.08.25 16:29:17.511,2.40884,2.41003,1.37,1.37
2015.08.25 16:29:17.561,2.40884,2.41003,1.00,1.75
2015.08.25 16:29:18.171,2.40885,2.41007,1.00,2.25
2015.08.25 16:29:18.689,2.40893,2.41009,1.00,1.75
2015.08.25 16:29:18.992,2.40894,2.41008,1.00,1.37
2015.08.25 16:29:19.043,2.40894,2.41011,1.00,1.50
2015.08.25 16:29:20.072,2.40893,2.41011,1.50,1.50
2015.08.25 16:29:21.832,2.40894,2.41014,1.00,1.75
2015.08.25 16:29:23.644,2.40903,2.41019,1.12,1.00
2015.08.25 16:29:23.981,2.40898,2.41016,1.75,1.00
2015.08.25 16:29:24.284,2.40893,2.41009,1.75,1.00
2015.08.25 16:29:24.586,2.40892,2.41011,1.75,1.00
2015.08.25 16:29:25.235,2.40894,2.41013,1.75,1.00
2015.08.25 16:29:25.572,2.40894,2.4101,1.75,1.00
2015.08.25 16:29:25.774,2.40891,2.41005,1.37,1.00
2015.08.25 16:29:25.875,2.40891,2.41002,1.37,1.00
2015.08.25 16:29:27.379,2.40884,2.41009,1.75,1.00
2015.08.25 16:29:28.400,2.40884,2.4101,2.25,1.12
2015.08.25 16:29:29.125,2.40886,2.41009,1.75,1.00
2015.08.25 16:29:29.280,2.40896,2.41015,1.00,1.75
2015.08.25 16:29:29.401,2.40886,2.41009,1.75,1.00
2015.08.25 16:29:29.630,2.40894,2.41009,1.00,1.00
2015.08.25 16:29:30.219,2.40894,2.41015,1.00,1.75
2015.08.25 16:29:30.910,2.40917,2.41046,1.75,3.00
2015.08.25 16:29:31.621,2.40917,2.41042,1.75,1.00
2015.08.25 16:29:32.725,2.40917,2.41034,1.37,1.37
2015.08.25 16:29:32.776,2.40918,2.41034,1.00,1.75
2015.08.25 16:29:32.877,2.40904,2.4103,2.25,1.37
2015.08.25 16:29:34.126,2.40904,2.41026,2.25,1.00
2015.08.25 16:29:34.429,2.40896,2.41011,1.50,1.00
2015.08.25 16:29:34.748,2.40891,2.41005,1.37,2.25
2015.08.25 16:29:34.799,2.40883,2.41005,1.00,3.00
2015.08.25 16:29:35.073,2.4088,2.41003,1.00,2.25
2015.08.25 16:29:35.175,2.40872,2.40996,1.50,1.75
2015.08.25 16:29:35.782,2.40874,2.4099,1.37,1.00
2015.08.25 16:29:36.679,2.40869,2.40993,1.75,1.37
2015.08.25 16:29:37.009,2.4087,2.4099,1.75,1.00
2015.08.25 16:29:38.257,2.40869,2.40989,1.75,1.00
2015.08.25 16:29:38.704,2.40875,2.40993,1.12,1.37
2015.08.25 16:29:39.331,2.40884,2.41002,1.00,1.75
2015.08.25 16:29:39.662,2.4088,2.41002,1.00,2.25
2015.08.25 16:29:40.110,2.40878,2.40998,1.00,1.75
2015.08.25 16:29:41.610,2.40877,2.41002,1.00,1.75
2015.08.25 16:29:42.039,2.40883,2.41001,1.00,1.75
2015.08.25 16:29:43.704,2.40877,2.41001,1.00,1.75
2015.08.25 16:29:44.210,2.40876,2.40995,1.00,1.50
2015.08.25 16:29:44.311,2.40874,2.40988,1.37,1.00
2015.08.25 16:29:44.412,2.40875,2.40992,1.12,1.12
2015.08.25 16:29:44.709,2.40874,2.40989,1.37,1.00
2015.08.25 16:29:45.497,2.40874,2.40988,1.87,1.00
2015.08.25 16:29:45.801,2.40874,2.40986,1.87,1.00
2015.08.25 16:29:47.301,2.40874,2.40982,1.37,1.00
2015.08.25 16:29:49.674,2.40878,2.40993,1.00,1.37
2015.08.25 16:29:50.020,2.40878,2.40986,1.00,1.00
2015.08.25 16:29:50.221,2.40878,2.40988,1.00,1.00
2015.08.25 16:29:52.107,2.40875,2.40992,1.12,1.12
2015.08.25 16:29:52.208,2.40875,2.40988,1.12,1.00
2015.08.25 16:29:52.560,2.40875,2.40985,1.12,1.00
2015.08.25 16:29:52.739,2.40875,2.40988,1.12,1.00
2015.08.25 16:29:53.291,2.40928,2.40996,1.00,1.00
2015.08.25 16:29:53.342,2.40929,2.41039,1.00,1.75
2015.08.25 16:29:53.443,2.40929,2.41039,1.37,1.00
2015.08.25 16:29:53.646,2.40923,2.41044,1.75,1.00
2015.08.25 16:29:53.848,2.40929,2.4105,1.37,1.37
2015.08.25 16:29:55.378,2.40931,2.41051,1.00,1.50
2015.08.25 16:29:56.365,2.4093,2.41051,1.12,1.50
2015.08.25 16:29:56.944,2.40926,2.41048,1.75,1.00
2015.08.25 16:29:57.713,2.40928,2.4105,1.50,1.37
2015.08.25 16:29:58.709,2.40931,2.41051,1.00,1.50
2015.08.25 16:30:00.277,2.40939,2.41057,1.00,1.75
2015.08.25 16:30:00.383,2.40948,2.41066,1.00,2.25
2015.08.25 16:30:01.694,2.40952,2.41069,1.00,1.75
2015.08.25 16:30:01.852,2.40949,2.41069,1.00,1.75
2015.08.25 16:30:04.027,2.4095,2.4107,1.00,1.75
2015.08.25 16:30:04.462,2.40946,2.41068,1.00,1.75
2015.08.25 16:30:04.564,2.40944,2.41068,1.50,1.75
2015.08.25 16:30:05.565,2.40943,2.41065,1.12,1.75
2015.08.25 16:30:10.222,2.40942,2.41056,1.50,1.00
2015.08.25 16:30:15.393,2.4093,2.41056,1.75,1.00
2015.08.25 16:30:15.494,2.40937,2.41067,1.75,1.75
2015.08.25 16:30:16.059,2.40935,2.41057,1.75,1.00
2015.08.25 16:30:16.613,2.40931,2.41056,1.75,1.00
2015.08.25 16:30:24.481,2.40934,2.41056,1.37,1.37
2015.08.25 16:30:24.532,2.40923,2.41047,1.00,1.75
2015.08.25 16:30:26.597,2.40924,2.41046,1.00,1.75
2015.08.25 16:30:26.849,2.40917,2.41047,1.12,2.25
2015.08.25 16:30:27.436,2.4092,2.41045,1.00,1.75
2015.08.25 16:30:27.537,2.40916,2.41047,1.37,2.25
2015.08.25 16:30:27.754,2.4092,2.41047,1.00,2.25
2015.08.25 16:30:28.056,2.40924,2.41045,1.00,1.75
2015.08.25 16:30:28.373,2.4092,2.41045,1.00,1.75
2015.08.25 16:30:29.836,2.40917,2.4104,1.12,1.75
2015.08.25 16:30:31.039,2.40918,2.41041,1.00,2.25
2015.08.25 16:30:31.622,2.40916,2.4104,1.37,3.00
2015.08.25 16:30:33.557,2.40923,2.41041,1.00,1.75
2015.08.25 16:30:35.924,2.40938,2.41055,1.37,1.37
2015.08.25 16:30:35.975,2.40938,2.41061,1.75,1.00
2015.08.25 16:30:36.486,2.40944,2.41064,1.00,1.75
2015.08.25 16:30:37.882,2.40945,2.41066,1.00,1.75
2015.08.25 16:30:38.774,2.40952,2.41066,1.00,1.75
2015.08.25 16:30:39.545,2.40961,2.41064,1.00,1.75
2015.08.25 16:30:40.095,2.40962,2.41071,1.00,1.75
2015.08.25 16:30:41.856,2.40954,2.41065,1.00,1.75
2015.08.25 16:30:42.013,2.40946,2.41067,1.00,2.25
2015.08.25 16:30:42.064,2.40946,2.41067,1.34,2.25
2015.08.25 16:30:42.642,2.40962,2.41067,1.00,2.25
2015.08.25 16:30:43.217,2.40971,2.41075,1.00,1.37
2015.08.25 16:30:43.268,2.40971,2.41078,1.00,1.09
2015.08.25 16:30:44.032,2.40973,2.41089,1.00,1.37
2015.08.25 16:30:46.028,2.40974,2.41095,1.00,1.75
2015.08.25 16:30:46.553,2.40973,2.41095,1.00,1.75
2015.08.25 16:30:47.328,2.40974,2.41094,1.00,1.75
2015.08.25 16:30:51.585,2.40973,2.41093,1.00,1.75
2015.08.25 16:30:51.685,2.40976,2.41097,1.00,1.75
2015.08.25 16:30:51.887,2.40979,2.41104,1.75,1.12
2015.08.25 16:30:53.119,2.40987,2.41106,1.00,1.50
2015.08.25 16:30:53.422,2.40992,2.411,1.00,1.00
2015.08.25 16:30:53.743,2.40992,2.41097,1.00,1.00
2015.08.25 16:30:54.660,2.40979,2.41086,1.00,1.34
2015.08.25 16:30:54.711,2.40974,2.41086,1.37,1.34
2015.08.25 16:30:59.682,2.40981,2.41077,1.00,1.34
2015.08.25 16:31:00.014,2.40991,2.41086,1.00,1.34
2015.08.25 16:31:01.424,2.40992,2.41086,1.00,1.34
2015.08.25 16:31:02.227,2.40982,2.41087,1.00,1.34
2015.08.25 16:31:03.534,2.40991,2.41086,1.00,1.34
2015.08.25 16:31:03.635,2.40982,2.41087,1.00,1.34
2015.08.25 16:31:03.786,2.40982,2.41086,1.50,1.84
2015.08.25 16:31:04.668,2.40981,2.41086,1.00,2.59
2015.08.25 16:31:07.008,2.40976,2.41086,1.00,2.59
2015.08.25 16:31:08.638,2.40972,2.41077,1.75,1.34
2015.08.25 16:31:09.155,2.40959,2.41077,1.75,1.34
2015.08.25 16:31:10.523,2.40959,2.41066,1.75,1.34
2015.08.25 16:31:11.622,2.4096,2.41077,1.75,1.34
2015.08.25 16:31:11.677,2.40974,2.41077,1.37,1.34
2015.08.25 16:31:12.015,2.40974,2.41086,1.75,1.34
2015.08.25 16:31:12.318,2.40982,2.41086,1.00,1.34
2015.08.25 16:31:15.217,2.40981,2.41087,1.00,1.34
2015.08.25 16:31:16.331,2.40982,2.41087,1.00,1.34
2015.08.25 16:31:16.960,2.40981,2.41087,1.00,1.34
2015.08.25 16:31:17.642,2.40982,2.41087,1.00,1.34
2015.08.25 16:31:18.510,2.40981,2.41087,1.00,1.34
2015.08.25 16:31:20.535,2.40982,2.41087,1.00,1.34
2015.08.25 16:31:21.056,2.40981,2.41087,1.00,1.34
2015.08.25 16:31:22.129,2.40982,2.41087,1.00,1.34
2015.08.25 16:31:22.882,2.40981,2.41086,1.00,1.34
2015.08.25 16:31:23.669,2.40991,2.41086,1.00,1.34
2015.08.25 16:31:24.141,2.41001,2.41087,1.00,1.34
2015.08.25 16:31:24.345,2.40991,2.41076,1.00,1.34
2015.08.25 16:31:26.063,2.40991,2.41077,1.00,1.00
2015.08.25 16:31:26.114,2.40982,2.41079,1.00,1.00
2015.08.25 16:31:26.164,2.40991,2.41086,1.00,1.37
2015.08.25 16:31:26.856,2.41011,2.41114,1.00,1.00
2015.08.25 16:31:27.431,2.41021,2.41114,1.00,1.00
2015.08.25 16:31:29.327,2.41021,2.41113,1.00,1.00
2015.08.25 16:31:31.791,2.41012,2.41113,1.00,1.00
2015.08.25 16:31:31.931,2.41012,2.41106,1.00,1.00
2015.08.25 16:31:32.781,2.41022,2.41106,1.00,1.00
2015.08.25 16:31:35.035,2.41012,2.41106,1.00,1.34
2015.08.25 16:31:36.632,2.41011,2.41106,1.00,1.34
2015.08.25 16:31:37.212,2.41012,2.41106,1.00,1.34
2015.08.25 16:31:37.624,2.41002,2.41106,1.00,1.34
2015.08.25 16:31:38.152,2.41001,2.41106,1.00,1.34
2015.08.25 16:31:40.151,2.41002,2.41096,1.00,1.09
2015.08.25 16:31:41.097,2.41001,2.41096,1.00,1.09
2015.08.25 16:31:42.982,2.41002,2.41096,1.00,1.09
2015.08.25 16:31:44.882,2.40992,2.41096,1.00,1.09
2015.08.25 16:31:46.058,2.41002,2.41096,1.00,1.09
2015.08.25 16:31:46.109,2.40992,2.41096,1.00,1.09
2015.08.25 16:31:47.744,2.41001,2.41096,1.00,1.09
2015.08.25 16:31:50.064,2.41002,2.41096,1.00,1.09
2015.08.25 16:31:50.602,2.40992,2.41096,1.00,1.09
2015.08.25 16:31:50.896,2.40992,2.41094,1.00,1.12
2015.08.25 16:31:51.416,2.40992,2.41092,1.00,1.00
2015.08.25 16:31:51.812,2.40992,2.41086,1.00,1.34
2015.08.25 16:31:53.680,2.40991,2.41086,1.00,1.34
2015.08.25 16:31:56.542,2.41001,2.41086,1.00,1.34
2015.08.25 16:31:57.171,2.41002,2.41086,1.00,1.34
2015.08.25 16:31:58.071,2.41001,2.41095,1.00,2.21
2015.08.25 16:31:58.793,2.41002,2.41095,1.00,2.21
2015.08.25 16:32:00.742,2.41001,2.41095,1.00,2.21
2015.08.25 16:32:02.052,2.40992,2.41076,1.00,1.34
2015.08.25 16:32:02.411,2.40981,2.41076,1.00,1.71
2015.08.25 16:32:02.612,2.40971,2.41068,1.00,1.09
2015.08.25 16:32:03.172,2.40971,2.41067,1.00,1.00
2015.08.25 16:32:05.929,2.40971,2.41066,1.00,1.00
2015.08.25 16:32:06.550,2.40972,2.41066,1.00,1.00
2015.08.25 16:32:07.288,2.40972,2.41066,1.00,1.34
2015.08.25 16:32:08.203,2.40971,2.41066,1.00,1.34
2015.08.25 16:32:08.884,2.40972,2.41066,1.00,1.34
2015.08.25 16:32:11.400,2.40961,2.41066,1.00,1.34
2015.08.25 16:32:11.552,2.40961,2.41057,1.00,1.84
2015.08.25 16:32:11.653,2.40951,2.41053,1.00,1.34
2015.08.25 16:32:12.637,2.40952,2.41048,1.00,1.09
2015.08.25 16:32:13.041,2.40952,2.41056,1.00,1.75
2015.08.25 16:32:13.613,2.40962,2.41057,1.00,1.37
2015.08.25 16:32:13.882,2.40952,2.41058,1.00,1.09
2015.08.25 16:32:19.070,2.40951,2.41059,1.00,1.34
2015.08.25 16:32:19.621,2.40952,2.41058,1.00,1.09
2015.08.25 16:32:19.887,2.40961,2.41063,1.00,1.09
2015.08.25 16:32:21.318,2.40946,2.41049,1.00,1.34
2015.08.25 16:32:22.060,2.40952,2.41057,1.00,1.34
2015.08.25 16:32:22.269,2.40952,2.41057,1.00,1.34
2015.08.25 16:32:22.952,2.40962,2.41063,1.00,1.09
2015.08.25 16:32:24.554,2.40961,2.41062,1.00,1.71
2015.08.25 16:32:25.158,2.40962,2.41063,1.00,1.09
2015.08.25 16:32:27.799,2.40961,2.41063,1.00,1.09
2015.08.25 16:32:28.332,2.40972,2.41063,1.00,1.09
2015.08.25 16:32:29.433,2.40961,2.41063,1.00,1.09
2015.08.25 16:32:29.540,2.40972,2.41074,1.00,1.09
2015.08.25 16:32:30.221,2.40962,2.41066,1.00,1.34
2015.08.25 16:32:30.373,2.40962,2.41053,1.00,1.34
2015.08.25 16:32:30.980,2.40952,2.41053,1.37,1.71
2015.08.25 16:32:31.084,2.40961,2.41051,1.00,1.09
2015.08.25 16:32:31.235,2.40951,2.41051,1.00,1.09
2015.08.25 16:32:32.366,2.40952,2.41051,1.00,1.09
2015.08.25 16:32:32.949,2.40951,2.41051,1.00,1.09
2015.08.25 16:32:34.653,2.40941,2.41049,1.00,1.71
2015.08.25 16:32:35.413,2.40951,2.41048,1.00,1.46
2015.08.25 16:32:37.916,2.40952,2.41045,1.00,1.34
2015.08.25 16:32:38.241,2.40941,2.41045,1.00,1.34
2015.08.25 16:32:39.371,2.40952,2.41045,1.00,1.34
2015.08.25 16:32:39.989,2.40942,2.41045,1.00,1.34
2015.08.25 16:32:41.024,2.40941,2.41045,1.00,1.34
2015.08.25 16:32:41.127,2.40932,2.41036,1.00,1.34
2015.08.25 16:32:41.228,2.40932,2.41036,1.00,1.71
2015.08.25 16:32:41.682,2.40923,2.41043,1.00,1.75
2015.08.25 16:32:42.476,2.40922,2.41043,1.00,1.75
2015.08.25 16:32:42.903,2.40926,2.41043,1.00,1.75
2015.08.25 16:32:43.054,2.40927,2.41043,1.37,1.00
2015.08.25 16:32:44.000,2.40926,2.41046,1.50,1.50
2015.08.25 16:32:44.503,2.40935,2.41046,1.00,1.50
2015.08.25 16:32:44.806,2.40937,2.41056,1.00,1.75
2015.08.25 16:32:45.670,2.40936,2.41056,1.00,1.75
2015.08.25 16:32:45.724,2.40934,2.41046,1.00,1.50
2015.08.25 16:32:46.009,2.40934,2.41057,1.37,1.37
2015.08.25 16:32:46.060,2.40934,2.41057,1.75,1.00
2015.08.25 16:32:47.338,2.40941,2.41057,1.00,1.00
2015.08.25 16:32:47.741,2.40939,2.41057,1.12,1.00
2015.08.25 16:32:48.366,2.40936,2.41056,1.75,1.00
2015.08.25 16:32:50.220,2.40941,2.41056,1.00,1.00
2015.08.25 16:32:51.480,2.40942,2.41056,1.00,1.00
2015.08.25 16:32:51.783,2.40971,2.41076,1.00,1.75
2015.08.25 16:32:51.833,2.40971,2.41076,1.00,1.37
2015.08.25 16:32:51.884,2.40971,2.41076,1.00,1.00
2015.08.25 16:32:51.985,2.40981,2.41078,1.00,1.37
2015.08.25 16:32:52.816,2.40981,2.41085,1.00,1.34
2015.08.25 16:32:52.873,2.40992,2.41095,1.00,1.75
2015.08.25 16:32:53.387,2.40991,2.41095,1.00,1.75
2015.08.25 16:32:54.421,2.40967,2.41089,1.75,1.00
2015.08.25 16:32:54.472,2.40965,2.41084,1.75,1.00
2015.08.25 16:32:54.978,2.40964,2.41085,1.75,1.00
2015.08.25 16:32:58.372,2.40964,2.41076,1.75,1.00
2015.08.25 16:32:58.575,2.40959,2.41077,1.00,1.75
2015.08.25 16:32:58.626,2.40956,2.41076,1.12,1.75
2015.08.25 16:32:59.507,2.40962,2.41076,1.00,1.75
2015.08.25 16:33:00.902,2.40955,2.41077,1.37,1.75
2015.08.25 16:33:03.552,2.40961,2.41076,1.00,1.75
2015.08.25 16:33:03.653,2.40954,2.41076,1.50,1.75
2015.08.25 16:33:04.354,2.40961,2.41076,1.00,1.75
2015.08.25 16:33:04.657,2.40963,2.41086,1.50,1.75
2015.08.25 16:33:05.169,2.40964,2.41086,1.00,1.75
2015.08.25 16:33:05.791,2.40961,2.41086,1.50,1.75
2015.08.25 16:33:07.601,2.40966,2.41086,1.00,1.75
2015.08.25 16:33:09.435,2.4097,2.41086,1.00,1.75
2015.08.25 16:33:11.408,2.40965,2.41086,1.00,1.75
2015.08.25 16:33:11.691,2.40966,2.41086,1.00,1.75
2015.08.25 16:33:11.742,2.40966,2.41086,1.00,1.75
2015.08.25 16:33:13.122,2.40972,2.41086,1.00,1.75
2015.08.25 16:33:13.319,2.40966,2.41086,1.00,1.75
2015.08.25 16:33:13.877,2.40964,2.41086,1.50,1.75
2015.08.25 16:33:26.311,2.40972,2.41087,1.00,1.75
2015.08.25 16:33:26.412,2.40966,2.41087,1.00,1.75
2015.08.25 16:33:27.118,2.40965,2.41087,1.12,1.75
2015.08.25 16:33:27.752,2.40961,2.41086,1.50,2.25
2015.08.25 16:33:28.368,2.40962,2.41086,1.00,2.25
2015.08.25 16:33:32.601,2.40963,2.41086,1.00,1.75
2015.08.25 16:33:33.827,2.40967,2.41086,1.00,1.75
2015.08.25 16:33:34.547,2.40982,2.41087,1.00,1.75
2015.08.25 16:33:34.599,2.40972,2.41087,1.00,1.75
2015.08.25 16:33:35.229,2.40971,2.41087,1.00,1.75
2015.08.25 16:33:38.744,2.40972,2.41087,1.00,1.75
2015.08.25 16:33:39.625,2.40962,2.41083,2.25,1.75
2015.08.25 16:33:43.003,2.40962,2.41083,2.25,1.12
2015.08.25 16:33:53.953,2.40963,2.41076,1.37,1.37
2015.08.25 16:33:54.004,2.40959,2.41076,1.00,1.75
2015.08.25 16:33:54.054,2.4096,2.41054,1.00,1.84
2015.08.25 16:33:54.755,2.40951,2.41054,1.00,1.84
2015.08.25 16:33:55.036,2.40946,2.41049,1.50,1.34
2015.08.25 16:33:57.585,2.40944,2.41049,1.00,1.34
2015.08.25 16:33:58.215,2.40942,2.4106,1.75,1.34
2015.08.25 16:33:58.361,2.40942,2.41032,1.75,1.00
2015.08.25 16:33:58.513,2.40932,2.41028,1.00,1.00
2015.08.25 16:33:58.563,2.40931,2.40995,1.00,1.34
2015.08.25 16:33:58.664,2.40902,2.40991,1.37,1.34
2015.08.25 16:33:58.715,2.40902,2.40991,1.00,1.34
2015.08.25 16:33:58.816,2.40902,2.40987,1.00,1.34
2015.08.25 16:33:58.867,2.4088,2.40987,1.12,1.34
2015.08.25 16:34:00.666,2.40874,2.40975,1.75,1.00
2015.08.25 16:34:00.817,2.40872,2.40976,1.00,1.09
2015.08.25 16:34:00.868,2.40853,2.40978,1.75,1.34
2015.08.25 16:34:02.519,2.40854,2.40976,1.00,1.09
2015.08.25 16:34:02.822,2.40852,2.40951,1.00,1.00
2015.08.25 16:34:02.873,2.40852,2.40956,1.00,2.25
2015.08.25 16:34:03.624,2.40852,2.40968,1.00,1.75
2015.08.25 16:34:04.147,2.40851,2.40969,1.00,1.75
2015.08.25 16:34:04.601,2.40841,2.40967,1.50,1.75
2015.08.25 16:34:05.278,2.40851,2.40967,1.00,1.75
2015.08.25 16:34:05.469,2.40841,2.40967,1.50,1.75
2015.08.25 16:34:05.829,2.40852,2.40967,1.00,1.75
2015.08.25 16:34:06.724,2.40842,2.40966,1.37,1.75
2015.08.25 16:34:07.159,2.40852,2.40966,1.00,1.75
2015.08.25 16:34:08.464,2.40861,2.40971,1.00,1.84
2015.08.25 16:34:08.877,2.40852,2.40971,1.00,1.09
2015.08.25 16:34:09.641,2.40862,2.40975,1.00,1.71
2015.08.25 16:34:09.692,2.40852,2.40976,1.75,2.59
2015.08.25 16:34:10.088,2.40861,2.40974,1.00,1.46
2015.08.25 16:34:10.461,2.40877,2.40975,1.00,1.71
2015.08.25 16:34:10.663,2.40876,2.40978,1.00,1.00
2015.08.25 16:34:11.243,2.40872,2.4097,1.00,1.09
2015.08.25 16:34:11.569,2.40872,2.40978,1.00,2.25
2015.08.25 16:34:11.670,2.40862,2.40973,1.00,1.75
2015.08.25 16:34:12.072,2.40872,2.40974,1.00,1.75
2015.08.25 16:34:12.868,2.40871,2.40974,1.00,1.75
2015.08.25 16:34:15.368,2.40861,2.40973,1.00,1.75
2015.08.25 16:34:15.418,2.40861,2.40974,1.00,1.75
2015.08.25 16:34:15.629,2.40842,2.40965,1.00,1.75
2015.08.25 16:34:17.091,2.40841,2.40965,1.00,1.75
2015.08.25 16:34:19.537,2.40842,2.40965,1.00,1.75
2015.08.25 16:34:19.588,2.40852,2.40965,1.00,1.75
2015.08.25 16:34:19.689,2.40842,2.40969,1.00,2.25
2015.08.25 16:34:19.740,2.40841,2.40968,2.25,1.00
2015.08.25 16:34:20.470,2.40852,2.40968,1.00,1.00
2015.08.25 16:34:20.626,2.40852,2.4097,1.00,1.12
2015.08.25 16:34:21.131,2.40862,2.40974,1.00,1.75
2015.08.25 16:34:21.232,2.40851,2.40974,1.12,1.75
2015.08.25 16:34:21.876,2.40871,2.40979,1.00,1.75
2015.08.25 16:34:22.078,2.40851,2.40979,1.12,1.75
2015.08.25 16:34:22.330,2.40861,2.40979,1.00,1.75
2015.08.25 16:34:23.989,2.40862,2.40981,1.00,1.75
2015.08.25 16:34:25.114,2.40852,2.40981,1.00,2.25
2015.08.25 16:34:25.626,2.40851,2.40976,1.12,1.75
2015.08.25 16:34:28.247,2.40855,2.40981,1.75,1.50
2015.08.25 16:34:30.463,2.40852,2.40969,1.00,1.50
2015.08.25 16:34:32.012,2.40845,2.40966,1.75,1.12
2015.08.25 16:34:39.610,2.40852,2.40973,1.00,1.75
2015.08.25 16:34:40.568,2.40847,2.40973,1.37,1.75
2015.08.25 16:34:41.190,2.40851,2.40973,1.00,1.75
2015.08.25 16:34:43.620,2.40872,2.40986,1.00,1.37
2015.08.25 16:34:43.966,2.40881,2.40987,1.00,1.50
2015.08.25 16:34:44.565,2.40882,2.40996,1.00,1.75
2015.08.25 16:34:46.426,2.40871,2.40996,1.00,1.75
2015.08.25 16:34:47.379,2.40881,2.40993,1.00,1.75
2015.08.25 16:34:49.287,2.40882,2.40996,1.00,1.75
2015.08.25 16:34:49.388,2.40876,2.40996,1.00,1.75
2015.08.25 16:34:49.439,2.40878,2.40995,1.00,1.75
2015.08.25 16:34:49.590,2.40881,2.40997,1.00,1.00
2015.08.25 16:34:50.647,2.40881,2.40996,1.00,1.00
2015.08.25 16:34:51.151,2.40876,2.40996,1.75,1.00
2015.08.25 16:34:52.952,2.40876,2.40997,1.75,1.00
2015.08.25 16:34:56.119,2.40874,2.40987,1.75,1.00
2015.08.25 16:34:58.523,2.40874,2.40997,1.75,1.00
2015.08.25 16:34:59.609,2.40881,2.40997,1.00,1.00
2015.08.25 16:34:59.761,2.40881,2.40986,1.00,1.00
2015.08.25 16:34:59.966,2.40871,2.40986,1.00,1.00
2015.08.25 16:35:00.754,2.40871,2.40987,1.00,1.00
2015.08.25 16:35:02.230,2.40871,2.40985,1.00,1.00
2015.08.25 16:35:03.985,2.40871,2.40987,1.00,1.00
2015.08.25 16:35:04.136,2.40878,2.40987,1.00,1.00
2015.08.25 16:35:04.351,2.40881,2.40997,2.25,1.00
2015.08.25 16:35:06.161,2.40884,2.40996,1.12,1.00
2015.08.25 16:35:06.967,2.40874,2.40994,1.00,2.25
2015.08.25 16:35:07.023,2.40872,2.40987,1.00,1.37
2015.08.25 16:35:10.188,2.40871,2.4099,1.00,1.75
2015.08.25 16:35:11.173,2.40872,2.40987,1.00,1.37
2015.08.25 16:35:12.858,2.40871,2.4099,1.50,1.75
2015.08.25 16:35:12.959,2.40874,2.4099,1.00,1.75
2015.08.25 16:35:13.340,2.40882,2.4099,1.00,1.75
2015.08.25 16:35:14.663,2.40873,2.40991,1.00,1.75
2015.08.25 16:35:14.999,2.40882,2.40991,1.00,1.75
2015.08.25 16:35:16.241,2.40883,2.40995,1.00,1.75
2015.08.25 16:35:16.299,2.40883,2.41,1.00,1.75
2015.08.25 16:35:16.469,2.40881,2.41,1.00,1.75
2015.08.25 16:35:17.949,2.40882,2.41001,1.00,1.75
2015.08.25 16:35:18.001,2.40884,2.41,1.00,1.75
2015.08.25 16:35:20.336,2.40881,2.41002,1.00,2.59
2015.08.25 16:35:20.759,2.40884,2.41002,1.00,2.59
2015.08.25 16:35:21.714,2.40891,2.40999,1.00,1.75
2015.08.25 16:35:23.790,2.40881,2.40989,1.00,1.00
2015.08.25 16:35:24.340,2.40891,2.40997,1.00,1.37
2015.08.25 16:35:27.868,2.40882,2.40988,1.00,1.00
2015.08.25 16:35:31.501,2.40881,2.40989,1.00,1.00
2015.08.25 16:35:32.086,2.40892,2.40997,1.00,1.87
2015.08.25 16:35:32.187,2.40873,2.40997,2.25,1.37
2015.08.25 16:35:32.288,2.40891,2.40997,1.00,1.37
2015.08.25 16:35:32.819,2.40882,2.40988,1.00,1.00
2015.08.25 16:35:33.512,2.40881,2.40989,1.00,1.00
2015.08.25 16:35:34.618,2.40891,2.40996,1.00,1.12
2015.08.25 16:35:34.720,2.40882,2.40988,1.00,1.00
2015.08.25 16:35:34.822,2.40891,2.40996,1.00,1.12
2015.08.25 16:35:35.796,2.40882,2.40996,1.00,1.12
2015.08.25 16:35:36.345,2.40881,2.40995,1.00,1.00
2015.08.25 16:35:36.607,2.40882,2.40991,1.00,1.00
2015.08.25 16:35:36.708,2.40873,2.40991,1.75,1.00
2015.08.25 16:35:37.250,2.40872,2.40988,1.75,1.00
2015.08.25 16:35:37.564,2.40872,2.40986,1.75,1.00
2015.08.25 16:35:38.759,2.40872,2.40985,1.75,1.00
2015.08.25 16:35:41.050,2.40864,2.40983,1.00,1.75
2015.08.25 16:35:41.153,2.40856,2.40984,1.75,2.25
2015.08.25 16:35:42.398,2.40855,2.40976,1.75,1.00
2015.08.25 16:35:42.945,2.40861,2.40984,1.00,1.75
2015.08.25 16:35:43.097,2.40863,2.40984,1.00,1.75
2015.08.25 16:35:43.248,2.40856,2.40984,1.75,1.75
2015.08.25 16:35:44.284,2.40861,2.40983,1.00,1.75
2015.08.25 16:35:45.569,2.40859,2.40984,1.37,1.75
2015.08.25 16:35:46.118,2.40861,2.40984,1.00,1.75
2015.08.25 16:35:46.852,2.40859,2.40984,1.37,1.75
2015.08.25 16:35:47.382,2.40861,2.40984,1.00,1.75
2015.08.25 16:35:48.390,2.40857,2.40986,2.25,1.75
2015.08.25 16:35:48.539,2.40862,2.40986,1.00,1.75
2015.08.25 16:35:50.002,2.40852,2.40965,1.75,1.34
2015.08.25 16:35:50.052,2.40852,2.40964,1.00,1.09
2015.08.25 16:35:50.103,2.40844,2.40964,1.00,1.09
2015.08.25 16:35:50.223,2.40851,2.40964,1.00,1.09
2015.08.25 16:35:50.675,2.40844,2.40964,1.00,1.09
2015.08.25 16:35:51.362,2.40844,2.40941,1.00,1.50
2015.08.25 16:35:51.778,2.40842,2.40941,1.00,2.25
2015.08.25 16:35:52.329,2.40842,2.4094,1.00,1.00
2015.08.25 16:35:52.959,2.40844,2.4094,1.00,1.50
2015.08.25 16:35:53.430,2.40841,2.4094,1.00,2.25
2015.08.25 16:35:55.359,2.40837,2.4094,1.75,2.25
2015.08.25 16:36:05.574,2.40837,2.4094,2.25,2.25
2015.08.25 16:36:07.871,2.40834,2.40935,1.75,1.00
2015.08.25 16:36:07.972,2.40834,2.4094,1.75,2.25
2015.08.25 16:36:09.422,2.40831,2.4093,1.37,1.50
2015.08.25 16:36:09.473,2.4083,2.4093,1.00,1.50
2015.08.25 16:36:10.013,2.40831,2.4093,1.00,1.50
2015.08.25 16:36:10.165,2.40829,2.4093,1.00,1.50
2015.08.25 16:36:11.067,2.40825,2.4093,2.25,1.50
2015.08.25 16:36:11.468,2.40822,2.40925,1.75,1.50
2015.08.25 16:36:11.569,2.40821,2.40941,1.50,1.75
2015.08.25 16:36:11.619,2.40829,2.4094,1.00,1.75
2015.08.25 16:36:12.418,2.40841,2.4093,1.00,1.00
2015.08.25 16:36:12.619,2.40832,2.40925,1.00,1.00
2015.08.25 16:36:14.012,2.40831,2.40925,1.00,1.00
2015.08.25 16:36:14.380,2.40842,2.40925,1.00,1.00
2015.08.25 16:36:14.481,2.40841,2.4093,1.00,1.50
2015.08.25 16:36:14.813,2.40832,2.4093,1.00,1.50
2015.08.25 16:36:17.064,2.40825,2.4093,1.75,1.84
2015.08.25 16:36:17.165,2.40824,2.40926,1.75,1.50
2015.08.25 16:36:17.546,2.40824,2.4091,1.00,1.00
2015.08.25 16:36:17.596,2.40808,2.40911,1.00,1.00
2015.08.25 16:36:17.799,2.40804,2.40911,1.37,1.00
2015.08.25 16:36:18.670,2.40811,2.40911,1.00,1.00
2015.08.25 16:36:18.725,2.40811,2.40915,1.00,1.50
2015.08.25 16:36:19.372,2.40811,2.40916,1.00,1.50
2015.08.25 16:36:20.386,2.40811,2.40915,1.00,1.50
2015.08.25 16:36:23.397,2.40804,2.40915,1.37,1.50
2015.08.25 16:36:24.595,2.40804,2.40911,1.37,1.00
2015.08.25 16:36:24.646,2.40804,2.40926,1.37,1.50
2015.08.25 16:36:26.138,2.40811,2.40926,1.00,1.50
2015.08.25 16:36:27.951,2.40812,2.4093,1.00,1.09
2015.08.25 16:36:30.097,2.40811,2.4093,1.00,1.09
2015.08.25 16:36:31.081,2.40812,2.40927,1.00,1.75
2015.08.25 16:36:32.158,2.40812,2.40922,1.00,1.00
2015.08.25 16:36:32.460,2.40802,2.40916,1.00,1.75
2015.08.25 16:36:33.008,2.40801,2.40912,1.00,1.75
2015.08.25 16:36:34.911,2.40802,2.40913,1.00,1.75
2015.08.25 16:36:35.847,2.40791,2.40909,1.00,1.75
2015.08.25 16:36:36.505,2.40784,2.40906,1.00,1.75
2015.08.25 16:36:36.556,2.40782,2.40897,1.00,1.37
2015.08.25 16:36:36.606,2.40792,2.40897,1.00,1.37
2015.08.25 16:36:40.534,2.40802,2.4091,1.00,2.25
2015.08.25 16:36:43.879,2.40792,2.40906,1.00,1.75
2015.08.25 16:36:44.294,2.40782,2.40897,1.00,1.37
2015.08.25 16:36:45.183,2.40792,2.409,1.00,1.75
2015.08.25 16:36:46.598,2.40801,2.40903,1.00,1.75
2015.08.25 16:36:46.939,2.40862,2.4093,1.00,1.00
2015.08.25 16:36:46.991,2.40862,2.40932,1.00,1.12
2015.08.25 16:36:47.344,2.40862,2.40957,1.00,1.75
2015.08.25 16:36:47.395,2.40852,2.40948,1.00,1.09
2015.08.25 16:36:48.025,2.40841,2.40947,1.00,1.46
2015.08.25 16:36:48.126,2.40841,2.40947,1.00,1.12
2015.08.25 16:36:48.226,2.40832,2.40947,1.00,1.12
2015.08.25 16:36:48.483,2.40838,2.40956,1.00,1.75
2015.08.25 16:36:48.692,2.40851,2.40966,1.00,1.50
2015.08.25 16:36:49.516,2.40852,2.40965,1.00,1.37
2015.08.25 16:36:51.217,2.40862,2.40967,1.00,2.25
2015.08.25 16:36:51.369,2.40851,2.40966,1.00,1.50
2015.08.25 16:36:52.067,2.40852,2.40963,1.00,1.12
2015.08.25 16:36:53.524,2.40852,2.40962,1.00,1.00
2015.08.25 16:36:54.124,2.40841,2.40961,1.75,1.00
2015.08.25 16:36:54.175,2.40841,2.40957,1.75,1.00
2015.08.25 16:36:55.117,2.40833,2.40956,1.00,2.25
2015.08.25 16:36:55.631,2.40832,2.40946,1.00,1.00
2015.08.25 16:36:56.507,2.40831,2.40952,1.00,1.75
2015.08.25 16:36:56.709,2.40831,2.40946,1.00,1.00
2015.08.25 16:36:56.828,2.40824,2.40946,2.25,1.00
2015.08.25 16:36:57.098,2.40825,2.40946,1.75,1.34
2015.08.25 16:36:57.981,2.40831,2.40947,1.00,1.34
2015.08.25 16:36:58.083,2.40822,2.40947,1.75,1.34
2015.08.25 16:36:58.386,2.40832,2.40947,1.00,1.34
2015.08.25 16:36:58.593,2.40822,2.40945,1.75,1.34
2015.08.25 16:36:59.380,2.40822,2.40936,1.75,1.00
2015.08.25 16:37:02.883,2.40831,2.40936,1.00,1.00
2015.08.25 16:37:03.186,2.40812,2.40916,1.00,3.75
2015.08.25 16:37:03.489,2.40812,2.40896,1.00,1.75
2015.08.25 16:37:03.691,2.40782,2.409,1.00,1.75
2015.08.25 16:37:04.491,2.40784,2.40896,1.00,1.75
2015.08.25 16:37:04.798,2.40791,2.40896,1.00,1.75
2015.08.25 16:37:05.909,2.40801,2.40902,1.00,2.25
2015.08.25 16:37:06.249,2.40791,2.40895,1.00,1.75
2015.08.25 16:37:06.300,2.40772,2.40895,1.00,1.84
2015.08.25 16:37:06.452,2.40772,2.40877,1.00,1.00
2015.08.25 16:37:07.737,2.40771,2.40876,1.00,1.75
2015.08.25 16:37:08.837,2.40772,2.40876,1.00,1.75
2015.08.25 16:37:09.377,2.40782,2.40891,1.00,1.75
2015.08.25 16:37:09.433,2.40782,2.40891,1.00,1.75
2015.08.25 16:37:09.807,2.40791,2.40891,1.00,1.75
2015.08.25 16:37:10.115,2.40791,2.40902,1.00,1.75
2015.08.25 16:37:10.217,2.40801,2.409,1.00,1.75
2015.08.25 16:37:10.931,2.40792,2.40897,1.00,1.37
2015.08.25 16:37:11.133,2.40802,2.40905,1.00,2.25
2015.08.25 16:37:12.469,2.40801,2.40904,1.00,2.25
2015.08.25 16:37:16.276,2.40801,2.40897,1.00,1.71
2015.08.25 16:37:16.618,2.40791,2.40897,1.00,1.71
2015.08.25 16:37:16.719,2.40781,2.40893,1.00,1.00
2015.08.25 16:37:16.770,2.40781,2.40886,1.00,1.00
2015.08.25 16:37:17.073,2.40781,2.40875,1.00,1.75
2015.08.25 16:37:17.174,2.40762,2.40876,1.00,1.75
2015.08.25 16:37:17.714,2.40772,2.40876,1.00,1.75
2015.08.25 16:37:17.766,2.40771,2.40886,1.50,1.75
2015.08.25 16:37:17.957,2.40773,2.40886,1.00,1.75
2015.08.25 16:37:18.436,2.40771,2.40886,1.00,1.75
2015.08.25 16:37:18.588,2.40781,2.40886,1.00,1.75
2015.08.25 16:37:19.211,2.40792,2.40886,1.00,1.75
2015.08.25 16:37:19.543,2.40802,2.40896,1.00,1.37
2015.08.25 16:37:19.593,2.40811,2.40896,1.00,1.00
2015.08.25 16:37:19.644,2.40811,2.40916,1.00,2.25
2015.08.25 16:37:19.795,2.40822,2.4091,1.00,1.75
2015.08.25 16:37:21.328,2.40821,2.40911,1.00,1.75
2015.08.25 16:37:21.832,2.40822,2.40919,1.00,1.75
2015.08.25 16:37:22.391,2.40822,2.40896,1.00,1.37
2015.08.25 16:37:22.443,2.40811,2.40896,1.00,1.75
2015.08.25 16:37:22.645,2.40801,2.40906,1.00,1.75
2015.08.25 16:37:22.897,2.40812,2.40906,1.00,1.75
2015.08.25 16:37:23.099,2.40801,2.40906,1.00,1.75
2015.08.25 16:37:23.882,2.40802,2.40902,1.00,1.75
2015.08.25 16:37:25.522,2.40801,2.409,1.00,1.75
2015.08.25 16:37:25.955,2.40791,2.409,1.00,1.75
2015.08.25 16:37:27.408,2.40792,2.40897,1.00,2.25
2015.08.25 16:37:27.812,2.40802,2.40899,1.00,1.75
2015.08.25 16:37:29.678,2.40791,2.40897,1.00,1.75
2015.08.25 16:37:30.007,2.40802,2.40897,1.00,1.75
2015.08.25 16:37:30.799,2.40801,2.40897,1.00,1.75
2015.08.25 16:37:31.139,2.40773,2.4087,1.00,1.75
2015.08.25 16:37:31.189,2.40771,2.40872,1.00,1.75
2015.08.25 16:37:31.341,2.40762,2.4087,1.00,1.75
2015.08.25 16:37:32.168,2.40761,2.40871,1.00,1.75
2015.08.25 16:37:32.879,2.40772,2.4088,1.00,2.25
2015.08.25 16:37:34.466,2.40771,2.40881,1.00,3.00
2015.08.25 16:37:36.428,2.40761,2.40872,1.00,1.75
2015.08.25 16:37:36.633,2.40771,2.40871,1.00,1.75
2015.08.25 16:37:37.046,2.40762,2.4087,1.00,1.75
2015.08.25 16:37:37.727,2.40772,2.4087,1.00,1.75
2015.08.25 16:37:42.876,2.40771,2.40872,1.00,1.75
2015.08.25 16:37:43.985,2.40772,2.40873,1.00,1.75
2015.08.25 16:37:44.526,2.40771,2.40874,1.00,2.25
2015.08.25 16:37:45.668,2.40772,2.40876,1.00,1.75
2015.08.25 16:37:45.719,2.40772,2.40883,1.00,2.25
2015.08.25 16:37:46.066,2.40781,2.40883,1.00,2.25
2015.08.25 16:37:49.035,2.40772,2.40883,1.00,3.00
2015.08.25 16:37:49.733,2.40782,2.40882,1.00,2.25
2015.08.25 16:37:50.358,2.40781,2.40883,1.00,2.25
2015.08.25 16:37:51.303,2.40782,2.40883,1.00,1.75
2015.08.25 16:37:52.829,2.40771,2.40882,1.00,1.75
2015.08.25 16:37:53.038,2.40762,2.40871,1.00,1.00
2015.08.25 16:37:53.140,2.40762,2.40869,1.00,1.00
2015.08.25 16:37:53.496,2.40761,2.40867,1.00,1.75
2015.08.25 16:37:54.435,2.40751,2.40857,1.00,1.37
2015.08.25 16:37:54.867,2.40751,2.40853,1.00,1.00
2015.08.25 16:37:55.170,2.40751,2.40847,1.00,1.37
2015.08.25 16:37:56.674,2.40741,2.40846,1.00,1.37
2015.08.25 16:37:56.776,2.40751,2.40846,1.00,1.37
2015.08.25 16:37:57.877,2.40752,2.40854,1.00,1.75
2015.08.25 16:37:58.229,2.40751,2.40859,1.00,1.09
2015.08.25 16:37:58.969,2.40762,2.40859,1.00,1.09
2015.08.25 16:38:02.345,2.40772,2.40862,1.00,1.75
2015.08.25 16:38:02.886,2.40762,2.40862,1.00,1.75
2015.08.25 16:38:03.556,2.40772,2.40866,1.00,2.25
2015.08.25 16:38:03.808,2.40752,2.40864,1.00,1.75
2015.08.25 16:38:04.475,2.40762,2.40866,1.00,1.75
2015.08.25 16:38:05.042,2.40761,2.40866,1.00,1.75
2015.08.25 16:38:06.255,2.40762,2.40866,1.00,1.75
2015.08.25 16:38:06.425,2.40751,2.40857,1.00,1.37
2015.08.25 16:38:06.627,2.40751,2.40855,1.00,1.75
2015.08.25 16:38:06.930,2.40762,2.40855,1.00,1.75
2015.08.25 16:38:07.082,2.40751,2.40855,1.00,2.25
2015.08.25 16:38:09.100,2.40741,2.4085,1.00,1.75
2015.08.25 16:38:09.714,2.40741,2.40851,1.00,1.37
2015.08.25 16:38:09.765,2.40741,2.40851,1.00,1.00
2015.08.25 16:38:11.058,2.40741,2.4085,1.00,1.00
2015.08.25 16:38:11.159,2.40732,2.4084,2.25,1.00
2015.08.25 16:38:11.361,2.40731,2.40836,1.00,1.00
2015.08.25 16:38:11.974,2.40742,2.40839,1.00,1.12
2015.08.25 16:38:12.277,2.40742,2.40836,1.00,1.00
2015.08.25 16:38:14.118,2.40742,2.40831,1.00,1.00
2015.08.25 16:38:14.471,2.40741,2.40836,1.00,3.00
2015.08.25 16:38:15.766,2.40741,2.40831,1.00,1.50
2015.08.25 16:38:16.535,2.40742,2.40825,1.00,1.00
2015.08.25 16:38:17.350,2.40722,2.40827,1.00,1.12
2015.08.25 16:38:17.400,2.40732,2.40829,1.00,1.50
2015.08.25 16:38:18.856,2.40731,2.40836,1.00,3.00
2015.08.25 16:38:20.813,2.40742,2.40837,1.00,1.75
2015.08.25 16:38:20.864,2.40742,2.40837,1.00,1.00
2015.08.25 16:38:21.015,2.40752,2.40845,1.00,1.75
2015.08.25 16:38:21.368,2.40752,2.40846,1.00,1.50
2015.08.25 16:38:22.175,2.40742,2.40846,1.00,1.00
2015.08.25 16:38:22.229,2.40742,2.40853,1.00,1.75
2015.08.25 16:38:23.257,2.40751,2.40854,1.00,2.25
2015.08.25 16:38:24.017,2.40751,2.40847,1.00,1.00
2015.08.25 16:38:24.451,2.40742,2.40847,1.00,1.00
2015.08.25 16:38:25.075,2.40741,2.40847,1.00,1.00
2015.08.25 16:38:31.059,2.40741,2.40854,1.00,1.75
2015.08.25 16:38:31.387,2.40731,2.40854,1.12,1.75
2015.08.25 16:38:32.035,2.40741,2.40854,1.00,1.75
2015.08.25 16:38:33.883,2.40732,2.40845,1.00,1.00
2015.08.25 16:38:34.406,2.40732,2.40844,1.00,1.00
2015.08.25 16:38:35.663,2.40731,2.40843,1.12,1.00
2015.08.25 16:38:35.725,2.40731,2.40845,1.12,1.00
2015.08.25 16:38:35.830,2.40731,2.40843,1.12,1.00
2015.08.25 16:38:36.348,2.40731,2.40841,1.12,1.00
2015.08.25 16:38:37.082,2.40721,2.40837,1.00,1.50
2015.08.25 16:38:37.964,2.40722,2.40836,1.00,1.37
2015.08.25 16:38:38.018,2.40717,2.40836,1.37,1.37
2015.08.25 16:38:38.165,2.40721,2.40836,1.00,1.37
2015.08.25 16:38:38.894,2.40722,2.40836,1.00,1.37
2015.08.25 16:38:39.858,2.40732,2.40836,1.00,1.37
2015.08.25 16:38:41.026,2.40731,2.40843,1.00,1.75
2015.08.25 16:38:42.012,2.40731,2.40837,1.00,2.05
2015.08.25 16:38:42.335,2.40732,2.40831,1.00,1.75
2015.08.25 16:38:44.246,2.40691,2.408,1.00,1.75
2015.08.25 16:38:45.095,2.40692,2.408,1.00,1.75
2015.08.25 16:38:47.075,2.40691,2.408,1.00,1.75
2015.08.25 16:38:48.097,2.40692,2.40794,1.00,1.75
2015.08.25 16:38:48.612,2.40691,2.40795,1.00,2.25
2015.08.25 16:38:48.663,2.40682,2.40795,1.00,2.25
2015.08.25 16:38:49.224,2.40691,2.40795,1.00,3.00
2015.08.25 16:38:53.834,2.40692,2.40792,1.00,2.25
2015.08.25 16:38:58.124,2.40691,2.40792,1.00,1.75
2015.08.25 16:38:59.419,2.40691,2.40789,1.00,1.75
2015.08.25 16:39:00.054,2.40692,2.40789,1.00,1.75
2015.08.25 16:39:01.384,2.40691,2.40789,1.00,1.75
2015.08.25 16:39:01.485,2.40701,2.40789,1.00,1.75
2015.08.25 16:39:01.636,2.40691,2.40789,1.00,1.75
2015.08.25 16:39:02.044,2.40701,2.4079,1.00,1.75
2015.08.25 16:39:02.841,2.40691,2.4079,1.00,1.75
2015.08.25 16:39:09.404,2.40692,2.40789,1.00,1.75
2015.08.25 16:39:09.862,2.40681,2.40789,1.00,1.75
2015.08.25 16:39:10.718,2.40682,2.4079,1.00,1.75
2015.08.25 16:39:10.833,2.40691,2.4079,1.00,1.75
2015.08.25 16:39:11.353,2.40692,2.40789,1.00,1.75
2015.08.25 16:39:11.604,2.40682,2.40789,1.00,1.75
2015.08.25 16:39:14.065,2.40682,2.4079,1.00,1.75
2015.08.25 16:39:17.373,2.40681,2.4079,1.00,1.75
2015.08.25 16:39:18.615,2.40681,2.40778,1.00,1.75
2015.08.25 16:39:18.923,2.40671,2.40768,1.00,1.75
2015.08.25 16:39:20.893,2.40662,2.40763,1.00,1.75
2015.08.25 16:39:21.209,2.40653,2.40759,1.00,1.50
2015.08.25 16:39:21.800,2.40653,2.40751,1.00,1.75
2015.08.25 16:39:21.850,2.40651,2.40731,1.00,1.75
2015.08.25 16:39:22.102,2.40641,2.40738,1.00,2.25
2015.08.25 16:39:22.603,2.40642,2.40732,1.00,1.75
2015.08.25 16:39:24.600,2.40631,2.40728,1.00,1.12
2015.08.25 16:39:25.162,2.40631,2.40728,1.00,1.87
2015.08.25 16:39:27.643,2.40642,2.40728,1.00,1.12
2015.08.25 16:39:28.117,2.40632,2.40731,1.00,1.75
2015.08.25 16:39:30.422,2.40632,2.40726,1.00,1.00
2015.08.25 16:39:30.523,2.40632,2.40729,1.00,1.50
2015.08.25 16:39:31.516,2.40631,2.40732,1.00,1.75
2015.08.25 16:39:33.427,2.40631,2.40724,1.00,1.00
2015.08.25 16:39:33.629,2.40621,2.40721,1.00,1.75
2015.08.25 16:39:34.454,2.40621,2.40714,1.00,1.00
2015.08.25 16:39:35.071,2.40621,2.40719,1.00,1.75
2015.08.25 16:39:35.944,2.40622,2.40719,1.00,1.75
2015.08.25 16:39:36.463,2.40622,2.4071,1.00,1.00
2015.08.25 16:39:37.150,2.40622,2.40715,1.00,1.00
2015.08.25 16:39:38.449,2.40621,2.40715,1.00,1.00
2015.08.25 16:39:39.770,2.40621,2.40713,1.00,1.00
2015.08.25 16:39:40.022,2.40611,2.4071,1.00,1.00
2015.08.25 16:39:40.423,2.40611,2.40708,1.00,1.00
2015.08.25 16:39:42.443,2.40612,2.40692,1.00,1.00
2015.08.25 16:39:42.645,2.40601,2.40696,1.00,1.75
2015.08.25 16:39:42.883,2.40591,2.40689,1.00,1.12
2015.08.25 16:39:43.085,2.40581,2.40691,1.00,1.50
2015.08.25 16:39:43.637,2.40591,2.40691,1.00,1.50
2015.08.25 16:39:43.940,2.40591,2.40681,1.00,1.00
2015.08.25 16:39:43.991,2.40591,2.40693,1.00,1.75
2015.08.25 16:39:44.092,2.40591,2.40685,1.00,1.00
2015.08.25 16:39:44.495,2.40601,2.40685,1.00,1.00
2015.08.25 16:39:44.654,2.40581,2.40685,1.00,1.00
2015.08.25 16:39:44.823,2.40592,2.40685,1.00,1.00
2015.08.25 16:39:45.843,2.40591,2.40685,1.00,1.00
2015.08.25 16:39:46.262,2.40591,2.40683,1.00,1.00
2015.08.25 16:39:48.254,2.40591,2.40677,1.00,1.00
2015.08.25 16:39:48.620,2.40581,2.40671,1.00,1.00
2015.08.25 16:39:49.124,2.40581,2.40681,1.00,1.75
2015.08.25 16:39:49.744,2.40592,2.40679,1.00,1.50
2015.08.25 16:39:50.078,2.40591,2.4067,1.00,1.00
2015.08.25 16:39:50.660,2.40591,2.40683,1.00,1.75
2015.08.25 16:39:51.232,2.40602,2.40679,1.00,1.00
2015.08.25 16:39:51.536,2.40592,2.40679,1.00,1.00
2015.08.25 16:39:51.972,2.40592,2.40676,1.00,1.00
2015.08.25 16:39:52.855,2.40592,2.40679,1.00,1.00
2015.08.25 16:39:53.512,2.40592,2.40682,1.00,1.00
2015.08.25 16:39:53.780,2.40592,2.40679,1.00,1.00
2015.08.25 16:39:54.062,2.40592,2.40681,1.00,1.00
2015.08.25 16:39:58.597,2.40592,2.40674,1.00,1.00
2015.08.25 16:39:59.376,2.40591,2.40674,1.00,1.00
2015.08.25 16:40:00.322,2.40591,2.40674,1.00,1.34
2015.08.25 16:40:00.625,2.40581,2.40674,1.00,1.34
2015.08.25 16:40:01.194,2.40582,2.40662,1.00,1.00
2015.08.25 16:40:01.902,2.40581,2.40662,1.00,1.00
2015.08.25 16:40:03.454,2.40581,2.40665,1.00,1.00
2015.08.25 16:40:05.382,2.40591,2.40665,1.00,1.00
2015.08.25 16:40:05.685,2.40591,2.40661,1.00,1.00
2015.08.25 16:40:05.882,2.40591,2.40669,1.00,1.50
2015.08.25 16:40:05.984,2.40601,2.40673,1.00,1.75
2015.08.25 16:40:06.188,2.40601,2.40673,1.00,1.00
2015.08.25 16:40:06.816,2.40602,2.40668,1.00,1.00
2015.08.25 16:40:07.142,2.40612,2.40676,1.00,1.34
2015.08.25 16:40:07.344,2.40601,2.40676,1.00,1.00
2015.08.25 16:40:07.445,2.40601,2.40688,1.00,1.75
2015.08.25 16:40:07.495,2.40601,2.40675,1.00,1.00
2015.08.25 16:40:07.597,2.40601,2.40688,1.00,1.00
2015.08.25 16:40:08.938,2.40601,2.40699,1.00,1.75
2015.08.25 16:40:09.449,2.40602,2.407,1.00,2.25
2015.08.25 16:40:11.406,2.40601,2.40692,1.00,1.75
2015.08.25 16:40:11.907,2.40602,2.40692,1.00,1.75
2015.08.25 16:40:13.504,2.40601,2.40696,1.00,1.75
2015.08.25 16:40:14.779,2.40602,2.40696,1.00,1.75
2015.08.25 16:40:14.929,2.40591,2.40696,1.00,1.75
2015.08.25 16:40:15.889,2.40601,2.407,1.00,1.75
2015.08.25 16:40:16.573,2.40602,2.40699,1.00,2.25
2015.08.25 16:40:20.056,2.40602,2.40686,1.00,1.37
2015.08.25 16:40:20.827,2.40601,2.40687,1.00,1.75
2015.08.25 16:40:20.879,2.40591,2.40686,1.00,1.75
2015.08.25 16:40:20.980,2.40582,2.40687,1.00,1.75
2015.08.25 16:40:21.081,2.40591,2.40685,1.00,1.75
2015.08.25 16:40:21.377,2.40582,2.4068,1.00,1.75
2015.08.25 16:40:22.902,2.40581,2.4068,1.00,1.75
2015.08.25 16:40:23.505,2.40581,2.40674,1.00,1.00
2015.08.25 16:40:23.838,2.40582,2.40662,1.00,1.00
2015.08.25 16:40:24.392,2.40571,2.40652,1.00,1.00
2015.08.25 16:40:24.597,2.40582,2.40652,1.00,1.00
2015.08.25 16:40:24.825,2.40572,2.40652,1.00,1.00
2015.08.25 16:40:25.336,2.40581,2.40652,1.00,1.00
2015.08.25 16:40:26.098,2.40581,2.40656,1.00,1.75
2015.08.25 16:40:26.149,2.40551,2.40656,1.00,1.75
2015.08.25 16:40:26.250,2.40562,2.4065,1.00,1.00
2015.08.25 16:40:26.351,2.40552,2.40643,1.00,1.00
2015.08.25 16:40:26.553,2.40542,2.40643,1.00,1.00
2015.08.25 16:40:26.654,2.40542,2.40637,1.00,1.00
2015.08.25 16:40:26.756,2.40542,2.40643,1.00,1.00
2015.08.25 16:40:26.857,2.40542,2.40643,1.00,1.75
2015.08.25 16:40:28.426,2.40541,2.40643,1.00,1.75
2015.08.25 16:40:29.251,2.40531,2.40643,1.00,1.75
2015.08.25 16:40:29.307,2.40541,2.40644,1.00,1.75
2015.08.25 16:40:31.626,2.40532,2.40645,1.00,1.75
2015.08.25 16:40:31.727,2.40541,2.40645,1.00,1.75
2015.08.25 16:40:33.805,2.40542,2.40646,1.00,1.75
2015.08.25 16:40:35.360,2.40541,2.40636,1.00,1.00
2015.08.25 16:40:35.535,2.40541,2.40645,1.00,1.75
2015.08.25 16:40:35.787,2.40531,2.40646,1.00,2.25
2015.08.25 16:40:37.150,2.40541,2.40646,1.00,1.75
2015.08.25 16:40:37.875,2.40532,2.40646,1.00,1.75
2015.08.25 16:40:38.819,2.40541,2.40647,1.00,1.75
2015.08.25 16:40:39.305,2.40551,2.40647,1.00,1.75
2015.08.25 16:40:39.659,2.40541,2.40646,1.00,1.75
2015.08.25 16:40:42.705,2.40541,2.40647,1.00,1.75
2015.08.25 16:40:43.385,2.40542,2.40647,1.00,1.75
2015.08.25 16:40:45.026,2.40541,2.40647,1.00,1.75
2015.08.25 16:40:45.177,2.40552,2.40649,1.00,1.75
2015.08.25 16:40:45.684,2.40551,2.4065,1.00,1.75
2015.08.25 16:40:46.232,2.40561,2.40656,1.00,1.09
2015.08.25 16:40:46.287,2.40561,2.40656,1.00,1.09
2015.08.25 16:40:46.885,2.40562,2.40656,1.00,1.09
2015.08.25 16:40:47.251,2.40561,2.40665,1.00,1.09
2015.08.25 16:40:47.853,2.40562,2.40665,1.00,1.09
2015.08.25 16:40:48.357,2.40561,2.40665,1.00,1.09
2015.08.25 16:40:50.122,2.40562,2.40665,1.00,1.09
2015.08.25 16:40:51.588,2.40561,2.40665,1.00,1.09
2015.08.25 16:40:51.891,2.40572,2.40665,1.00,1.09
2015.08.25 16:40:52.427,2.40571,2.40665,1.00,1.09
2015.08.25 16:40:52.935,2.40572,2.40665,1.00,1.09
2015.08.25 16:40:53.586,2.40572,2.40673,1.00,1.75
2015.08.25 16:40:53.891,2.40572,2.40681,1.00,1.75
2015.08.25 16:40:54.093,2.40582,2.40681,1.00,1.75
2015.08.25 16:40:55.277,2.40583,2.40685,1.00,1.75
2015.08.25 16:40:55.378,2.40592,2.40702,1.00,2.25
2015.08.25 16:40:55.580,2.40592,2.40689,1.00,1.75
2015.08.25 16:40:55.631,2.40581,2.40689,1.00,1.75
2015.08.25 16:40:55.844,2.40572,2.40686,1.00,1.50
2015.08.25 16:40:56.024,2.40582,2.40686,1.00,1.50
2015.08.25 16:40:56.851,2.40581,2.40686,1.00,1.50
2015.08.25 16:40:57.459,2.40582,2.40691,1.00,1.09
2015.08.25 16:40:57.769,2.40591,2.40691,1.00,1.09
2015.08.25 16:40:59.362,2.40582,2.40691,1.00,1.09
2015.08.25 16:41:00.610,2.40591,2.40687,1.00,1.75
2015.08.25 16:41:01.105,2.40582,2.40691,1.00,1.84
2015.08.25 16:41:01.457,2.40582,2.40684,1.00,1.37
2015.08.25 16:41:02.256,2.40581,2.40684,1.00,2.25
2015.08.25 16:41:02.558,2.40571,2.40672,1.00,1.75
2015.08.25 16:41:03.062,2.40572,2.40668,1.00,1.75
2015.08.25 16:41:04.607,2.40571,2.40668,1.00,1.75
2015.08.25 16:41:04.758,2.40562,2.40667,1.00,2.25
2015.08.25 16:41:04.809,2.40562,2.40663,1.00,1.09
2015.08.25 16:41:05.137,2.40571,2.40656,1.00,1.09
2015.08.25 16:41:05.187,2.40562,2.40656,1.00,1.09
2015.08.25 16:41:05.847,2.40572,2.40656,1.00,1.09
2015.08.25 16:41:07.577,2.40571,2.40656,1.00,1.09
2015.08.25 16:41:08.100,2.40572,2.40656,1.00,1.09
2015.08.25 16:41:08.724,2.40571,2.40656,1.00,1.09
2015.08.25 16:41:08.825,2.40572,2.40666,1.00,1.09
2015.08.25 16:41:10.325,2.40571,2.40666,1.00,1.09
2015.08.25 16:41:12.497,2.40581,2.4067,1.00,1.34
2015.08.25 16:41:12.799,2.40592,2.40687,1.00,1.00
2015.08.25 16:41:12.850,2.40592,2.40695,1.00,1.87
2015.08.25 16:41:12.900,2.40601,2.40696,1.00,2.25
2015.08.25 16:41:13.105,2.40602,2.40702,1.00,1.34
2015.08.25 16:41:14.105,2.40611,2.40704,1.00,1.34
2015.08.25 16:41:14.614,2.40622,2.40706,1.00,2.21
2015.08.25 16:41:15.252,2.40622,2.40706,1.00,1.71
2015.08.25 16:41:15.824,2.40621,2.40707,1.00,1.84
2015.08.25 16:41:20.448,2.40622,2.40707,1.00,1.09
2015.08.25 16:41:21.097,2.40621,2.40707,1.00,1.09
2015.08.25 16:41:25.373,2.40622,2.40707,1.00,1.09
2015.08.25 16:41:26.152,2.40621,2.40707,1.00,1.09
2015.08.25 16:41:28.869,2.40612,2.40704,1.00,1.34
2015.08.25 16:41:29.079,2.40612,2.40699,1.00,1.00
2015.08.25 16:41:29.381,2.40622,2.40701,1.00,1.00
2015.08.25 16:41:30.451,2.40622,2.40706,1.00,1.84
2015.08.25 16:41:30.603,2.40611,2.40706,1.00,1.09
2015.08.25 16:41:35.095,2.40621,2.40706,1.00,1.09
2015.08.25 16:41:35.603,2.40622,2.40706,1.00,1.09
2015.08.25 16:41:35.654,2.40611,2.40706,1.00,1.09
2015.08.25 16:41:36.292,2.40612,2.40706,1.00,1.09
2015.08.25 16:41:36.757,2.40611,2.40694,1.00,1.00
2015.08.25 16:41:36.859,2.40591,2.40689,1.00,1.00
2015.08.25 16:41:36.975,2.40592,2.40671,1.00,1.00
2015.08.25 16:41:37.177,2.40571,2.40668,1.00,1.00
2015.08.25 16:41:37.824,2.40571,2.40665,1.00,1.00
2015.08.25 16:41:38.081,2.40562,2.40661,1.00,1.50
2015.08.25 16:41:38.616,2.40561,2.4067,1.00,1.75
2015.08.25 16:41:38.818,2.40571,2.40669,1.00,1.75
2015.08.25 16:41:39.556,2.40572,2.40669,1.00,1.75
2015.08.25 16:41:40.623,2.40571,2.4067,1.00,2.25
2015.08.25 16:41:40.674,2.40571,2.4067,1.00,1.87
2015.08.25 16:41:41.570,2.40582,2.40678,1.00,1.09
2015.08.25 16:41:42.144,2.40592,2.40678,1.00,1.09
2015.08.25 16:41:42.396,2.40592,2.40682,1.00,1.09
2015.08.25 16:41:42.547,2.40592,2.40685,1.00,1.75
2015.08.25 16:41:42.710,2.40582,2.40689,1.00,1.75
2015.08.25 16:41:43.455,2.40602,2.40692,1.00,1.75
2015.08.25 16:41:43.873,2.40592,2.40692,1.00,1.75
2015.08.25 16:41:44.314,2.40601,2.40692,1.00,1.75
2015.08.25 16:41:45.165,2.40592,2.40693,1.00,1.75
2015.08.25 16:41:45.854,2.40602,2.40694,1.00,1.75
2015.08.25 16:41:49.045,2.40591,2.40694,1.00,1.75
2015.08.25 16:41:51.679,2.40601,2.40694,1.00,2.25
2015.08.25 16:41:52.385,2.40591,2.40694,1.00,2.25
2015.08.25 16:41:52.455,2.40602,2.40694,1.00,2.25
2015.08.25 16:41:53.090,2.40602,2.40694,1.00,1.37
2015.08.25 16:41:54.873,2.40601,2.40696,1.00,1.75
2015.08.25 16:41:56.085,2.40602,2.407,1.00,3.00
2015.08.25 16:41:56.537,2.40601,2.40701,1.00,1.00
2015.08.25 16:41:56.638,2.40611,2.40707,1.00,1.75
2015.08.25 16:41:57.418,2.40611,2.40712,1.00,1.34
2015.08.25 16:42:02.573,2.40612,2.40716,1.00,1.09
2015.08.25 16:42:03.140,2.40611,2.40716,1.00,1.09
2015.08.25 16:42:03.578,2.40601,2.40716,1.00,2.59
2015.08.25 16:42:04.135,2.40602,2.40716,1.00,1.84
2015.08.25 16:42:05.145,2.40601,2.40716,1.00,1.84
2015.08.25 16:42:07.662,2.40594,2.40715,1.50,1.71
2015.08.25 16:42:08.299,2.40602,2.40715,1.00,1.71
2015.08.25 16:42:09.087,2.40601,2.40716,1.00,1.09
2015.08.25 16:42:09.394,2.40631,2.40719,1.00,1.09
2015.08.25 16:42:09.921,2.40622,2.40719,1.00,1.09
2015.08.25 16:42:09.972,2.40631,2.40728,1.00,1.09
2015.08.25 16:42:10.535,2.40632,2.40725,1.00,1.34
2015.08.25 16:42:10.636,2.40611,2.40717,1.00,1.37
2015.08.25 16:42:11.277,2.40622,2.4073,1.00,1.84
2015.08.25 16:42:11.378,2.40611,2.4073,1.00,1.09
2015.08.25 16:42:11.479,2.40614,2.4073,1.00,1.09
2015.08.25 16:42:11.781,2.40622,2.4073,1.00,1.09
2015.08.25 16:42:12.684,2.40621,2.4073,1.00,1.09
2015.08.25 16:42:13.243,2.40622,2.40726,1.00,1.34
2015.08.25 16:42:13.763,2.40621,2.40726,1.00,1.34
2015.08.25 16:42:15.004,2.40622,2.40726,1.00,1.34
2015.08.25 16:42:15.365,2.40611,2.40725,1.00,1.34
2015.08.25 16:42:15.569,2.40622,2.40725,1.00,1.34
2015.08.25 16:42:15.913,2.40612,2.40721,1.00,1.09
2015.08.25 16:42:17.315,2.40622,2.40721,1.00,1.09
2015.08.25 16:42:17.818,2.40621,2.40721,1.00,1.09
2015.08.25 16:42:18.569,2.40622,2.40721,1.00,1.09
2015.08.25 16:42:18.671,2.40612,2.40721,1.00,1.09
2015.08.25 16:42:18.773,2.40611,2.40709,1.00,1.00
2015.08.25 16:42:19.076,2.40621,2.40721,1.00,1.09
2015.08.25 16:42:21.928,2.40622,2.40721,1.00,1.09
2015.08.25 16:42:23.123,2.40622,2.40716,1.00,1.00
2015.08.25 16:42:23.173,2.40611,2.40716,1.00,1.00
2015.08.25 16:42:23.901,2.40611,2.40694,1.00,1.00
2015.08.25 16:42:23.961,2.40592,2.40694,1.00,1.00
2015.08.25 16:42:24.493,2.40592,2.40693,1.00,1.00
2015.08.25 16:42:24.795,2.40591,2.40697,1.00,1.75
2015.08.25 16:42:25.525,2.40591,2.40694,1.00,1.00
2015.08.25 16:42:26.285,2.40591,2.40697,1.00,2.25
2015.08.25 16:42:27.276,2.40592,2.40696,1.00,1.50
2015.08.25 16:42:27.877,2.40591,2.40704,1.00,1.75
2015.08.25 16:42:28.129,2.40612,2.40705,1.00,2.25
2015.08.25 16:42:29.574,2.40612,2.40711,1.00,2.25
2015.08.25 16:42:30.285,2.40611,2.40711,1.00,1.75
2015.08.25 16:42:33.025,2.40612,2.40712,1.00,1.75
2015.08.25 16:42:35.793,2.40611,2.40714,1.00,1.75
2015.08.25 16:42:36.923,2.40611,2.40708,1.00,1.00
2015.08.25 16:42:37.025,2.40611,2.40711,1.00,1.00
2015.08.25 16:42:37.103,2.40621,2.40711,1.00,1.00
2015.08.25 16:42:37.327,2.40611,2.40711,1.00,1.00
2015.08.25 16:42:38.351,2.40612,2.40711,1.00,1.00
2015.08.25 16:42:43.688,2.40612,2.40713,1.00,1.00
2015.08.25 16:42:43.789,2.40612,2.40711,1.00,1.00
2015.08.25 16:42:44.142,2.40622,2.40711,1.00,1.00
2015.08.25 16:42:45.366,2.40622,2.40711,1.00,1.75
2015.08.25 16:42:46.594,2.40621,2.40713,1.00,1.75
2015.08.25 16:42:47.156,2.40601,2.40711,1.00,1.75
2015.08.25 16:42:47.726,2.40601,2.40696,1.00,1.00
2015.08.25 16:42:48.465,2.40591,2.40704,1.00,1.75
2015.08.25 16:42:50.210,2.40602,2.40697,1.00,1.75
2015.08.25 16:42:52.097,2.40601,2.40699,1.00,1.75
2015.08.25 16:42:52.643,2.40602,2.40705,1.00,1.75
2015.08.25 16:42:52.694,2.40602,2.40705,1.00,1.75
2015.08.25 16:42:54.373,2.40601,2.40704,1.00,1.50
2015.08.25 16:42:56.132,2.40602,2.40704,1.00,1.50
2015.08.25 16:42:57.506,2.40602,2.40697,1.00,1.00
2015.08.25 16:42:57.658,2.40602,2.40702,1.00,1.00
2015.08.25 16:42:59.229,2.40601,2.40705,1.00,1.75
2015.08.25 16:42:59.431,2.40602,2.40699,1.00,1.00
2015.08.25 16:42:59.541,2.40592,2.40699,1.00,1.00
2015.08.25 16:42:59.643,2.40592,2.40696,1.00,1.00
2015.08.25 16:42:59.946,2.40592,2.4069,1.00,1.75
2015.08.25 16:43:00.885,2.40591,2.4069,1.00,1.75
2015.08.25 16:43:02.803,2.40592,2.4069,1.00,1.75
2015.08.25 16:43:04.660,2.40592,2.40684,1.00,1.00
2015.08.25 16:43:04.711,2.40582,2.40684,1.00,1.00
2015.08.25 16:43:06.805,2.40581,2.40684,1.00,1.00
2015.08.25 16:43:07.357,2.40582,2.40684,1.00,1.00
2015.08.25 16:43:08.265,2.40591,2.40688,1.00,1.37
2015.08.25 16:43:08.366,2.40582,2.40692,1.00,1.75
2015.08.25 16:43:08.567,2.40592,2.40692,1.00,1.75
2015.08.25 16:43:09.078,2.40591,2.4069,1.00,1.75
2015.08.25 16:43:09.801,2.40582,2.40691,1.00,1.75
2015.08.25 16:43:11.031,2.40581,2.40693,1.00,1.75
2015.08.25 16:43:14.298,2.40591,2.40693,1.00,1.75
2015.08.25 16:43:16.242,2.40591,2.40698,1.00,1.87
2015.08.25 16:43:16.762,2.40592,2.40707,1.00,1.75
2015.08.25 16:43:16.813,2.40602,2.40707,1.00,1.00
2015.08.25 16:43:17.810,2.40602,2.4071,1.00,1.87
2015.08.25 16:43:17.861,2.40601,2.40702,1.00,1.00
2015.08.25 16:43:17.912,2.40591,2.40702,1.37,1.00
2015.08.25 16:43:18.563,2.40591,2.40705,1.37,1.00
2015.08.25 16:43:20.533,2.40592,2.4071,1.12,1.37
2015.08.25 16:43:21.746,2.40592,2.40704,1.12,1.00
2015.08.25 16:43:22.092,2.40581,2.40696,1.00,1.12
2015.08.25 16:43:22.239,2.40591,2.40696,1.00,1.12
2015.08.25 16:43:22.313,2.40581,2.40696,1.00,1.12
2015.08.25 16:43:23.632,2.40592,2.40696,1.00,1.12
2015.08.25 16:43:23.896,2.40582,2.40699,1.00,1.50
2015.08.25 16:43:24.880,2.40581,2.40696,1.00,1.12
2015.08.25 16:43:25.329,2.40592,2.40696,1.00,1.12
2015.08.25 16:43:26.279,2.40582,2.40696,1.00,1.12
2015.08.25 16:43:26.783,2.40581,2.40697,1.00,1.37
2015.08.25 16:43:28.477,2.40591,2.40698,1.00,1.37
2015.08.25 16:43:28.801,2.40582,2.40698,1.00,1.37
2015.08.25 16:43:29.962,2.40581,2.40698,1.00,1.37
2015.08.25 16:43:30.523,2.40582,2.40697,1.00,1.37
2015.08.25 16:43:32.252,2.40581,2.40703,1.00,1.75
2015.08.25 16:43:33.222,2.40591,2.40705,1.00,1.75
2015.08.25 16:43:33.738,2.40592,2.40703,1.00,1.75
2015.08.25 16:43:34.673,2.40591,2.40704,1.00,2.25
2015.08.25 16:43:34.981,2.40601,2.40703,1.00,1.75
2015.08.25 16:43:35.082,2.40591,2.40701,1.00,1.75
2015.08.25 16:43:39.660,2.40591,2.40703,1.00,2.25
2015.08.25 16:43:39.761,2.40591,2.4071,1.00,2.25
2015.08.25 16:43:40.455,2.40602,2.4071,1.00,2.25
2015.08.25 16:43:43.321,2.40592,2.40712,1.00,1.75
2015.08.25 16:43:43.871,2.40602,2.40712,1.00,1.75
2015.08.25 16:43:45.408,2.40591,2.40712,1.00,1.75
2015.08.25 16:43:46.071,2.40602,2.40713,1.00,1.75
2015.08.25 16:43:47.660,2.40591,2.40709,1.00,1.75
2015.08.25 16:43:48.835,2.40602,2.40712,1.00,1.75
2015.08.25 16:43:50.037,2.40612,2.40713,1.00,1.75
2015.08.25 16:43:50.088,2.40612,2.40713,1.00,1.37
2015.08.25 16:43:50.139,2.40612,2.40716,1.00,1.12
2015.08.25 16:43:50.190,2.40602,2.40716,1.00,1.12
2015.08.25 16:43:50.291,2.40611,2.40718,1.00,1.75
2015.08.25 16:43:50.843,2.40601,2.40718,1.00,1.75
2015.08.25 16:43:51.753,2.40601,2.40712,1.00,1.00
2015.08.25 16:43:51.803,2.40593,2.40712,1.75,1.00
2015.08.25 16:43:52.438,2.40592,2.40709,1.75,1.00
2015.08.25 16:43:52.845,2.40601,2.40709,1.00,1.00
2015.08.25 16:43:53.747,2.40601,2.40712,1.00,1.00
2015.08.25 16:43:57.502,2.40591,2.40712,1.75,1.00
2015.08.25 16:43:58.318,2.40602,2.40712,1.00,1.00
2015.08.25 16:43:58.675,2.40601,2.40714,1.00,1.00
2015.08.25 16:43:59.177,2.40591,2.40713,1.75,1.00
2015.08.25 16:44:00.534,2.40602,2.40716,1.00,1.12
2015.08.25 16:44:00.856,2.40601,2.40714,1.00,1.00
2015.08.25 16:44:01.181,2.40601,2.40714,1.00,1.75
2015.08.25 16:44:01.385,2.40591,2.40715,1.00,1.75
2015.08.25 16:44:02.042,2.40602,2.40714,1.00,1.75
2015.08.25 16:44:08.401,2.40592,2.40713,1.00,2.25
2015.08.25 16:44:16.532,2.40592,2.40713,1.12,2.25
2015.08.25 16:44:18.923,2.40601,2.40712,1.00,1.50
2015.08.25 16:44:20.599,2.40611,2.40716,1.00,1.75
2015.08.25 16:44:20.650,2.40611,2.40723,1.00,1.09
2015.08.25 16:44:20.953,2.40612,2.40725,1.75,1.34
2015.08.25 16:44:22.401,2.40621,2.40724,1.00,1.34
2015.08.25 16:44:22.603,2.40612,2.4072,1.00,1.12
2015.08.25 16:44:22.868,2.40601,2.40715,1.37,1.00
2015.08.25 16:44:23.231,2.40601,2.40711,1.37,1.00
2015.08.25 16:44:23.900,2.40594,2.40708,1.00,1.00
2015.08.25 16:44:24.007,2.40594,2.40706,1.00,1.00
2015.08.25 16:44:24.319,2.40594,2.4071,1.00,1.37
2015.08.25 16:44:24.420,2.40591,2.4071,1.00,1.37
2015.08.25 16:44:24.724,2.40591,2.40704,1.00,1.00
2015.08.25 16:44:25.449,2.40582,2.40695,1.37,1.12
2015.08.25 16:44:25.500,2.40582,2.40697,1.00,1.37
2015.08.25 16:44:25.778,2.40591,2.40697,1.00,1.37
2015.08.25 16:44:25.929,2.40582,2.40697,1.00,1.37
2015.08.25 16:44:26.099,2.40592,2.40697,1.00,1.37
2015.08.25 16:44:26.943,2.40582,2.40697,1.00,1.37
2015.08.25 16:44:26.994,2.40591,2.40697,1.00,1.37
2015.08.25 16:44:29.331,2.40601,2.40713,1.00,1.00
2015.08.25 16:44:30.905,2.40602,2.40713,1.00,1.00
2015.08.25 16:44:30.956,2.40601,2.40709,1.00,1.00
2015.08.25 16:44:31.040,2.40601,2.40711,1.00,1.00
2015.08.25 16:44:31.739,2.40593,2.4071,1.75,1.00
2015.08.25 16:44:32.809,2.40602,2.4071,1.00,1.00
2015.08.25 16:44:33.745,2.40602,2.40713,1.00,1.00
2015.08.25 16:44:34.747,2.40602,2.40717,1.00,1.50
2015.08.25 16:44:35.251,2.40601,2.40716,1.00,1.00
2015.08.25 16:44:35.352,2.40601,2.40714,1.00,1.00
2015.08.25 16:44:36.136,2.40602,2.40712,1.00,1.75
2015.08.25 16:44:37.110,2.40601,2.40713,1.00,1.75
2015.08.25 16:44:37.806,2.40602,2.40706,1.00,1.00
2015.08.25 16:44:37.857,2.40592,2.40706,1.00,1.00
2015.08.25 16:44:37.908,2.40592,2.40704,1.00,1.00
2015.08.25 16:44:38.009,2.40582,2.40703,1.75,1.00
2015.08.25 16:44:38.664,2.40582,2.40705,1.75,1.00
2015.08.25 16:44:38.765,2.40582,2.40703,1.75,1.00
2015.08.25 16:44:39.466,2.40582,2.40704,2.25,1.00
2015.08.25 16:44:39.778,2.40591,2.40705,1.00,1.00
2015.08.25 16:44:40.279,2.40592,2.40706,1.00,1.00
2015.08.25 16:44:40.956,2.40602,2.40706,1.00,1.50
2015.08.25 16:44:43.691,2.40602,2.40702,1.00,1.00
2015.08.25 16:44:44.388,2.40601,2.40701,1.00,1.00
2015.08.25 16:44:45.145,2.40602,2.40711,1.00,1.75
2015.08.25 16:44:46.896,2.40601,2.40708,1.00,1.12
2015.08.25 16:44:47.331,2.40612,2.40709,1.00,1.37
2015.08.25 16:44:48.335,2.40601,2.40709,1.00,1.37
2015.08.25 16:44:48.996,2.40601,2.40706,1.00,1.00
2015.08.25 16:44:49.097,2.40591,2.40701,1.00,1.00
2015.08.25 16:44:49.198,2.40591,2.40699,1.00,1.75
2015.08.25 16:44:49.808,2.40581,2.40696,1.00,1.75
2015.08.25 16:44:49.911,2.40582,2.40691,1.00,1.00
2015.08.25 16:44:50.443,2.40581,2.4069,1.00,1.50
2015.08.25 16:44:50.971,2.40581,2.40689,1.00,1.00
2015.08.25 16:44:51.562,2.40592,2.40696,1.00,1.75
2015.08.25 16:44:51.663,2.40582,2.407,1.00,1.75
2015.08.25 16:44:52.212,2.40581,2.407,1.00,1.75
2015.08.25 16:44:53.419,2.40582,2.40697,1.00,1.75
2015.08.25 16:44:55.174,2.40581,2.40694,1.00,1.37
2015.08.25 16:44:55.276,2.40581,2.40684,1.00,1.00
2015.08.25 16:44:55.338,2.40581,2.40688,1.00,1.00
2015.08.25 16:44:55.920,2.40582,2.40688,1.00,1.00
2015.08.25 16:44:57.217,2.40582,2.40693,1.00,1.12
2015.08.25 16:44:57.484,2.40591,2.40702,1.00,1.75
2015.08.25 16:44:57.585,2.40582,2.40695,1.00,1.50
2015.08.25 16:44:58.530,2.40582,2.40687,1.00,1.00
2015.08.25 16:45:00.171,2.40582,2.40685,1.00,1.00
2015.08.25 16:45:00.654,2.40581,2.40702,1.00,2.25
2015.08.25 16:45:00.907,2.40591,2.40702,1.00,2.25
2015.08.25 16:45:01.713,2.40591,2.40692,1.00,1.00
2015.08.25 16:45:02.020,2.40591,2.40687,1.00,1.00
2015.08.25 16:45:02.121,2.40581,2.40687,1.00,1.50
2015.08.25 16:45:02.673,2.40582,2.40686,1.00,1.50
2015.08.25 16:45:03.615,2.40572,2.40686,1.75,1.50
2015.08.25 16:45:03.827,2.40582,2.40686,1.00,1.50
2015.08.25 16:45:05.534,2.40571,2.40686,1.12,1.50
2015.08.25 16:45:06.135,2.40571,2.40687,1.12,1.00
2015.08.25 16:45:06.236,2.40571,2.4068,1.12,1.00
2015.08.25 16:45:07.128,2.40571,2.40677,1.12,1.00
2015.08.25 16:45:07.179,2.40571,2.40684,1.12,1.00
2015.08.25 16:45:07.230,2.40571,2.40681,1.12,1.00
2015.08.25 16:45:07.873,2.40582,2.40681,1.00,1.00
2015.08.25 16:45:08.642,2.40563,2.4068,1.75,1.00
2015.08.25 16:45:09.422,2.40562,2.40676,1.75,1.00
2015.08.25 16:45:09.573,2.40562,2.40679,1.75,1.00
2015.08.25 16:45:09.825,2.40562,2.40677,1.75,1.00
2015.08.25 16:45:11.096,2.40562,2.40675,1.75,1.00
2015.08.25 16:45:15.584,2.40562,2.40679,1.75,1.00
2015.08.25 16:45:15.685,2.40562,2.40679,1.00,1.75
2015.08.25 16:45:18.264,2.40565,2.40683,1.00,1.75
2015.08.25 16:45:19.065,2.40572,2.4068,1.00,1.75
2015.08.25 16:45:21.292,2.40571,2.4068,1.00,1.75
2015.08.25 16:45:22.832,2.40572,2.4068,1.00,1.75
2015.08.25 16:45:23.867,2.40571,2.4068,1.00,1.75
2015.08.25 16:45:27.234,2.40572,2.40679,1.00,1.75
2015.08.25 16:45:27.880,2.40571,2.40685,1.00,1.75
2015.08.25 16:45:28.570,2.40572,2.40685,1.00,1.75
2015.08.25 16:45:29.544,2.40571,2.40685,1.00,1.75
2015.08.25 16:45:33.612,2.40572,2.40686,1.00,1.75
2015.08.25 16:45:34.232,2.40572,2.40686,1.00,2.25
2015.08.25 16:45:34.502,2.40572,2.40681,1.00,1.00
2015.08.25 16:45:34.847,2.40563,2.40683,1.75,1.00
2015.08.25 16:45:34.948,2.40574,2.40672,1.00,1.00
2015.08.25 16:45:35.101,2.40582,2.40685,1.00,1.50
2015.08.25 16:45:35.736,2.40582,2.40691,1.00,1.00
2015.08.25 16:45:37.468,2.40581,2.40691,1.00,1.00
2015.08.25 16:45:37.979,2.40582,2.40691,1.00,1.00
2015.08.25 16:45:39.643,2.40591,2.40696,1.00,1.46
2015.08.25 16:45:43.689,2.40602,2.40696,1.00,1.46
2015.08.25 16:45:44.831,2.40592,2.40697,1.00,1.71
2015.08.25 16:45:45.582,2.40591,2.40698,1.00,1.84
2015.08.25 16:45:46.604,2.40592,2.40696,1.00,1.46
2015.08.25 16:45:49.016,2.40602,2.40706,1.00,1.50
2015.08.25 16:45:49.067,2.40602,2.40717,1.00,1.00
2015.08.25 16:45:49.170,2.40612,2.40717,1.00,1.00
2015.08.25 16:45:49.271,2.40612,2.40721,1.00,1.50
2015.08.25 16:45:49.573,2.40601,2.40719,1.12,1.12
2015.08.25 16:45:49.623,2.40601,2.40716,1.12,1.00
2015.08.25 16:45:50.403,2.40611,2.40722,1.00,1.75
2015.08.25 16:45:52.920,2.40621,2.40733,1.00,1.71
2015.08.25 16:45:55.206,2.40622,2.4073,1.00,1.34
2015.08.25 16:45:55.307,2.40622,2.40734,1.00,1.50
2015.08.25 16:45:55.945,2.40652,2.40745,1.00,1.34
2015.08.25 16:45:56.603,2.40651,2.40745,1.00,1.34
2015.08.25 16:45:57.815,2.40652,2.40749,1.00,1.09
2015.08.25 16:45:59.236,2.40662,2.40756,1.00,1.34
2015.08.25 16:45:59.388,2.40652,2.40754,1.00,1.34
2015.08.25 16:46:00.341,2.40651,2.40751,1.00,1.34
2015.08.25 16:46:00.503,2.40661,2.40754,1.00,1.34
2015.08.25 16:46:01.125,2.40651,2.40747,1.00,1.34
2015.08.25 16:46:03.311,2.40641,2.40746,1.37,1.34
2015.08.25 16:46:04.458,2.40652,2.40746,1.00,1.34
2015.08.25 16:46:04.813,2.40652,2.40763,1.00,1.75
2015.08.25 16:46:04.864,2.40661,2.40763,1.00,1.75
2015.08.25 16:46:05.117,2.40651,2.40763,1.00,1.75
2015.08.25 16:46:06.746,2.40661,2.40766,1.00,2.25
2015.08.25 16:46:07.366,2.40662,2.40764,1.00,1.75
2015.08.25 16:46:10.285,2.40661,2.40766,1.00,1.00
2015.08.25 16:46:10.437,2.40662,2.40757,1.00,1.00
2015.08.25 16:46:10.591,2.40652,2.40757,1.75,1.00
2015.08.25 16:46:11.845,2.40642,2.40757,1.37,1.00
2015.08.25 16:46:12.579,2.40652,2.40757,1.00,1.00
2015.08.25 16:46:14.533,2.40642,2.40757,1.37,1.00
2015.08.25 16:46:15.587,2.40642,2.40756,1.37,1.00
2015.08.25 16:46:16.141,2.40642,2.40757,1.37,1.00
2015.08.25 16:46:17.912,2.40641,2.40756,1.37,1.00
2015.08.25 16:46:18.692,2.40642,2.40767,1.37,1.75
2015.08.25 16:46:18.743,2.40651,2.40766,1.00,1.75
2015.08.25 16:46:19.093,2.40662,2.40757,1.00,1.00
2015.08.25 16:46:20.581,2.40651,2.40765,1.00,1.75
2015.08.25 16:46:20.632,2.40651,2.40757,1.00,1.00
2015.08.25 16:46:21.170,2.40652,2.40756,1.00,1.00
2015.08.25 16:46:23.205,2.40651,2.40756,1.00,1.00
2015.08.25 16:46:24.096,2.40651,2.40756,1.37,1.00
2015.08.25 16:46:24.613,2.40652,2.40757,1.37,1.00
2015.08.25 16:46:26.031,2.40651,2.40756,1.50,1.00
2015.08.25 16:46:27.026,2.40642,2.40747,1.37,1.00
2015.08.25 16:46:27.542,2.40641,2.40746,1.37,1.00
2015.08.25 16:46:27.822,2.40642,2.40756,1.37,1.00
2015.08.25 16:46:28.734,2.40642,2.40746,1.37,1.00
2015.08.25 16:46:30.943,2.40641,2.40746,1.00,1.12
2015.08.25 16:46:31.611,2.40632,2.40746,1.00,1.12
2015.08.25 16:46:31.863,2.40632,2.40737,1.00,1.00
2015.08.25 16:46:31.913,2.40622,2.40737,1.75,1.00
2015.08.25 16:46:32.366,2.40632,2.40737,1.00,1.00
2015.08.25 16:46:33.638,2.40632,2.40746,1.00,1.12
2015.08.25 16:46:37.012,2.40636,2.40757,1.75,1.12
2015.08.25 16:46:37.163,2.40642,2.40756,1.75,1.00
2015.08.25 16:46:38.680,2.40651,2.40757,1.12,1.00
2015.08.25 16:46:39.430,2.40642,2.40756,2.25,1.00
2015.08.25 16:46:39.847,2.40662,2.40756,1.00,1.00
2015.08.25 16:46:39.897,2.40662,2.40767,1.00,1.50
2015.08.25 16:46:40.419,2.40662,2.40757,1.00,1.00
2015.08.25 16:46:40.471,2.40651,2.40757,1.12,1.00
2015.08.25 16:46:41.190,2.40651,2.40756,1.12,1.00
2015.08.25 16:46:41.773,2.40651,2.40757,1.12,1.00
2015.08.25 16:46:41.824,2.40661,2.40757,1.00,1.00
2015.08.25 16:46:42.361,2.40651,2.40757,1.12,1.00
2015.08.25 16:46:42.412,2.40651,2.40767,1.12,1.00
2015.08.25 16:46:43.012,2.40652,2.40767,1.00,1.00
2015.08.25 16:46:43.736,2.40651,2.40766,1.12,1.00
2015.08.25 16:46:48.120,2.40652,2.40766,1.00,1.00
2015.08.25 16:46:51.582,2.40652,2.40767,1.00,1.00
2015.08.25 16:46:52.123,2.40651,2.40767,1.12,1.50
2015.08.25 16:46:52.509,2.40651,2.40767,1.00,1.75
2015.08.25 16:46:53.789,2.40652,2.40766,1.00,1.75
2015.08.25 16:46:54.816,2.40651,2.40766,1.00,1.75
2015.08.25 16:46:55.338,2.40652,2.40766,1.00,1.75
2015.08.25 16:46:56.311,2.40651,2.40766,1.00,1.75
2015.08.25 16:47:00.051,2.40652,2.40767,1.00,1.75
2015.08.25 16:47:01.590,2.40651,2.40767,1.00,1.75
2015.08.25 16:47:03.207,2.40651,2.40757,1.00,1.00
2015.08.25 16:47:04.620,2.40651,2.40767,1.00,2.25
2015.08.25 16:47:07.415,2.40652,2.40767,1.00,1.75
2015.08.25 16:47:08.649,2.40652,2.4076,1.00,1.00
2015.08.25 16:47:08.750,2.40652,2.40753,1.00,1.00
2015.08.25 16:47:09.313,2.40642,2.40763,1.00,2.25
2015.08.25 16:47:09.766,2.40641,2.40754,1.12,1.00
2015.08.25 16:47:10.079,2.40641,2.40746,1.12,1.00
2015.08.25 16:47:11.489,2.40642,2.40746,1.00,1.00
2015.08.25 16:47:12.540,2.40642,2.40754,1.00,1.00
2015.08.25 16:47:13.219,2.40642,2.40751,1.00,1.00
2015.08.25 16:47:15.588,2.40641,2.40751,1.12,1.00
2015.08.25 16:47:16.257,2.40641,2.4075,1.12,1.00
2015.08.25 16:47:17.698,2.40641,2.40747,1.12,1.00
2015.08.25 16:47:19.884,2.40642,2.40747,1.00,1.00
2015.08.25 16:47:20.433,2.40641,2.40747,1.12,1.00
2015.08.25 16:47:21.217,2.40642,2.40747,1.00,1.00
2015.08.25 16:47:21.879,2.40641,2.40747,1.12,1.00
2015.08.25 16:47:22.200,2.40652,2.40755,1.00,1.00
2015.08.25 16:47:22.998,2.40651,2.40755,1.00,1.00
2015.08.25 16:47:23.250,2.40651,2.40757,1.00,1.87
2015.08.25 16:47:26.150,2.40642,2.40757,1.00,1.50
2015.08.25 16:47:26.453,2.40651,2.40757,1.00,1.50
2015.08.25 16:47:31.289,2.40652,2.40757,1.00,1.00
2015.08.25 16:47:33.293,2.40662,2.40756,1.00,1.00
2015.08.25 16:47:33.588,2.40661,2.40766,1.00,1.00
2015.08.25 16:47:33.639,2.40672,2.40766,1.00,1.00
2015.08.25 16:47:33.690,2.40672,2.40777,1.00,1.09
2015.08.25 16:47:34.527,2.40711,2.40787,1.00,1.71
2015.08.25 16:47:34.578,2.40711,2.40805,1.00,1.00
2015.08.25 16:47:34.730,2.40712,2.4081,1.00,1.84
2015.08.25 16:47:34.832,2.40721,2.40806,1.00,1.00
2015.08.25 16:47:35.358,2.40722,2.40806,1.00,1.00
2015.08.25 16:47:35.963,2.40712,2.40806,1.00,1.00
2015.08.25 16:47:36.247,2.40712,2.40808,1.00,1.00
2015.08.25 16:47:36.499,2.40721,2.40824,1.00,1.71
2015.08.25 16:47:41.521,2.40732,2.4082,1.00,1.34
2015.08.25 16:47:45.837,2.40721,2.4082,1.00,1.34
2015.08.25 16:47:46.743,2.40732,2.4082,1.00,1.34
2015.08.25 16:47:49.879,2.40731,2.40823,1.00,1.34
2015.08.25 16:47:50.031,2.40731,2.40823,1.00,1.34
2015.08.25 16:47:59.389,2.40742,2.40829,1.00,1.84
2015.08.25 16:47:59.558,2.40732,2.40829,1.00,1.84
2015.08.25 16:48:00.618,2.40731,2.40829,1.00,1.84
2015.08.25 16:48:01.648,2.40732,2.40829,1.00,1.84
2015.08.25 16:48:03.186,2.40731,2.40826,1.00,1.34
2015.08.25 16:48:04.510,2.40732,2.40826,1.00,1.34
2015.08.25 16:48:06.050,2.40731,2.40826,1.00,1.34
2015.08.25 16:48:07.170,2.40742,2.40826,1.00,1.34
2015.08.25 16:48:07.271,2.40731,2.40826,1.00,1.34
2015.08.25 16:48:07.373,2.40741,2.40828,1.00,1.34
2015.08.25 16:48:07.625,2.40731,2.40827,1.00,1.34
2015.08.25 16:48:08.392,2.40722,2.40817,1.00,1.34
2015.08.25 16:48:08.848,2.40732,2.40823,1.00,1.09
2015.08.25 16:48:09.793,2.40731,2.40823,1.00,1.09
2015.08.25 16:48:10.297,2.40732,2.40823,1.00,1.09
2015.08.25 16:48:10.798,2.40731,2.40823,1.00,1.09
2015.08.25 16:48:11.513,2.40732,2.40823,1.00,1.09
2015.08.25 16:48:13.337,2.40721,2.40823,1.00,1.09
2015.08.25 16:48:20.458,2.40711,2.40819,1.00,1.34
2015.08.25 16:48:21.777,2.40712,2.40818,1.00,1.84
2015.08.25 16:48:22.344,2.40722,2.40816,1.00,1.34
2015.08.25 16:48:23.060,2.40731,2.40823,1.00,1.09
2015.08.25 16:48:23.999,2.40721,2.40826,1.00,1.84
2015.08.25 16:48:24.664,2.40722,2.40816,1.00,1.34
2015.08.25 16:48:27.191,2.40721,2.4082,1.00,1.34
2015.08.25 16:48:27.293,2.40711,2.40819,1.00,1.34
2015.08.25 16:48:27.987,2.40722,2.4082,1.00,1.71
2015.08.25 16:48:28.038,2.40712,2.40816,1.00,1.09
2015.08.25 16:48:28.200,2.40721,2.40816,1.00,1.84
2015.08.25 16:48:30.614,2.40722,2.40816,1.00,1.09
2015.08.25 16:48:31.987,2.40712,2.40816,1.00,2.59
2015.08.25 16:48:33.681,2.40721,2.40816,1.00,1.09
2015.08.25 16:48:36.737,2.40722,2.40816,1.00,1.84
2015.08.25 16:48:37.410,2.40721,2.40814,1.00,1.34
2015.08.25 16:48:37.628,2.40712,2.40813,1.00,1.34
2015.08.25 16:48:40.627,2.40721,2.40827,1.00,1.71
2015.08.25 16:48:42.913,2.40722,2.40826,1.00,1.46
2015.08.25 16:48:43.696,2.40721,2.40826,1.00,1.46
2015.08.25 16:48:44.327,2.40722,2.40826,1.00,1.46
2015.08.25 16:48:44.578,2.40722,2.40826,1.00,1.12
2015.08.25 16:48:44.679,2.40712,2.40826,1.00,1.12
2015.08.25 16:48:45.872,2.40741,2.40826,1.00,1.00
2015.08.25 16:48:45.923,2.40741,2.40857,1.00,2.25
2015.08.25 16:48:46.351,2.40751,2.40854,1.00,1.75
2015.08.25 16:48:46.637,2.40742,2.40847,1.00,1.00
2015.08.25 16:48:47.469,2.40742,2.40846,1.00,1.00
2015.08.25 16:48:48.059,2.40742,2.40855,1.00,1.75
2015.08.25 16:48:48.902,2.40741,2.40856,1.00,1.75
2015.08.25 16:48:48.953,2.40752,2.40856,1.00,1.75
2015.08.25 16:48:50.315,2.40742,2.40856,1.00,1.75
2015.08.25 16:48:51.930,2.40751,2.40856,1.00,1.75
2015.08.25 16:48:52.031,2.40742,2.40857,1.00,1.75
2015.08.25 16:48:52.182,2.40732,2.40857,1.87,1.75
2015.08.25 16:48:52.284,2.40742,2.40857,1.00,1.75
2015.08.25 16:48:52.385,2.40731,2.40856,1.37,1.75
2015.08.25 16:48:53.562,2.40732,2.40847,1.37,1.00
2015.08.25 16:48:54.506,2.40732,2.40846,1.37,1.00
2015.08.25 16:48:55.111,2.40732,2.40854,1.37,1.09
2015.08.25 16:48:55.168,2.40732,2.40847,1.37,1.00
2015.08.25 16:48:56.855,2.40731,2.40846,1.37,1.00
2015.08.25 16:48:57.227,2.40742,2.40847,1.00,1.00
2015.08.25 16:48:57.277,2.40742,2.40854,1.00,1.09
2015.08.25 16:48:57.430,2.40732,2.40854,1.37,1.09
2015.08.25 16:48:57.639,2.40741,2.40854,1.00,1.09
2015.08.25 16:48:58.850,2.40732,2.40854,1.37,1.09
2015.08.25 16:49:00.531,2.40742,2.40854,1.00,1.09
2015.08.25 16:49:01.414,2.40742,2.40853,1.00,1.00
2015.08.25 16:49:04.600,2.40731,2.40855,1.75,1.09
2015.08.25 16:49:04.701,2.40742,2.40855,1.00,1.09
2015.08.25 16:49:05.262,2.40732,2.40855,1.75,1.09
2015.08.25 16:49:05.372,2.40732,2.4085,1.75,1.00
2015.08.25 16:49:05.711,2.40732,2.40846,1.75,1.00
2015.08.25 16:49:05.946,2.40732,2.40851,1.75,1.00
2015.08.25 16:49:06.853,2.40732,2.40852,1.75,1.00
2015.08.25 16:49:07.389,2.40731,2.40855,2.25,1.09
2015.08.25 16:49:12.481,2.40742,2.40853,1.00,1.12
2015.08.25 16:49:12.816,2.40732,2.40853,1.75,1.12
2015.08.25 16:49:13.408,2.40732,2.40852,1.75,1.00
2015.08.25 16:49:13.459,2.40732,2.40846,1.75,1.00
2015.08.25 16:49:14.724,2.40741,2.40846,1.00,1.00
2015.08.25 16:49:14.775,2.40731,2.40846,1.37,1.37
2015.08.25 16:49:15.545,2.40732,2.40846,1.00,1.75
2015.08.25 16:49:16.425,2.40732,2.40846,1.00,1.75
2015.08.25 16:49:16.475,2.40711,2.40813,1.00,1.37
2015.08.25 16:49:16.577,2.40691,2.40813,1.00,1.84
2015.08.25 16:49:17.224,2.40692,2.40807,1.00,2.25
2015.08.25 16:49:25.595,2.40691,2.40806,1.00,1.50
2015.08.25 16:49:26.481,2.40692,2.40805,1.00,1.37
2015.08.25 16:49:27.106,2.40691,2.40809,1.00,1.75
2015.08.25 16:49:28.721,2.40692,2.40808,1.00,1.75
2015.08.25 16:49:28.781,2.40691,2.40801,1.00,1.00
2015.08.25 16:49:29.325,2.40691,2.40802,1.00,1.00
2015.08.25 16:49:30.510,2.40692,2.40802,1.00,1.00
2015.08.25 16:49:30.561,2.40681,2.40799,1.75,1.00
2015.08.25 16:49:30.662,2.40681,2.40801,1.75,1.00
2015.08.25 16:49:30.977,2.40692,2.40801,1.00,1.00
2015.08.25 16:49:31.328,2.40692,2.40804,1.00,1.37
2015.08.25 16:49:32.110,2.40683,2.40806,1.75,1.50
2015.08.25 16:49:32.317,2.40691,2.40809,1.00,1.75
2015.08.25 16:49:32.824,2.40692,2.40806,1.00,1.50
2015.08.25 16:49:33.526,2.40683,2.40806,1.50,1.50
2015.08.25 16:49:35.346,2.40691,2.40803,1.00,1.12
2015.08.25 16:49:36.338,2.40682,2.40803,1.75,1.12
2015.08.25 16:49:37.257,2.40682,2.40802,1.75,1.00
2015.08.25 16:49:38.257,2.40682,2.40805,1.75,1.37
2015.08.25 16:49:42.407,2.40692,2.40807,1.00,2.25
2015.08.25 16:49:43.664,2.40691,2.40812,1.00,1.75
2015.08.25 16:49:47.784,2.40691,2.4081,1.12,1.50
2015.08.25 16:49:48.587,2.40701,2.40813,1.00,1.09
2015.08.25 16:49:49.599,2.40692,2.40809,1.00,1.37
2015.08.25 16:49:51.569,2.40696,2.40813,1.00,1.09
2015.08.25 16:49:51.871,2.40702,2.40813,1.00,1.09
2015.08.25 16:49:52.646,2.40701,2.40813,1.00,1.09
2015.08.25 16:49:53.190,2.40702,2.4081,1.00,1.50
2015.08.25 16:49:54.183,2.40712,2.40813,1.00,1.09
2015.08.25 16:49:54.837,2.40701,2.40813,1.00,1.09
2015.08.25 16:49:55.385,2.40702,2.40813,1.00,1.09
2015.08.25 16:49:57.585,2.40701,2.40813,1.00,1.09
2015.08.25 16:49:58.689,2.40711,2.40813,1.00,1.09
2015.08.25 16:49:59.125,2.40702,2.40813,1.00,1.09
2015.08.25 16:50:00.794,2.40701,2.40813,1.00,1.09
2015.08.25 16:50:01.216,2.40712,2.40813,1.00,1.09
2015.08.25 16:50:01.901,2.40702,2.40813,1.00,1.09
2015.08.25 16:50:02.624,2.40702,2.4082,1.00,1.09
2015.08.25 16:50:02.675,2.40711,2.4082,1.00,1.09
2015.08.25 16:50:03.452,2.40702,2.4082,1.00,1.09
2015.08.25 16:50:06.060,2.40712,2.4082,1.00,1.09
2015.08.25 16:50:09.821,2.40711,2.4082,1.00,1.09
2015.08.25 16:50:10.354,2.40712,2.4082,1.00,1.09
2015.08.25 16:50:13.330,2.40703,2.4082,1.00,1.09
2015.08.25 16:50:14.282,2.40702,2.4082,1.00,1.09
2015.08.25 16:50:16.060,2.40701,2.4082,1.12,1.09
2015.08.25 16:50:17.371,2.40701,2.4082,1.12,1.09
2015.08.25 16:50:21.729,2.40701,2.40813,1.00,1.37
2015.08.25 16:50:21.830,2.40692,2.40814,2.25,1.84
2015.08.25 16:50:22.364,2.40696,2.40814,1.00,1.09
2015.08.25 16:50:22.828,2.40701,2.40814,1.00,1.09
2015.08.25 16:50:24.040,2.40702,2.40814,1.00,1.09
2015.08.25 16:50:24.650,2.40701,2.40814,1.00,1.09
2015.08.25 16:50:26.292,2.40702,2.40814,1.50,1.09
2015.08.25 16:50:31.446,2.40701,2.40814,1.50,1.09
2015.08.25 16:50:31.947,2.40702,2.40814,1.00,1.09
2015.08.25 16:50:34.534,2.40701,2.40814,1.00,1.09
2015.08.25 16:50:39.214,2.40701,2.40814,1.00,1.09
2015.08.25 16:50:41.434,2.40711,2.40814,1.00,1.09
2015.08.25 16:50:42.106,2.40712,2.40814,1.00,1.09
2015.08.25 16:50:43.354,2.40731,2.40837,1.00,2.25
2015.08.25 16:50:43.455,2.40731,2.40846,1.75,1.34
2015.08.25 16:50:44.126,2.40742,2.40846,1.00,1.34
2015.08.25 16:50:44.318,2.40732,2.40846,1.75,1.34
2015.08.25 16:50:45.405,2.40732,2.40846,1.00,1.84
2015.08.25 16:50:46.298,2.40722,2.40846,1.75,2.59
2015.08.25 16:50:47.849,2.40732,2.40846,1.00,1.84
2015.08.25 16:50:48.303,2.40721,2.40846,1.75,1.84
2015.08.25 16:50:48.815,2.40731,2.40846,1.00,1.84
2015.08.25 16:50:50.826,2.40732,2.40846,1.00,1.09
2015.08.25 16:50:51.693,2.40731,2.40846,1.00,1.09
2015.08.25 16:50:51.995,2.40742,2.40846,1.00,1.84
2015.08.25 16:50:52.682,2.40741,2.40846,1.00,1.34
2015.08.25 16:50:53.778,2.40731,2.40853,2.25,1.34
2015.08.25 16:50:55.277,2.40731,2.40847,1.75,1.34
2015.08.25 16:50:55.328,2.40752,2.40847,1.00,1.34
2015.08.25 16:50:56.855,2.40741,2.40849,1.00,1.34
2015.08.25 16:50:56.906,2.40752,2.40851,1.00,1.34
2015.08.25 16:50:58.634,2.40751,2.40849,1.00,1.34
2015.08.25 16:50:59.277,2.40752,2.40846,1.00,1.09
2015.08.25 16:50:59.429,2.40732,2.40846,1.00,1.84
2015.08.25 16:51:00.282,2.40731,2.40846,1.00,1.84
2015.08.25 16:51:03.061,2.40732,2.40846,1.00,1.84
2015.08.25 16:51:09.069,2.40728,2.40846,1.12,1.84
2015.08.25 16:51:10.499,2.40732,2.40846,1.00,1.84
2015.08.25 16:51:11.598,2.40742,2.40846,1.00,1.84
2015.08.25 16:51:12.130,2.40741,2.40846,1.00,1.84
2015.08.25 16:51:12.949,2.40742,2.40837,1.00,1.09
2015.08.25 16:51:17.233,2.40731,2.40837,1.00,1.09
2015.08.25 16:51:17.435,2.40731,2.40836,1.00,1.09
2015.08.25 16:51:20.289,2.40741,2.40835,1.00,1.75
2015.08.25 16:51:20.728,2.40731,2.40835,1.00,1.75
2015.08.25 16:51:21.366,2.40732,2.40835,1.00,1.75
2015.08.25 16:51:22.597,2.40731,2.40835,1.00,1.75
2015.08.25 16:51:23.917,2.40711,2.40826,1.00,1.75
2015.08.25 16:51:24.322,2.40712,2.40824,1.00,1.75
2015.08.25 16:51:24.658,2.40712,2.40822,1.00,1.75
2015.08.25 16:51:25.305,2.40711,2.40822,1.00,1.75
2015.08.25 16:51:27.088,2.40692,2.40796,1.00,3.00
2015.08.25 16:51:28.908,2.40702,2.40795,1.00,1.09
2015.08.25 16:51:31.322,2.40701,2.40795,1.00,1.09
2015.08.25 16:51:32.762,2.40702,2.40794,1.00,1.75
2015.08.25 16:51:33.291,2.40701,2.40794,1.00,1.75
2015.08.25 16:51:34.987,2.40702,2.40794,1.00,1.75
2015.08.25 16:51:35.139,2.40691,2.40792,1.00,1.75
2015.08.25 16:51:35.843,2.40702,2.40793,1.00,1.75
2015.08.25 16:51:36.753,2.40701,2.40794,1.00,1.75
2015.08.25 16:51:37.357,2.40682,2.40786,1.00,1.00
2015.08.25 16:51:37.776,2.40691,2.40786,1.00,1.00
2015.08.25 16:51:39.465,2.40681,2.40786,1.00,1.75
2015.08.25 16:51:41.298,2.40691,2.40787,1.00,1.75
2015.08.25 16:51:41.500,2.40692,2.40791,1.00,1.09
2015.08.25 16:51:41.630,2.40701,2.40791,1.00,1.09
2015.08.25 16:51:42.290,2.40702,2.40791,1.00,1.09
2015.08.25 16:51:46.599,2.40692,2.40791,1.00,1.09
2015.08.25 16:51:47.233,2.40691,2.40791,1.00,1.84
2015.08.25 16:51:48.117,2.40692,2.40791,1.00,1.84
2015.08.25 16:51:48.901,2.40711,2.40791,1.00,1.09
2015.08.25 16:51:48.957,2.40711,2.40797,1.00,1.34
2015.08.25 16:51:50.395,2.40712,2.40802,1.00,1.09
2015.08.25 16:51:50.547,2.40712,2.40817,1.00,1.37
2015.08.25 16:51:50.648,2.40722,2.40817,1.00,1.37
2015.08.25 16:51:51.111,2.40732,2.40822,1.00,1.09
2015.08.25 16:51:52.844,2.40722,2.40818,1.00,1.09
2015.08.25 16:51:54.518,2.40732,2.40818,1.00,1.09
2015.08.25 16:51:55.377,2.40761,2.40831,1.00,1.75
2015.08.25 16:51:55.428,2.40761,2.40835,1.00,1.75
2015.08.25 16:51:56.230,2.40762,2.40838,1.00,1.75
2015.08.25 16:51:56.533,2.40762,2.40845,1.00,1.09
2015.08.25 16:51:57.605,2.40761,2.40845,1.00,1.09
2015.08.25 16:52:00.366,2.40751,2.40845,1.00,1.09
2015.08.25 16:52:00.467,2.40762,2.40845,1.00,1.09
2015.08.25 16:52:00.568,2.40751,2.40845,1.00,1.09
2015.08.25 16:52:00.669,2.40771,2.40845,1.00,1.09
2015.08.25 16:52:01.891,2.40772,2.40845,1.00,1.09
2015.08.25 16:52:02.643,2.40771,2.40845,1.00,1.09
2015.08.25 16:52:03.522,2.40772,2.40845,1.00,1.09
2015.08.25 16:52:04.197,2.40771,2.40845,1.00,1.09
2015.08.25 16:52:05.799,2.40772,2.40845,1.00,1.09
2015.08.25 16:52:07.705,2.40771,2.40845,1.00,1.09
2015.08.25 16:52:08.008,2.40771,2.40843,1.00,1.09
2015.08.25 16:52:08.392,2.40762,2.40843,1.00,1.09
2015.08.25 16:52:08.544,2.40762,2.4085,1.00,1.75
2015.08.25 16:52:09.252,2.40761,2.4085,1.00,1.75
2015.08.25 16:52:10.236,2.40762,2.40851,1.00,1.75
2015.08.25 16:52:11.007,2.40761,2.40851,1.00,1.75
2015.08.25 16:52:11.766,2.40751,2.40851,1.00,1.75
2015.08.25 16:52:16.055,2.40761,2.40851,1.00,1.75
2015.08.25 16:52:21.116,2.40762,2.4085,1.00,1.75
2015.08.25 16:52:22.577,2.40762,2.40848,1.00,1.75
2015.08.25 16:52:22.931,2.40751,2.40849,1.00,1.75
2015.08.25 16:52:23.032,2.40762,2.40848,1.00,1.75
2015.08.25 16:52:23.337,2.40751,2.40848,1.00,1.75
2015.08.25 16:52:24.165,2.40752,2.40848,1.00,1.75
2015.08.25 16:52:25.095,2.40762,2.40848,1.00,1.75
2015.08.25 16:52:27.783,2.40762,2.40835,1.00,1.75
2015.08.25 16:52:27.833,2.40751,2.4083,1.00,1.09
2015.08.25 16:52:27.884,2.40742,2.4083,1.00,1.09
2015.08.25 16:52:28.389,2.40741,2.4083,1.00,1.09
2015.08.25 16:52:28.439,2.40752,2.4083,1.00,1.09
2015.08.25 16:52:28.641,2.40741,2.4083,1.00,1.09
2015.08.25 16:52:29.825,2.40722,2.40834,1.00,1.84
2015.08.25 16:52:30.329,2.40721,2.40815,1.00,1.00
2015.08.25 16:52:30.380,2.40711,2.40815,1.00,1.00
2015.08.25 16:52:30.431,2.40711,2.40818,1.00,1.37
2015.08.25 16:52:30.481,2.40711,2.40818,1.00,1.75
2015.08.25 16:52:31.067,2.40701,2.40818,1.00,1.75
2015.08.25 16:52:33.073,2.40702,2.40822,1.00,1.75
2015.08.25 16:52:35.679,2.40701,2.40817,1.00,1.75
2015.08.25 16:52:37.364,2.40711,2.40821,1.00,1.75
2015.08.25 16:52:38.463,2.40712,2.4082,1.00,1.75
2015.08.25 16:52:41.236,2.40711,2.40821,1.00,1.75
2015.08.25 16:52:42.615,2.40712,2.40821,1.00,1.75
2015.08.25 16:52:44.017,2.40711,2.40817,1.00,1.75
2015.08.25 16:52:44.269,2.40701,2.40817,1.00,2.25
2015.08.25 16:52:45.270,2.40702,2.40816,1.00,1.75
2015.08.25 16:52:45.675,2.40702,2.4081,1.00,1.75
2015.08.25 16:52:47.129,2.40692,2.40789,1.00,1.09
2015.08.25 16:52:47.685,2.40692,2.40784,1.00,1.09
2015.08.25 16:52:47.887,2.40682,2.40781,1.00,1.75
2015.08.25 16:52:48.038,2.40682,2.40777,1.00,1.71
2015.08.25 16:52:48.089,2.40671,2.40777,1.00,1.71
2015.08.25 16:52:49.297,2.40672,2.40777,1.00,2.21
2015.08.25 16:52:49.858,2.40671,2.4077,1.00,1.09
2015.08.25 16:52:54.618,2.40672,2.4077,1.00,1.09
2015.08.25 16:52:55.368,2.40661,2.40768,1.00,1.75
2015.08.25 16:52:56.124,2.40661,2.40766,1.00,1.75
2015.08.25 16:52:57.596,2.40662,2.40761,1.00,1.75
2015.08.25 16:52:58.325,2.40651,2.40758,1.00,1.75
2015.08.25 16:52:58.476,2.40662,2.40759,1.00,1.75
2015.08.25 16:53:00.625,2.40652,2.40759,1.00,1.75
2015.08.25 16:53:00.777,2.40662,2.40767,1.00,1.75
2015.08.25 16:53:01.327,2.40661,2.40768,1.00,1.75
2015.08.25 16:53:03.266,2.40662,2.40768,1.00,3.00
2015.08.25 16:53:08.780,2.40651,2.40768,1.00,3.00
2015.08.25 16:53:09.316,2.40661,2.40768,1.00,3.00
2015.08.25 16:53:10.753,2.40642,2.40765,1.00,1.75
2015.08.25 16:53:11.046,2.40644,2.40765,1.00,1.75
2015.08.25 16:53:11.147,2.40644,2.40766,1.50,2.25
2015.08.25 16:53:12.615,2.40645,2.40765,1.00,1.75
2015.08.25 16:53:14.663,2.40648,2.40767,1.00,1.75
2015.08.25 16:53:14.926,2.40643,2.40768,1.00,2.25
2015.08.25 16:53:15.228,2.40639,2.40767,1.00,1.75
2015.08.25 16:53:16.068,2.40644,2.40767,1.00,1.75
2015.08.25 16:53:16.119,2.40642,2.40766,1.00,1.75
2015.08.25 16:53:17.042,2.4064,2.40769,1.00,2.25
2015.08.25 16:53:17.125,2.40642,2.40769,1.00,1.75
2015.08.25 16:53:18.744,2.40639,2.40766,1.00,1.75
2015.08.25 16:53:19.928,2.40643,2.40766,1.00,1.75
2015.08.25 16:53:20.559,2.40638,2.40765,1.00,1.75
2015.08.25 16:53:22.019,2.40639,2.40765,1.00,1.75
2015.08.25 16:53:22.078,2.40642,2.40765,1.00,1.75
2015.08.25 16:53:22.621,2.40641,2.40766,1.00,1.75
2015.08.25 16:53:23.565,2.40644,2.40765,1.00,1.75
2015.08.25 16:53:24.474,2.40643,2.40767,1.00,1.75
2015.08.25 16:53:25.386,2.40643,2.40767,1.50,1.75
2015.08.25 16:53:25.578,2.40654,2.40769,1.00,1.75
2015.08.25 16:53:26.456,2.40655,2.4077,1.00,1.84
2015.08.25 16:53:27.100,2.40656,2.4077,1.00,1.84
2015.08.25 16:53:27.151,2.40658,2.4077,1.00,1.09
2015.08.25 16:53:27.332,2.40663,2.4077,1.00,1.09
2015.08.25 16:53:28.600,2.40664,2.40784,1.37,1.09
2015.08.25 16:53:29.238,2.40674,2.40786,1.00,1.09
2015.08.25 16:53:30.847,2.40664,2.40786,2.25,1.84
2015.08.25 16:53:32.322,2.40673,2.40786,1.00,1.09
2015.08.25 16:53:33.153,2.40664,2.40786,3.00,1.84
2015.08.25 16:53:44.723,2.40664,2.40779,1.00,1.09
2015.08.25 16:53:47.222,2.40659,2.40777,1.12,1.71
2015.08.25 16:53:49.894,2.4066,2.40777,1.00,1.71
2015.08.25 16:53:51.883,2.40661,2.40777,1.00,1.71
2015.08.25 16:53:55.829,2.40655,2.40777,1.75,1.71
2015.08.25 16:53:56.833,2.40658,2.40777,1.37,1.37
2015.08.25 16:53:56.934,2.40661,2.40777,1.00,1.37
2015.08.25 16:53:57.598,2.4066,2.40781,1.00,2.25
2015.08.25 16:53:58.285,2.40652,2.40767,1.00,1.50
2015.08.25 16:53:58.629,2.40654,2.40776,1.00,2.25
2015.08.25 16:54:01.033,2.40659,2.40771,1.00,1.75
2015.08.25 16:54:01.336,2.40664,2.40785,1.00,2.25
2015.08.25 16:54:01.387,2.40664,2.40785,1.00,2.25
2015.08.25 16:54:02.089,2.40659,2.40776,1.50,1.00
2015.08.25 16:54:02.665,2.40663,2.40787,1.00,1.75
2015.08.25 16:54:03.668,2.40662,2.40777,1.00,1.12
2015.08.25 16:54:04.724,2.4067,2.40777,1.00,1.12
2015.08.25 16:54:04.875,2.40674,2.40796,1.00,1.75
2015.08.25 16:54:05.518,2.40684,2.40802,1.00,1.75
2015.08.25 16:54:05.825,2.40685,2.40801,1.00,1.50
2015.08.25 16:54:05.876,2.40685,2.40801,1.00,1.12
2015.08.25 16:54:05.927,2.40687,2.40801,1.00,1.12
2015.08.25 16:54:06.464,2.40686,2.40805,1.00,1.09
2015.08.25 16:54:07.069,2.40695,2.40805,1.00,1.09
2015.08.25 16:54:07.272,2.40695,2.40816,1.75,1.00
2015.08.25 16:54:07.373,2.40704,2.40819,1.00,1.37
2015.08.25 16:54:07.475,2.40695,2.40817,1.75,1.12
2015.08.25 16:54:08.037,2.40695,2.40816,1.75,1.00
2015.08.25 16:54:09.529,2.40694,2.40815,1.75,1.00
2015.08.25 16:54:09.731,2.40694,2.40813,1.75,1.00
2015.08.25 16:54:10.741,2.40694,2.40814,1.75,1.00
2015.08.25 16:54:11.333,2.40693,2.40815,2.25,1.00
2015.08.25 16:54:11.736,2.40693,2.40815,1.87,1.37
2015.08.25 16:54:11.786,2.40693,2.40815,1.50,1.75
2015.08.25 16:54:15.121,2.40691,2.40807,1.00,1.37
2015.08.25 16:54:15.176,2.40679,2.40802,1.00,1.75
2015.08.25 16:54:15.556,2.40681,2.40803,1.00,1.75
2015.08.25 16:54:15.944,2.40684,2.40803,1.00,1.75
2015.08.25 16:54:18.692,2.40683,2.40805,1.00,1.75
2015.08.25 16:54:20.817,2.40684,2.40804,1.00,1.75
2015.08.25 16:54:21.873,2.40679,2.408,1.00,1.75
2015.08.25 16:54:24.959,2.4068,2.40802,1.00,1.75
2015.08.25 16:54:25.867,2.40679,2.40801,1.00,1.75
2015.08.25 16:54:26.663,2.40675,2.40795,1.50,1.37
2015.08.25 16:54:26.764,2.40673,2.40791,1.75,1.00
2015.08.25 16:54:27.067,2.40667,2.40786,1.00,1.50
2015.08.25 16:54:27.741,2.40674,2.40794,1.00,1.75
2015.08.25 16:54:33.785,2.40673,2.40796,1.00,1.75
2015.08.25 16:54:35.851,2.40673,2.40797,1.87,2.25
2015.08.25 16:54:35.902,2.40676,2.40796,1.50,1.12
2015.08.25 16:54:35.953,2.40683,2.40798,1.00,1.75
2015.08.25 16:54:41.943,2.40684,2.40805,1.00,2.25
2015.08.25 16:54:42.804,2.40683,2.40805,1.00,2.25
2015.08.25 16:54:44.270,2.40684,2.40805,1.00,2.25
2015.08.25 16:54:45.384,2.40683,2.40798,1.00,1.75
2015.08.25 16:54:46.505,2.40684,2.40805,1.00,1.75
2015.08.25 16:54:47.213,2.40685,2.40805,1.00,1.75
2015.08.25 16:54:47.737,2.40684,2.408,1.00,1.75
2015.08.25 16:54:47.838,2.40673,2.408,1.75,1.75
2015.08.25 16:54:47.889,2.40673,2.40796,1.37,1.50
2015.08.25 16:54:47.939,2.40673,2.4079,1.00,1.75
2015.08.25 16:54:48.302,2.40666,2.40787,1.00,1.75
2015.08.25 16:54:48.353,2.40663,2.40787,1.00,1.75
2015.08.25 16:54:49.237,2.40664,2.40778,1.00,1.12
2015.08.25 16:54:49.809,2.40663,2.40787,1.00,1.75
2015.08.25 16:54:49.910,2.40665,2.40777,1.00,1.00
2015.08.25 16:54:50.721,2.40674,2.4079,1.00,1.75
2015.08.25 16:54:50.823,2.40673,2.40797,1.00,2.25
2015.08.25 16:54:51.353,2.40674,2.4079,1.00,1.37
2015.08.25 16:54:53.442,2.40665,2.40787,1.75,1.00
2015.08.25 16:54:54.774,2.40673,2.4079,1.00,1.37
2015.08.25 16:54:58.491,2.40673,2.40783,1.00,1.37
2015.08.25 16:54:58.643,2.40664,2.40783,1.00,1.75
2015.08.25 16:55:00.372,2.40655,2.40777,1.75,1.00
2015.08.25 16:55:02.497,2.40687,2.4079,1.00,1.00
2015.08.25 16:55:02.751,2.40699,2.40806,1.00,1.00
2015.08.25 16:55:03.270,2.40699,2.40807,1.00,1.09
2015.08.25 16:55:05.482,2.40698,2.40807,1.00,1.09
2015.08.25 16:55:06.053,2.40705,2.40808,1.00,1.34
2015.08.25 16:55:06.732,2.40704,2.40808,1.00,1.34
2015.08.25 16:55:07.715,2.40703,2.40808,1.00,1.34
2015.08.25 16:55:08.040,2.40699,2.40799,1.00,1.00
2015.08.25 16:55:08.091,2.40689,2.40799,1.75,1.00
2015.08.25 16:55:08.142,2.40686,2.40789,1.75,1.00
2015.08.25 16:55:08.243,2.40686,2.40789,1.00,1.00
2015.08.25 16:55:08.446,2.40686,2.40778,1.00,1.00
2015.08.25 16:55:08.995,2.4067,2.40778,1.00,1.00
2015.08.25 16:55:09.096,2.40658,2.40777,1.75,1.00
2015.08.25 16:55:11.094,2.40667,2.40777,1.00,1.00
2015.08.25 16:55:11.308,2.40667,2.40786,1.00,1.75
2015.08.25 16:55:11.410,2.40674,2.40789,1.00,1.75
2015.08.25 16:55:12.399,2.40673,2.40794,1.00,1.75
2015.08.25 16:55:12.915,2.40667,2.40787,1.00,1.75
2015.08.25 16:55:13.419,2.40668,2.40787,1.00,1.75
2015.08.25 16:55:13.992,2.40673,2.40794,1.00,1.75
2015.08.25 16:55:18.736,2.40673,2.40797,1.37,1.50
2015.08.25 16:55:18.787,2.40673,2.40797,1.75,1.50
2015.08.25 16:55:20.892,2.40683,2.40797,1.00,1.50
2015.08.25 16:55:21.528,2.40675,2.40796,1.50,1.37
2015.08.25 16:55:25.909,2.40691,2.40798,1.00,1.84
2015.08.25 16:55:27.999,2.40692,2.40798,1.00,1.09
2015.08.25 16:55:28.304,2.40691,2.40807,1.00,1.71
2015.08.25 16:55:32.106,2.4069,2.40807,1.00,1.71
2015.08.25 16:55:34.109,2.40698,2.40807,1.00,1.71
2015.08.25 16:55:35.112,2.40694,2.40806,1.00,1.71
2015.08.25 16:55:37.147,2.40698,2.40806,1.00,1.71
2015.08.25 16:55:37.943,2.40699,2.40806,1.00,1.71
2015.08.25 16:55:37.994,2.40696,2.40806,1.00,1.71
2015.08.25 16:55:38.853,2.40695,2.40806,1.00,1.71
2015.08.25 16:55:40.136,2.40694,2.40806,1.00,1.71
2015.08.25 16:55:42.753,2.40695,2.40807,1.00,1.71
2015.08.25 16:55:43.410,2.4069,2.40805,1.00,1.09
2015.08.25 16:55:43.566,2.40688,2.40805,1.00,1.09
2015.08.25 16:55:44.962,2.40685,2.40801,1.37,1.34
2015.08.25 16:55:47.936,2.40684,2.40796,1.37,1.00
2015.08.25 16:55:51.872,2.40675,2.40795,3.00,1.00
2015.08.25 16:55:51.973,2.40676,2.40795,1.00,1.75
2015.08.25 16:55:52.729,2.40677,2.40796,1.00,1.75
2015.08.25 16:55:52.881,2.40679,2.40796,1.00,1.75
2015.08.25 16:55:56.254,2.40683,2.408,1.00,1.75
2015.08.25 16:56:00.635,2.40684,2.40797,1.00,1.75
2015.08.25 16:56:01.155,2.40683,2.40797,1.00,1.75
2015.08.25 16:56:02.855,2.40678,2.40796,1.00,1.75
2015.08.25 16:56:02.961,2.40675,2.40796,1.50,2.25
2015.08.25 16:56:03.112,2.40683,2.40796,1.00,1.75
2015.08.25 16:56:03.294,2.40675,2.40797,1.00,1.75
2015.08.25 16:56:03.532,2.40684,2.40797,1.00,1.75
2015.08.25 16:56:05.621,2.40675,2.40797,1.00,2.25
2015.08.25 16:56:06.786,2.40674,2.40792,1.00,1.75
2015.08.25 16:56:06.887,2.40673,2.40785,1.00,1.00
2015.08.25 16:56:07.189,2.40655,2.40776,1.75,1.00
2015.08.25 16:56:08.420,2.40648,2.40766,1.00,1.50
2015.08.25 16:56:10.342,2.40652,2.40766,1.00,1.50
2015.08.25 16:56:17.112,2.4065,2.40767,1.00,1.75
2015.08.25 16:56:20.461,2.40652,2.40767,1.00,2.25
2015.08.25 16:56:20.918,2.40654,2.40767,1.00,1.75
2015.08.25 16:56:21.461,2.40655,2.40768,1.00,1.75
2015.08.25 16:56:22.869,2.40654,2.40765,1.00,1.75
2015.08.25 16:56:25.244,2.40653,2.40765,1.00,1.75
2015.08.25 16:56:26.028,2.40654,2.40765,1.00,1.75
2015.08.25 16:56:26.606,2.40654,2.40759,1.00,1.00
2015.08.25 16:56:28.533,2.40651,2.40758,1.00,1.00
2015.08.25 16:56:28.664,2.40649,2.40758,1.00,1.00
2015.08.25 16:56:28.765,2.40644,2.40758,1.12,1.00
2015.08.25 16:56:29.442,2.40642,2.40757,1.37,1.00
2015.08.25 16:56:30.462,2.40634,2.40728,1.00,1.00
2015.08.25 16:56:30.513,2.40625,2.40728,1.00,1.00
2015.08.25 16:56:31.017,2.40612,2.40727,1.87,1.00
2015.08.25 16:56:32.338,2.40611,2.40726,1.37,1.00
2015.08.25 16:56:32.443,2.40611,2.40729,1.37,1.50
2015.08.25 16:56:33.104,2.40611,2.40726,1.37,1.00
2015.08.25 16:56:36.829,2.40598,2.40717,1.00,1.75
2015.08.25 16:56:37.082,2.40596,2.40717,1.00,1.75
2015.08.25 16:56:37.615,2.40595,2.40717,1.12,1.75
2015.08.25 16:56:51.858,2.40594,2.40714,1.00,1.75
2015.08.25 16:56:52.471,2.40604,2.40726,1.00,2.25
2015.08.25 16:56:53.015,2.40604,2.40718,1.00,1.00
2015.08.25 16:56:53.233,2.40598,2.40717,1.75,1.00
2015.08.25 16:56:54.772,2.40598,2.40716,1.75,1.00
2015.08.25 16:56:57.833,2.40594,2.40715,1.75,1.00
2015.08.25 16:56:57.884,2.40593,2.40706,1.75,1.00
2015.08.25 16:56:58.231,2.40589,2.40706,1.50,1.00
2015.08.25 16:56:59.185,2.40584,2.40707,2.25,1.00
2015.08.25 16:56:59.942,2.40584,2.40706,2.25,1.00
2015.08.25 16:57:02.959,2.40584,2.40707,2.25,1.00
2015.08.25 16:57:03.842,2.40584,2.40699,1.75,1.00
2015.08.25 16:57:05.123,2.40584,2.40707,1.75,1.00
2015.08.25 16:57:05.463,2.40584,2.40698,1.75,1.00
2015.08.25 16:57:07.366,2.40583,2.40699,1.75,1.00
2015.08.25 16:57:08.693,2.40584,2.40706,1.75,1.00
2015.08.25 16:57:08.811,2.40584,2.40698,1.75,1.00
2015.08.25 16:57:09.423,2.40584,2.40699,1.75,1.00
2015.08.25 16:57:10.440,2.40584,2.40706,1.75,1.00
2015.08.25 16:57:13.235,2.40583,2.40707,1.75,1.50
2015.08.25 16:57:14.276,2.40583,2.40707,1.37,1.37
2015.08.25 16:57:14.326,2.40583,2.40707,1.00,1.75
2015.08.25 16:57:15.045,2.40584,2.40706,1.00,1.75
2015.08.25 16:57:17.297,2.40583,2.40707,1.00,1.75
2015.08.25 16:57:17.997,2.40584,2.40706,1.00,1.75
2015.08.25 16:57:21.003,2.40585,2.40707,1.87,1.37
2015.08.25 16:57:21.054,2.40589,2.40707,1.75,1.00
2015.08.25 16:57:21.641,2.40593,2.40717,1.12,1.75
2015.08.25 16:57:22.163,2.40594,2.40716,1.00,1.75
2015.08.25 16:57:23.645,2.40593,2.40717,1.12,1.75
2015.08.25 16:57:23.832,2.40593,2.40709,1.12,1.00
2015.08.25 16:57:24.822,2.40593,2.40708,1.12,1.00
2015.08.25 16:57:25.575,2.40593,2.40709,1.12,1.00
2015.08.25 16:57:28.566,2.40594,2.40716,1.00,1.75
2015.08.25 16:57:29.470,2.40593,2.40709,1.12,1.00
2015.08.25 16:57:30.545,2.40593,2.40708,1.87,1.00
2015.08.25 16:57:31.216,2.40583,2.40707,3.00,1.00
2015.08.25 16:57:34.593,2.40589,2.40706,1.75,1.00
2015.08.25 16:57:42.816,2.40584,2.40706,2.25,1.37
2015.08.25 16:57:42.867,2.40584,2.40706,1.50,1.75
2015.08.25 16:57:47.312,2.40579,2.40679,1.37,1.00
2015.08.25 16:57:47.365,2.40563,2.40679,1.12,1.00
2015.08.25 16:57:48.716,2.40553,2.40675,1.75,1.00
2015.08.25 16:57:48.818,2.40553,2.40669,1.00,1.75
2015.08.25 16:57:49.020,2.40545,2.40666,1.75,1.12
2015.08.25 16:57:50.398,2.40543,2.40664,1.50,1.75
2015.08.25 16:57:52.067,2.40547,2.40657,1.00,1.75
2015.08.25 16:57:52.117,2.40542,2.40657,1.50,1.75
2015.08.25 16:57:52.370,2.4054,2.40663,1.00,1.75
2015.08.25 16:57:53.672,2.40527,2.40646,1.37,1.37
2015.08.25 16:57:53.723,2.40524,2.40646,1.00,1.75
2015.08.25 16:57:54.239,2.40523,2.40639,1.00,1.37
2015.08.25 16:57:54.442,2.40515,2.40637,1.37,1.37
2015.08.25 16:57:54.543,2.40515,2.40637,1.00,1.75
2015.08.25 16:57:55.426,2.40514,2.40636,1.00,2.25
2015.08.25 16:57:55.627,2.40508,2.40626,1.50,1.00
2015.08.25 16:57:58.129,2.40504,2.40625,2.25,1.00
2015.08.25 16:57:58.700,2.40504,2.40625,1.37,1.37
2015.08.25 16:57:58.751,2.40504,2.40625,1.00,1.75
2015.08.25 16:57:58.944,2.405,2.40617,1.00,1.37
2015.08.25 16:57:59.459,2.40497,2.40616,1.37,1.37
2015.08.25 16:58:01.920,2.40489,2.40607,3.00,1.00
2015.08.25 16:58:02.637,2.40489,2.40617,1.75,1.37
2015.08.25 16:58:04.073,2.40488,2.40607,1.37,1.37
2015.08.25 16:58:04.124,2.40487,2.40607,1.00,1.75
2015.08.25 16:58:04.874,2.40486,2.40607,1.00,1.75
2015.08.25 16:58:06.352,2.40488,2.40607,1.00,1.75
2015.08.25 16:58:06.687,2.40483,2.40604,1.12,1.75
2015.08.25 16:58:06.839,2.40481,2.40596,1.75,1.00
2015.08.25 16:58:07.592,2.40476,2.40597,1.75,1.00
2015.08.25 16:58:07.895,2.40477,2.40597,1.00,1.75
2015.08.25 16:58:08.501,2.40476,2.40597,1.00,1.75
2015.08.25 16:58:09.397,2.40477,2.40596,1.00,1.75
2015.08.25 16:58:10.121,2.40476,2.40597,1.00,1.75
2015.08.25 16:58:10.454,2.40474,2.40596,1.00,1.75
2015.08.25 16:58:11.245,2.40473,2.40597,1.12,2.25
2015.08.25 16:58:20.301,2.40473,2.40596,1.37,1.37
2015.08.25 16:58:20.352,2.40497,2.40614,1.00,1.75
2015.08.25 16:58:20.571,2.40498,2.40622,1.37,1.75
2015.08.25 16:58:20.803,2.40504,2.40622,1.00,1.75
2015.08.25 16:58:21.120,2.40498,2.40622,1.37,1.75
2015.08.25 16:58:22.278,2.40505,2.40617,1.00,1.50
2015.08.25 16:58:22.574,2.40518,2.40637,1.75,1.00
2015.08.25 16:58:22.726,2.40514,2.40636,1.37,1.37
2015.08.25 16:58:22.777,2.40514,2.40629,1.00,1.09
2015.08.25 16:58:22.928,2.40506,2.40627,1.75,1.46
2015.08.25 16:58:32.055,2.40506,2.40617,1.75,1.00
2015.08.25 16:58:34.052,2.40513,2.40627,1.00,1.46
2015.08.25 16:58:34.153,2.40514,2.40635,1.37,1.71
2015.08.25 16:58:34.461,2.40531,2.40637,1.75,1.34
2015.08.25 16:58:34.562,2.40531,2.40647,1.75,1.00
2015.08.25 16:58:35.860,2.40534,2.40656,1.37,1.75
2015.08.25 16:58:36.995,2.40532,2.40646,1.75,1.00
2015.08.25 16:58:37.730,2.40534,2.40657,1.37,1.84
2015.08.25 16:58:38.170,2.40534,2.40646,1.37,1.00
2015.08.25 16:58:40.272,2.40534,2.40656,1.37,1.75
2015.08.25 16:58:46.992,2.40531,2.40646,1.75,1.00
2015.08.25 16:58:50.282,2.40534,2.40656,1.37,1.75
2015.08.25 16:58:53.745,2.40539,2.40656,1.00,1.75
2015.08.25 16:58:54.334,2.40539,2.40656,1.75,1.00
2015.08.25 16:58:55.770,2.40537,2.40657,1.75,1.09
2015.08.25 16:58:56.183,2.40537,2.40646,1.75,1.00
2015.08.25 16:58:57.947,2.40538,2.40657,1.75,1.09
2015.08.25 16:58:58.743,2.40536,2.40656,2.25,1.00
2015.08.25 16:58:58.849,2.40536,2.40646,2.25,1.00
2015.08.25 16:58:59.069,2.40536,2.40656,1.75,1.00
2015.08.25 16:59:00.821,2.40535,2.40657,3.00,1.09
2015.08.25 16:59:01.437,2.40538,2.40656,1.75,1.00
2015.08.25 16:59:01.960,2.40538,2.40657,1.75,1.09
2015.08.25 16:59:02.501,2.40538,2.40656,1.75,1.00
2015.08.25 16:59:07.454,2.40552,2.40672,1.75,1.34
2015.08.25 16:59:08.585,2.40543,2.40664,2.25,1.09
2015.08.25 16:59:09.208,2.40543,2.40664,1.75,1.09
2015.08.25 16:59:09.542,2.40545,2.40665,1.37,1.09
2015.08.25 16:59:09.592,2.40551,2.40665,1.00,1.09
2015.08.25 16:59:11.476,2.40552,2.40665,1.00,1.09
2015.08.25 16:59:11.779,2.40554,2.40665,1.00,1.09
2015.08.25 16:59:13.990,2.40553,2.40665,1.00,1.09
2015.08.25 16:59:14.635,2.40551,2.40665,1.00,1.09
2015.08.25 16:59:14.691,2.40543,2.40661,1.75,1.00
2015.08.25 16:59:14.792,2.40542,2.40657,1.75,1.00
2015.08.25 16:59:15.329,2.40541,2.40656,1.75,1.00
2015.08.25 16:59:17.516,2.40542,2.40664,1.75,1.50
2015.08.25 16:59:17.849,2.40542,2.40657,1.75,1.00
2015.08.25 16:59:18.390,2.40542,2.40656,1.75,1.00
2015.08.25 16:59:20.281,2.40541,2.40657,1.75,1.00
2015.08.25 16:59:20.935,2.40541,2.40656,1.75,1.00
2015.08.25 16:59:21.669,2.40536,2.40655,1.75,1.00
2015.08.25 16:59:22.599,2.40542,2.40654,1.00,1.09
2015.08.25 16:59:23.619,2.40541,2.40654,1.00,1.09
2015.08.25 16:59:24.440,2.40536,2.40651,1.00,1.46
2015.08.25 16:59:24.490,2.40536,2.40646,1.00,1.00
2015.08.25 16:59:25.004,2.40532,2.40646,2.25,1.00
2015.08.25 16:59:26.438,2.40532,2.40637,1.50,1.00
2015.08.25 16:59:26.540,2.40531,2.40647,1.75,1.00
2015.08.25 16:59:26.910,2.40531,2.40636,1.75,1.00
2015.08.25 16:59:27.420,2.40528,2.40647,1.75,1.00
2015.08.25 16:59:28.718,2.40526,2.40646,2.25,1.00
2015.08.25 16:59:29.820,2.40526,2.40647,1.75,1.00
2015.08.25 16:59:30.579,2.40526,2.40646,1.75,1.00
2015.08.25 16:59:31.379,2.40531,2.40636,1.75,1.00
2015.08.25 16:59:32.997,2.40541,2.40636,1.37,1.00
2015.08.25 16:59:33.048,2.40541,2.40657,1.75,1.34
2015.08.25 16:59:35.042,2.40531,2.40646,1.37,1.37
2015.08.25 16:59:35.093,2.40526,2.40646,1.00,1.50
2015.08.25 16:59:35.294,2.40524,2.40646,1.37,1.84
2015.08.25 16:59:35.596,2.4052,2.40636,1.75,1.00
2015.08.25 16:59:36.809,2.40516,2.40637,1.75,1.00
2015.08.25 16:59:37.313,2.40523,2.40646,1.50,1.09
2015.08.25 16:59:37.889,2.40519,2.40637,1.75,1.00
2015.08.25 16:59:40.839,2.40516,2.40636,1.75,1.00
2015.08.25 16:59:41.658,2.40523,2.40637,1.50,1.00
2015.08.25 16:59:42.190,2.40524,2.40643,1.87,1.09
2015.08.25 16:59:42.990,2.40518,2.40637,1.75,1.00
2015.08.25 16:59:44.698,2.40524,2.40643,1.37,1.09
2015.08.25 16:59:48.597,2.40523,2.40637,1.50,1.00
2015.08.25 16:59:48.799,2.40509,2.40626,1.37,1.12
2015.08.25 16:59:49.427,2.4051,2.40619,1.12,1.00
2015.08.25 16:59:49.628,2.40512,2.40628,1.00,1.37
2015.08.25 16:59:49.729,2.40512,2.40628,1.37,1.00
2015.08.25 16:59:50.035,2.40511,2.40626,1.75,1.00
2015.08.25 16:59:50.714,2.40513,2.40627,1.75,1.00
2015.08.25 16:59:51.073,2.40509,2.40617,1.75,1.00
2015.08.25 16:59:52.218,2.40509,2.40626,1.75,1.00
2015.08.25 16:59:52.370,2.4051,2.40626,1.12,1.00
2015.08.25 16:59:52.608,2.4051,2.40617,1.12,1.00
2015.08.25 16:59:53.049,2.4051,2.40627,1.12,1.12
2015.08.25 16:59:53.100,2.4051,2.40623,1.12,1.34
2015.08.25 16:59:57.631,2.405,2.40606,1.00,1.09
2015.08.25 16:59:57.879,2.40485,2.40607,1.75,1.34
2015.08.25 16:59:57.980,2.40483,2.40606,1.50,1.09
2015.08.25 16:59:59.647,2.40483,2.40599,1.50,1.00
