2014.10.06 21:00:15.786,2.05116,2.05258,0.10,0.75
2014.10.06 21:00:15.836,2.05114,2.05251,0.10,0.10
2014.10.06 21:00:16.512,2.05081,2.05226,0.10,0.60
2014.10.06 21:00:17.156,2.05109,2.05226,0.55,0.60
2014.10.06 21:00:17.832,2.05114,2.05262,0.10,0.22
2014.10.06 21:00:18.157,2.05114,2.05258,0.10,0.45
2014.10.06 21:00:19.356,2.05112,2.05209,0.10,0.10
2014.10.06 21:00:19.457,2.05053,2.0518,0.45,0.10
2014.10.06 21:00:19.557,2.05031,2.0518,0.15,0.10
2014.10.06 21:00:19.658,2.05009,2.05152,0.10,0.22
2014.10.06 21:00:32.167,2.0504,2.05169,0.10,0.75
2014.10.06 21:00:40.973,2.05038,2.05164,0.10,0.10
2014.10.06 21:01:09.580,2.05021,2.05166,0.75,0.10
2014.10.06 21:01:09.981,2.05041,2.05188,0.10,0.10
2014.10.06 21:01:14.993,2.05042,2.0519,0.10,0.10
2014.10.06 21:01:17.976,2.05043,2.05187,0.10,0.10
2014.10.06 21:02:35.905,2.05064,2.05209,0.75,0.82
2014.10.06 21:02:40.904,2.05064,2.05204,0.75,0.10
2014.10.06 21:02:41.469,2.05064,2.05192,0.75,0.10
2014.10.06 21:03:07.334,2.05064,2.05174,0.75,0.10
2014.10.06 21:03:07.682,2.05064,2.05171,0.75,0.10
2014.10.06 21:03:09.692,2.05038,2.05171,0.10,0.10
2014.10.06 21:03:19.976,2.05012,2.05144,0.10,0.10
2014.10.06 21:03:40.180,2.05009,2.05143,0.15,0.10
2014.10.06 21:03:43.515,2.05021,2.05123,0.62,0.10
2014.10.06 21:03:49.407,2.05016,2.0511,0.10,0.10
2014.10.06 21:03:49.508,2.04998,2.05093,0.10,0.10
2014.10.06 21:03:52.234,2.04987,2.05074,0.75,0.10
2014.10.06 21:04:00.851,2.04987,2.05086,0.92,0.10
2014.10.06 21:04:08.750,2.0497,2.05079,1.05,1.05
2014.10.06 21:04:08.852,2.04957,2.05065,1.05,1.05
2014.10.06 21:04:27.582,2.04977,2.05093,1.05,1.05
2014.10.06 21:04:30.954,2.04978,2.05093,1.07,1.05
2014.10.06 21:04:31.004,2.04978,2.05079,1.00,1.05
2014.10.06 21:04:33.621,2.04973,2.05079,1.15,1.05
2014.10.06 21:04:38.119,2.04973,2.05078,1.07,1.05
2014.10.06 21:04:38.169,2.04951,2.05059,1.05,1.05
2014.10.06 21:04:38.220,2.04938,2.05057,1.60,1.05
2014.10.06 21:04:38.270,2.04938,2.05046,1.35,1.05
2014.10.06 21:04:49.721,2.0493,2.05045,1.52,1.05
2014.10.06 21:04:49.771,2.0493,2.05032,1.00,1.05
2014.10.06 21:04:50.881,2.04921,2.05032,1.05,1.05
2014.10.06 21:05:05.733,2.04912,2.05018,1.17,1.05
2014.10.06 21:05:08.532,2.04898,2.05004,1.15,1.05
2014.10.06 21:05:08.876,2.04882,2.04972,1.05,1.00
2014.10.06 21:05:09.255,2.04882,2.04967,1.05,1.00
2014.10.06 21:05:12.112,2.04882,2.04991,1.80,1.05
2014.10.06 21:05:29.251,2.04882,2.04982,1.50,1.05
2014.10.06 21:05:29.652,2.04869,2.04968,1.00,1.05
2014.10.06 21:05:30.721,2.04869,2.04968,1.00,1.05
2014.10.06 21:05:30.922,2.04859,2.04968,1.05,1.05
2014.10.06 21:05:32.169,2.04845,2.04956,1.05,1.05
2014.10.06 21:05:32.501,2.04833,2.04942,1.05,1.05
2014.10.06 21:05:34.347,2.04833,2.04964,1.05,1.05
2014.10.06 21:05:34.398,2.04852,2.04966,1.05,1.05
2014.10.06 21:05:34.448,2.04864,2.04966,1.00,1.05
2014.10.06 21:05:36.892,2.04857,2.04966,1.05,1.05
2014.10.06 21:05:36.993,2.04843,2.04953,1.05,1.05
2014.10.06 21:05:47.901,2.04835,2.04939,1.17,1.05
2014.10.06 21:05:56.387,2.04854,2.04968,1.05,1.05
2014.10.06 21:05:56.689,2.04876,2.0498,1.00,1.05
2014.10.06 21:05:57.412,2.04876,2.04963,1.00,1.05
2014.10.06 21:05:57.462,2.04855,2.04963,1.05,1.05
2014.10.06 21:06:12.610,2.04855,2.04953,1.05,1.00
2014.10.06 21:06:12.711,2.04841,2.04952,1.05,1.05
2014.10.06 21:06:32.759,2.0484,2.04952,1.05,1.05
2014.10.06 21:06:33.272,2.04839,2.04948,1.05,1.05
2014.10.06 21:06:53.153,2.04836,2.04947,1.05,1.05
2014.10.06 21:06:53.466,2.04836,2.04944,1.05,1.05
2014.10.06 21:07:13.134,2.04836,2.04949,1.05,1.05
2014.10.06 21:07:14.515,2.04837,2.04962,1.05,1.05
2014.10.06 21:07:14.565,2.04848,2.04962,1.05,1.05
2014.10.06 21:07:35.168,2.04848,2.04963,1.05,1.05
2014.10.06 21:07:35.679,2.0485,2.04964,1.05,1.05
2014.10.06 21:07:55.918,2.04851,2.04966,1.05,1.05
2014.10.06 21:08:16.229,2.04852,2.04966,1.05,1.05
2014.10.06 21:08:23.694,2.04843,2.04964,1.05,1.05
2014.10.06 21:08:23.745,2.04843,2.04954,1.05,1.05
2014.10.06 21:08:30.905,2.04843,2.04964,1.05,1.05
2014.10.06 21:08:30.956,2.04851,2.04964,1.05,1.05
2014.10.06 21:08:35.441,2.04842,2.04958,1.05,1.52
2014.10.06 21:08:35.507,2.04841,2.0495,1.05,1.05
2014.10.06 21:08:39.082,2.0483,2.0495,1.05,1.05
2014.10.06 21:08:39.133,2.04828,2.04939,1.05,1.05
2014.10.06 21:08:48.171,2.04828,2.04939,1.05,1.05
2014.10.06 21:08:52.559,2.04833,2.0493,1.05,1.05
2014.10.06 21:08:52.630,2.04833,2.04931,1.05,1.05
2014.10.06 21:09:00.674,2.04827,2.04931,1.05,1.05
2014.10.06 21:09:00.775,2.04824,2.0492,1.05,1.05
2014.10.06 21:09:02.773,2.04824,2.04929,1.05,1.05
2014.10.06 21:09:02.873,2.04831,2.0493,1.05,1.05
2014.10.06 21:09:22.899,2.04831,2.04928,1.05,1.07
2014.10.06 21:09:22.999,2.04836,2.04928,1.05,1.00
2014.10.06 21:09:23.907,2.04836,2.04935,1.05,1.05
2014.10.06 21:09:26.805,2.04831,2.04935,1.05,1.05
2014.10.06 21:09:26.905,2.04829,2.04926,1.05,1.05
2014.10.06 21:09:27.006,2.04821,2.04926,1.05,1.05
2014.10.06 21:09:27.274,2.04821,2.04918,1.05,1.05
2014.10.06 21:09:27.815,2.04821,2.04931,1.05,1.05
2014.10.06 21:09:27.917,2.04833,2.04938,1.05,1.60
2014.10.06 21:09:28.017,2.04843,2.04938,1.05,1.07
2014.10.06 21:09:43.138,2.04839,2.04944,1.05,1.05
2014.10.06 21:09:43.239,2.04837,2.04934,1.05,1.05
2014.10.06 21:10:00.016,2.0483,2.04928,1.05,1.52
2014.10.06 21:10:00.066,2.04828,2.04924,1.05,1.05
2014.10.06 21:10:06.703,2.04821,2.04924,1.05,1.05
2014.10.06 21:10:06.754,2.04818,2.04915,1.05,1.05
2014.10.06 21:10:07.695,2.04818,2.04923,1.05,1.05
2014.10.06 21:10:07.745,2.04824,2.04925,1.05,1.05
2014.10.06 21:10:27.708,2.04824,2.04925,1.05,1.05
2014.10.06 21:10:28.347,2.04824,2.04923,1.05,1.05
2014.10.06 21:10:47.909,2.04824,2.04928,1.05,1.05
2014.10.06 21:10:47.959,2.04829,2.04928,1.05,1.05
2014.10.06 21:11:00.680,2.04829,2.04937,1.05,1.05
2014.10.06 21:11:00.730,2.04838,2.04938,1.05,1.05
2014.10.06 21:11:06.296,2.04834,2.04938,1.05,1.05
2014.10.06 21:11:06.346,2.04833,2.04928,1.05,1.05
2014.10.06 21:11:06.397,2.04826,2.04928,1.05,1.05
2014.10.06 21:11:06.447,2.04824,2.04918,1.05,1.05
2014.10.06 21:11:06.498,2.04813,2.04918,1.05,1.05
2014.10.06 21:11:06.548,2.04811,2.04908,1.05,1.05
2014.10.06 21:11:10.486,2.04815,2.04908,1.00,1.05
2014.10.06 21:11:10.819,2.04817,2.04918,1.05,1.05
2014.10.06 21:11:28.373,2.04812,2.04848,1.00,1.05
2014.10.06 21:11:28.423,2.04794,2.04837,1.00,1.05
2014.10.06 21:11:28.474,2.04794,2.04881,1.00,1.35
2014.10.06 21:11:28.574,2.04784,2.04881,1.05,1.05
2014.10.06 21:11:31.706,2.04774,2.04869,1.05,1.05
2014.10.06 21:11:52.197,2.04773,2.04869,1.05,1.05
2014.10.06 21:11:52.930,2.0477,2.04866,1.05,1.05
2014.10.06 21:11:53.710,2.04758,2.04847,1.00,1.05
2014.10.06 21:11:53.811,2.04758,2.04835,1.00,1.05
2014.10.06 21:12:14.125,2.04758,2.04839,1.00,1.05
2014.10.06 21:12:14.176,2.04758,2.04841,1.00,1.05
2014.10.06 21:12:30.547,2.04758,2.0485,1.52,1.05
2014.10.06 21:12:30.597,2.04758,2.04853,1.60,1.05
2014.10.06 21:12:51.176,2.04758,2.04854,1.60,1.05
2014.10.06 21:12:51.780,2.04758,2.04856,1.05,1.05
2014.10.06 21:12:55.697,2.04758,2.04845,1.00,1.05
2014.10.06 21:12:56.026,2.04758,2.04834,1.00,1.05
2014.10.06 21:13:04.508,2.04758,2.04842,1.00,1.05
2014.10.06 21:13:04.608,2.04758,2.04845,1.00,1.05
2014.10.06 21:13:09.980,2.04748,2.04845,1.05,1.05
2014.10.06 21:13:25.281,2.04748,2.04846,1.05,1.05
2014.10.06 21:13:25.595,2.0476,2.04859,1.05,1.05
2014.10.06 21:13:25.798,2.04769,2.04871,1.05,1.05
2014.10.06 21:13:26.835,2.04764,2.04868,1.05,1.05
2014.10.06 21:13:26.886,2.04764,2.04859,1.05,1.05
2014.10.06 21:13:27.577,2.04768,2.0487,1.05,1.05
2014.10.06 21:13:37.155,2.04764,2.04853,1.05,1.10
2014.10.06 21:13:37.205,2.04764,2.04853,1.05,1.17
2014.10.06 21:13:37.348,2.04749,2.04853,1.05,1.60
2014.10.06 21:13:37.399,2.04749,2.04846,1.05,1.05
2014.10.06 21:13:37.449,2.04739,2.04836,1.05,1.52
2014.10.06 21:13:37.500,2.04739,2.04833,1.05,1.05
2014.10.06 21:13:37.651,2.04739,2.04836,1.05,1.52
2014.10.06 21:13:37.701,2.04744,2.04844,1.05,1.05
2014.10.06 21:13:37.752,2.04745,2.04859,1.05,1.05
2014.10.06 21:13:37.802,2.04757,2.04859,1.05,1.05
2014.10.06 21:13:37.852,2.0476,2.04875,1.05,1.05
2014.10.06 21:13:37.903,2.04773,2.04875,1.05,1.05
2014.10.06 21:13:37.953,2.04776,2.0489,1.05,1.05
2014.10.06 21:13:38.004,2.04789,2.0489,1.05,1.05
2014.10.06 21:13:38.054,2.04792,2.04906,1.05,1.05
2014.10.06 21:13:38.106,2.04804,2.04906,1.05,1.05
2014.10.06 21:13:38.157,2.04806,2.04918,1.05,1.05
2014.10.06 21:13:38.208,2.04817,2.04918,1.05,1.05
2014.10.06 21:13:38.258,2.0482,2.04931,1.05,1.05
2014.10.06 21:13:38.309,2.04829,2.04931,1.05,1.05
2014.10.06 21:13:39.285,2.04831,2.04943,1.05,1.05
2014.10.06 21:13:39.336,2.04841,2.04943,1.05,1.05
2014.10.06 21:13:39.624,2.04854,2.04956,1.05,1.05
2014.10.06 21:13:40.874,2.04854,2.04938,1.05,1.00
2014.10.06 21:13:41.556,2.04847,2.04938,1.05,1.07
2014.10.06 21:13:41.606,2.04847,2.04938,1.05,1.15
2014.10.06 21:13:42.883,2.04836,2.04938,1.05,1.60
2014.10.06 21:13:42.934,2.04836,2.04933,1.05,1.05
2014.10.06 21:13:42.984,2.04836,2.04923,1.05,1.00
2014.10.06 21:13:43.207,2.04836,2.04933,1.05,1.05
2014.10.06 21:13:44.059,2.04836,2.04939,1.05,1.60
2014.10.06 21:13:44.160,2.04842,2.04941,1.05,1.05
2014.10.06 21:13:45.425,2.04842,2.04938,1.05,1.07
2014.10.06 21:13:45.475,2.04852,2.04948,1.05,1.15
2014.10.06 21:13:52.946,2.04852,2.0496,1.05,1.05
2014.10.06 21:13:52.996,2.04861,2.04963,1.05,1.05
2014.10.06 21:13:53.047,2.04861,2.04975,1.05,1.05
2014.10.06 21:13:53.098,2.04875,2.04977,1.05,1.05
2014.10.06 21:13:53.647,2.04875,2.04984,1.05,1.05
2014.10.06 21:13:53.697,2.04886,2.04986,1.05,1.05
2014.10.06 21:13:54.349,2.04886,2.04993,1.05,1.05
2014.10.06 21:13:54.399,2.04896,2.04995,1.05,1.05
2014.10.06 21:14:04.116,2.04885,2.04981,1.05,1.05
2014.10.06 21:14:04.518,2.04895,2.04995,1.05,1.05
2014.10.06 21:14:04.572,2.04895,2.05007,1.05,1.05
2014.10.06 21:14:04.623,2.0491,2.05009,1.05,1.05
2014.10.06 21:14:04.673,2.0491,2.05017,1.05,1.05
2014.10.06 21:14:04.724,2.0492,2.05019,1.05,1.05
2014.10.06 21:14:10.726,2.04932,2.05025,1.05,1.10
2014.10.06 21:14:11.033,2.04925,2.0502,1.05,1.05
2014.10.06 21:14:11.728,2.04911,2.05006,1.05,1.05
2014.10.06 21:14:11.829,2.04899,2.04995,1.05,1.05
2014.10.06 21:14:12.280,2.04887,2.04982,1.05,1.05
2014.10.06 21:14:13.853,2.04892,2.04982,1.00,1.05
2014.10.06 21:14:13.903,2.04893,2.04995,1.05,1.05
2014.10.06 21:14:14.004,2.0491,2.05012,1.05,1.05
2014.10.06 21:14:14.335,2.04905,2.05,1.05,1.05
2014.10.06 21:14:14.738,2.04917,2.05017,1.05,1.05
2014.10.06 21:14:17.246,2.04917,2.05027,1.05,1.62
2014.10.06 21:14:17.347,2.04932,2.05032,1.05,1.35
2014.10.06 21:14:31.853,2.04932,2.05032,1.05,1.07
2014.10.06 21:14:31.903,2.04943,2.05043,1.05,1.05
2014.10.06 21:14:45.393,2.04935,2.05039,1.60,1.60
2014.10.06 21:14:45.594,2.04919,2.05014,1.05,1.05
2014.10.06 21:14:48.486,2.04908,2.05014,1.05,1.05
2014.10.06 21:14:48.536,2.04907,2.05001,1.05,1.05
2014.10.06 21:14:49.718,2.04897,2.04992,1.05,1.05
2014.10.06 21:14:50.796,2.04886,2.04983,1.05,1.05
2014.10.06 21:14:51.135,2.04877,2.04973,1.05,1.05
2014.10.06 21:15:11.210,2.04877,2.04973,1.05,1.05
2014.10.06 21:15:31.136,2.04877,2.04972,1.05,1.35
2014.10.06 21:15:52.177,2.04877,2.04974,1.05,1.35
2014.10.06 21:16:08.141,2.04892,2.04992,1.05,1.05
2014.10.06 21:16:08.242,2.04903,2.05003,1.05,1.05
2014.10.06 21:16:29.139,2.04903,2.05008,1.05,1.05
2014.10.06 21:16:29.189,2.04908,2.0501,1.05,1.05
2014.10.06 21:17:29.173,2.049,2.05019,1.52,1.52
2014.10.06 21:17:29.226,2.049,2.05019,1.00,1.00
2014.10.06 21:17:32.151,2.049,2.05019,1.52,1.52
2014.10.06 21:17:32.748,2.0491,2.05009,1.05,1.05
2014.10.06 21:17:52.172,2.0491,2.05009,1.05,1.35
2014.10.06 21:18:10.921,2.04936,2.05038,1.05,1.80
2014.10.06 21:18:11.022,2.04927,2.05024,1.05,1.05
2014.10.06 21:18:11.356,2.04939,2.05039,1.05,1.80
2014.10.06 21:18:11.407,2.04932,2.05028,1.05,1.05
2014.10.06 21:18:12.034,2.04922,2.05017,1.65,1.05
2014.10.06 21:18:20.830,2.04922,2.05027,1.39,1.52
2014.10.06 21:18:20.931,2.04944,2.05046,1.05,1.05
2014.10.06 21:18:21.032,2.04939,2.05044,1.05,1.05
2014.10.06 21:18:21.132,2.04939,2.05034,1.05,1.60
2014.10.06 21:18:21.531,2.04929,2.05025,1.05,1.05
2014.10.06 21:18:35.046,2.04929,2.05034,1.05,1.05
2014.10.06 21:18:35.133,2.04934,2.05034,1.05,1.05
2014.10.06 21:18:44.458,2.04936,2.05038,1.05,1.52
2014.10.06 21:18:44.546,2.04943,2.05038,1.05,1.07
2014.10.06 21:19:03.479,2.04943,2.05011,1.05,1.00
2014.10.06 21:19:05.235,2.04942,2.05011,1.05,1.00
2014.10.06 21:19:13.504,2.04942,2.05037,1.05,1.80
2014.10.06 21:19:26.134,2.04942,2.05037,1.05,1.60
2014.10.06 21:19:26.216,2.04942,2.05037,1.05,1.15
2014.10.06 21:19:46.185,2.04942,2.05037,1.05,1.17
2014.10.06 21:19:46.236,2.04943,2.05037,1.05,1.17
2014.10.06 21:20:26.546,2.04942,2.05037,1.05,1.35
2014.10.06 21:20:26.597,2.04942,2.05037,1.05,1.80
2014.10.06 21:20:41.188,2.04942,2.05019,1.05,1.00
2014.10.06 21:20:41.941,2.04942,2.05018,1.05,1.00
2014.10.06 21:20:42.069,2.04942,2.05037,1.05,1.80
2014.10.06 21:20:42.119,2.04951,2.05037,1.05,1.00
2014.10.06 21:20:42.170,2.04951,2.05042,1.05,1.00
2014.10.06 21:20:42.271,2.04951,2.0505,1.05,1.05
2014.10.06 21:20:43.388,2.04951,2.05039,1.05,1.00
2014.10.06 21:20:43.539,2.04942,2.05039,1.05,1.80
2014.10.06 21:20:44.775,2.04933,2.05036,1.05,1.05
2014.10.06 21:20:44.826,2.04933,2.05027,1.05,1.05
2014.10.06 21:21:05.039,2.04933,2.05028,1.05,1.05
2014.10.06 21:21:14.946,2.04933,2.05034,1.05,1.05
2014.10.06 21:21:14.997,2.04937,2.05034,1.05,1.05
2014.10.06 21:21:26.159,2.04939,2.05043,1.05,1.80
2014.10.06 21:21:26.209,2.04946,2.05043,1.05,1.80
2014.10.06 21:21:26.260,2.04949,2.05043,1.05,1.52
2014.10.06 21:21:26.310,2.04956,2.05043,1.05,1.00
2014.10.06 21:21:40.647,2.04958,2.05043,1.05,1.00
2014.10.06 21:21:40.697,2.04967,2.05052,1.05,1.00
2014.10.06 21:21:43.438,2.04967,2.05048,1.05,1.00
2014.10.06 21:21:44.378,2.0494,2.05048,1.05,1.52
2014.10.06 21:21:44.428,2.0494,2.05014,1.05,1.00
2014.10.06 21:21:44.529,2.0494,2.05019,1.05,1.00
2014.10.06 21:21:44.579,2.0494,2.05019,1.05,1.00
2014.10.06 21:21:44.630,2.04946,2.05035,1.05,1.07
2014.10.06 21:21:44.680,2.04948,2.05035,1.05,1.07
2014.10.06 21:21:44.781,2.04958,2.0504,1.05,1.00
2014.10.06 21:21:47.875,2.04959,2.0504,1.05,1.00
2014.10.06 21:21:47.976,2.04986,2.0506,1.05,1.00
2014.10.06 21:21:48.026,2.04997,2.0506,1.05,1.00
2014.10.06 21:21:48.077,2.05,2.05091,1.05,1.27
2014.10.06 21:21:48.178,2.0501,2.05115,1.05,1.05
2014.10.06 21:21:48.279,2.05021,2.05127,1.05,1.05
2014.10.06 21:21:48.329,2.05032,2.05127,1.05,1.05
2014.10.06 21:21:48.379,2.05027,2.05126,1.05,1.05
2014.10.06 21:21:48.430,2.05027,2.0512,1.05,1.05
2014.10.06 21:21:49.107,2.05018,2.0511,1.05,1.05
2014.10.06 21:21:49.408,2.04999,2.05091,1.05,1.05
2014.10.06 21:21:49.980,2.04988,2.05089,1.05,1.05
2014.10.06 21:21:50.031,2.04988,2.0508,1.05,1.05
2014.10.06 21:22:10.138,2.04987,2.05074,1.05,1.52
2014.10.06 21:22:10.696,2.04984,2.05074,1.05,1.60
2014.10.06 21:22:22.157,2.04984,2.05095,1.62,1.05
2014.10.06 21:22:22.208,2.05002,2.05097,1.05,1.05
2014.10.06 21:22:22.369,2.05002,2.05082,1.05,1.00
2014.10.06 21:22:22.470,2.04997,2.05082,1.05,1.07
2014.10.06 21:22:22.571,2.04987,2.05082,1.05,1.52
2014.10.06 21:22:22.671,2.04986,2.05076,1.05,1.05
2014.10.06 21:22:23.888,2.04986,2.05082,1.05,1.52
2014.10.06 21:22:23.939,2.05003,2.05082,1.05,1.00
2014.10.06 21:22:24.040,2.05003,2.05098,1.05,1.05
2014.10.06 21:22:24.141,2.05003,2.0508,1.05,1.00
2014.10.06 21:22:24.241,2.04995,2.0508,1.05,1.10
2014.10.06 21:22:24.292,2.04984,2.0508,1.05,1.52
2014.10.06 21:22:24.342,2.04983,2.05073,1.05,1.05
2014.10.06 21:22:25.853,2.04983,2.05076,1.05,1.52
2014.10.06 21:22:25.954,2.05001,2.05098,1.05,1.05
2014.10.06 21:22:26.105,2.05001,2.0508,1.05,1.00
2014.10.06 21:22:26.256,2.04988,2.0508,1.05,1.52
2014.10.06 21:22:26.356,2.04985,2.05077,1.05,1.05
2014.10.06 21:22:27.657,2.04987,2.05097,1.52,1.05
2014.10.06 21:22:27.758,2.05002,2.05099,1.05,1.05
2014.10.06 21:22:28.293,2.05002,2.05106,1.05,1.05
2014.10.06 21:22:28.343,2.05013,2.05108,1.05,1.80
2014.10.06 21:22:29.198,2.05007,2.05108,1.05,1.05
2014.10.06 21:22:29.248,2.05006,2.05096,1.05,1.05
2014.10.06 21:22:29.851,2.05006,2.05103,1.05,1.05
2014.10.06 21:22:29.952,2.05008,2.05106,1.05,1.05
2014.10.06 21:22:30.069,2.05003,2.05106,1.05,1.05
2014.10.06 21:22:30.119,2.05001,2.05091,1.05,1.05
2014.10.06 21:22:30.170,2.05001,2.05075,1.05,1.00
2014.10.06 21:22:30.320,2.04988,2.05075,1.05,1.15
2014.10.06 21:22:31.561,2.04988,2.05075,1.05,1.07
2014.10.06 21:22:31.661,2.0501,2.05109,1.62,1.20
2014.10.06 21:22:31.762,2.05021,2.05116,1.05,1.05
2014.10.06 21:22:31.863,2.05019,2.05116,1.52,1.05
2014.10.06 21:22:32.064,2.04993,2.05075,1.05,1.00
2014.10.06 21:22:32.165,2.04993,2.05091,1.05,1.05
2014.10.06 21:22:32.466,2.04991,2.05073,1.05,1.00
2014.10.06 21:22:32.567,2.0499,2.05073,1.05,1.00
2014.10.06 21:22:34.376,2.0499,2.05094,1.05,1.60
2014.10.06 21:22:34.427,2.05004,2.05094,1.05,1.07
2014.10.06 21:22:34.477,2.05021,2.05108,1.07,1.05
2014.10.06 21:22:34.528,2.05021,2.0511,1.07,1.05
2014.10.06 21:22:34.578,2.05021,2.05122,1.52,1.05
2014.10.06 21:22:34.629,2.05027,2.05123,1.05,1.05
2014.10.06 21:22:34.680,2.05027,2.05131,1.05,1.05
2014.10.06 21:22:34.730,2.05035,2.05133,1.05,1.05
2014.10.06 21:22:34.867,2.05031,2.05128,1.52,1.62
2014.10.06 21:22:34.967,2.05008,2.05079,1.05,1.00
2014.10.06 21:22:35.018,2.05008,2.05086,1.05,1.00
2014.10.06 21:22:35.068,2.04995,2.05086,1.05,1.52
2014.10.06 21:22:35.169,2.04993,2.05098,1.05,1.05
2014.10.06 21:22:35.270,2.05004,2.05099,1.05,1.05
2014.10.06 21:22:35.379,2.05004,2.05108,1.05,1.05
2014.10.06 21:22:35.430,2.05013,2.05109,1.05,1.05
2014.10.06 21:22:35.581,2.05002,2.05109,1.05,1.05
2014.10.06 21:22:35.632,2.05001,2.05091,1.05,1.05
2014.10.06 21:22:36.162,2.04993,2.05088,1.05,1.60
2014.10.06 21:22:36.263,2.04991,2.05083,1.05,1.05
2014.10.06 21:22:36.978,2.04991,2.05091,1.05,1.80
2014.10.06 21:22:37.180,2.05011,2.05108,1.05,1.05
2014.10.06 21:22:39.567,2.05003,2.05108,1.05,1.05
2014.10.06 21:22:39.667,2.05001,2.05089,1.05,1.15
2014.10.06 21:22:42.377,2.04992,2.05082,1.05,1.05
2014.10.06 21:22:44.248,2.04983,2.05078,1.05,1.60
2014.10.06 21:22:44.299,2.04983,2.05074,1.05,1.05
2014.10.06 21:22:50.899,2.04988,2.05083,1.05,1.05
2014.10.06 21:22:53.212,2.04999,2.05094,1.05,1.05
2014.10.06 21:22:53.413,2.05004,2.05101,1.05,1.80
2014.10.06 21:22:53.514,2.04999,2.05091,1.05,1.05
2014.10.06 21:22:53.815,2.05018,2.05115,1.05,1.05
2014.10.06 21:22:54.126,2.0501,2.05101,1.60,1.05
2014.10.06 21:22:54.478,2.0501,2.05113,1.05,1.05
2014.10.06 21:22:54.529,2.05016,2.05113,1.05,1.05
2014.10.06 21:22:54.612,2.05028,2.05119,1.05,1.65
2014.10.06 21:22:58.106,2.05028,2.05114,1.05,1.00
2014.10.06 21:22:58.657,2.05028,2.05109,1.05,1.00
2014.10.06 21:23:06.936,2.05023,2.05108,1.05,1.17
2014.10.06 21:23:11.216,2.05012,2.05101,1.05,1.60
2014.10.06 21:23:12.206,2.05012,2.05109,1.05,2.10
2014.10.06 21:23:12.256,2.05018,2.05109,1.05,1.65
2014.10.06 21:23:14.756,2.05027,2.05122,1.05,1.60
2014.10.06 21:23:15.098,2.05036,2.05122,1.05,1.00
2014.10.06 21:23:16.695,2.05036,2.05133,1.05,1.05
2014.10.06 21:23:17.909,2.05036,2.05111,1.05,1.00
2014.10.06 21:23:17.960,2.0503,2.05111,1.05,1.00
2014.10.06 21:23:18.235,2.0503,2.05109,1.05,1.00
2014.10.06 21:23:18.641,2.05049,2.05109,1.05,1.00
2014.10.06 21:23:18.691,2.05049,2.05144,1.05,1.20
2014.10.06 21:23:18.742,2.05058,2.05153,1.05,1.45
2014.10.06 21:23:18.792,2.05058,2.05155,1.05,1.80
2014.10.06 21:23:18.843,2.05045,2.05135,1.80,1.05
2014.10.06 21:23:18.895,2.05045,2.05124,1.05,1.00
2014.10.06 21:23:18.945,2.05028,2.0512,1.05,1.05
2014.10.06 21:23:19.155,2.05028,2.05111,1.05,1.00
2014.10.06 21:23:22.323,2.05018,2.05111,1.05,1.52
2014.10.06 21:23:22.373,2.05016,2.05109,1.05,1.05
2014.10.06 21:23:22.474,2.05004,2.05096,1.05,1.05
2014.10.06 21:23:25.661,2.05012,2.05105,1.05,1.15
2014.10.06 21:23:25.762,2.05021,2.05105,1.05,1.00
2014.10.06 21:23:28.648,2.05014,2.05105,1.05,1.60
2014.10.06 21:23:33.476,2.05022,2.0511,1.05,1.00
2014.10.06 21:23:33.787,2.05044,2.05134,1.05,1.17
2014.10.06 21:23:34.089,2.05038,2.05117,1.05,1.00
2014.10.06 21:23:44.165,2.0502,2.05112,1.05,1.05
2014.10.06 21:23:44.379,2.05012,2.05102,1.05,1.05
2014.10.06 21:24:05.083,2.05003,2.05095,1.05,1.05
2014.10.06 21:24:12.198,2.05009,2.051,1.05,1.15
2014.10.06 21:24:16.510,2.05019,2.05109,1.05,1.07
2014.10.06 21:24:17.029,2.0503,2.05109,1.05,1.00
2014.10.06 21:24:19.401,2.0503,2.05108,1.05,1.00
2014.10.06 21:24:27.446,2.05035,2.05128,1.17,1.80
2014.10.06 21:24:27.546,2.0504,2.05119,1.05,1.00
2014.10.06 21:24:27.647,2.05047,2.05137,1.10,1.05
2014.10.06 21:24:27.748,2.05049,2.05138,1.05,1.10
2014.10.06 21:24:28.050,2.05045,2.05129,1.05,1.07
2014.10.06 21:24:29.748,2.05039,2.05125,1.07,1.05
2014.10.06 21:24:30.644,2.05068,2.0515,1.00,1.05
2014.10.06 21:24:30.846,2.05074,2.05159,1.00,1.87
2014.10.06 21:24:30.946,2.05053,2.05144,1.05,1.05
2014.10.06 21:24:31.047,2.05045,2.05132,1.17,1.05
2014.10.06 21:24:32.219,2.05039,2.05132,1.52,1.05
2014.10.06 21:24:32.270,2.05039,2.05122,1.00,1.05
2014.10.06 21:24:33.165,2.05043,2.05136,1.17,1.05
2014.10.06 21:24:33.535,2.05048,2.05136,1.00,1.05
2014.10.06 21:24:34.365,2.05043,2.05136,1.05,1.05
2014.10.06 21:24:36.635,2.05043,2.05156,1.60,1.60
2014.10.06 21:24:36.685,2.05065,2.05161,1.60,1.05
2014.10.06 21:24:36.736,2.05065,2.0517,1.60,1.05
2014.10.06 21:24:36.786,2.05075,2.05172,1.05,1.05
2014.10.06 21:24:36.837,2.05075,2.05179,1.05,1.05
2014.10.06 21:24:36.988,2.05099,2.05192,1.15,1.05
2014.10.06 21:24:37.267,2.05108,2.05203,1.05,1.05
2014.10.06 21:24:57.756,2.05109,2.05203,1.07,1.05
2014.10.06 21:24:57.807,2.05109,2.05197,1.00,1.05
2014.10.06 21:25:45.667,2.05116,2.05197,1.00,1.05
2014.10.06 21:25:51.442,2.05116,2.05206,1.07,1.05
2014.10.06 21:25:51.493,2.05116,2.05208,1.15,1.05
2014.10.06 21:25:54.457,2.05122,2.05208,1.00,1.05
2014.10.06 21:25:54.587,2.05122,2.05219,1.80,1.05
2014.10.06 21:25:54.886,2.05136,2.05219,1.00,1.05
2014.10.06 21:26:00.404,2.05133,2.05219,1.07,1.05
2014.10.06 21:26:00.956,2.05133,2.05225,1.52,1.05
2014.10.06 21:26:01.006,2.05133,2.05227,1.05,1.05
2014.10.06 21:26:03.005,2.05133,2.05225,1.27,1.05
2014.10.06 21:26:03.055,2.05133,2.05218,1.00,1.05
2014.10.06 21:26:07.886,2.05126,2.05218,1.05,1.05
2014.10.06 21:26:16.950,2.05125,2.05215,1.52,1.05
2014.10.06 21:26:17.000,2.05117,2.05207,1.80,1.05
2014.10.06 21:26:37.186,2.05117,2.05206,1.07,1.05
2014.10.06 21:26:42.425,2.05128,2.05206,1.00,1.05
2014.10.06 21:26:53.950,2.0512,2.05206,1.15,1.05
2014.10.06 21:26:56.936,2.05127,2.05206,1.00,1.05
2014.10.06 21:26:57.260,2.05127,2.05211,1.00,1.05
2014.10.06 21:27:17.788,2.05127,2.05215,1.10,1.05
2014.10.06 21:27:17.888,2.05127,2.05216,1.10,1.05
2014.10.06 21:27:38.216,2.05127,2.05216,1.00,1.05
2014.10.06 21:27:58.966,2.05133,2.05212,1.00,1.05
2014.10.06 21:28:01.137,2.05133,2.05219,1.00,1.05
2014.10.06 21:28:01.476,2.05133,2.05221,1.00,1.05
2014.10.06 21:28:13.793,2.05133,2.05221,1.34,1.05
2014.10.06 21:28:13.895,2.05143,2.0524,1.05,1.05
2014.10.06 21:28:13.945,2.05169,2.0524,1.00,1.05
2014.10.06 21:28:14.046,2.05167,2.0524,1.00,1.05
2014.10.06 21:28:14.147,2.05154,2.0524,1.07,1.05
2014.10.06 21:28:14.298,2.05154,2.05226,1.00,1.05
2014.10.06 21:28:15.375,2.05164,2.05237,1.00,1.05
2014.10.06 21:28:15.425,2.05164,2.05238,1.00,1.05
2014.10.06 21:28:15.678,2.05154,2.05238,1.00,1.05
2014.10.06 21:28:16.009,2.05154,2.05229,1.00,1.05
2014.10.06 21:28:17.118,2.05167,2.05241,1.00,1.05
2014.10.06 21:28:17.479,2.05153,2.05241,1.07,1.05
2014.10.06 21:28:17.579,2.05153,2.0523,1.00,1.05
2014.10.06 21:28:17.680,2.05151,2.0523,1.00,1.05
2014.10.06 21:28:19.885,2.05169,2.05239,1.00,1.05
2014.10.06 21:28:19.936,2.05169,2.0524,1.00,1.05
2014.10.06 21:28:20.036,2.05169,2.0524,1.00,1.05
2014.10.06 21:28:20.439,2.05154,2.0524,1.15,1.05
2014.10.06 21:28:20.490,2.05154,2.0524,1.07,1.05
2014.10.06 21:28:21.141,2.05154,2.05231,1.00,1.05
2014.10.06 21:28:21.904,2.05154,2.05242,1.15,1.05
2014.10.06 21:28:21.954,2.05167,2.05242,1.00,1.05
2014.10.06 21:28:23.896,2.05167,2.05242,1.00,1.05
2014.10.06 21:28:23.947,2.0514,2.05232,1.05,1.05
2014.10.06 21:28:23.997,2.05135,2.05232,1.62,1.05
2014.10.06 21:28:24.048,2.05135,2.0522,1.00,1.05
2014.10.06 21:28:25.714,2.05154,2.05232,1.00,1.05
2014.10.06 21:28:26.005,2.05154,2.05241,1.00,1.05
2014.10.06 21:28:26.924,2.05169,2.05241,1.00,1.05
2014.10.06 21:28:27.391,2.05169,2.05249,1.00,1.05
2014.10.06 21:28:27.442,2.05169,2.0525,1.00,1.05
2014.10.06 21:28:33.178,2.0516,2.0525,1.80,1.05
2014.10.06 21:28:33.229,2.0516,2.05241,1.00,1.05
2014.10.06 21:28:35.795,2.0516,2.05241,1.34,1.05
2014.10.06 21:28:36.098,2.05187,2.05263,1.00,1.05
2014.10.06 21:28:36.148,2.05163,2.05253,1.05,1.05
2014.10.06 21:28:36.302,2.05161,2.05253,1.52,1.05
2014.10.06 21:28:36.352,2.05161,2.05244,1.00,1.05
2014.10.06 21:28:37.643,2.05167,2.05262,1.05,1.05
2014.10.06 21:28:37.992,2.05188,2.05262,1.00,1.05
2014.10.06 21:28:38.898,2.0518,2.05262,1.00,1.05
2014.10.06 21:28:38.949,2.0518,2.05254,1.00,1.05
2014.10.06 21:28:39.118,2.05162,2.05254,1.05,1.05
2014.10.06 21:28:41.207,2.0517,2.05254,1.00,1.05
2014.10.06 21:28:42.102,2.05175,2.05254,1.00,1.05
2014.10.06 21:28:55.135,2.05175,2.05254,1.00,1.05
2014.10.06 21:28:55.196,2.05167,2.05243,1.00,1.05
2014.10.06 21:29:15.195,2.05167,2.05245,1.00,1.05
2014.10.06 21:29:35.173,2.05167,2.05245,1.00,1.05
2014.10.06 21:30:13.945,2.05167,2.05238,1.00,1.05
2014.10.06 21:30:14.146,2.05153,2.05238,1.00,1.05
2014.10.06 21:30:14.247,2.05153,2.05227,1.00,1.05
2014.10.06 21:30:18.933,2.05153,2.05227,1.00,1.05
2014.10.06 21:30:18.984,2.05148,2.05218,1.00,1.05
2014.10.06 21:30:19.631,2.05148,2.0523,1.00,1.05
2014.10.06 21:30:19.681,2.0516,2.05231,1.00,1.05
2014.10.06 21:30:20.431,2.05149,2.05231,1.00,1.05
2014.10.06 21:30:20.531,2.05149,2.05231,1.00,1.05
2014.10.06 21:30:21.330,2.05149,2.05231,1.00,1.05
2014.10.06 21:30:21.856,2.05152,2.05247,1.39,1.05
2014.10.06 21:30:21.957,2.05188,2.05257,1.00,1.05
2014.10.06 21:30:22.259,2.05188,2.05234,1.00,1.05
2014.10.06 21:30:22.309,2.0517,2.05234,1.00,1.05
2014.10.06 21:30:25.726,2.05172,2.05234,1.00,1.05
2014.10.06 21:30:32.170,2.05172,2.05261,1.00,1.05
2014.10.06 21:30:32.221,2.05198,2.05261,1.00,1.05
2014.10.06 21:30:32.322,2.05193,2.05261,1.00,1.05
2014.10.06 21:30:32.950,2.05177,2.05261,1.00,1.05
2014.10.06 21:30:33.192,2.05161,2.05248,1.17,1.05
2014.10.06 21:30:33.770,2.05161,2.05236,1.00,1.05
2014.10.06 21:30:38.590,2.05161,2.05253,1.61,1.05
2014.10.06 21:30:38.691,2.05172,2.05253,1.00,1.05
2014.10.06 21:30:40.100,2.05167,2.05253,1.07,1.05
2014.10.06 21:30:40.530,2.05162,2.0525,1.52,1.05
2014.10.06 21:30:40.581,2.05162,2.05238,1.00,1.05
2014.10.06 21:30:50.540,2.05162,2.05238,1.34,1.05
2014.10.06 21:30:50.691,2.05175,2.05256,1.00,1.05
2014.10.06 21:30:51.439,2.05168,2.05255,1.07,1.05
2014.10.06 21:30:51.489,2.05168,2.05246,1.00,1.05
2014.10.06 21:30:52.452,2.05168,2.05246,1.00,1.05
2014.10.06 21:30:52.822,2.05168,2.05255,1.00,1.05
2014.10.06 21:30:57.650,2.05168,2.05268,1.52,1.05
2014.10.06 21:30:57.984,2.05194,2.05276,1.00,1.05
2014.10.06 21:30:58.034,2.05197,2.05276,1.00,1.05
2014.10.06 21:31:00.150,2.05193,2.05275,1.00,1.05
2014.10.06 21:31:00.200,2.05193,2.05269,1.00,1.05
2014.10.06 21:31:00.251,2.0519,2.05269,1.00,1.05
2014.10.06 21:31:01.454,2.0518,2.05269,1.15,1.05
2014.10.06 21:31:01.561,2.05177,2.05266,1.52,1.05
2014.10.06 21:31:01.611,2.05177,2.05257,1.00,1.05
2014.10.06 21:31:01.662,2.05167,2.05257,1.35,1.05
2014.10.06 21:31:04.860,2.05178,2.05257,1.00,1.05
2014.10.06 21:31:05.193,2.05181,2.05257,1.00,1.05
2014.10.06 21:31:22.217,2.05181,2.05261,1.00,1.05
2014.10.06 21:31:27.191,2.05175,2.05261,1.15,1.05
2014.10.06 21:31:27.424,2.05168,2.05251,1.00,1.05
2014.10.06 21:31:28.593,2.05168,2.05264,1.52,1.05
2014.10.06 21:31:28.644,2.05175,2.05264,1.00,1.05
2014.10.06 21:31:28.744,2.0518,2.05264,1.00,1.05
2014.10.06 21:31:37.189,2.05194,2.05264,1.00,1.05
2014.10.06 21:31:49.209,2.05194,2.05268,1.00,1.05
2014.10.06 21:32:01.945,2.05201,2.05278,1.00,1.05
2014.10.06 21:32:01.996,2.05201,2.05278,1.00,1.05
2014.10.06 21:32:02.182,2.05203,2.05278,1.00,1.05
2014.10.06 21:32:03.409,2.052,2.05278,1.00,1.05
2014.10.06 21:32:03.710,2.05188,2.05278,1.05,1.05
2014.10.06 21:32:03.861,2.05185,2.05276,1.52,1.05
2014.10.06 21:32:03.912,2.05185,2.05267,1.00,1.05
2014.10.06 21:32:04.012,2.05176,2.05267,1.05,1.05
2014.10.06 21:32:05.685,2.05166,2.05266,1.80,1.05
2014.10.06 21:32:05.735,2.05166,2.05258,1.80,1.05
2014.10.06 21:32:05.849,2.05166,2.05256,1.52,1.05
2014.10.06 21:32:05.899,2.05166,2.05246,1.00,1.05
2014.10.06 21:32:06.125,2.0519,2.05246,1.00,1.05
2014.10.06 21:32:06.226,2.0519,2.05267,1.00,1.05
2014.10.06 21:32:06.450,2.05194,2.05267,1.00,1.05
2014.10.06 21:32:09.315,2.05194,2.05267,1.00,1.05
2014.10.06 21:32:10.190,2.0518,2.05267,1.07,1.05
2014.10.06 21:32:10.291,2.0518,2.05265,1.07,1.05
2014.10.06 21:32:10.865,2.0518,2.05254,1.00,1.05
2014.10.06 21:32:30.472,2.0518,2.05263,1.00,1.05
2014.10.06 21:32:33.959,2.05177,2.0526,1.07,1.05
2014.10.06 21:32:34.336,2.05177,2.05254,1.00,1.05
2014.10.06 21:32:36.738,2.05171,2.05254,1.00,1.05
2014.10.06 21:32:44.668,2.05171,2.05251,1.00,1.05
2014.10.06 21:32:45.227,2.05171,2.05244,1.00,1.05
2014.10.06 21:32:48.137,2.05171,2.0526,1.07,1.05
2014.10.06 21:32:48.188,2.05183,2.0526,1.00,1.05
2014.10.06 21:32:51.437,2.05174,2.0526,1.15,1.05
2014.10.06 21:32:51.638,2.05174,2.05258,1.07,1.05
2014.10.06 21:32:52.161,2.05174,2.05251,1.00,1.05
2014.10.06 21:32:52.427,2.05159,2.05251,1.05,1.05
2014.10.06 21:32:54.680,2.0515,2.05248,1.05,1.05
2014.10.06 21:32:54.731,2.0515,2.05242,1.05,1.05
2014.10.06 21:33:01.843,2.0515,2.05253,1.05,1.05
2014.10.06 21:33:01.943,2.05156,2.05253,1.05,1.05
2014.10.06 21:33:02.658,2.05158,2.05267,1.05,1.05
2014.10.06 21:33:02.708,2.05172,2.05267,1.05,1.05
2014.10.06 21:33:02.978,2.05174,2.05277,1.80,1.05
2014.10.06 21:33:03.028,2.05181,2.05277,1.05,1.05
2014.10.06 21:33:06.250,2.05179,2.05275,1.60,1.05
2014.10.06 21:33:06.313,2.05179,2.05268,1.35,1.05
2014.10.06 21:33:25.107,2.05178,2.05261,1.05,1.00
2014.10.06 21:33:25.208,2.05165,2.05255,1.05,1.05
2014.10.06 21:33:25.283,2.05158,2.05255,1.05,1.05
2014.10.06 21:33:25.399,2.05156,2.05247,1.80,1.05
2014.10.06 21:33:26.788,2.05156,2.05254,1.05,1.05
2014.10.06 21:33:26.888,2.0516,2.05257,1.05,1.05
2014.10.06 21:33:31.124,2.05161,2.0527,1.50,1.05
2014.10.06 21:33:31.224,2.0518,2.05281,1.60,1.05
2014.10.06 21:33:31.325,2.05187,2.05282,1.05,1.05
2014.10.06 21:33:32.374,2.05187,2.05274,1.05,1.00
2014.10.06 21:33:32.676,2.05174,2.05264,1.05,1.05
2014.10.06 21:33:35.657,2.05186,2.05284,1.52,1.05
2014.10.06 21:33:35.708,2.0519,2.05287,1.05,1.05
2014.10.06 21:33:36.959,2.05184,2.05281,1.05,1.52
2014.10.06 21:33:37.014,2.05183,2.05274,1.05,1.05
2014.10.06 21:33:37.912,2.05177,2.05274,1.05,1.05
2014.10.06 21:33:37.996,2.05174,2.05266,1.05,1.05
2014.10.06 21:33:58.145,2.05173,2.05266,1.05,1.05
2014.10.06 21:33:58.857,2.05172,2.05262,1.05,1.05
2014.10.06 21:34:01.673,2.05163,2.05262,1.05,1.05
2014.10.06 21:34:01.773,2.05162,2.05253,1.05,1.05
2014.10.06 21:34:02.075,2.05153,2.05253,1.05,1.05
2014.10.06 21:34:02.129,2.05151,2.05243,1.05,1.05
2014.10.06 21:34:05.186,2.05144,2.05243,1.05,1.05
2014.10.06 21:34:05.237,2.05143,2.05233,1.05,1.05
2014.10.06 21:34:08.166,2.05143,2.0524,1.60,1.05
2014.10.06 21:34:08.267,2.05146,2.05243,1.05,1.05
2014.10.06 21:34:15.473,2.05156,2.05252,1.05,1.05
2014.10.06 21:34:36.235,2.05156,2.0525,1.05,1.05
2014.10.06 21:35:17.248,2.05156,2.05258,1.05,1.05
2014.10.06 21:35:17.298,2.05161,2.05258,1.05,1.05
2014.10.06 21:35:37.172,2.05161,2.0526,1.05,1.05
2014.10.06 21:35:37.223,2.05165,2.05262,1.05,1.05
2014.10.06 21:35:42.176,2.05165,2.05254,1.05,1.00
2014.10.06 21:35:43.733,2.05165,2.05262,1.05,1.05
2014.10.06 21:35:43.882,2.05164,2.05262,1.05,1.05
2014.10.06 21:35:43.932,2.05161,2.05253,1.80,1.05
2014.10.06 21:36:04.215,2.05162,2.05259,1.05,1.05
2014.10.06 21:36:25.156,2.05167,2.05262,1.05,1.05
2014.10.06 21:36:48.915,2.0517,2.05265,1.05,1.05
2014.10.06 21:37:05.201,2.0517,2.05269,1.05,1.05
2014.10.06 21:37:05.252,2.05174,2.05272,1.05,1.05
2014.10.06 21:37:25.164,2.05174,2.05264,1.05,1.05
2014.10.06 21:37:28.972,2.05162,2.05255,1.05,1.05
2014.10.06 21:37:31.992,2.05153,2.05245,1.05,1.05
2014.10.06 21:37:32.093,2.05141,2.05233,1.05,1.05
2014.10.06 21:37:33.254,2.05141,2.05242,1.05,1.05
2014.10.06 21:37:33.305,2.05149,2.05244,1.05,1.05
2014.10.06 21:37:36.113,2.05149,2.05236,1.05,1.00
2014.10.06 21:37:36.614,2.05149,2.05244,1.05,1.05
2014.10.06 21:37:37.704,2.05151,2.05254,1.05,1.05
2014.10.06 21:37:37.804,2.05159,2.05254,1.05,1.05
2014.10.06 21:37:58.183,2.05159,2.05255,1.05,1.05
2014.10.06 21:38:01.214,2.05161,2.05258,1.05,1.52
2014.10.06 21:38:01.314,2.05167,2.05264,1.05,1.60
2014.10.06 21:38:09.500,2.05166,2.05258,1.05,1.52
2014.10.06 21:38:09.551,2.05164,2.05256,1.05,1.05
2014.10.06 21:38:12.228,2.05164,2.05263,1.05,1.05
2014.10.06 21:38:12.279,2.05168,2.05265,1.05,1.05
2014.10.06 21:38:32.375,2.05168,2.05264,1.05,1.05
2014.10.06 21:38:53.194,2.05168,2.05264,1.05,1.05
2014.10.06 21:38:53.744,2.05168,2.05259,1.05,1.05
2014.10.06 21:39:19.715,2.05168,2.05263,1.60,1.05
2014.10.06 21:39:19.766,2.0517,2.05265,1.05,1.05
2014.10.06 21:39:33.528,2.0517,2.05265,1.05,1.05
2014.10.06 21:39:34.084,2.0517,2.05263,1.60,1.05
2014.10.06 21:39:44.467,2.0517,2.0526,1.52,1.05
2014.10.06 21:39:44.568,2.05163,2.05254,1.05,1.05
2014.10.06 21:39:44.961,2.05153,2.05252,1.05,1.05
2014.10.06 21:39:45.062,2.05153,2.05246,1.05,1.05
2014.10.06 21:40:01.667,2.05153,2.05253,1.05,1.05
2014.10.06 21:40:01.718,2.05158,2.05255,1.05,1.05
2014.10.06 21:40:07.692,2.05158,2.05263,1.05,1.05
2014.10.06 21:40:07.742,2.05167,2.05265,1.05,1.05
2014.10.06 21:40:27.983,2.05167,2.05257,1.05,1.05
2014.10.06 21:40:35.251,2.05157,2.05257,1.05,1.05
2014.10.06 21:40:35.302,2.05155,2.05247,1.05,1.05
2014.10.06 21:40:35.462,2.05145,2.05235,1.05,1.05
2014.10.06 21:40:43.507,2.05135,2.05227,1.05,1.05
2014.10.06 21:40:49.981,2.05135,2.05233,1.05,1.05
2014.10.06 21:40:50.031,2.0514,2.05235,1.05,1.05
2014.10.06 21:40:54.421,2.05151,2.05246,1.05,1.05
2014.10.06 21:41:13.975,2.05144,2.05237,1.05,1.05
2014.10.06 21:41:24.150,2.05144,2.05245,1.05,1.05
2014.10.06 21:41:24.200,2.05152,2.05247,1.05,1.80
2014.10.06 21:41:28.060,2.05152,2.05253,1.05,1.60
2014.10.06 21:41:28.111,2.0516,2.05253,1.05,1.15
2014.10.06 21:41:47.350,2.0516,2.05249,1.05,1.00
2014.10.06 21:41:48.077,2.0516,2.05249,1.05,1.07
2014.10.06 21:41:48.835,2.0516,2.05249,1.05,1.15
2014.10.06 21:42:01.478,2.05177,2.05253,1.00,1.05
2014.10.06 21:42:08.101,2.05177,2.05257,1.00,1.05
2014.10.06 21:42:08.152,2.05177,2.0526,1.00,1.05
2014.10.06 21:42:08.910,2.05177,2.05265,1.07,1.05
2014.10.06 21:42:08.960,2.0519,2.05268,1.00,1.05
2014.10.06 21:42:22.059,2.0519,2.05277,1.00,1.05
2014.10.06 21:42:36.656,2.0519,2.05277,1.10,1.05
2014.10.06 21:42:38.649,2.05197,2.05277,1.00,1.05
2014.10.06 21:42:38.750,2.05197,2.05288,1.15,1.60
2014.10.06 21:42:38.958,2.05202,2.05288,1.00,1.60
2014.10.06 21:42:58.738,2.05203,2.05288,1.00,1.60
2014.10.06 21:42:58.951,2.05203,2.05291,1.10,1.05
2014.10.06 21:43:10.508,2.05204,2.05291,1.00,1.05
2014.10.06 21:43:19.127,2.05204,2.05294,1.07,1.05
2014.10.06 21:43:19.178,2.05204,2.05295,1.15,1.05
2014.10.06 21:43:39.181,2.05204,2.05292,1.10,1.05
2014.10.06 21:43:44.364,2.05204,2.05292,1.00,1.05
2014.10.06 21:43:46.759,2.05208,2.05282,1.00,1.05
2014.10.06 21:44:04.610,2.05208,2.05284,1.00,1.05
2014.10.06 21:44:04.661,2.05208,2.05287,1.00,1.05
2014.10.06 21:44:15.848,2.05208,2.053,1.52,1.05
2014.10.06 21:44:15.898,2.05208,2.05302,1.60,1.05
2014.10.06 21:44:15.949,2.05208,2.05302,1.07,1.05
2014.10.06 21:44:15.999,2.05208,2.05289,1.00,1.05
2014.10.06 21:44:16.200,2.05217,2.05289,1.00,1.05
2014.10.06 21:44:17.310,2.05217,2.05295,1.00,1.05
2014.10.06 21:44:17.435,2.05217,2.05298,1.00,1.05
2014.10.06 21:44:20.127,2.05217,2.05298,1.00,1.05
2014.10.06 21:44:20.177,2.05213,2.05287,1.00,1.05
2014.10.06 21:44:20.352,2.05213,2.05287,1.00,1.05
2014.10.06 21:44:20.402,2.05203,2.05278,1.00,1.05
2014.10.06 21:44:32.127,2.05205,2.05278,1.00,1.05
2014.10.06 21:44:32.177,2.05205,2.05285,1.00,1.05
2014.10.06 21:44:32.228,2.05205,2.05288,1.00,1.05
2014.10.06 21:44:32.479,2.05205,2.05294,1.07,1.05
2014.10.06 21:44:32.530,2.05205,2.05296,1.17,1.05
2014.10.06 21:44:32.681,2.05211,2.05296,1.00,1.05
2014.10.06 21:44:36.671,2.05205,2.05296,1.05,1.05
2014.10.06 21:44:37.990,2.05198,2.05296,1.05,1.05
2014.10.06 21:44:38.040,2.05196,2.05288,1.05,1.05
2014.10.06 21:44:42.650,2.0519,2.05288,1.60,1.05
2014.10.06 21:44:42.751,2.05185,2.05277,1.05,1.05
2014.10.06 21:45:02.731,2.05185,2.05277,1.05,1.05
2014.10.06 21:45:11.836,2.05181,2.05268,1.15,1.05
2014.10.06 21:45:31.883,2.05164,2.05263,1.05,1.62
2014.10.06 21:45:31.947,2.05162,2.05252,1.05,1.05
2014.10.06 21:45:32.149,2.05162,2.05259,1.05,1.05
2014.10.06 21:45:32.249,2.05164,2.05262,1.05,1.05
2014.10.06 21:45:48.332,2.05164,2.05268,1.05,1.05
2014.10.06 21:45:48.383,2.05174,2.05269,1.05,1.05
2014.10.06 21:46:08.769,2.05174,2.05268,1.05,1.05
2014.10.06 21:46:48.929,2.05174,2.05267,1.05,1.05
2014.10.06 21:46:49.030,2.05174,2.05266,1.05,1.05
2014.10.06 21:47:09.039,2.05174,2.05266,1.05,1.35
2014.10.06 21:47:15.495,2.05168,2.05258,1.05,1.05
2014.10.06 21:47:36.074,2.05168,2.05262,1.05,1.05
2014.10.06 21:47:36.124,2.05168,2.05265,1.05,1.05
2014.10.06 21:47:56.101,2.05168,2.05265,1.05,1.05
2014.10.06 21:48:16.727,2.0517,2.05269,1.05,1.05
2014.10.06 21:48:16.777,2.05174,2.05271,1.05,1.05
2014.10.06 21:48:36.868,2.05174,2.05269,1.05,1.05
2014.10.06 21:48:57.156,2.05174,2.05268,1.05,1.05
2014.10.06 21:48:57.207,2.05174,2.05265,1.05,1.05
2014.10.06 21:49:15.603,2.05189,2.05265,1.00,1.05
2014.10.06 21:49:19.162,2.05196,2.05265,1.00,1.05
2014.10.06 21:49:20.131,2.05196,2.05272,1.00,1.05
2014.10.06 21:49:23.365,2.05196,2.05281,1.00,1.05
2014.10.06 21:49:23.871,2.05204,2.05281,1.00,1.05
2014.10.06 21:49:24.022,2.0521,2.05289,1.00,1.05
2014.10.06 21:49:26.383,2.05217,2.05289,1.00,1.05
2014.10.06 21:49:26.534,2.05217,2.05299,1.00,1.05
2014.10.06 21:49:38.957,2.05213,2.05299,1.15,1.05
2014.10.06 21:49:39.058,2.05213,2.05288,1.00,1.05
2014.10.06 21:49:39.167,2.05209,2.05288,1.00,1.05
2014.10.06 21:49:51.470,2.05196,2.05288,1.05,1.05
2014.10.06 21:49:59.106,2.05194,2.05286,1.05,1.05
2014.10.06 21:50:19.126,2.05193,2.05285,1.05,1.05
2014.10.06 21:50:39.165,2.05193,2.05285,1.05,1.05
2014.10.06 21:50:59.342,2.05193,2.0529,1.05,1.05
2014.10.06 21:50:59.392,2.05195,2.0529,1.05,1.05
2014.10.06 21:51:06.601,2.0519,2.05288,1.05,1.05
2014.10.06 21:51:06.652,2.0519,2.05282,1.05,1.05
2014.10.06 21:51:26.393,2.0519,2.05293,1.80,1.05
2014.10.06 21:51:26.494,2.05198,2.05293,1.05,1.05
2014.10.06 21:51:30.000,2.05193,2.05291,1.05,1.05
2014.10.06 21:51:30.101,2.05193,2.05283,1.05,1.05
2014.10.06 21:51:32.587,2.05193,2.05293,1.05,1.05
2014.10.06 21:51:32.687,2.05198,2.05293,1.05,1.05
2014.10.06 21:51:49.323,2.05193,2.05291,1.05,1.05
2014.10.06 21:51:49.373,2.05193,2.05284,1.05,1.05
2014.10.06 21:52:07.133,2.05193,2.05295,1.05,1.05
2014.10.06 21:52:07.234,2.052,2.05295,1.05,1.05
2014.10.06 21:52:10.350,2.05193,2.05293,1.60,1.05
2014.10.06 21:52:10.451,2.05192,2.05285,1.05,1.05
2014.10.06 21:52:19.133,2.05192,2.05291,1.60,1.05
2014.10.06 21:52:19.184,2.05198,2.05293,1.05,1.05
2014.10.06 21:52:29.556,2.05195,2.05293,1.60,1.05
2014.10.06 21:52:29.607,2.05195,2.05282,1.17,1.05
2014.10.06 21:52:29.965,2.05195,2.05289,1.62,1.05
2014.10.06 21:52:30.015,2.05195,2.05292,1.05,1.05
2014.10.06 21:52:50.106,2.05193,2.05289,1.05,1.05
2014.10.06 21:52:50.156,2.05193,2.05284,1.05,1.05
2014.10.06 21:52:54.368,2.05193,2.05295,1.05,1.05
2014.10.06 21:52:54.418,2.052,2.05298,1.05,1.05
2014.10.06 21:53:06.055,2.052,2.05305,1.05,1.05
2014.10.06 21:53:06.156,2.05211,2.05306,1.05,1.05
2014.10.06 21:53:15.871,2.05211,2.05316,1.05,1.05
2014.10.06 21:53:15.973,2.05221,2.05318,1.05,1.05
2014.10.06 21:53:17.670,2.05219,2.05318,1.05,1.05
2014.10.06 21:53:17.771,2.05216,2.05309,1.05,1.05
2014.10.06 21:53:22.174,2.05211,2.05303,1.05,1.52
2014.10.06 21:53:22.275,2.05209,2.05299,1.05,1.05
2014.10.06 21:53:25.210,2.05202,2.05299,1.05,1.05
2014.10.06 21:53:25.260,2.05199,2.05292,1.05,1.05
2014.10.06 21:53:40.433,2.05207,2.05292,1.00,1.05
2014.10.06 21:53:40.534,2.05207,2.053,1.15,1.05
2014.10.06 21:53:48.413,2.05215,2.05311,1.05,1.05
2014.10.06 21:53:48.463,2.05228,2.05311,1.00,1.05
2014.10.06 21:53:48.514,2.05228,2.05322,1.35,1.05
2014.10.06 21:53:51.168,2.05235,2.05322,1.00,1.05
2014.10.06 21:54:01.954,2.05237,2.05322,1.00,1.05
2014.10.06 21:54:08.843,2.05237,2.05325,1.00,1.05
2014.10.06 21:54:18.364,2.05248,2.05345,1.05,1.05
2014.10.06 21:54:18.675,2.05261,2.05345,1.00,1.05
2014.10.06 21:54:19.006,2.05264,2.05345,1.00,1.05
2014.10.06 21:54:27.938,2.05264,2.05345,1.00,1.05
2014.10.06 21:54:32.857,2.05264,2.05345,1.00,1.05
2014.10.06 21:54:33.881,2.05264,2.05345,1.00,1.05
2014.10.06 21:54:34.968,2.05257,2.05345,1.15,1.05
2014.10.06 21:54:35.244,2.05257,2.05342,1.07,1.05
2014.10.06 21:54:35.295,2.05257,2.05333,1.00,1.05
2014.10.06 21:54:43.419,2.05253,2.05333,1.00,1.05
2014.10.06 21:54:44.256,2.05253,2.05331,1.00,1.05
2014.10.06 21:54:44.614,2.05253,2.05326,1.00,1.05
2014.10.06 21:54:51.486,2.05252,2.05326,1.00,1.05
2014.10.06 21:55:05.001,2.05252,2.05326,1.00,1.05
2014.10.06 21:55:05.748,2.05252,2.05326,1.00,1.05
2014.10.06 21:55:22.690,2.05235,2.05326,1.05,1.05
2014.10.06 21:55:25.176,2.05235,2.05327,1.05,1.05
2014.10.06 21:55:36.460,2.05227,2.05325,1.05,1.05
2014.10.06 21:55:36.510,2.05227,2.05319,1.05,1.05
2014.10.06 21:55:37.056,2.05217,2.05317,1.05,1.05
2014.10.06 21:55:37.107,2.05217,2.05309,1.05,1.05
2014.10.06 21:55:56.104,2.05209,2.05299,1.05,1.05
2014.10.06 21:56:00.227,2.05201,2.05299,1.05,1.05
2014.10.06 21:56:00.327,2.05199,2.05291,1.05,1.05
2014.10.06 21:56:05.036,2.05191,2.05281,1.05,1.05
2014.10.06 21:56:11.439,2.05195,2.0529,1.05,1.05
2014.10.06 21:56:31.737,2.052,2.05289,1.07,1.05
2014.10.06 21:56:31.888,2.05195,2.05285,1.60,1.05
2014.10.06 21:56:33.665,2.05204,2.05285,1.00,1.05
2014.10.06 21:56:35.320,2.05215,2.05285,1.00,1.05
2014.10.06 21:56:35.421,2.05201,2.05285,1.10,1.05
2014.10.06 21:56:47.638,2.05218,2.05307,1.07,1.05
2014.10.06 21:56:47.689,2.05218,2.05308,1.17,1.05
2014.10.06 21:56:47.907,2.05218,2.05308,1.10,1.05
2014.10.06 21:56:47.958,2.05208,2.053,1.05,1.05
2014.10.06 21:56:49.418,2.052,2.053,1.05,1.05
2014.10.06 21:56:49.468,2.05198,2.0529,1.05,1.05
2014.10.06 21:57:09.770,2.05198,2.0529,1.35,1.05
2014.10.06 21:57:14.882,2.05197,2.05301,1.60,1.05
2014.10.06 21:57:14.933,2.05208,2.05303,1.05,1.05
2014.10.06 21:57:17.897,2.05225,2.0532,1.35,1.05
2014.10.06 21:57:17.997,2.0524,2.05329,1.00,1.05
2014.10.06 21:57:19.617,2.0524,2.05329,1.15,1.05
2014.10.06 21:57:20.190,2.05236,2.05329,1.27,1.05
2014.10.06 21:57:20.240,2.05236,2.05318,1.00,1.05
2014.10.06 21:57:20.759,2.05236,2.05318,1.00,1.05
2014.10.06 21:57:24.929,2.05236,2.05301,1.00,1.05
2014.10.06 21:57:25.030,2.05226,2.05301,1.00,1.05
2014.10.06 21:57:25.231,2.05203,2.0529,1.15,1.05
2014.10.06 21:57:25.332,2.05203,2.0528,1.00,1.05
2014.10.06 21:57:25.483,2.0519,2.0528,1.05,1.05
2014.10.06 21:57:25.700,2.05195,2.0528,1.00,1.05
2014.10.06 21:57:31.136,2.05205,2.0529,1.00,1.05
2014.10.06 21:57:31.186,2.05205,2.0529,1.00,1.05
2014.10.06 21:57:31.366,2.05205,2.05299,1.35,1.05
2014.10.06 21:57:33.145,2.05205,2.05308,1.80,1.05
2014.10.06 21:57:33.195,2.05211,2.05308,1.05,1.05
2014.10.06 21:57:33.246,2.05206,2.05306,1.60,1.05
2014.10.06 21:57:33.296,2.05206,2.05298,1.60,1.05
2014.10.06 21:57:40.127,2.05214,2.05298,1.00,1.05
2014.10.06 21:57:40.177,2.05214,2.05306,1.15,1.05
2014.10.06 21:57:40.346,2.0522,2.05306,1.00,1.05
2014.10.06 21:58:00.243,2.0522,2.05309,1.00,1.05
2014.10.06 21:58:00.403,2.05213,2.05291,1.00,1.05
2014.10.06 21:58:00.722,2.05201,2.05291,1.05,1.05
2014.10.06 21:58:00.823,2.05196,2.05284,1.17,1.05
2014.10.06 21:58:02.363,2.05196,2.05284,1.00,1.05
2014.10.06 21:58:02.414,2.05197,2.05294,1.05,1.05
2014.10.06 21:58:07.235,2.05211,2.05304,1.15,1.05
2014.10.06 21:58:21.629,2.05203,2.0529,1.17,1.05
2014.10.06 21:58:21.948,2.05197,2.05281,1.10,1.05
2014.10.06 21:58:22.250,2.05191,2.0527,1.00,1.05
2014.10.06 21:58:24.491,2.05193,2.0527,1.00,1.05
2014.10.06 21:58:24.542,2.05193,2.0528,1.00,1.05
2014.10.06 21:58:24.692,2.05196,2.0528,1.00,1.05
2014.10.06 21:58:24.743,2.05196,2.0529,1.35,1.05
2014.10.06 21:58:26.438,2.05206,2.05299,1.07,1.05
2014.10.06 21:58:26.491,2.05206,2.05299,1.15,1.05
2014.10.06 21:58:29.681,2.05198,2.05276,1.00,1.05
2014.10.06 21:58:31.433,2.05193,2.05276,1.00,1.05
2014.10.06 21:58:31.484,2.05193,2.05266,1.00,1.05
2014.10.06 21:58:31.635,2.05182,2.05266,1.00,1.05
2014.10.06 21:58:31.685,2.05182,2.05256,1.00,1.05
2014.10.06 21:58:34.907,2.05172,2.05256,1.00,1.05
2014.10.06 21:58:35.154,2.05174,2.05266,1.10,1.05
2014.10.06 21:58:35.204,2.05174,2.05266,1.17,1.05
2014.10.06 21:58:47.669,2.05174,2.05277,1.60,1.05
2014.10.06 21:58:47.719,2.05179,2.05277,1.05,1.05
2014.10.06 21:58:49.180,2.05179,2.05275,1.52,1.05
2014.10.06 21:58:49.231,2.05179,2.05247,1.00,1.05
2014.10.06 21:58:49.331,2.05179,2.05265,1.15,1.05
2014.10.06 21:58:49.851,2.05179,2.05265,1.00,1.05
2014.10.06 21:58:51.658,2.05192,2.05265,1.00,1.05
2014.10.06 21:58:51.759,2.05192,2.05274,1.00,1.05
2014.10.06 21:58:51.860,2.05184,2.05274,1.80,1.05
2014.10.06 21:58:55.121,2.05184,2.0529,1.05,1.05
2014.10.06 21:58:55.178,2.05195,2.0529,1.05,1.05
2014.10.06 21:58:56.405,2.05193,2.05289,1.60,1.05
2014.10.06 21:58:56.456,2.05193,2.05281,1.15,1.05
2014.10.06 21:59:16.086,2.05194,2.05274,0.15,0.10
2014.10.06 21:59:16.636,2.05205,2.05274,0.75,0.10
2014.10.06 21:59:16.975,2.05216,2.05274,0.75,0.10
2014.10.06 21:59:19.879,2.05216,2.05283,0.75,0.10
2014.10.06 21:59:20.031,2.05216,2.05265,0.75,0.10
2014.10.06 21:59:20.183,2.05217,2.05297,0.15,0.10
2014.10.06 21:59:20.235,2.05221,2.05297,0.75,0.10
2014.10.06 21:59:20.286,2.05223,2.05305,0.62,0.10
2014.10.06 21:59:23.669,2.05225,2.05305,0.15,0.10
2014.10.06 21:59:28.695,2.05218,2.05295,0.75,0.10
2014.10.06 21:59:41.117,2.05221,2.05302,0.62,0.10
2014.10.06 21:59:46.558,2.0523,2.05305,0.55,0.10
2014.10.06 21:59:46.609,2.0523,2.05311,0.62,0.10
2014.10.06 21:59:49.364,2.0523,2.05303,0.10,0.10
2014.10.06 21:59:49.414,2.05226,2.05303,0.10,0.10
