2012.03.27 06:00:00.138,1.93991,1.9404,1.50,1.13
2012.03.27 06:00:01.667,1.93991,1.94036,1.50,1.13
2012.03.27 06:00:01.737,1.93991,1.94038,1.50,1.13
2012.03.27 06:00:02.489,1.93991,1.94025,1.50,1.13
2012.03.27 06:00:02.556,1.93986,1.94025,1.50,1.13
2012.03.27 06:00:02.738,1.9398,1.94025,1.50,1.13
2012.03.27 06:00:02.872,1.93974,1.94025,1.50,1.13
2012.03.27 06:00:02.941,1.93974,1.94019,2.25,1.13
2012.03.27 06:00:04.703,1.93974,1.94019,1.50,1.13
2012.03.27 06:00:10.800,1.93966,1.94019,2.25,1.13
2012.03.27 06:00:13.307,1.93974,1.94019,1.50,1.13
2012.03.27 06:00:13.686,1.9398,1.94011,1.50,1.13
2012.03.27 06:00:15.907,1.9398,1.94005,1.50,1.13
2012.03.27 06:00:16.231,1.9398,1.94007,1.50,1.13
2012.03.27 06:00:16.408,1.93972,1.94007,1.50,1.13
2012.03.27 06:00:16.536,1.93966,1.94007,1.50,1.13
2012.03.27 06:00:19.422,1.93977,1.94018,1.13,1.13
2012.03.27 06:00:22.944,1.93977,1.94018,1.13,1.58
2012.03.27 06:00:23.195,1.93967,1.94006,1.50,1.13
2012.03.27 06:00:27.662,1.93965,1.94006,1.13,1.13
2012.03.27 06:00:33.677,1.93967,1.94006,1.50,1.13
2012.03.27 06:00:34.929,1.93971,1.94012,1.13,1.13
2012.03.27 06:00:37.510,1.93972,1.94012,1.50,1.13
2012.03.27 06:00:41.492,1.93971,1.94012,1.13,1.13
2012.03.27 06:00:49.896,1.93971,1.94012,1.88,1.13
2012.03.27 06:00:49.971,1.93977,1.94018,1.13,2.03
2012.03.27 06:00:53.787,1.93977,1.94018,1.13,2.03
2012.03.27 06:01:05.412,1.93977,1.94018,1.13,1.35
2012.03.27 06:01:05.848,1.93977,1.94018,1.13,1.13
2012.03.27 06:01:08.573,1.9399,1.94032,1.13,1.13
2012.03.27 06:01:08.642,1.93976,1.94019,1.13,1.13
2012.03.27 06:01:08.709,1.93978,1.94022,1.13,1.13
2012.03.27 06:01:10.728,1.93984,1.94027,1.13,1.50
2012.03.27 06:01:11.350,1.93976,1.94019,1.13,1.13
2012.03.27 06:01:14.155,1.93978,1.94019,1.50,1.13
2012.03.27 06:01:15.087,1.93989,1.9403,1.13,1.13
2012.03.27 06:01:19.298,1.93976,1.94019,1.13,1.13
2012.03.27 06:01:28.828,1.9398,1.94023,1.13,1.13
2012.03.27 06:01:29.267,1.93976,1.94019,1.13,1.13
2012.03.27 06:01:34.065,1.93976,1.94017,1.13,1.13
2012.03.27 06:01:34.196,1.93969,1.94012,1.13,1.13
2012.03.27 06:01:34.938,1.93967,1.94011,2.63,1.13
2012.03.27 06:01:35.162,1.93967,1.94005,1.50,1.13
2012.03.27 06:01:35.468,1.93964,1.94005,1.13,1.13
2012.03.27 06:01:36.376,1.9396,1.93999,1.50,1.13
2012.03.27 06:01:40.477,1.93953,1.93997,1.50,1.13
2012.03.27 06:01:40.815,1.93953,1.94001,1.50,1.13
2012.03.27 06:01:42.626,1.93949,1.94001,1.13,1.13
2012.03.27 06:01:42.957,1.93957,1.94001,1.50,1.13
2012.03.27 06:01:43.301,1.93965,1.94008,1.13,1.13
2012.03.27 06:01:45.060,1.9397,1.94013,1.13,1.13
2012.03.27 06:01:50.686,1.93981,1.94017,1.13,1.50
2012.03.27 06:01:51.253,1.93981,1.94024,1.13,1.50
2012.03.27 06:01:52.998,1.93971,1.94012,1.13,1.13
2012.03.27 06:02:06.596,1.93972,1.94012,1.50,1.13
2012.03.27 06:02:09.196,1.93981,1.94025,1.13,1.88
2012.03.27 06:02:28.928,1.93993,1.94035,1.13,1.09
2012.03.27 06:02:28.998,1.93993,1.94037,1.13,1.47
2012.03.27 06:02:29.516,1.93987,1.94031,1.13,1.13
2012.03.27 06:02:29.707,1.93985,1.94025,1.50,1.13
2012.03.27 06:02:29.956,1.93981,1.94025,1.13,1.13
2012.03.27 06:02:30.498,1.93981,1.94025,1.13,2.78
2012.03.27 06:02:30.687,1.93976,1.94018,1.13,1.13
2012.03.27 06:02:30.819,1.93974,1.94016,1.50,1.13
2012.03.27 06:02:31.129,1.93975,1.94019,1.13,1.13
2012.03.27 06:02:38.707,1.9397,1.94011,1.13,1.13
2012.03.27 06:02:46.870,1.9397,1.94011,1.13,1.88
2012.03.27 06:02:47.430,1.9397,1.94011,1.13,1.13
2012.03.27 06:02:50.603,1.9397,1.94011,1.13,1.88
2012.03.27 06:02:50.729,1.9397,1.94011,1.13,1.13
2012.03.27 06:02:51.036,1.93973,1.94011,1.50,1.13
2012.03.27 06:02:51.361,1.93982,1.94024,1.13,1.88
2012.03.27 06:02:51.601,1.93982,1.94024,1.13,1.88
2012.03.27 06:03:01.923,1.93982,1.94024,1.13,1.88
2012.03.27 06:03:05.364,1.93982,1.94024,1.13,1.88
2012.03.27 06:03:05.492,1.93982,1.94024,1.13,1.88
2012.03.27 06:03:05.621,1.93982,1.94024,1.13,1.88
2012.03.27 06:03:05.692,1.93987,1.94031,1.13,3.38
2012.03.27 06:03:14.481,1.93987,1.94031,1.13,1.13
2012.03.27 06:03:20.967,1.93987,1.94031,1.13,1.88
2012.03.27 06:03:21.682,1.93987,1.94031,1.13,1.13
2012.03.27 06:03:21.899,1.93987,1.94031,1.13,1.88
2012.03.27 06:03:22.398,1.93981,1.94025,2.63,1.88
2012.03.27 06:03:22.706,1.93981,1.94025,1.13,1.88
2012.03.27 06:03:22.829,1.93981,1.94025,1.13,1.88
2012.03.27 06:03:23.688,1.93991,1.94034,1.13,1.88
2012.03.27 06:03:23.952,1.93991,1.94034,1.13,1.88
2012.03.27 06:03:24.643,1.93991,1.94034,1.13,1.88
2012.03.27 06:03:24.960,1.93991,1.94034,1.13,1.88
2012.03.27 06:03:41.436,1.93998,1.9403,1.13,1.20
2012.03.27 06:03:41.771,1.94026,1.94044,1.13,2.25
2012.03.27 06:03:41.957,1.93998,1.94042,1.13,1.20
2012.03.27 06:03:42.207,1.93995,1.94041,1.50,1.20
2012.03.27 06:03:42.521,1.93997,1.9404,1.50,1.20
2012.03.27 06:03:42.647,1.93993,1.94041,1.50,1.20
2012.03.27 06:03:42.720,1.94021,1.9404,1.13,1.20
2012.03.27 06:03:42.967,1.93997,1.94041,1.50,1.20
2012.03.27 06:03:43.098,1.93994,1.94041,1.50,1.20
2012.03.27 06:03:43.327,1.93993,1.94043,1.13,1.80
2012.03.27 06:03:44.176,1.93993,1.94043,1.13,1.80
2012.03.27 06:03:44.706,1.93993,1.94043,1.13,1.80
2012.03.27 06:03:45.939,1.94022,1.94046,1.13,2.40
2012.03.27 06:03:46.279,1.94022,1.94058,1.13,2.25
2012.03.27 06:03:46.352,1.94022,1.94062,1.13,2.25
2012.03.27 06:03:46.420,1.94018,1.94061,1.13,1.88
2012.03.27 06:03:47.400,1.94018,1.94061,1.13,1.13
2012.03.27 06:03:47.651,1.94018,1.94061,1.13,1.88
2012.03.27 06:03:47.842,1.94016,1.94058,1.13,1.88
2012.03.27 06:03:48.139,1.94027,1.94066,1.13,1.05
2012.03.27 06:03:48.213,1.94027,1.94066,1.13,1.05
2012.03.27 06:03:48.289,1.94022,1.94063,1.13,1.13
2012.03.27 06:03:50.141,1.94022,1.94063,1.13,1.88
2012.03.27 06:03:52.109,1.94022,1.94063,1.13,1.13
2012.03.27 06:03:52.891,1.94022,1.94063,1.13,1.88
2012.03.27 06:03:54.981,1.94022,1.94063,1.13,1.13
2012.03.27 06:03:56.960,1.94022,1.94063,1.13,1.88
2012.03.27 06:03:59.627,1.94028,1.94066,1.13,1.05
2012.03.27 06:04:00.700,1.94028,1.94066,1.13,1.05
2012.03.27 06:04:01.417,1.94021,1.94064,1.13,1.88
2012.03.27 06:04:10.399,1.94028,1.94065,1.13,1.05
2012.03.27 06:04:25.384,1.94028,1.94066,1.13,1.05
2012.03.27 06:04:25.927,1.94015,1.94059,1.13,1.88
2012.03.27 06:04:26.005,1.94027,1.94066,1.13,1.05
2012.03.27 06:04:26.246,1.94015,1.94059,1.13,1.88
2012.03.27 06:04:26.662,1.94015,1.94059,1.13,2.18
2012.03.27 06:04:26.859,1.9401,1.94059,1.13,1.05
2012.03.27 06:04:29.881,1.9401,1.94062,1.13,1.88
2012.03.27 06:04:39.983,1.9401,1.94058,1.13,2.25
2012.03.27 06:04:40.357,1.94004,1.94046,1.13,1.88
2012.03.27 06:04:40.432,1.94004,1.94046,1.13,1.88
2012.03.27 06:04:40.803,1.94004,1.94046,1.13,1.88
2012.03.27 06:04:40.869,1.94004,1.94046,1.13,1.88
2012.03.27 06:04:41.181,1.94004,1.94046,1.13,1.88
2012.03.27 06:04:41.435,1.94004,1.94046,1.13,1.88
2012.03.27 06:04:41.802,1.94006,1.94046,1.13,2.25
2012.03.27 06:04:42.169,1.94006,1.94046,1.13,2.25
2012.03.27 06:04:46.567,1.94006,1.94041,1.13,1.50
2012.03.27 06:04:48.850,1.94006,1.94044,1.13,2.25
2012.03.27 06:04:48.919,1.94018,1.94046,1.13,2.25
2012.03.27 06:04:49.047,1.94018,1.94046,1.13,1.50
2012.03.27 06:04:49.117,1.94015,1.94046,1.13,1.50
2012.03.27 06:04:49.329,1.94015,1.94046,1.13,2.25
2012.03.27 06:04:49.530,1.94012,1.94046,1.13,2.25
2012.03.27 06:04:50.082,1.94008,1.94046,1.13,2.25
2012.03.27 06:04:50.583,1.94,1.94046,1.13,2.25
2012.03.27 06:04:57.887,1.93993,1.94037,1.50,1.13
2012.03.27 06:04:58.080,1.93989,1.94037,1.13,1.13
2012.03.27 06:04:59.703,1.93989,1.94037,1.13,1.88
2012.03.27 06:05:00.229,1.93976,1.94026,2.63,1.88
2012.03.27 06:05:00.300,1.93976,1.94026,2.63,1.88
2012.03.27 06:05:01.158,1.93976,1.94026,1.13,1.88
2012.03.27 06:05:01.929,1.93976,1.94026,1.13,1.88
2012.03.27 06:05:02.166,1.93976,1.94026,1.13,1.88
2012.03.27 06:05:02.237,1.93985,1.94028,1.13,1.88
2012.03.27 06:05:02.429,1.93985,1.94028,1.13,1.13
2012.03.27 06:05:02.497,1.93977,1.94025,1.13,1.13
2012.03.27 06:05:06.132,1.93975,1.9402,1.13,1.13
2012.03.27 06:05:06.462,1.93986,1.94029,1.13,1.13
2012.03.27 06:05:07.099,1.93987,1.9403,1.13,1.13
2012.03.27 06:05:09.037,1.94,1.94039,1.13,1.50
2012.03.27 06:05:09.167,1.94,1.94041,1.13,1.13
2012.03.27 06:05:10.383,1.93987,1.9403,1.50,1.13
2012.03.27 06:05:13.146,1.93986,1.9403,1.13,1.13
2012.03.27 06:05:21.068,1.93995,1.94044,1.50,1.88
2012.03.27 06:05:21.258,1.93999,1.94051,1.13,1.88
2012.03.27 06:05:21.627,1.94001,1.94051,1.50,1.13
2012.03.27 06:05:22.819,1.94007,1.94051,1.50,1.13
2012.03.27 06:05:23.188,1.94002,1.94051,1.50,1.13
2012.03.27 06:05:33.646,1.94006,1.94056,1.13,1.88
2012.03.27 06:05:37.195,1.94012,1.94056,1.50,1.13
2012.03.27 06:05:37.503,1.9403,1.94072,1.13,2.25
2012.03.27 06:05:37.750,1.94047,1.94087,1.13,2.25
2012.03.27 06:05:39.866,1.94047,1.94088,1.13,1.13
2012.03.27 06:05:47.676,1.94047,1.94088,1.13,1.88
2012.03.27 06:05:47.867,1.94035,1.94076,1.13,1.13
2012.03.27 06:05:47.998,1.94046,1.94089,1.13,1.88
2012.03.27 06:05:48.656,1.94046,1.94089,1.13,1.13
2012.03.27 06:05:48.820,1.94046,1.94089,1.13,1.88
2012.03.27 06:05:54.579,1.94046,1.94089,1.13,1.13
2012.03.27 06:05:54.832,1.94052,1.94094,1.13,2.25
2012.03.27 06:05:56.509,1.94052,1.94101,1.13,2.25
2012.03.27 06:05:56.628,1.94052,1.94101,1.13,2.25
2012.03.27 06:05:57.020,1.94053,1.94101,1.13,1.50
2012.03.27 06:05:57.981,1.94053,1.94102,1.13,1.50
2012.03.27 06:05:58.471,1.94051,1.94102,1.13,1.50
2012.03.27 06:05:58.541,1.94052,1.94114,1.50,2.25
2012.03.27 06:05:58.608,1.94052,1.94114,1.50,2.25
2012.03.27 06:05:58.678,1.94054,1.94114,1.13,2.25
2012.03.27 06:05:58.748,1.94065,1.94114,1.50,2.25
2012.03.27 06:05:59.082,1.94074,1.94119,1.13,1.50
2012.03.27 06:06:00.257,1.94074,1.94129,1.13,2.25
2012.03.27 06:06:00.520,1.94094,1.94136,1.13,2.25
2012.03.27 06:06:03.505,1.94094,1.94143,1.13,2.25
2012.03.27 06:06:04.489,1.9411,1.94143,1.13,2.25
2012.03.27 06:06:04.618,1.9411,1.94148,1.13,2.25
2012.03.27 06:06:13.166,1.9411,1.94149,1.13,1.50
2012.03.27 06:06:13.408,1.94123,1.94149,1.13,1.50
2012.03.27 06:06:13.752,1.9411,1.94149,1.13,1.50
2012.03.27 06:06:13.820,1.9411,1.94152,1.13,1.50
2012.03.27 06:06:15.579,1.9411,1.94152,1.13,2.25
2012.03.27 06:06:22.412,1.94086,1.94145,2.52,2.25
2012.03.27 06:06:23.678,1.94085,1.94145,2.55,2.25
2012.03.27 06:06:23.869,1.94085,1.94145,2.33,2.25
2012.03.27 06:06:23.940,1.94085,1.94145,2.33,2.25
2012.03.27 06:06:24.397,1.94085,1.94145,2.33,2.25
2012.03.27 06:06:25.369,1.94081,1.9414,1.24,2.25
2012.03.27 06:06:28.521,1.94078,1.9414,2.48,1.50
2012.03.27 06:06:28.590,1.94085,1.94147,2.48,2.25
2012.03.27 06:06:28.719,1.94085,1.94146,2.48,1.88
2012.03.27 06:06:32.865,1.9408,1.9414,2.26,2.63
2012.03.27 06:06:33.203,1.9408,1.94137,2.10,2.63
2012.03.27 06:06:33.612,1.9408,1.94137,2.10,1.50
2012.03.27 06:06:34.020,1.94092,1.94146,2.10,1.88
2012.03.27 06:06:34.210,1.94092,1.94145,2.10,1.88
2012.03.27 06:06:34.846,1.94079,1.94138,2.18,2.25
2012.03.27 06:06:35.469,1.94079,1.94138,2.18,2.25
2012.03.27 06:06:35.790,1.94079,1.94137,1.50,1.88
2012.03.27 06:06:35.918,1.94079,1.94135,1.50,2.25
2012.03.27 06:06:35.992,1.94079,1.94121,1.50,1.13
2012.03.27 06:06:36.185,1.94071,1.94121,2.18,1.13
2012.03.27 06:06:36.311,1.94065,1.94121,2.18,1.88
2012.03.27 06:06:36.437,1.94065,1.94121,2.18,1.13
2012.03.27 06:06:36.597,1.94065,1.94121,2.18,1.88
2012.03.27 06:06:37.512,1.94065,1.94122,2.25,1.88
2012.03.27 06:06:37.920,1.94065,1.94122,2.25,1.13
2012.03.27 06:06:38.150,1.94065,1.94122,2.25,1.88
2012.03.27 06:06:38.360,1.94065,1.94122,2.25,1.13
2012.03.27 06:06:38.937,1.94065,1.94124,2.25,3.38
2012.03.27 06:06:41.809,1.94071,1.9413,2.25,1.50
2012.03.27 06:06:41.882,1.94077,1.94136,2.25,1.88
2012.03.27 06:06:42.282,1.94077,1.94138,2.25,1.50
2012.03.27 06:06:44.047,1.94077,1.94138,2.25,2.25
2012.03.27 06:06:44.978,1.94077,1.94138,2.25,1.50
2012.03.27 06:06:46.358,1.94099,1.94138,1.13,2.25
2012.03.27 06:06:46.540,1.94098,1.94138,1.13,1.50
2012.03.27 06:06:47.239,1.94099,1.94141,1.13,1.13
2012.03.27 06:06:51.499,1.94111,1.94146,1.13,1.50
2012.03.27 06:06:51.665,1.94111,1.9415,1.13,1.50
2012.03.27 06:06:51.727,1.94111,1.94143,1.13,1.50
2012.03.27 06:06:51.815,1.94111,1.9415,1.13,1.50
2012.03.27 06:06:51.880,1.94111,1.9415,1.13,2.25
2012.03.27 06:06:51.947,1.94098,1.94142,1.13,1.13
2012.03.27 06:07:06.012,1.94084,1.94134,1.50,1.13
2012.03.27 06:07:06.665,1.94082,1.94134,1.13,1.13
2012.03.27 06:07:07.326,1.94081,1.94131,1.13,1.13
2012.03.27 06:07:09.000,1.94082,1.94129,1.13,1.13
2012.03.27 06:07:09.345,1.94081,1.94123,1.13,1.13
2012.03.27 06:07:09.469,1.94071,1.94121,1.13,1.13
2012.03.27 06:07:13.391,1.94088,1.94125,1.13,1.50
2012.03.27 06:07:13.918,1.94088,1.94132,1.13,2.25
2012.03.27 06:07:16.935,1.94088,1.94137,1.13,3.38
2012.03.27 06:07:18.971,1.94088,1.94131,1.13,1.50
2012.03.27 06:07:20.542,1.94088,1.94128,1.13,1.50
2012.03.27 06:07:20.728,1.9408,1.94124,1.13,1.13
2012.03.27 06:07:25.559,1.9408,1.94123,1.13,1.50
2012.03.27 06:07:26.241,1.9408,1.9412,1.13,1.50
2012.03.27 06:07:28.688,1.9408,1.9412,1.13,2.25
2012.03.27 06:07:29.671,1.9408,1.94113,1.13,1.50
2012.03.27 06:07:29.739,1.94062,1.94101,1.13,1.50
2012.03.27 06:07:29.991,1.94062,1.94105,1.13,1.88
2012.03.27 06:07:30.301,1.94062,1.94105,1.13,1.88
2012.03.27 06:07:30.428,1.94056,1.94099,1.13,1.88
2012.03.27 06:07:32.479,1.94056,1.94099,1.13,1.13
2012.03.27 06:07:32.608,1.94046,1.94087,1.50,1.13
2012.03.27 06:07:32.997,1.94046,1.94087,1.50,1.88
2012.03.27 06:07:33.138,1.94044,1.94087,1.13,1.88
2012.03.27 06:07:33.272,1.94044,1.94087,1.13,1.88
2012.03.27 06:07:33.518,1.94044,1.94087,1.13,1.13
2012.03.27 06:07:33.588,1.94051,1.94093,1.13,1.13
2012.03.27 06:07:35.192,1.94051,1.94093,1.13,1.88
2012.03.27 06:07:35.557,1.94051,1.94085,1.13,1.09
2012.03.27 06:07:35.868,1.94051,1.9408,1.13,2.25
2012.03.27 06:07:35.936,1.94038,1.9408,1.13,2.25
2012.03.27 06:07:36.228,1.94026,1.9407,1.36,1.88
2012.03.27 06:07:37.014,1.94026,1.9407,1.13,1.13
2012.03.27 06:07:37.141,1.94021,1.94063,1.13,1.13
2012.03.27 06:07:38.139,1.94032,1.94074,1.13,1.50
2012.03.27 06:07:38.426,1.94032,1.94076,1.13,1.13
2012.03.27 06:07:38.727,1.94032,1.94076,1.13,1.88
2012.03.27 06:07:38.803,1.94032,1.94076,1.13,1.13
2012.03.27 06:07:42.890,1.94032,1.94076,1.13,1.88
2012.03.27 06:07:43.473,1.94032,1.94074,1.13,1.50
2012.03.27 06:07:44.153,1.94034,1.94074,1.13,1.50
2012.03.27 06:07:44.593,1.94036,1.94074,1.13,1.50
2012.03.27 06:07:44.899,1.94039,1.94074,1.13,1.50
2012.03.27 06:07:46.459,1.94033,1.94074,1.13,1.50
2012.03.27 06:07:47.778,1.94033,1.94075,1.13,1.88
2012.03.27 06:07:49.419,1.94033,1.94075,1.13,1.88
2012.03.27 06:07:52.164,1.94034,1.94076,1.13,1.88
2012.03.27 06:07:52.837,1.94035,1.94078,1.13,1.88
2012.03.27 06:07:52.909,1.94035,1.94078,1.13,1.13
2012.03.27 06:07:52.980,1.94038,1.9408,1.13,1.50
2012.03.27 06:07:54.332,1.94038,1.9408,1.13,2.25
2012.03.27 06:07:55.328,1.94038,1.9408,1.13,1.50
2012.03.27 06:07:55.553,1.94038,1.9408,1.13,2.25
2012.03.27 06:07:56.955,1.94038,1.94082,1.13,1.13
2012.03.27 06:07:57.285,1.94038,1.94082,1.13,1.88
2012.03.27 06:07:58.166,1.94038,1.94082,1.13,1.88
2012.03.27 06:07:58.245,1.94027,1.94069,1.13,1.88
2012.03.27 06:08:00.122,1.94036,1.94076,1.13,1.65
2012.03.27 06:08:00.193,1.94036,1.94076,1.13,1.65
2012.03.27 06:08:00.319,1.94032,1.94073,1.13,1.50
2012.03.27 06:08:00.506,1.94034,1.94073,1.13,1.73
2012.03.27 06:08:06.487,1.94035,1.94075,1.13,1.20
2012.03.27 06:08:07.563,1.94036,1.94075,1.13,1.20
2012.03.27 06:08:09.618,1.94036,1.94075,1.13,1.43
2012.03.27 06:08:18.619,1.94036,1.94075,1.13,1.20
2012.03.27 06:08:18.928,1.94036,1.94077,1.13,1.13
2012.03.27 06:08:18.999,1.94046,1.94087,1.13,3.38
2012.03.27 06:08:24.963,1.94043,1.94086,1.13,2.25
2012.03.27 06:08:26.808,1.94045,1.94086,1.13,2.25
2012.03.27 06:08:28.543,1.94045,1.94088,1.13,1.13
2012.03.27 06:08:29.130,1.94056,1.94094,1.13,2.25
2012.03.27 06:08:31.873,1.94056,1.941,1.13,2.33
2012.03.27 06:08:33.900,1.94061,1.94101,1.13,3.15
2012.03.27 06:08:33.968,1.94061,1.94101,1.13,3.15
2012.03.27 06:08:35.022,1.94056,1.94094,1.13,2.25
2012.03.27 06:08:35.091,1.94056,1.94094,1.13,2.25
2012.03.27 06:08:43.783,1.94056,1.941,1.13,2.55
2012.03.27 06:08:50.204,1.94056,1.941,1.13,2.33
2012.03.27 06:08:50.448,1.94056,1.941,1.13,2.33
2012.03.27 06:08:52.869,1.94052,1.94098,1.13,2.10
2012.03.27 06:08:53.919,1.94052,1.94098,1.13,2.10
2012.03.27 06:08:55.789,1.94052,1.94098,1.13,1.35
2012.03.27 06:08:56.408,1.94053,1.94099,1.13,1.35
2012.03.27 06:09:00.519,1.94053,1.94099,1.13,2.10
2012.03.27 06:09:00.697,1.94053,1.94099,1.13,1.35
2012.03.27 06:09:01.222,1.94052,1.94098,1.13,1.35
2012.03.27 06:09:01.304,1.94062,1.94107,1.13,1.95
2012.03.27 06:09:01.372,1.94062,1.94107,1.13,1.50
2012.03.27 06:09:01.441,1.94062,1.94107,1.13,2.25
2012.03.27 06:09:01.759,1.94057,1.94099,1.13,1.13
2012.03.27 06:09:07.079,1.94057,1.94101,1.13,1.13
2012.03.27 06:09:13.850,1.94057,1.94099,1.13,1.13
2012.03.27 06:09:14.795,1.94058,1.941,1.13,1.13
2012.03.27 06:09:15.070,1.94059,1.94102,1.13,1.13
2012.03.27 06:09:15.697,1.94058,1.941,1.13,1.13
2012.03.27 06:09:16.231,1.94057,1.94099,1.13,1.13
2012.03.27 06:09:22.133,1.94057,1.94099,1.13,1.88
2012.03.27 06:09:22.516,1.9406,1.94101,1.13,2.25
2012.03.27 06:09:23.292,1.94049,1.94091,1.13,1.13
2012.03.27 06:09:27.010,1.9405,1.94094,1.13,2.63
2012.03.27 06:09:31.139,1.9405,1.94088,1.13,1.50
2012.03.27 06:09:31.208,1.9405,1.94094,1.13,1.13
2012.03.27 06:09:39.653,1.9405,1.94094,1.13,1.88
2012.03.27 06:09:39.719,1.94048,1.94092,1.13,1.88
2012.03.27 06:09:40.151,1.9405,1.94094,1.13,1.88
2012.03.27 06:09:40.689,1.9405,1.94094,1.13,1.13
2012.03.27 06:09:44.499,1.94044,1.94088,1.13,1.13
2012.03.27 06:09:44.811,1.94057,1.94099,1.13,1.13
2012.03.27 06:09:45.598,1.94057,1.94099,1.13,1.88
2012.03.27 06:09:45.668,1.94045,1.94087,1.13,1.13
2012.03.27 06:09:46.038,1.94051,1.94093,1.13,1.13
2012.03.27 06:09:46.228,1.94044,1.94088,1.13,1.13
2012.03.27 06:09:48.649,1.9405,1.94094,1.13,1.13
2012.03.27 06:10:01.619,1.94044,1.94088,1.13,1.13
2012.03.27 06:10:02.823,1.94044,1.94088,1.13,1.88
2012.03.27 06:10:02.982,1.94044,1.94088,1.13,1.13
2012.03.27 06:10:11.609,1.94046,1.94089,1.13,1.13
2012.03.27 06:10:11.976,1.94049,1.94091,1.13,1.13
2012.03.27 06:10:16.126,1.94047,1.94088,1.13,1.13
2012.03.27 06:10:16.463,1.94049,1.94091,1.13,1.13
2012.03.27 06:10:18.120,1.94044,1.94088,1.13,1.13
2012.03.27 06:10:23.725,1.94048,1.94092,1.13,1.13
2012.03.27 06:10:24.252,1.9405,1.94094,1.13,1.13
2012.03.27 06:10:59.471,1.94054,1.94098,1.13,1.13
2012.03.27 06:10:59.911,1.94051,1.94093,1.13,1.13
2012.03.27 06:11:00.303,1.94049,1.94093,1.13,1.13
2012.03.27 06:11:00.429,1.94062,1.94102,1.13,1.50
2012.03.27 06:11:00.624,1.94062,1.94106,1.13,1.13
2012.03.27 06:11:02.001,1.94062,1.94102,1.13,1.50
2012.03.27 06:11:05.352,1.94062,1.94102,1.13,1.84
2012.03.27 06:11:05.478,1.9405,1.94094,1.13,1.13
2012.03.27 06:11:08.007,1.9405,1.9409,1.13,1.50
2012.03.27 06:11:09.472,1.9405,1.94093,1.13,1.50
2012.03.27 06:11:10.666,1.9405,1.94094,1.13,1.13
2012.03.27 06:11:15.615,1.9405,1.94092,1.13,1.13
2012.03.27 06:11:17.952,1.94051,1.94093,1.13,1.13
2012.03.27 06:11:19.610,1.94049,1.94091,1.13,1.13
2012.03.27 06:11:20.290,1.94051,1.94093,1.13,1.13
2012.03.27 06:11:24.872,1.94049,1.94093,1.13,1.13
2012.03.27 06:11:25.464,1.94051,1.94093,1.13,1.13
2012.03.27 06:11:26.307,1.94056,1.941,1.13,2.03
2012.03.27 06:11:27.792,1.94056,1.941,1.13,1.58
2012.03.27 06:11:28.492,1.9405,1.94094,1.13,1.13
2012.03.27 06:11:42.090,1.94051,1.94093,1.13,1.13
2012.03.27 06:11:42.408,1.94052,1.94095,1.13,1.13
2012.03.27 06:11:44.701,1.94055,1.94097,1.13,1.13
2012.03.27 06:11:45.359,1.94055,1.94098,1.13,1.73
2012.03.27 06:11:45.843,1.9405,1.94094,1.13,1.13
2012.03.27 06:11:59.427,1.94051,1.94093,1.13,1.13
2012.03.27 06:12:00.115,1.9405,1.94094,1.13,1.13
2012.03.27 06:12:01.072,1.9405,1.94092,1.13,1.13
2012.03.27 06:12:01.649,1.9405,1.94094,1.13,1.13
2012.03.27 06:12:04.533,1.94052,1.94095,1.13,1.13
2012.03.27 06:12:04.605,1.9405,1.94094,1.13,1.13
2012.03.27 06:12:21.453,1.94049,1.94093,1.13,1.13
2012.03.27 06:12:21.608,1.94051,1.94093,1.13,1.13
2012.03.27 06:12:24.760,1.9407,1.94097,1.13,1.50
2012.03.27 06:12:25.001,1.94053,1.94097,1.13,2.63
2012.03.27 06:12:25.088,1.94058,1.941,1.13,1.13
2012.03.27 06:12:25.420,1.94058,1.94085,1.13,1.50
2012.03.27 06:12:25.491,1.9404,1.94086,2.63,1.50
2012.03.27 06:12:26.428,1.9404,1.94091,1.13,1.50
2012.03.27 06:12:26.709,1.94034,1.94077,1.13,1.13
2012.03.27 06:12:41.832,1.94035,1.94077,1.13,1.50
2012.03.27 06:12:45.437,1.94035,1.94078,1.13,1.13
2012.03.27 06:12:47.011,1.94035,1.94078,1.13,1.88
2012.03.27 06:12:47.296,1.94026,1.94068,1.13,1.13
2012.03.27 06:12:47.480,1.94026,1.94068,1.13,1.88
2012.03.27 06:12:47.680,1.94026,1.94068,1.13,1.13
2012.03.27 06:12:50.130,1.94026,1.94068,1.13,1.47
2012.03.27 06:12:50.353,1.9402,1.94061,1.13,1.13
2012.03.27 06:12:50.558,1.94016,1.9406,1.13,1.13
2012.03.27 06:12:50.691,1.94,1.9405,1.13,1.13
2012.03.27 06:13:02.514,1.94005,1.94057,1.13,1.47
2012.03.27 06:13:04.732,1.93999,1.94051,1.13,1.13
2012.03.27 06:13:11.556,1.94001,1.94039,1.50,1.13
2012.03.27 06:13:11.632,1.94005,1.94046,1.13,1.13
2012.03.27 06:13:12.211,1.94005,1.94046,1.88,1.13
2012.03.27 06:13:12.844,1.94005,1.94046,1.13,1.13
2012.03.27 06:13:41.120,1.94002,1.94045,1.13,1.13
2012.03.27 06:13:43.702,1.94005,1.94049,1.13,1.13
2012.03.27 06:13:43.873,1.94003,1.94044,1.13,1.13
2012.03.27 06:14:05.380,1.9401,1.94054,1.13,2.97
2012.03.27 06:14:05.451,1.9401,1.94053,1.13,1.09
2012.03.27 06:14:05.681,1.9401,1.94054,1.13,2.97
2012.03.27 06:14:06.011,1.94002,1.94045,1.13,1.13
2012.03.27 06:14:09.958,1.93999,1.94043,1.13,1.13
2012.03.27 06:14:10.029,1.94002,1.94045,1.13,1.13
2012.03.27 06:14:10.394,1.94,1.94042,1.13,1.13
2012.03.27 06:14:11.322,1.94002,1.94045,1.13,1.13
2012.03.27 06:14:24.351,1.94003,1.94046,1.13,1.13
2012.03.27 06:14:24.422,1.94003,1.94044,1.13,1.13
2012.03.27 06:14:24.829,1.94008,1.94051,1.13,1.13
2012.03.27 06:14:26.320,1.94011,1.94053,1.13,1.47
2012.03.27 06:14:26.959,1.94016,1.9406,1.13,1.73
2012.03.27 06:14:27.479,1.94016,1.9406,1.13,1.43
2012.03.27 06:14:27.728,1.94016,1.9406,1.13,1.13
2012.03.27 06:14:28.042,1.94022,1.94066,1.13,1.13
2012.03.27 06:14:28.954,1.94019,1.94062,1.13,1.13
2012.03.27 06:14:29.017,1.94022,1.94066,1.13,1.13
2012.03.27 06:14:56.304,1.94029,1.94071,1.13,1.13
2012.03.27 06:14:56.633,1.94034,1.94078,1.13,1.58
2012.03.27 06:14:57.137,1.94034,1.94078,1.13,1.58
2012.03.27 06:14:57.667,1.9404,1.94084,1.13,1.13
2012.03.27 06:15:05.891,1.9404,1.94084,1.13,1.88
2012.03.27 06:15:06.053,1.94023,1.94067,2.63,1.88
2012.03.27 06:15:06.181,1.94023,1.94067,1.13,1.13
2012.03.27 06:15:06.254,1.9404,1.9407,1.13,1.50
2012.03.27 06:15:06.381,1.9404,1.94074,1.13,1.50
2012.03.27 06:15:06.512,1.94024,1.94065,1.13,1.13
2012.03.27 06:15:06.987,1.94041,1.94069,1.13,1.50
2012.03.27 06:15:07.171,1.94029,1.94069,1.13,2.25
2012.03.27 06:15:07.240,1.94029,1.94069,1.13,1.50
2012.03.27 06:15:07.308,1.94029,1.94064,1.13,1.50
2012.03.27 06:15:09.408,1.94029,1.94069,1.13,1.50
2012.03.27 06:15:09.480,1.94035,1.94069,1.13,1.50
2012.03.27 06:15:11.310,1.94035,1.94076,1.13,2.25
2012.03.27 06:15:11.741,1.94035,1.94076,1.13,2.25
2012.03.27 06:15:11.812,1.94035,1.94076,1.13,2.25
2012.03.27 06:15:12.354,1.94023,1.94066,1.13,1.88
2012.03.27 06:15:15.416,1.94023,1.94066,1.13,1.13
2012.03.27 06:15:16.123,1.94023,1.94066,1.13,1.88
2012.03.27 06:15:16.678,1.94023,1.94064,1.13,1.50
2012.03.27 06:15:17.131,1.94018,1.94059,1.13,1.13
2012.03.27 06:15:27.752,1.94018,1.94059,1.13,1.88
2012.03.27 06:15:30.661,1.94018,1.94059,1.13,1.13
2012.03.27 06:15:53.110,1.94018,1.94057,1.13,1.50
2012.03.27 06:16:03.365,1.94018,1.94059,1.13,1.13
2012.03.27 06:16:03.499,1.94018,1.94059,1.13,1.88
2012.03.27 06:16:04.714,1.94018,1.94059,1.13,1.13
2012.03.27 06:16:07.249,1.94011,1.94054,1.13,1.13
2012.03.27 06:16:08.024,1.94024,1.94065,1.13,2.63
2012.03.27 06:16:09.210,1.9403,1.94071,1.13,1.13
2012.03.27 06:16:10.139,1.94023,1.94066,1.13,1.13
2012.03.27 06:16:11.802,1.94023,1.94066,1.13,1.88
2012.03.27 06:16:12.050,1.94028,1.94069,1.13,1.13
2012.03.27 06:16:12.358,1.9403,1.94071,1.13,1.88
2012.03.27 06:16:12.703,1.9403,1.94071,1.13,1.88
2012.03.27 06:16:12.785,1.9403,1.94071,1.13,1.13
2012.03.27 06:16:12.969,1.94036,1.94073,1.13,1.50
2012.03.27 06:16:13.532,1.94036,1.94078,1.13,3.38
2012.03.27 06:16:14.597,1.9404,1.94078,1.13,2.25
2012.03.27 06:16:14.977,1.94035,1.94078,1.13,2.25
2012.03.27 06:16:15.182,1.94035,1.9407,1.13,1.50
2012.03.27 06:16:15.253,1.94029,1.9407,1.13,1.50
2012.03.27 06:16:16.093,1.94029,1.9407,1.13,2.25
2012.03.27 06:16:16.941,1.94029,1.9407,1.13,1.50
2012.03.27 06:16:17.522,1.94029,1.9407,1.13,2.25
2012.03.27 06:16:18.068,1.94029,1.9407,1.13,1.50
2012.03.27 06:16:20.995,1.94024,1.94068,1.13,1.13
2012.03.27 06:16:23.252,1.94017,1.94059,1.50,1.13
2012.03.27 06:16:23.740,1.94023,1.94064,1.13,1.13
2012.03.27 06:16:23.893,1.94018,1.94062,1.13,1.13
2012.03.27 06:16:25.681,1.94018,1.94059,1.13,1.13
2012.03.27 06:16:26.173,1.94018,1.94062,1.13,1.13
2012.03.27 06:16:28.253,1.94011,1.94052,1.13,1.13
2012.03.27 06:16:31.176,1.94014,1.94056,1.13,1.13
2012.03.27 06:16:33.686,1.94009,1.94051,1.13,1.13
2012.03.27 06:16:34.057,1.94013,1.94057,1.13,1.13
2012.03.27 06:16:35.775,1.94013,1.94057,1.13,1.88
2012.03.27 06:16:37.004,1.94013,1.94057,1.13,1.13
2012.03.27 06:16:37.338,1.94017,1.94059,1.13,1.50
2012.03.27 06:16:38.345,1.94022,1.94059,1.13,1.50
2012.03.27 06:16:38.840,1.94022,1.94061,1.13,2.25
2012.03.27 06:16:40.204,1.94023,1.94064,1.13,2.25
2012.03.27 06:16:40.280,1.94007,1.94053,1.13,1.50
2012.03.27 06:16:40.645,1.94007,1.94053,1.13,2.25
2012.03.27 06:16:40.831,1.94007,1.94051,1.13,1.50
2012.03.27 06:16:40.899,1.94007,1.94047,1.13,1.50
2012.03.27 06:16:42.562,1.94008,1.94041,1.13,1.50
2012.03.27 06:16:43.693,1.94007,1.94041,1.13,1.50
2012.03.27 06:16:44.921,1.94007,1.94041,1.13,2.25
2012.03.27 06:16:44.999,1.94001,1.94041,1.13,2.25
2012.03.27 06:16:45.610,1.93993,1.94034,1.13,2.25
2012.03.27 06:16:45.684,1.93993,1.94027,1.13,2.25
2012.03.27 06:16:45.924,1.93982,1.94025,1.13,1.88
2012.03.27 06:16:50.310,1.93982,1.94025,1.13,1.88
2012.03.27 06:16:50.622,1.93986,1.94027,1.13,2.25
2012.03.27 06:16:51.665,1.93987,1.94027,1.13,2.25
2012.03.27 06:16:51.809,1.93987,1.94027,1.13,1.50
2012.03.27 06:16:51.884,1.93985,1.94027,1.13,1.50
2012.03.27 06:16:52.008,1.93983,1.94024,1.13,1.13
2012.03.27 06:16:53.064,1.93978,1.94019,1.13,1.13
2012.03.27 06:16:54.391,1.93989,1.94032,1.13,2.63
2012.03.27 06:17:04.928,1.94001,1.94043,1.13,1.13
2012.03.27 06:17:22.131,1.9399,1.94027,1.50,1.13
2012.03.27 06:17:22.335,1.93995,1.94036,1.13,1.13
2012.03.27 06:17:22.464,1.94,1.94043,1.13,1.13
2012.03.27 06:17:22.651,1.9399,1.94033,2.25,1.13
2012.03.27 06:17:22.783,1.93997,1.94048,1.13,1.13
2012.03.27 06:17:23.264,1.94007,1.94048,1.50,1.13
2012.03.27 06:17:23.579,1.94013,1.94048,1.50,1.13
2012.03.27 06:17:23.937,1.94013,1.94051,1.50,1.13
2012.03.27 06:17:25.712,1.94013,1.94047,1.50,1.13
2012.03.27 06:17:25.967,1.94013,1.94051,1.50,1.13
2012.03.27 06:17:31.237,1.9401,1.94051,1.50,1.13
2012.03.27 06:17:31.308,1.94007,1.94051,1.50,1.13
2012.03.27 06:17:32.432,1.94005,1.94051,1.50,1.13
2012.03.27 06:17:32.650,1.94001,1.94051,2.63,1.13
2012.03.27 06:17:38.087,1.94001,1.94051,3.38,1.13
2012.03.27 06:17:38.530,1.94017,1.94061,1.13,1.13
2012.03.27 06:17:39.120,1.94042,1.94073,1.13,1.50
2012.03.27 06:17:39.354,1.94042,1.94086,1.13,1.88
2012.03.27 06:17:39.600,1.94049,1.94089,1.13,1.50
2012.03.27 06:17:39.928,1.94049,1.94089,1.13,2.25
2012.03.27 06:17:40.064,1.94043,1.94085,1.13,1.88
2012.03.27 06:17:44.678,1.94043,1.94083,1.13,1.50
2012.03.27 06:17:49.723,1.94053,1.94083,1.13,1.50
2012.03.27 06:17:49.970,1.94048,1.94083,1.13,1.50
2012.03.27 06:17:50.159,1.94043,1.94083,1.13,1.50
2012.03.27 06:17:50.288,1.94043,1.94085,1.13,1.88
2012.03.27 06:17:51.949,1.94043,1.94085,1.13,1.88
2012.03.27 06:17:52.219,1.94043,1.94085,1.13,1.88
2012.03.27 06:17:52.519,1.9405,1.94087,1.13,2.25
2012.03.27 06:17:52.719,1.9404,1.94083,1.13,1.13
2012.03.27 06:17:53.719,1.94039,1.94082,1.13,1.13
2012.03.27 06:17:54.107,1.94033,1.94076,1.13,1.13
2012.03.27 06:17:56.275,1.94036,1.94078,1.13,1.13
2012.03.27 06:17:56.645,1.94042,1.94085,1.13,1.50
2012.03.27 06:17:57.001,1.94042,1.94087,1.13,1.50
2012.03.27 06:17:57.134,1.94042,1.9409,1.13,1.50
2012.03.27 06:18:01.122,1.94042,1.94092,1.13,1.13
2012.03.27 06:18:01.430,1.94038,1.94087,1.13,1.13
2012.03.27 06:18:01.778,1.94035,1.94087,1.13,1.13
2012.03.27 06:18:03.967,1.94035,1.94087,1.13,1.88
2012.03.27 06:18:04.634,1.94035,1.94087,1.13,1.88
2012.03.27 06:18:04.704,1.94023,1.94075,2.63,1.88
2012.03.27 06:18:04.951,1.94036,1.94082,1.13,1.50
2012.03.27 06:18:05.021,1.94036,1.94086,1.13,1.88
2012.03.27 06:18:05.390,1.94027,1.94085,1.13,3.38
2012.03.27 06:18:06.041,1.94035,1.94085,1.13,2.25
2012.03.27 06:18:06.602,1.94026,1.94069,1.13,1.13
2012.03.27 06:18:09.803,1.94028,1.94069,1.13,1.13
2012.03.27 06:18:12.407,1.94034,1.94072,1.13,1.50
2012.03.27 06:18:13.188,1.94041,1.94079,1.13,1.50
2012.03.27 06:18:13.380,1.94041,1.94082,1.13,1.13
2012.03.27 06:18:13.446,1.94045,1.94085,1.13,1.50
2012.03.27 06:18:13.727,1.94045,1.94088,1.13,2.63
2012.03.27 06:18:14.040,1.94047,1.94089,1.13,1.13
2012.03.27 06:18:14.609,1.94046,1.94087,1.13,1.13
2012.03.27 06:18:15.922,1.9404,1.94084,1.13,1.13
2012.03.27 06:18:16.050,1.94046,1.9409,1.13,2.63
2012.03.27 06:18:16.356,1.94042,1.94084,1.13,1.13
2012.03.27 06:18:16.874,1.94041,1.94083,1.13,1.13
2012.03.27 06:18:20.141,1.94034,1.94077,1.13,1.13
2012.03.27 06:18:20.208,1.94029,1.94073,1.13,1.13
2012.03.27 06:18:31.568,1.94024,1.94068,1.13,1.13
2012.03.27 06:18:31.937,1.94034,1.94077,1.13,1.13
2012.03.27 06:18:32.442,1.9404,1.94084,1.13,1.13
2012.03.27 06:18:33.824,1.94037,1.94079,1.13,1.13
2012.03.27 06:18:35.828,1.9404,1.94084,1.13,1.13
2012.03.27 06:18:39.657,1.94046,1.94085,1.13,2.25
2012.03.27 06:18:40.055,1.94052,1.94091,1.13,1.50
2012.03.27 06:18:40.236,1.94052,1.94093,1.13,1.50
2012.03.27 06:18:40.307,1.94052,1.94096,1.13,2.63
2012.03.27 06:18:42.643,1.94053,1.94097,1.13,1.13
2012.03.27 06:18:46.251,1.94053,1.94095,1.13,1.13
2012.03.27 06:18:48.617,1.94059,1.94101,1.13,1.13
2012.03.27 06:18:51.426,1.94052,1.94096,1.13,1.13
2012.03.27 06:18:53.214,1.94046,1.9409,1.13,1.13
2012.03.27 06:18:58.398,1.94055,1.94105,1.13,1.50
2012.03.27 06:18:58.472,1.94055,1.94107,1.13,1.13
2012.03.27 06:19:01.516,1.94059,1.94108,1.50,1.13
2012.03.27 06:19:02.200,1.94058,1.94107,1.13,1.50
2012.03.27 06:19:02.716,1.94058,1.94108,1.13,1.13
2012.03.27 06:19:04.883,1.94058,1.94108,1.13,1.88
2012.03.27 06:19:05.379,1.94058,1.94108,1.13,1.88
2012.03.27 06:19:05.449,1.9405,1.94093,1.13,1.13
2012.03.27 06:19:06.642,1.94047,1.94089,1.13,1.13
2012.03.27 06:19:07.725,1.94046,1.9409,1.13,1.13
2012.03.27 06:19:08.076,1.94051,1.94092,1.13,1.13
2012.03.27 06:19:08.207,1.94044,1.94088,1.13,1.13
2012.03.27 06:19:08.404,1.94051,1.94092,1.13,1.13
2012.03.27 06:19:08.624,1.94043,1.94089,1.13,1.13
2012.03.27 06:19:08.990,1.94046,1.94087,1.13,1.13
2012.03.27 06:19:09.449,1.9404,1.94081,1.13,1.13
2012.03.27 06:19:10.428,1.94048,1.94099,1.13,1.13
2012.03.27 06:19:10.508,1.94049,1.94101,1.13,1.13
2012.03.27 06:19:10.733,1.94046,1.94096,1.13,1.13
2012.03.27 06:19:11.474,1.94046,1.94096,1.13,1.88
2012.03.27 06:19:11.870,1.9404,1.9409,1.13,1.13
2012.03.27 06:19:17.247,1.94036,1.94085,1.50,1.13
2012.03.27 06:19:19.343,1.94035,1.94083,1.13,1.50
2012.03.27 06:19:20.698,1.94035,1.94084,1.13,1.50
2012.03.27 06:19:22.749,1.94035,1.94085,1.13,1.88
2012.03.27 06:19:25.449,1.94035,1.94085,1.88,1.13
2012.03.27 06:19:25.764,1.94036,1.94082,1.50,1.13
2012.03.27 06:19:26.104,1.94038,1.94081,2.25,1.13
2012.03.27 06:19:26.214,1.94038,1.94081,1.50,1.13
2012.03.27 06:19:26.733,1.9404,1.94082,1.13,1.13
2012.03.27 06:19:26.977,1.9403,1.94076,1.50,1.13
2012.03.27 06:19:27.051,1.94041,1.94076,1.50,1.13
2012.03.27 06:19:27.381,1.94032,1.9407,1.50,1.13
2012.03.27 06:19:27.641,1.94032,1.94058,1.50,1.13
2012.03.27 06:19:27.832,1.94039,1.94083,1.13,1.13
2012.03.27 06:19:28.199,1.94045,1.94083,1.50,1.13
2012.03.27 06:19:29.041,1.94039,1.94083,2.63,1.13
2012.03.27 06:19:29.538,1.94039,1.94079,1.50,1.13
2012.03.27 06:19:31.020,1.94043,1.94084,1.13,1.13
2012.03.27 06:19:33.445,1.94044,1.94085,1.13,1.13
2012.03.27 06:19:33.899,1.94045,1.94087,1.13,1.13
2012.03.27 06:19:34.636,1.94055,1.94099,1.13,1.88
2012.03.27 06:19:34.784,1.94055,1.94099,1.13,1.13
2012.03.27 06:19:35.092,1.94052,1.94093,1.13,1.13
2012.03.27 06:19:36.038,1.94052,1.94096,1.13,1.13
2012.03.27 06:19:36.659,1.94053,1.94095,1.13,1.13
2012.03.27 06:19:36.729,1.94058,1.94099,1.13,1.50
2012.03.27 06:19:38.928,1.94052,1.94096,1.13,1.13
2012.03.27 06:19:39.496,1.94053,1.94097,1.13,1.13
2012.03.27 06:19:39.840,1.94047,1.94091,1.13,1.13
2012.03.27 06:19:40.286,1.94053,1.94097,1.13,1.13
2012.03.27 06:19:42.441,1.94051,1.94094,1.13,1.13
2012.03.27 06:19:47.499,1.94053,1.94095,1.13,1.13
2012.03.27 06:19:47.592,1.94053,1.94097,1.13,1.13
2012.03.27 06:19:53.482,1.94055,1.94097,1.13,1.13
2012.03.27 06:19:54.303,1.94054,1.94098,1.13,1.13
2012.03.27 06:19:54.632,1.94057,1.94099,1.13,1.50
2012.03.27 06:19:55.103,1.94057,1.94093,1.13,1.50
2012.03.27 06:19:55.170,1.94045,1.94088,1.13,1.13
2012.03.27 06:19:55.531,1.94042,1.94086,1.13,1.13
2012.03.27 06:20:03.370,1.94041,1.94082,1.13,2.63
2012.03.27 06:20:07.049,1.94041,1.94069,1.13,1.50
2012.03.27 06:20:07.180,1.94041,1.94082,1.13,1.13
2012.03.27 06:20:07.430,1.94031,1.94073,1.13,1.13
2012.03.27 06:20:07.962,1.9403,1.94074,1.13,1.13
2012.03.27 06:20:08.088,1.94025,1.94069,1.13,1.13
2012.03.27 06:20:08.643,1.94026,1.94068,1.13,1.13
2012.03.27 06:20:08.754,1.94027,1.9407,1.13,1.13
2012.03.27 06:20:10.730,1.94029,1.9407,1.13,1.13
2012.03.27 06:20:12.092,1.9403,1.94074,1.13,1.13
2012.03.27 06:20:15.243,1.94038,1.94079,1.13,1.50
2012.03.27 06:20:15.371,1.94031,1.94073,1.13,1.13
2012.03.27 06:20:15.558,1.94025,1.94069,1.13,1.13
2012.03.27 06:20:15.892,1.94025,1.94067,1.13,1.13
2012.03.27 06:20:16.251,1.94025,1.94067,1.13,1.88
2012.03.27 06:20:16.681,1.94024,1.94068,1.13,1.13
2012.03.27 06:20:17.182,1.94025,1.94069,1.13,1.88
2012.03.27 06:20:17.410,1.94025,1.94069,1.13,1.13
2012.03.27 06:20:19.665,1.94032,1.94074,1.13,1.88
2012.03.27 06:20:19.741,1.94032,1.94074,1.13,1.13
2012.03.27 06:20:19.939,1.94032,1.94074,1.13,1.88
2012.03.27 06:20:20.948,1.94032,1.94074,1.13,1.13
2012.03.27 06:20:21.139,1.94028,1.94083,1.13,1.88
2012.03.27 06:20:21.339,1.94031,1.94075,1.13,1.88
2012.03.27 06:20:21.691,1.94036,1.9408,1.13,1.88
2012.03.27 06:20:21.819,1.94032,1.94074,1.13,1.13
2012.03.27 06:20:22.195,1.94037,1.94079,1.13,1.88
2012.03.27 06:20:22.503,1.94013,1.94064,1.50,1.13
2012.03.27 06:20:22.633,1.94004,1.94064,2.48,1.13
2012.03.27 06:20:22.699,1.94016,1.94066,1.13,3.38
2012.03.27 06:20:23.014,1.94016,1.94058,1.13,1.50
2012.03.27 06:20:23.141,1.94016,1.94063,1.13,1.50
2012.03.27 06:20:28.518,1.94014,1.94063,1.13,1.50
2012.03.27 06:20:28.594,1.94016,1.94063,1.13,1.50
2012.03.27 06:20:35.859,1.94014,1.94063,1.13,1.50
2012.03.27 06:20:36.720,1.94015,1.94063,1.13,1.50
2012.03.27 06:20:42.442,1.94017,1.94063,1.13,1.50
2012.03.27 06:20:42.592,1.94017,1.94067,1.13,1.50
2012.03.27 06:20:43.139,1.94016,1.94066,1.13,1.13
2012.03.27 06:20:43.593,1.9401,1.9406,2.63,1.13
2012.03.27 06:20:54.650,1.94013,1.94062,1.13,1.50
2012.03.27 06:20:57.131,1.94012,1.94061,1.13,1.13
2012.03.27 06:20:57.673,1.94013,1.94062,1.13,1.50
2012.03.27 06:21:00.317,1.94013,1.94063,1.13,1.13
2012.03.27 06:21:00.656,1.94028,1.94068,1.13,1.50
2012.03.27 06:21:01.164,1.94028,1.94069,1.13,1.13
2012.03.27 06:21:02.168,1.94028,1.94069,1.13,1.88
2012.03.27 06:21:02.302,1.94002,1.94046,1.13,1.13
2012.03.27 06:21:02.487,1.94008,1.94052,1.13,1.13
2012.03.27 06:21:03.207,1.94015,1.94057,1.13,1.13
2012.03.27 06:21:03.726,1.94009,1.94051,1.13,1.13
2012.03.27 06:21:11.127,1.94017,1.94066,1.13,1.50
2012.03.27 06:21:18.258,1.94017,1.9406,1.13,1.50
2012.03.27 06:21:23.477,1.94015,1.9406,1.13,1.50
2012.03.27 06:21:24.457,1.94015,1.94066,1.88,1.13
2012.03.27 06:21:40.770,1.94015,1.9406,1.13,1.50
2012.03.27 06:21:41.597,1.94015,1.94066,1.13,2.63
2012.03.27 06:21:44.521,1.94015,1.94061,1.13,1.50
2012.03.27 06:21:56.279,1.94015,1.94066,1.88,1.13
2012.03.27 06:21:56.608,1.9403,1.94067,1.13,1.50
2012.03.27 06:21:56.757,1.9403,1.94072,1.13,2.63
2012.03.27 06:21:57.919,1.94028,1.94072,1.13,2.63
2012.03.27 06:22:03.214,1.94028,1.94066,1.13,1.50
2012.03.27 06:22:10.002,1.94026,1.94066,1.13,1.50
2012.03.27 06:22:12.387,1.94026,1.94069,1.13,2.63
2012.03.27 06:22:12.536,1.94026,1.94067,1.13,1.13
2012.03.27 06:22:14.400,1.94027,1.94071,1.13,1.13
2012.03.27 06:22:21.879,1.94026,1.94067,1.13,1.13
2012.03.27 06:22:22.911,1.94013,1.94058,2.25,1.13
2012.03.27 06:22:23.284,1.94025,1.94068,1.13,1.13
2012.03.27 06:22:23.588,1.94029,1.94072,1.13,1.50
2012.03.27 06:22:24.118,1.94029,1.94073,1.13,1.13
2012.03.27 06:22:33.101,1.94029,1.94072,1.13,1.50
2012.03.27 06:22:34.469,1.94029,1.94073,1.13,1.13
2012.03.27 06:22:36.190,1.94029,1.94072,1.13,1.50
2012.03.27 06:22:37.733,1.94033,1.94074,1.13,1.13
2012.03.27 06:22:37.802,1.94029,1.94073,1.13,1.13
2012.03.27 06:22:38.751,1.94029,1.94072,1.13,1.50
2012.03.27 06:22:39.577,1.94029,1.94073,1.13,1.13
2012.03.27 06:22:50.893,1.94032,1.94073,1.13,1.13
2012.03.27 06:22:51.098,1.9403,1.94072,1.13,1.13
2012.03.27 06:22:59.008,1.94033,1.94074,1.13,1.13
2012.03.27 06:23:02.662,1.9403,1.94072,1.13,1.13
2012.03.27 06:23:55.948,1.9403,1.94072,1.88,1.13
2012.03.27 06:23:56.019,1.94048,1.94079,1.13,1.50
2012.03.27 06:23:56.088,1.94048,1.94083,1.13,1.50
2012.03.27 06:23:56.350,1.94045,1.94083,1.13,1.50
2012.03.27 06:23:56.428,1.94045,1.94077,1.13,1.50
2012.03.27 06:23:56.501,1.94039,1.94077,1.13,1.50
2012.03.27 06:23:59.518,1.94045,1.94077,1.13,1.50
2012.03.27 06:24:00.004,1.94045,1.9408,1.13,1.50
2012.03.27 06:24:00.068,1.94045,1.94085,1.13,1.50
2012.03.27 06:24:04.526,1.94044,1.94085,1.13,2.63
2012.03.27 06:24:04.707,1.94039,1.94083,1.13,1.13
2012.03.27 06:24:05.287,1.94037,1.9408,1.13,1.13
2012.03.27 06:24:06.826,1.94039,1.94083,1.13,1.13
2012.03.27 06:24:10.128,1.94046,1.94085,1.13,1.50
2012.03.27 06:24:13.928,1.94046,1.9409,1.13,1.13
2012.03.27 06:24:14.004,1.94046,1.94085,1.13,1.50
2012.03.27 06:24:22.507,1.94044,1.94085,1.13,1.50
2012.03.27 06:24:28.658,1.94044,1.94085,1.88,1.50
2012.03.27 06:24:28.834,1.94044,1.94088,1.88,1.13
2012.03.27 06:24:29.046,1.94044,1.94088,1.13,1.13
2012.03.27 06:24:29.379,1.94044,1.94086,1.13,1.50
2012.03.27 06:24:34.528,1.94042,1.94085,1.13,1.13
2012.03.27 06:24:35.488,1.94037,1.9408,1.13,1.13
2012.03.27 06:24:36.027,1.94036,1.94079,1.13,1.13
2012.03.27 06:24:39.773,1.94037,1.9408,1.13,1.13
2012.03.27 06:24:41.283,1.94036,1.94079,1.13,1.13
2012.03.27 06:24:41.739,1.94036,1.94079,1.88,1.13
2012.03.27 06:24:43.236,1.94036,1.94079,1.88,1.13
2012.03.27 06:24:44.934,1.94036,1.94079,1.88,1.13
2012.03.27 06:24:45.191,1.94038,1.94081,1.88,1.13
2012.03.27 06:24:45.377,1.94038,1.94081,1.13,1.13
2012.03.27 06:24:45.630,1.94037,1.94078,1.13,1.13
2012.03.27 06:24:46.138,1.94032,1.94075,1.88,1.13
2012.03.27 06:24:49.705,1.94037,1.94079,1.13,1.13
2012.03.27 06:24:49.829,1.94041,1.94083,1.13,1.13
2012.03.27 06:24:49.963,1.94044,1.94087,1.13,1.13
2012.03.27 06:24:50.246,1.94056,1.94098,1.13,2.63
2012.03.27 06:24:54.210,1.94055,1.94097,1.13,1.13
2012.03.27 06:24:54.420,1.94052,1.94095,1.13,1.13
2012.03.27 06:24:55.172,1.94054,1.94098,1.13,1.13
2012.03.27 06:24:55.709,1.94053,1.94094,1.13,1.13
2012.03.27 06:24:56.032,1.94056,1.94098,1.13,1.13
2012.03.27 06:24:58.081,1.94058,1.94098,1.50,1.13
2012.03.27 06:24:58.400,1.94061,1.94098,2.25,1.13
2012.03.27 06:24:58.889,1.94056,1.94098,1.88,1.13
2012.03.27 06:24:58.958,1.94055,1.94094,2.25,1.13
2012.03.27 06:24:59.329,1.94055,1.94094,2.25,1.13
2012.03.27 06:24:59.590,1.94056,1.94098,1.88,1.13
2012.03.27 06:24:59.901,1.94055,1.94091,2.25,1.13
2012.03.27 06:24:59.980,1.94055,1.94099,3.38,1.13
2012.03.27 06:25:00.108,1.94055,1.94099,3.38,1.13
2012.03.27 06:25:00.181,1.94055,1.9409,2.25,1.13
2012.03.27 06:25:00.492,1.94055,1.94099,3.38,1.13
2012.03.27 06:25:00.789,1.94059,1.94099,1.50,1.13
2012.03.27 06:25:01.312,1.94062,1.94099,1.50,1.13
2012.03.27 06:25:02.237,1.94062,1.94093,1.50,1.13
2012.03.27 06:25:02.571,1.94069,1.94093,2.25,1.13
2012.03.27 06:25:02.641,1.94069,1.94093,1.50,1.13
2012.03.27 06:25:02.711,1.94079,1.94123,1.88,1.13
2012.03.27 06:25:02.920,1.94088,1.94125,1.13,1.50
2012.03.27 06:25:03.049,1.94088,1.94132,1.13,2.25
2012.03.27 06:25:03.257,1.94088,1.9414,1.88,1.13
2012.03.27 06:25:03.406,1.94103,1.94146,1.13,1.43
2012.03.27 06:25:03.725,1.94103,1.94146,1.13,1.13
2012.03.27 06:25:03.803,1.94097,1.94158,1.50,1.50
2012.03.27 06:25:03.874,1.94091,1.9415,2.63,2.25
2012.03.27 06:25:04.220,1.94091,1.94139,1.50,1.13
2012.03.27 06:25:06.332,1.94091,1.9415,2.63,1.50
2012.03.27 06:25:06.928,1.94091,1.9414,1.50,1.13
2012.03.27 06:25:07.083,1.94088,1.9414,1.13,1.13
2012.03.27 06:25:08.003,1.94081,1.94122,2.25,1.13
2012.03.27 06:25:08.569,1.94081,1.94122,1.50,1.13
2012.03.27 06:25:09.157,1.9408,1.94122,1.13,1.13
2012.03.27 06:25:09.770,1.94081,1.94122,1.50,1.13
2012.03.27 06:25:10.755,1.94087,1.94122,1.50,1.13
2012.03.27 06:25:11.589,1.94084,1.94122,2.25,1.13
2012.03.27 06:25:12.133,1.94081,1.94122,1.50,1.13
2012.03.27 06:25:13.480,1.94081,1.94122,2.25,1.13
2012.03.27 06:25:13.613,1.94088,1.9414,2.63,1.13
2012.03.27 06:25:17.003,1.94088,1.94139,1.13,1.50
2012.03.27 06:25:17.070,1.94088,1.94137,1.13,1.50
2012.03.27 06:25:20.203,1.94114,1.94155,1.13,1.50
2012.03.27 06:25:20.658,1.94093,1.94139,1.50,1.13
2012.03.27 06:25:20.729,1.94089,1.94139,1.13,1.13
2012.03.27 06:25:21.189,1.94089,1.94137,1.13,1.50
2012.03.27 06:25:21.560,1.94079,1.94123,1.13,1.13
2012.03.27 06:25:26.454,1.94079,1.94123,1.88,1.13
2012.03.27 06:25:26.942,1.94079,1.94123,1.13,1.13
2012.03.27 06:25:27.469,1.94076,1.94116,1.50,1.13
2012.03.27 06:25:28.105,1.94079,1.94123,1.13,1.13
2012.03.27 06:25:35.470,1.94079,1.94123,1.88,1.13
2012.03.27 06:25:35.749,1.94079,1.94123,1.13,1.13
2012.03.27 06:25:43.128,1.94079,1.94123,1.88,1.13
2012.03.27 06:25:43.438,1.94079,1.94123,1.13,1.13
2012.03.27 06:26:07.404,1.94079,1.94123,1.88,1.13
2012.03.27 06:26:07.931,1.94079,1.94123,2.63,1.13
2012.03.27 06:26:08.436,1.94079,1.94123,1.88,1.13
2012.03.27 06:26:10.458,1.94079,1.94123,2.63,1.13
2012.03.27 06:26:13.500,1.94079,1.94123,3.72,1.13
2012.03.27 06:26:13.655,1.94089,1.94139,1.13,1.13
2012.03.27 06:26:13.721,1.94089,1.94139,1.88,1.13
2012.03.27 06:26:14.087,1.94104,1.94145,1.13,2.63
2012.03.27 06:26:14.404,1.94113,1.94162,1.13,2.63
2012.03.27 06:26:14.471,1.94109,1.94161,1.13,1.13
2012.03.27 06:26:14.823,1.94108,1.94152,1.50,1.13
2012.03.27 06:26:14.895,1.94112,1.94163,1.13,1.13
2012.03.27 06:26:26.754,1.94112,1.94163,1.88,1.13
2012.03.27 06:26:27.094,1.9411,1.94157,2.25,1.13
2012.03.27 06:26:27.166,1.94112,1.94163,1.13,1.13
2012.03.27 06:26:27.232,1.94112,1.94163,1.88,1.13
2012.03.27 06:26:29.899,1.94112,1.94163,1.13,1.13
2012.03.27 06:26:38.656,1.94115,1.94165,1.13,1.13
2012.03.27 06:26:39.148,1.94112,1.94163,1.13,1.13
2012.03.27 06:26:43.179,1.94113,1.94165,1.13,1.13
2012.03.27 06:26:43.733,1.94114,1.94164,1.13,2.63
2012.03.27 06:26:45.718,1.9412,1.9417,1.13,1.13
2012.03.27 06:26:48.923,1.94119,1.94168,1.13,1.13
2012.03.27 06:26:50.560,1.94122,1.94174,1.13,1.13
2012.03.27 06:26:50.691,1.94119,1.94168,1.13,1.13
2012.03.27 06:27:17.163,1.94118,1.94163,1.50,1.13
2012.03.27 06:27:17.579,1.94112,1.94163,1.13,1.13
2012.03.27 06:27:35.930,1.94112,1.94163,1.88,1.13
2012.03.27 06:27:36.118,1.94119,1.94171,1.13,1.13
2012.03.27 06:27:36.412,1.94113,1.94162,1.13,1.13
2012.03.27 06:27:36.692,1.9411,1.9416,1.13,1.13
2012.03.27 06:27:41.066,1.94106,1.94156,1.13,1.13
2012.03.27 06:27:41.630,1.94104,1.94156,3.38,1.13
2012.03.27 06:27:43.488,1.9411,1.9416,1.13,1.13
2012.03.27 06:27:45.087,1.9411,1.9416,1.47,1.13
2012.03.27 06:27:45.399,1.94159,1.94197,1.13,2.25
2012.03.27 06:27:45.472,1.94138,1.94185,1.50,1.13
2012.03.27 06:27:45.794,1.94125,1.94166,1.13,1.13
2012.03.27 06:27:47.655,1.94115,1.9416,1.50,1.13
2012.03.27 06:27:47.788,1.9411,1.9416,1.13,1.13
2012.03.27 06:27:56.138,1.94112,1.9416,1.50,1.13
2012.03.27 06:27:56.521,1.94125,1.94166,1.13,1.13
2012.03.27 06:28:05.129,1.94121,1.94163,1.13,1.13
2012.03.27 06:28:09.252,1.94121,1.94163,1.88,1.13
2012.03.27 06:28:09.461,1.94121,1.94163,1.13,1.13
2012.03.27 06:28:09.823,1.94125,1.94163,1.50,1.13
2012.03.27 06:28:11.324,1.94122,1.94163,1.50,1.13
2012.03.27 06:28:12.904,1.94121,1.94163,1.13,1.13
2012.03.27 06:28:13.170,1.94124,1.94165,1.13,1.13
2012.03.27 06:28:15.394,1.94124,1.94165,1.88,1.13
2012.03.27 06:28:15.911,1.94126,1.94165,1.50,1.13
2012.03.27 06:28:17.549,1.94124,1.94165,1.13,1.13
2012.03.27 06:28:18.143,1.94126,1.9417,1.13,1.13
2012.03.27 06:28:18.285,1.94115,1.94163,1.50,1.13
2012.03.27 06:28:18.536,1.94112,1.94163,1.13,1.13
2012.03.27 06:28:29.079,1.94116,1.94166,1.13,1.13
2012.03.27 06:28:29.484,1.94116,1.94164,1.13,1.50
2012.03.27 06:28:30.165,1.94113,1.94161,1.13,1.50
2012.03.27 06:28:30.880,1.94113,1.94162,1.13,1.13
2012.03.27 06:28:36.626,1.94115,1.94167,1.13,2.63
2012.03.27 06:28:36.694,1.94116,1.94167,1.13,2.25
2012.03.27 06:28:37.086,1.94113,1.94162,2.63,1.13
2012.03.27 06:28:51.708,1.94113,1.94157,1.50,1.13
2012.03.27 06:28:52.387,1.94121,1.94163,1.13,1.13
2012.03.27 06:28:53.740,1.94126,1.94163,1.50,1.13
2012.03.27 06:28:58.608,1.94121,1.94163,1.13,1.13
2012.03.27 06:29:27.725,1.94121,1.94163,1.88,1.13
2012.03.27 06:29:28.155,1.94125,1.94157,1.50,1.13
2012.03.27 06:29:28.813,1.94125,1.94158,1.50,1.13
2012.03.27 06:29:28.882,1.94118,1.94158,1.50,1.13
2012.03.27 06:29:30.610,1.94114,1.94158,1.13,1.13
2012.03.27 06:29:33.440,1.94127,1.94169,1.13,1.43
2012.03.27 06:29:33.650,1.94114,1.94158,1.13,1.13
2012.03.27 06:29:45.100,1.94121,1.94163,1.13,1.13
2012.03.27 06:29:45.649,1.94115,1.94157,1.13,1.13
2012.03.27 06:29:48.697,1.94115,1.94159,1.13,1.13
2012.03.27 06:29:49.561,1.94106,1.94151,1.50,1.13
2012.03.27 06:29:49.758,1.94116,1.94158,1.13,1.13
2012.03.27 06:29:55.247,1.94124,1.94165,1.13,2.63
2012.03.27 06:29:55.797,1.94126,1.94165,1.13,1.50
2012.03.27 06:29:55.865,1.9412,1.94164,1.13,1.13
2012.03.27 06:29:56.011,1.94116,1.94158,1.13,1.13
2012.03.27 06:29:56.544,1.94115,1.94157,1.13,1.13
2012.03.27 06:30:00.963,1.94115,1.94159,1.13,1.13
2012.03.27 06:30:01.071,1.94115,1.94157,1.13,1.13
2012.03.27 06:30:02.411,1.94114,1.94155,1.13,1.13
2012.03.27 06:30:02.481,1.94115,1.94157,1.13,1.13
2012.03.27 06:30:03.515,1.94112,1.94152,1.50,1.13
2012.03.27 06:30:04.031,1.94112,1.94152,2.25,1.13
2012.03.27 06:30:04.165,1.94114,1.94157,1.88,1.13
2012.03.27 06:30:04.294,1.94114,1.94157,1.88,1.13
2012.03.27 06:30:04.427,1.94114,1.94157,1.88,1.13
2012.03.27 06:30:04.553,1.94112,1.94155,2.25,1.13
2012.03.27 06:30:04.862,1.94118,1.9416,1.88,1.13
2012.03.27 06:30:05.475,1.94119,1.94163,3.38,1.13
2012.03.27 06:30:06.677,1.94123,1.94164,1.88,1.13
2012.03.27 06:30:07.023,1.94125,1.94167,1.88,1.13
2012.03.27 06:30:07.676,1.94126,1.94169,1.13,1.13
2012.03.27 06:30:08.451,1.94123,1.94167,1.13,1.13
2012.03.27 06:30:08.521,1.94123,1.94167,1.88,1.13
2012.03.27 06:30:09.194,1.94127,1.94168,1.13,1.13
2012.03.27 06:30:10.518,1.94114,1.94156,1.13,1.13
2012.03.27 06:30:10.931,1.94119,1.94163,2.63,1.13
2012.03.27 06:30:11.357,1.94119,1.94163,3.38,1.13
2012.03.27 06:30:11.849,1.94126,1.94169,1.13,1.13
2012.03.27 06:30:12.955,1.94125,1.94167,1.88,1.13
2012.03.27 06:30:13.837,1.94124,1.94166,1.88,1.13
2012.03.27 06:30:15.217,1.94122,1.94163,1.88,1.13
2012.03.27 06:30:16.739,1.94119,1.94163,1.13,1.13
2012.03.27 06:30:16.897,1.94119,1.94163,1.88,1.13
2012.03.27 06:30:16.967,1.94115,1.94158,1.88,1.13
2012.03.27 06:30:17.252,1.94124,1.94166,1.13,1.13
2012.03.27 06:30:17.530,1.94116,1.94159,1.13,1.13
2012.03.27 06:30:18.492,1.94115,1.94158,1.13,1.13
2012.03.27 06:30:18.705,1.94115,1.94158,1.88,1.13
2012.03.27 06:30:20.223,1.94107,1.94149,3.38,1.13
2012.03.27 06:30:20.415,1.94115,1.94158,1.88,1.13
2012.03.27 06:30:20.957,1.94107,1.9415,2.25,1.13
2012.03.27 06:30:21.211,1.94111,1.94152,1.88,1.13
2012.03.27 06:30:22.638,1.94114,1.94156,1.88,1.13
2012.03.27 06:30:23.475,1.9411,1.94153,1.88,1.13
2012.03.27 06:30:24.251,1.94113,1.94157,1.88,1.13
2012.03.27 06:30:27.133,1.94114,1.94156,1.88,1.13
2012.03.27 06:30:27.437,1.94111,1.94152,1.88,1.13
2012.03.27 06:30:27.774,1.94114,1.94156,1.88,1.13
2012.03.27 06:30:29.736,1.94114,1.94156,1.13,1.13
2012.03.27 06:30:30.013,1.94119,1.94163,1.13,1.13
2012.03.27 06:30:30.139,1.94119,1.94163,1.88,1.13
2012.03.27 06:30:30.214,1.94119,1.94163,1.13,1.13
2012.03.27 06:30:30.672,1.94114,1.94156,1.13,1.13
2012.03.27 06:30:30.980,1.94119,1.94163,1.13,1.13
2012.03.27 06:30:33.394,1.94108,1.9415,1.13,1.13
2012.03.27 06:30:33.751,1.94108,1.9415,1.88,1.13
2012.03.27 06:30:43.323,1.94108,1.9415,2.63,1.13
2012.03.27 06:30:50.655,1.94108,1.9415,1.88,1.13
2012.03.27 06:30:51.950,1.94108,1.9415,1.13,1.13
2012.03.27 06:31:08.688,1.94108,1.9415,1.88,1.13
2012.03.27 06:31:08.758,1.9412,1.94162,1.13,2.63
2012.03.27 06:31:08.950,1.94126,1.94167,1.13,1.50
2012.03.27 06:31:09.019,1.94126,1.94169,1.13,1.13
2012.03.27 06:31:09.399,1.94132,1.94175,1.13,1.13
2012.03.27 06:31:12.921,1.94138,1.94178,1.13,1.50
2012.03.27 06:31:13.053,1.94123,1.94175,1.13,1.13
2012.03.27 06:31:13.301,1.94116,1.9417,1.50,1.13
2012.03.27 06:31:13.501,1.94124,1.94169,1.13,1.50
2012.03.27 06:31:14.697,1.94107,1.94169,1.50,1.50
2012.03.27 06:31:15.103,1.94107,1.94166,1.50,1.50
2012.03.27 06:31:15.475,1.94103,1.94162,1.88,1.50
2012.03.27 06:31:16.346,1.94103,1.94162,1.88,1.50
2012.03.27 06:31:16.649,1.94123,1.94168,1.13,1.50
2012.03.27 06:31:16.981,1.94123,1.94162,1.13,1.50
2012.03.27 06:31:17.061,1.94114,1.94158,1.13,1.13
2012.03.27 06:31:17.405,1.94113,1.94156,1.13,2.63
2012.03.27 06:31:20.725,1.94113,1.94148,1.13,1.50
2012.03.27 06:31:20.792,1.941,1.94148,1.13,1.50
2012.03.27 06:31:21.202,1.941,1.94144,1.13,1.50
2012.03.27 06:31:22.269,1.941,1.94147,1.13,1.50
2012.03.27 06:31:22.339,1.941,1.94149,1.13,1.50
2012.03.27 06:31:25.922,1.94098,1.94149,1.13,1.50
2012.03.27 06:31:26.250,1.94098,1.94147,1.13,1.50
2012.03.27 06:31:27.088,1.94099,1.94144,1.13,1.50
2012.03.27 06:31:28.610,1.94099,1.9415,1.13,1.50
2012.03.27 06:31:29.048,1.94105,1.9415,1.13,1.50
2012.03.27 06:31:29.593,1.94106,1.9415,1.13,1.50
2012.03.27 06:31:33.629,1.94104,1.9415,1.13,1.50
2012.03.27 06:31:34.070,1.94098,1.94148,1.13,1.13
2012.03.27 06:31:35.761,1.94096,1.94148,1.88,1.13
2012.03.27 06:31:36.081,1.94096,1.94146,1.88,1.50
2012.03.27 06:31:36.423,1.94096,1.94144,1.88,1.50
2012.03.27 06:31:37.932,1.94093,1.94144,1.13,1.50
2012.03.27 06:31:41.006,1.94093,1.9414,1.13,1.50
2012.03.27 06:31:41.751,1.94093,1.94137,1.13,1.50
2012.03.27 06:31:42.540,1.94093,1.94143,1.13,1.50
2012.03.27 06:31:43.303,1.94093,1.9414,1.13,1.50
2012.03.27 06:31:43.374,1.94087,1.94137,1.13,1.50
2012.03.27 06:31:43.620,1.94088,1.94131,1.13,1.50
2012.03.27 06:31:44.395,1.94087,1.94131,1.13,1.50
2012.03.27 06:31:44.459,1.94087,1.94134,1.13,1.50
2012.03.27 06:31:44.530,1.94087,1.94137,1.13,1.50
2012.03.27 06:31:44.659,1.94081,1.94133,1.13,1.13
2012.03.27 06:31:45.032,1.94081,1.9413,1.13,1.50
2012.03.27 06:31:48.266,1.94076,1.94128,1.13,1.13
2012.03.27 06:31:48.391,1.94081,1.9413,1.13,1.50
2012.03.27 06:31:49.934,1.9408,1.9413,1.13,2.63
2012.03.27 06:31:50.231,1.9408,1.94127,1.13,1.50
2012.03.27 06:31:50.855,1.9408,1.94123,1.13,1.50
2012.03.27 06:31:51.085,1.9408,1.94127,1.13,1.50
2012.03.27 06:31:51.293,1.9408,1.94129,1.13,1.50
2012.03.27 06:31:51.358,1.9408,1.94126,1.13,1.50
2012.03.27 06:31:51.563,1.9408,1.94129,1.13,1.50
2012.03.27 06:31:51.982,1.94076,1.94128,1.13,1.13
2012.03.27 06:31:52.381,1.94075,1.94125,1.13,1.50
2012.03.27 06:31:52.703,1.94077,1.94125,1.13,1.50
2012.03.27 06:31:54.333,1.94077,1.94122,1.13,1.50
2012.03.27 06:31:54.463,1.94069,1.94118,1.13,1.50
2012.03.27 06:31:55.848,1.94065,1.94117,1.88,1.13
2012.03.27 06:31:56.174,1.94065,1.94117,1.88,1.13
2012.03.27 06:31:56.306,1.94065,1.94113,2.25,1.13
2012.03.27 06:31:56.505,1.94062,1.94113,1.88,1.13
2012.03.27 06:31:58.954,1.94071,1.94113,1.13,1.13
2012.03.27 06:31:59.259,1.94063,1.94107,2.25,1.13
2012.03.27 06:31:59.587,1.94063,1.94107,1.50,1.13
2012.03.27 06:31:59.659,1.94057,1.94107,2.25,1.13
2012.03.27 06:31:59.791,1.94057,1.94107,1.50,1.13
2012.03.27 06:31:59.862,1.94057,1.94105,1.50,1.13
2012.03.27 06:32:00.287,1.94067,1.9411,1.13,1.13
2012.03.27 06:32:01.460,1.9407,1.94112,1.13,1.13
2012.03.27 06:32:01.804,1.94067,1.9411,1.13,1.13
2012.03.27 06:32:06.979,1.94062,1.94105,1.13,1.13
2012.03.27 06:32:07.297,1.94064,1.94106,1.13,1.13
2012.03.27 06:32:08.739,1.94065,1.94109,1.13,1.13
2012.03.27 06:32:12.463,1.94064,1.94108,1.13,1.13
2012.03.27 06:32:12.792,1.94064,1.94106,1.13,1.13
2012.03.27 06:32:14.134,1.94064,1.94108,1.13,1.13
2012.03.27 06:32:14.515,1.94064,1.94106,1.13,1.50
2012.03.27 06:32:17.208,1.94066,1.94106,1.13,1.50
2012.03.27 06:32:18.022,1.94068,1.94106,1.13,1.50
2012.03.27 06:32:18.165,1.94065,1.94106,1.13,1.50
2012.03.27 06:32:18.474,1.94051,1.94103,1.88,1.13
2012.03.27 06:32:18.810,1.94056,1.94106,1.13,1.50
2012.03.27 06:32:19.914,1.94056,1.94105,1.13,1.50
2012.03.27 06:32:20.098,1.94059,1.94105,1.13,1.50
2012.03.27 06:32:20.428,1.94063,1.94105,1.13,1.50
2012.03.27 06:32:23.111,1.94057,1.94105,1.13,1.50
2012.03.27 06:32:23.356,1.94057,1.94099,1.13,1.50
2012.03.27 06:32:28.129,1.94063,1.94099,1.13,1.50
2012.03.27 06:32:31.637,1.94044,1.94099,1.13,1.50
2012.03.27 06:32:32.036,1.94047,1.94099,1.13,1.50
2012.03.27 06:32:32.459,1.94049,1.94099,1.13,1.50
2012.03.27 06:32:32.802,1.94044,1.94087,1.13,1.50
2012.03.27 06:32:33.165,1.94044,1.94085,1.13,1.50
2012.03.27 06:32:38.320,1.94044,1.94077,1.13,1.50
2012.03.27 06:32:38.599,1.9404,1.94077,1.13,1.50
2012.03.27 06:32:38.781,1.9404,1.94072,1.13,1.50
2012.03.27 06:32:38.854,1.94028,1.94072,1.13,2.63
2012.03.27 06:32:40.573,1.94028,1.94063,1.13,1.50
2012.03.27 06:32:43.071,1.94028,1.94067,1.13,1.50
2012.03.27 06:32:43.138,1.94028,1.94071,1.13,1.50
2012.03.27 06:32:46.549,1.94023,1.94064,1.13,1.13
2012.03.27 06:32:47.510,1.9402,1.94062,1.13,1.13
2012.03.27 06:32:47.850,1.9402,1.94059,1.13,1.50
2012.03.27 06:32:48.511,1.94021,1.94059,1.13,1.50
2012.03.27 06:32:49.070,1.94022,1.94059,1.13,1.50
2012.03.27 06:32:52.321,1.9402,1.94059,1.13,1.50
2012.03.27 06:32:58.548,1.94022,1.94059,1.13,1.50
2012.03.27 06:32:59.113,1.94022,1.94059,1.88,1.50
2012.03.27 06:32:59.538,1.94058,1.94067,1.13,1.50
2012.03.27 06:32:59.876,1.94058,1.94071,1.13,1.50
2012.03.27 06:32:59.939,1.94058,1.941,1.13,1.13
2012.03.27 06:33:00.220,1.94058,1.94095,1.13,1.50
2012.03.27 06:33:00.654,1.94058,1.94097,1.13,1.50
2012.03.27 06:33:00.725,1.94058,1.941,1.13,1.13
2012.03.27 06:33:00.910,1.94039,1.94082,1.50,1.13
2012.03.27 06:33:01.044,1.94047,1.94088,1.13,1.13
2012.03.27 06:33:01.398,1.94047,1.94074,1.13,1.50
2012.03.27 06:33:01.602,1.94047,1.9408,1.13,1.50
2012.03.27 06:33:01.730,1.94047,1.94087,1.13,1.50
2012.03.27 06:33:06.853,1.94041,1.94084,1.13,1.13
2012.03.27 06:33:06.925,1.94046,1.94087,1.13,1.50
2012.03.27 06:33:09.949,1.94046,1.9408,1.13,1.50
2012.03.27 06:33:10.360,1.94032,1.9408,1.13,1.50
2012.03.27 06:33:10.820,1.94032,1.94073,1.13,1.50
2012.03.27 06:33:16.418,1.94023,1.94064,1.13,1.13
2012.03.27 06:33:16.758,1.94023,1.9406,1.13,1.50
2012.03.27 06:33:17.223,1.94021,1.9406,1.13,1.50
2012.03.27 06:33:17.470,1.94019,1.9406,1.13,1.50
2012.03.27 06:33:19.624,1.94022,1.9406,1.13,1.50
2012.03.27 06:33:24.521,1.94026,1.9406,1.50,1.50
2012.03.27 06:33:24.831,1.94058,1.94078,1.13,1.50
2012.03.27 06:33:24.900,1.94058,1.94092,1.13,1.50
2012.03.27 06:33:25.100,1.94058,1.941,1.13,2.63
2012.03.27 06:33:25.264,1.94058,1.94097,1.13,1.50
2012.03.27 06:33:25.924,1.94058,1.94093,1.13,1.50
2012.03.27 06:33:26.111,1.94052,1.94093,1.13,1.50
2012.03.27 06:33:31.397,1.94033,1.94076,1.50,1.13
2012.03.27 06:33:31.528,1.94026,1.94076,2.25,1.13
2012.03.27 06:33:31.660,1.94026,1.94076,2.82,1.13
2012.03.27 06:33:31.974,1.94048,1.94094,1.13,1.50
2012.03.27 06:33:32.280,1.94063,1.94096,1.13,1.50
2012.03.27 06:33:32.349,1.94063,1.941,1.13,1.50
2012.03.27 06:33:46.509,1.94048,1.941,1.13,2.63
2012.03.27 06:33:46.579,1.94048,1.94095,1.13,1.50
2012.03.27 06:33:47.020,1.94064,1.94095,1.13,1.50
2012.03.27 06:33:48.009,1.94064,1.94101,1.13,1.50
2012.03.27 06:34:00.930,1.94069,1.94101,1.13,1.50
2012.03.27 06:34:01.120,1.94064,1.94101,1.13,1.50
2012.03.27 06:34:10.854,1.94064,1.94101,1.13,2.25
2012.03.27 06:34:10.980,1.94058,1.941,1.13,1.88
2012.03.27 06:34:23.032,1.94058,1.941,1.13,2.63
2012.03.27 06:34:24.425,1.94058,1.941,1.13,3.38
2012.03.27 06:34:31.643,1.94058,1.94095,1.13,1.50
2012.03.27 06:34:31.772,1.94058,1.941,1.13,1.13
2012.03.27 06:34:31.845,1.94069,1.94104,1.13,2.25
2012.03.27 06:34:32.156,1.94057,1.94099,1.13,1.50
2012.03.27 06:34:32.226,1.94057,1.94101,1.13,1.13
2012.03.27 06:34:32.295,1.94069,1.94107,1.13,2.25
2012.03.27 06:34:34.542,1.94069,1.94112,1.13,1.13
2012.03.27 06:34:34.817,1.94069,1.94107,1.13,1.50
2012.03.27 06:34:35.251,1.94069,1.9411,1.13,1.50
2012.03.27 06:34:35.778,1.94069,1.94112,1.13,1.13
2012.03.27 06:34:42.538,1.94063,1.94106,1.13,1.13
2012.03.27 06:34:44.824,1.94063,1.94106,1.13,1.88
2012.03.27 06:34:45.154,1.94058,1.94099,1.13,1.13
2012.03.27 06:34:45.500,1.94064,1.94105,1.13,1.13
2012.03.27 06:34:46.676,1.94058,1.94099,1.13,1.13
2012.03.27 06:34:47.473,1.94064,1.94105,1.13,1.13
2012.03.27 06:34:47.853,1.94058,1.94099,1.13,1.13
2012.03.27 06:34:48.448,1.94063,1.94106,1.13,1.13
2012.03.27 06:34:53.508,1.94059,1.94103,1.13,1.13
2012.03.27 06:34:53.751,1.94064,1.94105,1.13,1.13
2012.03.27 06:34:54.784,1.94052,1.94093,1.13,1.13
2012.03.27 06:34:55.095,1.94064,1.94094,1.13,1.50
2012.03.27 06:34:55.162,1.94064,1.941,1.13,1.50
2012.03.27 06:35:00.772,1.94064,1.94105,1.13,3.38
2012.03.27 06:35:01.442,1.94052,1.94093,1.13,1.13
2012.03.27 06:35:12.672,1.94037,1.94087,1.13,1.13
2012.03.27 06:35:13.456,1.94037,1.94087,1.13,1.88
2012.03.27 06:35:14.821,1.94037,1.94087,1.13,2.63
2012.03.27 06:35:16.963,1.94051,1.94087,1.13,1.50
2012.03.27 06:35:17.032,1.94051,1.94099,1.13,1.50
2012.03.27 06:35:17.283,1.9404,1.94089,1.13,1.13
2012.03.27 06:35:17.413,1.94043,1.94093,1.13,1.13
2012.03.27 06:35:17.483,1.94043,1.94091,1.13,1.50
2012.03.27 06:35:23.964,1.94041,1.94091,1.13,2.63
2012.03.27 06:35:24.265,1.94037,1.94087,1.13,1.13
2012.03.27 06:35:24.752,1.94035,1.94086,1.13,1.50
2012.03.27 06:35:26.996,1.94036,1.94086,1.13,1.50
2012.03.27 06:35:34.570,1.94043,1.94086,1.13,1.50
2012.03.27 06:35:34.752,1.94037,1.94086,1.13,1.50
2012.03.27 06:35:35.179,1.94042,1.94086,1.13,1.50
2012.03.27 06:35:35.250,1.94042,1.94091,1.13,1.50
2012.03.27 06:35:37.053,1.94042,1.94084,1.13,1.50
2012.03.27 06:35:38.142,1.94049,1.94084,1.13,1.50
2012.03.27 06:35:38.939,1.94049,1.94087,1.13,1.50
2012.03.27 06:35:39.008,1.9404,1.94082,1.13,1.13
2012.03.27 06:35:39.195,1.9403,1.94071,1.50,1.13
2012.03.27 06:35:39.869,1.94028,1.94071,1.13,1.13
2012.03.27 06:35:42.105,1.94031,1.94071,1.13,1.50
2012.03.27 06:35:42.293,1.94019,1.94061,1.13,1.13
2012.03.27 06:35:43.427,1.94019,1.94061,1.88,1.13
2012.03.27 06:35:43.493,1.94028,1.94066,1.13,1.50
2012.03.27 06:35:43.624,1.94028,1.94075,1.13,1.50
2012.03.27 06:35:43.693,1.94043,1.94075,1.13,1.50
2012.03.27 06:35:44.262,1.94043,1.94081,1.13,1.50
2012.03.27 06:35:44.332,1.94036,1.94079,1.13,1.13
2012.03.27 06:35:47.193,1.94049,1.94079,1.13,1.50
2012.03.27 06:35:47.482,1.94049,1.94082,1.13,1.50
2012.03.27 06:35:47.555,1.94049,1.94086,1.13,1.50
2012.03.27 06:35:47.913,1.94054,1.94086,1.13,1.50
2012.03.27 06:35:48.058,1.94052,1.94086,1.13,1.50
2012.03.27 06:35:52.571,1.94052,1.94092,1.13,1.50
2012.03.27 06:35:56.437,1.94052,1.94095,1.13,1.13
2012.03.27 06:36:03.639,1.94052,1.94092,1.13,1.50
2012.03.27 06:36:03.958,1.94052,1.9409,1.13,1.50
2012.03.27 06:36:12.003,1.94046,1.94089,1.13,1.13
2012.03.27 06:36:12.142,1.94044,1.94088,1.13,1.13
2012.03.27 06:36:12.216,1.94044,1.94081,1.13,1.50
2012.03.27 06:36:12.287,1.94034,1.94076,1.13,1.13
2012.03.27 06:36:12.414,1.94039,1.94081,1.13,1.50
2012.03.27 06:36:12.693,1.94033,1.94077,1.13,1.13
2012.03.27 06:36:12.775,1.94028,1.9407,1.36,1.13
2012.03.27 06:36:27.220,1.94033,1.94075,1.13,2.63
2012.03.27 06:36:27.667,1.94028,1.9407,1.13,1.13
2012.03.27 06:36:27.988,1.94033,1.94077,1.13,1.13
2012.03.27 06:36:44.295,1.9404,1.94082,1.13,2.63
2012.03.27 06:36:52.475,1.9404,1.9407,1.13,1.50
2012.03.27 06:36:52.604,1.9404,1.94073,1.13,1.50
2012.03.27 06:36:52.675,1.9404,1.94078,1.13,1.50
2012.03.27 06:36:52.808,1.9404,1.94081,1.13,1.50
2012.03.27 06:36:53.521,1.9404,1.94082,1.13,1.13
2012.03.27 06:37:03.384,1.94033,1.94077,1.13,1.13
2012.03.27 06:37:03.821,1.94032,1.94073,1.13,1.13
2012.03.27 06:37:04.157,1.94033,1.94077,1.13,1.13
2012.03.27 06:37:08.028,1.94033,1.94077,1.88,1.13
2012.03.27 06:37:08.389,1.9403,1.94072,1.13,1.50
2012.03.27 06:37:13.034,1.94034,1.94072,1.13,1.50
2012.03.27 06:37:17.694,1.94034,1.94072,1.88,1.50
2012.03.27 06:37:18.163,1.94036,1.94076,1.13,1.50
2012.03.27 06:37:18.233,1.94043,1.94078,1.13,1.50
2012.03.27 06:37:18.653,1.94036,1.94078,1.88,1.50
2012.03.27 06:37:18.887,1.94043,1.94078,1.13,1.50
2012.03.27 06:37:19.553,1.94042,1.94078,1.13,1.50
2012.03.27 06:37:23.927,1.94042,1.94078,1.88,1.50
2012.03.27 06:37:25.613,1.94042,1.94078,1.13,1.50
2012.03.27 06:37:25.683,1.94035,1.94078,1.88,2.63
2012.03.27 06:37:26.616,1.94033,1.94077,1.88,1.13
2012.03.27 06:37:28.316,1.94033,1.94077,1.88,1.13
2012.03.27 06:37:28.881,1.94033,1.94077,1.88,1.13
2012.03.27 06:37:29.077,1.94028,1.9407,1.88,1.13
2012.03.27 06:37:30.939,1.94025,1.94066,1.88,1.13
2012.03.27 06:37:31.570,1.94025,1.94066,1.88,1.13
2012.03.27 06:37:31.643,1.94039,1.94078,1.88,1.50
2012.03.27 06:37:31.720,1.94058,1.94091,1.13,1.50
2012.03.27 06:37:32.085,1.94058,1.94099,1.13,1.50
2012.03.27 06:37:33.051,1.94051,1.94092,1.13,1.50
2012.03.27 06:37:34.227,1.94042,1.94086,1.13,1.13
2012.03.27 06:37:36.362,1.94042,1.94086,1.88,1.13
2012.03.27 06:37:36.723,1.94038,1.94087,1.13,1.13
2012.03.27 06:37:36.854,1.94042,1.94086,1.13,1.13
2012.03.27 06:37:38.097,1.94041,1.94082,1.13,1.13
2012.03.27 06:37:38.502,1.94036,1.9408,1.13,1.13
2012.03.27 06:37:38.670,1.94036,1.9408,1.88,1.13
2012.03.27 06:37:38.734,1.94047,1.94089,1.88,1.13
2012.03.27 06:37:38.828,1.94052,1.94092,1.88,1.50
2012.03.27 06:37:39.667,1.94052,1.94093,1.88,1.13
2012.03.27 06:37:40.179,1.94051,1.94092,1.88,1.13
2012.03.27 06:37:40.245,1.94051,1.94092,1.13,1.13
2012.03.27 06:37:40.377,1.94051,1.94094,1.13,1.13
2012.03.27 06:37:41.198,1.9405,1.94093,1.13,1.13
2012.03.27 06:37:43.697,1.94052,1.94093,1.13,1.13
2012.03.27 06:37:48.654,1.94048,1.9409,1.13,1.13
2012.03.27 06:37:48.782,1.94051,1.94094,1.13,1.13
2012.03.27 06:37:51.894,1.94051,1.94093,1.13,1.50
2012.03.27 06:37:53.501,1.94053,1.94093,1.13,1.50
2012.03.27 06:37:54.862,1.94053,1.94095,1.13,1.13
2012.03.27 06:37:54.932,1.94058,1.94096,1.13,1.50
2012.03.27 06:37:55.534,1.94052,1.94096,1.13,1.13
2012.03.27 06:37:57.337,1.94054,1.94096,1.13,1.13
2012.03.27 06:37:57.682,1.94056,1.94097,1.13,1.13
2012.03.27 06:37:58.458,1.94059,1.94101,1.13,1.13
2012.03.27 06:37:58.679,1.94055,1.94098,1.13,1.13
2012.03.27 06:37:58.817,1.94053,1.94095,1.13,1.13
2012.03.27 06:37:59.165,1.94053,1.94095,1.88,1.13
2012.03.27 06:37:59.235,1.94057,1.94101,1.13,1.13
2012.03.27 06:37:59.484,1.94052,1.94096,1.88,1.13
2012.03.27 06:38:00.418,1.94051,1.94094,3.38,1.13
2012.03.27 06:38:01.177,1.94051,1.94094,1.13,1.13
2012.03.27 06:38:20.844,1.9405,1.94093,1.13,1.13
2012.03.27 06:38:21.880,1.94061,1.94099,1.13,1.50
2012.03.27 06:38:22.186,1.94061,1.94105,1.13,1.13
2012.03.27 06:38:22.669,1.94063,1.94106,1.13,1.13
2012.03.27 06:38:26.647,1.94057,1.941,1.13,1.13
2012.03.27 06:38:27.134,1.94063,1.94106,1.88,1.13
2012.03.27 06:38:27.837,1.94061,1.94105,1.88,1.13
2012.03.27 06:38:28.589,1.94061,1.94105,1.13,1.13
2012.03.27 06:38:29.239,1.94063,1.94106,1.13,1.13
2012.03.27 06:38:30.625,1.94063,1.94106,1.88,1.13
2012.03.27 06:38:30.873,1.94086,1.9413,1.13,1.13
2012.03.27 06:38:31.493,1.94075,1.94117,1.13,1.13
2012.03.27 06:38:31.808,1.94058,1.94103,1.50,1.13
2012.03.27 06:38:31.876,1.94052,1.94103,2.25,1.13
2012.03.27 06:38:31.946,1.94066,1.9411,1.13,1.13
2012.03.27 06:38:32.399,1.94074,1.94118,1.13,1.13
2012.03.27 06:38:33.256,1.9407,1.94113,1.13,1.13
2012.03.27 06:38:33.651,1.94075,1.94117,1.13,1.13
2012.03.27 06:38:36.023,1.94086,1.94127,1.13,1.50
2012.03.27 06:38:36.399,1.94086,1.9413,1.13,1.13
2012.03.27 06:38:37.424,1.94091,1.94132,1.13,1.13
2012.03.27 06:38:37.736,1.94099,1.94134,1.13,1.50
2012.03.27 06:38:37.807,1.94088,1.94129,1.13,1.13
2012.03.27 06:38:37.934,1.94088,1.94123,1.13,1.50
2012.03.27 06:38:38.006,1.94073,1.94123,1.13,2.63
2012.03.27 06:38:38.077,1.94073,1.94123,1.88,2.63
2012.03.27 06:38:38.345,1.94073,1.94123,1.13,2.63
2012.03.27 06:38:39.178,1.94073,1.94123,1.88,2.63
2012.03.27 06:38:40.637,1.94073,1.94123,1.13,2.63
2012.03.27 06:38:45.723,1.94073,1.94119,1.13,1.50
2012.03.27 06:38:47.624,1.94073,1.94123,1.13,1.13
2012.03.27 06:38:49.298,1.94072,1.94124,1.13,1.13
2012.03.27 06:38:50.752,1.94072,1.94119,1.13,1.50
2012.03.27 06:38:51.921,1.94072,1.94124,1.13,2.63
2012.03.27 06:38:55.255,1.94078,1.94124,1.13,1.50
2012.03.27 06:39:06.885,1.94078,1.94127,1.13,1.50
2012.03.27 06:39:06.953,1.94078,1.9413,1.13,1.13
2012.03.27 06:39:09.084,1.94078,1.94124,1.13,1.50
2012.03.27 06:39:09.671,1.9407,1.94112,1.13,1.13
2012.03.27 06:39:10.038,1.94074,1.94118,1.13,2.63
2012.03.27 06:39:14.414,1.9408,1.94118,1.13,1.50
2012.03.27 06:39:14.485,1.9408,1.94124,1.13,1.13
2012.03.27 06:39:14.613,1.94082,1.94125,1.13,1.50
2012.03.27 06:39:14.863,1.94076,1.9412,1.13,1.13
2012.03.27 06:39:18.000,1.94078,1.94121,1.13,1.13
2012.03.27 06:39:18.346,1.94066,1.94114,1.50,1.13
2012.03.27 06:39:18.478,1.94069,1.94121,1.13,1.88
2012.03.27 06:39:18.548,1.94069,1.94121,1.13,1.13
2012.03.27 06:39:18.617,1.94066,1.94116,1.50,1.13
2012.03.27 06:39:19.191,1.94066,1.94116,1.50,1.88
2012.03.27 06:39:19.276,1.94058,1.94116,1.73,1.88
2012.03.27 06:39:19.539,1.94056,1.94111,1.50,1.50
2012.03.27 06:39:19.910,1.94069,1.94104,1.13,1.50
2012.03.27 06:39:19.979,1.94069,1.9411,1.13,1.50
2012.03.27 06:39:20.044,1.94069,1.94113,1.13,1.50
2012.03.27 06:39:20.114,1.94069,1.94116,1.13,1.50
2012.03.27 06:39:20.536,1.94069,1.94104,1.13,1.50
2012.03.27 06:39:21.235,1.94049,1.94104,1.88,1.50
2012.03.27 06:39:23.203,1.94069,1.94104,1.13,1.50
2012.03.27 06:39:25.316,1.9405,1.94104,1.13,1.50
2012.03.27 06:39:27.304,1.94069,1.94104,1.13,1.50
2012.03.27 06:39:29.053,1.9406,1.94104,1.13,2.63
2012.03.27 06:39:29.244,1.94045,1.94097,1.13,1.13
2012.03.27 06:39:29.465,1.9406,1.94097,1.13,1.50
2012.03.27 06:39:29.733,1.9406,1.94103,1.13,1.50
2012.03.27 06:39:35.770,1.94055,1.94097,1.13,1.13
2012.03.27 06:39:36.326,1.94055,1.94095,1.13,1.50
2012.03.27 06:39:37.069,1.94043,1.94087,1.88,1.13
2012.03.27 06:39:37.142,1.94053,1.94095,1.88,1.50
2012.03.27 06:39:37.573,1.94043,1.94084,1.88,1.13
2012.03.27 06:39:37.664,1.94043,1.94084,1.13,1.13
2012.03.27 06:39:38.394,1.94054,1.94097,1.13,2.63
2012.03.27 06:39:48.952,1.9406,1.94103,1.13,2.63
2012.03.27 06:39:50.388,1.9406,1.94103,1.88,2.63
2012.03.27 06:39:51.233,1.94073,1.94114,1.13,1.13
2012.03.27 06:39:54.109,1.94073,1.94114,1.88,1.13
2012.03.27 06:39:54.449,1.94073,1.94114,1.13,1.13
2012.03.27 06:39:57.814,1.94063,1.94107,1.13,1.13
2012.03.27 06:39:57.883,1.94063,1.94107,1.88,1.13
2012.03.27 06:39:58.012,1.94072,1.94115,1.13,1.13
2012.03.27 06:39:59.639,1.94072,1.94113,1.13,1.50
2012.03.27 06:40:02.023,1.94072,1.94115,1.13,2.63
2012.03.27 06:40:03.908,1.94072,1.94114,1.13,1.50
2012.03.27 06:40:07.755,1.94066,1.94108,1.13,1.13
2012.03.27 06:40:17.741,1.94065,1.94107,1.13,1.13
2012.03.27 06:40:18.081,1.94059,1.94103,1.88,1.13
2012.03.27 06:40:18.145,1.94059,1.94103,1.13,1.13
2012.03.27 06:40:21.969,1.94063,1.94107,1.13,1.13
2012.03.27 06:40:28.215,1.9406,1.94102,1.13,1.13
2012.03.27 06:40:31.798,1.9406,1.94099,1.13,1.50
2012.03.27 06:40:32.736,1.9406,1.94097,1.88,1.50
2012.03.27 06:40:32.863,1.9406,1.94102,1.88,1.13
2012.03.27 06:40:32.946,1.9406,1.94102,1.13,1.13
2012.03.27 06:40:33.915,1.94053,1.94097,1.13,1.13
2012.03.27 06:40:34.344,1.94059,1.94103,1.13,1.13
2012.03.27 06:40:35.385,1.94059,1.94103,1.88,1.13
2012.03.27 06:40:35.694,1.94073,1.94112,1.13,1.50
2012.03.27 06:40:35.825,1.94065,1.94109,1.13,1.13
2012.03.27 06:40:37.196,1.94065,1.94107,1.13,1.50
2012.03.27 06:40:37.860,1.94064,1.94107,1.13,1.50
2012.03.27 06:40:38.798,1.94059,1.94103,1.13,1.13
2012.03.27 06:40:39.216,1.94059,1.941,1.13,1.50
2012.03.27 06:40:41.586,1.94059,1.94103,1.13,1.13
2012.03.27 06:40:43.924,1.9406,1.94102,1.13,1.13
2012.03.27 06:40:44.225,1.94066,1.94108,1.13,1.13
2012.03.27 06:40:46.876,1.94073,1.94114,1.13,2.63
2012.03.27 06:40:47.244,1.94066,1.94108,1.13,1.13
2012.03.27 06:40:49.139,1.94061,1.94104,1.13,1.13
2012.03.27 06:40:49.687,1.94059,1.94103,1.13,1.13
2012.03.27 06:40:50.033,1.94059,1.94103,1.88,1.13
2012.03.27 06:40:52.465,1.94059,1.94103,1.13,1.13
2012.03.27 06:40:57.714,1.94065,1.94109,1.13,1.13
2012.03.27 06:40:58.117,1.94062,1.94103,1.13,1.13
2012.03.27 06:41:00.186,1.94058,1.941,1.13,1.13
2012.03.27 06:41:00.684,1.94053,1.94095,1.88,1.13
2012.03.27 06:41:01.618,1.94052,1.94096,3.38,1.13
2012.03.27 06:41:04.738,1.94052,1.94096,3.38,1.13
2012.03.27 06:41:04.831,1.94058,1.941,1.88,1.13
2012.03.27 06:41:04.912,1.94058,1.941,1.13,1.13
2012.03.27 06:41:04.979,1.94058,1.941,1.88,1.13
2012.03.27 06:41:05.150,1.94061,1.94104,1.88,1.13
2012.03.27 06:41:05.215,1.94063,1.94107,1.88,1.13
2012.03.27 06:41:05.391,1.94063,1.94107,1.13,1.13
2012.03.27 06:41:05.527,1.94057,1.94101,1.13,1.13
2012.03.27 06:41:05.856,1.94051,1.94094,1.88,1.13
2012.03.27 06:41:08.451,1.94053,1.94097,1.13,1.13
2012.03.27 06:41:08.521,1.94047,1.94091,1.13,1.13
2012.03.27 06:41:09.225,1.94041,1.94085,1.88,1.13
2012.03.27 06:41:11.943,1.94041,1.94085,1.88,1.13
2012.03.27 06:41:12.015,1.94054,1.94095,1.88,1.13
2012.03.27 06:41:12.183,1.94054,1.94093,1.88,1.50
2012.03.27 06:41:12.326,1.94054,1.94095,1.88,1.13
2012.03.27 06:41:12.932,1.9406,1.94102,1.13,1.13
2012.03.27 06:41:13.024,1.94053,1.94096,1.88,1.13
2012.03.27 06:41:13.731,1.94053,1.94096,1.13,1.13
2012.03.27 06:41:14.096,1.94046,1.94085,1.50,1.13
2012.03.27 06:41:15.936,1.94041,1.94085,1.88,1.13
2012.03.27 06:41:16.482,1.94042,1.94084,1.88,1.13
2012.03.27 06:41:18.220,1.94036,1.94078,1.88,1.13
2012.03.27 06:41:18.293,1.9404,1.94081,1.88,1.13
2012.03.27 06:41:21.557,1.94041,1.94085,1.88,1.13
2012.03.27 06:41:21.820,1.94051,1.94094,1.13,2.63
2012.03.27 06:41:22.006,1.94054,1.94095,1.13,1.13
2012.03.27 06:41:22.323,1.94051,1.94094,1.13,1.13
2012.03.27 06:41:23.026,1.94046,1.94087,1.50,1.13
2012.03.27 06:41:23.753,1.94046,1.94076,1.50,1.13
2012.03.27 06:41:24.004,1.94046,1.94082,2.25,1.13
2012.03.27 06:41:24.194,1.94039,1.94082,1.13,1.13
2012.03.27 06:41:30.344,1.94034,1.94075,1.13,1.13
2012.03.27 06:41:30.803,1.94039,1.94082,1.13,1.13
2012.03.27 06:41:34.422,1.94046,1.94087,1.13,1.13
2012.03.27 06:41:37.633,1.94058,1.94099,1.13,1.13
2012.03.27 06:41:37.711,1.94045,1.94088,1.13,1.13
2012.03.27 06:41:44.653,1.9404,1.94081,1.13,1.13
2012.03.27 06:41:50.220,1.9404,1.94081,1.88,1.13
2012.03.27 06:41:52.195,1.9404,1.94081,1.13,1.13
2012.03.27 06:41:54.385,1.9404,1.94081,1.88,1.13
2012.03.27 06:41:56.183,1.9404,1.94081,1.13,1.13
2012.03.27 06:41:56.485,1.9404,1.94081,1.88,1.13
2012.03.27 06:41:57.015,1.94051,1.94094,1.13,1.13
2012.03.27 06:41:58.976,1.94041,1.94081,1.50,1.13
2012.03.27 06:41:59.392,1.94034,1.94076,1.50,1.13
2012.03.27 06:42:01.472,1.94033,1.94076,1.13,1.13
2012.03.27 06:42:01.768,1.94033,1.94076,1.88,1.13
2012.03.27 06:42:02.326,1.94036,1.94076,1.50,1.13
2012.03.27 06:42:02.572,1.94045,1.94087,1.13,1.13
2012.03.27 06:42:04.097,1.94036,1.94075,1.50,1.13
2012.03.27 06:42:04.632,1.94034,1.94075,1.13,1.13
2012.03.27 06:42:05.607,1.94034,1.94075,1.88,1.13
2012.03.27 06:42:05.797,1.9404,1.94081,1.13,1.13
2012.03.27 06:42:07.484,1.9404,1.94081,1.88,1.13
2012.03.27 06:42:07.678,1.94052,1.94093,1.88,1.13
2012.03.27 06:42:07.746,1.94074,1.94103,1.13,1.50
2012.03.27 06:42:07.816,1.94074,1.94118,1.13,1.13
2012.03.27 06:42:19.662,1.94075,1.94118,1.50,1.13
2012.03.27 06:42:19.737,1.94075,1.94118,2.25,1.13
2012.03.27 06:42:19.869,1.94087,1.94128,1.13,1.13
2012.03.27 06:42:20.280,1.94089,1.94117,1.50,1.13
2012.03.27 06:42:20.710,1.94086,1.94129,1.13,1.13
2012.03.27 06:42:20.794,1.94085,1.94122,1.50,1.13
2012.03.27 06:42:21.083,1.94086,1.94129,1.13,1.13
2012.03.27 06:42:22.484,1.94085,1.94122,1.50,1.13
2012.03.27 06:42:24.279,1.94085,1.94122,2.25,1.13
2012.03.27 06:42:24.466,1.94092,1.94135,2.63,1.13
2012.03.27 06:42:24.718,1.94104,1.94146,1.13,1.13
2012.03.27 06:42:25.023,1.94114,1.94146,1.73,1.13
2012.03.27 06:42:25.158,1.94136,1.9417,1.13,1.50
2012.03.27 06:42:25.291,1.9413,1.9417,1.50,1.50
2012.03.27 06:42:25.476,1.94136,1.94177,1.13,1.50
2012.03.27 06:42:25.553,1.9414,1.94188,1.50,1.13
2012.03.27 06:42:25.869,1.94146,1.94188,1.50,1.13
2012.03.27 06:42:26.074,1.94143,1.94188,1.50,1.13
2012.03.27 06:42:26.147,1.9414,1.94188,1.50,1.13
2012.03.27 06:42:26.621,1.9414,1.94188,1.50,1.88
2012.03.27 06:42:26.925,1.9414,1.94171,1.50,1.13
2012.03.27 06:42:27.248,1.94128,1.94171,1.50,1.13
2012.03.27 06:42:27.708,1.94134,1.94171,1.50,1.13
2012.03.27 06:42:28.045,1.94129,1.94171,1.50,1.13
2012.03.27 06:42:28.979,1.94129,1.94165,1.50,1.13
2012.03.27 06:42:29.048,1.94121,1.94165,2.63,1.13
2012.03.27 06:42:29.507,1.94127,1.94165,1.50,1.13
2012.03.27 06:42:29.569,1.94121,1.94165,1.13,1.13
2012.03.27 06:42:29.695,1.9412,1.94161,2.63,1.13
2012.03.27 06:42:30.168,1.9412,1.94161,2.25,1.13
2012.03.27 06:42:30.242,1.94127,1.9417,1.13,1.13
2012.03.27 06:42:30.437,1.94129,1.94173,1.13,1.13
2012.03.27 06:42:30.896,1.94143,1.94184,1.50,1.13
2012.03.27 06:42:31.335,1.94151,1.94184,1.50,1.13
2012.03.27 06:42:31.407,1.94154,1.94195,1.13,1.13
2012.03.27 06:42:31.538,1.94162,1.94195,1.50,1.13
2012.03.27 06:42:32.096,1.94156,1.94196,1.50,1.13
2012.03.27 06:42:32.384,1.94173,1.94216,1.13,1.50
2012.03.27 06:42:32.516,1.94173,1.94225,1.13,1.88
2012.03.27 06:42:32.658,1.94173,1.94225,1.13,1.88
2012.03.27 06:42:33.014,1.94168,1.94207,1.50,1.13
2012.03.27 06:42:33.359,1.94168,1.94212,2.63,1.13
2012.03.27 06:42:33.425,1.94168,1.94208,1.50,1.13
2012.03.27 06:42:34.246,1.94168,1.94212,2.63,1.13
2012.03.27 06:42:34.942,1.94168,1.94201,1.50,1.13
2012.03.27 06:42:35.311,1.94168,1.94212,2.63,1.13
2012.03.27 06:42:36.478,1.94168,1.94209,1.50,1.13
2012.03.27 06:42:37.016,1.94168,1.94208,1.50,1.13
2012.03.27 06:42:39.058,1.94168,1.94197,1.50,1.13
2012.03.27 06:42:39.397,1.94168,1.94205,1.50,1.13
2012.03.27 06:42:39.469,1.94168,1.94208,1.50,1.13
2012.03.27 06:42:40.116,1.94168,1.94212,2.63,1.13
2012.03.27 06:42:42.017,1.94175,1.94217,1.13,1.88
2012.03.27 06:42:42.094,1.94175,1.94217,1.13,1.13
2012.03.27 06:42:42.465,1.94175,1.94217,1.13,1.88
2012.03.27 06:42:42.920,1.94175,1.94217,1.13,1.88
2012.03.27 06:42:42.989,1.94167,1.94211,1.50,1.88
2012.03.27 06:42:43.059,1.94162,1.94211,1.50,1.88
2012.03.27 06:42:43.190,1.9416,1.94208,1.13,2.25
2012.03.27 06:42:45.448,1.9416,1.94208,1.13,1.50
2012.03.27 06:42:45.521,1.94172,1.94212,1.13,1.50
2012.03.27 06:42:45.588,1.94172,1.94215,1.13,2.25
2012.03.27 06:42:45.657,1.94172,1.94215,1.13,2.25
2012.03.27 06:42:45.786,1.94164,1.94215,1.13,2.25
2012.03.27 06:42:46.605,1.94166,1.9421,1.13,2.25
2012.03.27 06:42:46.925,1.94145,1.94193,1.50,1.13
2012.03.27 06:42:47.174,1.94144,1.94177,1.50,1.13
2012.03.27 06:42:47.498,1.94133,1.94177,1.13,1.13
2012.03.27 06:42:47.564,1.94133,1.94173,1.13,1.50
2012.03.27 06:42:49.506,1.94133,1.94177,1.13,2.63
2012.03.27 06:42:50.159,1.94135,1.94177,1.13,1.13
2012.03.27 06:42:50.810,1.94133,1.94177,1.13,1.13
2012.03.27 06:42:51.252,1.94129,1.94171,1.13,1.13
2012.03.27 06:42:53.537,1.94115,1.94165,1.13,1.13
2012.03.27 06:42:54.303,1.94115,1.94167,1.13,1.13
2012.03.27 06:42:55.125,1.94115,1.94164,1.13,1.50
2012.03.27 06:42:55.475,1.94115,1.94161,1.13,1.50
2012.03.27 06:42:57.338,1.94115,1.94164,1.13,1.50
2012.03.27 06:42:57.809,1.94115,1.94166,1.13,1.50
2012.03.27 06:42:58.814,1.94114,1.94166,1.13,2.63
2012.03.27 06:42:59.618,1.94114,1.94162,1.13,1.50
2012.03.27 06:42:59.925,1.94109,1.94158,1.13,1.13
2012.03.27 06:43:01.509,1.94109,1.94152,1.88,1.50
2012.03.27 06:43:04.340,1.94109,1.94152,1.13,1.50
2012.03.27 06:43:04.590,1.94109,1.94152,1.88,1.50
2012.03.27 06:43:04.729,1.94109,1.94158,1.88,1.13
2012.03.27 06:43:05.365,1.94109,1.94158,1.88,1.13
2012.03.27 06:43:05.471,1.94109,1.94158,1.88,1.13
2012.03.27 06:43:05.676,1.94122,1.94165,1.13,1.50
2012.03.27 06:43:06.075,1.94122,1.94166,1.88,1.13
2012.03.27 06:43:09.933,1.94127,1.94166,1.50,1.13
2012.03.27 06:43:11.237,1.94122,1.94166,1.88,1.13
2012.03.27 06:43:11.739,1.94122,1.94166,1.13,1.13
2012.03.27 06:43:11.851,1.94122,1.94166,1.88,1.13
2012.03.27 06:43:11.969,1.94122,1.94166,1.13,1.13
2012.03.27 06:43:14.707,1.94122,1.94166,1.88,1.13
2012.03.27 06:43:16.191,1.94122,1.94166,1.13,1.13
2012.03.27 06:43:16.258,1.94129,1.94171,1.13,1.13
2012.03.27 06:43:16.857,1.94127,1.94171,1.13,1.13
2012.03.27 06:43:17.312,1.94127,1.94167,1.13,1.50
2012.03.27 06:43:17.393,1.94128,1.94172,1.13,1.13
2012.03.27 06:43:21.507,1.9412,1.94165,1.50,1.13
2012.03.27 06:43:21.636,1.94115,1.94165,1.13,1.13
2012.03.27 06:43:22.159,1.94119,1.94166,1.13,1.50
2012.03.27 06:43:22.223,1.94113,1.94163,1.13,1.13
2012.03.27 06:43:24.964,1.94106,1.94158,1.13,1.13
2012.03.27 06:43:25.126,1.94108,1.94158,1.13,1.13
2012.03.27 06:43:25.453,1.94113,1.94163,1.13,1.13
2012.03.27 06:43:25.845,1.94108,1.94158,1.13,1.13
2012.03.27 06:43:26.612,1.94107,1.94157,1.13,1.13
2012.03.27 06:43:27.009,1.94111,1.9416,1.13,1.50
2012.03.27 06:43:27.604,1.9411,1.9416,1.13,2.63
2012.03.27 06:43:28.054,1.94103,1.94154,1.13,2.63
2012.03.27 06:43:28.124,1.94107,1.94154,1.13,1.50
2012.03.27 06:43:29.683,1.941,1.94152,1.13,1.13
2012.03.27 06:43:31.984,1.94107,1.94154,1.13,1.50
2012.03.27 06:43:33.588,1.94112,1.94154,1.13,1.50
2012.03.27 06:43:34.012,1.94112,1.94156,1.13,1.50
2012.03.27 06:43:34.084,1.94112,1.9416,1.13,1.50
2012.03.27 06:43:36.044,1.94112,1.94164,1.13,1.13
2012.03.27 06:43:39.113,1.94112,1.94161,1.13,1.50
2012.03.27 06:43:43.392,1.94106,1.94158,1.13,1.13
2012.03.27 06:43:48.888,1.94108,1.94158,1.50,1.13
2012.03.27 06:43:49.015,1.94106,1.94158,1.13,1.13
2012.03.27 06:43:49.263,1.94122,1.94161,1.13,1.50
2012.03.27 06:43:49.600,1.94122,1.94164,1.13,1.13
2012.03.27 06:43:51.038,1.94111,1.94151,1.50,1.13
2012.03.27 06:43:51.107,1.94101,1.94151,1.13,1.13
2012.03.27 06:43:51.622,1.94101,1.9415,1.13,1.50
2012.03.27 06:43:59.325,1.94101,1.94143,1.13,1.50
2012.03.27 06:44:01.344,1.94094,1.94143,1.13,1.50
2012.03.27 06:44:02.355,1.94094,1.94143,1.88,1.50
2012.03.27 06:44:03.918,1.94094,1.94143,1.13,1.50
2012.03.27 06:44:04.239,1.94093,1.9414,1.13,1.50
2012.03.27 06:44:04.313,1.94082,1.94134,1.13,1.13
2012.03.27 06:44:04.519,1.94082,1.94131,1.13,1.50
2012.03.27 06:44:07.728,1.94082,1.94131,1.88,1.50
2012.03.27 06:44:08.024,1.94089,1.94137,1.13,1.50
2012.03.27 06:44:08.627,1.94083,1.94133,1.13,1.13
2012.03.27 06:44:08.726,1.94083,1.94131,1.13,1.50
2012.03.27 06:44:09.678,1.94083,1.94133,1.88,1.13
2012.03.27 06:44:09.952,1.94088,1.94138,1.13,1.50
2012.03.27 06:44:10.029,1.94088,1.9414,1.13,1.13
2012.03.27 06:44:11.224,1.94088,1.94138,1.13,1.50
2012.03.27 06:44:12.821,1.94088,1.94138,1.88,1.50
2012.03.27 06:44:13.204,1.94088,1.9414,1.88,1.13
2012.03.27 06:44:18.196,1.94089,1.94134,2.25,1.13
2012.03.27 06:44:18.566,1.94082,1.94134,2.63,1.13
2012.03.27 06:44:18.634,1.94082,1.94134,3.38,1.13
2012.03.27 06:44:19.008,1.9409,1.94135,1.50,1.13
2012.03.27 06:44:19.487,1.94096,1.9414,1.50,1.13
2012.03.27 06:44:23.636,1.94103,1.94146,1.13,1.13
2012.03.27 06:44:24.008,1.9411,1.94151,2.63,1.13
2012.03.27 06:44:25.251,1.94111,1.94155,1.13,1.13
2012.03.27 06:44:26.105,1.9411,1.94152,1.50,1.13
2012.03.27 06:44:27.624,1.94109,1.94152,1.13,1.13
2012.03.27 06:44:41.916,1.94109,1.9415,1.13,1.13
2012.03.27 06:44:42.252,1.94109,1.94152,1.13,1.13
2012.03.27 06:44:42.320,1.94118,1.94162,1.13,1.50
2012.03.27 06:44:42.815,1.94118,1.94164,1.13,1.50
2012.03.27 06:44:42.888,1.94118,1.94168,1.13,1.50
2012.03.27 06:44:43.106,1.94118,1.9417,1.13,1.13
2012.03.27 06:44:43.560,1.94117,1.94167,1.13,1.13
2012.03.27 06:44:45.276,1.94117,1.94165,1.13,1.50
2012.03.27 06:44:45.467,1.94112,1.94163,1.13,1.13
2012.03.27 06:44:45.815,1.94121,1.94163,1.13,1.13
2012.03.27 06:44:46.073,1.9413,1.94178,1.13,1.50
2012.03.27 06:44:46.203,1.94136,1.94178,1.13,1.50
2012.03.27 06:44:46.783,1.94136,1.94183,1.13,1.50
2012.03.27 06:44:49.501,1.94136,1.94177,1.13,1.50
2012.03.27 06:44:52.622,1.94134,1.94177,1.13,1.50
2012.03.27 06:44:52.700,1.94127,1.94177,1.13,1.50
2012.03.27 06:44:52.796,1.94129,1.94177,1.13,1.50
2012.03.27 06:44:53.107,1.94121,1.94163,1.13,1.13
2012.03.27 06:44:53.465,1.94124,1.94157,1.50,1.13
2012.03.27 06:44:53.534,1.9412,1.94157,1.50,1.13
2012.03.27 06:44:53.606,1.94115,1.94157,1.13,1.13
2012.03.27 06:44:53.915,1.94121,1.94163,1.13,1.13
2012.03.27 06:44:54.168,1.94118,1.94161,1.13,1.13
2012.03.27 06:44:54.635,1.94127,1.94169,1.13,1.50
2012.03.27 06:44:58.553,1.94107,1.94156,1.73,1.13
2012.03.27 06:44:58.744,1.94118,1.94168,1.13,1.13
2012.03.27 06:44:58.938,1.94118,1.94158,1.13,1.50
2012.03.27 06:44:59.068,1.94112,1.94158,1.13,1.50
2012.03.27 06:44:59.328,1.94118,1.94165,1.13,1.50
2012.03.27 06:44:59.515,1.94111,1.94164,1.13,1.50
2012.03.27 06:45:00.490,1.94111,1.94162,1.13,1.50
2012.03.27 06:45:00.554,1.94111,1.94159,1.13,1.50
2012.03.27 06:45:00.887,1.94109,1.94151,1.13,1.13
2012.03.27 06:45:01.874,1.94109,1.94151,1.13,1.88
2012.03.27 06:45:02.194,1.94109,1.94151,1.13,1.13
2012.03.27 06:45:02.278,1.94099,1.94134,1.50,1.13
2012.03.27 06:45:02.453,1.94093,1.94134,1.50,1.13
2012.03.27 06:45:05.878,1.94093,1.94132,1.50,1.13
2012.03.27 06:45:05.993,1.94093,1.94134,1.50,1.13
2012.03.27 06:45:11.650,1.94093,1.94134,2.25,1.13
2012.03.27 06:45:12.057,1.94115,1.94152,1.13,1.50
2012.03.27 06:45:12.549,1.94124,1.94175,1.50,1.88
2012.03.27 06:45:15.201,1.94124,1.94175,1.50,1.13
2012.03.27 06:45:15.267,1.94127,1.94179,1.13,1.13
2012.03.27 06:45:15.799,1.94124,1.94174,2.63,1.13
2012.03.27 06:45:16.141,1.9413,1.94174,1.50,1.13
2012.03.27 06:45:16.483,1.9413,1.94174,1.50,1.88
2012.03.27 06:45:16.689,1.94125,1.94174,1.50,1.88
2012.03.27 06:45:17.228,1.94118,1.94158,1.50,1.13
2012.03.27 06:45:19.026,1.94118,1.94167,1.50,1.13
2012.03.27 06:45:19.544,1.94126,1.9417,1.13,1.13
2012.03.27 06:45:19.871,1.9413,1.9417,1.50,1.13
2012.03.27 06:45:20.199,1.94142,1.94192,1.13,3.38
2012.03.27 06:45:20.270,1.94133,1.94175,1.13,1.88
2012.03.27 06:45:20.397,1.94133,1.94175,1.13,1.88
2012.03.27 06:45:20.588,1.9414,1.94181,1.13,1.88
2012.03.27 06:45:20.901,1.94135,1.94177,1.13,1.13
2012.03.27 06:45:20.981,1.94135,1.94177,1.13,1.88
2012.03.27 06:45:21.107,1.94127,1.94165,1.50,1.88
2012.03.27 06:45:21.237,1.94121,1.94165,1.13,1.13
2012.03.27 06:45:21.311,1.94128,1.94172,1.13,1.13
2012.03.27 06:45:21.668,1.94121,1.94165,1.13,1.13
2012.03.27 06:45:27.477,1.9412,1.94161,1.13,1.13
2012.03.27 06:45:28.426,1.94117,1.94161,1.13,1.13
2012.03.27 06:45:29.233,1.94122,1.94164,1.13,1.13
2012.03.27 06:45:30.978,1.94119,1.94162,1.13,1.13
2012.03.27 06:45:31.218,1.94121,1.94165,1.13,1.13
2012.03.27 06:45:33.953,1.94128,1.9417,1.13,1.13
2012.03.27 06:45:34.649,1.94116,1.94158,1.50,1.13
2012.03.27 06:45:35.145,1.94109,1.94152,1.13,1.13
2012.03.27 06:45:36.386,1.94115,1.94158,1.13,1.13
2012.03.27 06:45:42.256,1.94109,1.94152,1.13,1.13
2012.03.27 06:45:42.595,1.94115,1.94158,1.13,1.13
2012.03.27 06:45:43.625,1.94111,1.94155,1.13,1.13
2012.03.27 06:45:44.712,1.94115,1.94158,1.13,1.13
2012.03.27 06:45:49.105,1.94111,1.94155,1.13,1.13
2012.03.27 06:45:50.354,1.94115,1.94158,1.13,1.13
2012.03.27 06:45:50.710,1.94109,1.94152,1.13,1.13
2012.03.27 06:45:53.201,1.94109,1.9415,1.13,1.13
2012.03.27 06:45:53.673,1.94103,1.94146,1.13,1.13
2012.03.27 06:45:57.795,1.94104,1.94146,1.50,1.13
2012.03.27 06:46:01.603,1.94104,1.94134,1.50,1.13
2012.03.27 06:46:01.794,1.94098,1.94134,1.50,1.13
2012.03.27 06:46:02.248,1.94092,1.94134,1.50,1.13
2012.03.27 06:46:03.256,1.94091,1.94133,1.13,1.50
2012.03.27 06:46:03.840,1.94091,1.94134,1.13,1.13
2012.03.27 06:46:03.928,1.94099,1.94148,1.13,1.50
2012.03.27 06:46:04.285,1.94099,1.94151,1.13,2.63
2012.03.27 06:46:04.356,1.94114,1.94151,1.13,1.50
2012.03.27 06:46:04.693,1.94124,1.94156,1.13,1.50
2012.03.27 06:46:04.763,1.94124,1.94158,1.13,1.50
2012.03.27 06:46:04.837,1.94124,1.94165,1.13,1.50
2012.03.27 06:46:05.296,1.94124,1.94173,1.13,1.50
2012.03.27 06:46:07.858,1.94124,1.94174,1.13,1.13
2012.03.27 06:46:07.987,1.94139,1.94179,1.13,1.50
2012.03.27 06:46:09.102,1.94139,1.9418,1.13,1.13
2012.03.27 06:46:11.061,1.94132,1.94175,1.13,1.13
2012.03.27 06:46:11.592,1.94133,1.94175,1.50,1.13
2012.03.27 06:46:12.883,1.94132,1.94175,1.13,1.13
2012.03.27 06:46:22.729,1.94132,1.94175,1.13,1.88
2012.03.27 06:46:22.935,1.94139,1.9418,1.13,1.88
2012.03.27 06:46:24.435,1.94139,1.9418,1.13,1.13
2012.03.27 06:46:24.709,1.94139,1.9418,1.13,1.88
2012.03.27 06:46:25.766,1.94139,1.9418,1.13,1.13
2012.03.27 06:46:26.265,1.94127,1.94174,1.50,1.13
2012.03.27 06:46:26.561,1.94124,1.94174,2.63,1.13
2012.03.27 06:46:26.806,1.94121,1.94169,1.50,1.13
2012.03.27 06:46:26.995,1.94124,1.94174,1.13,1.13
2012.03.27 06:46:27.247,1.94121,1.94168,1.50,1.13
2012.03.27 06:46:27.375,1.94118,1.94168,1.13,1.13
2012.03.27 06:46:28.019,1.94132,1.94175,1.13,2.63
2012.03.27 06:46:30.983,1.94139,1.9418,1.13,1.13
2012.03.27 06:46:35.164,1.94139,1.9418,1.13,1.88
2012.03.27 06:46:35.235,1.94123,1.94175,1.13,1.88
2012.03.27 06:46:36.322,1.94123,1.94174,1.13,1.50
2012.03.27 06:46:40.738,1.94123,1.94175,1.13,1.13
2012.03.27 06:46:41.274,1.94123,1.94174,1.13,1.50
2012.03.27 06:46:42.099,1.94118,1.94168,1.13,1.13
2012.03.27 06:46:44.324,1.9412,1.94168,1.50,1.13
2012.03.27 06:46:44.634,1.94132,1.94175,1.13,1.13
2012.03.27 06:46:49.444,1.94117,1.94167,1.13,1.50
2012.03.27 06:46:51.738,1.94117,1.94161,1.13,1.50
2012.03.27 06:46:52.563,1.94117,1.94168,1.13,1.50
2012.03.27 06:46:52.891,1.94117,1.94168,1.13,2.25
2012.03.27 06:46:53.193,1.94117,1.94163,1.13,1.50
2012.03.27 06:46:53.606,1.94094,1.94144,1.13,1.13
2012.03.27 06:46:54.524,1.94084,1.94128,1.13,1.13
2012.03.27 06:46:55.288,1.94092,1.94133,1.13,1.13
2012.03.27 06:46:55.813,1.94097,1.9414,1.13,1.13
2012.03.27 06:46:57.378,1.94092,1.94133,2.63,1.13
2012.03.27 06:46:59.642,1.94097,1.9414,1.13,1.13
2012.03.27 06:47:00.987,1.94103,1.94146,1.13,1.13
2012.03.27 06:47:05.666,1.94103,1.94146,1.13,1.88
2012.03.27 06:47:05.976,1.94098,1.94139,1.13,1.13
2012.03.27 06:47:06.267,1.94091,1.94134,1.13,1.13
2012.03.27 06:47:08.658,1.94098,1.94139,1.13,1.13
2012.03.27 06:47:09.296,1.94098,1.94135,1.13,1.50
2012.03.27 06:47:09.365,1.94082,1.94134,1.13,1.13
2012.03.27 06:47:09.726,1.94082,1.94128,1.13,1.50
2012.03.27 06:47:10.363,1.94082,1.94134,1.13,1.13
2012.03.27 06:47:10.727,1.94082,1.94129,1.13,1.50
2012.03.27 06:47:18.456,1.94094,1.94129,1.13,1.50
2012.03.27 06:47:18.829,1.94094,1.94136,1.13,1.50
2012.03.27 06:47:19.099,1.94094,1.94138,1.13,1.50
2012.03.27 06:47:19.186,1.94094,1.94142,1.13,1.50
2012.03.27 06:47:19.539,1.94094,1.94135,1.13,1.50
2012.03.27 06:47:20.377,1.941,1.94141,1.13,1.50
2012.03.27 06:47:20.448,1.941,1.94147,1.13,1.50
2012.03.27 06:47:20.517,1.94104,1.94147,1.13,1.50
2012.03.27 06:47:20.876,1.94106,1.94147,1.13,1.50
2012.03.27 06:47:21.175,1.94101,1.94147,1.13,1.50
2012.03.27 06:47:25.094,1.94101,1.9414,1.13,1.50
2012.03.27 06:47:25.345,1.94095,1.9414,1.13,1.50
2012.03.27 06:47:39.587,1.94095,1.94143,1.13,1.50
2012.03.27 06:47:39.656,1.941,1.94145,1.13,1.50
2012.03.27 06:47:39.787,1.94088,1.9414,1.13,1.13
2012.03.27 06:47:40.038,1.94088,1.94138,1.13,1.50
2012.03.27 06:47:40.344,1.94088,1.94138,1.13,2.25
2012.03.27 06:47:40.870,1.94089,1.94138,1.13,1.50
2012.03.27 06:47:40.998,1.94079,1.94128,1.50,1.13
2012.03.27 06:47:41.308,1.94085,1.94134,1.50,1.13
2012.03.27 06:47:41.374,1.94082,1.94134,1.13,1.13
2012.03.27 06:47:41.448,1.94081,1.94128,1.50,1.13
2012.03.27 06:47:41.759,1.94083,1.94133,1.13,1.13
2012.03.27 06:47:43.374,1.94087,1.94133,1.50,1.13
2012.03.27 06:47:48.708,1.94083,1.94133,1.13,1.13
2012.03.27 06:47:52.641,1.94083,1.94133,1.88,1.13
2012.03.27 06:47:53.076,1.94087,1.94133,1.50,1.13
2012.03.27 06:47:55.139,1.94083,1.94133,1.13,1.13
2012.03.27 06:47:55.738,1.94081,1.94133,1.13,1.13
2012.03.27 06:47:55.920,1.94083,1.94133,1.13,1.13
2012.03.27 06:47:57.975,1.94084,1.94134,1.13,1.88
2012.03.27 06:47:58.294,1.9408,1.94128,1.50,1.13
2012.03.27 06:47:58.450,1.94082,1.94134,1.13,1.88
2012.03.27 06:47:58.574,1.94082,1.94131,1.13,1.50
2012.03.27 06:48:00.146,1.94079,1.94131,1.13,2.63
2012.03.27 06:48:00.346,1.94082,1.94131,1.13,1.50
2012.03.27 06:48:00.871,1.9408,1.9413,1.13,1.13
2012.03.27 06:48:01.111,1.94083,1.94131,1.13,1.50
2012.03.27 06:48:01.447,1.94088,1.94131,1.13,1.50
2012.03.27 06:48:02.083,1.94088,1.94138,1.13,2.63
2012.03.27 06:48:02.625,1.94089,1.94138,1.13,1.50
2012.03.27 06:48:04.500,1.94089,1.94138,1.13,2.25
2012.03.27 06:48:06.314,1.9409,1.94138,1.13,2.25
2012.03.27 06:48:06.391,1.94088,1.94138,1.13,3.38
2012.03.27 06:48:06.516,1.94088,1.94138,1.13,2.63
2012.03.27 06:48:06.711,1.9409,1.94138,1.13,1.50
2012.03.27 06:48:06.773,1.94087,1.94138,1.13,1.50
2012.03.27 06:48:06.845,1.9409,1.94138,1.13,1.50
2012.03.27 06:48:07.077,1.94087,1.94139,1.13,1.13
2012.03.27 06:48:07.205,1.94091,1.94141,1.13,1.13
2012.03.27 06:48:14.319,1.94091,1.94141,1.13,1.88
2012.03.27 06:48:14.626,1.94078,1.9413,1.13,1.88
2012.03.27 06:48:17.291,1.94078,1.9413,1.13,1.13
2012.03.27 06:48:18.193,1.94085,1.94135,1.13,1.88
2012.03.27 06:48:29.626,1.94083,1.94133,1.13,1.13
2012.03.27 06:48:32.128,1.94085,1.94135,1.13,1.88
2012.03.27 06:48:44.026,1.94082,1.94134,1.13,1.13
2012.03.27 06:48:44.227,1.94084,1.94136,1.13,1.88
2012.03.27 06:48:44.863,1.9409,1.94137,1.13,2.25
2012.03.27 06:48:44.943,1.9409,1.94137,1.13,1.50
2012.03.27 06:48:45.014,1.9409,1.9414,1.13,1.50
2012.03.27 06:48:45.369,1.9409,1.94142,1.13,2.63
2012.03.27 06:48:46.595,1.9409,1.94142,1.13,3.38
2012.03.27 06:48:46.927,1.94091,1.94141,1.13,1.88
2012.03.27 06:48:47.090,1.94091,1.94141,1.13,1.88
2012.03.27 06:48:53.967,1.94091,1.94141,1.13,2.63
2012.03.27 06:48:57.652,1.94088,1.94138,1.13,1.13
2012.03.27 06:48:57.745,1.94082,1.94134,1.13,1.13
2012.03.27 06:48:57.935,1.94084,1.94136,1.13,2.63
2012.03.27 06:48:58.284,1.94084,1.94133,1.13,1.50
2012.03.27 06:48:59.403,1.94084,1.94136,1.13,1.13
2012.03.27 06:49:02.192,1.94084,1.94133,1.13,1.50
2012.03.27 06:49:12.264,1.94084,1.94136,1.13,1.13
2012.03.27 06:49:17.448,1.94084,1.94136,1.88,1.13
2012.03.27 06:49:17.515,1.94087,1.94136,1.50,1.13
2012.03.27 06:49:17.873,1.94094,1.94136,1.50,1.13
2012.03.27 06:49:17.946,1.94099,1.94143,1.13,1.13
2012.03.27 06:49:18.207,1.94106,1.94148,1.13,1.13
2012.03.27 06:49:20.706,1.94111,1.94155,1.13,1.13
2012.03.27 06:49:26.017,1.94116,1.94157,1.13,1.13
2012.03.27 06:49:28.244,1.94111,1.94153,1.13,1.13
2012.03.27 06:49:29.629,1.94115,1.94158,1.13,1.13
2012.03.27 06:49:30.298,1.94115,1.94156,1.13,1.13
2012.03.27 06:49:30.801,1.9411,1.94154,2.63,1.13
2012.03.27 06:49:34.167,1.94111,1.94155,1.13,1.13
2012.03.27 06:49:34.959,1.94115,1.94158,1.13,1.13
2012.03.27 06:49:38.376,1.94117,1.94158,1.50,1.13
2012.03.27 06:49:38.447,1.94115,1.94158,1.13,1.13
2012.03.27 06:49:38.867,1.94118,1.94158,1.50,1.13
2012.03.27 06:49:42.191,1.94118,1.9415,1.50,1.13
2012.03.27 06:49:42.541,1.94118,1.94157,1.50,1.13
2012.03.27 06:49:42.612,1.94116,1.94157,1.13,1.13
2012.03.27 06:49:53.305,1.94107,1.94154,1.13,1.13
2012.03.27 06:49:56.017,1.94111,1.94173,2.63,2.18
2012.03.27 06:49:56.091,1.94109,1.94155,2.63,2.25
2012.03.27 06:49:56.483,1.94109,1.94149,1.13,1.50
2012.03.27 06:49:56.615,1.94106,1.94149,1.13,2.25
2012.03.27 06:49:56.747,1.941,1.94149,1.13,2.25
2012.03.27 06:50:00.217,1.94093,1.94149,1.13,2.25
2012.03.27 06:50:01.097,1.94087,1.94141,1.13,2.25
2012.03.27 06:50:04.935,1.94088,1.94129,1.13,1.13
2012.03.27 06:50:07.135,1.941,1.94141,1.13,1.13
2012.03.27 06:50:09.114,1.94094,1.94135,1.13,1.13
2012.03.27 06:50:20.406,1.94089,1.94123,1.50,1.13
2012.03.27 06:50:20.539,1.94082,1.94123,1.13,1.13
2012.03.27 06:50:23.534,1.94076,1.94117,1.13,1.13
2012.03.27 06:50:24.060,1.94076,1.94116,1.13,1.50
2012.03.27 06:50:24.263,1.94057,1.94099,1.13,1.13
2012.03.27 06:50:24.341,1.9406,1.94099,1.50,1.13
2012.03.27 06:50:24.505,1.94057,1.94099,1.13,1.13
2012.03.27 06:50:24.804,1.94061,1.94099,1.50,1.13
2012.03.27 06:50:24.935,1.94057,1.94099,1.13,1.13
2012.03.27 06:50:27.595,1.9406,1.94099,1.50,1.13
2012.03.27 06:50:27.668,1.94064,1.94105,1.13,1.13
2012.03.27 06:50:30.738,1.94066,1.94105,1.50,1.13
2012.03.27 06:50:33.298,1.94064,1.94105,1.13,1.13
2012.03.27 06:50:36.615,1.94067,1.94105,1.50,1.13
2012.03.27 06:50:38.417,1.94064,1.94105,1.13,1.13
2012.03.27 06:50:48.134,1.94069,1.94112,1.13,1.13
2012.03.27 06:50:53.299,1.94076,1.94117,1.13,1.13
2012.03.27 06:51:01.307,1.94071,1.94111,1.50,1.13
2012.03.27 06:51:01.932,1.94071,1.94111,2.25,1.13
2012.03.27 06:51:02.069,1.94065,1.94105,1.50,1.13
2012.03.27 06:51:07.255,1.9407,1.94111,1.13,1.13
2012.03.27 06:51:08.406,1.94065,1.94105,1.50,1.13
2012.03.27 06:51:10.328,1.9407,1.94111,1.13,1.13
2012.03.27 06:51:10.564,1.94072,1.94111,1.50,1.13
2012.03.27 06:51:12.630,1.9407,1.94111,1.13,1.13
2012.03.27 06:51:15.855,1.94066,1.941,1.50,1.13
2012.03.27 06:51:16.036,1.94076,1.94117,1.13,1.13
2012.03.27 06:51:16.167,1.94066,1.941,1.50,1.13
2012.03.27 06:51:16.454,1.94075,1.94118,1.13,1.13
2012.03.27 06:51:23.259,1.9408,1.94118,1.50,1.13
2012.03.27 06:51:23.408,1.9408,1.94121,1.50,1.13
2012.03.27 06:51:23.729,1.9408,1.94117,1.50,1.13
2012.03.27 06:51:23.799,1.94081,1.94124,1.13,1.13
2012.03.27 06:51:36.833,1.9408,1.94118,1.50,1.13
2012.03.27 06:51:37.083,1.94081,1.94124,1.13,1.13
2012.03.27 06:51:37.222,1.9408,1.94118,1.50,1.13
2012.03.27 06:51:37.413,1.94075,1.94118,1.13,1.13
2012.03.27 06:51:39.153,1.94074,1.94112,1.50,1.13
2012.03.27 06:51:43.162,1.94069,1.94112,1.13,1.13
2012.03.27 06:51:43.786,1.9406,1.94099,2.25,1.13
2012.03.27 06:51:43.918,1.9406,1.94099,1.95,1.13
2012.03.27 06:51:44.112,1.94063,1.94116,1.13,1.50
2012.03.27 06:51:44.565,1.94062,1.94121,1.50,1.50
2012.03.27 06:52:00.688,1.94062,1.94121,1.50,2.25
2012.03.27 06:52:06.283,1.94055,1.94116,1.50,2.25
2012.03.27 06:52:07.747,1.94055,1.94116,1.50,2.25
2012.03.27 06:52:08.253,1.94048,1.94098,1.13,1.88
2012.03.27 06:52:08.575,1.9404,1.94081,1.50,1.13
2012.03.27 06:52:19.234,1.94039,1.94081,1.13,1.13
2012.03.27 06:52:21.518,1.94027,1.94069,1.13,1.13
2012.03.27 06:52:26.769,1.94021,1.94063,1.13,1.13
2012.03.27 06:52:41.150,1.94015,1.94056,1.13,1.13
2012.03.27 06:52:41.280,1.94008,1.94051,2.63,1.13
2012.03.27 06:52:41.768,1.94008,1.94049,1.13,1.13
2012.03.27 06:52:42.579,1.94008,1.94049,1.13,1.88
2012.03.27 06:52:42.823,1.94008,1.94049,1.13,1.13
2012.03.27 06:52:43.394,1.94008,1.94049,1.13,1.88
2012.03.27 06:52:43.465,1.94002,1.94045,1.13,1.88
2012.03.27 06:52:44.115,1.94009,1.9405,1.13,1.88
2012.03.27 06:52:44.423,1.94009,1.9405,1.13,1.13
2012.03.27 06:52:44.495,1.94014,1.94055,1.13,2.25
2012.03.27 06:52:45.158,1.94014,1.94055,1.13,1.88
2012.03.27 06:52:45.985,1.94015,1.94059,1.13,1.88
2012.03.27 06:52:51.632,1.9401,1.94052,1.13,1.88
2012.03.27 06:52:51.884,1.9401,1.94052,1.13,1.13
2012.03.27 06:52:51.955,1.94016,1.94058,1.13,1.88
2012.03.27 06:52:53.153,1.94014,1.94055,1.13,1.88
2012.03.27 06:52:56.983,1.94016,1.94058,1.13,1.88
2012.03.27 06:52:58.176,1.94018,1.94061,1.13,1.88
2012.03.27 06:53:01.653,1.94018,1.94061,1.13,2.22
2012.03.27 06:53:01.843,1.94,1.94042,1.13,1.88
2012.03.27 06:53:01.916,1.94,1.94042,1.13,1.13
2012.03.27 06:53:01.987,1.94011,1.94046,1.13,1.50
2012.03.27 06:53:02.294,1.94015,1.94046,1.13,1.50
2012.03.27 06:53:02.546,1.94015,1.94059,1.13,1.88
2012.03.27 06:53:07.164,1.94015,1.94059,1.13,1.88
2012.03.27 06:53:07.584,1.94015,1.94059,1.13,1.88
2012.03.27 06:53:07.653,1.94021,1.9406,1.13,2.25
2012.03.27 06:53:08.219,1.94021,1.94065,1.13,1.88
2012.03.27 06:53:09.255,1.94021,1.94065,1.13,1.88
2012.03.27 06:53:11.324,1.94021,1.94065,1.13,1.88
2012.03.27 06:53:11.656,1.94021,1.94065,1.13,1.88
2012.03.27 06:53:11.874,1.94021,1.94065,1.13,1.88
2012.03.27 06:53:12.423,1.94021,1.94065,1.13,1.88
2012.03.27 06:53:12.863,1.94021,1.94065,1.13,1.88
2012.03.27 06:53:13.854,1.94021,1.94065,1.13,1.88
2012.03.27 06:53:14.140,1.94017,1.94059,1.13,1.88
2012.03.27 06:53:14.678,1.94016,1.94058,1.13,1.88
2012.03.27 06:53:15.655,1.94016,1.9406,1.13,1.13
2012.03.27 06:53:15.729,1.9402,1.94061,1.13,1.13
2012.03.27 06:53:16.759,1.9402,1.94061,1.13,1.88
2012.03.27 06:53:17.705,1.9402,1.94061,1.13,1.88
2012.03.27 06:53:19.629,1.9402,1.94061,1.13,1.13
2012.03.27 06:53:20.334,1.94014,1.94055,1.13,1.88
2012.03.27 06:53:20.748,1.94012,1.94054,1.13,1.13
2012.03.27 06:53:20.969,1.94015,1.94059,1.13,1.88
2012.03.27 06:53:21.403,1.94015,1.94059,1.13,1.88
2012.03.27 06:53:21.534,1.94009,1.94053,1.13,1.88
2012.03.27 06:53:21.604,1.94009,1.94053,1.13,1.13
2012.03.27 06:53:21.737,1.94015,1.94059,1.13,1.88
2012.03.27 06:53:23.164,1.94015,1.94059,1.13,1.13
2012.03.27 06:53:23.295,1.94033,1.94075,1.13,2.25
2012.03.27 06:53:23.427,1.94022,1.94064,1.13,1.13
2012.03.27 06:53:23.870,1.94022,1.94064,1.13,1.88
2012.03.27 06:53:24.226,1.94028,1.9407,1.13,1.88
2012.03.27 06:53:26.117,1.94028,1.9407,1.13,1.88
2012.03.27 06:53:26.888,1.94028,1.9407,1.13,1.13
2012.03.27 06:53:43.658,1.94028,1.9407,1.13,1.88
2012.03.27 06:53:45.515,1.94028,1.9407,1.13,1.13
2012.03.27 06:53:48.477,1.94033,1.94075,1.13,1.88
2012.03.27 06:53:48.874,1.94033,1.94075,1.13,1.88
2012.03.27 06:53:49.098,1.94033,1.94075,1.13,1.88
2012.03.27 06:53:50.653,1.94034,1.94076,1.13,1.88
2012.03.27 06:53:50.784,1.94028,1.9407,1.13,1.13
2012.03.27 06:53:51.004,1.94034,1.94076,1.13,1.88
2012.03.27 06:53:51.883,1.94034,1.94076,1.13,1.88
2012.03.27 06:53:52.016,1.94028,1.9407,1.13,1.88
2012.03.27 06:53:52.696,1.94033,1.94075,1.13,1.88
2012.03.27 06:53:54.917,1.94033,1.94075,1.13,1.13
2012.03.27 06:53:55.199,1.94034,1.94076,1.13,1.88
2012.03.27 06:53:55.364,1.94034,1.94076,1.13,1.88
2012.03.27 06:53:55.671,1.9404,1.94082,1.13,1.88
2012.03.27 06:53:56.020,1.9404,1.94082,1.13,1.13
2012.03.27 06:53:56.152,1.94038,1.94082,1.13,1.13
2012.03.27 06:53:56.425,1.9404,1.94082,1.13,1.13
2012.03.27 06:53:58.155,1.94047,1.94088,1.13,1.88
2012.03.27 06:53:58.345,1.94033,1.94077,1.13,1.13
2012.03.27 06:54:00.073,1.94033,1.94077,1.13,1.88
2012.03.27 06:54:01.086,1.94039,1.94083,1.13,1.88
2012.03.27 06:54:05.135,1.94039,1.94083,1.13,1.13
2012.03.27 06:54:09.438,1.94039,1.94083,1.13,1.88
2012.03.27 06:54:12.615,1.94039,1.94083,1.13,1.13
2012.03.27 06:54:12.808,1.94047,1.94088,1.13,1.88
2012.03.27 06:54:13.354,1.94032,1.94082,1.13,2.63
2012.03.27 06:54:13.415,1.94032,1.9407,1.13,2.25
2012.03.27 06:54:13.726,1.94032,1.9407,1.13,1.50
2012.03.27 06:54:13.798,1.94029,1.9407,1.13,1.50
2012.03.27 06:54:14.604,1.94029,1.94071,1.13,1.13
2012.03.27 06:54:14.816,1.94029,1.94071,1.13,1.88
2012.03.27 06:54:14.953,1.94022,1.94066,1.13,1.88
2012.03.27 06:54:15.343,1.94022,1.94066,1.13,1.13
2012.03.27 06:54:17.066,1.94032,1.94074,1.13,1.50
2012.03.27 06:54:17.716,1.94037,1.94081,1.13,2.25
2012.03.27 06:54:17.831,1.94028,1.94072,1.13,1.13
2012.03.27 06:54:18.080,1.94028,1.94072,1.13,1.88
2012.03.27 06:54:18.271,1.94014,1.94054,1.50,1.13
2012.03.27 06:54:18.620,1.9401,1.94054,1.13,1.13
2012.03.27 06:54:19.382,1.94014,1.94054,1.50,1.13
2012.03.27 06:54:19.550,1.9401,1.94054,2.63,1.88
2012.03.27 06:54:21.685,1.94006,1.94047,1.50,1.13
2012.03.27 06:54:22.078,1.94011,1.94053,1.13,1.13
2012.03.27 06:54:24.082,1.94017,1.9406,1.13,1.13
2012.03.27 06:54:39.393,1.94024,1.94064,1.13,1.50
2012.03.27 06:54:39.704,1.94017,1.9406,1.13,1.13
2012.03.27 06:54:40.161,1.94024,1.94058,1.13,1.50
2012.03.27 06:54:41.714,1.94024,1.94063,1.13,1.50
2012.03.27 06:54:42.686,1.94018,1.94059,1.13,1.13
2012.03.27 06:54:43.910,1.94018,1.94059,1.13,1.88
2012.03.27 06:54:44.343,1.94022,1.94063,1.13,2.25
2012.03.27 06:54:44.415,1.94022,1.94063,1.13,1.50
2012.03.27 06:54:44.813,1.94029,1.9407,1.13,2.25
2012.03.27 06:54:58.688,1.94029,1.94069,1.13,1.50
2012.03.27 06:54:58.796,1.94029,1.94072,1.13,2.63
2012.03.27 06:54:59.331,1.94029,1.94072,1.13,1.88
2012.03.27 06:54:59.679,1.94029,1.94072,1.13,1.13
2012.03.27 06:55:00.665,1.94029,1.94072,1.13,1.88
2012.03.27 06:55:00.891,1.94029,1.94072,1.13,1.13
2012.03.27 06:55:05.673,1.94023,1.94066,1.13,1.13
2012.03.27 06:55:05.993,1.94029,1.94072,1.13,1.13
2012.03.27 06:55:07.995,1.94029,1.94072,1.13,1.88
2012.03.27 06:55:08.125,1.94023,1.94066,1.13,1.88
2012.03.27 06:55:12.933,1.94023,1.94066,1.13,1.13
2012.03.27 06:55:13.183,1.94035,1.94078,1.13,3.38
2012.03.27 06:55:14.123,1.94029,1.94072,1.13,1.13
2012.03.27 06:55:17.064,1.94031,1.94072,1.50,1.13
2012.03.27 06:55:17.374,1.94041,1.94082,1.13,1.13
2012.03.27 06:55:17.931,1.94048,1.9409,1.13,1.88
2012.03.27 06:55:18.001,1.94048,1.9409,1.13,1.13
2012.03.27 06:55:18.124,1.94059,1.94096,1.13,1.50
2012.03.27 06:55:18.193,1.94053,1.94097,1.13,1.13
2012.03.27 06:55:18.565,1.94057,1.941,1.13,1.13
2012.03.27 06:55:18.634,1.94053,1.94097,1.13,1.13
2012.03.27 06:55:18.823,1.94053,1.94097,1.13,1.88
2012.03.27 06:55:25.646,1.94053,1.94097,1.13,1.13
2012.03.27 06:55:26.905,1.94059,1.94103,1.13,1.13
2012.03.27 06:55:28.460,1.94053,1.94097,1.13,1.13
2012.03.27 06:55:34.912,1.94055,1.94097,1.50,1.13
2012.03.27 06:55:35.401,1.94055,1.94094,1.50,1.13
2012.03.27 06:55:37.902,1.94053,1.94094,1.13,1.13
2012.03.27 06:55:43.427,1.94058,1.94102,1.13,1.13
2012.03.27 06:55:45.754,1.94058,1.94102,1.13,1.88
2012.03.27 06:55:45.884,1.94058,1.94102,1.13,1.13
2012.03.27 06:55:46.656,1.94058,1.94102,1.13,1.88
2012.03.27 06:55:46.725,1.94053,1.94094,1.13,1.88
2012.03.27 06:55:51.246,1.94047,1.94088,1.13,1.13
2012.03.27 06:55:53.676,1.94041,1.94082,1.13,1.13
2012.03.27 06:55:55.485,1.94043,1.94082,1.50,1.13
2012.03.27 06:55:55.558,1.94041,1.94082,1.13,1.13
2012.03.27 06:55:56.056,1.94038,1.94076,1.50,1.13
2012.03.27 06:55:57.248,1.94035,1.94076,1.13,1.13
2012.03.27 06:55:57.930,1.94034,1.94077,1.13,1.13
2012.03.27 06:56:01.281,1.94037,1.94077,1.50,1.13
2012.03.27 06:56:05.499,1.94037,1.94079,2.63,1.13
2012.03.27 06:56:09.926,1.94041,1.94082,1.13,1.13
2012.03.27 06:56:10.182,1.94041,1.94084,1.13,1.88
2012.03.27 06:56:11.253,1.94048,1.9409,1.13,1.88
2012.03.27 06:56:11.443,1.94048,1.9409,1.13,1.13
2012.03.27 06:56:11.895,1.94059,1.94101,1.13,1.13
2012.03.27 06:56:12.024,1.94048,1.94091,1.50,1.13
2012.03.27 06:56:12.155,1.94058,1.94102,1.13,1.13
2012.03.27 06:56:12.223,1.94052,1.94095,1.13,1.88
2012.03.27 06:56:12.659,1.94048,1.9409,2.63,1.13
2012.03.27 06:56:12.963,1.94053,1.94094,1.13,1.13
2012.03.27 06:56:15.346,1.94058,1.94102,1.13,1.13
2012.03.27 06:56:15.476,1.9406,1.94102,1.50,1.13
2012.03.27 06:56:15.787,1.94058,1.94102,1.13,1.13
2012.03.27 06:56:16.392,1.94059,1.94101,1.13,1.13
2012.03.27 06:56:21.584,1.94052,1.94095,1.13,1.13
2012.03.27 06:56:24.984,1.94048,1.94088,1.50,1.13
2012.03.27 06:56:25.701,1.94045,1.94088,1.13,1.13
2012.03.27 06:56:26.262,1.9403,1.9407,1.50,1.13
2012.03.27 06:56:27.612,1.94035,1.94076,1.13,1.13
2012.03.27 06:56:27.985,1.9403,1.9407,1.50,1.13
2012.03.27 06:56:29.716,1.9403,1.94059,1.50,1.13
2012.03.27 06:56:29.784,1.94016,1.94059,1.50,1.13
2012.03.27 06:56:29.986,1.94021,1.94065,1.13,1.13
2012.03.27 06:56:30.908,1.94022,1.94065,1.50,1.13
2012.03.27 06:56:30.976,1.94033,1.94077,1.13,1.13
2012.03.27 06:56:31.441,1.94045,1.94089,1.13,1.13
2012.03.27 06:56:31.788,1.94033,1.94077,1.13,1.88
2012.03.27 06:56:31.978,1.94033,1.94077,1.13,1.13
2012.03.27 06:56:32.457,1.94045,1.94089,1.13,1.88
2012.03.27 06:56:32.705,1.94045,1.94089,1.13,1.13
2012.03.27 06:56:34.444,1.94045,1.94089,1.13,1.88
2012.03.27 06:56:34.871,1.94045,1.94089,1.13,1.13
2012.03.27 06:57:04.420,1.94035,1.94077,1.13,1.13
2012.03.27 06:57:05.823,1.94035,1.94077,1.13,1.88
2012.03.27 06:57:06.018,1.94033,1.94077,1.13,1.88
2012.03.27 06:57:06.320,1.94033,1.94077,1.13,1.13
2012.03.27 06:57:07.925,1.94038,1.94082,1.13,1.13
2012.03.27 06:57:09.009,1.94033,1.94077,1.13,1.13
2012.03.27 06:57:10.204,1.94045,1.94089,1.13,1.13
2012.03.27 06:57:12.672,1.94052,1.9409,1.13,1.50
2012.03.27 06:57:13.232,1.94052,1.94094,1.13,1.88
2012.03.27 06:57:20.037,1.94052,1.94094,1.13,1.88
2012.03.27 06:57:20.345,1.9404,1.94082,1.13,1.13
2012.03.27 06:57:21.289,1.9404,1.94082,1.13,1.88
2012.03.27 06:57:23.832,1.9404,1.94082,1.13,1.13
2012.03.27 06:57:24.305,1.94059,1.941,1.13,1.88
2012.03.27 06:57:24.385,1.94055,1.94099,1.13,1.88
2012.03.27 06:57:24.877,1.94055,1.94099,1.13,1.88
2012.03.27 06:57:24.948,1.94049,1.94093,1.13,1.88
2012.03.27 06:57:25.315,1.94044,1.94086,2.63,1.88
2012.03.27 06:57:26.177,1.94029,1.9408,2.63,1.13
2012.03.27 06:57:26.251,1.94029,1.94074,1.13,1.50
2012.03.27 06:57:26.317,1.94015,1.94074,1.50,1.50
2012.03.27 06:57:26.446,1.94017,1.94074,1.50,1.50
2012.03.27 06:57:27.118,1.9403,1.94079,1.13,1.13
2012.03.27 06:57:27.923,1.94036,1.94085,1.13,1.13
2012.03.27 06:57:30.100,1.94036,1.94085,1.13,1.88
2012.03.27 06:57:31.309,1.94036,1.94085,1.13,1.88
2012.03.27 06:57:31.433,1.94027,1.94068,1.50,1.13
2012.03.27 06:57:31.746,1.94017,1.94068,1.50,1.13
2012.03.27 06:57:31.814,1.94035,1.94076,1.13,1.50
2012.03.27 06:57:31.948,1.94035,1.94079,1.13,1.50
2012.03.27 06:57:32.019,1.9403,1.94079,1.13,1.13
2012.03.27 06:57:36.956,1.94035,1.94083,1.13,1.50
2012.03.27 06:57:37.083,1.94035,1.94086,1.13,1.13
2012.03.27 06:57:37.278,1.94035,1.94083,1.13,1.50
2012.03.27 06:57:37.346,1.94028,1.94078,1.13,1.13
2012.03.27 06:57:37.706,1.9403,1.94079,1.13,1.13
2012.03.27 06:57:38.359,1.94043,1.94087,1.13,1.13
2012.03.27 06:57:46.386,1.94034,1.94074,1.50,1.13
2012.03.27 06:57:46.577,1.94043,1.94087,1.13,2.63
2012.03.27 06:57:48.439,1.94032,1.94074,1.13,1.13
2012.03.27 06:57:48.665,1.94043,1.94087,1.13,1.13
2012.03.27 06:57:49.334,1.94043,1.94086,1.13,1.50
2012.03.27 06:57:49.874,1.94043,1.94087,1.13,1.13
2012.03.27 06:57:58.695,1.9405,1.94092,1.13,2.63
2012.03.27 06:57:58.828,1.94043,1.94087,1.13,1.13
2012.03.27 06:58:00.682,1.94042,1.94083,1.13,1.13
2012.03.27 06:58:01.065,1.94034,1.94077,1.13,1.13
2012.03.27 06:58:03.893,1.94043,1.94087,1.13,2.63
2012.03.27 06:58:09.443,1.94036,1.94074,1.50,1.13
2012.03.27 06:58:09.575,1.94032,1.94074,1.13,1.13
2012.03.27 06:58:10.163,1.9403,1.94062,1.50,1.13
2012.03.27 06:58:10.654,1.94026,1.94056,1.50,1.13
2012.03.27 06:58:11.114,1.94022,1.94056,1.50,1.13
2012.03.27 06:58:11.186,1.94022,1.94062,1.50,1.13
2012.03.27 06:58:11.925,1.94026,1.94068,1.13,1.13
2012.03.27 06:58:17.117,1.94022,1.94062,1.50,1.13
2012.03.27 06:58:20.643,1.9402,1.94062,1.13,1.13
2012.03.27 06:58:21.963,1.94025,1.94062,1.50,1.13
2012.03.27 06:58:22.384,1.9402,1.94062,1.13,1.13
2012.03.27 06:58:23.923,1.94018,1.94055,1.50,1.13
2012.03.27 06:58:24.843,1.94014,1.94055,1.13,1.13
2012.03.27 06:58:25.133,1.9402,1.94062,1.13,1.13
2012.03.27 06:58:26.439,1.94013,1.94056,1.13,1.13
2012.03.27 06:58:27.455,1.94018,1.94061,1.13,1.13
2012.03.27 06:58:29.115,1.94017,1.9406,1.13,1.13
2012.03.27 06:58:29.425,1.9402,1.94062,1.13,1.13
2012.03.27 06:58:29.768,1.94013,1.94056,1.13,1.13
2012.03.27 06:58:30.717,1.94014,1.94056,1.50,1.13
2012.03.27 06:58:32.251,1.94014,1.94049,1.50,1.13
2012.03.27 06:58:32.498,1.9402,1.94062,1.13,1.13
2012.03.27 06:58:33.336,1.94026,1.94068,1.13,1.13
2012.03.27 06:58:34.340,1.94032,1.94074,1.13,1.13
2012.03.27 06:58:34.644,1.94026,1.94063,1.50,1.13
2012.03.27 06:58:34.715,1.94031,1.94075,1.13,1.88
2012.03.27 06:58:36.436,1.9403,1.94069,1.50,1.13
2012.03.27 06:58:36.505,1.94025,1.94069,1.13,1.13
2012.03.27 06:58:36.875,1.94032,1.94074,1.13,1.13
2012.03.27 06:58:39.918,1.94026,1.94068,1.13,1.13
2012.03.27 06:58:41.958,1.94043,1.94083,1.13,1.50
2012.03.27 06:58:42.086,1.94043,1.94087,1.13,1.13
2012.03.27 06:58:42.214,1.94043,1.94087,1.13,1.88
2012.03.27 06:58:42.523,1.94032,1.94074,1.13,1.13
2012.03.27 06:58:44.104,1.94037,1.94081,1.13,1.13
2012.03.27 06:58:45.883,1.94039,1.94081,1.13,1.13
2012.03.27 06:58:48.486,1.94038,1.9408,1.13,1.13
2012.03.27 06:58:50.484,1.94043,1.94087,1.13,1.88
2012.03.27 06:58:50.678,1.94043,1.94087,1.13,1.13
2012.03.27 06:58:50.744,1.9405,1.94088,1.13,1.50
2012.03.27 06:58:50.994,1.9405,1.94092,1.13,2.63
2012.03.27 06:58:51.658,1.94045,1.94088,1.13,1.13
2012.03.27 06:58:51.807,1.94043,1.94087,1.13,1.13
2012.03.27 06:58:51.875,1.94043,1.94087,1.13,1.88
2012.03.27 06:58:52.184,1.94032,1.94074,1.13,1.13
2012.03.27 06:58:52.254,1.94037,1.94086,1.13,1.88
2012.03.27 06:58:52.325,1.94037,1.94082,1.13,1.50
2012.03.27 06:58:52.748,1.94037,1.94085,1.13,1.50
2012.03.27 06:58:53.754,1.94037,1.94086,1.13,1.13
2012.03.27 06:58:55.007,1.94036,1.94084,1.13,1.13
2012.03.27 06:58:56.213,1.94045,1.94088,1.13,1.13
2012.03.27 06:58:58.765,1.94036,1.94086,1.13,1.13
2012.03.27 06:59:02.608,1.94057,1.9409,1.13,1.50
2012.03.27 06:59:02.736,1.94043,1.94087,1.13,1.13
2012.03.27 06:59:06.388,1.94043,1.94087,1.13,1.88
2012.03.27 06:59:06.633,1.94043,1.94087,1.13,1.13
2012.03.27 06:59:06.706,1.94036,1.9408,1.13,1.13
2012.03.27 06:59:07.311,1.94044,1.94086,1.13,2.63
2012.03.27 06:59:18.217,1.94045,1.94088,1.13,1.13
2012.03.27 06:59:18.345,1.94045,1.94086,1.13,1.50
2012.03.27 06:59:18.538,1.94043,1.94086,1.13,1.50
2012.03.27 06:59:20.358,1.94043,1.94086,1.13,2.25
2012.03.27 06:59:20.777,1.94029,1.94079,1.13,2.25
2012.03.27 06:59:27.894,1.94032,1.94079,1.13,2.25
2012.03.27 06:59:28.206,1.94032,1.94079,1.13,1.50
2012.03.27 06:59:28.518,1.94032,1.94082,1.13,1.13
2012.03.27 06:59:28.642,1.94032,1.94082,1.13,1.88
2012.03.27 06:59:29.193,1.94032,1.94082,1.13,1.88
2012.03.27 06:59:29.758,1.94032,1.94082,1.13,1.13
2012.03.27 06:59:34.874,1.94032,1.94075,1.13,1.50
2012.03.27 06:59:35.760,1.94032,1.94078,1.13,1.50
2012.03.27 06:59:35.827,1.94032,1.94082,1.13,2.63
2012.03.27 06:59:41.995,1.94044,1.94082,1.13,1.50
2012.03.27 06:59:42.124,1.94044,1.94089,1.13,1.50
2012.03.27 06:59:42.196,1.94044,1.94089,1.13,2.25
2012.03.27 06:59:42.325,1.94033,1.94083,1.13,1.13
2012.03.27 06:59:42.745,1.94038,1.94088,1.13,1.88
2012.03.27 06:59:47.889,1.94038,1.94089,1.13,2.25
2012.03.27 06:59:48.128,1.94038,1.94089,1.13,2.25
2012.03.27 06:59:48.210,1.94042,1.94089,1.13,2.25
2012.03.27 06:59:48.596,1.94039,1.94089,1.13,3.38
2012.03.27 06:59:48.988,1.94039,1.94089,1.13,3.38
2012.03.27 06:59:49.154,1.94039,1.94089,1.13,3.38
2012.03.27 06:59:50.396,1.94039,1.94089,1.13,2.63
2012.03.27 06:59:50.510,1.94039,1.94089,1.13,3.38
2012.03.27 06:59:51.382,1.94039,1.94089,1.13,1.13
2012.03.27 06:59:51.653,1.94039,1.94089,1.13,1.88
2012.03.27 06:59:52.077,1.94032,1.94084,1.13,1.13
2012.03.27 06:59:52.442,1.94039,1.94088,1.13,2.25
2012.03.27 06:59:52.506,1.94039,1.94088,1.13,1.50
2012.03.27 06:59:52.633,1.94039,1.94089,1.13,1.88
2012.03.27 06:59:52.955,1.94037,1.94089,1.13,1.88
2012.03.27 06:59:58.078,1.94037,1.94089,1.13,1.13
2012.03.27 06:59:58.277,1.94049,1.94094,1.13,2.25
2012.03.27 06:59:58.594,1.94038,1.94088,1.13,1.88
2012.03.27 06:59:58.664,1.94044,1.94094,1.13,1.13
