2017.06.16 07:00:00.079,1.7704,1.7708,1.00,1.37
2017.06.16 07:00:00.384,1.77043,1.7708,1.00,1.37
2017.06.16 07:00:00.511,1.77044,1.77081,1.00,1.37
2017.06.16 07:00:00.845,1.7704,1.77081,1.00,1.37
2017.06.16 07:00:01.227,1.77036,1.77078,1.00,1.00
2017.06.16 07:00:01.511,1.77039,1.77079,1.00,1.37
2017.06.16 07:00:01.656,1.77039,1.77083,1.00,1.00
2017.06.16 07:00:01.707,1.77042,1.77083,1.00,1.00
2017.06.16 07:00:02.016,1.77061,1.77097,1.00,1.75
2017.06.16 07:00:02.118,1.77053,1.77087,1.50,1.00
2017.06.16 07:00:02.169,1.77057,1.77094,1.00,1.37
2017.06.16 07:00:02.429,1.77045,1.77085,1.00,2.62
2017.06.16 07:00:02.695,1.77045,1.77085,1.00,1.37
2017.06.16 07:00:02.898,1.77044,1.77084,1.00,1.00
2017.06.16 07:00:03.050,1.77049,1.77083,1.00,1.00
2017.06.16 07:00:03.101,1.77049,1.77087,1.00,1.00
2017.06.16 07:00:03.620,1.77049,1.7709,1.00,1.37
2017.06.16 07:00:03.828,1.77047,1.7709,1.00,1.37
2017.06.16 07:00:03.879,1.77043,1.77083,1.00,2.21
2017.06.16 07:00:03.930,1.77039,1.7708,1.00,1.71
2017.06.16 07:00:03.981,1.77037,1.7708,1.00,1.71
2017.06.16 07:00:04.032,1.77037,1.77075,1.00,1.00
2017.06.16 07:00:04.372,1.7703,1.77071,1.00,1.87
2017.06.16 07:00:04.423,1.7703,1.77069,1.50,1.00
2017.06.16 07:00:04.475,1.77035,1.77069,1.00,1.00
2017.06.16 07:00:04.526,1.77035,1.77073,1.00,1.00
2017.06.16 07:00:04.627,1.77036,1.77077,1.00,1.37
2017.06.16 07:00:04.679,1.77033,1.77077,1.00,1.37
2017.06.16 07:00:04.730,1.77036,1.77076,1.00,1.37
2017.06.16 07:00:04.781,1.7703,1.77071,1.00,1.00
2017.06.16 07:00:04.832,1.77028,1.77067,1.00,1.87
2017.06.16 07:00:04.883,1.77028,1.77066,1.00,1.12
2017.06.16 07:00:04.935,1.77023,1.77065,1.12,1.37
2017.06.16 07:00:04.986,1.77025,1.77065,1.00,1.12
2017.06.16 07:00:05.037,1.77023,1.77066,1.50,1.12
2017.06.16 07:00:05.214,1.7703,1.77071,1.00,1.00
2017.06.16 07:00:05.536,1.77031,1.77057,1.00,1.00
2017.06.16 07:00:05.588,1.77031,1.77062,1.00,1.00
2017.06.16 07:00:05.641,1.77029,1.77058,1.00,1.00
2017.06.16 07:00:05.692,1.77029,1.77061,1.00,1.00
2017.06.16 07:00:05.744,1.77029,1.77054,1.00,1.00
2017.06.16 07:00:05.795,1.77029,1.77057,1.00,1.00
2017.06.16 07:00:05.846,1.77023,1.77056,1.50,1.00
2017.06.16 07:00:05.897,1.77023,1.77058,1.00,1.00
2017.06.16 07:00:06.050,1.77023,1.77063,1.50,1.00
2017.06.16 07:00:06.102,1.77031,1.77064,1.00,1.00
2017.06.16 07:00:06.154,1.77031,1.77066,1.00,1.00
2017.06.16 07:00:06.205,1.77034,1.77066,1.00,1.00
2017.06.16 07:00:06.534,1.77029,1.77066,1.00,1.00
2017.06.16 07:00:06.636,1.77029,1.77071,1.00,1.50
2017.06.16 07:00:06.687,1.77033,1.7707,1.00,1.00
2017.06.16 07:00:06.992,1.77031,1.77065,1.00,1.00
2017.06.16 07:00:07.297,1.77028,1.77056,1.00,1.00
2017.06.16 07:00:07.508,1.77023,1.77054,1.00,1.00
2017.06.16 07:00:07.712,1.77021,1.77053,1.00,1.00
2017.06.16 07:00:07.813,1.77019,1.77051,1.00,1.00
2017.06.16 07:00:08.317,1.77016,1.77047,1.00,1.00
2017.06.16 07:00:08.877,1.77015,1.77047,1.00,1.00
2017.06.16 07:00:09.882,1.77015,1.77049,1.00,1.00
2017.06.16 07:00:09.933,1.77017,1.77051,1.00,1.00
2017.06.16 07:00:10.238,1.77022,1.77052,1.00,1.00
2017.06.16 07:00:10.827,1.77022,1.77053,1.00,1.00
2017.06.16 07:00:11.089,1.77022,1.77055,1.00,1.00
2017.06.16 07:00:11.622,1.77018,1.77052,1.00,1.00
2017.06.16 07:00:11.739,1.77016,1.77053,1.00,1.00
2017.06.16 07:00:11.841,1.77022,1.77053,1.00,1.00
2017.06.16 07:00:13.508,1.77022,1.77055,1.00,1.00
2017.06.16 07:00:19.114,1.77022,1.7706,1.00,1.00
2017.06.16 07:00:19.165,1.77026,1.77062,1.00,1.50
2017.06.16 07:00:19.479,1.77028,1.77062,1.00,1.00
2017.06.16 07:00:20.016,1.77028,1.77063,1.00,1.00
2017.06.16 07:00:20.641,1.77029,1.77063,1.00,1.00
2017.06.16 07:00:22.260,1.77028,1.77059,1.00,1.00
2017.06.16 07:00:22.362,1.77025,1.77058,1.00,1.00
2017.06.16 07:00:22.895,1.77024,1.77057,1.00,1.00
2017.06.16 07:00:22.946,1.77022,1.77056,1.00,1.00
2017.06.16 07:00:22.997,1.77022,1.77053,1.00,1.00
2017.06.16 07:00:23.048,1.7702,1.77052,1.00,1.00
2017.06.16 07:00:23.336,1.77017,1.77052,1.12,1.00
2017.06.16 07:00:23.663,1.77017,1.77046,1.12,1.00
2017.06.16 07:00:23.834,1.77014,1.77045,1.00,1.00
2017.06.16 07:00:24.356,1.77013,1.77045,1.00,1.00
2017.06.16 07:00:25.947,1.7701,1.77045,1.00,1.00
2017.06.16 07:00:26.648,1.7701,1.77044,1.00,1.00
2017.06.16 07:00:26.801,1.7701,1.77046,1.00,1.50
2017.06.16 07:00:26.927,1.77013,1.77046,1.00,1.00
2017.06.16 07:00:27.472,1.77013,1.77047,1.00,1.00
2017.06.16 07:00:27.523,1.77013,1.77049,1.00,1.00
2017.06.16 07:00:27.768,1.77015,1.77045,1.00,1.00
2017.06.16 07:00:28.172,1.77013,1.77044,1.00,1.00
2017.06.16 07:00:28.223,1.77013,1.77046,1.00,1.00
2017.06.16 07:00:28.274,1.7701,1.77046,1.00,1.00
2017.06.16 07:00:28.456,1.77013,1.77046,1.00,1.00
2017.06.16 07:00:28.744,1.77008,1.77042,1.87,1.00
2017.06.16 07:00:29.260,1.77008,1.77043,1.00,1.00
2017.06.16 07:00:29.361,1.77011,1.77043,1.00,1.00
2017.06.16 07:00:29.682,1.77011,1.77042,1.00,1.37
2017.06.16 07:00:29.935,1.76986,1.77018,1.00,1.00
2017.06.16 07:00:29.987,1.76986,1.77018,1.00,1.37
2017.06.16 07:00:30.332,1.76985,1.77021,1.00,1.37
2017.06.16 07:00:30.821,1.76985,1.77019,1.00,1.37
2017.06.16 07:00:31.114,1.76985,1.77019,1.00,1.37
2017.06.16 07:00:31.216,1.76985,1.7702,1.00,1.37
2017.06.16 07:00:31.267,1.76988,1.7702,1.00,1.37
2017.06.16 07:00:31.772,1.76989,1.77022,1.00,1.37
2017.06.16 07:00:32.229,1.76989,1.7702,1.00,1.37
2017.06.16 07:00:32.882,1.76989,1.7702,1.00,1.37
2017.06.16 07:00:33.087,1.76986,1.77019,1.00,1.00
2017.06.16 07:00:33.240,1.7699,1.77022,1.00,1.37
2017.06.16 07:00:33.547,1.7699,1.7702,1.00,1.37
2017.06.16 07:00:33.648,1.76987,1.7702,1.00,1.87
2017.06.16 07:00:33.872,1.76989,1.7702,1.00,1.37
2017.06.16 07:00:33.923,1.76989,1.7702,1.00,1.37
2017.06.16 07:00:34.100,1.76989,1.7702,1.00,1.87
2017.06.16 07:00:34.404,1.76989,1.77024,1.00,1.87
2017.06.16 07:00:34.455,1.76989,1.77023,1.00,1.37
2017.06.16 07:00:34.957,1.76987,1.77022,1.00,1.37
2017.06.16 07:00:35.009,1.76987,1.77018,1.00,1.37
2017.06.16 07:00:35.110,1.76984,1.77019,1.00,1.37
2017.06.16 07:00:35.340,1.76987,1.77021,1.00,1.37
2017.06.16 07:00:36.646,1.76987,1.77022,1.00,1.37
2017.06.16 07:00:36.696,1.76987,1.77023,1.00,1.37
2017.06.16 07:00:37.253,1.76988,1.77023,1.00,1.37
2017.06.16 07:00:38.148,1.76988,1.77024,1.00,1.37
2017.06.16 07:00:38.717,1.76988,1.77023,1.00,1.37
2017.06.16 07:00:38.847,1.76988,1.77025,1.00,1.87
2017.06.16 07:00:39.099,1.76988,1.77027,1.00,1.37
2017.06.16 07:00:39.300,1.76992,1.77027,1.00,1.37
2017.06.16 07:00:39.897,1.76991,1.77027,1.00,1.37
2017.06.16 07:00:40.227,1.76991,1.77026,1.00,1.87
2017.06.16 07:00:40.557,1.76991,1.77026,1.00,1.87
2017.06.16 07:00:40.913,1.76991,1.77022,1.00,1.37
2017.06.16 07:00:40.964,1.76985,1.7702,1.00,1.37
2017.06.16 07:00:41.065,1.76983,1.77017,1.00,1.37
2017.06.16 07:00:41.188,1.7698,1.77017,1.00,1.37
2017.06.16 07:00:41.664,1.76982,1.77017,1.00,1.37
2017.06.16 07:00:42.208,1.76982,1.77017,1.00,1.37
2017.06.16 07:00:42.562,1.76984,1.77017,1.00,1.37
2017.06.16 07:00:42.613,1.76984,1.77018,1.00,1.37
2017.06.16 07:00:42.663,1.76984,1.77018,1.00,1.37
2017.06.16 07:00:42.765,1.76979,1.77021,1.00,1.37
2017.06.16 07:00:42.816,1.76979,1.77021,1.00,1.37
2017.06.16 07:00:42.867,1.76984,1.77018,1.00,1.37
2017.06.16 07:00:42.969,1.76982,1.77019,1.00,1.87
2017.06.16 07:00:43.528,1.76983,1.77016,1.00,1.37
2017.06.16 07:00:43.922,1.76983,1.77017,1.00,1.87
2017.06.16 07:00:44.024,1.76983,1.77017,1.00,1.87
2017.06.16 07:00:44.531,1.76982,1.77017,1.00,1.37
2017.06.16 07:00:44.899,1.76982,1.77017,1.00,1.37
2017.06.16 07:00:45.152,1.76982,1.77018,1.00,1.37
2017.06.16 07:00:45.203,1.76984,1.77018,1.00,1.37
2017.06.16 07:00:45.304,1.76981,1.77015,1.00,1.87
2017.06.16 07:00:45.714,1.7698,1.77018,1.00,1.87
2017.06.16 07:00:45.765,1.76983,1.77019,1.00,1.37
2017.06.16 07:00:45.816,1.76983,1.77019,1.00,1.37
2017.06.16 07:00:45.868,1.76987,1.77019,1.00,1.37
2017.06.16 07:00:46.208,1.76983,1.77017,1.00,1.87
2017.06.16 07:00:46.259,1.76983,1.77017,1.00,1.37
2017.06.16 07:00:46.363,1.76976,1.77013,1.00,1.37
2017.06.16 07:00:46.668,1.76977,1.77007,1.00,1.00
2017.06.16 07:00:46.871,1.76963,1.76998,1.00,1.00
2017.06.16 07:00:47.075,1.76963,1.76998,1.00,1.37
2017.06.16 07:00:47.613,1.76963,1.76998,1.00,1.37
2017.06.16 07:00:48.059,1.76966,1.76998,1.00,1.37
2017.06.16 07:00:48.563,1.76966,1.76998,1.00,1.00
2017.06.16 07:00:48.614,1.76966,1.77,1.00,1.50
2017.06.16 07:00:49.139,1.76965,1.77,1.00,1.37
2017.06.16 07:00:49.292,1.76967,1.76998,1.00,1.12
2017.06.16 07:00:49.403,1.76961,1.76994,1.00,1.00
2017.06.16 07:00:49.504,1.76959,1.76995,1.00,1.12
2017.06.16 07:00:49.709,1.76961,1.76995,1.00,1.12
2017.06.16 07:00:50.433,1.76961,1.76994,1.00,1.00
2017.06.16 07:00:50.977,1.7696,1.76994,1.00,1.00
2017.06.16 07:00:51.126,1.7696,1.76996,1.00,1.00
2017.06.16 07:00:51.177,1.76961,1.76998,1.00,1.12
2017.06.16 07:00:51.279,1.76963,1.76996,1.00,1.00
2017.06.16 07:00:51.381,1.76961,1.76995,1.00,1.12
2017.06.16 07:00:51.967,1.76961,1.77,1.00,1.37
2017.06.16 07:00:52.019,1.76961,1.76998,1.00,1.37
2017.06.16 07:00:52.350,1.7696,1.76998,1.00,1.37
2017.06.16 07:00:53.783,1.7696,1.76998,1.00,1.37
2017.06.16 07:00:53.885,1.7696,1.77,1.00,1.37
2017.06.16 07:00:53.936,1.7696,1.77,1.00,1.00
2017.06.16 07:00:53.987,1.76957,1.76999,1.00,1.00
2017.06.16 07:00:54.140,1.76964,1.77003,1.00,1.87
2017.06.16 07:00:54.536,1.76965,1.77001,1.00,1.37
2017.06.16 07:00:54.935,1.76965,1.77001,1.00,1.37
2017.06.16 07:00:55.271,1.76962,1.77,1.00,1.37
2017.06.16 07:00:55.322,1.76962,1.76999,1.00,1.87
2017.06.16 07:00:55.624,1.7696,1.76999,1.00,1.87
2017.06.16 07:00:55.822,1.7696,1.77,1.00,1.37
2017.06.16 07:00:56.930,1.7696,1.77,1.00,1.37
2017.06.16 07:00:58.815,1.7696,1.76998,1.00,2.62
2017.06.16 07:00:59.176,1.76957,1.76995,1.00,1.37
2017.06.16 07:00:59.716,1.76956,1.76997,1.00,1.37
2017.06.16 07:01:00.242,1.76957,1.76996,1.00,1.37
2017.06.16 07:01:00.403,1.76954,1.76991,1.00,1.00
2017.06.16 07:01:00.505,1.76951,1.76989,1.00,1.00
2017.06.16 07:01:00.607,1.76949,1.76989,1.00,1.37
2017.06.16 07:01:01.013,1.76946,1.76988,1.00,1.87
2017.06.16 07:01:01.114,1.76946,1.76988,1.00,1.87
2017.06.16 07:01:01.891,1.76947,1.76987,1.00,1.87
2017.06.16 07:01:02.502,1.76947,1.76986,1.00,1.00
2017.06.16 07:01:02.682,1.76945,1.76986,1.00,1.00
2017.06.16 07:01:03.236,1.76946,1.76988,1.00,1.37
2017.06.16 07:01:03.584,1.76948,1.76989,1.00,1.87
2017.06.16 07:01:03.651,1.76948,1.76989,1.00,1.87
2017.06.16 07:01:08.005,1.76948,1.76985,1.00,1.00
2017.06.16 07:01:08.484,1.76947,1.76983,1.00,1.00
2017.06.16 07:01:08.535,1.76945,1.76983,1.00,1.00
2017.06.16 07:01:09.086,1.76945,1.76981,1.00,1.00
2017.06.16 07:01:09.191,1.76945,1.76983,1.00,1.00
2017.06.16 07:01:09.501,1.76943,1.76981,1.00,1.00
2017.06.16 07:01:10.216,1.76942,1.76981,1.00,1.00
2017.06.16 07:01:10.624,1.76943,1.76971,1.00,1.00
2017.06.16 07:01:10.727,1.76931,1.76967,1.75,1.00
2017.06.16 07:01:10.829,1.76931,1.76964,1.00,1.00
2017.06.16 07:01:11.018,1.76929,1.76965,1.00,1.00
2017.06.16 07:01:11.070,1.76929,1.76961,1.00,1.00
2017.06.16 07:01:11.122,1.76926,1.7696,1.00,1.00
2017.06.16 07:01:11.173,1.76926,1.76957,1.00,1.00
2017.06.16 07:01:11.224,1.76923,1.76958,1.00,1.00
2017.06.16 07:01:11.326,1.76921,1.76954,1.00,1.00
2017.06.16 07:01:11.631,1.76917,1.7695,1.00,1.00
2017.06.16 07:01:12.115,1.76915,1.7695,1.00,1.00
2017.06.16 07:01:12.648,1.76914,1.7695,1.00,1.00
2017.06.16 07:01:13.115,1.76916,1.76949,1.00,1.00
2017.06.16 07:01:13.471,1.76916,1.76952,1.00,1.00
2017.06.16 07:01:13.522,1.76919,1.76952,1.00,1.00
2017.06.16 07:01:13.623,1.76917,1.76952,1.00,1.00
2017.06.16 07:01:13.752,1.76919,1.76952,1.00,1.00
2017.06.16 07:01:13.926,1.76919,1.76957,1.00,1.00
2017.06.16 07:01:13.979,1.76919,1.76954,1.00,1.00
2017.06.16 07:01:14.031,1.76916,1.76955,1.00,1.00
2017.06.16 07:01:14.235,1.76918,1.76954,1.00,1.12
2017.06.16 07:01:14.540,1.76903,1.76936,1.00,1.00
2017.06.16 07:01:14.642,1.76903,1.7694,1.00,1.87
2017.06.16 07:01:15.143,1.76906,1.76945,1.00,1.37
2017.06.16 07:01:15.194,1.7691,1.76945,1.00,1.00
2017.06.16 07:01:15.246,1.76911,1.76948,1.00,1.50
2017.06.16 07:01:15.297,1.76914,1.76948,1.00,1.00
2017.06.16 07:01:15.399,1.76917,1.76957,1.00,1.37
2017.06.16 07:01:15.449,1.76919,1.76957,1.00,1.37
2017.06.16 07:01:15.551,1.76921,1.76963,1.00,1.00
2017.06.16 07:01:15.717,1.76927,1.76968,1.00,1.37
2017.06.16 07:01:16.055,1.7693,1.7697,1.00,1.50
2017.06.16 07:01:16.156,1.7693,1.7697,1.00,1.50
2017.06.16 07:01:16.702,1.76931,1.76973,1.00,1.87
2017.06.16 07:01:17.267,1.76935,1.76973,1.00,1.00
2017.06.16 07:01:17.318,1.76939,1.76979,1.00,1.37
2017.06.16 07:01:17.622,1.76943,1.76982,1.00,1.37
2017.06.16 07:01:17.926,1.76943,1.76982,1.00,1.37
2017.06.16 07:01:18.408,1.76947,1.76982,1.00,1.00
2017.06.16 07:01:18.509,1.76952,1.76991,1.00,1.12
2017.06.16 07:01:18.611,1.76956,1.76993,1.00,1.37
2017.06.16 07:01:18.912,1.76955,1.76993,1.00,1.37
2017.06.16 07:01:19.246,1.76954,1.76993,1.00,1.37
2017.06.16 07:01:19.724,1.76952,1.76993,1.00,1.37
2017.06.16 07:01:19.847,1.76952,1.76993,1.00,1.37
2017.06.16 07:01:20.348,1.76953,1.76992,1.00,1.37
2017.06.16 07:01:20.838,1.7695,1.76993,1.00,1.37
2017.06.16 07:01:21.110,1.76949,1.76992,1.00,1.37
2017.06.16 07:01:21.414,1.76954,1.76996,1.00,2.62
2017.06.16 07:01:22.020,1.76953,1.76996,1.00,2.62
2017.06.16 07:01:22.659,1.76954,1.76996,1.00,2.62
2017.06.16 07:01:23.538,1.76954,1.76995,1.00,1.87
2017.06.16 07:01:23.639,1.76954,1.76996,1.00,2.62
2017.06.16 07:01:24.664,1.76954,1.76996,1.00,1.37
2017.06.16 07:01:27.020,1.76956,1.76996,1.00,1.37
2017.06.16 07:01:27.334,1.76954,1.76995,1.00,1.37
2017.06.16 07:01:27.888,1.76954,1.76995,1.00,1.37
2017.06.16 07:01:28.080,1.76954,1.76995,1.00,1.37
2017.06.16 07:01:29.824,1.76956,1.76997,1.00,1.37
2017.06.16 07:01:30.395,1.76956,1.76998,1.00,1.37
2017.06.16 07:01:30.650,1.76961,1.77002,1.00,1.37
2017.06.16 07:01:30.701,1.76963,1.77002,1.00,1.37
2017.06.16 07:01:31.027,1.76968,1.77008,1.00,1.87
2017.06.16 07:01:31.474,1.76966,1.77006,1.00,1.37
2017.06.16 07:01:31.823,1.76967,1.77008,1.00,1.37
2017.06.16 07:01:31.994,1.76967,1.77008,1.00,1.37
2017.06.16 07:01:32.229,1.76965,1.77007,1.00,1.37
2017.06.16 07:01:32.573,1.76968,1.77008,1.00,1.87
2017.06.16 07:01:32.725,1.76968,1.77008,1.00,1.37
2017.06.16 07:01:32.776,1.76968,1.77008,1.00,1.37
2017.06.16 07:01:32.879,1.76971,1.77013,1.00,1.37
2017.06.16 07:01:32.930,1.76976,1.77016,1.00,1.37
2017.06.16 07:01:33.240,1.76978,1.77017,1.00,1.37
2017.06.16 07:01:34.851,1.76978,1.77017,1.00,1.87
2017.06.16 07:01:35.063,1.76978,1.77017,1.00,1.37
2017.06.16 07:01:36.663,1.76978,1.77017,1.00,1.87
2017.06.16 07:01:37.544,1.76978,1.77017,1.00,1.37
2017.06.16 07:01:37.856,1.76981,1.77021,1.00,1.37
2017.06.16 07:01:38.214,1.76979,1.77019,1.00,1.37
2017.06.16 07:01:38.525,1.76979,1.77019,1.00,1.37
2017.06.16 07:01:38.576,1.76979,1.77019,1.00,1.37
2017.06.16 07:01:39.117,1.76979,1.77019,1.00,1.37
2017.06.16 07:01:39.429,1.76979,1.77021,1.00,1.37
2017.06.16 07:01:39.480,1.76981,1.77023,1.00,1.37
2017.06.16 07:01:39.633,1.76986,1.77028,1.00,1.87
2017.06.16 07:01:39.684,1.76988,1.77029,1.00,1.37
2017.06.16 07:01:40.040,1.76991,1.77031,1.00,1.87
2017.06.16 07:01:40.556,1.7699,1.77032,1.00,1.87
2017.06.16 07:01:40.607,1.7699,1.77032,1.00,1.87
2017.06.16 07:01:41.617,1.7699,1.77032,1.00,1.87
2017.06.16 07:01:42.121,1.76989,1.77032,1.00,1.87
2017.06.16 07:01:42.591,1.76992,1.77035,1.12,1.00
2017.06.16 07:01:42.642,1.76994,1.77035,1.46,1.00
2017.06.16 07:01:42.794,1.77007,1.77049,1.00,1.00
2017.06.16 07:01:42.845,1.77011,1.77049,1.00,1.00
2017.06.16 07:01:43.160,1.77011,1.77049,1.00,1.37
2017.06.16 07:01:43.313,1.77011,1.7705,1.00,1.37
2017.06.16 07:01:43.439,1.77011,1.7705,1.00,1.37
2017.06.16 07:01:44.133,1.77011,1.77049,1.00,1.12
2017.06.16 07:01:46.449,1.77008,1.77049,1.00,1.00
2017.06.16 07:01:46.752,1.77012,1.77049,1.00,1.00
2017.06.16 07:01:47.581,1.77008,1.77046,1.00,1.00
2017.06.16 07:01:47.734,1.77007,1.77034,1.00,1.00
2017.06.16 07:01:47.785,1.76998,1.77034,1.00,1.00
2017.06.16 07:01:47.988,1.76994,1.77033,1.00,1.00
2017.06.16 07:01:48.620,1.76994,1.77032,1.00,1.00
2017.06.16 07:01:51.157,1.76994,1.77033,1.00,1.00
2017.06.16 07:01:54.672,1.76993,1.77036,1.87,1.00
2017.06.16 07:01:54.774,1.76999,1.77041,1.12,1.00
2017.06.16 07:01:54.876,1.77004,1.77042,1.37,1.00
2017.06.16 07:01:54.927,1.77004,1.77044,1.37,1.00
2017.06.16 07:01:55.396,1.77004,1.77047,1.37,1.00
2017.06.16 07:01:56.116,1.77006,1.77047,1.00,1.00
2017.06.16 07:01:56.218,1.77006,1.77045,1.00,1.00
2017.06.16 07:01:57.114,1.77006,1.77046,1.00,1.00
2017.06.16 07:01:57.768,1.77007,1.77048,1.00,1.37
2017.06.16 07:01:58.670,1.77007,1.77046,1.00,1.37
2017.06.16 07:01:59.066,1.77007,1.77046,1.00,1.37
2017.06.16 07:01:59.275,1.77004,1.77044,1.00,1.37
2017.06.16 07:01:59.377,1.77004,1.7704,1.00,1.12
2017.06.16 07:01:59.580,1.76999,1.77038,1.00,1.12
2017.06.16 07:01:59.884,1.76997,1.77038,1.00,1.12
2017.06.16 07:02:00.287,1.77002,1.77033,1.00,1.12
2017.06.16 07:02:00.389,1.76988,1.77029,1.00,1.37
2017.06.16 07:02:00.491,1.76987,1.77028,1.00,1.37
2017.06.16 07:02:00.592,1.76985,1.77028,1.00,1.37
2017.06.16 07:02:01.162,1.76985,1.77028,1.00,1.37
2017.06.16 07:02:01.669,1.76985,1.77028,1.00,1.37
2017.06.16 07:02:01.951,1.76985,1.77027,1.00,1.37
2017.06.16 07:02:02.002,1.76983,1.77025,1.00,1.37
2017.06.16 07:02:02.623,1.76983,1.77026,1.00,1.37
2017.06.16 07:02:03.373,1.7698,1.77025,1.00,1.87
2017.06.16 07:02:04.649,1.7698,1.77022,1.00,1.37
2017.06.16 07:02:04.803,1.76974,1.77017,1.00,1.37
2017.06.16 07:02:05.006,1.76977,1.7702,1.00,1.87
2017.06.16 07:02:05.378,1.76979,1.7702,1.00,1.37
2017.06.16 07:02:05.967,1.76979,1.7702,1.00,1.37
2017.06.16 07:02:07.327,1.76977,1.77019,1.00,1.37
2017.06.16 07:02:08.181,1.76978,1.77019,1.00,1.37
2017.06.16 07:02:09.571,1.76978,1.77019,1.00,1.37
2017.06.16 07:02:09.892,1.76976,1.77019,1.00,1.37
2017.06.16 07:02:10.388,1.76979,1.7702,1.00,1.37
2017.06.16 07:02:11.144,1.76979,1.7702,1.00,1.37
2017.06.16 07:02:11.787,1.76982,1.7702,1.00,1.37
2017.06.16 07:02:12.473,1.76982,1.7702,1.00,1.37
2017.06.16 07:02:12.525,1.76978,1.7702,1.00,1.37
2017.06.16 07:02:12.828,1.76981,1.7702,1.00,1.37
2017.06.16 07:02:14.054,1.76981,1.77022,1.00,1.37
2017.06.16 07:02:14.579,1.76982,1.77022,1.00,1.37
2017.06.16 07:02:15.623,1.76982,1.77022,1.00,1.37
2017.06.16 07:02:17.496,1.76982,1.77022,1.00,1.37
2017.06.16 07:02:18.128,1.7698,1.77022,1.00,1.37
2017.06.16 07:02:18.401,1.76983,1.77022,1.00,1.37
2017.06.16 07:02:18.502,1.76981,1.77022,1.00,1.87
2017.06.16 07:02:19.547,1.76979,1.77021,1.00,1.37
2017.06.16 07:02:20.392,1.76979,1.77021,1.00,1.37
2017.06.16 07:02:21.665,1.76979,1.77021,1.00,1.37
2017.06.16 07:02:22.198,1.76978,1.7702,1.00,1.37
2017.06.16 07:02:22.528,1.7698,1.7702,1.00,1.37
2017.06.16 07:02:23.431,1.7698,1.7702,1.00,1.37
2017.06.16 07:02:23.533,1.76977,1.77019,1.00,1.87
2017.06.16 07:02:24.154,1.76976,1.77018,1.00,1.37
2017.06.16 07:02:24.740,1.76979,1.77021,1.00,1.87
2017.06.16 07:02:26.117,1.76979,1.77018,1.00,1.37
2017.06.16 07:02:27.308,1.76981,1.7702,1.00,1.37
2017.06.16 07:02:27.867,1.7698,1.7702,1.00,1.37
2017.06.16 07:02:30.977,1.76981,1.7702,1.00,1.37
2017.06.16 07:02:32.550,1.76981,1.77018,1.00,1.37
2017.06.16 07:02:33.016,1.76979,1.77018,1.00,1.37
2017.06.16 07:02:33.216,1.76981,1.77018,1.00,1.37
2017.06.16 07:02:33.717,1.7698,1.77019,1.00,1.37
2017.06.16 07:02:34.266,1.76981,1.77019,1.00,1.37
2017.06.16 07:02:34.875,1.7698,1.77019,1.00,1.37
2017.06.16 07:02:35.383,1.76979,1.7702,1.00,1.37
2017.06.16 07:02:36.242,1.76979,1.7702,1.00,1.37
2017.06.16 07:02:37.781,1.76978,1.77018,1.00,1.87
2017.06.16 07:02:43.471,1.76978,1.77015,1.00,1.37
2017.06.16 07:02:43.985,1.76977,1.77014,1.00,1.00
2017.06.16 07:02:44.495,1.76977,1.77019,1.00,1.37
2017.06.16 07:02:45.448,1.76977,1.77019,1.00,1.37
2017.06.16 07:02:45.702,1.76976,1.77018,1.00,1.37
2017.06.16 07:02:46.225,1.76977,1.77019,1.00,1.37
2017.06.16 07:02:52.644,1.76976,1.77018,1.00,1.37
2017.06.16 07:02:53.645,1.76977,1.77019,1.00,1.37
2017.06.16 07:02:53.754,1.76971,1.7701,1.00,1.37
2017.06.16 07:02:54.075,1.76965,1.77005,1.00,1.37
2017.06.16 07:02:54.270,1.76962,1.77002,1.00,1.12
2017.06.16 07:02:54.809,1.76963,1.77005,1.00,1.37
2017.06.16 07:02:55.648,1.76963,1.77005,1.00,1.37
2017.06.16 07:02:55.974,1.76963,1.77001,1.00,1.00
2017.06.16 07:02:56.139,1.76965,1.77007,1.00,1.37
2017.06.16 07:02:56.193,1.76967,1.77007,1.50,1.37
2017.06.16 07:02:56.497,1.76969,1.77011,1.00,1.37
2017.06.16 07:02:56.598,1.76969,1.77011,1.00,1.37
2017.06.16 07:02:56.649,1.76969,1.77011,1.50,1.37
2017.06.16 07:02:56.700,1.76971,1.77012,1.00,1.37
2017.06.16 07:02:56.751,1.76972,1.77014,1.00,1.37
2017.06.16 07:02:56.903,1.76977,1.77015,1.00,1.00
2017.06.16 07:02:57.224,1.76983,1.77023,1.00,1.37
2017.06.16 07:02:57.832,1.76983,1.77023,1.00,1.37
2017.06.16 07:02:57.883,1.76981,1.77021,1.00,1.37
2017.06.16 07:02:58.493,1.76982,1.77024,1.00,1.37
2017.06.16 07:02:59.054,1.76983,1.77023,1.00,1.37
2017.06.16 07:03:00.380,1.76984,1.77026,1.00,1.37
2017.06.16 07:03:00.431,1.76984,1.77025,1.00,1.37
2017.06.16 07:03:00.532,1.76985,1.77025,1.00,1.37
2017.06.16 07:03:01.719,1.76985,1.77025,1.00,1.37
2017.06.16 07:03:03.282,1.76986,1.77026,1.00,1.37
2017.06.16 07:03:03.847,1.76985,1.77025,1.00,1.37
2017.06.16 07:03:06.181,1.76985,1.77025,1.00,1.37
2017.06.16 07:03:07.231,1.76985,1.77025,1.00,1.37
2017.06.16 07:03:11.729,1.76985,1.77024,1.00,1.37
2017.06.16 07:03:11.931,1.76987,1.77026,1.00,1.37
2017.06.16 07:03:11.983,1.76989,1.77027,1.00,1.37
2017.06.16 07:03:14.182,1.76989,1.77027,1.00,1.37
2017.06.16 07:03:14.334,1.7699,1.77028,1.00,1.87
2017.06.16 07:03:15.558,1.7699,1.77028,1.00,1.37
2017.06.16 07:03:16.090,1.76989,1.77028,1.00,1.37
2017.06.16 07:03:16.864,1.76989,1.77028,1.00,1.37
2017.06.16 07:03:17.777,1.76987,1.77026,1.00,1.37
2017.06.16 07:03:18.363,1.76986,1.77026,1.00,1.37
2017.06.16 07:03:19.407,1.76986,1.77023,1.00,1.37
2017.06.16 07:03:20.210,1.76985,1.77023,1.00,1.37
2017.06.16 07:03:21.912,1.76983,1.77022,1.00,1.37
2017.06.16 07:03:22.521,1.76983,1.77022,1.00,1.37
2017.06.16 07:03:23.698,1.76983,1.77022,1.00,1.37
2017.06.16 07:03:23.919,1.76968,1.77003,1.00,1.37
2017.06.16 07:03:24.021,1.76962,1.77002,1.00,1.37
2017.06.16 07:03:24.686,1.76964,1.77003,1.00,1.37
2017.06.16 07:03:25.128,1.76962,1.77002,1.00,2.62
2017.06.16 07:03:25.635,1.76961,1.76997,1.00,1.37
2017.06.16 07:03:26.871,1.76961,1.76998,1.00,1.37
2017.06.16 07:03:27.054,1.76961,1.77,1.00,1.87
2017.06.16 07:03:27.280,1.76961,1.77001,1.00,1.87
2017.06.16 07:03:27.731,1.76959,1.76997,1.00,1.37
2017.06.16 07:03:30.596,1.76961,1.76997,1.00,1.37
2017.06.16 07:03:32.515,1.76963,1.77003,1.00,1.87
2017.06.16 07:03:32.897,1.76966,1.77003,1.00,1.37
2017.06.16 07:03:33.771,1.76966,1.77005,1.00,1.87
2017.06.16 07:03:34.232,1.76966,1.77005,1.00,1.87
2017.06.16 07:03:35.627,1.76968,1.77005,1.00,1.87
2017.06.16 07:03:35.678,1.76971,1.77005,1.50,1.50
2017.06.16 07:03:35.730,1.76974,1.77009,1.00,1.50
2017.06.16 07:03:36.035,1.76975,1.77014,1.00,1.87
2017.06.16 07:03:36.136,1.76972,1.77008,1.00,1.37
2017.06.16 07:03:37.889,1.76972,1.77008,1.00,1.87
2017.06.16 07:03:37.941,1.76968,1.77008,1.00,1.87
2017.06.16 07:03:37.992,1.76968,1.77007,1.00,1.87
2017.06.16 07:03:38.044,1.76966,1.77003,1.00,1.37
2017.06.16 07:03:43.388,1.76965,1.77006,1.50,1.37
2017.06.16 07:03:44.611,1.76967,1.77007,1.00,2.62
2017.06.16 07:03:45.199,1.76967,1.77004,1.00,1.87
2017.06.16 07:03:45.250,1.76965,1.77004,1.00,2.62
2017.06.16 07:03:45.613,1.76962,1.77003,1.50,1.37
2017.06.16 07:03:47.022,1.76963,1.77003,1.50,1.37
2017.06.16 07:03:47.248,1.76964,1.77003,1.00,1.37
2017.06.16 07:03:47.913,1.76965,1.77003,1.00,1.37
2017.06.16 07:03:51.438,1.76965,1.77005,1.50,1.37
2017.06.16 07:03:52.803,1.76965,1.77005,1.50,1.37
2017.06.16 07:03:54.219,1.76966,1.77005,1.00,1.37
2017.06.16 07:03:54.787,1.76966,1.77005,1.00,1.37
2017.06.16 07:03:58.597,1.76971,1.77005,1.00,1.37
2017.06.16 07:03:58.648,1.76973,1.77007,1.00,1.37
2017.06.16 07:03:58.750,1.76976,1.77013,1.00,1.37
2017.06.16 07:03:58.801,1.76973,1.77013,1.50,1.37
2017.06.16 07:03:58.903,1.76975,1.77013,1.00,1.37
2017.06.16 07:03:59.141,1.76971,1.77013,1.00,1.37
2017.06.16 07:03:59.192,1.76971,1.77013,1.50,1.37
2017.06.16 07:03:59.243,1.76973,1.77011,1.00,1.37
2017.06.16 07:03:59.294,1.7697,1.77011,1.00,1.37
2017.06.16 07:03:59.345,1.76969,1.77008,1.50,1.87
2017.06.16 07:03:59.446,1.76967,1.77003,1.00,1.37
2017.06.16 07:04:00.029,1.76967,1.77003,1.00,1.37
2017.06.16 07:04:00.282,1.76964,1.77003,1.00,1.37
2017.06.16 07:04:00.333,1.76964,1.77003,1.00,1.37
2017.06.16 07:04:00.610,1.76965,1.77001,1.00,1.37
2017.06.16 07:04:00.662,1.76965,1.77001,1.00,1.37
2017.06.16 07:04:00.714,1.76963,1.77001,1.00,1.37
2017.06.16 07:04:01.194,1.76963,1.77002,1.00,1.37
2017.06.16 07:04:01.817,1.76963,1.77003,1.00,1.37
2017.06.16 07:04:02.698,1.76962,1.77003,1.00,1.37
2017.06.16 07:04:03.583,1.76962,1.76999,1.00,1.37
2017.06.16 07:04:04.282,1.76961,1.76998,1.50,1.37
2017.06.16 07:04:04.821,1.76961,1.76998,1.00,1.37
2017.06.16 07:04:05.125,1.76957,1.76998,1.00,2.62
2017.06.16 07:04:05.430,1.76946,1.76981,1.00,1.37
2017.06.16 07:04:05.790,1.76943,1.76983,1.50,1.37
2017.06.16 07:04:05.841,1.76946,1.76981,1.00,1.37
2017.06.16 07:04:05.893,1.76943,1.76981,1.00,1.37
2017.06.16 07:04:05.994,1.76943,1.76981,1.00,1.37
2017.06.16 07:04:06.309,1.76945,1.7698,1.00,1.37
2017.06.16 07:04:06.594,1.76952,1.7699,1.00,1.50
2017.06.16 07:04:06.646,1.7696,1.76999,1.00,1.37
2017.06.16 07:04:06.798,1.7696,1.76999,1.00,1.37
2017.06.16 07:04:06.849,1.76958,1.77001,1.00,1.37
2017.06.16 07:04:07.358,1.76958,1.77001,1.00,1.37
2017.06.16 07:04:08.936,1.76958,1.77001,1.00,1.37
2017.06.16 07:04:09.342,1.76958,1.77001,1.00,1.37
2017.06.16 07:04:09.393,1.76956,1.76998,1.00,1.37
2017.06.16 07:04:09.444,1.76956,1.76998,1.00,1.37
2017.06.16 07:04:10.006,1.76955,1.76992,1.00,1.37
2017.06.16 07:04:10.383,1.76953,1.76992,1.00,1.37
2017.06.16 07:04:11.109,1.76953,1.76992,1.00,1.37
2017.06.16 07:04:11.211,1.76955,1.76994,1.00,1.37
2017.06.16 07:04:11.634,1.76953,1.76991,1.00,1.37
2017.06.16 07:04:13.110,1.76954,1.76988,1.50,1.12
2017.06.16 07:04:13.623,1.76958,1.76988,1.00,1.00
2017.06.16 07:04:13.674,1.7696,1.76992,1.00,1.00
2017.06.16 07:04:13.776,1.76961,1.76994,1.00,1.00
2017.06.16 07:04:14.379,1.76961,1.76996,1.00,1.37
2017.06.16 07:04:14.430,1.76955,1.76996,1.00,2.62
2017.06.16 07:04:14.566,1.76951,1.76986,1.00,1.12
2017.06.16 07:04:14.617,1.76948,1.76986,1.00,1.37
2017.06.16 07:04:15.370,1.76948,1.76986,1.00,1.37
2017.06.16 07:04:17.628,1.76949,1.76985,1.00,1.37
2017.06.16 07:04:18.011,1.76945,1.76983,1.00,1.87
2017.06.16 07:04:18.214,1.76943,1.76983,1.00,2.21
2017.06.16 07:04:18.265,1.76941,1.76979,1.00,1.87
2017.06.16 07:04:18.820,1.76941,1.7698,1.00,1.37
2017.06.16 07:04:19.428,1.7694,1.76979,1.00,1.87
2017.06.16 07:04:22.137,1.76941,1.76979,1.00,1.37
2017.06.16 07:04:22.239,1.76939,1.76979,1.00,1.37
2017.06.16 07:04:24.596,1.76938,1.76978,1.00,1.37
2017.06.16 07:04:25.107,1.76938,1.76975,1.00,1.37
2017.06.16 07:04:25.795,1.76938,1.76975,1.00,1.37
2017.06.16 07:04:27.142,1.76937,1.76975,1.00,1.37
2017.06.16 07:04:28.935,1.76937,1.76975,1.00,1.37
2017.06.16 07:04:29.626,1.76937,1.76975,1.00,1.37
2017.06.16 07:04:29.978,1.76934,1.76975,1.00,1.71
2017.06.16 07:04:30.131,1.76934,1.76975,1.00,1.71
2017.06.16 07:04:30.301,1.76934,1.76975,1.00,1.71
2017.06.16 07:04:30.864,1.76935,1.76975,1.00,1.71
2017.06.16 07:04:30.966,1.76935,1.76975,1.00,1.71
2017.06.16 07:04:31.118,1.76932,1.76972,1.00,1.37
2017.06.16 07:04:32.532,1.76932,1.76974,1.00,1.71
2017.06.16 07:04:33.141,1.76933,1.76977,1.00,2.21
2017.06.16 07:04:33.262,1.76933,1.76977,1.00,2.21
2017.06.16 07:04:33.751,1.76933,1.76972,1.00,1.37
2017.06.16 07:04:34.057,1.7692,1.76957,1.00,1.12
2017.06.16 07:04:34.407,1.7692,1.76959,1.00,1.37
2017.06.16 07:04:34.950,1.7692,1.76961,1.00,1.37
2017.06.16 07:04:35.130,1.76921,1.76962,1.00,1.37
2017.06.16 07:04:36.749,1.76922,1.7696,1.00,1.37
2017.06.16 07:04:36.891,1.76924,1.76964,1.00,1.37
2017.06.16 07:04:36.994,1.76929,1.76965,1.00,1.00
2017.06.16 07:04:37.045,1.76931,1.76965,1.00,1.00
2017.06.16 07:04:37.097,1.76932,1.76971,1.00,1.37
2017.06.16 07:04:37.148,1.76934,1.76973,1.00,1.37
2017.06.16 07:04:40.001,1.76932,1.76973,1.00,1.37
2017.06.16 07:04:40.306,1.7692,1.76959,1.00,1.37
2017.06.16 07:04:40.408,1.7692,1.76959,1.00,1.00
2017.06.16 07:04:40.459,1.76922,1.76959,1.00,1.12
2017.06.16 07:04:40.764,1.76924,1.76959,1.00,1.37
2017.06.16 07:04:41.117,1.76924,1.76961,1.00,1.37
2017.06.16 07:04:41.320,1.76926,1.76963,1.00,1.37
2017.06.16 07:04:41.496,1.76926,1.76963,1.00,1.37
2017.06.16 07:04:42.222,1.76927,1.76963,1.00,1.37
2017.06.16 07:04:42.833,1.76928,1.76968,1.00,1.37
2017.06.16 07:04:43.038,1.7693,1.76968,1.00,1.37
2017.06.16 07:04:43.140,1.7693,1.76968,1.00,1.37
2017.06.16 07:04:44.065,1.76937,1.76969,1.00,1.00
2017.06.16 07:04:44.116,1.76937,1.76974,1.50,1.00
2017.06.16 07:04:44.167,1.76939,1.76977,1.00,1.50
2017.06.16 07:04:44.608,1.76942,1.76981,1.00,1.37
2017.06.16 07:04:45.129,1.76944,1.76984,1.00,1.37
2017.06.16 07:04:45.893,1.76943,1.76984,1.00,1.37
2017.06.16 07:04:46.473,1.76943,1.76984,1.00,1.37
2017.06.16 07:04:46.627,1.7694,1.76984,2.25,1.37
2017.06.16 07:04:46.678,1.7694,1.76982,1.00,1.87
2017.06.16 07:04:46.729,1.76936,1.7698,1.00,1.37
2017.06.16 07:04:47.219,1.76936,1.76975,1.00,1.37
2017.06.16 07:04:47.270,1.76938,1.76975,1.00,1.37
2017.06.16 07:04:47.780,1.76938,1.7698,1.00,1.37
2017.06.16 07:04:52.045,1.76938,1.76976,1.00,1.37
2017.06.16 07:04:52.248,1.76935,1.76976,1.00,1.37
2017.06.16 07:04:52.778,1.76936,1.76973,1.00,1.37
2017.06.16 07:04:53.267,1.76934,1.76974,1.00,1.37
2017.06.16 07:04:57.431,1.76933,1.76974,1.00,1.37
2017.06.16 07:04:58.660,1.76935,1.76976,1.00,1.37
2017.06.16 07:04:59.660,1.76933,1.76975,1.50,1.37
2017.06.16 07:04:59.969,1.76932,1.76974,1.00,1.37
2017.06.16 07:05:00.172,1.7693,1.76969,1.00,1.37
2017.06.16 07:05:00.689,1.76929,1.76972,1.00,1.37
2017.06.16 07:05:00.756,1.76929,1.76972,1.00,1.37
2017.06.16 07:05:01.627,1.76928,1.76967,1.00,1.37
2017.06.16 07:05:02.197,1.76928,1.76967,1.00,1.12
2017.06.16 07:05:02.751,1.76928,1.76967,1.00,1.37
2017.06.16 07:05:02.954,1.76926,1.76967,1.00,1.37
2017.06.16 07:05:03.005,1.76924,1.76967,1.00,1.37
2017.06.16 07:05:03.534,1.76927,1.76968,1.00,1.37
2017.06.16 07:05:03.584,1.76925,1.76968,1.00,1.37
2017.06.16 07:05:03.636,1.76925,1.76968,1.00,1.37
2017.06.16 07:05:04.837,1.7692,1.76964,1.50,1.37
2017.06.16 07:05:05.091,1.76915,1.76954,1.00,1.00
2017.06.16 07:05:05.222,1.76915,1.76957,1.00,1.37
2017.06.16 07:05:05.807,1.76916,1.76957,1.00,1.37
2017.06.16 07:05:05.964,1.76921,1.76958,1.00,1.00
2017.06.16 07:05:06.066,1.76925,1.76969,1.00,1.37
2017.06.16 07:05:06.630,1.76925,1.7697,1.00,1.37
2017.06.16 07:05:09.366,1.76926,1.7697,1.00,1.37
2017.06.16 07:05:10.952,1.76926,1.7697,1.00,1.37
2017.06.16 07:05:13.370,1.76926,1.76968,1.00,1.37
2017.06.16 07:05:13.421,1.76924,1.76969,1.00,1.37
2017.06.16 07:05:14.013,1.76925,1.76967,1.00,1.37
2017.06.16 07:05:14.534,1.76925,1.76967,1.00,1.37
2017.06.16 07:05:15.103,1.76925,1.76967,1.00,1.37
2017.06.16 07:05:15.645,1.76924,1.76967,1.00,1.37
2017.06.16 07:05:20.371,1.76923,1.76966,1.00,1.37
2017.06.16 07:05:20.523,1.76926,1.76966,1.00,1.37
2017.06.16 07:05:21.041,1.76927,1.7697,1.00,1.37
2017.06.16 07:05:25.218,1.76927,1.7697,1.00,1.37
2017.06.16 07:05:25.740,1.76927,1.7697,1.00,1.37
2017.06.16 07:05:26.336,1.76927,1.7697,1.00,1.37
2017.06.16 07:05:27.935,1.76928,1.7697,1.00,1.37
2017.06.16 07:05:29.496,1.76927,1.7697,1.00,1.37
2017.06.16 07:05:30.022,1.76926,1.7697,1.00,1.37
2017.06.16 07:05:30.589,1.76926,1.76968,1.00,1.37
2017.06.16 07:05:31.510,1.76927,1.76968,1.00,1.37
2017.06.16 07:05:31.561,1.7693,1.7697,1.00,1.37
2017.06.16 07:05:32.784,1.7693,1.7697,1.00,1.37
2017.06.16 07:05:35.224,1.7693,1.7697,1.00,1.37
2017.06.16 07:05:35.734,1.76931,1.76972,1.00,1.37
2017.06.16 07:05:35.785,1.76934,1.76972,1.00,1.37
2017.06.16 07:05:36.550,1.76933,1.76974,1.00,1.37
2017.06.16 07:05:36.601,1.76937,1.76976,1.00,1.37
2017.06.16 07:05:36.917,1.76937,1.76978,1.00,1.37
2017.06.16 07:05:37.458,1.76936,1.76978,1.00,1.37
2017.06.16 07:05:39.767,1.76936,1.76978,1.00,1.87
2017.06.16 07:05:40.001,1.76936,1.76978,1.00,1.87
2017.06.16 07:05:40.604,1.76935,1.76977,1.00,1.87
2017.06.16 07:05:41.724,1.76936,1.76977,1.00,1.87
2017.06.16 07:05:42.337,1.76936,1.76978,1.00,1.37
2017.06.16 07:05:43.226,1.76934,1.76978,1.00,2.62
2017.06.16 07:05:43.756,1.76934,1.76977,1.00,1.37
2017.06.16 07:05:44.953,1.76933,1.76974,1.00,1.37
2017.06.16 07:05:45.955,1.76931,1.76974,1.00,1.37
2017.06.16 07:05:46.125,1.76929,1.76973,1.00,1.37
2017.06.16 07:05:47.153,1.76927,1.76973,1.50,1.37
2017.06.16 07:05:47.684,1.76929,1.76973,1.00,1.37
2017.06.16 07:05:47.924,1.76926,1.76969,1.50,1.12
2017.06.16 07:05:47.975,1.76926,1.76968,1.50,1.87
2017.06.16 07:05:48.026,1.76922,1.76965,1.00,1.37
2017.06.16 07:05:48.128,1.76922,1.7696,1.00,1.00
2017.06.16 07:05:48.280,1.76922,1.76962,1.00,1.12
2017.06.16 07:05:48.483,1.76922,1.76961,1.00,1.87
2017.06.16 07:05:48.535,1.76917,1.7696,1.00,1.37
2017.06.16 07:05:48.586,1.7692,1.76957,1.00,1.87
2017.06.16 07:05:48.637,1.76917,1.76959,1.00,1.37
2017.06.16 07:05:48.807,1.76913,1.76955,1.00,1.87
2017.06.16 07:05:48.858,1.76913,1.76956,1.00,1.37
2017.06.16 07:05:48.960,1.76913,1.76954,1.00,1.87
2017.06.16 07:05:52.192,1.76913,1.76955,1.00,1.37
2017.06.16 07:05:53.456,1.76915,1.76953,1.00,1.87
2017.06.16 07:05:53.507,1.7691,1.76951,1.00,1.87
2017.06.16 07:06:00.415,1.76911,1.76949,1.00,1.37
2017.06.16 07:06:02.778,1.76911,1.7695,1.00,1.37
2017.06.16 07:06:04.095,1.7691,1.7695,1.00,1.37
2017.06.16 07:06:05.962,1.7691,1.7695,1.00,1.37
2017.06.16 07:06:10.666,1.7691,1.76949,1.00,1.37
2017.06.16 07:06:10.818,1.76908,1.76948,1.00,1.12
2017.06.16 07:06:10.869,1.7691,1.76948,1.00,1.12
2017.06.16 07:06:11.321,1.76905,1.76946,1.00,1.00
2017.06.16 07:06:11.423,1.769,1.76938,1.00,1.37
2017.06.16 07:06:11.616,1.76895,1.76936,1.00,1.12
2017.06.16 07:06:11.667,1.76897,1.76936,1.00,1.37
2017.06.16 07:06:11.978,1.76897,1.76936,1.00,1.37
2017.06.16 07:06:12.100,1.76897,1.76936,1.00,1.37
2017.06.16 07:06:12.613,1.76897,1.76936,1.00,1.00
2017.06.16 07:06:14.925,1.76896,1.76936,1.00,1.37
2017.06.16 07:06:14.976,1.76894,1.76936,1.00,1.37
2017.06.16 07:06:15.574,1.76893,1.76933,1.00,1.12
2017.06.16 07:06:16.287,1.76893,1.76933,1.00,1.37
2017.06.16 07:06:16.872,1.76894,1.76933,1.00,1.12
2017.06.16 07:06:17.358,1.76896,1.76933,1.00,1.37
2017.06.16 07:06:17.656,1.76894,1.76935,1.00,1.37
2017.06.16 07:06:19.856,1.76892,1.7693,1.00,1.00
2017.06.16 07:06:20.305,1.76891,1.76928,1.00,1.00
2017.06.16 07:06:20.991,1.76891,1.76927,1.00,1.00
2017.06.16 07:06:21.345,1.76889,1.76925,1.00,1.00
2017.06.16 07:06:21.684,1.76889,1.76927,1.00,1.12
2017.06.16 07:06:24.483,1.76886,1.76927,1.50,1.00
2017.06.16 07:06:24.534,1.76899,1.76934,1.37,1.00
2017.06.16 07:06:24.636,1.76902,1.76937,1.00,1.00
2017.06.16 07:06:24.687,1.76902,1.76941,1.00,1.87
2017.06.16 07:06:24.738,1.76896,1.76938,1.00,1.00
2017.06.16 07:06:24.941,1.76893,1.76938,1.00,1.12
2017.06.16 07:06:25.542,1.76892,1.76938,1.50,1.00
2017.06.16 07:06:25.644,1.76894,1.76938,1.00,1.12
2017.06.16 07:06:25.947,1.76891,1.76938,1.50,1.37
2017.06.16 07:06:26.049,1.76892,1.76936,1.00,1.37
2017.06.16 07:06:26.100,1.76892,1.76936,1.00,1.00
2017.06.16 07:06:26.644,1.76893,1.76939,1.00,1.37
2017.06.16 07:06:27.347,1.76893,1.76938,1.00,1.00
2017.06.16 07:06:29.543,1.76892,1.76938,1.50,1.50
2017.06.16 07:06:32.463,1.76892,1.76938,1.84,2.25
2017.06.16 07:06:33.262,1.76895,1.76939,1.00,1.00
2017.06.16 07:06:34.109,1.76896,1.76939,1.00,1.00
2017.06.16 07:06:34.210,1.76896,1.76941,1.00,1.00
2017.06.16 07:06:34.717,1.76895,1.76942,1.00,1.87
2017.06.16 07:06:35.822,1.76895,1.76939,1.00,1.00
2017.06.16 07:06:36.504,1.76895,1.7694,1.00,1.00
2017.06.16 07:06:37.692,1.76895,1.76938,1.00,1.00
2017.06.16 07:06:38.115,1.76895,1.76931,1.00,1.00
2017.06.16 07:06:38.166,1.76891,1.76928,1.00,1.00
2017.06.16 07:06:38.218,1.76891,1.76926,1.00,1.00
2017.06.16 07:06:38.270,1.76884,1.76926,1.37,1.00
2017.06.16 07:06:38.322,1.76881,1.76925,1.00,1.00
2017.06.16 07:06:38.475,1.76883,1.76925,1.00,1.00
2017.06.16 07:06:39.002,1.76883,1.76924,1.00,1.00
2017.06.16 07:06:39.666,1.76883,1.76925,1.00,1.00
2017.06.16 07:06:40.497,1.76881,1.76925,1.00,1.00
2017.06.16 07:06:41.045,1.76881,1.76925,1.00,1.37
2017.06.16 07:06:41.197,1.76879,1.76925,1.00,1.37
2017.06.16 07:06:42.353,1.76879,1.76925,1.34,1.37
2017.06.16 07:06:42.505,1.76883,1.76925,1.00,1.37
2017.06.16 07:06:43.013,1.76882,1.76925,1.00,1.37
2017.06.16 07:06:43.268,1.7688,1.76924,1.09,1.12
2017.06.16 07:06:43.862,1.7688,1.76926,1.09,1.37
2017.06.16 07:06:45.858,1.7688,1.76924,1.00,1.12
2017.06.16 07:06:46.063,1.76882,1.76926,1.00,1.37
2017.06.16 07:06:46.216,1.76884,1.76928,1.34,1.87
2017.06.16 07:06:46.268,1.76888,1.76931,1.00,1.37
2017.06.16 07:06:46.793,1.76887,1.76931,1.00,1.37
2017.06.16 07:06:47.402,1.76888,1.76931,1.00,1.37
2017.06.16 07:06:47.980,1.76888,1.76932,1.00,1.12
2017.06.16 07:06:48.082,1.76888,1.76934,1.50,1.00
2017.06.16 07:06:48.214,1.76894,1.76936,1.00,1.12
2017.06.16 07:06:48.268,1.76894,1.76938,1.00,1.87
2017.06.16 07:06:51.086,1.76899,1.76938,1.00,1.87
2017.06.16 07:06:51.596,1.76902,1.7694,1.00,1.12
2017.06.16 07:06:51.698,1.76904,1.76946,1.00,1.50
2017.06.16 07:06:51.749,1.76909,1.76946,1.00,1.00
2017.06.16 07:06:51.801,1.76909,1.7695,1.00,1.37
2017.06.16 07:06:51.902,1.76909,1.76953,1.00,1.00
2017.06.16 07:06:52.132,1.76911,1.76953,1.00,1.00
2017.06.16 07:06:52.183,1.76911,1.76955,1.00,1.12
2017.06.16 07:06:52.320,1.76911,1.76955,1.00,1.37
2017.06.16 07:06:52.639,1.76911,1.76955,1.00,1.00
2017.06.16 07:06:53.166,1.76911,1.76956,1.50,1.00
2017.06.16 07:06:53.273,1.76911,1.76954,1.00,1.00
2017.06.16 07:06:55.076,1.76912,1.76954,1.00,1.00
2017.06.16 07:06:55.285,1.76911,1.76956,1.00,1.00
2017.06.16 07:06:55.336,1.76913,1.76956,1.00,1.00
2017.06.16 07:06:56.075,1.76912,1.76956,1.00,1.00
2017.06.16 07:06:56.405,1.76912,1.76954,1.00,1.00
2017.06.16 07:06:56.723,1.76918,1.76955,1.00,1.00
2017.06.16 07:06:56.956,1.76923,1.76961,1.00,1.00
2017.06.16 07:06:57.008,1.76922,1.76958,1.00,1.50
2017.06.16 07:06:57.110,1.76922,1.76964,1.50,1.37
2017.06.16 07:06:57.313,1.76921,1.76961,1.00,1.00
2017.06.16 07:06:57.618,1.76916,1.76955,1.00,1.00
2017.06.16 07:06:57.808,1.76913,1.76953,1.00,1.00
2017.06.16 07:06:57.860,1.76913,1.76953,1.00,1.37
2017.06.16 07:06:57.911,1.7691,1.76951,1.50,1.00
2017.06.16 07:06:58.094,1.76915,1.76951,1.00,1.12
2017.06.16 07:06:58.344,1.76913,1.76951,1.00,1.00
2017.06.16 07:06:58.622,1.76911,1.76951,1.00,1.00
2017.06.16 07:06:58.723,1.76911,1.76949,1.00,1.00
2017.06.16 07:07:01.605,1.76912,1.76949,1.00,1.00
2017.06.16 07:07:01.656,1.7691,1.76949,1.00,1.00
2017.06.16 07:07:01.936,1.76908,1.76946,1.00,1.00
2017.06.16 07:07:02.240,1.76911,1.76949,1.00,1.00
2017.06.16 07:07:02.423,1.76911,1.76951,1.00,1.00
2017.06.16 07:07:03.021,1.76911,1.7695,1.00,1.00
2017.06.16 07:07:03.255,1.76908,1.76949,1.00,1.00
2017.06.16 07:07:03.408,1.76903,1.76942,1.00,1.00
2017.06.16 07:07:03.510,1.769,1.7694,1.00,1.00
2017.06.16 07:07:03.864,1.76898,1.7694,1.50,1.00
2017.06.16 07:07:04.036,1.76896,1.76933,1.00,1.00
2017.06.16 07:07:05.394,1.76895,1.76933,1.00,1.00
2017.06.16 07:07:05.747,1.76897,1.76935,1.00,1.00
2017.06.16 07:07:07.127,1.76896,1.76935,1.00,1.00
2017.06.16 07:07:07.445,1.76898,1.76931,1.00,1.00
2017.06.16 07:07:08.128,1.76897,1.76931,1.00,1.00
2017.06.16 07:07:08.396,1.76897,1.76934,1.00,1.00
2017.06.16 07:07:08.963,1.76898,1.76934,1.00,1.00
2017.06.16 07:07:12.418,1.76898,1.76935,1.00,1.00
2017.06.16 07:07:12.732,1.76897,1.76937,1.00,1.00
2017.06.16 07:07:13.030,1.76899,1.76937,1.00,1.00
2017.06.16 07:07:13.409,1.76898,1.76935,1.00,1.00
2017.06.16 07:07:13.604,1.76898,1.76937,1.00,1.00
2017.06.16 07:07:17.733,1.769,1.76937,1.00,1.00
2017.06.16 07:07:19.339,1.76903,1.76939,1.00,1.00
2017.06.16 07:07:19.612,1.76903,1.76942,1.00,1.00
2017.06.16 07:07:19.663,1.76908,1.76942,1.12,1.00
2017.06.16 07:07:20.012,1.7691,1.76947,1.37,1.00
2017.06.16 07:07:20.113,1.76907,1.76947,1.37,1.00
2017.06.16 07:07:20.164,1.76907,1.76947,1.37,1.00
2017.06.16 07:07:20.215,1.76906,1.76947,1.50,1.00
2017.06.16 07:07:20.317,1.76906,1.76943,1.00,1.00
2017.06.16 07:07:20.635,1.76903,1.76943,1.00,1.00
2017.06.16 07:07:20.737,1.76902,1.76945,1.00,1.00
2017.06.16 07:07:20.838,1.76901,1.76942,1.00,1.00
2017.06.16 07:07:21.664,1.76901,1.76939,1.00,1.00
2017.06.16 07:07:23.366,1.76901,1.76942,1.00,1.00
2017.06.16 07:07:23.417,1.76903,1.76942,1.00,1.00
2017.06.16 07:07:23.734,1.76907,1.76946,1.00,1.00
2017.06.16 07:07:24.039,1.76913,1.76949,1.00,1.00
2017.06.16 07:07:25.507,1.76912,1.76949,1.00,1.00
2017.06.16 07:07:25.558,1.7691,1.76949,1.00,1.00
2017.06.16 07:07:26.187,1.76911,1.76948,1.00,1.00
2017.06.16 07:07:26.761,1.76904,1.76948,1.00,1.00
2017.06.16 07:07:26.812,1.76904,1.76948,1.00,1.46
2017.06.16 07:07:27.165,1.76904,1.76939,1.00,1.00
2017.06.16 07:07:27.719,1.76903,1.76939,1.00,1.00
2017.06.16 07:07:28.202,1.76904,1.76942,1.00,1.00
2017.06.16 07:07:28.354,1.76902,1.76939,1.00,1.00
2017.06.16 07:07:29.011,1.76905,1.76939,1.00,1.00
2017.06.16 07:07:30.497,1.76905,1.76941,1.00,1.00
2017.06.16 07:07:31.227,1.76905,1.76939,1.00,1.00
2017.06.16 07:07:32.457,1.76905,1.76941,1.00,1.00
2017.06.16 07:07:35.071,1.76905,1.76942,1.00,1.00
2017.06.16 07:07:35.637,1.76904,1.76942,1.00,1.00
2017.06.16 07:07:35.849,1.76902,1.76938,1.00,1.00
2017.06.16 07:07:36.785,1.76903,1.76938,1.00,1.00
2017.06.16 07:07:37.357,1.76904,1.76938,1.00,1.00
2017.06.16 07:07:37.918,1.76903,1.76938,1.50,1.00
2017.06.16 07:07:37.969,1.76901,1.76938,1.00,1.00
2017.06.16 07:07:38.678,1.76902,1.76938,1.00,1.00
2017.06.16 07:07:39.188,1.76903,1.76938,1.00,1.00
2017.06.16 07:07:40.587,1.76903,1.76939,1.00,1.00
2017.06.16 07:07:45.366,1.76903,1.76942,1.00,1.00
2017.06.16 07:07:46.592,1.76904,1.76942,1.00,1.00
2017.06.16 07:07:47.297,1.76905,1.76942,1.00,1.00
2017.06.16 07:07:50.976,1.76905,1.76944,1.00,1.00
2017.06.16 07:07:54.526,1.76908,1.76944,1.00,1.00
2017.06.16 07:07:55.601,1.76907,1.76944,1.00,1.00
2017.06.16 07:07:56.074,1.76914,1.76947,1.00,1.00
2017.06.16 07:07:56.180,1.76914,1.76954,1.00,1.00
2017.06.16 07:07:56.232,1.76917,1.76957,1.00,1.00
2017.06.16 07:07:56.284,1.76917,1.76959,1.00,1.00
2017.06.16 07:07:56.386,1.76917,1.76961,1.00,1.00
2017.06.16 07:07:56.793,1.76918,1.76958,1.00,1.00
2017.06.16 07:07:57.060,1.76918,1.76962,1.00,1.00
2017.06.16 07:07:57.920,1.76921,1.76962,1.00,1.00
2017.06.16 07:07:58.073,1.76921,1.76968,1.87,1.00
2017.06.16 07:07:58.176,1.76925,1.76966,1.00,1.00
2017.06.16 07:07:58.490,1.76926,1.76963,1.00,1.00
2017.06.16 07:07:58.592,1.76926,1.76966,1.00,1.00
2017.06.16 07:07:58.643,1.76921,1.76966,1.37,1.00
2017.06.16 07:07:58.795,1.76924,1.76962,1.00,1.00
2017.06.16 07:07:58.846,1.76921,1.76962,1.00,1.00
2017.06.16 07:07:58.897,1.76924,1.76964,1.00,1.00
2017.06.16 07:07:59.128,1.76926,1.76968,1.00,1.12
2017.06.16 07:07:59.456,1.76923,1.76968,1.00,1.50
2017.06.16 07:07:59.608,1.76925,1.76964,1.00,1.00
2017.06.16 07:07:59.710,1.76926,1.76968,1.00,1.50
2017.06.16 07:07:59.812,1.76928,1.76968,1.00,1.00
2017.06.16 07:08:00.138,1.76923,1.76968,1.12,1.00
2017.06.16 07:08:00.239,1.76923,1.76967,1.00,1.37
2017.06.16 07:08:00.290,1.76916,1.7696,1.00,1.00
2017.06.16 07:08:00.392,1.76915,1.76955,1.12,1.00
2017.06.16 07:08:00.718,1.76913,1.76953,1.00,1.00
2017.06.16 07:08:01.228,1.76911,1.76952,1.37,1.00
2017.06.16 07:08:01.822,1.7691,1.76951,1.37,1.00
2017.06.16 07:08:02.267,1.76913,1.76954,1.00,1.00
2017.06.16 07:08:03.788,1.76912,1.76954,1.00,1.00
2017.06.16 07:08:04.070,1.76913,1.76956,1.00,1.00
2017.06.16 07:08:06.273,1.76915,1.76955,1.00,1.00
2017.06.16 07:08:07.615,1.76912,1.76954,1.50,1.00
2017.06.16 07:08:11.506,1.76911,1.76952,1.00,1.00
2017.06.16 07:08:11.813,1.76914,1.76954,1.00,1.00
2017.06.16 07:08:11.981,1.76914,1.76956,1.00,1.00
2017.06.16 07:08:12.381,1.76912,1.76954,1.00,1.00
2017.06.16 07:08:12.742,1.7691,1.76952,1.00,1.00
2017.06.16 07:08:13.072,1.76912,1.76954,1.00,1.00
2017.06.16 07:08:13.402,1.76911,1.76951,1.00,1.00
2017.06.16 07:08:13.694,1.76912,1.76954,1.00,1.00
2017.06.16 07:08:13.895,1.76914,1.76954,1.00,1.00
2017.06.16 07:08:14.183,1.7691,1.76952,1.00,1.00
2017.06.16 07:08:14.779,1.76911,1.76952,1.00,1.00
2017.06.16 07:08:14.830,1.76911,1.76949,1.00,1.00
2017.06.16 07:08:15.027,1.76911,1.76953,1.00,1.00
2017.06.16 07:08:15.131,1.76915,1.76955,1.00,1.00
2017.06.16 07:08:15.387,1.76917,1.76959,1.00,1.50
2017.06.16 07:08:15.488,1.76918,1.7696,1.00,1.00
2017.06.16 07:08:15.590,1.76916,1.76956,1.00,1.00
2017.06.16 07:08:15.793,1.76916,1.76958,1.50,1.00
2017.06.16 07:08:15.915,1.76922,1.76962,1.00,1.50
2017.06.16 07:08:17.109,1.76919,1.7696,1.00,1.00
2017.06.16 07:08:17.211,1.76917,1.76957,1.00,1.00
2017.06.16 07:08:17.515,1.76914,1.76955,1.00,1.00
2017.06.16 07:08:19.771,1.76914,1.76952,1.00,1.00
2017.06.16 07:08:19.822,1.76909,1.76949,1.00,1.00
2017.06.16 07:08:20.069,1.76905,1.76942,1.00,1.00
2017.06.16 07:08:20.120,1.76901,1.76941,1.37,1.00
2017.06.16 07:08:20.674,1.76901,1.76941,1.00,1.00
2017.06.16 07:08:21.494,1.76901,1.76943,1.12,1.00
2017.06.16 07:08:22.740,1.76902,1.76943,1.37,1.00
2017.06.16 07:08:23.577,1.76901,1.76943,1.00,1.00
2017.06.16 07:08:23.628,1.76898,1.76938,1.00,1.00
2017.06.16 07:08:23.797,1.76899,1.7694,1.00,1.00
2017.06.16 07:08:24.019,1.76901,1.76941,1.00,1.00
2017.06.16 07:08:25.945,1.76896,1.76939,1.00,1.00
2017.06.16 07:08:26.046,1.76895,1.76935,1.00,1.00
2017.06.16 07:08:26.097,1.76893,1.76935,1.12,1.00
2017.06.16 07:08:26.302,1.76894,1.76937,1.00,1.00
2017.06.16 07:08:26.798,1.76891,1.76936,1.00,1.00
2017.06.16 07:08:27.187,1.76896,1.76936,1.00,1.00
2017.06.16 07:08:27.238,1.76897,1.76939,1.00,1.00
2017.06.16 07:08:27.339,1.76898,1.76943,1.00,1.00
2017.06.16 07:08:27.441,1.76899,1.76945,1.00,1.12
2017.06.16 07:08:27.644,1.76898,1.76943,1.00,1.00
2017.06.16 07:08:28.166,1.76899,1.76943,1.00,1.00
2017.06.16 07:08:28.318,1.76899,1.76945,1.50,1.00
2017.06.16 07:08:28.491,1.76899,1.76945,1.50,1.37
2017.06.16 07:08:29.009,1.76898,1.76946,1.00,1.87
2017.06.16 07:08:29.562,1.76897,1.76942,1.00,1.12
2017.06.16 07:08:30.195,1.76898,1.76942,1.00,1.00
2017.06.16 07:08:30.246,1.76898,1.76944,1.50,1.00
2017.06.16 07:08:31.121,1.76899,1.76944,1.00,1.00
2017.06.16 07:08:31.676,1.76899,1.76945,1.50,1.00
2017.06.16 07:08:33.364,1.769,1.76945,1.00,1.00
2017.06.16 07:08:37.565,1.76899,1.76945,1.00,1.00
2017.06.16 07:08:38.278,1.76899,1.76946,1.50,1.00
2017.06.16 07:08:43.110,1.76899,1.76946,1.00,1.87
2017.06.16 07:08:43.265,1.76901,1.76946,1.00,1.00
2017.06.16 07:08:44.172,1.76902,1.76948,1.00,1.50
2017.06.16 07:08:44.460,1.769,1.76946,1.00,1.37
2017.06.16 07:08:44.841,1.76903,1.76946,1.00,1.37
2017.06.16 07:08:47.907,1.76903,1.76946,1.00,1.00
2017.06.16 07:08:48.562,1.76903,1.76947,1.00,1.50
2017.06.16 07:08:48.664,1.769,1.76947,1.09,1.50
2017.06.16 07:08:48.931,1.76902,1.76947,1.00,1.00
2017.06.16 07:08:50.388,1.76902,1.76947,1.00,1.37
2017.06.16 07:08:50.685,1.76902,1.76947,1.00,1.00
2017.06.16 07:08:52.635,1.76904,1.76947,1.00,1.00
2017.06.16 07:08:55.760,1.76901,1.76947,1.50,1.50
2017.06.16 07:08:56.314,1.76902,1.76947,1.00,1.00
2017.06.16 07:08:56.366,1.76905,1.7695,1.00,1.00
2017.06.16 07:08:59.138,1.76905,1.76951,1.00,1.12
2017.06.16 07:08:59.443,1.76912,1.76954,1.00,1.37
2017.06.16 07:08:59.494,1.76912,1.76954,1.00,1.00
2017.06.16 07:08:59.596,1.76912,1.76958,1.00,1.87
2017.06.16 07:08:59.785,1.76909,1.76956,1.50,1.00
2017.06.16 07:08:59.839,1.76909,1.76953,1.00,2.21
2017.06.16 07:08:59.890,1.76904,1.76952,2.25,1.46
2017.06.16 07:08:59.941,1.76906,1.76952,1.00,1.37
2017.06.16 07:09:00.472,1.76907,1.76953,1.00,1.37
2017.06.16 07:09:00.984,1.76906,1.76952,1.50,1.37
2017.06.16 07:09:02.353,1.76906,1.76952,1.50,2.62
2017.06.16 07:09:02.684,1.76903,1.76948,1.00,1.37
2017.06.16 07:09:03.014,1.76903,1.76948,1.50,1.00
2017.06.16 07:09:03.065,1.76905,1.76951,1.50,1.37
2017.06.16 07:09:04.165,1.76907,1.76953,1.00,1.37
2017.06.16 07:09:06.051,1.76906,1.7695,1.00,1.37
2017.06.16 07:09:06.562,1.76904,1.76948,1.00,1.00
2017.06.16 07:09:06.815,1.76903,1.76948,1.00,1.37
2017.06.16 07:09:07.414,1.76903,1.76947,1.00,1.37
2017.06.16 07:09:09.023,1.76901,1.76945,1.00,1.00
2017.06.16 07:09:09.172,1.76898,1.76945,1.00,1.00
2017.06.16 07:09:09.425,1.76897,1.76945,1.50,1.71
2017.06.16 07:09:09.730,1.76896,1.76938,1.00,1.00
2017.06.16 07:09:10.336,1.76895,1.76938,1.00,1.00
2017.06.16 07:09:10.845,1.76895,1.76937,1.00,1.00
2017.06.16 07:09:11.146,1.76895,1.76935,1.00,1.00
2017.06.16 07:09:11.197,1.76895,1.76939,1.00,1.00
2017.06.16 07:09:11.464,1.76892,1.76937,1.00,1.00
2017.06.16 07:09:11.617,1.76892,1.76934,1.00,1.00
2017.06.16 07:09:11.870,1.76885,1.76928,1.00,1.00
2017.06.16 07:09:12.606,1.76884,1.76927,1.00,1.00
2017.06.16 07:09:13.767,1.7688,1.76927,1.12,1.00
2017.06.16 07:09:14.635,1.76882,1.76928,1.00,1.00
2017.06.16 07:09:15.074,1.76884,1.7693,1.00,1.50
2017.06.16 07:09:15.456,1.76884,1.7693,1.00,1.87
2017.06.16 07:09:15.775,1.7688,1.76922,1.00,1.00
2017.06.16 07:09:16.095,1.76879,1.76918,1.00,1.00
2017.06.16 07:09:16.522,1.76874,1.7692,1.37,1.50
2017.06.16 07:09:17.071,1.76875,1.76919,1.12,1.00
2017.06.16 07:09:17.572,1.76873,1.76919,1.12,1.00
2017.06.16 07:09:17.622,1.76873,1.76916,1.00,1.00
2017.06.16 07:09:17.674,1.76873,1.76918,1.50,1.00
2017.06.16 07:09:17.898,1.76875,1.76919,1.00,1.00
2017.06.16 07:09:18.899,1.76875,1.7692,1.00,1.00
2017.06.16 07:09:19.234,1.76877,1.76921,1.00,1.00
2017.06.16 07:09:19.386,1.76873,1.76918,1.50,1.00
2017.06.16 07:09:20.059,1.76873,1.76917,1.00,1.00
2017.06.16 07:09:20.577,1.76873,1.76916,1.00,1.50
2017.06.16 07:09:23.231,1.76869,1.76914,1.00,1.00
2017.06.16 07:09:23.356,1.76869,1.76914,1.00,1.37
2017.06.16 07:09:23.407,1.76861,1.76906,1.00,1.50
2017.06.16 07:09:23.560,1.76862,1.76906,1.37,1.00
2017.06.16 07:09:23.611,1.76863,1.76908,1.37,1.00
2017.06.16 07:09:23.712,1.76863,1.7691,1.00,1.00
2017.06.16 07:09:23.763,1.76863,1.76907,1.00,1.00
2017.06.16 07:09:24.320,1.76862,1.76904,1.12,1.00
2017.06.16 07:09:24.371,1.76862,1.76907,1.12,1.00
2017.06.16 07:09:25.014,1.76861,1.76907,1.12,1.00
2017.06.16 07:09:25.270,1.76861,1.76908,1.46,1.00
2017.06.16 07:09:25.618,1.76861,1.76906,1.46,1.00
2017.06.16 07:09:26.607,1.76864,1.76908,1.37,1.00
2017.06.16 07:09:27.373,1.76864,1.76907,1.00,1.00
2017.06.16 07:09:27.424,1.76861,1.76906,1.00,1.00
2017.06.16 07:09:27.475,1.76861,1.76909,1.00,1.87
2017.06.16 07:09:27.526,1.76863,1.76907,1.00,1.00
2017.06.16 07:09:27.835,1.76868,1.76909,1.00,1.12
2017.06.16 07:09:28.024,1.76866,1.76909,1.00,1.12
2017.06.16 07:09:28.571,1.76865,1.76909,1.00,1.12
2017.06.16 07:09:29.160,1.76865,1.76908,1.50,1.00
2017.06.16 07:09:29.994,1.76867,1.76911,1.87,1.00
2017.06.16 07:09:30.045,1.76867,1.76911,1.87,1.00
2017.06.16 07:09:30.096,1.76867,1.76913,1.37,1.00
2017.06.16 07:09:30.147,1.76867,1.7691,1.00,1.00
2017.06.16 07:09:30.456,1.7687,1.76914,1.00,1.12
2017.06.16 07:09:31.062,1.76869,1.76914,1.00,1.12
2017.06.16 07:09:31.435,1.76871,1.76916,1.00,1.87
2017.06.16 07:09:31.906,1.76873,1.76916,1.00,1.00
2017.06.16 07:09:32.397,1.7687,1.76916,1.00,1.00
2017.06.16 07:09:33.020,1.7687,1.76915,1.00,1.12
2017.06.16 07:09:33.700,1.76874,1.76919,1.00,1.87
2017.06.16 07:09:34.005,1.76881,1.76923,1.00,1.00
2017.06.16 07:09:34.462,1.7688,1.76921,1.00,1.00
2017.06.16 07:09:34.514,1.76874,1.76919,1.12,1.37
2017.06.16 07:09:35.044,1.76875,1.76919,1.00,1.00
2017.06.16 07:09:35.723,1.76875,1.7692,1.00,1.87
2017.06.16 07:09:36.028,1.76876,1.76922,1.00,1.12
2017.06.16 07:09:36.129,1.7688,1.76922,1.00,1.12
2017.06.16 07:09:36.630,1.76881,1.76925,1.00,1.37
2017.06.16 07:09:37.170,1.76882,1.76925,1.00,1.37
2017.06.16 07:09:37.805,1.76884,1.76925,1.00,1.87
2017.06.16 07:09:38.475,1.76884,1.76925,1.00,1.87
2017.06.16 07:09:38.780,1.76887,1.76928,1.00,1.00
2017.06.16 07:09:39.100,1.76894,1.76935,1.00,1.00
2017.06.16 07:09:39.419,1.76899,1.7694,1.00,1.00
2017.06.16 07:09:39.521,1.769,1.76942,1.00,1.00
2017.06.16 07:09:40.228,1.769,1.76941,1.00,1.00
2017.06.16 07:09:40.712,1.769,1.76943,1.00,1.87
2017.06.16 07:09:41.916,1.76901,1.76943,1.00,1.12
2017.06.16 07:09:42.913,1.76899,1.76943,1.00,1.12
2017.06.16 07:09:43.237,1.76901,1.76943,1.00,1.12
2017.06.16 07:09:43.519,1.76899,1.76943,1.00,1.12
2017.06.16 07:09:46.218,1.76901,1.76943,1.00,1.00
2017.06.16 07:09:49.963,1.76901,1.76941,1.00,1.00
2017.06.16 07:09:54.751,1.769,1.76941,1.00,1.00
2017.06.16 07:09:56.194,1.769,1.76942,1.00,1.00
2017.06.16 07:09:58.053,1.769,1.76936,1.00,1.00
2017.06.16 07:09:58.154,1.76892,1.76934,1.00,1.00
2017.06.16 07:09:58.306,1.76891,1.76932,1.00,1.00
2017.06.16 07:09:58.357,1.76886,1.76931,1.00,1.00
2017.06.16 07:09:58.882,1.76885,1.76931,1.00,1.00
2017.06.16 07:09:59.044,1.76885,1.76929,1.00,1.00
2017.06.16 07:09:59.547,1.76885,1.76928,1.00,1.00
2017.06.16 07:10:00.464,1.76885,1.76927,1.00,1.00
2017.06.16 07:10:00.566,1.76883,1.76926,1.50,1.00
2017.06.16 07:10:00.617,1.76883,1.76924,1.50,1.00
2017.06.16 07:10:00.668,1.76883,1.76926,1.50,1.00
2017.06.16 07:10:01.298,1.76883,1.76927,1.00,1.00
2017.06.16 07:10:02.706,1.76883,1.76926,1.00,1.00
2017.06.16 07:10:02.938,1.76885,1.76926,1.00,1.00
2017.06.16 07:10:03.231,1.76885,1.76928,1.00,1.00
2017.06.16 07:10:03.539,1.76883,1.76928,1.00,1.50
2017.06.16 07:10:03.953,1.76885,1.76927,1.00,1.00
2017.06.16 07:10:04.505,1.76884,1.76926,1.00,1.00
2017.06.16 07:10:05.015,1.76883,1.76926,1.00,1.00
2017.06.16 07:10:06.161,1.76887,1.76926,1.00,1.00
2017.06.16 07:10:06.263,1.76892,1.76935,1.00,1.00
2017.06.16 07:10:06.415,1.76895,1.76936,1.00,1.00
2017.06.16 07:10:15.088,1.76896,1.76936,1.00,1.00
2017.06.16 07:10:15.749,1.76896,1.76938,1.00,1.50
2017.06.16 07:10:19.059,1.76899,1.76938,1.00,1.00
2017.06.16 07:10:20.435,1.76899,1.76936,1.00,1.00
2017.06.16 07:10:21.001,1.76899,1.76937,1.00,1.00
2017.06.16 07:10:22.645,1.76899,1.76933,1.00,1.00
2017.06.16 07:10:22.696,1.76894,1.76933,1.00,1.00
2017.06.16 07:10:24.489,1.76894,1.76932,1.00,1.00
2017.06.16 07:10:24.540,1.76894,1.76924,1.00,1.00
2017.06.16 07:10:24.592,1.76887,1.76924,1.50,1.00
2017.06.16 07:10:24.696,1.76884,1.76922,1.12,1.00
2017.06.16 07:10:24.880,1.76882,1.76921,1.00,1.50
2017.06.16 07:10:25.061,1.76877,1.76919,1.00,1.00
2017.06.16 07:10:25.594,1.76876,1.76919,1.00,1.00
2017.06.16 07:10:26.913,1.76876,1.7692,1.00,1.50
2017.06.16 07:10:27.570,1.76876,1.76916,1.00,1.00
2017.06.16 07:10:27.871,1.76864,1.76903,1.00,1.00
2017.06.16 07:10:27.922,1.76862,1.76904,1.12,1.00
2017.06.16 07:10:28.227,1.76863,1.76902,1.00,1.00
2017.06.16 07:10:28.648,1.76863,1.76899,1.00,1.00
2017.06.16 07:10:28.699,1.76861,1.76899,1.00,1.50
2017.06.16 07:10:29.256,1.7686,1.76898,1.00,1.50
2017.06.16 07:10:29.408,1.76857,1.76898,1.00,1.00
2017.06.16 07:10:30.018,1.76857,1.76897,1.00,1.00
2017.06.16 07:10:30.575,1.76857,1.76898,1.00,1.50
2017.06.16 07:10:31.618,1.76857,1.76899,1.00,1.50
2017.06.16 07:10:31.821,1.76859,1.76899,1.00,1.00
2017.06.16 07:10:32.039,1.76859,1.76901,1.00,1.00
2017.06.16 07:10:32.090,1.76862,1.76903,1.00,1.00
2017.06.16 07:10:32.191,1.76863,1.76905,1.00,1.00
2017.06.16 07:10:32.242,1.76863,1.76903,1.00,1.00
2017.06.16 07:10:32.445,1.76864,1.76907,1.00,1.00
2017.06.16 07:10:32.496,1.76867,1.76908,1.00,1.00
2017.06.16 07:10:32.649,1.76867,1.7691,1.00,1.00
2017.06.16 07:10:33.175,1.76868,1.76911,1.00,1.00
2017.06.16 07:10:33.226,1.76871,1.76912,1.00,1.00
2017.06.16 07:10:33.530,1.76869,1.76908,1.00,1.00
2017.06.16 07:10:33.582,1.76867,1.76908,1.00,1.00
2017.06.16 07:10:33.816,1.76865,1.76908,1.00,1.00
2017.06.16 07:10:34.032,1.76865,1.76906,1.00,1.00
2017.06.16 07:10:34.486,1.76864,1.76904,1.00,1.50
2017.06.16 07:10:34.639,1.76862,1.76903,1.00,1.00
2017.06.16 07:10:34.842,1.76862,1.76901,1.00,1.00
2017.06.16 07:10:35.087,1.76859,1.76902,1.00,1.50
2017.06.16 07:10:35.404,1.76862,1.76901,1.00,1.00
2017.06.16 07:10:36.016,1.76863,1.76901,1.00,1.00
2017.06.16 07:10:36.209,1.76858,1.769,1.00,1.00
2017.06.16 07:10:36.382,1.7686,1.76896,1.00,1.00
2017.06.16 07:10:36.434,1.76855,1.76893,1.00,1.00
2017.06.16 07:10:36.485,1.76853,1.76891,1.12,1.00
2017.06.16 07:10:36.740,1.76853,1.76893,1.00,1.00
2017.06.16 07:10:37.256,1.76853,1.76894,1.00,1.00
2017.06.16 07:10:37.307,1.76855,1.76894,1.00,1.00
2017.06.16 07:10:37.510,1.76851,1.76894,1.37,1.50
2017.06.16 07:10:38.046,1.76851,1.76892,1.00,1.00
2017.06.16 07:10:38.370,1.7684,1.76871,1.00,1.00
2017.06.16 07:10:38.421,1.76834,1.76867,1.00,1.12
2017.06.16 07:10:38.473,1.76834,1.76864,1.00,1.00
2017.06.16 07:10:38.524,1.76822,1.76861,1.87,1.00
2017.06.16 07:10:38.575,1.76822,1.76863,1.00,1.00
2017.06.16 07:10:38.677,1.76822,1.7686,1.00,1.00
2017.06.16 07:10:38.989,1.7682,1.76858,1.00,1.00
2017.06.16 07:10:39.200,1.76815,1.76857,1.00,1.00
2017.06.16 07:10:39.605,1.76818,1.76855,1.00,1.00
2017.06.16 07:10:39.707,1.76811,1.76852,1.00,1.00
2017.06.16 07:10:40.088,1.76811,1.7685,1.00,1.00
2017.06.16 07:10:40.345,1.76801,1.76843,1.12,2.25
2017.06.16 07:10:40.598,1.76808,1.76842,1.00,1.00
2017.06.16 07:10:40.650,1.76804,1.76842,1.00,1.00
2017.06.16 07:10:40.701,1.76811,1.76851,1.00,1.00
2017.06.16 07:10:40.803,1.76808,1.76849,1.00,1.00
2017.06.16 07:10:41.114,1.7681,1.7685,1.00,1.00
2017.06.16 07:10:41.325,1.76808,1.7685,1.00,1.50
2017.06.16 07:10:41.893,1.76808,1.76849,1.00,1.50
2017.06.16 07:10:42.294,1.76806,1.76849,1.00,1.00
2017.06.16 07:10:42.513,1.76818,1.76853,1.00,1.12
2017.06.16 07:10:42.564,1.76818,1.76862,1.50,1.87
2017.06.16 07:10:42.615,1.76824,1.76863,1.00,1.37
2017.06.16 07:10:42.666,1.76824,1.76864,1.00,1.00
2017.06.16 07:10:43.296,1.76822,1.76864,1.00,1.00
2017.06.16 07:10:43.897,1.76823,1.76864,1.00,1.00
2017.06.16 07:10:43.999,1.76828,1.76867,1.00,1.00
2017.06.16 07:10:44.354,1.76828,1.76865,1.00,1.00
2017.06.16 07:10:44.661,1.76826,1.76863,1.00,1.50
2017.06.16 07:10:45.173,1.76825,1.76862,1.00,1.00
2017.06.16 07:10:45.543,1.76826,1.76864,1.00,1.00
2017.06.16 07:10:45.819,1.76839,1.76866,1.00,1.00
2017.06.16 07:10:45.870,1.76839,1.76875,1.00,1.00
2017.06.16 07:10:46.123,1.76837,1.76874,1.00,1.00
2017.06.16 07:10:46.544,1.76835,1.76874,1.00,1.00
2017.06.16 07:10:46.740,1.76835,1.76862,1.00,1.00
2017.06.16 07:10:46.842,1.76815,1.76857,1.37,1.00
2017.06.16 07:10:47.010,1.76809,1.76849,1.00,1.00
2017.06.16 07:10:47.113,1.76806,1.76848,1.00,1.00
2017.06.16 07:10:47.553,1.76806,1.76846,1.00,1.00
2017.06.16 07:10:47.604,1.76804,1.76845,1.00,1.00
2017.06.16 07:10:48.130,1.76805,1.76844,1.00,1.00
2017.06.16 07:10:48.637,1.76805,1.76845,1.00,1.00
2017.06.16 07:10:48.891,1.76805,1.76848,1.00,1.00
2017.06.16 07:10:48.942,1.76808,1.7685,1.00,1.50
2017.06.16 07:10:49.319,1.76813,1.76851,1.00,1.00
2017.06.16 07:10:49.624,1.76813,1.76853,1.37,1.00
2017.06.16 07:10:49.727,1.76813,1.76851,1.12,1.50
2017.06.16 07:10:49.778,1.76813,1.76853,1.00,1.50
2017.06.16 07:10:49.830,1.76815,1.76851,1.00,1.00
2017.06.16 07:10:49.985,1.76815,1.76858,1.37,1.50
2017.06.16 07:10:50.037,1.7682,1.76859,2.62,1.00
2017.06.16 07:10:50.138,1.7682,1.76859,1.37,1.00
2017.06.16 07:10:50.317,1.76816,1.76855,1.37,1.00
2017.06.16 07:10:50.368,1.76816,1.76857,1.37,1.00
2017.06.16 07:10:50.420,1.7682,1.76859,1.12,1.00
2017.06.16 07:10:50.725,1.76827,1.76863,1.00,1.00
2017.06.16 07:10:51.462,1.76813,1.76857,1.50,1.00
2017.06.16 07:10:51.514,1.76811,1.76852,1.00,1.00
2017.06.16 07:10:51.817,1.76808,1.76849,1.00,1.00
2017.06.16 07:10:52.122,1.76794,1.76838,1.00,1.00
2017.06.16 07:10:52.511,1.76797,1.76838,1.00,1.00
2017.06.16 07:10:52.913,1.76799,1.76841,1.00,1.00
2017.06.16 07:10:53.015,1.76805,1.76841,1.00,1.00
2017.06.16 07:10:53.118,1.76808,1.76851,1.50,1.00
2017.06.16 07:10:53.220,1.7681,1.76853,1.50,1.50
2017.06.16 07:10:53.538,1.76807,1.76844,1.00,1.00
2017.06.16 07:10:53.639,1.768,1.76841,1.00,1.00
2017.06.16 07:10:53.741,1.76797,1.76838,1.00,1.00
2017.06.16 07:10:54.245,1.76797,1.76839,1.00,1.00
2017.06.16 07:10:54.346,1.76798,1.76842,1.00,1.00
2017.06.16 07:10:56.416,1.76801,1.76841,1.00,1.00
2017.06.16 07:10:56.716,1.76799,1.76841,1.00,1.00
2017.06.16 07:10:56.819,1.76799,1.76841,1.00,1.37
2017.06.16 07:10:57.166,1.76797,1.76839,1.00,1.37
2017.06.16 07:10:58.819,1.76795,1.76838,1.50,1.37
2017.06.16 07:11:02.282,1.768,1.76839,1.00,1.00
2017.06.16 07:11:02.542,1.76803,1.76843,1.00,1.00
2017.06.16 07:11:02.840,1.76808,1.76848,1.00,1.00
2017.06.16 07:11:03.144,1.76803,1.76844,1.00,1.00
2017.06.16 07:11:03.704,1.76804,1.76846,1.00,1.87
2017.06.16 07:11:04.475,1.76806,1.76846,1.00,1.00
2017.06.16 07:11:04.779,1.76823,1.76861,1.00,1.12
2017.06.16 07:11:05.301,1.76822,1.7686,1.00,1.00
2017.06.16 07:11:06.067,1.76822,1.76857,1.00,1.00
2017.06.16 07:11:06.219,1.76817,1.76858,1.00,1.37
2017.06.16 07:11:06.394,1.7682,1.76859,1.00,1.37
2017.06.16 07:11:06.622,1.7682,1.76859,1.00,1.12
2017.06.16 07:11:07.130,1.7682,1.76855,1.00,1.00
2017.06.16 07:11:07.181,1.76818,1.76855,1.00,1.00
2017.06.16 07:11:07.232,1.76815,1.76855,1.00,1.37
2017.06.16 07:11:07.334,1.76816,1.76856,1.00,1.37
2017.06.16 07:11:07.703,1.76815,1.76855,1.00,1.37
2017.06.16 07:11:08.223,1.76816,1.76856,1.00,1.37
2017.06.16 07:11:08.532,1.76814,1.76855,1.00,1.37
2017.06.16 07:11:12.687,1.76814,1.76855,1.00,1.37
2017.06.16 07:11:12.783,1.76816,1.76855,1.00,1.37
2017.06.16 07:11:13.164,1.76814,1.76854,1.00,1.37
2017.06.16 07:11:13.538,1.76813,1.76854,1.00,1.37
2017.06.16 07:11:14.392,1.76813,1.76854,1.00,1.37
2017.06.16 07:11:14.930,1.76813,1.76849,1.00,1.00
2017.06.16 07:11:16.076,1.76812,1.76849,1.00,1.00
2017.06.16 07:11:16.245,1.76812,1.76846,1.00,1.00
2017.06.16 07:11:16.347,1.76804,1.76841,1.00,1.12
2017.06.16 07:11:16.449,1.76802,1.7684,1.00,1.12
2017.06.16 07:11:16.653,1.768,1.7684,1.00,1.00
2017.06.16 07:11:16.780,1.768,1.76842,1.00,1.00
2017.06.16 07:11:17.045,1.76801,1.76845,1.50,1.00
2017.06.16 07:11:17.411,1.76804,1.76844,1.00,1.00
2017.06.16 07:11:17.643,1.76802,1.76843,1.00,1.00
2017.06.16 07:11:18.193,1.76802,1.76842,1.00,1.00
2017.06.16 07:11:18.731,1.76801,1.76842,1.00,1.00
2017.06.16 07:11:19.478,1.76802,1.76844,1.00,1.00
2017.06.16 07:11:20.049,1.76803,1.76844,1.12,1.00
2017.06.16 07:11:20.152,1.76803,1.76846,1.12,1.50
2017.06.16 07:11:20.254,1.76805,1.76846,1.00,1.00
2017.06.16 07:11:20.583,1.76805,1.76843,1.00,1.00
2017.06.16 07:11:20.847,1.76803,1.76843,1.00,1.00
2017.06.16 07:11:21.405,1.76803,1.76845,1.00,1.00
2017.06.16 07:11:21.456,1.76802,1.76847,1.71,1.00
2017.06.16 07:11:21.803,1.76809,1.76848,1.00,1.50
2017.06.16 07:11:22.108,1.76806,1.76844,1.00,1.00
2017.06.16 07:11:22.264,1.76802,1.76843,1.00,1.00
2017.06.16 07:11:22.467,1.76804,1.76841,1.00,1.00
2017.06.16 07:11:22.771,1.76802,1.76842,1.00,1.00
2017.06.16 07:11:22.822,1.76802,1.76844,1.34,1.00
2017.06.16 07:11:22.873,1.76804,1.76846,1.34,1.00
2017.06.16 07:11:23.076,1.76807,1.76847,1.00,1.00
2017.06.16 07:11:23.391,1.76804,1.76845,1.09,1.00
2017.06.16 07:11:25.264,1.76805,1.76845,1.00,1.00
2017.06.16 07:11:25.417,1.76805,1.76843,1.00,1.00
2017.06.16 07:11:25.468,1.76803,1.76843,1.00,1.00
2017.06.16 07:11:25.519,1.76803,1.7684,1.00,1.00
2017.06.16 07:11:25.754,1.76801,1.7684,1.00,1.00
2017.06.16 07:11:26.285,1.76801,1.76841,1.00,1.00
2017.06.16 07:11:26.715,1.76801,1.76843,1.00,1.00
2017.06.16 07:11:26.766,1.76802,1.76841,1.00,1.00
2017.06.16 07:11:28.006,1.76802,1.76843,1.00,1.00
2017.06.16 07:11:28.158,1.76807,1.76846,1.00,1.12
2017.06.16 07:11:28.971,1.76806,1.76846,1.00,1.00
2017.06.16 07:11:30.389,1.76806,1.76845,1.00,1.00
2017.06.16 07:11:31.273,1.76808,1.76845,1.00,1.00
2017.06.16 07:11:31.905,1.76807,1.76845,1.00,1.00
2017.06.16 07:11:32.602,1.76807,1.76844,1.00,1.00
2017.06.16 07:11:32.754,1.76807,1.76846,1.00,1.00
2017.06.16 07:11:32.891,1.7681,1.76846,1.00,1.00
2017.06.16 07:11:33.196,1.76811,1.76848,1.00,1.00
2017.06.16 07:11:33.298,1.76809,1.76847,1.00,1.00
2017.06.16 07:11:33.804,1.76809,1.76846,1.00,1.37
2017.06.16 07:11:33.923,1.76809,1.76846,1.00,1.00
2017.06.16 07:11:34.025,1.76809,1.7685,1.00,1.00
2017.06.16 07:11:34.396,1.76812,1.76848,1.00,1.00
2017.06.16 07:11:34.447,1.76812,1.7685,1.00,1.00
2017.06.16 07:11:34.782,1.76813,1.76852,1.00,1.00
2017.06.16 07:11:35.068,1.76816,1.76853,1.00,1.00
2017.06.16 07:11:35.519,1.76816,1.76851,1.00,1.00
2017.06.16 07:11:36.034,1.76816,1.76852,1.00,1.00
2017.06.16 07:11:37.486,1.76812,1.76852,1.00,1.00
2017.06.16 07:11:37.791,1.76815,1.76853,1.00,1.00
2017.06.16 07:11:38.360,1.76815,1.76852,1.00,1.00
2017.06.16 07:11:39.400,1.76815,1.76851,1.00,1.00
2017.06.16 07:11:39.959,1.76816,1.76852,1.00,1.00
2017.06.16 07:11:40.679,1.76814,1.76853,1.00,1.00
2017.06.16 07:11:40.780,1.76816,1.76856,1.00,1.00
2017.06.16 07:11:40.882,1.76818,1.76856,1.00,1.00
2017.06.16 07:11:41.714,1.76818,1.76857,1.00,1.00
2017.06.16 07:11:43.581,1.76816,1.76857,1.00,1.00
2017.06.16 07:11:44.011,1.76819,1.76857,1.00,1.00
2017.06.16 07:11:44.356,1.76819,1.76859,1.00,1.00
2017.06.16 07:11:44.949,1.76819,1.76859,1.34,1.00
2017.06.16 07:11:45.101,1.76819,1.76861,1.34,1.00
2017.06.16 07:11:45.361,1.76822,1.76861,1.00,1.00
2017.06.16 07:11:45.672,1.76822,1.76859,1.00,1.00
2017.06.16 07:11:45.906,1.76822,1.76861,1.00,1.00
2017.06.16 07:11:46.717,1.76823,1.76861,1.00,1.00
2017.06.16 07:11:47.159,1.76825,1.76861,1.00,1.00
2017.06.16 07:11:47.345,1.76823,1.7686,1.00,1.00
2017.06.16 07:11:49.220,1.76825,1.7686,1.00,1.00
2017.06.16 07:11:49.723,1.76824,1.76859,1.00,1.00
2017.06.16 07:11:51.343,1.76822,1.76859,1.00,1.00
2017.06.16 07:11:51.760,1.7682,1.76859,1.00,1.00
2017.06.16 07:11:52.275,1.76823,1.7686,1.00,1.00
2017.06.16 07:11:53.592,1.76823,1.76858,1.00,1.00
2017.06.16 07:11:53.643,1.76818,1.76856,1.00,1.00
2017.06.16 07:11:53.853,1.76809,1.76842,1.37,1.00
2017.06.16 07:11:53.904,1.76807,1.76846,2.25,1.00
2017.06.16 07:11:53.955,1.76807,1.76847,1.00,1.00
2017.06.16 07:11:54.007,1.76805,1.76847,1.84,1.00
2017.06.16 07:11:54.314,1.76818,1.76854,1.00,1.00
2017.06.16 07:11:54.629,1.76819,1.76851,1.00,1.00
2017.06.16 07:11:54.680,1.76819,1.76854,1.00,1.00
2017.06.16 07:11:54.732,1.76819,1.76856,1.00,1.00
2017.06.16 07:11:55.146,1.7682,1.76859,1.00,1.00
2017.06.16 07:11:55.197,1.7682,1.76861,1.00,1.00
2017.06.16 07:11:55.349,1.76826,1.76859,1.00,1.00
2017.06.16 07:11:55.646,1.76823,1.76859,1.00,1.00
2017.06.16 07:11:56.208,1.76823,1.7686,1.00,1.00
2017.06.16 07:11:57.243,1.76823,1.76864,1.00,1.00
2017.06.16 07:11:57.345,1.76831,1.76864,1.00,1.00
2017.06.16 07:11:57.396,1.76831,1.76866,1.00,1.00
2017.06.16 07:11:57.447,1.76834,1.76867,1.00,1.00
2017.06.16 07:11:57.555,1.7683,1.76867,1.00,1.00
2017.06.16 07:11:58.219,1.7683,1.76866,1.00,1.00
2017.06.16 07:11:58.373,1.7683,1.76872,1.00,1.50
2017.06.16 07:11:58.475,1.76836,1.76876,1.00,1.00
2017.06.16 07:11:58.791,1.76843,1.7688,1.00,1.00
2017.06.16 07:11:58.843,1.76843,1.76882,1.00,1.00
2017.06.16 07:11:59.686,1.76846,1.76882,1.00,1.00
2017.06.16 07:12:00.189,1.76846,1.76881,1.00,1.00
2017.06.16 07:12:00.653,1.76845,1.76885,1.00,1.50
2017.06.16 07:12:00.805,1.76845,1.76883,1.00,1.00
2017.06.16 07:12:00.960,1.76842,1.76883,1.00,1.12
2017.06.16 07:12:01.017,1.76842,1.7688,1.00,1.00
2017.06.16 07:12:01.540,1.76841,1.7688,1.00,1.00
2017.06.16 07:12:01.894,1.76841,1.76883,1.00,1.87
2017.06.16 07:12:02.084,1.76841,1.76881,1.00,1.00
2017.06.16 07:12:02.702,1.76841,1.76879,1.00,1.00
2017.06.16 07:12:03.758,1.76838,1.76879,1.00,1.00
2017.06.16 07:12:03.810,1.76838,1.76877,1.00,1.00
2017.06.16 07:12:05.234,1.76838,1.76879,1.00,1.00
2017.06.16 07:12:05.909,1.76838,1.76878,1.00,1.00
2017.06.16 07:12:06.468,1.76837,1.76878,1.00,1.00
2017.06.16 07:12:07.130,1.76838,1.76878,1.00,1.00
2017.06.16 07:12:09.039,1.76838,1.76877,1.00,1.00
2017.06.16 07:12:09.090,1.76835,1.76876,1.00,1.00
2017.06.16 07:12:09.350,1.76833,1.76875,1.00,1.00
2017.06.16 07:12:10.166,1.76836,1.76875,1.00,1.00
2017.06.16 07:12:10.626,1.76836,1.76877,1.00,1.12
2017.06.16 07:12:10.779,1.76839,1.76879,1.00,1.00
2017.06.16 07:12:11.084,1.76835,1.76871,1.00,1.00
2017.06.16 07:12:11.186,1.76828,1.76869,1.00,1.00
2017.06.16 07:12:11.237,1.76828,1.76859,1.00,1.00
2017.06.16 07:12:11.288,1.76822,1.76856,1.00,1.00
2017.06.16 07:12:11.339,1.76822,1.76854,1.00,1.00
2017.06.16 07:12:11.390,1.76814,1.76854,1.00,1.00
2017.06.16 07:12:11.441,1.76814,1.76849,1.00,1.00
2017.06.16 07:12:11.492,1.76806,1.76849,1.00,1.00
2017.06.16 07:12:11.691,1.76804,1.76846,1.00,1.00
2017.06.16 07:12:11.742,1.76801,1.76846,1.50,1.00
2017.06.16 07:12:11.854,1.76803,1.76846,1.00,1.00
2017.06.16 07:12:12.355,1.76802,1.76846,1.00,1.00
2017.06.16 07:12:12.881,1.768,1.76845,1.50,1.00
2017.06.16 07:12:12.986,1.768,1.76841,1.00,1.00
2017.06.16 07:12:13.037,1.768,1.76844,1.00,1.00
2017.06.16 07:12:13.257,1.76802,1.76845,1.00,1.00
2017.06.16 07:12:14.064,1.76802,1.76844,1.00,1.00
2017.06.16 07:12:14.366,1.76799,1.76841,1.00,1.00
2017.06.16 07:12:14.670,1.76788,1.76833,1.00,1.00
2017.06.16 07:12:14.722,1.76788,1.76831,1.00,1.00
2017.06.16 07:12:15.179,1.76791,1.76831,1.00,1.00
2017.06.16 07:12:15.469,1.76789,1.7683,1.00,1.00
2017.06.16 07:12:17.239,1.76789,1.76832,1.00,1.00
2017.06.16 07:12:17.290,1.76791,1.76832,1.00,1.00
2017.06.16 07:12:17.595,1.76796,1.76835,1.00,1.00
2017.06.16 07:12:18.105,1.76794,1.7683,1.00,1.00
2017.06.16 07:12:18.206,1.7679,1.76828,1.00,1.00
2017.06.16 07:12:18.308,1.76787,1.76828,1.00,1.00
2017.06.16 07:12:18.465,1.76789,1.76829,1.00,1.00
2017.06.16 07:12:18.617,1.76789,1.76831,1.00,1.00
2017.06.16 07:12:19.278,1.7679,1.76831,1.00,1.00
2017.06.16 07:12:20.076,1.7679,1.7683,1.00,1.00
2017.06.16 07:12:21.101,1.76791,1.7683,1.00,1.00
2017.06.16 07:12:21.271,1.76793,1.76832,1.00,1.00
2017.06.16 07:12:21.608,1.76796,1.76834,1.00,1.00
2017.06.16 07:12:23.872,1.76794,1.76834,1.00,1.00
2017.06.16 07:12:26.511,1.76794,1.76832,1.00,1.00
2017.06.16 07:12:26.791,1.76792,1.76832,1.00,1.00
2017.06.16 07:12:27.044,1.76792,1.76834,1.00,1.00
2017.06.16 07:12:27.306,1.76795,1.76834,1.00,1.00
2017.06.16 07:12:27.357,1.76795,1.76837,1.00,1.00
2017.06.16 07:12:27.408,1.76799,1.7684,1.00,2.62
2017.06.16 07:12:27.729,1.76802,1.76841,1.00,1.00
2017.06.16 07:12:27.985,1.76798,1.76839,1.00,1.00
2017.06.16 07:12:28.087,1.76801,1.76838,1.00,1.00
2017.06.16 07:12:28.392,1.76802,1.7684,1.00,1.00
2017.06.16 07:12:29.431,1.76802,1.76841,1.00,1.50
2017.06.16 07:12:29.683,1.76802,1.76839,1.00,1.00
2017.06.16 07:12:30.185,1.76801,1.76839,1.00,1.00
2017.06.16 07:12:31.410,1.76799,1.76837,1.00,1.00
2017.06.16 07:12:35.058,1.76799,1.76839,1.00,1.00
2017.06.16 07:12:35.595,1.76799,1.76838,1.00,1.00
2017.06.16 07:12:37.681,1.76799,1.7684,1.00,1.00
2017.06.16 07:12:37.913,1.76804,1.76841,1.00,1.00
2017.06.16 07:12:37.964,1.76804,1.76843,1.00,1.00
2017.06.16 07:12:38.193,1.76807,1.76843,1.00,1.00
2017.06.16 07:12:38.929,1.76807,1.76845,1.00,1.00
2017.06.16 07:12:39.234,1.7681,1.76845,1.00,1.00
2017.06.16 07:12:39.412,1.7681,1.76848,1.00,1.00
2017.06.16 07:12:39.463,1.76815,1.76851,1.00,1.00
2017.06.16 07:12:39.716,1.76813,1.76851,1.00,1.00
2017.06.16 07:12:40.629,1.76813,1.76846,1.00,1.00
2017.06.16 07:12:40.731,1.76808,1.76846,1.00,1.00
2017.06.16 07:12:41.344,1.76808,1.76845,1.00,1.00
2017.06.16 07:12:43.156,1.76808,1.76844,1.00,1.00
2017.06.16 07:12:43.258,1.76808,1.76842,1.00,1.00
2017.06.16 07:12:43.309,1.76806,1.76842,1.00,1.00
2017.06.16 07:12:43.361,1.76806,1.7684,1.00,1.00
2017.06.16 07:12:43.412,1.768,1.76841,1.00,1.00
2017.06.16 07:12:43.513,1.76804,1.76843,1.00,1.00
2017.06.16 07:12:44.000,1.76806,1.76843,1.00,1.00
2017.06.16 07:12:44.548,1.76807,1.76844,1.00,1.00
2017.06.16 07:12:45.095,1.76807,1.76848,1.00,1.00
2017.06.16 07:12:45.146,1.76811,1.76851,1.00,1.00
2017.06.16 07:12:45.557,1.76814,1.7685,1.00,1.00
2017.06.16 07:12:47.233,1.76814,1.76849,1.00,1.00
2017.06.16 07:12:47.537,1.7681,1.76844,1.00,1.00
2017.06.16 07:12:47.792,1.76807,1.76842,1.00,1.00
2017.06.16 07:12:47.843,1.76804,1.76841,1.00,1.00
2017.06.16 07:12:48.150,1.76807,1.76845,1.00,1.00
2017.06.16 07:12:48.784,1.76807,1.76844,1.00,1.00
2017.06.16 07:12:48.938,1.76807,1.76846,1.00,1.00
2017.06.16 07:12:48.989,1.76807,1.76844,1.00,1.00
2017.06.16 07:12:49.327,1.76807,1.76842,1.00,1.00
2017.06.16 07:12:49.409,1.76805,1.76842,1.00,1.00
2017.06.16 07:12:50.713,1.76805,1.76841,1.00,1.00
2017.06.16 07:12:50.943,1.76803,1.76841,1.00,1.00
2017.06.16 07:12:51.515,1.76803,1.7684,1.00,1.00
2017.06.16 07:12:51.617,1.76802,1.76837,1.00,1.00
2017.06.16 07:12:51.718,1.76797,1.76836,1.00,1.00
2017.06.16 07:12:51.769,1.76797,1.76834,1.00,1.00
2017.06.16 07:12:51.871,1.768,1.76838,1.00,1.00
2017.06.16 07:12:51.922,1.76802,1.76836,1.00,1.00
2017.06.16 07:12:52.125,1.76796,1.76832,1.00,1.00
2017.06.16 07:12:52.176,1.76796,1.76834,1.00,1.00
2017.06.16 07:12:52.386,1.76796,1.76828,1.00,1.00
2017.06.16 07:12:52.437,1.76793,1.76829,1.00,1.00
2017.06.16 07:12:52.488,1.76793,1.76826,1.00,1.00
2017.06.16 07:12:52.641,1.76782,1.76822,1.00,1.00
2017.06.16 07:12:52.844,1.76786,1.76821,1.00,1.50
2017.06.16 07:12:52.945,1.76784,1.7682,1.00,1.50
2017.06.16 07:12:52.996,1.76784,1.76822,1.00,1.50
2017.06.16 07:12:53.047,1.76786,1.76822,1.00,1.00
2017.06.16 07:12:53.352,1.76784,1.76818,1.00,1.00
2017.06.16 07:12:53.403,1.76784,1.7682,1.00,1.00
2017.06.16 07:12:53.455,1.76783,1.76822,1.00,1.00
2017.06.16 07:12:53.506,1.76783,1.76825,1.00,1.50
2017.06.16 07:12:53.557,1.76789,1.76825,1.00,1.00
2017.06.16 07:12:53.868,1.76793,1.76827,1.00,1.00
2017.06.16 07:12:53.920,1.76791,1.76827,1.00,1.00
2017.06.16 07:12:54.451,1.7679,1.76827,1.00,1.50
2017.06.16 07:12:54.716,1.76788,1.76827,1.00,1.50
2017.06.16 07:12:54.973,1.76788,1.76825,1.00,1.00
2017.06.16 07:12:55.450,1.7679,1.76825,1.00,1.00
2017.06.16 07:12:55.754,1.76788,1.76825,1.00,1.00
2017.06.16 07:12:56.399,1.76789,1.76825,1.00,1.00
2017.06.16 07:12:57.509,1.76789,1.76827,1.00,1.00
2017.06.16 07:12:57.611,1.76789,1.76829,1.00,1.50
2017.06.16 07:12:57.662,1.76792,1.76828,1.00,1.00
2017.06.16 07:12:57.865,1.76788,1.76828,1.00,1.00
2017.06.16 07:12:58.940,1.76788,1.76826,1.00,1.00
2017.06.16 07:12:59.041,1.76781,1.76824,1.50,1.00
2017.06.16 07:12:59.194,1.76781,1.76826,1.50,1.00
2017.06.16 07:12:59.245,1.76786,1.76827,1.00,1.00
2017.06.16 07:12:59.647,1.76783,1.76824,1.00,1.00
2017.06.16 07:12:59.974,1.76785,1.76824,1.00,1.00
2017.06.16 07:13:01.024,1.76785,1.76825,1.00,1.50
2017.06.16 07:13:01.075,1.76782,1.76825,1.00,1.00
2017.06.16 07:13:01.126,1.76784,1.76827,1.00,1.50
2017.06.16 07:13:01.430,1.76784,1.76825,1.00,1.00
2017.06.16 07:13:01.773,1.76787,1.76824,1.00,1.00
2017.06.16 07:13:02.086,1.76784,1.76821,1.00,1.50
2017.06.16 07:13:02.442,1.76784,1.76819,1.00,1.00
2017.06.16 07:13:02.645,1.76772,1.76811,1.50,1.00
2017.06.16 07:13:03.151,1.76775,1.76818,1.00,1.00
2017.06.16 07:13:03.253,1.76783,1.7682,1.00,1.00
2017.06.16 07:13:03.457,1.7678,1.76818,1.00,1.00
2017.06.16 07:13:03.761,1.76782,1.76818,1.00,1.50
2017.06.16 07:13:04.029,1.7678,1.76818,1.00,1.50
2017.06.16 07:13:04.681,1.7678,1.76821,1.00,1.00
2017.06.16 07:13:04.732,1.76783,1.76821,1.00,1.00
2017.06.16 07:13:05.046,1.7678,1.76819,1.00,1.00
2017.06.16 07:13:05.148,1.7678,1.76814,1.00,1.00
2017.06.16 07:13:05.251,1.76773,1.76809,1.00,1.00
2017.06.16 07:13:05.353,1.76771,1.76808,1.00,1.00
2017.06.16 07:13:05.454,1.76771,1.76804,1.00,1.00
2017.06.16 07:13:05.556,1.76768,1.76806,1.00,1.00
2017.06.16 07:13:05.764,1.7677,1.76807,1.00,1.00
2017.06.16 07:13:06.068,1.76773,1.76808,1.00,1.00
2017.06.16 07:13:06.706,1.76773,1.76809,1.00,1.00
2017.06.16 07:13:07.034,1.76771,1.76809,1.00,1.00
2017.06.16 07:13:07.382,1.76773,1.76809,1.00,1.00
2017.06.16 07:13:07.966,1.76773,1.7681,1.00,1.00
2017.06.16 07:13:08.314,1.76771,1.76808,1.00,1.00
2017.06.16 07:13:08.618,1.76767,1.76802,1.00,1.00
2017.06.16 07:13:08.743,1.76764,1.76802,1.00,1.00
2017.06.16 07:13:09.047,1.76761,1.76801,1.00,1.00
2017.06.16 07:13:09.456,1.76761,1.76804,1.00,2.25
2017.06.16 07:13:09.558,1.76765,1.76805,1.00,1.00
2017.06.16 07:13:09.871,1.76769,1.76804,1.00,1.00
2017.06.16 07:13:09.972,1.76766,1.76805,1.00,1.00
2017.06.16 07:13:10.449,1.76769,1.76805,1.00,1.00
2017.06.16 07:13:10.736,1.76766,1.76805,1.00,1.00
2017.06.16 07:13:10.971,1.76769,1.76807,1.00,1.00
2017.06.16 07:13:11.505,1.76769,1.76808,1.00,1.50
2017.06.16 07:13:12.048,1.76771,1.7681,1.00,1.00
2017.06.16 07:13:12.657,1.76771,1.76811,1.00,1.00
2017.06.16 07:13:12.961,1.76775,1.76814,1.00,1.50
2017.06.16 07:13:13.165,1.76779,1.76819,1.00,1.00
2017.06.16 07:13:13.267,1.76781,1.7682,1.00,1.50
2017.06.16 07:13:13.450,1.76778,1.76818,1.00,1.00
2017.06.16 07:13:13.501,1.76778,1.76816,1.00,1.00
2017.06.16 07:13:13.806,1.7678,1.76813,1.00,1.00
2017.06.16 07:13:14.139,1.76768,1.76801,1.00,1.00
2017.06.16 07:13:14.190,1.76764,1.76803,1.00,1.50
2017.06.16 07:13:14.241,1.76761,1.76803,1.00,1.50
2017.06.16 07:13:14.343,1.76763,1.76804,1.00,1.00
2017.06.16 07:13:14.394,1.76763,1.76806,1.00,1.00
2017.06.16 07:13:14.446,1.76769,1.76808,1.00,1.00
2017.06.16 07:13:15.226,1.76769,1.76809,1.00,1.00
2017.06.16 07:13:15.783,1.76769,1.7681,1.00,1.00
2017.06.16 07:13:16.561,1.76772,1.7681,1.00,1.00
2017.06.16 07:13:17.187,1.7677,1.7681,1.00,1.50
2017.06.16 07:13:17.396,1.7677,1.76808,1.00,1.00
2017.06.16 07:13:17.497,1.76767,1.76808,1.00,1.00
2017.06.16 07:13:17.748,1.7677,1.76808,1.00,1.00
2017.06.16 07:13:18.314,1.76769,1.76809,1.00,1.00
2017.06.16 07:13:18.617,1.76771,1.76802,1.00,1.50
2017.06.16 07:13:18.783,1.76761,1.76798,1.50,1.00
2017.06.16 07:13:18.834,1.76761,1.768,1.00,1.00
2017.06.16 07:13:19.351,1.76761,1.76799,1.00,1.00
2017.06.16 07:13:20.560,1.76762,1.76799,1.00,1.00
2017.06.16 07:13:20.868,1.7676,1.76799,1.00,1.00
2017.06.16 07:13:21.957,1.7676,1.76801,1.00,1.00
2017.06.16 07:13:22.058,1.7676,1.76798,1.00,1.00
2017.06.16 07:13:22.160,1.7676,1.768,1.00,1.50
2017.06.16 07:13:22.414,1.76762,1.76803,1.00,1.00
2017.06.16 07:13:22.516,1.76765,1.76803,1.00,1.00
2017.06.16 07:13:22.770,1.76774,1.76816,1.00,1.87
2017.06.16 07:13:22.821,1.76772,1.76816,1.50,1.37
2017.06.16 07:13:23.017,1.76773,1.76808,1.00,1.00
2017.06.16 07:13:23.068,1.76773,1.76812,1.00,1.00
2017.06.16 07:13:23.170,1.76771,1.76809,1.00,1.00
2017.06.16 07:13:23.474,1.76773,1.76808,1.00,1.00
2017.06.16 07:13:23.677,1.76773,1.7681,1.00,1.00
2017.06.16 07:13:24.003,1.76773,1.76812,1.00,1.00
2017.06.16 07:13:24.265,1.76775,1.76812,1.00,1.00
2017.06.16 07:13:24.594,1.76777,1.76813,1.00,1.00
2017.06.16 07:13:27.350,1.76776,1.76813,1.00,1.00
2017.06.16 07:13:27.655,1.76778,1.76811,1.00,1.00
2017.06.16 07:13:27.706,1.76778,1.76813,1.00,1.00
2017.06.16 07:13:30.476,1.76778,1.76815,1.00,1.00
2017.06.16 07:13:31.099,1.76777,1.76816,1.00,1.00
2017.06.16 07:13:31.266,1.76777,1.76819,1.00,1.00
2017.06.16 07:13:32.097,1.76776,1.76819,1.00,1.00
2017.06.16 07:13:34.613,1.76777,1.76819,1.00,1.00
2017.06.16 07:13:35.414,1.76776,1.76819,1.00,1.12
2017.06.16 07:13:35.465,1.76778,1.76819,1.00,1.37
2017.06.16 07:13:35.517,1.76779,1.76823,1.00,1.87
2017.06.16 07:13:35.619,1.7678,1.76818,1.00,1.00
2017.06.16 07:13:35.720,1.76782,1.76823,1.00,2.25
2017.06.16 07:13:35.883,1.76782,1.7682,1.00,1.00
2017.06.16 07:13:35.934,1.76779,1.7682,1.00,1.00
2017.06.16 07:13:36.474,1.76779,1.76821,1.00,1.12
2017.06.16 07:13:37.021,1.7678,1.76821,1.00,1.00
2017.06.16 07:13:37.551,1.76781,1.76821,1.00,1.00
2017.06.16 07:13:37.653,1.76779,1.76822,1.00,1.00
2017.06.16 07:13:37.704,1.7678,1.7682,1.00,1.00
2017.06.16 07:13:37.806,1.76779,1.76822,1.00,1.00
2017.06.16 07:13:37.908,1.76781,1.76822,1.00,1.00
2017.06.16 07:13:38.060,1.76786,1.76828,1.00,1.00
2017.06.16 07:13:38.583,1.76786,1.76829,1.00,1.12
2017.06.16 07:13:39.826,1.7679,1.76829,1.00,1.00
2017.06.16 07:13:39.877,1.76791,1.76834,1.00,1.37
2017.06.16 07:13:40.285,1.76792,1.76837,1.00,1.00
2017.06.16 07:13:40.696,1.76793,1.76837,1.00,1.37
2017.06.16 07:13:41.221,1.76792,1.76837,1.00,1.37
2017.06.16 07:13:41.605,1.76792,1.76833,1.00,1.00
2017.06.16 07:13:42.215,1.76792,1.76835,1.00,1.37
2017.06.16 07:13:42.905,1.76793,1.76835,1.00,1.37
2017.06.16 07:13:43.311,1.76797,1.76837,1.00,1.00
2017.06.16 07:13:43.412,1.768,1.76842,1.00,1.37
2017.06.16 07:13:43.514,1.76796,1.7684,1.00,2.21
2017.06.16 07:13:43.709,1.76792,1.76832,1.00,1.00
2017.06.16 07:13:43.810,1.76788,1.76832,1.00,1.37
2017.06.16 07:13:43.912,1.76786,1.76828,1.00,1.12
2017.06.16 07:13:44.225,1.76789,1.76828,1.00,1.12
2017.06.16 07:13:44.428,1.76789,1.7683,1.00,1.00
2017.06.16 07:13:44.529,1.76788,1.7683,1.00,1.37
2017.06.16 07:13:44.580,1.76786,1.7683,1.00,1.37
2017.06.16 07:13:44.682,1.76787,1.7683,1.00,1.00
2017.06.16 07:13:44.733,1.7679,1.7683,1.00,1.00
2017.06.16 07:13:45.043,1.76816,1.76854,1.00,1.75
2017.06.16 07:13:45.196,1.76816,1.76858,1.00,1.00
2017.06.16 07:13:45.298,1.76816,1.76855,1.00,1.50
2017.06.16 07:13:45.349,1.76812,1.76854,1.50,1.00
2017.06.16 07:13:45.502,1.7681,1.76854,1.50,1.00
2017.06.16 07:13:45.704,1.76812,1.76854,1.00,1.00
2017.06.16 07:13:46.061,1.76813,1.76852,1.00,1.00
2017.06.16 07:13:46.314,1.76806,1.7685,1.00,1.87
2017.06.16 07:13:46.416,1.76804,1.76847,1.00,1.00
2017.06.16 07:13:46.642,1.76806,1.76851,1.00,1.12
2017.06.16 07:13:46.693,1.76808,1.76851,1.00,1.12
2017.06.16 07:13:46.997,1.76805,1.76846,1.00,1.00
2017.06.16 07:13:47.099,1.76806,1.7685,1.00,1.00
2017.06.16 07:13:47.620,1.76809,1.7685,1.00,1.00
2017.06.16 07:13:47.940,1.76811,1.76849,1.00,1.00
2017.06.16 07:13:48.143,1.7681,1.76851,1.00,1.00
2017.06.16 07:13:48.316,1.76808,1.76848,1.00,1.00
2017.06.16 07:13:48.644,1.76811,1.76849,1.00,1.00
2017.06.16 07:13:48.936,1.76812,1.76852,1.00,1.00
2017.06.16 07:13:49.241,1.7681,1.76849,1.00,1.00
2017.06.16 07:13:49.570,1.76803,1.7684,1.00,1.00
2017.06.16 07:13:50.197,1.76803,1.76841,1.00,1.00
2017.06.16 07:13:50.589,1.76806,1.76841,1.00,1.00
2017.06.16 07:13:50.640,1.76806,1.76843,1.00,1.00
2017.06.16 07:13:51.121,1.76807,1.76845,1.00,1.00
2017.06.16 07:13:51.630,1.7681,1.76845,1.00,1.00
2017.06.16 07:13:51.731,1.76815,1.76853,1.00,1.50
2017.06.16 07:13:51.884,1.76813,1.76853,1.00,1.50
2017.06.16 07:13:51.987,1.76812,1.7685,1.00,1.00
2017.06.16 07:13:52.038,1.76813,1.76852,1.00,1.00
2017.06.16 07:13:52.544,1.76813,1.76853,1.00,1.00
2017.06.16 07:13:52.810,1.76811,1.76853,1.00,1.12
2017.06.16 07:13:52.862,1.76809,1.76853,1.00,1.37
2017.06.16 07:13:52.963,1.76806,1.76847,1.00,1.87
2017.06.16 07:13:53.014,1.76801,1.76844,1.50,1.37
2017.06.16 07:13:53.066,1.76801,1.76844,1.00,2.96
2017.06.16 07:13:53.194,1.76792,1.76831,1.00,1.00
2017.06.16 07:13:53.245,1.76789,1.76821,1.00,1.00
2017.06.16 07:13:53.296,1.7678,1.76821,1.75,1.37
2017.06.16 07:13:53.348,1.76774,1.76814,1.37,1.00
2017.06.16 07:13:53.399,1.76777,1.76814,1.00,1.00
2017.06.16 07:13:53.501,1.76775,1.76817,1.50,1.00
2017.06.16 07:13:53.603,1.76773,1.76812,1.00,1.00
2017.06.16 07:13:53.804,1.76773,1.76814,1.00,1.00
2017.06.16 07:13:53.956,1.76771,1.76814,1.00,1.00
2017.06.16 07:13:54.007,1.76768,1.76807,1.00,1.00
2017.06.16 07:13:54.336,1.76767,1.76809,1.00,1.00
2017.06.16 07:13:54.540,1.76765,1.76807,1.50,1.00
2017.06.16 07:13:54.844,1.76766,1.76805,1.00,1.00
2017.06.16 07:13:55.390,1.76767,1.76805,1.00,1.00
2017.06.16 07:13:55.895,1.76763,1.76805,1.50,1.00
2017.06.16 07:13:56.047,1.76758,1.76801,1.00,1.00
2017.06.16 07:13:56.098,1.76758,1.76799,1.00,1.12
2017.06.16 07:13:56.301,1.76751,1.76793,1.50,1.00
2017.06.16 07:13:56.920,1.76753,1.76796,1.00,1.00
2017.06.16 07:13:56.971,1.76767,1.76796,1.00,1.00
2017.06.16 07:13:57.023,1.76773,1.76811,1.00,1.75
2017.06.16 07:13:57.125,1.76778,1.76818,1.00,1.00
2017.06.16 07:13:57.227,1.76783,1.76825,1.00,1.37
2017.06.16 07:13:57.278,1.76784,1.76826,1.00,1.00
2017.06.16 07:13:57.329,1.7679,1.76829,1.00,1.00
2017.06.16 07:13:57.740,1.76781,1.76817,1.00,1.00
2017.06.16 07:13:58.044,1.76776,1.76812,1.50,1.00
2017.06.16 07:13:58.316,1.76776,1.76814,1.50,1.00
2017.06.16 07:13:58.824,1.76776,1.76813,1.00,1.00
2017.06.16 07:13:58.972,1.76776,1.76815,1.50,1.00
2017.06.16 07:13:59.024,1.76776,1.76817,1.50,1.50
2017.06.16 07:13:59.127,1.76779,1.76818,1.00,1.00
2017.06.16 07:13:59.432,1.76776,1.76819,1.00,1.50
2017.06.16 07:13:59.616,1.76776,1.76816,1.00,1.50
2017.06.16 07:13:59.965,1.76776,1.76814,1.00,1.00
2017.06.16 07:14:00.220,1.76776,1.76817,1.00,1.00
2017.06.16 07:14:00.322,1.76776,1.76815,1.00,1.00
2017.06.16 07:14:00.525,1.76776,1.76819,1.50,1.00
2017.06.16 07:14:01.065,1.76776,1.76816,1.50,1.00
2017.06.16 07:14:01.217,1.76776,1.76818,1.00,1.00
2017.06.16 07:14:01.357,1.76778,1.76819,1.00,1.00
2017.06.16 07:14:01.625,1.76777,1.76821,1.00,1.50
2017.06.16 07:14:01.964,1.76776,1.76819,1.50,1.00
2017.06.16 07:14:02.268,1.76777,1.76817,1.00,1.00
2017.06.16 07:14:02.485,1.76778,1.76819,1.00,1.00
2017.06.16 07:14:02.587,1.76779,1.76821,1.00,1.00
2017.06.16 07:14:03.121,1.76779,1.76822,1.00,1.00
2017.06.16 07:14:03.223,1.76781,1.76822,1.00,1.00
2017.06.16 07:14:03.551,1.76787,1.76828,1.00,1.00
2017.06.16 07:14:03.652,1.76784,1.76826,1.00,1.00
2017.06.16 07:14:03.917,1.76786,1.76826,1.00,1.00
2017.06.16 07:14:04.219,1.76783,1.76826,1.00,1.00
2017.06.16 07:14:05.016,1.76783,1.76827,1.00,1.00
2017.06.16 07:14:05.364,1.76786,1.76827,1.00,1.50
2017.06.16 07:14:05.876,1.76786,1.76822,1.00,1.00
2017.06.16 07:14:06.189,1.76786,1.76818,1.00,1.00
2017.06.16 07:14:06.240,1.76782,1.76815,1.00,1.00
2017.06.16 07:14:06.291,1.76782,1.76817,1.00,1.00
2017.06.16 07:14:06.393,1.76778,1.76814,1.12,1.00
2017.06.16 07:14:06.444,1.76775,1.76814,2.25,1.00
2017.06.16 07:14:06.546,1.76778,1.76816,1.00,1.00
2017.06.16 07:14:06.648,1.76775,1.76815,1.50,1.00
2017.06.16 07:14:06.750,1.76777,1.76815,1.00,1.00
2017.06.16 07:14:07.003,1.76778,1.76818,1.00,1.00
2017.06.16 07:14:07.444,1.76781,1.76818,1.00,1.00
2017.06.16 07:14:07.597,1.76782,1.7682,1.00,1.00
2017.06.16 07:14:08.151,1.76782,1.76819,1.00,1.00
2017.06.16 07:14:08.429,1.76784,1.76821,1.00,1.00
2017.06.16 07:14:08.798,1.76786,1.76821,1.00,1.00
2017.06.16 07:14:09.052,1.76788,1.76825,1.00,1.00
2017.06.16 07:14:09.380,1.76788,1.7682,1.00,1.00
2017.06.16 07:14:09.431,1.76785,1.7682,1.12,1.00
2017.06.16 07:14:09.640,1.76783,1.7682,1.00,1.00
2017.06.16 07:14:10.215,1.76782,1.7682,1.00,1.00
2017.06.16 07:14:10.266,1.76782,1.76822,1.00,1.00
2017.06.16 07:14:10.368,1.76782,1.76819,1.50,1.00
2017.06.16 07:14:10.904,1.76782,1.7682,1.00,1.00
2017.06.16 07:14:11.438,1.76782,1.76821,1.00,1.00
2017.06.16 07:14:12.186,1.76782,1.7682,1.50,1.00
2017.06.16 07:14:12.966,1.76782,1.76816,1.50,1.00
2017.06.16 07:14:13.119,1.76778,1.76814,1.00,1.00
2017.06.16 07:14:13.170,1.76776,1.76814,1.00,1.00
2017.06.16 07:14:13.336,1.76776,1.76812,1.00,1.00
2017.06.16 07:14:13.553,1.76774,1.76813,1.00,1.00
2017.06.16 07:14:13.658,1.76772,1.76813,1.50,1.00
2017.06.16 07:14:14.467,1.76775,1.76813,1.00,1.00
2017.06.16 07:14:14.795,1.76776,1.76811,1.00,1.00
2017.06.16 07:14:14.846,1.76773,1.76811,1.00,1.00
2017.06.16 07:14:15.357,1.76772,1.7681,1.00,1.00
2017.06.16 07:14:16.175,1.76772,1.76811,1.00,1.00
2017.06.16 07:14:16.226,1.76772,1.76809,1.00,1.00
2017.06.16 07:14:16.816,1.76772,1.7681,1.00,1.00
2017.06.16 07:14:18.715,1.76772,1.76809,1.00,1.00
2017.06.16 07:14:19.237,1.76772,1.7681,1.50,1.00
2017.06.16 07:14:19.608,1.76772,1.76808,1.00,1.00
2017.06.16 07:14:19.659,1.7677,1.76808,1.00,1.00
2017.06.16 07:14:20.652,1.7677,1.76812,1.00,1.00
2017.06.16 07:14:20.754,1.76773,1.76812,1.00,1.00
2017.06.16 07:14:21.074,1.76772,1.76808,1.00,1.00
2017.06.16 07:14:21.272,1.76769,1.76808,1.00,1.00
2017.06.16 07:14:21.915,1.76769,1.76809,1.00,1.00
2017.06.16 07:14:21.966,1.76771,1.76808,1.00,1.00
2017.06.16 07:14:22.068,1.76769,1.76808,1.00,1.00
2017.06.16 07:14:22.373,1.7677,1.7681,1.00,1.00
2017.06.16 07:14:22.565,1.7677,1.76808,1.00,1.00
2017.06.16 07:14:23.191,1.7677,1.76807,1.00,1.00
2017.06.16 07:14:23.662,1.7677,1.76809,1.00,1.00
2017.06.16 07:14:24.234,1.7677,1.76808,1.00,1.00
2017.06.16 07:14:25.717,1.7677,1.76809,1.00,1.00
2017.06.16 07:14:26.240,1.7677,1.7681,1.00,1.00
2017.06.16 07:14:26.745,1.76769,1.76812,1.00,1.50
2017.06.16 07:14:26.925,1.76769,1.7681,1.00,1.00
2017.06.16 07:14:27.355,1.76772,1.7681,1.00,1.00
2017.06.16 07:14:27.465,1.76772,1.76812,1.00,1.00
2017.06.16 07:14:27.516,1.76772,1.7681,1.00,1.00
2017.06.16 07:14:28.654,1.76773,1.7681,1.00,1.00
2017.06.16 07:14:29.284,1.76773,1.76811,1.00,1.00
2017.06.16 07:14:30.464,1.76773,1.76812,1.00,1.00
2017.06.16 07:14:30.667,1.76771,1.76812,1.00,1.00
2017.06.16 07:14:31.592,1.76771,1.76811,1.00,1.00
2017.06.16 07:14:32.465,1.76772,1.76811,1.00,1.00
2017.06.16 07:14:32.643,1.76772,1.76807,1.00,1.00
2017.06.16 07:14:32.789,1.7677,1.76807,1.00,1.00
2017.06.16 07:14:32.995,1.76768,1.76807,1.00,1.00
2017.06.16 07:14:33.214,1.76768,1.76809,1.00,1.00
2017.06.16 07:14:33.910,1.76768,1.76808,1.00,1.00
2017.06.16 07:14:34.434,1.76768,1.76807,1.00,1.00
2017.06.16 07:14:34.890,1.76765,1.76799,1.50,1.00
2017.06.16 07:14:35.044,1.7676,1.76795,1.00,1.00
2017.06.16 07:14:35.095,1.76755,1.76795,1.00,1.00
2017.06.16 07:14:35.146,1.76755,1.76792,1.00,1.00
2017.06.16 07:14:35.308,1.76751,1.76792,1.00,1.00
2017.06.16 07:14:35.359,1.76751,1.7679,1.00,1.00
2017.06.16 07:14:35.497,1.76743,1.76785,1.00,1.00
2017.06.16 07:14:35.557,1.76741,1.7678,1.00,1.00
2017.06.16 07:14:35.810,1.76736,1.76776,1.50,1.00
2017.06.16 07:14:35.962,1.76736,1.76773,1.00,1.00
2017.06.16 07:14:36.013,1.76734,1.76773,1.00,1.00
2017.06.16 07:14:36.064,1.76736,1.76773,1.00,1.00
2017.06.16 07:14:37.065,1.76734,1.76773,1.00,1.00
2017.06.16 07:14:38.919,1.76734,1.7677,1.00,1.00
2017.06.16 07:14:38.970,1.7673,1.7677,1.00,1.00
2017.06.16 07:14:39.631,1.7673,1.76769,1.00,1.00
2017.06.16 07:14:39.945,1.7673,1.76767,1.00,1.37
2017.06.16 07:14:40.249,1.76735,1.76774,1.00,1.75
2017.06.16 07:14:40.562,1.76738,1.76775,1.00,1.75
2017.06.16 07:14:40.971,1.76735,1.76775,1.00,1.75
2017.06.16 07:14:41.549,1.76735,1.76776,1.00,1.00
2017.06.16 07:14:42.319,1.76737,1.76776,1.00,1.00
2017.06.16 07:14:43.861,1.76737,1.76775,1.00,1.00
2017.06.16 07:14:44.574,1.76737,1.76776,1.00,1.00
2017.06.16 07:14:45.183,1.76738,1.76776,1.00,1.00
2017.06.16 07:14:45.814,1.76738,1.76777,1.00,1.00
2017.06.16 07:14:46.777,1.76739,1.76777,1.00,1.00
2017.06.16 07:14:47.618,1.76738,1.76776,1.00,1.00
2017.06.16 07:14:47.720,1.76735,1.76776,1.00,1.00
2017.06.16 07:14:48.016,1.76737,1.76776,1.00,1.00
2017.06.16 07:14:48.169,1.76737,1.76778,1.00,1.00
2017.06.16 07:14:48.271,1.76738,1.7678,1.00,1.00
2017.06.16 07:14:48.535,1.76739,1.76778,1.00,1.00
2017.06.16 07:14:48.878,1.76741,1.76778,1.00,1.00
2017.06.16 07:14:49.381,1.7674,1.76779,1.00,1.00
2017.06.16 07:14:49.815,1.7674,1.76777,1.00,1.00
2017.06.16 07:14:49.916,1.76738,1.76776,1.00,1.00
2017.06.16 07:14:50.018,1.76734,1.76776,1.87,1.00
2017.06.16 07:14:51.524,1.76734,1.76774,1.12,1.00
2017.06.16 07:14:51.677,1.76728,1.76769,1.00,1.00
2017.06.16 07:14:51.830,1.76726,1.76767,1.37,1.00
2017.06.16 07:14:52.364,1.76726,1.76767,1.00,1.00
2017.06.16 07:14:52.466,1.76721,1.76766,1.00,1.00
2017.06.16 07:14:53.072,1.76721,1.76765,1.00,1.00
2017.06.16 07:14:53.734,1.76721,1.76764,1.00,1.00
2017.06.16 07:14:54.284,1.76721,1.76765,1.00,1.00
2017.06.16 07:14:54.385,1.76721,1.76767,1.00,1.00
2017.06.16 07:14:54.936,1.76721,1.76768,1.50,1.00
2017.06.16 07:14:55.037,1.76722,1.76771,1.00,1.00
2017.06.16 07:14:55.088,1.76728,1.76771,1.00,1.00
2017.06.16 07:14:55.212,1.76728,1.76773,1.00,1.00
2017.06.16 07:14:55.263,1.7673,1.76773,1.00,1.00
2017.06.16 07:14:55.569,1.76728,1.76768,1.00,1.00
2017.06.16 07:14:55.823,1.76721,1.76763,1.00,1.00
2017.06.16 07:14:56.130,1.76721,1.76765,1.37,1.00
2017.06.16 07:14:56.455,1.76727,1.76768,1.00,1.00
2017.06.16 07:14:56.607,1.76723,1.76768,1.50,1.00
2017.06.16 07:14:56.809,1.76723,1.76766,1.50,1.00
2017.06.16 07:14:57.364,1.76722,1.76765,1.87,1.00
2017.06.16 07:14:57.415,1.76722,1.76765,1.12,1.00
2017.06.16 07:14:57.965,1.76722,1.76764,1.00,1.00
2017.06.16 07:14:59.012,1.76722,1.76763,1.00,1.00
2017.06.16 07:14:59.115,1.76722,1.76759,1.00,1.00
2017.06.16 07:14:59.267,1.76718,1.76764,1.00,1.00
2017.06.16 07:14:59.369,1.76719,1.76762,1.00,1.00
2017.06.16 07:14:59.421,1.76717,1.76763,1.12,1.00
2017.06.16 07:14:59.472,1.76717,1.76757,1.12,1.00
2017.06.16 07:14:59.732,1.7671,1.76757,1.37,1.75
2017.06.16 07:14:59.885,1.7671,1.76752,1.12,1.00
2017.06.16 07:15:00.038,1.76707,1.76752,1.00,1.00
2017.06.16 07:15:00.175,1.76707,1.76749,1.00,1.00
2017.06.16 07:15:00.283,1.76707,1.76751,1.00,1.00
2017.06.16 07:15:00.435,1.76707,1.76749,1.37,1.00
2017.06.16 07:15:00.496,1.76707,1.76752,1.37,1.50
2017.06.16 07:15:00.874,1.76706,1.7674,1.12,1.00
2017.06.16 07:15:00.975,1.76696,1.76735,1.00,1.37
2017.06.16 07:15:01.078,1.76688,1.7673,1.12,1.00
2017.06.16 07:15:01.132,1.76687,1.76732,1.87,1.00
2017.06.16 07:15:01.710,1.76688,1.76731,1.00,1.00
2017.06.16 07:15:02.254,1.76687,1.76732,1.00,1.00
2017.06.16 07:15:02.814,1.76687,1.76733,1.00,1.00
2017.06.16 07:15:03.339,1.76687,1.76735,1.00,1.37
2017.06.16 07:15:03.644,1.76687,1.76732,1.00,1.00
2017.06.16 07:15:04.289,1.76687,1.76731,1.00,1.00
2017.06.16 07:15:04.401,1.76687,1.76733,1.00,1.00
2017.06.16 07:15:05.705,1.76687,1.76734,1.00,1.00
2017.06.16 07:15:07.438,1.76687,1.76733,1.00,1.00
2017.06.16 07:15:08.476,1.76687,1.76734,1.00,1.00
2017.06.16 07:15:08.528,1.76686,1.7673,1.00,1.00
2017.06.16 07:15:08.845,1.76678,1.76727,1.00,1.87
2017.06.16 07:15:09.150,1.76684,1.7673,1.00,1.75
2017.06.16 07:15:09.901,1.76685,1.76733,1.00,2.25
2017.06.16 07:15:10.053,1.76685,1.76733,1.00,1.50
2017.06.16 07:15:10.415,1.76693,1.76737,1.00,1.00
2017.06.16 07:15:10.806,1.76697,1.76745,2.25,1.50
2017.06.16 07:15:10.908,1.76695,1.76741,1.00,1.12
2017.06.16 07:15:11.162,1.76693,1.76742,1.50,1.37
2017.06.16 07:15:11.264,1.76695,1.76744,1.00,1.37
2017.06.16 07:15:11.579,1.76697,1.76743,1.00,1.37
2017.06.16 07:15:11.733,1.76705,1.76751,1.00,1.50
2017.06.16 07:15:11.907,1.76702,1.76748,1.00,1.00
2017.06.16 07:15:11.958,1.767,1.76748,1.00,1.50
2017.06.16 07:15:12.009,1.76704,1.76748,1.00,1.00
2017.06.16 07:15:12.112,1.76702,1.76749,1.00,1.00
2017.06.16 07:15:12.163,1.76704,1.76749,1.00,1.00
2017.06.16 07:15:12.392,1.76702,1.76748,1.00,1.00
2017.06.16 07:15:12.443,1.767,1.76744,1.00,1.00
2017.06.16 07:15:12.597,1.76697,1.76743,1.00,1.00
2017.06.16 07:15:12.800,1.76699,1.76745,1.00,1.50
2017.06.16 07:15:13.129,1.76702,1.7675,1.50,1.00
2017.06.16 07:15:13.332,1.76702,1.76747,1.00,1.00
2017.06.16 07:15:13.687,1.76702,1.76749,1.00,1.00
2017.06.16 07:15:13.840,1.76698,1.76745,1.00,1.00
2017.06.16 07:15:14.141,1.76689,1.76736,1.00,1.00
2017.06.16 07:15:14.496,1.76689,1.76733,1.00,1.00
2017.06.16 07:15:14.640,1.7669,1.76736,1.50,1.00
2017.06.16 07:15:14.741,1.76695,1.76738,1.00,1.00
2017.06.16 07:15:15.179,1.76695,1.76741,1.50,1.00
2017.06.16 07:15:15.230,1.76696,1.76743,1.00,1.00
2017.06.16 07:15:15.333,1.76695,1.7674,1.50,1.00
2017.06.16 07:15:15.488,1.76696,1.76743,1.00,1.00
2017.06.16 07:15:15.540,1.76697,1.7674,1.00,1.00
2017.06.16 07:15:15.642,1.76695,1.7674,1.50,1.00
2017.06.16 07:15:15.693,1.76695,1.76743,1.50,1.00
2017.06.16 07:15:15.948,1.76697,1.76742,1.00,1.00
2017.06.16 07:15:16.254,1.76701,1.76743,1.00,1.00
2017.06.16 07:15:16.616,1.76701,1.7674,1.00,1.00
2017.06.16 07:15:16.667,1.76698,1.76738,1.00,1.00
2017.06.16 07:15:16.769,1.76696,1.76739,1.00,1.00
2017.06.16 07:15:16.820,1.76696,1.76741,1.00,1.00
2017.06.16 07:15:16.922,1.76696,1.76739,1.00,1.00
2017.06.16 07:15:17.241,1.76695,1.76737,1.00,1.00
2017.06.16 07:15:17.343,1.76695,1.76739,1.00,1.00
2017.06.16 07:15:17.532,1.76695,1.76742,1.00,1.00
2017.06.16 07:15:17.584,1.76696,1.76737,1.00,1.00
2017.06.16 07:15:17.686,1.76695,1.76739,1.00,1.00
2017.06.16 07:15:18.205,1.76695,1.76738,1.00,1.00
2017.06.16 07:15:18.771,1.76695,1.76739,1.00,1.00
2017.06.16 07:15:18.822,1.76695,1.76737,1.00,1.00
2017.06.16 07:15:19.206,1.76695,1.76739,1.00,1.00
2017.06.16 07:15:19.359,1.76695,1.76742,1.00,1.00
2017.06.16 07:15:19.461,1.76698,1.76744,1.00,1.00
2017.06.16 07:15:19.783,1.76697,1.76739,1.00,1.00
2017.06.16 07:15:19.834,1.76696,1.76743,1.50,1.00
2017.06.16 07:15:19.935,1.76696,1.7674,1.00,1.00
2017.06.16 07:15:20.342,1.76696,1.76737,1.00,1.00
2017.06.16 07:15:20.596,1.76695,1.76739,1.50,1.00
2017.06.16 07:15:20.648,1.76698,1.7674,1.00,1.00
2017.06.16 07:15:20.988,1.76696,1.76737,1.00,1.00
2017.06.16 07:15:21.261,1.76696,1.76739,1.00,1.00
2017.06.16 07:15:21.785,1.76697,1.76738,1.00,1.00
2017.06.16 07:15:22.045,1.76697,1.76741,1.00,1.00
2017.06.16 07:15:22.133,1.767,1.76741,1.00,1.00
2017.06.16 07:15:22.886,1.767,1.76743,1.00,1.87
2017.06.16 07:15:23.414,1.76699,1.76742,1.00,1.00
2017.06.16 07:15:23.760,1.76697,1.7674,1.00,1.00
2017.06.16 07:15:24.128,1.767,1.76741,1.00,1.00
2017.06.16 07:15:24.846,1.76703,1.76741,1.00,1.00
2017.06.16 07:15:25.169,1.767,1.76741,1.00,1.00
2017.06.16 07:15:26.156,1.76701,1.76742,1.00,1.00
2017.06.16 07:15:26.258,1.76698,1.7674,1.00,1.00
2017.06.16 07:15:26.410,1.76698,1.76743,1.00,1.00
2017.06.16 07:15:26.512,1.76699,1.76741,1.00,1.00
2017.06.16 07:15:26.563,1.76699,1.76743,1.00,1.00
2017.06.16 07:15:26.664,1.76703,1.76743,1.00,1.00
2017.06.16 07:15:26.983,1.76701,1.76741,1.00,1.00
2017.06.16 07:15:27.520,1.76701,1.76742,1.00,1.00
2017.06.16 07:15:27.672,1.76699,1.76741,1.00,1.00
2017.06.16 07:15:27.723,1.76699,1.76739,1.00,1.00
2017.06.16 07:15:27.774,1.76699,1.76742,1.00,1.00
2017.06.16 07:15:27.926,1.76699,1.76739,1.00,1.00
2017.06.16 07:15:28.429,1.767,1.7674,1.00,1.00
2017.06.16 07:15:29.031,1.767,1.76741,1.00,1.00
2017.06.16 07:15:29.335,1.767,1.76739,1.00,1.00
2017.06.16 07:15:29.878,1.767,1.76736,1.00,1.00
2017.06.16 07:15:29.929,1.767,1.76738,1.00,1.00
2017.06.16 07:15:29.980,1.76698,1.76738,1.00,1.00
2017.06.16 07:15:30.272,1.76698,1.76736,1.00,1.00
2017.06.16 07:15:30.577,1.76682,1.76723,1.00,1.00
2017.06.16 07:15:31.295,1.76682,1.76722,1.00,1.00
2017.06.16 07:15:32.281,1.76679,1.76722,1.50,1.50
2017.06.16 07:15:32.820,1.76679,1.76721,1.50,1.00
2017.06.16 07:15:33.679,1.76679,1.76722,1.50,1.50
2017.06.16 07:15:34.191,1.76691,1.76722,1.00,1.00
2017.06.16 07:15:37.195,1.76691,1.76724,1.00,1.00
2017.06.16 07:15:37.253,1.76691,1.76722,1.00,1.00
2017.06.16 07:15:37.770,1.7669,1.76723,1.00,1.00
2017.06.16 07:15:38.502,1.76689,1.76723,1.50,1.00
2017.06.16 07:15:38.866,1.76685,1.76723,1.00,1.00
2017.06.16 07:15:38.917,1.76687,1.76723,1.00,1.00
2017.06.16 07:15:39.018,1.76679,1.76717,1.00,1.37
2017.06.16 07:15:39.069,1.7668,1.7671,1.00,1.00
2017.06.16 07:15:39.385,1.7669,1.76721,1.00,1.75
2017.06.16 07:15:39.689,1.76692,1.76724,1.00,1.75
2017.06.16 07:15:39.943,1.7669,1.76726,1.00,1.75
2017.06.16 07:15:40.096,1.76692,1.76726,1.00,1.87
2017.06.16 07:15:40.372,1.76689,1.76725,1.00,1.12
2017.06.16 07:15:40.575,1.7669,1.76726,1.00,1.37
2017.06.16 07:15:40.677,1.7669,1.76726,1.00,1.00
2017.06.16 07:15:40.843,1.76688,1.76726,1.00,1.00
2017.06.16 07:15:40.894,1.76687,1.7672,1.00,1.00
2017.06.16 07:15:40.995,1.76683,1.7672,1.00,1.00
2017.06.16 07:15:41.046,1.76685,1.7672,1.00,1.00
2017.06.16 07:15:41.357,1.76687,1.76718,1.00,1.00
2017.06.16 07:15:41.408,1.76685,1.76718,1.00,1.00
2017.06.16 07:15:41.525,1.76687,1.76718,1.00,1.00
2017.06.16 07:15:41.972,1.76687,1.7672,1.00,1.00
2017.06.16 07:15:42.175,1.76685,1.76716,1.00,1.00
2017.06.16 07:15:42.328,1.76682,1.76717,1.00,1.00
2017.06.16 07:15:42.380,1.7668,1.76715,1.00,1.00
2017.06.16 07:15:42.709,1.76678,1.76714,1.00,1.00
2017.06.16 07:15:42.761,1.76678,1.76711,1.00,1.00
2017.06.16 07:15:42.914,1.76674,1.76711,1.00,1.00
2017.06.16 07:15:42.965,1.76674,1.76709,1.00,1.00
2017.06.16 07:15:43.542,1.76675,1.76709,1.00,1.00
2017.06.16 07:15:44.127,1.76674,1.76709,1.00,1.00
2017.06.16 07:15:44.677,1.76674,1.76709,1.00,1.37
2017.06.16 07:15:44.779,1.76672,1.76709,1.00,1.37
2017.06.16 07:15:45.301,1.76673,1.76709,1.00,1.37
2017.06.16 07:15:45.807,1.76674,1.7671,1.00,1.50
2017.06.16 07:15:46.089,1.76671,1.7671,1.50,1.50
2017.06.16 07:15:46.635,1.76672,1.7671,1.00,1.50
2017.06.16 07:15:47.265,1.76673,1.76709,1.00,1.37
2017.06.16 07:15:47.566,1.76673,1.7671,1.00,1.00
2017.06.16 07:15:48.975,1.76673,1.76712,1.00,1.00
2017.06.16 07:15:49.622,1.76673,1.76711,1.00,2.25
2017.06.16 07:15:49.673,1.76671,1.7671,1.00,1.87
2017.06.16 07:15:49.865,1.76668,1.7671,1.00,1.87
2017.06.16 07:15:49.916,1.76668,1.76704,1.00,1.00
2017.06.16 07:15:49.967,1.76665,1.76704,1.00,1.00
2017.06.16 07:15:50.069,1.76666,1.76707,1.00,1.12
2017.06.16 07:15:50.527,1.76672,1.76707,1.00,1.12
2017.06.16 07:15:50.781,1.76691,1.76732,1.00,1.12
2017.06.16 07:15:50.832,1.76693,1.76734,1.00,1.87
2017.06.16 07:15:51.133,1.76696,1.76733,1.00,1.00
2017.06.16 07:15:51.660,1.76696,1.76732,1.00,1.00
2017.06.16 07:15:52.244,1.76695,1.76732,1.00,1.00
2017.06.16 07:15:52.787,1.76694,1.76732,1.50,1.00
2017.06.16 07:15:52.838,1.76688,1.76732,1.50,1.00
2017.06.16 07:15:52.940,1.76688,1.76732,1.50,1.46
2017.06.16 07:15:53.244,1.76691,1.76727,1.50,1.00
2017.06.16 07:15:53.407,1.76692,1.76731,1.00,1.00
2017.06.16 07:15:53.565,1.76694,1.7673,1.00,1.00
2017.06.16 07:15:53.769,1.76692,1.7673,1.00,1.00
2017.06.16 07:15:53.820,1.76689,1.7673,1.50,1.00
2017.06.16 07:15:53.871,1.76688,1.7673,1.00,1.37
2017.06.16 07:15:54.176,1.76685,1.76723,1.00,1.00
2017.06.16 07:15:54.706,1.76686,1.76723,1.00,1.37
2017.06.16 07:15:54.757,1.76682,1.76723,1.50,1.37
2017.06.16 07:15:54.809,1.76682,1.7672,1.00,1.00
2017.06.16 07:15:54.860,1.7668,1.7672,1.50,1.00
2017.06.16 07:15:54.910,1.76683,1.7672,1.00,1.00
2017.06.16 07:15:54.961,1.76681,1.7672,1.00,1.00
2017.06.16 07:15:55.012,1.76683,1.7672,1.00,1.00
2017.06.16 07:15:55.223,1.76679,1.7672,1.00,1.37
2017.06.16 07:15:55.275,1.76678,1.76719,1.00,1.12
2017.06.16 07:15:55.598,1.7668,1.76717,1.00,1.37
2017.06.16 07:15:55.649,1.76678,1.76717,1.50,1.37
2017.06.16 07:15:55.700,1.7668,1.76717,1.00,1.37
2017.06.16 07:15:55.852,1.76678,1.76717,1.50,1.37
2017.06.16 07:15:55.953,1.7668,1.76715,1.00,1.00
2017.06.16 07:15:56.255,1.76687,1.76723,1.50,1.75
2017.06.16 07:15:56.761,1.76688,1.76724,1.00,1.75
2017.06.16 07:15:57.301,1.76687,1.76724,1.00,1.75
2017.06.16 07:15:57.828,1.76688,1.76724,1.00,1.75
2017.06.16 07:15:58.212,1.76688,1.76724,1.00,1.00
2017.06.16 07:15:58.537,1.76693,1.76724,1.00,1.00
2017.06.16 07:15:58.589,1.76694,1.76729,1.00,1.12
2017.06.16 07:15:58.640,1.76692,1.7673,1.50,1.50
2017.06.16 07:15:59.012,1.76691,1.76727,1.00,1.00
2017.06.16 07:15:59.316,1.76694,1.76728,1.00,1.00
2017.06.16 07:15:59.418,1.76691,1.76728,1.00,1.00
2017.06.16 07:15:59.520,1.76691,1.76726,1.00,1.00
2017.06.16 07:15:59.938,1.76694,1.76726,1.00,1.00
2017.06.16 07:16:00.141,1.76692,1.76727,1.00,1.00
2017.06.16 07:16:00.418,1.76694,1.76727,1.00,1.00
2017.06.16 07:16:00.621,1.76695,1.76729,1.00,1.12
2017.06.16 07:16:00.774,1.76692,1.76729,1.00,1.12
2017.06.16 07:16:00.825,1.76688,1.76729,1.50,1.50
2017.06.16 07:16:00.927,1.7669,1.76727,1.00,1.12
2017.06.16 07:16:01.263,1.76691,1.76724,1.00,1.00
2017.06.16 07:16:01.857,1.76692,1.76724,1.00,1.00
2017.06.16 07:16:02.096,1.76694,1.76728,1.00,1.00
2017.06.16 07:16:02.198,1.76696,1.76728,1.00,1.00
2017.06.16 07:16:02.350,1.76693,1.76728,1.00,1.00
2017.06.16 07:16:02.401,1.76692,1.76726,1.50,1.00
2017.06.16 07:16:02.720,1.76694,1.76726,1.00,1.00
2017.06.16 07:16:02.923,1.76694,1.76729,1.00,1.00
2017.06.16 07:16:03.094,1.76696,1.76731,1.00,1.37
2017.06.16 07:16:03.316,1.76694,1.76729,1.00,1.00
2017.06.16 07:16:03.722,1.76689,1.76725,1.00,1.00
2017.06.16 07:16:03.772,1.76692,1.76725,1.00,1.00
2017.06.16 07:16:04.077,1.76695,1.76727,1.00,1.00
2017.06.16 07:16:04.128,1.76695,1.76729,1.00,1.00
2017.06.16 07:16:04.229,1.76693,1.76729,1.00,1.00
2017.06.16 07:16:04.337,1.76687,1.7673,1.50,1.46
2017.06.16 07:16:04.388,1.76686,1.76729,1.00,1.71
2017.06.16 07:16:04.709,1.76687,1.76724,1.00,1.00
2017.06.16 07:16:05.013,1.7669,1.76723,1.00,1.00
2017.06.16 07:16:05.467,1.76692,1.76723,1.00,1.00
2017.06.16 07:16:05.637,1.76692,1.76725,1.00,1.00
2017.06.16 07:16:05.866,1.7669,1.76725,1.00,1.00
2017.06.16 07:16:06.032,1.76687,1.76723,1.00,1.00
2017.06.16 07:16:06.143,1.76687,1.76722,1.00,1.75
2017.06.16 07:16:06.563,1.76689,1.76724,1.00,1.75
2017.06.16 07:16:07.093,1.76688,1.76724,1.00,1.75
2017.06.16 07:16:08.477,1.76693,1.76724,1.00,1.75
2017.06.16 07:16:08.528,1.76695,1.76725,1.00,1.00
2017.06.16 07:16:08.737,1.76695,1.7673,1.00,1.37
2017.06.16 07:16:09.314,1.76694,1.76731,1.00,1.50
2017.06.16 07:16:11.526,1.76694,1.76731,1.00,1.37
2017.06.16 07:16:11.577,1.76691,1.76731,1.50,1.50
2017.06.16 07:16:11.735,1.7669,1.76727,1.00,1.00
2017.06.16 07:16:11.786,1.76687,1.76727,1.00,1.00
2017.06.16 07:16:11.939,1.76687,1.7672,1.00,1.00
2017.06.16 07:16:12.041,1.76684,1.7672,1.00,1.00
2017.06.16 07:16:12.142,1.76686,1.7672,1.00,1.00
2017.06.16 07:16:12.302,1.76684,1.7672,1.00,1.00
2017.06.16 07:16:12.804,1.76685,1.76719,1.00,1.00
2017.06.16 07:16:12.901,1.76685,1.76721,1.00,1.00
2017.06.16 07:16:13.316,1.76687,1.7672,1.00,1.00
2017.06.16 07:16:13.620,1.76686,1.76723,1.00,1.00
2017.06.16 07:16:13.831,1.76684,1.7672,1.00,1.00
2017.06.16 07:16:14.135,1.76688,1.76724,1.00,1.00
2017.06.16 07:16:14.336,1.76683,1.76724,1.00,1.00
2017.06.16 07:16:14.387,1.76685,1.76724,1.00,1.00
2017.06.16 07:16:14.489,1.76677,1.76717,1.00,1.00
2017.06.16 07:16:14.541,1.76679,1.7672,1.00,1.67
2017.06.16 07:16:15.086,1.76682,1.7672,1.00,1.67
2017.06.16 07:16:15.138,1.7668,1.7672,1.00,1.67
2017.06.16 07:16:15.189,1.76678,1.7672,1.00,1.67
2017.06.16 07:16:15.240,1.76678,1.7672,1.00,1.67
2017.06.16 07:16:15.737,1.76684,1.76715,1.00,1.00
2017.06.16 07:16:15.839,1.76686,1.76718,1.00,1.00
2017.06.16 07:16:15.890,1.76684,1.76718,1.00,1.00
2017.06.16 07:16:15.992,1.76689,1.76717,1.00,1.00
2017.06.16 07:16:16.043,1.76689,1.76719,1.00,1.00
2017.06.16 07:16:16.197,1.76687,1.76719,1.50,1.00
2017.06.16 07:16:16.248,1.76687,1.76721,1.00,1.00
2017.06.16 07:16:16.580,1.76685,1.76721,1.00,1.00
2017.06.16 07:16:16.632,1.76685,1.76717,1.00,1.00
2017.06.16 07:16:16.683,1.76682,1.76717,1.50,1.00
2017.06.16 07:16:16.734,1.76682,1.76713,1.00,1.00
2017.06.16 07:16:16.888,1.7668,1.76713,1.00,1.00
2017.06.16 07:16:16.939,1.76678,1.76713,1.00,1.00
2017.06.16 07:16:17.040,1.76677,1.7671,1.00,1.00
2017.06.16 07:16:17.208,1.76677,1.76712,1.00,1.00
2017.06.16 07:16:17.350,1.76679,1.76712,1.00,1.00
2017.06.16 07:16:17.696,1.76681,1.7671,1.00,1.00
2017.06.16 07:16:17.747,1.76681,1.76712,1.00,1.00
2017.06.16 07:16:17.910,1.76681,1.76715,1.00,1.00
2017.06.16 07:16:18.216,1.76683,1.76713,1.00,1.00
2017.06.16 07:16:18.419,1.76683,1.76718,1.00,1.00
2017.06.16 07:16:18.520,1.76686,1.76718,1.00,1.00
2017.06.16 07:16:19.104,1.76686,1.76717,1.00,1.00
2017.06.16 07:16:19.155,1.76686,1.76721,1.00,1.00
2017.06.16 07:16:19.381,1.76688,1.7672,1.00,1.00
2017.06.16 07:16:19.534,1.76689,1.76722,1.00,1.00
2017.06.16 07:16:19.817,1.76686,1.76722,1.00,1.00
2017.06.16 07:16:19.919,1.76686,1.76719,1.00,1.00
2017.06.16 07:16:19.970,1.76684,1.76719,1.00,1.00
2017.06.16 07:16:20.123,1.76684,1.76722,1.00,1.00
2017.06.16 07:16:20.313,1.76684,1.76719,1.00,1.00
2017.06.16 07:16:20.644,1.76686,1.76717,1.00,1.00
2017.06.16 07:16:20.899,1.76684,1.76718,1.00,1.00
2017.06.16 07:16:20.950,1.76682,1.76718,1.00,1.00
2017.06.16 07:16:21.393,1.76685,1.76718,1.00,1.00
2017.06.16 07:16:21.545,1.76686,1.7672,1.00,1.00
2017.06.16 07:16:21.647,1.76686,1.7672,1.00,1.50
2017.06.16 07:16:21.698,1.76682,1.7672,1.00,1.50
2017.06.16 07:16:21.749,1.76682,1.76711,1.00,1.00
2017.06.16 07:16:21.800,1.76675,1.76711,1.00,1.00
2017.06.16 07:16:21.851,1.76671,1.76708,1.00,1.00
2017.06.16 07:16:21.902,1.76675,1.76708,1.00,1.00
2017.06.16 07:16:22.210,1.76666,1.76696,1.00,1.00
2017.06.16 07:16:22.463,1.76666,1.76701,1.00,1.00
2017.06.16 07:16:23.377,1.76666,1.767,1.00,1.00
2017.06.16 07:16:24.089,1.76666,1.76701,1.00,1.00
2017.06.16 07:16:25.331,1.76669,1.76701,1.00,1.00
2017.06.16 07:16:25.817,1.76666,1.76702,1.00,1.00
2017.06.16 07:16:26.418,1.76669,1.76702,1.00,1.00
2017.06.16 07:16:26.855,1.76669,1.76704,1.00,1.00
2017.06.16 07:16:27.037,1.76667,1.76702,1.00,1.00
2017.06.16 07:16:27.734,1.76667,1.76701,1.00,1.00
2017.06.16 07:16:28.239,1.76667,1.76702,1.00,1.00
2017.06.16 07:16:28.624,1.76674,1.76702,1.00,1.00
2017.06.16 07:16:28.726,1.76673,1.76707,1.00,1.00
2017.06.16 07:16:29.258,1.76673,1.76708,1.00,1.00
2017.06.16 07:16:29.366,1.76671,1.76708,1.00,1.00
2017.06.16 07:16:30.750,1.76671,1.76705,1.00,1.00
2017.06.16 07:16:31.691,1.76668,1.76705,1.00,1.00
2017.06.16 07:16:32.256,1.76667,1.76705,1.50,1.00
2017.06.16 07:16:32.307,1.76672,1.76705,1.00,1.00
2017.06.16 07:16:32.507,1.76672,1.76707,1.00,1.00
2017.06.16 07:16:32.558,1.76669,1.76706,1.00,1.00
2017.06.16 07:16:32.677,1.76669,1.76704,1.00,1.00
2017.06.16 07:16:33.016,1.76666,1.76704,1.00,1.00
2017.06.16 07:16:33.270,1.76666,1.76702,1.00,1.00
2017.06.16 07:16:33.790,1.76666,1.76703,1.00,1.00
2017.06.16 07:16:34.118,1.76666,1.767,1.00,1.00
2017.06.16 07:16:34.426,1.76669,1.76701,1.00,1.00
2017.06.16 07:16:34.879,1.76667,1.76702,1.00,1.00
2017.06.16 07:16:34.981,1.7667,1.767,1.00,1.00
2017.06.16 07:16:35.262,1.7667,1.76702,1.00,1.00
2017.06.16 07:16:37.138,1.7667,1.76704,1.00,1.00
2017.06.16 07:16:37.189,1.76665,1.76704,1.00,1.37
2017.06.16 07:16:37.240,1.76662,1.76699,1.00,1.34
2017.06.16 07:16:37.291,1.76663,1.76699,1.00,1.00
2017.06.16 07:16:37.342,1.76658,1.767,1.00,1.00
2017.06.16 07:16:37.394,1.76656,1.767,1.50,2.21
2017.06.16 07:16:37.702,1.76659,1.76686,1.00,1.00
2017.06.16 07:16:37.753,1.76662,1.76692,1.00,1.00
2017.06.16 07:16:37.855,1.76652,1.76692,1.50,1.37
2017.06.16 07:16:37.957,1.76651,1.76684,1.50,1.00
2017.06.16 07:16:38.264,1.76653,1.76684,1.00,1.00
2017.06.16 07:16:39.013,1.76652,1.76684,1.00,1.00
2017.06.16 07:16:39.595,1.76654,1.76684,1.00,1.00
2017.06.16 07:16:40.059,1.76654,1.76687,1.00,1.00
2017.06.16 07:16:41.926,1.76661,1.76687,1.00,1.00
2017.06.16 07:16:42.078,1.76664,1.76697,1.00,1.00
2017.06.16 07:16:42.180,1.76664,1.767,1.00,1.00
2017.06.16 07:16:42.231,1.76662,1.767,1.00,1.00
2017.06.16 07:16:42.283,1.76662,1.767,1.00,1.37
2017.06.16 07:16:42.334,1.76662,1.767,1.00,1.00
2017.06.16 07:16:42.386,1.76662,1.76696,1.00,1.00
2017.06.16 07:16:42.947,1.76662,1.76697,2.25,1.00
2017.06.16 07:16:44.016,1.76664,1.76697,1.00,1.00
2017.06.16 07:16:44.395,1.76665,1.76699,1.00,1.00
2017.06.16 07:16:44.516,1.76663,1.76699,1.00,1.00
2017.06.16 07:16:44.566,1.76663,1.76697,1.00,1.00
2017.06.16 07:16:44.773,1.76663,1.767,1.50,1.00
2017.06.16 07:16:44.824,1.76666,1.767,1.00,1.00
2017.06.16 07:16:45.129,1.76685,1.76717,1.00,3.00
2017.06.16 07:16:45.230,1.76683,1.76719,1.00,1.00
2017.06.16 07:16:45.332,1.76681,1.76719,1.00,1.00
2017.06.16 07:16:45.694,1.76683,1.76718,1.00,1.00
2017.06.16 07:16:45.897,1.7668,1.76719,1.00,1.00
2017.06.16 07:16:46.189,1.76677,1.76719,1.50,1.00
2017.06.16 07:16:46.240,1.76683,1.76719,1.00,1.00
2017.06.16 07:16:46.788,1.76684,1.76719,1.00,1.00
2017.06.16 07:16:48.206,1.76685,1.76719,1.00,1.00
2017.06.16 07:16:48.384,1.76685,1.76721,1.00,1.00
2017.06.16 07:16:48.485,1.76689,1.76725,1.00,1.00
2017.06.16 07:16:48.790,1.76694,1.76734,1.00,1.75
2017.06.16 07:16:48.892,1.76691,1.76728,1.00,1.37
2017.06.16 07:16:48.943,1.76696,1.76728,1.37,1.37
2017.06.16 07:16:48.994,1.76695,1.76728,1.12,1.37
2017.06.16 07:16:49.299,1.76693,1.76729,1.50,1.37
2017.06.16 07:16:49.350,1.76695,1.76729,1.00,1.37
2017.06.16 07:16:49.741,1.76692,1.76732,1.00,1.75
2017.06.16 07:16:50.045,1.76694,1.76728,1.00,1.37
2017.06.16 07:16:50.349,1.76696,1.7673,1.00,1.50
2017.06.16 07:16:50.458,1.76696,1.7673,1.00,1.00
2017.06.16 07:16:50.997,1.76697,1.76731,1.00,1.00
2017.06.16 07:16:51.049,1.76694,1.76731,1.50,1.00
2017.06.16 07:16:51.100,1.76691,1.7673,1.00,1.00
2017.06.16 07:16:51.151,1.76696,1.7673,1.00,1.00
2017.06.16 07:16:51.405,1.76696,1.76733,1.00,1.00
2017.06.16 07:16:51.456,1.76698,1.76733,1.00,1.00
2017.06.16 07:16:51.760,1.76702,1.76737,1.12,1.00
2017.06.16 07:16:52.067,1.76705,1.76742,1.00,1.37
2017.06.16 07:16:52.439,1.76707,1.76742,1.00,1.37
2017.06.16 07:16:52.498,1.76707,1.76742,1.00,1.00
2017.06.16 07:16:52.549,1.7671,1.76742,1.00,1.00
2017.06.16 07:16:52.652,1.76707,1.76743,1.00,1.00
2017.06.16 07:16:52.705,1.76705,1.76743,1.00,1.00
2017.06.16 07:16:52.756,1.76702,1.76743,1.00,1.00
2017.06.16 07:16:52.808,1.76702,1.76737,1.00,1.00
2017.06.16 07:16:53.112,1.76709,1.76744,1.00,1.00
2017.06.16 07:16:53.164,1.76709,1.76749,1.50,1.00
2017.06.16 07:16:53.747,1.76709,1.76748,1.00,1.00
2017.06.16 07:16:54.385,1.7671,1.76748,1.00,1.00
2017.06.16 07:16:54.436,1.76712,1.76748,1.00,1.00
2017.06.16 07:16:54.961,1.76712,1.76751,1.00,1.00
2017.06.16 07:16:55.063,1.76713,1.76753,1.50,1.00
2017.06.16 07:16:55.114,1.76717,1.76753,1.00,1.00
2017.06.16 07:16:55.165,1.76714,1.76753,1.00,1.00
2017.06.16 07:16:55.396,1.76716,1.76753,1.00,1.00
2017.06.16 07:16:55.730,1.76715,1.76751,1.00,1.00
2017.06.16 07:16:56.211,1.76718,1.76754,1.50,1.00
2017.06.16 07:16:56.515,1.7673,1.76758,1.00,1.37
2017.06.16 07:16:56.869,1.76732,1.76766,1.00,2.25
2017.06.16 07:16:57.173,1.76734,1.76766,1.00,2.25
2017.06.16 07:16:57.477,1.76736,1.76766,1.00,2.25
2017.06.16 07:16:57.528,1.76736,1.76771,1.00,1.37
2017.06.16 07:16:58.718,1.76731,1.7677,1.00,1.37
2017.06.16 07:16:58.769,1.76731,1.76767,1.50,1.00
2017.06.16 07:16:58.820,1.76729,1.76767,1.00,1.00
2017.06.16 07:16:58.871,1.76728,1.76761,1.50,1.00
2017.06.16 07:16:59.180,1.76727,1.76759,1.00,1.00
2017.06.16 07:16:59.332,1.76725,1.76759,1.50,1.00
2017.06.16 07:16:59.534,1.76722,1.76759,1.00,1.00
2017.06.16 07:16:59.686,1.76722,1.76757,1.00,1.00
2017.06.16 07:17:00.192,1.76723,1.76755,1.00,1.00
2017.06.16 07:17:00.294,1.76724,1.76757,1.00,1.00
2017.06.16 07:17:00.562,1.76729,1.76762,1.00,1.37
2017.06.16 07:17:00.613,1.76724,1.76764,1.00,1.75
2017.06.16 07:17:00.968,1.76722,1.7676,1.00,1.37
2017.06.16 07:17:01.405,1.76725,1.7676,1.00,1.37
2017.06.16 07:17:01.841,1.76728,1.76761,1.00,1.37
2017.06.16 07:17:02.145,1.76735,1.76764,1.50,1.75
2017.06.16 07:17:02.196,1.76736,1.76771,1.00,1.00
2017.06.16 07:17:02.297,1.76737,1.76774,1.00,1.12
2017.06.16 07:17:02.552,1.76739,1.76774,1.00,1.12
2017.06.16 07:17:03.064,1.76738,1.76775,1.00,1.37
2017.06.16 07:17:03.586,1.76737,1.76775,1.00,1.37
2017.06.16 07:17:03.695,1.76735,1.76775,1.50,1.37
2017.06.16 07:17:04.175,1.76733,1.7677,1.00,1.00
2017.06.16 07:17:04.377,1.7673,1.76768,1.50,1.00
2017.06.16 07:17:04.767,1.76732,1.76768,1.00,1.00
2017.06.16 07:17:05.071,1.76746,1.76778,1.50,1.00
2017.06.16 07:17:05.122,1.76746,1.7678,1.50,1.00
2017.06.16 07:17:05.177,1.76746,1.76782,1.50,1.00
2017.06.16 07:17:05.376,1.76748,1.76782,1.00,1.00
2017.06.16 07:17:05.478,1.76749,1.76786,1.50,1.37
2017.06.16 07:17:05.529,1.76751,1.76786,1.50,1.00
2017.06.16 07:17:05.682,1.76751,1.76789,1.50,1.00
2017.06.16 07:17:05.733,1.76748,1.76789,1.50,1.00
2017.06.16 07:17:05.785,1.76747,1.76786,1.00,1.00
2017.06.16 07:17:06.089,1.7675,1.76787,1.00,1.00
2017.06.16 07:17:06.779,1.7675,1.76786,1.00,1.00
2017.06.16 07:17:07.417,1.76753,1.76786,1.00,1.00
2017.06.16 07:17:07.468,1.7675,1.76786,1.00,1.00
2017.06.16 07:17:07.519,1.76755,1.76785,1.00,1.00
2017.06.16 07:17:07.631,1.76755,1.76787,1.00,1.00
2017.06.16 07:17:07.683,1.76757,1.76787,1.00,1.00
2017.06.16 07:17:07.784,1.76756,1.76789,1.00,1.00
2017.06.16 07:17:07.835,1.76754,1.76789,1.00,1.00
2017.06.16 07:17:07.886,1.76753,1.76787,1.00,1.00
2017.06.16 07:17:07.937,1.7675,1.76787,1.00,1.00
2017.06.16 07:17:07.988,1.76749,1.76785,1.00,1.00
2017.06.16 07:17:08.292,1.76749,1.76782,1.00,1.00
2017.06.16 07:17:08.509,1.76749,1.76785,1.00,1.00
2017.06.16 07:17:08.560,1.76747,1.76785,1.00,1.00
2017.06.16 07:17:08.611,1.76747,1.76782,1.00,1.00
2017.06.16 07:17:08.713,1.76744,1.76785,1.50,1.00
2017.06.16 07:17:08.814,1.76747,1.76785,1.00,1.00
2017.06.16 07:17:09.064,1.76745,1.76785,1.50,1.00
2017.06.16 07:17:09.226,1.76745,1.76782,1.50,1.00
2017.06.16 07:17:09.647,1.76748,1.76782,1.00,1.00
2017.06.16 07:17:09.698,1.76748,1.76784,1.50,1.00
2017.06.16 07:17:09.800,1.76748,1.76786,1.50,1.00
2017.06.16 07:17:09.984,1.76748,1.76784,1.50,1.00
2017.06.16 07:17:10.288,1.76748,1.76782,1.50,1.00
2017.06.16 07:17:10.390,1.76748,1.76785,1.50,1.00
2017.06.16 07:17:10.930,1.76747,1.76785,1.00,1.00
2017.06.16 07:17:11.132,1.76748,1.76783,1.00,1.00
2017.06.16 07:17:11.986,1.76748,1.76782,1.00,1.00
2017.06.16 07:17:15.094,1.76748,1.76784,1.00,1.00
2017.06.16 07:17:15.386,1.7675,1.76784,1.00,1.00
2017.06.16 07:17:15.691,1.7675,1.7679,1.50,1.37
2017.06.16 07:17:15.896,1.76752,1.76787,1.00,1.00
2017.06.16 07:17:16.729,1.76751,1.76787,1.00,1.00
2017.06.16 07:17:17.332,1.76748,1.76787,1.50,1.00
2017.06.16 07:17:17.434,1.76744,1.76785,1.50,1.37
2017.06.16 07:17:17.945,1.76745,1.76782,1.50,1.00
2017.06.16 07:17:18.427,1.76747,1.76782,1.00,1.00
2017.06.16 07:17:19.078,1.76747,1.76783,1.00,1.00
2017.06.16 07:17:19.586,1.76749,1.76784,1.00,1.00
2017.06.16 07:17:19.740,1.76751,1.76787,1.00,1.00
2017.06.16 07:17:19.842,1.76751,1.7679,1.00,1.00
2017.06.16 07:17:20.170,1.76753,1.7679,1.00,1.00
2017.06.16 07:17:20.513,1.76757,1.76791,1.00,1.00
2017.06.16 07:17:21.019,1.76755,1.76791,1.00,1.00
2017.06.16 07:17:21.715,1.76755,1.7679,1.00,1.00
2017.06.16 07:17:22.220,1.76754,1.7679,1.00,1.00
2017.06.16 07:17:22.659,1.76751,1.7679,1.50,1.00
2017.06.16 07:17:22.812,1.76751,1.76788,1.50,1.00
2017.06.16 07:17:23.153,1.76752,1.76786,1.50,1.00
2017.06.16 07:17:23.422,1.76752,1.76788,1.50,1.00
2017.06.16 07:17:23.819,1.76754,1.76788,1.00,1.00
2017.06.16 07:17:24.742,1.76753,1.76788,1.00,1.00
2017.06.16 07:17:25.117,1.76756,1.76792,1.00,1.00
2017.06.16 07:17:25.168,1.76754,1.76792,1.00,1.00
2017.06.16 07:17:25.699,1.76752,1.76792,1.00,1.00
2017.06.16 07:17:25.852,1.76753,1.7679,1.00,1.00
2017.06.16 07:17:26.054,1.76754,1.76792,1.00,1.00
2017.06.16 07:17:26.565,1.76752,1.76793,1.00,1.00
2017.06.16 07:17:26.616,1.76754,1.76791,1.00,1.00
2017.06.16 07:17:27.290,1.76753,1.76792,1.00,1.00
2017.06.16 07:17:28.233,1.76754,1.76792,1.00,1.00
2017.06.16 07:17:28.769,1.76752,1.76793,1.50,1.00
2017.06.16 07:17:28.820,1.76754,1.76793,1.00,1.00
2017.06.16 07:17:29.188,1.76753,1.76791,1.00,1.00
2017.06.16 07:17:29.743,1.76755,1.76792,1.00,1.00
2017.06.16 07:17:30.826,1.76757,1.76792,1.00,1.00
2017.06.16 07:17:31.029,1.76754,1.7679,1.00,1.00
2017.06.16 07:17:31.179,1.7675,1.76788,1.50,1.00
2017.06.16 07:17:31.433,1.76751,1.76786,1.00,1.00
2017.06.16 07:17:31.535,1.76751,1.76789,1.00,1.00
2017.06.16 07:17:31.688,1.76749,1.76789,1.00,1.00
2017.06.16 07:17:31.738,1.76748,1.76786,1.00,1.00
2017.06.16 07:17:32.067,1.76748,1.76788,1.00,1.00
2017.06.16 07:17:32.867,1.76749,1.76788,1.00,1.00
2017.06.16 07:17:32.969,1.76752,1.76789,1.00,1.00
2017.06.16 07:17:33.121,1.76752,1.76791,1.00,1.00
2017.06.16 07:17:33.529,1.76748,1.76789,1.50,1.00
2017.06.16 07:17:33.883,1.76745,1.76789,1.50,1.00
2017.06.16 07:17:35.520,1.76745,1.76785,1.00,1.00
2017.06.16 07:17:36.014,1.76748,1.76785,1.00,1.00
2017.06.16 07:17:36.615,1.76747,1.76785,1.00,1.00
2017.06.16 07:17:36.666,1.76747,1.76789,1.00,1.00
2017.06.16 07:17:38.178,1.76746,1.76789,1.00,1.00
2017.06.16 07:17:38.696,1.76747,1.76789,1.00,1.00
2017.06.16 07:17:41.605,1.7675,1.76789,1.00,1.00
2017.06.16 07:17:42.437,1.76748,1.76789,1.00,1.00
2017.06.16 07:17:43.601,1.76745,1.76789,1.00,1.00
2017.06.16 07:17:43.652,1.76744,1.7678,1.00,1.00
2017.06.16 07:17:43.703,1.7674,1.7678,1.00,1.00
2017.06.16 07:17:43.754,1.76741,1.76778,1.00,1.00
2017.06.16 07:17:45.076,1.76741,1.76777,1.00,1.00
2017.06.16 07:17:45.178,1.76741,1.7678,1.00,1.00
2017.06.16 07:17:45.719,1.7674,1.7678,1.00,1.00
2017.06.16 07:17:46.264,1.76736,1.76776,1.00,1.00
2017.06.16 07:17:46.366,1.76728,1.76769,1.00,1.00
2017.06.16 07:17:46.417,1.76733,1.76769,1.00,1.00
2017.06.16 07:17:46.469,1.76734,1.76771,1.00,1.00
2017.06.16 07:17:46.520,1.76738,1.76771,1.00,1.00
2017.06.16 07:17:46.663,1.76743,1.76781,1.00,1.12
2017.06.16 07:17:47.281,1.76742,1.76782,1.00,1.00
2017.06.16 07:17:49.816,1.76741,1.76782,1.50,1.00
2017.06.16 07:17:49.966,1.76741,1.7678,1.00,1.00
2017.06.16 07:17:50.738,1.76742,1.7678,1.00,1.00
2017.06.16 07:17:51.144,1.76743,1.76782,1.00,1.00
2017.06.16 07:17:51.349,1.76741,1.76782,1.50,1.00
2017.06.16 07:17:54.973,1.76741,1.7678,1.00,1.00
2017.06.16 07:17:57.270,1.76741,1.76781,1.00,1.00
2017.06.16 07:17:57.803,1.76742,1.76781,1.50,1.00
2017.06.16 07:17:58.118,1.76744,1.76781,1.00,1.00
2017.06.16 07:17:58.459,1.76745,1.76783,1.00,1.00
2017.06.16 07:17:59.004,1.76744,1.76783,1.50,1.00
2017.06.16 07:17:59.578,1.76744,1.76782,1.00,1.00
2017.06.16 07:18:00.107,1.76743,1.76782,1.50,1.00
2017.06.16 07:18:00.621,1.76744,1.76781,1.00,1.00
2017.06.16 07:18:00.672,1.76742,1.76781,1.50,1.00
2017.06.16 07:18:01.229,1.76743,1.76781,1.00,1.00
2017.06.16 07:18:01.747,1.76742,1.76781,1.50,1.00
2017.06.16 07:18:02.167,1.76743,1.76784,1.00,1.00
2017.06.16 07:18:02.623,1.76745,1.76784,1.00,1.00
2017.06.16 07:18:03.151,1.76744,1.76784,1.50,1.00
2017.06.16 07:18:04.143,1.76745,1.76784,1.00,1.00
2017.06.16 07:18:05.767,1.76744,1.76784,1.50,1.00
2017.06.16 07:18:06.316,1.76745,1.76784,1.50,1.00
2017.06.16 07:18:06.367,1.76745,1.76786,1.50,1.50
2017.06.16 07:18:08.556,1.76746,1.76786,1.00,1.50
2017.06.16 07:18:10.600,1.76746,1.76785,1.50,1.00
2017.06.16 07:18:10.953,1.76744,1.76785,1.50,1.12
2017.06.16 07:18:12.156,1.76743,1.76785,1.00,1.12
2017.06.16 07:18:15.799,1.76744,1.76785,1.00,1.12
2017.06.16 07:18:16.465,1.76749,1.76785,1.00,1.00
2017.06.16 07:18:16.718,1.76755,1.76795,1.00,1.00
2017.06.16 07:18:17.245,1.76756,1.76795,1.50,1.00
2017.06.16 07:18:17.296,1.76754,1.76795,1.50,1.00
2017.06.16 07:18:17.878,1.76753,1.76795,1.00,1.12
2017.06.16 07:18:17.929,1.76753,1.76795,1.00,1.37
2017.06.16 07:18:18.031,1.76753,1.76795,1.00,1.12
2017.06.16 07:18:18.574,1.76752,1.76795,1.00,1.87
2017.06.16 07:18:18.677,1.76746,1.76788,1.00,1.37
2017.06.16 07:18:18.728,1.76743,1.76785,1.00,1.00
2017.06.16 07:18:18.829,1.7674,1.76784,1.00,1.37
2017.06.16 07:18:18.881,1.7674,1.76779,1.50,1.00
2017.06.16 07:18:19.387,1.7674,1.76778,1.50,1.00
2017.06.16 07:18:20.091,1.76739,1.76778,1.50,1.00
2017.06.16 07:18:20.243,1.76737,1.76778,1.00,1.00
2017.06.16 07:18:20.411,1.76731,1.7677,1.00,1.00
2017.06.16 07:18:21.026,1.76732,1.7677,1.00,1.00
2017.06.16 07:18:21.269,1.76729,1.7677,1.50,1.00
2017.06.16 07:18:21.782,1.76729,1.76769,1.00,1.00
2017.06.16 07:18:22.127,1.76727,1.76769,1.00,1.00
2017.06.16 07:18:24.340,1.76728,1.76769,1.00,1.00
2017.06.16 07:18:24.887,1.76727,1.76769,1.00,1.00
2017.06.16 07:18:25.084,1.76725,1.76767,1.00,1.00
2017.06.16 07:18:25.536,1.76723,1.76767,1.00,1.00
2017.06.16 07:18:28.136,1.76721,1.76767,1.00,1.00
2017.06.16 07:18:28.187,1.76721,1.76762,1.00,1.00
2017.06.16 07:18:28.690,1.7672,1.76762,1.00,1.00
2017.06.16 07:18:29.151,1.76716,1.76761,1.00,1.37
2017.06.16 07:18:29.203,1.76711,1.76755,1.00,1.00
2017.06.16 07:18:29.255,1.76709,1.76755,1.00,1.50
2017.06.16 07:18:29.307,1.76709,1.76751,1.00,1.00
2017.06.16 07:18:29.408,1.7671,1.76754,1.00,1.00
2017.06.16 07:18:29.510,1.76708,1.76752,1.00,1.00
2017.06.16 07:18:29.852,1.76711,1.76753,1.00,1.00
2017.06.16 07:18:29.903,1.76711,1.76755,1.00,1.00
2017.06.16 07:18:30.168,1.76716,1.76755,1.37,1.00
2017.06.16 07:18:30.371,1.76724,1.76771,1.00,1.37
2017.06.16 07:18:30.472,1.76722,1.76769,1.00,1.00
2017.06.16 07:18:30.523,1.76722,1.76767,1.50,1.00
2017.06.16 07:18:30.574,1.76719,1.76766,1.00,1.00
2017.06.16 07:18:30.767,1.76718,1.76763,1.00,1.00
2017.06.16 07:18:31.412,1.76718,1.76764,1.00,1.00
2017.06.16 07:18:31.953,1.76721,1.76764,1.00,1.00
2017.06.16 07:18:32.096,1.76722,1.76767,1.00,1.00
2017.06.16 07:18:32.154,1.76727,1.76769,1.00,1.00
2017.06.16 07:18:32.256,1.76729,1.76774,1.00,2.62
2017.06.16 07:18:32.474,1.76731,1.76773,1.00,1.37
2017.06.16 07:18:32.922,1.76728,1.76773,1.00,1.37
2017.06.16 07:18:33.568,1.76731,1.76774,1.00,1.87
2017.06.16 07:18:33.823,1.76728,1.76774,1.00,1.87
2017.06.16 07:18:34.785,1.76732,1.76774,1.00,1.37
2017.06.16 07:18:34.937,1.76732,1.76778,1.50,1.00
2017.06.16 07:18:35.672,1.76733,1.76779,1.00,1.00
2017.06.16 07:18:36.385,1.76736,1.76779,1.00,1.00
2017.06.16 07:18:36.538,1.76741,1.76786,1.00,1.50
2017.06.16 07:18:36.640,1.76742,1.76788,1.00,1.00
2017.06.16 07:18:37.839,1.76742,1.76787,1.00,1.00
2017.06.16 07:18:38.131,1.7674,1.76786,1.00,1.00
2017.06.16 07:18:38.752,1.76741,1.76786,1.00,1.50
2017.06.16 07:18:38.914,1.76737,1.76786,1.00,1.00
2017.06.16 07:18:38.966,1.76738,1.76784,1.00,1.00
2017.06.16 07:18:40.369,1.76738,1.76783,1.00,1.00
2017.06.16 07:18:41.956,1.76739,1.76783,1.00,1.00
2017.06.16 07:18:42.300,1.76744,1.76787,1.00,1.50
2017.06.16 07:18:45.457,1.76742,1.76787,1.50,1.12
2017.06.16 07:18:45.559,1.76742,1.76784,1.00,1.00
2017.06.16 07:18:46.133,1.76741,1.76784,1.00,1.00
2017.06.16 07:18:46.670,1.7674,1.76784,1.00,1.00
2017.06.16 07:18:47.173,1.76739,1.76785,1.00,1.00
2017.06.16 07:18:47.627,1.76741,1.76785,1.00,1.00
2017.06.16 07:18:47.728,1.76739,1.76785,1.00,1.00
2017.06.16 07:18:48.182,1.76738,1.76783,1.00,1.00
2017.06.16 07:18:49.088,1.76737,1.76783,1.00,1.50
2017.06.16 07:18:49.915,1.76737,1.76782,1.00,1.00
2017.06.16 07:18:50.267,1.76739,1.76783,1.00,1.50
2017.06.16 07:18:51.408,1.76742,1.76783,1.00,1.50
2017.06.16 07:18:51.712,1.76744,1.76783,1.00,1.50
2017.06.16 07:18:52.095,1.76755,1.76791,1.00,1.00
2017.06.16 07:18:52.248,1.76756,1.76793,1.00,1.00
2017.06.16 07:18:52.831,1.76757,1.76793,1.00,1.00
2017.06.16 07:18:52.932,1.76759,1.76793,1.00,1.00
2017.06.16 07:18:52.983,1.76757,1.76793,1.00,1.00
2017.06.16 07:18:53.490,1.76758,1.76793,1.00,1.00
2017.06.16 07:18:53.593,1.76758,1.76796,1.00,1.37
2017.06.16 07:18:54.050,1.7676,1.76796,1.00,1.00
2017.06.16 07:18:56.822,1.76768,1.76796,1.00,1.00
2017.06.16 07:18:56.873,1.76769,1.768,1.50,1.00
2017.06.16 07:18:56.924,1.76774,1.76805,1.00,1.37
2017.06.16 07:18:56.976,1.76774,1.76811,1.00,1.00
2017.06.16 07:18:57.027,1.76772,1.76811,1.50,1.00
2017.06.16 07:18:57.078,1.76772,1.76809,1.00,1.00
2017.06.16 07:18:57.793,1.76773,1.7681,1.00,1.00
2017.06.16 07:18:58.554,1.7677,1.76808,1.50,1.00
2017.06.16 07:18:58.843,1.76763,1.76798,1.00,1.00
2017.06.16 07:18:59.148,1.76767,1.76796,1.00,1.00
2017.06.16 07:18:59.301,1.76774,1.76808,1.00,1.00
2017.06.16 07:18:59.909,1.76775,1.76808,1.00,1.00
2017.06.16 07:19:00.460,1.76774,1.76808,1.00,1.00
2017.06.16 07:19:00.983,1.76773,1.76808,1.00,1.00
2017.06.16 07:19:01.372,1.76771,1.76808,1.00,1.00
2017.06.16 07:19:01.423,1.76769,1.76808,1.00,1.00
2017.06.16 07:19:01.745,1.76767,1.76808,1.00,1.00
2017.06.16 07:19:02.041,1.76769,1.76808,1.00,1.00
2017.06.16 07:19:02.345,1.76771,1.76809,1.00,1.00
2017.06.16 07:19:02.396,1.76771,1.76814,1.00,1.00
2017.06.16 07:19:02.548,1.76772,1.76816,1.00,2.25
2017.06.16 07:19:02.926,1.76779,1.76816,1.00,1.00
2017.06.16 07:19:02.977,1.76779,1.76819,1.00,1.12
2017.06.16 07:19:03.028,1.76781,1.7682,1.00,1.00
2017.06.16 07:19:03.080,1.76779,1.76821,1.00,1.00
2017.06.16 07:19:04.269,1.7678,1.76821,1.00,1.00
2017.06.16 07:19:04.878,1.76779,1.76821,1.00,1.00
2017.06.16 07:19:05.366,1.76777,1.76821,1.50,1.00
2017.06.16 07:19:05.530,1.76779,1.76822,1.00,1.00
2017.06.16 07:19:05.889,1.76779,1.76819,1.50,1.00
2017.06.16 07:19:05.940,1.76779,1.76821,1.50,1.00
2017.06.16 07:19:05.992,1.76781,1.76821,1.00,1.00
2017.06.16 07:19:06.527,1.76781,1.76822,1.00,1.00
2017.06.16 07:19:07.041,1.76781,1.76823,1.00,1.00
2017.06.16 07:19:07.384,1.7678,1.76821,1.00,1.00
2017.06.16 07:19:07.893,1.76779,1.76822,1.50,1.00
2017.06.16 07:19:08.226,1.76781,1.76822,1.00,1.00
2017.06.16 07:19:08.581,1.76778,1.76821,1.00,1.00
2017.06.16 07:19:08.682,1.76777,1.76823,1.50,1.50
2017.06.16 07:19:09.082,1.76779,1.76823,1.00,1.50
2017.06.16 07:19:09.826,1.7678,1.76823,1.00,1.00
2017.06.16 07:19:09.978,1.76778,1.76823,1.50,1.00
2017.06.16 07:19:10.592,1.76778,1.76821,1.00,1.00
2017.06.16 07:19:11.113,1.76779,1.76821,1.00,1.00
2017.06.16 07:19:11.214,1.76779,1.76823,1.00,1.50
2017.06.16 07:19:11.491,1.76778,1.76821,1.00,1.00
2017.06.16 07:19:11.889,1.7678,1.76823,1.00,1.50
2017.06.16 07:19:12.212,1.76778,1.76821,1.00,1.00
2017.06.16 07:19:12.776,1.76779,1.76821,1.00,1.00
2017.06.16 07:19:12.923,1.76779,1.76823,1.00,1.00
2017.06.16 07:19:12.975,1.76783,1.76823,1.00,1.00
2017.06.16 07:19:13.228,1.76786,1.76831,1.00,1.00
2017.06.16 07:19:13.393,1.76783,1.76831,1.00,1.50
2017.06.16 07:19:13.546,1.76781,1.76827,1.00,1.00
2017.06.16 07:19:13.597,1.76779,1.76827,1.00,1.50
2017.06.16 07:19:13.649,1.76779,1.76822,1.50,1.00
2017.06.16 07:19:13.992,1.76782,1.76822,1.00,1.00
2017.06.16 07:19:14.297,1.76785,1.76822,1.00,1.00
2017.06.16 07:19:14.348,1.76785,1.76828,1.00,3.00
2017.06.16 07:19:14.873,1.76786,1.76828,1.00,2.25
2017.06.16 07:19:15.527,1.76787,1.76828,1.00,1.50
2017.06.16 07:19:16.042,1.76785,1.76828,1.00,1.50
2017.06.16 07:19:16.991,1.76784,1.76828,1.00,2.25
2017.06.16 07:19:17.813,1.76785,1.76828,1.00,2.25
2017.06.16 07:19:18.535,1.76786,1.76828,1.00,1.50
2017.06.16 07:19:19.633,1.76787,1.76828,1.00,1.50
2017.06.16 07:19:22.935,1.76786,1.76828,1.00,1.50
2017.06.16 07:19:28.514,1.76788,1.76828,1.00,2.25
2017.06.16 07:19:28.565,1.76788,1.76828,1.00,1.50
2017.06.16 07:19:29.045,1.76786,1.76828,1.50,1.00
2017.06.16 07:19:29.419,1.76786,1.76826,1.00,1.00
2017.06.16 07:19:29.812,1.76788,1.76826,1.00,1.00
2017.06.16 07:19:30.596,1.76787,1.76826,1.00,1.00
2017.06.16 07:19:32.791,1.76785,1.76826,1.00,1.00
2017.06.16 07:19:35.841,1.76786,1.76826,1.00,1.00
2017.06.16 07:19:37.317,1.76789,1.76832,1.00,1.00
2017.06.16 07:19:37.585,1.76793,1.76832,1.00,1.00
2017.06.16 07:19:37.690,1.76793,1.76838,1.00,1.00
2017.06.16 07:19:37.741,1.76795,1.76838,1.00,1.00
2017.06.16 07:19:38.287,1.76794,1.76838,1.00,1.00
2017.06.16 07:19:38.679,1.76784,1.76827,1.00,1.00
2017.06.16 07:19:38.832,1.76782,1.76826,1.87,1.00
2017.06.16 07:19:39.000,1.76782,1.76828,1.87,1.00
2017.06.16 07:19:39.051,1.76782,1.76828,1.87,1.00
2017.06.16 07:19:39.592,1.76782,1.76828,1.87,1.00
2017.06.16 07:19:40.325,1.76782,1.76827,1.87,1.00
2017.06.16 07:19:41.367,1.76782,1.76827,1.50,1.00
2017.06.16 07:19:41.696,1.76782,1.76826,1.87,1.00
2017.06.16 07:19:42.039,1.76782,1.76824,1.87,1.00
2017.06.16 07:19:42.192,1.76782,1.76826,1.12,1.00
2017.06.16 07:19:42.243,1.76782,1.76826,1.37,1.00
2017.06.16 07:19:42.921,1.76782,1.76827,1.37,1.00
2017.06.16 07:19:43.297,1.76792,1.76827,1.00,1.00
2017.06.16 07:19:43.624,1.76782,1.76827,1.37,1.00
2017.06.16 07:19:44.666,1.76781,1.76826,1.87,1.00
2017.06.16 07:19:44.717,1.76781,1.76825,1.87,1.00
2017.06.16 07:19:44.919,1.76782,1.76824,1.37,1.00
2017.06.16 07:19:45.456,1.76781,1.76825,1.87,1.00
2017.06.16 07:19:45.982,1.76781,1.76825,1.37,1.00
2017.06.16 07:19:46.318,1.76782,1.76824,1.12,1.00
2017.06.16 07:19:46.419,1.76781,1.76824,1.37,1.00
2017.06.16 07:19:46.573,1.76782,1.76825,1.00,1.00
2017.06.16 07:19:47.176,1.76781,1.76826,1.12,1.50
2017.06.16 07:19:47.228,1.76778,1.76813,1.00,1.00
2017.06.16 07:19:47.381,1.76771,1.7681,1.37,1.00
2017.06.16 07:19:47.432,1.76771,1.76811,1.00,1.00
2017.06.16 07:19:47.965,1.76771,1.7681,1.00,1.00
2017.06.16 07:19:48.745,1.76772,1.7681,1.00,1.00
2017.06.16 07:19:49.246,1.76771,1.7681,1.00,1.00
2017.06.16 07:19:51.280,1.76771,1.7681,1.37,1.00
2017.06.16 07:19:51.432,1.76771,1.76813,1.37,1.00
2017.06.16 07:19:51.945,1.76772,1.76812,1.00,1.00
2017.06.16 07:19:52.097,1.76772,1.76814,1.37,1.00
2017.06.16 07:19:59.492,1.76771,1.76814,1.37,1.00
2017.06.16 07:20:02.432,1.76771,1.76814,1.46,1.00
2017.06.16 07:20:03.339,1.76771,1.76816,1.46,1.00
2017.06.16 07:20:06.126,1.76772,1.76815,1.00,1.00
2017.06.16 07:20:06.177,1.76772,1.76813,1.00,1.00
2017.06.16 07:20:06.720,1.76771,1.76813,1.00,1.00
2017.06.16 07:20:07.499,1.76771,1.76814,1.00,1.00
2017.06.16 07:20:07.976,1.76771,1.76812,1.37,1.00
2017.06.16 07:20:08.581,1.76771,1.76813,1.37,1.00
2017.06.16 07:20:09.806,1.76771,1.76815,1.37,1.00
2017.06.16 07:20:10.254,1.76772,1.76819,1.46,1.00
2017.06.16 07:20:10.305,1.76773,1.76817,1.37,1.00
2017.06.16 07:20:10.428,1.76773,1.76819,1.37,1.00
2017.06.16 07:20:10.479,1.76773,1.76816,1.37,1.00
2017.06.16 07:20:11.003,1.76773,1.76815,1.37,1.00
2017.06.16 07:20:11.555,1.76772,1.76817,2.21,1.00
2017.06.16 07:20:11.656,1.76772,1.76815,1.46,1.00
2017.06.16 07:20:11.807,1.76772,1.76815,1.09,1.00
2017.06.16 07:20:12.450,1.76773,1.76815,1.00,1.00
2017.06.16 07:20:13.311,1.76772,1.76815,1.09,1.00
2017.06.16 07:20:13.960,1.76772,1.76815,1.46,1.00
2017.06.16 07:20:14.510,1.76773,1.76816,1.00,1.00
2017.06.16 07:20:15.033,1.76773,1.76817,1.00,1.00
2017.06.16 07:20:15.332,1.76773,1.76815,1.00,1.00
2017.06.16 07:20:16.342,1.76771,1.76815,1.00,1.00
2017.06.16 07:20:17.905,1.76771,1.76816,1.00,1.00
2017.06.16 07:20:17.956,1.76771,1.76814,1.00,1.00
2017.06.16 07:20:18.058,1.76767,1.76812,1.12,1.00
2017.06.16 07:20:18.180,1.76767,1.7681,1.00,1.00
2017.06.16 07:20:18.713,1.76765,1.7681,1.37,1.00
2017.06.16 07:20:19.262,1.76771,1.7681,1.00,1.00
2017.06.16 07:20:19.363,1.76764,1.7681,1.34,1.00
2017.06.16 07:20:19.886,1.76762,1.76809,1.84,1.00
2017.06.16 07:20:22.846,1.76771,1.76809,1.00,1.00
2017.06.16 07:20:23.842,1.76762,1.76809,1.09,1.00
2017.06.16 07:20:25.188,1.76762,1.76806,1.09,1.00
2017.06.16 07:20:27.282,1.76762,1.76808,1.34,1.00
2017.06.16 07:20:28.164,1.76772,1.76812,1.00,1.00
2017.06.16 07:20:28.266,1.76772,1.76814,1.00,1.00
2017.06.16 07:20:28.831,1.76772,1.76815,1.00,1.00
2017.06.16 07:20:29.965,1.76772,1.76815,1.34,1.00
2017.06.16 07:20:30.017,1.76772,1.76818,1.71,1.00
2017.06.16 07:20:30.069,1.76773,1.76817,2.21,1.00
2017.06.16 07:20:30.120,1.76773,1.76819,2.96,1.00
2017.06.16 07:20:30.171,1.76776,1.76821,1.71,1.00
2017.06.16 07:20:30.223,1.76776,1.76824,2.21,1.00
2017.06.16 07:20:30.274,1.76777,1.76826,1.71,1.00
2017.06.16 07:20:30.844,1.76782,1.76825,1.09,1.00
2017.06.16 07:20:30.979,1.76782,1.76825,1.34,1.00
2017.06.16 07:20:31.030,1.76782,1.76827,1.71,1.00
2017.06.16 07:20:31.131,1.76782,1.76827,1.37,1.00
2017.06.16 07:20:31.284,1.76782,1.76829,1.37,1.00
2017.06.16 07:20:31.450,1.76781,1.76827,2.96,1.00
2017.06.16 07:20:31.501,1.76781,1.76828,2.96,1.00
2017.06.16 07:20:31.654,1.76781,1.76826,1.00,1.00
2017.06.16 07:20:32.149,1.76781,1.76828,1.12,1.00
2017.06.16 07:20:32.686,1.76782,1.76828,1.00,1.00
2017.06.16 07:20:34.823,1.76782,1.76826,1.00,1.00
2017.06.16 07:20:34.975,1.76782,1.76828,1.00,1.00
2017.06.16 07:20:35.501,1.76783,1.76829,1.12,1.00
2017.06.16 07:20:36.344,1.76783,1.7683,1.37,1.00
2017.06.16 07:20:36.395,1.76783,1.76832,1.37,1.50
2017.06.16 07:20:36.952,1.76792,1.76832,1.00,1.50
2017.06.16 07:20:37.672,1.76784,1.76832,1.87,1.50
2017.06.16 07:20:37.728,1.76784,1.76829,1.12,1.00
2017.06.16 07:20:38.330,1.76784,1.76829,1.46,1.00
2017.06.16 07:20:38.711,1.76792,1.76832,1.00,1.50
2017.06.16 07:20:39.066,1.76803,1.76849,1.71,1.00
2017.06.16 07:20:39.119,1.76806,1.76851,1.37,1.00
2017.06.16 07:20:39.460,1.76812,1.76851,1.00,1.00
2017.06.16 07:20:39.511,1.76812,1.76853,1.00,1.00
2017.06.16 07:20:39.613,1.76812,1.76851,1.00,1.00
2017.06.16 07:20:40.125,1.76811,1.76851,1.00,1.00
2017.06.16 07:20:41.541,1.76811,1.76853,1.00,1.00
2017.06.16 07:20:43.792,1.76811,1.76852,1.00,1.00
2017.06.16 07:20:44.001,1.76811,1.7685,1.00,1.00
2017.06.16 07:20:44.336,1.76807,1.7685,1.00,1.00
2017.06.16 07:20:44.387,1.76804,1.76846,1.00,1.37
2017.06.16 07:20:44.693,1.76801,1.76839,1.00,1.00
2017.06.16 07:20:44.857,1.76792,1.76839,1.12,1.00
2017.06.16 07:20:46.934,1.76796,1.76839,1.00,1.00
2017.06.16 07:20:52.055,1.76796,1.7684,1.00,1.00
2017.06.16 07:20:53.521,1.76801,1.7684,1.00,1.00
2017.06.16 07:20:54.316,1.76801,1.76839,1.00,1.00
2017.06.16 07:20:55.465,1.76796,1.76839,1.12,1.00
2017.06.16 07:20:55.580,1.76791,1.76831,1.75,1.00
2017.06.16 07:20:55.632,1.7679,1.76827,1.00,1.00
2017.06.16 07:20:55.683,1.76781,1.76825,2.62,1.00
2017.06.16 07:20:55.734,1.76782,1.76825,1.00,1.00
2017.06.16 07:20:55.785,1.76782,1.76817,1.00,1.00
2017.06.16 07:20:55.887,1.76775,1.76813,1.00,1.00
2017.06.16 07:20:55.989,1.76772,1.76811,1.37,1.00
2017.06.16 07:20:56.443,1.76774,1.76817,1.87,1.00
2017.06.16 07:20:56.494,1.76781,1.7682,1.00,1.00
2017.06.16 07:20:56.545,1.76781,1.76825,1.37,1.37
2017.06.16 07:20:56.596,1.76781,1.76824,1.00,1.37
2017.06.16 07:20:56.649,1.76782,1.7683,2.62,1.00
2017.06.16 07:20:56.700,1.76791,1.7683,1.00,1.00
2017.06.16 07:20:56.802,1.76791,1.76833,1.00,1.00
2017.06.16 07:20:56.955,1.76792,1.76835,1.00,1.00
2017.06.16 07:20:57.006,1.76792,1.76836,1.37,1.00
2017.06.16 07:20:57.658,1.76792,1.76837,1.37,1.00
2017.06.16 07:20:58.223,1.76792,1.76836,1.37,1.00
2017.06.16 07:20:58.584,1.76792,1.76834,1.50,1.00
2017.06.16 07:20:59.286,1.76792,1.76831,1.00,1.00
2017.06.16 07:20:59.828,1.76791,1.76831,1.87,1.00
2017.06.16 07:21:00.689,1.76791,1.76834,1.50,1.50
2017.06.16 07:21:00.939,1.76791,1.76831,1.00,1.00
2017.06.16 07:21:00.999,1.76785,1.76829,1.37,1.00
2017.06.16 07:21:01.151,1.76788,1.76829,1.37,1.00
2017.06.16 07:21:01.203,1.76789,1.76833,1.37,1.00
2017.06.16 07:21:01.508,1.76789,1.76836,1.37,1.50
2017.06.16 07:21:01.950,1.76792,1.76836,1.00,1.50
2017.06.16 07:21:02.680,1.76792,1.76834,1.00,1.00
2017.06.16 07:21:02.731,1.76789,1.76832,1.12,1.00
2017.06.16 07:21:02.833,1.76787,1.76831,1.00,1.00
2017.06.16 07:21:03.295,1.76785,1.76832,1.87,1.00
2017.06.16 07:21:03.592,1.76785,1.7683,1.12,1.00
2017.06.16 07:21:03.906,1.7678,1.76824,1.37,1.00
2017.06.16 07:21:04.381,1.76779,1.76824,1.00,1.00
2017.06.16 07:21:04.483,1.76782,1.76824,1.00,1.00
2017.06.16 07:21:04.737,1.76784,1.7683,1.37,1.00
2017.06.16 07:21:04.870,1.76786,1.76832,1.37,1.50
2017.06.16 07:21:05.174,1.76786,1.76834,1.87,1.50
2017.06.16 07:21:05.703,1.76788,1.76833,1.00,1.00
2017.06.16 07:21:05.754,1.76786,1.76834,1.00,1.50
2017.06.16 07:21:06.613,1.76786,1.76832,1.00,1.00
2017.06.16 07:21:07.048,1.76784,1.7683,1.37,1.00
2017.06.16 07:21:07.445,1.76784,1.76827,1.00,1.00
2017.06.16 07:21:07.547,1.7678,1.76826,1.87,1.50
2017.06.16 07:21:07.750,1.76785,1.76827,1.00,1.00
2017.06.16 07:21:07.801,1.76785,1.76829,1.00,1.00
2017.06.16 07:21:08.390,1.76785,1.76828,1.00,1.00
2017.06.16 07:21:08.909,1.76785,1.76829,1.00,1.50
2017.06.16 07:21:09.489,1.76785,1.7683,1.50,1.00
2017.06.16 07:21:09.608,1.76785,1.76832,1.50,1.00
2017.06.16 07:21:09.659,1.76785,1.76829,1.50,1.00
2017.06.16 07:21:10.220,1.76785,1.7683,1.00,1.00
2017.06.16 07:21:10.444,1.76785,1.76833,1.50,1.50
2017.06.16 07:21:10.742,1.76788,1.76835,1.00,1.00
2017.06.16 07:21:11.339,1.76789,1.76836,1.00,1.00
2017.06.16 07:21:12.245,1.76788,1.76833,1.00,1.00
2017.06.16 07:21:12.596,1.76792,1.76835,1.00,1.00
2017.06.16 07:21:14.821,1.76791,1.76835,1.50,1.00
2017.06.16 07:21:15.345,1.76792,1.76835,1.00,1.50
2017.06.16 07:21:15.920,1.76792,1.76836,1.50,1.00
2017.06.16 07:21:17.095,1.76791,1.76836,1.00,1.00
2017.06.16 07:21:17.423,1.76793,1.76836,1.00,1.00
2017.06.16 07:21:17.994,1.76794,1.76837,1.00,1.00
2017.06.16 07:21:18.844,1.76794,1.76835,1.00,1.00
2017.06.16 07:21:20.102,1.76794,1.76836,1.00,1.00
2017.06.16 07:21:20.407,1.76794,1.76834,1.00,1.00
2017.06.16 07:21:20.733,1.76798,1.76835,1.00,1.00
2017.06.16 07:21:21.342,1.76797,1.76835,1.00,1.00
2017.06.16 07:21:21.444,1.76796,1.76839,1.00,1.00
2017.06.16 07:21:21.546,1.76794,1.76838,1.00,1.00
2017.06.16 07:21:21.649,1.76794,1.76835,1.00,1.00
2017.06.16 07:21:22.159,1.76792,1.76835,1.50,1.00
2017.06.16 07:21:22.210,1.76794,1.76835,1.00,1.00
2017.06.16 07:21:22.557,1.76797,1.76835,1.00,1.00
2017.06.16 07:21:22.659,1.76797,1.76837,1.00,1.00
2017.06.16 07:21:23.167,1.76796,1.76837,1.00,1.00
2017.06.16 07:21:23.422,1.76797,1.76839,1.00,1.00
2017.06.16 07:21:23.956,1.76803,1.7684,1.50,1.00
2017.06.16 07:21:24.058,1.76804,1.76844,1.00,1.00
2017.06.16 07:21:24.160,1.76804,1.76847,1.00,1.00
2017.06.16 07:21:24.362,1.76804,1.76844,1.00,1.00
2017.06.16 07:21:24.673,1.76807,1.76848,1.00,1.00
2017.06.16 07:21:25.240,1.76808,1.76848,1.00,1.00
2017.06.16 07:21:25.533,1.76808,1.76851,1.50,1.00
2017.06.16 07:21:25.863,1.76808,1.76849,1.50,1.00
2017.06.16 07:21:26.420,1.76809,1.76849,1.00,1.00
2017.06.16 07:21:26.572,1.76809,1.76851,1.00,1.00
2017.06.16 07:21:26.908,1.76815,1.76852,1.00,1.00
2017.06.16 07:21:26.959,1.76814,1.76855,1.00,1.00
2017.06.16 07:21:27.134,1.76817,1.7686,1.00,1.00
2017.06.16 07:21:27.640,1.76817,1.76859,1.00,1.00
2017.06.16 07:21:27.692,1.76813,1.76859,1.00,1.00
2017.06.16 07:21:27.743,1.76813,1.76855,1.00,1.00
2017.06.16 07:21:28.367,1.76817,1.76858,1.00,1.00
2017.06.16 07:21:28.469,1.76816,1.7686,1.50,1.00
2017.06.16 07:21:28.636,1.76818,1.7686,1.00,1.00
2017.06.16 07:21:29.172,1.76817,1.7686,1.00,1.00
2017.06.16 07:21:29.469,1.76815,1.76859,1.00,1.00
2017.06.16 07:21:29.520,1.76817,1.76859,1.00,1.00
2017.06.16 07:21:29.912,1.76819,1.76859,1.00,1.00
2017.06.16 07:21:29.963,1.76816,1.7686,1.50,1.00
2017.06.16 07:21:30.501,1.76817,1.76861,1.00,1.00
2017.06.16 07:21:31.002,1.76819,1.76861,1.00,1.00
2017.06.16 07:21:31.511,1.76817,1.76861,1.00,1.00
2017.06.16 07:21:31.760,1.76816,1.76858,1.00,1.00
2017.06.16 07:21:32.070,1.76819,1.76861,1.00,1.00
2017.06.16 07:21:32.660,1.76815,1.76861,1.50,1.50
2017.06.16 07:21:32.712,1.76815,1.76859,1.00,1.00
2017.06.16 07:21:33.074,1.76813,1.76858,2.25,1.50
2017.06.16 07:21:33.125,1.76813,1.76858,1.87,1.00
2017.06.16 07:21:33.176,1.76817,1.76861,1.12,1.00
2017.06.16 07:21:33.429,1.76817,1.76859,1.00,1.00
2017.06.16 07:21:33.480,1.76815,1.76859,1.00,1.00
2017.06.16 07:21:33.531,1.76816,1.76861,1.00,1.50
2017.06.16 07:21:33.633,1.76819,1.76861,1.00,1.00
2017.06.16 07:21:33.685,1.76819,1.76863,1.00,1.00
2017.06.16 07:21:34.198,1.76819,1.76864,1.50,1.00
2017.06.16 07:21:34.249,1.76819,1.76861,1.00,1.00
2017.06.16 07:21:34.666,1.76818,1.76859,1.00,1.00
2017.06.16 07:21:35.255,1.76818,1.76858,1.00,1.12
2017.06.16 07:21:35.560,1.76803,1.76842,1.37,1.50
2017.06.16 07:21:35.894,1.76803,1.7684,1.37,1.00
2017.06.16 07:21:36.295,1.76803,1.76839,1.00,1.00
2017.06.16 07:21:39.448,1.76801,1.76839,1.50,1.00
2017.06.16 07:21:39.651,1.76801,1.76836,1.50,1.00
2017.06.16 07:21:39.919,1.76795,1.76833,1.37,1.00
2017.06.16 07:21:40.479,1.76795,1.76832,1.00,1.00
2017.06.16 07:21:41.452,1.76795,1.76836,1.37,1.00
2017.06.16 07:21:41.504,1.76795,1.76836,1.00,1.00
2017.06.16 07:21:41.606,1.76795,1.76838,1.87,1.00
2017.06.16 07:21:41.657,1.76795,1.76838,1.00,1.00
2017.06.16 07:21:41.758,1.76795,1.76835,1.00,1.00
2017.06.16 07:21:42.064,1.76795,1.76833,1.00,1.00
2017.06.16 07:21:42.949,1.76795,1.76833,1.37,1.00
2017.06.16 07:21:43.356,1.76804,1.76833,1.00,1.00
2017.06.16 07:21:43.721,1.76804,1.76833,1.37,1.00
2017.06.16 07:21:44.045,1.76811,1.76833,1.00,1.00
2017.06.16 07:21:44.096,1.76811,1.76849,1.00,1.00
2017.06.16 07:21:44.635,1.76811,1.76847,1.00,1.00
2017.06.16 07:21:45.208,1.76811,1.76846,1.00,1.00
2017.06.16 07:21:46.358,1.76811,1.76847,1.00,1.00
2017.06.16 07:21:46.893,1.76811,1.76845,1.00,1.00
2017.06.16 07:21:47.629,1.76811,1.76844,1.00,1.00
2017.06.16 07:21:47.948,1.76805,1.76842,1.37,1.50
2017.06.16 07:21:47.999,1.76805,1.76839,1.37,1.00
2017.06.16 07:21:48.472,1.76805,1.76841,1.00,1.00
2017.06.16 07:21:48.573,1.76812,1.76844,1.00,1.00
2017.06.16 07:21:48.826,1.76805,1.76842,1.75,1.00
2017.06.16 07:21:49.187,1.76805,1.76845,1.75,1.00
2017.06.16 07:21:49.290,1.76806,1.76848,1.12,1.00
2017.06.16 07:21:49.342,1.76812,1.76848,1.00,1.00
2017.06.16 07:21:49.962,1.76812,1.76846,1.00,1.00
2017.06.16 07:21:50.570,1.76812,1.76847,1.00,1.00
2017.06.16 07:21:50.876,1.76812,1.76851,1.50,1.00
2017.06.16 07:21:52.162,1.76812,1.76851,1.87,1.00
2017.06.16 07:21:52.733,1.76812,1.76854,2.25,1.00
2017.06.16 07:21:52.784,1.76812,1.76849,1.50,1.00
2017.06.16 07:21:53.170,1.76812,1.76851,1.50,1.50
2017.06.16 07:21:53.399,1.76812,1.76849,1.50,1.00
2017.06.16 07:21:54.195,1.76812,1.76848,1.50,1.00
2017.06.16 07:21:54.905,1.76812,1.76846,1.50,1.00
2017.06.16 07:21:55.203,1.76812,1.76848,1.50,1.00
2017.06.16 07:21:55.454,1.76812,1.76846,1.00,1.00
2017.06.16 07:21:55.840,1.76812,1.76843,1.00,1.00
2017.06.16 07:21:56.369,1.76812,1.76844,1.00,1.00
2017.06.16 07:21:56.887,1.76812,1.76845,1.00,1.00
2017.06.16 07:21:57.496,1.76812,1.76844,1.00,1.00
2017.06.16 07:22:00.187,1.76812,1.76843,1.00,1.00
2017.06.16 07:22:00.393,1.76812,1.76845,1.00,1.00
2017.06.16 07:22:00.689,1.76812,1.7685,1.37,1.00
2017.06.16 07:22:00.790,1.7682,1.76851,1.00,1.00
2017.06.16 07:22:00.892,1.76814,1.76853,1.50,1.00
2017.06.16 07:22:00.994,1.76815,1.76857,1.00,1.50
2017.06.16 07:22:01.045,1.76816,1.76857,2.62,1.00
2017.06.16 07:22:01.096,1.76821,1.7686,1.12,1.50
2017.06.16 07:22:01.231,1.76821,1.7685,1.00,1.00
2017.06.16 07:22:01.282,1.76815,1.7685,1.00,1.00
2017.06.16 07:22:01.384,1.76812,1.76846,1.00,1.00
2017.06.16 07:22:01.587,1.76815,1.76851,1.00,1.00
2017.06.16 07:22:01.688,1.76812,1.7685,1.00,1.50
2017.06.16 07:22:02.223,1.76809,1.76849,1.50,1.00
2017.06.16 07:22:03.878,1.76809,1.76847,1.50,1.00
2017.06.16 07:22:03.929,1.76809,1.76847,1.12,1.00
2017.06.16 07:22:04.345,1.76807,1.76847,1.00,1.00
2017.06.16 07:22:04.497,1.76806,1.76849,1.37,1.00
2017.06.16 07:22:04.779,1.76805,1.76846,1.50,1.00
2017.06.16 07:22:06.164,1.76805,1.76846,1.50,1.00
2017.06.16 07:22:06.266,1.76805,1.76844,1.12,1.00
2017.06.16 07:22:06.575,1.76804,1.76839,1.50,1.00
2017.06.16 07:22:07.530,1.76804,1.76836,1.12,1.00
2017.06.16 07:22:08.984,1.76795,1.76836,1.75,1.00
2017.06.16 07:22:09.034,1.76794,1.76834,1.87,1.00
2017.06.16 07:22:09.592,1.76794,1.76833,1.87,1.00
2017.06.16 07:22:10.461,1.76796,1.76833,1.00,1.00
2017.06.16 07:22:10.764,1.76794,1.76831,1.00,1.00
2017.06.16 07:22:11.107,1.76794,1.76833,1.37,1.00
2017.06.16 07:22:12.633,1.76794,1.76833,1.37,1.00
2017.06.16 07:22:14.066,1.76794,1.76833,1.37,1.00
2017.06.16 07:22:14.519,1.76794,1.76833,1.00,1.00
2017.06.16 07:22:14.945,1.76794,1.76833,1.37,1.00
2017.06.16 07:22:15.097,1.76794,1.76835,1.37,1.50
2017.06.16 07:22:15.199,1.76795,1.76835,1.87,1.00
2017.06.16 07:22:15.925,1.76795,1.76836,1.87,1.00
2017.06.16 07:22:16.027,1.76794,1.76836,1.87,1.00
2017.06.16 07:22:16.440,1.76802,1.76838,1.87,1.00
2017.06.16 07:22:16.542,1.76806,1.76847,1.37,1.00
2017.06.16 07:22:16.695,1.76806,1.76845,1.00,1.00
2017.06.16 07:22:17.328,1.76806,1.76846,1.37,1.00
2017.06.16 07:22:17.852,1.76806,1.76845,1.00,1.00
2017.06.16 07:22:18.202,1.76806,1.76842,1.00,1.00
2017.06.16 07:22:20.620,1.76806,1.76844,1.37,1.00
2017.06.16 07:22:20.721,1.76807,1.76848,1.37,1.00
2017.06.16 07:22:20.869,1.76812,1.76852,1.37,1.00
2017.06.16 07:22:21.402,1.76812,1.76849,1.37,1.00
2017.06.16 07:22:21.453,1.76812,1.76849,1.00,1.00
2017.06.16 07:22:21.606,1.76812,1.76846,1.00,1.00
2017.06.16 07:22:21.657,1.76806,1.76846,1.37,1.00
2017.06.16 07:22:22.012,1.76807,1.76847,1.37,1.00
2017.06.16 07:22:22.406,1.76807,1.76847,1.12,1.00
2017.06.16 07:22:22.507,1.76805,1.76843,1.37,1.00
2017.06.16 07:22:22.996,1.76805,1.76843,1.37,1.00
2017.06.16 07:22:23.741,1.76805,1.76843,1.12,1.00
2017.06.16 07:22:23.792,1.76805,1.76843,1.37,1.00
2017.06.16 07:22:24.264,1.76805,1.76843,1.12,1.00
2017.06.16 07:22:24.315,1.76805,1.76845,1.00,1.00
2017.06.16 07:22:24.417,1.76805,1.76842,1.37,1.00
2017.06.16 07:22:24.536,1.76805,1.76845,1.37,1.00
2017.06.16 07:22:25.125,1.76805,1.76843,1.12,1.00
2017.06.16 07:22:25.664,1.76805,1.76844,1.12,1.00
2017.06.16 07:22:26.787,1.76804,1.76844,1.00,1.00
2017.06.16 07:22:27.323,1.76804,1.76843,1.00,1.00
2017.06.16 07:22:27.963,1.76804,1.76844,1.00,1.00
2017.06.16 07:22:28.290,1.76802,1.76844,4.50,1.00
2017.06.16 07:22:29.044,1.76804,1.76844,1.00,1.00
2017.06.16 07:22:29.612,1.76804,1.76843,1.00,1.00
2017.06.16 07:22:31.832,1.76808,1.76843,1.00,1.00
2017.06.16 07:22:32.371,1.76808,1.76844,1.00,1.00
2017.06.16 07:22:32.987,1.76808,1.76843,1.00,1.00
2017.06.16 07:22:34.643,1.76808,1.76846,1.37,1.00
2017.06.16 07:22:34.745,1.76813,1.76853,2.21,1.00
2017.06.16 07:22:34.796,1.76817,1.76853,1.37,1.00
2017.06.16 07:22:34.847,1.76817,1.76858,1.87,1.00
2017.06.16 07:22:34.898,1.76817,1.76859,1.87,1.00
2017.06.16 07:22:35.270,1.76822,1.76864,1.37,1.00
2017.06.16 07:22:35.474,1.76824,1.76862,1.00,1.00
2017.06.16 07:22:35.627,1.76822,1.76861,1.00,1.00
2017.06.16 07:22:35.729,1.76822,1.76859,1.00,1.00
2017.06.16 07:22:36.033,1.76818,1.76856,1.37,1.00
2017.06.16 07:22:36.526,1.7682,1.76861,1.37,1.00
2017.06.16 07:22:36.729,1.76821,1.7686,1.12,1.00
2017.06.16 07:22:36.882,1.76818,1.7686,1.50,1.50
2017.06.16 07:22:36.933,1.76818,1.76854,1.00,1.00
2017.06.16 07:22:37.035,1.76813,1.76852,1.37,1.00
2017.06.16 07:22:37.339,1.76812,1.7685,1.37,1.00
2017.06.16 07:22:38.248,1.76811,1.7685,1.37,1.00
2017.06.16 07:22:38.349,1.76811,1.7685,1.37,1.00
2017.06.16 07:22:38.451,1.76811,1.76848,1.37,1.00
2017.06.16 07:22:38.986,1.76811,1.76849,1.37,1.00
2017.06.16 07:22:39.530,1.76811,1.76848,1.37,1.00
2017.06.16 07:22:40.125,1.76811,1.76849,1.37,1.00
2017.06.16 07:22:40.625,1.76809,1.76845,1.37,1.00
2017.06.16 07:22:41.198,1.76809,1.76845,1.37,1.00
2017.06.16 07:22:41.630,1.76809,1.76844,1.00,1.00
2017.06.16 07:22:41.681,1.76803,1.76839,1.75,1.00
2017.06.16 07:22:41.935,1.76791,1.76831,1.00,1.00
2017.06.16 07:22:42.470,1.76791,1.76832,1.00,1.00
2017.06.16 07:22:42.616,1.76788,1.76829,1.00,1.00
2017.06.16 07:22:42.958,1.76782,1.76819,1.00,1.00
2017.06.16 07:22:43.421,1.76778,1.76819,1.37,1.00
2017.06.16 07:22:43.472,1.76778,1.76819,1.12,1.00
2017.06.16 07:22:43.816,1.76775,1.76819,1.12,1.00
2017.06.16 07:22:43.999,1.76774,1.76818,1.37,1.00
2017.06.16 07:22:44.317,1.76774,1.76818,1.37,1.00
2017.06.16 07:22:44.931,1.76774,1.76814,1.37,1.00
2017.06.16 07:22:45.294,1.7677,1.76813,1.50,1.00
2017.06.16 07:22:45.345,1.7677,1.7681,1.37,1.00
2017.06.16 07:22:45.895,1.76772,1.7681,1.00,1.00
2017.06.16 07:22:46.433,1.76772,1.76809,1.00,1.00
2017.06.16 07:22:46.749,1.76774,1.76814,1.00,1.00
2017.06.16 07:22:46.851,1.76776,1.76817,1.00,1.00
2017.06.16 07:22:47.134,1.76777,1.7682,1.00,1.00
2017.06.16 07:22:47.790,1.76776,1.7682,1.00,1.50
2017.06.16 07:22:48.936,1.76776,1.7682,1.37,1.50
2017.06.16 07:22:49.089,1.76776,1.7682,1.37,1.50
2017.06.16 07:22:50.761,1.76776,1.76815,1.87,1.00
2017.06.16 07:22:51.040,1.76778,1.76818,1.37,1.00
2017.06.16 07:22:52.263,1.76781,1.76818,1.00,1.00
2017.06.16 07:22:52.573,1.76781,1.76816,1.00,1.00
2017.06.16 07:22:52.949,1.76781,1.76819,1.00,1.00
2017.06.16 07:22:55.370,1.76781,1.76816,1.00,1.00
2017.06.16 07:22:55.421,1.76776,1.76816,1.00,1.00
2017.06.16 07:22:55.565,1.76773,1.76813,1.37,1.00
2017.06.16 07:22:55.845,1.76776,1.76815,1.00,1.00
2017.06.16 07:22:56.467,1.76773,1.76813,1.00,1.00
2017.06.16 07:22:57.518,1.76773,1.76813,1.37,1.00
2017.06.16 07:22:57.619,1.76773,1.76813,1.37,1.00
2017.06.16 07:22:58.130,1.76773,1.76813,1.37,1.00
2017.06.16 07:22:58.492,1.76772,1.7681,1.50,1.00
2017.06.16 07:22:58.745,1.76771,1.7681,1.87,1.00
2017.06.16 07:22:58.796,1.76771,1.7681,1.87,1.00
2017.06.16 07:22:59.100,1.76771,1.76803,1.00,1.00
2017.06.16 07:22:59.151,1.76771,1.76809,1.00,1.50
2017.06.16 07:22:59.452,1.76771,1.76806,1.12,1.00
2017.06.16 07:22:59.751,1.76771,1.7681,1.12,1.00
2017.06.16 07:22:59.967,1.76772,1.76813,1.37,1.50
2017.06.16 07:23:00.018,1.76772,1.76813,1.12,1.00
2017.06.16 07:23:00.070,1.76772,1.7681,1.37,1.00
2017.06.16 07:23:00.373,1.76772,1.76813,1.37,1.00
2017.06.16 07:23:00.588,1.76772,1.76813,1.37,1.00
2017.06.16 07:23:00.887,1.76771,1.7681,1.37,1.00
2017.06.16 07:23:01.293,1.76772,1.76812,1.00,1.00
2017.06.16 07:23:01.395,1.76772,1.7681,1.00,1.00
2017.06.16 07:23:01.712,1.76771,1.76808,1.00,1.00
2017.06.16 07:23:02.322,1.76772,1.76808,1.00,1.00
2017.06.16 07:23:02.847,1.76771,1.76809,1.50,1.00
2017.06.16 07:23:03.190,1.76771,1.76807,1.00,1.00
2017.06.16 07:23:03.384,1.76772,1.76809,1.00,1.00
2017.06.16 07:23:04.242,1.76771,1.76809,1.00,1.00
2017.06.16 07:23:04.293,1.76771,1.76807,1.00,1.00
2017.06.16 07:23:04.959,1.76771,1.76806,1.00,1.00
2017.06.16 07:23:05.344,1.76769,1.76806,1.00,1.00
2017.06.16 07:23:08.639,1.76767,1.76806,1.00,1.00
2017.06.16 07:23:09.358,1.76768,1.76806,1.00,1.00
2017.06.16 07:23:09.471,1.76768,1.76804,1.00,1.00
2017.06.16 07:23:09.981,1.76767,1.76804,1.00,1.00
2017.06.16 07:23:11.133,1.76769,1.76804,1.00,1.00
2017.06.16 07:23:11.692,1.76769,1.76805,1.00,1.00
2017.06.16 07:23:14.051,1.76766,1.76805,1.00,1.00
2017.06.16 07:23:14.559,1.76766,1.76804,1.37,1.00
2017.06.16 07:23:14.610,1.76765,1.76801,1.37,1.00
2017.06.16 07:23:14.875,1.76765,1.76804,1.37,1.00
2017.06.16 07:23:15.607,1.76763,1.76802,1.37,1.00
2017.06.16 07:23:15.973,1.76766,1.76804,1.00,1.00
2017.06.16 07:23:19.330,1.76764,1.76804,1.87,1.00
2017.06.16 07:23:19.381,1.76764,1.76802,1.37,1.00
2017.06.16 07:23:20.031,1.76766,1.76802,1.00,1.00
2017.06.16 07:23:22.324,1.76765,1.76802,1.00,1.00
2017.06.16 07:23:22.774,1.76767,1.76802,1.00,1.00
2017.06.16 07:23:25.385,1.76767,1.76804,1.00,1.00
2017.06.16 07:23:25.893,1.76768,1.76804,1.00,1.00
2017.06.16 07:23:27.459,1.76767,1.76804,1.00,1.00
2017.06.16 07:23:28.841,1.76769,1.76804,1.00,1.00
2017.06.16 07:23:29.438,1.76767,1.76802,1.12,1.00
2017.06.16 07:23:29.490,1.76767,1.76804,1.00,1.00
2017.06.16 07:23:29.591,1.7677,1.76805,1.00,1.00
2017.06.16 07:23:29.845,1.76772,1.76808,1.50,1.00
2017.06.16 07:23:30.205,1.76772,1.76805,1.00,1.00
2017.06.16 07:23:30.425,1.76772,1.76807,1.00,1.00
2017.06.16 07:23:31.492,1.76772,1.76808,1.00,1.00
2017.06.16 07:23:32.028,1.76772,1.76807,1.00,1.00
2017.06.16 07:23:32.713,1.76772,1.76805,1.00,1.00
2017.06.16 07:23:32.995,1.76764,1.76805,1.12,1.00
2017.06.16 07:23:33.046,1.76772,1.76805,1.00,1.00
2017.06.16 07:23:33.412,1.76772,1.76802,1.00,1.50
2017.06.16 07:23:34.005,1.76772,1.76804,1.00,1.00
2017.06.16 07:23:34.196,1.76772,1.76802,1.00,1.00
2017.06.16 07:23:35.924,1.76762,1.76802,1.37,1.00
2017.06.16 07:23:36.143,1.76772,1.76802,1.00,1.00
2017.06.16 07:23:37.921,1.76784,1.76817,1.37,1.00
2017.06.16 07:23:37.972,1.76787,1.7682,1.00,1.12
2017.06.16 07:23:38.023,1.76792,1.7683,1.00,1.00
2017.06.16 07:23:38.126,1.76791,1.76831,2.21,1.00
2017.06.16 07:23:38.329,1.76792,1.76831,1.00,1.00
2017.06.16 07:23:38.545,1.76794,1.76833,1.00,1.00
2017.06.16 07:23:38.849,1.76792,1.76831,1.00,1.00
2017.06.16 07:23:39.117,1.76795,1.76837,1.37,1.00
2017.06.16 07:23:39.713,1.76793,1.76835,1.87,1.00
2017.06.16 07:23:40.582,1.76793,1.76835,1.87,1.00
2017.06.16 07:23:40.785,1.76793,1.76835,1.00,1.50
2017.06.16 07:23:41.083,1.76793,1.76831,1.00,1.00
2017.06.16 07:23:41.185,1.76793,1.76833,1.00,1.00
2017.06.16 07:23:41.428,1.76791,1.76831,1.00,1.00
2017.06.16 07:23:41.777,1.76791,1.76829,1.00,1.00
2017.06.16 07:23:42.315,1.76791,1.76828,1.00,1.00
2017.06.16 07:23:45.919,1.76789,1.76828,1.12,1.00
2017.06.16 07:23:47.835,1.76792,1.76828,1.00,1.00
2017.06.16 07:23:48.429,1.76792,1.76829,1.00,1.00
2017.06.16 07:23:48.626,1.76794,1.76833,1.37,1.00
2017.06.16 07:23:49.128,1.76796,1.76838,1.50,1.50
2017.06.16 07:23:49.179,1.76796,1.76838,1.87,1.50
2017.06.16 07:23:49.280,1.76796,1.76837,1.00,1.00
2017.06.16 07:23:49.759,1.76798,1.76837,1.00,1.00
2017.06.16 07:23:49.813,1.76795,1.76836,1.87,1.00
2017.06.16 07:23:50.317,1.76796,1.76835,1.37,1.00
2017.06.16 07:23:50.521,1.76793,1.76835,1.87,2.25
2017.06.16 07:23:50.857,1.76793,1.76835,1.87,2.25
2017.06.16 07:23:51.215,1.76796,1.76835,1.00,1.50
2017.06.16 07:23:51.658,1.76797,1.76837,1.00,1.00
2017.06.16 07:23:51.810,1.76797,1.76829,1.00,1.00
2017.06.16 07:23:51.861,1.76794,1.76827,1.00,1.00
2017.06.16 07:23:51.963,1.76784,1.76824,1.12,1.00
2017.06.16 07:23:53.054,1.76782,1.76823,1.87,1.00
2017.06.16 07:23:53.680,1.76781,1.76823,3.37,1.00
2017.06.16 07:23:54.531,1.76783,1.76824,1.37,1.00
2017.06.16 07:23:54.633,1.76783,1.76824,1.00,1.00
2017.06.16 07:23:55.267,1.76782,1.76824,1.50,1.50
2017.06.16 07:23:55.369,1.76781,1.76821,1.00,1.00
2017.06.16 07:23:55.649,1.76778,1.76819,1.12,1.00
2017.06.16 07:23:55.801,1.7678,1.76819,1.12,1.00
2017.06.16 07:23:55.903,1.76778,1.76819,1.00,1.00
2017.06.16 07:23:56.149,1.76781,1.76821,1.00,1.50
2017.06.16 07:23:56.456,1.76782,1.76823,1.12,1.00
2017.06.16 07:23:56.507,1.76782,1.76821,1.00,1.00
2017.06.16 07:23:56.609,1.76782,1.76823,1.12,1.00
2017.06.16 07:23:57.602,1.76782,1.76821,1.00,1.00
2017.06.16 07:23:57.923,1.76785,1.76825,1.00,1.00
2017.06.16 07:23:58.632,1.76785,1.76826,1.00,1.50
2017.06.16 07:23:59.525,1.76784,1.76823,1.12,1.00
2017.06.16 07:23:59.772,1.76781,1.76821,1.00,1.00
2017.06.16 07:23:59.925,1.76782,1.76821,1.87,1.00
2017.06.16 07:23:59.976,1.76783,1.76823,1.00,1.00
2017.06.16 07:24:00.342,1.76783,1.76823,1.37,1.00
2017.06.16 07:24:00.862,1.76782,1.76822,1.50,1.50
2017.06.16 07:24:00.964,1.76782,1.76819,1.00,1.00
2017.06.16 07:24:01.477,1.76781,1.76819,1.00,1.00
2017.06.16 07:24:01.878,1.76781,1.76816,1.00,1.00
2017.06.16 07:24:02.133,1.76794,1.76834,1.37,1.00
2017.06.16 07:24:02.235,1.76795,1.76835,1.12,1.50
2017.06.16 07:24:02.286,1.76795,1.76835,1.37,1.50
2017.06.16 07:24:02.818,1.76795,1.76835,1.37,1.00
2017.06.16 07:24:03.400,1.76795,1.76836,1.37,1.00
2017.06.16 07:24:04.005,1.76795,1.76836,1.37,1.00
2017.06.16 07:24:04.572,1.76798,1.76837,1.00,1.50
2017.06.16 07:24:05.095,1.76797,1.76837,1.12,1.00
2017.06.16 07:24:06.538,1.768,1.76837,1.00,1.00
2017.06.16 07:24:09.431,1.768,1.76838,1.00,1.00
2017.06.16 07:24:12.946,1.76798,1.76838,1.00,1.00
2017.06.16 07:24:13.485,1.76798,1.76837,1.00,1.00
2017.06.16 07:24:13.904,1.76797,1.76835,1.00,1.00
2017.06.16 07:24:14.057,1.76801,1.76842,1.37,1.00
2017.06.16 07:24:14.229,1.76802,1.76844,1.12,1.00
2017.06.16 07:24:14.280,1.76802,1.76845,1.87,1.00
2017.06.16 07:24:14.382,1.76805,1.76847,1.12,1.50
2017.06.16 07:24:14.433,1.76811,1.76847,1.87,1.00
2017.06.16 07:24:14.484,1.76811,1.76849,2.62,1.00
2017.06.16 07:24:14.586,1.76815,1.76855,1.37,1.00
2017.06.16 07:24:14.852,1.76818,1.76855,1.00,1.00
2017.06.16 07:24:15.573,1.76815,1.76853,1.00,1.00
2017.06.16 07:24:15.674,1.76813,1.76853,1.00,1.00
2017.06.16 07:24:16.247,1.76812,1.76852,1.00,1.00
2017.06.16 07:24:16.468,1.76812,1.76854,1.37,1.50
2017.06.16 07:24:16.778,1.76817,1.76856,1.00,1.00
2017.06.16 07:24:17.574,1.76817,1.76855,1.00,1.00
2017.06.16 07:24:18.121,1.76816,1.76858,1.00,1.50
2017.06.16 07:24:18.174,1.76819,1.76857,1.00,1.00
2017.06.16 07:24:18.277,1.76816,1.76856,1.00,1.00
2017.06.16 07:24:18.790,1.76818,1.76856,1.00,1.00
2017.06.16 07:24:19.490,1.76818,1.76859,1.00,1.00
2017.06.16 07:24:20.460,1.76822,1.76861,1.00,1.00
2017.06.16 07:24:20.789,1.76824,1.76864,1.00,1.00
2017.06.16 07:24:21.042,1.76828,1.76864,1.00,1.00
2017.06.16 07:24:21.592,1.76829,1.76865,1.00,1.00
2017.06.16 07:24:21.906,1.76827,1.76865,1.00,1.50
2017.06.16 07:24:21.957,1.76823,1.76865,1.00,1.50
2017.06.16 07:24:22.488,1.76822,1.76864,1.00,1.00
2017.06.16 07:24:22.914,1.76821,1.76862,1.00,1.00
2017.06.16 07:24:23.120,1.76821,1.76864,1.00,1.00
2017.06.16 07:24:23.272,1.76825,1.76866,1.00,1.00
2017.06.16 07:24:23.577,1.76825,1.76869,1.00,1.50
2017.06.16 07:24:23.629,1.76824,1.76865,1.00,1.00
2017.06.16 07:24:23.680,1.76822,1.76865,1.00,1.00
2017.06.16 07:24:23.782,1.76822,1.76863,1.50,1.00
2017.06.16 07:24:24.360,1.76823,1.76865,1.87,1.00
2017.06.16 07:24:24.901,1.76822,1.76865,1.00,1.50
2017.06.16 07:24:25.461,1.76822,1.76864,1.00,1.00
2017.06.16 07:24:27.296,1.76823,1.76863,1.00,1.00
2017.06.16 07:24:28.823,1.76824,1.76864,1.00,1.00
2017.06.16 07:24:29.846,1.76825,1.76864,1.00,1.00
2017.06.16 07:24:30.722,1.76824,1.76864,1.00,1.00
2017.06.16 07:24:30.773,1.76823,1.76862,1.00,1.00
2017.06.16 07:24:31.871,1.76823,1.7686,1.00,1.00
2017.06.16 07:24:34.183,1.76829,1.76862,1.00,1.00
2017.06.16 07:24:34.793,1.76829,1.76861,1.00,1.00
2017.06.16 07:24:34.895,1.76829,1.76864,1.00,1.00
2017.06.16 07:24:36.428,1.76828,1.76864,1.00,1.00
2017.06.16 07:24:36.823,1.76827,1.76861,1.00,1.00
2017.06.16 07:24:38.250,1.76825,1.76861,1.00,1.00
2017.06.16 07:24:38.842,1.76826,1.76861,1.00,1.00
2017.06.16 07:24:39.360,1.76827,1.76861,1.50,1.00
2017.06.16 07:24:39.512,1.76827,1.76863,1.00,1.00
2017.06.16 07:24:43.477,1.76826,1.76863,1.00,1.00
2017.06.16 07:24:43.833,1.76826,1.76859,1.00,1.00
2017.06.16 07:24:44.190,1.76826,1.76863,1.00,1.00
2017.06.16 07:24:44.401,1.76826,1.7686,1.00,1.00
2017.06.16 07:24:45.119,1.76826,1.76861,1.00,1.00
2017.06.16 07:24:47.125,1.76825,1.76861,1.00,1.00
2017.06.16 07:24:48.507,1.76825,1.76859,1.00,1.00
2017.06.16 07:24:48.610,1.76823,1.76859,1.00,1.00
2017.06.16 07:24:48.914,1.76822,1.76854,1.00,1.00
2017.06.16 07:24:49.546,1.76819,1.76854,1.00,1.00
2017.06.16 07:24:49.597,1.7682,1.76849,1.00,1.00
2017.06.16 07:24:49.828,1.76822,1.76856,1.00,1.50
2017.06.16 07:24:50.031,1.76824,1.76856,1.00,1.00
2017.06.16 07:24:50.729,1.76824,1.76854,1.00,1.00
2017.06.16 07:24:54.901,1.76822,1.76854,1.50,1.00
2017.06.16 07:24:55.465,1.76823,1.76853,1.00,1.00
2017.06.16 07:24:55.853,1.76824,1.76855,1.00,1.00
2017.06.16 07:24:55.905,1.76824,1.76853,1.00,1.00
2017.06.16 07:24:56.007,1.76825,1.76859,1.00,1.00
2017.06.16 07:24:56.388,1.76823,1.76858,1.00,1.00
2017.06.16 07:24:56.440,1.76823,1.76855,1.00,1.00
2017.06.16 07:24:56.790,1.76823,1.76853,1.00,1.00
2017.06.16 07:24:57.355,1.76821,1.76853,1.00,1.00
2017.06.16 07:24:57.406,1.76823,1.76853,1.00,1.00
2017.06.16 07:24:58.051,1.76823,1.76855,1.00,1.00
2017.06.16 07:24:59.053,1.76822,1.76855,1.00,1.00
2017.06.16 07:25:00.154,1.76822,1.76853,1.00,1.00
2017.06.16 07:25:00.709,1.76822,1.76855,1.00,1.00
2017.06.16 07:25:01.265,1.76823,1.76856,1.00,1.00
2017.06.16 07:25:01.773,1.76821,1.76856,1.00,1.00
2017.06.16 07:25:02.010,1.76821,1.76854,1.00,1.00
2017.06.16 07:25:02.619,1.76821,1.76855,1.00,1.00
2017.06.16 07:25:03.736,1.76824,1.76855,1.00,1.00
2017.06.16 07:25:03.838,1.76821,1.76855,1.00,1.00
2017.06.16 07:25:04.501,1.76821,1.76854,1.00,1.00
2017.06.16 07:25:05.115,1.76821,1.76852,1.00,1.00
2017.06.16 07:25:05.217,1.76822,1.76855,1.00,1.00
2017.06.16 07:25:05.823,1.76822,1.76854,1.00,1.00
2017.06.16 07:25:06.175,1.7682,1.76853,1.00,1.00
2017.06.16 07:25:06.716,1.76821,1.76853,1.00,1.00
2017.06.16 07:25:07.230,1.76822,1.76853,1.00,1.00
2017.06.16 07:25:07.764,1.76824,1.76855,1.00,1.00
2017.06.16 07:25:07.866,1.76823,1.76858,1.00,1.00
2017.06.16 07:25:08.944,1.76822,1.76858,1.00,1.00
2017.06.16 07:25:09.676,1.76823,1.76858,1.00,1.00
2017.06.16 07:25:10.219,1.76824,1.76858,1.00,1.00
2017.06.16 07:25:10.463,1.76822,1.76858,1.00,1.00
2017.06.16 07:25:10.620,1.76823,1.76854,1.00,1.00
2017.06.16 07:25:11.768,1.76824,1.76854,1.00,1.00
2017.06.16 07:25:11.972,1.76823,1.76857,1.00,1.00
2017.06.16 07:25:12.261,1.76821,1.76853,1.00,1.00
2017.06.16 07:25:12.738,1.76822,1.76849,1.00,1.00
2017.06.16 07:25:12.940,1.76823,1.76853,1.00,1.00
2017.06.16 07:25:13.042,1.76823,1.76858,1.00,1.00
2017.06.16 07:25:13.093,1.76826,1.76858,1.00,1.00
2017.06.16 07:25:13.659,1.76827,1.76858,1.00,1.00
2017.06.16 07:25:13.865,1.76825,1.76858,1.00,1.00
2017.06.16 07:25:14.017,1.76828,1.76858,1.00,1.00
2017.06.16 07:25:14.844,1.76828,1.76859,1.00,1.00
2017.06.16 07:25:16.602,1.76827,1.76859,1.00,1.00
2017.06.16 07:25:16.704,1.76825,1.76859,1.00,1.00
2017.06.16 07:25:16.755,1.76827,1.76858,1.00,1.00
2017.06.16 07:25:16.907,1.76825,1.76859,1.00,1.00
2017.06.16 07:25:17.425,1.76823,1.76858,1.00,1.00
2017.06.16 07:25:17.476,1.76821,1.76852,1.00,1.00
2017.06.16 07:25:17.577,1.76819,1.76853,1.00,1.00
2017.06.16 07:25:17.679,1.7682,1.76851,1.00,1.00
2017.06.16 07:25:17.981,1.7682,1.76849,1.00,1.00
2017.06.16 07:25:18.338,1.7682,1.76846,1.00,1.00
2017.06.16 07:25:18.805,1.76817,1.76846,1.00,1.00
2017.06.16 07:25:19.318,1.76815,1.76846,1.00,1.00
2017.06.16 07:25:19.369,1.76813,1.76845,1.50,1.00
2017.06.16 07:25:19.420,1.76815,1.76845,1.00,1.00
2017.06.16 07:25:19.734,1.76817,1.76845,1.00,1.00
2017.06.16 07:25:19.785,1.76817,1.76848,1.00,1.00
2017.06.16 07:25:20.093,1.76819,1.76848,1.00,1.00
2017.06.16 07:25:20.295,1.76816,1.76849,1.00,1.00
2017.06.16 07:25:20.346,1.76818,1.76849,1.00,1.00
2017.06.16 07:25:20.694,1.7682,1.76849,1.00,1.00
2017.06.16 07:25:20.993,1.76818,1.76849,1.00,1.00
2017.06.16 07:25:21.236,1.76819,1.76851,1.00,1.00
2017.06.16 07:25:21.808,1.7682,1.76851,1.00,1.00
2017.06.16 07:25:22.356,1.76819,1.76851,1.00,1.00
2017.06.16 07:25:22.655,1.76823,1.76851,1.00,1.00
2017.06.16 07:25:22.757,1.76827,1.76859,1.00,1.00
2017.06.16 07:25:22.808,1.7683,1.76859,1.00,1.00
2017.06.16 07:25:22.859,1.7683,1.76862,1.00,1.00
2017.06.16 07:25:22.986,1.76828,1.76862,1.50,1.00
2017.06.16 07:25:23.599,1.76829,1.76862,1.00,1.00
2017.06.16 07:25:24.120,1.7683,1.76863,1.00,1.00
2017.06.16 07:25:24.947,1.7683,1.76862,1.00,1.00
2017.06.16 07:25:25.517,1.76831,1.76862,1.00,1.00
2017.06.16 07:25:26.195,1.76829,1.76862,1.50,1.00
2017.06.16 07:25:26.297,1.76831,1.76862,1.00,1.00
2017.06.16 07:25:26.348,1.76829,1.76862,1.00,1.00
2017.06.16 07:25:26.399,1.76831,1.76862,1.00,1.00
2017.06.16 07:25:26.685,1.76831,1.76864,1.00,1.00
2017.06.16 07:25:27.938,1.76832,1.76864,1.00,1.00
2017.06.16 07:25:28.504,1.76831,1.76864,1.00,1.00
2017.06.16 07:25:28.970,1.76833,1.76864,1.00,1.00
2017.06.16 07:25:29.072,1.76834,1.76869,1.00,1.50
2017.06.16 07:25:29.225,1.76838,1.7687,1.00,1.00
2017.06.16 07:25:29.880,1.7684,1.76869,1.00,1.00
2017.06.16 07:25:29.982,1.76841,1.76875,1.00,1.00
2017.06.16 07:25:30.033,1.76843,1.76875,1.00,1.00
2017.06.16 07:25:30.149,1.76845,1.76878,1.00,1.00
2017.06.16 07:25:30.251,1.76846,1.76881,1.00,1.00
2017.06.16 07:25:30.653,1.76846,1.76883,1.00,1.00
2017.06.16 07:25:32.118,1.76847,1.76883,1.00,1.00
2017.06.16 07:25:33.078,1.76847,1.76884,1.00,1.00
2017.06.16 07:25:34.090,1.76847,1.76883,1.00,1.00
2017.06.16 07:25:34.191,1.76848,1.76887,1.00,1.00
2017.06.16 07:25:34.242,1.7685,1.76887,1.00,1.00
2017.06.16 07:25:34.754,1.76851,1.76886,1.00,1.00
2017.06.16 07:25:34.806,1.76851,1.76889,1.00,1.00
2017.06.16 07:25:35.329,1.76852,1.76889,1.00,1.00
2017.06.16 07:25:35.389,1.7685,1.76889,1.50,1.00
2017.06.16 07:25:35.592,1.76849,1.76885,1.00,1.00
2017.06.16 07:25:35.914,1.76844,1.76885,1.00,1.00
2017.06.16 07:25:36.066,1.76842,1.76885,2.25,1.00
2017.06.16 07:25:36.646,1.76843,1.76886,1.50,1.50
2017.06.16 07:25:37.175,1.76841,1.76884,1.37,1.00
2017.06.16 07:25:37.226,1.7684,1.76883,1.00,1.00
2017.06.16 07:25:37.379,1.7684,1.76878,1.00,1.00
2017.06.16 07:25:37.684,1.76846,1.76877,1.00,1.00
2017.06.16 07:25:37.786,1.76842,1.76877,1.00,1.00
2017.06.16 07:25:37.888,1.76841,1.76874,1.00,1.00
2017.06.16 07:25:38.828,1.76843,1.76874,1.00,1.00
2017.06.16 07:25:39.786,1.76843,1.76875,1.00,1.00
2017.06.16 07:25:41.787,1.76844,1.76875,1.00,1.00
2017.06.16 07:25:41.990,1.76852,1.76887,1.00,1.00
2017.06.16 07:25:42.092,1.76852,1.7689,1.00,1.00
2017.06.16 07:25:42.333,1.76854,1.7689,1.00,1.00
2017.06.16 07:25:42.648,1.76851,1.76891,1.00,1.00
2017.06.16 07:25:42.699,1.76853,1.76891,1.00,1.00
2017.06.16 07:25:44.904,1.76852,1.76891,1.00,1.00
2017.06.16 07:25:45.006,1.76849,1.76889,1.00,1.00
2017.06.16 07:25:45.107,1.76849,1.76887,1.00,1.00
2017.06.16 07:25:45.513,1.76851,1.76888,1.00,1.00
2017.06.16 07:25:46.015,1.76852,1.76891,1.00,1.00
2017.06.16 07:25:46.652,1.76854,1.76891,1.00,1.00
2017.06.16 07:25:47.374,1.76854,1.76892,1.00,1.00
2017.06.16 07:25:48.469,1.76851,1.76892,1.00,1.00
2017.06.16 07:25:48.520,1.76849,1.7689,1.00,1.00
2017.06.16 07:25:48.886,1.7685,1.76888,1.00,1.00
2017.06.16 07:25:49.678,1.76851,1.76889,1.00,1.00
2017.06.16 07:25:50.975,1.76851,1.76888,1.00,1.00
2017.06.16 07:25:52.651,1.7685,1.76888,1.00,1.00
2017.06.16 07:25:52.995,1.76852,1.76888,1.00,1.00
2017.06.16 07:25:53.300,1.76854,1.7689,1.00,1.00
2017.06.16 07:25:53.595,1.7685,1.76889,1.00,1.00
2017.06.16 07:25:53.697,1.7685,1.76887,1.00,1.00
2017.06.16 07:25:54.080,1.7685,1.76889,1.00,1.00
2017.06.16 07:25:54.284,1.76852,1.76889,1.00,1.00
2017.06.16 07:25:55.341,1.76851,1.76889,1.00,1.00
2017.06.16 07:25:55.956,1.76852,1.76889,1.00,1.00
2017.06.16 07:25:56.512,1.76851,1.7689,2.25,1.00
2017.06.16 07:25:56.883,1.76851,1.76888,1.50,1.00
2017.06.16 07:25:57.682,1.76854,1.76888,1.00,1.00
2017.06.16 07:25:57.987,1.76855,1.7689,1.00,1.00
2017.06.16 07:25:58.226,1.76859,1.7689,1.00,1.00
2017.06.16 07:25:58.328,1.76861,1.76898,1.00,1.00
2017.06.16 07:25:58.430,1.76861,1.769,1.00,1.00
2017.06.16 07:25:58.636,1.76862,1.76898,1.00,1.00
2017.06.16 07:25:59.915,1.76863,1.76898,1.00,1.00
2017.06.16 07:26:03.018,1.76863,1.76897,1.00,1.00
2017.06.16 07:26:05.253,1.76862,1.76897,1.00,1.00
2017.06.16 07:26:05.797,1.76861,1.76896,1.00,1.00
2017.06.16 07:26:06.417,1.76861,1.76897,1.00,1.00
2017.06.16 07:26:13.580,1.76862,1.76897,1.00,1.00
2017.06.16 07:26:14.018,1.76864,1.76897,1.00,1.00
2017.06.16 07:26:15.487,1.76867,1.76897,1.50,1.00
2017.06.16 07:26:15.538,1.76867,1.76901,1.00,1.00
2017.06.16 07:26:15.589,1.76869,1.76901,1.00,1.00
2017.06.16 07:26:15.725,1.76873,1.76907,1.00,1.00
2017.06.16 07:26:15.929,1.76873,1.76912,1.87,1.00
2017.06.16 07:26:16.084,1.76876,1.76912,1.00,1.00
2017.06.16 07:26:16.236,1.76873,1.76913,1.87,1.00
2017.06.16 07:26:16.829,1.76873,1.76911,1.87,1.00
2017.06.16 07:26:16.982,1.76861,1.76901,2.62,1.00
2017.06.16 07:26:17.106,1.76863,1.76903,1.00,1.00
2017.06.16 07:26:17.407,1.76864,1.76905,1.00,1.50
2017.06.16 07:26:17.619,1.76861,1.76903,1.87,1.00
2017.06.16 07:26:18.126,1.76861,1.76903,1.87,1.00
2017.06.16 07:26:22.688,1.76861,1.76902,1.50,1.00
2017.06.16 07:26:23.229,1.76861,1.76903,1.00,1.50
2017.06.16 07:26:23.741,1.76862,1.76902,1.12,1.00
2017.06.16 07:26:27.243,1.76865,1.76903,1.00,1.00
2017.06.16 07:26:27.452,1.76862,1.76905,1.87,1.00
2017.06.16 07:26:27.690,1.76865,1.7691,1.00,1.50
2017.06.16 07:26:27.742,1.76865,1.76908,1.00,1.00
2017.06.16 07:26:28.055,1.76867,1.7691,1.00,1.00
2017.06.16 07:26:29.120,1.76866,1.76909,1.00,1.00
2017.06.16 07:26:29.576,1.76861,1.76904,1.00,1.50
2017.06.16 07:26:30.184,1.76861,1.76903,1.00,1.00
2017.06.16 07:26:30.286,1.76859,1.76902,1.00,1.00
2017.06.16 07:26:30.667,1.76861,1.76903,1.00,1.00
2017.06.16 07:26:30.836,1.76858,1.76901,1.00,1.00
2017.06.16 07:26:30.889,1.76862,1.76901,1.00,1.00
2017.06.16 07:26:31.193,1.76863,1.76895,1.00,1.00
2017.06.16 07:26:31.301,1.76864,1.76898,1.00,1.50
2017.06.16 07:26:31.354,1.76862,1.76899,1.00,1.00
2017.06.16 07:26:31.562,1.76862,1.76897,1.00,1.00
2017.06.16 07:26:32.110,1.76862,1.76898,1.00,1.00
2017.06.16 07:26:34.844,1.76862,1.76897,1.00,1.50
2017.06.16 07:26:35.187,1.76862,1.76895,1.00,1.00
2017.06.16 07:26:35.463,1.76859,1.76895,1.00,1.00
2017.06.16 07:26:36.474,1.76859,1.76896,1.00,1.00
2017.06.16 07:26:37.480,1.76859,1.76893,1.00,1.00
2017.06.16 07:26:37.582,1.76859,1.76895,1.00,1.00
2017.06.16 07:26:38.119,1.76859,1.76894,1.00,1.00
2017.06.16 07:26:43.294,1.76859,1.76895,1.00,1.50
2017.06.16 07:26:43.346,1.76857,1.76895,1.00,1.50
2017.06.16 07:26:43.448,1.7686,1.76895,1.00,1.00
2017.06.16 07:26:44.109,1.76861,1.76896,1.00,1.00
2017.06.16 07:26:44.413,1.7686,1.76893,1.00,1.00
2017.06.16 07:26:44.746,1.76856,1.76893,1.00,1.00
2017.06.16 07:26:45.842,1.76859,1.76893,1.00,1.00
2017.06.16 07:26:47.544,1.76857,1.76893,1.00,1.00
2017.06.16 07:26:47.944,1.76854,1.76892,1.00,1.50
2017.06.16 07:26:49.096,1.76854,1.7689,1.00,1.00
2017.06.16 07:26:49.416,1.76855,1.76892,1.00,1.00
2017.06.16 07:26:50.158,1.76855,1.7689,1.00,1.50
2017.06.16 07:26:50.260,1.76852,1.76888,1.50,1.00
2017.06.16 07:26:50.564,1.7685,1.76887,1.00,1.50
2017.06.16 07:26:50.827,1.7685,1.76885,1.00,1.00
2017.06.16 07:26:51.346,1.7685,1.76886,1.00,1.00
2017.06.16 07:26:52.456,1.7685,1.76885,1.50,1.00
2017.06.16 07:26:54.002,1.7685,1.76879,1.00,1.00
2017.06.16 07:26:54.104,1.76844,1.76879,1.75,1.00
2017.06.16 07:26:54.155,1.76844,1.76876,1.75,1.00
2017.06.16 07:26:54.307,1.76839,1.76875,1.00,1.50
2017.06.16 07:26:54.409,1.76839,1.76873,1.00,1.00
2017.06.16 07:26:55.052,1.76839,1.76872,1.00,1.00
2017.06.16 07:26:55.594,1.76839,1.76873,1.00,1.00
2017.06.16 07:26:55.746,1.76839,1.76876,1.00,2.25
2017.06.16 07:26:55.797,1.76839,1.76874,1.00,1.00
2017.06.16 07:26:57.306,1.76839,1.76872,1.00,1.00
2017.06.16 07:26:57.799,1.76839,1.76874,1.00,1.00
2017.06.16 07:27:01.404,1.76839,1.76873,1.00,1.00
2017.06.16 07:27:01.657,1.76839,1.7687,1.00,1.00
2017.06.16 07:27:02.157,1.76839,1.76868,1.00,1.00
2017.06.16 07:27:02.576,1.76831,1.76868,1.87,1.00
2017.06.16 07:27:02.627,1.76831,1.76868,1.50,1.00
2017.06.16 07:27:03.191,1.76831,1.76866,1.00,1.00
2017.06.16 07:27:04.662,1.76831,1.76867,1.50,1.00
2017.06.16 07:27:05.138,1.76831,1.76864,1.00,1.00
2017.06.16 07:27:05.339,1.76825,1.76864,1.37,1.00
2017.06.16 07:27:05.390,1.76825,1.76864,1.00,1.00
2017.06.16 07:27:05.500,1.76825,1.76866,1.12,1.50
2017.06.16 07:27:05.869,1.76827,1.76866,1.00,1.00
2017.06.16 07:27:06.771,1.76825,1.76866,1.50,1.00
2017.06.16 07:27:07.639,1.76825,1.76865,1.50,1.00
2017.06.16 07:27:07.690,1.76832,1.76865,1.00,1.00
2017.06.16 07:27:07.945,1.76832,1.76867,1.00,1.00
2017.06.16 07:27:08.515,1.76832,1.76868,1.00,1.50
2017.06.16 07:27:08.867,1.76831,1.7687,1.50,1.00
2017.06.16 07:27:08.969,1.76841,1.76874,1.00,1.50
2017.06.16 07:27:09.133,1.76842,1.76879,1.50,1.00
2017.06.16 07:27:09.774,1.76842,1.7688,1.00,1.00
2017.06.16 07:27:09.825,1.76842,1.76882,1.50,1.00
2017.06.16 07:27:09.876,1.76846,1.76885,1.00,1.50
2017.06.16 07:27:10.507,1.76846,1.76884,1.00,1.00
2017.06.16 07:27:10.659,1.76846,1.76887,1.00,1.00
2017.06.16 07:27:10.710,1.76844,1.76887,1.00,1.00
2017.06.16 07:27:11.072,1.76844,1.76884,1.00,1.00
2017.06.16 07:27:11.638,1.76845,1.76885,1.00,1.00
2017.06.16 07:27:12.401,1.76845,1.76886,1.00,1.00
2017.06.16 07:27:12.966,1.76845,1.76887,1.00,1.50
2017.06.16 07:27:13.402,1.76845,1.76885,1.00,1.00
2017.06.16 07:27:14.058,1.76844,1.76885,1.00,1.00
2017.06.16 07:27:14.921,1.76844,1.76886,1.00,1.50
2017.06.16 07:27:15.235,1.76847,1.76885,1.00,1.00
2017.06.16 07:27:15.876,1.76846,1.76885,1.00,1.00
2017.06.16 07:27:16.587,1.76843,1.76885,1.00,1.00
2017.06.16 07:27:17.195,1.76843,1.76884,1.00,1.00
2017.06.16 07:27:17.719,1.76843,1.76885,1.00,1.00
2017.06.16 07:27:18.697,1.76843,1.76886,1.00,1.50
2017.06.16 07:27:18.900,1.76847,1.76886,1.00,1.00
2017.06.16 07:27:19.002,1.76849,1.7689,1.50,1.00
2017.06.16 07:27:19.054,1.76855,1.76893,1.00,1.00
2017.06.16 07:27:19.105,1.76856,1.76895,1.00,1.00
2017.06.16 07:27:19.613,1.76856,1.76896,1.00,1.50
2017.06.16 07:27:19.939,1.76856,1.76894,1.00,1.50
2017.06.16 07:27:21.208,1.76856,1.76896,1.00,1.50
2017.06.16 07:27:21.549,1.7686,1.76896,1.00,1.00
2017.06.16 07:27:21.855,1.76846,1.76884,1.00,1.00
2017.06.16 07:27:21.906,1.76844,1.76883,1.00,1.50
2017.06.16 07:27:22.423,1.76843,1.76883,1.00,1.50
2017.06.16 07:27:22.524,1.76843,1.76881,1.00,1.00
2017.06.16 07:27:23.185,1.76842,1.76881,1.50,1.50
2017.06.16 07:27:23.811,1.76844,1.76882,1.00,1.50
2017.06.16 07:27:23.862,1.76844,1.76886,1.00,1.50
2017.06.16 07:27:24.407,1.76843,1.76885,1.00,1.50
2017.06.16 07:27:24.703,1.76846,1.76885,1.00,1.50
2017.06.16 07:27:25.017,1.7686,1.76899,1.00,1.50
2017.06.16 07:27:25.565,1.76861,1.76899,1.50,1.00
2017.06.16 07:27:25.900,1.76863,1.76898,1.00,1.00
2017.06.16 07:27:26.268,1.7686,1.76897,1.00,1.00
2017.06.16 07:27:26.369,1.7686,1.76891,1.00,1.00
2017.06.16 07:27:26.420,1.76853,1.76891,1.00,1.50
2017.06.16 07:27:26.471,1.76853,1.76889,1.00,1.50
2017.06.16 07:27:26.793,1.76851,1.76887,1.00,1.50
2017.06.16 07:27:27.376,1.76852,1.76887,1.00,1.00
2017.06.16 07:27:28.482,1.76852,1.76886,1.00,1.00
2017.06.16 07:27:28.533,1.76845,1.76884,1.00,1.00
2017.06.16 07:27:28.700,1.76848,1.76885,1.00,1.50
2017.06.16 07:27:29.462,1.76848,1.76884,1.00,1.00
2017.06.16 07:27:30.106,1.76848,1.76883,1.00,1.00
2017.06.16 07:27:30.555,1.76846,1.76883,1.00,1.50
2017.06.16 07:27:30.820,1.76846,1.76881,1.00,1.00
2017.06.16 07:27:30.922,1.76842,1.76881,1.00,1.00
2017.06.16 07:27:31.446,1.76842,1.76882,1.00,1.50
2017.06.16 07:27:32.010,1.76841,1.76879,1.00,1.50
2017.06.16 07:27:32.333,1.76841,1.76881,1.00,1.50
2017.06.16 07:27:33.058,1.76841,1.7688,1.00,1.00
2017.06.16 07:27:33.587,1.76842,1.7688,1.00,1.00
2017.06.16 07:27:33.795,1.76842,1.76882,1.00,1.50
2017.06.16 07:27:35.332,1.76845,1.76884,1.00,1.50
2017.06.16 07:27:35.642,1.76837,1.76877,1.00,1.00
2017.06.16 07:27:35.693,1.76837,1.76873,1.00,1.00
2017.06.16 07:27:35.744,1.76834,1.76874,1.00,1.50
2017.06.16 07:27:36.507,1.76834,1.76873,1.00,1.00
2017.06.16 07:27:36.808,1.76834,1.76871,1.00,1.50
2017.06.16 07:27:39.450,1.76834,1.7687,1.00,1.50
2017.06.16 07:27:40.323,1.76834,1.7687,1.34,1.00
2017.06.16 07:27:40.374,1.76834,1.76876,1.71,1.00
2017.06.16 07:27:40.425,1.76846,1.76884,1.00,1.00
2017.06.16 07:27:40.527,1.76846,1.76886,1.34,1.50
2017.06.16 07:27:41.189,1.76848,1.76886,1.00,1.50
2017.06.16 07:27:41.730,1.7685,1.76887,1.00,1.00
2017.06.16 07:27:42.489,1.7685,1.76886,1.00,1.00
2017.06.16 07:27:42.641,1.76848,1.76886,1.00,1.00
2017.06.16 07:27:42.930,1.76848,1.76888,1.00,1.50
2017.06.16 07:27:43.279,1.76848,1.76886,1.00,1.00
2017.06.16 07:27:43.983,1.76848,1.76885,1.00,1.00
2017.06.16 07:27:44.337,1.76845,1.76884,1.50,1.50
2017.06.16 07:27:44.965,1.76845,1.76885,1.50,1.00
2017.06.16 07:27:45.250,1.76845,1.76882,1.00,1.50
2017.06.16 07:27:45.665,1.76847,1.76882,1.00,1.50
2017.06.16 07:27:46.347,1.76843,1.76882,1.00,1.50
2017.06.16 07:27:47.409,1.76843,1.76883,1.00,1.50
2017.06.16 07:27:47.561,1.76846,1.76884,1.00,1.00
2017.06.16 07:27:48.040,1.76843,1.76884,1.00,1.50
2017.06.16 07:27:48.847,1.76843,1.76883,1.00,1.00
2017.06.16 07:27:48.948,1.76846,1.76884,1.00,1.00
2017.06.16 07:27:49.491,1.76846,1.76882,1.00,1.00
2017.06.16 07:27:49.751,1.76844,1.76882,1.00,1.00
2017.06.16 07:27:49.853,1.76842,1.76882,1.00,1.00
2017.06.16 07:27:50.636,1.76842,1.76879,1.00,1.00
2017.06.16 07:27:54.546,1.7684,1.76876,1.00,1.50
2017.06.16 07:27:54.648,1.76835,1.76872,1.00,1.00
2017.06.16 07:27:54.749,1.76832,1.76872,1.00,1.50
2017.06.16 07:27:55.039,1.7683,1.76872,1.00,1.50
2017.06.16 07:27:57.989,1.7683,1.76872,1.34,1.00
2017.06.16 07:27:58.412,1.7683,1.76872,1.00,1.00
2017.06.16 07:27:59.044,1.76832,1.76872,1.00,1.00
2017.06.16 07:27:59.621,1.76832,1.76873,1.00,1.50
2017.06.16 07:28:03.107,1.76833,1.76873,1.09,1.00
2017.06.16 07:28:03.219,1.76833,1.76877,1.34,1.00
2017.06.16 07:28:03.271,1.76843,1.76883,1.00,1.50
2017.06.16 07:28:03.771,1.76846,1.76883,1.00,1.00
2017.06.16 07:28:06.789,1.76844,1.76882,1.00,1.00
2017.06.16 07:28:07.504,1.76843,1.76882,1.00,1.00
2017.06.16 07:28:08.357,1.76842,1.76882,1.00,1.00
2017.06.16 07:28:10.690,1.76842,1.76881,1.00,1.00
2017.06.16 07:28:11.234,1.76842,1.7688,1.00,1.00
2017.06.16 07:28:12.044,1.76842,1.76875,1.00,1.00
2017.06.16 07:28:12.098,1.76838,1.76872,1.00,1.00
2017.06.16 07:28:12.200,1.76832,1.76871,1.12,1.00
2017.06.16 07:28:12.362,1.7683,1.76871,1.50,1.00
2017.06.16 07:28:12.857,1.7683,1.76869,1.00,1.00
2017.06.16 07:28:13.216,1.7683,1.76866,1.00,1.00
2017.06.16 07:28:13.738,1.7683,1.76867,1.00,1.00
2017.06.16 07:28:13.977,1.7683,1.7687,1.00,1.00
2017.06.16 07:28:15.346,1.76834,1.76872,1.00,1.50
2017.06.16 07:28:15.397,1.76841,1.76881,1.00,1.00
2017.06.16 07:28:15.601,1.76843,1.76882,1.00,1.00
2017.06.16 07:28:15.906,1.76841,1.76879,1.00,1.00
2017.06.16 07:28:16.420,1.7684,1.76879,1.00,1.00
2017.06.16 07:28:16.725,1.7684,1.76877,1.00,1.00
2017.06.16 07:28:17.133,1.7684,1.76875,1.00,1.00
2017.06.16 07:28:17.671,1.7684,1.76876,1.00,1.00
2017.06.16 07:28:18.225,1.7684,1.76875,1.00,1.00
2017.06.16 07:28:19.432,1.7684,1.76876,1.00,1.00
2017.06.16 07:28:19.777,1.7684,1.76872,1.00,1.00
2017.06.16 07:28:19.829,1.76835,1.76869,1.37,1.00
2017.06.16 07:28:19.880,1.76831,1.76869,1.00,1.00
2017.06.16 07:28:20.032,1.7683,1.76872,1.50,1.00
2017.06.16 07:28:20.083,1.76835,1.76876,1.00,1.00
2017.06.16 07:28:20.387,1.76842,1.76878,1.00,1.00
2017.06.16 07:28:21.282,1.76843,1.76877,1.00,1.00
2017.06.16 07:28:21.383,1.7684,1.76877,1.00,1.00
2017.06.16 07:28:21.883,1.7684,1.76875,1.00,1.00
2017.06.16 07:28:21.985,1.76836,1.76875,1.00,1.00
2017.06.16 07:28:24.588,1.76831,1.76873,1.00,1.00
2017.06.16 07:28:25.125,1.7683,1.76873,1.12,1.00
2017.06.16 07:28:25.639,1.7683,1.76872,1.12,1.00
2017.06.16 07:28:26.150,1.76831,1.76871,1.00,1.00
2017.06.16 07:28:26.341,1.76829,1.76871,1.50,1.00
2017.06.16 07:28:27.384,1.7683,1.76871,1.00,1.00
2017.06.16 07:28:27.538,1.7683,1.76869,1.00,1.00
2017.06.16 07:28:27.901,1.76829,1.76871,1.00,1.50
2017.06.16 07:28:28.421,1.76829,1.76869,1.00,1.00
2017.06.16 07:28:29.429,1.76829,1.76868,1.00,1.00
2017.06.16 07:28:30.495,1.76829,1.7687,1.00,1.00
2017.06.16 07:28:31.293,1.76829,1.76869,1.00,1.00
2017.06.16 07:28:31.627,1.76829,1.76867,1.00,1.00
2017.06.16 07:28:32.161,1.76829,1.76868,1.00,1.00
2017.06.16 07:28:32.791,1.76829,1.76869,1.00,1.00
2017.06.16 07:28:33.004,1.76829,1.76872,1.87,1.00
2017.06.16 07:28:33.055,1.76829,1.76874,1.87,1.50
2017.06.16 07:28:33.106,1.76831,1.76875,1.34,1.00
2017.06.16 07:28:33.258,1.76833,1.76877,1.34,1.00
2017.06.16 07:28:35.096,1.76833,1.76875,1.34,1.00
2017.06.16 07:28:35.708,1.76835,1.76874,1.00,1.00
2017.06.16 07:28:36.095,1.76833,1.76874,1.00,1.00
2017.06.16 07:28:36.348,1.76833,1.76876,1.00,1.50
2017.06.16 07:28:36.873,1.76834,1.76876,1.00,1.50
2017.06.16 07:28:36.974,1.76834,1.76874,1.00,1.00
2017.06.16 07:28:37.504,1.76834,1.76875,1.00,1.00
2017.06.16 07:28:37.850,1.76829,1.7687,2.25,1.00
2017.06.16 07:28:37.901,1.76829,1.7687,1.50,1.00
2017.06.16 07:28:38.449,1.7683,1.76869,1.00,1.00
2017.06.16 07:28:38.982,1.7683,1.76869,1.37,1.00
2017.06.16 07:28:39.514,1.76829,1.76869,1.37,1.00
2017.06.16 07:28:39.897,1.76829,1.76871,1.87,1.50
2017.06.16 07:28:39.948,1.76829,1.76867,1.87,1.00
2017.06.16 07:28:39.999,1.76829,1.76869,1.87,1.00
2017.06.16 07:28:40.508,1.76832,1.76869,1.00,1.00
2017.06.16 07:28:41.660,1.76832,1.76871,1.00,1.00
2017.06.16 07:28:41.848,1.76832,1.76867,1.00,1.00
2017.06.16 07:28:46.169,1.76832,1.76872,1.37,1.50
2017.06.16 07:28:46.221,1.76834,1.76876,1.37,1.00
2017.06.16 07:28:46.337,1.76837,1.76876,1.37,1.00
2017.06.16 07:28:46.388,1.76839,1.76879,1.37,1.00
2017.06.16 07:28:46.439,1.76839,1.76879,1.37,1.00
2017.06.16 07:28:46.592,1.76839,1.76879,1.37,1.00
2017.06.16 07:28:46.643,1.76839,1.76877,1.00,1.00
2017.06.16 07:28:46.951,1.76839,1.76876,1.37,1.00
2017.06.16 07:28:47.348,1.76839,1.76878,1.37,1.00
2017.06.16 07:28:48.197,1.76839,1.76878,1.37,1.00
2017.06.16 07:28:49.850,1.76839,1.76879,1.37,1.50
2017.06.16 07:28:50.411,1.76839,1.76878,1.37,1.00
2017.06.16 07:28:50.462,1.76839,1.76878,1.37,1.00
2017.06.16 07:28:51.313,1.76839,1.76876,1.37,1.00
2017.06.16 07:28:52.539,1.76839,1.76876,1.37,1.00
2017.06.16 07:28:53.216,1.76839,1.76876,1.37,1.00
2017.06.16 07:28:54.147,1.76839,1.76876,1.37,1.00
2017.06.16 07:28:54.748,1.76839,1.76876,1.37,1.00
2017.06.16 07:28:55.170,1.76839,1.76874,1.00,1.00
2017.06.16 07:28:55.825,1.76833,1.76875,1.37,1.00
2017.06.16 07:28:56.443,1.76836,1.76874,1.37,1.00
2017.06.16 07:28:56.646,1.76836,1.76873,1.12,1.00
2017.06.16 07:28:56.748,1.76836,1.76873,1.37,1.00
2017.06.16 07:28:56.799,1.76836,1.76873,1.00,1.00
2017.06.16 07:28:56.952,1.76833,1.76874,1.37,1.00
2017.06.16 07:28:57.548,1.76834,1.76873,1.37,1.00
2017.06.16 07:28:57.928,1.76834,1.76876,1.37,1.00
2017.06.16 07:28:58.506,1.76837,1.76876,1.37,1.00
2017.06.16 07:29:00.866,1.76837,1.76878,1.37,1.00
2017.06.16 07:29:01.139,1.76846,1.76884,1.87,1.50
2017.06.16 07:29:01.240,1.76847,1.76887,1.37,1.00
2017.06.16 07:29:01.342,1.7685,1.76889,1.37,1.00
2017.06.16 07:29:02.244,1.7685,1.76889,1.37,1.50
2017.06.16 07:29:03.338,1.7685,1.76888,1.37,1.00
2017.06.16 07:29:05.661,1.7685,1.76889,1.37,1.00
2017.06.16 07:29:09.938,1.76851,1.76888,1.37,1.00
2017.06.16 07:29:15.242,1.76853,1.76887,1.37,1.00
2017.06.16 07:29:15.752,1.76853,1.76887,1.37,1.00
2017.06.16 07:29:16.236,1.76853,1.76887,1.37,1.00
2017.06.16 07:29:16.287,1.76853,1.76888,1.37,1.00
2017.06.16 07:29:16.338,1.76853,1.76889,1.50,1.00
2017.06.16 07:29:16.815,1.76853,1.76889,1.87,1.00
2017.06.16 07:29:17.334,1.76853,1.76887,1.87,1.00
2017.06.16 07:29:17.385,1.76853,1.76887,1.50,1.00
2017.06.16 07:29:17.956,1.76853,1.76887,1.87,1.00
2017.06.16 07:29:18.506,1.76853,1.76888,1.87,1.00
2017.06.16 07:29:19.362,1.76853,1.76888,1.87,1.00
2017.06.16 07:29:19.599,1.76854,1.7689,1.37,1.00
2017.06.16 07:29:20.270,1.76853,1.76891,1.37,1.00
2017.06.16 07:29:20.988,1.76853,1.7689,1.87,1.00
2017.06.16 07:29:21.192,1.76851,1.76887,1.50,1.00
2017.06.16 07:29:21.395,1.76848,1.76886,1.37,1.00
2017.06.16 07:29:21.446,1.76848,1.76883,1.37,1.00
2017.06.16 07:29:21.598,1.76847,1.76882,1.00,1.00
2017.06.16 07:29:21.889,1.76844,1.76881,1.12,1.00
2017.06.16 07:29:22.404,1.76844,1.7688,1.12,1.00
2017.06.16 07:29:26.315,1.76843,1.7688,1.37,1.00
2017.06.16 07:29:27.229,1.76843,1.7688,1.37,1.00
2017.06.16 07:29:29.961,1.76843,1.76882,1.37,1.00
2017.06.16 07:29:30.113,1.76843,1.76882,1.37,1.00
2017.06.16 07:29:30.691,1.76843,1.76881,1.37,1.00
2017.06.16 07:29:34.029,1.76844,1.7688,1.37,1.00
2017.06.16 07:29:34.150,1.76844,1.7688,1.12,1.00
2017.06.16 07:29:35.328,1.7684,1.76878,1.37,1.00
2017.06.16 07:29:37.605,1.76841,1.76878,1.37,1.00
2017.06.16 07:29:37.757,1.76844,1.76884,1.37,1.00
2017.06.16 07:29:39.823,1.76844,1.76884,1.37,1.00
2017.06.16 07:29:39.874,1.76844,1.76886,1.37,1.00
2017.06.16 07:29:39.925,1.76848,1.76887,1.37,1.00
2017.06.16 07:29:39.977,1.76848,1.76891,1.37,1.00
2017.06.16 07:29:40.515,1.76855,1.7689,1.37,1.00
2017.06.16 07:29:40.635,1.76852,1.76891,1.87,1.00
2017.06.16 07:29:40.839,1.76852,1.7689,1.87,1.00
2017.06.16 07:29:41.438,1.76852,1.76889,1.12,1.00
2017.06.16 07:29:41.969,1.76852,1.7689,1.12,1.00
2017.06.16 07:29:45.207,1.76853,1.7689,1.50,1.00
2017.06.16 07:29:45.929,1.76853,1.76891,1.50,1.00
2017.06.16 07:29:48.697,1.76854,1.76892,1.37,1.00
2017.06.16 07:29:48.870,1.76854,1.76894,1.37,1.00
2017.06.16 07:29:48.921,1.76854,1.76892,1.37,1.00
2017.06.16 07:29:49.510,1.76854,1.76892,1.37,1.00
2017.06.16 07:29:49.967,1.76854,1.76893,1.37,1.00
2017.06.16 07:29:54.331,1.76854,1.76893,1.37,1.00
2017.06.16 07:29:56.212,1.76854,1.76893,1.37,1.00
2017.06.16 07:29:56.262,1.76854,1.76891,1.37,1.00
2017.06.16 07:29:56.606,1.76858,1.76893,1.12,1.50
2017.06.16 07:29:57.316,1.76858,1.76893,1.37,1.50
2017.06.16 07:29:58.319,1.76858,1.76893,1.12,1.50
2017.06.16 07:29:58.614,1.76858,1.76894,1.37,1.50
2017.06.16 07:29:59.226,1.76858,1.76893,1.37,1.00
2017.06.16 07:30:00.081,1.76858,1.76893,1.37,1.00
2017.06.16 07:30:01.628,1.76858,1.76893,1.00,1.00
2017.06.16 07:30:02.759,1.76858,1.76893,1.37,1.00
2017.06.16 07:30:07.232,1.76858,1.76892,1.00,1.00
2017.06.16 07:30:09.650,1.76858,1.76894,1.00,1.50
2017.06.16 07:30:09.751,1.76858,1.76896,1.00,1.50
2017.06.16 07:30:10.137,1.76858,1.76894,1.50,1.00
2017.06.16 07:30:10.442,1.76858,1.76891,1.00,1.00
2017.06.16 07:30:10.595,1.7685,1.76889,1.37,1.00
2017.06.16 07:30:10.646,1.7685,1.76889,1.37,1.50
2017.06.16 07:30:10.697,1.7685,1.76889,1.37,1.00
2017.06.16 07:30:11.200,1.7685,1.76886,1.37,1.00
2017.06.16 07:30:11.504,1.76853,1.76889,1.12,1.00
2017.06.16 07:30:12.317,1.76852,1.76889,1.00,1.00
2017.06.16 07:30:12.368,1.76853,1.76876,1.00,1.00
2017.06.16 07:30:12.420,1.76848,1.76876,1.00,1.00
2017.06.16 07:30:12.471,1.76833,1.76875,1.75,1.00
2017.06.16 07:30:12.522,1.76833,1.76873,1.37,1.00
2017.06.16 07:30:12.724,1.76833,1.7687,1.00,1.00
2017.06.16 07:30:13.028,1.76829,1.7687,1.37,1.50
2017.06.16 07:30:13.080,1.76829,1.76868,1.12,1.00
2017.06.16 07:30:14.614,1.76829,1.76869,1.37,1.00
2017.06.16 07:30:14.665,1.76829,1.76871,1.37,1.00
2017.06.16 07:30:14.767,1.76829,1.76873,1.37,1.00
2017.06.16 07:30:14.818,1.76829,1.76873,1.37,1.00
2017.06.16 07:30:15.442,1.76831,1.76874,1.37,1.00
2017.06.16 07:30:15.772,1.76837,1.76874,1.00,1.00
2017.06.16 07:30:16.584,1.76837,1.76869,1.00,1.00
2017.06.16 07:30:16.634,1.76837,1.76871,1.00,1.00
2017.06.16 07:30:16.736,1.76836,1.76868,1.00,1.00
2017.06.16 07:30:16.874,1.76833,1.76868,1.00,1.00
2017.06.16 07:30:16.927,1.76831,1.76864,1.00,1.00
2017.06.16 07:30:17.029,1.76828,1.76863,1.12,1.00
2017.06.16 07:30:17.533,1.76828,1.76862,1.12,1.00
2017.06.16 07:30:17.804,1.76828,1.76863,1.37,1.00
2017.06.16 07:30:17.906,1.76828,1.76866,1.37,1.00
2017.06.16 07:30:20.038,1.7683,1.76865,1.00,1.50
2017.06.16 07:30:20.089,1.7683,1.76865,1.37,1.50
2017.06.16 07:30:26.583,1.76829,1.76865,1.12,1.50
2017.06.16 07:30:26.634,1.76829,1.76854,1.00,1.00
2017.06.16 07:30:26.736,1.76822,1.76854,1.00,1.00
2017.06.16 07:30:26.787,1.76822,1.76847,1.00,1.00
2017.06.16 07:30:26.838,1.76813,1.76847,1.00,1.00
2017.06.16 07:30:26.939,1.7681,1.76846,1.37,1.00
2017.06.16 07:30:27.502,1.76807,1.76845,1.87,1.00
2017.06.16 07:30:27.991,1.76807,1.76844,1.87,1.50
2017.06.16 07:30:28.042,1.76806,1.76842,1.37,1.00
2017.06.16 07:30:28.346,1.76805,1.76843,1.37,1.00
2017.06.16 07:30:28.941,1.76805,1.76842,1.37,1.00
2017.06.16 07:30:31.169,1.76805,1.76842,1.37,1.00
2017.06.16 07:30:31.342,1.76805,1.76842,1.37,1.00
2017.06.16 07:30:32.462,1.76805,1.76843,1.37,1.00
2017.06.16 07:30:32.513,1.76805,1.76842,1.37,1.00
2017.06.16 07:30:34.772,1.76803,1.76841,1.37,1.00
2017.06.16 07:30:34.931,1.76803,1.7684,1.12,1.00
2017.06.16 07:30:35.291,1.76802,1.76839,1.37,1.00
2017.06.16 07:30:35.342,1.76802,1.76841,1.37,1.50
2017.06.16 07:30:36.077,1.76802,1.76841,1.37,1.50
2017.06.16 07:30:36.649,1.76802,1.7684,1.12,1.50
2017.06.16 07:30:36.751,1.76802,1.76838,1.00,1.00
2017.06.16 07:30:38.002,1.76802,1.76839,1.00,1.00
2017.06.16 07:30:38.107,1.76802,1.76842,1.12,1.00
2017.06.16 07:30:38.159,1.76802,1.76842,1.37,1.00
2017.06.16 07:30:38.470,1.76804,1.7684,1.37,1.00
2017.06.16 07:30:38.736,1.76805,1.76842,1.37,1.00
2017.06.16 07:30:38.914,1.76803,1.76842,1.37,1.00
2017.06.16 07:30:38.966,1.76806,1.76844,1.37,1.00
2017.06.16 07:30:39.067,1.76806,1.76844,1.37,1.00
2017.06.16 07:30:39.118,1.76806,1.76846,1.37,1.00
2017.06.16 07:30:39.271,1.76806,1.76841,1.37,1.00
2017.06.16 07:30:39.322,1.76806,1.76843,1.37,1.00
2017.06.16 07:30:39.527,1.76806,1.76843,1.37,1.00
2017.06.16 07:30:39.794,1.76806,1.76842,1.37,1.00
2017.06.16 07:30:40.331,1.76806,1.76841,1.37,1.50
2017.06.16 07:30:40.455,1.76806,1.76841,1.12,1.50
2017.06.16 07:30:41.027,1.76803,1.7684,1.37,1.00
2017.06.16 07:30:41.328,1.76803,1.7684,1.37,1.00
2017.06.16 07:30:41.686,1.76803,1.76837,1.37,1.00
2017.06.16 07:30:42.194,1.76803,1.76838,1.37,1.00
2017.06.16 07:30:43.725,1.76801,1.76838,1.37,1.00
2017.06.16 07:30:44.330,1.76801,1.76837,1.37,1.00
2017.06.16 07:30:44.564,1.768,1.76837,1.37,1.00
2017.06.16 07:30:44.616,1.768,1.76834,1.00,1.00
2017.06.16 07:30:44.667,1.768,1.76834,1.37,1.50
2017.06.16 07:30:44.719,1.768,1.76834,1.37,1.00
2017.06.16 07:30:44.770,1.76796,1.76834,1.87,1.00
2017.06.16 07:30:44.821,1.76796,1.76831,1.87,1.00
2017.06.16 07:30:45.024,1.7679,1.76828,1.00,1.00
2017.06.16 07:30:45.277,1.76789,1.76826,1.00,1.00
2017.06.16 07:30:45.581,1.76789,1.76824,1.00,1.00
2017.06.16 07:30:46.679,1.76787,1.76821,1.00,1.00
2017.06.16 07:30:47.911,1.76781,1.76819,1.87,1.00
2017.06.16 07:30:47.962,1.76783,1.76821,1.37,1.50
2017.06.16 07:30:48.815,1.76783,1.76821,1.37,1.00
2017.06.16 07:30:49.533,1.76783,1.7682,1.37,1.00
2017.06.16 07:30:50.084,1.76783,1.76821,1.37,1.00
2017.06.16 07:30:50.221,1.76783,1.76823,1.37,1.50
2017.06.16 07:30:51.098,1.76783,1.76826,1.37,1.50
2017.06.16 07:30:51.838,1.76783,1.76825,1.37,1.00
2017.06.16 07:30:51.939,1.76781,1.76822,1.87,1.00
2017.06.16 07:30:52.041,1.76781,1.76822,1.37,1.00
2017.06.16 07:30:52.193,1.76781,1.76824,1.37,1.00
2017.06.16 07:30:52.598,1.76784,1.76827,1.37,1.50
2017.06.16 07:30:53.124,1.76782,1.76827,1.37,1.50
2017.06.16 07:30:53.865,1.76782,1.76825,1.37,1.00
2017.06.16 07:30:54.396,1.76782,1.76826,1.37,1.00
2017.06.16 07:30:54.865,1.76782,1.76823,1.37,1.00
2017.06.16 07:30:54.966,1.76782,1.76825,1.37,1.00
2017.06.16 07:30:55.266,1.76781,1.76823,1.87,1.00
2017.06.16 07:30:56.088,1.76782,1.76823,1.37,1.00
2017.06.16 07:30:58.656,1.76782,1.76823,1.37,1.00
2017.06.16 07:31:01.282,1.76782,1.76823,1.37,1.00
2017.06.16 07:31:01.435,1.76781,1.76823,1.37,1.50
2017.06.16 07:31:02.007,1.76781,1.76822,1.37,1.00
2017.06.16 07:31:02.768,1.76781,1.76821,1.37,1.00
2017.06.16 07:31:03.120,1.76781,1.76819,1.37,1.00
2017.06.16 07:31:03.275,1.76781,1.76821,1.37,1.00
2017.06.16 07:31:03.824,1.76781,1.7682,1.37,1.00
2017.06.16 07:31:07.511,1.76777,1.76822,1.37,1.50
2017.06.16 07:31:07.562,1.76778,1.76822,1.87,1.00
2017.06.16 07:31:08.079,1.76781,1.76821,1.37,1.00
2017.06.16 07:31:08.808,1.76779,1.76821,1.37,1.00
2017.06.16 07:31:08.961,1.76778,1.76819,1.87,1.00
2017.06.16 07:31:09.470,1.76777,1.76818,1.37,1.00
2017.06.16 07:31:12.348,1.76777,1.76818,1.37,1.00
2017.06.16 07:31:12.712,1.76776,1.76815,1.37,1.00
2017.06.16 07:31:12.763,1.76776,1.76815,1.37,1.50
2017.06.16 07:31:12.921,1.76776,1.76813,1.37,1.00
2017.06.16 07:31:13.422,1.76776,1.76812,1.37,1.00
2017.06.16 07:31:13.922,1.76768,1.76809,1.37,1.00
2017.06.16 07:31:14.323,1.76768,1.76809,1.37,1.00
2017.06.16 07:31:15.938,1.76769,1.76809,1.37,1.00
2017.06.16 07:31:16.803,1.76768,1.76809,1.37,1.00
2017.06.16 07:31:17.006,1.76768,1.76806,1.87,1.00
2017.06.16 07:31:17.529,1.76768,1.76806,1.37,1.00
2017.06.16 07:31:19.522,1.76768,1.76806,1.87,1.00
2017.06.16 07:31:19.721,1.76768,1.76809,1.87,1.00
2017.06.16 07:31:20.442,1.76768,1.76809,1.87,1.00
2017.06.16 07:31:20.983,1.76769,1.76809,1.87,1.00
2017.06.16 07:31:21.165,1.76776,1.76809,1.00,1.00
2017.06.16 07:31:21.698,1.76777,1.7681,1.00,1.00
2017.06.16 07:31:26.757,1.76777,1.7681,1.37,1.00
2017.06.16 07:31:26.808,1.76782,1.76815,1.00,1.00
2017.06.16 07:31:26.910,1.76787,1.76821,1.00,1.00
2017.06.16 07:31:26.961,1.76784,1.76821,1.12,1.00
2017.06.16 07:31:27.609,1.76784,1.76822,1.37,1.00
2017.06.16 07:31:28.270,1.76784,1.76821,1.37,1.00
2017.06.16 07:31:28.422,1.76784,1.76824,1.37,1.00
2017.06.16 07:31:28.705,1.76784,1.76821,1.37,1.00
2017.06.16 07:31:29.090,1.76783,1.76821,1.00,1.00
2017.06.16 07:31:29.254,1.76783,1.76823,1.00,1.00
2017.06.16 07:31:29.907,1.76783,1.76822,1.00,1.00
2017.06.16 07:31:30.532,1.76783,1.76821,1.00,1.00
2017.06.16 07:31:33.010,1.76783,1.76822,1.00,1.00
2017.06.16 07:31:34.471,1.7678,1.76822,1.00,1.37
2017.06.16 07:31:34.522,1.76777,1.76819,1.00,1.00
2017.06.16 07:31:34.624,1.76772,1.76808,1.37,1.00
2017.06.16 07:31:36.313,1.76775,1.76808,1.00,1.00
2017.06.16 07:31:36.364,1.76775,1.7681,1.00,1.00
2017.06.16 07:31:36.944,1.76779,1.76812,1.00,1.00
2017.06.16 07:31:37.046,1.76779,1.76816,1.00,1.00
2017.06.16 07:31:37.577,1.76779,1.76817,1.00,1.00
2017.06.16 07:31:37.857,1.76782,1.76819,1.12,1.00
2017.06.16 07:31:38.113,1.76779,1.76821,1.50,1.37
2017.06.16 07:31:38.266,1.76778,1.76818,1.00,1.00
2017.06.16 07:31:38.580,1.7678,1.76818,1.00,1.00
2017.06.16 07:31:39.470,1.76779,1.76818,1.00,1.00
2017.06.16 07:31:39.780,1.76778,1.76816,1.00,1.00
2017.06.16 07:31:39.831,1.76779,1.76818,1.00,1.00
2017.06.16 07:31:40.619,1.76778,1.76818,1.00,1.00
2017.06.16 07:31:40.826,1.7678,1.76817,1.00,1.00
2017.06.16 07:31:41.247,1.7678,1.76819,1.00,1.00
2017.06.16 07:31:41.635,1.7678,1.76817,1.00,1.00
2017.06.16 07:31:43.324,1.7678,1.76818,1.12,1.00
2017.06.16 07:31:44.025,1.7678,1.76816,1.12,1.00
2017.06.16 07:31:47.042,1.7678,1.76818,1.12,1.00
2017.06.16 07:31:49.122,1.76787,1.76818,1.00,1.00
2017.06.16 07:31:49.172,1.76787,1.76826,1.00,1.12
2017.06.16 07:31:49.274,1.76784,1.76826,1.00,1.12
2017.06.16 07:31:49.556,1.76784,1.76822,1.00,1.00
2017.06.16 07:31:51.213,1.76783,1.76822,1.12,1.00
2017.06.16 07:31:51.671,1.76783,1.7682,1.00,1.00
2017.06.16 07:31:51.976,1.76784,1.76822,1.00,1.00
2017.06.16 07:31:52.236,1.76784,1.76825,1.00,1.00
2017.06.16 07:31:52.607,1.76782,1.76825,1.00,1.00
2017.06.16 07:31:52.736,1.7678,1.76819,1.37,1.00
2017.06.16 07:31:53.297,1.7678,1.7682,1.87,1.00
2017.06.16 07:31:53.349,1.7678,1.76822,1.37,1.00
2017.06.16 07:31:53.978,1.76783,1.76824,1.50,1.00
2017.06.16 07:31:54.284,1.76783,1.76822,1.50,1.00
2017.06.16 07:31:56.685,1.76782,1.76822,1.00,1.00
2017.06.16 07:31:57.190,1.76783,1.76822,1.50,1.00
2017.06.16 07:31:58.163,1.76781,1.76821,1.00,1.00
2017.06.16 07:31:58.448,1.76783,1.76822,1.00,1.00
2017.06.16 07:31:58.979,1.76782,1.76823,1.87,1.00
2017.06.16 07:31:59.292,1.76784,1.76824,1.00,1.00
2017.06.16 07:31:59.655,1.76787,1.76826,1.00,1.37
2017.06.16 07:32:03.901,1.76785,1.76825,1.50,1.00
2017.06.16 07:32:04.054,1.76787,1.76822,1.12,1.00
2017.06.16 07:32:04.258,1.76789,1.76826,1.00,1.00
2017.06.16 07:32:04.359,1.76789,1.76828,1.00,1.00
2017.06.16 07:32:04.676,1.76789,1.76826,1.00,1.00
2017.06.16 07:32:06.400,1.76788,1.76826,1.50,1.00
2017.06.16 07:32:06.937,1.76788,1.76825,1.00,1.00
2017.06.16 07:32:07.203,1.76786,1.76825,1.00,1.00
2017.06.16 07:32:07.977,1.76786,1.76826,1.00,1.00
2017.06.16 07:32:08.550,1.76786,1.76825,1.00,1.00
2017.06.16 07:32:09.957,1.76787,1.76825,1.00,1.00
2017.06.16 07:32:10.567,1.76787,1.76826,1.00,1.00
2017.06.16 07:32:10.738,1.76789,1.76826,1.00,1.00
2017.06.16 07:32:13.948,1.76786,1.76826,1.00,1.00
2017.06.16 07:32:14.303,1.76788,1.76826,1.00,1.00
2017.06.16 07:32:14.884,1.76787,1.76827,1.00,1.00
2017.06.16 07:32:15.820,1.76785,1.76827,1.50,1.00
2017.06.16 07:32:16.539,1.76785,1.76826,1.00,1.00
2017.06.16 07:32:17.062,1.76785,1.76827,1.00,1.09
2017.06.16 07:32:17.767,1.76785,1.76825,1.00,1.00
2017.06.16 07:32:18.268,1.76785,1.76826,1.00,1.00
2017.06.16 07:32:18.822,1.76785,1.76825,1.00,1.00
2017.06.16 07:32:19.211,1.76787,1.76825,1.00,1.00
2017.06.16 07:32:19.269,1.76787,1.76827,1.00,1.00
2017.06.16 07:32:21.406,1.768,1.76827,1.00,1.00
2017.06.16 07:32:21.609,1.76806,1.76841,1.12,1.00
2017.06.16 07:32:21.711,1.76805,1.76847,1.37,1.00
2017.06.16 07:32:22.016,1.76805,1.76845,1.37,1.00
2017.06.16 07:32:22.073,1.76805,1.76847,1.87,1.00
2017.06.16 07:32:22.604,1.76805,1.76845,1.37,1.00
2017.06.16 07:32:22.883,1.76805,1.76847,1.37,1.00
2017.06.16 07:32:23.384,1.76806,1.76849,1.12,1.84
2017.06.16 07:32:23.435,1.76806,1.76849,1.37,1.00
2017.06.16 07:32:23.771,1.76806,1.76849,1.37,1.00
2017.06.16 07:32:24.079,1.76803,1.76847,1.37,1.00
2017.06.16 07:32:24.180,1.76803,1.76844,1.37,1.00
2017.06.16 07:32:24.231,1.76801,1.76844,1.37,1.00
2017.06.16 07:32:24.282,1.76801,1.76846,1.87,1.00
2017.06.16 07:32:24.333,1.76803,1.76846,1.37,1.00
2017.06.16 07:32:24.384,1.76804,1.76847,1.12,1.50
2017.06.16 07:32:24.536,1.76802,1.76847,1.87,1.00
2017.06.16 07:32:25.167,1.76803,1.76848,1.37,1.50
2017.06.16 07:32:25.877,1.76801,1.76848,1.37,1.84
2017.06.16 07:32:26.029,1.76801,1.76846,1.37,1.34
2017.06.16 07:32:26.541,1.76802,1.76844,1.37,1.00
2017.06.16 07:32:26.683,1.76802,1.76846,1.87,1.00
2017.06.16 07:32:27.290,1.76802,1.76847,1.37,1.50
2017.06.16 07:32:27.859,1.76802,1.76847,1.37,1.50
2017.06.16 07:32:28.455,1.76802,1.76847,1.37,1.50
2017.06.16 07:32:28.630,1.76803,1.76847,1.37,1.00
2017.06.16 07:32:33.192,1.76803,1.76847,1.37,1.00
2017.06.16 07:32:33.402,1.76806,1.7685,1.37,1.09
2017.06.16 07:32:33.948,1.76808,1.7685,1.37,1.00
2017.06.16 07:32:33.999,1.76808,1.76848,1.37,1.00
2017.06.16 07:32:34.187,1.76808,1.76851,1.37,1.00
2017.06.16 07:32:34.632,1.76808,1.76848,1.37,1.00
2017.06.16 07:32:35.373,1.76805,1.76848,1.00,1.00
2017.06.16 07:32:35.424,1.76805,1.76844,1.00,1.00
2017.06.16 07:32:35.526,1.76797,1.76841,1.12,1.00
2017.06.16 07:32:35.627,1.76794,1.76838,1.12,1.00
2017.06.16 07:32:35.678,1.76795,1.7684,1.12,1.84
2017.06.16 07:32:35.729,1.76795,1.76835,1.12,1.00
2017.06.16 07:32:36.561,1.76794,1.76835,1.12,1.09
2017.06.16 07:32:36.988,1.76794,1.76835,1.37,1.09
2017.06.16 07:32:37.381,1.76807,1.76845,1.00,1.00
2017.06.16 07:32:37.432,1.76807,1.76847,1.00,1.00
2017.06.16 07:32:39.141,1.76805,1.76847,1.50,1.00
2017.06.16 07:32:39.192,1.76802,1.76847,1.50,1.34
2017.06.16 07:32:39.293,1.768,1.76843,1.12,1.00
2017.06.16 07:32:39.611,1.76796,1.76837,1.37,1.00
2017.06.16 07:32:39.838,1.76792,1.76836,1.00,1.00
2017.06.16 07:32:39.889,1.76792,1.76835,1.00,1.34
2017.06.16 07:32:39.941,1.7679,1.76832,1.00,1.50
2017.06.16 07:32:40.296,1.7679,1.76831,1.37,1.00
2017.06.16 07:32:40.701,1.76789,1.76832,1.00,1.50
2017.06.16 07:32:40.803,1.76789,1.76829,1.00,1.00
2017.06.16 07:32:41.360,1.7679,1.76829,1.00,1.00
2017.06.16 07:32:51.935,1.7679,1.76832,1.00,1.84
2017.06.16 07:32:56.729,1.76789,1.76832,1.00,1.50
2017.06.16 07:32:57.442,1.76788,1.76832,1.00,1.50
2017.06.16 07:32:57.713,1.76788,1.76827,1.00,1.00
2017.06.16 07:32:59.215,1.76788,1.76831,1.00,1.00
2017.06.16 07:33:01.037,1.76787,1.76828,1.00,1.00
2017.06.16 07:33:01.246,1.76785,1.76827,1.00,1.00
2017.06.16 07:33:01.952,1.76784,1.76827,1.12,1.00
2017.06.16 07:33:02.964,1.76784,1.76827,1.37,1.00
2017.06.16 07:33:03.065,1.76786,1.76829,1.12,1.00
2017.06.16 07:33:03.454,1.76786,1.76826,1.00,1.00
2017.06.16 07:33:04.922,1.76786,1.76829,1.00,1.00
2017.06.16 07:33:05.436,1.76785,1.76829,1.12,1.00
2017.06.16 07:33:07.699,1.76787,1.76829,1.12,1.00
2017.06.16 07:33:08.128,1.76789,1.76829,1.00,1.00
2017.06.16 07:33:09.052,1.76788,1.76829,1.12,1.00
2017.06.16 07:33:14.666,1.76781,1.76827,1.87,1.00
2017.06.16 07:33:21.558,1.76781,1.76827,1.87,1.00
2017.06.16 07:33:21.872,1.76783,1.76829,1.37,1.00
2017.06.16 07:33:23.034,1.76783,1.76829,1.37,1.00
2017.06.16 07:33:23.643,1.76784,1.7683,1.37,1.00
2017.06.16 07:33:27.943,1.76783,1.76829,1.87,1.00
2017.06.16 07:33:28.548,1.76783,1.76828,1.87,1.00
2017.06.16 07:33:29.199,1.76783,1.76828,1.87,1.00
2017.06.16 07:33:29.737,1.76781,1.76827,1.37,1.00
2017.06.16 07:33:30.398,1.76781,1.76828,1.87,1.00
2017.06.16 07:33:30.938,1.76782,1.76827,1.37,1.00
2017.06.16 07:33:37.381,1.76781,1.76828,1.37,1.50
2017.06.16 07:33:42.003,1.76782,1.76827,1.37,1.00
2017.06.16 07:33:43.714,1.76786,1.76828,1.37,1.00
2017.06.16 07:33:43.868,1.76793,1.76835,1.37,1.00
2017.06.16 07:33:44.273,1.76789,1.76833,1.87,1.00
2017.06.16 07:33:46.841,1.76789,1.76833,1.37,1.00
2017.06.16 07:33:47.068,1.76789,1.76833,1.37,1.00
2017.06.16 07:33:47.186,1.7679,1.76835,1.37,1.00
2017.06.16 07:33:48.214,1.7679,1.76835,1.37,1.00
2017.06.16 07:33:50.041,1.7679,1.76835,1.37,1.00
2017.06.16 07:33:50.614,1.76791,1.76836,1.37,1.00
2017.06.16 07:33:50.666,1.76791,1.76835,1.37,1.00
2017.06.16 07:33:51.190,1.76791,1.76836,1.87,1.00
2017.06.16 07:33:51.551,1.76792,1.76836,1.37,1.00
2017.06.16 07:33:51.899,1.76792,1.76838,1.37,1.00
2017.06.16 07:33:53.358,1.76792,1.76838,1.37,1.00
2017.06.16 07:33:53.409,1.76792,1.76836,1.37,1.00
2017.06.16 07:33:54.575,1.76792,1.76836,1.37,1.00
2017.06.16 07:33:57.073,1.76792,1.76836,1.37,1.00
2017.06.16 07:33:57.287,1.76802,1.7684,1.37,1.50
2017.06.16 07:33:57.694,1.7679,1.76826,1.00,1.00
2017.06.16 07:33:57.898,1.76788,1.76825,1.37,1.00
2017.06.16 07:33:58.174,1.76788,1.76825,1.37,1.00
2017.06.16 07:33:58.702,1.76788,1.76826,1.37,1.00
2017.06.16 07:33:59.258,1.76788,1.76826,1.37,1.00
2017.06.16 07:33:59.562,1.76797,1.76833,1.00,1.50
2017.06.16 07:33:59.716,1.76795,1.76831,1.37,1.00
2017.06.16 07:34:00.227,1.76791,1.76831,1.37,1.00
2017.06.16 07:34:00.278,1.76791,1.7683,1.37,1.00
2017.06.16 07:34:00.639,1.76791,1.76831,1.37,1.00
2017.06.16 07:34:00.740,1.76791,1.76833,1.37,1.00
2017.06.16 07:34:00.791,1.76791,1.76834,1.37,1.00
2017.06.16 07:34:01.714,1.76795,1.76834,1.37,1.00
2017.06.16 07:34:02.018,1.76788,1.76824,1.37,1.00
2017.06.16 07:34:02.190,1.76788,1.76827,1.37,1.00
2017.06.16 07:34:02.344,1.76791,1.76826,1.37,1.00
2017.06.16 07:34:02.653,1.76789,1.76829,1.37,1.00
2017.06.16 07:34:02.706,1.7679,1.76829,1.12,1.00
2017.06.16 07:34:02.758,1.7679,1.76826,1.00,1.00
2017.06.16 07:34:02.961,1.7678,1.76821,1.37,1.00
2017.06.16 07:34:03.012,1.7678,1.76815,1.37,1.00
2017.06.16 07:34:03.176,1.76775,1.76814,1.37,1.00
2017.06.16 07:34:03.693,1.76774,1.76813,1.37,1.00
2017.06.16 07:34:04.351,1.76772,1.76813,1.37,1.00
2017.06.16 07:34:04.730,1.76772,1.76813,1.37,1.00
2017.06.16 07:34:04.832,1.76772,1.76815,2.62,1.00
2017.06.16 07:34:05.086,1.76774,1.76812,1.37,1.00
2017.06.16 07:34:05.137,1.76774,1.76814,1.37,1.50
2017.06.16 07:34:05.491,1.76771,1.7681,1.87,1.00
2017.06.16 07:34:05.630,1.76769,1.76808,1.37,1.00
2017.06.16 07:34:06.271,1.76765,1.76807,1.75,1.00
2017.06.16 07:34:06.612,1.76765,1.76806,1.75,1.00
2017.06.16 07:34:07.227,1.76765,1.76807,1.75,1.00
2017.06.16 07:34:09.461,1.76764,1.76807,1.87,1.00
2017.06.16 07:34:09.563,1.76764,1.76807,1.87,1.00
2017.06.16 07:34:10.516,1.76768,1.76807,1.37,1.00
2017.06.16 07:34:11.203,1.76767,1.76807,1.37,1.00
2017.06.16 07:34:11.799,1.76767,1.76807,1.37,1.00
2017.06.16 07:34:12.325,1.76767,1.76807,1.37,1.00
2017.06.16 07:34:14.051,1.76767,1.76809,1.37,1.00
2017.06.16 07:34:15.471,1.76771,1.76813,1.87,1.00
2017.06.16 07:34:15.522,1.76773,1.76816,1.37,1.00
2017.06.16 07:34:15.687,1.76774,1.76817,1.87,1.50
2017.06.16 07:34:15.992,1.76779,1.76818,1.37,1.00
2017.06.16 07:34:16.225,1.76778,1.76819,1.37,1.00
2017.06.16 07:34:16.276,1.76778,1.76813,1.00,1.50
2017.06.16 07:34:16.327,1.76773,1.7681,1.00,1.00
2017.06.16 07:34:16.632,1.76772,1.76812,1.37,1.00
2017.06.16 07:34:16.683,1.76772,1.76817,1.37,1.00
2017.06.16 07:34:17.724,1.76771,1.76816,1.37,1.00
2017.06.16 07:34:18.269,1.76772,1.76816,1.37,1.50
2017.06.16 07:34:18.485,1.76772,1.76816,1.37,1.50
2017.06.16 07:34:18.816,1.76772,1.76816,1.37,1.50
2017.06.16 07:34:21.961,1.76772,1.76814,1.37,1.00
2017.06.16 07:34:25.349,1.76773,1.76816,1.37,1.50
2017.06.16 07:34:25.451,1.76773,1.76816,1.37,1.00
2017.06.16 07:34:25.553,1.76774,1.76818,1.37,1.00
2017.06.16 07:34:25.756,1.76777,1.76817,1.37,1.00
2017.06.16 07:34:25.807,1.76777,1.76815,1.12,1.00
2017.06.16 07:34:26.221,1.76773,1.76815,1.37,1.00
2017.06.16 07:34:26.323,1.76775,1.76816,1.37,1.00
2017.06.16 07:34:26.709,1.76775,1.76818,1.37,1.50
2017.06.16 07:34:26.862,1.76775,1.76817,1.37,1.00
2017.06.16 07:34:27.065,1.76774,1.76815,1.37,1.00
2017.06.16 07:34:27.236,1.76774,1.76818,1.37,1.00
2017.06.16 07:34:27.337,1.76774,1.76816,1.87,1.00
2017.06.16 07:34:27.880,1.76775,1.76817,1.37,1.00
2017.06.16 07:34:28.184,1.76772,1.76815,1.87,1.00
2017.06.16 07:34:28.336,1.76775,1.76817,1.37,1.00
2017.06.16 07:34:28.865,1.76776,1.76816,1.37,1.00
2017.06.16 07:34:29.379,1.76776,1.76817,1.37,1.00
2017.06.16 07:34:31.219,1.76778,1.76817,1.37,1.00
2017.06.16 07:34:31.270,1.7678,1.76821,1.37,1.00
2017.06.16 07:34:31.473,1.76782,1.76824,1.37,1.00
2017.06.16 07:34:31.601,1.76783,1.76826,1.37,1.00
2017.06.16 07:34:31.653,1.76786,1.76828,1.37,1.00
2017.06.16 07:34:32.027,1.76786,1.76828,1.37,1.00
2017.06.16 07:34:32.344,1.76792,1.76834,1.37,1.00
2017.06.16 07:34:32.395,1.76792,1.76834,1.87,1.00
2017.06.16 07:34:32.446,1.76795,1.76837,1.37,1.00
2017.06.16 07:34:32.557,1.76798,1.76837,1.37,1.00
2017.06.16 07:34:32.659,1.76798,1.76839,1.37,1.50
2017.06.16 07:34:32.811,1.76798,1.76841,2.62,1.37
2017.06.16 07:34:33.166,1.76805,1.76843,1.37,1.00
2017.06.16 07:34:33.393,1.76805,1.76841,1.37,1.00
2017.06.16 07:34:33.445,1.76803,1.76841,1.37,1.00
2017.06.16 07:34:33.496,1.76801,1.76839,1.87,1.00
2017.06.16 07:34:33.806,1.76809,1.76847,1.37,1.00
2017.06.16 07:34:34.366,1.76806,1.76847,1.87,1.00
2017.06.16 07:34:39.249,1.7681,1.76853,1.87,1.00
2017.06.16 07:34:39.502,1.76816,1.76857,1.37,1.00
2017.06.16 07:34:40.782,1.76813,1.76853,1.37,1.00
2017.06.16 07:34:40.833,1.76813,1.76852,1.12,1.00
2017.06.16 07:34:40.884,1.7681,1.7685,1.12,1.00
2017.06.16 07:34:41.038,1.76806,1.7685,1.37,1.00
2017.06.16 07:34:41.191,1.76805,1.76849,1.37,1.50
2017.06.16 07:34:41.403,1.76803,1.76847,2.62,1.00
2017.06.16 07:34:41.901,1.76806,1.76848,1.37,1.00
2017.06.16 07:34:43.281,1.76806,1.7685,1.37,1.00
2017.06.16 07:34:43.572,1.76805,1.76849,1.37,1.00
2017.06.16 07:34:45.012,1.76813,1.7685,1.37,1.00
2017.06.16 07:34:45.064,1.76813,1.76857,1.37,1.50
2017.06.16 07:34:45.114,1.76815,1.76857,1.37,1.00
2017.06.16 07:34:45.165,1.76821,1.76862,1.37,1.00
2017.06.16 07:34:45.369,1.76822,1.76864,1.37,1.00
2017.06.16 07:34:45.981,1.76822,1.76863,1.37,1.00
2017.06.16 07:34:46.551,1.76823,1.76864,1.37,1.00
2017.06.16 07:34:47.378,1.76823,1.76867,1.87,1.00
2017.06.16 07:34:47.429,1.76823,1.76868,1.37,1.00
2017.06.16 07:34:47.761,1.76825,1.76866,1.37,1.00
2017.06.16 07:34:48.332,1.76825,1.76871,1.37,1.50
2017.06.16 07:34:48.644,1.76827,1.76871,1.37,1.00
2017.06.16 07:34:50.295,1.76827,1.76871,1.00,1.00
2017.06.16 07:34:50.397,1.76827,1.76869,1.00,1.00
2017.06.16 07:35:00.068,1.76827,1.7687,1.00,1.00
2017.06.16 07:35:00.943,1.76832,1.7687,1.37,1.00
2017.06.16 07:35:01.197,1.7684,1.76884,1.00,3.00
2017.06.16 07:35:01.350,1.76843,1.76884,1.00,1.12
2017.06.16 07:35:01.664,1.7685,1.76888,1.00,1.37
2017.06.16 07:35:02.636,1.76849,1.76894,1.00,1.75
2017.06.16 07:35:02.890,1.76849,1.76891,1.00,1.00
2017.06.16 07:35:02.941,1.76847,1.76887,1.12,1.00
2017.06.16 07:35:03.246,1.76844,1.76885,1.37,1.00
2017.06.16 07:35:03.793,1.7684,1.76883,1.87,1.00
2017.06.16 07:35:04.250,1.7684,1.76877,1.00,1.00
2017.06.16 07:35:04.301,1.76836,1.76874,1.00,1.00
2017.06.16 07:35:04.453,1.76829,1.76873,1.87,1.00
2017.06.16 07:35:05.871,1.76829,1.76875,1.87,1.50
2017.06.16 07:35:07.445,1.76831,1.76876,1.37,1.00
2017.06.16 07:35:08.814,1.76833,1.76876,1.37,1.00
2017.06.16 07:35:09.054,1.76833,1.76876,1.37,1.00
2017.06.16 07:35:09.599,1.76832,1.76877,1.37,1.50
2017.06.16 07:35:09.650,1.76832,1.76875,1.37,1.00
2017.06.16 07:35:09.972,1.76834,1.76876,1.37,1.00
2017.06.16 07:35:10.260,1.76834,1.76879,1.37,1.00
2017.06.16 07:35:10.311,1.76834,1.76877,1.37,1.00
2017.06.16 07:35:11.362,1.76834,1.76877,1.37,1.00
2017.06.16 07:35:12.093,1.76833,1.76877,1.37,1.00
2017.06.16 07:35:12.615,1.76834,1.76878,1.87,1.00
2017.06.16 07:35:14.014,1.76834,1.76878,1.87,1.00
2017.06.16 07:35:14.278,1.76834,1.76878,1.87,1.00
2017.06.16 07:35:15.752,1.76835,1.76879,1.37,1.00
2017.06.16 07:35:15.804,1.76838,1.7688,1.37,1.00
2017.06.16 07:35:15.885,1.76838,1.76882,1.37,1.00
2017.06.16 07:35:20.189,1.76838,1.76882,1.37,1.00
2017.06.16 07:35:20.797,1.7684,1.76883,1.37,1.00
2017.06.16 07:35:21.048,1.7684,1.76883,1.37,1.00
2017.06.16 07:35:21.403,1.76838,1.76881,1.37,1.00
2017.06.16 07:35:21.505,1.76838,1.76884,1.87,1.50
2017.06.16 07:35:21.835,1.76837,1.76882,1.37,1.00
2017.06.16 07:35:22.140,1.76836,1.7688,1.37,1.00
2017.06.16 07:35:22.191,1.76836,1.7688,1.37,1.00
2017.06.16 07:35:22.503,1.7683,1.76873,1.87,1.00
2017.06.16 07:35:23.033,1.7683,1.76873,1.37,1.00
2017.06.16 07:35:23.483,1.76829,1.76871,1.37,1.00
2017.06.16 07:35:26.747,1.76828,1.76871,1.37,1.00
2017.06.16 07:35:26.798,1.76828,1.76871,1.37,1.00
2017.06.16 07:35:26.849,1.76827,1.76869,1.37,1.00
2017.06.16 07:35:26.900,1.76827,1.76867,1.37,1.00
2017.06.16 07:35:27.002,1.76827,1.76863,1.12,1.00
2017.06.16 07:35:27.053,1.76823,1.76865,1.75,1.00
2017.06.16 07:35:28.108,1.76823,1.76864,1.37,1.00
2017.06.16 07:35:28.412,1.76823,1.76865,1.87,1.00
2017.06.16 07:35:28.463,1.76823,1.76867,1.87,1.00
2017.06.16 07:35:28.615,1.76825,1.76869,1.37,1.00
2017.06.16 07:35:28.770,1.76824,1.76867,1.87,1.00
2017.06.16 07:35:28.822,1.76824,1.7687,1.87,1.00
2017.06.16 07:35:29.025,1.76824,1.76869,1.37,1.00
2017.06.16 07:35:29.076,1.76824,1.76869,1.37,1.00
2017.06.16 07:35:29.330,1.76823,1.76867,1.87,1.00
2017.06.16 07:35:29.723,1.76822,1.76865,1.37,1.00
2017.06.16 07:35:30.026,1.76822,1.76865,1.87,1.00
2017.06.16 07:35:30.533,1.76822,1.76865,1.37,1.00
2017.06.16 07:35:31.163,1.76824,1.76866,1.37,1.00
2017.06.16 07:35:31.594,1.76825,1.76869,1.37,1.00
2017.06.16 07:35:31.645,1.76829,1.76871,1.37,1.00
2017.06.16 07:35:31.696,1.76829,1.76873,1.87,1.00
2017.06.16 07:35:31.747,1.76831,1.76873,1.37,1.00
2017.06.16 07:35:31.899,1.76831,1.76875,1.37,1.00
2017.06.16 07:35:32.051,1.76833,1.76878,1.87,1.12
2017.06.16 07:35:32.978,1.76833,1.76877,1.87,1.00
2017.06.16 07:35:33.499,1.76833,1.76877,2.62,1.00
2017.06.16 07:35:33.991,1.76833,1.76874,1.87,1.00
2017.06.16 07:35:34.307,1.76832,1.76874,1.37,1.00
2017.06.16 07:35:34.622,1.76833,1.76874,1.87,1.00
2017.06.16 07:35:36.253,1.76832,1.76872,1.37,1.00
2017.06.16 07:35:36.304,1.76832,1.7687,1.37,1.00
2017.06.16 07:35:36.355,1.76831,1.76872,1.37,1.00
2017.06.16 07:35:36.406,1.76831,1.76874,2.62,1.00
2017.06.16 07:35:36.908,1.76832,1.76874,1.37,1.00
2017.06.16 07:35:37.010,1.76834,1.76871,1.37,1.00
2017.06.16 07:35:37.529,1.7683,1.76871,1.37,1.00
2017.06.16 07:35:37.681,1.7683,1.76869,1.37,1.00
2017.06.16 07:35:38.269,1.76828,1.76867,1.37,1.50
2017.06.16 07:35:38.796,1.76826,1.76866,1.37,1.00
2017.06.16 07:35:39.153,1.76826,1.76863,1.37,1.00
2017.06.16 07:35:39.458,1.76819,1.76859,1.37,1.50
2017.06.16 07:35:39.681,1.76819,1.76861,1.37,1.50
2017.06.16 07:35:40.278,1.76818,1.76861,3.37,1.50
2017.06.16 07:35:40.805,1.7682,1.7686,1.37,1.00
2017.06.16 07:35:41.060,1.7682,1.76862,1.37,1.50
2017.06.16 07:35:42.970,1.7682,1.76858,1.37,1.00
2017.06.16 07:35:43.021,1.7682,1.76858,1.37,1.50
2017.06.16 07:35:43.072,1.76818,1.76858,1.87,1.50
2017.06.16 07:35:44.051,1.76818,1.76857,1.37,1.00
2017.06.16 07:35:44.850,1.76818,1.76856,1.37,1.00
2017.06.16 07:35:45.378,1.76818,1.76856,1.00,1.00
2017.06.16 07:35:45.560,1.76815,1.76856,1.87,1.00
2017.06.16 07:35:45.963,1.76819,1.76859,1.37,1.50
2017.06.16 07:35:46.491,1.7682,1.7686,1.37,1.50
2017.06.16 07:35:46.722,1.7682,1.76858,1.37,1.00
2017.06.16 07:35:47.135,1.7682,1.76855,1.12,1.00
2017.06.16 07:35:47.637,1.76818,1.76854,1.37,1.00
2017.06.16 07:35:49.986,1.76816,1.76854,1.37,1.00
2017.06.16 07:35:50.037,1.76816,1.76854,1.37,1.00
2017.06.16 07:35:50.139,1.76816,1.76851,1.12,1.00
2017.06.16 07:35:50.690,1.76812,1.7685,1.37,1.00
2017.06.16 07:35:51.239,1.76812,1.7685,1.37,1.50
2017.06.16 07:35:51.778,1.76812,1.76849,1.37,1.00
2017.06.16 07:35:52.527,1.76811,1.76849,1.37,1.00
2017.06.16 07:35:53.118,1.7681,1.76848,1.37,1.50
2017.06.16 07:35:55.823,1.7681,1.76848,1.37,1.50
2017.06.16 07:35:58.191,1.7681,1.76848,1.37,1.00
2017.06.16 07:36:00.127,1.76811,1.76848,1.37,1.00
2017.06.16 07:36:00.178,1.76811,1.76848,1.37,1.00
2017.06.16 07:36:00.463,1.76811,1.76848,1.37,1.00
2017.06.16 07:36:01.040,1.76808,1.76849,3.00,1.00
2017.06.16 07:36:01.400,1.76808,1.76848,1.50,1.00
2017.06.16 07:36:05.590,1.76808,1.76847,1.50,1.00
2017.06.16 07:36:05.844,1.76808,1.76852,1.37,1.00
2017.06.16 07:36:05.897,1.76816,1.76853,1.37,1.00
2017.06.16 07:36:05.999,1.76816,1.76862,1.37,2.62
2017.06.16 07:36:06.202,1.76821,1.76858,1.00,1.00
2017.06.16 07:36:06.501,1.76816,1.76856,1.37,1.00
2017.06.16 07:36:07.083,1.76814,1.76857,1.37,1.00
2017.06.16 07:36:08.576,1.76815,1.76858,1.37,1.00
2017.06.16 07:36:08.627,1.76815,1.76858,1.37,1.00
2017.06.16 07:36:08.678,1.76815,1.7686,1.37,1.00
2017.06.16 07:36:08.831,1.76819,1.7686,1.37,1.00
2017.06.16 07:36:09.236,1.7682,1.76862,1.37,1.50
2017.06.16 07:36:09.338,1.76819,1.76864,1.37,1.00
2017.06.16 07:36:09.577,1.76821,1.76863,1.37,1.00
2017.06.16 07:36:09.679,1.76821,1.76861,1.37,1.00
2017.06.16 07:36:10.209,1.7682,1.76862,1.37,1.00
2017.06.16 07:36:10.602,1.7682,1.76861,1.37,1.00
2017.06.16 07:36:10.754,1.76817,1.76859,1.37,1.00
2017.06.16 07:36:11.295,1.76819,1.7686,1.12,1.00
2017.06.16 07:36:11.346,1.76819,1.76861,1.37,1.00
2017.06.16 07:36:11.397,1.76822,1.76864,1.37,1.00
2017.06.16 07:36:11.448,1.76822,1.76866,1.37,1.87
2017.06.16 07:36:11.499,1.76824,1.76866,1.37,1.12
2017.06.16 07:36:17.218,1.76825,1.76866,1.37,1.00
2017.06.16 07:36:18.059,1.76823,1.76866,1.37,1.00
2017.06.16 07:36:18.578,1.76823,1.76866,1.37,1.00
2017.06.16 07:36:20.149,1.76823,1.76865,1.37,1.00
2017.06.16 07:36:21.284,1.76828,1.76865,1.00,1.00
2017.06.16 07:36:23.300,1.76828,1.76861,1.12,1.00
2017.06.16 07:36:23.458,1.7682,1.76854,1.12,1.00
2017.06.16 07:36:23.610,1.76815,1.76855,1.37,1.00
2017.06.16 07:36:23.661,1.76815,1.76858,1.37,1.50
2017.06.16 07:36:23.763,1.76818,1.76861,1.37,1.00
2017.06.16 07:36:23.814,1.76821,1.76861,1.37,1.00
2017.06.16 07:36:24.775,1.76823,1.76861,1.37,1.00
2017.06.16 07:36:24.826,1.76823,1.76864,1.37,1.00
2017.06.16 07:36:24.877,1.76824,1.76867,1.37,1.00
2017.06.16 07:36:24.928,1.76826,1.76871,2.62,1.00
2017.06.16 07:36:25.448,1.76831,1.7687,1.37,1.00
2017.06.16 07:36:25.976,1.76834,1.76874,1.37,1.00
2017.06.16 07:36:26.119,1.7684,1.76874,1.00,1.00
2017.06.16 07:36:26.670,1.76838,1.76874,1.00,1.00
2017.06.16 07:36:26.823,1.76838,1.76872,1.00,1.00
2017.06.16 07:36:27.263,1.76835,1.76872,1.00,1.00
2017.06.16 07:36:27.314,1.76835,1.76868,1.00,1.00
2017.06.16 07:36:27.686,1.76838,1.76871,1.12,1.00
2017.06.16 07:36:28.424,1.76838,1.76872,1.12,1.00
2017.06.16 07:36:28.969,1.76837,1.76871,1.00,1.00
2017.06.16 07:36:30.191,1.76838,1.76871,1.00,1.00
2017.06.16 07:36:30.997,1.76838,1.7687,1.00,1.00
2017.06.16 07:36:31.498,1.76836,1.7687,1.37,1.00
2017.06.16 07:36:32.060,1.76836,1.76871,1.37,1.00
2017.06.16 07:36:32.720,1.76836,1.76871,1.12,1.00
2017.06.16 07:36:35.322,1.76836,1.76868,1.00,1.00
2017.06.16 07:36:35.703,1.76836,1.76871,1.00,1.00
2017.06.16 07:36:37.423,1.76838,1.76872,1.00,1.00
2017.06.16 07:36:37.524,1.7684,1.76875,1.00,1.00
2017.06.16 07:36:38.091,1.76837,1.76875,1.00,1.00
2017.06.16 07:36:38.142,1.76839,1.76875,1.00,1.00
2017.06.16 07:36:38.446,1.7684,1.76877,1.00,1.00
2017.06.16 07:36:38.861,1.76839,1.76875,1.00,1.00
2017.06.16 07:36:39.463,1.7684,1.76876,1.00,1.00
2017.06.16 07:36:39.997,1.76839,1.76876,1.00,1.00
2017.06.16 07:36:40.224,1.76837,1.76876,1.00,1.00
2017.06.16 07:36:40.327,1.76837,1.76872,1.00,1.00
2017.06.16 07:36:44.629,1.76838,1.76872,1.00,1.00
2017.06.16 07:36:45.175,1.76839,1.76873,1.00,1.00
2017.06.16 07:36:46.149,1.7684,1.76873,1.00,1.00
2017.06.16 07:36:46.251,1.7684,1.76875,1.00,1.00
2017.06.16 07:36:47.728,1.7684,1.76872,1.00,1.00
2017.06.16 07:36:50.100,1.76833,1.76872,1.87,1.00
2017.06.16 07:36:51.036,1.76832,1.7687,1.37,1.00
2017.06.16 07:36:51.747,1.76832,1.76871,1.37,1.00
2017.06.16 07:36:52.307,1.76838,1.76871,1.00,1.00
2017.06.16 07:36:54.515,1.76839,1.76871,1.00,1.00
2017.06.16 07:36:54.746,1.76837,1.76872,1.50,1.00
2017.06.16 07:36:55.147,1.76837,1.76872,1.37,1.00
2017.06.16 07:36:55.769,1.7684,1.76872,1.00,1.00
2017.06.16 07:36:55.932,1.7684,1.76874,1.00,1.00
2017.06.16 07:36:56.486,1.7684,1.76872,1.00,1.00
2017.06.16 07:36:56.769,1.7684,1.76875,1.00,1.00
2017.06.16 07:37:02.437,1.7684,1.76875,1.87,1.00
2017.06.16 07:37:06.199,1.7684,1.76875,1.87,1.00
2017.06.16 07:37:06.812,1.76841,1.76875,1.00,1.00
2017.06.16 07:37:07.045,1.76841,1.76877,1.50,1.00
2017.06.16 07:37:07.346,1.76841,1.76874,1.50,1.00
2017.06.16 07:37:08.745,1.76834,1.76874,1.50,1.00
2017.06.16 07:37:08.796,1.76834,1.76872,1.00,1.00
2017.06.16 07:37:08.847,1.76831,1.76872,1.00,1.00
2017.06.16 07:37:08.899,1.7683,1.76867,1.50,1.00
2017.06.16 07:37:09.270,1.76832,1.76867,1.00,1.00
2017.06.16 07:37:09.448,1.76832,1.76869,1.00,1.00
2017.06.16 07:37:10.476,1.76831,1.76869,1.00,1.00
2017.06.16 07:37:13.162,1.7683,1.76869,1.00,1.00
2017.06.16 07:37:13.370,1.7683,1.76867,1.00,1.00
2017.06.16 07:37:13.573,1.76831,1.76869,1.00,1.00
2017.06.16 07:37:13.675,1.76828,1.76866,1.50,1.00
2017.06.16 07:37:14.004,1.76828,1.76864,1.50,1.00
2017.06.16 07:37:14.557,1.76828,1.76864,1.87,1.00
2017.06.16 07:37:14.710,1.76841,1.76878,1.00,1.00
2017.06.16 07:37:14.761,1.76841,1.7688,1.37,1.00
2017.06.16 07:37:14.863,1.76843,1.76878,1.00,1.00
2017.06.16 07:37:15.388,1.76844,1.76878,1.00,1.00
2017.06.16 07:37:15.754,1.76848,1.7688,1.00,1.00
2017.06.16 07:37:15.856,1.76852,1.76887,1.00,1.00
2017.06.16 07:37:15.907,1.76855,1.76887,1.00,1.00
2017.06.16 07:37:15.959,1.76855,1.76889,1.00,1.00
2017.06.16 07:37:17.224,1.76853,1.76889,1.50,1.00
2017.06.16 07:37:17.428,1.76855,1.76889,1.00,1.00
2017.06.16 07:37:17.948,1.76854,1.76888,1.00,1.00
2017.06.16 07:37:18.857,1.76857,1.76888,1.00,1.00
2017.06.16 07:37:19.391,1.76851,1.76889,1.50,1.00
2017.06.16 07:37:19.442,1.76851,1.76888,1.00,1.71
2017.06.16 07:37:19.493,1.76841,1.76878,1.00,1.00
2017.06.16 07:37:19.595,1.76842,1.76874,1.00,1.00
2017.06.16 07:37:19.648,1.76837,1.76874,1.00,1.00
2017.06.16 07:37:19.699,1.76837,1.76877,1.50,1.00
2017.06.16 07:37:19.751,1.76837,1.76875,1.00,1.34
2017.06.16 07:37:19.801,1.76826,1.76868,1.00,1.00
2017.06.16 07:37:19.904,1.76824,1.76853,1.00,1.00
2017.06.16 07:37:19.954,1.76817,1.76853,1.87,1.00
2017.06.16 07:37:20.155,1.76815,1.76852,1.37,1.00
2017.06.16 07:37:20.410,1.76819,1.76856,1.00,1.00
2017.06.16 07:37:20.612,1.76819,1.76858,1.00,1.00
2017.06.16 07:37:21.120,1.76822,1.76858,1.50,1.00
2017.06.16 07:37:21.514,1.76822,1.76858,1.37,1.00
2017.06.16 07:37:22.097,1.76826,1.76859,1.00,1.00
2017.06.16 07:37:22.201,1.76825,1.76861,1.37,1.00
2017.06.16 07:37:22.724,1.76825,1.76862,1.37,1.00
2017.06.16 07:37:23.239,1.76825,1.76862,1.37,1.00
2017.06.16 07:37:23.408,1.76825,1.76864,1.37,1.00
2017.06.16 07:37:23.728,1.76825,1.76864,1.37,1.00
2017.06.16 07:37:23.830,1.7683,1.76864,1.00,1.00
2017.06.16 07:37:23.931,1.76832,1.76868,1.12,1.50
2017.06.16 07:37:23.982,1.76833,1.76868,1.37,1.00
2017.06.16 07:37:24.033,1.76832,1.76872,1.00,1.50
2017.06.16 07:37:24.085,1.76834,1.76874,1.00,1.00
2017.06.16 07:37:24.136,1.76838,1.76874,1.00,1.00
2017.06.16 07:37:24.482,1.76845,1.76874,1.00,1.00
2017.06.16 07:37:24.533,1.76829,1.76871,1.37,1.00
2017.06.16 07:37:24.584,1.76829,1.76866,1.87,1.00
2017.06.16 07:37:24.787,1.76831,1.76868,1.12,1.00
2017.06.16 07:37:24.888,1.76831,1.76868,1.37,1.00
2017.06.16 07:37:25.222,1.76822,1.76853,1.87,1.50
2017.06.16 07:37:25.935,1.76822,1.76852,1.87,1.50
2017.06.16 07:37:26.149,1.76819,1.76851,2.62,1.00
2017.06.16 07:37:26.251,1.76821,1.76853,1.87,1.00
2017.06.16 07:37:26.454,1.76821,1.76855,1.87,1.00
2017.06.16 07:37:26.649,1.76824,1.76855,1.87,1.00
2017.06.16 07:37:27.175,1.76823,1.76852,1.37,1.00
2017.06.16 07:37:27.327,1.76822,1.76852,1.37,1.00
2017.06.16 07:37:27.854,1.76819,1.76851,1.37,1.00
2017.06.16 07:37:28.006,1.76815,1.76852,1.37,1.00
2017.06.16 07:37:28.107,1.76817,1.76851,1.87,1.00
2017.06.16 07:37:28.209,1.76818,1.7685,1.37,1.00
2017.06.16 07:37:28.686,1.76819,1.7685,1.37,1.00
2017.06.16 07:37:28.737,1.76819,1.7685,1.37,1.00
2017.06.16 07:37:29.135,1.76819,1.76843,1.12,1.00
2017.06.16 07:37:29.477,1.76806,1.7684,1.87,1.00
2017.06.16 07:37:30.029,1.76805,1.7684,3.37,1.00
2017.06.16 07:37:30.123,1.76808,1.7684,1.87,1.00
2017.06.16 07:37:30.729,1.76808,1.76839,1.87,1.50
2017.06.16 07:37:31.457,1.76805,1.76839,1.87,1.00
2017.06.16 07:37:31.798,1.76803,1.76838,1.37,1.50
2017.06.16 07:37:31.950,1.76804,1.76836,1.37,1.00
2017.06.16 07:37:32.373,1.76804,1.76836,2.62,1.00
2017.06.16 07:37:33.072,1.76804,1.76838,2.62,1.00
2017.06.16 07:37:33.123,1.76804,1.7684,2.62,1.00
2017.06.16 07:37:33.327,1.76806,1.76841,2.62,1.50
2017.06.16 07:37:33.678,1.76806,1.76839,2.62,1.00
2017.06.16 07:37:35.433,1.76806,1.7684,2.62,1.50
2017.06.16 07:37:37.467,1.76807,1.7684,1.87,1.00
2017.06.16 07:37:39.266,1.76807,1.7684,1.87,1.00
2017.06.16 07:37:39.681,1.76808,1.7684,1.37,1.00
2017.06.16 07:37:40.496,1.76806,1.7684,1.37,1.00
2017.06.16 07:37:42.092,1.76805,1.76838,1.37,1.00
2017.06.16 07:37:43.414,1.76805,1.76839,1.37,1.50
2017.06.16 07:37:44.411,1.76805,1.76838,1.37,1.00
2017.06.16 07:37:44.615,1.76799,1.76832,1.37,1.00
2017.06.16 07:37:44.666,1.76799,1.7683,1.37,1.00
2017.06.16 07:37:44.717,1.76795,1.7683,1.37,1.00
2017.06.16 07:37:44.769,1.76795,1.76828,1.37,1.50
2017.06.16 07:37:45.074,1.76788,1.76822,1.37,1.00
2017.06.16 07:37:45.421,1.76793,1.76822,1.87,1.00
2017.06.16 07:37:45.522,1.76793,1.76827,1.37,1.00
2017.06.16 07:37:45.573,1.76793,1.76829,1.37,1.00
2017.06.16 07:37:45.624,1.76795,1.76831,1.37,1.50
2017.06.16 07:37:45.676,1.76795,1.76831,1.37,1.50
2017.06.16 07:37:46.218,1.76799,1.76832,1.37,1.00
2017.06.16 07:37:46.722,1.76799,1.76832,1.37,1.00
2017.06.16 07:37:47.441,1.76799,1.76838,1.37,1.00
2017.06.16 07:37:47.492,1.76801,1.7684,1.87,1.00
2017.06.16 07:37:47.644,1.76806,1.76842,1.37,1.50
2017.06.16 07:37:47.694,1.76806,1.76841,1.37,1.50
2017.06.16 07:37:48.120,1.76808,1.76839,1.37,1.00
2017.06.16 07:37:48.221,1.76803,1.76835,1.37,1.50
2017.06.16 07:37:48.542,1.76799,1.76835,1.37,1.00
2017.06.16 07:37:48.644,1.76803,1.76835,1.37,1.50
2017.06.16 07:37:48.941,1.76803,1.76836,1.37,1.50
2017.06.16 07:37:50.221,1.76803,1.76837,1.37,1.50
2017.06.16 07:37:50.322,1.76805,1.76838,1.37,1.00
2017.06.16 07:37:50.626,1.76805,1.76837,1.37,1.00
2017.06.16 07:37:50.677,1.76805,1.76835,1.37,1.00
2017.06.16 07:37:51.205,1.76801,1.76834,1.37,1.00
2017.06.16 07:37:51.486,1.76801,1.76834,1.37,1.00
2017.06.16 07:37:53.218,1.76801,1.76832,1.37,1.00
2017.06.16 07:37:53.419,1.76801,1.76838,1.37,1.50
2017.06.16 07:37:53.571,1.76801,1.76836,1.37,1.00
2017.06.16 07:37:54.110,1.76801,1.76838,1.37,1.50
2017.06.16 07:37:54.161,1.76801,1.76838,1.37,1.00
2017.06.16 07:37:54.212,1.76803,1.76838,1.12,1.00
2017.06.16 07:37:54.364,1.76801,1.7684,1.37,1.00
2017.06.16 07:37:54.603,1.76801,1.76842,1.37,1.00
2017.06.16 07:37:54.827,1.76801,1.76842,1.37,1.00
2017.06.16 07:37:55.423,1.76799,1.7684,1.37,1.00
2017.06.16 07:37:55.961,1.76798,1.76841,1.87,1.50
2017.06.16 07:37:56.577,1.76798,1.76841,1.87,1.50
2017.06.16 07:37:57.288,1.76801,1.76841,1.87,1.50
2017.06.16 07:37:57.789,1.768,1.76841,1.87,1.50
2017.06.16 07:37:59.826,1.76798,1.76841,1.87,1.50
2017.06.16 07:38:02.405,1.76798,1.76841,1.87,1.50
2017.06.16 07:38:03.892,1.76801,1.7684,1.37,1.00
2017.06.16 07:38:04.197,1.768,1.7684,1.87,1.50
2017.06.16 07:38:06.210,1.768,1.76839,2.62,1.00
2017.06.16 07:38:06.412,1.768,1.76839,1.37,1.50
2017.06.16 07:38:06.556,1.76797,1.76837,1.37,1.00
2017.06.16 07:38:07.655,1.76799,1.76838,1.37,1.00
2017.06.16 07:38:08.214,1.76798,1.76839,1.87,1.50
2017.06.16 07:38:08.518,1.76797,1.76839,1.87,1.50
2017.06.16 07:38:08.784,1.76798,1.76838,1.87,1.00
2017.06.16 07:38:09.106,1.76797,1.76839,1.87,1.50
2017.06.16 07:38:09.587,1.76797,1.76837,1.37,1.00
2017.06.16 07:38:10.199,1.76798,1.76836,1.37,1.50
2017.06.16 07:38:10.905,1.76798,1.76838,1.87,1.00
2017.06.16 07:38:12.035,1.76801,1.76841,1.37,1.50
2017.06.16 07:38:16.045,1.76801,1.76841,1.37,1.50
2017.06.16 07:38:16.146,1.76801,1.7684,1.12,1.00
2017.06.16 07:38:16.896,1.76798,1.76839,1.37,1.00
2017.06.16 07:38:19.522,1.76798,1.7684,1.37,1.50
2017.06.16 07:38:19.969,1.76799,1.76839,1.37,1.00
2017.06.16 07:38:20.646,1.768,1.7684,1.37,1.00
2017.06.16 07:38:21.501,1.76802,1.76839,1.37,1.00
2017.06.16 07:38:21.754,1.76805,1.76841,1.37,1.00
2017.06.16 07:38:22.290,1.76806,1.76843,1.37,1.00
2017.06.16 07:38:22.844,1.76807,1.76843,1.12,1.00
2017.06.16 07:38:23.091,1.76807,1.76841,1.12,1.00
2017.06.16 07:38:23.637,1.76807,1.76843,1.12,1.00
2017.06.16 07:38:24.575,1.76807,1.76842,1.00,1.00
2017.06.16 07:38:25.121,1.76808,1.7684,1.37,1.00
2017.06.16 07:38:25.185,1.76808,1.76842,1.37,1.50
2017.06.16 07:38:25.731,1.76808,1.76842,1.12,1.00
2017.06.16 07:38:28.842,1.76808,1.76841,1.12,1.00
2017.06.16 07:38:28.994,1.76811,1.76846,1.37,1.00
2017.06.16 07:38:29.096,1.76813,1.7685,1.37,1.87
2017.06.16 07:38:29.147,1.76813,1.76853,1.37,2.62
2017.06.16 07:38:29.508,1.76816,1.76848,1.00,1.00
2017.06.16 07:38:29.783,1.76813,1.76847,1.12,1.00
2017.06.16 07:38:29.834,1.76813,1.76849,1.37,1.12
2017.06.16 07:38:30.248,1.76813,1.76847,1.37,1.00
2017.06.16 07:38:30.506,1.76813,1.76849,1.37,1.00
2017.06.16 07:38:31.020,1.76814,1.76849,1.37,1.00
2017.06.16 07:38:31.071,1.76816,1.76851,1.37,1.00
2017.06.16 07:38:31.122,1.76816,1.76853,1.37,1.00
2017.06.16 07:38:31.820,1.76816,1.76853,1.12,1.00
2017.06.16 07:38:31.921,1.76816,1.7685,1.12,1.00
2017.06.16 07:38:32.056,1.76816,1.76852,1.12,1.00
2017.06.16 07:38:32.502,1.76816,1.76855,1.00,1.00
2017.06.16 07:38:32.553,1.76816,1.76852,1.00,1.00
2017.06.16 07:38:32.604,1.76814,1.76852,1.00,1.00
2017.06.16 07:38:32.813,1.76814,1.76853,1.37,1.00
2017.06.16 07:38:32.914,1.76814,1.76852,1.12,1.00
2017.06.16 07:38:32.965,1.76814,1.76853,1.37,1.00
2017.06.16 07:38:33.016,1.76814,1.76856,1.37,1.50
2017.06.16 07:38:33.067,1.76814,1.76854,1.37,1.00
2017.06.16 07:38:33.382,1.76827,1.76857,1.00,1.00
2017.06.16 07:38:33.434,1.76827,1.76867,1.37,1.50
2017.06.16 07:38:34.219,1.76827,1.76867,1.37,1.00
2017.06.16 07:38:34.758,1.7683,1.76868,1.12,1.00
2017.06.16 07:38:35.203,1.7683,1.76865,1.00,1.00
2017.06.16 07:38:35.304,1.76827,1.76864,1.37,1.00
2017.06.16 07:38:35.818,1.76827,1.76864,1.12,1.00
2017.06.16 07:38:36.377,1.76827,1.76864,1.37,1.00
2017.06.16 07:38:36.479,1.76827,1.76865,1.37,1.00
2017.06.16 07:38:36.971,1.76827,1.76865,1.37,1.00
2017.06.16 07:38:38.868,1.76828,1.76864,1.12,1.00
2017.06.16 07:38:39.021,1.76823,1.76865,1.37,1.00
2017.06.16 07:38:39.527,1.76826,1.76866,1.12,1.00
2017.06.16 07:38:40.032,1.76826,1.76867,1.12,1.00
2017.06.16 07:38:42.232,1.76826,1.76867,1.37,1.00
2017.06.16 07:38:42.333,1.76826,1.76867,1.37,1.00
2017.06.16 07:38:42.802,1.76826,1.76866,1.12,1.00
2017.06.16 07:38:43.930,1.76826,1.76864,1.12,1.00
2017.06.16 07:38:45.492,1.76824,1.76864,1.12,1.00
2017.06.16 07:38:45.543,1.76824,1.76864,1.37,1.00
2017.06.16 07:38:45.899,1.76827,1.76867,1.00,1.50
2017.06.16 07:38:46.461,1.76827,1.76866,1.12,1.00
2017.06.16 07:38:47.628,1.76827,1.76865,1.00,1.00
2017.06.16 07:38:48.335,1.76825,1.76865,1.37,1.37
2017.06.16 07:38:48.625,1.76825,1.76865,1.00,1.37
2017.06.16 07:38:50.736,1.76823,1.76863,1.12,1.87
2017.06.16 07:38:50.889,1.76821,1.76859,1.00,1.00
2017.06.16 07:38:51.084,1.76817,1.76856,1.00,1.00
2017.06.16 07:38:51.589,1.76816,1.76856,1.12,1.50
2017.06.16 07:38:52.859,1.76816,1.76856,1.37,1.50
2017.06.16 07:38:52.961,1.76816,1.76856,1.37,1.00
2017.06.16 07:38:53.012,1.76818,1.76858,1.00,1.00
2017.06.16 07:38:53.191,1.7682,1.7686,1.00,1.00
2017.06.16 07:38:53.795,1.7682,1.76859,1.00,1.00
2017.06.16 07:38:54.932,1.7682,1.7686,1.12,1.00
2017.06.16 07:38:55.442,1.7682,1.76861,1.12,2.25
2017.06.16 07:38:55.995,1.76822,1.76861,1.00,1.50
2017.06.16 07:38:56.310,1.76821,1.76859,1.00,1.00
2017.06.16 07:38:56.615,1.7682,1.76857,1.00,1.00
2017.06.16 07:38:57.097,1.76817,1.76857,1.37,1.00
2017.06.16 07:38:57.642,1.76817,1.76856,1.37,1.00
2017.06.16 07:38:58.211,1.76817,1.76854,1.37,1.00
2017.06.16 07:38:58.313,1.76817,1.76857,1.37,1.50
2017.06.16 07:38:58.527,1.76817,1.76857,1.87,1.00
2017.06.16 07:38:58.866,1.76817,1.76857,2.21,1.00
2017.06.16 07:38:59.018,1.76822,1.7686,1.37,1.00
2017.06.16 07:39:00.196,1.76821,1.7686,1.37,1.00
2017.06.16 07:39:00.247,1.76821,1.7686,1.37,1.00
2017.06.16 07:39:00.349,1.76822,1.76862,1.37,1.00
2017.06.16 07:39:00.967,1.76823,1.76863,1.37,1.00
2017.06.16 07:39:01.489,1.76823,1.7686,1.00,1.00
2017.06.16 07:39:01.540,1.7682,1.7686,1.12,1.00
2017.06.16 07:39:01.921,1.7682,1.7686,1.37,1.00
2017.06.16 07:39:02.586,1.7682,1.7686,1.12,1.00
2017.06.16 07:39:02.972,1.7682,1.76859,1.37,1.00
2017.06.16 07:39:03.115,1.76825,1.76863,1.00,1.00
2017.06.16 07:39:03.167,1.76825,1.76865,1.00,1.00
2017.06.16 07:39:04.546,1.76825,1.76864,1.00,1.00
2017.06.16 07:39:05.144,1.76825,1.76866,1.00,1.00
2017.06.16 07:39:05.904,1.76825,1.76864,1.00,1.00
2017.06.16 07:39:06.879,1.76825,1.76865,1.00,1.00
2017.06.16 07:39:07.183,1.7683,1.7687,1.00,1.00
2017.06.16 07:39:07.551,1.76832,1.76872,1.87,1.00
2017.06.16 07:39:07.602,1.76835,1.76877,1.37,1.50
2017.06.16 07:39:08.149,1.76831,1.76873,1.87,1.00
2017.06.16 07:39:08.585,1.76831,1.7687,1.37,1.00
2017.06.16 07:39:08.933,1.76831,1.76872,1.37,1.00
2017.06.16 07:39:09.264,1.7683,1.7687,1.37,1.00
2017.06.16 07:39:09.949,1.76831,1.76872,1.37,1.00
2017.06.16 07:39:10.619,1.76831,1.76873,1.37,1.50
2017.06.16 07:39:12.200,1.76836,1.76873,1.00,1.00
2017.06.16 07:39:12.634,1.76833,1.76873,1.00,1.00
2017.06.16 07:39:12.736,1.76831,1.76869,1.00,1.00
2017.06.16 07:39:13.722,1.76832,1.76869,1.00,1.00
2017.06.16 07:39:14.257,1.76831,1.76869,1.00,1.00
2017.06.16 07:39:14.608,1.76829,1.76869,1.00,1.00
2017.06.16 07:39:14.710,1.76831,1.76869,1.00,1.00
2017.06.16 07:39:15.104,1.7683,1.76866,1.00,1.00
2017.06.16 07:39:16.692,1.76831,1.76866,1.00,1.00
2017.06.16 07:39:17.323,1.7683,1.76866,1.00,1.00
2017.06.16 07:39:17.638,1.76832,1.76866,1.00,1.00
2017.06.16 07:39:18.458,1.76829,1.76864,1.12,1.00
2017.06.16 07:39:18.511,1.76824,1.76862,1.00,1.00
2017.06.16 07:39:18.562,1.76819,1.76851,1.00,1.00
2017.06.16 07:39:18.613,1.76816,1.76851,1.00,1.00
2017.06.16 07:39:18.664,1.76818,1.7685,1.00,1.00
2017.06.16 07:39:18.765,1.76816,1.7685,1.00,1.00
2017.06.16 07:39:18.968,1.76816,1.76853,1.00,1.00
2017.06.16 07:39:19.228,1.76817,1.7685,1.00,1.00
2017.06.16 07:39:19.605,1.76819,1.7685,1.50,1.00
2017.06.16 07:39:19.771,1.76818,1.76853,1.00,1.00
2017.06.16 07:39:19.974,1.76819,1.76851,1.00,1.00
2017.06.16 07:39:20.380,1.7682,1.76853,1.00,1.00
2017.06.16 07:39:20.953,1.76819,1.7685,1.50,1.00
2017.06.16 07:39:21.431,1.76819,1.76853,1.50,1.00
2017.06.16 07:39:21.933,1.76818,1.76853,1.50,1.00
2017.06.16 07:39:23.067,1.76819,1.76853,1.50,1.00
2017.06.16 07:39:23.683,1.76821,1.76853,1.00,1.00
2017.06.16 07:39:23.836,1.76823,1.76857,1.00,1.00
2017.06.16 07:39:24.354,1.76824,1.76857,1.00,1.00
2017.06.16 07:39:25.558,1.76823,1.76857,1.00,1.00
2017.06.16 07:39:25.871,1.76821,1.76857,1.50,1.00
2017.06.16 07:39:25.973,1.7682,1.76854,1.00,1.00
2017.06.16 07:39:26.490,1.76819,1.76853,1.50,1.00
2017.06.16 07:39:26.959,1.76818,1.76851,1.50,1.00
2017.06.16 07:39:27.262,1.76821,1.76854,1.00,1.00
2017.06.16 07:39:27.927,1.76821,1.76855,1.00,1.00
2017.06.16 07:39:28.747,1.76821,1.76856,1.00,1.00
2017.06.16 07:39:29.088,1.76827,1.76863,1.00,1.50
2017.06.16 07:39:29.530,1.76829,1.76863,1.00,1.50
2017.06.16 07:39:29.733,1.76833,1.76869,1.50,1.00
2017.06.16 07:39:30.271,1.76833,1.76868,1.00,1.00
2017.06.16 07:39:33.263,1.76832,1.76868,1.50,1.00
2017.06.16 07:39:36.052,1.76832,1.76869,1.50,1.00
2017.06.16 07:39:36.876,1.76832,1.76866,1.50,1.00
2017.06.16 07:39:41.659,1.76832,1.76868,1.00,1.00
2017.06.16 07:39:43.327,1.7683,1.76868,1.50,1.50
2017.06.16 07:39:43.378,1.7683,1.76866,1.50,1.00
2017.06.16 07:39:43.727,1.76823,1.76858,1.00,1.00
2017.06.16 07:39:44.090,1.76819,1.76854,1.00,1.00
2017.06.16 07:39:44.497,1.76819,1.76852,1.00,1.00
2017.06.16 07:39:44.842,1.76825,1.76852,1.00,1.00
2017.06.16 07:39:44.893,1.76825,1.76859,1.00,1.00
2017.06.16 07:39:45.096,1.76821,1.76857,1.50,1.00
2017.06.16 07:39:45.197,1.76825,1.76859,1.00,1.00
2017.06.16 07:39:45.507,1.7683,1.76863,1.00,1.00
2017.06.16 07:39:45.782,1.76828,1.76863,1.50,1.00
2017.06.16 07:39:45.884,1.76828,1.7686,1.00,1.00
2017.06.16 07:39:46.082,1.76825,1.76859,1.00,1.00
2017.06.16 07:39:46.837,1.76826,1.76859,1.00,1.00
2017.06.16 07:39:47.338,1.76825,1.7686,1.00,1.00
2017.06.16 07:39:47.837,1.76823,1.7686,1.50,1.00
2017.06.16 07:39:47.888,1.76822,1.76857,1.00,1.00
2017.06.16 07:39:48.475,1.76823,1.76857,1.00,1.00
2017.06.16 07:39:49.990,1.76821,1.76857,1.00,1.00
2017.06.16 07:39:50.549,1.76822,1.76857,1.00,1.00
2017.06.16 07:39:51.059,1.76823,1.76857,1.00,1.00
2017.06.16 07:39:51.110,1.76824,1.76859,1.00,1.00
2017.06.16 07:39:51.211,1.76824,1.76861,1.00,1.00
2017.06.16 07:39:51.474,1.76824,1.76863,1.87,1.00
2017.06.16 07:39:52.443,1.76822,1.7686,1.50,1.00
2017.06.16 07:39:52.860,1.76821,1.76858,1.12,1.00
2017.06.16 07:39:53.508,1.76821,1.76857,1.12,1.00
2017.06.16 07:39:54.062,1.76821,1.76858,1.00,1.00
2017.06.16 07:39:54.892,1.7682,1.76858,1.12,1.00
2017.06.16 07:39:58.445,1.76814,1.76858,1.50,1.84
2017.06.16 07:39:58.496,1.76811,1.76854,1.12,1.00
2017.06.16 07:39:58.812,1.768,1.76841,1.87,1.00
2017.06.16 07:40:01.682,1.76802,1.76842,1.87,1.00
2017.06.16 07:40:02.211,1.76803,1.76843,1.37,1.50
2017.06.16 07:40:02.382,1.76803,1.76843,1.37,1.50
2017.06.16 07:40:03.305,1.76801,1.76841,1.87,1.00
2017.06.16 07:40:03.673,1.76802,1.76843,1.87,1.50
2017.06.16 07:40:03.725,1.76801,1.76843,1.87,1.50
2017.06.16 07:40:04.328,1.76801,1.76842,1.37,1.50
2017.06.16 07:40:04.735,1.76801,1.76833,1.00,1.00
2017.06.16 07:40:05.049,1.76787,1.76823,1.87,1.00
2017.06.16 07:40:05.100,1.76784,1.76825,1.37,1.00
2017.06.16 07:40:05.201,1.76787,1.76828,1.87,1.00
2017.06.16 07:40:05.354,1.76795,1.76834,1.37,1.00
2017.06.16 07:40:05.405,1.76796,1.76834,1.37,1.00
2017.06.16 07:40:05.608,1.76796,1.76836,1.37,1.00
2017.06.16 07:40:05.710,1.76796,1.76836,2.62,1.00
2017.06.16 07:40:05.954,1.76794,1.76836,1.87,1.00
2017.06.16 07:40:06.006,1.76799,1.76839,1.87,1.00
2017.06.16 07:40:06.057,1.76797,1.76841,2.62,1.00
2017.06.16 07:40:06.583,1.76798,1.76842,2.62,1.50
2017.06.16 07:40:09.042,1.76801,1.76842,1.37,1.00
2017.06.16 07:40:09.245,1.76803,1.76844,1.37,1.50
2017.06.16 07:40:09.448,1.76805,1.76844,1.87,1.00
2017.06.16 07:40:09.550,1.76809,1.7685,1.87,1.50
2017.06.16 07:40:10.132,1.76809,1.76852,3.37,1.50
2017.06.16 07:40:10.202,1.76809,1.76852,1.87,1.50
2017.06.16 07:40:10.442,1.76812,1.7685,1.37,1.00
2017.06.16 07:40:10.678,1.76812,1.76851,1.37,1.00
2017.06.16 07:40:11.331,1.7681,1.76851,1.37,1.00
2017.06.16 07:40:11.382,1.76809,1.76846,1.37,1.00
2017.06.16 07:40:11.434,1.76809,1.76846,1.37,1.00
2017.06.16 07:40:11.485,1.76802,1.76844,1.75,1.00
2017.06.16 07:40:12.011,1.76802,1.76841,1.37,1.00
2017.06.16 07:40:12.163,1.76799,1.76839,1.37,1.00
2017.06.16 07:40:12.214,1.76799,1.76837,1.37,1.00
2017.06.16 07:40:12.570,1.76796,1.76839,1.37,1.00
2017.06.16 07:40:12.672,1.76796,1.76837,1.37,1.00
2017.06.16 07:40:13.174,1.76796,1.76838,1.37,1.00
2017.06.16 07:40:14.000,1.76796,1.76839,1.37,1.00
2017.06.16 07:40:14.587,1.76796,1.76839,1.37,1.00
2017.06.16 07:40:14.638,1.76796,1.76839,1.37,1.00
2017.06.16 07:40:14.740,1.76796,1.76839,1.37,1.00
2017.06.16 07:40:15.247,1.76799,1.7684,1.37,1.00
2017.06.16 07:40:16.238,1.76799,1.7684,1.37,1.00
2017.06.16 07:40:16.842,1.76799,1.76841,1.37,2.25
2017.06.16 07:40:17.911,1.76799,1.76841,1.37,2.25
2017.06.16 07:40:18.523,1.76799,1.76841,2.62,1.00
2017.06.16 07:40:18.831,1.76803,1.76843,1.37,1.50
2017.06.16 07:40:20.564,1.76805,1.76847,2.62,1.00
2017.06.16 07:40:20.665,1.76805,1.76847,1.37,1.00
2017.06.16 07:40:20.776,1.76806,1.76844,1.37,1.00
2017.06.16 07:40:21.026,1.76806,1.76844,1.37,1.00
2017.06.16 07:40:21.228,1.76805,1.76844,1.37,1.00
2017.06.16 07:40:21.588,1.76802,1.7684,1.37,1.00
2017.06.16 07:40:21.639,1.76802,1.7684,1.37,1.00
2017.06.16 07:40:21.784,1.76804,1.7683,1.00,1.00
2017.06.16 07:40:21.887,1.76789,1.7683,1.37,1.00
2017.06.16 07:40:21.939,1.76789,1.76812,1.00,1.00
2017.06.16 07:40:21.991,1.76777,1.76814,1.50,1.00
2017.06.16 07:40:22.044,1.76777,1.76813,1.12,1.00
2017.06.16 07:40:22.097,1.76776,1.76815,1.75,1.00
2017.06.16 07:40:22.482,1.76781,1.7682,1.87,1.00
2017.06.16 07:40:22.536,1.76783,1.76823,1.87,1.00
2017.06.16 07:40:22.690,1.76784,1.76824,1.37,1.50
2017.06.16 07:40:22.742,1.76784,1.76824,1.37,1.50
2017.06.16 07:40:23.158,1.76787,1.76823,1.00,1.50
2017.06.16 07:40:23.209,1.76787,1.76821,1.00,1.00
2017.06.16 07:40:23.362,1.7678,1.76817,1.37,1.00
2017.06.16 07:40:23.413,1.7678,1.76818,1.00,1.50
2017.06.16 07:40:23.464,1.76779,1.76819,1.87,1.00
2017.06.16 07:40:23.768,1.76776,1.76816,1.37,1.50
2017.06.16 07:40:24.042,1.76776,1.76814,1.37,1.00
2017.06.16 07:40:24.586,1.76776,1.76815,1.37,1.50
2017.06.16 07:40:24.708,1.76776,1.76815,1.37,1.50
2017.06.16 07:40:24.810,1.76776,1.76812,1.37,1.00
2017.06.16 07:40:25.554,1.76775,1.76813,1.37,1.00
2017.06.16 07:40:26.190,1.76775,1.76814,1.37,2.25
2017.06.16 07:40:26.599,1.76775,1.76814,1.37,1.00
2017.06.16 07:40:26.651,1.76775,1.76811,1.37,1.00
2017.06.16 07:40:26.702,1.76773,1.76809,1.37,1.00
2017.06.16 07:40:26.804,1.76771,1.76807,1.00,1.00
2017.06.16 07:40:26.855,1.76771,1.76801,1.00,1.00
2017.06.16 07:40:26.906,1.76763,1.76799,1.50,1.00
2017.06.16 07:40:26.957,1.76761,1.76799,1.37,1.00
2017.06.16 07:40:27.196,1.76759,1.76797,1.37,1.00
2017.06.16 07:40:27.812,1.76762,1.76796,1.37,1.00
2017.06.16 07:40:28.168,1.76758,1.76796,1.37,1.00
2017.06.16 07:40:28.274,1.76758,1.76794,1.37,1.00
2017.06.16 07:40:28.534,1.76758,1.76796,1.37,1.00
2017.06.16 07:40:28.585,1.76759,1.76796,1.37,1.00
2017.06.16 07:40:29.160,1.76758,1.76795,1.37,1.00
2017.06.16 07:40:29.663,1.76755,1.76795,1.37,1.50
2017.06.16 07:40:30.167,1.76757,1.76794,1.37,1.00
2017.06.16 07:40:30.679,1.76755,1.76793,1.37,1.00
2017.06.16 07:40:31.227,1.76755,1.76793,1.37,1.00
2017.06.16 07:40:31.816,1.76757,1.76792,1.37,1.00
2017.06.16 07:40:32.121,1.76755,1.76793,1.37,1.00
2017.06.16 07:40:32.661,1.76756,1.76793,1.37,1.00
2017.06.16 07:40:37.117,1.76758,1.76795,1.87,1.00
2017.06.16 07:40:37.351,1.76757,1.76795,1.46,1.00
2017.06.16 07:40:37.402,1.76763,1.768,1.12,1.00
2017.06.16 07:40:37.453,1.76763,1.768,1.37,1.50
2017.06.16 07:40:37.554,1.76763,1.768,1.12,1.00
2017.06.16 07:40:38.082,1.76757,1.76799,1.37,1.50
2017.06.16 07:40:38.561,1.76757,1.76799,1.37,1.50
2017.06.16 07:40:38.929,1.76757,1.76799,1.37,1.50
2017.06.16 07:40:39.031,1.76757,1.76799,1.37,1.50
2017.06.16 07:40:39.328,1.76757,1.76799,1.37,1.50
2017.06.16 07:40:39.429,1.76757,1.76799,1.37,1.50
2017.06.16 07:40:39.531,1.76761,1.76799,1.37,1.00
2017.06.16 07:40:39.582,1.76761,1.76797,1.37,1.00
2017.06.16 07:40:39.940,1.76759,1.76799,1.37,2.25
2017.06.16 07:40:40.625,1.76761,1.76799,1.37,1.50
2017.06.16 07:40:40.731,1.76763,1.76799,1.37,1.00
2017.06.16 07:40:41.390,1.76763,1.76799,1.37,1.50
2017.06.16 07:40:41.972,1.76763,1.76799,1.37,1.50
2017.06.16 07:40:42.036,1.76763,1.76799,1.37,1.50
2017.06.16 07:40:43.753,1.76761,1.76797,1.37,1.50
2017.06.16 07:40:45.520,1.7676,1.76797,1.37,1.00
2017.06.16 07:40:45.571,1.7676,1.76799,1.37,1.50
2017.06.16 07:40:45.807,1.76764,1.76799,1.37,1.00
2017.06.16 07:40:46.214,1.76757,1.76795,1.37,1.00
2017.06.16 07:40:46.870,1.76756,1.76795,1.37,1.50
2017.06.16 07:40:49.802,1.76753,1.76793,1.37,1.00
2017.06.16 07:40:49.903,1.76753,1.76793,1.37,1.00
2017.06.16 07:40:49.954,1.76753,1.76793,1.37,1.50
2017.06.16 07:40:50.768,1.76752,1.76793,1.37,1.50
2017.06.16 07:40:50.920,1.76752,1.76791,1.37,1.00
2017.06.16 07:40:52.690,1.76752,1.76792,1.87,1.00
2017.06.16 07:40:52.741,1.76751,1.76792,1.37,1.00
2017.06.16 07:40:52.896,1.76754,1.76794,1.37,1.00
2017.06.16 07:40:52.998,1.76754,1.76794,1.37,1.00
2017.06.16 07:40:53.506,1.76754,1.76794,1.37,1.00
2017.06.16 07:40:54.044,1.76754,1.7679,1.37,1.00
2017.06.16 07:40:54.333,1.76744,1.76784,1.00,2.25
2017.06.16 07:40:54.384,1.76744,1.76784,1.37,1.50
2017.06.16 07:40:54.688,1.76738,1.7678,1.37,1.00
2017.06.16 07:40:54.739,1.76744,1.76784,1.37,1.00
2017.06.16 07:40:55.258,1.76744,1.76783,1.37,1.00
2017.06.16 07:40:55.309,1.76744,1.76781,1.00,1.00
2017.06.16 07:40:55.411,1.76739,1.76779,1.00,1.00
2017.06.16 07:40:56.385,1.76739,1.76777,1.00,1.00
2017.06.16 07:40:56.436,1.76737,1.76776,1.00,1.00
2017.06.16 07:40:56.741,1.76744,1.76776,1.37,1.00
2017.06.16 07:40:56.842,1.76749,1.76789,1.37,1.00
2017.06.16 07:40:57.358,1.76752,1.7679,1.12,1.00
2017.06.16 07:40:57.474,1.76752,1.76792,1.12,1.00
2017.06.16 07:40:57.525,1.76752,1.76792,1.37,1.00
2017.06.16 07:40:57.829,1.76746,1.76785,1.37,1.00
2017.06.16 07:40:57.931,1.76747,1.76789,1.87,1.00
2017.06.16 07:40:58.033,1.76749,1.76791,1.37,1.00
2017.06.16 07:40:58.084,1.76749,1.76789,1.37,1.00
2017.06.16 07:40:58.135,1.76749,1.76791,1.37,1.00
2017.06.16 07:40:58.642,1.76748,1.7679,1.37,1.50
2017.06.16 07:40:58.765,1.76748,1.76787,1.37,1.00
2017.06.16 07:40:59.069,1.76748,1.76784,1.00,1.00
2017.06.16 07:40:59.374,1.76742,1.76781,1.37,1.00
2017.06.16 07:40:59.806,1.76741,1.76782,1.00,1.00
2017.06.16 07:40:59.857,1.76739,1.7678,1.87,1.00
2017.06.16 07:41:00.242,1.76739,1.7678,1.87,1.00
2017.06.16 07:41:00.546,1.76741,1.76781,1.37,1.00
2017.06.16 07:41:01.168,1.76741,1.76781,1.37,1.00
2017.06.16 07:41:01.776,1.7674,1.76781,1.37,1.00
2017.06.16 07:41:01.827,1.7674,1.76781,1.37,1.00
2017.06.16 07:41:02.030,1.76741,1.76781,1.37,1.00
2017.06.16 07:41:02.595,1.76741,1.7678,1.37,1.00
2017.06.16 07:41:04.450,1.76741,1.76781,1.37,1.00
2017.06.16 07:41:04.821,1.76741,1.76781,1.37,1.00
2017.06.16 07:41:04.924,1.76741,1.76781,1.37,1.00
2017.06.16 07:41:06.144,1.76741,1.76781,1.00,1.00
2017.06.16 07:41:06.682,1.76742,1.76781,1.00,1.00
2017.06.16 07:41:07.218,1.76741,1.76781,1.00,1.00
2017.06.16 07:41:07.455,1.76741,1.76779,1.00,1.00
2017.06.16 07:41:08.221,1.76739,1.76779,1.50,1.00
2017.06.16 07:41:08.946,1.76739,1.76779,1.87,1.00
2017.06.16 07:41:11.346,1.76739,1.76779,1.87,1.00
2017.06.16 07:41:11.649,1.76736,1.76774,1.37,1.00
2017.06.16 07:41:11.951,1.76732,1.76767,1.37,1.00
2017.06.16 07:41:12.342,1.76732,1.76767,1.37,1.00
2017.06.16 07:41:12.443,1.76737,1.76774,1.37,1.00
2017.06.16 07:41:12.546,1.76739,1.76777,1.37,1.00
2017.06.16 07:41:12.749,1.76741,1.76777,1.00,1.00
2017.06.16 07:41:14.057,1.76739,1.76777,1.37,1.00
2017.06.16 07:41:14.436,1.76738,1.76775,1.12,1.00
2017.06.16 07:41:14.725,1.76736,1.76774,1.12,1.00
2017.06.16 07:41:15.125,1.76733,1.76771,1.37,1.00
2017.06.16 07:41:15.177,1.76733,1.76771,1.00,1.00
2017.06.16 07:41:15.331,1.76728,1.76767,1.37,1.00
2017.06.16 07:41:15.635,1.76727,1.76765,1.37,1.00
2017.06.16 07:41:15.982,1.76728,1.76764,1.37,1.00
2017.06.16 07:41:16.033,1.76728,1.76768,1.37,1.00
2017.06.16 07:41:16.236,1.76731,1.76768,1.00,1.50
2017.06.16 07:41:16.824,1.7673,1.76768,1.00,1.00
2017.06.16 07:41:18.249,1.7673,1.76767,1.00,1.00
2017.06.16 07:41:19.063,1.76729,1.76767,1.00,1.00
2017.06.16 07:41:19.673,1.76727,1.76767,1.37,1.00
2017.06.16 07:41:19.977,1.76727,1.76767,1.37,1.00
2017.06.16 07:41:20.227,1.76727,1.76768,1.87,1.50
2017.06.16 07:41:20.528,1.76727,1.76766,1.37,1.00
2017.06.16 07:41:21.050,1.76728,1.76767,1.12,1.00
2017.06.16 07:41:21.831,1.76728,1.76767,1.37,1.00
2017.06.16 07:41:24.444,1.76725,1.76766,1.37,1.00
2017.06.16 07:41:24.501,1.76725,1.76766,1.37,1.00
2017.06.16 07:41:26.229,1.76724,1.76766,1.87,1.00
2017.06.16 07:41:26.382,1.76724,1.76764,1.87,1.00
2017.06.16 07:41:26.755,1.76726,1.76764,1.00,1.00
2017.06.16 07:41:27.796,1.76731,1.76764,1.12,1.00
2017.06.16 07:41:27.948,1.76735,1.76777,1.37,1.75
2017.06.16 07:41:29.910,1.76735,1.76775,1.00,1.50
2017.06.16 07:41:30.443,1.76736,1.76774,1.50,1.37
2017.06.16 07:41:30.494,1.76736,1.76774,1.50,1.00
2017.06.16 07:41:30.992,1.76737,1.76776,1.00,1.00
2017.06.16 07:41:32.745,1.76737,1.76777,1.00,1.00
2017.06.16 07:41:33.429,1.76738,1.76778,2.25,1.00
2017.06.16 07:41:33.482,1.7674,1.76778,1.00,1.00
2017.06.16 07:41:34.724,1.76737,1.76778,1.50,1.00
2017.06.16 07:41:34.775,1.76737,1.76776,1.50,1.00
2017.06.16 07:41:36.186,1.76736,1.76776,1.50,1.00
2017.06.16 07:41:36.490,1.76737,1.76774,1.00,1.00
2017.06.16 07:41:37.023,1.76736,1.76774,1.00,1.00
2017.06.16 07:41:37.388,1.76734,1.76772,1.00,1.00
2017.06.16 07:41:37.496,1.76732,1.76772,1.12,1.00
2017.06.16 07:41:37.597,1.76729,1.76768,1.37,1.00
2017.06.16 07:41:37.761,1.76733,1.76774,1.37,1.50
2017.06.16 07:41:37.863,1.76735,1.76776,1.37,1.50
2017.06.16 07:41:37.971,1.76735,1.76776,1.12,1.50
2017.06.16 07:41:38.123,1.76736,1.76773,1.00,1.00
2017.06.16 07:41:38.726,1.76734,1.76773,1.37,1.00
2017.06.16 07:41:39.686,1.76734,1.76775,1.37,1.00
2017.06.16 07:41:41.059,1.76733,1.76775,1.37,1.00
2017.06.16 07:41:41.167,1.76735,1.76777,1.37,1.00
2017.06.16 07:41:41.695,1.76738,1.76777,1.37,1.00
2017.06.16 07:41:41.757,1.76739,1.76779,1.12,1.00
2017.06.16 07:41:42.000,1.76739,1.76768,1.12,1.00
2017.06.16 07:41:44.970,1.76738,1.7677,1.37,1.00
2017.06.16 07:41:45.021,1.76738,1.76768,1.37,1.00
2017.06.16 07:41:45.930,1.76737,1.76768,1.37,1.00
2017.06.16 07:41:47.052,1.76737,1.76766,1.37,1.00
2017.06.16 07:41:47.103,1.76737,1.76768,1.37,1.50
2017.06.16 07:41:47.753,1.76737,1.76767,1.37,1.00
2017.06.16 07:41:48.331,1.76737,1.76767,1.37,1.00
2017.06.16 07:41:48.795,1.76734,1.76766,1.37,1.00
2017.06.16 07:41:49.590,1.76737,1.76766,1.00,1.00
2017.06.16 07:41:53.263,1.76737,1.76767,1.00,1.00
2017.06.16 07:41:53.314,1.76735,1.76765,1.37,1.00
2017.06.16 07:41:54.383,1.76733,1.76764,1.37,1.00
2017.06.16 07:41:54.434,1.76733,1.76762,1.37,1.00
2017.06.16 07:41:55.119,1.76733,1.76762,1.37,1.00
2017.06.16 07:41:57.957,1.76733,1.76764,1.37,1.00
2017.06.16 07:41:58.513,1.76731,1.76763,1.37,1.00
2017.06.16 07:41:59.606,1.76731,1.76763,1.37,1.00
2017.06.16 07:42:00.171,1.76731,1.76763,1.12,1.00
2017.06.16 07:42:00.503,1.76729,1.76762,1.12,1.00
2017.06.16 07:42:00.780,1.76731,1.76764,1.37,1.00
2017.06.16 07:42:01.110,1.76735,1.76766,1.12,1.00
2017.06.16 07:42:01.702,1.76732,1.76765,1.37,1.00
2017.06.16 07:42:02.127,1.76726,1.76758,1.37,1.00
2017.06.16 07:42:02.551,1.76724,1.76755,1.37,1.00
2017.06.16 07:42:02.703,1.76723,1.76757,1.37,1.00
2017.06.16 07:42:02.855,1.76723,1.76758,1.37,1.00
2017.06.16 07:42:03.033,1.76725,1.7676,1.37,1.50
2017.06.16 07:42:03.084,1.76725,1.7676,1.37,1.00
2017.06.16 07:42:03.186,1.76725,1.76761,1.37,1.50
2017.06.16 07:42:03.278,1.76725,1.76758,1.37,1.00
2017.06.16 07:42:03.649,1.76725,1.7676,1.37,1.50
2017.06.16 07:42:03.751,1.76725,1.7676,1.37,1.50
2017.06.16 07:42:03.852,1.76725,1.7676,1.37,1.50
2017.06.16 07:42:03.932,1.76725,1.7676,1.37,1.50
2017.06.16 07:42:04.033,1.76725,1.76759,1.37,1.00
2017.06.16 07:42:04.084,1.76725,1.76759,1.37,1.00
2017.06.16 07:42:04.308,1.76725,1.7676,2.62,1.00
2017.06.16 07:42:04.359,1.76725,1.7676,1.37,1.00
2017.06.16 07:42:04.410,1.76725,1.7676,1.37,1.00
2017.06.16 07:42:04.511,1.76725,1.76764,1.37,1.00
2017.06.16 07:42:04.884,1.76727,1.76768,2.21,1.50
2017.06.16 07:42:04.986,1.76732,1.7677,1.12,1.00
2017.06.16 07:42:05.038,1.76732,1.76767,1.12,1.00
2017.06.16 07:42:05.140,1.76732,1.76769,1.12,1.00
2017.06.16 07:42:05.192,1.76732,1.76764,1.12,1.00
2017.06.16 07:42:05.346,1.7673,1.76764,1.00,1.00
2017.06.16 07:42:05.586,1.76728,1.76763,1.00,1.00
2017.06.16 07:42:05.988,1.76726,1.76762,1.00,1.00
2017.06.16 07:42:06.191,1.76724,1.76762,1.00,1.00
2017.06.16 07:42:06.393,1.76725,1.76764,1.00,1.50
2017.06.16 07:42:06.597,1.76727,1.76766,1.00,1.00
2017.06.16 07:42:06.988,1.76729,1.76767,1.00,1.00
2017.06.16 07:42:07.528,1.76729,1.76765,1.00,1.00
2017.06.16 07:42:08.085,1.76728,1.76764,1.00,1.00
2017.06.16 07:42:08.745,1.76728,1.76765,1.00,1.00
2017.06.16 07:42:09.104,1.76728,1.7676,1.00,1.00
2017.06.16 07:42:09.155,1.76728,1.76762,1.00,1.00
2017.06.16 07:42:09.292,1.76724,1.76762,1.00,1.00
2017.06.16 07:42:09.343,1.76724,1.76764,1.00,1.50
2017.06.16 07:42:09.495,1.76726,1.76764,1.00,1.00
2017.06.16 07:42:10.116,1.76726,1.76766,1.00,1.50
2017.06.16 07:42:10.268,1.76726,1.76764,1.00,1.50
2017.06.16 07:42:10.319,1.76724,1.76764,1.00,1.50
2017.06.16 07:42:11.056,1.76725,1.76764,1.00,1.00
2017.06.16 07:42:11.215,1.76723,1.76764,1.00,1.50
2017.06.16 07:42:11.768,1.76723,1.76765,1.00,1.12
2017.06.16 07:42:12.194,1.76725,1.76765,1.00,1.00
2017.06.16 07:42:12.297,1.76726,1.76767,1.00,1.00
2017.06.16 07:42:12.823,1.76727,1.76769,1.00,1.37
2017.06.16 07:42:13.130,1.76729,1.76771,1.00,1.50
2017.06.16 07:42:15.749,1.76733,1.76771,1.12,1.00
2017.06.16 07:42:15.800,1.76736,1.76776,1.00,1.00
2017.06.16 07:42:15.902,1.7674,1.76782,1.00,1.37
2017.06.16 07:42:16.428,1.76741,1.76781,1.00,1.00
2017.06.16 07:42:16.954,1.7674,1.7678,1.00,1.50
2017.06.16 07:42:17.292,1.7673,1.7677,1.50,1.00
2017.06.16 07:42:19.019,1.76731,1.7677,1.00,1.00
2017.06.16 07:42:19.831,1.7673,1.76769,1.00,1.00
2017.06.16 07:42:19.933,1.76728,1.76768,1.00,1.00
2017.06.16 07:42:20.693,1.76727,1.76768,1.50,1.00
2017.06.16 07:42:20.745,1.76727,1.76766,1.00,1.00
2017.06.16 07:42:21.571,1.76729,1.76766,1.00,1.00
2017.06.16 07:42:21.875,1.76742,1.7678,1.00,1.00
2017.06.16 07:42:21.977,1.76743,1.76782,1.00,1.00
2017.06.16 07:42:22.232,1.76741,1.76782,1.00,1.00
2017.06.16 07:42:22.345,1.76743,1.76785,1.00,1.00
2017.06.16 07:42:22.447,1.76743,1.76782,1.00,1.00
2017.06.16 07:42:22.754,1.76744,1.76786,1.50,1.00
2017.06.16 07:42:22.805,1.76752,1.76786,1.00,1.00
2017.06.16 07:42:22.856,1.76754,1.76796,1.00,1.75
2017.06.16 07:42:22.908,1.76756,1.76796,1.09,1.75
2017.06.16 07:42:23.061,1.76761,1.76803,1.00,1.00
2017.06.16 07:42:23.283,1.76758,1.76798,1.00,1.00
2017.06.16 07:42:23.340,1.76761,1.76802,1.00,1.00
2017.06.16 07:42:23.492,1.76763,1.76802,1.00,1.00
2017.06.16 07:42:23.543,1.76765,1.76807,1.00,1.37
2017.06.16 07:42:23.645,1.76763,1.76807,1.00,1.37
2017.06.16 07:42:23.696,1.76762,1.76807,1.00,1.87
2017.06.16 07:42:23.850,1.7676,1.76803,1.00,1.00
2017.06.16 07:42:23.951,1.76758,1.76799,1.00,1.00
2017.06.16 07:42:24.259,1.76756,1.76794,1.50,1.00
2017.06.16 07:42:24.514,1.76755,1.76797,2.25,1.00
2017.06.16 07:42:24.666,1.76754,1.76795,1.50,1.00
2017.06.16 07:42:24.986,1.76754,1.76793,1.00,1.00
2017.06.16 07:42:25.377,1.76758,1.76793,1.00,1.00
2017.06.16 07:42:25.544,1.76757,1.76797,1.00,1.00
2017.06.16 07:42:25.645,1.76757,1.768,1.50,1.00
2017.06.16 07:42:25.747,1.76759,1.768,1.00,1.00
2017.06.16 07:42:25.798,1.76757,1.768,1.50,1.00
2017.06.16 07:42:26.334,1.76758,1.768,1.00,1.00
2017.06.16 07:42:26.438,1.76758,1.76798,1.00,1.00
2017.06.16 07:42:26.740,1.76761,1.76799,1.00,1.00
2017.06.16 07:42:27.322,1.76762,1.76799,1.00,1.00
2017.06.16 07:42:27.889,1.76762,1.768,1.00,1.00
2017.06.16 07:42:28.585,1.76761,1.768,1.00,1.00
2017.06.16 07:42:28.930,1.76763,1.76801,1.00,1.00
2017.06.16 07:42:29.031,1.76761,1.76801,1.50,1.00
2017.06.16 07:42:29.184,1.76758,1.76797,1.00,1.00
2017.06.16 07:42:29.488,1.76755,1.76795,1.00,1.00
2017.06.16 07:42:29.770,1.76755,1.76797,1.00,1.00
2017.06.16 07:42:29.928,1.76755,1.76793,1.00,1.00
2017.06.16 07:42:30.194,1.76754,1.76795,1.00,2.25
2017.06.16 07:42:30.602,1.76754,1.76792,1.00,1.00
2017.06.16 07:42:31.284,1.76753,1.76793,1.00,2.25
2017.06.16 07:42:31.889,1.76753,1.76791,1.00,1.00
2017.06.16 07:42:31.990,1.76754,1.76793,1.00,1.50
2017.06.16 07:42:32.880,1.76754,1.76795,1.00,2.25
2017.06.16 07:42:33.084,1.76756,1.76795,1.00,1.00
2017.06.16 07:42:34.148,1.76757,1.76795,1.00,1.00
2017.06.16 07:42:34.555,1.76759,1.76797,1.00,1.00
2017.06.16 07:42:35.286,1.76761,1.76797,1.00,1.00
2017.06.16 07:42:35.388,1.76762,1.76799,1.00,1.00
2017.06.16 07:42:35.439,1.7676,1.76799,1.00,1.00
2017.06.16 07:42:35.490,1.7676,1.76802,1.00,1.00
2017.06.16 07:42:35.592,1.7676,1.76799,1.00,1.00
2017.06.16 07:42:35.956,1.76757,1.76798,1.00,1.00
2017.06.16 07:42:36.058,1.76756,1.76796,1.50,1.00
2017.06.16 07:42:36.376,1.76755,1.76794,1.50,1.00
2017.06.16 07:42:36.852,1.76753,1.76794,1.00,1.00
2017.06.16 07:42:37.196,1.76755,1.76794,1.00,1.00
2017.06.16 07:42:37.352,1.76753,1.76794,1.00,1.00
2017.06.16 07:42:38.373,1.76752,1.76794,1.50,1.00
2017.06.16 07:42:38.475,1.76752,1.76792,1.00,1.00
2017.06.16 07:42:39.009,1.76751,1.76792,1.00,1.00
2017.06.16 07:42:39.659,1.7675,1.76792,1.00,1.00
2017.06.16 07:42:42.477,1.76751,1.76791,1.00,1.00
2017.06.16 07:42:45.308,1.76753,1.76794,1.50,1.00
2017.06.16 07:42:45.359,1.76756,1.76794,1.00,1.00
2017.06.16 07:42:45.410,1.76756,1.76796,1.00,1.00
2017.06.16 07:42:46.066,1.76756,1.76795,1.00,1.00
2017.06.16 07:42:47.133,1.76755,1.76795,1.50,1.00
2017.06.16 07:42:48.967,1.76753,1.76795,1.00,1.00
2017.06.16 07:42:49.490,1.76756,1.76796,1.00,1.00
2017.06.16 07:42:50.136,1.76756,1.76794,1.00,1.00
2017.06.16 07:42:50.395,1.76756,1.76796,1.00,1.50
2017.06.16 07:42:50.990,1.76756,1.76794,1.00,1.00
2017.06.16 07:42:52.726,1.76756,1.76796,1.00,1.50
2017.06.16 07:42:52.980,1.76758,1.76798,1.00,1.50
2017.06.16 07:42:53.284,1.7676,1.768,1.00,1.00
2017.06.16 07:42:54.674,1.76761,1.768,1.00,1.00
2017.06.16 07:42:55.021,1.76761,1.76803,1.00,1.50
2017.06.16 07:42:55.302,1.76763,1.76803,1.00,1.50
2017.06.16 07:42:59.634,1.76763,1.76801,1.00,1.00
2017.06.16 07:42:59.685,1.76761,1.76801,1.00,1.00
2017.06.16 07:42:59.786,1.76761,1.76799,1.00,1.50
2017.06.16 07:43:02.969,1.76761,1.76798,1.00,1.00
2017.06.16 07:43:03.284,1.76757,1.76795,1.00,1.00
2017.06.16 07:43:03.821,1.76757,1.76794,1.00,1.00
2017.06.16 07:43:04.311,1.76757,1.76796,1.00,1.50
2017.06.16 07:43:04.362,1.76759,1.76797,1.00,1.00
2017.06.16 07:43:04.686,1.76763,1.76803,1.00,1.00
2017.06.16 07:43:05.116,1.76763,1.76793,1.00,1.00
2017.06.16 07:43:05.217,1.76755,1.7679,1.00,1.00
2017.06.16 07:43:05.268,1.76754,1.76788,1.00,1.00
2017.06.16 07:43:05.319,1.76751,1.76786,1.12,1.00
2017.06.16 07:43:05.832,1.76747,1.76786,1.00,1.00
2017.06.16 07:43:06.489,1.76749,1.76786,1.00,1.00
2017.06.16 07:43:06.927,1.76746,1.76788,1.00,1.50
2017.06.16 07:43:07.029,1.76747,1.76786,1.00,1.00
2017.06.16 07:43:07.559,1.76747,1.76787,1.00,1.50
2017.06.16 07:43:08.108,1.76746,1.76787,1.00,1.00
2017.06.16 07:43:08.442,1.76754,1.76794,1.34,1.00
2017.06.16 07:43:08.779,1.76761,1.76798,1.00,1.00
2017.06.16 07:43:08.830,1.76757,1.76797,1.00,1.50
2017.06.16 07:43:08.931,1.76756,1.76795,1.00,1.50
2017.06.16 07:43:09.286,1.76757,1.76797,1.00,1.00
2017.06.16 07:43:10.236,1.76757,1.76795,1.00,1.00
2017.06.16 07:43:10.439,1.76751,1.7679,1.50,1.00
2017.06.16 07:43:11.255,1.76751,1.76787,1.00,1.00
2017.06.16 07:43:11.306,1.76747,1.76786,1.00,1.00
2017.06.16 07:43:11.459,1.76746,1.76788,1.50,1.00
2017.06.16 07:43:11.714,1.76746,1.76786,1.00,1.00
2017.06.16 07:43:12.255,1.76747,1.76786,1.00,1.00
2017.06.16 07:43:12.784,1.76747,1.76787,1.00,1.50
2017.06.16 07:43:13.339,1.76748,1.76787,1.00,1.00
2017.06.16 07:43:14.929,1.76746,1.76787,1.50,1.00
2017.06.16 07:43:15.483,1.76747,1.76786,1.00,1.00
2017.06.16 07:43:16.359,1.76747,1.76785,1.00,1.50
2017.06.16 07:43:16.968,1.76748,1.76785,1.00,1.00
2017.06.16 07:43:18.005,1.76747,1.76784,1.00,1.00
2017.06.16 07:43:18.055,1.76746,1.76782,1.00,1.00
2017.06.16 07:43:18.208,1.76743,1.76781,1.00,1.00
2017.06.16 07:43:18.751,1.76744,1.76782,1.00,1.00
2017.06.16 07:43:19.324,1.76744,1.76784,1.00,1.00
2017.06.16 07:43:19.425,1.76746,1.76784,1.00,1.00
2017.06.16 07:43:19.974,1.76747,1.76784,1.00,1.00
2017.06.16 07:43:20.330,1.76747,1.76782,1.00,1.00
2017.06.16 07:43:20.406,1.76742,1.76782,1.00,1.00
2017.06.16 07:43:20.534,1.76742,1.76784,1.00,1.50
2017.06.16 07:43:20.707,1.76745,1.76784,1.00,1.50
2017.06.16 07:43:21.641,1.76744,1.76784,1.00,1.00
2017.06.16 07:43:21.959,1.76746,1.76784,1.00,1.00
2017.06.16 07:43:22.213,1.76742,1.76784,1.00,1.00
2017.06.16 07:43:22.793,1.76742,1.76784,1.34,1.00
2017.06.16 07:43:23.239,1.76746,1.76786,1.00,1.00
2017.06.16 07:43:25.689,1.76746,1.76785,1.00,1.00
2017.06.16 07:43:26.013,1.76745,1.76783,1.00,1.00
2017.06.16 07:43:26.333,1.76741,1.7678,1.00,1.00
2017.06.16 07:43:26.434,1.76739,1.76781,1.00,1.50
2017.06.16 07:43:26.978,1.76739,1.7678,1.00,1.00
2017.06.16 07:43:27.585,1.76739,1.76779,1.00,1.00
2017.06.16 07:43:28.110,1.76739,1.76778,1.00,1.00
2017.06.16 07:43:28.246,1.7674,1.7678,1.00,1.00
2017.06.16 07:43:28.306,1.76742,1.76782,1.00,1.00
2017.06.16 07:43:28.849,1.76742,1.76781,1.00,1.00
2017.06.16 07:43:29.177,1.76744,1.76783,1.00,1.00
2017.06.16 07:43:29.563,1.76747,1.76786,1.00,1.00
2017.06.16 07:43:33.847,1.76749,1.76786,1.00,1.00
2017.06.16 07:43:33.923,1.76749,1.76788,1.00,1.00
2017.06.16 07:43:34.024,1.76752,1.76789,1.00,1.00
2017.06.16 07:43:34.126,1.76747,1.76789,1.00,1.00
2017.06.16 07:43:34.228,1.76747,1.76786,1.00,1.00
2017.06.16 07:43:34.576,1.76742,1.76778,1.00,1.00
2017.06.16 07:43:35.125,1.76741,1.76779,1.00,1.00
2017.06.16 07:43:35.783,1.7674,1.76779,1.00,1.00
2017.06.16 07:43:36.332,1.7674,1.7678,1.00,1.00
2017.06.16 07:43:36.664,1.76751,1.7679,1.00,1.00
2017.06.16 07:43:37.071,1.76755,1.76795,1.00,1.00
2017.06.16 07:43:37.933,1.76753,1.76793,1.50,1.00
2017.06.16 07:43:38.237,1.7675,1.7679,1.00,1.00
2017.06.16 07:43:38.777,1.76749,1.76789,1.00,1.00
2017.06.16 07:43:39.712,1.76747,1.76789,1.50,1.00
2017.06.16 07:43:39.865,1.76747,1.76786,1.50,1.00
2017.06.16 07:43:39.967,1.76745,1.76786,1.00,1.00
2017.06.16 07:43:40.206,1.76745,1.76784,1.00,1.00
2017.06.16 07:43:40.618,1.76744,1.76782,1.00,1.00
2017.06.16 07:43:41.263,1.76745,1.76783,1.00,1.00
2017.06.16 07:43:41.733,1.76745,1.76786,1.00,1.00
2017.06.16 07:43:42.043,1.76746,1.76784,1.00,1.00
2017.06.16 07:43:42.372,1.76749,1.76787,1.00,1.00
2017.06.16 07:43:43.379,1.76749,1.76788,1.00,1.00
2017.06.16 07:43:43.636,1.7675,1.76791,1.00,1.00
2017.06.16 07:43:44.380,1.76752,1.76791,1.00,1.00
2017.06.16 07:43:45.678,1.76753,1.76791,1.00,1.00
2017.06.16 07:43:46.223,1.76752,1.76791,1.00,1.00
2017.06.16 07:43:46.933,1.76753,1.76791,1.00,1.00
2017.06.16 07:43:51.060,1.76752,1.76791,1.00,1.00
2017.06.16 07:43:52.173,1.7675,1.76789,1.00,1.00
2017.06.16 07:43:52.588,1.76751,1.76792,1.00,1.00
2017.06.16 07:43:52.797,1.76749,1.76789,1.50,1.00
2017.06.16 07:43:53.305,1.76749,1.7679,1.00,1.00
2017.06.16 07:43:57.153,1.76749,1.76792,1.00,1.00
2017.06.16 07:43:58.412,1.7675,1.76792,1.00,1.00
2017.06.16 07:43:58.463,1.7675,1.76789,1.00,1.00
2017.06.16 07:43:58.780,1.76752,1.76792,1.00,1.00
2017.06.16 07:43:59.123,1.76752,1.76792,1.84,1.00
2017.06.16 07:43:59.428,1.76796,1.76829,1.34,1.00
2017.06.16 07:43:59.480,1.76797,1.76838,1.84,1.37
2017.06.16 07:43:59.531,1.76803,1.76838,1.37,1.00
2017.06.16 07:43:59.667,1.76805,1.76842,1.37,1.00
2017.06.16 07:43:59.718,1.76805,1.76845,1.00,1.00
2017.06.16 07:43:59.769,1.76801,1.76839,1.00,1.00
2017.06.16 07:43:59.871,1.76796,1.76838,1.12,1.00
2017.06.16 07:44:00.025,1.76796,1.76836,1.00,1.00
2017.06.16 07:44:00.228,1.76794,1.76836,1.12,1.00
2017.06.16 07:44:00.393,1.76797,1.76836,1.00,1.00
2017.06.16 07:44:00.596,1.76798,1.7684,1.00,1.00
2017.06.16 07:44:00.757,1.768,1.76842,1.00,1.00
2017.06.16 07:44:01.370,1.76801,1.76843,1.00,1.50
2017.06.16 07:44:02.027,1.768,1.76842,1.00,1.00
2017.06.16 07:44:02.419,1.76797,1.76839,1.00,1.00
2017.06.16 07:44:02.728,1.76787,1.76829,1.00,1.00
2017.06.16 07:44:03.514,1.76791,1.76833,1.00,1.50
2017.06.16 07:44:03.893,1.76794,1.76835,1.00,1.50
2017.06.16 07:44:04.310,1.76792,1.76832,1.00,1.00
2017.06.16 07:44:04.958,1.76791,1.76833,1.00,1.00
2017.06.16 07:44:05.365,1.76793,1.76835,1.00,1.00
2017.06.16 07:44:05.691,1.76803,1.76844,1.00,1.50
2017.06.16 07:44:05.895,1.76801,1.76843,1.00,1.00
2017.06.16 07:44:06.099,1.768,1.76846,1.00,1.50
2017.06.16 07:44:06.209,1.768,1.76848,1.12,1.50
2017.06.16 07:44:06.807,1.76799,1.76847,1.12,1.00
2017.06.16 07:44:08.288,1.76799,1.76844,1.12,1.00
2017.06.16 07:44:08.897,1.76801,1.76843,1.00,1.00
2017.06.16 07:44:09.558,1.76802,1.76843,1.00,1.00
2017.06.16 07:44:09.884,1.76799,1.76844,1.12,1.00
2017.06.16 07:44:10.271,1.76802,1.76845,1.00,1.00
2017.06.16 07:44:10.474,1.76799,1.76844,1.00,1.00
2017.06.16 07:44:10.677,1.76801,1.76844,1.00,1.00
2017.06.16 07:44:10.986,1.7681,1.76848,1.00,1.00
2017.06.16 07:44:11.410,1.7681,1.7685,1.00,1.00
2017.06.16 07:44:11.461,1.7681,1.76852,1.00,1.00
2017.06.16 07:44:11.512,1.76814,1.76854,1.00,1.00
2017.06.16 07:44:11.851,1.76815,1.76852,1.00,1.00
2017.06.16 07:44:12.210,1.76813,1.76851,1.00,1.00
2017.06.16 07:44:12.363,1.76812,1.76849,1.00,1.00
2017.06.16 07:44:12.464,1.76812,1.76851,1.00,1.00
2017.06.16 07:44:12.718,1.76815,1.76852,1.00,1.00
2017.06.16 07:44:13.405,1.76814,1.76852,1.00,1.00
2017.06.16 07:44:13.507,1.76809,1.7685,1.00,1.00
2017.06.16 07:44:13.558,1.76809,1.76846,1.00,1.00
2017.06.16 07:44:13.610,1.76806,1.76845,1.00,1.00
2017.06.16 07:44:13.712,1.76804,1.76845,1.00,1.00
2017.06.16 07:44:14.228,1.76803,1.76845,1.00,1.00
2017.06.16 07:44:14.330,1.76803,1.76843,1.00,1.00
2017.06.16 07:44:14.870,1.76802,1.76842,1.00,1.00
2017.06.16 07:44:15.390,1.76806,1.76844,1.00,1.00
2017.06.16 07:44:15.700,1.76803,1.76842,1.00,1.00
2017.06.16 07:44:16.081,1.76805,1.76842,1.00,1.00
2017.06.16 07:44:16.306,1.76803,1.76841,1.00,1.00
2017.06.16 07:44:16.561,1.76802,1.76833,1.00,1.00
2017.06.16 07:44:16.613,1.76795,1.7683,1.00,1.00
2017.06.16 07:44:16.664,1.76791,1.76828,1.12,1.00
2017.06.16 07:44:16.715,1.76787,1.76828,1.37,1.00
2017.06.16 07:44:16.817,1.76787,1.76825,1.00,1.00
2017.06.16 07:44:17.155,1.76794,1.76828,1.00,1.00
2017.06.16 07:44:17.664,1.76795,1.76828,1.00,1.00
2017.06.16 07:44:17.714,1.76795,1.7683,1.00,1.00
2017.06.16 07:44:18.393,1.76798,1.7683,1.00,1.00
2017.06.16 07:44:18.596,1.76798,1.76832,1.00,1.00
2017.06.16 07:44:18.913,1.76796,1.7683,1.00,1.00
2017.06.16 07:44:19.385,1.76796,1.76832,1.00,1.00
2017.06.16 07:44:19.915,1.76803,1.76832,1.00,1.00
2017.06.16 07:44:20.016,1.76809,1.76842,1.00,1.12
2017.06.16 07:44:20.118,1.76809,1.76844,1.00,1.00
2017.06.16 07:44:20.367,1.76811,1.76843,1.00,1.00
2017.06.16 07:44:20.476,1.76809,1.76843,1.50,1.00
2017.06.16 07:44:22.389,1.76809,1.76844,1.00,1.00
2017.06.16 07:44:24.355,1.76808,1.76844,1.50,1.00
2017.06.16 07:44:24.406,1.76807,1.76842,1.00,1.00
2017.06.16 07:44:24.659,1.76801,1.76842,1.00,1.00
2017.06.16 07:44:24.710,1.76798,1.76835,1.50,1.00
2017.06.16 07:44:25.180,1.76801,1.76836,1.00,1.00
2017.06.16 07:44:25.891,1.768,1.76836,1.00,1.00
2017.06.16 07:44:26.195,1.76797,1.76834,1.50,1.00
2017.06.16 07:44:26.296,1.76796,1.76831,1.00,1.00
2017.06.16 07:44:26.601,1.76808,1.76846,1.00,1.50
2017.06.16 07:44:26.905,1.76807,1.76843,1.00,1.00
2017.06.16 07:44:27.151,1.76805,1.76843,1.00,1.00
2017.06.16 07:44:27.202,1.76801,1.76835,1.00,1.00
2017.06.16 07:44:27.515,1.76812,1.76842,1.00,1.00
2017.06.16 07:44:27.617,1.76814,1.76846,1.00,1.50
2017.06.16 07:44:27.719,1.76815,1.7685,1.00,1.00
2017.06.16 07:44:28.617,1.76815,1.76849,1.00,1.00
2017.06.16 07:44:29.298,1.76815,1.76851,1.00,1.00
2017.06.16 07:44:30.303,1.76814,1.76849,1.00,1.00
2017.06.16 07:44:31.618,1.76814,1.76848,1.00,1.00
2017.06.16 07:44:33.339,1.76815,1.76852,1.00,1.00
2017.06.16 07:44:33.441,1.76817,1.76852,1.00,1.00
2017.06.16 07:44:33.745,1.76829,1.76862,1.00,1.00
2017.06.16 07:44:33.922,1.76829,1.76868,1.00,1.50
2017.06.16 07:44:34.815,1.76831,1.76868,1.00,1.50
2017.06.16 07:44:36.504,1.76829,1.76868,1.00,1.00
2017.06.16 07:44:37.924,1.76829,1.76867,1.00,1.00
2017.06.16 07:44:38.464,1.76828,1.76867,1.00,1.00
2017.06.16 07:44:38.822,1.76827,1.76865,1.00,1.00
2017.06.16 07:44:39.147,1.7683,1.76865,1.00,1.00
2017.06.16 07:44:39.651,1.76829,1.76865,1.00,1.00
2017.06.16 07:44:40.192,1.76828,1.76865,1.00,1.00
2017.06.16 07:44:41.125,1.76826,1.76865,1.00,1.00
2017.06.16 07:44:41.176,1.76823,1.76865,1.50,1.00
2017.06.16 07:44:42.744,1.76827,1.76866,1.00,1.12
2017.06.16 07:44:45.143,1.76827,1.76868,1.00,1.50
2017.06.16 07:44:49.225,1.76829,1.76868,1.00,1.00
2017.06.16 07:44:49.994,1.76829,1.76869,1.00,2.25
2017.06.16 07:44:52.424,1.76829,1.76868,1.00,1.00
2017.06.16 07:44:52.475,1.76826,1.76867,1.00,1.00
2017.06.16 07:44:52.578,1.76825,1.76865,1.00,1.00
2017.06.16 07:44:53.450,1.76826,1.76867,1.00,1.00
2017.06.16 07:44:56.174,1.76824,1.76866,1.00,1.00
2017.06.16 07:44:56.276,1.76824,1.76864,1.00,1.00
2017.06.16 07:44:58.248,1.76825,1.76864,1.00,1.00
2017.06.16 07:44:58.350,1.76832,1.76872,1.00,1.00
2017.06.16 07:44:58.401,1.76834,1.76872,1.00,1.00
2017.06.16 07:44:58.452,1.76839,1.76878,1.00,1.00
2017.06.16 07:44:59.974,1.7684,1.7688,1.00,1.00
2017.06.16 07:45:01.542,1.76838,1.76879,1.00,1.00
2017.06.16 07:45:03.164,1.76836,1.76876,1.00,1.00
2017.06.16 07:45:03.485,1.76829,1.76871,1.50,1.12
2017.06.16 07:45:03.587,1.76825,1.76865,1.00,1.00
2017.06.16 07:45:03.689,1.76826,1.76867,1.00,1.00
2017.06.16 07:45:03.964,1.76825,1.76865,1.00,1.00
2017.06.16 07:45:04.299,1.76827,1.76866,1.00,1.00
2017.06.16 07:45:06.768,1.76827,1.76865,1.00,1.50
2017.06.16 07:45:06.870,1.76824,1.76864,1.00,1.50
2017.06.16 07:45:06.921,1.76824,1.76864,1.00,1.37
2017.06.16 07:45:06.972,1.76817,1.76859,1.00,1.00
2017.06.16 07:45:07.023,1.76817,1.76859,1.37,1.00
2017.06.16 07:45:07.125,1.7682,1.76861,1.00,1.00
2017.06.16 07:45:07.176,1.76824,1.76861,1.00,1.00
2017.06.16 07:45:07.227,1.76824,1.76863,1.00,1.00
2017.06.16 07:45:07.490,1.76827,1.76863,1.00,1.00
2017.06.16 07:45:07.845,1.76825,1.76863,1.00,1.00
2017.06.16 07:45:08.759,1.76825,1.76862,1.00,1.00
2017.06.16 07:45:10.109,1.76825,1.76861,1.00,1.00
2017.06.16 07:45:10.313,1.76822,1.76858,1.00,1.00
2017.06.16 07:45:10.364,1.76821,1.7686,1.00,1.00
2017.06.16 07:45:10.923,1.76822,1.76861,1.00,1.00
2017.06.16 07:45:11.191,1.76822,1.76859,1.00,1.00
2017.06.16 07:45:11.295,1.7682,1.76859,1.00,1.00
2017.06.16 07:45:11.397,1.7682,1.76856,1.00,1.00
2017.06.16 07:45:11.499,1.76815,1.76853,1.00,1.00
2017.06.16 07:45:11.551,1.76812,1.7685,1.12,1.00
2017.06.16 07:45:11.601,1.76812,1.76852,1.00,1.50
2017.06.16 07:45:11.653,1.76817,1.76853,1.00,1.00
2017.06.16 07:45:12.413,1.76817,1.76854,1.00,1.00
2017.06.16 07:45:12.566,1.76815,1.76854,1.00,1.00
2017.06.16 07:45:13.007,1.76816,1.76851,1.00,1.00
2017.06.16 07:45:13.058,1.76812,1.76852,1.00,1.00
2017.06.16 07:45:13.339,1.76813,1.76855,1.00,1.50
2017.06.16 07:45:13.390,1.76815,1.76855,1.00,1.00
2017.06.16 07:45:13.841,1.76815,1.76853,1.00,1.00
2017.06.16 07:45:15.368,1.76816,1.76853,1.00,1.00
2017.06.16 07:45:15.870,1.76813,1.76852,1.00,1.00
2017.06.16 07:45:15.921,1.76813,1.76845,1.00,1.00
2017.06.16 07:45:16.023,1.76813,1.76847,1.00,1.00
2017.06.16 07:45:16.074,1.76806,1.76847,1.00,1.00
2017.06.16 07:45:16.278,1.76811,1.76848,1.00,1.00
2017.06.16 07:45:16.385,1.76811,1.7685,1.00,1.00
2017.06.16 07:45:16.487,1.76811,1.76848,1.00,1.00
2017.06.16 07:45:16.538,1.76811,1.7685,1.00,1.00
2017.06.16 07:45:16.736,1.76812,1.76853,1.00,1.00
2017.06.16 07:45:17.322,1.76812,1.76852,1.00,1.00
2017.06.16 07:45:17.757,1.76814,1.76852,1.00,1.00
2017.06.16 07:45:18.328,1.76814,1.76851,1.00,1.00
2017.06.16 07:45:18.897,1.76813,1.76851,1.00,1.00
2017.06.16 07:45:18.948,1.76814,1.76853,1.00,1.00
2017.06.16 07:45:18.999,1.76816,1.76853,1.00,1.00
2017.06.16 07:45:19.101,1.7682,1.76859,1.00,1.00
2017.06.16 07:45:19.203,1.76824,1.76864,1.00,1.00
2017.06.16 07:45:19.254,1.76824,1.76862,1.00,1.00
2017.06.16 07:45:19.988,1.76824,1.76861,1.00,1.00
2017.06.16 07:45:20.369,1.76819,1.76858,1.00,1.00
2017.06.16 07:45:20.420,1.76819,1.76855,1.00,1.00
2017.06.16 07:45:20.471,1.76816,1.76855,1.00,1.00
2017.06.16 07:45:20.983,1.76816,1.76854,1.00,1.00
2017.06.16 07:45:21.206,1.76813,1.76853,1.00,1.00
2017.06.16 07:45:21.668,1.76813,1.76844,1.00,1.00
2017.06.16 07:45:21.719,1.76813,1.76848,1.00,1.00
2017.06.16 07:45:21.770,1.76806,1.76846,1.00,1.00
2017.06.16 07:45:21.871,1.76807,1.76848,1.00,1.00
2017.06.16 07:45:21.973,1.76811,1.76852,1.00,1.00
2017.06.16 07:45:22.681,1.76812,1.76853,1.00,1.00
2017.06.16 07:45:24.204,1.76813,1.76853,1.00,1.00
2017.06.16 07:45:24.363,1.76813,1.76855,1.00,1.50
2017.06.16 07:45:24.973,1.76816,1.76855,1.00,1.00
2017.06.16 07:45:26.358,1.76816,1.76845,1.00,1.00
2017.06.16 07:45:26.409,1.76813,1.7685,1.00,1.00
2017.06.16 07:45:26.461,1.76813,1.76847,1.00,1.00
2017.06.16 07:45:26.512,1.76808,1.76845,1.00,1.00
2017.06.16 07:45:26.563,1.76808,1.76847,1.00,1.00
2017.06.16 07:45:26.718,1.76808,1.7685,1.00,1.00
2017.06.16 07:45:26.871,1.76813,1.76853,1.00,1.00
2017.06.16 07:45:27.175,1.76815,1.76853,1.00,1.00
2017.06.16 07:45:27.601,1.76822,1.76859,1.00,1.00
2017.06.16 07:45:27.905,1.76827,1.76863,1.00,1.00
2017.06.16 07:45:28.057,1.76827,1.76866,1.00,1.00
2017.06.16 07:45:28.372,1.7683,1.76867,1.00,1.00
2017.06.16 07:45:28.890,1.76829,1.76866,1.00,1.00
2017.06.16 07:45:30.324,1.76829,1.76869,1.00,1.00
2017.06.16 07:45:30.950,1.7683,1.7687,1.00,1.00
2017.06.16 07:45:31.374,1.76828,1.7687,1.00,1.00
2017.06.16 07:45:31.554,1.76828,1.76868,1.00,1.00
2017.06.16 07:45:32.390,1.76828,1.7687,1.00,1.00
2017.06.16 07:45:32.592,1.76831,1.76871,1.00,1.00
2017.06.16 07:45:32.931,1.76831,1.76873,1.00,1.50
2017.06.16 07:45:32.982,1.76829,1.76869,1.00,1.00
2017.06.16 07:45:33.185,1.76839,1.76881,1.00,1.00
2017.06.16 07:45:33.388,1.76836,1.76874,1.00,1.00
2017.06.16 07:45:33.490,1.76829,1.76869,1.00,1.50
2017.06.16 07:45:33.693,1.76827,1.76868,1.00,1.00
2017.06.16 07:45:33.899,1.76826,1.76866,1.00,1.00
2017.06.16 07:45:35.527,1.76828,1.76867,1.00,1.00
2017.06.16 07:45:35.681,1.76825,1.76867,1.00,1.00
2017.06.16 07:45:36.188,1.76824,1.76866,1.00,1.50
2017.06.16 07:45:36.340,1.76824,1.76864,1.00,1.00
2017.06.16 07:45:37.024,1.76824,1.76863,1.00,1.00
2017.06.16 07:45:37.784,1.76825,1.76866,1.00,1.00
2017.06.16 07:45:38.393,1.76827,1.76866,1.00,1.00
2017.06.16 07:45:39.048,1.76827,1.76867,1.00,1.00
2017.06.16 07:45:39.150,1.76827,1.76869,1.00,1.00
2017.06.16 07:45:39.201,1.76831,1.7687,1.00,1.00
2017.06.16 07:45:39.903,1.76831,1.76869,1.00,1.00
2017.06.16 07:45:42.323,1.76831,1.76871,1.00,1.87
2017.06.16 07:45:42.374,1.76831,1.76868,1.00,1.00
2017.06.16 07:45:43.037,1.76834,1.76869,1.00,1.00
2017.06.16 07:45:43.089,1.76834,1.76873,1.00,2.25
2017.06.16 07:45:43.495,1.76838,1.76873,1.00,1.00
2017.06.16 07:45:43.647,1.76844,1.76882,1.00,1.37
2017.06.16 07:45:43.698,1.76842,1.76882,1.00,1.00
2017.06.16 07:45:43.891,1.76844,1.76882,1.00,1.00
2017.06.16 07:45:44.333,1.76846,1.76883,1.00,1.00
2017.06.16 07:45:44.492,1.76844,1.76883,1.00,1.00
2017.06.16 07:45:45.563,1.76844,1.76884,1.00,1.50
2017.06.16 07:45:46.765,1.76844,1.76879,1.00,1.00
2017.06.16 07:45:47.095,1.76839,1.76874,1.00,1.00
2017.06.16 07:45:47.495,1.76835,1.76872,1.00,1.00
2017.06.16 07:45:48.223,1.76835,1.7687,1.00,1.00
2017.06.16 07:45:48.325,1.76829,1.76868,1.00,1.00
2017.06.16 07:45:48.781,1.7683,1.76865,1.00,1.00
2017.06.16 07:45:48.832,1.76828,1.76865,1.00,1.00
2017.06.16 07:45:49.003,1.76826,1.76865,1.00,1.00
2017.06.16 07:45:49.105,1.76823,1.76864,1.00,1.50
2017.06.16 07:45:49.207,1.76823,1.76862,1.00,1.00
2017.06.16 07:45:49.859,1.76823,1.76863,1.00,1.00
2017.06.16 07:45:50.299,1.7682,1.76862,1.00,1.00
2017.06.16 07:45:51.421,1.7682,1.76861,1.00,1.00
2017.06.16 07:45:53.268,1.7682,1.7686,1.00,1.00
2017.06.16 07:45:53.370,1.7682,1.76858,1.00,1.00
2017.06.16 07:45:53.523,1.76818,1.76858,1.00,1.00
2017.06.16 07:45:54.312,1.76818,1.76857,1.00,1.00
2017.06.16 07:45:54.363,1.76818,1.76855,1.00,1.00
2017.06.16 07:45:54.769,1.76818,1.76857,1.00,1.00
2017.06.16 07:45:54.820,1.76818,1.76855,1.00,1.00
2017.06.16 07:45:55.085,1.76815,1.76856,1.00,1.00
2017.06.16 07:45:56.069,1.76815,1.76854,1.00,1.00
2017.06.16 07:45:56.578,1.76815,1.76856,1.00,1.00
2017.06.16 07:45:56.977,1.76817,1.76856,1.00,1.00
2017.06.16 07:45:58.739,1.76817,1.76858,1.00,1.00
2017.06.16 07:45:59.419,1.76818,1.76859,1.00,1.00
2017.06.16 07:46:00.332,1.76816,1.76859,1.00,1.00
2017.06.16 07:46:00.383,1.76816,1.76856,1.00,1.00
2017.06.16 07:46:00.434,1.76814,1.76856,1.00,1.00
2017.06.16 07:46:00.535,1.76814,1.76853,1.00,1.00
2017.06.16 07:46:00.640,1.76814,1.76855,1.00,1.00
2017.06.16 07:46:00.742,1.76812,1.76855,1.00,1.00
2017.06.16 07:46:00.793,1.76812,1.76857,1.46,1.50
2017.06.16 07:46:00.844,1.76817,1.76859,1.00,1.00
2017.06.16 07:46:00.896,1.76817,1.76861,1.00,1.00
2017.06.16 07:46:01.171,1.76821,1.76861,1.00,1.00
2017.06.16 07:46:02.250,1.76821,1.76862,1.00,1.00
2017.06.16 07:46:04.419,1.76821,1.76863,1.00,1.50
2017.06.16 07:46:04.822,1.76821,1.76861,1.00,1.00
2017.06.16 07:46:06.739,1.76818,1.76861,1.00,1.00
2017.06.16 07:46:07.440,1.76822,1.76861,1.00,1.00
2017.06.16 07:46:10.078,1.76822,1.76862,1.00,1.00
2017.06.16 07:46:10.646,1.76824,1.76863,1.00,1.50
2017.06.16 07:46:11.912,1.76824,1.76866,1.00,1.50
2017.06.16 07:46:12.064,1.76827,1.76868,1.00,1.50
2017.06.16 07:46:12.579,1.76831,1.76875,1.37,1.00
2017.06.16 07:46:12.682,1.76835,1.76876,1.00,1.00
2017.06.16 07:46:13.006,1.76839,1.76875,1.00,1.00
2017.06.16 07:46:13.208,1.76839,1.76877,1.00,1.00
2017.06.16 07:46:13.731,1.7684,1.76877,1.00,1.00
2017.06.16 07:46:14.035,1.7684,1.76879,1.00,1.00
2017.06.16 07:46:14.086,1.7684,1.7687,1.00,1.00
2017.06.16 07:46:14.188,1.7683,1.76867,1.00,1.00
2017.06.16 07:46:14.310,1.76828,1.76867,1.00,1.00
2017.06.16 07:46:14.361,1.76828,1.76869,1.00,1.00
2017.06.16 07:46:14.974,1.76828,1.76868,1.00,1.00
2017.06.16 07:46:15.678,1.76827,1.76868,1.00,1.00
2017.06.16 07:46:15.731,1.76827,1.76865,1.00,1.00
2017.06.16 07:46:15.782,1.76823,1.76863,1.00,1.00
2017.06.16 07:46:16.327,1.76823,1.76859,1.00,1.00
2017.06.16 07:46:16.378,1.76818,1.76857,1.50,1.00
2017.06.16 07:46:16.430,1.76818,1.76855,1.00,1.00
2017.06.16 07:46:16.583,1.76815,1.76855,1.00,1.00
2017.06.16 07:46:17.202,1.76813,1.76855,1.00,1.00
2017.06.16 07:46:17.854,1.76815,1.76855,1.00,1.00
2017.06.16 07:46:18.440,1.76815,1.76852,1.00,1.00
2017.06.16 07:46:18.555,1.76813,1.76852,1.00,1.00
2017.06.16 07:46:18.606,1.76813,1.76854,1.00,1.50
2017.06.16 07:46:19.288,1.76813,1.76853,1.00,1.00
2017.06.16 07:46:19.822,1.76812,1.76853,1.00,1.00
2017.06.16 07:46:20.177,1.76812,1.76855,1.00,1.00
2017.06.16 07:46:20.228,1.76812,1.76856,1.87,1.00
2017.06.16 07:46:20.554,1.76825,1.76865,1.00,1.00
2017.06.16 07:46:20.819,1.76826,1.76867,1.00,1.50
2017.06.16 07:46:21.872,1.76826,1.76866,1.00,1.00
2017.06.16 07:46:23.343,1.76826,1.76865,1.00,1.00
2017.06.16 07:46:23.395,1.76823,1.76864,1.00,1.00
2017.06.16 07:46:23.761,1.76823,1.76862,1.00,1.00
2017.06.16 07:46:23.963,1.7682,1.76863,1.00,1.00
2017.06.16 07:46:24.267,1.76822,1.76865,1.00,1.00
2017.06.16 07:46:24.571,1.76823,1.76863,1.00,1.00
2017.06.16 07:46:24.673,1.7682,1.76861,1.00,1.00
2017.06.16 07:46:24.980,1.76822,1.76861,1.00,1.50
2017.06.16 07:46:25.328,1.76818,1.7685,1.00,1.00
2017.06.16 07:46:25.379,1.76812,1.76851,1.00,1.00
2017.06.16 07:46:25.666,1.76811,1.76853,1.00,1.00
2017.06.16 07:46:25.717,1.76811,1.76851,1.00,1.00
2017.06.16 07:46:26.952,1.76811,1.76853,1.00,1.50
2017.06.16 07:46:30.271,1.76812,1.76853,1.00,1.00
2017.06.16 07:46:30.387,1.76812,1.76855,1.00,1.00
2017.06.16 07:46:32.305,1.76816,1.76857,1.00,1.00
2017.06.16 07:46:32.564,1.76812,1.76857,1.00,1.00
2017.06.16 07:46:33.686,1.76812,1.76852,1.00,1.00
2017.06.16 07:46:34.135,1.76816,1.76852,1.00,1.00
2017.06.16 07:46:34.186,1.76821,1.76861,1.00,1.00
2017.06.16 07:46:34.287,1.76821,1.76857,1.00,1.00
2017.06.16 07:46:34.338,1.76821,1.76859,1.00,1.00
2017.06.16 07:46:34.390,1.76821,1.76856,1.00,1.00
2017.06.16 07:46:34.491,1.76818,1.76856,1.00,1.00
2017.06.16 07:46:34.694,1.76814,1.76856,1.12,1.00
2017.06.16 07:46:35.289,1.76814,1.76855,1.12,1.00
2017.06.16 07:46:36.051,1.76814,1.76854,1.12,1.00
2017.06.16 07:46:36.255,1.76813,1.76852,1.00,1.00
2017.06.16 07:46:36.766,1.76813,1.76854,1.00,1.00
2017.06.16 07:46:38.374,1.76813,1.76853,1.00,1.00
2017.06.16 07:46:38.764,1.76813,1.76855,1.00,1.00
2017.06.16 07:46:38.917,1.76814,1.76857,1.37,1.00
2017.06.16 07:46:38.968,1.76814,1.7686,1.00,1.00
2017.06.16 07:46:39.020,1.76817,1.76856,1.00,1.00
2017.06.16 07:46:39.122,1.76815,1.76857,1.00,1.00
2017.06.16 07:46:39.173,1.76815,1.76855,1.00,1.00
2017.06.16 07:46:39.630,1.76813,1.76855,1.00,1.00
2017.06.16 07:46:39.681,1.76813,1.76853,1.00,1.00
2017.06.16 07:46:41.070,1.76813,1.7685,1.00,1.00
2017.06.16 07:46:41.172,1.7681,1.76848,1.00,1.00
2017.06.16 07:46:41.677,1.76809,1.76848,1.00,1.00
2017.06.16 07:46:41.728,1.76807,1.76848,1.12,1.00
2017.06.16 07:46:42.276,1.76807,1.7685,1.12,1.00
2017.06.16 07:46:42.464,1.76807,1.76845,1.12,1.00
2017.06.16 07:46:42.616,1.76804,1.76848,1.50,1.50
2017.06.16 07:46:42.718,1.76808,1.76848,1.00,1.00
2017.06.16 07:46:43.311,1.76809,1.76848,1.00,1.00
2017.06.16 07:46:44.492,1.76808,1.76848,1.00,1.00
2017.06.16 07:46:44.674,1.76808,1.76853,1.00,1.00
2017.06.16 07:46:44.725,1.76808,1.76851,1.00,1.00
2017.06.16 07:46:45.046,1.7681,1.76854,1.00,1.00
2017.06.16 07:46:45.619,1.76811,1.76855,1.00,1.50
2017.06.16 07:46:47.833,1.76813,1.76855,1.00,1.00
2017.06.16 07:46:47.935,1.76815,1.76859,1.00,1.50
2017.06.16 07:46:48.138,1.76817,1.76861,1.00,1.00
2017.06.16 07:46:48.451,1.76819,1.76863,1.00,1.50
2017.06.16 07:46:48.784,1.76823,1.76867,1.00,1.00
2017.06.16 07:46:49.282,1.76826,1.76869,1.00,1.50
2017.06.16 07:46:50.292,1.76826,1.76869,1.00,1.87
2017.06.16 07:46:50.343,1.76824,1.76867,1.00,1.00
2017.06.16 07:46:50.445,1.76824,1.76864,1.00,1.00
2017.06.16 07:46:50.982,1.76828,1.76864,1.00,1.00
2017.06.16 07:46:51.218,1.76829,1.76867,1.00,1.00
2017.06.16 07:46:51.275,1.76831,1.76867,1.00,1.00
2017.06.16 07:46:51.326,1.76832,1.76871,1.00,1.00
2017.06.16 07:46:51.377,1.76834,1.76871,1.00,1.00
2017.06.16 07:46:51.530,1.76837,1.76878,1.50,1.00
2017.06.16 07:46:51.632,1.76844,1.76884,1.00,1.37
2017.06.16 07:46:51.684,1.76844,1.76886,1.00,1.00
2017.06.16 07:46:51.735,1.76847,1.76887,1.00,1.50
2017.06.16 07:46:51.989,1.76841,1.76882,1.00,1.00
2017.06.16 07:46:52.040,1.76839,1.7688,1.00,1.00
2017.06.16 07:46:52.369,1.76845,1.76885,1.00,1.00
2017.06.16 07:46:52.889,1.76846,1.76886,1.00,1.50
2017.06.16 07:46:53.645,1.76845,1.76885,1.00,1.00
2017.06.16 07:46:53.747,1.76845,1.76887,1.00,1.50
2017.06.16 07:46:53.798,1.76845,1.76882,1.00,1.37
2017.06.16 07:46:53.950,1.76838,1.76878,1.00,1.00
2017.06.16 07:46:54.584,1.76837,1.76877,1.00,1.00
2017.06.16 07:46:58.011,1.76834,1.76878,1.00,1.50
2017.06.16 07:46:59.713,1.76832,1.76875,1.00,1.00
2017.06.16 07:47:00.013,1.76834,1.76878,1.00,1.00
2017.06.16 07:47:00.064,1.76834,1.76874,1.00,1.00
2017.06.16 07:47:02.062,1.76834,1.76873,1.00,1.00
2017.06.16 07:47:02.603,1.76833,1.76873,1.00,1.00
2017.06.16 07:47:03.418,1.76835,1.76873,1.00,1.00
2017.06.16 07:47:03.745,1.76831,1.76872,1.00,1.00
2017.06.16 07:47:04.287,1.76831,1.76871,1.00,1.00
2017.06.16 07:47:05.222,1.7683,1.76871,1.00,1.00
2017.06.16 07:47:07.125,1.7683,1.76874,1.00,1.00
2017.06.16 07:47:07.699,1.7683,1.76875,1.00,1.12
2017.06.16 07:47:08.414,1.7683,1.76876,1.12,1.00
2017.06.16 07:47:08.524,1.76832,1.76877,1.00,1.50
2017.06.16 07:47:09.060,1.76831,1.76876,1.00,1.00
2017.06.16 07:47:10.728,1.76833,1.76876,1.00,1.00
2017.06.16 07:47:11.983,1.76832,1.76876,1.00,1.00
2017.06.16 07:47:14.026,1.76832,1.76877,1.00,1.50
2017.06.16 07:47:18.823,1.76832,1.76876,1.00,1.00
2017.06.16 07:47:19.384,1.76832,1.76877,1.00,1.00
2017.06.16 07:47:22.342,1.76832,1.76876,1.00,1.00
2017.06.16 07:47:23.013,1.76831,1.76875,1.00,1.00
2017.06.16 07:47:26.697,1.76832,1.76877,1.00,1.50
2017.06.16 07:47:27.055,1.76836,1.76879,1.00,1.87
2017.06.16 07:47:27.106,1.76837,1.76881,1.00,1.12
2017.06.16 07:47:27.158,1.76843,1.76886,1.00,1.37
2017.06.16 07:47:28.053,1.76843,1.76885,1.00,1.00
2017.06.16 07:47:28.451,1.76841,1.76881,1.00,1.00
2017.06.16 07:47:28.502,1.76841,1.76883,1.00,1.00
2017.06.16 07:47:28.766,1.76838,1.76883,1.00,1.00
2017.06.16 07:47:29.563,1.76838,1.76882,1.00,1.00
2017.06.16 07:47:30.604,1.76841,1.76884,1.00,1.12
2017.06.16 07:47:30.974,1.76844,1.76884,1.00,1.00
2017.06.16 07:47:31.455,1.76841,1.76884,1.00,1.00
2017.06.16 07:47:31.964,1.7684,1.76884,1.00,1.00
2017.06.16 07:47:33.172,1.7684,1.76886,1.00,1.87
2017.06.16 07:47:33.274,1.76842,1.76886,1.00,1.12
2017.06.16 07:47:33.946,1.76841,1.76886,1.00,1.12
2017.06.16 07:47:41.631,1.76841,1.76884,1.00,1.00
2017.06.16 07:47:41.682,1.76839,1.76884,1.00,1.00
2017.06.16 07:47:42.563,1.76839,1.76885,1.00,1.00
2017.06.16 07:47:44.990,1.76842,1.76887,1.00,1.00
2017.06.16 07:47:45.499,1.76844,1.76889,1.00,1.00
2017.06.16 07:47:45.601,1.76841,1.76888,1.50,1.50
2017.06.16 07:47:46.312,1.76843,1.76889,1.00,1.00
2017.06.16 07:47:47.593,1.76842,1.76887,1.00,1.87
2017.06.16 07:47:47.695,1.76836,1.7688,1.00,1.12
2017.06.16 07:47:47.847,1.76835,1.76879,1.00,1.37
2017.06.16 07:47:47.898,1.76832,1.76877,1.37,1.00
2017.06.16 07:47:48.869,1.76832,1.76878,1.00,1.37
2017.06.16 07:47:49.571,1.76832,1.76878,1.00,1.00
2017.06.16 07:47:50.696,1.76832,1.76878,1.00,1.37
2017.06.16 07:47:51.093,1.7683,1.76874,2.25,1.00
2017.06.16 07:47:52.096,1.7683,1.76872,1.00,1.00
2017.06.16 07:47:52.198,1.76825,1.76871,1.00,1.00
2017.06.16 07:47:52.382,1.76824,1.76869,1.50,1.00
2017.06.16 07:47:52.905,1.76824,1.7687,1.00,1.00
2017.06.16 07:47:53.823,1.76823,1.7687,1.12,1.00
2017.06.16 07:47:56.687,1.76824,1.76871,1.00,1.00
2017.06.16 07:47:57.578,1.76824,1.76871,1.00,1.87
2017.06.16 07:47:57.890,1.76822,1.76868,1.00,1.00
2017.06.16 07:48:00.299,1.76825,1.76869,1.37,1.00
2017.06.16 07:48:00.452,1.76834,1.76878,1.00,1.00
2017.06.16 07:48:00.503,1.76839,1.76883,1.00,1.37
2017.06.16 07:48:00.605,1.76836,1.76884,1.00,1.87
2017.06.16 07:48:00.707,1.76838,1.76885,1.00,1.12
2017.06.16 07:48:00.758,1.7684,1.76885,1.00,1.00
2017.06.16 07:48:01.076,1.76846,1.7689,1.00,1.00
2017.06.16 07:48:01.670,1.76845,1.7689,1.00,1.00
2017.06.16 07:48:02.018,1.76845,1.76891,1.00,1.37
2017.06.16 07:48:02.269,1.76845,1.76891,1.00,1.37
2017.06.16 07:48:02.629,1.76845,1.76893,1.00,1.12
2017.06.16 07:48:03.131,1.76845,1.76892,1.00,1.00
2017.06.16 07:48:04.141,1.76848,1.76892,1.00,1.00
2017.06.16 07:48:04.522,1.76848,1.76891,1.00,1.37
2017.06.16 07:48:04.647,1.76846,1.76889,1.00,1.00
2017.06.16 07:48:04.949,1.76843,1.76889,1.00,1.00
2017.06.16 07:48:05.688,1.76843,1.76889,1.00,1.87
2017.06.16 07:48:05.840,1.7684,1.76888,1.00,1.09
2017.06.16 07:48:06.551,1.7684,1.76888,1.00,1.09
2017.06.16 07:48:06.883,1.76842,1.76888,1.00,1.09
2017.06.16 07:48:06.934,1.76842,1.76889,1.00,1.50
2017.06.16 07:48:06.985,1.76842,1.76888,1.00,1.84
2017.06.16 07:48:07.492,1.76842,1.76887,1.00,1.46
2017.06.16 07:48:08.005,1.76838,1.76884,1.50,1.37
2017.06.16 07:48:10.458,1.76838,1.76884,1.50,1.12
2017.06.16 07:48:11.205,1.76838,1.76885,1.50,1.37
2017.06.16 07:48:17.116,1.76838,1.76885,1.50,1.37
2017.06.16 07:48:17.167,1.7684,1.76885,1.00,1.37
2017.06.16 07:48:17.421,1.76838,1.76885,1.50,1.37
2017.06.16 07:48:17.950,1.76838,1.76883,1.00,1.37
2017.06.16 07:48:18.512,1.76839,1.76885,1.00,1.87
2017.06.16 07:48:18.715,1.76839,1.76884,1.00,1.12
2017.06.16 07:48:20.041,1.76839,1.76884,1.00,1.37
2017.06.16 07:48:20.858,1.76838,1.76882,1.00,1.00
2017.06.16 07:48:24.725,1.7684,1.76882,1.00,1.00
2017.06.16 07:48:25.056,1.76828,1.76873,1.50,1.00
2017.06.16 07:48:25.785,1.76828,1.76872,1.00,1.00
2017.06.16 07:48:26.367,1.76826,1.76872,1.50,1.50
2017.06.16 07:48:26.470,1.76828,1.76872,1.00,1.00
2017.06.16 07:48:27.428,1.76829,1.76872,1.00,1.00
2017.06.16 07:48:28.170,1.76828,1.76872,1.00,1.50
2017.06.16 07:48:28.844,1.76826,1.76867,1.00,1.46
2017.06.16 07:48:28.946,1.76816,1.76859,1.12,1.00
2017.06.16 07:48:29.652,1.76816,1.76859,1.00,1.37
2017.06.16 07:48:29.755,1.76816,1.76859,1.00,1.37
2017.06.16 07:48:29.857,1.76814,1.76858,1.00,1.37
2017.06.16 07:48:29.909,1.76814,1.76858,1.00,1.87
2017.06.16 07:48:30.010,1.76814,1.76857,1.00,1.46
2017.06.16 07:48:30.327,1.76809,1.76848,1.00,1.00
2017.06.16 07:48:30.378,1.76806,1.76849,1.00,1.87
2017.06.16 07:48:30.480,1.76804,1.76848,1.00,1.00
2017.06.16 07:48:31.105,1.76804,1.76849,1.00,1.87
2017.06.16 07:48:31.767,1.76805,1.76849,1.00,1.87
2017.06.16 07:48:32.301,1.76805,1.76848,1.00,1.00
2017.06.16 07:48:33.897,1.76803,1.76848,1.00,1.50
2017.06.16 07:48:34.724,1.76803,1.76842,1.00,1.37
2017.06.16 07:48:34.877,1.76791,1.76835,1.12,1.00
2017.06.16 07:48:35.442,1.76792,1.76834,1.00,1.00
2017.06.16 07:48:35.601,1.76794,1.76834,1.00,1.00
2017.06.16 07:48:35.905,1.768,1.76839,1.00,1.00
2017.06.16 07:48:36.057,1.76795,1.76838,1.00,1.87
2017.06.16 07:48:36.277,1.76795,1.76836,1.00,1.50
2017.06.16 07:48:36.588,1.76793,1.76833,1.00,1.00
2017.06.16 07:48:36.743,1.76791,1.76834,1.00,1.00
2017.06.16 07:48:37.040,1.76792,1.76832,1.00,1.00
2017.06.16 07:48:37.244,1.76788,1.7683,1.00,1.00
2017.06.16 07:48:37.974,1.76791,1.76831,1.00,1.00
2017.06.16 07:48:38.514,1.76792,1.7683,1.00,1.00
2017.06.16 07:48:38.688,1.76785,1.76825,1.00,1.00
2017.06.16 07:48:39.077,1.76782,1.76825,1.00,1.37
2017.06.16 07:48:39.630,1.76781,1.76823,1.00,1.12
2017.06.16 07:48:40.050,1.76778,1.76822,1.00,1.00
2017.06.16 07:48:40.252,1.76781,1.76823,1.00,1.00
2017.06.16 07:48:40.594,1.76778,1.7682,1.00,1.00
2017.06.16 07:48:40.929,1.76777,1.76815,1.00,1.00
2017.06.16 07:48:41.532,1.76776,1.76815,1.00,1.00
2017.06.16 07:48:42.372,1.76776,1.76816,1.00,1.00
2017.06.16 07:48:45.075,1.76778,1.76816,1.00,1.00
2017.06.16 07:48:46.424,1.76782,1.76816,1.00,1.00
2017.06.16 07:48:47.526,1.76778,1.76816,1.00,1.00
2017.06.16 07:48:48.041,1.76777,1.76815,1.00,1.00
2017.06.16 07:48:48.369,1.76781,1.76815,1.00,1.00
2017.06.16 07:48:48.887,1.76782,1.76815,1.00,1.00
2017.06.16 07:48:53.283,1.76782,1.76817,1.00,1.00
2017.06.16 07:48:54.937,1.76781,1.76817,1.00,1.00
2017.06.16 07:48:58.401,1.76782,1.76817,1.00,1.00
2017.06.16 07:48:58.923,1.76781,1.76817,1.00,1.00
2017.06.16 07:49:02.327,1.76792,1.76818,1.00,1.00
2017.06.16 07:49:02.379,1.76792,1.76822,1.00,1.00
2017.06.16 07:49:02.532,1.76785,1.76819,1.00,1.00
2017.06.16 07:49:02.730,1.76782,1.76819,1.00,1.50
2017.06.16 07:49:03.967,1.76782,1.76818,1.00,1.00
2017.06.16 07:49:04.018,1.76782,1.76814,1.00,1.00
2017.06.16 07:49:04.451,1.76782,1.76816,1.00,1.00
2017.06.16 07:49:04.502,1.76782,1.76814,1.00,1.00
2017.06.16 07:49:04.835,1.76782,1.76816,1.00,1.00
2017.06.16 07:49:04.987,1.76782,1.76814,1.00,1.00
2017.06.16 07:49:07.518,1.76778,1.76812,1.00,1.00
2017.06.16 07:49:07.569,1.76778,1.76816,1.00,1.12
2017.06.16 07:49:07.721,1.76778,1.76813,1.00,1.00
2017.06.16 07:49:08.022,1.76775,1.76811,1.00,1.00
2017.06.16 07:49:08.123,1.76773,1.76812,1.00,1.00
2017.06.16 07:49:08.624,1.76774,1.76811,1.00,1.00
2017.06.16 07:49:08.835,1.76782,1.76811,1.00,1.00
2017.06.16 07:49:08.887,1.76782,1.76813,1.00,1.00
2017.06.16 07:49:09.090,1.76782,1.76817,1.00,1.00
2017.06.16 07:49:09.612,1.76782,1.76818,1.00,1.00
2017.06.16 07:49:09.985,1.76784,1.76819,1.00,1.00
2017.06.16 07:49:11.402,1.76792,1.76819,1.00,1.00
2017.06.16 07:49:13.572,1.76792,1.7682,1.00,1.00
2017.06.16 07:49:13.925,1.76784,1.7682,1.00,1.00
2017.06.16 07:49:14.089,1.76782,1.7682,1.00,1.00
2017.06.16 07:49:14.423,1.76782,1.76818,1.00,1.00
2017.06.16 07:49:16.143,1.76791,1.76822,1.00,1.00
2017.06.16 07:49:16.244,1.76792,1.76826,1.00,1.00
2017.06.16 07:49:16.295,1.76792,1.76829,1.50,1.00
2017.06.16 07:49:16.347,1.76792,1.76831,1.50,1.00
2017.06.16 07:49:16.449,1.76801,1.76832,1.00,1.00
2017.06.16 07:49:17.004,1.76801,1.76831,1.00,1.00
2017.06.16 07:49:18.731,1.76801,1.76827,1.00,1.00
2017.06.16 07:49:18.782,1.76794,1.76827,1.00,1.00
2017.06.16 07:49:18.935,1.76791,1.76828,1.00,1.00
2017.06.16 07:49:20.213,1.76791,1.76831,1.00,1.00
2017.06.16 07:49:20.429,1.76802,1.76833,1.00,1.00
2017.06.16 07:49:20.951,1.76802,1.76831,1.00,1.00
2017.06.16 07:49:22.053,1.76802,1.76833,1.00,1.50
2017.06.16 07:49:22.247,1.76793,1.76832,1.00,1.00
2017.06.16 07:49:25.863,1.76802,1.76832,1.00,1.00
2017.06.16 07:49:25.914,1.76793,1.76832,1.00,1.00
2017.06.16 07:49:26.118,1.76796,1.76832,1.00,1.00
2017.06.16 07:49:26.889,1.76796,1.7683,1.00,1.00
2017.06.16 07:49:27.202,1.76792,1.76826,1.50,1.00
2017.06.16 07:49:27.542,1.76792,1.76831,1.00,1.00
2017.06.16 07:49:27.593,1.76792,1.76829,1.00,1.00
2017.06.16 07:49:27.925,1.76792,1.76824,1.00,1.00
2017.06.16 07:49:28.835,1.76787,1.76824,1.00,1.00
2017.06.16 07:49:29.109,1.76785,1.76824,1.00,1.00
2017.06.16 07:49:29.758,1.76785,1.76823,1.00,1.00
2017.06.16 07:49:30.046,1.76785,1.76826,1.00,1.00
2017.06.16 07:49:31.048,1.76784,1.76826,1.00,1.00
2017.06.16 07:49:32.134,1.76785,1.76826,1.00,1.00
2017.06.16 07:49:33.305,1.76785,1.76824,1.00,1.00
2017.06.16 07:49:34.115,1.76784,1.76824,1.00,1.00
2017.06.16 07:49:34.348,1.76784,1.76827,1.00,1.00
2017.06.16 07:49:34.856,1.76791,1.76827,1.00,1.00
2017.06.16 07:49:34.958,1.76786,1.76827,1.00,1.00
2017.06.16 07:49:35.606,1.76786,1.76826,1.00,1.00
2017.06.16 07:49:36.145,1.76791,1.76827,1.00,1.00
2017.06.16 07:49:36.247,1.76786,1.76828,1.00,1.00
2017.06.16 07:49:36.349,1.76792,1.76829,1.00,1.00
2017.06.16 07:49:37.035,1.76791,1.76829,1.00,1.00
2017.06.16 07:49:37.825,1.76792,1.76829,1.00,1.00
2017.06.16 07:49:39.828,1.76791,1.76829,1.00,1.00
2017.06.16 07:49:40.162,1.76785,1.76827,1.00,1.00
2017.06.16 07:49:40.213,1.76785,1.76824,1.00,1.00
2017.06.16 07:49:40.264,1.76782,1.76824,1.00,1.00
2017.06.16 07:49:40.818,1.76781,1.76825,1.50,1.00
2017.06.16 07:49:40.883,1.76792,1.76825,1.00,1.00
2017.06.16 07:49:41.054,1.76792,1.76828,1.00,1.00
2017.06.16 07:49:41.105,1.76789,1.76834,1.00,1.87
2017.06.16 07:49:41.157,1.76798,1.76835,1.00,1.00
2017.06.16 07:49:41.208,1.76791,1.76835,1.84,1.00
2017.06.16 07:49:41.259,1.76802,1.76841,1.00,1.75
2017.06.16 07:49:41.361,1.76793,1.76841,1.09,1.37
2017.06.16 07:49:42.181,1.76794,1.76842,1.00,1.37
2017.06.16 07:49:42.334,1.76796,1.76844,1.00,1.37
2017.06.16 07:49:42.673,1.76802,1.76844,1.34,1.00
2017.06.16 07:49:43.000,1.76811,1.76857,1.00,1.12
2017.06.16 07:49:43.168,1.76811,1.76858,1.00,1.37
2017.06.16 07:49:43.727,1.76812,1.76858,1.00,1.37
2017.06.16 07:49:44.427,1.76811,1.76858,1.00,1.37
2017.06.16 07:49:45.125,1.76812,1.7686,1.00,3.37
2017.06.16 07:49:45.176,1.76812,1.76857,1.50,2.62
2017.06.16 07:49:45.374,1.76807,1.76851,1.00,1.37
2017.06.16 07:49:45.526,1.76812,1.76851,1.00,1.37
2017.06.16 07:49:47.235,1.76812,1.76851,1.00,1.37
2017.06.16 07:49:48.418,1.76812,1.76849,1.00,1.00
2017.06.16 07:49:48.960,1.76812,1.76849,1.00,1.37
2017.06.16 07:49:50.033,1.76812,1.76849,1.00,1.00
2017.06.16 07:49:50.560,1.76811,1.76849,1.00,1.00
2017.06.16 07:49:50.661,1.76811,1.76847,1.00,1.00
2017.06.16 07:49:50.979,1.76811,1.76849,1.00,1.00
2017.06.16 07:49:52.355,1.76811,1.76849,1.00,1.37
2017.06.16 07:49:52.522,1.76808,1.76849,1.00,1.37
2017.06.16 07:49:53.471,1.76805,1.76847,1.00,1.12
2017.06.16 07:49:53.522,1.76805,1.76844,1.00,1.37
2017.06.16 07:49:53.911,1.76802,1.76838,1.00,1.37
2017.06.16 07:49:54.335,1.76794,1.76836,1.00,1.12
2017.06.16 07:49:54.437,1.76794,1.76835,1.00,1.37
2017.06.16 07:49:54.741,1.76781,1.76818,1.75,1.00
2017.06.16 07:49:54.842,1.76781,1.76818,1.00,1.00
2017.06.16 07:49:54.971,1.76781,1.7682,1.50,1.00
2017.06.16 07:49:55.123,1.76781,1.76816,1.50,1.00
2017.06.16 07:49:55.540,1.76774,1.76818,1.00,1.00
2017.06.16 07:49:55.643,1.76781,1.76817,1.00,1.00
2017.06.16 07:49:55.847,1.76778,1.76815,1.00,1.00
2017.06.16 07:49:55.949,1.76775,1.76815,1.00,1.00
2017.06.16 07:49:56.051,1.76773,1.76815,1.00,1.00
2017.06.16 07:49:57.406,1.76773,1.76813,1.00,1.00
2017.06.16 07:49:58.195,1.76773,1.76818,1.12,1.00
2017.06.16 07:49:58.246,1.76782,1.76818,1.00,1.00
2017.06.16 07:49:58.398,1.76781,1.76821,1.00,1.00
2017.06.16 07:49:58.450,1.76783,1.76821,1.00,1.00
2017.06.16 07:49:58.955,1.76783,1.76822,1.00,1.00
2017.06.16 07:49:59.285,1.76783,1.7682,1.00,1.00
2017.06.16 07:49:59.552,1.76781,1.7682,1.50,1.00
2017.06.16 07:50:00.248,1.76782,1.76819,1.00,1.00
2017.06.16 07:50:01.755,1.76781,1.76819,1.50,1.00
2017.06.16 07:50:01.806,1.76781,1.76821,1.50,1.00
2017.06.16 07:50:01.857,1.76784,1.76821,1.00,1.00
2017.06.16 07:50:02.218,1.76784,1.76825,1.00,1.00
2017.06.16 07:50:03.700,1.76784,1.76826,1.00,1.00
2017.06.16 07:50:03.751,1.76792,1.76826,1.00,1.00
2017.06.16 07:50:03.802,1.76792,1.76828,1.00,1.00
2017.06.16 07:50:04.140,1.76784,1.76829,1.00,1.50
2017.06.16 07:50:04.191,1.76784,1.76826,1.00,1.00
2017.06.16 07:50:04.591,1.76783,1.76824,1.00,1.00
2017.06.16 07:50:05.444,1.76783,1.76826,1.00,1.00
2017.06.16 07:50:06.174,1.76782,1.76826,1.00,1.00
2017.06.16 07:50:06.377,1.76781,1.76822,1.00,1.00
2017.06.16 07:50:06.906,1.76781,1.76821,1.00,1.00
2017.06.16 07:50:07.525,1.76781,1.76823,1.00,1.00
2017.06.16 07:50:08.060,1.76781,1.76824,1.00,1.00
2017.06.16 07:50:08.698,1.76785,1.76824,1.00,1.00
2017.06.16 07:50:09.231,1.76786,1.76824,1.00,1.00
2017.06.16 07:50:09.865,1.76786,1.76825,1.00,1.00
2017.06.16 07:50:10.088,1.76786,1.76827,1.00,1.00
2017.06.16 07:50:10.599,1.76792,1.76827,1.00,1.00
2017.06.16 07:50:10.650,1.7679,1.76827,1.00,1.00
2017.06.16 07:50:10.702,1.76786,1.76827,1.34,1.00
2017.06.16 07:50:10.753,1.76791,1.76827,1.00,1.00
2017.06.16 07:50:10.804,1.76791,1.76836,1.00,1.00
2017.06.16 07:50:10.855,1.76802,1.76836,1.00,1.00
2017.06.16 07:50:10.907,1.76801,1.76842,1.00,1.00
2017.06.16 07:50:11.009,1.76801,1.76846,1.50,1.00
2017.06.16 07:50:11.206,1.76802,1.76848,1.00,1.12
2017.06.16 07:50:11.482,1.76801,1.76842,1.00,1.37
2017.06.16 07:50:11.686,1.76791,1.76837,2.25,1.12
2017.06.16 07:50:11.787,1.76793,1.7684,1.00,1.37
2017.06.16 07:50:11.940,1.76793,1.7684,1.50,1.37
2017.06.16 07:50:12.351,1.76802,1.7684,1.00,1.37
2017.06.16 07:50:14.215,1.76802,1.7684,1.00,1.12
2017.06.16 07:50:16.660,1.76801,1.76842,1.00,1.37
2017.06.16 07:50:17.089,1.76795,1.76842,1.50,1.37
2017.06.16 07:50:17.190,1.76794,1.76839,1.00,2.62
2017.06.16 07:50:17.292,1.76791,1.76837,1.50,1.37
2017.06.16 07:50:17.515,1.76791,1.76837,1.50,1.12
2017.06.16 07:50:19.065,1.76791,1.76831,1.00,1.00
2017.06.16 07:50:19.219,1.76784,1.76829,1.00,1.37
2017.06.16 07:50:19.472,1.76791,1.76825,1.00,1.00
2017.06.16 07:50:19.523,1.76791,1.76828,1.00,1.00
2017.06.16 07:50:19.676,1.76791,1.76838,2.25,2.62
2017.06.16 07:50:19.727,1.76801,1.76838,1.00,1.00
2017.06.16 07:50:19.778,1.76801,1.76842,1.00,1.50
2017.06.16 07:50:19.981,1.76803,1.76848,1.00,2.25
2017.06.16 07:50:20.083,1.76803,1.76848,1.00,1.87
2017.06.16 07:50:20.134,1.76803,1.76845,1.00,1.37
2017.06.16 07:50:20.186,1.76802,1.76845,1.00,1.87
2017.06.16 07:50:20.289,1.76802,1.76843,1.00,1.00
2017.06.16 07:50:20.935,1.76802,1.76844,1.00,1.00
2017.06.16 07:50:22.141,1.76801,1.76844,1.00,1.00
2017.06.16 07:50:22.749,1.76801,1.76843,1.00,1.00
2017.06.16 07:50:23.344,1.76801,1.76843,1.00,1.37
2017.06.16 07:50:24.297,1.768,1.76843,1.00,1.87
2017.06.16 07:50:24.627,1.768,1.76832,1.00,1.00
2017.06.16 07:50:24.730,1.76797,1.76832,1.12,1.00
2017.06.16 07:50:24.781,1.76796,1.7683,1.00,1.00
2017.06.16 07:50:24.984,1.76793,1.7683,1.50,1.00
2017.06.16 07:50:26.084,1.76793,1.76826,1.00,1.00
2017.06.16 07:50:26.237,1.76786,1.76824,1.37,1.00
2017.06.16 07:50:26.288,1.76786,1.76823,1.00,1.00
2017.06.16 07:50:26.997,1.76785,1.76823,1.00,1.00
2017.06.16 07:50:27.398,1.76791,1.76826,1.00,1.00
2017.06.16 07:50:27.500,1.76791,1.76828,1.50,1.00
2017.06.16 07:50:27.609,1.76791,1.76826,1.50,1.00
2017.06.16 07:50:28.366,1.76791,1.76828,1.50,1.00
2017.06.16 07:50:28.892,1.76792,1.7683,1.00,1.00
2017.06.16 07:50:28.994,1.76794,1.7683,1.00,1.00
2017.06.16 07:50:29.485,1.76795,1.76832,1.00,1.00
2017.06.16 07:50:29.622,1.76801,1.76833,1.00,1.00
2017.06.16 07:50:30.168,1.76802,1.76834,1.00,1.00
2017.06.16 07:50:30.704,1.76801,1.76835,1.00,1.00
2017.06.16 07:50:30.968,1.76801,1.76837,1.00,1.00
2017.06.16 07:50:31.186,1.76801,1.7684,1.00,1.00
2017.06.16 07:50:31.237,1.76811,1.76843,1.00,1.00
2017.06.16 07:50:31.339,1.76807,1.76844,1.00,1.50
2017.06.16 07:50:31.390,1.76807,1.76842,1.00,1.00
2017.06.16 07:50:31.718,1.76806,1.7684,1.00,1.00
2017.06.16 07:50:31.820,1.76803,1.76839,1.87,1.50
2017.06.16 07:50:32.032,1.76801,1.76836,1.00,1.00
2017.06.16 07:50:32.133,1.76802,1.76838,1.00,1.00
2017.06.16 07:50:32.235,1.76802,1.7684,1.00,1.00
2017.06.16 07:50:32.827,1.76802,1.76839,1.00,1.00
2017.06.16 07:50:34.076,1.76802,1.7684,1.00,1.00
2017.06.16 07:50:34.613,1.76802,1.76841,1.00,1.00
2017.06.16 07:50:35.247,1.76802,1.7684,1.00,1.00
2017.06.16 07:50:36.154,1.76801,1.76842,1.00,1.50
2017.06.16 07:50:36.306,1.76811,1.76843,1.00,1.00
2017.06.16 07:50:36.408,1.76811,1.76846,1.00,1.00
2017.06.16 07:50:37.214,1.76811,1.76844,1.00,1.00
2017.06.16 07:50:37.265,1.76805,1.76844,1.00,1.00
2017.06.16 07:50:37.610,1.76803,1.76844,1.00,1.00
2017.06.16 07:50:38.122,1.76803,1.76845,1.00,1.00
2017.06.16 07:50:38.527,1.76812,1.76845,1.00,1.00
2017.06.16 07:50:38.732,1.76803,1.76845,1.00,1.00
2017.06.16 07:50:38.834,1.76803,1.76842,1.00,1.00
2017.06.16 07:50:39.139,1.76801,1.76838,1.00,1.00
2017.06.16 07:50:39.894,1.76801,1.76837,1.00,1.00
2017.06.16 07:50:40.714,1.76801,1.76838,1.00,1.00
2017.06.16 07:50:41.234,1.76802,1.76839,1.00,1.00
2017.06.16 07:50:41.847,1.76802,1.76838,1.00,1.00
2017.06.16 07:50:42.165,1.76801,1.76834,1.00,1.00
2017.06.16 07:50:42.267,1.76798,1.76833,1.00,1.12
2017.06.16 07:50:42.318,1.76795,1.7683,1.00,1.50
2017.06.16 07:50:42.483,1.76791,1.7683,1.00,1.50
2017.06.16 07:50:43.716,1.76791,1.76831,1.00,1.00
2017.06.16 07:50:44.329,1.76791,1.7683,1.00,1.00
2017.06.16 07:50:44.533,1.76791,1.76828,1.00,1.00
2017.06.16 07:50:45.147,1.76791,1.76827,1.00,1.00
2017.06.16 07:50:48.255,1.76792,1.76827,1.00,1.00
2017.06.16 07:50:48.819,1.76791,1.76831,1.00,1.00
2017.06.16 07:50:49.337,1.76791,1.76828,1.00,1.00
2017.06.16 07:50:49.754,1.76791,1.76823,1.00,1.00
2017.06.16 07:50:49.805,1.76791,1.76825,1.00,1.00
2017.06.16 07:50:49.856,1.76785,1.76825,1.00,1.12
2017.06.16 07:50:49.907,1.76785,1.7682,1.00,1.12
2017.06.16 07:50:50.235,1.76782,1.76815,1.00,1.00
2017.06.16 07:50:54.627,1.76782,1.76817,1.00,1.00
2017.06.16 07:50:55.138,1.76781,1.76816,1.00,1.00
2017.06.16 07:50:57.442,1.76781,1.76819,1.34,1.00
2017.06.16 07:50:57.544,1.76792,1.76826,1.00,1.00
2017.06.16 07:50:57.747,1.76792,1.76829,1.00,1.00
2017.06.16 07:50:58.532,1.76792,1.76828,1.00,1.00
2017.06.16 07:50:59.098,1.76792,1.76829,1.00,1.50
2017.06.16 07:50:59.832,1.76787,1.76829,1.00,1.50
2017.06.16 07:51:00.078,1.76792,1.76831,1.00,1.50
2017.06.16 07:51:01.651,1.76791,1.76831,1.50,1.50
2017.06.16 07:51:02.237,1.76791,1.76829,1.00,1.00
2017.06.16 07:51:02.887,1.76792,1.76831,1.00,1.00
2017.06.16 07:51:03.140,1.76791,1.76829,1.00,1.00
2017.06.16 07:51:03.715,1.76791,1.76828,1.00,1.00
2017.06.16 07:51:03.768,1.76788,1.76828,1.00,1.00
2017.06.16 07:51:03.942,1.76786,1.76828,1.00,1.00
2017.06.16 07:51:03.994,1.76792,1.76828,1.00,1.00
2017.06.16 07:51:04.096,1.76783,1.76825,1.00,1.50
2017.06.16 07:51:04.384,1.76792,1.76825,1.00,1.50
2017.06.16 07:51:04.514,1.76783,1.76825,1.00,1.50
2017.06.16 07:51:04.908,1.76792,1.76824,1.00,1.00
2017.06.16 07:51:05.439,1.76783,1.76825,1.00,1.50
2017.06.16 07:51:05.542,1.76782,1.76821,1.00,1.00
2017.06.16 07:51:06.060,1.76782,1.76824,1.50,1.00
2017.06.16 07:51:06.255,1.76782,1.76822,1.00,1.00
2017.06.16 07:51:06.795,1.76781,1.76822,1.00,1.00
2017.06.16 07:51:07.147,1.76783,1.76823,1.00,1.50
2017.06.16 07:51:07.492,1.76781,1.76813,1.00,1.00
2017.06.16 07:51:07.851,1.76781,1.76811,1.00,1.00
2017.06.16 07:51:08.793,1.76771,1.76811,1.00,1.00
2017.06.16 07:51:08.844,1.76771,1.768,1.00,1.00
2017.06.16 07:51:08.996,1.76762,1.76792,1.12,1.00
2017.06.16 07:51:09.047,1.76762,1.76796,1.00,1.00
2017.06.16 07:51:09.150,1.76765,1.768,1.00,1.00
2017.06.16 07:51:09.252,1.76761,1.76799,1.50,1.00
2017.06.16 07:51:09.405,1.76762,1.76802,1.00,1.00
2017.06.16 07:51:09.770,1.76761,1.768,1.50,1.00
2017.06.16 07:51:10.321,1.76762,1.768,1.00,1.50
2017.06.16 07:51:11.156,1.76762,1.76797,1.00,1.00
2017.06.16 07:51:11.308,1.76756,1.76798,1.00,1.00
2017.06.16 07:51:11.359,1.76753,1.76792,1.00,1.00
2017.06.16 07:51:11.690,1.76752,1.76788,1.00,1.00
2017.06.16 07:51:12.330,1.76751,1.76788,1.00,1.00
2017.06.16 07:51:14.056,1.76752,1.76788,1.00,1.00
2017.06.16 07:51:14.955,1.76752,1.76787,1.00,1.00
2017.06.16 07:51:15.577,1.76751,1.76787,1.00,1.00
2017.06.16 07:51:15.957,1.76751,1.76785,1.00,1.00
2017.06.16 07:51:16.458,1.76751,1.76786,1.00,1.00
2017.06.16 07:51:17.061,1.76751,1.76787,1.00,1.00
2017.06.16 07:51:18.962,1.76752,1.76787,1.00,1.00
2017.06.16 07:51:19.473,1.76745,1.76787,1.00,1.00
2017.06.16 07:51:19.524,1.76745,1.76784,1.00,1.00
2017.06.16 07:51:19.575,1.76741,1.76781,1.00,1.00
2017.06.16 07:51:19.626,1.76741,1.76778,1.00,1.00
2017.06.16 07:51:19.855,1.76733,1.76776,1.00,1.50
2017.06.16 07:51:19.906,1.76733,1.76773,1.00,1.00
2017.06.16 07:51:20.008,1.76731,1.76773,1.50,1.00
2017.06.16 07:51:21.035,1.76731,1.76769,1.50,1.00
2017.06.16 07:51:21.353,1.76731,1.76764,1.00,1.00
2017.06.16 07:51:21.868,1.76731,1.76759,1.00,1.00
2017.06.16 07:51:22.174,1.76731,1.76763,1.00,1.00
2017.06.16 07:51:23.081,1.76731,1.76764,1.00,1.00
2017.06.16 07:51:23.868,1.76731,1.76765,1.00,1.00
2017.06.16 07:51:24.091,1.76731,1.76763,1.00,1.00
2017.06.16 07:51:24.369,1.76731,1.76766,1.00,1.00
2017.06.16 07:51:26.077,1.76731,1.76767,1.00,1.00
2017.06.16 07:51:26.270,1.76731,1.76765,1.00,1.00
2017.06.16 07:51:28.173,1.76731,1.76766,1.00,1.00
2017.06.16 07:51:30.177,1.76732,1.76766,1.00,1.00
2017.06.16 07:51:30.381,1.76742,1.76778,1.00,1.00
2017.06.16 07:51:30.526,1.76742,1.7678,1.00,1.00
2017.06.16 07:51:30.831,1.76741,1.76782,1.00,1.87
2017.06.16 07:51:31.038,1.76742,1.76778,1.00,1.00
2017.06.16 07:51:31.089,1.76742,1.76781,1.00,1.12
2017.06.16 07:51:31.321,1.76741,1.7677,1.00,1.00
2017.06.16 07:51:31.372,1.76741,1.76772,1.00,1.12
2017.06.16 07:51:31.473,1.76741,1.76767,1.00,1.00
2017.06.16 07:51:31.776,1.76741,1.76762,1.00,1.00
2017.06.16 07:51:32.088,1.7672,1.7676,1.00,1.00
2017.06.16 07:51:32.529,1.76732,1.7676,1.00,1.00
2017.06.16 07:51:32.861,1.76731,1.76762,1.00,1.50
2017.06.16 07:51:33.635,1.76723,1.76759,1.00,1.00
2017.06.16 07:51:33.687,1.76721,1.76758,1.50,1.00
2017.06.16 07:51:33.738,1.76732,1.76758,1.00,1.00
2017.06.16 07:51:34.465,1.76722,1.76758,1.00,1.00
2017.06.16 07:51:35.489,1.76722,1.76756,1.00,1.00
2017.06.16 07:51:36.888,1.76722,1.76755,1.00,1.00
2017.06.16 07:51:36.939,1.76721,1.76757,1.00,1.00
2017.06.16 07:51:38.365,1.76722,1.76757,1.00,1.00
2017.06.16 07:51:38.569,1.76722,1.76755,1.00,1.00
2017.06.16 07:51:39.122,1.76722,1.76756,1.00,1.00
2017.06.16 07:51:39.674,1.76722,1.76755,1.00,1.00
2017.06.16 07:51:40.065,1.76722,1.76753,1.00,1.00
2017.06.16 07:51:43.237,1.76722,1.76755,1.00,1.00
2017.06.16 07:51:48.126,1.76722,1.76754,1.00,1.00
2017.06.16 07:51:48.229,1.76716,1.76753,1.00,1.00
2017.06.16 07:51:48.772,1.76716,1.76752,1.00,1.00
2017.06.16 07:51:48.823,1.76713,1.76752,1.00,1.00
2017.06.16 07:51:49.230,1.76711,1.76752,1.50,1.00
2017.06.16 07:51:49.536,1.76712,1.76749,1.00,1.00
2017.06.16 07:51:49.855,1.76722,1.76749,1.00,1.00
2017.06.16 07:51:50.208,1.76711,1.7675,1.00,1.00
2017.06.16 07:51:50.821,1.76712,1.7675,1.00,1.00
2017.06.16 07:51:51.437,1.76711,1.7675,1.00,1.00
2017.06.16 07:51:51.767,1.76721,1.7675,1.00,1.00
2017.06.16 07:51:52.021,1.76711,1.7675,1.00,1.00
2017.06.16 07:51:52.766,1.76712,1.7675,1.00,1.00
2017.06.16 07:51:54.058,1.76712,1.76746,1.50,1.12
2017.06.16 07:51:54.261,1.76702,1.76741,1.50,1.00
2017.06.16 07:51:54.624,1.76711,1.76731,1.00,1.00
2017.06.16 07:51:54.675,1.76701,1.76731,1.00,1.00
2017.06.16 07:51:54.727,1.76701,1.76735,1.00,1.00
2017.06.16 07:51:55.765,1.76702,1.76735,1.00,1.00
2017.06.16 07:51:55.816,1.76702,1.76737,1.00,1.00
2017.06.16 07:51:55.969,1.76701,1.76739,1.00,1.00
2017.06.16 07:51:56.470,1.76701,1.76738,1.00,1.00
2017.06.16 07:51:58.111,1.76702,1.76742,1.00,1.00
2017.06.16 07:51:58.239,1.76711,1.76742,1.00,1.00
2017.06.16 07:51:58.290,1.76711,1.76744,1.00,1.00
2017.06.16 07:51:59.120,1.76701,1.76744,1.50,1.00
2017.06.16 07:51:59.171,1.76701,1.76742,1.50,1.00
2017.06.16 07:51:59.482,1.76701,1.76739,1.00,1.00
2017.06.16 07:52:00.076,1.76701,1.76738,1.00,1.00
2017.06.16 07:52:00.777,1.76701,1.76739,1.00,1.00
2017.06.16 07:52:01.519,1.76711,1.76739,1.00,1.00
2017.06.16 07:52:01.671,1.76702,1.76735,1.00,1.00
2017.06.16 07:52:01.975,1.76702,1.76733,1.00,1.00
2017.06.16 07:52:02.026,1.76694,1.76731,1.12,1.00
2017.06.16 07:52:02.077,1.76691,1.76731,1.12,1.00
2017.06.16 07:52:02.179,1.76691,1.76729,1.00,1.00
2017.06.16 07:52:02.529,1.76691,1.76727,1.00,1.00
2017.06.16 07:52:10.389,1.76691,1.76725,1.00,1.00
2017.06.16 07:52:11.829,1.76692,1.76722,1.00,1.00
2017.06.16 07:52:12.439,1.76692,1.76721,1.00,1.00
2017.06.16 07:52:13.149,1.76691,1.76721,1.00,1.00
2017.06.16 07:52:13.460,1.76691,1.76725,1.00,1.00
2017.06.16 07:52:13.596,1.76692,1.76728,1.00,1.00
2017.06.16 07:52:13.920,1.76702,1.76729,1.00,1.00
2017.06.16 07:52:14.141,1.76691,1.76725,1.00,1.00
2017.06.16 07:52:14.522,1.76702,1.76729,1.00,1.50
2017.06.16 07:52:14.760,1.76692,1.76729,1.00,1.00
2017.06.16 07:52:15.521,1.76691,1.76729,1.00,1.00
2017.06.16 07:52:16.071,1.76691,1.76728,1.00,1.00
2017.06.16 07:52:17.072,1.76691,1.76729,1.00,1.00
2017.06.16 07:52:17.261,1.76691,1.76727,1.00,1.00
2017.06.16 07:52:17.463,1.76692,1.76729,1.00,1.00
2017.06.16 07:52:17.717,1.76691,1.76727,1.00,1.00
2017.06.16 07:52:18.433,1.76692,1.76727,1.00,1.00
2017.06.16 07:52:19.691,1.76692,1.76728,1.00,1.00
2017.06.16 07:52:21.017,1.76691,1.7673,1.09,1.00
2017.06.16 07:52:21.069,1.76701,1.76734,1.00,1.37
2017.06.16 07:52:21.120,1.76695,1.76731,1.00,1.00
2017.06.16 07:52:21.171,1.76696,1.76725,1.00,1.00
2017.06.16 07:52:21.281,1.76693,1.76725,1.00,1.00
2017.06.16 07:52:21.332,1.76691,1.76725,1.00,1.00
2017.06.16 07:52:22.196,1.76682,1.76723,1.87,1.00
2017.06.16 07:52:22.634,1.76684,1.76725,1.00,1.00
2017.06.16 07:52:22.937,1.76684,1.76723,1.00,1.00
2017.06.16 07:52:23.251,1.76685,1.76725,1.00,1.50
2017.06.16 07:52:23.782,1.76687,1.76726,1.00,1.00
2017.06.16 07:52:23.839,1.76685,1.76726,1.00,1.00
2017.06.16 07:52:24.347,1.76684,1.76726,1.00,1.00
2017.06.16 07:52:24.448,1.76692,1.76726,1.00,1.00
2017.06.16 07:52:24.550,1.76692,1.76728,1.00,1.00
2017.06.16 07:52:25.428,1.76689,1.76728,1.00,1.00
2017.06.16 07:52:26.036,1.76688,1.76728,1.00,1.00
2017.06.16 07:52:27.209,1.76688,1.76729,1.00,1.00
2017.06.16 07:52:27.260,1.76692,1.76729,1.00,1.00
2017.06.16 07:52:29.355,1.76688,1.76729,1.00,1.00
2017.06.16 07:52:29.456,1.76688,1.76727,1.00,1.00
2017.06.16 07:52:29.507,1.76688,1.76729,1.00,1.00
2017.06.16 07:52:29.558,1.76688,1.76731,1.00,1.00
2017.06.16 07:52:29.609,1.76688,1.76729,1.00,1.00
2017.06.16 07:52:30.348,1.76688,1.76728,1.00,1.00
2017.06.16 07:52:32.101,1.76688,1.7673,1.00,1.00
2017.06.16 07:52:32.211,1.76688,1.76727,1.00,1.00
2017.06.16 07:52:32.988,1.76687,1.76727,1.00,1.00
2017.06.16 07:52:34.176,1.76693,1.76727,1.00,1.00
2017.06.16 07:52:34.228,1.76693,1.76737,1.34,1.00
2017.06.16 07:52:34.279,1.76697,1.76735,1.00,1.00
2017.06.16 07:52:34.381,1.76695,1.76735,1.09,1.00
2017.06.16 07:52:34.432,1.76695,1.76732,1.00,1.00
2017.06.16 07:52:34.753,1.76691,1.76729,1.00,1.00
2017.06.16 07:52:36.340,1.76692,1.76734,1.34,1.00
2017.06.16 07:52:36.554,1.76695,1.76736,1.00,1.00
2017.06.16 07:52:37.075,1.76694,1.76736,1.00,1.00
2017.06.16 07:52:37.177,1.76692,1.76733,1.50,1.00
2017.06.16 07:52:37.228,1.76692,1.76735,1.50,1.00
2017.06.16 07:52:37.445,1.76692,1.76731,1.00,1.00
2017.06.16 07:52:37.547,1.76691,1.76734,1.00,1.00
2017.06.16 07:52:37.941,1.76692,1.76731,1.00,1.00
2017.06.16 07:52:38.145,1.76691,1.76734,1.09,1.50
2017.06.16 07:52:38.298,1.76691,1.76732,1.09,1.00
2017.06.16 07:52:38.601,1.76692,1.76729,1.00,1.00
2017.06.16 07:52:39.080,1.76702,1.76741,1.50,1.00
2017.06.16 07:52:39.132,1.76702,1.76743,1.71,1.00
2017.06.16 07:52:39.183,1.76705,1.76748,1.34,1.00
2017.06.16 07:52:39.862,1.76705,1.76748,1.34,1.00
2017.06.16 07:52:39.967,1.76713,1.76754,1.09,1.00
2017.06.16 07:52:40.019,1.76713,1.76751,1.00,1.00
2017.06.16 07:52:40.071,1.76711,1.76753,1.84,1.00
2017.06.16 07:52:40.122,1.76711,1.76757,1.84,1.00
2017.06.16 07:52:40.269,1.76711,1.76755,1.84,1.00
2017.06.16 07:52:40.627,1.76722,1.76755,1.00,1.00
2017.06.16 07:52:40.781,1.76723,1.76766,1.34,1.00
2017.06.16 07:52:40.832,1.76731,1.76767,1.00,1.00
2017.06.16 07:52:40.933,1.76723,1.76767,1.34,1.00
2017.06.16 07:52:40.984,1.76723,1.76764,1.34,1.00
2017.06.16 07:52:41.086,1.76723,1.76767,1.34,1.00
2017.06.16 07:52:41.236,1.76722,1.7676,1.00,1.00
2017.06.16 07:52:41.598,1.76722,1.76758,1.00,1.00
2017.06.16 07:52:42.126,1.76721,1.76758,1.00,1.00
2017.06.16 07:52:42.471,1.76721,1.76756,1.00,1.00
2017.06.16 07:52:42.806,1.76721,1.76754,1.00,1.00
2017.06.16 07:52:43.227,1.76715,1.76754,1.00,1.00
2017.06.16 07:52:44.349,1.76722,1.76756,1.00,1.00
2017.06.16 07:52:44.881,1.76722,1.76755,1.00,1.00
2017.06.16 07:52:45.514,1.76722,1.7676,1.00,1.00
2017.06.16 07:52:46.323,1.76722,1.7676,1.00,1.37
2017.06.16 07:52:48.230,1.76721,1.7676,1.00,1.00
2017.06.16 07:52:48.281,1.76721,1.76765,1.00,1.00
2017.06.16 07:52:48.964,1.76722,1.76765,1.00,1.00
2017.06.16 07:52:49.117,1.76724,1.76768,1.00,1.87
2017.06.16 07:52:49.218,1.76722,1.76768,1.00,1.87
2017.06.16 07:52:49.529,1.76722,1.76767,1.00,1.87
2017.06.16 07:52:50.255,1.76722,1.76767,1.00,1.87
2017.06.16 07:52:50.495,1.76722,1.76767,1.00,1.87
2017.06.16 07:52:51.498,1.76731,1.76765,1.00,1.87
2017.06.16 07:52:51.701,1.76731,1.76769,1.00,1.12
2017.06.16 07:52:51.803,1.76731,1.76772,1.00,1.50
2017.06.16 07:52:52.127,1.76732,1.7678,1.84,1.50
2017.06.16 07:52:52.229,1.76742,1.7678,1.00,1.00
2017.06.16 07:52:52.534,1.76734,1.76781,1.50,1.00
2017.06.16 07:52:52.635,1.76734,1.76781,1.00,1.37
2017.06.16 07:52:53.669,1.76734,1.76782,1.00,1.37
2017.06.16 07:52:54.000,1.76738,1.76783,1.00,1.87
2017.06.16 07:52:54.101,1.76734,1.76781,1.00,1.12
2017.06.16 07:52:54.383,1.76734,1.7678,1.00,1.87
2017.06.16 07:52:54.710,1.76732,1.76777,1.50,1.00
2017.06.16 07:52:57.680,1.76732,1.76777,1.50,1.37
2017.06.16 07:52:57.781,1.76732,1.76772,1.50,1.12
2017.06.16 07:52:57.832,1.76725,1.76771,1.37,1.87
2017.06.16 07:52:58.287,1.76723,1.76768,1.00,1.00
2017.06.16 07:52:59.666,1.76723,1.76768,1.00,1.87
2017.06.16 07:52:59.862,1.76722,1.76763,1.00,1.87
2017.06.16 07:53:00.179,1.76722,1.76761,1.00,1.00
2017.06.16 07:53:01.616,1.76722,1.76762,1.00,1.00
2017.06.16 07:53:03.146,1.76722,1.76761,1.00,1.00
2017.06.16 07:53:03.977,1.76722,1.76757,1.00,1.00
2017.06.16 07:53:04.028,1.76713,1.76756,1.00,1.00
2017.06.16 07:53:04.129,1.76711,1.76754,1.50,1.00
2017.06.16 07:53:04.332,1.76706,1.76753,1.00,1.50
2017.06.16 07:53:04.535,1.76705,1.76751,1.00,1.00
2017.06.16 07:53:04.840,1.76712,1.76751,1.00,1.00
2017.06.16 07:53:04.942,1.76712,1.76757,1.50,1.00
2017.06.16 07:53:05.193,1.76714,1.76758,1.00,1.00
2017.06.16 07:53:05.786,1.76714,1.76755,1.00,1.00
2017.06.16 07:53:05.837,1.76712,1.76755,1.50,1.00
2017.06.16 07:53:06.073,1.76712,1.76753,1.00,1.00
2017.06.16 07:53:06.863,1.76711,1.76754,1.00,1.00
2017.06.16 07:53:07.702,1.76711,1.76753,1.00,1.00
2017.06.16 07:53:08.234,1.76712,1.76753,1.00,1.00
2017.06.16 07:53:08.515,1.76713,1.76759,1.00,1.00
2017.06.16 07:53:08.734,1.76713,1.76761,1.00,1.50
2017.06.16 07:53:09.705,1.76712,1.76761,1.50,1.50
2017.06.16 07:53:10.591,1.76714,1.76761,1.00,1.00
2017.06.16 07:53:11.019,1.76721,1.76762,1.00,1.87
2017.06.16 07:53:11.549,1.76721,1.76762,1.00,1.12
2017.06.16 07:53:11.882,1.76731,1.76773,1.00,1.50
2017.06.16 07:53:11.983,1.76734,1.76773,1.00,1.00
2017.06.16 07:53:12.034,1.76735,1.7678,1.00,1.87
2017.06.16 07:53:12.136,1.76737,1.76781,1.00,1.12
2017.06.16 07:53:12.869,1.76736,1.76781,1.00,1.12
2017.06.16 07:53:13.192,1.76736,1.76781,1.50,1.37
2017.06.16 07:53:13.712,1.76727,1.76772,1.00,1.12
2017.06.16 07:53:14.017,1.76729,1.76774,1.09,1.12
2017.06.16 07:53:14.323,1.76732,1.76774,1.00,1.00
2017.06.16 07:53:14.425,1.76732,1.76779,1.00,1.87
2017.06.16 07:53:14.804,1.76732,1.76779,1.84,3.37
2017.06.16 07:53:14.855,1.76732,1.76779,1.84,1.87
2017.06.16 07:53:14.906,1.76732,1.76779,2.59,1.50
2017.06.16 07:53:14.958,1.76735,1.7678,1.50,1.37
2017.06.16 07:53:15.521,1.76736,1.76781,1.50,1.37
2017.06.16 07:53:15.731,1.76736,1.76781,1.50,1.12
2017.06.16 07:53:17.315,1.76737,1.76781,1.00,1.12
2017.06.16 07:53:17.411,1.76736,1.76779,1.00,1.00
2017.06.16 07:53:17.971,1.76736,1.7677,1.00,1.00
2017.06.16 07:53:18.022,1.76732,1.76769,1.00,1.00
2017.06.16 07:53:18.124,1.76732,1.76772,1.00,1.12
2017.06.16 07:53:18.253,1.76732,1.7677,1.00,1.87
2017.06.16 07:53:18.625,1.76732,1.76766,1.00,1.00
2017.06.16 07:53:19.238,1.76732,1.76765,1.00,1.00
2017.06.16 07:53:19.740,1.76723,1.76765,1.00,1.00
2017.06.16 07:53:20.324,1.76724,1.76766,1.00,1.00
2017.06.16 07:53:20.934,1.76723,1.76765,1.50,1.00
2017.06.16 07:53:21.357,1.76723,1.76762,1.00,1.00
2017.06.16 07:53:21.900,1.76725,1.76763,1.00,1.00
2017.06.16 07:53:22.218,1.76732,1.76767,1.00,1.00
2017.06.16 07:53:22.522,1.76732,1.76769,1.00,1.00
2017.06.16 07:53:22.844,1.76732,1.76767,1.00,1.00
2017.06.16 07:53:23.252,1.76732,1.76772,1.50,1.00
2017.06.16 07:53:23.563,1.76733,1.76774,1.00,1.00
2017.06.16 07:53:23.970,1.76732,1.76768,1.00,1.00
2017.06.16 07:53:24.021,1.76729,1.76768,1.00,1.00
2017.06.16 07:53:24.997,1.76732,1.76768,1.00,1.00
2017.06.16 07:53:25.557,1.76731,1.76768,1.00,1.00
2017.06.16 07:53:25.912,1.76726,1.76766,1.00,1.00
2017.06.16 07:53:25.964,1.76722,1.76763,1.00,1.00
2017.06.16 07:53:26.116,1.76724,1.76763,1.00,1.00
2017.06.16 07:53:26.696,1.76725,1.76763,1.00,1.00
2017.06.16 07:53:27.265,1.76724,1.76763,1.00,1.00
2017.06.16 07:53:27.847,1.76725,1.76765,1.00,1.00
2017.06.16 07:53:28.570,1.76727,1.76765,1.00,1.00
2017.06.16 07:53:28.773,1.76731,1.76773,1.50,1.00
2017.06.16 07:53:28.875,1.76729,1.76769,1.00,1.00
2017.06.16 07:53:29.189,1.76731,1.76766,1.00,1.00
2017.06.16 07:53:29.342,1.76725,1.76765,1.00,1.00
2017.06.16 07:53:29.443,1.76724,1.76762,1.00,1.00
2017.06.16 07:53:29.596,1.76722,1.76762,1.00,1.00
2017.06.16 07:53:30.359,1.76725,1.76762,1.00,1.00
2017.06.16 07:53:30.522,1.76723,1.76762,1.00,1.00
2017.06.16 07:53:30.830,1.76725,1.76765,1.00,1.00
2017.06.16 07:53:31.503,1.76726,1.76766,1.00,1.00
2017.06.16 07:53:32.132,1.76724,1.76764,1.00,1.00
2017.06.16 07:53:32.436,1.76721,1.76759,1.00,1.00
2017.06.16 07:53:34.867,1.76721,1.76757,1.00,1.00
2017.06.16 07:53:36.365,1.76718,1.76757,1.00,1.00
2017.06.16 07:53:37.038,1.76718,1.76758,1.00,1.00
2017.06.16 07:53:37.987,1.76718,1.76757,1.00,1.00
2017.06.16 07:53:38.038,1.76716,1.76757,1.00,1.00
2017.06.16 07:53:38.580,1.76716,1.76756,1.00,1.00
2017.06.16 07:53:38.632,1.76713,1.76756,1.50,1.00
2017.06.16 07:53:38.785,1.76713,1.76754,1.00,1.00
2017.06.16 07:53:39.236,1.76715,1.76754,1.00,1.00
2017.06.16 07:53:39.761,1.76714,1.76755,1.00,1.00
2017.06.16 07:53:40.336,1.76713,1.76755,1.00,1.00
2017.06.16 07:53:43.160,1.76714,1.76755,1.00,1.00
2017.06.16 07:53:43.747,1.76715,1.76754,1.00,1.00
2017.06.16 07:53:47.584,1.76716,1.76754,1.00,1.00
2017.06.16 07:53:47.955,1.76717,1.76757,1.00,1.00
2017.06.16 07:53:50.164,1.76717,1.76755,1.00,1.00
2017.06.16 07:53:50.469,1.76721,1.76758,1.00,1.00
2017.06.16 07:53:50.854,1.76721,1.7676,1.50,1.00
2017.06.16 07:53:51.555,1.76721,1.76759,1.00,1.00
2017.06.16 07:53:53.278,1.76722,1.76759,1.00,1.00
2017.06.16 07:53:53.380,1.76722,1.76761,1.00,1.00
2017.06.16 07:53:53.704,1.76723,1.76763,1.00,1.00
2017.06.16 07:53:53.957,1.76722,1.76761,1.00,1.00
2017.06.16 07:53:54.274,1.76729,1.76763,1.00,1.00
2017.06.16 07:53:54.376,1.76732,1.76768,1.50,1.00
2017.06.16 07:53:54.479,1.76732,1.76771,2.25,1.00
2017.06.16 07:53:54.860,1.76732,1.76774,3.00,1.00
2017.06.16 07:53:55.059,1.76735,1.76775,1.00,1.00
2017.06.16 07:54:01.005,1.76733,1.76775,1.00,1.00
2017.06.16 07:54:01.207,1.76732,1.76773,1.50,1.00
2017.06.16 07:54:01.360,1.76733,1.76775,1.00,1.00
2017.06.16 07:54:01.410,1.76727,1.76765,1.00,1.00
2017.06.16 07:54:01.571,1.76725,1.76764,1.50,1.00
2017.06.16 07:54:03.810,1.76727,1.76764,1.00,1.00
2017.06.16 07:54:04.013,1.76725,1.76766,1.50,1.37
2017.06.16 07:54:04.474,1.76727,1.76767,1.00,1.12
2017.06.16 07:54:04.671,1.76725,1.76766,1.50,1.00
2017.06.16 07:54:05.264,1.76726,1.76766,1.00,1.12
2017.06.16 07:54:05.874,1.76725,1.76766,2.25,1.12
2017.06.16 07:54:06.304,1.76725,1.76764,1.00,1.00
2017.06.16 07:54:06.705,1.76725,1.76766,1.50,1.12
2017.06.16 07:54:07.677,1.76725,1.76764,1.00,1.00
2017.06.16 07:54:09.076,1.76731,1.76764,1.00,1.00
2017.06.16 07:54:09.178,1.76731,1.76768,1.00,1.00
2017.06.16 07:54:10.420,1.76731,1.7677,1.00,1.37
2017.06.16 07:54:10.522,1.76725,1.76767,2.25,1.00
2017.06.16 07:54:10.725,1.76725,1.76765,1.50,1.00
2017.06.16 07:54:11.585,1.76732,1.76771,1.00,1.00
2017.06.16 07:54:12.108,1.76732,1.76768,1.00,1.00
2017.06.16 07:54:12.382,1.76732,1.7677,1.00,1.00
2017.06.16 07:54:13.191,1.76732,1.76769,1.00,1.00
2017.06.16 07:54:15.212,1.76728,1.76769,1.50,1.00
2017.06.16 07:54:15.264,1.76751,1.76769,1.00,1.00
2017.06.16 07:54:15.365,1.76743,1.76767,1.34,1.00
2017.06.16 07:54:15.417,1.76754,1.76788,1.00,1.12
2017.06.16 07:54:15.518,1.76754,1.76794,1.00,1.00
2017.06.16 07:54:15.671,1.76756,1.76794,1.00,1.00
2017.06.16 07:54:16.114,1.76757,1.76796,1.00,1.00
2017.06.16 07:54:16.988,1.76758,1.76798,1.00,1.00
2017.06.16 07:54:20.006,1.76757,1.76797,1.00,1.00
2017.06.16 07:54:20.934,1.76756,1.76797,2.25,1.00
2017.06.16 07:54:22.736,1.76756,1.76797,2.62,1.00
2017.06.16 07:54:25.380,1.76756,1.76797,2.62,1.00
2017.06.16 07:54:25.431,1.76758,1.76798,1.00,1.00
2017.06.16 07:54:26.014,1.76759,1.76799,1.00,1.00
2017.06.16 07:54:28.080,1.76757,1.76799,1.00,1.00
2017.06.16 07:54:28.616,1.76758,1.768,1.00,1.00
2017.06.16 07:54:33.068,1.76759,1.768,1.00,1.00
2017.06.16 07:54:33.807,1.76762,1.768,1.00,1.00
2017.06.16 07:54:34.051,1.76762,1.76802,1.00,1.50
2017.06.16 07:54:34.153,1.76764,1.76804,1.00,1.00
2017.06.16 07:54:34.305,1.76764,1.76806,1.00,1.50
2017.06.16 07:54:34.356,1.76766,1.76806,1.00,1.50
2017.06.16 07:54:34.902,1.76766,1.76805,1.00,1.00
2017.06.16 07:54:43.448,1.76764,1.76804,1.00,1.00
2017.06.16 07:54:44.135,1.76764,1.76805,1.00,1.12
2017.06.16 07:54:46.194,1.76764,1.76804,1.00,1.00
2017.06.16 07:54:48.972,1.76765,1.76804,1.00,1.00
2017.06.16 07:54:55.516,1.76765,1.76805,1.00,1.12
2017.06.16 07:54:56.045,1.76765,1.76804,1.00,1.00
2017.06.16 07:54:56.556,1.76765,1.76805,1.00,1.12
2017.06.16 07:54:57.730,1.76767,1.76806,1.00,1.37
2017.06.16 07:54:57.985,1.76765,1.76806,1.00,1.87
2017.06.16 07:55:00.740,1.76765,1.76803,1.00,1.00
2017.06.16 07:55:01.950,1.76765,1.76802,1.00,1.00
2017.06.16 07:55:03.143,1.76765,1.768,1.00,1.00
2017.06.16 07:55:03.447,1.76765,1.76802,1.00,1.00
2017.06.16 07:55:05.811,1.76763,1.76802,1.00,1.00
2017.06.16 07:55:06.418,1.76763,1.76803,1.50,1.00
2017.06.16 07:55:07.200,1.76763,1.76805,1.50,1.00
2017.06.16 07:55:08.684,1.76768,1.76806,1.00,1.00
2017.06.16 07:55:08.792,1.76773,1.76813,1.00,1.00
2017.06.16 07:55:08.894,1.76775,1.76814,1.00,1.00
2017.06.16 07:55:09.198,1.76779,1.76818,1.00,1.00
2017.06.16 07:55:09.883,1.76778,1.76817,1.00,1.00
2017.06.16 07:55:10.353,1.76778,1.76819,1.50,1.00
2017.06.16 07:55:10.858,1.76778,1.76818,1.00,1.00
2017.06.16 07:55:11.054,1.76778,1.768,1.00,1.00
2017.06.16 07:55:11.157,1.76752,1.76792,1.75,1.00
2017.06.16 07:55:11.263,1.76752,1.76792,1.00,1.00
2017.06.16 07:55:11.744,1.76755,1.76792,1.00,1.00
2017.06.16 07:55:11.794,1.76754,1.76794,1.50,1.00
2017.06.16 07:55:11.846,1.76757,1.76794,1.00,1.00
2017.06.16 07:55:11.897,1.76756,1.76796,1.00,1.00
2017.06.16 07:55:12.085,1.76754,1.76795,1.00,1.00
2017.06.16 07:55:12.187,1.76752,1.76791,2.25,1.00
2017.06.16 07:55:12.737,1.76752,1.76792,2.25,1.00
2017.06.16 07:55:13.310,1.76754,1.76792,1.00,1.00
2017.06.16 07:55:13.361,1.76755,1.76795,1.00,1.12
2017.06.16 07:55:14.230,1.76758,1.76795,1.00,1.00
2017.06.16 07:55:14.282,1.76762,1.76802,1.00,1.00
2017.06.16 07:55:14.990,1.7676,1.76798,1.00,1.00
2017.06.16 07:55:15.041,1.76757,1.76798,1.37,1.00
2017.06.16 07:55:15.091,1.76752,1.76792,1.37,1.00
2017.06.16 07:55:15.142,1.76752,1.76792,1.00,1.00
2017.06.16 07:55:15.497,1.76754,1.76795,1.00,1.00
2017.06.16 07:55:15.598,1.76754,1.76797,1.50,1.00
2017.06.16 07:55:15.649,1.76761,1.76797,1.00,1.00
2017.06.16 07:55:16.130,1.76754,1.76799,2.25,1.37
2017.06.16 07:55:16.181,1.76754,1.76796,1.12,1.00
2017.06.16 07:55:16.485,1.76756,1.76798,1.00,1.00
2017.06.16 07:55:16.815,1.76753,1.76798,1.50,1.37
2017.06.16 07:55:16.868,1.76753,1.76798,1.50,1.12
2017.06.16 07:55:17.022,1.76754,1.76798,1.00,1.37
2017.06.16 07:55:17.438,1.76755,1.76798,1.00,1.00
2017.06.16 07:55:17.489,1.76755,1.76796,1.00,1.00
2017.06.16 07:55:17.804,1.76759,1.76798,1.00,1.00
2017.06.16 07:55:17.987,1.76761,1.76801,1.00,1.00
2017.06.16 07:55:18.514,1.76761,1.768,1.00,1.00
2017.06.16 07:55:19.011,1.76761,1.76803,1.00,1.00
2017.06.16 07:55:19.558,1.7676,1.76802,1.00,1.00
2017.06.16 07:55:19.873,1.7676,1.768,1.00,1.00
2017.06.16 07:55:20.217,1.76761,1.76803,1.00,1.00
2017.06.16 07:55:20.369,1.76759,1.76803,2.25,1.00
2017.06.16 07:55:21.653,1.7676,1.76803,1.00,1.00
2017.06.16 07:55:22.016,1.76768,1.76801,1.00,1.00
2017.06.16 07:55:22.237,1.76774,1.76811,1.00,1.00
2017.06.16 07:55:22.289,1.76777,1.7682,1.00,1.50
2017.06.16 07:55:22.492,1.76775,1.76818,1.50,1.00
2017.06.16 07:55:23.030,1.76776,1.76818,1.00,1.00
2017.06.16 07:55:23.286,1.76776,1.76821,1.50,2.25
2017.06.16 07:55:23.692,1.76775,1.76818,1.50,1.00
2017.06.16 07:55:24.348,1.76775,1.76814,1.00,1.00
2017.06.16 07:55:24.399,1.76776,1.76816,1.00,1.00
2017.06.16 07:55:24.501,1.76768,1.76811,1.50,1.00
2017.06.16 07:55:24.895,1.7677,1.76811,1.00,1.00
2017.06.16 07:55:25.777,1.7677,1.7681,1.00,1.00
2017.06.16 07:55:25.879,1.76768,1.7681,1.00,1.00
2017.06.16 07:55:26.115,1.7677,1.76812,1.00,1.00
2017.06.16 07:55:26.390,1.76768,1.76812,1.00,1.00
2017.06.16 07:55:26.492,1.76765,1.76807,1.50,1.00
2017.06.16 07:55:26.797,1.76767,1.76807,1.00,1.00
2017.06.16 07:55:27.314,1.76768,1.76806,1.00,1.00
2017.06.16 07:55:27.952,1.76767,1.76807,1.00,1.00
2017.06.16 07:55:28.206,1.76772,1.76813,1.00,1.00
2017.06.16 07:55:28.712,1.76771,1.76813,1.00,1.00
2017.06.16 07:55:28.967,1.76768,1.76813,1.50,1.00
2017.06.16 07:55:29.648,1.76768,1.76812,1.00,1.00
2017.06.16 07:55:30.687,1.7677,1.76813,1.00,1.00
2017.06.16 07:55:30.738,1.76768,1.76812,1.00,1.00
2017.06.16 07:55:30.872,1.76768,1.76808,1.00,1.00
2017.06.16 07:55:30.974,1.76759,1.76803,2.25,1.00
2017.06.16 07:55:31.025,1.76759,1.768,2.25,1.00
2017.06.16 07:55:32.161,1.76764,1.768,1.00,1.00
2017.06.16 07:55:32.294,1.7677,1.7681,1.00,1.50
2017.06.16 07:55:32.345,1.76771,1.76813,1.00,1.00
2017.06.16 07:55:32.947,1.76772,1.76813,1.00,1.00
2017.06.16 07:55:34.488,1.76772,1.76814,1.00,1.00
2017.06.16 07:55:34.590,1.76773,1.76816,1.00,1.00
2017.06.16 07:55:34.641,1.76778,1.76816,1.00,1.00
2017.06.16 07:55:34.692,1.7678,1.76822,1.00,1.12
2017.06.16 07:55:34.793,1.76782,1.76825,1.00,1.87
2017.06.16 07:55:34.844,1.76782,1.76821,1.00,1.00
2017.06.16 07:55:34.895,1.76778,1.7682,1.00,1.00
2017.06.16 07:55:34.946,1.76778,1.76818,1.00,1.00
2017.06.16 07:55:34.997,1.76774,1.76818,1.50,1.50
2017.06.16 07:55:35.435,1.76772,1.76817,2.25,1.00
2017.06.16 07:55:35.590,1.76776,1.76819,1.00,1.00
2017.06.16 07:55:35.891,1.76775,1.76817,1.50,1.00
2017.06.16 07:55:36.196,1.76782,1.7682,1.00,1.00
2017.06.16 07:55:36.551,1.76776,1.76819,1.00,1.00
2017.06.16 07:55:36.703,1.76778,1.7682,1.00,1.00
2017.06.16 07:55:37.010,1.76774,1.76819,1.00,1.50
2017.06.16 07:55:37.112,1.76774,1.76813,1.00,1.00
2017.06.16 07:55:37.215,1.76775,1.76817,1.00,1.00
2017.06.16 07:55:37.367,1.76782,1.76817,1.00,1.00
2017.06.16 07:55:41.830,1.76774,1.76817,1.00,1.00
2017.06.16 07:55:41.881,1.76772,1.76814,2.25,1.00
2017.06.16 07:55:41.932,1.76772,1.76816,1.50,1.00
2017.06.16 07:55:42.033,1.76772,1.7681,1.00,1.00
2017.06.16 07:55:42.536,1.76772,1.76806,1.00,1.00
2017.06.16 07:55:42.755,1.76764,1.76806,1.00,1.00
2017.06.16 07:55:42.908,1.76763,1.76802,1.00,1.00
2017.06.16 07:55:42.959,1.76761,1.76802,1.87,1.00
2017.06.16 07:55:43.564,1.76762,1.76801,1.00,1.00
2017.06.16 07:55:44.495,1.76763,1.76801,1.00,1.00
2017.06.16 07:55:44.546,1.76767,1.76802,1.00,1.00
2017.06.16 07:55:44.598,1.76765,1.76802,1.50,1.00
2017.06.16 07:55:44.650,1.76767,1.76808,1.00,1.00
2017.06.16 07:55:45.117,1.76767,1.7681,1.00,1.00
2017.06.16 07:55:45.404,1.76767,1.76808,1.00,1.00
2017.06.16 07:55:45.704,1.76767,1.76812,1.00,1.00
2017.06.16 07:55:46.918,1.7677,1.76811,1.00,1.00
2017.06.16 07:55:47.224,1.7677,1.76813,1.00,1.00
2017.06.16 07:55:50.234,1.76769,1.76813,1.00,1.00
2017.06.16 07:55:50.336,1.76767,1.7681,1.50,1.00
2017.06.16 07:55:50.861,1.76767,1.76811,1.00,1.00
2017.06.16 07:55:51.468,1.76769,1.76811,1.00,1.00
2017.06.16 07:55:51.938,1.76769,1.76813,1.00,1.00
2017.06.16 07:55:53.083,1.7677,1.76813,1.00,1.00
2017.06.16 07:55:53.416,1.76769,1.76811,1.00,1.00
2017.06.16 07:55:53.926,1.7677,1.76811,1.00,1.00
2017.06.16 07:55:54.857,1.76768,1.76811,1.00,1.00
2017.06.16 07:55:55.316,1.76767,1.76808,1.50,1.00
2017.06.16 07:55:55.719,1.76768,1.76815,1.00,1.67
2017.06.16 07:55:56.430,1.76767,1.76814,1.00,1.67
2017.06.16 07:55:56.973,1.76767,1.76808,1.50,1.00
2017.06.16 07:55:57.645,1.76768,1.76808,1.00,1.00
2017.06.16 07:55:57.719,1.76768,1.76811,1.00,1.00
2017.06.16 07:55:58.024,1.7677,1.76811,1.00,1.00
2017.06.16 07:55:58.446,1.76772,1.76811,1.00,1.00
2017.06.16 07:55:59.347,1.7677,1.76811,1.00,1.00
2017.06.16 07:55:59.893,1.76771,1.76811,1.50,1.00
2017.06.16 07:56:00.156,1.76769,1.76811,1.00,1.00
2017.06.16 07:56:00.326,1.76767,1.76811,1.50,1.00
2017.06.16 07:56:00.531,1.76768,1.76813,1.00,1.00
2017.06.16 07:56:01.061,1.76769,1.76812,1.00,1.00
2017.06.16 07:56:01.568,1.76769,1.76815,1.00,1.37
2017.06.16 07:56:01.789,1.76769,1.76815,1.00,1.00
2017.06.16 07:56:01.840,1.76772,1.76816,1.50,1.12
2017.06.16 07:56:03.034,1.76772,1.76811,1.50,1.00
2017.06.16 07:56:03.086,1.7677,1.76811,1.00,1.00
2017.06.16 07:56:03.140,1.76768,1.76811,1.00,1.00
2017.06.16 07:56:03.437,1.76771,1.76811,1.00,1.00
2017.06.16 07:56:03.488,1.76769,1.76811,1.00,1.00
2017.06.16 07:56:03.539,1.76771,1.76812,1.00,1.00
2017.06.16 07:56:04.188,1.76771,1.76811,1.00,1.00
2017.06.16 07:56:04.766,1.7677,1.76812,1.00,1.00
2017.06.16 07:56:05.342,1.7677,1.76813,1.00,1.00
2017.06.16 07:56:05.646,1.76771,1.76811,1.00,1.00
2017.06.16 07:56:06.306,1.76772,1.76812,1.00,1.00
2017.06.16 07:56:06.458,1.76772,1.76814,1.00,1.00
2017.06.16 07:56:07.007,1.76771,1.76814,1.00,1.00
2017.06.16 07:56:08.337,1.76772,1.76816,1.00,1.00
2017.06.16 07:56:08.662,1.7677,1.76813,2.25,1.00
2017.06.16 07:56:09.277,1.7677,1.76812,1.50,1.00
2017.06.16 07:56:11.399,1.76771,1.76812,1.00,1.00
2017.06.16 07:56:11.450,1.76772,1.76814,1.00,1.00
2017.06.16 07:56:11.642,1.76774,1.76816,1.00,1.00
2017.06.16 07:56:11.795,1.76771,1.76816,1.00,1.00
2017.06.16 07:56:11.846,1.76771,1.76813,1.00,1.00
2017.06.16 07:56:12.596,1.76772,1.76813,1.00,1.00
2017.06.16 07:56:13.102,1.76771,1.76812,1.00,1.00
2017.06.16 07:56:13.810,1.7677,1.7681,1.00,1.12
2017.06.16 07:56:14.064,1.76751,1.76796,2.25,1.00
2017.06.16 07:56:14.217,1.76753,1.76796,1.00,1.00
2017.06.16 07:56:14.577,1.76751,1.76793,1.50,1.00
2017.06.16 07:56:15.167,1.76751,1.7679,1.00,1.00
2017.06.16 07:56:15.518,1.76752,1.7679,1.00,1.37
2017.06.16 07:56:15.569,1.76744,1.76789,1.00,1.00
2017.06.16 07:56:15.671,1.76743,1.7678,1.00,1.00
2017.06.16 07:56:16.066,1.76743,1.76778,1.00,1.00
2017.06.16 07:56:16.168,1.76743,1.76781,1.00,1.00
2017.06.16 07:56:16.473,1.76744,1.76784,1.00,1.00
2017.06.16 07:56:16.666,1.76746,1.76784,1.00,1.00
2017.06.16 07:56:16.768,1.76749,1.76788,1.00,1.00
2017.06.16 07:56:16.971,1.76752,1.76788,1.00,1.00
2017.06.16 07:56:17.046,1.76752,1.76792,1.00,1.00
2017.06.16 07:56:17.199,1.76757,1.76792,1.00,1.00
2017.06.16 07:56:17.381,1.76757,1.76798,1.00,1.00
2017.06.16 07:56:17.584,1.76759,1.76798,1.00,1.00
2017.06.16 07:56:17.686,1.76759,1.76802,1.00,1.00
2017.06.16 07:56:20.592,1.76757,1.76802,1.00,1.00
2017.06.16 07:56:21.413,1.76766,1.76802,1.00,1.00
2017.06.16 07:56:21.464,1.76759,1.76804,2.25,1.00
2017.06.16 07:56:21.976,1.76759,1.76803,1.00,1.00
2017.06.16 07:56:22.166,1.76756,1.76798,1.00,1.00
2017.06.16 07:56:22.217,1.76756,1.76802,1.00,1.50
2017.06.16 07:56:22.269,1.76752,1.76796,1.87,1.00
2017.06.16 07:56:22.936,1.76753,1.76795,1.00,1.00
2017.06.16 07:56:24.832,1.76755,1.76795,1.00,1.00
2017.06.16 07:56:24.883,1.76757,1.76801,1.50,1.00
2017.06.16 07:56:24.988,1.76759,1.76802,1.00,1.00
2017.06.16 07:56:25.090,1.76764,1.76809,1.34,1.00
2017.06.16 07:56:25.141,1.76768,1.76809,1.00,1.00
2017.06.16 07:56:25.192,1.76771,1.76815,1.00,1.00
2017.06.16 07:56:25.243,1.76774,1.76815,1.00,1.00
2017.06.16 07:56:25.294,1.76773,1.76818,1.50,1.50
2017.06.16 07:56:26.175,1.76772,1.76817,1.00,1.00
2017.06.16 07:56:26.722,1.76773,1.76818,1.00,1.50
2017.06.16 07:56:27.057,1.76773,1.76816,1.00,1.00
2017.06.16 07:56:27.431,1.76773,1.76814,1.00,1.00
2017.06.16 07:56:27.482,1.76769,1.76812,1.00,1.00
2017.06.16 07:56:27.634,1.76772,1.76812,1.00,1.00
2017.06.16 07:56:27.685,1.76773,1.76816,1.00,1.00
2017.06.16 07:56:27.786,1.76773,1.76818,1.50,1.00
2017.06.16 07:56:28.198,1.76775,1.76817,1.00,1.00
2017.06.16 07:56:28.465,1.76775,1.76819,1.00,1.00
2017.06.16 07:56:28.872,1.76771,1.76815,1.00,1.00
2017.06.16 07:56:29.175,1.76767,1.7681,1.00,1.00
2017.06.16 07:56:29.386,1.76773,1.76818,1.50,1.00
2017.06.16 07:56:29.437,1.76773,1.76815,1.00,1.00
2017.06.16 07:56:29.589,1.7677,1.76813,1.00,1.00
2017.06.16 07:56:29.791,1.76773,1.76813,1.00,1.00
2017.06.16 07:56:29.893,1.76775,1.76818,1.00,1.00
2017.06.16 07:56:30.045,1.76773,1.76818,1.50,1.00
2017.06.16 07:56:30.096,1.76773,1.76815,1.00,1.00
2017.06.16 07:56:30.146,1.76771,1.76815,1.00,1.00
2017.06.16 07:56:30.197,1.76769,1.76814,1.50,1.00
2017.06.16 07:56:30.400,1.76769,1.76812,1.00,1.00
2017.06.16 07:56:30.773,1.76774,1.76815,1.00,1.00
2017.06.16 07:56:31.035,1.76771,1.76815,1.00,1.00
2017.06.16 07:56:31.289,1.7677,1.76813,1.00,1.00
2017.06.16 07:56:31.593,1.76766,1.7681,1.00,1.00
2017.06.16 07:56:31.864,1.76766,1.76807,1.00,1.00
2017.06.16 07:56:32.404,1.76767,1.76807,1.00,1.00
2017.06.16 07:56:33.007,1.76767,1.76806,1.00,1.00
2017.06.16 07:56:33.539,1.76768,1.76806,1.00,1.00
2017.06.16 07:56:33.691,1.76768,1.76808,1.00,1.00
2017.06.16 07:56:34.004,1.76769,1.76811,1.00,1.00
2017.06.16 07:56:34.990,1.76768,1.76811,1.00,1.00
2017.06.16 07:56:35.647,1.76769,1.76811,1.00,1.00
2017.06.16 07:56:38.493,1.7677,1.76813,1.00,1.00
2017.06.16 07:56:39.481,1.76767,1.76812,1.00,1.00
2017.06.16 07:56:39.583,1.76767,1.76809,1.00,1.00
2017.06.16 07:56:40.103,1.76767,1.76808,1.00,1.00
2017.06.16 07:56:41.485,1.76766,1.76808,1.00,1.00
2017.06.16 07:56:42.107,1.76765,1.76808,1.00,1.00
2017.06.16 07:56:42.159,1.76763,1.76807,1.00,1.00
2017.06.16 07:56:42.210,1.76759,1.76798,1.37,1.00
2017.06.16 07:56:42.261,1.76759,1.76798,1.00,1.00
2017.06.16 07:56:42.312,1.76757,1.76794,1.00,1.00
2017.06.16 07:56:42.478,1.76757,1.76797,1.00,1.00
2017.06.16 07:56:42.799,1.76757,1.76794,1.00,1.00
2017.06.16 07:56:43.646,1.76758,1.76794,1.00,1.00
2017.06.16 07:56:43.697,1.76758,1.76797,1.00,1.00
2017.06.16 07:56:46.117,1.76757,1.76797,1.00,1.00
2017.06.16 07:56:46.600,1.76758,1.76795,1.00,1.00
2017.06.16 07:56:46.651,1.76756,1.76795,1.00,1.00
2017.06.16 07:56:46.827,1.76758,1.76795,1.00,1.00
2017.06.16 07:56:46.928,1.76756,1.76796,1.00,1.00
2017.06.16 07:56:47.129,1.76757,1.76794,1.00,1.00
2017.06.16 07:56:47.331,1.76758,1.76797,1.00,1.00
2017.06.16 07:56:48.339,1.76759,1.76797,1.00,1.00
2017.06.16 07:56:48.858,1.76769,1.76798,1.00,1.00
2017.06.16 07:56:49.011,1.76771,1.76812,1.00,1.00
2017.06.16 07:56:49.645,1.7677,1.76813,1.00,1.00
2017.06.16 07:56:50.590,1.76772,1.76813,1.00,1.00
2017.06.16 07:56:50.789,1.76772,1.76815,1.50,1.00
2017.06.16 07:56:51.317,1.76773,1.76816,1.00,1.00
2017.06.16 07:56:51.626,1.76773,1.76819,1.00,1.87
2017.06.16 07:56:52.027,1.76771,1.76815,1.00,1.00
2017.06.16 07:56:52.362,1.76759,1.76803,1.50,1.00
2017.06.16 07:56:53.093,1.76758,1.76801,1.50,1.00
2017.06.16 07:56:53.292,1.76758,1.76804,1.50,1.12
2017.06.16 07:56:53.394,1.76758,1.768,1.00,1.00
2017.06.16 07:56:53.941,1.76757,1.768,1.00,1.00
2017.06.16 07:56:54.256,1.76755,1.76798,1.00,1.00
2017.06.16 07:56:54.590,1.76757,1.76796,1.00,1.00
2017.06.16 07:56:54.641,1.76757,1.76799,1.00,1.00
2017.06.16 07:56:55.147,1.76757,1.768,1.00,1.00
2017.06.16 07:56:55.198,1.76756,1.76798,1.00,1.00
2017.06.16 07:56:55.629,1.76759,1.76799,1.00,1.00
2017.06.16 07:56:55.730,1.76759,1.76801,1.00,1.00
2017.06.16 07:56:55.832,1.76759,1.76804,1.00,1.37
2017.06.16 07:56:57.480,1.76759,1.76804,1.00,1.12
2017.06.16 07:56:57.914,1.76759,1.76801,1.00,1.00
2017.06.16 07:56:58.016,1.76759,1.76803,1.00,1.00
2017.06.16 07:56:58.067,1.76762,1.76803,1.00,1.00
2017.06.16 07:56:58.229,1.76766,1.7681,1.34,1.00
2017.06.16 07:56:58.330,1.76766,1.76812,1.50,1.12
2017.06.16 07:56:58.381,1.76766,1.76811,1.50,1.37
2017.06.16 07:56:58.584,1.76762,1.76807,1.09,1.00
2017.06.16 07:56:58.801,1.76762,1.76805,1.09,1.00
2017.06.16 07:57:00.238,1.76763,1.76802,1.00,1.00
2017.06.16 07:57:00.340,1.76762,1.76805,1.50,1.00
2017.06.16 07:57:00.391,1.76767,1.76805,1.00,1.00
2017.06.16 07:57:00.442,1.76768,1.76808,1.00,1.00
2017.06.16 07:57:00.707,1.76767,1.76805,1.00,1.00
2017.06.16 07:57:00.910,1.76766,1.76807,1.00,1.00
2017.06.16 07:57:01.214,1.76769,1.76813,1.00,1.00
2017.06.16 07:57:01.417,1.76771,1.76813,1.00,1.00
2017.06.16 07:57:02.006,1.76772,1.76815,1.00,1.00
2017.06.16 07:57:02.232,1.76772,1.76812,1.00,1.00
2017.06.16 07:57:02.333,1.76765,1.76807,1.00,1.00
2017.06.16 07:57:02.435,1.76765,1.76802,1.00,1.00
2017.06.16 07:57:02.486,1.76764,1.76807,1.00,1.00
2017.06.16 07:57:02.538,1.76763,1.76804,1.00,1.00
2017.06.16 07:57:02.742,1.76764,1.76806,1.00,1.00
2017.06.16 07:57:02.844,1.76762,1.76806,1.00,1.00
2017.06.16 07:57:02.946,1.76762,1.76804,1.34,1.00
2017.06.16 07:57:03.048,1.76763,1.76807,1.00,1.00
2017.06.16 07:57:03.251,1.76761,1.76804,1.00,1.00
2017.06.16 07:57:03.353,1.76759,1.76804,1.50,1.00
2017.06.16 07:57:03.469,1.76759,1.76802,1.00,1.00
2017.06.16 07:57:03.521,1.76763,1.76808,1.00,1.50
2017.06.16 07:57:03.622,1.7676,1.76801,1.00,1.00
2017.06.16 07:57:03.708,1.7676,1.76805,1.50,1.00
2017.06.16 07:57:04.036,1.76762,1.76804,1.00,1.00
2017.06.16 07:57:04.087,1.7676,1.76804,1.00,1.00
2017.06.16 07:57:04.668,1.7676,1.76803,1.50,1.00
2017.06.16 07:57:07.630,1.7676,1.76796,1.00,1.00
2017.06.16 07:57:07.884,1.76743,1.76787,2.25,1.00
2017.06.16 07:57:07.935,1.76743,1.76784,2.25,1.00
2017.06.16 07:57:08.138,1.76738,1.7678,1.00,1.00
2017.06.16 07:57:08.305,1.76733,1.76777,2.25,1.00
2017.06.16 07:57:08.558,1.76732,1.76772,1.00,1.00
2017.06.16 07:57:11.078,1.76734,1.76772,1.00,1.00
2017.06.16 07:57:11.241,1.76734,1.76775,1.00,1.00
2017.06.16 07:57:11.584,1.76738,1.76774,1.00,1.00
2017.06.16 07:57:11.635,1.76736,1.76777,1.00,1.00
2017.06.16 07:57:11.788,1.76739,1.76776,1.00,1.00
2017.06.16 07:57:11.839,1.76741,1.76782,1.00,1.00
2017.06.16 07:57:12.244,1.76741,1.76784,1.00,1.00
2017.06.16 07:57:12.295,1.76739,1.76784,1.50,1.00
2017.06.16 07:57:12.723,1.76741,1.76784,1.00,1.00
2017.06.16 07:57:14.599,1.76739,1.76774,1.00,1.00
2017.06.16 07:57:14.918,1.76738,1.76772,1.00,1.00
2017.06.16 07:57:14.969,1.76736,1.76771,1.50,1.00
2017.06.16 07:57:16.747,1.76736,1.76772,1.00,1.00
2017.06.16 07:57:17.351,1.76739,1.76772,1.00,1.00
2017.06.16 07:57:17.853,1.76738,1.76772,1.00,1.00
2017.06.16 07:57:21.562,1.76738,1.76772,1.34,1.00
2017.06.16 07:57:21.613,1.76738,1.76775,1.34,1.50
2017.06.16 07:57:21.714,1.76738,1.76773,1.34,1.00
2017.06.16 07:57:23.164,1.76739,1.7678,1.34,1.00
2017.06.16 07:57:23.215,1.76739,1.76783,1.34,1.00
2017.06.16 07:57:23.266,1.7675,1.76784,1.00,1.00
2017.06.16 07:57:23.741,1.76747,1.76779,1.00,1.00
2017.06.16 07:57:23.843,1.76741,1.76774,1.50,1.00
2017.06.16 07:57:23.893,1.76741,1.76771,1.00,1.00
2017.06.16 07:57:23.944,1.76738,1.76771,1.00,1.00
2017.06.16 07:57:24.418,1.76737,1.76773,1.12,1.00
2017.06.16 07:57:24.469,1.7674,1.76773,1.00,1.00
2017.06.16 07:57:24.679,1.76738,1.76772,1.00,1.00
2017.06.16 07:57:24.906,1.76738,1.76777,1.00,1.00
2017.06.16 07:57:25.857,1.76738,1.76778,1.00,1.00
2017.06.16 07:57:26.238,1.7674,1.76778,1.00,1.00
2017.06.16 07:57:26.662,1.76738,1.76777,1.00,1.00
2017.06.16 07:57:27.195,1.76737,1.76778,1.46,1.00
2017.06.16 07:57:27.340,1.76739,1.76778,1.00,1.00
2017.06.16 07:57:28.071,1.76738,1.76778,1.00,1.00
2017.06.16 07:57:28.341,1.76736,1.76777,1.00,1.00
2017.06.16 07:57:28.493,1.76735,1.76774,1.00,1.00
2017.06.16 07:57:28.544,1.76733,1.76774,1.00,1.00
2017.06.16 07:57:28.595,1.76733,1.76769,1.00,1.00
2017.06.16 07:57:28.646,1.7673,1.76769,1.12,1.00
2017.06.16 07:57:29.179,1.7673,1.76773,1.00,1.50
2017.06.16 07:57:29.282,1.76732,1.76773,1.50,1.00
2017.06.16 07:57:29.588,1.76742,1.76781,1.00,1.00
2017.06.16 07:57:29.861,1.76739,1.7678,1.50,1.00
2017.06.16 07:57:30.103,1.76739,1.7678,1.87,1.00
2017.06.16 07:57:30.154,1.76739,1.76781,1.50,1.00
2017.06.16 07:57:30.801,1.7674,1.76782,1.00,1.00
2017.06.16 07:57:30.852,1.76742,1.76782,1.00,1.00
2017.06.16 07:57:31.248,1.76745,1.76783,1.00,1.00
2017.06.16 07:57:31.299,1.76745,1.76788,1.00,1.00
2017.06.16 07:57:31.350,1.76749,1.76788,1.00,1.00
2017.06.16 07:57:31.452,1.76742,1.76784,1.00,1.00
2017.06.16 07:57:31.503,1.76742,1.76782,1.00,1.00
2017.06.16 07:57:32.048,1.76741,1.76781,1.00,1.00
2017.06.16 07:57:32.389,1.76737,1.76776,1.00,1.00
2017.06.16 07:57:32.491,1.76733,1.76773,1.00,1.00
2017.06.16 07:57:32.644,1.76732,1.76771,1.00,1.00
2017.06.16 07:57:32.797,1.7673,1.76771,1.00,1.00
2017.06.16 07:57:33.163,1.76731,1.76767,1.00,1.00
2017.06.16 07:57:33.214,1.76731,1.7677,1.00,1.00
2017.06.16 07:57:33.265,1.76729,1.76767,1.00,1.00
2017.06.16 07:57:33.482,1.76725,1.76766,1.00,1.00
2017.06.16 07:57:34.054,1.76724,1.76766,1.00,1.00
2017.06.16 07:57:34.105,1.76724,1.76764,1.00,1.00
2017.06.16 07:57:34.156,1.76718,1.76759,1.12,1.00
2017.06.16 07:57:34.258,1.76718,1.76761,1.00,1.00
2017.06.16 07:57:34.456,1.76718,1.76749,1.00,1.00
2017.06.16 07:57:34.507,1.76708,1.76751,1.00,1.00
2017.06.16 07:57:34.660,1.76711,1.76751,1.00,1.00
2017.06.16 07:57:35.068,1.76713,1.76754,1.00,1.00
2017.06.16 07:57:35.575,1.76713,1.76753,1.00,1.50
2017.06.16 07:57:36.644,1.76711,1.76753,1.00,1.50
2017.06.16 07:57:36.695,1.76711,1.76753,1.00,1.87
2017.06.16 07:57:36.746,1.76709,1.76753,1.50,1.37
2017.06.16 07:57:36.797,1.76707,1.76749,1.00,1.12
2017.06.16 07:57:37.101,1.76706,1.76746,1.00,1.00
2017.06.16 07:57:38.293,1.76706,1.76745,1.00,1.00
2017.06.16 07:57:38.964,1.76705,1.76745,1.00,1.00
2017.06.16 07:57:39.058,1.76705,1.76747,1.00,1.00
2017.06.16 07:57:39.391,1.76705,1.76745,1.00,1.00
2017.06.16 07:57:40.250,1.76709,1.76745,1.00,1.00
2017.06.16 07:57:40.749,1.76717,1.76745,1.00,1.00
2017.06.16 07:57:40.800,1.76717,1.76753,1.00,1.00
2017.06.16 07:57:40.902,1.76718,1.76756,1.00,1.00
2017.06.16 07:57:41.055,1.76722,1.76756,1.00,1.00
2017.06.16 07:57:41.106,1.76722,1.76758,1.00,1.00
2017.06.16 07:57:41.209,1.76721,1.7676,1.00,1.00
2017.06.16 07:57:41.412,1.76724,1.7676,1.00,1.00
2017.06.16 07:57:41.463,1.76724,1.76762,1.00,1.00
2017.06.16 07:57:41.835,1.76727,1.76763,1.00,1.00
2017.06.16 07:57:42.234,1.76732,1.76763,1.00,1.00
2017.06.16 07:57:42.285,1.76734,1.76769,1.00,1.00
2017.06.16 07:57:42.336,1.76736,1.76769,1.00,1.00
2017.06.16 07:57:42.387,1.76737,1.76776,1.00,1.00
2017.06.16 07:57:42.873,1.76738,1.76774,1.00,1.00
2017.06.16 07:57:43.619,1.76737,1.76774,1.00,1.00
2017.06.16 07:57:45.557,1.76736,1.76774,1.00,1.00
2017.06.16 07:57:45.608,1.76734,1.76773,1.00,1.00
2017.06.16 07:57:45.760,1.76732,1.76773,1.00,1.00
2017.06.16 07:57:46.076,1.76732,1.7677,1.00,1.00
2017.06.16 07:57:46.382,1.76732,1.76773,1.00,1.00
2017.06.16 07:57:46.539,1.76733,1.76745,1.00,1.87
2017.06.16 07:57:46.590,1.76727,1.76745,1.00,1.87
2017.06.16 07:57:46.641,1.76727,1.76753,1.00,1.37
2017.06.16 07:57:46.692,1.76712,1.76754,1.00,1.50
2017.06.16 07:57:46.743,1.7671,1.76752,1.00,1.37
2017.06.16 07:57:47.067,1.76709,1.76746,1.00,1.00
2017.06.16 07:57:47.219,1.7671,1.76748,1.00,1.00
2017.06.16 07:57:47.270,1.76712,1.7675,1.00,1.00
2017.06.16 07:57:47.777,1.76711,1.76751,1.00,1.00
2017.06.16 07:57:51.726,1.76709,1.76749,1.00,1.00
2017.06.16 07:57:52.266,1.76708,1.76748,1.00,1.00
2017.06.16 07:57:52.644,1.76706,1.76748,1.50,1.00
2017.06.16 07:57:53.220,1.76707,1.76748,1.00,1.00
2017.06.16 07:57:53.271,1.76709,1.76748,1.00,1.00
2017.06.16 07:57:53.575,1.76711,1.76749,1.00,1.00
2017.06.16 07:57:53.977,1.76708,1.76745,1.00,1.00
2017.06.16 07:57:54.027,1.76706,1.76745,1.00,1.00
2017.06.16 07:57:54.897,1.76706,1.76744,1.00,1.00
2017.06.16 07:57:55.244,1.76706,1.76746,1.00,1.00
2017.06.16 07:57:55.295,1.76708,1.76744,1.00,1.00
2017.06.16 07:57:55.627,1.76706,1.76747,1.00,1.00
2017.06.16 07:57:55.729,1.76708,1.76747,1.00,1.00
2017.06.16 07:57:56.241,1.76709,1.76748,1.00,1.00
2017.06.16 07:57:56.393,1.76707,1.76748,1.00,1.00
2017.06.16 07:57:56.495,1.76705,1.76745,1.00,1.00
2017.06.16 07:57:56.724,1.76703,1.76745,1.00,1.00
2017.06.16 07:57:57.259,1.76703,1.76745,1.37,1.00
2017.06.16 07:57:58.043,1.76703,1.76745,1.00,1.00
2017.06.16 07:57:58.145,1.76703,1.76748,1.50,1.00
2017.06.16 07:57:58.347,1.76705,1.76748,1.00,1.00
2017.06.16 07:57:58.998,1.76704,1.76748,1.00,1.00
2017.06.16 07:57:59.658,1.76703,1.76748,1.00,1.00
2017.06.16 07:58:00.163,1.76704,1.76748,1.00,1.00
2017.06.16 07:58:00.468,1.76713,1.76752,1.00,1.00
2017.06.16 07:58:00.519,1.76716,1.76761,1.00,1.50
2017.06.16 07:58:00.620,1.76718,1.76761,1.00,1.50
2017.06.16 07:58:00.951,1.7672,1.76763,1.00,1.50
2017.06.16 07:58:01.637,1.7672,1.76762,1.00,1.00
2017.06.16 07:58:02.304,1.76716,1.76761,1.37,1.50
2017.06.16 07:58:02.355,1.76716,1.76759,1.37,1.00
2017.06.16 07:58:02.507,1.76715,1.76758,1.12,1.00
2017.06.16 07:58:02.740,1.76713,1.76758,1.37,1.00
2017.06.16 07:58:02.791,1.76717,1.7676,1.12,1.00
2017.06.16 07:58:02.842,1.76717,1.7676,1.37,1.00
2017.06.16 07:58:03.129,1.76721,1.76765,1.87,1.00
2017.06.16 07:58:03.231,1.76725,1.76769,1.00,1.00
2017.06.16 07:58:03.332,1.76727,1.7677,1.00,1.00
2017.06.16 07:58:03.846,1.76726,1.76771,1.00,1.50
2017.06.16 07:58:04.184,1.76728,1.7677,1.00,1.00
2017.06.16 07:58:04.797,1.76728,1.76771,1.00,1.00
2017.06.16 07:58:05.326,1.76727,1.76772,1.00,1.50
2017.06.16 07:58:06.203,1.76728,1.7677,1.00,1.00
2017.06.16 07:58:06.305,1.76724,1.76768,1.00,1.00
2017.06.16 07:58:06.823,1.76724,1.76769,1.00,1.00
2017.06.16 07:58:07.037,1.76726,1.76771,1.00,1.00
2017.06.16 07:58:07.379,1.76725,1.76765,1.00,1.00
2017.06.16 07:58:07.683,1.76726,1.76763,1.00,1.00
2017.06.16 07:58:07.913,1.76726,1.76766,1.00,1.00
2017.06.16 07:58:08.499,1.76725,1.76766,1.00,1.00
2017.06.16 07:58:09.236,1.76725,1.76767,1.00,1.00
2017.06.16 07:58:09.440,1.7673,1.76768,1.00,1.00
2017.06.16 07:58:09.775,1.7673,1.76766,1.00,1.00
2017.06.16 07:58:09.827,1.76725,1.76763,1.00,1.00
2017.06.16 07:58:10.301,1.76722,1.76762,1.00,1.00
2017.06.16 07:58:10.403,1.76722,1.76759,1.00,1.00
2017.06.16 07:58:10.505,1.76716,1.76755,1.50,1.00
2017.06.16 07:58:10.903,1.76718,1.76754,1.00,1.00
2017.06.16 07:58:11.655,1.76718,1.76756,1.00,1.00
2017.06.16 07:58:14.505,1.76718,1.76755,1.00,1.00
2017.06.16 07:58:14.556,1.76714,1.76755,1.00,1.00
2017.06.16 07:58:15.077,1.76714,1.76753,1.00,1.00
2017.06.16 07:58:15.555,1.76716,1.76755,1.00,1.00
2017.06.16 07:58:15.909,1.76714,1.76753,1.00,1.00
2017.06.16 07:58:16.530,1.76714,1.76755,1.00,1.00
2017.06.16 07:58:16.682,1.76714,1.76757,1.12,1.00
2017.06.16 07:58:16.733,1.76718,1.76758,1.00,1.00
2017.06.16 07:58:16.835,1.76716,1.76757,1.00,1.00
2017.06.16 07:58:17.616,1.76715,1.76758,1.00,1.00
2017.06.16 07:58:18.225,1.76715,1.7676,1.00,1.00
2017.06.16 07:58:18.276,1.76715,1.76758,1.12,1.00
2017.06.16 07:58:18.664,1.76718,1.76759,1.00,1.00
2017.06.16 07:58:19.266,1.76718,1.76758,1.00,1.00
2017.06.16 07:58:19.835,1.76718,1.76759,1.00,1.00
2017.06.16 07:58:20.141,1.7672,1.76755,1.00,1.00
2017.06.16 07:58:20.215,1.76718,1.76755,1.00,1.00
2017.06.16 07:58:20.917,1.76717,1.76755,1.00,1.00
2017.06.16 07:58:21.616,1.76717,1.76754,1.00,1.00
2017.06.16 07:58:21.667,1.76715,1.76754,1.00,1.00
2017.06.16 07:58:21.719,1.76718,1.76754,1.00,1.00
2017.06.16 07:58:21.821,1.76715,1.76754,1.00,1.00
2017.06.16 07:58:21.871,1.76715,1.76752,1.00,1.00
2017.06.16 07:58:22.121,1.76711,1.7675,1.50,1.00
2017.06.16 07:58:22.379,1.76711,1.76752,1.50,1.00
2017.06.16 07:58:22.430,1.76713,1.76754,1.37,1.00
2017.06.16 07:58:22.582,1.76711,1.76752,1.50,1.00
2017.06.16 07:58:22.684,1.76711,1.7675,1.12,1.00
2017.06.16 07:58:23.305,1.76711,1.76751,1.00,1.50
2017.06.16 07:58:23.832,1.76711,1.7675,1.00,1.00
2017.06.16 07:58:23.883,1.76711,1.76752,1.12,1.00
2017.06.16 07:58:24.087,1.76711,1.7675,1.12,1.00
2017.06.16 07:58:24.595,1.76711,1.76749,1.00,1.00
2017.06.16 07:58:25.592,1.76708,1.76749,1.37,1.00
2017.06.16 07:58:26.116,1.76708,1.7675,1.37,1.00
2017.06.16 07:58:26.625,1.76708,1.76749,1.37,1.00
2017.06.16 07:58:32.715,1.76708,1.76749,1.37,1.00
2017.06.16 07:58:33.426,1.76709,1.76749,1.00,1.00
2017.06.16 07:58:33.641,1.76706,1.76741,1.00,1.00
2017.06.16 07:58:33.790,1.767,1.76736,1.00,1.00
2017.06.16 07:58:33.842,1.76696,1.76734,1.00,1.00
2017.06.16 07:58:33.893,1.76696,1.7674,1.00,1.00
2017.06.16 07:58:33.944,1.76698,1.76736,1.00,1.00
2017.06.16 07:58:34.277,1.76698,1.76738,1.00,1.00
2017.06.16 07:58:34.639,1.76696,1.76737,1.00,1.00
2017.06.16 07:58:34.814,1.76696,1.76733,1.00,1.00
2017.06.16 07:58:35.017,1.76694,1.76733,1.00,1.00
2017.06.16 07:58:35.579,1.76695,1.76732,1.00,1.00
2017.06.16 07:58:35.740,1.76695,1.76734,1.00,1.00
2017.06.16 07:58:36.270,1.76694,1.76731,1.00,1.00
2017.06.16 07:58:36.500,1.76691,1.76731,1.50,1.00
2017.06.16 07:58:36.552,1.76691,1.76734,1.00,1.00
2017.06.16 07:58:37.577,1.76689,1.76732,1.00,1.50
2017.06.16 07:58:38.219,1.76688,1.76731,1.37,1.00
2017.06.16 07:58:41.447,1.76687,1.76733,1.37,1.67
2017.06.16 07:58:42.182,1.76687,1.76731,1.37,1.00
2017.06.16 07:58:43.345,1.76692,1.76731,1.00,1.00
2017.06.16 07:58:43.985,1.76692,1.7673,1.00,1.00
2017.06.16 07:58:44.493,1.76691,1.7673,1.00,1.00
2017.06.16 07:58:46.214,1.76691,1.76732,1.00,1.50
2017.06.16 07:58:46.265,1.76702,1.76732,1.00,1.50
2017.06.16 07:58:46.367,1.76702,1.76735,1.00,1.50
2017.06.16 07:58:46.468,1.76694,1.76735,1.37,1.00
2017.06.16 07:58:46.740,1.76702,1.76738,1.00,1.00
2017.06.16 07:58:47.255,1.76702,1.76739,1.00,1.00
2017.06.16 07:58:47.686,1.76702,1.76741,1.00,1.00
2017.06.16 07:58:48.518,1.76702,1.7674,1.00,1.00
2017.06.16 07:58:48.837,1.76702,1.76738,1.00,1.00
2017.06.16 07:58:48.888,1.76702,1.76741,1.00,1.00
2017.06.16 07:58:48.939,1.76702,1.76743,1.37,1.00
2017.06.16 07:58:49.244,1.76709,1.76746,1.00,1.00
2017.06.16 07:58:49.295,1.76703,1.76741,1.00,1.00
2017.06.16 07:58:49.467,1.76701,1.76741,1.50,1.00
2017.06.16 07:58:49.519,1.76701,1.76743,1.87,1.00
2017.06.16 07:58:49.897,1.76702,1.76745,2.62,1.00
2017.06.16 07:58:50.049,1.76703,1.76744,1.37,1.00
2017.06.16 07:58:50.497,1.76703,1.76744,1.37,1.00
2017.06.16 07:58:50.788,1.76703,1.76745,1.00,1.00
2017.06.16 07:58:51.226,1.76703,1.76743,1.00,1.00
2017.06.16 07:58:51.712,1.76711,1.76744,1.00,1.00
2017.06.16 07:58:51.763,1.76711,1.76747,1.00,1.00
2017.06.16 07:58:51.814,1.76711,1.76742,1.00,1.00
2017.06.16 07:58:51.865,1.76702,1.76742,1.50,1.00
2017.06.16 07:58:52.401,1.76702,1.76741,1.00,1.00
2017.06.16 07:58:52.970,1.76702,1.76741,1.37,1.00
2017.06.16 07:58:53.478,1.76711,1.76745,1.00,1.00
2017.06.16 07:58:53.631,1.76702,1.76742,1.87,1.00
2017.06.16 07:58:53.732,1.76702,1.7674,1.50,1.00
2017.06.16 07:58:54.240,1.76701,1.7674,1.00,1.00
2017.06.16 07:58:54.766,1.76702,1.7674,1.00,1.00
2017.06.16 07:58:55.403,1.76704,1.76742,1.87,1.00
2017.06.16 07:58:55.505,1.76712,1.76748,1.00,1.50
2017.06.16 07:58:55.608,1.76711,1.7675,1.00,2.25
2017.06.16 07:58:55.659,1.76711,1.76748,1.00,1.00
2017.06.16 07:58:55.812,1.76712,1.76751,1.00,1.00
2017.06.16 07:58:55.913,1.76717,1.76756,1.00,2.25
2017.06.16 07:58:56.015,1.76713,1.76753,1.00,1.00
2017.06.16 07:58:56.117,1.76711,1.76752,1.00,1.00
2017.06.16 07:58:57.240,1.76711,1.76752,1.37,1.00
2017.06.16 07:58:57.772,1.76711,1.76753,1.37,1.00
2017.06.16 07:58:58.482,1.76711,1.76753,1.00,1.00
2017.06.16 07:58:58.533,1.76709,1.76752,1.12,1.00
2017.06.16 07:58:58.584,1.76706,1.76739,1.00,1.00
2017.06.16 07:58:58.737,1.76687,1.76726,1.00,1.00
2017.06.16 07:58:58.840,1.76687,1.76723,1.00,1.00
2017.06.16 07:58:58.891,1.76684,1.76721,1.00,1.00
2017.06.16 07:58:59.457,1.76682,1.76722,1.87,1.00
2017.06.16 07:58:59.972,1.76684,1.76721,1.00,1.00
2017.06.16 07:59:00.074,1.76682,1.7672,1.00,1.00
2017.06.16 07:59:00.695,1.76682,1.76724,1.00,1.00
2017.06.16 07:59:00.747,1.76691,1.76724,1.00,1.00
2017.06.16 07:59:00.899,1.76691,1.76726,1.00,1.00
2017.06.16 07:59:01.111,1.76692,1.76728,1.00,1.50
2017.06.16 07:59:01.162,1.76692,1.76724,1.00,1.00
2017.06.16 07:59:01.316,1.76684,1.76724,1.00,1.00
2017.06.16 07:59:01.367,1.76684,1.76721,1.00,1.00
2017.06.16 07:59:01.672,1.76684,1.76719,1.00,1.00
2017.06.16 07:59:01.724,1.76682,1.76719,1.00,1.00
2017.06.16 07:59:02.099,1.76682,1.76716,1.00,1.00
2017.06.16 07:59:02.537,1.76681,1.76713,1.00,1.00
2017.06.16 07:59:02.590,1.76672,1.76706,1.00,1.00
2017.06.16 07:59:02.641,1.76672,1.76703,1.00,1.00
2017.06.16 07:59:02.742,1.76666,1.767,1.00,1.00
2017.06.16 07:59:02.793,1.76661,1.767,1.50,1.00
2017.06.16 07:59:03.321,1.76661,1.76699,1.50,1.00
2017.06.16 07:59:03.474,1.76661,1.76697,1.00,1.00
2017.06.16 07:59:03.881,1.76661,1.76695,1.00,1.00
2017.06.16 07:59:04.459,1.76661,1.76699,1.00,1.00
2017.06.16 07:59:05.042,1.76662,1.767,1.00,1.00
2017.06.16 07:59:06.105,1.76662,1.76698,1.50,1.00
2017.06.16 07:59:06.415,1.76662,1.76695,1.00,1.00
2017.06.16 07:59:06.467,1.7666,1.76695,1.00,1.00
2017.06.16 07:59:06.583,1.76657,1.76695,1.00,1.00
2017.06.16 07:59:07.291,1.76656,1.76695,1.00,1.00
2017.06.16 07:59:07.392,1.76654,1.76694,1.00,1.00
2017.06.16 07:59:07.444,1.76661,1.76694,1.00,1.00
2017.06.16 07:59:09.245,1.76661,1.76695,1.00,1.00
2017.06.16 07:59:09.347,1.76658,1.76695,1.00,1.00
2017.06.16 07:59:09.448,1.76659,1.76693,1.00,1.00
2017.06.16 07:59:09.716,1.76655,1.76693,1.00,1.00
2017.06.16 07:59:10.268,1.76655,1.76692,1.00,1.00
2017.06.16 07:59:10.947,1.76655,1.76691,1.00,1.00
2017.06.16 07:59:11.353,1.76654,1.76689,1.00,1.00
2017.06.16 07:59:11.589,1.76652,1.76689,1.00,1.00
2017.06.16 07:59:12.111,1.7665,1.76688,1.00,1.00
2017.06.16 07:59:12.246,1.7665,1.7669,1.00,1.00
2017.06.16 07:59:12.450,1.76654,1.7669,1.00,1.00
2017.06.16 07:59:15.660,1.76654,1.76689,1.00,1.00
2017.06.16 07:59:16.504,1.76652,1.76689,1.00,1.00
2017.06.16 07:59:18.530,1.76652,1.7669,1.00,1.00
2017.06.16 07:59:18.596,1.76655,1.7669,1.00,1.00
2017.06.16 07:59:18.897,1.76653,1.7669,1.00,1.00
2017.06.16 07:59:19.499,1.76651,1.7669,1.50,1.00
2017.06.16 07:59:20.867,1.76652,1.7669,1.00,1.00
2017.06.16 07:59:21.883,1.76652,1.76691,1.00,1.00
2017.06.16 07:59:21.986,1.76651,1.76687,1.50,1.00
2017.06.16 07:59:22.037,1.76651,1.76689,1.00,1.00
2017.06.16 07:59:22.545,1.76652,1.76689,1.00,1.00
2017.06.16 07:59:23.080,1.76652,1.7669,1.00,1.00
2017.06.16 07:59:24.910,1.76652,1.76685,1.00,1.50
2017.06.16 07:59:24.962,1.76648,1.76687,1.00,1.00
2017.06.16 07:59:25.013,1.76642,1.76686,1.00,1.00
2017.06.16 07:59:25.185,1.76644,1.76691,1.00,1.00
2017.06.16 07:59:25.236,1.76651,1.76693,1.00,1.00
2017.06.16 07:59:25.439,1.76651,1.76695,1.00,1.50
2017.06.16 07:59:25.715,1.76656,1.76698,1.00,1.00
2017.06.16 07:59:25.767,1.76656,1.767,1.00,1.00
2017.06.16 07:59:25.920,1.7666,1.76701,1.00,1.50
2017.06.16 07:59:26.222,1.76662,1.76701,1.00,1.50
2017.06.16 07:59:26.722,1.7666,1.76701,1.00,1.50
2017.06.16 07:59:27.415,1.76659,1.76701,1.00,1.50
2017.06.16 07:59:27.616,1.76654,1.76698,1.00,1.00
2017.06.16 07:59:27.668,1.76654,1.767,1.00,1.00
2017.06.16 07:59:27.820,1.76657,1.767,1.00,1.00
2017.06.16 07:59:28.023,1.76653,1.76698,1.50,1.00
2017.06.16 07:59:28.550,1.76653,1.76699,1.00,1.00
2017.06.16 07:59:29.090,1.76652,1.76698,1.00,1.00
2017.06.16 07:59:29.624,1.76653,1.76698,1.00,1.00
2017.06.16 07:59:31.425,1.76653,1.76695,1.00,1.00
2017.06.16 07:59:31.808,1.76653,1.76693,1.00,1.00
2017.06.16 07:59:36.120,1.76652,1.76693,1.50,1.00
2017.06.16 07:59:38.076,1.76652,1.76694,1.50,1.00
2017.06.16 07:59:38.461,1.76662,1.76701,1.00,1.00
2017.06.16 07:59:39.031,1.76663,1.767,1.00,1.00
2017.06.16 07:59:39.599,1.76662,1.767,1.00,1.00
2017.06.16 07:59:40.476,1.76658,1.767,1.00,1.00
2017.06.16 07:59:41.213,1.76658,1.76699,1.00,1.00
2017.06.16 07:59:41.666,1.76658,1.76697,1.00,1.00
2017.06.16 07:59:41.768,1.76655,1.76695,1.00,1.00
2017.06.16 07:59:42.027,1.76653,1.76695,1.00,1.00
2017.06.16 07:59:42.533,1.76653,1.76694,1.00,1.00
2017.06.16 07:59:46.652,1.76654,1.76694,1.00,1.50
2017.06.16 07:59:46.703,1.76654,1.76696,1.00,1.00
2017.06.16 07:59:47.016,1.76655,1.76694,1.00,1.00
2017.06.16 07:59:47.497,1.76654,1.76692,1.00,1.00
2017.06.16 07:59:48.175,1.76654,1.76693,1.00,1.00
2017.06.16 07:59:48.835,1.76654,1.76692,1.00,1.00
2017.06.16 07:59:50.129,1.76654,1.76693,1.00,1.00
2017.06.16 07:59:50.345,1.76651,1.76693,1.50,1.00
2017.06.16 07:59:52.066,1.76651,1.76688,1.00,1.00
2017.06.16 07:59:52.167,1.76643,1.76684,1.12,1.00
2017.06.16 07:59:52.684,1.76642,1.76683,1.50,1.00
2017.06.16 07:59:53.157,1.76642,1.76679,1.00,1.00
2017.06.16 07:59:53.668,1.7664,1.76678,1.00,1.00
2017.06.16 07:59:53.770,1.76637,1.76677,1.00,1.50
2017.06.16 07:59:53.823,1.76641,1.76677,1.00,1.50
2017.06.16 07:59:54.640,1.76635,1.76673,1.00,1.00
2017.06.16 07:59:54.691,1.76635,1.76671,1.00,1.00
2017.06.16 07:59:55.192,1.76631,1.76667,1.00,1.00
2017.06.16 07:59:55.795,1.76631,1.76665,1.00,1.50
2017.06.16 07:59:57.601,1.76631,1.76664,1.00,1.00
2017.06.16 07:59:57.754,1.76622,1.76662,1.00,1.50
2017.06.16 07:59:58.268,1.76632,1.76666,1.00,1.00
2017.06.16 07:59:58.421,1.76632,1.76669,1.00,1.00
2017.06.16 07:59:59.635,1.76632,1.76671,1.00,1.00
