2016.10.21 02:00:00.878,1.70531,1.70584,1.00,1.00
2016.10.21 02:00:01.211,1.70532,1.70582,1.00,1.00
2016.10.21 02:00:01.823,1.70532,1.70579,1.50,1.00
2016.10.21 02:00:02.616,1.70532,1.70579,1.00,1.00
2016.10.21 02:00:02.667,1.7053,1.70579,1.87,1.00
2016.10.21 02:00:02.718,1.7053,1.70567,1.37,1.00
2016.10.21 02:00:03.067,1.70511,1.70565,1.37,1.00
2016.10.21 02:00:03.118,1.70511,1.70566,1.87,1.00
2016.10.21 02:00:03.169,1.70513,1.70566,1.37,1.00
2016.10.21 02:00:03.221,1.70513,1.70567,1.37,1.50
2016.10.21 02:00:03.722,1.70512,1.70567,1.37,1.50
2016.10.21 02:00:03.773,1.70512,1.70567,1.37,1.00
2016.10.21 02:00:03.875,1.70513,1.70567,1.87,1.00
2016.10.21 02:00:04.244,1.70513,1.70567,1.87,1.00
2016.10.21 02:00:07.543,1.70512,1.70567,1.37,1.00
2016.10.21 02:00:08.027,1.70512,1.70569,1.37,1.00
2016.10.21 02:00:08.078,1.70513,1.70569,1.12,1.12
2016.10.21 02:00:09.175,1.70513,1.70566,1.12,1.00
2016.10.21 02:00:09.775,1.70513,1.70566,2.62,1.00
2016.10.21 02:00:10.226,1.70513,1.70566,1.37,1.00
2016.10.21 02:00:11.641,1.70514,1.70566,1.37,1.00
2016.10.21 02:00:11.692,1.70514,1.70569,1.37,1.00
2016.10.21 02:00:12.428,1.70514,1.70568,1.37,1.00
2016.10.21 02:00:12.989,1.70513,1.70568,1.37,1.00
2016.10.21 02:00:13.477,1.70513,1.70563,1.00,1.00
2016.10.21 02:00:13.579,1.70511,1.70563,1.87,1.00
2016.10.21 02:00:13.629,1.70511,1.70561,1.37,1.00
2016.10.21 02:00:13.680,1.70505,1.7056,1.37,1.00
2016.10.21 02:00:14.198,1.70505,1.70558,1.37,1.00
2016.10.21 02:00:14.729,1.70505,1.7056,1.37,1.00
2016.10.21 02:00:15.282,1.70505,1.70559,1.37,1.00
2016.10.21 02:00:15.990,1.70505,1.70558,1.37,1.00
2016.10.21 02:00:16.041,1.70505,1.70558,1.12,1.00
2016.10.21 02:00:18.307,1.70505,1.70558,1.37,1.00
2016.10.21 02:00:18.926,1.70505,1.70557,1.37,1.00
2016.10.21 02:00:19.019,1.70503,1.70556,1.37,1.00
2016.10.21 02:00:19.179,1.70504,1.70556,1.12,1.00
2016.10.21 02:00:19.280,1.70503,1.70556,1.37,1.00
2016.10.21 02:00:20.005,1.70502,1.70556,3.37,1.00
2016.10.21 02:00:20.106,1.70503,1.70556,1.37,1.00
2016.10.21 02:00:20.208,1.70502,1.70556,1.87,1.00
2016.10.21 02:00:20.258,1.70502,1.70554,1.87,1.00
2016.10.21 02:00:20.309,1.705,1.70548,1.12,1.00
2016.10.21 02:00:20.411,1.70498,1.70544,1.00,1.00
2016.10.21 02:00:21.097,1.70495,1.70548,1.37,1.50
2016.10.21 02:00:21.212,1.70495,1.70548,2.62,1.50
2016.10.21 02:00:21.263,1.70495,1.70547,2.62,1.00
2016.10.21 02:00:21.315,1.70495,1.70548,2.62,1.00
2016.10.21 02:00:21.467,1.70495,1.70552,2.62,1.00
2016.10.21 02:00:21.678,1.70499,1.70552,1.37,1.00
2016.10.21 02:00:22.203,1.705,1.70552,1.87,1.00
2016.10.21 02:00:22.686,1.705,1.70548,1.87,1.00
2016.10.21 02:00:22.981,1.70501,1.70548,1.37,1.00
2016.10.21 02:00:23.032,1.70501,1.70548,2.62,1.00
2016.10.21 02:00:23.403,1.705,1.70548,1.37,1.00
2016.10.21 02:00:27.672,1.70501,1.7055,1.37,1.00
2016.10.21 02:00:31.374,1.70501,1.70549,1.37,1.00
2016.10.21 02:00:32.514,1.70499,1.70552,3.37,1.00
2016.10.21 02:00:32.944,1.705,1.70554,1.37,1.00
2016.10.21 02:00:33.074,1.70499,1.70552,3.37,1.00
2016.10.21 02:00:33.124,1.70502,1.70552,1.37,1.00
2016.10.21 02:00:33.506,1.70502,1.70556,1.00,1.37
2016.10.21 02:00:35.323,1.70504,1.70556,1.00,1.00
2016.10.21 02:00:35.408,1.70504,1.70556,1.50,1.00
2016.10.21 02:00:35.459,1.70504,1.70556,1.00,1.00
2016.10.21 02:00:36.087,1.70505,1.70557,1.00,1.00
2016.10.21 02:00:39.066,1.70504,1.70558,1.00,1.00
2016.10.21 02:00:42.959,1.70505,1.70559,1.00,1.50
2016.10.21 02:00:43.567,1.70505,1.70559,1.00,1.87
2016.10.21 02:00:43.895,1.70504,1.70557,1.50,1.00
2016.10.21 02:00:43.997,1.70504,1.70556,1.00,1.00
2016.10.21 02:00:44.292,1.70502,1.70557,1.12,1.00
2016.10.21 02:00:44.344,1.70503,1.70556,1.37,1.00
2016.10.21 02:00:44.548,1.70503,1.70556,1.00,1.00
2016.10.21 02:00:44.662,1.70502,1.70556,1.87,1.00
2016.10.21 02:00:44.713,1.70503,1.70557,1.00,1.00
2016.10.21 02:00:45.148,1.70505,1.70558,1.12,1.00
2016.10.21 02:00:45.319,1.70505,1.70558,1.12,1.50
2016.10.21 02:00:46.222,1.70505,1.70558,1.12,1.00
2016.10.21 02:00:46.273,1.70505,1.70558,1.37,1.00
2016.10.21 02:00:46.323,1.7052,1.70564,1.00,1.12
2016.10.21 02:00:46.374,1.70519,1.70564,1.00,1.00
2016.10.21 02:00:46.425,1.7052,1.70566,1.00,1.12
2016.10.21 02:00:46.476,1.7052,1.70575,1.37,1.37
2016.10.21 02:00:46.527,1.70524,1.70577,1.00,1.37
2016.10.21 02:00:46.578,1.70523,1.70575,1.12,1.00
2016.10.21 02:00:46.679,1.70523,1.70577,1.37,1.00
2016.10.21 02:00:46.730,1.70526,1.70579,1.00,1.50
2016.10.21 02:00:46.780,1.70526,1.70579,1.12,1.50
2016.10.21 02:00:46.831,1.70527,1.70579,1.00,1.50
2016.10.21 02:00:47.151,1.70527,1.70579,1.37,1.00
2016.10.21 02:00:47.622,1.70524,1.70579,1.87,1.50
2016.10.21 02:00:48.072,1.70524,1.70579,1.87,1.00
2016.10.21 02:00:48.537,1.70522,1.70575,1.37,1.00
2016.10.21 02:00:48.588,1.70522,1.70575,1.12,1.00
2016.10.21 02:00:48.689,1.70522,1.70575,1.37,1.00
2016.10.21 02:00:49.272,1.70523,1.70576,1.12,1.00
2016.10.21 02:00:49.323,1.70524,1.70577,1.00,1.00
2016.10.21 02:00:49.424,1.70523,1.70576,1.87,1.00
2016.10.21 02:00:50.108,1.70523,1.70576,1.37,1.00
2016.10.21 02:00:50.680,1.70523,1.70577,1.37,1.00
2016.10.21 02:00:51.345,1.70526,1.70578,1.00,1.00
2016.10.21 02:00:51.396,1.70526,1.70577,1.37,1.00
2016.10.21 02:00:51.447,1.70525,1.70577,1.37,1.00
2016.10.21 02:00:51.498,1.70526,1.70577,1.87,1.00
2016.10.21 02:00:51.549,1.70526,1.70577,2.62,1.00
2016.10.21 02:00:52.224,1.70527,1.70576,1.37,1.00
2016.10.21 02:00:52.448,1.70527,1.70576,1.12,1.00
2016.10.21 02:00:52.822,1.70526,1.70574,1.87,1.00
2016.10.21 02:00:52.873,1.70545,1.70578,1.00,1.00
2016.10.21 02:00:52.924,1.70553,1.70578,1.00,1.00
2016.10.21 02:00:52.975,1.70548,1.70589,1.37,1.00
2016.10.21 02:00:53.025,1.70548,1.70593,1.37,1.37
2016.10.21 02:00:53.076,1.70548,1.70599,1.37,1.00
2016.10.21 02:00:53.127,1.70551,1.70599,1.00,1.00
2016.10.21 02:00:53.228,1.70554,1.70603,1.50,1.00
2016.10.21 02:00:53.279,1.70555,1.70605,1.00,1.00
2016.10.21 02:00:53.330,1.70554,1.70603,1.87,1.00
2016.10.21 02:00:53.381,1.70554,1.70602,1.00,1.00
2016.10.21 02:00:53.432,1.70553,1.70602,1.87,1.00
2016.10.21 02:00:53.844,1.70553,1.70602,2.25,1.00
2016.10.21 02:00:54.583,1.7056,1.70607,1.00,1.00
2016.10.21 02:00:54.635,1.70557,1.70607,1.12,1.00
2016.10.21 02:00:54.686,1.70556,1.70604,1.00,1.00
2016.10.21 02:00:55.421,1.70555,1.70603,1.50,1.00
2016.10.21 02:00:55.672,1.70555,1.70603,1.00,1.00
2016.10.21 02:00:55.723,1.70554,1.70603,1.12,1.00
2016.10.21 02:00:55.927,1.70553,1.70602,1.50,1.00
2016.10.21 02:00:55.978,1.70553,1.706,1.12,1.00
2016.10.21 02:00:56.029,1.70553,1.706,1.12,1.00
2016.10.21 02:00:58.530,1.70555,1.70605,1.00,1.00
2016.10.21 02:00:58.682,1.70557,1.70605,1.37,1.00
2016.10.21 02:00:59.637,1.70559,1.70607,1.87,1.00
2016.10.21 02:01:00.226,1.70559,1.70607,1.37,1.00
2016.10.21 02:01:00.277,1.70559,1.70607,1.00,1.00
2016.10.21 02:01:01.573,1.70558,1.70606,1.00,1.00
2016.10.21 02:01:02.287,1.70557,1.70605,1.00,1.00
2016.10.21 02:01:02.809,1.70558,1.70606,1.00,1.00
2016.10.21 02:01:03.215,1.70558,1.70606,1.12,1.00
2016.10.21 02:01:03.409,1.70558,1.70605,1.00,1.00
2016.10.21 02:01:04.625,1.70557,1.70604,1.00,1.00
2016.10.21 02:01:04.726,1.70556,1.70606,1.12,1.00
2016.10.21 02:01:04.777,1.70555,1.70605,1.37,1.00
2016.10.21 02:01:04.828,1.70556,1.70606,1.00,1.00
2016.10.21 02:01:05.154,1.70558,1.70606,1.00,1.00
2016.10.21 02:01:05.493,1.70557,1.70607,1.00,1.12
2016.10.21 02:01:05.696,1.70557,1.70607,1.00,1.00
2016.10.21 02:01:08.131,1.70556,1.70606,1.00,1.00
2016.10.21 02:01:09.922,1.70555,1.70605,1.12,1.00
2016.10.21 02:01:10.024,1.70552,1.70602,1.00,1.00
2016.10.21 02:01:10.075,1.70551,1.70601,1.50,1.00
2016.10.21 02:01:10.914,1.70551,1.706,1.50,1.00
2016.10.21 02:01:13.725,1.70553,1.70601,1.00,1.00
2016.10.21 02:01:13.827,1.70555,1.70603,1.12,1.00
2016.10.21 02:01:13.877,1.70557,1.70605,1.00,1.00
2016.10.21 02:01:14.176,1.70557,1.70607,1.12,1.00
2016.10.21 02:01:14.257,1.70559,1.70607,1.00,1.00
2016.10.21 02:01:14.702,1.70559,1.70607,1.37,1.00
2016.10.21 02:01:14.752,1.70562,1.70612,1.00,1.00
2016.10.21 02:01:15.339,1.70561,1.70611,1.00,1.00
2016.10.21 02:01:15.727,1.70565,1.70613,1.00,1.00
2016.10.21 02:01:16.881,1.70566,1.70614,1.00,1.00
2016.10.21 02:01:17.209,1.70568,1.70616,1.00,1.00
2016.10.21 02:01:17.523,1.70566,1.70614,1.00,1.00
2016.10.21 02:01:18.137,1.70569,1.70619,1.00,1.00
2016.10.21 02:01:18.193,1.70569,1.70617,1.00,1.00
2016.10.21 02:01:18.244,1.70569,1.70617,1.12,1.00
2016.10.21 02:01:18.295,1.70567,1.70617,1.37,1.00
2016.10.21 02:01:18.346,1.70567,1.70617,1.00,1.00
2016.10.21 02:01:18.724,1.70567,1.70615,1.00,1.00
2016.10.21 02:01:19.476,1.7057,1.70618,1.00,1.00
2016.10.21 02:01:20.120,1.70571,1.70619,1.00,1.00
2016.10.21 02:01:20.323,1.70569,1.70619,1.00,1.00
2016.10.21 02:01:20.663,1.70566,1.70616,1.00,1.00
2016.10.21 02:01:20.714,1.70569,1.70619,1.00,1.50
2016.10.21 02:01:20.765,1.70569,1.70617,1.00,1.00
2016.10.21 02:01:21.072,1.70567,1.70615,1.00,1.00
2016.10.21 02:01:21.991,1.70569,1.70619,1.00,1.00
2016.10.21 02:01:22.595,1.7057,1.7062,1.00,1.00
2016.10.21 02:01:22.808,1.70568,1.70618,1.00,1.00
2016.10.21 02:01:22.909,1.70564,1.70612,1.37,1.00
2016.10.21 02:01:22.960,1.70562,1.70612,1.00,1.00
2016.10.21 02:01:23.264,1.70561,1.70609,1.00,1.00
2016.10.21 02:01:23.707,1.70561,1.70611,1.00,1.00
2016.10.21 02:01:24.220,1.70562,1.70612,1.00,1.00
2016.10.21 02:01:28.022,1.70561,1.70611,1.00,1.00
2016.10.21 02:01:28.499,1.7056,1.7061,1.50,1.00
2016.10.21 02:01:28.600,1.70561,1.70611,1.00,1.00
2016.10.21 02:01:29.971,1.70561,1.70609,1.00,1.00
2016.10.21 02:01:31.646,1.70554,1.706,1.00,1.00
2016.10.21 02:01:31.697,1.70554,1.706,1.00,1.00
2016.10.21 02:01:32.128,1.70554,1.70598,1.00,1.00
2016.10.21 02:01:32.180,1.70545,1.70593,1.12,1.00
2016.10.21 02:01:32.231,1.70544,1.7059,1.50,1.00
2016.10.21 02:01:32.528,1.70542,1.70592,1.00,1.00
2016.10.21 02:01:32.933,1.7054,1.7059,1.37,1.00
2016.10.21 02:01:32.984,1.70539,1.70587,1.00,1.00
2016.10.21 02:01:33.518,1.70537,1.70585,1.00,1.00
2016.10.21 02:01:33.568,1.70535,1.70585,1.00,1.00
2016.10.21 02:01:34.884,1.70535,1.70584,1.12,1.00
2016.10.21 02:01:34.985,1.70536,1.70586,1.12,1.00
2016.10.21 02:01:35.036,1.70538,1.70586,1.00,1.00
2016.10.21 02:01:35.138,1.70538,1.70588,1.00,1.00
2016.10.21 02:01:36.122,1.70537,1.70587,1.00,1.00
2016.10.21 02:01:36.173,1.7054,1.70588,1.00,1.00
2016.10.21 02:01:36.863,1.70541,1.70589,1.00,1.00
2016.10.21 02:01:36.914,1.70539,1.70589,1.00,1.00
2016.10.21 02:01:37.427,1.70538,1.70588,1.00,1.00
2016.10.21 02:01:37.529,1.70538,1.70586,1.00,1.00
2016.10.21 02:01:37.580,1.70536,1.70587,1.00,1.00
2016.10.21 02:01:37.904,1.70534,1.70585,1.12,1.00
2016.10.21 02:01:38.146,1.70536,1.70584,1.00,1.00
2016.10.21 02:01:38.247,1.70534,1.70585,1.00,1.00
2016.10.21 02:01:39.175,1.70538,1.70587,1.00,1.00
2016.10.21 02:01:39.355,1.70537,1.70587,1.12,1.00
2016.10.21 02:01:39.696,1.70538,1.70588,1.00,1.00
2016.10.21 02:01:40.215,1.7054,1.70588,1.00,1.00
2016.10.21 02:01:40.767,1.70542,1.7059,1.00,1.00
2016.10.21 02:01:40.819,1.7054,1.7059,1.00,1.00
2016.10.21 02:01:41.452,1.70542,1.7059,1.00,1.00
2016.10.21 02:01:41.977,1.70541,1.70589,1.00,1.00
2016.10.21 02:01:42.625,1.7054,1.70588,1.00,1.00
2016.10.21 02:01:42.676,1.7054,1.7059,1.00,1.00
2016.10.21 02:01:43.133,1.70542,1.7059,1.00,1.00
2016.10.21 02:01:48.532,1.70541,1.70589,1.00,1.00
2016.10.21 02:01:48.636,1.70543,1.70593,1.00,1.00
2016.10.21 02:01:49.063,1.70542,1.70591,1.00,1.00
2016.10.21 02:01:49.243,1.7054,1.70591,1.00,1.00
2016.10.21 02:01:49.828,1.70539,1.70588,1.00,1.00
2016.10.21 02:01:50.348,1.70538,1.70589,1.00,1.00
2016.10.21 02:01:50.881,1.70539,1.7059,1.00,1.12
2016.10.21 02:01:51.267,1.70541,1.7059,1.00,1.12
2016.10.21 02:01:51.318,1.7054,1.70591,1.00,1.00
2016.10.21 02:01:51.674,1.70542,1.7059,1.00,1.00
2016.10.21 02:01:52.201,1.70541,1.70591,1.00,1.00
2016.10.21 02:01:52.361,1.70541,1.70591,1.00,1.12
2016.10.21 02:01:52.412,1.70541,1.70589,1.00,1.00
2016.10.21 02:01:53.305,1.70541,1.7059,1.00,1.00
2016.10.21 02:01:54.385,1.70542,1.7059,1.00,1.00
2016.10.21 02:01:54.487,1.70542,1.70593,1.12,1.00
2016.10.21 02:01:54.938,1.70541,1.70592,1.37,1.00
2016.10.21 02:01:55.186,1.70541,1.70592,1.00,1.00
2016.10.21 02:01:55.389,1.70539,1.7059,1.37,1.00
2016.10.21 02:01:55.703,1.70543,1.70591,1.00,1.00
2016.10.21 02:01:56.080,1.70543,1.70592,1.37,1.00
2016.10.21 02:01:56.278,1.70543,1.70592,1.12,1.00
2016.10.21 02:01:56.813,1.7054,1.70589,1.00,1.37
2016.10.21 02:01:56.865,1.70531,1.70578,1.00,1.00
2016.10.21 02:01:57.019,1.70526,1.70577,1.00,1.00
2016.10.21 02:01:57.560,1.70529,1.70579,1.00,1.00
2016.10.21 02:01:58.612,1.70528,1.70577,1.00,1.00
2016.10.21 02:01:58.865,1.70526,1.70577,1.00,1.00
2016.10.21 02:01:59.744,1.70527,1.70578,1.00,1.00
2016.10.21 02:02:00.119,1.70527,1.70575,1.00,1.00
2016.10.21 02:02:00.735,1.70527,1.70576,1.00,1.00
2016.10.21 02:02:01.745,1.70527,1.70578,1.00,1.00
2016.10.21 02:02:02.087,1.70527,1.70576,1.00,1.00
2016.10.21 02:02:02.707,1.70527,1.70576,1.00,1.12
2016.10.21 02:02:02.758,1.70524,1.70575,1.00,1.00
2016.10.21 02:02:02.936,1.70525,1.70576,1.00,1.12
2016.10.21 02:02:02.987,1.70525,1.70576,1.00,1.00
2016.10.21 02:02:03.378,1.70524,1.70574,1.00,1.00
2016.10.21 02:02:04.371,1.70525,1.70574,1.00,1.00
2016.10.21 02:02:04.573,1.70526,1.70576,1.00,1.00
2016.10.21 02:02:05.216,1.70526,1.70577,1.00,1.00
2016.10.21 02:02:05.837,1.70526,1.70576,1.00,1.00
2016.10.21 02:02:06.223,1.7052,1.70558,1.00,1.00
2016.10.21 02:02:06.274,1.70509,1.70539,1.00,1.00
2016.10.21 02:02:06.325,1.70503,1.70542,1.75,1.00
2016.10.21 02:02:06.375,1.70503,1.70542,1.00,1.00
2016.10.21 02:02:06.426,1.70492,1.70542,1.75,1.00
2016.10.21 02:02:06.477,1.70492,1.70544,1.00,1.00
2016.10.21 02:02:06.578,1.70492,1.70543,1.00,1.00
2016.10.21 02:02:06.884,1.70492,1.70543,1.00,1.12
2016.10.21 02:02:06.999,1.70487,1.70543,1.00,1.37
2016.10.21 02:02:07.050,1.70492,1.70544,1.00,1.37
2016.10.21 02:02:07.101,1.70492,1.70544,1.00,1.00
2016.10.21 02:02:07.152,1.70492,1.70544,1.50,1.00
2016.10.21 02:02:07.613,1.70493,1.70551,1.00,1.00
2016.10.21 02:02:08.037,1.70502,1.70551,1.00,1.00
2016.10.21 02:02:08.571,1.70495,1.70551,1.00,1.00
2016.10.21 02:02:08.672,1.70493,1.70551,1.00,1.00
2016.10.21 02:02:08.824,1.70495,1.70553,1.00,1.00
2016.10.21 02:02:09.355,1.70501,1.70552,1.00,1.00
2016.10.21 02:02:10.406,1.70501,1.70551,1.00,1.00
2016.10.21 02:02:10.797,1.70502,1.70553,1.00,1.00
2016.10.21 02:02:11.263,1.70495,1.70549,1.00,1.00
2016.10.21 02:02:11.314,1.70489,1.70541,1.12,1.00
2016.10.21 02:02:11.364,1.70491,1.70541,1.37,1.00
2016.10.21 02:02:11.415,1.70491,1.70543,1.00,1.00
2016.10.21 02:02:11.466,1.70492,1.70545,1.00,1.75
2016.10.21 02:02:11.517,1.70492,1.70546,1.00,1.00
2016.10.21 02:02:11.670,1.7049,1.70546,1.00,1.00
2016.10.21 02:02:11.721,1.70488,1.70544,1.00,1.00
2016.10.21 02:02:11.772,1.70486,1.70544,1.00,1.00
2016.10.21 02:02:11.873,1.70492,1.70544,1.00,1.00
2016.10.21 02:02:12.268,1.70488,1.70544,1.00,1.00
2016.10.21 02:02:12.371,1.70492,1.70544,1.00,1.00
2016.10.21 02:02:12.828,1.70492,1.70542,1.00,1.00
2016.10.21 02:02:12.930,1.70486,1.70542,1.12,1.00
2016.10.21 02:02:13.243,1.70487,1.70543,1.00,1.00
2016.10.21 02:02:13.345,1.70485,1.70543,1.87,1.00
2016.10.21 02:02:13.499,1.70485,1.7054,1.12,1.00
2016.10.21 02:02:13.651,1.70485,1.70542,1.00,1.12
2016.10.21 02:02:13.938,1.70485,1.70542,1.12,1.00
2016.10.21 02:02:13.989,1.70487,1.70543,1.00,1.00
2016.10.21 02:02:14.068,1.70486,1.70543,1.00,1.12
2016.10.21 02:02:14.119,1.70489,1.70545,1.00,1.37
2016.10.21 02:02:14.322,1.70491,1.70548,1.00,1.37
2016.10.21 02:02:14.867,1.70492,1.70548,1.00,2.62
2016.10.21 02:02:14.979,1.70492,1.70548,1.00,1.37
2016.10.21 02:02:15.962,1.70491,1.70548,1.00,1.37
2016.10.21 02:02:18.378,1.70492,1.70548,1.50,1.37
2016.10.21 02:02:18.479,1.70492,1.70548,1.00,1.37
2016.10.21 02:02:18.682,1.70491,1.70549,1.00,1.87
2016.10.21 02:02:19.465,1.70493,1.70549,1.00,1.87
2016.10.21 02:02:20.038,1.70493,1.70548,1.00,1.37
2016.10.21 02:02:20.560,1.70493,1.70549,1.00,1.37
2016.10.21 02:02:20.784,1.70493,1.70549,1.00,1.87
2016.10.21 02:02:21.263,1.70493,1.70549,1.00,1.37
2016.10.21 02:02:21.779,1.70492,1.70549,1.00,1.37
2016.10.21 02:02:22.792,1.7049,1.70546,1.00,1.00
2016.10.21 02:02:22.894,1.7049,1.70546,1.00,1.12
2016.10.21 02:02:22.996,1.7049,1.70546,1.12,1.00
2016.10.21 02:02:23.047,1.70491,1.70546,1.00,1.00
2016.10.21 02:02:24.496,1.70491,1.70546,1.00,1.37
2016.10.21 02:02:25.289,1.70491,1.70545,1.00,1.37
2016.10.21 02:02:25.644,1.70491,1.70545,1.00,1.00
2016.10.21 02:02:26.186,1.70492,1.70547,1.12,1.00
2016.10.21 02:02:26.288,1.70495,1.7055,1.00,1.00
2016.10.21 02:02:26.440,1.70501,1.70557,1.00,1.12
2016.10.21 02:02:26.491,1.70501,1.70557,1.50,1.12
2016.10.21 02:02:26.541,1.70509,1.70561,1.00,1.37
2016.10.21 02:02:26.856,1.70514,1.70563,1.00,1.00
2016.10.21 02:02:28.354,1.70514,1.70563,1.00,1.12
2016.10.21 02:02:28.506,1.70514,1.70563,1.00,1.37
2016.10.21 02:02:28.774,1.70511,1.70562,1.00,1.12
2016.10.21 02:02:29.539,1.70512,1.70562,1.00,1.12
2016.10.21 02:02:30.140,1.70511,1.70563,1.00,1.37
2016.10.21 02:02:32.550,1.70511,1.70562,1.00,1.37
2016.10.21 02:02:32.838,1.7051,1.70558,1.00,1.00
2016.10.21 02:02:33.143,1.70512,1.70558,1.00,1.00
2016.10.21 02:02:33.194,1.7051,1.70558,1.00,1.00
2016.10.21 02:02:34.064,1.70511,1.70558,1.00,1.00
2016.10.21 02:02:35.705,1.7051,1.70558,1.00,1.00
2016.10.21 02:02:36.478,1.70511,1.70558,1.00,1.00
2016.10.21 02:02:36.529,1.70511,1.70548,1.00,1.00
2016.10.21 02:02:36.631,1.70511,1.70559,1.00,1.12
2016.10.21 02:02:36.734,1.70511,1.70559,1.00,1.00
2016.10.21 02:02:39.736,1.70514,1.70559,1.00,1.00
2016.10.21 02:02:40.057,1.70516,1.70558,1.00,1.00
2016.10.21 02:02:40.362,1.70512,1.70558,1.00,1.00
2016.10.21 02:02:40.667,1.70508,1.70557,1.00,1.00
2016.10.21 02:02:40.745,1.70503,1.70549,1.00,1.00
2016.10.21 02:02:41.833,1.70502,1.70549,1.00,1.00
2016.10.21 02:02:42.183,1.70505,1.70549,1.00,1.00
2016.10.21 02:02:43.157,1.70505,1.70557,1.00,1.00
2016.10.21 02:02:44.373,1.70504,1.70556,1.00,1.00
2016.10.21 02:02:44.425,1.70506,1.70558,1.00,1.12
2016.10.21 02:02:44.856,1.70506,1.70558,1.00,1.37
2016.10.21 02:02:45.744,1.70506,1.70558,1.37,1.37
2016.10.21 02:02:45.796,1.70522,1.70569,1.00,1.00
2016.10.21 02:02:46.627,1.70521,1.70569,1.00,1.00
2016.10.21 02:02:47.164,1.7052,1.70569,1.00,1.00
2016.10.21 02:02:47.628,1.70518,1.70568,1.00,1.00
2016.10.21 02:02:47.679,1.70519,1.70569,1.00,1.50
2016.10.21 02:02:47.981,1.70519,1.70569,1.00,1.87
2016.10.21 02:02:48.033,1.70518,1.70567,1.00,1.37
2016.10.21 02:02:48.084,1.70518,1.70567,1.00,1.12
2016.10.21 02:02:48.135,1.70518,1.70559,1.00,1.00
2016.10.21 02:02:48.338,1.70518,1.70568,1.00,1.37
2016.10.21 02:02:48.947,1.70518,1.70559,1.00,1.00
2016.10.21 02:02:49.021,1.70516,1.70559,1.00,1.00
2016.10.21 02:02:50.637,1.70512,1.70558,1.00,1.00
2016.10.21 02:02:50.710,1.70517,1.70558,1.00,1.00
2016.10.21 02:02:51.250,1.70515,1.70558,1.00,1.00
2016.10.21 02:02:51.424,1.70513,1.70558,1.00,1.00
2016.10.21 02:02:51.927,1.70514,1.70558,1.00,1.00
2016.10.21 02:02:52.477,1.70515,1.70558,1.00,1.00
2016.10.21 02:02:53.006,1.70514,1.70558,1.00,1.00
2016.10.21 02:02:53.056,1.70516,1.70558,1.00,1.00
2016.10.21 02:02:53.107,1.70514,1.70558,1.00,1.00
2016.10.21 02:02:53.732,1.70515,1.70559,1.00,1.00
2016.10.21 02:02:54.764,1.70518,1.70559,1.00,1.00
2016.10.21 02:02:54.865,1.70516,1.70559,1.00,1.00
2016.10.21 02:02:54.967,1.70514,1.70566,1.00,1.00
2016.10.21 02:02:55.078,1.70514,1.70559,1.00,1.00
2016.10.21 02:02:55.662,1.70518,1.70559,1.00,1.00
2016.10.21 02:02:56.083,1.70515,1.70559,1.00,1.00
2016.10.21 02:02:56.461,1.70515,1.70565,1.00,1.00
2016.10.21 02:02:56.512,1.70515,1.70565,1.00,1.12
2016.10.21 02:02:56.563,1.70513,1.70559,1.00,1.00
2016.10.21 02:02:57.713,1.70514,1.70559,1.00,1.00
2016.10.21 02:03:00.624,1.70517,1.70559,1.00,1.00
2016.10.21 02:03:00.675,1.70512,1.70559,1.00,1.00
2016.10.21 02:03:01.230,1.70516,1.70559,1.00,1.00
2016.10.21 02:03:01.596,1.70514,1.70559,1.00,1.00
2016.10.21 02:03:01.697,1.70516,1.70559,1.00,1.00
2016.10.21 02:03:02.727,1.70518,1.70559,1.00,1.00
2016.10.21 02:03:03.828,1.70518,1.70558,1.00,1.00
2016.10.21 02:03:03.981,1.70518,1.70568,1.00,1.50
2016.10.21 02:03:04.032,1.70517,1.70568,1.00,1.00
2016.10.21 02:03:04.336,1.7052,1.70568,1.00,1.00
2016.10.21 02:03:04.755,1.7052,1.70558,1.00,1.00
2016.10.21 02:03:04.857,1.70519,1.70569,1.00,1.00
2016.10.21 02:03:05.378,1.7052,1.70569,1.00,1.00
2016.10.21 02:03:05.752,1.7052,1.70559,1.00,1.00
2016.10.21 02:03:05.803,1.70511,1.70559,1.00,1.00
2016.10.21 02:03:05.905,1.70515,1.70559,1.00,1.00
2016.10.21 02:03:06.159,1.70519,1.70569,1.00,1.50
2016.10.21 02:03:06.260,1.70522,1.70569,1.00,1.00
2016.10.21 02:03:07.158,1.70522,1.70568,1.00,1.00
2016.10.21 02:03:07.361,1.70519,1.70569,1.00,1.00
2016.10.21 02:03:07.462,1.70519,1.70569,1.00,1.87
2016.10.21 02:03:07.513,1.70519,1.70568,1.00,1.00
2016.10.21 02:03:07.687,1.70519,1.70569,1.50,1.12
2016.10.21 02:03:07.989,1.70519,1.70559,1.50,1.00
2016.10.21 02:03:08.101,1.70519,1.70559,1.00,1.00
2016.10.21 02:03:08.575,1.70519,1.70567,1.00,1.00
2016.10.21 02:03:09.876,1.70519,1.70566,1.00,1.00
2016.10.21 02:03:10.984,1.70523,1.70569,1.00,1.12
2016.10.21 02:03:11.086,1.70522,1.70574,1.00,1.12
2016.10.21 02:03:11.138,1.70521,1.70573,1.00,1.00
2016.10.21 02:03:11.240,1.70521,1.70574,1.00,1.12
2016.10.21 02:03:11.292,1.70521,1.70569,1.00,1.00
2016.10.21 02:03:11.724,1.70524,1.70569,1.00,1.00
2016.10.21 02:03:11.825,1.70522,1.70569,1.00,1.00
2016.10.21 02:03:12.081,1.70521,1.70569,1.00,1.12
2016.10.21 02:03:12.132,1.70518,1.70569,1.00,1.12
2016.10.21 02:03:12.183,1.70515,1.70558,1.00,1.00
2016.10.21 02:03:12.791,1.70507,1.70558,1.00,1.12
2016.10.21 02:03:12.893,1.70509,1.70558,1.00,1.12
2016.10.21 02:03:13.687,1.7052,1.70558,1.00,1.00
2016.10.21 02:03:13.738,1.70517,1.70567,1.00,1.37
2016.10.21 02:03:13.789,1.70517,1.70559,1.00,1.00
2016.10.21 02:03:13.890,1.70514,1.70558,1.00,1.00
2016.10.21 02:03:14.094,1.70513,1.70559,1.00,1.00
2016.10.21 02:03:15.769,1.70511,1.70559,1.00,1.00
2016.10.21 02:03:16.078,1.70521,1.70568,1.00,1.00
2016.10.21 02:03:16.384,1.70524,1.70569,1.00,1.00
2016.10.21 02:03:16.711,1.70522,1.70569,1.00,1.00
2016.10.21 02:03:17.389,1.70521,1.70569,1.00,1.00
2016.10.21 02:03:18.271,1.7053,1.70569,1.00,1.00
2016.10.21 02:03:18.322,1.70543,1.70588,1.00,1.00
2016.10.21 02:03:18.423,1.70543,1.70595,1.00,1.00
2016.10.21 02:03:19.215,1.70543,1.70593,1.00,1.00
2016.10.21 02:03:19.358,1.70543,1.70595,1.00,1.00
2016.10.21 02:03:19.776,1.70545,1.70595,1.00,1.00
2016.10.21 02:03:20.271,1.70548,1.70593,1.12,1.00
2016.10.21 02:03:20.326,1.70554,1.70599,1.00,1.00
2016.10.21 02:03:20.580,1.70552,1.70599,1.00,1.00
2016.10.21 02:03:20.783,1.70552,1.70604,1.00,1.00
2016.10.21 02:03:21.492,1.70555,1.70605,1.00,1.00
2016.10.21 02:03:23.182,1.70556,1.70606,1.00,1.00
2016.10.21 02:03:23.708,1.70554,1.70606,1.00,1.12
2016.10.21 02:03:23.961,1.70553,1.70603,1.00,1.00
2016.10.21 02:03:24.307,1.70554,1.70606,1.00,1.12
2016.10.21 02:03:24.805,1.70554,1.70606,1.00,1.00
2016.10.21 02:03:25.026,1.70554,1.70606,1.00,1.37
2016.10.21 02:03:25.330,1.70554,1.70599,1.00,1.00
2016.10.21 02:03:25.704,1.70552,1.70604,1.00,1.00
2016.10.21 02:03:25.815,1.70552,1.70604,1.00,1.12
2016.10.21 02:03:26.309,1.70552,1.70604,1.00,1.00
2016.10.21 02:03:26.361,1.70554,1.70606,1.00,1.37
2016.10.21 02:03:26.412,1.70559,1.70608,1.00,1.00
2016.10.21 02:03:26.514,1.70562,1.70609,1.00,1.00
2016.10.21 02:03:27.051,1.70567,1.70609,1.00,1.00
2016.10.21 02:03:28.734,1.70568,1.70609,1.00,1.00
2016.10.21 02:03:28.835,1.70569,1.70618,1.00,1.00
2016.10.21 02:03:29.038,1.70571,1.70618,1.00,1.00
2016.10.21 02:03:29.403,1.70573,1.70609,1.00,1.00
2016.10.21 02:03:29.505,1.70569,1.70609,1.00,1.00
2016.10.21 02:03:29.606,1.70567,1.70608,1.00,1.00
2016.10.21 02:03:29.708,1.70565,1.70609,1.12,1.00
2016.10.21 02:03:29.759,1.70567,1.70609,1.00,1.00
2016.10.21 02:03:30.699,1.70565,1.70609,1.00,1.00
2016.10.21 02:03:30.796,1.70563,1.70609,1.00,1.00
2016.10.21 02:03:31.026,1.70565,1.70609,1.00,1.00
2016.10.21 02:03:31.474,1.70567,1.70609,1.00,1.00
2016.10.21 02:03:33.283,1.70564,1.70609,1.00,1.00
2016.10.21 02:03:33.664,1.70561,1.70608,1.00,1.00
2016.10.21 02:03:33.766,1.70558,1.70608,1.00,1.00
2016.10.21 02:03:33.817,1.7056,1.70609,1.00,1.00
2016.10.21 02:03:34.380,1.70561,1.70599,1.00,1.00
2016.10.21 02:03:34.431,1.70559,1.70609,1.00,1.00
2016.10.21 02:03:35.146,1.7056,1.70609,1.00,1.00
2016.10.21 02:03:35.674,1.70561,1.70609,1.00,1.00
2016.10.21 02:03:36.529,1.70562,1.70609,1.00,1.00
2016.10.21 02:03:38.043,1.70561,1.70609,1.00,1.00
2016.10.21 02:03:39.684,1.70562,1.70609,1.00,1.00
2016.10.21 02:03:42.507,1.70562,1.70608,1.00,1.00
2016.10.21 02:03:43.525,1.70561,1.70599,1.00,1.00
2016.10.21 02:03:44.061,1.70562,1.70599,1.00,1.00
2016.10.21 02:03:44.112,1.70562,1.70609,1.00,1.00
2016.10.21 02:03:45.677,1.7056,1.70609,1.00,1.00
2016.10.21 02:03:45.728,1.70559,1.70609,1.00,1.50
2016.10.21 02:03:46.032,1.70559,1.70609,1.00,1.00
2016.10.21 02:03:46.133,1.70561,1.70609,1.00,1.00
2016.10.21 02:03:46.456,1.70559,1.70609,1.00,1.50
2016.10.21 02:03:46.557,1.70556,1.70606,1.00,1.00
2016.10.21 02:03:46.608,1.70552,1.70604,1.00,1.00
2016.10.21 02:03:46.659,1.70551,1.70601,1.00,1.00
2016.10.21 02:03:46.975,1.70551,1.70598,1.00,1.00
2016.10.21 02:03:47.724,1.70552,1.70598,1.00,1.00
2016.10.21 02:03:47.775,1.7055,1.70598,1.00,1.00
2016.10.21 02:03:49.270,1.7055,1.70599,1.00,1.00
2016.10.21 02:03:49.656,1.70548,1.70599,1.00,1.00
2016.10.21 02:03:50.175,1.70548,1.70598,1.00,1.00
2016.10.21 02:03:50.628,1.7055,1.70598,1.00,1.00
2016.10.21 02:03:51.438,1.7055,1.706,1.00,1.00
2016.10.21 02:03:54.174,1.70549,1.706,1.00,1.00
2016.10.21 02:03:54.464,1.70547,1.70596,1.12,1.00
2016.10.21 02:03:54.515,1.70546,1.70596,1.00,1.00
2016.10.21 02:03:55.478,1.70544,1.70596,1.37,1.00
2016.10.21 02:03:55.529,1.70544,1.70596,1.00,1.00
2016.10.21 02:03:55.840,1.70543,1.70594,1.00,1.00
2016.10.21 02:03:56.285,1.70543,1.70589,1.00,1.00
2016.10.21 02:03:56.336,1.70538,1.70588,1.00,1.00
2016.10.21 02:03:56.386,1.70537,1.70587,1.12,1.00
2016.10.21 02:03:56.437,1.70535,1.70587,1.00,1.00
2016.10.21 02:03:57.032,1.70535,1.70578,1.00,1.00
2016.10.21 02:03:57.760,1.70527,1.70577,1.37,1.00
2016.10.21 02:03:57.811,1.70526,1.70576,1.00,1.00
2016.10.21 02:03:58.353,1.70527,1.70578,1.00,1.00
2016.10.21 02:03:58.404,1.70525,1.70577,1.00,1.00
2016.10.21 02:03:59.181,1.70525,1.70576,1.00,1.00
2016.10.21 02:03:59.907,1.70525,1.70575,1.00,1.00
2016.10.21 02:04:00.449,1.70525,1.70569,1.00,1.00
2016.10.21 02:04:00.625,1.70522,1.70568,1.00,1.00
2016.10.21 02:04:01.175,1.70521,1.70569,1.00,1.00
2016.10.21 02:04:02.179,1.70521,1.70568,1.00,1.00
2016.10.21 02:04:02.230,1.70519,1.70568,1.00,1.00
2016.10.21 02:04:02.382,1.70519,1.70558,1.00,1.00
2016.10.21 02:04:02.736,1.70516,1.70558,1.00,1.00
2016.10.21 02:04:02.787,1.70514,1.70558,1.00,1.00
2016.10.21 02:04:03.476,1.70514,1.70548,1.00,1.00
2016.10.21 02:04:04.095,1.70512,1.70548,1.00,1.00
2016.10.21 02:04:04.146,1.70509,1.70548,1.00,1.00
2016.10.21 02:04:05.406,1.70507,1.70548,1.00,1.00
2016.10.21 02:04:06.409,1.70508,1.70548,1.00,1.00
2016.10.21 02:04:06.612,1.70505,1.70548,1.00,1.00
2016.10.21 02:04:06.706,1.70503,1.70549,1.00,1.00
2016.10.21 02:04:07.162,1.705,1.70539,1.00,1.00
2016.10.21 02:04:07.550,1.70492,1.70528,1.00,1.00
2016.10.21 02:04:07.881,1.70492,1.70539,1.00,1.00
2016.10.21 02:04:07.983,1.70498,1.70538,1.00,1.00
2016.10.21 02:04:08.084,1.70505,1.70549,1.00,1.00
2016.10.21 02:04:08.136,1.705,1.70549,1.00,1.00
2016.10.21 02:04:08.187,1.70498,1.70549,1.00,1.00
2016.10.21 02:04:08.522,1.70501,1.70548,1.00,1.00
2016.10.21 02:04:09.161,1.705,1.70548,1.00,1.00
2016.10.21 02:04:09.212,1.70498,1.70548,1.00,1.50
2016.10.21 02:04:09.264,1.70497,1.70538,1.00,1.00
2016.10.21 02:04:09.908,1.70494,1.70538,1.00,1.00
2016.10.21 02:04:10.226,1.70492,1.70538,1.00,1.00
2016.10.21 02:04:10.277,1.70496,1.70538,1.00,1.00
2016.10.21 02:04:11.952,1.70496,1.70539,1.00,1.00
2016.10.21 02:04:16.290,1.70496,1.70538,1.00,1.00
2016.10.21 02:04:17.751,1.70498,1.70538,1.00,1.00
2016.10.21 02:04:20.932,1.70498,1.70539,1.00,1.00
2016.10.21 02:04:26.379,1.70498,1.70538,1.00,1.00
2016.10.21 02:04:26.894,1.705,1.70538,1.00,1.00
2016.10.21 02:04:27.271,1.70502,1.70539,1.00,1.00
2016.10.21 02:04:27.475,1.70503,1.70548,1.00,1.00
2016.10.21 02:04:28.117,1.70504,1.70554,1.00,1.00
2016.10.21 02:04:29.471,1.70502,1.70548,1.00,1.00
2016.10.21 02:04:30.103,1.70501,1.70549,1.00,1.00
2016.10.21 02:04:30.836,1.70497,1.70549,1.00,1.50
2016.10.21 02:04:30.937,1.70498,1.70548,1.00,1.00
2016.10.21 02:04:31.525,1.70494,1.70545,1.37,1.00
2016.10.21 02:04:31.575,1.70495,1.70547,1.12,1.00
2016.10.21 02:04:31.626,1.70496,1.70548,1.00,1.00
2016.10.21 02:04:31.956,1.70498,1.70547,1.00,1.00
2016.10.21 02:04:32.047,1.70497,1.70549,1.00,1.00
2016.10.21 02:04:32.520,1.70495,1.70545,1.00,1.00
2016.10.21 02:04:32.571,1.70495,1.70547,1.00,1.00
2016.10.21 02:04:32.672,1.70497,1.70548,1.00,1.00
2016.10.21 02:04:33.214,1.70499,1.70549,1.00,1.00
2016.10.21 02:04:33.417,1.70497,1.70549,1.00,1.00
2016.10.21 02:04:33.569,1.70501,1.70551,1.00,1.00
2016.10.21 02:04:33.878,1.70501,1.70549,1.00,1.00
2016.10.21 02:04:33.929,1.70492,1.70544,1.37,1.00
2016.10.21 02:04:34.629,1.70502,1.70538,1.00,1.00
2016.10.21 02:04:34.680,1.705,1.70538,1.00,1.00
2016.10.21 02:04:34.782,1.705,1.70549,1.00,1.00
2016.10.21 02:04:35.283,1.705,1.70539,1.00,1.00
2016.10.21 02:04:35.334,1.70498,1.70539,1.00,1.00
2016.10.21 02:04:35.385,1.70498,1.70549,1.00,1.00
2016.10.21 02:04:35.782,1.70508,1.70548,1.00,1.00
2016.10.21 02:04:35.894,1.70513,1.70558,1.00,1.00
2016.10.21 02:04:36.725,1.70515,1.70558,1.00,1.00
2016.10.21 02:04:37.230,1.70516,1.70558,1.00,1.00
2016.10.21 02:04:37.581,1.70521,1.70558,1.00,1.00
2016.10.21 02:04:37.632,1.70521,1.70569,1.00,1.00
2016.10.21 02:04:37.961,1.70523,1.70568,1.00,1.00
2016.10.21 02:04:39.064,1.70525,1.70568,1.00,1.00
2016.10.21 02:04:39.491,1.70527,1.70577,1.00,1.00
2016.10.21 02:04:39.542,1.7053,1.70578,1.00,1.00
2016.10.21 02:04:40.295,1.70529,1.70569,1.00,1.00
2016.10.21 02:04:40.396,1.70531,1.70578,1.00,1.00
2016.10.21 02:04:40.598,1.70536,1.70579,1.00,1.00
2016.10.21 02:04:41.066,1.70538,1.70579,1.00,1.00
2016.10.21 02:04:41.319,1.70538,1.70588,1.00,1.00
2016.10.21 02:04:41.420,1.70538,1.70578,1.00,1.00
2016.10.21 02:04:42.033,1.70538,1.70589,1.00,1.00
2016.10.21 02:04:42.771,1.70541,1.70589,1.00,1.00
2016.10.21 02:04:43.918,1.70539,1.70589,1.00,1.00
2016.10.21 02:04:45.261,1.70541,1.70589,1.00,1.00
2016.10.21 02:04:45.776,1.70541,1.70588,1.00,1.00
2016.10.21 02:04:46.331,1.70541,1.70589,1.00,1.00
2016.10.21 02:04:47.052,1.70542,1.70589,1.00,1.00
2016.10.21 02:04:47.231,1.7054,1.70589,1.00,1.00
2016.10.21 02:04:47.383,1.70539,1.70589,1.00,1.50
2016.10.21 02:04:47.434,1.70539,1.70578,1.00,1.00
2016.10.21 02:04:47.636,1.70539,1.70588,1.00,1.00
2016.10.21 02:04:48.371,1.70545,1.70588,1.00,1.00
2016.10.21 02:04:48.429,1.70542,1.70588,1.00,1.00
2016.10.21 02:04:48.960,1.70543,1.70589,1.00,1.00
2016.10.21 02:04:49.012,1.70545,1.70589,1.00,1.00
2016.10.21 02:04:49.441,1.70545,1.70597,1.00,1.00
2016.10.21 02:04:49.822,1.70547,1.70589,1.00,1.00
2016.10.21 02:04:50.256,1.7055,1.70599,1.00,1.00
2016.10.21 02:04:50.307,1.70553,1.70599,1.00,1.00
2016.10.21 02:04:50.359,1.70551,1.70599,1.00,1.00
2016.10.21 02:04:50.410,1.70551,1.70589,1.00,1.00
2016.10.21 02:04:50.513,1.70546,1.70589,1.00,1.00
2016.10.21 02:04:50.908,1.70549,1.70589,1.00,1.00
2016.10.21 02:04:51.232,1.70549,1.70599,1.00,1.00
2016.10.21 02:04:51.283,1.70551,1.70599,1.00,1.00
2016.10.21 02:04:52.152,1.70552,1.70589,1.00,1.00
2016.10.21 02:04:52.931,1.70554,1.70599,1.00,1.00
2016.10.21 02:04:53.358,1.70558,1.70604,1.00,1.00
2016.10.21 02:04:53.408,1.70563,1.70609,1.00,1.00
2016.10.21 02:04:53.459,1.70565,1.70609,1.00,1.00
2016.10.21 02:04:53.662,1.70563,1.70608,1.00,1.00
2016.10.21 02:04:54.618,1.70563,1.70609,1.00,1.00
2016.10.21 02:04:55.458,1.70561,1.70609,1.00,1.00
2016.10.21 02:04:55.508,1.70561,1.70609,1.12,1.00
2016.10.21 02:04:55.610,1.7056,1.70609,1.00,1.00
2016.10.21 02:04:55.661,1.70558,1.70609,1.87,1.00
2016.10.21 02:04:56.028,1.7056,1.70609,1.00,1.00
2016.10.21 02:04:56.506,1.70562,1.70609,1.00,1.00
2016.10.21 02:04:57.053,1.70562,1.70608,1.00,1.00
2016.10.21 02:04:58.071,1.70561,1.70608,1.12,1.00
2016.10.21 02:04:58.122,1.70561,1.70608,1.00,1.00
2016.10.21 02:04:58.829,1.70562,1.70598,1.00,1.00
2016.10.21 02:04:59.377,1.70559,1.70599,1.00,1.00
2016.10.21 02:04:59.893,1.70562,1.70599,1.00,1.00
2016.10.21 02:04:59.944,1.70564,1.70609,1.00,1.00
2016.10.21 02:05:00.299,1.70562,1.70608,1.00,1.00
2016.10.21 02:05:01.023,1.70561,1.70608,1.00,1.00
2016.10.21 02:05:01.117,1.70564,1.70619,1.37,1.00
2016.10.21 02:05:01.168,1.70565,1.70618,1.12,1.00
2016.10.21 02:05:01.219,1.70565,1.70618,1.00,1.00
2016.10.21 02:05:01.422,1.70567,1.70618,1.00,1.00
2016.10.21 02:05:02.126,1.70568,1.70629,1.00,2.62
2016.10.21 02:05:02.376,1.70568,1.70619,1.00,1.00
2016.10.21 02:05:02.927,1.70568,1.70618,1.00,1.00
2016.10.21 02:05:03.322,1.70578,1.70628,1.12,1.00
2016.10.21 02:05:03.474,1.70579,1.70628,1.00,1.00
2016.10.21 02:05:04.315,1.70577,1.70629,1.37,1.00
2016.10.21 02:05:06.162,1.70576,1.70639,1.37,1.00
2016.10.21 02:05:06.263,1.70576,1.70629,1.37,1.00
2016.10.21 02:05:06.696,1.7058,1.70628,1.37,1.00
2016.10.21 02:05:06.746,1.70578,1.70639,1.37,1.00
2016.10.21 02:05:06.848,1.70581,1.70638,1.37,1.00
2016.10.21 02:05:06.949,1.70578,1.70638,1.37,1.00
2016.10.21 02:05:07.151,1.7058,1.70639,1.12,1.00
2016.10.21 02:05:07.687,1.7058,1.70639,1.87,1.00
2016.10.21 02:05:07.738,1.70582,1.70644,1.00,1.00
2016.10.21 02:05:07.790,1.70582,1.70644,1.37,1.00
2016.10.21 02:05:07.841,1.70582,1.70644,1.12,1.00
2016.10.21 02:05:07.942,1.70584,1.70644,1.00,1.00
2016.10.21 02:05:08.044,1.70584,1.70644,1.12,1.00
2016.10.21 02:05:08.376,1.70584,1.70644,1.00,1.00
2016.10.21 02:05:08.577,1.70584,1.70644,1.37,1.00
2016.10.21 02:05:09.259,1.70584,1.70644,1.00,1.00
2016.10.21 02:05:10.445,1.70585,1.70639,1.00,1.00
2016.10.21 02:05:10.952,1.70585,1.70638,1.12,1.00
2016.10.21 02:05:11.126,1.70582,1.70638,1.37,1.00
2016.10.21 02:05:11.177,1.7058,1.70638,1.37,1.00
2016.10.21 02:05:11.461,1.70578,1.70638,1.50,1.00
2016.10.21 02:05:11.512,1.70576,1.70629,1.37,1.00
2016.10.21 02:05:11.767,1.70576,1.70629,1.12,1.00
2016.10.21 02:05:11.876,1.70576,1.70629,1.00,1.00
2016.10.21 02:05:12.164,1.70572,1.70629,1.00,1.00
2016.10.21 02:05:12.366,1.70571,1.70629,1.00,1.00
2016.10.21 02:05:12.726,1.70568,1.70629,1.37,1.00
2016.10.21 02:05:12.777,1.70568,1.70629,1.12,1.00
2016.10.21 02:05:12.994,1.70568,1.70629,1.37,1.00
2016.10.21 02:05:13.096,1.70568,1.70629,1.12,1.00
2016.10.21 02:05:13.528,1.70566,1.70629,1.37,1.00
2016.10.21 02:05:13.579,1.70564,1.70619,1.37,1.00
2016.10.21 02:05:13.681,1.70562,1.70619,3.00,1.00
2016.10.21 02:05:13.731,1.70562,1.70618,2.25,1.00
2016.10.21 02:05:13.782,1.70558,1.70618,1.87,1.00
2016.10.21 02:05:13.833,1.70557,1.70618,1.37,1.00
2016.10.21 02:05:14.254,1.70557,1.70609,1.37,1.00
2016.10.21 02:05:14.314,1.70555,1.70609,1.87,1.00
2016.10.21 02:05:15.048,1.70555,1.70619,1.87,1.50
2016.10.21 02:05:15.099,1.70555,1.70619,1.50,1.50
2016.10.21 02:05:15.583,1.70555,1.70609,1.50,1.00
2016.10.21 02:05:16.169,1.70555,1.70609,1.87,1.00
2016.10.21 02:05:17.135,1.70555,1.70618,1.87,1.00
2016.10.21 02:05:18.430,1.70555,1.70608,1.87,1.00
2016.10.21 02:05:18.480,1.7056,1.70608,1.12,1.00
2016.10.21 02:05:18.537,1.7056,1.70618,1.12,1.00
2016.10.21 02:05:18.825,1.7056,1.70618,1.37,1.00
2016.10.21 02:05:20.172,1.7056,1.70619,1.37,1.00
2016.10.21 02:05:21.451,1.70563,1.70619,1.00,1.00
2016.10.21 02:05:21.553,1.70564,1.70626,1.00,1.00
2016.10.21 02:05:21.604,1.70565,1.70626,1.12,1.00
2016.10.21 02:05:21.655,1.70566,1.70628,1.00,1.00
2016.10.21 02:05:21.706,1.70566,1.70628,1.37,1.00
2016.10.21 02:05:22.228,1.70567,1.70629,1.37,1.00
2016.10.21 02:05:22.917,1.70566,1.70629,1.37,1.00
2016.10.21 02:05:23.227,1.70577,1.70627,1.00,1.00
2016.10.21 02:05:26.620,1.70576,1.70626,1.00,1.00
2016.10.21 02:05:27.980,1.70576,1.70618,1.00,1.00
2016.10.21 02:05:28.493,1.70574,1.70627,1.00,1.00
2016.10.21 02:05:28.544,1.70573,1.70625,1.00,1.00
2016.10.21 02:05:29.826,1.70572,1.70624,1.00,1.00
2016.10.21 02:05:30.149,1.70572,1.70619,1.00,1.00
2016.10.21 02:05:30.251,1.70573,1.70623,1.00,1.00
2016.10.21 02:05:32.312,1.7057,1.70618,1.00,1.00
2016.10.21 02:05:33.706,1.70571,1.70618,1.00,1.00
2016.10.21 02:05:35.304,1.70571,1.70623,1.00,1.00
2016.10.21 02:05:36.176,1.70571,1.70622,1.00,1.00
2016.10.21 02:05:36.970,1.70571,1.70621,1.00,1.00
2016.10.21 02:05:37.573,1.70572,1.70622,1.00,1.00
2016.10.21 02:05:37.859,1.70572,1.70619,1.00,1.00
2016.10.21 02:05:38.370,1.70572,1.70622,1.00,1.00
2016.10.21 02:05:39.561,1.70572,1.70619,1.00,1.00
2016.10.21 02:05:41.818,1.70581,1.70629,1.00,1.00
2016.10.21 02:05:42.036,1.70583,1.70629,1.00,1.00
2016.10.21 02:05:42.560,1.7058,1.70628,1.00,1.00
2016.10.21 02:05:42.915,1.7058,1.7063,1.00,1.00
2016.10.21 02:05:43.381,1.7058,1.70633,1.00,1.00
2016.10.21 02:05:43.778,1.70581,1.70628,1.00,1.00
2016.10.21 02:05:44.082,1.70582,1.70635,1.00,1.00
2016.10.21 02:05:44.637,1.70582,1.70628,1.00,1.00
2016.10.21 02:05:45.081,1.70581,1.70632,1.00,1.00
2016.10.21 02:05:45.286,1.70581,1.70629,1.00,1.00
2016.10.21 02:05:45.779,1.70583,1.70629,1.00,1.00
2016.10.21 02:05:47.281,1.70583,1.70628,1.00,1.00
2016.10.21 02:05:48.408,1.70582,1.70628,1.00,1.00
2016.10.21 02:05:49.207,1.70583,1.70628,1.00,1.00
2016.10.21 02:05:51.020,1.70582,1.70628,1.00,1.00
2016.10.21 02:05:51.675,1.7058,1.70628,1.00,1.00
2016.10.21 02:05:51.726,1.70577,1.70628,1.00,1.50
2016.10.21 02:05:51.777,1.70579,1.70628,1.00,1.00
2016.10.21 02:05:51.828,1.70575,1.70628,1.50,1.00
2016.10.21 02:05:51.878,1.70579,1.70629,1.00,1.50
2016.10.21 02:05:52.152,1.70579,1.70628,1.00,1.00
2016.10.21 02:05:53.816,1.70577,1.70628,1.00,1.00
2016.10.21 02:05:53.868,1.70575,1.70626,1.87,1.00
2016.10.21 02:05:53.919,1.70575,1.70626,1.50,1.00
2016.10.21 02:05:54.165,1.70575,1.70626,1.87,1.00
2016.10.21 02:05:54.216,1.70579,1.70629,1.00,1.50
2016.10.21 02:05:54.268,1.70575,1.70621,1.00,1.00
2016.10.21 02:05:54.319,1.70568,1.70618,1.75,1.00
2016.10.21 02:05:54.422,1.70569,1.70619,1.00,1.00
2016.10.21 02:05:54.474,1.70568,1.70619,1.00,1.50
2016.10.21 02:05:54.525,1.70567,1.70617,1.00,1.00
2016.10.21 02:05:54.846,1.70567,1.70619,1.00,1.00
2016.10.21 02:05:54.897,1.70566,1.70619,1.00,1.50
2016.10.21 02:05:54.985,1.70566,1.70618,1.00,1.00
2016.10.21 02:05:55.228,1.70566,1.70618,1.00,1.50
2016.10.21 02:05:55.279,1.70566,1.70616,1.00,1.00
2016.10.21 02:05:55.432,1.70564,1.70614,1.00,1.00
2016.10.21 02:05:55.483,1.70562,1.70613,1.50,1.00
2016.10.21 02:05:55.870,1.70562,1.70609,1.50,1.00
2016.10.21 02:05:55.972,1.70566,1.70618,1.00,1.50
2016.10.21 02:05:56.372,1.70563,1.70613,1.00,1.00
2016.10.21 02:05:56.677,1.70562,1.70609,1.00,1.00
2016.10.21 02:05:56.728,1.7056,1.70609,1.12,1.00
2016.10.21 02:05:56.846,1.70561,1.70609,1.00,1.00
2016.10.21 02:05:58.912,1.70562,1.70609,1.00,1.00
2016.10.21 02:05:59.478,1.70563,1.70609,1.00,1.00
2016.10.21 02:05:59.824,1.70565,1.70609,1.00,1.00
2016.10.21 02:06:00.391,1.70566,1.70616,1.00,1.00
2016.10.21 02:06:01.066,1.70567,1.70618,1.00,1.00
2016.10.21 02:06:01.218,1.70574,1.70619,1.00,1.00
2016.10.21 02:06:01.526,1.70572,1.70622,1.87,1.00
2016.10.21 02:06:01.577,1.70585,1.70628,1.00,1.00
2016.10.21 02:06:02.033,1.70584,1.70636,1.00,1.00
2016.10.21 02:06:02.769,1.70584,1.70634,1.00,1.00
2016.10.21 02:06:02.820,1.70584,1.70636,1.00,1.00
2016.10.21 02:06:02.874,1.70588,1.70639,1.00,1.87
2016.10.21 02:06:02.925,1.70587,1.70637,1.00,1.00
2016.10.21 02:06:03.179,1.70589,1.70638,1.00,1.00
2016.10.21 02:06:03.484,1.70591,1.70639,1.00,1.00
2016.10.21 02:06:04.016,1.7059,1.70639,1.00,1.00
2016.10.21 02:06:04.524,1.7059,1.70638,1.00,1.00
2016.10.21 02:06:05.116,1.70593,1.70638,1.00,1.00
2016.10.21 02:06:05.218,1.70593,1.70646,1.00,1.00
2016.10.21 02:06:05.268,1.70591,1.70644,1.00,1.00
2016.10.21 02:06:05.574,1.70592,1.70638,1.00,1.00
2016.10.21 02:06:05.777,1.7059,1.70638,1.00,1.00
2016.10.21 02:06:05.847,1.70592,1.70639,1.00,1.00
2016.10.21 02:06:06.219,1.70593,1.70643,1.00,1.00
2016.10.21 02:06:06.269,1.70592,1.70645,1.00,1.00
2016.10.21 02:06:06.371,1.70593,1.70643,1.00,1.00
2016.10.21 02:06:06.675,1.70591,1.70644,1.00,1.00
2016.10.21 02:06:06.726,1.70591,1.70639,1.00,1.00
2016.10.21 02:06:06.902,1.70591,1.70644,1.00,1.00
2016.10.21 02:06:07.612,1.70592,1.70644,1.00,1.00
2016.10.21 02:06:07.713,1.70592,1.70639,1.00,1.00
2016.10.21 02:06:08.021,1.70594,1.70639,1.00,1.00
2016.10.21 02:06:08.173,1.70591,1.70639,1.00,1.00
2016.10.21 02:06:08.426,1.70591,1.70644,1.00,1.00
2016.10.21 02:06:08.761,1.70591,1.70638,1.00,1.00
2016.10.21 02:06:09.025,1.70597,1.70647,1.00,1.00
2016.10.21 02:06:09.398,1.70592,1.70642,1.00,1.00
2016.10.21 02:06:09.780,1.70592,1.70638,1.00,1.00
2016.10.21 02:06:09.831,1.70587,1.70638,1.00,1.50
2016.10.21 02:06:09.983,1.70587,1.70638,1.00,1.50
2016.10.21 02:06:10.523,1.70588,1.70638,1.00,1.00
2016.10.21 02:06:11.147,1.70592,1.70639,1.00,1.00
2016.10.21 02:06:11.447,1.70595,1.70638,1.00,1.00
2016.10.21 02:06:11.956,1.70594,1.70638,1.00,1.00
2016.10.21 02:06:12.109,1.70591,1.70638,1.12,1.00
2016.10.21 02:06:12.404,1.70591,1.70638,1.00,1.00
2016.10.21 02:06:12.712,1.70588,1.70639,1.00,1.00
2016.10.21 02:06:13.019,1.70592,1.70638,1.00,1.00
2016.10.21 02:06:13.528,1.70591,1.70638,1.00,1.00
2016.10.21 02:06:13.857,1.70595,1.70639,1.00,1.00
2016.10.21 02:06:14.313,1.70597,1.70638,1.00,1.00
2016.10.21 02:06:14.364,1.70596,1.70638,1.00,1.00
2016.10.21 02:06:14.415,1.70596,1.70638,1.00,1.00
2016.10.21 02:06:14.518,1.70596,1.70638,1.00,1.00
2016.10.21 02:06:15.640,1.70596,1.70638,1.00,1.00
2016.10.21 02:06:15.690,1.70596,1.70638,1.00,1.00
2016.10.21 02:06:15.792,1.70598,1.70638,1.00,1.00
2016.10.21 02:06:16.016,1.70596,1.70638,1.00,1.00
2016.10.21 02:06:16.117,1.70599,1.70638,1.00,1.00
2016.10.21 02:06:16.219,1.70596,1.70638,1.50,1.00
2016.10.21 02:06:16.320,1.70596,1.70638,1.00,1.00
2016.10.21 02:06:16.422,1.70596,1.70638,1.50,1.00
2016.10.21 02:06:16.472,1.70596,1.70638,1.00,1.00
2016.10.21 02:06:16.523,1.70593,1.70638,1.37,1.00
2016.10.21 02:06:16.574,1.70591,1.70638,1.00,1.00
2016.10.21 02:06:16.950,1.70593,1.70638,1.00,1.00
2016.10.21 02:06:17.254,1.70595,1.70638,1.00,1.00
2016.10.21 02:06:17.874,1.70592,1.70638,1.00,1.00
2016.10.21 02:06:18.559,1.70593,1.70638,1.00,1.00
2016.10.21 02:06:19.322,1.70589,1.70639,1.37,1.00
2016.10.21 02:06:19.373,1.70588,1.70638,1.50,1.00
2016.10.21 02:06:19.424,1.70588,1.70639,1.00,1.50
2016.10.21 02:06:20.080,1.70592,1.70638,1.00,1.00
2016.10.21 02:06:20.541,1.70595,1.70639,1.00,1.00
2016.10.21 02:06:21.386,1.70595,1.70638,1.00,1.00
2016.10.21 02:06:21.538,1.70593,1.70638,1.00,1.00
2016.10.21 02:06:21.966,1.70596,1.70639,1.00,1.00
2016.10.21 02:06:22.758,1.70596,1.70638,1.00,1.00
2016.10.21 02:06:23.062,1.70599,1.70638,1.00,1.00
2016.10.21 02:06:23.265,1.70599,1.70648,1.00,1.00
2016.10.21 02:06:24.222,1.70599,1.70649,1.00,1.00
2016.10.21 02:06:24.491,1.70599,1.70638,1.00,1.00
2016.10.21 02:06:24.560,1.70594,1.70638,1.00,1.00
2016.10.21 02:06:24.673,1.70597,1.70638,1.00,1.00
2016.10.21 02:06:24.723,1.70595,1.70638,1.00,1.00
2016.10.21 02:06:24.876,1.70597,1.70638,1.00,1.00
2016.10.21 02:06:24.926,1.70594,1.70638,1.00,1.00
2016.10.21 02:06:25.672,1.70595,1.70638,1.00,1.00
2016.10.21 02:06:27.018,1.70594,1.70638,1.00,1.00
2016.10.21 02:06:27.526,1.70593,1.70638,1.00,1.00
2016.10.21 02:06:27.577,1.70591,1.70638,1.00,1.00
2016.10.21 02:06:28.186,1.70591,1.70639,1.00,1.00
2016.10.21 02:06:28.237,1.70594,1.70639,1.00,1.00
2016.10.21 02:06:31.208,1.70596,1.70639,1.00,1.00
2016.10.21 02:06:31.259,1.70598,1.70648,1.00,1.00
2016.10.21 02:06:31.311,1.70596,1.70648,1.00,1.00
2016.10.21 02:06:31.623,1.70596,1.70648,1.00,1.50
2016.10.21 02:06:32.206,1.70596,1.70638,1.00,1.00
2016.10.21 02:06:32.308,1.70594,1.70638,1.00,1.00
2016.10.21 02:06:33.047,1.70593,1.70638,1.00,1.00
2016.10.21 02:06:33.700,1.70594,1.70638,1.00,1.00
2016.10.21 02:06:34.140,1.7059,1.70638,1.00,1.00
2016.10.21 02:06:34.191,1.70593,1.70638,1.00,1.00
2016.10.21 02:06:34.722,1.70592,1.70638,1.00,1.00
2016.10.21 02:06:35.274,1.70591,1.70638,1.00,1.00
2016.10.21 02:06:36.571,1.70595,1.70638,1.00,1.00
2016.10.21 02:06:36.673,1.70589,1.70639,1.50,1.00
2016.10.21 02:06:37.249,1.70589,1.70619,1.00,1.00
2016.10.21 02:06:37.300,1.70576,1.70619,1.50,1.00
2016.10.21 02:06:37.352,1.70576,1.70628,1.50,1.00
2016.10.21 02:06:37.403,1.70576,1.70626,1.50,1.00
2016.10.21 02:06:37.454,1.70574,1.70625,1.00,1.00
2016.10.21 02:06:37.842,1.70574,1.70619,1.00,1.00
2016.10.21 02:06:38.177,1.70574,1.70624,1.00,1.00
2016.10.21 02:06:38.874,1.70574,1.70618,1.00,1.00
2016.10.21 02:06:39.244,1.70574,1.70624,1.00,1.00
2016.10.21 02:06:42.546,1.70574,1.70618,1.00,1.00
2016.10.21 02:06:44.859,1.70571,1.70618,1.00,1.00
2016.10.21 02:06:45.553,1.70571,1.70623,1.00,1.00
2016.10.21 02:06:47.135,1.70572,1.70623,1.00,1.00
2016.10.21 02:06:48.452,1.70572,1.70618,1.00,1.00
2016.10.21 02:06:48.578,1.70572,1.70623,1.00,1.00
2016.10.21 02:06:49.271,1.70573,1.70625,1.00,1.00
2016.10.21 02:06:49.814,1.70575,1.70626,1.00,1.00
2016.10.21 02:06:50.425,1.70575,1.70625,1.00,1.00
2016.10.21 02:06:51.876,1.70575,1.70626,1.00,1.00
2016.10.21 02:06:56.574,1.70576,1.70627,1.00,1.12
2016.10.21 02:06:56.827,1.70573,1.70626,1.00,1.00
2016.10.21 02:06:57.518,1.70575,1.70626,1.00,1.00
2016.10.21 02:06:58.208,1.70575,1.70628,1.00,1.87
2016.10.21 02:06:58.360,1.70575,1.70628,1.00,1.50
2016.10.21 02:06:59.119,1.70573,1.70626,1.00,1.00
2016.10.21 02:06:59.592,1.70573,1.70619,1.00,1.00
2016.10.21 02:07:00.118,1.70574,1.70618,1.00,1.00
2016.10.21 02:07:00.270,1.70575,1.70628,1.00,1.50
2016.10.21 02:07:00.321,1.70575,1.70626,1.00,1.00
2016.10.21 02:07:00.700,1.70569,1.70618,1.00,1.00
2016.10.21 02:07:00.802,1.70559,1.70609,1.00,1.00
2016.10.21 02:07:01.074,1.70558,1.70609,1.00,1.50
2016.10.21 02:07:01.125,1.70556,1.70609,1.00,1.50
2016.10.21 02:07:01.328,1.70557,1.70609,1.00,1.00
2016.10.21 02:07:01.673,1.70558,1.70609,1.00,1.50
2016.10.21 02:07:01.778,1.70556,1.70609,1.00,1.50
2016.10.21 02:07:02.133,1.70553,1.70606,1.00,1.00
2016.10.21 02:07:02.184,1.70552,1.70603,1.00,1.00
2016.10.21 02:07:02.620,1.70551,1.70603,1.00,1.00
2016.10.21 02:07:03.167,1.70551,1.70602,1.00,1.00
2016.10.21 02:07:03.377,1.70543,1.70593,1.37,1.00
2016.10.21 02:07:03.427,1.70543,1.70593,1.00,1.00
2016.10.21 02:07:03.478,1.70543,1.70593,1.00,1.00
2016.10.21 02:07:03.782,1.70535,1.70588,1.00,1.00
2016.10.21 02:07:03.883,1.70534,1.70587,1.12,1.00
2016.10.21 02:07:04.158,1.70534,1.70587,1.00,1.00
2016.10.21 02:07:04.209,1.70527,1.7058,1.87,1.00
2016.10.21 02:07:04.285,1.70526,1.70578,1.37,1.00
2016.10.21 02:07:04.338,1.70526,1.70578,1.00,1.00
2016.10.21 02:07:04.491,1.70524,1.70575,1.12,1.00
2016.10.21 02:07:04.542,1.70524,1.70575,1.00,1.00
2016.10.21 02:07:05.725,1.70519,1.70572,1.12,1.00
2016.10.21 02:07:05.776,1.70518,1.70571,1.87,1.00
2016.10.21 02:07:05.827,1.70518,1.70571,1.50,1.00
2016.10.21 02:07:06.161,1.70518,1.70571,1.00,1.00
2016.10.21 02:07:06.894,1.70512,1.70565,1.00,1.00
2016.10.21 02:07:07.224,1.70514,1.70565,1.00,1.00
2016.10.21 02:07:07.893,1.70511,1.70564,1.37,1.00
2016.10.21 02:07:08.212,1.70511,1.70562,1.12,1.00
2016.10.21 02:07:08.364,1.70511,1.70564,1.12,1.00
2016.10.21 02:07:08.649,1.70514,1.70565,1.00,1.00
2016.10.21 02:07:09.855,1.70512,1.70563,1.00,1.00
2016.10.21 02:07:10.129,1.70513,1.70566,1.00,1.00
2016.10.21 02:07:11.246,1.70512,1.70565,1.00,1.00
2016.10.21 02:07:11.534,1.70508,1.70561,1.87,1.00
2016.10.21 02:07:11.635,1.70508,1.70561,1.50,1.00
2016.10.21 02:07:12.089,1.70509,1.70562,1.00,1.00
2016.10.21 02:07:12.241,1.70511,1.70562,1.00,1.00
2016.10.21 02:07:12.821,1.7051,1.70561,1.00,1.00
2016.10.21 02:07:13.878,1.70507,1.7056,1.12,1.00
2016.10.21 02:07:13.929,1.70506,1.70557,1.37,1.00
2016.10.21 02:07:13.980,1.70506,1.70557,1.00,1.00
2016.10.21 02:07:14.970,1.70505,1.70556,1.00,1.00
2016.10.21 02:07:15.072,1.70502,1.70554,1.00,1.00
2016.10.21 02:07:15.123,1.70504,1.70557,1.00,1.00
2016.10.21 02:07:15.224,1.70503,1.70556,1.12,1.00
2016.10.21 02:07:15.325,1.70503,1.70556,1.12,1.50
2016.10.21 02:07:15.427,1.70506,1.70556,1.12,1.00
2016.10.21 02:07:15.528,1.70507,1.70556,1.37,1.00
2016.10.21 02:07:16.148,1.70516,1.70556,1.00,1.00
2016.10.21 02:07:16.232,1.70516,1.70567,1.00,1.00
2016.10.21 02:07:16.783,1.70513,1.70564,1.37,1.00
2016.10.21 02:07:16.834,1.70513,1.70564,1.12,1.00
2016.10.21 02:07:16.885,1.70516,1.70567,1.00,1.00
2016.10.21 02:07:17.441,1.70514,1.70567,1.00,1.00
2016.10.21 02:07:17.805,1.70514,1.70565,1.00,1.00
2016.10.21 02:07:18.751,1.70512,1.70566,1.00,1.00
2016.10.21 02:07:18.802,1.70511,1.70564,1.50,1.00
2016.10.21 02:07:19.183,1.70511,1.70563,1.00,1.00
2016.10.21 02:07:19.678,1.70511,1.70563,1.00,1.00
2016.10.21 02:07:20.673,1.70511,1.70561,1.00,1.00
2016.10.21 02:07:21.785,1.7051,1.70561,1.00,1.00
2016.10.21 02:07:23.783,1.70507,1.70561,1.37,1.00
2016.10.21 02:07:24.110,1.70507,1.70559,1.37,1.00
2016.10.21 02:07:24.177,1.70507,1.70559,1.12,1.00
2016.10.21 02:07:26.503,1.70507,1.70561,1.12,1.00
2016.10.21 02:07:29.077,1.70508,1.70561,1.37,1.00
2016.10.21 02:07:30.849,1.70508,1.70559,1.37,1.00
2016.10.21 02:07:32.734,1.70513,1.70564,1.00,1.00
2016.10.21 02:07:32.836,1.70511,1.70565,1.00,1.00
2016.10.21 02:07:32.887,1.70511,1.70565,2.62,1.00
2016.10.21 02:07:32.988,1.70511,1.70565,1.37,1.00
2016.10.21 02:07:33.090,1.70511,1.70562,1.37,1.00
2016.10.21 02:07:35.563,1.70516,1.70562,1.87,1.00
2016.10.21 02:07:35.686,1.70529,1.70579,1.00,1.00
2016.10.21 02:07:36.313,1.7053,1.70578,1.00,1.00
2016.10.21 02:07:36.690,1.70533,1.70578,1.00,1.00
2016.10.21 02:07:38.324,1.70533,1.70587,1.00,1.00
2016.10.21 02:07:38.644,1.70533,1.70578,1.00,1.00
2016.10.21 02:07:38.718,1.70533,1.70587,1.00,1.00
2016.10.21 02:07:39.340,1.70535,1.70587,1.00,1.00
2016.10.21 02:07:41.697,1.70534,1.70586,1.00,1.00
2016.10.21 02:07:42.286,1.70535,1.70587,1.00,1.00
2016.10.21 02:07:45.791,1.70535,1.70587,1.00,1.37
2016.10.21 02:07:46.992,1.70561,1.70588,1.00,1.37
2016.10.21 02:07:47.044,1.70569,1.70599,1.00,1.00
2016.10.21 02:07:47.147,1.70572,1.70619,1.00,1.00
2016.10.21 02:07:47.249,1.70573,1.70621,1.00,1.00
2016.10.21 02:07:47.452,1.70568,1.70619,1.00,1.00
2016.10.21 02:07:47.997,1.70569,1.70619,1.00,1.00
2016.10.21 02:07:48.149,1.70566,1.70618,1.50,1.00
2016.10.21 02:07:48.250,1.70567,1.70618,1.00,1.50
2016.10.21 02:07:48.301,1.70566,1.70618,1.00,1.00
2016.10.21 02:07:48.352,1.70566,1.70616,1.00,1.00
2016.10.21 02:07:48.454,1.70563,1.70615,1.00,1.00
2016.10.21 02:07:48.556,1.70561,1.70615,1.00,1.00
2016.10.21 02:07:49.023,1.70562,1.70613,1.00,1.00
2016.10.21 02:07:49.527,1.70561,1.70613,1.00,1.00
2016.10.21 02:07:50.435,1.70561,1.70599,1.00,1.00
2016.10.21 02:07:50.486,1.70548,1.70596,1.00,1.00
2016.10.21 02:07:50.537,1.70549,1.70601,1.00,1.00
2016.10.21 02:07:50.638,1.7055,1.70603,1.00,1.00
2016.10.21 02:07:50.791,1.70551,1.70602,1.00,1.00
2016.10.21 02:07:50.892,1.70552,1.70603,1.00,1.00
2016.10.21 02:07:50.944,1.70555,1.70607,1.00,1.00
2016.10.21 02:07:51.283,1.70556,1.70608,1.00,1.87
2016.10.21 02:07:51.361,1.70553,1.70607,1.00,1.12
2016.10.21 02:07:51.631,1.70553,1.70607,1.00,1.00
2016.10.21 02:07:52.205,1.70557,1.70608,1.00,1.00
2016.10.21 02:07:52.460,1.70563,1.70615,1.00,1.00
2016.10.21 02:07:52.562,1.70565,1.70617,1.00,1.12
2016.10.21 02:07:52.613,1.70565,1.70617,1.00,1.00
2016.10.21 02:07:52.714,1.70561,1.70615,1.00,1.00
2016.10.21 02:07:52.765,1.70561,1.70613,1.00,1.00
2016.10.21 02:07:53.069,1.70558,1.70608,1.00,1.00
2016.10.21 02:07:53.820,1.70559,1.70608,1.00,1.00
2016.10.21 02:07:54.126,1.70557,1.70608,1.00,1.00
2016.10.21 02:07:55.786,1.70559,1.70608,1.00,1.00
2016.10.21 02:07:56.333,1.70558,1.70608,1.00,1.00
2016.10.21 02:07:56.972,1.70555,1.70608,1.00,1.00
2016.10.21 02:07:57.022,1.70554,1.70607,1.00,1.12
2016.10.21 02:07:57.074,1.70552,1.70607,1.00,1.12
2016.10.21 02:07:57.125,1.70553,1.70607,1.00,1.37
2016.10.21 02:07:57.227,1.70552,1.70604,1.00,1.00
2016.10.21 02:07:57.913,1.70551,1.70603,1.00,1.00
2016.10.21 02:07:58.256,1.70553,1.70606,1.00,1.37
2016.10.21 02:07:59.974,1.70554,1.70608,1.00,2.25
2016.10.21 02:08:00.541,1.70554,1.70608,1.00,3.75
2016.10.21 02:08:00.591,1.70554,1.70599,1.00,1.00
2016.10.21 02:08:00.743,1.70551,1.70599,1.00,1.00
2016.10.21 02:08:01.271,1.70551,1.70598,1.00,1.00
2016.10.21 02:08:01.373,1.70553,1.70598,1.00,1.00
2016.10.21 02:08:02.107,1.70552,1.70598,1.00,1.00
2016.10.21 02:08:02.768,1.70553,1.70598,1.00,1.00
2016.10.21 02:08:02.819,1.70551,1.70598,1.00,1.00
2016.10.21 02:08:03.372,1.70552,1.70598,1.00,1.00
2016.10.21 02:08:03.676,1.70554,1.70598,1.00,1.00
2016.10.21 02:08:04.311,1.70552,1.70598,1.00,1.00
2016.10.21 02:08:04.875,1.70551,1.70598,1.00,1.00
2016.10.21 02:08:05.455,1.70552,1.70598,1.00,1.00
2016.10.21 02:08:05.964,1.70552,1.70599,1.00,1.00
2016.10.21 02:08:09.137,1.7055,1.70599,1.00,1.00
2016.10.21 02:08:09.202,1.7055,1.70604,1.00,1.87
2016.10.21 02:08:09.370,1.7055,1.70599,1.00,1.00
2016.10.21 02:08:10.120,1.70548,1.70599,1.00,1.00
2016.10.21 02:08:10.469,1.7055,1.70599,1.00,1.00
2016.10.21 02:08:10.740,1.70547,1.70598,1.00,1.00
2016.10.21 02:08:10.792,1.70547,1.70598,1.00,1.12
2016.10.21 02:08:10.945,1.70546,1.70598,1.00,1.50
2016.10.21 02:08:11.175,1.70546,1.70598,1.00,1.00
2016.10.21 02:08:11.290,1.70546,1.70598,1.00,1.12
2016.10.21 02:08:11.341,1.70544,1.70598,1.00,1.12
2016.10.21 02:08:11.392,1.70544,1.70598,1.00,1.37
2016.10.21 02:08:11.494,1.70543,1.70597,1.00,1.87
2016.10.21 02:08:12.058,1.70544,1.70597,1.00,1.12
2016.10.21 02:08:12.160,1.70543,1.70597,1.00,1.87
2016.10.21 02:08:12.753,1.70545,1.70597,1.00,1.87
2016.10.21 02:08:13.360,1.70543,1.70597,1.00,1.87
2016.10.21 02:08:13.452,1.70541,1.70594,1.00,1.00
2016.10.21 02:08:13.623,1.70541,1.70596,1.00,1.12
2016.10.21 02:08:13.874,1.7054,1.70595,1.00,1.00
2016.10.21 02:08:14.128,1.70541,1.70596,1.00,1.12
2016.10.21 02:08:14.564,1.70541,1.70596,1.00,1.00
2016.10.21 02:08:14.666,1.70541,1.70594,1.00,1.00
2016.10.21 02:08:15.228,1.70542,1.70594,1.00,1.00
2016.10.21 02:08:15.329,1.7054,1.70595,1.00,1.00
2016.10.21 02:08:15.952,1.70541,1.70594,1.00,1.00
2016.10.21 02:08:16.054,1.70541,1.70596,1.00,1.00
2016.10.21 02:08:16.574,1.7054,1.70595,1.00,1.00
2016.10.21 02:08:17.122,1.70541,1.70596,1.00,1.00
2016.10.21 02:08:17.673,1.70542,1.70595,1.00,1.00
2016.10.21 02:08:18.334,1.70541,1.70594,1.00,1.00
2016.10.21 02:08:18.667,1.70541,1.70596,1.00,1.00
2016.10.21 02:08:19.171,1.70541,1.70595,1.00,1.00
2016.10.21 02:08:19.817,1.70539,1.70594,1.00,1.00
2016.10.21 02:08:20.121,1.70541,1.70594,1.00,1.00
2016.10.21 02:08:20.543,1.70539,1.70594,1.00,1.00
2016.10.21 02:08:20.725,1.70541,1.70594,1.00,1.00
2016.10.21 02:08:20.845,1.70539,1.70594,1.00,1.00
2016.10.21 02:08:21.392,1.7054,1.70593,1.00,1.00
2016.10.21 02:08:21.523,1.7054,1.70595,1.00,1.00
2016.10.21 02:08:21.574,1.7054,1.70593,1.00,1.00
2016.10.21 02:08:22.121,1.70541,1.70594,1.00,1.00
2016.10.21 02:08:22.622,1.70539,1.70594,1.00,1.00
2016.10.21 02:08:23.703,1.70541,1.70594,1.00,1.00
2016.10.21 02:08:24.124,1.70539,1.70594,1.00,1.00
2016.10.21 02:08:24.669,1.7054,1.70593,1.00,1.00
2016.10.21 02:08:25.366,1.70536,1.70588,1.00,1.00
2016.10.21 02:08:25.711,1.70535,1.70589,1.00,1.87
2016.10.21 02:08:25.911,1.70535,1.70588,1.00,1.00
2016.10.21 02:08:26.863,1.70535,1.70587,1.00,1.00
2016.10.21 02:08:26.914,1.70533,1.70586,1.00,1.00
2016.10.21 02:08:26.966,1.70532,1.70584,1.00,1.00
2016.10.21 02:08:27.017,1.7053,1.70584,1.00,1.00
2016.10.21 02:08:27.793,1.7053,1.70582,1.00,1.00
2016.10.21 02:08:28.260,1.70531,1.70583,1.00,1.12
2016.10.21 02:08:28.311,1.7053,1.70583,1.00,1.00
2016.10.21 02:08:28.615,1.7053,1.70585,1.00,1.00
2016.10.21 02:08:29.173,1.70529,1.70584,1.00,1.00
2016.10.21 02:08:29.464,1.70529,1.70579,1.00,1.00
2016.10.21 02:08:29.515,1.70527,1.70579,1.00,1.00
2016.10.21 02:08:30.021,1.70528,1.70579,1.00,1.00
2016.10.21 02:08:30.174,1.70526,1.70579,1.00,1.00
2016.10.21 02:08:30.276,1.70524,1.70578,1.50,1.00
2016.10.21 02:08:30.563,1.70524,1.70578,1.00,1.00
2016.10.21 02:08:30.614,1.70523,1.70578,1.00,1.12
2016.10.21 02:08:31.426,1.70522,1.70569,1.00,1.00
2016.10.21 02:08:32.169,1.70521,1.70569,1.00,1.00
2016.10.21 02:08:33.627,1.70518,1.70573,1.00,1.00
2016.10.21 02:08:33.905,1.70518,1.70573,1.00,1.75
2016.10.21 02:08:33.956,1.70517,1.70569,1.00,1.00
2016.10.21 02:08:34.040,1.70516,1.70569,1.00,1.50
2016.10.21 02:08:34.822,1.70515,1.70569,1.00,1.50
2016.10.21 02:08:35.152,1.70515,1.70568,1.00,1.00
2016.10.21 02:08:47.577,1.70515,1.70569,1.00,1.00
2016.10.21 02:08:49.217,1.70514,1.70569,1.00,1.00
2016.10.21 02:08:49.267,1.70514,1.70569,1.00,1.50
2016.10.21 02:08:50.526,1.70515,1.70569,1.00,1.00
2016.10.21 02:08:50.968,1.70515,1.70569,1.00,1.37
2016.10.21 02:08:51.185,1.70515,1.7057,1.00,1.50
2016.10.21 02:08:51.236,1.70515,1.7057,1.00,1.37
2016.10.21 02:08:54.202,1.70515,1.70568,1.00,1.12
2016.10.21 02:08:56.171,1.70516,1.70569,1.00,1.37
2016.10.21 02:08:56.646,1.70515,1.70569,1.00,1.12
2016.10.21 02:08:57.243,1.70515,1.7057,1.00,1.37
2016.10.21 02:08:57.294,1.70511,1.70564,1.00,1.00
2016.10.21 02:08:57.395,1.70509,1.70564,1.00,1.00
2016.10.21 02:08:57.446,1.70509,1.70564,1.00,1.12
2016.10.21 02:08:57.667,1.70509,1.70564,1.00,1.00
2016.10.21 02:08:59.871,1.70508,1.70561,1.00,1.00
2016.10.21 02:09:00.364,1.70506,1.70559,1.00,1.00
2016.10.21 02:09:00.835,1.70507,1.70562,1.00,1.12
2016.10.21 02:09:00.885,1.70506,1.70561,1.00,1.00
2016.10.21 02:09:01.883,1.70508,1.70561,1.00,1.00
2016.10.21 02:09:02.327,1.70508,1.70563,1.00,1.00
2016.10.21 02:09:02.479,1.7051,1.70563,1.00,1.00
2016.10.21 02:09:02.581,1.70512,1.70566,1.00,1.00
2016.10.21 02:09:03.377,1.70512,1.70567,1.00,1.00
2016.10.21 02:09:03.986,1.70512,1.70568,1.00,1.00
2016.10.21 02:09:04.037,1.70514,1.70567,1.00,1.00
2016.10.21 02:09:05.623,1.70514,1.7057,1.00,1.00
2016.10.21 02:09:07.225,1.70516,1.70569,1.00,1.00
2016.10.21 02:09:07.276,1.70516,1.70571,1.00,1.00
2016.10.21 02:09:07.923,1.70516,1.70572,1.00,1.00
2016.10.21 02:09:15.514,1.70519,1.70572,1.00,1.00
2016.10.21 02:09:16.925,1.7052,1.70576,1.00,1.00
2016.10.21 02:09:23.674,1.7052,1.70573,1.00,1.00
2016.10.21 02:09:24.220,1.70521,1.70574,1.00,1.00
2016.10.21 02:09:24.983,1.70526,1.7058,1.00,1.00
2016.10.21 02:09:25.680,1.70528,1.70581,1.00,1.00
2016.10.21 02:09:25.732,1.70528,1.70584,1.00,1.00
2016.10.21 02:09:26.051,1.7053,1.70583,1.00,1.00
2016.10.21 02:09:26.457,1.7053,1.70578,1.00,1.00
2016.10.21 02:09:26.850,1.7053,1.70583,1.00,1.00
2016.10.21 02:09:26.901,1.70534,1.70589,1.00,1.00
2016.10.21 02:09:27.002,1.70537,1.70588,1.00,1.00
2016.10.21 02:09:27.154,1.70545,1.70596,1.00,1.00
2016.10.21 02:09:27.256,1.70545,1.70599,1.00,1.00
2016.10.21 02:09:27.459,1.70551,1.70605,1.00,1.12
2016.10.21 02:09:27.800,1.70552,1.70606,1.00,1.50
2016.10.21 02:09:28.173,1.70553,1.70606,1.00,1.00
2016.10.21 02:09:28.274,1.70553,1.70606,1.00,1.00
2016.10.21 02:09:28.529,1.70554,1.70608,1.00,1.50
2016.10.21 02:09:28.953,1.70555,1.70608,1.00,1.00
2016.10.21 02:09:29.465,1.70556,1.70609,1.00,1.00
2016.10.21 02:09:30.366,1.70566,1.70619,1.00,1.37
2016.10.21 02:09:30.417,1.70568,1.70619,1.00,1.00
2016.10.21 02:09:30.974,1.70569,1.70618,1.00,1.00
2016.10.21 02:09:31.526,1.70572,1.70619,1.00,1.00
2016.10.21 02:09:31.832,1.70574,1.70619,1.00,1.00
2016.10.21 02:09:31.985,1.70572,1.70619,1.00,1.00
2016.10.21 02:09:32.115,1.70577,1.70619,1.00,1.00
2016.10.21 02:09:32.790,1.70578,1.70618,1.00,1.00
2016.10.21 02:09:33.130,1.7058,1.70618,1.00,1.00
2016.10.21 02:09:33.282,1.70578,1.70618,1.00,1.00
2016.10.21 02:09:33.971,1.70576,1.70618,1.00,1.00
2016.10.21 02:09:34.801,1.70573,1.70619,1.00,1.00
2016.10.21 02:09:34.902,1.70573,1.70618,1.00,1.00
2016.10.21 02:09:34.953,1.70568,1.70618,1.37,1.00
2016.10.21 02:09:35.004,1.70568,1.70618,1.00,1.00
2016.10.21 02:09:35.373,1.70568,1.70624,1.00,1.12
2016.10.21 02:09:35.424,1.70568,1.70622,1.00,1.00
2016.10.21 02:09:35.576,1.70568,1.70619,1.00,1.00
2016.10.21 02:09:35.718,1.70566,1.70619,1.00,1.00
2016.10.21 02:09:36.096,1.70562,1.70618,1.00,1.00
2016.10.21 02:09:36.198,1.70561,1.70616,1.00,1.00
2016.10.21 02:09:36.363,1.70554,1.7061,1.00,1.00
2016.10.21 02:09:36.465,1.70554,1.7061,1.00,1.37
2016.10.21 02:09:36.516,1.70551,1.70607,1.00,1.00
2016.10.21 02:09:36.667,1.70551,1.70607,1.00,1.37
2016.10.21 02:09:37.723,1.70551,1.70607,1.00,1.12
2016.10.21 02:09:39.923,1.70551,1.70607,1.00,1.37
2016.10.21 02:09:39.974,1.70551,1.70605,1.00,1.12
2016.10.21 02:09:40.025,1.70552,1.70606,1.00,1.00
2016.10.21 02:09:45.412,1.70553,1.70608,1.00,1.00
2016.10.21 02:09:46.626,1.70555,1.70608,1.00,1.00
2016.10.21 02:09:46.677,1.70555,1.70609,1.00,1.50
2016.10.21 02:09:46.800,1.70554,1.70608,1.00,1.00
2016.10.21 02:09:46.850,1.70552,1.70608,1.00,1.12
2016.10.21 02:09:47.141,1.70548,1.70604,1.00,1.00
2016.10.21 02:09:47.192,1.70547,1.70603,1.50,1.37
2016.10.21 02:09:47.479,1.70547,1.70599,1.00,1.00
2016.10.21 02:09:47.530,1.70544,1.70598,1.00,1.00
2016.10.21 02:09:47.581,1.70548,1.70599,1.00,1.00
2016.10.21 02:09:47.683,1.70549,1.70603,1.00,1.00
2016.10.21 02:09:47.734,1.70549,1.70605,1.00,1.00
2016.10.21 02:09:48.277,1.7055,1.70604,1.00,1.00
2016.10.21 02:09:49.032,1.70551,1.70605,1.00,1.00
2016.10.21 02:09:49.148,1.70549,1.70605,1.00,1.00
2016.10.21 02:09:53.882,1.70546,1.70603,1.00,1.00
2016.10.21 02:09:53.933,1.70545,1.70601,1.12,1.00
2016.10.21 02:09:54.036,1.70544,1.70598,1.00,1.50
2016.10.21 02:09:54.319,1.70543,1.70598,1.00,1.00
2016.10.21 02:09:54.623,1.70543,1.70598,1.00,1.50
2016.10.21 02:10:01.094,1.70543,1.70598,1.00,1.00
2016.10.21 02:10:04.391,1.70543,1.70598,1.12,1.00
2016.10.21 02:10:05.392,1.70543,1.70598,1.00,1.00
2016.10.21 02:10:06.685,1.7054,1.70595,1.37,1.00
2016.10.21 02:10:06.736,1.70539,1.70594,1.50,1.00
2016.10.21 02:10:06.786,1.70538,1.70592,1.87,1.00
2016.10.21 02:10:06.838,1.70538,1.70592,1.00,1.00
2016.10.21 02:10:06.889,1.70535,1.70592,1.00,1.00
2016.10.21 02:10:07.527,1.70536,1.70593,1.12,1.00
2016.10.21 02:10:08.228,1.70537,1.70591,1.00,1.00
2016.10.21 02:10:09.126,1.70535,1.70592,1.00,1.00
2016.10.21 02:10:09.424,1.70535,1.70588,1.00,1.00
2016.10.21 02:10:15.980,1.70537,1.70588,1.00,1.00
2016.10.21 02:10:16.978,1.70536,1.70588,1.00,1.00
2016.10.21 02:10:17.699,1.70535,1.70588,1.00,1.00
2016.10.21 02:10:18.181,1.70533,1.70588,1.00,1.00
2016.10.21 02:10:18.334,1.70533,1.70589,1.00,1.12
2016.10.21 02:10:18.486,1.70533,1.70589,1.00,1.00
2016.10.21 02:10:19.620,1.70531,1.70586,1.50,1.00
2016.10.21 02:10:19.671,1.70531,1.70584,1.00,1.00
2016.10.21 02:10:19.773,1.70528,1.70583,1.00,1.00
2016.10.21 02:10:20.515,1.70528,1.70578,1.00,1.00
2016.10.21 02:10:20.873,1.70526,1.70578,1.00,1.00
2016.10.21 02:10:20.974,1.70523,1.70578,1.00,1.00
2016.10.21 02:10:21.286,1.70522,1.70578,1.00,1.00
2016.10.21 02:10:21.774,1.70521,1.70578,1.00,1.50
2016.10.21 02:10:22.479,1.70523,1.70578,1.00,1.50
2016.10.21 02:10:22.529,1.70523,1.70578,1.00,1.00
2016.10.21 02:10:22.872,1.70525,1.70578,1.00,1.00
2016.10.21 02:10:23.355,1.70533,1.70578,1.00,1.00
2016.10.21 02:10:35.232,1.70533,1.70579,1.00,1.00
2016.10.21 02:10:42.174,1.70533,1.70589,1.00,1.00
2016.10.21 02:10:42.735,1.70534,1.70589,1.00,1.00
2016.10.21 02:10:43.313,1.70535,1.70589,1.00,1.00
2016.10.21 02:10:45.591,1.70535,1.70588,1.00,1.00
2016.10.21 02:10:48.619,1.70535,1.70588,1.00,1.37
2016.10.21 02:10:49.224,1.70535,1.70589,1.00,1.37
2016.10.21 02:10:50.623,1.70535,1.70589,1.00,1.00
2016.10.21 02:10:51.874,1.70538,1.70589,1.00,1.00
2016.10.21 02:10:51.976,1.70542,1.70592,1.00,1.00
2016.10.21 02:10:52.026,1.70543,1.70598,1.00,1.37
2016.10.21 02:10:52.128,1.70543,1.70598,1.00,1.00
2016.10.21 02:10:52.485,1.70548,1.70598,1.00,1.00
2016.10.21 02:10:53.078,1.70547,1.70598,1.00,1.00
2016.10.21 02:10:54.151,1.70547,1.70599,1.00,1.00
2016.10.21 02:10:59.376,1.70547,1.70602,1.00,1.00
2016.10.21 02:10:59.718,1.70549,1.70602,1.00,1.00
2016.10.21 02:11:05.947,1.70548,1.70602,1.00,1.00
2016.10.21 02:11:07.175,1.70549,1.70602,1.00,1.00
2016.10.21 02:11:07.849,1.70551,1.70609,1.00,2.62
2016.10.21 02:11:09.352,1.70551,1.70609,1.12,2.62
2016.10.21 02:11:09.403,1.70551,1.70609,1.12,1.87
2016.10.21 02:11:11.300,1.70548,1.70604,1.37,1.00
2016.10.21 02:11:11.351,1.70547,1.70604,1.87,1.00
2016.10.21 02:11:11.451,1.70547,1.70603,1.50,1.00
2016.10.21 02:11:11.553,1.70547,1.70602,1.00,1.00
2016.10.21 02:11:11.604,1.70546,1.70602,1.00,1.37
2016.10.21 02:11:12.320,1.70546,1.70603,1.00,1.87
2016.10.21 02:11:17.528,1.70546,1.70603,1.12,1.50
2016.10.21 02:11:21.774,1.70546,1.70603,1.00,1.87
2016.10.21 02:11:23.725,1.70546,1.70603,1.00,3.37
2016.10.21 02:11:25.027,1.70546,1.70603,1.00,1.50
2016.10.21 02:11:25.523,1.70546,1.70602,1.00,1.00
2016.10.21 02:11:27.572,1.70544,1.70602,1.12,1.00
2016.10.21 02:11:28.542,1.70544,1.70602,1.12,1.37
2016.10.21 02:11:28.694,1.70544,1.70602,1.12,1.12
2016.10.21 02:11:29.792,1.70547,1.70603,1.37,1.00
2016.10.21 02:11:29.844,1.70549,1.70606,1.00,1.87
2016.10.21 02:11:30.327,1.7055,1.70606,1.00,1.50
2016.10.21 02:11:30.480,1.70553,1.70606,1.00,1.00
2016.10.21 02:11:30.531,1.7055,1.70606,1.37,1.00
2016.10.21 02:11:30.582,1.70551,1.70606,1.12,1.00
2016.10.21 02:11:30.633,1.70551,1.70606,1.00,1.00
2016.10.21 02:11:30.684,1.70553,1.70608,1.00,1.00
2016.10.21 02:11:30.786,1.7055,1.70608,1.50,1.37
2016.10.21 02:11:31.113,1.7055,1.70608,1.50,1.12
2016.10.21 02:11:31.429,1.70551,1.70608,1.00,1.50
2016.10.21 02:11:31.600,1.70552,1.70608,1.00,1.00
2016.10.21 02:11:32.157,1.70551,1.70607,1.00,1.00
2016.10.21 02:11:32.310,1.70553,1.70609,1.00,1.87
2016.10.21 02:11:32.361,1.70555,1.70609,1.00,1.12
2016.10.21 02:11:33.057,1.70559,1.70609,1.00,1.12
2016.10.21 02:11:33.108,1.7056,1.70608,1.00,1.00
2016.10.21 02:11:33.311,1.70561,1.70617,1.00,1.12
2016.10.21 02:11:33.475,1.70562,1.70618,1.00,1.87
2016.10.21 02:11:33.984,1.70563,1.70618,1.00,1.00
2016.10.21 02:11:35.426,1.70567,1.70618,1.00,1.00
2016.10.21 02:11:35.476,1.70564,1.70618,1.00,1.00
2016.10.21 02:11:37.594,1.70565,1.70618,1.00,1.00
2016.10.21 02:11:38.050,1.7057,1.70619,1.00,1.00
2016.10.21 02:11:38.101,1.7057,1.70627,1.00,1.37
2016.10.21 02:11:38.152,1.7057,1.70628,1.00,2.25
2016.10.21 02:11:38.355,1.70571,1.70628,1.12,2.25
2016.10.21 02:11:39.072,1.70571,1.70628,1.00,2.25
2016.10.21 02:11:39.978,1.7057,1.70628,1.00,2.25
2016.10.21 02:11:41.051,1.70569,1.70627,1.12,1.00
2016.10.21 02:11:41.358,1.70569,1.70627,1.37,1.00
2016.10.21 02:11:41.474,1.7057,1.70628,1.37,2.25
2016.10.21 02:11:43.124,1.7057,1.70627,1.37,1.00
2016.10.21 02:11:43.474,1.70569,1.70625,1.37,1.00
2016.10.21 02:11:43.525,1.70569,1.70625,1.12,1.00
2016.10.21 02:11:43.936,1.70565,1.70621,1.00,1.00
2016.10.21 02:11:44.037,1.70565,1.70619,1.00,1.50
2016.10.21 02:11:44.726,1.70561,1.70618,1.00,1.00
2016.10.21 02:11:44.879,1.70557,1.70614,1.50,1.00
2016.10.21 02:11:44.930,1.70557,1.70609,1.00,1.00
2016.10.21 02:11:45.219,1.70557,1.7061,1.00,1.00
2016.10.21 02:11:45.270,1.7055,1.70606,1.00,1.00
2016.10.21 02:11:48.326,1.70551,1.70607,1.12,1.00
2016.10.21 02:11:48.929,1.70554,1.70609,1.37,1.00
2016.10.21 02:11:49.019,1.70555,1.70611,1.12,1.00
2016.10.21 02:11:49.898,1.70555,1.70608,1.12,1.00
2016.10.21 02:11:49.950,1.70555,1.70608,1.00,1.00
2016.10.21 02:11:51.211,1.70556,1.70608,1.00,1.00
2016.10.21 02:11:53.257,1.70556,1.70608,1.12,1.00
2016.10.21 02:11:53.823,1.70556,1.70609,1.12,1.00
2016.10.21 02:11:53.873,1.70555,1.70609,1.37,1.00
2016.10.21 02:11:57.126,1.70554,1.70609,1.37,1.00
2016.10.21 02:11:57.177,1.70553,1.70609,1.12,1.50
2016.10.21 02:11:57.329,1.70553,1.70609,1.87,1.50
2016.10.21 02:11:57.380,1.70553,1.70609,1.50,1.50
2016.10.21 02:11:57.698,1.70553,1.70608,1.00,1.00
2016.10.21 02:12:00.430,1.70553,1.70608,1.00,1.50
2016.10.21 02:12:00.906,1.70553,1.70608,1.00,1.00
2016.10.21 02:12:00.957,1.70553,1.70609,1.87,1.00
2016.10.21 02:12:01.058,1.70554,1.70609,1.00,1.00
2016.10.21 02:12:01.210,1.70553,1.70609,1.37,1.50
2016.10.21 02:12:01.262,1.70553,1.70609,1.00,1.50
2016.10.21 02:12:01.363,1.70553,1.70608,1.00,1.00
2016.10.21 02:12:03.973,1.70551,1.70607,1.00,1.00
2016.10.21 02:12:04.075,1.70548,1.70606,1.37,1.00
2016.10.21 02:12:04.177,1.70545,1.70599,1.00,1.00
2016.10.21 02:12:04.361,1.70544,1.70598,1.00,1.00
2016.10.21 02:12:04.413,1.70542,1.70598,1.00,1.00
2016.10.21 02:12:04.965,1.70542,1.70598,2.62,1.00
2016.10.21 02:12:05.246,1.70547,1.706,1.87,1.00
2016.10.21 02:12:05.297,1.70551,1.70607,1.37,1.00
2016.10.21 02:12:05.868,1.7055,1.70606,1.37,1.00
2016.10.21 02:12:05.969,1.7055,1.70606,1.12,1.00
2016.10.21 02:12:06.020,1.70548,1.70606,1.37,1.00
2016.10.21 02:12:06.375,1.70549,1.70605,1.00,1.00
2016.10.21 02:12:06.876,1.7055,1.70606,1.00,1.00
2016.10.21 02:12:07.622,1.7055,1.70607,1.00,1.00
2016.10.21 02:12:07.971,1.70549,1.70607,1.12,1.00
2016.10.21 02:12:08.321,1.70549,1.70607,1.00,1.00
2016.10.21 02:12:08.990,1.70547,1.70599,1.50,1.00
2016.10.21 02:12:09.070,1.70547,1.70599,1.00,1.00
2016.10.21 02:12:09.121,1.70545,1.70599,1.00,1.00
2016.10.21 02:12:10.071,1.70546,1.70599,1.00,1.00
2016.10.21 02:12:11.621,1.70545,1.70599,1.00,1.00
2016.10.21 02:12:12.146,1.70543,1.70599,1.00,1.00
2016.10.21 02:12:13.025,1.70544,1.70599,1.00,1.00
2016.10.21 02:12:13.076,1.70544,1.70599,1.00,1.12
2016.10.21 02:12:13.228,1.7054,1.70595,1.12,1.00
2016.10.21 02:12:13.279,1.7054,1.70594,1.00,1.00
2016.10.21 02:12:13.330,1.70538,1.70594,1.12,1.00
2016.10.21 02:12:15.653,1.70544,1.70595,1.00,1.00
2016.10.21 02:12:15.704,1.70546,1.70595,1.00,1.00
2016.10.21 02:12:15.805,1.70548,1.70604,1.00,1.37
2016.10.21 02:12:15.856,1.70549,1.70605,1.00,1.00
2016.10.21 02:12:15.958,1.70549,1.70605,1.00,1.50
2016.10.21 02:12:16.060,1.70549,1.70604,1.00,1.00
2016.10.21 02:12:16.391,1.70546,1.70601,1.00,1.00
2016.10.21 02:12:17.642,1.70545,1.70601,1.12,1.00
2016.10.21 02:12:17.693,1.70549,1.70605,1.00,1.00
2016.10.21 02:12:17.897,1.70548,1.70605,1.12,1.00
2016.10.21 02:12:19.318,1.70544,1.70599,1.12,1.00
2016.10.21 02:12:19.369,1.70543,1.70598,1.37,1.00
2016.10.21 02:12:19.829,1.70543,1.70598,1.00,1.00
2016.10.21 02:12:22.032,1.70544,1.70598,1.12,1.00
2016.10.21 02:12:22.083,1.70547,1.70605,1.00,1.50
2016.10.21 02:12:22.134,1.7055,1.70605,1.00,1.00
2016.10.21 02:12:22.633,1.70548,1.70605,1.12,1.00
2016.10.21 02:12:22.751,1.70548,1.70605,1.12,1.50
2016.10.21 02:12:24.927,1.70548,1.70604,1.12,1.00
2016.10.21 02:12:25.290,1.70548,1.70604,1.00,1.00
2016.10.21 02:12:25.654,1.70548,1.70604,1.12,1.00
2016.10.21 02:12:25.756,1.70548,1.70605,1.12,1.50
2016.10.21 02:12:25.857,1.70547,1.70604,1.37,1.00
2016.10.21 02:12:26.539,1.70547,1.70604,1.12,1.00
2016.10.21 02:12:26.641,1.70548,1.70603,1.00,1.00
2016.10.21 02:12:27.380,1.70549,1.70604,1.00,1.00
2016.10.21 02:12:27.431,1.70549,1.70605,1.00,1.00
2016.10.21 02:12:27.883,1.70553,1.7061,1.37,1.00
2016.10.21 02:12:27.985,1.70556,1.70611,1.00,1.00
2016.10.21 02:12:28.036,1.70556,1.70613,1.00,1.00
2016.10.21 02:12:29.899,1.70554,1.70612,1.37,1.00
2016.10.21 02:12:29.950,1.70555,1.70612,1.12,1.00
2016.10.21 02:12:30.001,1.70556,1.70613,1.00,1.00
2016.10.21 02:12:31.022,1.70556,1.70613,1.00,1.37
2016.10.21 02:12:31.073,1.70556,1.70611,1.00,1.12
2016.10.21 02:12:31.364,1.70556,1.70611,1.00,1.00
2016.10.21 02:12:31.973,1.70554,1.7061,1.00,1.00
2016.10.21 02:12:32.024,1.70553,1.7061,1.87,1.00
2016.10.21 02:12:32.075,1.70554,1.70611,1.00,1.00
2016.10.21 02:12:32.367,1.70556,1.70611,1.00,1.00
2016.10.21 02:12:32.418,1.70555,1.70613,1.00,1.12
2016.10.21 02:12:32.468,1.70555,1.70613,1.00,1.37
2016.10.21 02:12:32.711,1.70555,1.70611,1.00,1.12
2016.10.21 02:12:32.762,1.70553,1.7061,1.50,1.00
2016.10.21 02:12:32.812,1.70553,1.70607,1.00,1.00
2016.10.21 02:12:32.914,1.70551,1.70606,1.00,1.00
2016.10.21 02:12:33.975,1.7055,1.70606,1.00,1.00
2016.10.21 02:12:34.669,1.70551,1.70606,1.00,1.00
2016.10.21 02:12:35.225,1.70551,1.70607,1.00,1.00
2016.10.21 02:12:35.276,1.70551,1.70608,1.12,1.50
2016.10.21 02:12:35.416,1.7055,1.70608,1.37,1.50
2016.10.21 02:12:35.467,1.7055,1.70608,1.00,1.50
2016.10.21 02:12:35.518,1.70549,1.70606,1.12,1.00
2016.10.21 02:12:35.569,1.70549,1.70606,1.00,1.00
2016.10.21 02:12:36.650,1.70552,1.70608,1.00,1.37
2016.10.21 02:12:36.701,1.70552,1.70607,1.00,1.12
2016.10.21 02:12:37.057,1.70551,1.70607,1.00,1.00
2016.10.21 02:12:37.575,1.70552,1.70607,1.12,1.00
2016.10.21 02:12:38.286,1.70551,1.70608,1.37,1.00
2016.10.21 02:12:38.337,1.70557,1.70608,1.00,1.00
2016.10.21 02:12:38.387,1.70556,1.70609,1.12,1.87
2016.10.21 02:12:38.438,1.70559,1.70609,1.00,1.87
2016.10.21 02:12:38.541,1.7056,1.70609,1.00,1.50
2016.10.21 02:12:38.896,1.7056,1.70608,1.00,1.00
2016.10.21 02:12:39.409,1.70561,1.70608,1.00,1.00
2016.10.21 02:12:39.510,1.70562,1.70618,1.00,1.37
2016.10.21 02:12:39.562,1.70562,1.70618,1.00,1.75
2016.10.21 02:12:39.612,1.70562,1.70608,1.00,1.00
2016.10.21 02:12:40.261,1.70562,1.70608,1.37,1.00
2016.10.21 02:12:40.313,1.70569,1.70608,1.00,1.00
2016.10.21 02:12:40.416,1.70573,1.70626,1.00,1.37
2016.10.21 02:12:40.467,1.70575,1.70626,1.00,1.00
2016.10.21 02:12:40.569,1.70576,1.70629,1.00,1.12
2016.10.21 02:12:40.621,1.70576,1.70628,1.00,1.00
2016.10.21 02:12:41.161,1.70576,1.70633,1.00,1.37
2016.10.21 02:12:41.521,1.70577,1.70635,1.00,1.37
2016.10.21 02:12:42.681,1.70577,1.70635,1.00,1.12
2016.10.21 02:12:44.176,1.70577,1.70635,1.00,1.00
2016.10.21 02:12:44.226,1.70584,1.70636,1.00,1.00
2016.10.21 02:12:44.562,1.70591,1.70638,1.00,1.00
2016.10.21 02:12:46.002,1.70592,1.70638,1.00,1.00
2016.10.21 02:12:46.526,1.70592,1.70639,1.00,1.00
2016.10.21 02:12:47.677,1.70591,1.70639,1.00,1.00
2016.10.21 02:12:47.728,1.70591,1.70648,1.00,1.87
2016.10.21 02:12:48.492,1.70594,1.70648,1.00,1.00
2016.10.21 02:12:48.797,1.70593,1.70648,1.00,1.12
2016.10.21 02:12:49.924,1.70593,1.70648,1.00,1.00
2016.10.21 02:12:50.464,1.70593,1.70648,1.00,1.12
2016.10.21 02:12:52.027,1.70592,1.70647,1.00,1.00
2016.10.21 02:12:52.179,1.7059,1.70647,1.00,1.00
2016.10.21 02:12:52.230,1.70591,1.70645,1.00,1.00
2016.10.21 02:12:54.744,1.7059,1.70647,1.00,1.00
2016.10.21 02:12:55.223,1.70592,1.70647,1.00,1.00
2016.10.21 02:12:59.218,1.70593,1.70648,1.00,1.00
2016.10.21 02:13:01.830,1.70591,1.70648,1.00,1.50
2016.10.21 02:13:02.271,1.7059,1.70645,1.00,1.00
2016.10.21 02:13:06.587,1.7059,1.70646,1.00,1.00
2016.10.21 02:13:07.433,1.7059,1.70638,1.00,1.00
2016.10.21 02:13:08.251,1.7059,1.70644,1.00,1.00
2016.10.21 02:13:08.510,1.7059,1.70639,1.00,1.00
2016.10.21 02:13:11.710,1.70591,1.70639,1.00,1.00
2016.10.21 02:13:11.863,1.70591,1.70645,1.00,1.00
2016.10.21 02:13:12.367,1.70591,1.70645,1.00,1.37
2016.10.21 02:13:12.418,1.7059,1.70638,1.00,1.00
2016.10.21 02:13:12.469,1.70588,1.70638,1.00,1.00
2016.10.21 02:13:12.520,1.70585,1.70638,1.00,1.00
2016.10.21 02:13:12.571,1.70585,1.70638,1.00,1.50
2016.10.21 02:13:12.622,1.70585,1.70637,1.00,1.00
2016.10.21 02:13:12.673,1.70581,1.70637,1.00,1.00
2016.10.21 02:13:12.775,1.7058,1.70634,1.00,1.00
2016.10.21 02:13:13.565,1.70581,1.70635,1.00,1.00
2016.10.21 02:13:13.819,1.70578,1.70633,1.00,1.00
2016.10.21 02:13:14.278,1.70577,1.70633,1.00,1.50
2016.10.21 02:13:16.610,1.70577,1.70628,1.00,1.00
2016.10.21 02:13:16.724,1.70577,1.70633,1.00,1.50
2016.10.21 02:13:16.930,1.70576,1.70629,1.00,1.00
2016.10.21 02:13:17.676,1.70577,1.70629,1.00,1.00
2016.10.21 02:13:22.131,1.70578,1.70629,1.00,1.00
2016.10.21 02:13:26.107,1.70577,1.70629,1.00,1.00
2016.10.21 02:13:27.311,1.70575,1.70628,1.00,1.00
2016.10.21 02:13:27.362,1.70572,1.70626,1.00,1.00
2016.10.21 02:13:27.514,1.70572,1.70626,1.00,1.50
2016.10.21 02:13:27.894,1.70572,1.70626,1.00,1.00
2016.10.21 02:13:27.944,1.70574,1.70626,1.00,1.00
2016.10.21 02:13:28.338,1.70577,1.70626,1.00,1.00
2016.10.21 02:13:28.390,1.70572,1.70626,1.00,1.00
2016.10.21 02:13:28.926,1.70571,1.70626,1.00,1.00
2016.10.21 02:13:30.729,1.70569,1.70625,1.00,1.00
2016.10.21 02:13:30.830,1.70569,1.70623,1.00,1.00
2016.10.21 02:13:31.279,1.70571,1.70624,1.00,1.00
2016.10.21 02:13:32.253,1.7057,1.70626,1.00,1.50
2016.10.21 02:13:33.082,1.70569,1.70625,1.00,1.00
2016.10.21 02:13:33.465,1.70568,1.70621,1.00,1.00
2016.10.21 02:13:33.969,1.70568,1.70622,1.00,1.00
2016.10.21 02:13:34.366,1.70568,1.70624,1.00,1.00
2016.10.21 02:13:34.417,1.7057,1.70623,1.00,1.00
2016.10.21 02:13:36.303,1.70566,1.70622,1.00,1.00
2016.10.21 02:13:36.708,1.70565,1.7062,1.00,1.00
2016.10.21 02:13:37.250,1.70564,1.70617,1.00,1.00
2016.10.21 02:13:37.453,1.70562,1.70618,1.00,1.50
2016.10.21 02:13:37.504,1.70562,1.70617,1.00,1.00
2016.10.21 02:13:37.985,1.70565,1.70618,1.00,1.00
2016.10.21 02:13:38.035,1.70562,1.70617,1.00,1.00
2016.10.21 02:13:38.137,1.70559,1.70613,1.00,1.00
2016.10.21 02:13:38.492,1.70557,1.7061,1.00,1.00
2016.10.21 02:13:38.542,1.70557,1.7061,1.00,1.00
2016.10.21 02:13:38.644,1.70559,1.70614,1.00,1.00
2016.10.21 02:13:38.695,1.70557,1.70613,1.50,1.00
2016.10.21 02:13:39.108,1.70557,1.70611,1.50,1.00
2016.10.21 02:13:39.618,1.70557,1.70609,1.00,1.00
2016.10.21 02:13:39.668,1.70557,1.70608,1.00,1.50
2016.10.21 02:13:40.829,1.70557,1.70607,1.00,1.00
2016.10.21 02:13:40.930,1.70552,1.70605,1.50,1.00
2016.10.21 02:13:40.981,1.70552,1.70605,1.00,1.00
2016.10.21 02:13:41.623,1.70551,1.70604,1.00,1.00
2016.10.21 02:13:41.674,1.70548,1.70604,1.50,1.00
2016.10.21 02:13:42.289,1.70548,1.70603,1.00,1.00
2016.10.21 02:13:42.524,1.7055,1.70606,1.00,1.00
2016.10.21 02:13:47.325,1.70551,1.70606,1.00,1.00
2016.10.21 02:13:49.987,1.70556,1.70609,1.00,1.00
2016.10.21 02:13:50.088,1.70558,1.70611,1.00,1.00
2016.10.21 02:13:50.139,1.7056,1.70614,1.00,1.12
2016.10.21 02:13:50.190,1.7056,1.70609,1.00,1.00
2016.10.21 02:13:50.679,1.70559,1.70615,1.00,1.00
2016.10.21 02:13:51.637,1.70559,1.70608,1.00,1.00
2016.10.21 02:13:57.543,1.70559,1.70614,1.00,1.00
2016.10.21 02:13:57.594,1.70563,1.70616,1.00,1.00
2016.10.21 02:13:57.645,1.70564,1.70618,1.00,1.87
2016.10.21 02:13:57.747,1.70569,1.70618,1.00,1.50
2016.10.21 02:13:57.798,1.7057,1.70618,1.00,1.00
2016.10.21 02:13:57.849,1.70572,1.70625,1.00,1.00
2016.10.21 02:13:58.622,1.70571,1.70625,1.00,1.00
2016.10.21 02:13:58.974,1.70571,1.70625,1.00,1.50
2016.10.21 02:13:59.546,1.7057,1.70625,1.00,1.50
2016.10.21 02:14:00.388,1.7057,1.70625,1.00,1.00
2016.10.21 02:14:01.027,1.70572,1.70625,1.00,1.00
2016.10.21 02:14:01.281,1.7057,1.70625,1.00,1.00
2016.10.21 02:14:01.332,1.70571,1.70624,1.00,1.00
2016.10.21 02:14:07.570,1.7057,1.70625,1.00,1.00
2016.10.21 02:14:14.000,1.70571,1.70625,1.00,1.00
2016.10.21 02:14:14.051,1.70574,1.70625,1.00,1.00
2016.10.21 02:14:15.617,1.70572,1.70625,1.00,1.00
2016.10.21 02:14:15.827,1.70576,1.70625,1.00,1.00
2016.10.21 02:14:15.979,1.7058,1.70628,1.00,1.00
2016.10.21 02:14:16.030,1.70582,1.70632,1.00,1.00
2016.10.21 02:14:16.133,1.70582,1.70635,1.00,1.00
2016.10.21 02:14:26.185,1.70585,1.70638,1.00,1.00
2016.10.21 02:14:26.237,1.70585,1.70639,1.00,1.50
2016.10.21 02:14:26.792,1.70586,1.70639,1.00,1.50
2016.10.21 02:14:26.843,1.70586,1.70639,1.00,1.00
2016.10.21 02:14:27.827,1.70585,1.7064,1.00,1.00
2016.10.21 02:14:31.676,1.70584,1.7064,1.00,1.50
2016.10.21 02:14:31.726,1.70584,1.70639,1.00,1.00
2016.10.21 02:14:32.216,1.70586,1.70639,1.00,1.00
2016.10.21 02:14:34.686,1.70585,1.7064,1.00,1.00
2016.10.21 02:14:35.432,1.70587,1.70638,1.00,1.00
2016.10.21 02:14:36.023,1.70587,1.70642,1.00,1.00
2016.10.21 02:14:38.900,1.70588,1.70642,1.00,1.00
2016.10.21 02:14:38.951,1.70591,1.70645,1.00,1.00
2016.10.21 02:14:39.474,1.70592,1.70645,1.00,1.00
2016.10.21 02:14:39.577,1.7059,1.70646,1.00,1.00
2016.10.21 02:14:40.177,1.70589,1.70645,1.00,1.00
2016.10.21 02:14:48.482,1.70591,1.70645,1.00,1.00
2016.10.21 02:14:48.995,1.70592,1.70646,1.00,1.00
2016.10.21 02:14:49.157,1.7059,1.70646,1.00,1.00
2016.10.21 02:14:49.977,1.7059,1.70644,1.00,1.00
2016.10.21 02:14:52.205,1.70588,1.70644,1.00,1.12
2016.10.21 02:14:52.284,1.70582,1.70636,1.00,1.00
2016.10.21 02:14:52.805,1.70581,1.70637,1.00,1.00
2016.10.21 02:14:56.225,1.70582,1.70636,1.00,1.00
2016.10.21 02:14:56.730,1.7058,1.70636,1.00,1.00
2016.10.21 02:14:57.157,1.70578,1.70632,1.50,1.00
2016.10.21 02:14:57.237,1.70582,1.70629,1.00,1.00
2016.10.21 02:14:57.289,1.70579,1.70629,1.00,1.00
2016.10.21 02:14:57.646,1.70579,1.70635,1.00,1.00
2016.10.21 02:14:58.069,1.7058,1.70634,1.00,1.00
2016.10.21 02:14:58.467,1.7058,1.70629,1.00,1.00
2016.10.21 02:14:59.479,1.70581,1.70629,1.00,1.00
2016.10.21 02:15:00.586,1.7058,1.70629,1.00,1.00
2016.10.21 02:15:01.114,1.70578,1.70629,1.00,1.00
2016.10.21 02:15:01.165,1.70578,1.70634,1.00,1.50
2016.10.21 02:15:01.940,1.70579,1.70634,1.00,1.50
2016.10.21 02:15:04.331,1.70579,1.70633,1.00,1.87
2016.10.21 02:15:04.382,1.70568,1.70623,1.00,1.00
2016.10.21 02:15:04.641,1.70567,1.70621,1.00,1.00
2016.10.21 02:15:04.692,1.70567,1.70623,1.00,1.00
2016.10.21 02:15:05.319,1.70568,1.70622,1.00,1.00
2016.10.21 02:15:06.235,1.70568,1.70621,1.00,1.00
2016.10.21 02:15:07.189,1.70567,1.70623,1.00,1.00
2016.10.21 02:15:07.417,1.70568,1.70621,1.00,1.00
2016.10.21 02:15:07.468,1.70567,1.70623,1.00,1.00
2016.10.21 02:15:07.592,1.70568,1.70621,1.00,1.00
2016.10.21 02:15:07.694,1.70567,1.70623,1.00,1.00
2016.10.21 02:15:09.068,1.70568,1.70621,1.00,1.00
2016.10.21 02:15:09.170,1.70567,1.70623,1.00,1.00
2016.10.21 02:15:09.221,1.70568,1.70621,1.00,1.00
2016.10.21 02:15:09.322,1.70566,1.70621,1.00,1.00
2016.10.21 02:15:09.373,1.70565,1.70618,1.00,1.50
2016.10.21 02:15:09.475,1.70565,1.70617,1.00,1.00
2016.10.21 02:15:09.772,1.70565,1.70618,1.50,1.50
2016.10.21 02:15:09.823,1.70565,1.70618,1.00,1.00
2016.10.21 02:15:10.431,1.70566,1.70618,1.00,1.00
2016.10.21 02:15:14.074,1.70565,1.70618,1.50,1.00
2016.10.21 02:15:15.220,1.70565,1.70615,1.00,1.00
2016.10.21 02:15:15.322,1.70561,1.70617,1.00,1.00
2016.10.21 02:15:15.781,1.70558,1.70614,1.50,1.00
2016.10.21 02:15:15.832,1.70558,1.70611,1.50,1.00
2016.10.21 02:15:15.883,1.70558,1.70611,1.00,1.00
2016.10.21 02:15:16.227,1.70558,1.70608,1.00,1.00
2016.10.21 02:15:16.529,1.70551,1.70605,1.00,1.00
2016.10.21 02:15:17.129,1.70549,1.70605,1.50,1.00
2016.10.21 02:15:17.481,1.70551,1.70603,1.00,1.00
2016.10.21 02:15:17.976,1.70551,1.70601,1.00,1.00
2016.10.21 02:15:18.077,1.70546,1.70599,1.00,1.00
2016.10.21 02:15:18.129,1.70544,1.70598,1.00,1.00
2016.10.21 02:15:19.203,1.70546,1.70599,1.00,1.00
2016.10.21 02:15:19.377,1.70543,1.70598,1.00,1.00
2016.10.21 02:15:19.428,1.70543,1.70596,1.00,1.00
2016.10.21 02:15:19.581,1.70543,1.70596,1.50,1.00
2016.10.21 02:15:19.632,1.70543,1.70596,1.00,1.00
2016.10.21 02:15:19.936,1.70543,1.70598,1.00,1.00
2016.10.21 02:15:20.088,1.70543,1.70596,1.50,1.00
2016.10.21 02:15:22.023,1.70543,1.70592,1.00,1.00
2016.10.21 02:15:22.124,1.70541,1.70592,1.00,1.00
2016.10.21 02:15:22.725,1.70541,1.70591,1.00,1.00
2016.10.21 02:15:23.598,1.70541,1.70592,1.00,1.00
2016.10.21 02:15:23.649,1.70535,1.7059,1.00,1.00
2016.10.21 02:15:23.700,1.70535,1.70588,1.00,1.00
2016.10.21 02:15:23.751,1.70535,1.7059,1.00,1.00
2016.10.21 02:15:23.803,1.70543,1.70598,1.00,1.00
2016.10.21 02:15:23.854,1.70543,1.70596,1.00,1.00
2016.10.21 02:15:24.162,1.70551,1.70599,1.00,1.00
2016.10.21 02:15:24.489,1.70564,1.70614,1.00,1.00
2016.10.21 02:15:24.591,1.70562,1.70614,1.00,1.00
2016.10.21 02:15:24.693,1.7056,1.70614,1.00,1.00
2016.10.21 02:15:24.896,1.70562,1.70615,1.00,1.00
2016.10.21 02:15:25.482,1.70562,1.70618,1.50,1.00
2016.10.21 02:15:25.685,1.70564,1.70617,1.00,1.00
2016.10.21 02:15:26.229,1.70563,1.70616,1.00,1.00
2016.10.21 02:15:26.752,1.70564,1.70617,1.00,1.00
2016.10.21 02:15:27.432,1.70563,1.70617,1.00,1.00
2016.10.21 02:15:28.426,1.70564,1.70617,1.00,1.00
2016.10.21 02:15:28.753,1.70563,1.70619,1.00,1.00
2016.10.21 02:15:29.006,1.70565,1.70618,1.00,1.00
2016.10.21 02:15:29.209,1.70563,1.70619,1.00,1.00
2016.10.21 02:15:29.378,1.70565,1.70618,1.00,1.00
2016.10.21 02:15:29.479,1.70563,1.70619,1.00,1.00
2016.10.21 02:15:29.980,1.70564,1.70618,1.00,1.00
2016.10.21 02:15:30.081,1.70566,1.70622,1.00,1.50
2016.10.21 02:15:30.183,1.70566,1.7062,1.00,1.00
2016.10.21 02:15:30.677,1.70566,1.70622,1.00,1.50
2016.10.21 02:15:30.879,1.70568,1.70622,1.00,1.50
2016.10.21 02:15:31.189,1.70567,1.70622,1.00,1.00
2016.10.21 02:15:31.291,1.70567,1.70622,1.00,1.50
2016.10.21 02:15:31.517,1.70567,1.70622,1.00,1.00
2016.10.21 02:15:32.373,1.70567,1.70621,1.00,1.00
2016.10.21 02:15:33.044,1.70566,1.70621,1.00,1.00
2016.10.21 02:15:34.132,1.70566,1.70622,1.00,1.50
2016.10.21 02:15:34.644,1.70567,1.70622,1.00,1.50
2016.10.21 02:15:34.745,1.70567,1.70621,1.00,1.00
2016.10.21 02:15:35.273,1.70567,1.70622,1.00,1.00
2016.10.21 02:15:35.848,1.70565,1.70619,1.00,1.00
2016.10.21 02:15:41.017,1.70565,1.7062,1.00,1.00
2016.10.21 02:15:41.623,1.70565,1.70621,1.00,1.00
2016.10.21 02:15:43.795,1.70564,1.70618,1.00,1.00
2016.10.21 02:15:44.281,1.70566,1.70619,1.00,1.00
2016.10.21 02:15:44.687,1.70564,1.7062,1.00,1.00
2016.10.21 02:15:45.890,1.70565,1.7062,1.00,1.00
2016.10.21 02:15:46.407,1.70565,1.70621,1.00,1.00
2016.10.21 02:15:47.115,1.70565,1.70619,1.00,1.00
2016.10.21 02:15:47.166,1.70565,1.70621,1.00,1.00
2016.10.21 02:15:47.958,1.70564,1.7062,1.00,1.00
2016.10.21 02:15:48.473,1.70565,1.70621,1.00,1.00
2016.10.21 02:15:48.925,1.70566,1.70618,1.00,1.00
2016.10.21 02:15:52.628,1.70566,1.70622,1.00,1.50
2016.10.21 02:15:52.781,1.70566,1.70622,1.00,1.87
2016.10.21 02:15:53.408,1.70573,1.70626,1.00,1.00
2016.10.21 02:15:53.560,1.70573,1.70628,1.00,1.00
2016.10.21 02:15:53.763,1.70575,1.70629,1.00,1.50
2016.10.21 02:15:53.864,1.70574,1.70628,1.00,1.00
2016.10.21 02:15:53.966,1.70575,1.70629,1.00,1.50
2016.10.21 02:15:54.047,1.70575,1.70629,1.00,2.25
2016.10.21 02:15:54.339,1.70573,1.70629,1.00,2.25
2016.10.21 02:15:54.390,1.70569,1.70623,1.00,1.00
2016.10.21 02:15:54.441,1.70567,1.70623,1.00,1.00
2016.10.21 02:15:55.224,1.70568,1.70624,1.00,1.00
2016.10.21 02:15:56.074,1.7057,1.70624,1.00,1.00
2016.10.21 02:15:56.196,1.70568,1.70624,1.00,1.00
2016.10.21 02:15:56.459,1.7057,1.70624,1.00,1.00
2016.10.21 02:15:56.977,1.70569,1.70623,1.00,1.00
2016.10.21 02:15:57.114,1.70567,1.70623,1.00,1.00
2016.10.21 02:15:57.368,1.70569,1.70623,1.00,1.00
2016.10.21 02:15:57.820,1.70567,1.70623,1.00,1.00
2016.10.21 02:15:58.073,1.70569,1.70623,1.00,1.00
2016.10.21 02:15:58.174,1.70567,1.70623,1.00,1.00
2016.10.21 02:15:58.377,1.70571,1.70625,1.00,1.00
2016.10.21 02:16:04.074,1.70569,1.70626,1.00,1.00
2016.10.21 02:16:04.698,1.70569,1.70625,1.00,1.00
2016.10.21 02:16:07.430,1.70571,1.70625,1.00,1.00
2016.10.21 02:16:07.857,1.70573,1.70627,1.00,1.00
2016.10.21 02:16:07.959,1.70577,1.70629,1.00,1.00
2016.10.21 02:16:08.010,1.70577,1.70633,1.00,1.00
2016.10.21 02:16:08.429,1.70582,1.70635,1.00,1.00
2016.10.21 02:16:08.481,1.70583,1.70638,1.00,1.00
2016.10.21 02:16:08.862,1.70582,1.70638,1.50,1.00
2016.10.21 02:16:09.174,1.70582,1.70636,1.50,1.00
2016.10.21 02:16:09.326,1.70584,1.70639,1.00,1.00
2016.10.21 02:16:09.878,1.70585,1.70639,1.00,1.00
2016.10.21 02:16:10.424,1.70587,1.70641,1.00,1.00
2016.10.21 02:16:10.475,1.70587,1.70643,1.00,1.00
2016.10.21 02:16:11.002,1.70587,1.70641,1.00,1.00
2016.10.21 02:16:11.070,1.70592,1.70645,1.00,1.12
2016.10.21 02:16:11.171,1.70594,1.7065,1.00,1.37
2016.10.21 02:16:11.222,1.70594,1.7065,1.00,1.00
2016.10.21 02:16:11.572,1.70594,1.70648,1.00,1.00
2016.10.21 02:16:11.774,1.70594,1.7065,1.00,1.00
2016.10.21 02:16:12.471,1.70593,1.70647,1.00,1.00
2016.10.21 02:16:12.971,1.70591,1.70648,1.00,1.00
2016.10.21 02:16:13.599,1.70591,1.70647,1.00,1.00
2016.10.21 02:16:13.650,1.70593,1.70647,1.00,1.00
2016.10.21 02:16:13.912,1.7059,1.70643,1.00,1.00
2016.10.21 02:16:14.014,1.70587,1.70643,1.37,1.00
2016.10.21 02:16:14.524,1.70586,1.70642,1.37,1.00
2016.10.21 02:16:15.223,1.70586,1.70642,1.00,1.00
2016.10.21 02:16:15.275,1.70585,1.70641,1.50,1.00
2016.10.21 02:16:15.326,1.70585,1.70641,1.12,1.00
2016.10.21 02:16:15.479,1.70584,1.70639,1.50,1.00
2016.10.21 02:16:15.682,1.70585,1.70639,1.12,1.00
2016.10.21 02:16:15.733,1.70585,1.70641,1.12,1.00
2016.10.21 02:16:15.835,1.70587,1.70641,1.00,1.00
2016.10.21 02:16:16.878,1.70587,1.70643,1.00,1.00
2016.10.21 02:16:17.673,1.70587,1.70641,1.00,1.00
2016.10.21 02:16:17.724,1.70589,1.70645,1.00,1.00
2016.10.21 02:16:17.826,1.70587,1.70643,1.00,1.00
2016.10.21 02:16:18.325,1.70587,1.70643,1.12,1.00
2016.10.21 02:16:18.427,1.70586,1.70642,1.00,1.00
2016.10.21 02:16:18.477,1.70584,1.70639,1.50,1.00
2016.10.21 02:16:18.528,1.70585,1.70639,1.12,1.00
2016.10.21 02:16:18.627,1.70585,1.70641,1.12,1.00
2016.10.21 02:16:18.779,1.70585,1.70639,1.12,1.00
2016.10.21 02:16:18.829,1.70586,1.7064,1.00,1.00
2016.10.21 02:16:18.880,1.70584,1.7064,2.25,1.00
2016.10.21 02:16:18.931,1.70588,1.70642,1.00,1.00
2016.10.21 02:16:19.387,1.7059,1.70644,1.00,1.00
2016.10.21 02:16:19.438,1.7059,1.70646,1.00,1.00
2016.10.21 02:16:20.491,1.70588,1.70644,1.12,1.00
2016.10.21 02:16:21.117,1.70587,1.70644,1.37,1.00
2016.10.21 02:16:21.269,1.70587,1.70644,1.00,1.00
2016.10.21 02:16:21.889,1.70587,1.70643,1.00,1.00
2016.10.21 02:16:24.589,1.70591,1.70645,1.00,1.00
2016.10.21 02:16:24.640,1.70594,1.70648,1.00,2.25
2016.10.21 02:16:24.742,1.70589,1.70644,1.12,1.00
2016.10.21 02:16:24.844,1.70588,1.70644,1.37,1.00
2016.10.21 02:16:24.895,1.70591,1.70645,1.00,1.00
2016.10.21 02:16:25.099,1.70589,1.70645,1.00,1.00
2016.10.21 02:16:25.376,1.70591,1.70645,1.00,1.00
2016.10.21 02:16:25.427,1.70588,1.70645,1.12,1.00
2016.10.21 02:16:25.579,1.70588,1.70644,1.37,1.00
2016.10.21 02:16:26.093,1.70589,1.70645,1.12,1.00
2016.10.21 02:16:26.144,1.70592,1.70646,1.00,1.00
2016.10.21 02:16:26.195,1.70589,1.70645,1.37,1.00
2016.10.21 02:16:26.810,1.70591,1.70645,1.00,1.00
2016.10.21 02:16:27.013,1.70589,1.70643,1.12,1.00
2016.10.21 02:16:27.064,1.70589,1.70643,1.00,1.00
2016.10.21 02:16:27.456,1.7059,1.70646,1.00,1.00
2016.10.21 02:16:27.882,1.70587,1.70643,1.37,1.00
2016.10.21 02:16:27.933,1.70591,1.70641,1.12,1.00
2016.10.21 02:16:27.983,1.70591,1.70641,1.00,1.00
2016.10.21 02:16:28.034,1.70591,1.70639,1.00,1.00
2016.10.21 02:16:28.085,1.70583,1.70636,1.50,1.00
2016.10.21 02:16:28.186,1.70583,1.70635,1.37,1.00
2016.10.21 02:16:28.287,1.70583,1.70635,1.00,1.00
2016.10.21 02:16:28.674,1.70583,1.70636,1.00,1.00
2016.10.21 02:16:28.725,1.70583,1.70638,1.00,1.00
2016.10.21 02:16:29.274,1.70583,1.70635,1.00,1.00
2016.10.21 02:16:30.174,1.70583,1.70636,1.00,1.00
2016.10.21 02:16:30.715,1.70583,1.70635,1.00,1.00
2016.10.21 02:16:31.044,1.70583,1.70635,1.12,1.00
2016.10.21 02:16:31.176,1.70583,1.70635,1.00,1.00
2016.10.21 02:16:31.227,1.7058,1.70636,1.12,1.00
2016.10.21 02:16:31.874,1.70582,1.70636,1.00,1.00
2016.10.21 02:16:33.373,1.70582,1.70637,1.00,1.00
2016.10.21 02:16:34.641,1.70581,1.70637,1.87,1.00
2016.10.21 02:16:34.692,1.70581,1.70635,1.00,1.00
2016.10.21 02:16:34.794,1.70581,1.70632,1.00,1.00
2016.10.21 02:16:34.845,1.70578,1.70632,1.00,1.00
2016.10.21 02:16:35.149,1.70576,1.7063,1.12,1.00
2016.10.21 02:16:35.825,1.70576,1.7063,1.37,1.00
2016.10.21 02:16:35.876,1.70582,1.7063,1.00,1.00
2016.10.21 02:16:36.493,1.70582,1.70629,1.00,1.00
2016.10.21 02:16:44.233,1.70582,1.70628,1.00,1.00
2016.10.21 02:16:44.559,1.70575,1.70628,1.00,1.00
2016.10.21 02:16:44.610,1.70575,1.70625,1.00,1.00
2016.10.21 02:16:45.121,1.70575,1.70626,1.00,1.00
2016.10.21 02:16:46.342,1.70575,1.70625,1.00,1.00
2016.10.21 02:16:46.942,1.70575,1.70626,1.00,1.00
2016.10.21 02:16:47.130,1.70572,1.70626,1.00,1.00
2016.10.21 02:16:47.650,1.70571,1.70626,1.00,1.00
2016.10.21 02:16:47.751,1.70571,1.70627,1.50,1.00
2016.10.21 02:16:47.852,1.70571,1.70626,1.00,1.00
2016.10.21 02:16:48.156,1.70572,1.70622,1.00,1.00
2016.10.21 02:16:48.459,1.70572,1.70625,1.00,1.00
2016.10.21 02:16:51.937,1.70572,1.70624,1.00,1.00
2016.10.21 02:16:52.872,1.70571,1.70627,1.50,1.00
2016.10.21 02:16:54.596,1.70571,1.70627,1.87,1.00
2016.10.21 02:16:55.177,1.70571,1.70626,1.12,1.00
2016.10.21 02:16:55.441,1.70572,1.70627,1.00,1.00
2016.10.21 02:16:55.858,1.70571,1.70625,1.00,1.00
2016.10.21 02:16:56.390,1.70571,1.70624,1.00,1.00
2016.10.21 02:16:56.491,1.70571,1.70625,1.50,1.00
2016.10.21 02:16:57.250,1.70571,1.70624,1.00,1.00
2016.10.21 02:16:57.338,1.7057,1.70625,1.12,1.00
2016.10.21 02:16:57.389,1.70568,1.70624,1.37,1.00
2016.10.21 02:16:57.693,1.7057,1.70626,1.37,1.00
2016.10.21 02:16:58.053,1.70569,1.70625,1.12,1.00
2016.10.21 02:16:58.223,1.7057,1.70626,1.00,1.00
2016.10.21 02:16:58.274,1.70569,1.70625,1.12,1.00
2016.10.21 02:16:58.325,1.70569,1.70623,1.00,1.00
2016.10.21 02:16:58.426,1.70568,1.70625,1.00,1.00
2016.10.21 02:16:58.477,1.70567,1.70623,1.50,1.00
2016.10.21 02:16:58.527,1.70569,1.70623,1.00,1.00
2016.10.21 02:16:59.075,1.70569,1.70623,1.12,1.00
2016.10.21 02:16:59.127,1.70576,1.70632,1.37,1.00
2016.10.21 02:16:59.197,1.70579,1.70632,1.00,1.00
2016.10.21 02:16:59.248,1.70579,1.70633,1.00,1.00
2016.10.21 02:16:59.501,1.70577,1.70634,1.37,1.00
2016.10.21 02:16:59.552,1.70578,1.70632,1.12,1.00
2016.10.21 02:17:00.306,1.70579,1.70633,1.00,1.00
2016.10.21 02:17:00.357,1.70579,1.70635,1.00,1.00
2016.10.21 02:17:00.458,1.70579,1.70635,1.12,1.00
2016.10.21 02:17:01.376,1.70578,1.70635,1.37,1.00
2016.10.21 02:17:01.427,1.70577,1.70633,1.12,1.00
2016.10.21 02:17:02.056,1.70576,1.70632,1.37,1.00
2016.10.21 02:17:02.107,1.70577,1.70631,1.00,1.00
2016.10.21 02:17:03.992,1.70577,1.70631,1.00,1.50
2016.10.21 02:17:04.098,1.70578,1.70631,1.00,1.00
2016.10.21 02:17:04.940,1.70576,1.70631,1.00,1.00
2016.10.21 02:17:05.374,1.70579,1.70631,1.00,1.00
2016.10.21 02:17:05.425,1.70582,1.70636,1.00,1.00
2016.10.21 02:17:05.579,1.70584,1.70639,1.00,1.75
2016.10.21 02:17:05.681,1.70583,1.70638,1.00,1.12
2016.10.21 02:17:05.732,1.70581,1.70635,1.00,1.00
2016.10.21 02:17:06.012,1.70586,1.70638,1.00,1.37
2016.10.21 02:17:06.307,1.70586,1.7064,1.00,1.87
2016.10.21 02:17:06.358,1.70587,1.70641,1.00,1.50
2016.10.21 02:17:06.459,1.70586,1.7064,1.00,1.00
2016.10.21 02:17:06.561,1.70582,1.70636,2.62,1.00
2016.10.21 02:17:06.612,1.70584,1.70638,1.00,1.00
2016.10.21 02:17:06.713,1.70583,1.70639,1.12,1.00
2016.10.21 02:17:06.815,1.70582,1.70638,1.37,1.00
2016.10.21 02:17:06.916,1.70583,1.70639,1.12,1.00
2016.10.21 02:17:06.967,1.70584,1.7064,1.00,1.00
2016.10.21 02:17:07.018,1.70583,1.70639,1.12,1.00
2016.10.21 02:17:07.068,1.70582,1.70639,1.37,1.00
2016.10.21 02:17:07.339,1.70582,1.70639,1.00,1.00
2016.10.21 02:17:07.862,1.70583,1.70639,1.00,1.00
2016.10.21 02:17:08.485,1.70584,1.7064,1.00,1.00
2016.10.21 02:17:09.030,1.70583,1.70639,1.00,1.00
2016.10.21 02:17:09.896,1.70585,1.70641,1.00,1.50
2016.10.21 02:17:09.947,1.70585,1.70639,1.00,1.00
2016.10.21 02:17:10.101,1.70583,1.70637,1.50,1.00
2016.10.21 02:17:10.152,1.70578,1.70632,1.87,1.00
2016.10.21 02:17:10.254,1.70578,1.70632,1.50,1.00
2016.10.21 02:17:10.305,1.70578,1.70632,1.00,1.00
2016.10.21 02:17:10.356,1.70576,1.70632,1.37,1.00
2016.10.21 02:17:10.508,1.7058,1.70635,1.00,1.00
2016.10.21 02:17:10.559,1.70582,1.70635,1.37,1.00
2016.10.21 02:17:10.871,1.70582,1.70636,1.37,1.00
2016.10.21 02:17:11.375,1.70581,1.70635,1.37,1.00
2016.10.21 02:17:11.426,1.7058,1.70634,1.50,1.00
2016.10.21 02:17:11.528,1.7058,1.70633,1.00,1.00
2016.10.21 02:17:11.579,1.70574,1.7063,1.75,1.00
2016.10.21 02:17:11.630,1.70573,1.70629,1.87,1.00
2016.10.21 02:17:11.681,1.70573,1.70629,1.37,1.00
2016.10.21 02:17:11.732,1.70573,1.70627,1.87,1.00
2016.10.21 02:17:12.137,1.70574,1.70628,1.00,1.00
2016.10.21 02:17:12.187,1.70574,1.70628,1.12,1.00
2016.10.21 02:17:12.289,1.70574,1.70628,1.37,1.00
2016.10.21 02:17:12.391,1.70573,1.70629,1.87,1.00
2016.10.21 02:17:12.594,1.70573,1.70627,1.50,1.00
2016.10.21 02:17:12.746,1.70573,1.70627,1.00,1.00
2016.10.21 02:17:13.285,1.70572,1.70625,1.00,1.00
2016.10.21 02:17:13.336,1.70572,1.70627,1.00,1.00
2016.10.21 02:17:13.679,1.70572,1.70627,1.12,1.00
2016.10.21 02:17:14.250,1.70572,1.70626,1.87,1.00
2016.10.21 02:17:14.301,1.70572,1.70626,1.12,1.00
2016.10.21 02:17:14.373,1.70572,1.70626,1.37,1.00
2016.10.21 02:17:15.128,1.70571,1.70624,1.37,1.00
2016.10.21 02:17:15.876,1.70571,1.70624,1.12,1.00
2016.10.21 02:17:15.955,1.70571,1.70624,1.00,1.00
2016.10.21 02:17:18.779,1.70571,1.70626,1.00,1.00
2016.10.21 02:17:19.478,1.70571,1.70627,1.12,1.00
2016.10.21 02:17:20.048,1.70571,1.70624,1.00,1.00
2016.10.21 02:17:20.774,1.70571,1.70623,1.00,1.00
2016.10.21 02:17:21.261,1.70571,1.70625,1.00,1.00
2016.10.21 02:17:21.696,1.70569,1.70625,1.00,1.00
2016.10.21 02:17:21.899,1.70571,1.70625,1.00,1.00
2016.10.21 02:17:21.950,1.70571,1.70625,1.50,1.00
2016.10.21 02:17:22.001,1.70571,1.70624,1.00,1.00
2016.10.21 02:17:22.102,1.70569,1.70624,1.37,1.00
2016.10.21 02:17:22.204,1.70569,1.70624,1.12,1.00
2016.10.21 02:17:22.371,1.70569,1.70624,1.00,1.00
2016.10.21 02:17:23.220,1.70568,1.70624,1.87,1.00
2016.10.21 02:17:23.271,1.70568,1.70624,1.50,1.00
2016.10.21 02:17:25.727,1.70569,1.70625,1.00,1.00
2016.10.21 02:17:26.274,1.7057,1.70625,1.00,1.00
2016.10.21 02:17:26.680,1.7057,1.70625,1.37,1.00
2016.10.21 02:17:26.731,1.70571,1.70625,1.12,1.00
2016.10.21 02:17:26.782,1.70571,1.70627,1.37,1.00
2016.10.21 02:17:26.832,1.70573,1.70627,1.12,1.00
2016.10.21 02:17:26.985,1.70573,1.70627,1.00,1.00
2016.10.21 02:17:27.035,1.70571,1.70627,1.37,1.00
2016.10.21 02:17:27.086,1.70571,1.70627,1.00,1.00
2016.10.21 02:17:27.137,1.70568,1.70622,1.00,1.00
2016.10.21 02:17:27.543,1.70572,1.70628,1.00,1.00
2016.10.21 02:17:27.847,1.70576,1.70628,1.00,1.00
2016.10.21 02:17:28.069,1.70572,1.70628,1.37,1.50
2016.10.21 02:17:28.120,1.70571,1.70625,1.00,1.00
2016.10.21 02:17:28.170,1.70569,1.70624,1.37,1.00
2016.10.21 02:17:28.221,1.70569,1.70624,1.12,1.00
2016.10.21 02:17:29.325,1.70568,1.70624,1.37,1.00
2016.10.21 02:17:29.873,1.70567,1.70623,1.37,1.00
2016.10.21 02:17:30.378,1.70567,1.70624,1.37,1.00
2016.10.21 02:17:30.764,1.70572,1.70629,1.37,1.00
2016.10.21 02:17:30.815,1.70572,1.70629,2.62,1.00
2016.10.21 02:17:30.916,1.70573,1.70629,1.37,1.00
2016.10.21 02:17:31.119,1.70573,1.70629,1.37,1.50
2016.10.21 02:17:31.220,1.70571,1.70627,1.37,1.00
2016.10.21 02:17:31.271,1.70571,1.70625,1.37,1.00
2016.10.21 02:17:31.901,1.70572,1.70625,1.12,1.00
2016.10.21 02:17:32.053,1.7057,1.70626,1.37,1.00
2016.10.21 02:17:33.009,1.7057,1.70625,1.37,1.00
2016.10.21 02:17:33.497,1.70571,1.70625,1.12,1.00
2016.10.21 02:17:33.810,1.70573,1.70627,1.37,1.50
2016.10.21 02:17:33.987,1.70573,1.70627,1.37,1.00
2016.10.21 02:17:35.157,1.70572,1.70627,1.37,1.00
2016.10.21 02:17:38.132,1.70572,1.70626,1.12,1.00
2016.10.21 02:17:38.183,1.70573,1.70627,1.00,1.00
2016.10.21 02:17:38.787,1.70573,1.70628,1.37,1.50
2016.10.21 02:17:38.838,1.70573,1.70627,1.12,1.00
2016.10.21 02:17:38.890,1.70572,1.70629,1.87,1.50
2016.10.21 02:17:38.941,1.70574,1.70628,1.00,1.00
2016.10.21 02:17:39.047,1.70573,1.70628,1.37,1.00
2016.10.21 02:17:39.148,1.70573,1.70628,1.12,1.00
2016.10.21 02:17:39.199,1.70572,1.70626,1.87,1.00
2016.10.21 02:17:39.428,1.70572,1.70627,1.37,1.00
2016.10.21 02:17:39.929,1.70572,1.70626,1.37,1.00
2016.10.21 02:17:40.031,1.70572,1.70624,1.12,1.00
2016.10.21 02:17:40.107,1.70568,1.70623,1.87,1.00
2016.10.21 02:17:40.999,1.7057,1.70624,1.37,1.00
2016.10.21 02:17:41.317,1.70573,1.70628,1.87,1.50
2016.10.21 02:17:41.368,1.70573,1.70626,1.37,1.00
2016.10.21 02:17:41.623,1.70573,1.70628,1.37,1.50
2016.10.21 02:17:41.674,1.70571,1.70627,1.50,1.50
2016.10.21 02:17:41.725,1.70569,1.70626,1.37,1.00
2016.10.21 02:17:41.827,1.7057,1.70627,1.37,1.50
2016.10.21 02:17:44.725,1.7057,1.70619,1.37,1.00
2016.10.21 02:17:47.428,1.70569,1.70619,1.37,1.00
2016.10.21 02:17:48.285,1.70569,1.70618,1.37,1.00
2016.10.21 02:17:48.825,1.7057,1.70618,1.37,1.00
2016.10.21 02:17:49.427,1.70569,1.70618,1.37,1.00
2016.10.21 02:17:50.333,1.7057,1.70618,1.37,1.00
2016.10.21 02:17:50.906,1.70571,1.70618,1.37,1.00
2016.10.21 02:17:51.380,1.70573,1.70618,1.12,1.00
2016.10.21 02:17:51.431,1.70574,1.70618,1.00,1.00
2016.10.21 02:17:51.936,1.70572,1.70618,1.12,1.00
2016.10.21 02:17:52.071,1.70573,1.70618,1.00,1.00
2016.10.21 02:17:52.698,1.70573,1.70619,1.00,1.00
2016.10.21 02:17:52.760,1.70561,1.70609,1.00,1.00
2016.10.21 02:17:53.235,1.70561,1.70608,1.12,1.00
2016.10.21 02:17:53.615,1.70561,1.70608,1.37,1.00
2016.10.21 02:17:53.767,1.70561,1.70608,1.12,1.00
2016.10.21 02:17:54.661,1.7056,1.70608,1.00,1.00
2016.10.21 02:17:54.711,1.70558,1.70608,1.12,1.00
2016.10.21 02:17:54.762,1.70558,1.70608,1.00,1.00
2016.10.21 02:17:54.914,1.70555,1.70608,1.37,1.00
2016.10.21 02:17:55.025,1.70558,1.70608,1.00,1.00
2016.10.21 02:17:55.075,1.7056,1.70608,1.00,1.00
2016.10.21 02:17:55.230,1.70558,1.70608,1.00,1.00
2016.10.21 02:17:55.332,1.70555,1.70608,1.37,1.00
2016.10.21 02:17:55.383,1.70556,1.70608,1.12,1.00
2016.10.21 02:17:55.484,1.70556,1.70608,1.00,1.00
2016.10.21 02:17:56.717,1.7056,1.70608,1.00,1.00
2016.10.21 02:17:57.022,1.70564,1.70608,1.00,1.00
2016.10.21 02:17:57.723,1.7056,1.70608,1.00,1.00
2016.10.21 02:17:57.814,1.70563,1.70608,1.00,1.00
2016.10.21 02:17:57.865,1.70561,1.70608,1.00,1.00
2016.10.21 02:17:57.916,1.70557,1.70608,1.87,1.00
2016.10.21 02:17:58.018,1.70559,1.70608,1.00,1.00
2016.10.21 02:17:58.221,1.70561,1.70608,1.00,1.00
2016.10.21 02:17:58.272,1.70558,1.70608,1.00,1.00
2016.10.21 02:17:58.526,1.70561,1.70609,1.00,1.00
2016.10.21 02:17:58.628,1.70558,1.70609,1.00,1.00
2016.10.21 02:17:59.202,1.70563,1.70609,1.00,1.00
2016.10.21 02:17:59.557,1.70567,1.70609,1.00,1.00
2016.10.21 02:17:59.760,1.70569,1.70614,1.00,1.00
2016.10.21 02:17:59.811,1.70568,1.70618,1.00,1.00
2016.10.21 02:18:00.163,1.70568,1.70607,1.00,1.00
2016.10.21 02:18:00.215,1.70555,1.70608,1.87,1.00
2016.10.21 02:18:00.523,1.70555,1.70609,1.12,1.00
2016.10.21 02:18:00.822,1.70555,1.70609,1.37,1.00
2016.10.21 02:18:00.873,1.70562,1.70609,1.00,1.00
2016.10.21 02:18:00.924,1.70559,1.70609,1.00,1.00
2016.10.21 02:18:01.025,1.70564,1.70609,1.00,1.00
2016.10.21 02:18:01.077,1.70565,1.70609,1.12,1.00
2016.10.21 02:18:01.178,1.70567,1.70609,1.00,1.00
2016.10.21 02:18:01.518,1.70561,1.70609,1.00,1.00
2016.10.21 02:18:01.569,1.70561,1.70616,1.00,1.00
2016.10.21 02:18:01.620,1.7056,1.70615,2.25,1.00
2016.10.21 02:18:01.671,1.70562,1.70615,1.00,1.00
2016.10.21 02:18:02.109,1.70567,1.70615,1.37,1.00
2016.10.21 02:18:02.165,1.70572,1.70619,1.00,1.00
2016.10.21 02:18:02.220,1.70567,1.70619,1.37,1.50
2016.10.21 02:18:02.322,1.70567,1.70619,1.37,1.00
2016.10.21 02:18:02.632,1.70566,1.70619,1.37,1.50
2016.10.21 02:18:02.683,1.70569,1.70619,1.00,1.50
2016.10.21 02:18:02.835,1.70569,1.70619,1.00,1.00
2016.10.21 02:18:02.987,1.70571,1.70619,1.00,1.00
2016.10.21 02:18:03.190,1.70571,1.70618,1.12,1.00
2016.10.21 02:18:03.292,1.70572,1.70618,1.00,1.00
2016.10.21 02:18:03.725,1.70567,1.70618,1.12,1.00
2016.10.21 02:18:03.928,1.70565,1.70614,1.50,1.00
2016.10.21 02:18:03.979,1.70565,1.70609,1.12,1.00
2016.10.21 02:18:04.048,1.70565,1.70609,1.00,1.00
2016.10.21 02:18:04.200,1.70562,1.70609,1.12,1.00
2016.10.21 02:18:04.302,1.70562,1.70609,1.00,1.00
2016.10.21 02:18:04.403,1.70559,1.70609,1.12,1.00
2016.10.21 02:18:04.505,1.70557,1.70609,1.87,1.00
2016.10.21 02:18:04.814,1.70556,1.70609,2.25,1.00
2016.10.21 02:18:04.865,1.70555,1.70607,1.00,1.00
2016.10.21 02:18:04.916,1.70552,1.70605,1.37,1.00
2016.10.21 02:18:04.967,1.70552,1.70599,1.87,1.00
2016.10.21 02:18:05.018,1.70553,1.70599,1.37,1.00
2016.10.21 02:18:05.119,1.70556,1.70599,1.00,1.00
2016.10.21 02:18:05.197,1.70566,1.70609,1.12,1.00
2016.10.21 02:18:05.299,1.70565,1.70609,1.00,1.00
2016.10.21 02:18:05.908,1.70559,1.70598,1.00,1.00
2016.10.21 02:18:05.959,1.70554,1.70598,1.12,1.00
2016.10.21 02:18:06.010,1.70552,1.70598,1.87,1.00
2016.10.21 02:18:06.061,1.70552,1.70598,1.12,1.00
2016.10.21 02:18:06.112,1.70552,1.70598,1.00,1.00
2016.10.21 02:18:06.163,1.70552,1.70598,1.00,1.50
2016.10.21 02:18:06.214,1.70545,1.70597,1.87,1.00
2016.10.21 02:18:06.265,1.70547,1.70598,1.00,1.00
2016.10.21 02:18:06.316,1.70547,1.70598,1.12,1.00
2016.10.21 02:18:06.418,1.70547,1.70598,1.00,1.00
2016.10.21 02:18:06.520,1.70545,1.70595,1.00,1.00
2016.10.21 02:18:06.833,1.70545,1.70589,1.00,1.00
2016.10.21 02:18:06.884,1.70537,1.70589,1.87,1.00
2016.10.21 02:18:06.935,1.70537,1.70589,1.00,1.50
2016.10.21 02:18:07.037,1.70534,1.70589,1.37,1.50
2016.10.21 02:18:07.240,1.70534,1.70589,1.12,1.50
2016.10.21 02:18:07.342,1.70534,1.70589,1.37,1.50
2016.10.21 02:18:07.444,1.70535,1.70587,1.37,1.00
2016.10.21 02:18:07.552,1.70535,1.70589,1.37,1.50
2016.10.21 02:18:07.603,1.70536,1.70589,1.12,1.00
2016.10.21 02:18:07.654,1.70536,1.70589,1.00,1.00
2016.10.21 02:18:08.183,1.70533,1.70588,1.37,1.50
2016.10.21 02:18:08.235,1.70532,1.70585,1.12,1.00
2016.10.21 02:18:08.285,1.70528,1.70582,1.87,1.00
2016.10.21 02:18:08.336,1.70527,1.7058,1.37,1.00
2016.10.21 02:18:08.387,1.70528,1.70581,1.12,1.00
2016.10.21 02:18:08.439,1.70529,1.70582,1.00,1.00
2016.10.21 02:18:08.490,1.70526,1.70579,1.37,1.00
2016.10.21 02:18:08.591,1.70528,1.70582,1.12,1.00
2016.10.21 02:18:08.642,1.70529,1.70582,1.00,1.00
2016.10.21 02:18:08.845,1.70528,1.70582,1.37,1.00
2016.10.21 02:18:08.997,1.70531,1.70583,1.00,1.00
2016.10.21 02:18:09.356,1.70519,1.70571,1.37,1.00
2016.10.21 02:18:09.459,1.70522,1.70574,1.00,1.00
2016.10.21 02:18:09.510,1.7052,1.70573,1.12,1.00
2016.10.21 02:18:09.561,1.70518,1.70569,1.37,1.00
2016.10.21 02:18:09.612,1.70518,1.70571,1.37,1.00
2016.10.21 02:18:09.713,1.70518,1.70573,1.37,1.00
2016.10.21 02:18:09.764,1.70519,1.70574,1.12,1.00
2016.10.21 02:18:09.917,1.70516,1.70569,1.87,1.00
2016.10.21 02:18:09.968,1.70519,1.70571,1.12,1.00
2016.10.21 02:18:10.018,1.70519,1.70574,1.37,1.00
2016.10.21 02:18:10.675,1.70521,1.70573,1.00,1.00
2016.10.21 02:18:10.727,1.7052,1.70573,1.37,1.00
2016.10.21 02:18:10.929,1.70521,1.70573,1.00,1.00
2016.10.21 02:18:11.030,1.7052,1.70575,1.37,1.00
2016.10.21 02:18:12.825,1.70528,1.70577,1.12,1.00
2016.10.21 02:18:12.877,1.70529,1.70577,1.00,1.00
2016.10.21 02:18:12.928,1.7053,1.70577,1.12,1.00
2016.10.21 02:18:12.979,1.70532,1.70577,1.00,1.00
2016.10.21 02:18:13.030,1.70532,1.70585,1.00,1.00
2016.10.21 02:18:13.561,1.70531,1.70585,1.12,1.00
2016.10.21 02:18:13.927,1.70531,1.70585,1.00,1.00
2016.10.21 02:18:16.578,1.7053,1.70583,1.00,1.00
2016.10.21 02:18:19.669,1.7053,1.70583,1.37,1.00
2016.10.21 02:18:20.613,1.70531,1.70583,1.12,1.00
2016.10.21 02:18:20.765,1.70531,1.70583,1.37,1.00
2016.10.21 02:18:21.131,1.70533,1.70585,1.12,1.00
2016.10.21 02:18:21.181,1.70534,1.70587,1.12,1.00
2016.10.21 02:18:21.232,1.70534,1.70587,1.87,1.00
2016.10.21 02:18:21.283,1.70534,1.70587,1.12,1.00
2016.10.21 02:18:21.334,1.70532,1.70585,1.87,1.00
2016.10.21 02:18:21.703,1.70529,1.70579,1.12,1.00
2016.10.21 02:18:21.754,1.70528,1.70579,1.37,1.00
2016.10.21 02:18:21.804,1.70526,1.70578,1.87,1.00
2016.10.21 02:18:21.906,1.70527,1.70579,1.37,1.50
2016.10.21 02:18:22.088,1.70527,1.70579,1.12,1.50
2016.10.21 02:18:22.787,1.70527,1.70579,1.00,1.50
2016.10.21 02:18:22.838,1.70522,1.70577,1.87,1.00
2016.10.21 02:18:22.889,1.70522,1.70576,1.37,1.00
2016.10.21 02:18:23.428,1.7052,1.70575,1.87,1.00
2016.10.21 02:18:23.678,1.70522,1.70574,1.37,1.00
2016.10.21 02:18:24.335,1.70521,1.70574,1.37,1.00
2016.10.21 02:18:25.576,1.7052,1.70574,1.87,1.00
2016.10.21 02:18:25.922,1.7052,1.70574,1.37,1.00
2016.10.21 02:18:27.825,1.7052,1.70575,1.37,1.50
2016.10.21 02:18:31.142,1.70521,1.70575,1.37,1.50
2016.10.21 02:18:31.294,1.70519,1.70574,3.37,1.00
2016.10.21 02:18:31.345,1.70521,1.70575,1.37,1.50
2016.10.21 02:18:31.497,1.70521,1.70574,1.37,1.00
2016.10.21 02:18:31.548,1.70521,1.70574,1.87,1.00
2016.10.21 02:18:31.751,1.70521,1.70573,1.37,1.00
2016.10.21 02:18:32.382,1.7052,1.70574,2.62,1.00
2016.10.21 02:18:33.368,1.7052,1.70574,1.37,1.00
2016.10.21 02:18:35.289,1.70522,1.70574,1.87,1.00
2016.10.21 02:18:35.649,1.70524,1.70575,1.37,1.00
2016.10.21 02:18:35.960,1.70524,1.70577,1.37,1.00
2016.10.21 02:18:36.011,1.70522,1.70574,1.87,1.00
2016.10.21 02:18:36.191,1.70521,1.70574,1.87,1.00
2016.10.21 02:18:36.758,1.70521,1.70574,1.87,1.00
2016.10.21 02:18:37.192,1.7052,1.70574,1.87,1.00
2016.10.21 02:18:38.161,1.70519,1.70571,1.37,1.00
2016.10.21 02:18:40.886,1.7052,1.70572,1.37,1.00
2016.10.21 02:18:41.137,1.70519,1.70574,1.37,1.00
2016.10.21 02:18:41.289,1.7052,1.70574,1.87,1.00
2016.10.21 02:18:42.225,1.70521,1.70573,1.37,1.00
2016.10.21 02:18:42.652,1.7052,1.70573,2.62,1.00
2016.10.21 02:18:43.526,1.7052,1.70573,1.37,1.00
2016.10.21 02:18:44.985,1.70519,1.70571,1.87,1.00
2016.10.21 02:18:45.036,1.7052,1.70573,1.37,1.00
2016.10.21 02:18:46.212,1.70521,1.70573,1.37,1.00
2016.10.21 02:18:51.765,1.70522,1.70573,1.37,1.00
2016.10.21 02:18:51.816,1.70522,1.70576,1.37,1.00
2016.10.21 02:18:52.547,1.70523,1.70575,1.37,1.00
2016.10.21 02:18:52.726,1.70521,1.70575,3.37,1.00
2016.10.21 02:18:53.061,1.70521,1.70575,1.87,1.00
2016.10.21 02:18:53.213,1.70522,1.70575,1.87,1.00
2016.10.21 02:18:53.430,1.70521,1.70575,1.37,1.00
2016.10.21 02:18:55.482,1.70523,1.70575,1.37,1.00
2016.10.21 02:18:55.823,1.70521,1.70576,3.37,1.00
2016.10.21 02:18:55.874,1.70521,1.70575,2.62,1.00
2016.10.21 02:18:56.661,1.70521,1.70576,2.62,1.00
2016.10.21 02:18:57.065,1.70522,1.70577,3.37,1.00
2016.10.21 02:18:57.116,1.70526,1.70578,1.37,1.50
2016.10.21 02:18:57.168,1.70529,1.70578,1.37,1.00
2016.10.21 02:18:57.218,1.70531,1.70579,1.87,1.00
2016.10.21 02:18:57.269,1.70531,1.70579,2.62,1.00
2016.10.21 02:18:57.657,1.70535,1.70584,1.37,1.00
2016.10.21 02:18:57.738,1.70533,1.70584,1.12,1.00
2016.10.21 02:18:57.840,1.70533,1.70584,1.37,1.00
2016.10.21 02:18:57.891,1.70531,1.70583,1.87,1.00
2016.10.21 02:18:58.197,1.70531,1.70578,1.37,1.00
2016.10.21 02:18:58.248,1.70531,1.70578,1.00,1.00
2016.10.21 02:18:59.285,1.70531,1.70578,1.37,1.00
2016.10.21 02:18:59.657,1.70531,1.70578,1.12,1.00
2016.10.21 02:19:00.236,1.70531,1.70578,1.37,1.00
2016.10.21 02:19:01.542,1.70531,1.70582,1.37,1.00
2016.10.21 02:19:01.923,1.70531,1.70583,1.87,1.00
2016.10.21 02:19:01.974,1.70532,1.70585,1.37,1.00
2016.10.21 02:19:02.126,1.70534,1.70579,1.37,1.00
2016.10.21 02:19:02.177,1.70531,1.70579,2.62,1.00
2016.10.21 02:19:02.228,1.70531,1.70585,2.62,1.00
2016.10.21 02:19:02.753,1.70531,1.70578,1.37,1.00
2016.10.21 02:19:04.353,1.70531,1.70578,1.00,1.00
2016.10.21 02:19:05.074,1.70531,1.70578,1.12,1.00
2016.10.21 02:19:05.125,1.70531,1.70578,2.62,1.00
2016.10.21 02:19:05.228,1.70531,1.70578,1.12,1.00
2016.10.21 02:19:05.541,1.70531,1.70579,1.37,1.00
2016.10.21 02:19:05.643,1.70532,1.70579,1.37,1.00
2016.10.21 02:19:05.744,1.70535,1.70588,1.37,1.00
2016.10.21 02:19:05.796,1.70537,1.70588,1.37,1.00
2016.10.21 02:19:05.999,1.70539,1.70588,1.87,1.00
2016.10.21 02:19:06.564,1.70539,1.70578,1.00,1.00
2016.10.21 02:19:06.717,1.70536,1.70578,1.37,1.00
2016.10.21 02:19:07.033,1.70534,1.70578,2.62,1.00
2016.10.21 02:19:07.083,1.70534,1.70578,1.37,1.00
2016.10.21 02:19:07.463,1.70529,1.70578,1.12,1.00
2016.10.21 02:19:07.565,1.70529,1.70578,1.00,1.00
2016.10.21 02:19:07.726,1.70528,1.70578,1.12,1.00
2016.10.21 02:19:07.777,1.70528,1.70578,1.00,1.00
2016.10.21 02:19:07.828,1.70527,1.70578,1.12,1.00
2016.10.21 02:19:07.880,1.70527,1.70578,1.12,1.50
2016.10.21 02:19:07.985,1.70526,1.70578,1.37,1.50
2016.10.21 02:19:08.036,1.70524,1.70578,1.87,1.00
2016.10.21 02:19:08.406,1.70524,1.70578,1.37,1.00
2016.10.21 02:19:09.112,1.70522,1.70577,2.25,1.00
2016.10.21 02:19:09.184,1.70522,1.70577,3.75,1.00
2016.10.21 02:19:09.236,1.70523,1.70577,1.50,1.00
2016.10.21 02:19:10.191,1.70523,1.70577,2.25,1.00
2016.10.21 02:19:10.242,1.70524,1.70578,1.37,1.50
2016.10.21 02:19:10.293,1.70525,1.70578,2.62,1.50
2016.10.21 02:19:10.344,1.70525,1.70578,2.62,1.00
2016.10.21 02:19:10.459,1.70525,1.70578,1.37,1.00
2016.10.21 02:19:10.510,1.70524,1.70578,1.87,1.00
2016.10.21 02:19:11.641,1.70524,1.70578,1.87,1.50
2016.10.21 02:19:11.778,1.70524,1.70577,1.37,1.00
2016.10.21 02:19:12.178,1.70524,1.70578,1.37,1.50
2016.10.21 02:19:12.229,1.70525,1.70577,1.37,1.00
2016.10.21 02:19:15.320,1.70525,1.70578,1.37,1.50
2016.10.21 02:19:15.381,1.70525,1.70578,1.12,1.50
2016.10.21 02:19:15.483,1.70525,1.70578,1.37,1.50
2016.10.21 02:19:17.675,1.70525,1.70576,1.37,1.00
2016.10.21 02:19:17.777,1.70526,1.70568,1.00,1.00
2016.10.21 02:19:17.828,1.70519,1.70568,1.75,1.50
2016.10.21 02:19:18.124,1.70519,1.70568,1.37,1.00
2016.10.21 02:19:18.444,1.7052,1.70574,1.37,1.00
2016.10.21 02:19:18.495,1.70521,1.70576,1.37,1.00
2016.10.21 02:19:18.546,1.70523,1.70577,1.12,1.50
2016.10.21 02:19:18.597,1.70523,1.70577,1.37,1.00
2016.10.21 02:19:19.402,1.70524,1.70577,1.37,1.00
2016.10.21 02:19:19.798,1.70524,1.70577,1.87,1.00
2016.10.21 02:19:20.817,1.70524,1.70578,1.87,1.00
2016.10.21 02:19:23.265,1.70526,1.70578,1.37,1.00
2016.10.21 02:19:23.418,1.70529,1.70579,1.12,1.00
2016.10.21 02:19:23.754,1.70529,1.70579,1.37,1.00
2016.10.21 02:19:23.816,1.70534,1.70579,1.37,1.00
2016.10.21 02:19:24.089,1.70534,1.70579,1.87,1.00
2016.10.21 02:19:25.201,1.70536,1.70579,1.37,1.00
2016.10.21 02:19:31.072,1.70537,1.70579,1.37,1.00
2016.10.21 02:19:31.123,1.70535,1.70579,1.87,1.00
2016.10.21 02:19:32.079,1.70536,1.70579,1.37,1.00
2016.10.21 02:19:32.479,1.70535,1.70579,1.87,1.00
2016.10.21 02:19:34.524,1.70536,1.70579,1.37,1.00
2016.10.21 02:19:35.314,1.70535,1.70579,1.37,1.00
2016.10.21 02:19:36.295,1.70536,1.70579,1.12,1.00
2016.10.21 02:19:37.143,1.70536,1.70579,1.37,1.00
2016.10.21 02:19:37.298,1.70536,1.70579,1.12,1.00
2016.10.21 02:19:37.349,1.70541,1.70579,1.00,1.00
2016.10.21 02:19:37.399,1.70544,1.70597,1.37,2.25
2016.10.21 02:19:37.450,1.7054,1.70594,1.87,1.00
2016.10.21 02:19:37.543,1.70539,1.70589,1.37,1.00
2016.10.21 02:19:37.594,1.70538,1.70589,3.75,1.00
2016.10.21 02:19:37.645,1.70538,1.70589,1.50,1.00
2016.10.21 02:19:37.696,1.70541,1.70594,1.12,1.00
2016.10.21 02:19:37.848,1.7054,1.70595,1.37,1.00
2016.10.21 02:19:38.246,1.70539,1.70589,1.12,1.00
2016.10.21 02:19:38.297,1.70538,1.70589,2.25,1.00
2016.10.21 02:19:40.752,1.70538,1.70589,1.50,1.00
2016.10.21 02:19:42.579,1.70538,1.70589,1.37,1.00
2016.10.21 02:19:43.824,1.70536,1.70589,1.37,1.00
2016.10.21 02:19:48.130,1.70537,1.70589,1.37,1.00
2016.10.21 02:19:49.270,1.70535,1.70589,1.37,1.50
2016.10.21 02:19:49.772,1.70537,1.70589,1.37,1.00
2016.10.21 02:19:51.577,1.70538,1.70589,1.37,1.00
2016.10.21 02:19:52.408,1.70541,1.70593,1.00,1.00
2016.10.21 02:19:52.459,1.70542,1.70595,1.37,1.00
2016.10.21 02:19:52.561,1.70537,1.70592,1.87,1.00
2016.10.21 02:19:52.612,1.70537,1.70588,1.37,1.00
2016.10.21 02:19:52.664,1.70537,1.70588,1.12,1.50
2016.10.21 02:19:52.816,1.70537,1.70588,1.12,1.00
2016.10.21 02:19:53.337,1.70537,1.70588,1.37,1.00
2016.10.21 02:19:53.775,1.70537,1.70589,1.87,1.00
2016.10.21 02:19:53.990,1.70537,1.70589,1.37,1.00
2016.10.21 02:19:54.051,1.70537,1.70586,1.12,1.00
2016.10.21 02:19:55.833,1.70537,1.70586,1.37,1.00
2016.10.21 02:19:58.553,1.70537,1.70586,1.00,1.00
2016.10.21 02:19:59.454,1.70537,1.70586,1.37,1.00
2016.10.21 02:20:00.321,1.70541,1.70595,1.00,1.00
2016.10.21 02:20:00.372,1.70542,1.70596,1.37,1.00
2016.10.21 02:20:00.575,1.70544,1.70597,1.00,1.00
2016.10.21 02:20:00.626,1.70543,1.70597,1.12,1.00
2016.10.21 02:20:00.981,1.70543,1.70598,1.37,1.50
2016.10.21 02:20:01.426,1.70543,1.70597,1.37,1.00
2016.10.21 02:20:01.730,1.70543,1.70595,1.37,1.00
2016.10.21 02:20:03.416,1.70542,1.70597,1.37,1.00
2016.10.21 02:20:06.794,1.70543,1.70597,1.37,1.00
2016.10.21 02:20:10.575,1.70543,1.70597,1.00,1.00
2016.10.21 02:20:11.777,1.70543,1.70597,1.37,1.00
2016.10.21 02:20:12.504,1.70543,1.70597,2.62,1.00
2016.10.21 02:20:12.555,1.70544,1.70598,1.37,1.00
2016.10.21 02:20:12.606,1.70544,1.70598,2.62,1.00
2016.10.21 02:20:12.657,1.70545,1.70599,1.87,1.12
2016.10.21 02:20:12.708,1.70545,1.70598,1.87,1.00
2016.10.21 02:20:16.119,1.70545,1.70597,1.87,1.00
2016.10.21 02:20:16.170,1.70545,1.70597,1.37,1.00
2016.10.21 02:20:16.221,1.70543,1.70598,1.37,1.50
2016.10.21 02:20:16.322,1.70543,1.70598,1.37,1.00
2016.10.21 02:20:16.603,1.70543,1.70598,1.37,1.50
2016.10.21 02:20:18.828,1.70545,1.70597,1.12,1.00
2016.10.21 02:20:19.562,1.70545,1.70597,1.00,1.00
2016.10.21 02:20:21.134,1.70543,1.70598,1.37,1.50
2016.10.21 02:20:21.367,1.70544,1.70598,1.12,1.00
2016.10.21 02:20:21.469,1.70545,1.70598,1.00,1.00
2016.10.21 02:20:21.520,1.70546,1.70598,1.12,1.00
2016.10.21 02:20:21.856,1.70547,1.70598,1.00,1.00
2016.10.21 02:20:21.907,1.70547,1.70598,1.12,1.00
2016.10.21 02:20:22.110,1.70547,1.70598,1.37,1.00
2016.10.21 02:20:22.363,1.70545,1.70598,1.87,1.00
2016.10.21 02:20:22.414,1.70544,1.70597,1.37,1.00
2016.10.21 02:20:22.516,1.70544,1.70589,1.12,1.00
2016.10.21 02:20:22.873,1.70536,1.70589,1.50,1.00
2016.10.21 02:20:22.942,1.70535,1.70588,1.12,1.50
2016.10.21 02:20:24.315,1.70536,1.70588,1.00,1.00
2016.10.21 02:20:25.178,1.70537,1.70588,1.00,1.00
2016.10.21 02:20:25.699,1.70537,1.70588,1.12,1.00
2016.10.21 02:20:25.800,1.70537,1.70588,1.37,1.00
2016.10.21 02:20:26.597,1.70535,1.70588,1.37,1.00
2016.10.21 02:20:31.685,1.70536,1.70588,1.37,1.50
2016.10.21 02:20:31.736,1.70536,1.70588,1.12,1.50
2016.10.21 02:20:32.199,1.70536,1.70588,1.12,1.00
2016.10.21 02:20:32.610,1.70536,1.70588,1.00,1.00
2016.10.21 02:20:37.442,1.70537,1.70588,1.00,1.00
2016.10.21 02:20:39.805,1.70538,1.70588,1.00,1.00
2016.10.21 02:20:40.531,1.70538,1.70589,1.00,1.00
2016.10.21 02:20:41.090,1.70537,1.70589,1.00,1.00
2016.10.21 02:20:41.613,1.70539,1.70589,1.00,1.00
2016.10.21 02:20:42.274,1.70539,1.70588,1.00,1.00
2016.10.21 02:20:46.984,1.70536,1.70587,1.00,1.00
2016.10.21 02:20:47.262,1.70535,1.70579,1.37,1.00
2016.10.21 02:20:47.313,1.70532,1.70579,1.00,1.00
2016.10.21 02:20:47.588,1.70532,1.70587,1.00,1.37
2016.10.21 02:20:47.837,1.70532,1.70587,1.00,1.12
2016.10.21 02:20:53.077,1.70532,1.70587,1.37,1.00
2016.10.21 02:20:54.769,1.70532,1.70587,1.00,1.00
2016.10.21 02:20:55.623,1.70534,1.70587,1.00,1.00
2016.10.21 02:20:56.131,1.70533,1.70586,1.00,1.00
2016.10.21 02:20:57.222,1.70532,1.70585,1.00,1.00
2016.10.21 02:21:00.406,1.70528,1.70581,1.37,1.00
2016.10.21 02:21:00.457,1.70528,1.70581,1.12,1.00
2016.10.21 02:21:00.508,1.70531,1.70583,1.00,1.00
2016.10.21 02:21:00.559,1.70531,1.70584,1.37,1.00
2016.10.21 02:21:00.610,1.70534,1.70589,1.12,1.00
2016.10.21 02:21:00.712,1.70537,1.7059,1.00,1.00
2016.10.21 02:21:00.915,1.70535,1.7059,1.12,1.00
2016.10.21 02:21:00.966,1.70534,1.70588,1.37,1.00
2016.10.21 02:21:01.068,1.70533,1.70585,1.12,1.00
2016.10.21 02:21:01.390,1.70528,1.70582,1.00,1.00
2016.10.21 02:21:01.702,1.70528,1.70579,1.00,1.00
2016.10.21 02:21:01.804,1.70527,1.70579,1.12,1.00
2016.10.21 02:21:02.376,1.70527,1.70578,1.12,1.00
2016.10.21 02:21:02.767,1.70526,1.70578,1.37,1.00
2016.10.21 02:21:03.455,1.70526,1.70579,1.37,1.00
2016.10.21 02:21:03.506,1.70528,1.70579,1.00,1.00
2016.10.21 02:21:10.825,1.70528,1.70578,1.12,1.00
2016.10.21 02:21:11.279,1.70528,1.70578,1.37,1.00
2016.10.21 02:21:12.045,1.70524,1.70578,1.37,1.00
2016.10.21 02:21:12.096,1.70526,1.70578,1.00,1.00
2016.10.21 02:21:12.147,1.70524,1.70576,1.37,1.00
2016.10.21 02:21:12.199,1.70524,1.70578,1.37,1.00
2016.10.21 02:21:12.744,1.70521,1.70574,1.37,1.00
2016.10.21 02:21:12.896,1.70512,1.70565,1.12,1.00
2016.10.21 02:21:13.250,1.70512,1.70567,1.12,1.00
2016.10.21 02:21:13.303,1.70514,1.70567,1.37,1.50
2016.10.21 02:21:13.456,1.70517,1.70567,1.00,1.00
2016.10.21 02:21:13.507,1.7052,1.70573,1.00,1.37
2016.10.21 02:21:13.558,1.7052,1.70573,1.00,1.00
2016.10.21 02:21:13.609,1.70522,1.70575,1.12,1.00
2016.10.21 02:21:13.660,1.70521,1.70573,1.37,1.00
2016.10.21 02:21:13.710,1.7052,1.70575,1.37,1.00
2016.10.21 02:21:13.812,1.7052,1.70575,1.00,1.00
2016.10.21 02:21:14.728,1.7052,1.70574,1.00,1.00
2016.10.21 02:21:14.880,1.70522,1.70574,1.00,1.00
2016.10.21 02:21:15.021,1.7052,1.70575,1.12,1.00
2016.10.21 02:21:15.123,1.7052,1.70575,1.37,1.00
2016.10.21 02:21:15.224,1.70521,1.70575,1.00,1.00
2016.10.21 02:21:15.620,1.7052,1.70575,1.12,1.00
2016.10.21 02:21:15.772,1.70521,1.70573,1.37,1.00
2016.10.21 02:21:15.874,1.70519,1.70574,1.37,1.00
2016.10.21 02:21:18.877,1.7052,1.70574,1.12,1.00
2016.10.21 02:21:18.928,1.70522,1.70574,1.00,1.00
2016.10.21 02:21:20.006,1.70519,1.70574,1.37,1.00
2016.10.21 02:21:20.278,1.70519,1.70568,1.37,1.00
2016.10.21 02:21:20.329,1.70519,1.70568,1.00,1.00
2016.10.21 02:21:20.877,1.70518,1.70568,1.00,1.00
2016.10.21 02:21:22.754,1.70518,1.70568,1.37,1.00
2016.10.21 02:21:24.152,1.7052,1.70568,1.12,1.00
2016.10.21 02:21:28.423,1.70519,1.70568,1.37,1.00
2016.10.21 02:21:29.104,1.70517,1.70568,1.37,1.00
2016.10.21 02:21:29.358,1.70517,1.70568,1.00,1.00
2016.10.21 02:21:29.408,1.70516,1.70568,1.12,1.00
2016.10.21 02:21:30.246,1.70515,1.70568,1.37,1.00
2016.10.21 02:21:32.925,1.70517,1.70568,1.00,1.00
2016.10.21 02:21:35.972,1.70517,1.70568,1.12,1.00
2016.10.21 02:21:36.649,1.70516,1.70568,1.37,1.00
2016.10.21 02:21:36.771,1.70516,1.70568,1.00,1.00
2016.10.21 02:21:36.934,1.70516,1.70568,1.37,1.00
2016.10.21 02:21:39.232,1.70517,1.70568,1.37,1.00
2016.10.21 02:21:39.704,1.70523,1.70575,1.37,1.00
2016.10.21 02:21:39.856,1.70526,1.70578,1.37,1.00
2016.10.21 02:21:39.908,1.70525,1.70579,1.87,1.50
2016.10.21 02:21:39.959,1.70527,1.7058,1.37,1.00
2016.10.21 02:21:40.543,1.70527,1.70582,1.37,1.00
2016.10.21 02:21:40.594,1.70529,1.70582,1.37,1.00
2016.10.21 02:21:40.645,1.7053,1.70585,1.37,1.00
2016.10.21 02:21:40.696,1.70528,1.70581,1.37,1.00
2016.10.21 02:21:40.747,1.70526,1.70579,1.87,1.00
2016.10.21 02:21:40.798,1.70525,1.70577,1.00,1.00
2016.10.21 02:21:41.102,1.70525,1.70574,1.00,1.00
2016.10.21 02:21:41.496,1.70521,1.70573,1.37,1.00
2016.10.21 02:21:42.024,1.7052,1.70573,1.37,1.00
2016.10.21 02:21:50.176,1.70523,1.70576,1.37,1.00
2016.10.21 02:21:50.613,1.70527,1.70578,1.12,1.00
2016.10.21 02:21:51.140,1.70527,1.70579,1.12,1.00
2016.10.21 02:21:51.571,1.70527,1.70579,1.00,1.00
2016.10.21 02:21:51.785,1.70527,1.70579,1.00,1.50
2016.10.21 02:21:52.221,1.70527,1.70579,1.12,1.50
2016.10.21 02:21:52.877,1.70527,1.70579,1.00,1.50
2016.10.21 02:21:52.978,1.70527,1.70579,1.12,1.50
2016.10.21 02:21:55.003,1.70527,1.70578,1.12,1.00
2016.10.21 02:21:55.132,1.70527,1.70579,1.12,1.50
2016.10.21 02:21:55.278,1.70527,1.70578,1.12,1.00
2016.10.21 02:21:55.581,1.70527,1.70579,1.12,1.50
2016.10.21 02:21:56.217,1.70527,1.70578,1.12,1.00
2016.10.21 02:21:56.318,1.70527,1.70574,1.00,1.00
2016.10.21 02:21:56.672,1.70524,1.70568,1.00,1.00
2016.10.21 02:21:56.723,1.70521,1.70568,1.37,1.00
2016.10.21 02:21:57.636,1.70521,1.70574,1.37,1.00
2016.10.21 02:21:58.632,1.70517,1.7057,1.87,1.00
2016.10.21 02:21:58.792,1.70517,1.7057,1.50,1.00
2016.10.21 02:21:59.025,1.70517,1.7057,1.87,1.00
2016.10.21 02:21:59.127,1.70518,1.70573,1.00,1.00
2016.10.21 02:22:00.531,1.70518,1.70573,1.12,1.00
2016.10.21 02:22:00.582,1.70518,1.70568,1.12,1.00
2016.10.21 02:22:00.683,1.7052,1.70568,1.00,1.00
2016.10.21 02:22:00.738,1.70518,1.70568,1.12,1.00
2016.10.21 02:22:01.054,1.70518,1.70573,1.12,1.00
2016.10.21 02:22:01.274,1.7052,1.70573,1.00,1.00
2016.10.21 02:22:02.925,1.70522,1.70577,1.00,1.37
2016.10.21 02:22:03.026,1.70522,1.70577,1.00,1.00
2016.10.21 02:22:03.128,1.70522,1.70577,1.12,1.00
2016.10.21 02:22:03.229,1.70522,1.70577,1.37,1.00
2016.10.21 02:22:03.706,1.70522,1.70577,1.12,1.00
2016.10.21 02:22:04.478,1.70521,1.70576,1.37,1.00
2016.10.21 02:22:05.872,1.70521,1.70575,1.37,1.00
2016.10.21 02:22:06.526,1.70522,1.70575,1.12,1.00
2016.10.21 02:22:07.577,1.70522,1.70577,1.12,1.00
2016.10.21 02:22:08.897,1.70522,1.70575,1.37,1.00
2016.10.21 02:22:11.624,1.70523,1.70576,1.12,1.00
2016.10.21 02:22:13.121,1.70523,1.70576,1.00,1.00
2016.10.21 02:22:13.625,1.70523,1.70576,1.37,1.00
2016.10.21 02:22:13.726,1.70523,1.70576,1.00,1.00
2016.10.21 02:22:16.038,1.70519,1.70574,1.37,1.00
2016.10.21 02:22:16.089,1.70518,1.70574,1.87,1.00
2016.10.21 02:22:16.140,1.70519,1.70575,1.12,1.00
2016.10.21 02:22:16.191,1.70519,1.70573,1.12,1.00
2016.10.21 02:22:16.242,1.70522,1.70574,1.87,1.00
2016.10.21 02:22:16.343,1.7052,1.70574,1.37,1.00
2016.10.21 02:22:17.022,1.70521,1.70576,1.87,1.00
2016.10.21 02:22:21.269,1.70521,1.70576,2.62,1.00
2016.10.21 02:22:21.319,1.70523,1.70576,1.37,1.00
2016.10.21 02:22:21.370,1.70523,1.70576,2.62,1.00
2016.10.21 02:22:23.659,1.70523,1.70576,1.37,1.00
2016.10.21 02:22:24.930,1.70522,1.70578,1.37,1.00
2016.10.21 02:22:25.390,1.70531,1.70579,1.00,1.00
2016.10.21 02:22:25.441,1.70535,1.70579,1.00,1.00
2016.10.21 02:22:25.491,1.70535,1.70588,1.37,1.00
2016.10.21 02:22:25.542,1.70538,1.70588,1.00,1.00
2016.10.21 02:22:25.593,1.70538,1.70589,1.12,1.00
2016.10.21 02:22:25.644,1.7054,1.70589,1.00,1.00
2016.10.21 02:22:25.796,1.70543,1.70588,1.12,1.00
2016.10.21 02:22:25.897,1.70543,1.70595,1.37,1.00
2016.10.21 02:22:28.510,1.70543,1.70595,1.00,1.00
2016.10.21 02:22:28.612,1.70543,1.70595,1.37,1.00
2016.10.21 02:22:29.510,1.70543,1.70595,1.00,1.00
2016.10.21 02:22:29.678,1.70543,1.70595,1.37,1.00
2016.10.21 02:22:30.509,1.70542,1.70595,1.37,1.00
2016.10.21 02:22:30.611,1.70545,1.70589,1.37,1.00
2016.10.21 02:22:30.662,1.70542,1.70589,2.62,1.00
2016.10.21 02:22:30.712,1.70541,1.70588,1.87,1.00
2016.10.21 02:22:30.763,1.70541,1.70588,1.37,1.00
2016.10.21 02:22:31.086,1.70534,1.70587,1.37,1.00
2016.10.21 02:22:31.137,1.70534,1.70588,1.37,1.50
2016.10.21 02:22:31.301,1.70534,1.70579,1.37,1.00
2016.10.21 02:22:31.827,1.70535,1.70579,1.12,1.00
2016.10.21 02:22:31.878,1.70535,1.70588,1.12,1.00
2016.10.21 02:22:32.188,1.70534,1.70578,1.37,1.00
2016.10.21 02:22:32.240,1.70536,1.70578,1.37,1.00
2016.10.21 02:22:32.977,1.70536,1.70589,1.37,1.50
2016.10.21 02:22:33.086,1.70537,1.70578,1.37,1.00
2016.10.21 02:22:33.577,1.70536,1.70588,1.37,1.00
2016.10.21 02:22:34.464,1.70535,1.70588,2.62,1.00
2016.10.21 02:22:35.038,1.70535,1.70589,2.62,1.00
2016.10.21 02:22:36.620,1.70533,1.70578,1.37,1.00
2016.10.21 02:22:36.826,1.70531,1.70578,1.37,1.00
2016.10.21 02:22:37.691,1.70533,1.70587,1.37,1.00
2016.10.21 02:22:37.743,1.70536,1.70588,1.00,1.00
2016.10.21 02:22:37.793,1.70534,1.70588,1.37,1.00
2016.10.21 02:22:39.965,1.70533,1.70584,1.37,1.00
2016.10.21 02:22:40.017,1.70533,1.70578,1.12,1.00
2016.10.21 02:22:40.068,1.70529,1.70578,1.37,1.00
2016.10.21 02:22:40.118,1.70529,1.70569,1.00,1.00
2016.10.21 02:22:40.169,1.70523,1.70569,1.00,1.00
2016.10.21 02:22:40.220,1.7052,1.70569,1.50,1.00
2016.10.21 02:22:40.570,1.70518,1.70569,1.37,1.00
2016.10.21 02:22:40.799,1.70519,1.70569,1.87,1.00
2016.10.21 02:22:43.929,1.70519,1.70568,1.87,1.00
2016.10.21 02:22:45.634,1.70519,1.70568,2.62,1.00
2016.10.21 02:22:45.736,1.70519,1.70568,1.37,1.00
2016.10.21 02:22:46.401,1.70521,1.70568,1.37,1.00
2016.10.21 02:22:47.130,1.70523,1.70569,1.37,1.00
2016.10.21 02:22:47.392,1.70523,1.70576,1.37,1.50
2016.10.21 02:22:47.691,1.70524,1.70576,2.62,1.00
2016.10.21 02:22:47.843,1.70526,1.70576,1.37,1.00
2016.10.21 02:22:49.875,1.70525,1.70576,1.37,1.00
2016.10.21 02:22:49.925,1.70524,1.70576,2.62,1.00
2016.10.21 02:22:50.926,1.70526,1.70576,1.87,1.00
2016.10.21 02:22:50.977,1.70527,1.70576,1.37,1.00
2016.10.21 02:22:51.028,1.70531,1.70578,2.62,1.00
2016.10.21 02:22:51.130,1.70532,1.70578,1.87,1.00
2016.10.21 02:22:51.181,1.70532,1.70578,2.62,1.00
2016.10.21 02:22:51.232,1.70532,1.70578,1.87,1.00
2016.10.21 02:22:52.191,1.70529,1.70578,1.87,1.00
2016.10.21 02:22:53.434,1.70532,1.70578,1.37,1.00
2016.10.21 02:22:53.726,1.7053,1.70578,2.62,1.00
2016.10.21 02:22:53.932,1.7053,1.70578,1.37,1.00
2016.10.21 02:22:54.033,1.7053,1.70579,2.62,1.00
2016.10.21 02:22:55.623,1.70534,1.70578,1.37,1.00
2016.10.21 02:22:55.673,1.70535,1.70578,1.12,1.00
2016.10.21 02:22:55.724,1.70537,1.70578,1.00,1.00
2016.10.21 02:22:55.775,1.7054,1.70578,1.37,1.00
2016.10.21 02:22:55.826,1.7054,1.70589,1.37,1.00
2016.10.21 02:22:55.877,1.70543,1.70589,1.37,1.00
2016.10.21 02:22:57.082,1.70539,1.70589,1.37,1.00
2016.10.21 02:22:57.388,1.70535,1.70578,1.00,1.00
2016.10.21 02:22:57.733,1.70533,1.70578,1.00,1.00
2016.10.21 02:22:58.405,1.70533,1.70579,1.00,1.00
2016.10.21 02:22:58.704,1.70536,1.70588,1.00,1.12
2016.10.21 02:22:58.755,1.70536,1.70588,1.37,1.00
2016.10.21 02:22:58.806,1.70537,1.70588,1.12,1.00
2016.10.21 02:22:58.857,1.70536,1.70588,1.37,1.00
2016.10.21 02:23:01.878,1.70538,1.70588,1.00,1.00
2016.10.21 02:23:02.543,1.70539,1.70588,1.00,1.00
2016.10.21 02:23:02.594,1.70537,1.70588,1.12,1.00
2016.10.21 02:23:02.645,1.70538,1.70588,1.00,1.00
2016.10.21 02:23:02.696,1.70535,1.70588,1.37,1.00
2016.10.21 02:23:02.746,1.70532,1.70585,2.62,1.00
2016.10.21 02:23:02.797,1.70532,1.70586,1.37,1.00
2016.10.21 02:23:02.848,1.70531,1.70585,2.62,1.00
2016.10.21 02:23:02.899,1.70533,1.70586,1.37,1.00
2016.10.21 02:23:03.793,1.70532,1.70587,1.37,1.00
2016.10.21 02:23:03.844,1.70532,1.70588,1.37,1.87
2016.10.21 02:23:04.301,1.70531,1.70586,1.37,1.12
2016.10.21 02:23:04.352,1.70531,1.70584,1.37,1.00
2016.10.21 02:23:04.910,1.70532,1.70586,1.12,1.12
2016.10.21 02:23:05.012,1.7053,1.70585,1.87,1.00
2016.10.21 02:23:05.064,1.7053,1.70585,1.87,1.12
2016.10.21 02:23:05.780,1.7053,1.70585,1.87,1.00
2016.10.21 02:23:06.393,1.70531,1.70587,1.37,1.37
2016.10.21 02:23:08.591,1.70531,1.70585,1.37,1.00
2016.10.21 02:23:09.774,1.70531,1.70585,1.00,1.00
2016.10.21 02:23:11.065,1.70532,1.70587,1.00,1.00
2016.10.21 02:23:11.116,1.70532,1.70587,1.37,1.00
2016.10.21 02:23:11.167,1.70532,1.70579,1.37,1.00
2016.10.21 02:23:12.873,1.70533,1.70586,1.12,1.00
2016.10.21 02:23:14.595,1.70533,1.70586,1.37,1.00
2016.10.21 02:23:14.646,1.70531,1.70579,1.12,1.00
2016.10.21 02:23:14.821,1.70533,1.70579,1.00,1.00
2016.10.21 02:23:14.923,1.70531,1.70579,1.12,1.00
2016.10.21 02:23:14.974,1.70533,1.70579,1.00,1.00
2016.10.21 02:23:15.076,1.70535,1.70588,1.00,1.00
2016.10.21 02:23:15.926,1.70535,1.70579,1.00,1.00
2016.10.21 02:23:16.030,1.70529,1.70579,2.25,1.00
2016.10.21 02:23:16.518,1.70532,1.70579,1.37,1.00
2016.10.21 02:23:16.620,1.70532,1.70579,1.00,1.00
2016.10.21 02:23:18.180,1.70529,1.70579,1.50,1.00
2016.10.21 02:23:18.572,1.70525,1.70568,1.00,1.00
2016.10.21 02:23:19.094,1.70524,1.70578,1.00,1.50
2016.10.21 02:23:19.430,1.70527,1.70578,1.00,1.00
2016.10.21 02:23:19.734,1.7053,1.70579,1.00,1.00
2016.10.21 02:23:20.253,1.7053,1.70578,1.00,1.00
2016.10.21 02:23:20.561,1.70534,1.70578,1.00,1.00
2016.10.21 02:23:21.031,1.70536,1.70578,1.00,1.00
2016.10.21 02:23:21.081,1.70537,1.70589,1.00,1.12
2016.10.21 02:23:21.132,1.70537,1.70589,1.00,1.00
2016.10.21 02:23:21.684,1.70537,1.70588,1.00,1.00
2016.10.21 02:23:22.028,1.7054,1.70588,1.00,1.00
2016.10.21 02:23:22.332,1.7054,1.70588,1.37,1.00
2016.10.21 02:23:22.434,1.70542,1.70589,1.00,1.00
2016.10.21 02:23:22.750,1.70538,1.70589,1.00,1.00
2016.10.21 02:23:23.625,1.70541,1.70589,1.00,1.00
2016.10.21 02:23:23.681,1.70539,1.70589,1.00,1.00
2016.10.21 02:23:23.934,1.70543,1.70589,1.00,1.00
2016.10.21 02:23:24.512,1.70542,1.70589,1.00,1.00
2016.10.21 02:23:24.587,1.70538,1.70589,1.50,1.00
2016.10.21 02:23:24.999,1.70542,1.70589,1.00,1.00
2016.10.21 02:23:25.151,1.70538,1.70589,1.50,1.00
2016.10.21 02:23:25.253,1.7054,1.70589,1.00,1.00
2016.10.21 02:23:25.304,1.70538,1.70589,1.50,1.00
2016.10.21 02:23:27.742,1.70546,1.70589,1.37,1.00
2016.10.21 02:23:27.793,1.70548,1.70589,1.12,1.00
2016.10.21 02:23:27.946,1.70549,1.70589,1.00,1.00
2016.10.21 02:23:27.997,1.70547,1.70589,1.87,1.00
2016.10.21 02:23:28.098,1.70547,1.70589,1.37,1.00
2016.10.21 02:23:28.211,1.70545,1.70589,1.37,1.00
2016.10.21 02:23:29.122,1.70545,1.70588,1.00,1.00
2016.10.21 02:23:29.180,1.70539,1.70589,1.87,1.00
2016.10.21 02:23:29.241,1.70539,1.70589,1.37,1.00
2016.10.21 02:23:29.292,1.70538,1.70579,1.37,1.00
2016.10.21 02:23:29.343,1.70537,1.70579,1.87,1.00
2016.10.21 02:23:29.444,1.70534,1.70579,1.87,1.00
2016.10.21 02:23:29.495,1.70534,1.70586,1.87,1.00
2016.10.21 02:23:29.546,1.70534,1.70588,1.87,1.00
2016.10.21 02:23:29.647,1.70533,1.70587,1.37,1.00
2016.10.21 02:23:29.943,1.70534,1.70587,1.37,1.00
2016.10.21 02:23:30.507,1.70535,1.70589,1.37,1.50
2016.10.21 02:23:30.557,1.70535,1.70588,1.37,1.00
2016.10.21 02:23:30.608,1.70533,1.70588,2.62,1.00
2016.10.21 02:23:30.878,1.70534,1.70589,1.37,1.50
2016.10.21 02:23:30.929,1.70535,1.70587,1.87,1.00
2016.10.21 02:23:31.428,1.70533,1.70579,1.12,1.00
2016.10.21 02:23:31.529,1.70533,1.70578,1.00,1.00
2016.10.21 02:23:31.829,1.7053,1.70578,1.00,1.50
2016.10.21 02:23:31.880,1.70524,1.70578,1.37,1.00
2016.10.21 02:23:32.083,1.70525,1.70578,1.37,1.50
2016.10.21 02:23:32.134,1.70526,1.70578,1.12,1.00
2016.10.21 02:23:32.185,1.70529,1.70578,1.00,1.00
2016.10.21 02:23:32.337,1.70527,1.70578,1.37,1.00
2016.10.21 02:23:32.439,1.70528,1.70578,1.12,1.00
2016.10.21 02:23:32.490,1.70529,1.70578,1.00,1.00
2016.10.21 02:23:32.675,1.70529,1.70578,1.37,1.00
2016.10.21 02:23:34.276,1.70529,1.70578,1.12,1.00
2016.10.21 02:23:34.741,1.70529,1.70578,1.37,1.00
2016.10.21 02:23:37.500,1.7053,1.70578,1.12,1.00
2016.10.21 02:23:39.379,1.7053,1.70578,1.37,1.00
2016.10.21 02:23:39.481,1.70532,1.70578,1.37,1.00
2016.10.21 02:23:39.922,1.70533,1.70586,1.00,1.00
2016.10.21 02:23:40.229,1.70533,1.70578,1.00,1.00
2016.10.21 02:23:40.279,1.70533,1.70578,1.37,1.00
2016.10.21 02:23:40.878,1.70534,1.70578,1.37,1.00
2016.10.21 02:23:41.349,1.70534,1.70578,1.12,1.00
2016.10.21 02:23:41.552,1.70534,1.70578,1.37,1.00
2016.10.21 02:23:42.460,1.70534,1.70589,1.37,1.50
2016.10.21 02:23:43.879,1.70534,1.70579,1.37,1.00
2016.10.21 02:23:44.643,1.70534,1.70589,1.37,1.50
2016.10.21 02:23:44.694,1.70536,1.70589,1.12,1.00
2016.10.21 02:23:44.797,1.70536,1.70589,1.37,1.00
2016.10.21 02:23:45.203,1.70536,1.70589,1.00,1.00
2016.10.21 02:23:46.483,1.70536,1.70588,1.37,1.00
2016.10.21 02:23:46.872,1.70536,1.70588,1.12,1.00
2016.10.21 02:23:47.933,1.70534,1.70588,1.37,1.00
2016.10.21 02:23:48.439,1.70539,1.70588,1.00,1.00
2016.10.21 02:23:48.541,1.70538,1.70588,1.12,1.00
2016.10.21 02:23:48.844,1.70538,1.70579,1.00,1.00
2016.10.21 02:23:48.894,1.70536,1.70579,1.00,1.00
2016.10.21 02:23:48.996,1.70535,1.70579,1.00,1.00
2016.10.21 02:23:49.116,1.70534,1.70579,1.37,1.00
2016.10.21 02:23:49.976,1.70532,1.70585,1.37,1.00
2016.10.21 02:23:50.285,1.70537,1.70588,1.00,1.00
2016.10.21 02:23:50.336,1.70531,1.70586,1.37,1.00
2016.10.21 02:23:50.878,1.7053,1.70585,1.37,1.00
2016.10.21 02:23:51.082,1.7053,1.70578,1.37,1.00
2016.10.21 02:23:51.386,1.7053,1.70579,1.00,1.00
2016.10.21 02:23:51.487,1.7053,1.70579,1.37,1.00
2016.10.21 02:23:51.786,1.70529,1.70579,1.87,1.00
2016.10.21 02:23:51.938,1.70529,1.70579,1.37,1.00
2016.10.21 02:23:51.989,1.70529,1.70579,1.00,1.00
2016.10.21 02:23:53.778,1.70529,1.70578,1.00,1.00
2016.10.21 02:23:54.685,1.70525,1.70578,1.75,1.00
2016.10.21 02:23:55.012,1.70526,1.70579,1.37,1.00
2016.10.21 02:23:55.113,1.70524,1.70579,1.37,1.50
2016.10.21 02:23:55.519,1.70524,1.70578,1.37,1.00
2016.10.21 02:23:56.140,1.70523,1.70578,1.87,1.00
2016.10.21 02:23:56.778,1.70523,1.70569,1.87,1.00
2016.10.21 02:23:58.174,1.70523,1.70569,1.37,1.00
2016.10.21 02:23:58.254,1.70523,1.70569,1.12,1.00
2016.10.21 02:24:02.276,1.70523,1.70569,1.87,1.00
2016.10.21 02:24:02.378,1.70524,1.70569,1.12,1.00
2016.10.21 02:24:02.429,1.70525,1.70569,1.37,1.00
2016.10.21 02:24:02.531,1.70526,1.70579,1.37,1.50
2016.10.21 02:24:02.850,1.70527,1.70579,1.37,1.00
2016.10.21 02:24:07.674,1.70528,1.70579,1.37,1.00
2016.10.21 02:24:08.170,1.70528,1.70569,1.37,1.00
2016.10.21 02:24:08.260,1.7052,1.70569,1.37,1.00
2016.10.21 02:24:08.924,1.7052,1.70568,1.37,1.00
2016.10.21 02:24:10.398,1.70519,1.70568,1.37,1.00
2016.10.21 02:24:10.449,1.70522,1.70568,1.12,1.00
2016.10.21 02:24:10.550,1.70523,1.70568,1.37,1.00
2016.10.21 02:24:11.187,1.70522,1.70569,1.37,1.00
2016.10.21 02:24:11.711,1.70522,1.70569,1.12,1.00
2016.10.21 02:24:12.842,1.70521,1.70569,1.37,1.00
2016.10.21 02:24:12.944,1.70518,1.70568,1.37,1.00
2016.10.21 02:24:12.995,1.70516,1.70568,2.62,1.00
2016.10.21 02:24:13.097,1.70516,1.70568,1.87,1.00
2016.10.21 02:24:13.495,1.70517,1.70568,1.37,1.00
2016.10.21 02:24:14.153,1.70519,1.70568,1.37,1.00
2016.10.21 02:24:14.485,1.70522,1.70568,1.37,1.00
2016.10.21 02:24:14.637,1.70522,1.70575,1.37,1.00
2016.10.21 02:24:15.876,1.70523,1.70578,2.62,1.12
2016.10.21 02:24:15.927,1.70524,1.70576,1.00,1.00
2016.10.21 02:24:16.029,1.70524,1.70579,1.37,1.50
2016.10.21 02:24:16.842,1.70524,1.70578,1.37,1.00
2016.10.21 02:24:17.132,1.70524,1.70578,1.37,1.50
2016.10.21 02:24:17.629,1.70524,1.70577,1.37,1.00
2016.10.21 02:24:17.680,1.7053,1.70578,1.00,1.00
2016.10.21 02:24:17.731,1.7053,1.70579,1.37,1.00
2016.10.21 02:24:18.033,1.7053,1.70578,1.12,1.00
2016.10.21 02:24:18.133,1.70529,1.70578,1.37,1.00
2016.10.21 02:24:18.663,1.70528,1.70578,1.12,1.00
2016.10.21 02:24:18.765,1.70528,1.70578,1.00,1.00
2016.10.21 02:24:19.297,1.70528,1.70579,1.00,1.00
2016.10.21 02:24:19.347,1.70527,1.70579,1.12,1.00
2016.10.21 02:24:19.905,1.70527,1.70569,1.12,1.00
2016.10.21 02:24:20.066,1.70525,1.70569,1.37,1.00
2016.10.21 02:24:20.167,1.70525,1.70569,1.12,1.00
2016.10.21 02:24:20.489,1.70524,1.70569,1.50,1.00
2016.10.21 02:24:21.437,1.70524,1.70569,1.87,1.00
2016.10.21 02:24:21.773,1.70524,1.70569,1.12,1.00
2016.10.21 02:24:21.829,1.70524,1.70577,1.87,1.00
2016.10.21 02:24:21.879,1.70524,1.70577,1.00,1.00
2016.10.21 02:24:21.930,1.70523,1.70577,1.12,1.00
2016.10.21 02:24:22.083,1.70523,1.70577,1.37,1.00
2016.10.21 02:24:22.140,1.70523,1.70577,1.12,1.00
2016.10.21 02:24:23.729,1.70522,1.70577,1.37,1.00
2016.10.21 02:24:24.582,1.70524,1.70578,1.37,1.00
2016.10.21 02:24:24.634,1.70527,1.70578,1.00,1.00
2016.10.21 02:24:24.685,1.70527,1.70578,1.37,1.00
2016.10.21 02:24:26.630,1.70527,1.70568,1.37,1.00
2016.10.21 02:24:26.681,1.70517,1.70569,1.75,1.00
2016.10.21 02:24:26.732,1.70517,1.70568,1.37,1.00
2016.10.21 02:24:26.783,1.70517,1.70569,1.12,1.50
2016.10.21 02:24:26.885,1.70517,1.70568,1.00,1.00
2016.10.21 02:24:26.936,1.70513,1.70568,1.37,1.00
2016.10.21 02:24:27.273,1.70515,1.70568,1.00,1.00
2016.10.21 02:24:27.481,1.70515,1.70568,1.37,1.00
2016.10.21 02:24:28.230,1.70512,1.70565,1.37,1.00
2016.10.21 02:24:28.280,1.70516,1.70569,1.37,1.50
2016.10.21 02:24:28.332,1.70518,1.70569,1.00,1.00
2016.10.21 02:24:28.382,1.70518,1.70569,1.37,1.00
2016.10.21 02:24:28.535,1.70516,1.70569,2.62,1.00
2016.10.21 02:24:29.049,1.70516,1.70569,1.37,1.00
2016.10.21 02:24:29.556,1.70516,1.70569,2.62,1.00
2016.10.21 02:24:29.656,1.70517,1.70569,1.87,1.00
2016.10.21 02:24:30.340,1.7052,1.70575,2.62,1.00
2016.10.21 02:24:30.675,1.70522,1.70577,2.62,1.00
2016.10.21 02:24:31.200,1.70522,1.70577,1.37,1.00
2016.10.21 02:24:31.831,1.70524,1.70577,1.12,1.00
2016.10.21 02:24:32.064,1.70524,1.70577,1.37,1.00
2016.10.21 02:24:34.276,1.70523,1.70578,1.37,1.50
2016.10.21 02:24:34.378,1.70525,1.70579,1.00,1.12
2016.10.21 02:24:34.429,1.70524,1.70578,1.00,1.00
2016.10.21 02:24:34.480,1.70525,1.70578,1.00,1.12
2016.10.21 02:24:34.582,1.70524,1.70579,1.12,1.50
2016.10.21 02:24:34.683,1.70524,1.70579,1.37,1.50
2016.10.21 02:24:35.037,1.70525,1.70578,1.12,1.00
2016.10.21 02:24:35.088,1.70525,1.70578,1.00,1.50
2016.10.21 02:24:35.140,1.70523,1.70578,1.12,1.50
2016.10.21 02:24:35.191,1.70524,1.70578,1.00,1.12
2016.10.21 02:24:35.242,1.70524,1.70577,1.00,1.00
2016.10.21 02:24:35.293,1.70524,1.70577,1.37,1.00
2016.10.21 02:24:36.020,1.70524,1.70578,1.37,1.00
2016.10.21 02:24:36.668,1.70524,1.70568,1.00,1.00
2016.10.21 02:24:36.719,1.70521,1.70568,1.87,1.00
2016.10.21 02:24:37.123,1.70523,1.70568,1.00,1.00
2016.10.21 02:24:37.174,1.70523,1.70578,1.00,1.37
2016.10.21 02:24:37.225,1.70525,1.70578,1.00,1.00
2016.10.21 02:24:37.598,1.70525,1.70578,1.12,1.00
2016.10.21 02:24:39.272,1.70525,1.70579,1.12,1.50
2016.10.21 02:24:39.373,1.70526,1.70578,1.00,1.00
2016.10.21 02:24:39.629,1.70532,1.70578,1.12,1.00
2016.10.21 02:24:40.379,1.70532,1.70585,1.12,1.00
2016.10.21 02:24:40.430,1.70532,1.70586,1.12,1.00
2016.10.21 02:24:42.231,1.70531,1.70586,1.37,1.50
2016.10.21 02:24:43.093,1.70531,1.70586,2.62,1.50
2016.10.21 02:24:43.190,1.70531,1.70586,1.37,1.50
2016.10.21 02:24:44.158,1.70532,1.70586,1.12,1.00
2016.10.21 02:24:44.665,1.70532,1.70586,1.37,1.00
2016.10.21 02:24:45.178,1.70533,1.70587,1.37,1.00
2016.10.21 02:24:45.953,1.70535,1.70588,1.00,1.50
2016.10.21 02:24:46.711,1.70535,1.70588,1.12,1.00
2016.10.21 02:24:46.812,1.70535,1.70588,1.37,1.00
2016.10.21 02:24:46.863,1.70537,1.70588,1.00,1.00
2016.10.21 02:24:47.305,1.70545,1.70588,1.00,1.00
2016.10.21 02:24:47.458,1.70544,1.70588,1.12,1.00
2016.10.21 02:24:47.513,1.70544,1.70588,1.37,1.00
2016.10.21 02:24:48.052,1.70545,1.70588,1.37,1.00
2016.10.21 02:24:48.725,1.70543,1.70588,1.37,1.00
2016.10.21 02:24:48.776,1.70543,1.70597,1.37,1.00
2016.10.21 02:24:49.099,1.70544,1.70599,1.12,1.50
2016.10.21 02:24:49.150,1.70546,1.70599,1.12,1.00
2016.10.21 02:24:49.868,1.70544,1.70598,1.37,1.00
2016.10.21 02:24:49.919,1.70542,1.70597,1.37,1.00
2016.10.21 02:24:49.970,1.70544,1.70597,1.37,1.00
2016.10.21 02:24:50.121,1.70544,1.70597,2.62,1.00
2016.10.21 02:24:50.222,1.70544,1.70599,1.87,1.50
2016.10.21 02:24:50.979,1.70545,1.70598,1.37,1.00
2016.10.21 02:24:51.619,1.70548,1.70599,1.37,1.00
2016.10.21 02:24:52.212,1.70547,1.70599,1.37,1.00
2016.10.21 02:24:52.828,1.70547,1.70599,1.12,1.00
2016.10.21 02:24:53.423,1.70548,1.70599,1.00,1.00
2016.10.21 02:24:53.474,1.70546,1.70599,1.37,1.00
2016.10.21 02:24:54.688,1.70546,1.70598,1.37,1.00
2016.10.21 02:24:55.537,1.70546,1.70598,2.62,1.00
2016.10.21 02:24:55.588,1.70548,1.70598,1.37,1.00
2016.10.21 02:24:55.925,1.70552,1.70598,1.00,1.00
2016.10.21 02:24:56.311,1.70554,1.70607,1.00,1.00
2016.10.21 02:24:56.564,1.70554,1.70607,1.37,1.00
2016.10.21 02:24:56.615,1.70555,1.70609,1.37,1.00
2016.10.21 02:24:56.666,1.70556,1.70609,1.12,1.00
2016.10.21 02:24:57.499,1.70556,1.70608,1.12,1.00
2016.10.21 02:24:57.550,1.70562,1.70608,1.37,1.00
2016.10.21 02:24:57.621,1.70567,1.70609,1.00,1.00
2016.10.21 02:24:57.672,1.70566,1.70619,1.00,1.87
2016.10.21 02:24:58.055,1.70566,1.70609,1.00,1.00
2016.10.21 02:24:58.159,1.70564,1.70609,1.00,1.00
2016.10.21 02:24:58.675,1.70565,1.70609,1.00,1.00
2016.10.21 02:24:58.776,1.70565,1.70609,1.12,1.00
2016.10.21 02:24:59.361,1.70567,1.70609,1.00,1.00
2016.10.21 02:24:59.412,1.70569,1.70609,1.00,1.00
2016.10.21 02:25:00.068,1.70567,1.70622,1.50,1.00
2016.10.21 02:25:00.230,1.70568,1.70622,1.00,1.00
2016.10.21 02:25:00.468,1.70567,1.70609,1.00,1.00
2016.10.21 02:25:00.671,1.70563,1.70608,1.37,1.00
2016.10.21 02:25:01.043,1.70567,1.70608,1.12,1.00
2016.10.21 02:25:01.094,1.70564,1.70608,1.00,1.00
2016.10.21 02:25:01.196,1.70564,1.70608,1.12,1.00
2016.10.21 02:25:01.247,1.70564,1.70608,1.12,1.00
2016.10.21 02:25:01.298,1.70564,1.70608,1.37,1.00
2016.10.21 02:25:01.836,1.70564,1.70608,1.37,1.00
2016.10.21 02:25:02.951,1.70566,1.70608,1.12,1.00
2016.10.21 02:25:03.003,1.70565,1.70608,1.37,1.00
2016.10.21 02:25:03.104,1.70564,1.70608,1.87,1.00
2016.10.21 02:25:04.410,1.70564,1.70608,1.00,1.00
2016.10.21 02:25:04.462,1.70557,1.70599,1.37,1.00
2016.10.21 02:25:04.774,1.70557,1.70599,1.00,1.00
2016.10.21 02:25:05.581,1.70554,1.70599,1.12,1.00
2016.10.21 02:25:05.682,1.70554,1.70599,1.00,1.00
2016.10.21 02:25:05.733,1.70552,1.70599,1.50,1.00
2016.10.21 02:25:06.433,1.70552,1.70599,1.87,1.00
2016.10.21 02:25:06.490,1.70554,1.70599,1.12,1.00
2016.10.21 02:25:06.993,1.70554,1.70609,1.12,1.50
2016.10.21 02:25:07.062,1.70556,1.70609,1.00,1.50
2016.10.21 02:25:07.113,1.70557,1.70609,1.00,1.00
2016.10.21 02:25:07.317,1.70557,1.70609,1.12,1.00
2016.10.21 02:25:07.833,1.70557,1.70608,1.12,1.00
2016.10.21 02:25:08.019,1.70557,1.70608,1.37,1.00
2016.10.21 02:25:08.326,1.7056,1.70608,1.37,1.00
2016.10.21 02:25:09.018,1.70557,1.70598,1.37,1.00
2016.10.21 02:25:09.192,1.70558,1.70598,1.12,1.00
2016.10.21 02:25:09.294,1.70559,1.70608,1.00,1.00
2016.10.21 02:25:10.199,1.70561,1.70608,1.00,1.00
2016.10.21 02:25:10.905,1.7056,1.70608,1.00,1.00
2016.10.21 02:25:10.956,1.7056,1.70608,1.00,1.00
2016.10.21 02:25:11.007,1.7056,1.70599,1.50,1.00
2016.10.21 02:25:11.058,1.7056,1.70599,1.00,1.00
2016.10.21 02:25:11.109,1.7056,1.70599,1.12,1.00
2016.10.21 02:25:11.408,1.7056,1.70598,1.00,1.00
2016.10.21 02:25:11.664,1.70556,1.70598,1.00,1.00
2016.10.21 02:25:11.926,1.70556,1.70598,1.12,1.00
2016.10.21 02:25:12.028,1.70554,1.70598,1.50,1.00
2016.10.21 02:25:12.130,1.70554,1.70598,1.12,1.00
2016.10.21 02:25:12.231,1.70554,1.70598,1.50,1.00
2016.10.21 02:25:13.475,1.70554,1.70609,1.50,1.50
2016.10.21 02:25:15.879,1.70556,1.70609,1.00,1.50
2016.10.21 02:25:16.378,1.70556,1.70608,1.00,1.00
2016.10.21 02:25:16.614,1.70556,1.70609,1.00,1.12
2016.10.21 02:25:17.981,1.70556,1.70609,1.00,1.87
2016.10.21 02:25:18.032,1.70553,1.70608,1.37,1.12
2016.10.21 02:25:18.083,1.70553,1.70606,1.37,1.00
2016.10.21 02:25:18.133,1.70553,1.70606,1.37,1.37
2016.10.21 02:25:18.795,1.70553,1.70606,1.00,1.37
2016.10.21 02:25:20.293,1.70548,1.70598,1.37,1.00
2016.10.21 02:25:20.346,1.70548,1.70598,1.00,1.00
2016.10.21 02:25:20.396,1.70546,1.70598,1.87,1.00
2016.10.21 02:25:20.927,1.70548,1.70598,1.00,1.00
2016.10.21 02:25:21.248,1.7055,1.70598,1.00,1.00
2016.10.21 02:25:21.574,1.70546,1.70596,1.50,1.00
2016.10.21 02:25:21.625,1.70546,1.70596,1.12,1.00
2016.10.21 02:25:21.676,1.70546,1.70595,1.12,1.00
2016.10.21 02:25:21.727,1.70546,1.70595,1.00,1.12
2016.10.21 02:25:21.778,1.7054,1.70595,1.00,1.12
2016.10.21 02:25:21.881,1.70538,1.70587,1.50,1.00
2016.10.21 02:25:21.932,1.70538,1.70579,1.37,1.00
2016.10.21 02:25:22.000,1.70538,1.70578,1.00,1.00
2016.10.21 02:25:22.052,1.70538,1.70575,1.00,1.37
2016.10.21 02:25:22.103,1.70522,1.70574,1.37,1.00
2016.10.21 02:25:22.404,1.70522,1.70575,1.00,1.12
2016.10.21 02:25:22.729,1.70521,1.70574,1.00,1.00
2016.10.21 02:25:23.261,1.70519,1.70574,1.12,1.00
2016.10.21 02:25:23.892,1.70519,1.70568,1.12,1.00
2016.10.21 02:25:23.943,1.70517,1.70568,1.00,1.00
2016.10.21 02:25:24.008,1.70517,1.70568,1.00,1.00
2016.10.21 02:25:25.186,1.70517,1.70568,1.00,1.00
2016.10.21 02:25:25.237,1.70517,1.70568,1.12,1.00
2016.10.21 02:25:27.011,1.70517,1.70568,1.00,1.00
2016.10.21 02:25:27.112,1.70515,1.70568,1.12,1.00
2016.10.21 02:25:27.214,1.70517,1.70569,1.37,1.00
2016.10.21 02:25:27.265,1.70515,1.70568,1.37,1.00
2016.10.21 02:25:27.828,1.70517,1.70568,1.37,1.00
2016.10.21 02:25:27.879,1.70523,1.70578,1.00,1.87
2016.10.21 02:25:27.981,1.70524,1.70578,1.00,1.37
2016.10.21 02:25:28.032,1.70524,1.70578,1.00,1.12
2016.10.21 02:25:28.133,1.70524,1.70578,1.00,1.00
2016.10.21 02:25:28.766,1.70527,1.70578,1.00,1.00
2016.10.21 02:25:29.076,1.70526,1.70578,1.00,1.50
2016.10.21 02:25:30.218,1.70524,1.70578,1.12,1.00
2016.10.21 02:25:30.630,1.70523,1.70578,1.37,1.50
2016.10.21 02:25:30.731,1.70523,1.70578,1.00,1.50
2016.10.21 02:25:30.782,1.70521,1.70576,1.12,1.00
2016.10.21 02:25:30.833,1.70521,1.70576,1.00,1.00
2016.10.21 02:25:30.985,1.70518,1.70572,1.87,1.00
2016.10.21 02:25:31.036,1.70518,1.70572,1.50,1.00
2016.10.21 02:25:31.138,1.70518,1.70572,1.87,1.00
2016.10.21 02:25:31.679,1.70521,1.70574,1.00,1.00
2016.10.21 02:25:38.129,1.70519,1.70573,1.37,1.00
2016.10.21 02:25:39.247,1.70519,1.70573,1.00,1.00
2016.10.21 02:25:39.748,1.7052,1.70573,1.00,1.00
2016.10.21 02:25:40.707,1.70515,1.70568,1.12,1.00
2016.10.21 02:25:40.758,1.70518,1.70571,1.00,1.00
2016.10.21 02:25:40.809,1.70519,1.70574,1.50,1.37
2016.10.21 02:25:40.861,1.70519,1.70574,1.50,1.00
2016.10.21 02:25:41.019,1.70522,1.70575,1.00,1.00
2016.10.21 02:25:41.222,1.70522,1.70577,1.00,1.00
2016.10.21 02:25:41.649,1.70533,1.7058,1.00,1.37
2016.10.21 02:25:41.700,1.70533,1.70587,1.00,1.00
2016.10.21 02:25:41.750,1.70533,1.70585,1.00,1.00
2016.10.21 02:25:42.096,1.70528,1.70581,1.00,1.00
2016.10.21 02:25:42.431,1.70526,1.70581,1.12,1.00
2016.10.21 02:25:42.482,1.70525,1.7058,1.87,1.00
2016.10.21 02:25:42.583,1.70525,1.7058,1.50,1.00
2016.10.21 02:25:42.876,1.70525,1.70579,1.87,1.00
2016.10.21 02:25:43.681,1.70525,1.7058,1.87,1.00
2016.10.21 02:25:44.093,1.70525,1.70578,1.50,1.00
2016.10.21 02:25:44.144,1.70523,1.70576,1.00,1.00
2016.10.21 02:25:44.470,1.70521,1.70576,1.37,1.00
2016.10.21 02:25:44.573,1.70521,1.70576,1.12,1.00
2016.10.21 02:25:44.923,1.70523,1.70576,1.00,1.00
2016.10.21 02:25:47.793,1.70524,1.70577,1.00,1.00
2016.10.21 02:25:47.844,1.7052,1.70576,1.37,1.00
2016.10.21 02:25:47.895,1.70521,1.70574,1.50,1.00
2016.10.21 02:25:47.988,1.70518,1.70571,1.00,1.00
2016.10.21 02:25:48.040,1.70518,1.70573,1.00,1.00
2016.10.21 02:25:48.091,1.70518,1.70573,1.12,1.00
2016.10.21 02:25:48.193,1.70518,1.70569,1.00,1.00
2016.10.21 02:25:48.394,1.70518,1.70569,1.37,1.00
2016.10.21 02:25:48.795,1.7052,1.70568,1.00,1.00
2016.10.21 02:25:49.312,1.70519,1.70568,1.00,1.00
2016.10.21 02:25:50.089,1.70519,1.70572,1.00,1.00
2016.10.21 02:25:50.191,1.70518,1.70574,1.00,1.00
2016.10.21 02:25:50.648,1.70518,1.70573,1.00,1.87
2016.10.21 02:25:50.699,1.70511,1.70566,1.87,1.00
2016.10.21 02:25:50.801,1.70511,1.70564,1.87,1.00
2016.10.21 02:25:51.224,1.70513,1.70566,1.00,1.00
2016.10.21 02:25:51.744,1.70512,1.70565,1.00,1.00
2016.10.21 02:25:52.229,1.70511,1.70564,1.00,1.00
2016.10.21 02:25:52.280,1.70511,1.70564,1.50,1.00
2016.10.21 02:25:53.077,1.70511,1.70563,1.00,1.00
2016.10.21 02:25:53.603,1.70511,1.70564,1.50,1.00
2016.10.21 02:25:54.120,1.70511,1.70561,1.00,1.00
2016.10.21 02:25:54.221,1.70509,1.70564,1.00,1.00
2016.10.21 02:25:54.474,1.70525,1.70567,1.00,1.37
2016.10.21 02:25:54.525,1.70526,1.70572,1.00,1.75
2016.10.21 02:25:54.625,1.7052,1.70573,1.00,1.00
2016.10.21 02:25:55.353,1.70545,1.70572,1.12,1.00
2016.10.21 02:25:55.404,1.70546,1.70589,1.00,1.00
2016.10.21 02:25:55.455,1.70545,1.70589,1.12,1.50
2016.10.21 02:25:55.506,1.70545,1.70589,1.12,1.00
2016.10.21 02:25:55.557,1.70539,1.70589,1.75,1.00
2016.10.21 02:25:55.608,1.70545,1.70589,1.00,1.50
2016.10.21 02:25:55.659,1.70547,1.70589,1.00,2.25
2016.10.21 02:25:55.710,1.70545,1.70589,1.00,2.25
2016.10.21 02:25:55.761,1.70544,1.70591,1.00,2.25
2016.10.21 02:25:55.812,1.70539,1.70591,1.00,1.87
2016.10.21 02:25:55.863,1.70539,1.70588,1.00,1.37
2016.10.21 02:25:55.914,1.70537,1.70588,1.00,1.87
2016.10.21 02:25:56.066,1.70537,1.70588,1.00,1.37
2016.10.21 02:25:56.494,1.70539,1.70588,1.00,1.37
2016.10.21 02:25:56.770,1.70537,1.70586,1.00,1.12
2016.10.21 02:25:56.821,1.70545,1.70586,1.00,1.37
2016.10.21 02:25:56.872,1.70545,1.70588,1.00,1.87
2016.10.21 02:25:56.923,1.70549,1.70588,1.00,1.00
2016.10.21 02:25:56.974,1.70551,1.70598,1.00,1.75
2016.10.21 02:25:57.025,1.70545,1.70598,1.00,2.62
2016.10.21 02:25:57.076,1.70544,1.70594,1.00,1.37
2016.10.21 02:25:57.128,1.70542,1.70594,1.00,2.62
2016.10.21 02:25:57.229,1.70542,1.70593,1.00,1.87
2016.10.21 02:25:57.559,1.70544,1.70597,1.00,1.87
2016.10.21 02:25:57.610,1.70543,1.70589,1.00,1.12
2016.10.21 02:25:57.914,1.70543,1.70589,1.00,1.00
2016.10.21 02:25:58.698,1.70544,1.70588,1.00,1.00
2016.10.21 02:25:59.221,1.70543,1.70588,1.00,1.00
2016.10.21 02:25:59.476,1.70541,1.70588,1.00,1.00
2016.10.21 02:26:00.005,1.70542,1.70588,1.00,1.00
2016.10.21 02:26:00.373,1.70549,1.70589,1.00,1.00
2016.10.21 02:26:01.071,1.70546,1.70589,1.00,1.00
2016.10.21 02:26:01.122,1.70543,1.70589,1.00,1.00
2016.10.21 02:26:01.501,1.70541,1.70588,1.00,1.00
2016.10.21 02:26:02.133,1.70541,1.70588,1.00,1.37
2016.10.21 02:26:02.647,1.70541,1.70589,1.00,1.00
2016.10.21 02:26:03.317,1.70541,1.70589,1.00,1.12
2016.10.21 02:26:04.175,1.70541,1.70588,1.00,1.00
2016.10.21 02:26:08.253,1.70538,1.70588,1.00,1.00
2016.10.21 02:26:08.900,1.70538,1.70589,1.00,1.12
2016.10.21 02:26:09.128,1.70538,1.70589,1.00,1.00
2016.10.21 02:26:09.382,1.70541,1.70588,1.00,1.00
2016.10.21 02:26:10.396,1.70542,1.70588,1.00,1.00
2016.10.21 02:26:13.346,1.70543,1.70588,1.00,1.00
2016.10.21 02:26:14.329,1.70542,1.70588,1.00,1.00
2016.10.21 02:26:14.906,1.70539,1.70588,1.00,1.00
2016.10.21 02:26:15.429,1.70544,1.70588,1.00,1.00
2016.10.21 02:26:15.480,1.70546,1.70596,1.00,1.37
2016.10.21 02:26:15.582,1.70547,1.70602,1.00,1.37
2016.10.21 02:26:15.633,1.70549,1.70602,1.00,1.37
2016.10.21 02:26:15.785,1.7055,1.70598,1.00,1.00
2016.10.21 02:26:15.887,1.70547,1.70598,1.00,1.00
2016.10.21 02:26:16.039,1.70549,1.70598,1.00,1.00
2016.10.21 02:26:16.687,1.70549,1.70599,1.00,1.00
2016.10.21 02:26:16.890,1.70553,1.70603,1.00,1.12
2016.10.21 02:26:16.992,1.70555,1.70603,1.00,1.00
2016.10.21 02:26:17.043,1.70553,1.70607,1.00,1.37
2016.10.21 02:26:17.365,1.70555,1.70607,1.00,1.00
2016.10.21 02:26:17.722,1.70559,1.70608,1.00,1.00
2016.10.21 02:26:18.406,1.70561,1.70608,1.00,1.00
2016.10.21 02:26:18.457,1.70559,1.70608,1.00,1.00
2016.10.21 02:26:18.508,1.70562,1.70608,1.00,1.00
2016.10.21 02:26:18.559,1.7056,1.70608,1.00,1.00
2016.10.21 02:26:19.586,1.70563,1.70608,1.00,1.00
2016.10.21 02:26:20.166,1.70565,1.70608,1.00,1.00
2016.10.21 02:26:20.369,1.70563,1.70608,1.00,1.00
2016.10.21 02:26:20.419,1.70559,1.70609,1.00,1.00
2016.10.21 02:26:20.470,1.70557,1.70609,1.00,1.12
2016.10.21 02:26:20.521,1.70554,1.70609,1.50,1.87
2016.10.21 02:26:20.572,1.70554,1.70606,1.50,1.00
2016.10.21 02:26:20.894,1.70553,1.70604,1.00,1.50
2016.10.21 02:26:20.995,1.70551,1.70598,1.00,1.00
2016.10.21 02:26:21.123,1.70551,1.70604,1.00,1.50
2016.10.21 02:26:21.173,1.70551,1.70603,1.00,1.00
2016.10.21 02:26:21.224,1.70552,1.70598,1.00,1.00
2016.10.21 02:26:21.944,1.70553,1.70598,1.00,1.00
2016.10.21 02:26:22.273,1.70555,1.70598,1.00,1.00
2016.10.21 02:26:22.867,1.70555,1.70599,1.00,1.00
2016.10.21 02:26:23.390,1.70555,1.70598,1.00,1.00
2016.10.21 02:26:24.502,1.70557,1.70598,1.00,1.00
2016.10.21 02:26:25.025,1.70558,1.70598,1.00,1.00
2016.10.21 02:26:25.127,1.70561,1.70608,1.00,1.00
2016.10.21 02:26:25.509,1.70563,1.70608,1.00,1.00
2016.10.21 02:26:25.958,1.70561,1.70608,1.00,1.00
2016.10.21 02:26:26.008,1.70557,1.70608,1.00,1.00
2016.10.21 02:26:26.110,1.70555,1.70608,1.00,1.00
2016.10.21 02:26:26.695,1.70561,1.70598,1.00,1.00
2016.10.21 02:26:26.999,1.70563,1.70599,1.00,1.00
2016.10.21 02:26:27.518,1.70563,1.70609,1.00,1.00
2016.10.21 02:26:27.671,1.70561,1.70609,1.00,1.00
2016.10.21 02:26:27.721,1.70557,1.70609,1.00,1.00
2016.10.21 02:26:27.924,1.70555,1.70607,1.00,1.00
2016.10.21 02:26:28.775,1.70553,1.70607,1.00,1.00
2016.10.21 02:26:29.746,1.70554,1.70608,1.00,1.50
2016.10.21 02:26:29.925,1.70553,1.70607,1.00,1.00
2016.10.21 02:26:29.975,1.70553,1.70605,1.00,1.00
2016.10.21 02:26:30.026,1.70551,1.70605,1.00,1.00
2016.10.21 02:26:30.128,1.70551,1.70603,1.00,1.00
2016.10.21 02:26:30.229,1.70548,1.70596,1.00,1.00
2016.10.21 02:26:30.280,1.70542,1.70593,1.00,1.00
2016.10.21 02:26:30.331,1.70539,1.70589,1.00,1.00
2016.10.21 02:26:30.432,1.70547,1.70593,1.00,1.00
2016.10.21 02:26:31.130,1.7055,1.70598,1.00,1.00
2016.10.21 02:26:31.181,1.70543,1.70598,1.00,1.50
2016.10.21 02:26:31.487,1.70547,1.70598,1.00,1.00
2016.10.21 02:26:31.538,1.70545,1.70599,1.00,1.00
2016.10.21 02:26:31.741,1.70544,1.70598,1.00,1.37
2016.10.21 02:26:32.058,1.70541,1.70595,1.00,1.00
2016.10.21 02:26:32.431,1.70544,1.70596,1.00,1.00
2016.10.21 02:26:33.104,1.70543,1.70595,1.00,1.00
2016.10.21 02:26:34.927,1.70542,1.70594,1.00,1.00
2016.10.21 02:26:35.232,1.70539,1.70593,1.00,1.00
2016.10.21 02:26:35.880,1.70536,1.7059,1.50,1.00
2016.10.21 02:26:35.931,1.70538,1.7059,1.00,1.00
2016.10.21 02:26:36.134,1.70538,1.70591,1.00,1.12
2016.10.21 02:26:36.286,1.70536,1.70589,1.00,1.00
2016.10.21 02:26:36.913,1.70539,1.70589,1.00,1.00
2016.10.21 02:26:37.015,1.7054,1.70592,1.00,1.37
2016.10.21 02:26:37.300,1.70543,1.70591,1.00,1.12
2016.10.21 02:26:37.351,1.70543,1.70592,1.00,1.00
2016.10.21 02:26:37.655,1.7054,1.70592,1.50,1.00
2016.10.21 02:26:37.706,1.7054,1.70592,1.50,1.00
2016.10.21 02:26:37.928,1.70541,1.70592,1.00,1.00
2016.10.21 02:26:40.068,1.70541,1.70589,1.00,1.00
2016.10.21 02:26:40.119,1.70541,1.70589,1.50,1.00
2016.10.21 02:26:40.170,1.70541,1.70592,1.50,1.00
2016.10.21 02:26:40.221,1.70546,1.70592,1.00,1.00
2016.10.21 02:26:40.374,1.70546,1.70598,1.00,1.00
2016.10.21 02:26:40.425,1.70548,1.70598,1.50,1.00
2016.10.21 02:26:40.476,1.70548,1.70599,1.50,2.25
2016.10.21 02:26:40.527,1.70548,1.70598,1.50,1.12
2016.10.21 02:26:40.629,1.70548,1.70598,1.00,1.12
2016.10.21 02:26:41.055,1.70553,1.70599,1.00,2.25
2016.10.21 02:26:41.483,1.70554,1.70599,1.00,1.50
2016.10.21 02:26:41.534,1.70556,1.70599,1.00,1.00
2016.10.21 02:26:41.585,1.70556,1.70608,1.00,2.25
2016.10.21 02:26:41.636,1.70556,1.70598,1.00,1.00
2016.10.21 02:26:42.115,1.70563,1.70608,1.00,1.00
2016.10.21 02:26:42.637,1.70565,1.70609,1.00,1.00
2016.10.21 02:26:43.031,1.7057,1.70608,1.00,1.00
2016.10.21 02:26:43.358,1.70574,1.70608,1.00,1.00
2016.10.21 02:26:43.563,1.70574,1.70618,1.00,1.50
2016.10.21 02:26:43.613,1.70574,1.70618,1.00,1.00
2016.10.21 02:26:43.766,1.70574,1.70618,1.00,1.50
2016.10.21 02:26:43.816,1.70574,1.70618,1.00,1.00
2016.10.21 02:26:44.238,1.70576,1.70618,1.00,1.00
2016.10.21 02:26:44.575,1.70575,1.70609,1.00,1.00
2016.10.21 02:26:45.647,1.70579,1.70618,1.00,1.00
2016.10.21 02:26:45.850,1.70588,1.70625,1.00,1.50
2016.10.21 02:26:45.901,1.70588,1.70625,1.00,1.00
2016.10.21 02:26:46.002,1.70589,1.70628,1.00,1.00
2016.10.21 02:26:46.379,1.70592,1.70628,1.00,1.00
2016.10.21 02:26:46.583,1.70592,1.70637,1.00,1.00
2016.10.21 02:26:46.786,1.70591,1.70629,1.00,1.00
2016.10.21 02:26:47.315,1.70593,1.70637,1.00,1.00
2016.10.21 02:26:47.366,1.706,1.70639,1.00,1.00
2016.10.21 02:26:47.468,1.706,1.70645,1.00,1.00
2016.10.21 02:26:47.966,1.70603,1.70645,1.00,1.00
2016.10.21 02:26:48.819,1.70603,1.70649,1.00,1.00
2016.10.21 02:26:49.054,1.706,1.7065,1.00,1.00
2016.10.21 02:26:49.155,1.706,1.7065,1.00,1.00
2016.10.21 02:26:49.281,1.706,1.70648,1.00,1.00
2016.10.21 02:26:49.697,1.706,1.70638,1.00,1.00
2016.10.21 02:26:49.748,1.70592,1.70638,1.37,1.00
2016.10.21 02:26:49.799,1.70592,1.70638,1.00,1.00
2016.10.21 02:26:50.243,1.70591,1.70641,1.00,1.00
2016.10.21 02:26:50.644,1.70591,1.70639,1.00,1.00
2016.10.21 02:26:51.161,1.70591,1.70638,1.00,1.00
2016.10.21 02:26:51.708,1.70591,1.70639,1.00,1.00
2016.10.21 02:26:53.753,1.70591,1.70641,1.00,1.00
2016.10.21 02:26:54.319,1.70591,1.70639,1.00,1.00
2016.10.21 02:26:54.746,1.70593,1.70639,1.50,1.00
2016.10.21 02:26:54.797,1.70596,1.70648,1.00,1.12
2016.10.21 02:26:54.848,1.70597,1.70649,1.00,1.87
2016.10.21 02:26:55.690,1.70597,1.70649,1.50,1.87
2016.10.21 02:26:55.741,1.706,1.70649,1.00,1.87
2016.10.21 02:26:55.792,1.706,1.70648,1.00,1.12
2016.10.21 02:26:55.843,1.706,1.70648,1.00,1.00
2016.10.21 02:26:56.180,1.70598,1.70648,1.00,1.00
2016.10.21 02:26:56.829,1.70598,1.70648,1.50,1.00
2016.10.21 02:26:56.930,1.70598,1.70648,1.00,1.00
2016.10.21 02:26:56.981,1.70596,1.70648,1.12,1.00
2016.10.21 02:26:57.083,1.70598,1.70648,1.00,1.00
2016.10.21 02:26:57.706,1.70599,1.70649,1.00,1.37
2016.10.21 02:26:57.927,1.70599,1.70653,1.00,1.87
2016.10.21 02:26:58.028,1.70599,1.70649,1.00,1.37
2016.10.21 02:26:58.305,1.70599,1.70649,1.00,1.00
2016.10.21 02:26:59.170,1.706,1.70656,1.00,1.37
2016.10.21 02:26:59.322,1.706,1.70656,1.12,1.12
2016.10.21 02:26:59.373,1.70606,1.70656,1.00,1.12
2016.10.21 02:26:59.424,1.70606,1.70656,1.00,1.00
2016.10.21 02:26:59.526,1.70606,1.70658,1.00,1.00
2016.10.21 02:26:59.577,1.70608,1.70658,1.00,1.00
2016.10.21 02:27:00.182,1.70611,1.70666,1.00,1.37
2016.10.21 02:27:00.232,1.70611,1.70666,1.00,1.12
2016.10.21 02:27:00.539,1.70614,1.70666,1.00,1.12
2016.10.21 02:27:00.716,1.70614,1.70668,1.00,1.75
2016.10.21 02:27:00.767,1.70614,1.70668,1.00,1.37
2016.10.21 02:27:00.948,1.70617,1.70668,1.00,1.12
2016.10.21 02:27:01.423,1.70617,1.70668,1.00,1.00
2016.10.21 02:27:01.756,1.70622,1.70668,1.00,1.00
2016.10.21 02:27:02.543,1.70623,1.70668,1.00,1.00
2016.10.21 02:27:02.594,1.70621,1.70668,1.00,1.00
2016.10.21 02:27:03.477,1.70621,1.70679,1.00,1.37
2016.10.21 02:27:03.880,1.70621,1.70679,1.00,1.12
2016.10.21 02:27:03.931,1.70624,1.70679,1.00,1.12
2016.10.21 02:27:04.059,1.70623,1.70678,1.12,1.00
2016.10.21 02:27:04.231,1.70623,1.70678,1.00,1.12
2016.10.21 02:27:04.332,1.70623,1.70678,1.12,1.00
2016.10.21 02:27:04.485,1.70623,1.70679,1.12,1.12
2016.10.21 02:27:05.486,1.70623,1.70678,1.12,1.00
2016.10.21 02:27:06.260,1.70623,1.70679,1.00,1.37
2016.10.21 02:27:06.681,1.70623,1.70679,1.00,1.12
2016.10.21 02:27:06.951,1.70623,1.70678,1.00,1.00
2016.10.21 02:27:07.494,1.70623,1.70668,1.00,1.00
2016.10.21 02:27:07.545,1.70623,1.70678,1.12,1.00
2016.10.21 02:27:07.596,1.70622,1.70678,1.87,1.00
2016.10.21 02:27:07.647,1.70626,1.70679,1.87,1.00
2016.10.21 02:27:07.699,1.70627,1.70679,1.37,1.00
2016.10.21 02:27:07.750,1.70628,1.70687,1.87,1.12
2016.10.21 02:27:07.802,1.70632,1.70687,1.37,1.12
2016.10.21 02:27:07.955,1.70632,1.70678,1.37,1.00
2016.10.21 02:27:08.061,1.70632,1.70679,1.00,1.00
2016.10.21 02:27:08.427,1.70632,1.70668,1.00,1.00
2016.10.21 02:27:08.540,1.70619,1.70668,1.00,1.12
2016.10.21 02:27:09.076,1.70618,1.70669,1.00,1.00
2016.10.21 02:27:09.617,1.70619,1.70669,1.00,1.50
2016.10.21 02:27:09.668,1.7062,1.70669,1.00,1.00
2016.10.21 02:27:09.770,1.70618,1.70669,1.00,1.00
2016.10.21 02:27:10.381,1.70622,1.70669,1.37,1.00
2016.10.21 02:27:10.453,1.70625,1.70669,1.00,1.00
2016.10.21 02:27:10.921,1.70621,1.70669,1.37,1.00
2016.10.21 02:27:10.971,1.70621,1.70669,1.00,1.00
2016.10.21 02:27:11.023,1.7062,1.70669,1.12,1.00
2016.10.21 02:27:11.074,1.7062,1.70669,1.00,1.12
2016.10.21 02:27:11.175,1.7062,1.70669,1.00,1.37
2016.10.21 02:27:11.543,1.70622,1.70669,1.00,1.37
2016.10.21 02:27:11.978,1.70617,1.70659,1.00,1.00
2016.10.21 02:27:12.723,1.70618,1.70668,1.00,1.37
2016.10.21 02:27:13.262,1.70619,1.70668,1.00,1.37
2016.10.21 02:27:13.493,1.70622,1.70668,1.00,1.12
2016.10.21 02:27:13.778,1.70622,1.70668,1.00,1.37
2016.10.21 02:27:13.829,1.7062,1.70668,1.00,1.37
2016.10.21 02:27:13.880,1.70622,1.70668,1.00,1.37
2016.10.21 02:27:13.981,1.7062,1.70668,1.00,1.37
2016.10.21 02:27:14.526,1.70621,1.70668,1.00,1.37
2016.10.21 02:27:15.653,1.70622,1.70668,1.00,1.37
2016.10.21 02:27:16.876,1.70622,1.70668,1.00,1.00
2016.10.21 02:27:16.927,1.70619,1.70668,1.00,1.00
2016.10.21 02:27:16.978,1.7062,1.70668,1.00,1.37
2016.10.21 02:27:17.520,1.70619,1.70669,1.00,1.37
2016.10.21 02:27:17.571,1.70623,1.70669,1.00,1.00
2016.10.21 02:27:18.120,1.70624,1.70669,1.00,1.00
2016.10.21 02:27:20.529,1.70623,1.70669,1.00,1.00
2016.10.21 02:27:21.347,1.70621,1.70669,1.00,1.00
2016.10.21 02:27:21.399,1.70616,1.70668,1.00,1.00
2016.10.21 02:27:21.450,1.70612,1.70664,1.37,1.00
2016.10.21 02:27:21.501,1.70612,1.7066,1.00,1.00
2016.10.21 02:27:21.603,1.70612,1.70658,1.00,1.37
2016.10.21 02:27:21.653,1.70605,1.70657,1.37,1.12
2016.10.21 02:27:21.704,1.70606,1.70657,1.00,1.00
2016.10.21 02:27:22.253,1.70605,1.70656,1.00,1.00
2016.10.21 02:27:22.783,1.70604,1.70655,1.00,1.00
2016.10.21 02:27:24.335,1.70603,1.70655,1.00,1.00
2016.10.21 02:27:25.029,1.70604,1.70655,1.00,1.12
2016.10.21 02:27:25.820,1.70604,1.70655,1.00,1.37
2016.10.21 02:27:27.796,1.70604,1.70655,1.00,1.12
2016.10.21 02:27:27.974,1.70609,1.70659,1.00,1.37
2016.10.21 02:27:28.025,1.70613,1.70659,1.00,1.12
2016.10.21 02:27:28.076,1.70614,1.70658,1.00,1.00
2016.10.21 02:27:28.580,1.70615,1.70658,1.00,1.00
2016.10.21 02:27:28.969,1.70623,1.70658,1.00,1.00
2016.10.21 02:27:29.043,1.70626,1.7067,1.00,1.12
2016.10.21 02:27:29.094,1.70628,1.70672,1.00,1.75
2016.10.21 02:27:29.145,1.70623,1.70674,1.00,1.37
2016.10.21 02:27:29.843,1.70621,1.70674,1.00,1.37
2016.10.21 02:27:29.912,1.70628,1.70678,1.00,2.25
2016.10.21 02:27:30.013,1.70628,1.70678,1.00,1.75
2016.10.21 02:27:30.906,1.70629,1.70679,1.00,1.75
2016.10.21 02:27:30.957,1.70632,1.70679,1.00,1.75
2016.10.21 02:27:31.007,1.70634,1.70684,1.00,1.37
2016.10.21 02:27:31.058,1.70634,1.70687,1.00,1.87
2016.10.21 02:27:31.422,1.70636,1.70687,1.00,1.87
2016.10.21 02:27:31.524,1.70634,1.70687,1.00,1.87
2016.10.21 02:27:31.575,1.70635,1.70687,1.00,1.37
2016.10.21 02:27:32.527,1.70634,1.70678,1.00,1.00
2016.10.21 02:27:32.730,1.70629,1.70679,1.00,1.00
2016.10.21 02:27:33.034,1.70627,1.70679,1.00,1.37
2016.10.21 02:27:33.415,1.70626,1.70679,1.00,3.37
2016.10.21 02:27:33.496,1.70626,1.70678,1.00,1.37
2016.10.21 02:27:33.547,1.70626,1.70676,1.00,1.37
2016.10.21 02:27:33.599,1.70624,1.70675,1.00,1.37
2016.10.21 02:27:33.935,1.70626,1.70677,1.00,1.37
2016.10.21 02:27:34.565,1.70628,1.70677,1.00,1.37
2016.10.21 02:27:34.616,1.70628,1.70678,1.50,1.00
2016.10.21 02:27:37.323,1.70628,1.70678,1.00,1.00
2016.10.21 02:27:37.821,1.7063,1.70678,1.00,1.00
2016.10.21 02:27:37.932,1.70626,1.70679,1.00,3.37
2016.10.21 02:27:37.984,1.70624,1.70673,1.00,1.00
2016.10.21 02:27:38.035,1.70624,1.70669,1.00,1.50
2016.10.21 02:27:38.086,1.70624,1.70666,1.00,1.00
2016.10.21 02:27:38.188,1.70615,1.70668,1.00,1.00
2016.10.21 02:27:38.539,1.70615,1.70666,1.00,1.00
2016.10.21 02:27:39.128,1.70616,1.70667,1.00,1.00
2016.10.21 02:27:39.674,1.70617,1.70668,1.00,1.00
2016.10.21 02:27:41.460,1.70617,1.70668,1.00,1.37
2016.10.21 02:27:42.375,1.70617,1.70668,1.00,1.00
2016.10.21 02:27:42.427,1.70617,1.7067,1.00,1.00
2016.10.21 02:27:45.378,1.70615,1.70666,1.00,1.00
2016.10.21 02:27:45.429,1.70613,1.70666,1.12,1.00
2016.10.21 02:27:46.026,1.70615,1.70666,1.00,1.00
2016.10.21 02:27:46.551,1.70614,1.70667,1.00,1.00
2016.10.21 02:27:46.877,1.70612,1.70663,1.00,1.00
2016.10.21 02:27:47.453,1.7061,1.70661,1.00,1.00
2016.10.21 02:27:48.250,1.70609,1.70662,1.87,1.00
2016.10.21 02:27:48.580,1.70609,1.7066,1.50,1.00
2016.10.21 02:27:48.631,1.70609,1.7066,1.00,1.00
2016.10.21 02:27:49.145,1.70608,1.70659,1.00,1.00
2016.10.21 02:27:49.427,1.70608,1.70659,1.00,1.50
2016.10.21 02:27:49.650,1.70609,1.70659,1.00,1.00
2016.10.21 02:27:50.040,1.70609,1.70659,1.00,1.37
2016.10.21 02:27:50.092,1.70608,1.70661,1.00,1.37
2016.10.21 02:27:50.143,1.70608,1.70659,1.00,1.37
2016.10.21 02:27:50.245,1.70608,1.70659,1.00,1.87
2016.10.21 02:27:50.397,1.70608,1.70659,1.00,1.50
2016.10.21 02:27:50.448,1.70608,1.70658,1.00,1.00
2016.10.21 02:27:51.634,1.70606,1.70657,1.00,1.00
2016.10.21 02:27:52.806,1.70607,1.70658,1.00,1.00
2016.10.21 02:27:52.908,1.70607,1.70658,1.00,1.50
2016.10.21 02:27:53.131,1.70604,1.70655,1.37,1.00
2016.10.21 02:27:53.182,1.70604,1.70655,1.00,1.00
2016.10.21 02:27:53.335,1.70603,1.70654,1.12,1.00
2016.10.21 02:27:53.438,1.70603,1.70656,1.12,1.00
2016.10.21 02:27:54.227,1.70603,1.70656,1.00,1.12
2016.10.21 02:27:54.278,1.70602,1.70653,1.00,1.00
2016.10.21 02:27:54.329,1.70598,1.70651,1.37,1.00
2016.10.21 02:27:54.533,1.70599,1.70652,1.12,1.00
2016.10.21 02:27:54.893,1.706,1.70653,1.00,1.00
2016.10.21 02:27:54.945,1.70598,1.70651,1.37,1.00
2016.10.21 02:27:55.144,1.70598,1.70651,1.87,1.00
2016.10.21 02:27:55.327,1.70598,1.70651,1.37,1.00
2016.10.21 02:27:56.052,1.706,1.70651,1.00,1.00
2016.10.21 02:27:57.577,1.70601,1.70652,1.00,1.00
2016.10.21 02:28:01.137,1.70599,1.7065,1.00,1.00
2016.10.21 02:28:01.861,1.706,1.70652,1.00,1.00
2016.10.21 02:28:02.945,1.70602,1.70652,1.00,1.00
2016.10.21 02:28:04.769,1.706,1.70652,1.12,1.00
2016.10.21 02:28:06.148,1.706,1.70652,1.00,1.12
2016.10.21 02:28:07.116,1.70601,1.70652,1.00,1.50
2016.10.21 02:28:07.167,1.70601,1.70652,1.12,1.50
2016.10.21 02:28:07.218,1.706,1.70651,1.37,1.00
2016.10.21 02:28:07.269,1.70602,1.70652,1.00,1.50
2016.10.21 02:28:07.319,1.70602,1.70654,1.00,1.00
2016.10.21 02:28:07.471,1.70602,1.70651,1.37,1.00
2016.10.21 02:28:07.573,1.706,1.7065,1.37,1.00
2016.10.21 02:28:08.047,1.706,1.70649,1.87,1.00
2016.10.21 02:28:08.149,1.706,1.70649,1.00,1.00
2016.10.21 02:28:08.200,1.70597,1.70648,1.75,1.00
2016.10.21 02:28:08.251,1.70596,1.70648,1.37,1.00
2016.10.21 02:28:08.577,1.70595,1.70648,1.12,1.00
2016.10.21 02:28:09.183,1.70594,1.70647,1.12,1.00
2016.10.21 02:28:10.076,1.70596,1.70647,1.12,1.00
2016.10.21 02:28:10.368,1.70595,1.70646,1.37,1.00
2016.10.21 02:28:11.350,1.70595,1.70646,1.12,1.00
2016.10.21 02:28:11.673,1.70595,1.70646,1.37,1.00
2016.10.21 02:28:13.024,1.70596,1.70647,1.37,1.00
2016.10.21 02:28:15.368,1.70596,1.70647,1.00,1.00
2016.10.21 02:28:19.112,1.70594,1.70646,1.00,1.00
2016.10.21 02:28:19.178,1.70593,1.70646,1.50,1.00
2016.10.21 02:28:20.307,1.70595,1.70646,1.00,1.00
2016.10.21 02:28:21.124,1.706,1.70653,1.00,1.37
2016.10.21 02:28:21.175,1.70601,1.70655,1.00,1.00
2016.10.21 02:28:21.574,1.70602,1.70656,1.00,1.87
2016.10.21 02:28:21.625,1.70604,1.70655,1.00,1.00
2016.10.21 02:28:22.128,1.70603,1.70654,1.00,1.00
2016.10.21 02:28:22.229,1.706,1.7065,1.12,1.00
2016.10.21 02:28:22.281,1.706,1.70651,1.00,1.00
2016.10.21 02:28:22.332,1.706,1.70653,1.00,1.37
2016.10.21 02:28:22.383,1.706,1.70653,1.12,1.00
2016.10.21 02:28:23.107,1.70601,1.70653,1.00,1.00
2016.10.21 02:28:23.967,1.70599,1.7065,1.37,1.00
2016.10.21 02:28:24.251,1.706,1.70653,1.00,1.00
2016.10.21 02:28:24.782,1.70601,1.70654,1.00,1.00
2016.10.21 02:28:24.929,1.70598,1.70654,1.87,1.00
2016.10.21 02:28:24.979,1.70599,1.70652,1.00,1.37
2016.10.21 02:28:25.081,1.70601,1.70652,1.00,1.37
2016.10.21 02:28:25.195,1.70601,1.70652,1.00,1.00
2016.10.21 02:28:25.246,1.70601,1.70654,1.00,1.00
2016.10.21 02:28:26.101,1.70601,1.70654,1.00,1.12
2016.10.21 02:28:26.202,1.70601,1.70654,1.00,1.00
2016.10.21 02:28:26.405,1.70605,1.70656,1.00,1.87
2016.10.21 02:28:26.506,1.70604,1.70655,1.12,1.00
2016.10.21 02:28:26.608,1.70604,1.70657,1.12,1.00
2016.10.21 02:28:26.991,1.70599,1.7065,4.12,1.00
2016.10.21 02:28:27.042,1.70599,1.7065,1.87,1.00
2016.10.21 02:28:27.093,1.70599,1.7065,1.37,1.00
2016.10.21 02:28:27.144,1.70599,1.70648,1.37,1.00
2016.10.21 02:28:27.296,1.70599,1.70649,1.12,1.00
2016.10.21 02:28:27.347,1.70599,1.70649,1.12,1.50
2016.10.21 02:28:27.397,1.70599,1.70649,1.00,1.50
2016.10.21 02:28:27.448,1.70599,1.70648,1.00,1.00
2016.10.21 02:28:28.481,1.706,1.70648,1.00,1.00
2016.10.21 02:28:28.531,1.70604,1.70655,1.00,1.87
2016.10.21 02:28:28.600,1.70608,1.70655,1.37,1.00
2016.10.21 02:28:28.651,1.70609,1.70659,1.12,1.75
2016.10.21 02:28:28.702,1.70609,1.70659,1.00,1.37
2016.10.21 02:28:28.754,1.70608,1.70658,1.00,1.00
2016.10.21 02:28:28.856,1.70604,1.70654,1.37,1.00
2016.10.21 02:28:28.907,1.70604,1.70654,1.37,1.00
2016.10.21 02:28:29.520,1.70604,1.70654,1.12,1.00
2016.10.21 02:28:29.571,1.70608,1.70655,1.00,1.00
2016.10.21 02:28:29.774,1.70605,1.70655,1.12,1.00
2016.10.21 02:28:29.933,1.70605,1.70653,1.00,1.00
2016.10.21 02:28:30.238,1.706,1.70648,1.00,1.00
2016.10.21 02:28:30.564,1.70594,1.70647,1.00,1.00
2016.10.21 02:28:30.616,1.70593,1.70645,1.12,1.00
2016.10.21 02:28:31.229,1.70592,1.70643,1.00,1.00
2016.10.21 02:28:31.381,1.70591,1.70643,1.12,1.00
2016.10.21 02:28:31.433,1.70592,1.70645,1.00,1.00
2016.10.21 02:28:31.484,1.70594,1.70645,1.50,1.00
2016.10.21 02:28:31.772,1.70594,1.70645,1.00,1.00
2016.10.21 02:28:31.823,1.70591,1.70643,1.00,1.00
2016.10.21 02:28:31.874,1.70589,1.70642,1.37,1.00
2016.10.21 02:28:31.925,1.70588,1.70641,1.50,1.00
2016.10.21 02:28:32.027,1.70588,1.70641,1.87,1.00
2016.10.21 02:28:32.539,1.70588,1.7064,1.12,1.00
2016.10.21 02:28:32.590,1.70587,1.7064,1.87,1.00
2016.10.21 02:28:32.967,1.70587,1.7064,1.50,1.00
2016.10.21 02:28:33.020,1.70586,1.70639,1.87,1.00
2016.10.21 02:28:33.122,1.70586,1.70637,1.87,1.00
2016.10.21 02:28:33.430,1.70586,1.70637,1.12,1.00
2016.10.21 02:28:33.532,1.70586,1.70635,1.00,1.00
2016.10.21 02:28:33.615,1.70581,1.70632,1.00,1.00
2016.10.21 02:28:34.377,1.70582,1.70632,1.00,1.00
2016.10.21 02:28:34.880,1.70581,1.70632,1.00,1.00
2016.10.21 02:28:35.777,1.70582,1.70633,1.00,1.00
2016.10.21 02:28:35.828,1.70582,1.70633,1.37,1.00
2016.10.21 02:28:35.879,1.70583,1.70634,1.12,1.00
2016.10.21 02:28:37.100,1.70583,1.70634,1.00,1.00
2016.10.21 02:28:37.151,1.70581,1.70634,1.12,1.00
2016.10.21 02:28:38.272,1.70582,1.70634,1.00,1.00
2016.10.21 02:28:38.338,1.70584,1.70635,1.00,1.00
2016.10.21 02:28:38.700,1.70583,1.70636,1.12,1.00
2016.10.21 02:28:39.137,1.70583,1.70636,1.37,1.00
2016.10.21 02:28:39.973,1.70583,1.70636,1.00,1.00
2016.10.21 02:28:40.278,1.70581,1.70632,1.00,1.00
2016.10.21 02:28:41.428,1.70582,1.70633,1.00,1.00
2016.10.21 02:28:42.477,1.70584,1.70633,1.00,1.00
2016.10.21 02:28:43.375,1.70583,1.70634,1.00,1.00
2016.10.21 02:28:44.107,1.70583,1.70633,1.00,1.00
2016.10.21 02:28:44.775,1.70582,1.70633,1.00,1.00
2016.10.21 02:28:45.230,1.70581,1.70631,1.00,1.00
2016.10.21 02:28:45.280,1.7058,1.70631,1.50,1.00
2016.10.21 02:28:45.658,1.70581,1.70631,1.00,1.00
2016.10.21 02:28:45.760,1.70581,1.70633,1.00,1.00
2016.10.21 02:28:45.912,1.70584,1.70633,1.00,1.00
2016.10.21 02:28:45.963,1.70584,1.70633,1.12,1.00
2016.10.21 02:28:46.115,1.70582,1.70633,1.37,1.00
2016.10.21 02:28:48.939,1.70599,1.70646,1.00,1.50
2016.10.21 02:28:49.042,1.7061,1.70661,1.00,3.30
2016.10.21 02:28:49.093,1.70611,1.7066,1.00,1.12
2016.10.21 02:28:49.144,1.70611,1.7066,1.00,1.00
2016.10.21 02:28:49.246,1.70608,1.70661,1.87,1.00
2016.10.21 02:28:49.347,1.70608,1.70661,1.50,1.00
2016.10.21 02:28:49.449,1.7061,1.70661,1.00,1.00
2016.10.21 02:28:49.901,1.70611,1.70662,1.50,1.00
2016.10.21 02:28:49.953,1.70611,1.70661,1.00,1.00
2016.10.21 02:28:50.207,1.7061,1.70661,1.50,1.00
2016.10.21 02:28:50.884,1.7061,1.70661,1.00,1.00
2016.10.21 02:28:51.479,1.70611,1.70661,1.00,1.00
2016.10.21 02:28:52.234,1.7061,1.70661,1.00,1.00
2016.10.21 02:28:57.830,1.7061,1.70661,1.00,1.12
2016.10.21 02:28:57.963,1.70609,1.70659,1.00,1.00
2016.10.21 02:28:58.014,1.70607,1.70657,1.00,1.00
2016.10.21 02:28:58.065,1.70606,1.70657,1.50,1.00
2016.10.21 02:28:58.318,1.70606,1.70656,1.00,1.00
2016.10.21 02:28:58.954,1.70605,1.70656,1.00,1.00
2016.10.21 02:29:01.826,1.70605,1.70656,1.50,1.00
2016.10.21 02:29:02.171,1.70606,1.70657,1.00,1.00
2016.10.21 02:29:03.655,1.70606,1.70657,1.50,1.00
2016.10.21 02:29:07.676,1.70607,1.70658,1.00,1.00
2016.10.21 02:29:09.933,1.70608,1.70659,1.50,1.00
2016.10.21 02:29:13.149,1.70608,1.70656,1.00,1.00
2016.10.21 02:29:13.523,1.70602,1.70652,1.00,1.00
2016.10.21 02:29:13.986,1.70602,1.70653,1.50,1.00
2016.10.21 02:29:15.352,1.70603,1.70654,1.00,1.00
2016.10.21 02:29:15.731,1.70605,1.70656,1.00,1.00
2016.10.21 02:29:15.832,1.70605,1.70658,1.00,1.00
2016.10.21 02:29:15.934,1.70607,1.70659,1.00,1.00
2016.10.21 02:29:15.985,1.70607,1.7066,1.50,1.00
2016.10.21 02:29:16.308,1.70607,1.70658,1.50,1.00
2016.10.21 02:29:16.635,1.70607,1.70658,1.00,1.00
2016.10.21 02:29:20.251,1.70607,1.70659,1.00,1.00
2016.10.21 02:29:20.556,1.70607,1.70657,1.00,1.00
2016.10.21 02:29:20.607,1.70607,1.70661,1.87,1.00
2016.10.21 02:29:20.658,1.70614,1.70661,1.00,1.00
2016.10.21 02:29:20.709,1.70617,1.70661,1.37,1.00
2016.10.21 02:29:20.760,1.7062,1.70668,1.37,1.75
2016.10.21 02:29:20.811,1.7062,1.70671,1.12,1.00
2016.10.21 02:29:20.862,1.70624,1.70673,1.00,1.00
2016.10.21 02:29:21.240,1.7063,1.7068,1.00,1.12
2016.10.21 02:29:21.293,1.7063,1.70681,1.00,1.37
2016.10.21 02:29:21.343,1.70631,1.70682,1.00,1.00
2016.10.21 02:29:21.683,1.7063,1.70681,1.50,1.00
2016.10.21 02:29:21.734,1.7063,1.70681,1.00,1.00
2016.10.21 02:29:21.785,1.7063,1.70683,1.00,1.37
2016.10.21 02:29:21.836,1.7063,1.70682,1.12,1.00
2016.10.21 02:29:21.939,1.7063,1.70682,1.00,1.00
2016.10.21 02:29:21.990,1.7063,1.70683,1.50,1.00
2016.10.21 02:29:22.201,1.7063,1.70681,1.87,1.00
2016.10.21 02:29:22.825,1.7063,1.7068,1.00,1.00
2016.10.21 02:29:22.876,1.7063,1.70682,1.00,1.00
2016.10.21 02:29:22.927,1.7063,1.7068,1.00,1.00
2016.10.21 02:29:23.708,1.70631,1.70681,1.00,1.00
2016.10.21 02:29:23.760,1.70632,1.70683,1.00,1.00
2016.10.21 02:29:23.811,1.70631,1.70685,1.50,1.87
2016.10.21 02:29:23.913,1.70632,1.70683,1.00,1.00
2016.10.21 02:29:24.115,1.70632,1.70683,1.12,1.00
2016.10.21 02:29:24.227,1.70631,1.70682,1.50,1.00
2016.10.21 02:29:24.601,1.70632,1.70683,1.00,1.00
2016.10.21 02:29:24.652,1.70631,1.70682,1.50,1.00
2016.10.21 02:29:25.128,1.70632,1.70683,1.12,1.00
2016.10.21 02:29:25.425,1.70632,1.70684,1.00,1.00
2016.10.21 02:29:25.526,1.70631,1.70682,1.50,1.00
2016.10.21 02:29:25.678,1.70631,1.70682,1.00,1.00
2016.10.21 02:29:26.462,1.7063,1.70682,1.00,1.00
2016.10.21 02:29:27.026,1.70631,1.70682,1.00,1.00
2016.10.21 02:29:27.694,1.70632,1.70683,1.00,1.00
2016.10.21 02:29:28.926,1.7063,1.70683,1.50,1.00
2016.10.21 02:29:29.550,1.7063,1.70683,1.00,1.37
2016.10.21 02:29:29.601,1.70629,1.7068,1.00,1.00
2016.10.21 02:29:30.950,1.70626,1.70677,1.50,1.00
2016.10.21 02:29:31.153,1.70627,1.70678,1.00,1.00
2016.10.21 02:29:31.254,1.70627,1.70678,1.50,1.00
2016.10.21 02:29:31.572,1.70627,1.70678,1.00,1.00
2016.10.21 02:29:31.694,1.70626,1.70677,1.87,1.00
2016.10.21 02:29:31.745,1.70626,1.70677,1.12,1.00
2016.10.21 02:29:32.065,1.70626,1.70677,1.00,1.00
2016.10.21 02:29:32.384,1.70623,1.70675,1.00,1.00
2016.10.21 02:29:32.435,1.70623,1.70672,1.00,1.00
2016.10.21 02:29:32.486,1.70623,1.70674,1.00,1.00
2016.10.21 02:29:32.537,1.70625,1.70674,1.00,1.00
2016.10.21 02:29:32.638,1.70625,1.70676,1.00,1.00
2016.10.21 02:29:32.841,1.70628,1.70677,1.00,1.00
2016.10.21 02:29:33.065,1.70628,1.70679,1.00,1.00
2016.10.21 02:29:33.116,1.70628,1.70679,1.50,1.00
2016.10.21 02:29:33.167,1.70628,1.70678,1.00,1.00
2016.10.21 02:29:33.761,1.70628,1.70679,1.00,1.00
2016.10.21 02:29:34.084,1.70628,1.70677,1.00,1.00
2016.10.21 02:29:35.113,1.70628,1.70678,1.00,1.00
2016.10.21 02:29:35.214,1.70628,1.70679,1.50,1.00
2016.10.21 02:29:35.265,1.70628,1.70679,1.00,1.00
2016.10.21 02:29:35.727,1.70628,1.70677,1.00,1.00
2016.10.21 02:29:35.879,1.70626,1.70676,1.00,1.00
2016.10.21 02:29:36.227,1.70625,1.70676,1.50,1.00
2016.10.21 02:29:36.278,1.70625,1.70678,1.50,1.00
2016.10.21 02:29:36.481,1.70625,1.70678,1.50,1.12
2016.10.21 02:29:36.867,1.70625,1.70678,1.50,1.87
2016.10.21 02:29:37.388,1.70626,1.70678,1.00,1.37
2016.10.21 02:29:37.624,1.70628,1.70681,1.00,1.87
2016.10.21 02:29:37.674,1.70628,1.70679,1.00,1.00
2016.10.21 02:29:39.274,1.70628,1.70679,1.00,1.50
2016.10.21 02:29:39.673,1.70628,1.70679,1.00,1.00
2016.10.21 02:29:41.757,1.70628,1.70678,1.00,1.00
2016.10.21 02:29:42.293,1.70629,1.7068,1.00,1.00
2016.10.21 02:29:43.674,1.70629,1.7068,1.00,1.37
2016.10.21 02:29:46.160,1.70623,1.70674,1.87,1.00
2016.10.21 02:29:46.211,1.70621,1.70675,1.12,1.37
2016.10.21 02:29:46.263,1.70622,1.70673,1.00,1.00
2016.10.21 02:29:46.314,1.7062,1.70671,2.25,1.00
2016.10.21 02:29:46.365,1.7062,1.70671,1.50,1.00
2016.10.21 02:29:46.416,1.70621,1.70673,1.12,1.00
2016.10.21 02:29:51.957,1.70626,1.70677,1.50,1.00
2016.10.21 02:29:52.059,1.70626,1.70679,1.50,1.12
2016.10.21 02:29:52.110,1.70626,1.70677,1.50,1.00
2016.10.21 02:29:52.161,1.70626,1.70679,1.00,1.00
2016.10.21 02:29:52.670,1.70627,1.70678,1.00,1.00
2016.10.21 02:29:53.001,1.70626,1.70677,1.50,1.00
2016.10.21 02:29:54.177,1.70626,1.70677,1.00,1.00
2016.10.21 02:29:54.674,1.70626,1.70678,1.00,1.50
2016.10.21 02:29:54.880,1.70626,1.70678,1.00,1.00
2016.10.21 02:29:55.184,1.70628,1.70679,1.00,1.00
2016.10.21 02:29:56.371,1.70627,1.70678,1.00,1.00
2016.10.21 02:29:57.533,1.70628,1.70679,1.00,1.00
2016.10.21 02:29:58.522,1.70628,1.70679,1.12,1.00
2016.10.21 02:29:59.223,1.70628,1.70681,1.12,1.00
2016.10.21 02:30:00.079,1.70628,1.7068,1.12,1.00
2016.10.21 02:30:00.493,1.70628,1.7068,1.00,1.00
2016.10.21 02:30:00.678,1.70628,1.70681,1.00,1.12
2016.10.21 02:30:00.831,1.70628,1.70681,1.00,1.00
2016.10.21 02:30:02.356,1.70628,1.70681,1.00,1.37
2016.10.21 02:30:02.710,1.70628,1.70681,1.00,1.00
2016.10.21 02:30:03.273,1.70628,1.70682,1.00,1.12
2016.10.21 02:30:03.324,1.7064,1.70684,1.00,1.12
2016.10.21 02:30:03.375,1.70639,1.70684,1.00,1.12
2016.10.21 02:30:03.426,1.70642,1.7069,1.00,1.00
2016.10.21 02:30:03.826,1.7064,1.70688,1.00,1.00
2016.10.21 02:30:03.931,1.70636,1.70684,1.00,1.00
2016.10.21 02:30:05.278,1.7063,1.70682,1.00,1.00
2016.10.21 02:30:05.508,1.70634,1.70687,1.37,1.00
2016.10.21 02:30:05.559,1.70635,1.70688,1.12,1.00
2016.10.21 02:30:05.661,1.70636,1.70689,1.87,1.00
2016.10.21 02:30:05.863,1.70637,1.70689,1.00,1.00
2016.10.21 02:30:07.026,1.70636,1.70688,1.87,1.00
2016.10.21 02:30:07.128,1.70636,1.70688,1.00,1.00
2016.10.21 02:30:07.551,1.70636,1.70685,1.00,1.00
2016.10.21 02:30:07.653,1.70633,1.70684,1.00,1.00
2016.10.21 02:30:09.071,1.70631,1.70684,1.37,1.00
2016.10.21 02:30:09.122,1.70634,1.70687,1.00,1.12
2016.10.21 02:30:09.173,1.70637,1.70688,1.00,1.37
2016.10.21 02:30:09.223,1.70637,1.70688,1.00,1.00
2016.10.21 02:30:10.218,1.70637,1.70688,1.37,1.00
2016.10.21 02:30:10.321,1.70637,1.70688,1.00,1.00
2016.10.21 02:30:11.799,1.70635,1.70688,1.00,1.00
2016.10.21 02:30:11.950,1.70635,1.70688,1.37,1.00
2016.10.21 02:30:12.438,1.70636,1.70689,1.00,1.00
2016.10.21 02:30:12.489,1.70633,1.70686,1.87,1.00
2016.10.21 02:30:12.539,1.70633,1.70682,1.00,1.00
2016.10.21 02:30:12.590,1.70628,1.70679,1.37,1.00
2016.10.21 02:30:12.641,1.70628,1.70679,1.00,1.00
2016.10.21 02:30:12.945,1.70626,1.70679,1.12,1.00
2016.10.21 02:30:13.047,1.70626,1.70679,1.37,1.00
2016.10.21 02:30:13.544,1.70626,1.70679,1.00,1.00
2016.10.21 02:30:13.875,1.70626,1.70677,1.00,1.00
2016.10.21 02:30:13.977,1.7062,1.70672,1.87,1.00
2016.10.21 02:30:14.072,1.7062,1.7067,1.37,1.00
2016.10.21 02:30:14.123,1.70618,1.70669,1.00,1.00
2016.10.21 02:30:14.174,1.70617,1.70669,1.12,1.00
2016.10.21 02:30:14.552,1.70617,1.70669,1.00,1.00
2016.10.21 02:30:15.014,1.70617,1.70669,1.12,1.00
2016.10.21 02:30:15.116,1.70636,1.70679,1.00,1.75
2016.10.21 02:30:15.843,1.70638,1.70679,1.00,1.75
2016.10.21 02:30:16.227,1.70643,1.70679,1.00,1.75
2016.10.21 02:30:16.448,1.70644,1.7068,1.00,1.12
2016.10.21 02:30:16.499,1.70644,1.7068,1.00,1.12
2016.10.21 02:30:16.550,1.70645,1.70678,1.00,1.00
2016.10.21 02:30:16.954,1.70645,1.70681,1.00,1.12
2016.10.21 02:30:17.276,1.70649,1.70681,1.00,1.12
2016.10.21 02:30:17.755,1.70649,1.70681,1.00,1.00
2016.10.21 02:30:18.279,1.7065,1.70681,1.00,1.00
2016.10.21 02:30:19.211,1.70651,1.70681,1.00,1.00
2016.10.21 02:30:20.134,1.70655,1.70681,1.00,1.00
2016.10.21 02:30:20.236,1.70664,1.70697,1.00,1.12
2016.10.21 02:30:20.338,1.70665,1.70698,1.00,1.75
2016.10.21 02:30:20.389,1.70663,1.70698,1.00,1.37
2016.10.21 02:30:20.687,1.70663,1.70688,1.00,1.00
2016.10.21 02:30:20.738,1.70657,1.70688,1.00,1.00
2016.10.21 02:30:21.259,1.70658,1.70688,1.00,1.00
2016.10.21 02:30:21.837,1.7066,1.70688,1.00,1.00
2016.10.21 02:30:25.195,1.70657,1.70688,1.00,1.00
2016.10.21 02:30:25.246,1.70657,1.70688,1.00,1.12
2016.10.21 02:30:25.296,1.70653,1.70688,1.00,1.12
2016.10.21 02:30:25.347,1.70656,1.70688,1.00,2.62
2016.10.21 02:30:25.449,1.70654,1.70688,1.00,2.62
2016.10.21 02:30:26.812,1.70654,1.70679,1.00,1.00
2016.10.21 02:30:27.723,1.70654,1.70688,1.00,2.62
2016.10.21 02:30:27.774,1.70654,1.70688,1.00,1.37
2016.10.21 02:30:27.927,1.70652,1.70688,1.00,1.37
2016.10.21 02:30:27.977,1.70652,1.70688,1.00,2.62
2016.10.21 02:30:28.176,1.70653,1.70688,1.00,1.37
2016.10.21 02:30:28.227,1.70653,1.70679,1.00,1.00
2016.10.21 02:30:28.430,1.70654,1.70689,1.00,1.37
2016.10.21 02:30:30.231,1.70654,1.70688,1.00,1.37
2016.10.21 02:30:30.282,1.70657,1.70688,1.00,1.00
2016.10.21 02:30:30.604,1.70658,1.7069,1.00,1.12
2016.10.21 02:30:30.656,1.70656,1.70688,1.00,1.00
2016.10.21 02:30:32.379,1.70657,1.70688,1.00,1.00
2016.10.21 02:30:32.837,1.70657,1.7069,1.00,1.12
2016.10.21 02:30:32.889,1.70659,1.7069,1.00,1.12
2016.10.21 02:30:33.167,1.70659,1.70692,1.00,1.00
2016.10.21 02:30:33.472,1.70667,1.70706,1.00,2.62
2016.10.21 02:30:33.980,1.70667,1.70706,1.00,1.37
2016.10.21 02:30:34.576,1.70667,1.70706,1.00,1.37
2016.10.21 02:30:34.627,1.70667,1.70706,1.00,2.62
2016.10.21 02:30:34.867,1.70667,1.70706,1.00,1.37
2016.10.21 02:30:36.576,1.70667,1.70703,1.00,1.87
2016.10.21 02:30:36.678,1.70668,1.70706,1.00,2.62
2016.10.21 02:30:36.730,1.70669,1.70699,1.00,1.00
2016.10.21 02:30:37.267,1.7067,1.70699,1.00,1.00
2016.10.21 02:30:37.926,1.7067,1.70698,1.00,1.00
2016.10.21 02:30:38.470,1.7067,1.70699,1.00,1.00
2016.10.21 02:30:39.929,1.7067,1.70706,1.00,1.37
2016.10.21 02:30:40.089,1.7067,1.70706,1.00,1.37
2016.10.21 02:30:40.690,1.70671,1.70706,1.00,1.37
2016.10.21 02:30:41.741,1.70671,1.70706,1.00,1.37
2016.10.21 02:30:41.791,1.70671,1.70706,1.00,1.00
2016.10.21 02:30:42.393,1.70672,1.70706,1.00,1.00
2016.10.21 02:30:42.877,1.70672,1.70706,1.00,1.00
2016.10.21 02:30:42.928,1.70672,1.70706,1.00,1.00
2016.10.21 02:30:43.741,1.70672,1.70706,1.00,1.00
2016.10.21 02:30:45.213,1.7067,1.70706,1.00,1.00
2016.10.21 02:30:49.136,1.70669,1.70706,1.00,1.37
2016.10.21 02:30:50.023,1.70669,1.70704,1.00,1.87
2016.10.21 02:30:50.124,1.70669,1.70706,1.00,2.62
2016.10.21 02:30:50.175,1.70666,1.70706,1.00,2.62
2016.10.21 02:30:50.327,1.70666,1.70704,1.00,1.87
2016.10.21 02:30:50.493,1.70666,1.707,1.00,1.87
2016.10.21 02:30:50.544,1.70666,1.70698,1.00,1.37
2016.10.21 02:30:51.183,1.70667,1.70703,1.00,1.87
2016.10.21 02:30:51.268,1.70666,1.70698,1.50,1.00
2016.10.21 02:30:51.319,1.70666,1.70698,1.00,1.00
2016.10.21 02:30:51.370,1.70667,1.70707,1.00,1.87
2016.10.21 02:30:51.421,1.70675,1.70709,1.00,1.50
2016.10.21 02:30:51.471,1.7069,1.70711,1.00,1.87
2016.10.21 02:30:51.523,1.70693,1.7072,1.00,1.75
2016.10.21 02:30:51.574,1.70695,1.70723,1.00,1.12
2016.10.21 02:30:51.624,1.70693,1.70729,1.00,1.75
2016.10.21 02:30:51.675,1.70689,1.70728,1.00,1.00
2016.10.21 02:30:52.288,1.70688,1.70719,1.00,1.00
2016.10.21 02:30:53.418,1.70688,1.70718,1.00,1.00
2016.10.21 02:30:54.047,1.70688,1.70719,1.00,1.00
2016.10.21 02:30:54.149,1.70697,1.70729,1.00,1.00
2016.10.21 02:30:54.512,1.70693,1.70728,1.00,1.00
2016.10.21 02:30:54.563,1.70689,1.70719,1.00,1.00
2016.10.21 02:30:54.614,1.70686,1.70719,1.00,1.00
2016.10.21 02:30:54.969,1.70686,1.70728,1.00,1.37
2016.10.21 02:30:55.040,1.70686,1.70728,1.00,1.12
2016.10.21 02:30:55.142,1.70686,1.70728,1.00,1.00
2016.10.21 02:30:56.077,1.70689,1.70729,1.00,1.00
2016.10.21 02:30:56.127,1.70686,1.70729,1.00,1.00
2016.10.21 02:30:56.178,1.70686,1.70719,1.00,1.00
2016.10.21 02:30:56.229,1.70684,1.70719,1.00,1.00
2016.10.21 02:30:56.280,1.70681,1.70718,1.00,1.00
2016.10.21 02:30:56.929,1.70682,1.70718,1.00,1.00
2016.10.21 02:30:57.168,1.70684,1.70718,1.00,1.00
2016.10.21 02:30:57.472,1.70692,1.70728,1.00,1.00
2016.10.21 02:30:57.523,1.70694,1.70728,1.00,1.00
2016.10.21 02:30:57.614,1.70692,1.70728,1.00,1.00
2016.10.21 02:31:01.586,1.70688,1.70728,1.00,1.00
2016.10.21 02:31:01.641,1.70692,1.70728,1.00,1.00
2016.10.21 02:31:02.971,1.70693,1.70728,1.00,1.00
2016.10.21 02:31:03.572,1.70694,1.70728,1.00,1.00
2016.10.21 02:31:05.099,1.70694,1.70738,1.00,1.00
2016.10.21 02:31:05.468,1.70694,1.70728,1.00,1.00
2016.10.21 02:31:06.006,1.70697,1.70728,1.00,1.00
2016.10.21 02:31:06.056,1.70698,1.70739,1.00,1.00
2016.10.21 02:31:07.523,1.70697,1.70739,1.00,1.00
2016.10.21 02:31:08.178,1.70702,1.70728,1.00,1.00
2016.10.21 02:31:08.909,1.70702,1.70738,1.00,1.00
2016.10.21 02:31:09.089,1.70697,1.70738,1.00,1.00
2016.10.21 02:31:09.190,1.70701,1.70738,1.00,1.00
2016.10.21 02:31:11.864,1.70703,1.70738,1.00,1.00
2016.10.21 02:31:12.582,1.70703,1.70739,1.00,1.00
2016.10.21 02:31:13.474,1.70703,1.70738,1.00,1.00
2016.10.21 02:31:13.887,1.70704,1.70729,1.00,1.00
2016.10.21 02:31:14.404,1.70703,1.70729,1.00,1.00
2016.10.21 02:31:14.978,1.70703,1.70738,1.00,1.00
2016.10.21 02:31:15.496,1.70694,1.70729,1.50,1.00
2016.10.21 02:31:15.547,1.70694,1.70729,1.00,1.00
2016.10.21 02:31:15.598,1.70691,1.70729,1.00,1.00
2016.10.21 02:31:17.025,1.70693,1.70729,1.00,1.00
2016.10.21 02:31:17.552,1.70694,1.70728,1.00,1.00
2016.10.21 02:31:18.112,1.70696,1.70728,1.00,1.00
2016.10.21 02:31:19.445,1.70709,1.70738,1.00,1.00
2016.10.21 02:31:19.495,1.7071,1.70748,1.00,1.50
2016.10.21 02:31:19.546,1.70712,1.70748,1.00,1.00
2016.10.21 02:31:19.598,1.70711,1.70758,1.00,1.00
2016.10.21 02:31:19.800,1.70711,1.70759,1.00,1.50
2016.10.21 02:31:19.902,1.70713,1.70759,1.00,1.00
2016.10.21 02:31:20.127,1.70711,1.70759,1.00,1.00
2016.10.21 02:31:20.228,1.7071,1.70749,1.00,1.00
2016.10.21 02:31:20.930,1.7071,1.70748,1.00,1.00
2016.10.21 02:31:21.324,1.7071,1.70758,1.00,1.00
2016.10.21 02:31:21.527,1.70707,1.70758,1.00,1.50
2016.10.21 02:31:21.578,1.70706,1.70757,1.00,1.00
2016.10.21 02:31:21.629,1.70706,1.70748,1.00,1.00
2016.10.21 02:31:22.710,1.70703,1.70748,1.00,1.00
2016.10.21 02:31:23.308,1.70703,1.70749,1.00,1.00
2016.10.21 02:31:24.939,1.70694,1.70738,1.00,1.00
2016.10.21 02:31:25.207,1.70692,1.70738,1.00,1.00
2016.10.21 02:31:27.776,1.70696,1.70738,1.00,1.00
2016.10.21 02:31:28.245,1.70698,1.70739,1.00,1.00
2016.10.21 02:31:28.549,1.707,1.70739,1.00,1.00
2016.10.21 02:31:32.623,1.70698,1.70739,1.00,1.00
2016.10.21 02:31:34.157,1.70697,1.70739,1.00,1.00
2016.10.21 02:31:35.779,1.70698,1.70739,1.00,1.00
2016.10.21 02:31:38.154,1.70696,1.70739,1.00,1.00
2016.10.21 02:31:38.920,1.70696,1.70738,1.00,1.00
2016.10.21 02:31:39.624,1.70697,1.70739,1.00,1.00
2016.10.21 02:31:42.109,1.70697,1.70738,1.00,1.00
2016.10.21 02:31:43.079,1.70701,1.70738,1.00,1.00
2016.10.21 02:31:43.130,1.70699,1.70738,1.00,1.00
2016.10.21 02:31:43.232,1.70702,1.70738,1.00,1.00
2016.10.21 02:31:43.385,1.707,1.70738,1.00,1.00
2016.10.21 02:31:43.589,1.70705,1.70738,1.00,1.00
2016.10.21 02:31:43.930,1.70707,1.70738,1.00,1.00
2016.10.21 02:31:44.713,1.70707,1.70749,1.00,1.00
2016.10.21 02:31:46.128,1.70705,1.70749,1.00,1.00
2016.10.21 02:31:47.051,1.70708,1.70749,1.00,1.00
2016.10.21 02:31:47.583,1.70709,1.70749,1.00,1.00
2016.10.21 02:31:50.810,1.70708,1.70749,1.00,1.00
2016.10.21 02:31:51.626,1.70708,1.70748,1.00,1.00
2016.10.21 02:31:52.528,1.70708,1.70749,1.00,1.00
2016.10.21 02:31:52.831,1.7071,1.70749,1.00,1.00
2016.10.21 02:31:53.598,1.70704,1.70749,1.00,1.00
2016.10.21 02:31:57.456,1.70703,1.70749,1.00,1.00
2016.10.21 02:31:57.508,1.70699,1.70749,1.12,1.00
2016.10.21 02:31:57.559,1.70697,1.70749,1.12,1.00
2016.10.21 02:31:57.661,1.70697,1.70749,1.00,1.00
2016.10.21 02:31:57.959,1.70696,1.70749,1.50,1.00
2016.10.21 02:31:58.010,1.70696,1.70749,1.00,1.00
2016.10.21 02:31:58.061,1.70692,1.70749,1.87,1.00
2016.10.21 02:31:58.112,1.70692,1.70749,1.37,1.00
2016.10.21 02:31:59.348,1.70692,1.70749,1.12,1.00
2016.10.21 02:31:59.778,1.70692,1.70749,1.37,1.37
2016.10.21 02:31:59.829,1.70694,1.70749,1.00,1.37
2016.10.21 02:31:59.879,1.70694,1.70739,1.00,1.00
2016.10.21 02:31:59.981,1.70694,1.70739,1.12,1.00
2016.10.21 02:32:00.032,1.70693,1.70739,1.37,1.00
2016.10.21 02:32:00.330,1.70696,1.70739,1.00,1.00
2016.10.21 02:32:00.381,1.70701,1.70748,1.37,1.00
2016.10.21 02:32:00.432,1.70703,1.70748,1.00,1.00
2016.10.21 02:32:00.514,1.70703,1.70748,1.37,1.00
2016.10.21 02:32:00.565,1.70699,1.70748,1.37,1.00
2016.10.21 02:32:01.268,1.707,1.70748,1.37,1.00
2016.10.21 02:32:01.930,1.70719,1.70748,1.00,1.00
2016.10.21 02:32:01.981,1.70729,1.70766,1.00,1.75
2016.10.21 02:32:02.286,1.70719,1.70769,1.00,1.50
2016.10.21 02:32:02.338,1.70717,1.70759,1.00,1.00
2016.10.21 02:32:02.389,1.70705,1.70759,1.87,1.00
2016.10.21 02:32:02.439,1.70704,1.70759,3.37,1.00
2016.10.21 02:32:02.490,1.70704,1.70759,1.87,1.00
2016.10.21 02:32:02.711,1.70704,1.70759,1.37,1.00
2016.10.21 02:32:03.288,1.70709,1.70766,2.62,1.00
2016.10.21 02:32:03.340,1.70712,1.70766,1.37,1.00
2016.10.21 02:32:03.492,1.70713,1.70768,1.37,1.00
2016.10.21 02:32:03.543,1.70713,1.70759,1.87,1.00
2016.10.21 02:32:04.093,1.70713,1.70769,1.12,1.00
2016.10.21 02:32:04.178,1.70714,1.70769,1.87,1.00
2016.10.21 02:32:04.229,1.70714,1.70769,1.87,1.00
2016.10.21 02:32:04.574,1.70713,1.70768,2.62,1.00
2016.10.21 02:32:04.625,1.70713,1.70768,1.87,1.00
2016.10.21 02:32:05.378,1.70713,1.70768,3.37,1.00
2016.10.21 02:32:05.429,1.70713,1.70768,4.12,1.00
2016.10.21 02:32:05.978,1.70714,1.70768,1.37,1.00
2016.10.21 02:32:06.529,1.70715,1.70768,1.37,1.00
2016.10.21 02:32:08.234,1.70714,1.70768,1.87,1.00
2016.10.21 02:32:09.328,1.70713,1.70768,1.87,1.00
2016.10.21 02:32:10.147,1.70713,1.70768,1.37,1.00
2016.10.21 02:32:10.430,1.70713,1.70768,1.12,1.00
2016.10.21 02:32:11.221,1.70713,1.70768,1.37,1.12
2016.10.21 02:32:11.272,1.70713,1.70769,1.37,1.37
2016.10.21 02:32:11.630,1.70713,1.70759,1.37,1.00
2016.10.21 02:32:11.681,1.70709,1.70768,1.87,1.12
2016.10.21 02:32:11.732,1.70712,1.70768,1.37,1.00
2016.10.21 02:32:11.783,1.70712,1.70759,1.87,1.00
2016.10.21 02:32:11.834,1.70715,1.70759,1.00,1.00
2016.10.21 02:32:11.936,1.70714,1.70758,1.37,1.00
2016.10.21 02:32:12.038,1.70712,1.70758,1.37,1.00
2016.10.21 02:32:14.011,1.70712,1.70758,1.00,1.00
2016.10.21 02:32:14.392,1.70707,1.70759,1.12,1.00
2016.10.21 02:32:14.443,1.70705,1.70759,1.37,1.00
2016.10.21 02:32:14.494,1.70705,1.70759,2.62,1.00
2016.10.21 02:32:15.038,1.70707,1.70759,1.87,1.00
2016.10.21 02:32:15.546,1.70706,1.70758,1.87,1.00
2016.10.21 02:32:16.091,1.70706,1.70759,1.87,1.00
2016.10.21 02:32:16.625,1.70706,1.70758,1.87,1.00
2016.10.21 02:32:17.662,1.70705,1.70758,1.12,1.00
2016.10.21 02:32:17.915,1.70705,1.70758,1.37,1.00
2016.10.21 02:32:18.916,1.7073,1.70767,1.00,1.00
2016.10.21 02:32:18.990,1.70724,1.70778,1.00,1.12
2016.10.21 02:32:19.042,1.70727,1.70779,1.00,1.37
2016.10.21 02:32:19.093,1.70723,1.70779,1.00,1.00
2016.10.21 02:32:19.145,1.70723,1.70779,1.00,1.37
2016.10.21 02:32:19.196,1.70722,1.70769,1.12,1.00
2016.10.21 02:32:19.298,1.70722,1.70779,1.12,1.37
2016.10.21 02:32:19.554,1.70722,1.70779,1.37,1.00
2016.10.21 02:32:19.711,1.70722,1.70779,2.62,1.00
2016.10.21 02:32:20.086,1.70723,1.70779,1.37,1.00
2016.10.21 02:32:21.179,1.70722,1.70779,1.87,1.00
2016.10.21 02:32:21.969,1.70722,1.70778,1.87,1.00
2016.10.21 02:32:23.071,1.70722,1.70778,2.62,1.00
2016.10.21 02:32:23.365,1.70724,1.70778,1.37,1.00
2016.10.21 02:32:23.467,1.70724,1.70779,1.87,1.00
2016.10.21 02:32:23.721,1.70722,1.70779,1.87,1.00
2016.10.21 02:32:24.029,1.70724,1.70779,1.87,1.00
2016.10.21 02:32:24.876,1.70724,1.70769,1.87,1.00
2016.10.21 02:32:24.927,1.70721,1.70769,2.62,1.00
2016.10.21 02:32:25.133,1.70721,1.70769,1.87,1.00
2016.10.21 02:32:26.161,1.7072,1.70769,2.62,1.00
2016.10.21 02:32:26.263,1.70721,1.70769,1.87,1.00
2016.10.21 02:32:26.365,1.7072,1.70769,1.37,1.00
2016.10.21 02:32:27.778,1.7072,1.70778,1.37,1.00
2016.10.21 02:32:27.829,1.70722,1.70778,2.21,1.00
2016.10.21 02:32:27.880,1.70728,1.70787,1.00,1.87
2016.10.21 02:32:27.931,1.70733,1.70788,1.87,1.00
2016.10.21 02:32:28.266,1.70737,1.70788,1.37,1.00
2016.10.21 02:32:28.317,1.70737,1.70788,2.62,1.00
2016.10.21 02:32:28.368,1.70737,1.70788,1.37,1.00
2016.10.21 02:32:28.469,1.70737,1.70789,1.00,1.00
2016.10.21 02:32:28.520,1.70729,1.70778,1.87,1.00
2016.10.21 02:32:28.619,1.70728,1.70789,1.87,1.00
2016.10.21 02:32:28.720,1.70728,1.70792,1.87,1.37
2016.10.21 02:32:28.771,1.70728,1.70792,1.37,1.37
2016.10.21 02:32:28.873,1.70731,1.70792,2.62,1.00
2016.10.21 02:32:29.192,1.70745,1.70799,1.87,1.00
2016.10.21 02:32:29.278,1.70742,1.70799,1.87,1.00
2016.10.21 02:32:29.380,1.70742,1.70799,2.62,1.00
2016.10.21 02:32:29.583,1.70742,1.70799,1.87,1.50
2016.10.21 02:32:30.246,1.70743,1.70799,1.87,1.50
2016.10.21 02:32:30.747,1.70742,1.70799,2.62,1.00
2016.10.21 02:32:31.068,1.70744,1.70799,1.87,1.00
2016.10.21 02:32:31.169,1.70744,1.70799,2.62,1.00
2016.10.21 02:32:31.220,1.70744,1.70805,2.62,1.12
2016.10.21 02:32:31.271,1.70744,1.70808,2.62,2.25
2016.10.21 02:32:31.594,1.70744,1.70808,2.62,1.87
2016.10.21 02:32:31.922,1.70744,1.70808,2.62,1.37
2016.10.21 02:32:32.170,1.70747,1.70807,1.37,1.00
2016.10.21 02:32:32.221,1.70747,1.70804,1.37,1.00
2016.10.21 02:32:32.272,1.70743,1.70803,1.37,2.25
2016.10.21 02:32:32.323,1.70739,1.70798,1.87,1.12
2016.10.21 02:32:32.646,1.70739,1.70801,1.87,1.87
2016.10.21 02:32:32.699,1.70739,1.70801,1.87,1.37
2016.10.21 02:32:32.750,1.70743,1.70801,1.87,1.00
2016.10.21 02:32:32.801,1.70743,1.70801,1.87,1.00
2016.10.21 02:32:33.065,1.7074,1.70801,1.87,1.12
2016.10.21 02:32:37.193,1.7074,1.70801,1.87,1.87
2016.10.21 02:32:38.971,1.7074,1.70791,1.87,1.00
2016.10.21 02:32:39.190,1.7075,1.708,1.00,1.00
2016.10.21 02:32:39.292,1.70751,1.70801,2.25,1.00
2016.10.21 02:32:39.795,1.70751,1.70801,1.12,1.00
2016.10.21 02:32:39.846,1.70747,1.70797,1.37,1.00
2016.10.21 02:32:39.897,1.70745,1.70797,1.50,1.00
2016.10.21 02:32:39.948,1.70745,1.70792,1.00,1.00
2016.10.21 02:32:39.998,1.70741,1.7079,1.37,1.00
2016.10.21 02:32:40.049,1.7074,1.70792,1.37,1.00
2016.10.21 02:32:40.151,1.70739,1.70789,1.37,1.00
2016.10.21 02:32:40.583,1.70741,1.70793,1.12,1.00
2016.10.21 02:32:40.634,1.7074,1.70792,1.37,1.00
2016.10.21 02:32:40.975,1.7074,1.7079,1.37,1.00
2016.10.21 02:32:41.626,1.70741,1.70791,1.12,1.00
2016.10.21 02:32:41.677,1.70741,1.70791,1.37,1.00
2016.10.21 02:32:41.728,1.70742,1.70794,1.37,1.00
2016.10.21 02:32:42.272,1.70743,1.70795,1.37,1.00
2016.10.21 02:32:46.374,1.70746,1.70795,1.87,1.00
2016.10.21 02:32:46.427,1.70756,1.70806,1.00,1.75
2016.10.21 02:32:46.529,1.70755,1.70805,1.12,1.00
2016.10.21 02:32:46.580,1.70756,1.70805,1.87,1.00
2016.10.21 02:32:46.770,1.70755,1.70805,1.37,1.00
2016.10.21 02:32:47.450,1.70755,1.70805,1.00,1.00
2016.10.21 02:32:48.578,1.70755,1.70805,1.37,1.00
2016.10.21 02:32:50.331,1.70756,1.70806,1.12,1.00
2016.10.21 02:32:50.414,1.70762,1.70819,1.37,1.37
2016.10.21 02:32:50.465,1.70758,1.70817,1.87,1.00
2016.10.21 02:32:50.566,1.70758,1.70814,1.87,1.00
2016.10.21 02:32:50.891,1.70753,1.70813,1.87,1.00
2016.10.21 02:32:51.271,1.70753,1.70813,1.87,1.00
2016.10.21 02:32:51.779,1.70753,1.70813,1.87,1.00
2016.10.21 02:32:51.830,1.70755,1.70813,1.87,1.00
2016.10.21 02:32:51.881,1.70755,1.70813,1.87,1.50
2016.10.21 02:32:51.932,1.70755,1.70812,1.87,1.00
2016.10.21 02:32:51.982,1.70751,1.70812,2.62,1.37
2016.10.21 02:32:52.332,1.70751,1.7081,2.62,1.12
2016.10.21 02:32:52.383,1.70751,1.7081,1.87,1.12
2016.10.21 02:32:53.382,1.7075,1.7081,1.37,1.12
2016.10.21 02:32:55.697,1.70772,1.7081,1.37,1.00
2016.10.21 02:32:55.756,1.70768,1.70827,1.87,1.12
2016.10.21 02:32:56.629,1.70765,1.70827,2.62,1.00
2016.10.21 02:32:56.901,1.70765,1.70827,1.12,1.12
2016.10.21 02:32:57.030,1.70766,1.70827,1.37,1.00
2016.10.21 02:32:57.383,1.70765,1.70827,1.37,1.00
2016.10.21 02:32:58.097,1.7077,1.70827,1.37,1.00
2016.10.21 02:32:58.402,1.70768,1.70827,1.37,1.00
2016.10.21 02:32:58.917,1.70767,1.70827,1.37,1.00
2016.10.21 02:32:58.969,1.70769,1.70827,1.37,1.00
2016.10.21 02:32:59.020,1.70766,1.70827,1.37,1.00
2016.10.21 02:32:59.860,1.70767,1.70827,1.37,1.00
2016.10.21 02:33:00.454,1.70768,1.70827,1.37,1.00
2016.10.21 02:33:01.013,1.70769,1.70827,1.37,1.00
2016.10.21 02:33:03.417,1.70769,1.70827,1.37,1.12
2016.10.21 02:33:03.561,1.70769,1.70826,1.00,1.12
2016.10.21 02:33:03.612,1.70766,1.70826,1.12,1.37
2016.10.21 02:33:03.974,1.70764,1.70821,1.37,1.00
2016.10.21 02:33:04.041,1.70764,1.70821,1.37,1.12
2016.10.21 02:33:05.805,1.70767,1.70821,1.12,1.12
2016.10.21 02:33:05.856,1.70767,1.70821,1.00,1.00
2016.10.21 02:33:05.908,1.70772,1.70821,1.00,1.00
2016.10.21 02:33:06.018,1.70772,1.70825,1.00,1.12
2016.10.21 02:33:06.070,1.70772,1.70828,1.00,1.37
2016.10.21 02:33:06.171,1.70767,1.70828,1.00,1.37
2016.10.21 02:33:06.504,1.70767,1.70828,1.37,1.37
2016.10.21 02:33:06.556,1.70769,1.70828,1.12,1.37
2016.10.21 02:33:07.167,1.70769,1.70828,1.37,1.37
2016.10.21 02:33:07.272,1.70772,1.70828,1.12,1.37
2016.10.21 02:33:07.803,1.70769,1.70828,1.37,1.37
2016.10.21 02:33:08.680,1.70769,1.70828,1.37,1.87
2016.10.21 02:33:09.220,1.70768,1.70828,1.37,1.87
2016.10.21 02:33:09.973,1.70766,1.70828,1.87,1.37
2016.10.21 02:33:10.024,1.70764,1.70828,1.87,1.37
2016.10.21 02:33:10.513,1.7077,1.70828,1.00,1.37
2016.10.21 02:33:11.629,1.7077,1.70828,1.37,1.37
2016.10.21 02:33:11.948,1.70771,1.70828,1.37,1.37
2016.10.21 02:33:12.306,1.7077,1.70828,1.37,1.37
2016.10.21 02:33:12.357,1.7077,1.70821,1.00,1.12
2016.10.21 02:33:12.459,1.70769,1.70821,1.00,1.00
2016.10.21 02:33:12.510,1.70767,1.70821,1.00,1.00
2016.10.21 02:33:12.990,1.70765,1.70821,1.00,1.00
2016.10.21 02:33:13.785,1.70765,1.70821,1.00,1.12
2016.10.21 02:33:15.121,1.70765,1.70812,1.00,1.00
2016.10.21 02:33:15.172,1.70765,1.70812,1.12,1.00
2016.10.21 02:33:15.454,1.70765,1.7081,1.12,1.00
2016.10.21 02:33:15.505,1.70765,1.70812,1.12,1.00
2016.10.21 02:33:15.556,1.70765,1.70812,1.00,1.00
2016.10.21 02:33:15.864,1.70757,1.70818,1.37,1.37
2016.10.21 02:33:15.916,1.70768,1.70825,1.37,1.00
2016.10.21 02:33:15.966,1.70768,1.70825,1.37,1.12
2016.10.21 02:33:16.068,1.70768,1.70824,1.37,1.00
2016.10.21 02:33:16.170,1.70768,1.70823,1.00,1.00
2016.10.21 02:33:16.221,1.70766,1.70821,1.37,1.00
2016.10.21 02:33:16.272,1.70763,1.7082,1.50,1.37
2016.10.21 02:33:16.323,1.70759,1.70819,1.71,1.37
2016.10.21 02:33:16.425,1.70768,1.7082,1.00,1.37
2016.10.21 02:33:16.476,1.70768,1.7082,1.37,1.00
2016.10.21 02:33:16.774,1.70768,1.70825,1.00,1.00
2016.10.21 02:33:16.825,1.70764,1.70821,1.12,1.00
2016.10.21 02:33:16.875,1.70764,1.7082,1.00,1.00
2016.10.21 02:33:16.926,1.70764,1.70822,1.00,1.00
2016.10.21 02:33:16.977,1.70764,1.70822,1.00,1.37
2016.10.21 02:33:17.080,1.70759,1.7082,1.75,1.00
2016.10.21 02:33:17.131,1.70763,1.7082,1.00,1.00
2016.10.21 02:33:17.394,1.70759,1.7082,1.12,1.37
2016.10.21 02:33:17.546,1.70759,1.7082,1.00,1.37
2016.10.21 02:33:17.969,1.70758,1.7082,1.12,1.37
2016.10.21 02:33:18.020,1.70758,1.7082,1.37,1.37
2016.10.21 02:33:20.277,1.70758,1.7082,1.00,1.37
2016.10.21 02:33:20.328,1.70758,1.70816,1.00,1.00
2016.10.21 02:33:20.380,1.70758,1.70815,1.00,1.37
2016.10.21 02:33:20.431,1.70757,1.70815,1.12,1.37
2016.10.21 02:33:20.482,1.70752,1.70814,1.37,1.12
2016.10.21 02:33:20.800,1.70752,1.70814,1.87,1.87
2016.10.21 02:33:20.902,1.70752,1.70814,1.87,1.50
2016.10.21 02:33:21.025,1.70756,1.70814,1.00,1.50
2016.10.21 02:33:21.330,1.70753,1.70814,1.37,1.00
2016.10.21 02:33:21.483,1.70754,1.70814,1.87,1.00
2016.10.21 02:33:21.534,1.70757,1.70814,1.37,1.00
2016.10.21 02:33:22.121,1.70759,1.70814,1.37,1.00
2016.10.21 02:33:22.498,1.7076,1.70814,1.12,1.00
2016.10.21 02:33:22.600,1.70755,1.70814,1.37,1.00
2016.10.21 02:33:24.036,1.70753,1.70814,1.37,1.00
2016.10.21 02:33:24.087,1.70755,1.70814,1.87,1.12
2016.10.21 02:33:24.602,1.70755,1.70814,1.87,1.00
2016.10.21 02:33:24.952,1.70755,1.70814,1.87,1.00
2016.10.21 02:33:25.004,1.70758,1.70814,1.87,1.00
2016.10.21 02:33:28.080,1.70753,1.70814,1.37,1.00
2016.10.21 02:33:28.671,1.70755,1.70814,1.87,1.00
2016.10.21 02:33:28.773,1.70753,1.70814,1.87,1.00
2016.10.21 02:33:28.824,1.70753,1.70813,1.87,1.00
2016.10.21 02:33:28.875,1.70751,1.70809,1.00,1.37
2016.10.21 02:33:28.976,1.70751,1.70804,1.00,1.00
2016.10.21 02:33:29.078,1.70752,1.70804,1.00,1.37
2016.10.21 02:33:29.129,1.70741,1.70804,1.37,1.87
2016.10.21 02:33:29.196,1.70741,1.70801,1.00,1.37
2016.10.21 02:33:29.247,1.70741,1.70798,1.00,1.00
2016.10.21 02:33:29.537,1.70733,1.70789,1.75,1.50
2016.10.21 02:33:29.588,1.70732,1.70787,1.00,1.37
2016.10.21 02:33:29.694,1.70724,1.70787,1.37,1.37
2016.10.21 02:33:29.745,1.70731,1.70787,1.00,1.37
2016.10.21 02:33:29.796,1.70731,1.70787,1.00,1.00
2016.10.21 02:33:29.897,1.70732,1.70787,1.00,1.50
2016.10.21 02:33:29.948,1.70724,1.70784,1.37,1.00
2016.10.21 02:33:29.999,1.70724,1.70781,1.12,1.37
2016.10.21 02:33:30.050,1.70722,1.70779,1.50,1.37
2016.10.21 02:33:30.347,1.70732,1.70783,1.00,1.87
2016.10.21 02:33:30.398,1.70733,1.70791,1.00,1.37
2016.10.21 02:33:30.449,1.70729,1.70787,1.12,1.00
2016.10.21 02:33:30.500,1.70727,1.70787,1.75,1.00
2016.10.21 02:33:30.551,1.70727,1.70787,1.37,1.00
2016.10.21 02:33:30.726,1.70724,1.70787,1.37,1.00
2016.10.21 02:33:31.112,1.70724,1.70787,1.37,1.12
2016.10.21 02:33:31.278,1.70724,1.70766,1.37,1.00
2016.10.21 02:33:31.850,1.70724,1.70766,1.00,1.00
2016.10.21 02:33:31.905,1.70712,1.70772,1.00,1.12
2016.10.21 02:33:32.059,1.70712,1.70772,1.37,1.00
2016.10.21 02:33:32.161,1.70712,1.70772,1.12,1.12
2016.10.21 02:33:32.264,1.70712,1.70772,1.12,1.12
2016.10.21 02:33:32.315,1.70712,1.70772,1.12,1.87
2016.10.21 02:33:32.729,1.70712,1.70772,1.37,1.87
2016.10.21 02:33:32.831,1.70712,1.70772,1.37,1.12
2016.10.21 02:33:34.469,1.70712,1.70772,1.37,1.00
2016.10.21 02:33:35.039,1.70711,1.70772,1.37,1.00
2016.10.21 02:33:35.328,1.70715,1.70772,1.12,1.00
2016.10.21 02:33:35.379,1.70715,1.70772,1.37,1.00
2016.10.21 02:33:35.480,1.70717,1.70782,1.37,1.75
2016.10.21 02:33:35.531,1.70718,1.70782,1.37,1.00
2016.10.21 02:33:35.582,1.70718,1.70782,1.37,1.12
2016.10.21 02:33:35.633,1.70724,1.70773,1.00,1.00
2016.10.21 02:33:38.385,1.70724,1.70773,1.12,1.00
2016.10.21 02:33:39.246,1.70724,1.70773,1.00,1.00
2016.10.21 02:33:39.587,1.70722,1.70774,1.37,1.00
2016.10.21 02:33:39.689,1.70721,1.7077,1.87,1.00
2016.10.21 02:33:40.246,1.70722,1.70772,1.37,1.00
2016.10.21 02:33:40.449,1.70721,1.70769,1.00,1.00
2016.10.21 02:33:40.978,1.70722,1.70768,1.00,1.00
2016.10.21 02:33:43.480,1.70722,1.70751,1.00,1.00
2016.10.21 02:33:43.581,1.70721,1.70755,1.00,1.00
2016.10.21 02:33:43.632,1.70709,1.70752,1.37,1.00
2016.10.21 02:33:43.683,1.70709,1.70748,1.00,1.00
2016.10.21 02:33:44.008,1.70702,1.70742,1.00,1.00
2016.10.21 02:33:44.285,1.70702,1.70744,1.00,1.00
2016.10.21 02:33:45.109,1.70702,1.70745,1.00,1.00
2016.10.21 02:33:47.043,1.70702,1.70744,1.00,1.00
2016.10.21 02:33:49.035,1.70694,1.70744,1.37,1.00
2016.10.21 02:33:51.479,1.70693,1.70742,1.37,1.00
2016.10.21 02:33:53.435,1.70696,1.70742,1.00,1.00
2016.10.21 02:33:53.486,1.70696,1.70742,2.62,1.00
2016.10.21 02:33:54.015,1.70696,1.70742,1.00,1.00
2016.10.21 02:33:54.584,1.70696,1.70742,1.37,1.00
2016.10.21 02:33:54.886,1.70696,1.70742,1.12,1.00
2016.10.21 02:33:55.560,1.70696,1.70742,1.00,1.00
2016.10.21 02:33:57.082,1.70693,1.70742,1.50,1.00
2016.10.21 02:33:57.189,1.70693,1.70742,1.87,1.00
2016.10.21 02:33:57.291,1.70693,1.70741,1.12,1.00
2016.10.21 02:33:57.625,1.70693,1.70741,1.00,1.00
2016.10.21 02:33:57.975,1.70691,1.70737,1.00,1.00
2016.10.21 02:33:58.178,1.70689,1.70736,1.00,1.00
2016.10.21 02:33:58.280,1.70685,1.70736,1.87,1.00
2016.10.21 02:33:59.203,1.70698,1.70737,1.87,1.00
2016.10.21 02:33:59.283,1.70705,1.70752,1.00,1.00
2016.10.21 02:34:01.884,1.70706,1.70753,1.00,1.00
2016.10.21 02:34:02.311,1.70695,1.70745,1.12,1.00
2016.10.21 02:34:02.413,1.70695,1.70745,1.00,1.00
2016.10.21 02:34:02.942,1.70695,1.70746,1.50,1.00
2016.10.21 02:34:03.280,1.70695,1.70745,1.00,1.00
2016.10.21 02:34:03.701,1.70693,1.70744,1.50,1.00
2016.10.21 02:34:03.978,1.70693,1.70744,1.00,1.00
2016.10.21 02:34:04.914,1.70693,1.70742,1.00,1.00
2016.10.21 02:34:07.971,1.7069,1.70741,1.37,1.00
2016.10.21 02:34:08.331,1.7069,1.70741,1.00,1.00
2016.10.21 02:34:09.138,1.70689,1.7073,1.00,1.00
2016.10.21 02:34:09.239,1.70686,1.70728,1.37,1.00
2016.10.21 02:34:09.301,1.70679,1.70728,1.50,1.00
2016.10.21 02:34:09.504,1.70679,1.70728,1.00,1.00
2016.10.21 02:34:10.340,1.70679,1.70727,1.00,1.00
2016.10.21 02:34:10.492,1.70676,1.70727,1.37,1.00
2016.10.21 02:34:10.543,1.70676,1.70727,1.00,1.00
2016.10.21 02:34:11.593,1.70674,1.70722,1.00,1.00
2016.10.21 02:34:12.079,1.70674,1.70723,1.50,1.00
2016.10.21 02:34:12.131,1.70675,1.70726,1.00,1.00
2016.10.21 02:34:12.452,1.70682,1.70728,1.00,1.00
2016.10.21 02:34:12.896,1.70682,1.70732,1.12,1.00
2016.10.21 02:34:12.947,1.70682,1.70732,1.00,1.00
2016.10.21 02:34:12.998,1.70681,1.70732,1.87,1.00
2016.10.21 02:34:13.228,1.70683,1.70732,1.00,1.00
2016.10.21 02:34:13.382,1.70681,1.7073,1.87,1.00
2016.10.21 02:34:13.433,1.70687,1.70736,1.00,1.00
2016.10.21 02:34:13.587,1.70682,1.70731,1.37,1.00
2016.10.21 02:34:15.755,1.70682,1.70731,1.87,1.00
2016.10.21 02:34:15.806,1.70683,1.70732,1.00,1.00
2016.10.21 02:34:16.619,1.70682,1.70732,1.00,1.00
2016.10.21 02:34:16.771,1.70682,1.70732,1.12,1.00
2016.10.21 02:34:21.187,1.70683,1.70732,1.00,1.00
2016.10.21 02:34:21.238,1.70683,1.70732,1.12,1.00
2016.10.21 02:34:21.840,1.70683,1.70732,1.00,1.00
2016.10.21 02:34:22.684,1.70685,1.70734,1.00,1.37
2016.10.21 02:34:22.786,1.70684,1.70733,1.00,1.00
2016.10.21 02:34:23.676,1.70683,1.70732,1.00,1.00
2016.10.21 02:34:23.727,1.70681,1.7073,2.62,1.00
2016.10.21 02:34:23.879,1.70682,1.70727,1.00,1.00
2016.10.21 02:34:23.981,1.70682,1.70729,1.00,1.12
2016.10.21 02:34:24.060,1.70682,1.70727,1.00,1.00
2016.10.21 02:34:24.111,1.70682,1.70729,1.00,1.00
2016.10.21 02:34:24.625,1.70682,1.70728,1.00,1.00
2016.10.21 02:34:29.640,1.70682,1.70726,1.00,1.00
2016.10.21 02:34:29.691,1.70679,1.70726,1.00,1.00
2016.10.21 02:34:29.782,1.70681,1.70726,1.00,1.00
2016.10.21 02:34:31.840,1.70681,1.70724,1.00,1.00
2016.10.21 02:34:32.374,1.70682,1.70724,1.00,1.00
2016.10.21 02:34:33.502,1.70682,1.70722,1.00,1.00
2016.10.21 02:34:37.159,1.70682,1.70724,1.00,1.00
2016.10.21 02:34:37.261,1.70682,1.70726,1.00,1.00
2016.10.21 02:34:40.106,1.70682,1.70725,1.00,1.00
2016.10.21 02:34:41.371,1.70676,1.70725,1.34,1.00
2016.10.21 02:34:43.055,1.70676,1.70725,1.71,1.00
2016.10.21 02:34:43.187,1.70676,1.70725,1.34,1.00
2016.10.21 02:34:43.238,1.70676,1.70723,1.34,1.00
2016.10.21 02:34:43.340,1.70672,1.70717,1.37,1.00
2016.10.21 02:34:43.391,1.70671,1.70716,1.00,1.00
2016.10.21 02:34:43.493,1.70662,1.70706,1.50,1.00
2016.10.21 02:34:43.594,1.70662,1.70705,1.00,1.00
2016.10.21 02:34:43.797,1.70662,1.70707,1.00,1.00
2016.10.21 02:34:44.166,1.70662,1.70703,1.00,1.37
2016.10.21 02:34:44.251,1.70642,1.70688,1.00,1.00
2016.10.21 02:34:46.635,1.70641,1.70688,1.00,1.00
2016.10.21 02:34:47.216,1.70642,1.70688,1.00,1.00
2016.10.21 02:34:48.178,1.70642,1.70689,1.00,1.00
2016.10.21 02:34:48.698,1.70641,1.70696,1.12,1.00
2016.10.21 02:34:48.749,1.70639,1.70696,1.37,1.00
2016.10.21 02:34:49.065,1.70639,1.70698,1.37,1.00
2016.10.21 02:34:49.830,1.70641,1.70697,1.37,1.00
2016.10.21 02:34:50.134,1.70642,1.70697,1.87,1.00
2016.10.21 02:34:51.279,1.70642,1.70699,1.87,1.00
2016.10.21 02:34:51.330,1.70642,1.70699,2.62,1.00
2016.10.21 02:34:51.623,1.70645,1.707,1.87,1.00
2016.10.21 02:34:51.674,1.70645,1.70701,1.87,1.00
2016.10.21 02:34:51.725,1.70651,1.70701,1.00,1.00
2016.10.21 02:34:51.826,1.70651,1.70701,1.37,1.00
2016.10.21 02:34:52.545,1.70651,1.70701,1.12,1.00
2016.10.21 02:34:52.596,1.70651,1.70705,1.12,1.00
2016.10.21 02:34:52.647,1.70651,1.70707,1.37,1.00
2016.10.21 02:34:52.749,1.70652,1.70707,1.87,1.00
2016.10.21 02:34:52.800,1.70652,1.70708,1.87,1.50
2016.10.21 02:34:54.923,1.70652,1.70708,1.87,1.00
2016.10.21 02:34:55.027,1.70652,1.70708,1.37,1.00
2016.10.21 02:34:55.130,1.70652,1.70708,2.62,1.00
2016.10.21 02:34:55.181,1.70652,1.70708,2.62,1.50
2016.10.21 02:34:55.626,1.70652,1.70708,1.87,1.50
2016.10.21 02:34:55.677,1.70652,1.70708,1.87,1.00
2016.10.21 02:34:57.827,1.70653,1.70708,1.87,1.00
2016.10.21 02:34:58.549,1.70652,1.70708,1.87,1.00
2016.10.21 02:34:59.795,1.70651,1.70708,1.37,1.00
2016.10.21 02:34:59.846,1.70651,1.70708,1.37,1.50
2016.10.21 02:34:59.948,1.70651,1.70708,1.37,1.00
2016.10.21 02:35:00.808,1.70651,1.70708,2.62,1.00
2016.10.21 02:35:01.027,1.70662,1.70708,1.00,1.00
2016.10.21 02:35:01.627,1.70661,1.70708,1.00,1.00
2016.10.21 02:35:02.980,1.70661,1.70708,1.12,1.00
2016.10.21 02:35:03.132,1.70672,1.70708,1.00,1.00
2016.10.21 02:35:03.699,1.70662,1.70708,1.00,1.00
2016.10.21 02:35:03.800,1.70662,1.70713,1.00,1.00
2016.10.21 02:35:04.079,1.70662,1.70717,1.37,1.00
2016.10.21 02:35:04.130,1.70672,1.7072,1.00,1.37
2016.10.21 02:35:04.182,1.70672,1.70714,1.00,1.00
2016.10.21 02:35:04.233,1.70671,1.70718,1.00,1.00
2016.10.21 02:35:04.285,1.70671,1.70718,1.37,1.00
2016.10.21 02:35:04.382,1.70674,1.70724,1.37,1.00
2016.10.21 02:35:04.433,1.70682,1.70728,1.00,1.00
2016.10.21 02:35:04.484,1.70682,1.70731,1.37,1.00
2016.10.21 02:35:04.809,1.70685,1.70734,1.37,1.00
2016.10.21 02:35:04.860,1.70685,1.70734,1.87,1.00
2016.10.21 02:35:04.911,1.70688,1.70738,1.00,1.00
2016.10.21 02:35:04.962,1.70691,1.70739,1.12,1.00
2016.10.21 02:35:05.064,1.70692,1.70739,1.00,1.00
2016.10.21 02:35:05.114,1.70692,1.70741,1.00,1.00
2016.10.21 02:35:05.165,1.70696,1.70742,1.00,1.00
2016.10.21 02:35:05.267,1.70696,1.70744,1.00,1.00
2016.10.21 02:35:06.347,1.70692,1.70739,1.00,1.00
2016.10.21 02:35:06.781,1.70692,1.70741,1.00,1.00
2016.10.21 02:35:06.833,1.70691,1.70743,1.87,1.00
2016.10.21 02:35:06.985,1.70693,1.70742,1.37,1.00
2016.10.21 02:35:08.237,1.70692,1.70741,1.12,1.00
2016.10.21 02:35:08.329,1.70691,1.70741,1.87,1.00
2016.10.21 02:35:08.634,1.70691,1.70743,1.37,1.00
2016.10.21 02:35:08.685,1.70691,1.70743,1.87,1.00
2016.10.21 02:35:08.872,1.70691,1.70742,1.37,1.00
2016.10.21 02:35:08.974,1.70692,1.70741,1.00,1.00
2016.10.21 02:35:09.344,1.70692,1.70741,1.12,1.00
2016.10.21 02:35:10.118,1.70692,1.7074,1.12,1.00
2016.10.21 02:35:10.169,1.70692,1.7074,1.37,1.00
2016.10.21 02:35:10.703,1.70711,1.7074,1.00,1.00
2016.10.21 02:35:10.757,1.70711,1.70761,1.50,1.00
2016.10.21 02:35:10.808,1.70713,1.70762,1.00,1.00
2016.10.21 02:35:10.859,1.70712,1.70764,1.00,1.00
2016.10.21 02:35:10.961,1.70712,1.70764,1.50,1.00
2016.10.21 02:35:11.063,1.70712,1.70764,1.87,1.00
2016.10.21 02:35:11.574,1.70713,1.70764,1.37,1.00
2016.10.21 02:35:11.675,1.70713,1.70764,1.87,1.00
2016.10.21 02:35:13.237,1.70713,1.70764,1.37,1.00
2016.10.21 02:35:20.392,1.70713,1.70764,1.87,1.00
2016.10.21 02:35:21.271,1.70715,1.70764,1.87,1.00
2016.10.21 02:35:22.423,1.70715,1.70764,2.62,1.00
2016.10.21 02:35:22.474,1.70715,1.70764,1.37,1.00
2016.10.21 02:35:23.386,1.70713,1.70765,1.87,1.00
2016.10.21 02:35:24.959,1.70715,1.70764,1.37,1.00
2016.10.21 02:35:27.573,1.70717,1.70768,1.12,1.00
2016.10.21 02:35:28.080,1.70717,1.70767,1.12,1.00
2016.10.21 02:35:28.336,1.70718,1.70768,1.37,1.00
2016.10.21 02:35:28.872,1.70719,1.70768,1.37,1.00
2016.10.21 02:35:32.151,1.70718,1.7077,2.62,1.00
2016.10.21 02:35:32.354,1.7072,1.7077,1.37,1.00
2016.10.21 02:35:32.405,1.70722,1.7077,1.37,1.00
2016.10.21 02:35:32.914,1.70722,1.7077,1.12,1.00
2016.10.21 02:35:32.965,1.70717,1.70769,2.62,1.00
2016.10.21 02:35:33.276,1.70717,1.70769,1.37,1.00
2016.10.21 02:35:34.277,1.70722,1.70769,1.00,1.00
2016.10.21 02:35:34.328,1.70722,1.70769,1.37,1.00
2016.10.21 02:35:36.665,1.70718,1.7077,2.62,1.00
2016.10.21 02:35:36.716,1.70718,1.7077,1.37,1.00
2016.10.21 02:35:37.179,1.70722,1.7077,1.12,1.00
2016.10.21 02:35:37.626,1.70722,1.7077,1.37,1.00
2016.10.21 02:35:38.211,1.70718,1.70767,1.87,1.00
2016.10.21 02:35:38.262,1.70717,1.70767,2.62,1.00
2016.10.21 02:35:38.686,1.70717,1.70769,1.87,1.00
2016.10.21 02:35:38.737,1.70717,1.70769,2.62,1.00
2016.10.21 02:35:38.890,1.70722,1.70769,1.12,1.00
2016.10.21 02:35:38.940,1.70722,1.70769,1.37,1.00
2016.10.21 02:35:40.031,1.70722,1.70769,1.12,1.00
2016.10.21 02:35:40.082,1.70717,1.70769,2.62,1.00
2016.10.21 02:35:40.476,1.70722,1.70769,1.50,1.00
2016.10.21 02:35:40.527,1.70724,1.70775,1.37,1.00
2016.10.21 02:35:40.629,1.70724,1.70775,1.12,1.00
2016.10.21 02:35:41.999,1.70721,1.70769,1.37,1.00
2016.10.21 02:35:48.715,1.70722,1.70771,1.37,1.00
2016.10.21 02:35:49.052,1.70722,1.70772,1.87,1.00
2016.10.21 02:35:49.173,1.70722,1.70772,1.37,1.00
2016.10.21 02:35:49.725,1.70722,1.70773,1.37,1.00
2016.10.21 02:35:50.904,1.70721,1.70773,3.37,1.00
2016.10.21 02:35:50.955,1.70723,1.70773,1.37,1.00
2016.10.21 02:35:51.063,1.70734,1.70781,1.00,1.12
2016.10.21 02:35:51.215,1.70734,1.70781,1.00,1.12
2016.10.21 02:35:57.543,1.70734,1.70781,1.00,1.00
2016.10.21 02:35:58.346,1.70735,1.70781,1.00,1.00
2016.10.21 02:35:58.447,1.70735,1.70784,1.00,1.12
2016.10.21 02:35:58.549,1.70735,1.70787,1.00,1.37
2016.10.21 02:35:58.835,1.7074,1.70789,1.00,2.62
2016.10.21 02:35:58.886,1.70747,1.70789,1.00,1.37
2016.10.21 02:35:59.181,1.70748,1.70789,1.00,1.00
2016.10.21 02:35:59.238,1.70748,1.70797,1.00,2.62
2016.10.21 02:36:00.960,1.70749,1.70797,1.00,2.62
2016.10.21 02:36:01.276,1.7075,1.70797,1.00,1.37
2016.10.21 02:36:01.327,1.7075,1.708,1.00,1.87
2016.10.21 02:36:01.456,1.7075,1.70802,1.00,1.37
2016.10.21 02:36:02.709,1.70756,1.70803,1.00,1.37
2016.10.21 02:36:02.760,1.70759,1.70803,1.00,1.00
2016.10.21 02:36:02.862,1.70756,1.70806,1.00,1.37
2016.10.21 02:36:02.913,1.70756,1.70805,1.00,1.00
2016.10.21 02:36:02.964,1.70754,1.70803,1.00,2.62
2016.10.21 02:36:03.015,1.70749,1.70801,1.00,1.37
2016.10.21 02:36:03.065,1.70749,1.708,1.00,1.87
2016.10.21 02:36:03.370,1.70749,1.70801,1.00,1.00
2016.10.21 02:36:03.421,1.70756,1.70806,1.00,1.37
2016.10.21 02:36:03.472,1.7076,1.70808,1.00,2.62
2016.10.21 02:36:03.523,1.70764,1.70808,1.00,2.62
2016.10.21 02:36:03.573,1.70764,1.70808,1.00,1.12
2016.10.21 02:36:03.624,1.70764,1.70813,1.00,2.25
2016.10.21 02:36:03.675,1.70764,1.70816,1.00,1.87
2016.10.21 02:36:03.777,1.70764,1.70814,1.00,1.87
2016.10.21 02:36:03.827,1.70762,1.70812,1.00,1.37
2016.10.21 02:36:03.929,1.7076,1.7081,1.00,1.12
2016.10.21 02:36:04.081,1.7076,1.7081,1.00,1.37
2016.10.21 02:36:04.547,1.70758,1.70809,1.00,1.37
2016.10.21 02:36:05.027,1.70758,1.70809,1.00,1.37
2016.10.21 02:36:05.077,1.70758,1.70808,1.00,1.37
2016.10.21 02:36:08.028,1.70756,1.70808,1.00,1.37
2016.10.21 02:36:11.532,1.7076,1.70812,1.00,1.37
2016.10.21 02:36:11.895,1.70762,1.70812,1.00,1.37
2016.10.21 02:36:12.272,1.70762,1.70813,1.00,1.87
2016.10.21 02:36:12.323,1.70762,1.70812,1.00,1.37
2016.10.21 02:36:12.624,1.70765,1.70813,1.00,1.87
2016.10.21 02:36:12.726,1.70768,1.70816,1.00,1.87
2016.10.21 02:36:12.828,1.7077,1.7082,1.00,1.37
2016.10.21 02:36:13.236,1.70767,1.70817,1.00,1.37
2016.10.21 02:36:14.113,1.70765,1.70816,1.00,1.37
2016.10.21 02:36:15.524,1.70764,1.70814,1.00,1.00
2016.10.21 02:36:18.207,1.70761,1.70814,1.00,1.37
2016.10.21 02:36:18.514,1.70761,1.70814,1.00,1.12
2016.10.21 02:36:20.776,1.70763,1.70814,1.00,1.12
2016.10.21 02:36:21.623,1.70761,1.70813,1.00,1.00
2016.10.21 02:36:21.674,1.70758,1.70811,1.00,1.00
2016.10.21 02:36:21.724,1.70758,1.7081,1.00,1.37
2016.10.21 02:36:21.775,1.70756,1.70808,1.00,1.87
2016.10.21 02:36:21.928,1.70757,1.70807,1.00,1.37
2016.10.21 02:36:21.979,1.70755,1.70807,1.00,1.37
2016.10.21 02:36:22.133,1.70755,1.70807,1.00,1.12
2016.10.21 02:36:22.653,1.70756,1.70807,1.00,1.12
2016.10.21 02:36:22.896,1.70756,1.70807,1.00,1.37
2016.10.21 02:36:24.964,1.70755,1.70807,1.00,1.37
2016.10.21 02:36:25.015,1.70755,1.70807,1.00,1.12
2016.10.21 02:36:29.393,1.70757,1.70807,1.00,1.37
2016.10.21 02:36:31.026,1.70757,1.70807,1.00,2.62
2016.10.21 02:36:32.681,1.70755,1.70807,1.00,2.62
2016.10.21 02:36:33.832,1.70758,1.70808,1.00,1.87
2016.10.21 02:36:34.196,1.7076,1.70808,1.00,1.00
2016.10.21 02:36:34.279,1.7076,1.70808,1.00,1.00
2016.10.21 02:36:34.381,1.7076,1.7081,1.00,1.12
2016.10.21 02:36:35.127,1.70759,1.70812,1.00,1.00
2016.10.21 02:36:36.632,1.70761,1.70811,1.00,1.00
2016.10.21 02:36:36.734,1.70761,1.70808,1.00,1.87
2016.10.21 02:36:36.785,1.70759,1.70808,1.00,1.87
2016.10.21 02:36:36.836,1.70754,1.70807,1.00,1.37
2016.10.21 02:36:36.887,1.70754,1.70806,1.00,1.12
2016.10.21 02:36:36.938,1.70754,1.70805,1.00,2.62
2016.10.21 02:36:36.989,1.70753,1.70804,1.00,1.37
2016.10.21 02:36:37.040,1.70752,1.70803,1.50,1.37
2016.10.21 02:36:37.401,1.70753,1.70804,1.00,1.37
2016.10.21 02:36:39.132,1.70741,1.70792,2.25,1.00
2016.10.21 02:36:39.207,1.70741,1.70792,1.37,1.00
2016.10.21 02:36:40.814,1.70741,1.70791,1.37,1.00
2016.10.21 02:36:44.567,1.7074,1.70793,1.37,1.00
2016.10.21 02:36:44.974,1.7074,1.70791,1.37,1.00
2016.10.21 02:36:45.972,1.70739,1.70791,1.37,1.00
2016.10.21 02:36:47.522,1.7074,1.70792,1.37,1.00
2016.10.21 02:36:47.815,1.70742,1.70792,1.00,1.00
2016.10.21 02:36:48.259,1.7074,1.70793,1.37,1.00
2016.10.21 02:36:48.965,1.7074,1.70792,1.37,1.00
2016.10.21 02:36:49.640,1.7074,1.70792,1.00,1.37
2016.10.21 02:36:49.741,1.7074,1.70793,1.00,2.62
2016.10.21 02:36:50.916,1.70739,1.70792,1.00,1.37
2016.10.21 02:36:51.994,1.70744,1.70795,1.00,1.87
2016.10.21 02:36:52.095,1.70746,1.70795,1.00,1.87
2016.10.21 02:36:52.724,1.70745,1.70795,1.00,1.87
2016.10.21 02:36:52.995,1.70745,1.70797,1.00,1.87
2016.10.21 02:36:55.073,1.70746,1.70797,1.00,1.37
2016.10.21 02:36:55.124,1.70744,1.70797,1.00,1.87
2016.10.21 02:36:55.175,1.70744,1.70795,1.00,1.37
2016.10.21 02:36:55.226,1.70743,1.70794,1.00,1.12
2016.10.21 02:36:55.277,1.70743,1.70796,1.00,1.37
2016.10.21 02:36:55.581,1.70745,1.70796,1.00,1.37
2016.10.21 02:36:56.772,1.70745,1.70796,1.00,1.12
2016.10.21 02:36:59.543,1.70745,1.70796,1.00,1.37
2016.10.21 02:37:00.052,1.70745,1.70797,1.00,1.37
2016.10.21 02:37:05.271,1.70745,1.70796,1.00,1.37
2016.10.21 02:37:05.779,1.70745,1.70795,1.00,1.37
2016.10.21 02:37:06.865,1.70746,1.70796,1.00,1.37
2016.10.21 02:37:08.637,1.70742,1.70795,1.50,1.12
2016.10.21 02:37:08.688,1.70742,1.70789,1.00,1.37
2016.10.21 02:37:08.739,1.70742,1.70785,1.00,1.12
2016.10.21 02:37:08.790,1.70733,1.70785,1.75,1.12
2016.10.21 02:37:08.841,1.70732,1.70783,1.37,1.00
2016.10.21 02:37:08.892,1.7073,1.70783,1.00,1.12
2016.10.21 02:37:08.943,1.70729,1.70781,1.87,1.00
2016.10.21 02:37:09.572,1.70729,1.70781,1.50,1.00
2016.10.21 02:37:09.922,1.70732,1.70784,1.00,1.37
2016.10.21 02:37:10.184,1.70736,1.70789,1.00,2.62
2016.10.21 02:37:10.388,1.70738,1.70788,1.00,1.00
2016.10.21 02:37:10.439,1.70739,1.70789,1.00,1.12
2016.10.21 02:37:10.490,1.70739,1.70791,1.00,1.37
2016.10.21 02:37:10.592,1.70739,1.70791,1.00,1.00
2016.10.21 02:37:11.068,1.7074,1.7079,1.00,1.12
2016.10.21 02:37:11.387,1.70741,1.70792,1.00,1.37
2016.10.21 02:37:11.876,1.70742,1.70793,1.00,1.00
2016.10.21 02:37:11.978,1.70742,1.70793,1.00,1.12
2016.10.21 02:37:12.127,1.70742,1.70794,1.00,1.37
2016.10.21 02:37:12.476,1.70744,1.70794,1.00,1.37
2016.10.21 02:37:12.527,1.70741,1.70793,1.00,1.12
2016.10.21 02:37:13.072,1.70742,1.70795,1.00,1.37
2016.10.21 02:37:13.383,1.70746,1.70797,1.00,1.37
2016.10.21 02:37:13.485,1.70744,1.70796,1.00,1.37
2016.10.21 02:37:13.536,1.70746,1.70798,1.00,1.37
2016.10.21 02:37:14.682,1.70746,1.70798,1.00,1.87
2016.10.21 02:37:15.458,1.70746,1.70798,1.00,1.37
2016.10.21 02:37:15.968,1.70746,1.70797,1.00,1.37
2016.10.21 02:37:18.471,1.70746,1.70796,1.00,1.37
2016.10.21 02:37:19.621,1.70747,1.70798,1.00,1.37
2016.10.21 02:37:20.181,1.70745,1.70796,1.00,1.00
2016.10.21 02:37:20.710,1.70744,1.70796,1.00,1.37
2016.10.21 02:37:20.812,1.70745,1.70796,1.00,1.12
2016.10.21 02:37:20.923,1.70746,1.70798,1.00,1.37
2016.10.21 02:37:20.974,1.70743,1.70796,1.00,1.12
2016.10.21 02:37:21.025,1.70747,1.70798,1.00,1.87
2016.10.21 02:37:21.378,1.70748,1.70799,1.00,1.37
2016.10.21 02:37:21.429,1.70745,1.70795,1.00,1.12
2016.10.21 02:37:21.531,1.70742,1.70795,1.00,1.12
2016.10.21 02:37:21.582,1.70741,1.70794,1.00,1.00
2016.10.21 02:37:21.633,1.70741,1.70794,1.00,1.37
2016.10.21 02:37:21.800,1.70741,1.70794,1.00,1.12
2016.10.21 02:37:22.005,1.70741,1.70794,1.00,1.37
2016.10.21 02:37:22.367,1.70744,1.70796,1.00,1.37
2016.10.21 02:37:22.582,1.70741,1.70794,1.00,1.12
2016.10.21 02:37:22.633,1.70741,1.70794,1.00,1.37
2016.10.21 02:37:22.894,1.7074,1.70792,1.00,1.12
2016.10.21 02:37:22.945,1.7074,1.70792,1.00,1.37
2016.10.21 02:37:23.148,1.7074,1.70792,1.00,1.37
2016.10.21 02:37:23.199,1.7074,1.70792,1.00,1.37
2016.10.21 02:37:23.250,1.70742,1.70792,1.00,1.87
2016.10.21 02:37:24.228,1.7074,1.70791,1.00,1.37
2016.10.21 02:37:25.314,1.7074,1.70791,1.00,1.12
2016.10.21 02:37:25.415,1.70738,1.70788,1.00,1.00
2016.10.21 02:37:25.517,1.70736,1.70789,1.00,1.37
2016.10.21 02:37:25.568,1.70736,1.70787,1.00,1.12
2016.10.21 02:37:25.619,1.70736,1.70787,1.00,1.00
2016.10.21 02:37:26.218,1.70736,1.70786,1.00,1.37
2016.10.21 02:37:26.270,1.70732,1.70778,1.00,1.00
2016.10.21 02:37:26.321,1.70727,1.70778,1.00,1.00
2016.10.21 02:37:26.423,1.70726,1.70776,1.00,1.00
2016.10.21 02:37:26.524,1.70727,1.70778,1.00,1.00
2016.10.21 02:37:27.076,1.70727,1.70779,1.00,1.00
2016.10.21 02:37:29.108,1.70731,1.70779,1.00,1.00
2016.10.21 02:37:31.129,1.70727,1.70779,1.00,1.00
2016.10.21 02:37:34.362,1.70727,1.70779,1.00,1.12
2016.10.21 02:37:34.413,1.70726,1.70778,1.00,1.00
2016.10.21 02:37:35.147,1.70725,1.70778,1.00,1.00
2016.10.21 02:37:38.795,1.70725,1.70778,1.00,1.12
2016.10.21 02:37:38.846,1.70725,1.70778,1.00,1.87
2016.10.21 02:37:39.469,1.70722,1.70774,1.12,1.00
2016.10.21 02:37:39.520,1.70721,1.70774,1.37,1.00
2016.10.21 02:37:39.571,1.70721,1.70774,1.00,1.37
2016.10.21 02:37:39.622,1.7072,1.70773,1.00,1.12
2016.10.21 02:37:39.706,1.70719,1.7077,1.00,1.00
2016.10.21 02:37:40.031,1.70719,1.7077,1.00,1.12
2016.10.21 02:37:40.478,1.70719,1.70771,1.00,1.37
2016.10.21 02:37:41.025,1.70716,1.70769,1.00,1.37
2016.10.21 02:37:41.076,1.70716,1.70769,1.12,1.00
2016.10.21 02:37:41.178,1.70718,1.70771,1.12,1.50
2016.10.21 02:37:43.726,1.70718,1.70771,1.00,1.50
2016.10.21 02:37:43.856,1.70712,1.70756,1.87,1.00
2016.10.21 02:37:43.957,1.70712,1.70756,1.87,1.00
2016.10.21 02:37:45.996,1.70712,1.70757,1.87,1.00
2016.10.21 02:37:46.047,1.70712,1.70755,1.87,1.00
2016.10.21 02:37:46.403,1.70712,1.70755,2.62,1.00
2016.10.21 02:37:46.784,1.70712,1.70756,1.87,1.00
2016.10.21 02:37:50.278,1.70712,1.70754,1.87,1.00
2016.10.21 02:37:50.648,1.70712,1.70756,1.87,1.00
2016.10.21 02:37:51.223,1.70712,1.70757,1.87,1.00
2016.10.21 02:37:51.579,1.7071,1.70757,1.87,1.00
2016.10.21 02:37:52.390,1.70708,1.70757,2.62,1.00
2016.10.21 02:37:52.981,1.70708,1.70755,2.62,1.00
2016.10.21 02:37:55.754,1.70712,1.70755,1.37,1.00
2016.10.21 02:37:56.077,1.70708,1.70755,2.62,1.00
2016.10.21 02:37:56.581,1.70712,1.70755,1.37,1.00
2016.10.21 02:37:57.484,1.70711,1.70755,1.37,1.00
2016.10.21 02:37:57.558,1.7071,1.70752,1.87,1.00
2016.10.21 02:37:58.116,1.70708,1.70752,2.62,1.00
2016.10.21 02:37:58.856,1.70708,1.70753,2.62,1.00
2016.10.21 02:38:00.420,1.70709,1.70753,1.87,1.00
2016.10.21 02:38:01.922,1.70708,1.70753,2.62,1.00
2016.10.21 02:38:04.675,1.70708,1.70752,2.62,1.00
2016.10.21 02:38:06.245,1.70708,1.70753,2.62,1.00
2016.10.21 02:38:07.880,1.70708,1.70755,2.62,1.00
2016.10.21 02:38:08.034,1.70708,1.70757,2.62,1.00
2016.10.21 02:38:11.023,1.70708,1.70759,2.62,1.00
2016.10.21 02:38:13.578,1.70712,1.70759,1.37,1.00
2016.10.21 02:38:13.993,1.70712,1.70759,1.00,1.00
2016.10.21 02:38:14.049,1.70708,1.70751,1.37,1.00
2016.10.21 02:38:14.258,1.70708,1.70751,1.00,1.00
2016.10.21 02:38:14.663,1.70708,1.7075,1.12,1.00
2016.10.21 02:38:18.994,1.70708,1.7075,1.00,1.00
2016.10.21 02:38:19.059,1.70702,1.70752,2.62,1.00
2016.10.21 02:38:19.446,1.70703,1.70754,2.62,1.00
2016.10.21 02:38:19.497,1.70712,1.70756,1.00,1.00
2016.10.21 02:38:19.547,1.70712,1.70756,2.62,1.00
2016.10.21 02:38:19.649,1.70716,1.7076,1.87,1.00
2016.10.21 02:38:20.234,1.70716,1.70761,1.87,1.00
2016.10.21 02:38:21.379,1.70716,1.70762,1.87,1.00
2016.10.21 02:38:21.431,1.70712,1.70762,2.62,1.00
2016.10.21 02:38:22.337,1.70721,1.70762,1.00,1.00
2016.10.21 02:38:22.919,1.70712,1.70762,2.62,1.00
2016.10.21 02:38:23.024,1.70712,1.70759,2.62,1.00
2016.10.21 02:38:23.570,1.70712,1.70758,2.62,1.00
2016.10.21 02:38:24.190,1.70712,1.70758,3.37,1.00
2016.10.21 02:38:24.241,1.70715,1.70758,1.87,1.00
2016.10.21 02:38:24.796,1.70715,1.70759,1.87,1.00
2016.10.21 02:38:26.209,1.70715,1.70762,3.00,1.00
2016.10.21 02:38:26.261,1.70717,1.70762,1.87,1.00
2016.10.21 02:38:26.703,1.70722,1.70764,1.12,1.00
2016.10.21 02:38:26.755,1.70722,1.70764,1.37,1.00
2016.10.21 02:38:27.565,1.70722,1.70765,1.37,1.00
2016.10.21 02:38:27.667,1.70721,1.70766,2.62,1.00
2016.10.21 02:38:27.717,1.70721,1.70767,1.87,1.00
2016.10.21 02:38:27.869,1.70719,1.70766,2.62,1.00
2016.10.21 02:38:28.586,1.70719,1.70765,2.62,1.00
2016.10.21 02:38:28.791,1.7072,1.70764,1.87,1.00
2016.10.21 02:38:29.095,1.70724,1.70767,1.87,1.00
2016.10.21 02:38:29.687,1.70724,1.70768,1.87,1.00
2016.10.21 02:38:29.788,1.70722,1.70769,1.87,1.00
2016.10.21 02:38:29.839,1.70722,1.70771,2.62,1.00
2016.10.21 02:38:29.890,1.70723,1.70773,1.37,1.00
2016.10.21 02:38:29.941,1.70723,1.70766,1.37,1.00
2016.10.21 02:38:30.043,1.7072,1.70765,1.87,1.00
2016.10.21 02:38:30.247,1.70722,1.70766,1.37,1.00
2016.10.21 02:38:30.299,1.70722,1.70768,1.37,1.00
2016.10.21 02:38:30.912,1.70724,1.70768,1.87,1.00
2016.10.21 02:38:31.066,1.70722,1.70769,2.62,1.00
2016.10.21 02:38:31.621,1.70722,1.70769,1.87,1.00
2016.10.21 02:38:32.328,1.70722,1.70769,1.87,1.00
2016.10.21 02:38:32.533,1.70722,1.70769,1.87,1.00
2016.10.21 02:38:35.353,1.70725,1.70769,1.37,1.00
2016.10.21 02:38:35.866,1.70725,1.70769,2.62,1.00
2016.10.21 02:38:36.370,1.70725,1.70769,1.37,1.00
2016.10.21 02:38:36.878,1.70724,1.70769,1.37,1.00
2016.10.21 02:38:37.404,1.70724,1.70768,1.37,1.00
2016.10.21 02:38:38.763,1.70724,1.70769,1.37,1.00
2016.10.21 02:38:44.049,1.70724,1.70769,2.62,1.00
2016.10.21 02:38:44.497,1.70726,1.7077,1.37,1.00
2016.10.21 02:38:44.550,1.70728,1.7077,1.87,1.00
2016.10.21 02:38:45.124,1.70728,1.70771,1.87,1.00
2016.10.21 02:38:45.971,1.70728,1.7077,1.87,1.00
2016.10.21 02:38:46.022,1.70726,1.7077,1.37,1.00
2016.10.21 02:38:47.322,1.70724,1.7077,1.37,1.00
2016.10.21 02:38:47.373,1.70724,1.70767,1.37,1.00
2016.10.21 02:38:47.626,1.70724,1.70766,2.62,1.00
2016.10.21 02:38:49.319,1.70726,1.70766,2.62,1.00
2016.10.21 02:38:49.370,1.70726,1.70768,2.62,1.00
2016.10.21 02:38:49.522,1.70728,1.70768,1.87,1.00
2016.10.21 02:38:50.106,1.70727,1.70769,1.87,1.00
2016.10.21 02:38:50.182,1.70727,1.70769,3.00,1.00
2016.10.21 02:38:51.261,1.70727,1.70769,2.25,1.00
2016.10.21 02:38:51.414,1.70726,1.70769,2.62,1.00
2016.10.21 02:38:51.516,1.70726,1.70766,2.62,1.00
2016.10.21 02:38:51.770,1.70726,1.7077,2.62,1.00
2016.10.21 02:38:51.821,1.70728,1.70771,2.25,1.00
2016.10.21 02:38:52.026,1.70726,1.70771,1.87,1.00
2016.10.21 02:38:53.128,1.70726,1.70771,1.50,1.00
2016.10.21 02:38:53.179,1.70726,1.70771,1.37,1.00
2016.10.21 02:38:53.636,1.70722,1.70768,1.87,1.00
2016.10.21 02:38:54.524,1.70722,1.70767,1.87,1.00
2016.10.21 02:38:56.426,1.70722,1.70765,1.12,1.00
2016.10.21 02:38:56.527,1.70722,1.70762,1.00,1.00
2016.10.21 02:38:57.054,1.70722,1.70761,1.12,1.00
2016.10.21 02:38:57.257,1.70715,1.70757,1.37,1.00
2016.10.21 02:38:57.879,1.70712,1.70754,1.46,1.00
2016.10.21 02:39:00.077,1.70712,1.70756,1.46,1.00
2016.10.21 02:39:00.622,1.70712,1.70756,1.37,1.00
2016.10.21 02:39:00.885,1.70713,1.70762,1.87,1.00
2016.10.21 02:39:00.962,1.70717,1.70762,1.37,1.00
2016.10.21 02:39:01.064,1.70717,1.70762,1.12,1.00
2016.10.21 02:39:01.165,1.70713,1.70756,1.37,1.00
2016.10.21 02:39:01.420,1.70714,1.70757,1.12,1.00
2016.10.21 02:39:01.471,1.70712,1.70759,1.37,1.00
2016.10.21 02:39:01.522,1.70712,1.70756,1.37,1.00
2016.10.21 02:39:01.955,1.70716,1.7076,1.12,1.00
2016.10.21 02:39:02.260,1.70716,1.7076,1.37,1.00
2016.10.21 02:39:02.462,1.70716,1.70761,1.12,1.00
2016.10.21 02:39:02.564,1.70712,1.70756,1.37,1.00
2016.10.21 02:39:02.962,1.70714,1.70758,1.37,1.00
2016.10.21 02:39:03.063,1.70712,1.70756,1.87,1.00
2016.10.21 02:39:03.165,1.70712,1.70756,1.37,1.00
2016.10.21 02:39:03.216,1.70712,1.70758,1.37,1.00
2016.10.21 02:39:03.267,1.70715,1.70758,1.37,1.00
2016.10.21 02:39:03.419,1.70714,1.7076,1.37,1.00
2016.10.21 02:39:03.521,1.70714,1.70758,1.37,1.00
2016.10.21 02:39:05.661,1.70716,1.7076,1.37,1.00
2016.10.21 02:39:06.077,1.70714,1.7076,1.37,1.00
2016.10.21 02:39:06.679,1.70715,1.7076,1.37,1.00
2016.10.21 02:39:08.177,1.70714,1.7076,1.37,1.00
2016.10.21 02:39:08.769,1.70714,1.70754,1.12,1.00
2016.10.21 02:39:08.871,1.70711,1.70752,1.37,1.00
2016.10.21 02:39:08.922,1.7071,1.70751,1.50,1.00
2016.10.21 02:39:08.973,1.70706,1.70751,1.37,1.00
2016.10.21 02:39:09.081,1.70704,1.70749,1.37,1.00
2016.10.21 02:39:10.178,1.70703,1.70749,1.87,1.00
2016.10.21 02:39:11.078,1.70703,1.70749,1.37,1.00
2016.10.21 02:39:11.541,1.70703,1.70749,1.87,1.00
2016.10.21 02:39:11.842,1.70703,1.70749,1.37,1.00
2016.10.21 02:39:12.176,1.70703,1.70749,1.87,1.00
2016.10.21 02:39:12.936,1.70703,1.70749,1.37,1.00
2016.10.21 02:39:12.987,1.70705,1.70748,1.87,1.00
2016.10.21 02:39:13.254,1.70705,1.7075,1.87,1.00
2016.10.21 02:39:13.628,1.70706,1.70748,1.87,1.00
2016.10.21 02:39:14.444,1.70706,1.70748,1.37,1.00
2016.10.21 02:39:16.282,1.70705,1.70748,1.37,1.00
2016.10.21 02:39:16.784,1.70704,1.70748,1.37,1.00
2016.10.21 02:39:17.449,1.70707,1.70749,1.37,1.00
2016.10.21 02:39:17.500,1.70705,1.70749,1.37,1.00
2016.10.21 02:39:17.876,1.70705,1.70749,1.87,1.00
2016.10.21 02:39:18.001,1.70703,1.70749,3.37,1.00
2016.10.21 02:39:18.358,1.70703,1.70749,1.87,1.00
2016.10.21 02:39:23.079,1.70703,1.70749,1.37,1.00
2016.10.21 02:39:27.260,1.70703,1.70749,1.87,1.00
2016.10.21 02:39:27.361,1.70703,1.70746,1.87,1.00
2016.10.21 02:39:27.688,1.70703,1.70746,1.37,1.00
2016.10.21 02:39:27.823,1.70703,1.70746,1.37,1.00
2016.10.21 02:39:28.154,1.70703,1.70745,1.37,1.00
2016.10.21 02:39:28.668,1.70703,1.70748,1.37,1.00
2016.10.21 02:39:28.960,1.70703,1.70748,2.62,1.00
2016.10.21 02:39:29.112,1.70703,1.70749,1.37,1.00
2016.10.21 02:39:29.325,1.70703,1.70749,1.37,1.00
2016.10.21 02:39:30.026,1.70703,1.70748,1.37,1.00
2016.10.21 02:39:30.077,1.70702,1.70746,1.37,1.00
2016.10.21 02:39:30.596,1.70701,1.70745,1.37,1.00
2016.10.21 02:39:30.647,1.70699,1.70745,1.46,1.00
2016.10.21 02:39:31.150,1.70699,1.70744,1.46,1.00
2016.10.21 02:39:33.237,1.70702,1.70744,1.12,1.00
2016.10.21 02:39:34.125,1.70702,1.70745,1.12,1.00
2016.10.21 02:39:35.811,1.70701,1.70745,2.62,1.00
2016.10.21 02:39:35.862,1.70701,1.70748,2.62,1.00
2016.10.21 02:39:36.276,1.70704,1.70749,1.37,1.00
2016.10.21 02:39:36.328,1.70704,1.70747,1.37,1.00
2016.10.21 02:39:37.062,1.70704,1.70741,1.37,1.00
2016.10.21 02:39:37.378,1.707,1.70738,1.37,1.00
2016.10.21 02:39:37.480,1.70696,1.70738,2.62,1.00
2016.10.21 02:39:37.531,1.70696,1.70738,1.37,1.00
2016.10.21 02:39:38.078,1.70697,1.70738,1.37,1.00
2016.10.21 02:39:38.193,1.70697,1.70736,1.37,1.00
2016.10.21 02:39:38.550,1.70694,1.70732,1.37,1.00
2016.10.21 02:39:38.602,1.70694,1.70734,1.00,1.00
2016.10.21 02:39:38.704,1.70688,1.70734,2.62,1.00
2016.10.21 02:39:38.929,1.70688,1.70736,2.62,1.00
2016.10.21 02:39:38.981,1.70688,1.70733,2.62,1.00
2016.10.21 02:39:39.515,1.70688,1.70731,2.62,1.00
2016.10.21 02:39:39.617,1.70691,1.70731,1.37,1.00
2016.10.21 02:39:40.526,1.70691,1.70733,1.37,1.00
2016.10.21 02:39:41.047,1.70691,1.70733,2.62,1.00
2016.10.21 02:39:41.098,1.70692,1.70733,1.37,1.00
2016.10.21 02:39:41.970,1.70692,1.70735,1.37,1.00
2016.10.21 02:39:42.284,1.70691,1.70735,1.87,1.00
2016.10.21 02:39:42.335,1.7069,1.70733,1.37,1.00
2016.10.21 02:39:42.436,1.70691,1.70731,1.87,1.00
2016.10.21 02:39:42.537,1.7069,1.7073,1.37,1.00
2016.10.21 02:39:42.588,1.70688,1.70729,1.87,1.00
2016.10.21 02:39:42.639,1.70688,1.70727,1.87,1.00
2016.10.21 02:39:43.027,1.70687,1.70727,2.62,1.00
2016.10.21 02:39:43.078,1.70687,1.70727,1.87,1.00
2016.10.21 02:39:43.129,1.70687,1.70727,1.87,1.00
2016.10.21 02:39:43.546,1.70688,1.70733,1.37,1.00
2016.10.21 02:39:43.597,1.70693,1.70736,1.00,1.00
2016.10.21 02:39:43.648,1.70693,1.70736,1.37,1.00
2016.10.21 02:39:43.699,1.70694,1.70736,1.12,1.00
2016.10.21 02:39:43.749,1.70694,1.7074,1.37,1.00
2016.10.21 02:39:44.029,1.70697,1.7074,1.00,1.00
2016.10.21 02:39:45.039,1.70697,1.70738,1.00,1.00
2016.10.21 02:39:45.997,1.70697,1.7074,1.00,1.00
2016.10.21 02:39:46.721,1.70697,1.70739,1.12,1.00
2016.10.21 02:39:48.129,1.70697,1.70739,1.37,1.00
2016.10.21 02:39:49.548,1.70712,1.70739,1.00,1.00
2016.10.21 02:39:49.600,1.7071,1.70756,1.87,1.00
2016.10.21 02:39:49.651,1.70709,1.70756,1.37,1.00
2016.10.21 02:39:49.803,1.70708,1.70756,2.62,1.00
2016.10.21 02:39:49.904,1.7071,1.70756,1.37,1.00
2016.10.21 02:39:50.015,1.70708,1.70756,1.87,1.00
2016.10.21 02:39:50.223,1.7071,1.70756,1.37,1.00
2016.10.21 02:39:50.874,1.7071,1.70756,1.12,1.00
2016.10.21 02:39:50.975,1.7071,1.70751,1.00,1.00
2016.10.21 02:39:51.026,1.70707,1.70752,1.46,1.00
2016.10.21 02:39:51.077,1.70707,1.70752,1.12,1.00
2016.10.21 02:39:51.128,1.70704,1.70752,1.37,1.00
2016.10.21 02:39:51.280,1.70704,1.70749,1.37,1.00
2016.10.21 02:39:51.331,1.70703,1.70749,1.37,1.00
2016.10.21 02:39:51.534,1.70704,1.70749,1.37,1.00
2016.10.21 02:39:54.268,1.70719,1.70761,1.37,1.00
2016.10.21 02:39:54.319,1.70717,1.70764,1.87,1.00
2016.10.21 02:39:54.369,1.70721,1.70766,1.37,1.00
2016.10.21 02:39:54.420,1.7073,1.70766,1.00,1.50
2016.10.21 02:39:54.471,1.7073,1.70767,1.00,1.00
2016.10.21 02:39:54.522,1.70718,1.70764,1.37,1.00
2016.10.21 02:39:54.573,1.70719,1.70768,1.00,1.00
2016.10.21 02:39:54.827,1.70716,1.70767,1.87,1.00
2016.10.21 02:39:55.346,1.70716,1.70766,1.87,1.00
2016.10.21 02:39:55.525,1.70713,1.70765,1.87,1.00
2016.10.21 02:39:55.577,1.70713,1.70762,1.37,1.00
2016.10.21 02:39:56.123,1.70713,1.70761,1.37,1.00
2016.10.21 02:39:56.909,1.70712,1.70761,1.37,1.00
2016.10.21 02:39:57.404,1.7071,1.7076,1.87,1.00
2016.10.21 02:39:57.455,1.7071,1.70758,1.37,1.00
2016.10.21 02:39:57.505,1.70709,1.70759,2.25,1.00
2016.10.21 02:39:57.828,1.70709,1.70759,1.50,1.00
2016.10.21 02:39:58.476,1.70709,1.70757,1.50,1.00
2016.10.21 02:39:58.527,1.70708,1.70758,1.37,1.00
2016.10.21 02:40:01.167,1.70708,1.70759,1.37,1.00
2016.10.21 02:40:01.688,1.70707,1.70758,1.37,1.00
2016.10.21 02:40:01.840,1.70707,1.70757,1.87,1.00
2016.10.21 02:40:02.024,1.70707,1.70757,1.37,1.00
2016.10.21 02:40:02.126,1.70707,1.70757,1.87,1.00
2016.10.21 02:40:02.177,1.70707,1.70759,1.87,1.00
2016.10.21 02:40:02.228,1.70707,1.70757,1.37,1.00
2016.10.21 02:40:02.772,1.70707,1.70758,2.62,1.00
2016.10.21 02:40:02.950,1.70709,1.70758,1.87,1.00
2016.10.21 02:40:04.577,1.70707,1.70757,1.87,1.00
2016.10.21 02:40:04.628,1.70707,1.70755,1.87,1.00
2016.10.21 02:40:04.679,1.70705,1.70755,1.37,1.00
2016.10.21 02:40:04.994,1.70703,1.70754,3.37,1.00
2016.10.21 02:40:05.061,1.70703,1.70754,2.62,1.00
2016.10.21 02:40:05.682,1.70703,1.70753,1.37,1.00
2016.10.21 02:40:05.784,1.70703,1.70752,1.37,1.00
2016.10.21 02:40:06.580,1.70703,1.70753,1.37,1.00
2016.10.21 02:40:06.733,1.70702,1.70753,2.62,1.00
2016.10.21 02:40:06.886,1.70701,1.70753,1.37,1.00
2016.10.21 02:40:07.345,1.70704,1.70753,1.87,1.00
2016.10.21 02:40:07.448,1.70704,1.70755,1.87,1.00
2016.10.21 02:40:07.964,1.70702,1.70753,1.87,1.00
2016.10.21 02:40:08.656,1.70704,1.70753,1.37,1.00
2016.10.21 02:40:09.172,1.70699,1.70749,1.37,1.00
2016.10.21 02:40:09.298,1.70701,1.70753,1.37,1.00
2016.10.21 02:40:09.652,1.70699,1.70749,1.37,1.00
2016.10.21 02:40:10.248,1.70702,1.70749,1.87,1.00
2016.10.21 02:40:10.300,1.70713,1.70763,1.00,1.00
2016.10.21 02:40:10.402,1.70713,1.70763,1.37,1.00
2016.10.21 02:40:10.503,1.70712,1.70762,2.62,1.00
2016.10.21 02:40:10.605,1.70712,1.70762,1.37,1.00
2016.10.21 02:40:11.250,1.70712,1.70761,1.37,1.00
2016.10.21 02:40:11.352,1.70709,1.70761,2.62,1.00
2016.10.21 02:40:11.402,1.70709,1.70761,1.37,1.00
2016.10.21 02:40:11.925,1.70708,1.7076,1.37,1.00
2016.10.21 02:40:16.752,1.7071,1.7076,1.37,1.00
2016.10.21 02:40:16.940,1.70714,1.70763,1.00,1.00
2016.10.21 02:40:16.991,1.70715,1.70765,1.00,1.50
2016.10.21 02:40:17.093,1.70715,1.70765,1.37,1.50
2016.10.21 02:40:17.144,1.70714,1.70764,1.37,1.00
2016.10.21 02:40:19.321,1.70713,1.70764,1.37,1.00
2016.10.21 02:40:19.372,1.70712,1.70758,1.87,1.00
2016.10.21 02:40:19.424,1.7071,1.70757,1.87,1.00
2016.10.21 02:40:19.526,1.70706,1.70758,3.37,1.00
2016.10.21 02:40:19.577,1.70707,1.70759,1.37,1.00
2016.10.21 02:40:19.678,1.70706,1.70758,2.62,1.00
2016.10.21 02:40:19.830,1.70708,1.70758,1.37,1.00
2016.10.21 02:40:20.372,1.70709,1.70759,1.37,1.00
2016.10.21 02:40:23.578,1.70709,1.70761,1.37,1.00
2016.10.21 02:40:23.686,1.7071,1.70761,1.87,1.00
2016.10.21 02:40:24.340,1.70709,1.70761,1.37,1.00
2016.10.21 02:40:24.391,1.70707,1.70759,1.37,1.00
2016.10.21 02:40:30.123,1.7071,1.70759,1.87,1.00
2016.10.21 02:40:31.530,1.70708,1.7076,1.37,1.00
2016.10.21 02:40:31.879,1.70708,1.70758,1.37,1.00
2016.10.21 02:40:32.177,1.70708,1.7076,1.37,1.00
2016.10.21 02:40:32.228,1.7071,1.7076,2.62,1.00
2016.10.21 02:40:36.502,1.7071,1.7076,1.37,1.00
2016.10.21 02:40:39.508,1.70708,1.7076,1.37,1.00
2016.10.21 02:40:39.610,1.70707,1.70758,1.87,1.00
2016.10.21 02:40:42.373,1.70707,1.70759,1.87,1.00
2016.10.21 02:40:42.510,1.70707,1.70759,3.37,1.00
2016.10.21 02:40:44.146,1.70707,1.70759,1.87,1.00
2016.10.21 02:40:44.236,1.70707,1.70759,1.37,1.00
2016.10.21 02:40:48.155,1.70707,1.70759,1.87,1.00
2016.10.21 02:40:48.464,1.70707,1.70757,2.62,1.00
2016.10.21 02:40:48.515,1.70707,1.70756,1.87,1.00
2016.10.21 02:40:48.567,1.70702,1.70753,1.87,1.00
2016.10.21 02:40:48.668,1.70702,1.70753,1.37,1.00
2016.10.21 02:40:48.720,1.70702,1.70751,1.37,1.00
2016.10.21 02:40:48.821,1.70702,1.7075,1.12,1.00
2016.10.21 02:40:48.974,1.707,1.7075,1.37,1.00
2016.10.21 02:40:49.393,1.70698,1.7075,1.87,1.00
2016.10.21 02:40:53.141,1.70698,1.70748,1.37,1.00
2016.10.21 02:40:53.293,1.70695,1.70748,3.37,1.00
2016.10.21 02:40:54.174,1.70697,1.70749,1.37,1.00
2016.10.21 02:40:55.029,1.70698,1.70749,1.87,1.00
2016.10.21 02:40:55.374,1.70698,1.70747,1.87,1.00
2016.10.21 02:40:55.877,1.70698,1.70748,2.62,1.00
2016.10.21 02:40:55.979,1.70699,1.70749,1.87,1.00
2016.10.21 02:40:57.578,1.70699,1.70747,1.87,1.00
2016.10.21 02:40:57.680,1.70695,1.70746,1.37,1.00
2016.10.21 02:40:57.730,1.70696,1.70746,1.37,1.00
2016.10.21 02:40:58.068,1.70696,1.70747,1.87,1.00
2016.10.21 02:40:58.326,1.70696,1.70749,2.62,1.00
2016.10.21 02:40:58.377,1.70699,1.70746,1.87,1.00
2016.10.21 02:40:58.480,1.70696,1.70746,2.62,1.00
2016.10.21 02:40:59.090,1.70699,1.70748,1.37,1.00
2016.10.21 02:40:59.631,1.70699,1.70749,1.37,1.00
2016.10.21 02:41:00.165,1.70699,1.70748,1.37,1.00
2016.10.21 02:41:00.479,1.70699,1.70749,1.37,1.00
2016.10.21 02:41:00.846,1.70699,1.70751,1.37,1.00
2016.10.21 02:41:01.124,1.70699,1.70749,1.37,1.00
2016.10.21 02:41:01.175,1.70699,1.70749,2.62,1.00
2016.10.21 02:41:01.277,1.70699,1.70749,1.37,1.00
2016.10.21 02:41:02.332,1.70699,1.70748,1.37,1.00
2016.10.21 02:41:02.383,1.70699,1.7075,1.37,1.00
2016.10.21 02:41:02.876,1.70701,1.7075,1.37,1.00
2016.10.21 02:41:02.977,1.70701,1.7075,2.62,1.00
2016.10.21 02:41:04.774,1.70701,1.70749,2.62,1.00
2016.10.21 02:41:06.045,1.70696,1.70736,2.62,1.00
2016.10.21 02:41:06.096,1.70691,1.70734,1.12,1.00
2016.10.21 02:41:06.147,1.70688,1.70734,1.50,1.00
2016.10.21 02:41:06.198,1.70687,1.70731,1.37,1.00
2016.10.21 02:41:06.300,1.70687,1.70732,1.00,1.00
2016.10.21 02:41:06.402,1.70683,1.70732,1.37,1.00
2016.10.21 02:41:06.453,1.70683,1.70727,1.00,1.00
2016.10.21 02:41:06.606,1.70675,1.70726,1.37,1.00
2016.10.21 02:41:06.657,1.70675,1.70725,2.62,1.00
2016.10.21 02:41:06.707,1.70678,1.70726,1.37,1.00
2016.10.21 02:41:07.559,1.70678,1.70727,2.62,1.00
2016.10.21 02:41:07.661,1.70678,1.70727,1.37,1.00
2016.10.21 02:41:07.712,1.70676,1.70727,2.62,1.00
2016.10.21 02:41:08.090,1.70676,1.70725,2.62,1.00
2016.10.21 02:41:08.625,1.70676,1.70726,2.62,1.00
2016.10.21 02:41:09.649,1.70676,1.70725,2.62,1.00
2016.10.21 02:41:09.700,1.70676,1.70725,1.37,1.00
2016.10.21 02:41:09.911,1.70676,1.70727,1.37,1.00
2016.10.21 02:41:11.024,1.70676,1.70729,1.87,1.00
2016.10.21 02:41:11.075,1.70691,1.70737,1.12,1.37
2016.10.21 02:41:11.407,1.70697,1.70748,1.50,1.00
2016.10.21 02:41:11.458,1.70697,1.70746,1.50,1.00
2016.10.21 02:41:11.559,1.70694,1.70746,1.75,1.00
2016.10.21 02:41:11.610,1.70694,1.70747,1.37,1.00
2016.10.21 02:41:12.117,1.70697,1.70747,1.37,1.00
2016.10.21 02:41:12.442,1.707,1.70748,1.00,1.00
2016.10.21 02:41:12.493,1.707,1.70749,1.12,1.00
2016.10.21 02:41:12.543,1.707,1.70751,1.12,1.00
2016.10.21 02:41:12.990,1.70701,1.70751,1.37,1.00
2016.10.21 02:41:13.041,1.70701,1.70751,1.87,1.00
2016.10.21 02:41:13.274,1.70701,1.70749,1.37,1.00
2016.10.21 02:41:13.376,1.70699,1.70749,1.37,1.00
2016.10.21 02:41:13.687,1.70698,1.70748,1.87,1.00
2016.10.21 02:41:13.737,1.70692,1.70744,1.37,1.00
2016.10.21 02:41:15.389,1.70692,1.70745,1.37,1.00
2016.10.21 02:41:16.575,1.70693,1.70743,1.37,1.00
2016.10.21 02:41:17.272,1.70693,1.70744,1.37,1.00
2016.10.21 02:41:18.682,1.70692,1.70743,1.37,1.00
2016.10.21 02:41:19.380,1.70693,1.70743,1.37,1.00
2016.10.21 02:41:21.229,1.70693,1.70744,1.37,1.00
2016.10.21 02:41:21.331,1.7069,1.70742,1.87,1.00
2016.10.21 02:41:21.686,1.7069,1.70743,1.37,1.00
2016.10.21 02:41:22.096,1.70693,1.70744,1.37,1.00
2016.10.21 02:41:23.321,1.70693,1.70742,1.37,1.00
2016.10.21 02:41:24.338,1.70693,1.70743,1.37,1.00
2016.10.21 02:41:26.315,1.70693,1.70742,1.37,1.00
2016.10.21 02:41:26.826,1.70693,1.70743,1.37,1.00
2016.10.21 02:41:27.351,1.70693,1.70742,1.37,1.00
2016.10.21 02:41:28.021,1.70693,1.70743,1.37,1.00
2016.10.21 02:41:29.328,1.70693,1.70743,1.87,1.00
2016.10.21 02:41:31.824,1.70693,1.70738,1.00,1.00
2016.10.21 02:41:31.925,1.7069,1.70737,1.00,1.00
2016.10.21 02:41:32.307,1.70685,1.70736,1.37,1.00
2016.10.21 02:41:36.371,1.70685,1.70737,1.37,1.00
2016.10.21 02:41:37.219,1.70685,1.70735,1.37,1.00
2016.10.21 02:41:38.545,1.70686,1.70735,1.37,1.00
2016.10.21 02:41:40.982,1.70686,1.70734,1.37,1.00
2016.10.21 02:41:41.325,1.70683,1.70734,1.87,1.00
2016.10.21 02:41:42.153,1.70683,1.70732,1.87,1.00
2016.10.21 02:41:43.623,1.70683,1.70733,1.87,1.00
2016.10.21 02:41:44.256,1.70683,1.70733,2.62,1.00
2016.10.21 02:41:45.137,1.70683,1.70733,1.87,1.00
2016.10.21 02:41:45.206,1.70683,1.70733,2.62,1.00
2016.10.21 02:41:45.423,1.70683,1.70733,1.87,1.00
2016.10.21 02:41:45.753,1.70683,1.70731,1.87,1.00
2016.10.21 02:41:46.520,1.70683,1.70734,1.87,1.00
2016.10.21 02:41:47.372,1.70683,1.70733,1.87,1.00
2016.10.21 02:41:48.919,1.70683,1.70734,1.87,1.00
2016.10.21 02:41:50.173,1.70682,1.70734,2.62,1.00
2016.10.21 02:41:50.259,1.70684,1.70734,1.37,1.00
2016.10.21 02:41:55.001,1.70684,1.70733,1.37,1.00
2016.10.21 02:41:55.338,1.70684,1.70737,1.87,1.00
2016.10.21 02:41:56.647,1.70687,1.70738,1.12,1.00
2016.10.21 02:41:56.698,1.70689,1.7074,1.37,1.00
2016.10.21 02:41:57.522,1.7069,1.70741,1.12,1.00
2016.10.21 02:41:57.573,1.70695,1.70744,1.00,1.00
2016.10.21 02:41:57.624,1.70697,1.70747,1.00,1.00
2016.10.21 02:41:57.675,1.70696,1.70747,1.87,1.12
2016.10.21 02:41:57.726,1.70701,1.70752,1.00,1.00
2016.10.21 02:41:57.929,1.707,1.70751,1.50,1.00
2016.10.21 02:41:58.173,1.707,1.70753,1.50,1.00
2016.10.21 02:41:58.376,1.70718,1.70758,1.00,1.00
2016.10.21 02:41:58.744,1.70723,1.70762,1.00,1.37
2016.10.21 02:41:58.846,1.70725,1.70762,1.00,1.37
2016.10.21 02:41:58.897,1.70725,1.70762,1.00,1.12
2016.10.21 02:41:59.277,1.70724,1.70762,1.00,1.00
2016.10.21 02:41:59.328,1.70724,1.70762,1.00,1.00
2016.10.21 02:41:59.520,1.70728,1.70762,1.00,1.00
2016.10.21 02:41:59.723,1.70728,1.70765,1.00,1.37
2016.10.21 02:41:59.775,1.70727,1.70769,1.00,2.25
2016.10.21 02:41:59.826,1.70727,1.70769,1.00,1.87
2016.10.21 02:41:59.877,1.70724,1.70767,1.00,1.87
2016.10.21 02:41:59.928,1.70726,1.70767,1.00,1.87
2016.10.21 02:42:00.300,1.70726,1.70769,1.00,1.87
2016.10.21 02:42:00.621,1.70729,1.70769,1.00,1.87
2016.10.21 02:42:00.723,1.70727,1.70769,1.00,1.12
2016.10.21 02:42:00.978,1.70728,1.70769,1.00,1.00
2016.10.21 02:42:01.311,1.70731,1.70775,1.00,1.37
2016.10.21 02:42:01.628,1.70734,1.70775,1.00,1.37
2016.10.21 02:42:01.905,1.70734,1.70778,1.00,2.62
2016.10.21 02:42:01.956,1.70745,1.70779,1.00,1.37
2016.10.21 02:42:02.007,1.70745,1.70782,1.00,1.87
2016.10.21 02:42:02.058,1.70742,1.70783,1.00,1.12
2016.10.21 02:42:02.160,1.70745,1.70783,1.00,1.37
2016.10.21 02:42:02.261,1.70747,1.70783,1.00,1.00
2016.10.21 02:42:02.414,1.70749,1.70787,1.00,1.12
2016.10.21 02:42:02.465,1.70748,1.70789,1.00,1.37
2016.10.21 02:42:02.516,1.7075,1.70791,1.00,1.37
2016.10.21 02:42:02.567,1.70746,1.70791,1.00,1.00
2016.10.21 02:42:02.618,1.70747,1.70791,1.00,1.00
2016.10.21 02:42:02.669,1.70748,1.70791,1.00,2.62
2016.10.21 02:42:03.040,1.70748,1.70788,1.00,1.37
2016.10.21 02:42:03.349,1.7075,1.70788,1.00,1.37
2016.10.21 02:42:03.400,1.7075,1.70791,1.00,2.62
2016.10.21 02:42:03.451,1.70748,1.70791,1.50,2.62
2016.10.21 02:42:03.502,1.70748,1.70791,1.00,1.00
2016.10.21 02:42:03.677,1.70748,1.70791,1.00,1.37
2016.10.21 02:42:03.778,1.70748,1.70791,1.00,1.00
2016.10.21 02:42:05.024,1.70749,1.70791,1.00,1.00
2016.10.21 02:42:05.125,1.70751,1.70798,1.00,1.75
2016.10.21 02:42:05.176,1.70751,1.70798,1.00,1.37
2016.10.21 02:42:05.979,1.70746,1.70788,1.00,1.37
2016.10.21 02:42:06.470,1.70745,1.70789,1.00,1.12
2016.10.21 02:42:06.775,1.70747,1.70789,1.00,1.37
2016.10.21 02:42:06.978,1.70747,1.70789,1.00,1.12
2016.10.21 02:42:07.291,1.70745,1.70788,1.00,1.37
2016.10.21 02:42:07.448,1.70743,1.70791,1.50,1.87
2016.10.21 02:42:07.499,1.70743,1.70791,1.00,1.87
2016.10.21 02:42:07.601,1.70745,1.70794,1.00,1.87
2016.10.21 02:42:07.854,1.70748,1.70793,1.00,1.87
2016.10.21 02:42:07.905,1.70748,1.70795,1.00,1.87
2016.10.21 02:42:09.317,1.70747,1.70789,1.00,1.37
2016.10.21 02:42:09.571,1.70749,1.70789,1.00,1.37
2016.10.21 02:42:09.622,1.70747,1.70796,1.00,1.87
2016.10.21 02:42:10.206,1.70747,1.70795,1.00,1.87
2016.10.21 02:42:10.308,1.70752,1.70797,1.00,1.37
2016.10.21 02:42:10.622,1.70752,1.70795,1.00,1.87
2016.10.21 02:42:10.673,1.70759,1.70797,1.00,1.37
2016.10.21 02:42:10.875,1.70762,1.70799,1.00,1.00
2016.10.21 02:42:10.977,1.7076,1.70799,1.00,1.00
2016.10.21 02:42:11.129,1.70758,1.70799,1.00,1.00
2016.10.21 02:42:11.331,1.70758,1.70799,1.00,1.12
2016.10.21 02:42:11.650,1.70758,1.70804,1.00,2.62
2016.10.21 02:42:12.827,1.70759,1.70804,1.00,2.62
2016.10.21 02:42:12.928,1.70759,1.70799,1.00,1.12
2016.10.21 02:42:13.282,1.70759,1.70799,1.00,1.37
2016.10.21 02:42:13.334,1.70759,1.70799,1.00,1.00
2016.10.21 02:42:13.587,1.70759,1.70799,1.00,1.37
2016.10.21 02:42:13.689,1.70756,1.70799,1.00,1.37
2016.10.21 02:42:13.791,1.70754,1.70799,1.00,2.62
2016.10.21 02:42:13.893,1.70752,1.70797,1.00,1.87
2016.10.21 02:42:13.944,1.70752,1.70797,1.00,2.62
2016.10.21 02:42:14.224,1.7075,1.70797,1.00,2.62
2016.10.21 02:42:14.275,1.70752,1.70797,1.00,2.62
2016.10.21 02:42:14.890,1.70744,1.70789,1.00,1.37
2016.10.21 02:42:15.622,1.70746,1.70789,1.00,1.37
2016.10.21 02:42:15.724,1.70749,1.70793,1.00,1.87
2016.10.21 02:42:16.070,1.70749,1.70797,1.00,1.37
2016.10.21 02:42:16.876,1.70749,1.70797,1.00,1.37
2016.10.21 02:42:18.096,1.70749,1.70795,1.00,1.87
2016.10.21 02:42:19.882,1.70751,1.70788,1.00,1.37
2016.10.21 02:42:19.933,1.70752,1.70792,1.00,1.87
2016.10.21 02:42:20.035,1.7075,1.70795,1.00,1.87
2016.10.21 02:42:20.136,1.7075,1.70795,1.00,1.87
2016.10.21 02:42:21.106,1.7075,1.70797,1.00,1.37
2016.10.21 02:42:21.757,1.70751,1.70797,1.00,1.37
2016.10.21 02:42:22.079,1.70753,1.70797,1.00,1.37
2016.10.21 02:42:27.978,1.70752,1.70797,1.00,1.37
2016.10.21 02:42:29.537,1.70752,1.70797,1.00,1.50
2016.10.21 02:42:29.588,1.70747,1.70792,1.50,1.37
2016.10.21 02:42:29.639,1.70747,1.70792,1.00,2.62
2016.10.21 02:42:30.185,1.70746,1.70792,1.00,2.62
2016.10.21 02:42:30.573,1.70748,1.70792,1.00,2.62
2016.10.21 02:42:30.624,1.70745,1.70792,1.50,2.62
2016.10.21 02:42:30.819,1.70745,1.70792,1.00,2.62
2016.10.21 02:42:31.225,1.70745,1.70792,1.50,2.62
2016.10.21 02:42:31.276,1.70745,1.70792,1.00,2.62
2016.10.21 02:42:32.068,1.70745,1.70792,1.50,2.62
2016.10.21 02:42:32.471,1.70745,1.70792,1.00,2.62
2016.10.21 02:42:32.522,1.70745,1.70792,1.50,2.62
2016.10.21 02:42:32.875,1.70747,1.70792,1.50,2.62
2016.10.21 02:42:33.319,1.70747,1.70792,1.00,2.62
2016.10.21 02:42:33.370,1.70747,1.70792,1.50,2.62
2016.10.21 02:42:33.823,1.70747,1.70792,1.00,2.62
2016.10.21 02:42:34.523,1.70747,1.70792,1.50,2.62
2016.10.21 02:42:35.219,1.70747,1.70792,1.00,2.62
2016.10.21 02:42:35.923,1.70747,1.70792,1.50,2.62
2016.10.21 02:42:38.633,1.70747,1.70792,1.50,1.00
2016.10.21 02:42:39.736,1.70748,1.70792,1.00,1.00
2016.10.21 02:42:39.786,1.70749,1.70792,1.00,1.00
2016.10.21 02:42:39.837,1.7075,1.70792,1.00,1.12
2016.10.21 02:42:41.185,1.70748,1.70792,1.00,1.12
2016.10.21 02:42:41.237,1.7075,1.70792,1.00,1.12
2016.10.21 02:42:41.288,1.70754,1.70792,1.00,1.00
2016.10.21 02:42:41.339,1.70762,1.70792,1.00,1.00
2016.10.21 02:42:41.657,1.70772,1.70808,1.00,1.00
2016.10.21 02:42:41.712,1.70772,1.70808,1.00,1.00
2016.10.21 02:42:41.762,1.70771,1.70808,1.00,1.00
2016.10.21 02:42:42.626,1.70773,1.70808,1.00,1.00
2016.10.21 02:42:43.173,1.70772,1.70808,1.00,1.00
2016.10.21 02:42:44.972,1.70772,1.70809,1.00,1.00
2016.10.21 02:42:46.173,1.70772,1.70813,1.00,1.00
2016.10.21 02:42:50.123,1.70774,1.70813,1.00,1.00
2016.10.21 02:42:50.871,1.70775,1.70813,1.00,1.00
2016.10.21 02:42:51.173,1.70778,1.70813,1.00,1.00
2016.10.21 02:42:52.725,1.70777,1.70813,1.00,1.00
2016.10.21 02:42:52.775,1.70777,1.70809,1.00,1.00
2016.10.21 02:42:54.475,1.70777,1.70813,1.00,1.00
2016.10.21 02:42:57.226,1.70778,1.70813,1.00,1.00
2016.10.21 02:42:57.277,1.7078,1.70819,1.00,1.87
2016.10.21 02:42:57.379,1.7078,1.70819,1.00,1.50
2016.10.21 02:42:57.430,1.7078,1.70819,1.50,1.50
2016.10.21 02:42:57.481,1.70779,1.70808,1.00,1.00
2016.10.21 02:42:57.532,1.70779,1.70808,1.00,1.00
2016.10.21 02:42:57.583,1.70778,1.70808,1.50,1.00
2016.10.21 02:42:57.634,1.70778,1.70808,1.00,1.00
2016.10.21 02:42:57.777,1.70779,1.70808,1.00,1.00
2016.10.21 02:42:58.194,1.70778,1.70808,1.00,1.00
2016.10.21 02:42:58.270,1.70778,1.70808,1.50,1.00
2016.10.21 02:42:58.476,1.70779,1.70808,1.00,1.00
2016.10.21 02:42:58.527,1.7078,1.70808,1.00,1.00
2016.10.21 02:42:58.578,1.7078,1.70808,1.50,1.00
2016.10.21 02:42:58.629,1.7078,1.70808,1.00,1.00
2016.10.21 02:42:58.679,1.70779,1.70808,1.50,1.00
2016.10.21 02:42:58.730,1.70781,1.70808,1.00,1.00
2016.10.21 02:42:58.781,1.7078,1.70808,1.00,1.00
2016.10.21 02:42:58.832,1.70781,1.70808,1.00,1.00
2016.10.21 02:42:58.883,1.70779,1.70808,1.50,1.00
2016.10.21 02:42:58.934,1.70781,1.70808,1.00,1.00
2016.10.21 02:42:59.112,1.70779,1.70808,1.50,1.00
2016.10.21 02:42:59.823,1.7078,1.70808,1.00,1.00
2016.10.21 02:43:00.082,1.70779,1.70808,1.50,1.00
2016.10.21 02:43:00.133,1.7078,1.70808,1.00,1.00
2016.10.21 02:43:00.371,1.7078,1.70808,1.50,1.00
2016.10.21 02:43:00.573,1.7078,1.70808,1.00,1.00
2016.10.21 02:43:00.771,1.7078,1.70808,1.00,1.00
2016.10.21 02:43:00.822,1.70781,1.70808,1.00,1.00
2016.10.21 02:43:00.999,1.70779,1.70808,1.50,1.00
2016.10.21 02:43:01.538,1.70781,1.70808,1.00,1.00
2016.10.21 02:43:01.773,1.7078,1.70808,1.50,1.00
2016.10.21 02:43:02.074,1.7078,1.70808,1.00,1.00
2016.10.21 02:43:02.125,1.7078,1.70808,1.50,1.00
2016.10.21 02:43:02.380,1.7078,1.70819,1.00,1.87
2016.10.21 02:43:02.854,1.7078,1.70809,1.00,1.00
2016.10.21 02:43:04.974,1.7078,1.70808,1.00,1.00
2016.10.21 02:43:05.481,1.7078,1.70809,1.50,1.00
2016.10.21 02:43:05.532,1.7078,1.70809,1.00,1.00
2016.10.21 02:43:05.949,1.7078,1.70809,1.50,1.00
2016.10.21 02:43:06.001,1.7078,1.70809,1.00,1.00
2016.10.21 02:43:06.052,1.7078,1.70809,1.50,1.00
2016.10.21 02:43:06.396,1.7078,1.70808,1.00,1.00
2016.10.21 02:43:06.447,1.70779,1.70808,1.00,1.00
2016.10.21 02:43:06.599,1.70779,1.70818,1.00,1.37
2016.10.21 02:43:11.066,1.7078,1.70818,1.00,1.37
2016.10.21 02:43:11.117,1.70778,1.70818,1.00,1.37
2016.10.21 02:43:13.669,1.70777,1.70818,1.50,1.37
2016.10.21 02:43:13.719,1.70774,1.70817,1.00,1.87
2016.10.21 02:43:13.770,1.70772,1.70817,1.00,2.25
2016.10.21 02:43:13.821,1.70772,1.70813,1.00,1.37
2016.10.21 02:43:14.346,1.70771,1.70813,1.00,1.37
2016.10.21 02:43:14.802,1.7077,1.70809,1.00,1.37
2016.10.21 02:43:14.903,1.70771,1.70808,1.00,1.12
2016.10.21 02:43:15.490,1.70771,1.70808,1.00,1.37
2016.10.21 02:43:16.431,1.70771,1.70808,1.00,1.87
2016.10.21 02:43:16.577,1.70771,1.70808,1.00,1.37
2016.10.21 02:43:16.777,1.70771,1.70808,1.00,1.87
2016.10.21 02:43:20.379,1.7077,1.70808,1.00,1.87
2016.10.21 02:43:20.716,1.7077,1.70809,1.00,1.37
2016.10.21 02:43:21.020,1.70769,1.70807,1.00,1.87
2016.10.21 02:43:21.071,1.70771,1.70807,1.00,1.87
2016.10.21 02:43:21.344,1.70768,1.70807,1.00,1.87
2016.10.21 02:43:26.029,1.70767,1.70802,1.00,1.37
2016.10.21 02:43:26.527,1.70767,1.70802,1.00,1.12
2016.10.21 02:43:26.628,1.70767,1.70802,1.00,1.37
2016.10.21 02:43:26.832,1.70767,1.70802,1.00,1.00
2016.10.21 02:43:27.578,1.70768,1.70802,1.00,1.00
2016.10.21 02:43:28.427,1.70763,1.70802,1.00,1.00
2016.10.21 02:43:28.724,1.70763,1.70795,1.00,1.00
2016.10.21 02:43:28.775,1.70752,1.70795,1.00,1.00
2016.10.21 02:43:28.826,1.70753,1.70788,1.00,1.50
2016.10.21 02:43:28.927,1.70751,1.70788,1.00,1.50
2016.10.21 02:43:29.335,1.70751,1.70788,1.00,1.87
2016.10.21 02:43:30.219,1.70746,1.70788,1.00,1.87
2016.10.21 02:43:30.727,1.70747,1.70788,1.00,1.87
2016.10.21 02:43:33.429,1.70746,1.70778,1.00,1.00
2016.10.21 02:43:33.517,1.7074,1.70778,1.00,1.12
2016.10.21 02:43:33.669,1.70739,1.70778,1.00,1.37
2016.10.21 02:43:33.872,1.70739,1.70778,1.00,1.00
2016.10.21 02:43:34.208,1.7074,1.70769,1.00,1.00
2016.10.21 02:43:34.310,1.7074,1.70779,1.00,1.12
2016.10.21 02:43:34.462,1.70738,1.70779,1.00,1.12
2016.10.21 02:43:34.727,1.70738,1.70768,1.00,1.00
2016.10.21 02:43:37.279,1.70741,1.70768,1.00,1.00
2016.10.21 02:43:37.330,1.70741,1.70779,1.00,1.37
2016.10.21 02:43:37.662,1.70742,1.70779,1.00,1.00
2016.10.21 02:43:40.703,1.70742,1.70778,1.00,1.00
2016.10.21 02:43:43.486,1.70741,1.70778,1.00,1.00
2016.10.21 02:43:46.906,1.70743,1.70778,1.00,1.00
2016.10.21 02:43:47.275,1.70743,1.70779,1.00,1.37
2016.10.21 02:43:48.531,1.70741,1.70779,1.00,1.37
2016.10.21 02:43:48.581,1.70741,1.70779,1.00,1.00
2016.10.21 02:43:49.255,1.70741,1.70778,1.00,1.00
2016.10.21 02:43:52.474,1.70742,1.70778,1.00,1.00
2016.10.21 02:43:54.373,1.70741,1.70778,1.00,1.00
2016.10.21 02:43:56.484,1.70742,1.70778,1.00,1.00
2016.10.21 02:44:01.726,1.70742,1.7078,1.00,1.12
2016.10.21 02:44:01.777,1.70742,1.7078,1.00,1.12
2016.10.21 02:44:01.828,1.70742,1.70779,1.00,1.00
2016.10.21 02:44:13.390,1.70739,1.70778,1.00,1.00
2016.10.21 02:44:13.441,1.70737,1.70778,1.00,1.00
2016.10.21 02:44:13.797,1.70739,1.70778,1.00,1.00
2016.10.21 02:44:14.300,1.7074,1.70778,1.00,1.00
2016.10.21 02:44:14.822,1.70739,1.70778,1.00,1.00
2016.10.21 02:44:15.167,1.70741,1.70778,1.00,1.00
2016.10.21 02:44:15.924,1.70735,1.7077,1.00,1.00
2016.10.21 02:44:15.975,1.7073,1.70764,1.00,1.00
2016.10.21 02:44:16.377,1.70732,1.70764,1.00,1.00
2016.10.21 02:44:16.891,1.70733,1.70764,1.00,1.00
2016.10.21 02:44:17.434,1.70732,1.70764,1.00,1.00
2016.10.21 02:44:18.127,1.70735,1.70764,1.00,1.00
2016.10.21 02:44:18.631,1.70734,1.70764,1.00,1.00
2016.10.21 02:44:19.427,1.70735,1.70764,1.00,1.00
2016.10.21 02:44:20.182,1.70733,1.70764,1.00,1.00
2016.10.21 02:44:20.899,1.70734,1.70764,1.00,1.00
2016.10.21 02:44:20.950,1.70732,1.70764,1.00,1.00
2016.10.21 02:44:21.052,1.70731,1.70771,1.00,1.75
2016.10.21 02:44:21.103,1.70732,1.70771,1.00,1.37
2016.10.21 02:44:21.154,1.70732,1.70771,1.00,1.00
2016.10.21 02:44:21.458,1.70735,1.70771,1.00,1.00
2016.10.21 02:44:22.368,1.70734,1.70771,1.00,1.00
2016.10.21 02:44:22.721,1.70742,1.70771,1.00,1.00
2016.10.21 02:44:22.772,1.70743,1.70778,1.00,1.75
2016.10.21 02:44:22.823,1.70744,1.70778,1.00,1.00
2016.10.21 02:44:23.507,1.70751,1.70779,1.00,1.00
2016.10.21 02:44:24.383,1.70751,1.70781,1.00,1.00
2016.10.21 02:44:25.114,1.70752,1.70781,1.00,1.00
2016.10.21 02:44:25.634,1.70751,1.70781,1.00,1.00
2016.10.21 02:44:28.218,1.70751,1.70778,1.00,1.00
2016.10.21 02:44:28.270,1.70747,1.70778,1.00,1.00
2016.10.21 02:44:28.473,1.70747,1.70781,1.00,1.00
2016.10.21 02:44:28.524,1.70747,1.70781,1.00,1.00
2016.10.21 02:44:29.033,1.70748,1.70781,1.00,1.00
2016.10.21 02:44:30.612,1.70749,1.70781,1.00,1.00
2016.10.21 02:44:31.421,1.70746,1.70781,1.00,1.00
2016.10.21 02:44:31.674,1.70748,1.70781,1.00,1.00
2016.10.21 02:44:32.282,1.70749,1.70779,1.00,1.00
2016.10.21 02:44:35.378,1.70749,1.70778,1.00,1.00
2016.10.21 02:44:35.880,1.70749,1.70781,1.00,1.00
2016.10.21 02:44:36.874,1.70747,1.70781,1.00,1.00
2016.10.21 02:44:38.102,1.70747,1.70787,1.00,1.37
2016.10.21 02:44:38.525,1.70749,1.70787,1.00,1.37
2016.10.21 02:44:39.801,1.70754,1.70787,1.00,1.37
2016.10.21 02:44:39.903,1.7075,1.70787,1.00,1.37
2016.10.21 02:44:40.157,1.70751,1.70787,1.00,1.12
2016.10.21 02:44:41.060,1.70754,1.70787,1.00,1.12
2016.10.21 02:44:43.772,1.70754,1.70787,1.00,1.00
2016.10.21 02:44:46.400,1.70756,1.70787,1.00,1.00
2016.10.21 02:44:46.501,1.70756,1.70787,1.00,1.00
2016.10.21 02:44:46.552,1.70756,1.70787,1.00,1.00
2016.10.21 02:44:47.426,1.70759,1.70787,1.00,1.00
2016.10.21 02:44:48.444,1.70761,1.70787,1.00,1.00
2016.10.21 02:44:48.495,1.70756,1.70787,1.00,1.00
2016.10.21 02:44:48.786,1.70757,1.70787,1.00,1.00
2016.10.21 02:44:49.138,1.70761,1.70787,1.00,1.00
2016.10.21 02:44:49.189,1.70758,1.70787,1.00,1.00
2016.10.21 02:44:49.291,1.70757,1.70795,1.00,2.25
2016.10.21 02:44:51.474,1.70757,1.70789,1.00,1.00
2016.10.21 02:44:55.179,1.70757,1.70795,1.00,2.25
2016.10.21 02:44:56.089,1.70753,1.70789,1.00,1.00
2016.10.21 02:44:56.373,1.70753,1.70789,1.00,1.12
2016.10.21 02:44:56.424,1.70751,1.70789,1.00,1.12
2016.10.21 02:44:56.475,1.70747,1.70789,1.00,1.37
2016.10.21 02:44:56.526,1.70743,1.70788,1.00,1.37
2016.10.21 02:44:56.577,1.70746,1.70786,1.00,1.37
2016.10.21 02:44:56.627,1.70748,1.70786,1.00,1.37
2016.10.21 02:44:56.678,1.70746,1.70786,1.00,1.37
2016.10.21 02:44:56.730,1.70746,1.7078,1.00,1.00
2016.10.21 02:44:59.049,1.70748,1.7078,1.00,1.00
2016.10.21 02:45:01.848,1.70745,1.7078,1.00,1.00
2016.10.21 02:45:01.898,1.70752,1.7078,1.00,1.00
2016.10.21 02:45:01.998,1.70752,1.7079,1.00,1.75
2016.10.21 02:45:02.100,1.70753,1.7079,1.00,1.00
2016.10.21 02:45:02.303,1.70754,1.7079,1.00,1.37
2016.10.21 02:45:02.607,1.70754,1.7079,1.00,1.00
2016.10.21 02:45:03.112,1.70756,1.7079,1.00,1.00
2016.10.21 02:45:09.102,1.70755,1.7079,1.00,1.00
2016.10.21 02:45:09.630,1.70756,1.7079,1.00,1.00
2016.10.21 02:45:10.248,1.70754,1.7079,1.00,1.00
2016.10.21 02:45:15.381,1.70756,1.7079,1.00,1.00
2016.10.21 02:45:17.289,1.70755,1.7079,1.00,1.00
2016.10.21 02:45:21.708,1.70739,1.70781,1.00,1.37
2016.10.21 02:45:21.759,1.70741,1.70781,1.00,1.00
2016.10.21 02:45:22.283,1.70742,1.70781,1.00,1.00
2016.10.21 02:45:22.792,1.70743,1.70781,1.00,1.00
2016.10.21 02:45:23.124,1.70745,1.70781,1.00,1.00
2016.10.21 02:45:23.175,1.70738,1.70781,1.00,1.00
2016.10.21 02:45:23.226,1.70731,1.70767,1.00,1.00
2016.10.21 02:45:23.328,1.70724,1.70767,1.00,1.12
2016.10.21 02:45:23.379,1.7072,1.70767,1.00,1.12
2016.10.21 02:45:23.430,1.70725,1.70757,1.00,1.00
2016.10.21 02:45:23.532,1.7073,1.70765,1.00,1.75
2016.10.21 02:45:23.801,1.7073,1.70777,1.00,1.00
2016.10.21 02:45:23.957,1.70737,1.70781,1.00,1.12
2016.10.21 02:45:24.008,1.70737,1.70783,1.00,1.75
2016.10.21 02:45:24.085,1.70735,1.70778,1.00,1.00
2016.10.21 02:45:24.135,1.70734,1.70783,1.00,1.37
2016.10.21 02:45:25.033,1.70736,1.70783,1.00,1.00
2016.10.21 02:45:25.333,1.70736,1.70783,1.00,1.12
2016.10.21 02:45:25.435,1.70735,1.70783,1.00,1.00
2016.10.21 02:45:25.958,1.70738,1.70783,1.00,1.00
2016.10.21 02:45:27.498,1.70736,1.70783,1.00,1.37
2016.10.21 02:45:29.629,1.70732,1.70779,1.00,1.00
2016.10.21 02:45:29.731,1.70731,1.70783,1.00,1.37
2016.10.21 02:45:30.035,1.70733,1.70783,1.00,1.37
2016.10.21 02:45:32.159,1.70735,1.70783,1.00,1.37
2016.10.21 02:45:33.423,1.70734,1.70783,1.00,1.37
2016.10.21 02:45:35.195,1.70737,1.70783,1.00,1.37
2016.10.21 02:45:41.828,1.70737,1.70779,1.00,1.00
2016.10.21 02:45:42.175,1.70739,1.70779,1.00,1.00
2016.10.21 02:45:42.709,1.70738,1.70779,1.00,1.00
2016.10.21 02:45:43.521,1.70737,1.70779,1.00,1.00
2016.10.21 02:45:43.572,1.70737,1.70776,1.00,1.87
2016.10.21 02:45:44.441,1.70736,1.70776,1.00,1.87
2016.10.21 02:45:44.588,1.70734,1.70776,1.00,1.87
2016.10.21 02:45:44.791,1.70734,1.70778,1.00,1.87
2016.10.21 02:45:44.911,1.70736,1.70777,1.00,1.87
2016.10.21 02:45:45.013,1.70734,1.70777,1.00,1.87
2016.10.21 02:45:45.115,1.70729,1.70776,1.00,1.87
2016.10.21 02:45:45.165,1.70728,1.70778,1.00,1.37
2016.10.21 02:45:45.216,1.70726,1.70778,1.00,1.37
2016.10.21 02:45:45.267,1.70723,1.70773,1.00,2.62
2016.10.21 02:45:45.369,1.70723,1.70773,1.00,1.37
2016.10.21 02:45:45.471,1.70723,1.70771,1.00,1.87
2016.10.21 02:45:45.787,1.70723,1.70772,1.00,1.87
2016.10.21 02:45:45.952,1.70721,1.70772,1.00,1.87
2016.10.21 02:45:46.003,1.70721,1.70773,1.00,2.62
2016.10.21 02:45:51.376,1.70721,1.70773,1.00,1.37
2016.10.21 02:45:51.426,1.70716,1.70773,1.00,1.37
2016.10.21 02:45:51.477,1.70716,1.70769,1.00,1.87
2016.10.21 02:45:51.680,1.70717,1.70773,1.00,1.37
2016.10.21 02:45:51.782,1.70717,1.70764,1.00,1.00
2016.10.21 02:45:51.833,1.70711,1.70764,1.00,1.00
2016.10.21 02:45:51.883,1.70706,1.70756,1.37,1.37
2016.10.21 02:45:51.934,1.70702,1.70756,1.00,1.37
2016.10.21 02:45:52.087,1.70701,1.70753,1.00,1.87
2016.10.21 02:45:52.367,1.70701,1.70754,1.00,1.87
2016.10.21 02:45:52.418,1.70698,1.70747,1.00,1.12
2016.10.21 02:45:52.922,1.70696,1.70747,1.00,1.12
2016.10.21 02:45:52.973,1.70696,1.70747,1.00,1.37
2016.10.21 02:45:53.024,1.70694,1.70747,1.00,1.37
2016.10.21 02:45:53.680,1.70696,1.70747,1.00,1.37
2016.10.21 02:45:54.247,1.70696,1.70747,1.00,1.00
2016.10.21 02:45:54.777,1.7072,1.70747,1.00,1.00
2016.10.21 02:45:54.878,1.7072,1.70762,1.00,2.17
2016.10.21 02:45:54.929,1.70725,1.70764,1.00,1.00
2016.10.21 02:45:54.981,1.70724,1.70775,1.00,1.50
2016.10.21 02:45:55.033,1.70722,1.70775,1.00,1.12
2016.10.21 02:45:55.084,1.70722,1.70775,1.50,1.12
2016.10.21 02:45:55.400,1.70723,1.70775,1.00,1.12
2016.10.21 02:45:55.503,1.70723,1.70775,1.00,1.37
2016.10.21 02:45:55.717,1.70723,1.70775,1.00,1.00
2016.10.21 02:45:57.864,1.7072,1.70775,1.00,1.00
2016.10.21 02:45:57.916,1.70719,1.70774,1.00,1.87
2016.10.21 02:45:57.967,1.70722,1.70774,1.00,1.87
2016.10.21 02:45:58.301,1.70721,1.70775,1.50,2.62
2016.10.21 02:45:58.685,1.70722,1.70775,1.00,2.62
2016.10.21 02:45:59.468,1.70721,1.70775,1.50,2.62
2016.10.21 02:45:59.519,1.70721,1.70775,1.50,1.37
2016.10.21 02:46:02.820,1.70721,1.70775,1.00,3.37
2016.10.21 02:46:02.921,1.70721,1.70775,1.00,2.62
2016.10.21 02:46:02.972,1.70721,1.70775,1.50,2.62
2016.10.21 02:46:03.023,1.70721,1.70775,1.50,1.37
2016.10.21 02:46:03.356,1.70722,1.70775,1.00,1.37
2016.10.21 02:46:03.439,1.70723,1.70775,1.00,1.00
2016.10.21 02:46:05.100,1.70722,1.70775,1.00,1.00
2016.10.21 02:46:05.206,1.70722,1.70775,1.50,1.00
2016.10.21 02:46:05.467,1.70722,1.70775,1.00,1.00
2016.10.21 02:46:05.518,1.70722,1.70775,1.00,1.37
2016.10.21 02:46:05.722,1.70723,1.70775,1.00,1.12
2016.10.21 02:46:08.228,1.70723,1.70775,1.00,1.37
2016.10.21 02:46:08.330,1.70723,1.70775,1.00,1.00
2016.10.21 02:46:08.408,1.70723,1.70775,1.00,1.37
2016.10.21 02:46:09.633,1.70722,1.70775,1.00,1.37
2016.10.21 02:46:09.974,1.70721,1.70775,1.50,1.37
2016.10.21 02:46:10.024,1.70721,1.70775,1.00,1.37
2016.10.21 02:46:11.163,1.70721,1.7077,1.00,1.12
2016.10.21 02:46:11.213,1.70718,1.7077,1.00,1.12
2016.10.21 02:46:11.264,1.70718,1.7077,1.00,1.37
2016.10.21 02:46:11.846,1.7072,1.7077,1.00,1.37
2016.10.21 02:46:11.897,1.7072,1.7077,1.00,2.62
2016.10.21 02:46:12.332,1.7072,1.7077,1.00,1.37
2016.10.21 02:46:13.025,1.70722,1.7077,1.00,1.00
2016.10.21 02:46:13.278,1.70722,1.70776,1.00,1.87
2016.10.21 02:46:13.329,1.70721,1.70776,1.00,2.62
2016.10.21 02:46:13.675,1.70721,1.70775,1.00,1.37
2016.10.21 02:46:13.727,1.70722,1.70776,1.00,2.62
2016.10.21 02:46:14.735,1.70721,1.70776,1.00,2.62
2016.10.21 02:46:16.170,1.70721,1.70771,1.00,1.37
2016.10.21 02:46:16.491,1.70717,1.70771,1.00,1.37
2016.10.21 02:46:17.177,1.70716,1.70771,1.00,1.37
2016.10.21 02:46:17.715,1.70714,1.7077,1.00,1.37
2016.10.21 02:46:18.442,1.70721,1.7077,1.00,1.37
2016.10.21 02:46:18.840,1.70724,1.7078,1.00,1.75
2016.10.21 02:46:18.904,1.70726,1.7078,1.00,1.00
2016.10.21 02:46:19.023,1.70724,1.7078,1.37,1.00
2016.10.21 02:46:19.916,1.70725,1.7078,1.12,1.00
2016.10.21 02:46:19.967,1.70727,1.7078,1.00,1.00
2016.10.21 02:46:20.234,1.70726,1.7078,1.00,1.12
2016.10.21 02:46:20.285,1.70721,1.70777,1.37,1.00
2016.10.21 02:46:20.336,1.70715,1.70768,1.87,1.00
2016.10.21 02:46:20.387,1.70715,1.70765,1.12,1.00
2016.10.21 02:46:20.438,1.70715,1.70763,1.00,1.12
2016.10.21 02:46:20.488,1.70706,1.70761,1.37,1.00
2016.10.21 02:46:20.539,1.70705,1.70761,1.12,1.00
2016.10.21 02:46:20.919,1.70705,1.70756,1.00,1.37
2016.10.21 02:46:21.041,1.70693,1.70748,1.00,1.37
2016.10.21 02:46:21.092,1.70691,1.70748,1.12,1.37
2016.10.21 02:46:21.143,1.70687,1.70744,1.37,1.12
2016.10.21 02:46:21.244,1.70686,1.70744,1.87,1.12
2016.10.21 02:46:21.526,1.70687,1.70742,1.37,1.00
2016.10.21 02:46:22.038,1.70687,1.70742,1.12,1.00
2016.10.21 02:46:22.190,1.70691,1.70749,1.00,1.87
2016.10.21 02:46:22.247,1.70693,1.70749,1.00,2.62
2016.10.21 02:46:22.348,1.70695,1.70749,1.00,1.37
2016.10.21 02:46:22.450,1.70695,1.70749,1.00,1.12
2016.10.21 02:46:22.677,1.70695,1.70749,1.00,1.00
2016.10.21 02:46:23.170,1.70695,1.70749,1.00,1.37
2016.10.21 02:46:23.850,1.70699,1.70749,1.00,1.00
2016.10.21 02:46:24.177,1.70699,1.70749,1.00,1.12
2016.10.21 02:46:24.227,1.70697,1.70749,1.00,1.12
2016.10.21 02:46:24.475,1.70697,1.70749,1.00,1.00
2016.10.21 02:46:24.783,1.70701,1.70749,1.00,1.00
2016.10.21 02:46:25.625,1.70699,1.70749,1.00,1.00
2016.10.21 02:46:27.763,1.70698,1.70749,1.00,1.00
2016.10.21 02:46:28.246,1.70689,1.70732,1.87,1.00
2016.10.21 02:46:28.297,1.70675,1.70732,1.50,1.00
2016.10.21 02:46:28.348,1.70677,1.70732,1.00,1.00
2016.10.21 02:46:28.433,1.70677,1.70733,1.00,1.12
2016.10.21 02:46:28.484,1.70677,1.70733,1.00,1.37
2016.10.21 02:46:28.997,1.70677,1.70733,1.00,1.00
2016.10.21 02:46:29.048,1.70679,1.70734,1.00,1.00
2016.10.21 02:46:29.123,1.70679,1.70734,1.00,1.37
2016.10.21 02:46:30.778,1.70678,1.70735,1.00,1.37
2016.10.21 02:46:31.062,1.70678,1.70735,1.00,1.12
2016.10.21 02:46:31.344,1.70678,1.70735,1.00,1.37
2016.10.21 02:46:31.395,1.70676,1.70734,1.12,1.00
2016.10.21 02:46:31.448,1.70677,1.70735,1.00,1.87
2016.10.21 02:46:31.499,1.70677,1.70735,1.37,1.87
2016.10.21 02:46:31.600,1.70677,1.70735,1.12,1.87
2016.10.21 02:46:31.665,1.70677,1.70735,1.37,1.87
2016.10.21 02:46:31.816,1.70678,1.70735,1.12,1.12
2016.10.21 02:46:32.606,1.70677,1.70735,1.37,1.87
2016.10.21 02:46:33.009,1.70682,1.70735,1.00,1.87
2016.10.21 02:46:33.111,1.70682,1.70735,1.00,1.50
2016.10.21 02:46:34.518,1.70681,1.70735,1.00,1.50
2016.10.21 02:46:34.710,1.70677,1.70735,1.37,1.50
2016.10.21 02:46:35.009,1.70682,1.70735,1.37,1.00
2016.10.21 02:46:35.060,1.70682,1.70735,1.87,1.00
2016.10.21 02:46:35.111,1.70682,1.70737,1.87,1.00
2016.10.21 02:46:35.625,1.70682,1.70738,1.87,1.00
2016.10.21 02:46:36.232,1.70684,1.70742,1.12,1.37
2016.10.21 02:46:36.283,1.70681,1.70738,1.87,1.00
2016.10.21 02:46:36.334,1.70682,1.70736,1.37,1.00
2016.10.21 02:46:36.385,1.70682,1.70738,1.37,1.00
2016.10.21 02:46:36.487,1.70684,1.7074,1.00,1.37
2016.10.21 02:46:36.538,1.70682,1.70738,1.37,1.00
2016.10.21 02:46:36.639,1.70684,1.7074,1.00,1.37
2016.10.21 02:46:37.078,1.70683,1.70739,1.12,1.12
2016.10.21 02:46:37.393,1.70685,1.70743,1.00,1.87
2016.10.21 02:46:37.445,1.70683,1.70741,1.00,1.12
2016.10.21 02:46:37.495,1.70686,1.70742,1.00,1.37
2016.10.21 02:46:37.601,1.70685,1.70743,1.00,1.87
2016.10.21 02:46:37.702,1.70683,1.70741,1.00,1.12
2016.10.21 02:46:37.753,1.70682,1.7074,1.00,1.00
2016.10.21 02:46:37.804,1.70681,1.70736,1.00,1.37
2016.10.21 02:46:37.905,1.70682,1.70737,1.00,1.37
2016.10.21 02:46:37.956,1.70681,1.70737,1.50,1.87
2016.10.21 02:46:38.058,1.70683,1.70737,1.00,1.37
2016.10.21 02:46:38.364,1.70681,1.70737,1.50,1.87
2016.10.21 02:46:38.415,1.70684,1.70737,1.00,1.12
2016.10.21 02:46:38.928,1.70683,1.70737,1.00,1.12
2016.10.21 02:46:40.027,1.70683,1.70737,1.00,1.00
2016.10.21 02:46:40.129,1.70683,1.70737,1.00,1.12
2016.10.21 02:46:41.227,1.70683,1.70739,1.00,1.75
2016.10.21 02:46:41.492,1.70685,1.70741,1.00,1.87
2016.10.21 02:46:41.543,1.70687,1.70741,1.00,1.12
2016.10.21 02:46:41.594,1.70694,1.70744,1.00,1.75
2016.10.21 02:46:41.645,1.70694,1.70744,1.00,1.37
2016.10.21 02:46:41.696,1.70696,1.7075,1.00,2.25
2016.10.21 02:46:41.747,1.70694,1.70752,1.00,3.75
2016.10.21 02:46:41.799,1.70696,1.70752,1.00,2.62
2016.10.21 02:46:42.096,1.70696,1.70752,1.00,1.37
2016.10.21 02:46:42.324,1.70696,1.70751,1.00,1.00
2016.10.21 02:46:42.527,1.70695,1.70753,1.00,1.37
2016.10.21 02:46:43.728,1.70695,1.70753,1.12,1.37
2016.10.21 02:46:43.829,1.70695,1.70751,1.12,1.37
2016.10.21 02:46:43.881,1.70692,1.7075,1.87,1.37
2016.10.21 02:46:43.932,1.70692,1.70749,1.12,1.37
2016.10.21 02:46:44.044,1.70692,1.70749,1.12,1.37
2016.10.21 02:46:44.209,1.70692,1.70749,1.00,2.62
2016.10.21 02:46:45.587,1.70692,1.70749,1.00,1.37
2016.10.21 02:46:45.638,1.70693,1.70749,1.00,1.37
2016.10.21 02:46:47.573,1.70692,1.70749,1.50,1.37
2016.10.21 02:46:47.624,1.70692,1.70749,1.50,2.62
2016.10.21 02:46:48.697,1.70694,1.70749,1.00,1.87
2016.10.21 02:46:48.748,1.70695,1.70751,1.00,1.37
2016.10.21 02:46:50.430,1.70692,1.70748,1.50,1.37
2016.10.21 02:46:50.532,1.7069,1.70746,1.00,1.37
2016.10.21 02:46:50.583,1.70691,1.70747,1.00,2.62
2016.10.21 02:46:50.634,1.70692,1.70746,1.00,1.37
2016.10.21 02:46:51.287,1.70692,1.70744,1.00,1.37
2016.10.21 02:46:51.379,1.70677,1.70739,1.37,1.12
2016.10.21 02:46:51.430,1.70677,1.70739,1.37,1.00
2016.10.21 02:46:51.862,1.70681,1.70739,1.00,1.00
2016.10.21 02:46:52.756,1.70677,1.70739,1.37,1.37
2016.10.21 02:46:53.227,1.70677,1.70739,1.37,1.00
2016.10.21 02:46:54.374,1.70677,1.70739,1.37,1.12
2016.10.21 02:46:54.476,1.70677,1.70739,1.00,1.37
2016.10.21 02:46:55.079,1.70672,1.70728,1.37,1.00
2016.10.21 02:46:55.130,1.70672,1.70728,1.37,1.50
2016.10.21 02:46:55.889,1.70665,1.70728,1.37,4.12
2016.10.21 02:46:56.542,1.70672,1.70733,2.62,1.87
2016.10.21 02:46:56.592,1.70672,1.70735,1.87,1.87
2016.10.21 02:46:56.975,1.70671,1.70735,1.37,1.50
2016.10.21 02:46:57.026,1.70671,1.70735,1.37,1.00
2016.10.21 02:46:57.576,1.70671,1.70735,1.46,1.00
2016.10.21 02:46:58.051,1.70672,1.70735,1.87,1.37
2016.10.21 02:46:58.103,1.70672,1.70735,2.62,1.37
2016.10.21 02:46:59.538,1.70672,1.70735,1.37,1.37
2016.10.21 02:47:00.378,1.70673,1.70735,1.87,1.37
2016.10.21 02:47:01.526,1.70673,1.70732,1.87,1.12
2016.10.21 02:47:01.577,1.7067,1.70718,1.00,1.37
2016.10.21 02:47:01.628,1.70659,1.70718,1.12,1.37
2016.10.21 02:47:01.678,1.70657,1.70718,1.87,2.62
2016.10.21 02:47:01.731,1.70652,1.70711,3.37,1.00
2016.10.21 02:47:01.782,1.70652,1.70711,1.50,1.37
2016.10.21 02:47:01.833,1.70652,1.70711,1.00,1.37
2016.10.21 02:47:02.161,1.70651,1.70711,1.00,2.62
2016.10.21 02:47:02.263,1.70651,1.70705,1.00,2.62
2016.10.21 02:47:02.364,1.70651,1.70705,1.37,1.00
2016.10.21 02:47:03.728,1.70651,1.70711,1.37,1.12
2016.10.21 02:47:03.829,1.70651,1.70715,1.37,1.37
2016.10.21 02:47:07.120,1.70651,1.70714,1.37,1.37
2016.10.21 02:47:08.159,1.70662,1.70714,1.00,1.37
2016.10.21 02:47:08.210,1.70662,1.70715,1.00,1.37
2016.10.21 02:47:08.261,1.70652,1.70715,1.37,1.37
2016.10.21 02:47:09.434,1.70652,1.70715,1.37,1.87
2016.10.21 02:47:09.485,1.70652,1.70715,1.37,3.37
2016.10.21 02:47:09.775,1.70651,1.70712,1.12,1.87
2016.10.21 02:47:09.826,1.70651,1.70712,1.12,2.62
2016.10.21 02:47:10.362,1.70652,1.70713,1.12,1.87
2016.10.21 02:47:10.463,1.70653,1.70715,1.87,1.87
2016.10.21 02:47:11.091,1.70653,1.70715,1.87,1.37
2016.10.21 02:47:11.704,1.70661,1.70715,1.00,1.37
2016.10.21 02:47:11.973,1.70652,1.70715,1.37,1.37
2016.10.21 02:47:12.394,1.70652,1.70713,1.12,1.87
2016.10.21 02:47:12.748,1.70651,1.70711,1.12,1.37
2016.10.21 02:47:12.799,1.70651,1.70711,1.00,2.62
2016.10.21 02:47:14.728,1.70651,1.70711,1.00,1.87
2016.10.21 02:47:14.779,1.70651,1.70712,1.12,1.87
2016.10.21 02:47:15.414,1.70651,1.70714,1.12,1.37
2016.10.21 02:47:15.465,1.70651,1.70715,1.12,2.62
2016.10.21 02:47:16.057,1.70651,1.70715,1.12,3.37
2016.10.21 02:47:16.136,1.70651,1.70713,1.00,1.87
2016.10.21 02:47:16.420,1.70651,1.70715,1.12,2.62
2016.10.21 02:47:16.655,1.70651,1.70709,1.12,1.00
2016.10.21 02:47:16.706,1.7065,1.70705,1.00,1.87
2016.10.21 02:47:16.757,1.70643,1.70702,1.37,1.37
2016.10.21 02:47:16.808,1.70643,1.70697,1.00,2.25
2016.10.21 02:47:16.860,1.70633,1.70694,1.87,1.37
2016.10.21 02:47:16.911,1.70632,1.70694,1.37,1.37
2016.10.21 02:47:17.293,1.70632,1.70694,1.37,1.12
2016.10.21 02:47:17.344,1.70632,1.70686,1.37,1.00
2016.10.21 02:47:17.395,1.70632,1.70686,1.00,1.37
2016.10.21 02:47:17.496,1.70632,1.70686,1.00,1.37
2016.10.21 02:47:17.598,1.70631,1.70686,1.00,1.37
2016.10.21 02:47:17.699,1.70631,1.70686,1.00,1.00
2016.10.21 02:47:18.003,1.70631,1.70686,1.37,1.00
2016.10.21 02:47:19.274,1.70641,1.70686,1.00,1.00
2016.10.21 02:47:19.477,1.70632,1.70686,1.12,1.00
2016.10.21 02:47:20.209,1.70641,1.70686,1.00,1.00
2016.10.21 02:47:20.665,1.70641,1.70688,1.00,1.00
2016.10.21 02:47:20.716,1.70632,1.70694,1.37,3.00
2016.10.21 02:47:20.767,1.70632,1.70694,1.37,2.62
2016.10.21 02:47:21.399,1.70632,1.70694,1.37,1.37
2016.10.21 02:47:21.602,1.70632,1.70694,1.37,1.37
2016.10.21 02:47:21.704,1.70632,1.70694,1.37,1.37
2016.10.21 02:47:22.185,1.70632,1.70694,1.37,1.37
2016.10.21 02:47:22.596,1.70632,1.70693,1.37,1.87
2016.10.21 02:47:22.749,1.70632,1.70694,1.37,1.37
2016.10.21 02:47:23.464,1.70632,1.70693,1.12,1.87
2016.10.21 02:47:23.898,1.70632,1.70694,1.37,2.62
2016.10.21 02:47:23.999,1.70632,1.70694,1.37,2.62
2016.10.21 02:47:24.806,1.70642,1.70694,1.00,2.62
2016.10.21 02:47:24.907,1.70642,1.70694,1.00,2.62
2016.10.21 02:47:25.719,1.70641,1.70694,1.00,2.62
2016.10.21 02:47:25.770,1.70641,1.70694,1.00,1.12
2016.10.21 02:47:25.886,1.70641,1.70694,1.00,1.12
2016.10.21 02:47:26.089,1.70641,1.70694,1.00,1.12
2016.10.21 02:47:26.190,1.70641,1.70697,1.87,1.00
2016.10.21 02:47:26.241,1.70641,1.70702,1.87,1.87
2016.10.21 02:47:26.292,1.70641,1.70704,1.87,2.62
2016.10.21 02:47:26.343,1.70642,1.70704,1.37,2.62
2016.10.21 02:47:26.394,1.70643,1.70704,1.87,1.12
2016.10.21 02:47:26.444,1.70649,1.70709,1.00,3.37
2016.10.21 02:47:26.495,1.70649,1.70708,1.37,1.50
2016.10.21 02:47:26.800,1.70652,1.70713,1.37,2.25
2016.10.21 02:47:26.851,1.70652,1.70713,1.37,1.37
2016.10.21 02:47:26.902,1.70652,1.70713,2.62,1.37
2016.10.21 02:47:27.155,1.70652,1.70713,1.37,1.37
2016.10.21 02:47:27.206,1.70651,1.70713,3.37,1.37
2016.10.21 02:47:27.257,1.70651,1.70713,1.87,1.37
2016.10.21 02:47:27.307,1.70651,1.70713,1.37,1.37
2016.10.21 02:47:27.998,1.70652,1.70713,1.37,1.37
2016.10.21 02:47:28.049,1.70652,1.70713,2.62,1.37
2016.10.21 02:47:28.680,1.70655,1.70713,1.87,1.00
2016.10.21 02:47:28.885,1.70659,1.70718,1.87,1.12
2016.10.21 02:47:28.935,1.70659,1.70719,1.87,1.75
2016.10.21 02:47:29.553,1.70662,1.7072,1.37,1.37
2016.10.21 02:47:29.669,1.70658,1.70715,1.00,1.37
2016.10.21 02:47:30.275,1.70652,1.70714,1.37,1.37
2016.10.21 02:47:30.377,1.70655,1.70715,1.87,1.12
2016.10.21 02:47:30.428,1.70661,1.70715,1.00,1.12
2016.10.21 02:47:30.479,1.70661,1.70722,1.37,1.87
2016.10.21 02:47:30.854,1.70661,1.70722,1.37,1.37
2016.10.21 02:47:31.093,1.70659,1.70719,1.87,1.00
2016.10.21 02:47:31.194,1.7066,1.70722,1.87,1.37
2016.10.21 02:47:31.276,1.70657,1.7072,1.37,1.87
2016.10.21 02:47:31.378,1.70657,1.70716,1.37,1.37
2016.10.21 02:47:31.480,1.70657,1.70716,1.37,1.00
2016.10.21 02:47:31.582,1.7066,1.70719,1.87,1.00
2016.10.21 02:47:32.111,1.70661,1.70719,1.87,1.00
2016.10.21 02:47:34.323,1.7066,1.70718,1.87,1.00
2016.10.21 02:47:34.374,1.7066,1.70716,1.87,1.00
2016.10.21 02:47:34.425,1.70657,1.70716,1.12,1.12
2016.10.21 02:47:34.476,1.70653,1.70713,1.12,1.12
2016.10.21 02:47:34.577,1.70652,1.70713,2.62,1.12
2016.10.21 02:47:34.818,1.70653,1.70713,1.87,1.00
2016.10.21 02:47:34.869,1.70657,1.70715,1.37,1.00
2016.10.21 02:47:34.920,1.70657,1.70717,1.37,1.37
2016.10.21 02:47:35.022,1.7066,1.70719,1.87,1.00
2016.10.21 02:47:35.573,1.7066,1.70718,1.87,1.00
2016.10.21 02:47:37.322,1.7066,1.70716,2.62,1.00
2016.10.21 02:47:39.132,1.70662,1.70715,1.12,1.00
2016.10.21 02:47:39.267,1.70668,1.70722,1.00,1.50
2016.10.21 02:47:39.319,1.70671,1.70722,2.62,1.12
2016.10.21 02:47:39.370,1.70671,1.70732,3.37,1.12
2016.10.21 02:47:39.421,1.70671,1.70733,1.87,1.75
2016.10.21 02:47:39.472,1.70671,1.70734,1.87,1.00
2016.10.21 02:47:39.523,1.70673,1.70734,1.37,1.00
2016.10.21 02:47:39.574,1.70678,1.70738,1.37,1.37
2016.10.21 02:47:39.987,1.70678,1.70738,1.37,1.00
2016.10.21 02:47:40.195,1.70678,1.70738,1.37,1.00
2016.10.21 02:47:40.595,1.70678,1.70738,1.37,1.00
2016.10.21 02:47:40.907,1.70678,1.7074,1.37,1.37
2016.10.21 02:47:42.810,1.70678,1.7074,1.37,1.12
2016.10.21 02:47:43.622,1.70678,1.7074,1.00,1.37
2016.10.21 02:47:47.113,1.70678,1.70741,1.00,1.37
2016.10.21 02:47:47.164,1.70681,1.70741,1.37,1.00
2016.10.21 02:47:47.215,1.70678,1.70741,1.37,1.00
2016.10.21 02:47:47.583,1.70673,1.70719,1.12,1.00
2016.10.21 02:47:47.634,1.70668,1.70719,1.75,1.00
2016.10.21 02:47:47.685,1.70662,1.70719,1.37,1.00
2016.10.21 02:47:48.297,1.70651,1.7071,1.37,1.00
2016.10.21 02:47:49.455,1.70652,1.7071,1.87,1.00
2016.10.21 02:47:51.149,1.70653,1.7071,1.37,1.00
2016.10.21 02:47:51.251,1.70656,1.7071,1.87,1.00
2016.10.21 02:47:51.302,1.70658,1.7072,1.50,1.00
2016.10.21 02:47:51.404,1.70658,1.70723,1.50,1.00
2016.10.21 02:47:51.717,1.70662,1.70723,2.62,1.00
2016.10.21 02:47:51.986,1.70664,1.70723,1.87,1.00
2016.10.21 02:47:52.037,1.70665,1.70723,1.37,1.00
2016.10.21 02:47:52.119,1.70667,1.70723,1.87,1.00
2016.10.21 02:47:52.322,1.70664,1.70723,1.87,1.00
2016.10.21 02:47:52.424,1.70658,1.70719,1.12,1.37
2016.10.21 02:47:52.838,1.70658,1.70708,1.00,1.87
2016.10.21 02:47:52.889,1.70641,1.70698,1.75,1.37
2016.10.21 02:47:52.940,1.70641,1.70698,1.12,1.75
2016.10.21 02:47:52.991,1.70641,1.70698,1.12,1.37
2016.10.21 02:47:53.043,1.70642,1.70698,1.00,1.00
2016.10.21 02:47:53.329,1.70652,1.70698,1.37,1.00
2016.10.21 02:47:53.380,1.70652,1.70711,1.37,1.00
2016.10.21 02:47:53.431,1.70652,1.70711,3.37,1.00
2016.10.21 02:47:53.482,1.70652,1.70711,2.62,1.00
2016.10.21 02:47:53.877,1.70652,1.70711,3.37,1.00
2016.10.21 02:47:54.820,1.70653,1.70711,1.37,1.00
2016.10.21 02:47:54.870,1.70656,1.70711,1.37,1.00
2016.10.21 02:47:54.921,1.70662,1.70718,1.00,1.37
2016.10.21 02:47:54.972,1.70662,1.70718,1.00,1.12
2016.10.21 02:47:55.074,1.70662,1.70718,1.00,1.00
2016.10.21 02:47:55.734,1.70662,1.70718,1.00,1.12
2016.10.21 02:47:57.479,1.70662,1.70718,1.00,1.37
2016.10.21 02:47:57.530,1.70662,1.70718,1.00,2.62
2016.10.21 02:47:59.626,1.70662,1.70718,1.00,2.62
2016.10.21 02:48:00.392,1.70662,1.70717,1.00,1.37
2016.10.21 02:48:00.443,1.70655,1.70716,1.12,1.87
2016.10.21 02:48:00.494,1.70652,1.70703,1.75,1.00
2016.10.21 02:48:00.545,1.70651,1.70703,1.50,1.37
2016.10.21 02:48:00.597,1.70651,1.70703,1.37,1.37
2016.10.21 02:48:00.650,1.70651,1.70703,1.00,1.00
2016.10.21 02:48:00.752,1.70654,1.70703,1.00,1.00
2016.10.21 02:48:00.803,1.70651,1.70709,1.50,1.12
2016.10.21 02:48:00.854,1.70652,1.70711,2.62,1.75
2016.10.21 02:48:01.241,1.70652,1.70702,1.00,1.00
2016.10.21 02:48:01.292,1.70652,1.707,1.00,1.37
2016.10.21 02:48:01.394,1.70651,1.70702,1.00,1.37
2016.10.21 02:48:01.546,1.70642,1.70702,1.37,1.37
2016.10.21 02:48:02.016,1.70651,1.70702,1.00,1.37
2016.10.21 02:48:02.068,1.70651,1.70702,1.00,1.00
2016.10.21 02:48:03.256,1.70651,1.70702,1.37,1.00
2016.10.21 02:48:03.608,1.70651,1.70712,1.37,1.87
2016.10.21 02:48:03.659,1.70651,1.70712,2.62,1.87
2016.10.21 02:48:03.710,1.70651,1.70712,2.62,1.37
2016.10.21 02:48:03.862,1.70651,1.70712,1.37,1.37
2016.10.21 02:48:03.977,1.70651,1.70711,1.37,1.37
2016.10.21 02:48:04.279,1.70651,1.70711,1.37,1.12
2016.10.21 02:48:04.786,1.70652,1.70712,1.37,1.37
2016.10.21 02:48:04.836,1.70652,1.70712,2.62,1.37
2016.10.21 02:48:06.232,1.70654,1.70717,1.37,1.37
2016.10.21 02:48:06.663,1.70655,1.70717,1.87,1.37
2016.10.21 02:48:06.917,1.70655,1.70719,1.87,1.87
2016.10.21 02:48:08.592,1.70654,1.70719,2.62,1.87
2016.10.21 02:48:08.694,1.70654,1.70715,1.37,1.00
2016.10.21 02:48:09.039,1.70654,1.70715,1.37,1.37
2016.10.21 02:48:09.149,1.70654,1.70715,1.37,1.37
2016.10.21 02:48:09.201,1.70654,1.70719,1.37,1.87
2016.10.21 02:48:09.461,1.70654,1.70719,1.37,2.62
2016.10.21 02:48:09.512,1.70654,1.70719,1.37,4.12
2016.10.21 02:48:09.776,1.70661,1.70719,1.37,1.87
2016.10.21 02:48:09.827,1.70661,1.70719,1.37,1.12
2016.10.21 02:48:09.878,1.70661,1.70719,1.37,1.00
2016.10.21 02:48:09.929,1.70661,1.70726,1.87,2.25
2016.10.21 02:48:10.210,1.70671,1.70726,1.00,1.50
2016.10.21 02:48:10.597,1.70671,1.70726,1.00,1.12
2016.10.21 02:48:11.839,1.70672,1.70726,1.00,1.12
2016.10.21 02:48:12.364,1.70671,1.70726,1.00,1.12
2016.10.21 02:48:12.677,1.70671,1.70726,1.00,1.87
2016.10.21 02:48:13.344,1.70671,1.70726,1.50,1.12
2016.10.21 02:48:13.394,1.70673,1.70726,1.00,1.12
2016.10.21 02:48:13.445,1.70675,1.70732,1.00,2.62
2016.10.21 02:48:13.598,1.70675,1.70732,1.00,1.50
2016.10.21 02:48:19.800,1.70672,1.70731,1.37,1.00
2016.10.21 02:48:20.827,1.70672,1.70731,1.37,1.37
2016.10.21 02:48:21.985,1.70672,1.70731,1.00,1.12
2016.10.21 02:48:22.100,1.70675,1.70732,1.00,1.87
2016.10.21 02:48:23.610,1.70674,1.70732,1.00,1.87
2016.10.21 02:48:24.031,1.70672,1.70731,1.12,1.87
2016.10.21 02:48:24.094,1.70671,1.70729,1.37,1.37
2016.10.21 02:48:25.448,1.70671,1.70729,1.12,1.37
2016.10.21 02:48:26.610,1.70671,1.70729,1.00,1.37
2016.10.21 02:48:27.515,1.70671,1.70731,1.00,1.37
2016.10.21 02:48:28.403,1.70671,1.70731,1.37,1.37
2016.10.21 02:48:28.454,1.70672,1.70732,1.12,1.87
2016.10.21 02:48:28.505,1.70675,1.70732,1.00,1.37
2016.10.21 02:48:31.163,1.70678,1.70732,1.00,1.37
2016.10.21 02:48:31.214,1.7068,1.70732,1.12,1.00
2016.10.21 02:48:31.264,1.70681,1.70735,1.00,1.75
2016.10.21 02:48:31.315,1.70681,1.70739,1.12,1.00
2016.10.21 02:48:31.468,1.70681,1.7074,1.87,1.12
2016.10.21 02:48:31.777,1.70682,1.70741,1.37,2.25
2016.10.21 02:48:31.930,1.70683,1.70741,1.12,1.87
2016.10.21 02:48:32.251,1.70681,1.70741,1.87,1.87
2016.10.21 02:48:34.449,1.70681,1.70738,1.50,1.37
2016.10.21 02:48:34.500,1.70676,1.70734,1.87,1.00
2016.10.21 02:48:34.551,1.70676,1.70733,1.00,1.37
2016.10.21 02:48:34.602,1.70676,1.70733,1.00,1.37
2016.10.21 02:48:34.653,1.7067,1.7073,2.62,1.00
2016.10.21 02:48:34.704,1.70671,1.7073,1.37,1.00
2016.10.21 02:48:34.755,1.70671,1.70731,1.87,1.12
2016.10.21 02:48:34.806,1.70672,1.70731,1.37,1.12
2016.10.21 02:48:35.113,1.70672,1.70732,1.37,1.37
2016.10.21 02:48:35.312,1.70671,1.70731,1.37,1.12
2016.10.21 02:48:35.363,1.70673,1.70732,1.37,1.37
2016.10.21 02:48:35.886,1.70673,1.70733,1.37,1.37
2016.10.21 02:48:36.343,1.70673,1.70733,1.37,2.62
2016.10.21 02:48:37.764,1.70671,1.7073,1.12,1.37
2016.10.21 02:48:37.815,1.70671,1.70728,1.12,1.00
2016.10.21 02:48:37.866,1.70669,1.70727,1.00,1.87
2016.10.21 02:48:37.917,1.70669,1.70726,1.00,1.37
2016.10.21 02:48:37.968,1.70668,1.70724,1.12,1.37
2016.10.21 02:48:38.019,1.70668,1.70724,1.00,1.37
2016.10.21 02:48:38.070,1.70666,1.70724,1.00,1.87
2016.10.21 02:48:41.311,1.70666,1.70724,1.00,1.37
2016.10.21 02:48:41.564,1.70662,1.70719,1.00,1.00
2016.10.21 02:48:41.615,1.70661,1.70719,1.12,1.00
2016.10.21 02:48:41.716,1.70659,1.70719,1.87,1.00
2016.10.21 02:48:41.767,1.70659,1.70719,1.87,1.37
2016.10.21 02:48:42.075,1.70659,1.70715,1.37,1.37
2016.10.21 02:48:42.280,1.70659,1.70715,1.00,1.12
2016.10.21 02:48:42.382,1.70659,1.70714,1.00,1.00
2016.10.21 02:48:42.433,1.70656,1.7071,1.12,1.50
2016.10.21 02:48:42.484,1.70652,1.7071,1.75,1.50
2016.10.21 02:48:42.535,1.70651,1.70709,1.37,1.00
2016.10.21 02:48:42.586,1.70652,1.70709,1.00,1.37
2016.10.21 02:48:42.738,1.70652,1.70708,1.00,1.12
2016.10.21 02:48:42.840,1.70651,1.70708,1.37,1.12
2016.10.21 02:48:44.161,1.70651,1.70709,1.87,1.37
2016.10.21 02:48:44.212,1.70653,1.7071,1.00,1.37
2016.10.21 02:48:44.263,1.70653,1.7071,2.62,1.00
2016.10.21 02:48:44.314,1.70655,1.7071,1.37,1.00
2016.10.21 02:48:46.634,1.70656,1.70713,1.87,1.00
2016.10.21 02:48:46.742,1.7066,1.70718,1.37,1.50
2016.10.21 02:48:46.843,1.70662,1.70718,1.37,1.00
2016.10.21 02:48:46.945,1.70666,1.70721,1.00,1.00
2016.10.21 02:48:46.996,1.70668,1.70726,1.12,1.87
2016.10.21 02:48:47.047,1.7067,1.70726,1.00,1.37
2016.10.21 02:48:47.098,1.70669,1.70726,1.37,1.00
2016.10.21 02:48:47.149,1.7067,1.70729,1.37,1.75
2016.10.21 02:48:47.481,1.7067,1.70729,1.37,1.37
2016.10.21 02:48:50.616,1.7067,1.70727,1.37,1.12
2016.10.21 02:48:50.995,1.7067,1.70727,2.62,1.00
2016.10.21 02:48:52.066,1.7067,1.70727,1.37,1.00
2016.10.21 02:48:52.370,1.7067,1.70725,1.12,1.00
2016.10.21 02:48:52.471,1.7067,1.70725,1.00,1.00
2016.10.21 02:48:52.572,1.70667,1.70725,1.87,1.37
2016.10.21 02:48:53.165,1.70667,1.70725,1.37,1.37
2016.10.21 02:48:53.308,1.70667,1.70725,1.00,1.37
2016.10.21 02:48:54.877,1.70667,1.70725,1.37,1.37
2016.10.21 02:48:56.292,1.70666,1.70726,2.62,1.00
2016.10.21 02:48:56.675,1.70666,1.70726,1.37,1.12
2016.10.21 02:48:57.756,1.70666,1.70724,1.37,1.00
2016.10.21 02:48:57.807,1.70666,1.70724,1.12,1.00
2016.10.21 02:48:57.868,1.70665,1.70724,1.37,1.00
2016.10.21 02:48:57.919,1.70665,1.70724,1.37,1.37
2016.10.21 02:48:58.071,1.70663,1.70723,1.87,1.37
2016.10.21 02:48:58.488,1.70663,1.70721,1.87,1.37
2016.10.21 02:48:58.951,1.70664,1.70724,1.37,1.37
2016.10.21 02:48:59.002,1.70666,1.70724,1.87,1.00
2016.10.21 02:48:59.096,1.70669,1.70727,1.37,1.87
2016.10.21 02:48:59.198,1.70668,1.70726,1.37,1.00
2016.10.21 02:48:59.300,1.70668,1.70726,1.37,1.37
2016.10.21 02:48:59.471,1.70671,1.70729,1.12,1.75
2016.10.21 02:48:59.522,1.70672,1.70729,1.37,1.50
2016.10.21 02:48:59.573,1.70672,1.70731,1.37,1.37
2016.10.21 02:48:59.890,1.70682,1.7074,1.12,1.12
2016.10.21 02:49:00.195,1.7068,1.70739,1.87,1.00
2016.10.21 02:49:00.245,1.7068,1.70739,1.87,1.50
2016.10.21 02:49:00.397,1.7068,1.70739,1.87,1.87
2016.10.21 02:49:00.499,1.70681,1.70739,1.37,1.37
2016.10.21 02:49:00.656,1.70681,1.70737,1.37,1.12
2016.10.21 02:49:00.707,1.7068,1.70737,1.12,1.00
2016.10.21 02:49:01.269,1.70686,1.70737,1.87,1.00
2016.10.21 02:49:01.356,1.70688,1.70746,1.37,1.37
2016.10.21 02:49:03.536,1.70688,1.70746,1.37,1.12
2016.10.21 02:49:04.625,1.70688,1.70747,1.37,1.37
2016.10.21 02:49:05.582,1.70691,1.70742,1.00,1.00
2016.10.21 02:49:05.652,1.70681,1.70737,1.50,1.12
2016.10.21 02:49:05.703,1.70681,1.70735,1.00,1.37
2016.10.21 02:49:05.805,1.70681,1.70733,1.00,1.00
2016.10.21 02:49:05.906,1.70682,1.70733,1.00,1.12
2016.10.21 02:49:06.058,1.70682,1.70734,1.00,1.37
2016.10.21 02:49:06.109,1.70682,1.70731,1.00,1.12
2016.10.21 02:49:06.160,1.70682,1.70731,1.00,1.87
2016.10.21 02:49:06.486,1.70672,1.70727,1.00,1.12
2016.10.21 02:49:06.536,1.70672,1.70727,1.00,1.00
2016.10.21 02:49:06.638,1.70666,1.70726,1.87,1.12
2016.10.21 02:49:06.689,1.70666,1.70724,1.87,1.00
2016.10.21 02:49:06.790,1.70666,1.70723,1.37,1.00
2016.10.21 02:49:07.268,1.70666,1.70723,1.00,1.00
2016.10.21 02:49:09.409,1.70665,1.70723,1.00,1.50
2016.10.21 02:49:09.460,1.70662,1.70723,1.00,1.50
2016.10.21 02:49:09.512,1.70663,1.70723,1.00,1.00
2016.10.21 02:49:09.879,1.70665,1.70723,1.00,1.50
2016.10.21 02:49:10.390,1.70664,1.70723,1.00,1.50
2016.10.21 02:49:10.662,1.70663,1.70723,1.00,1.00
2016.10.21 02:49:11.637,1.70662,1.70723,1.00,1.50
2016.10.21 02:49:12.012,1.70662,1.70723,1.50,1.50
2016.10.21 02:49:13.035,1.70663,1.70721,1.00,1.00
2016.10.21 02:49:13.336,1.70664,1.70723,1.00,1.00
2016.10.21 02:49:14.941,1.70664,1.70723,1.00,1.75
2016.10.21 02:49:14.992,1.70665,1.70722,1.00,1.12
2016.10.21 02:49:16.549,1.70662,1.7072,1.00,1.37
2016.10.21 02:49:16.600,1.70661,1.70712,1.12,1.00
2016.10.21 02:49:16.871,1.70661,1.70712,1.12,1.37
2016.10.21 02:49:16.922,1.70655,1.70712,1.00,1.37
2016.10.21 02:49:17.023,1.70653,1.70712,1.00,1.37
2016.10.21 02:49:17.074,1.70652,1.70705,1.00,1.00
2016.10.21 02:49:17.125,1.70647,1.70705,1.37,1.00
2016.10.21 02:49:17.177,1.70646,1.70705,1.00,1.00
2016.10.21 02:49:17.228,1.70646,1.70705,1.00,1.75
2016.10.21 02:49:17.279,1.70645,1.70705,1.00,2.25
2016.10.21 02:49:18.960,1.70644,1.70705,1.12,2.25
2016.10.21 02:49:21.225,1.70651,1.70705,1.00,2.25
2016.10.21 02:49:21.998,1.70651,1.70703,1.00,1.12
2016.10.21 02:49:22.503,1.70652,1.70703,1.00,1.12
2016.10.21 02:49:25.724,1.70652,1.70702,1.00,1.00
2016.10.21 02:49:26.267,1.70652,1.70701,1.00,1.00
2016.10.21 02:49:27.513,1.70652,1.70703,1.00,1.12
2016.10.21 02:49:30.588,1.70643,1.70703,1.37,1.12
2016.10.21 02:49:31.326,1.70642,1.70702,1.87,1.00
2016.10.21 02:49:31.377,1.70642,1.70703,2.25,1.50
2016.10.21 02:49:32.432,1.70652,1.70703,1.00,1.50
2016.10.21 02:49:33.699,1.70652,1.70701,1.00,1.00
2016.10.21 02:49:33.800,1.70652,1.70701,1.00,1.37
2016.10.21 02:49:34.966,1.70641,1.70701,1.00,1.87
2016.10.21 02:49:35.016,1.70641,1.70691,1.00,1.00
2016.10.21 02:49:35.067,1.70634,1.70691,1.50,1.12
2016.10.21 02:49:35.118,1.70633,1.70691,1.00,1.12
2016.10.21 02:49:35.220,1.70632,1.70687,1.00,1.00
2016.10.21 02:49:35.270,1.70632,1.70687,1.00,1.37
2016.10.21 02:49:35.321,1.70632,1.70681,1.00,1.00
2016.10.21 02:49:35.836,1.70631,1.70681,1.00,1.00
2016.10.21 02:49:36.378,1.70631,1.70681,1.12,1.00
2016.10.21 02:49:37.157,1.70631,1.70681,1.87,1.00
2016.10.21 02:49:37.309,1.70632,1.70681,1.00,1.00
2016.10.21 02:49:37.631,1.70631,1.70681,1.87,1.00
2016.10.21 02:49:39.077,1.70632,1.70681,1.37,1.00
2016.10.21 02:49:39.128,1.70632,1.70688,1.37,1.37
2016.10.21 02:49:39.179,1.70632,1.70688,1.12,1.00
2016.10.21 02:49:39.453,1.70641,1.70688,1.00,1.00
2016.10.21 02:49:41.624,1.70635,1.70688,1.37,1.00
2016.10.21 02:49:43.423,1.70641,1.70688,1.00,1.00
2016.10.21 02:49:45.970,1.70642,1.70688,1.00,1.00
2016.10.21 02:49:48.179,1.70641,1.70688,1.00,1.00
2016.10.21 02:49:48.700,1.70632,1.70688,1.50,1.00
2016.10.21 02:49:54.054,1.70641,1.70688,1.00,1.00
2016.10.21 02:49:55.914,1.70641,1.70688,1.00,1.50
2016.10.21 02:49:56.016,1.70631,1.70687,1.00,1.37
2016.10.21 02:49:56.118,1.70631,1.70687,1.00,1.12
2016.10.21 02:49:56.621,1.70631,1.70688,1.12,1.00
2016.10.21 02:49:57.130,1.70631,1.70688,1.37,1.00
2016.10.21 02:49:57.864,1.70632,1.70688,1.00,1.00
2016.10.21 02:49:57.918,1.70632,1.70688,1.00,1.87
2016.10.21 02:49:59.591,1.70624,1.70684,1.00,1.37
2016.10.21 02:50:00.079,1.70623,1.70681,1.50,1.00
2016.10.21 02:50:00.130,1.70622,1.70679,1.37,1.12
2016.10.21 02:50:00.181,1.70621,1.70677,1.12,1.00
2016.10.21 02:50:00.232,1.70621,1.70677,1.00,1.37
2016.10.21 02:50:00.334,1.70622,1.70676,1.00,1.12
2016.10.21 02:50:00.914,1.70622,1.70676,1.00,1.00
2016.10.21 02:50:01.427,1.70622,1.70673,1.00,1.00
2016.10.21 02:50:03.567,1.70622,1.7067,1.00,1.00
2016.10.21 02:50:03.619,1.70622,1.7067,1.00,1.37
2016.10.21 02:50:03.669,1.70611,1.7067,1.00,1.37
2016.10.21 02:50:04.421,1.70612,1.7067,1.00,1.37
2016.10.21 02:50:04.731,1.70612,1.7067,1.00,1.37
2016.10.21 02:50:05.209,1.70612,1.7067,1.00,1.37
2016.10.21 02:50:08.135,1.70612,1.70671,1.00,1.37
2016.10.21 02:50:08.772,1.70612,1.7067,1.00,1.37
2016.10.21 02:50:09.931,1.70612,1.70665,1.00,1.00
2016.10.21 02:50:12.403,1.70612,1.70659,1.00,1.37
2016.10.21 02:50:12.454,1.70596,1.70657,1.37,1.00
2016.10.21 02:50:12.505,1.70602,1.70657,1.00,1.00
2016.10.21 02:50:12.556,1.70602,1.70655,1.00,1.00
2016.10.21 02:50:13.072,1.70601,1.70654,1.00,1.00
2016.10.21 02:50:13.325,1.70601,1.70656,1.00,1.00
2016.10.21 02:50:13.845,1.70601,1.70654,1.00,1.00
2016.10.21 02:50:14.278,1.70596,1.70654,1.37,1.00
2016.10.21 02:50:14.784,1.70602,1.70655,1.00,1.00
2016.10.21 02:50:14.834,1.70602,1.70657,1.00,1.00
2016.10.21 02:50:19.705,1.70602,1.70656,1.00,1.00
2016.10.21 02:50:23.525,1.70602,1.70657,1.00,1.00
2016.10.21 02:50:23.776,1.70602,1.70657,1.00,1.37
2016.10.21 02:50:24.673,1.70602,1.70655,1.00,1.00
2016.10.21 02:50:25.006,1.70602,1.70657,1.00,1.37
2016.10.21 02:50:27.571,1.70602,1.70657,1.00,1.00
2016.10.21 02:50:32.504,1.70602,1.70657,1.37,1.00
2016.10.21 02:50:32.555,1.70608,1.70662,1.00,1.12
2016.10.21 02:50:32.605,1.70609,1.70665,1.12,2.25
2016.10.21 02:50:32.656,1.70611,1.70665,1.00,1.00
2016.10.21 02:50:32.707,1.70609,1.70665,1.12,1.00
2016.10.21 02:50:33.724,1.70611,1.70665,1.00,1.00
2016.10.21 02:50:33.775,1.70612,1.70665,1.12,1.00
2016.10.21 02:50:33.826,1.7061,1.70665,1.37,1.00
2016.10.21 02:50:33.927,1.70612,1.70665,1.00,1.00
2016.10.21 02:50:35.385,1.70612,1.70665,1.12,1.00
2016.10.21 02:50:35.436,1.70622,1.70665,1.00,1.00
2016.10.21 02:50:44.164,1.70625,1.70665,1.00,1.00
2016.10.21 02:50:44.265,1.70632,1.70677,1.00,1.37
2016.10.21 02:50:44.316,1.70625,1.70677,1.00,1.00
2016.10.21 02:50:44.367,1.70626,1.70683,1.00,1.75
2016.10.21 02:50:44.418,1.70623,1.70683,1.00,1.75
2016.10.21 02:50:44.469,1.70623,1.70683,1.00,1.00
2016.10.21 02:50:44.519,1.70622,1.70682,1.00,1.12
2016.10.21 02:50:44.570,1.70622,1.70681,1.00,1.00
2016.10.21 02:50:44.621,1.70621,1.70681,1.12,1.37
2016.10.21 02:50:44.672,1.70621,1.70682,1.00,1.50
2016.10.21 02:50:45.106,1.70619,1.70676,1.37,1.00
2016.10.21 02:50:45.208,1.70621,1.70676,1.37,1.00
2016.10.21 02:50:45.705,1.70621,1.70676,1.12,1.00
2016.10.21 02:50:45.756,1.70621,1.70676,1.87,1.00
2016.10.21 02:50:45.807,1.70621,1.70676,1.12,1.00
2016.10.21 02:50:46.544,1.70621,1.70676,1.37,1.00
2016.10.21 02:50:46.930,1.70618,1.70676,1.37,1.00
2016.10.21 02:50:47.238,1.70621,1.70676,1.00,1.00
2016.10.21 02:50:47.289,1.70621,1.70676,1.37,1.00
2016.10.21 02:50:47.392,1.70621,1.7068,1.37,1.12
2016.10.21 02:50:47.758,1.70621,1.70681,1.37,1.37
2016.10.21 02:50:47.885,1.70621,1.70681,1.87,1.37
2016.10.21 02:50:48.068,1.70621,1.7068,1.87,1.12
2016.10.21 02:50:48.272,1.70621,1.70681,1.87,1.37
2016.10.21 02:50:48.523,1.70621,1.70681,1.37,1.37
2016.10.21 02:50:48.724,1.70622,1.7068,1.12,1.12
2016.10.21 02:50:48.915,1.70621,1.7068,1.87,1.12
2016.10.21 02:50:49.127,1.70621,1.70681,1.87,1.37
2016.10.21 02:50:49.560,1.70622,1.7068,1.12,1.12
2016.10.21 02:50:49.722,1.70621,1.70681,1.37,1.37
2016.10.21 02:50:49.934,1.70621,1.70681,1.87,1.37
2016.10.21 02:50:50.165,1.70621,1.7068,1.87,1.12
2016.10.21 02:50:50.717,1.70621,1.70679,1.87,1.00
2016.10.21 02:50:50.904,1.70621,1.70679,1.37,1.00
2016.10.21 02:50:50.955,1.70621,1.70679,1.87,1.00
2016.10.21 02:50:51.114,1.70621,1.7068,1.37,1.12
2016.10.21 02:50:51.739,1.70621,1.7068,1.87,1.12
2016.10.21 02:50:51.890,1.70621,1.70679,1.37,1.00
2016.10.21 02:50:52.316,1.70621,1.70681,1.37,1.37
2016.10.21 02:50:52.367,1.70621,1.70681,1.87,1.37
2016.10.21 02:50:52.519,1.70621,1.7068,1.87,1.12
2016.10.21 02:50:52.569,1.70621,1.70681,1.87,1.37
2016.10.21 02:50:52.774,1.70621,1.70678,1.37,1.00
2016.10.21 02:50:52.825,1.70621,1.70678,1.00,1.37
2016.10.21 02:50:52.875,1.70621,1.70677,1.00,1.12
2016.10.21 02:50:53.027,1.70621,1.70677,1.00,1.00
2016.10.21 02:50:53.287,1.70621,1.70677,1.12,1.00
2016.10.21 02:50:53.338,1.70621,1.70679,1.37,1.00
2016.10.21 02:50:53.440,1.70621,1.70677,1.00,1.37
2016.10.21 02:50:53.592,1.70621,1.70677,1.00,1.00
2016.10.21 02:50:53.703,1.70621,1.70677,1.00,1.12
2016.10.21 02:50:54.017,1.70621,1.70677,1.00,1.00
2016.10.21 02:50:54.520,1.70619,1.70677,1.00,1.00
2016.10.21 02:50:54.571,1.70613,1.70671,1.50,1.00
2016.10.21 02:50:54.930,1.70612,1.7067,1.37,1.00
2016.10.21 02:50:54.982,1.70611,1.7067,2.96,1.00
2016.10.21 02:50:56.983,1.70611,1.70672,2.96,1.12
2016.10.21 02:50:57.085,1.70611,1.70667,2.21,1.00
2016.10.21 02:50:57.136,1.70611,1.70667,1.87,1.00
2016.10.21 02:50:57.774,1.70611,1.70668,1.87,1.00
2016.10.21 02:50:57.825,1.70611,1.70668,1.50,1.12
2016.10.21 02:50:58.120,1.70611,1.70666,1.00,1.00
2016.10.21 02:50:58.487,1.70611,1.70666,1.00,1.87
2016.10.21 02:51:00.325,1.70607,1.70666,1.37,1.87
2016.10.21 02:51:00.377,1.70607,1.70666,1.37,2.25
2016.10.21 02:51:00.429,1.70606,1.70665,1.00,1.37
2016.10.21 02:51:00.480,1.70603,1.70664,1.00,1.12
2016.10.21 02:51:00.531,1.70603,1.70664,1.00,1.37
2016.10.21 02:51:00.632,1.70611,1.70664,1.00,1.37
2016.10.21 02:51:00.734,1.70611,1.70666,1.00,1.12
2016.10.21 02:51:00.785,1.70611,1.70666,1.00,1.87
2016.10.21 02:51:01.526,1.70621,1.70666,1.00,1.87
2016.10.21 02:51:05.377,1.70612,1.70666,1.00,1.87
2016.10.21 02:51:05.428,1.70612,1.70665,1.00,1.00
2016.10.21 02:51:05.529,1.70612,1.70665,1.12,1.00
2016.10.21 02:51:05.631,1.70612,1.70665,1.00,1.00
2016.10.21 02:51:06.466,1.70611,1.7066,1.00,1.00
2016.10.21 02:51:07.175,1.70611,1.70661,1.00,1.00
2016.10.21 02:51:07.743,1.70611,1.70665,1.00,1.00
2016.10.21 02:51:08.682,1.70612,1.70663,1.00,1.00
2016.10.21 02:51:10.570,1.70622,1.70663,1.00,1.00
2016.10.21 02:51:10.621,1.70622,1.70672,1.00,1.87
2016.10.21 02:51:10.932,1.70622,1.70672,1.00,1.00
2016.10.21 02:51:11.439,1.70621,1.70672,1.00,1.00
2016.10.21 02:51:11.567,1.70614,1.70672,1.12,1.00
2016.10.21 02:51:11.618,1.70615,1.70672,1.00,1.00
2016.10.21 02:51:12.106,1.70622,1.70672,1.00,1.00
2016.10.21 02:51:12.274,1.70617,1.70672,1.00,1.00
2016.10.21 02:51:12.376,1.70615,1.70672,1.00,1.00
2016.10.21 02:51:12.679,1.70621,1.70672,1.00,1.00
2016.10.21 02:51:20.157,1.70622,1.70672,1.00,1.12
2016.10.21 02:51:20.208,1.70622,1.70672,1.00,1.87
2016.10.21 02:51:20.310,1.70622,1.70672,1.00,2.25
2016.10.21 02:51:20.361,1.70622,1.70671,1.00,1.00
2016.10.21 02:51:21.173,1.70622,1.70671,1.00,1.50
2016.10.21 02:51:23.210,1.70622,1.70671,1.00,1.12
2016.10.21 02:51:25.674,1.70612,1.70671,1.87,1.12
2016.10.21 02:51:25.725,1.70612,1.70672,1.87,1.87
2016.10.21 02:51:25.776,1.70613,1.70673,1.12,1.75
2016.10.21 02:51:27.153,1.70613,1.70673,1.00,1.87
2016.10.21 02:51:27.204,1.70612,1.70673,1.50,1.87
2016.10.21 02:51:27.255,1.70612,1.7067,1.00,1.00
2016.10.21 02:51:27.305,1.70612,1.70671,1.00,1.12
2016.10.21 02:51:27.459,1.70612,1.70671,1.00,1.50
2016.10.21 02:51:27.561,1.70612,1.70671,1.00,1.00
2016.10.21 02:51:27.611,1.70612,1.70671,1.50,1.00
2016.10.21 02:51:27.775,1.70612,1.70671,1.00,1.50
2016.10.21 02:51:27.971,1.70612,1.70671,1.50,1.50
2016.10.21 02:51:28.486,1.70613,1.70673,1.12,1.75
2016.10.21 02:51:30.548,1.70613,1.70673,1.12,2.25
2016.10.21 02:51:30.599,1.70613,1.70673,1.12,1.75
2016.10.21 02:51:31.153,1.70613,1.70673,1.12,2.25
2016.10.21 02:51:31.204,1.70613,1.70673,1.12,1.75
2016.10.21 02:51:31.745,1.70612,1.70673,1.50,1.87
2016.10.21 02:51:32.041,1.70612,1.70673,1.50,1.37
2016.10.21 02:51:32.091,1.70612,1.70673,1.00,1.37
2016.10.21 02:51:32.142,1.70613,1.70673,1.00,1.87
2016.10.21 02:51:32.354,1.70612,1.70672,1.00,1.37
2016.10.21 02:51:32.405,1.70612,1.70672,1.50,1.37
2016.10.21 02:51:32.607,1.70613,1.70672,1.00,1.37
2016.10.21 02:51:32.709,1.70612,1.70672,1.50,1.37
2016.10.21 02:51:32.810,1.70613,1.70672,1.00,1.37
2016.10.21 02:51:32.959,1.70612,1.70672,1.50,1.37
2016.10.21 02:51:33.318,1.70612,1.70673,1.50,1.87
2016.10.21 02:51:33.369,1.70612,1.70672,1.50,1.37
2016.10.21 02:51:33.622,1.70612,1.70673,1.50,1.87
2016.10.21 02:51:33.766,1.70612,1.70673,1.00,1.87
2016.10.21 02:51:33.817,1.70613,1.70672,1.00,1.37
2016.10.21 02:51:33.968,1.70612,1.70672,1.50,1.37
2016.10.21 02:51:34.069,1.70612,1.70672,1.00,1.37
2016.10.21 02:51:34.120,1.70612,1.70672,1.50,1.37
2016.10.21 02:51:34.826,1.70612,1.70671,1.50,1.37
2016.10.21 02:51:35.386,1.70612,1.70671,1.50,1.75
2016.10.21 02:51:35.437,1.70611,1.70672,1.50,1.87
2016.10.21 02:51:35.624,1.70611,1.70666,1.50,1.00
2016.10.21 02:51:35.675,1.70611,1.70665,1.00,1.00
2016.10.21 02:51:35.726,1.70604,1.70663,1.00,1.00
2016.10.21 02:51:35.776,1.70603,1.70663,1.37,1.00
2016.10.21 02:51:35.878,1.70603,1.70661,1.00,1.00
2016.10.21 02:51:35.929,1.70601,1.70659,1.00,1.50
2016.10.21 02:51:36.344,1.70601,1.70659,1.00,1.87
2016.10.21 02:51:39.169,1.70602,1.70659,1.00,1.87
2016.10.21 02:51:44.076,1.70602,1.70657,1.00,1.00
2016.10.21 02:51:44.287,1.70602,1.70658,1.00,1.12
2016.10.21 02:51:44.388,1.70602,1.70659,1.00,1.87
2016.10.21 02:51:44.892,1.70603,1.70659,1.00,1.37
2016.10.21 02:51:45.492,1.70612,1.70659,1.00,1.00
2016.10.21 02:51:45.543,1.70612,1.70662,1.00,1.00
2016.10.21 02:51:45.594,1.70612,1.70664,1.00,1.00
2016.10.21 02:51:45.645,1.70612,1.70663,1.00,1.00
2016.10.21 02:51:46.510,1.70604,1.70663,1.00,1.12
2016.10.21 02:51:46.637,1.70605,1.70663,1.00,1.00
2016.10.21 02:51:46.688,1.70612,1.70663,1.00,1.00
2016.10.21 02:51:46.789,1.70606,1.70663,1.00,1.00
2016.10.21 02:51:46.891,1.70603,1.70663,1.00,1.00
2016.10.21 02:51:47.425,1.70602,1.70663,1.00,1.50
2016.10.21 02:51:47.475,1.70602,1.70663,1.00,1.87
2016.10.21 02:51:49.870,1.70602,1.70661,1.00,1.12
2016.10.21 02:51:49.921,1.70602,1.70661,1.00,1.37
2016.10.21 02:51:50.073,1.70602,1.70659,1.00,1.00
2016.10.21 02:51:50.124,1.70602,1.70659,1.00,1.12
2016.10.21 02:51:50.702,1.70601,1.70655,1.00,1.00
2016.10.21 02:51:50.803,1.70601,1.70653,1.00,1.00
2016.10.21 02:51:51.208,1.70594,1.70653,1.00,1.00
2016.10.21 02:51:51.259,1.70594,1.70656,1.50,2.25
2016.10.21 02:51:51.310,1.70595,1.70656,1.00,1.12
2016.10.21 02:51:51.852,1.70596,1.70656,1.00,1.12
2016.10.21 02:51:51.903,1.70596,1.70656,1.12,1.00
2016.10.21 02:51:53.029,1.70602,1.70656,1.00,1.00
2016.10.21 02:51:53.507,1.70602,1.70655,1.00,1.00
2016.10.21 02:51:53.733,1.70602,1.70656,1.00,1.00
2016.10.21 02:51:53.935,1.70602,1.70656,1.00,1.50
2016.10.21 02:51:53.987,1.70602,1.70656,1.00,1.00
2016.10.21 02:51:56.229,1.70602,1.70656,1.00,1.12
2016.10.21 02:51:56.330,1.70602,1.70654,1.00,1.00
2016.10.21 02:51:59.319,1.70602,1.70653,1.00,1.37
2016.10.21 02:51:59.370,1.70602,1.7065,1.00,1.00
2016.10.21 02:51:59.421,1.70594,1.7065,1.00,1.37
2016.10.21 02:51:59.472,1.70594,1.70648,1.00,1.00
2016.10.21 02:51:59.523,1.70594,1.70648,1.00,1.12
2016.10.21 02:51:59.573,1.70591,1.70645,1.00,1.00
2016.10.21 02:51:59.624,1.70591,1.70646,1.00,1.12
2016.10.21 02:52:00.129,1.70591,1.70646,1.00,1.00
2016.10.21 02:52:00.180,1.70591,1.70647,1.00,2.25
2016.10.21 02:52:00.482,1.70591,1.70642,1.00,1.00
2016.10.21 02:52:00.634,1.70584,1.70633,1.00,1.00
2016.10.21 02:52:00.685,1.70581,1.7063,1.00,1.00
2016.10.21 02:52:00.737,1.70575,1.70629,1.00,1.37
2016.10.21 02:52:00.789,1.70572,1.70629,1.00,1.37
2016.10.21 02:52:01.119,1.70572,1.70631,1.00,1.37
2016.10.21 02:52:01.170,1.70574,1.70631,1.00,1.00
2016.10.21 02:52:02.770,1.70575,1.70631,1.00,1.00
2016.10.21 02:52:02.844,1.70578,1.70638,1.50,1.00
2016.10.21 02:52:02.946,1.70581,1.7064,1.00,1.87
2016.10.21 02:52:02.998,1.70581,1.70639,1.00,1.00
2016.10.21 02:52:04.377,1.70581,1.70633,1.00,1.00
2016.10.21 02:52:04.716,1.70581,1.70633,1.00,1.37
2016.10.21 02:52:04.818,1.70581,1.70633,1.00,1.87
2016.10.21 02:52:05.326,1.70582,1.70633,1.00,1.37
2016.10.21 02:52:05.378,1.70582,1.70633,1.00,1.00
2016.10.21 02:52:05.685,1.70581,1.70638,1.00,1.00
2016.10.21 02:52:05.739,1.70581,1.7064,1.00,1.00
2016.10.21 02:52:07.577,1.70581,1.70638,1.00,1.00
2016.10.21 02:52:09.025,1.70581,1.70637,1.00,1.00
2016.10.21 02:52:09.075,1.70581,1.70637,1.00,1.12
2016.10.21 02:52:09.280,1.70581,1.7063,1.00,1.00
2016.10.21 02:52:09.388,1.70581,1.70633,1.00,1.37
2016.10.21 02:52:09.701,1.70572,1.70633,1.00,1.37
2016.10.21 02:52:09.756,1.70572,1.70631,1.00,1.37
2016.10.21 02:52:09.807,1.70572,1.7063,1.00,1.12
2016.10.21 02:52:09.858,1.70572,1.7063,1.00,1.37
2016.10.21 02:52:09.909,1.70572,1.70631,1.00,1.50
2016.10.21 02:52:09.960,1.70572,1.70627,1.00,1.00
2016.10.21 02:52:10.279,1.70572,1.70627,1.00,1.12
2016.10.21 02:52:11.246,1.70571,1.70627,1.00,1.00
2016.10.21 02:52:12.194,1.70581,1.7063,1.00,1.00
2016.10.21 02:52:12.245,1.70581,1.70638,1.00,1.12
2016.10.21 02:52:12.296,1.70581,1.70638,1.00,1.00
2016.10.21 02:52:12.922,1.70582,1.70636,1.00,1.00
2016.10.21 02:52:13.273,1.70582,1.70632,1.00,1.37
2016.10.21 02:52:13.328,1.70571,1.70624,1.00,1.00
2016.10.21 02:52:13.553,1.70567,1.70623,1.12,1.00
2016.10.21 02:52:13.604,1.70567,1.70623,1.12,1.12
2016.10.21 02:52:13.857,1.70563,1.70621,1.12,1.50
2016.10.21 02:52:13.908,1.70562,1.7062,1.37,1.00
2016.10.21 02:52:13.959,1.70562,1.7062,1.00,1.12
2016.10.21 02:52:14.389,1.70562,1.70619,1.00,1.37
2016.10.21 02:52:15.103,1.70562,1.70619,1.00,1.12
2016.10.21 02:52:15.585,1.70571,1.70619,1.00,1.12
2016.10.21 02:52:15.919,1.70572,1.70621,1.00,1.00
2016.10.21 02:52:15.970,1.70572,1.7063,1.00,1.87
2016.10.21 02:52:16.020,1.70572,1.70629,1.00,1.37
2016.10.21 02:52:16.071,1.70572,1.70629,1.00,1.00
2016.10.21 02:52:16.375,1.70572,1.70627,1.00,1.00
2016.10.21 02:52:17.027,1.70582,1.70627,1.00,1.00
2016.10.21 02:52:17.271,1.70571,1.7063,1.00,1.87
2016.10.21 02:52:17.535,1.70571,1.7063,1.00,1.12
2016.10.21 02:52:17.586,1.70571,1.7063,1.00,1.00
2016.10.21 02:52:18.274,1.70571,1.7063,1.00,1.37
2016.10.21 02:52:19.800,1.70571,1.7063,1.00,1.87
2016.10.21 02:52:20.452,1.70571,1.70629,1.00,1.12
2016.10.21 02:52:20.503,1.70571,1.70629,1.00,1.37
2016.10.21 02:52:23.127,1.70571,1.70627,1.00,1.00
2016.10.21 02:52:23.460,1.70571,1.70627,1.00,1.12
2016.10.21 02:52:23.613,1.70571,1.7063,1.00,1.87
2016.10.21 02:52:23.816,1.70571,1.70628,1.00,1.12
2016.10.21 02:52:24.718,1.70572,1.70628,1.00,1.12
2016.10.21 02:52:25.023,1.70572,1.70628,1.00,1.37
2016.10.21 02:52:26.297,1.70572,1.70628,1.00,1.00
2016.10.21 02:52:26.508,1.70571,1.7063,1.00,1.87
2016.10.21 02:52:27.163,1.70572,1.7063,1.00,1.37
2016.10.21 02:52:27.338,1.70572,1.7063,1.00,1.12
2016.10.21 02:52:27.657,1.70582,1.7063,1.00,1.12
2016.10.21 02:52:28.425,1.70575,1.7063,1.00,1.37
2016.10.21 02:52:28.476,1.70581,1.70633,1.00,1.12
2016.10.21 02:52:28.528,1.70581,1.70633,1.00,1.50
2016.10.21 02:52:28.579,1.70574,1.70631,1.00,1.00
2016.10.21 02:52:28.734,1.70574,1.70629,1.00,1.37
2016.10.21 02:52:28.836,1.70574,1.70629,1.00,1.00
2016.10.21 02:52:28.938,1.70574,1.70629,1.00,1.37
2016.10.21 02:52:30.395,1.70574,1.70628,1.00,1.37
2016.10.21 02:52:31.199,1.70574,1.70629,1.00,1.37
2016.10.21 02:52:31.706,1.70574,1.7063,1.00,1.37
2016.10.21 02:52:31.960,1.70574,1.70629,1.00,1.37
2016.10.21 02:52:32.995,1.70574,1.70628,1.00,1.37
2016.10.21 02:52:41.252,1.70574,1.70632,1.00,1.37
2016.10.21 02:52:41.303,1.70572,1.7063,1.87,1.37
2016.10.21 02:52:41.354,1.70572,1.7063,1.12,1.37
2016.10.21 02:52:41.405,1.70572,1.7063,1.50,1.37
2016.10.21 02:52:41.557,1.70572,1.7063,1.87,1.37
2016.10.21 02:52:41.760,1.70573,1.7063,1.00,1.12
2016.10.21 02:52:42.230,1.70574,1.7063,1.00,1.00
2016.10.21 02:52:42.281,1.70581,1.7063,1.00,1.00
2016.10.21 02:52:42.729,1.70574,1.7063,1.00,1.00
2016.10.21 02:52:42.831,1.70578,1.7063,1.00,1.00
2016.10.21 02:52:42.933,1.70584,1.70639,1.00,1.75
2016.10.21 02:52:42.984,1.70591,1.70639,1.00,1.37
2016.10.21 02:52:43.035,1.70591,1.70643,1.00,1.37
2016.10.21 02:52:43.085,1.70591,1.70646,1.00,2.25
2016.10.21 02:52:43.136,1.70591,1.70646,1.00,1.87
2016.10.21 02:52:44.316,1.70592,1.70646,1.00,1.37
2016.10.21 02:52:44.432,1.70592,1.70646,1.00,1.00
2016.10.21 02:52:47.971,1.70592,1.70646,1.00,1.12
2016.10.21 02:52:49.734,1.70592,1.70646,1.00,1.00
2016.10.21 02:52:51.989,1.70591,1.70646,1.00,1.00
2016.10.21 02:53:01.834,1.70591,1.7065,1.00,1.12
2016.10.21 02:53:01.885,1.70591,1.70651,1.00,2.25
2016.10.21 02:53:01.936,1.70591,1.70651,1.00,1.37
2016.10.21 02:53:04.453,1.70591,1.7065,1.00,1.37
2016.10.21 02:53:13.586,1.70591,1.70651,1.00,1.37
2016.10.21 02:53:14.029,1.70592,1.7065,1.00,1.12
2016.10.21 02:53:14.576,1.70591,1.7065,1.00,1.12
2016.10.21 02:53:17.377,1.70591,1.70651,1.00,1.87
2016.10.21 02:53:17.971,1.70591,1.70651,1.00,1.37
2016.10.21 02:53:25.266,1.70591,1.70651,1.00,1.87
2016.10.21 02:53:25.368,1.70592,1.70649,1.00,1.37
2016.10.21 02:53:26.084,1.70587,1.70636,1.00,1.00
2016.10.21 02:53:26.135,1.70582,1.70631,1.37,1.00
2016.10.21 02:53:26.187,1.70582,1.70631,1.00,1.00
2016.10.21 02:53:26.529,1.70582,1.70629,1.00,1.00
2016.10.21 02:53:26.824,1.70571,1.70628,1.00,1.00
2016.10.21 02:53:27.539,1.70572,1.7063,1.00,1.37
2016.10.21 02:53:29.308,1.70581,1.7063,1.00,1.37
2016.10.21 02:53:29.494,1.70581,1.7063,1.00,1.12
2016.10.21 02:53:29.545,1.70571,1.7063,1.00,1.12
2016.10.21 02:53:37.851,1.70571,1.70628,1.00,1.00
2016.10.21 02:53:37.902,1.70571,1.7063,1.00,1.12
2016.10.21 02:53:41.862,1.70571,1.7063,1.00,1.87
2016.10.21 02:53:46.322,1.70571,1.7063,1.00,1.12
2016.10.21 02:53:46.373,1.70571,1.70628,1.00,1.37
2016.10.21 02:53:46.424,1.70571,1.70626,1.00,1.12
2016.10.21 02:53:46.475,1.70571,1.70626,1.00,1.37
2016.10.21 02:53:47.426,1.70571,1.70627,1.00,1.37
2016.10.21 02:53:47.578,1.70581,1.70628,1.00,1.37
2016.10.21 02:53:48.325,1.70581,1.7063,1.00,1.37
2016.10.21 02:53:48.376,1.70581,1.7063,1.00,1.00
2016.10.21 02:53:49.060,1.70572,1.7063,1.12,1.00
2016.10.21 02:53:49.477,1.70572,1.7063,1.00,1.12
2016.10.21 02:53:50.687,1.70581,1.70628,1.00,1.37
2016.10.21 02:53:51.705,1.70581,1.70629,1.00,1.87
2016.10.21 02:53:51.756,1.70572,1.70625,1.00,1.00
2016.10.21 02:53:51.857,1.70572,1.70625,1.00,1.37
2016.10.21 02:53:51.959,1.70572,1.70625,1.00,1.87
2016.10.21 02:53:53.183,1.70572,1.70625,1.00,1.37
2016.10.21 02:53:56.316,1.70572,1.70625,1.00,1.12
2016.10.21 02:53:56.783,1.70572,1.70625,1.00,1.87
2016.10.21 02:53:57.036,1.70572,1.70625,1.00,1.37
2016.10.21 02:53:57.356,1.70582,1.70621,1.00,1.00
2016.10.21 02:53:58.892,1.70572,1.70621,1.00,1.12
2016.10.21 02:53:59.044,1.70572,1.7062,1.00,1.37
2016.10.21 02:54:00.026,1.70572,1.7062,1.00,1.12
2016.10.21 02:54:00.128,1.70572,1.7062,1.00,1.00
2016.10.21 02:54:01.034,1.70572,1.70622,1.00,1.37
2016.10.21 02:54:01.085,1.70572,1.70622,1.00,1.00
2016.10.21 02:54:01.812,1.70572,1.70622,1.00,1.37
2016.10.21 02:54:03.715,1.70572,1.70622,1.00,1.00
2016.10.21 02:54:05.120,1.70572,1.70622,1.00,1.37
2016.10.21 02:54:05.526,1.70571,1.70617,1.00,1.00
2016.10.21 02:54:07.278,1.70571,1.7062,1.00,1.12
2016.10.21 02:54:07.331,1.70571,1.7062,1.00,1.00
2016.10.21 02:54:08.255,1.70572,1.70621,1.00,1.00
2016.10.21 02:54:08.577,1.70572,1.7062,1.00,1.12
2016.10.21 02:54:08.780,1.70572,1.7062,1.00,1.37
2016.10.21 02:54:08.979,1.70572,1.7062,1.00,1.00
2016.10.21 02:54:09.451,1.70572,1.7062,1.00,1.37
2016.10.21 02:54:12.902,1.70571,1.7062,1.00,1.37
2016.10.21 02:54:14.682,1.70571,1.7062,1.00,1.00
2016.10.21 02:54:14.783,1.70571,1.70625,1.00,1.87
2016.10.21 02:54:14.835,1.70571,1.70625,1.00,1.37
2016.10.21 02:54:14.885,1.70571,1.70625,1.00,1.00
2016.10.21 02:54:15.088,1.70571,1.70627,1.00,1.12
2016.10.21 02:54:15.764,1.70581,1.70627,1.00,1.12
2016.10.21 02:54:15.815,1.70581,1.70625,1.00,1.00
2016.10.21 02:54:15.967,1.70571,1.70625,1.00,1.00
2016.10.21 02:54:17.477,1.70582,1.70625,1.00,1.00
2016.10.21 02:54:19.183,1.70582,1.70626,1.00,1.00
2016.10.21 02:54:19.569,1.70572,1.70626,1.00,1.00
2016.10.21 02:54:28.879,1.70581,1.70626,1.00,1.00
2016.10.21 02:54:30.269,1.70581,1.70628,1.00,1.50
2016.10.21 02:54:33.175,1.70581,1.70628,1.00,1.87
2016.10.21 02:54:33.226,1.70572,1.70628,1.00,1.87
2016.10.21 02:54:36.177,1.70572,1.70628,1.00,2.62
2016.10.21 02:54:36.579,1.70572,1.70628,1.00,2.25
2016.10.21 02:54:41.634,1.70572,1.70628,1.00,1.50
2016.10.21 02:54:48.246,1.70572,1.70628,1.00,1.87
2016.10.21 02:54:48.296,1.70572,1.70625,1.00,1.12
2016.10.21 02:54:48.348,1.70572,1.70625,1.00,1.37
2016.10.21 02:54:48.449,1.70572,1.70625,1.00,1.12
2016.10.21 02:54:49.151,1.70572,1.70625,1.00,1.00
2016.10.21 02:54:49.255,1.70572,1.70626,1.00,1.12
2016.10.21 02:54:49.357,1.70572,1.70626,1.00,1.00
2016.10.21 02:54:49.408,1.70572,1.70628,1.00,1.12
2016.10.21 02:54:51.021,1.70572,1.70628,1.00,1.00
2016.10.21 02:54:51.329,1.70572,1.7063,1.00,1.00
2016.10.21 02:54:56.125,1.70582,1.7063,1.00,1.00
2016.10.21 02:54:56.572,1.70581,1.70632,1.00,1.00
2016.10.21 02:54:56.623,1.70591,1.70635,1.00,1.12
2016.10.21 02:54:56.674,1.70591,1.70643,1.00,1.12
2016.10.21 02:54:56.725,1.70591,1.70646,1.00,1.75
2016.10.21 02:54:56.825,1.70591,1.70646,1.00,1.37
2016.10.21 02:54:57.189,1.70585,1.70643,1.00,1.00
2016.10.21 02:54:59.722,1.70585,1.70644,1.00,1.00
2016.10.21 02:55:00.824,1.70585,1.70644,1.00,1.50
2016.10.21 02:55:01.124,1.70585,1.70644,1.00,1.00
2016.10.21 02:55:01.277,1.70585,1.70644,1.00,1.12
2016.10.21 02:55:01.429,1.70592,1.70645,1.00,1.37
2016.10.21 02:55:01.746,1.70592,1.70647,1.00,1.00
2016.10.21 02:55:02.252,1.70591,1.70647,1.00,1.00
2016.10.21 02:55:03.785,1.70591,1.70647,1.00,1.12
2016.10.21 02:55:04.119,1.70591,1.70647,1.00,1.00
2016.10.21 02:55:04.215,1.70591,1.70653,1.50,1.87
2016.10.21 02:55:04.666,1.70591,1.70652,1.50,1.00
2016.10.21 02:55:05.479,1.70591,1.70653,1.87,1.87
2016.10.21 02:55:05.695,1.70591,1.70653,1.87,1.50
2016.10.21 02:55:06.024,1.70591,1.70654,1.87,1.75
2016.10.21 02:55:08.476,1.70591,1.70654,2.62,1.75
2016.10.21 02:55:08.577,1.70592,1.70655,1.37,2.62
2016.10.21 02:55:08.921,1.70592,1.70655,1.87,2.62
2016.10.21 02:55:09.513,1.70592,1.70652,1.87,1.12
2016.10.21 02:55:09.564,1.70592,1.70652,1.00,1.50
2016.10.21 02:55:15.781,1.70591,1.70652,1.87,2.25
2016.10.21 02:55:17.829,1.70592,1.70652,1.12,2.25
2016.10.21 02:55:17.880,1.70592,1.70652,1.37,2.25
2016.10.21 02:55:19.275,1.70592,1.70652,1.00,2.25
2016.10.21 02:55:21.681,1.70592,1.70652,1.00,1.50
2016.10.21 02:55:21.802,1.70592,1.70652,1.12,1.50
2016.10.21 02:55:21.878,1.70593,1.70652,1.00,1.50
2016.10.21 02:55:22.188,1.70593,1.70652,1.00,1.37
2016.10.21 02:55:22.727,1.70593,1.70652,1.12,1.00
2016.10.21 02:55:22.778,1.70593,1.70656,1.12,1.87
2016.10.21 02:55:23.827,1.70593,1.70653,1.12,1.12
2016.10.21 02:55:23.928,1.70593,1.70653,1.00,2.62
2016.10.21 02:55:23.979,1.70592,1.70649,1.12,1.37
2016.10.21 02:55:24.030,1.70592,1.70649,1.00,1.37
2016.10.21 02:55:24.109,1.70587,1.70647,1.50,1.12
2016.10.21 02:55:24.160,1.70592,1.70649,1.00,1.37
2016.10.21 02:55:24.211,1.70592,1.70649,1.00,1.12
2016.10.21 02:55:24.312,1.70592,1.70649,1.00,1.00
2016.10.21 02:55:25.032,1.70591,1.70649,1.12,1.00
2016.10.21 02:55:30.996,1.70591,1.70649,1.37,1.00
2016.10.21 02:55:32.765,1.70591,1.70649,1.87,1.00
2016.10.21 02:55:36.454,1.70602,1.70655,1.00,1.87
2016.10.21 02:55:53.645,1.70602,1.70655,1.00,1.50
2016.10.21 02:56:06.584,1.70602,1.70655,1.00,1.00
2016.10.21 02:56:09.610,1.70602,1.70655,1.00,1.37
2016.10.21 02:56:10.520,1.70602,1.70654,1.00,1.12
2016.10.21 02:56:10.808,1.70593,1.70655,1.37,1.87
2016.10.21 02:56:14.886,1.70593,1.70654,1.37,1.12
2016.10.21 02:56:15.090,1.70601,1.70654,1.00,1.12
2016.10.21 02:56:15.493,1.70601,1.70655,1.00,1.37
2016.10.21 02:56:17.195,1.70602,1.70655,1.00,1.37
2016.10.21 02:56:17.839,1.70602,1.70655,1.00,1.00
2016.10.21 02:56:17.991,1.70611,1.70665,1.00,1.00
2016.10.21 02:56:18.556,1.70611,1.70665,1.37,1.00
2016.10.21 02:56:18.649,1.70614,1.70677,1.00,2.62
2016.10.21 02:56:18.926,1.70614,1.70675,1.00,1.37
2016.10.21 02:56:19.638,1.70621,1.70675,1.00,1.37
2016.10.21 02:56:20.154,1.70621,1.70676,1.00,1.37
2016.10.21 02:56:21.780,1.70621,1.70675,1.00,1.37
2016.10.21 02:56:21.831,1.70621,1.70675,1.00,1.87
2016.10.21 02:56:22.117,1.70621,1.70675,1.00,1.37
2016.10.21 02:56:25.426,1.70614,1.70675,1.00,1.00
2016.10.21 02:56:25.629,1.70614,1.70676,1.00,1.12
2016.10.21 02:56:26.108,1.70621,1.70677,1.00,1.12
2016.10.21 02:56:28.272,1.70621,1.70677,1.00,1.37
2016.10.21 02:56:28.322,1.70614,1.70677,1.00,1.37
2016.10.21 02:56:28.476,1.70614,1.70677,1.00,1.87
2016.10.21 02:56:28.823,1.70614,1.70677,1.00,1.87
2016.10.21 02:56:29.183,1.70614,1.70675,1.00,1.37
2016.10.21 02:56:32.427,1.70614,1.70677,1.12,2.62
2016.10.21 02:56:32.478,1.70614,1.70677,1.87,1.87
2016.10.21 02:56:32.530,1.70614,1.70677,1.87,1.37
2016.10.21 02:56:33.011,1.70614,1.70677,1.87,1.87
2016.10.21 02:56:33.163,1.70614,1.70677,1.50,1.87
2016.10.21 02:56:33.264,1.70614,1.70677,1.87,1.87
2016.10.21 02:56:36.849,1.70615,1.70677,1.12,1.87
2016.10.21 02:56:36.950,1.70615,1.70677,1.87,1.37
2016.10.21 02:56:37.276,1.70615,1.70678,2.25,1.87
2016.10.21 02:56:37.531,1.70622,1.70678,1.00,1.87
2016.10.21 02:56:37.634,1.70615,1.70678,1.50,1.87
2016.10.21 02:56:38.517,1.70615,1.70677,1.50,1.37
2016.10.21 02:56:38.568,1.70615,1.70676,1.12,1.37
2016.10.21 02:56:38.771,1.70611,1.70672,1.37,1.37
2016.10.21 02:56:38.822,1.70611,1.70672,1.00,1.37
2016.10.21 02:56:38.873,1.70611,1.70671,1.00,1.37
2016.10.21 02:56:39.475,1.70611,1.70655,1.00,1.37
2016.10.21 02:56:39.526,1.70593,1.70655,1.00,1.37
2016.10.21 02:56:39.579,1.70596,1.70655,1.00,1.12
2016.10.21 02:56:39.630,1.70601,1.70655,1.00,1.12
2016.10.21 02:56:39.681,1.70601,1.70655,1.00,1.00
2016.10.21 02:56:42.123,1.70602,1.70655,1.00,1.00
2016.10.21 02:56:43.722,1.70601,1.70655,1.00,1.00
2016.10.21 02:56:49.681,1.70601,1.70655,1.00,1.37
2016.10.21 02:56:49.810,1.70601,1.70655,1.00,1.12
2016.10.21 02:56:50.070,1.70601,1.70655,1.00,1.00
2016.10.21 02:56:51.636,1.70601,1.70661,1.00,1.37
2016.10.21 02:56:51.975,1.70601,1.70661,1.12,1.00
2016.10.21 02:56:52.468,1.70601,1.70661,1.00,1.12
2016.10.21 02:56:53.619,1.70601,1.70661,1.12,1.12
2016.10.21 02:56:53.670,1.70601,1.7066,1.12,1.00
2016.10.21 02:56:53.822,1.70601,1.70659,1.00,1.12
2016.10.21 02:56:53.923,1.70612,1.70659,1.00,1.00
2016.10.21 02:56:53.974,1.70602,1.70658,1.00,1.00
2016.10.21 02:56:54.075,1.70602,1.70655,1.00,1.00
2016.10.21 02:56:54.511,1.706,1.70656,1.00,1.00
2016.10.21 02:56:54.562,1.70593,1.70655,1.37,1.12
2016.10.21 02:56:54.840,1.70593,1.70653,1.37,1.00
2016.10.21 02:56:54.891,1.70593,1.70655,1.37,1.00
2016.10.21 02:56:54.941,1.70601,1.70655,1.00,1.00
2016.10.21 02:56:55.932,1.70601,1.70654,1.00,1.00
2016.10.21 02:56:56.475,1.70601,1.70656,1.00,1.12
2016.10.21 02:56:56.629,1.70601,1.70656,1.00,1.37
2016.10.21 02:56:57.284,1.70601,1.70658,1.00,2.25
2016.10.21 02:56:57.566,1.70601,1.70657,1.00,1.00
2016.10.21 02:56:57.618,1.70601,1.70656,1.00,1.12
2016.10.21 02:56:57.669,1.70601,1.70654,1.00,1.00
2016.10.21 02:56:58.626,1.70601,1.70655,1.00,1.12
2016.10.21 02:57:02.877,1.70601,1.70656,1.00,1.37
2016.10.21 02:57:09.989,1.70601,1.70654,1.00,1.00
2016.10.21 02:57:14.036,1.70601,1.70654,1.00,1.37
2016.10.21 02:57:17.430,1.70592,1.70651,1.00,1.37
2016.10.21 02:57:20.275,1.70592,1.7065,1.00,1.37
2016.10.21 02:57:23.009,1.70592,1.70652,1.00,1.87
2016.10.21 02:57:23.060,1.70592,1.70652,1.37,1.50
2016.10.21 02:57:23.161,1.70593,1.70652,1.00,1.37
2016.10.21 02:57:23.263,1.70592,1.70652,2.62,1.00
2016.10.21 02:57:23.761,1.70593,1.70652,1.00,1.00
2016.10.21 02:57:23.969,1.70601,1.70652,1.00,1.00
2016.10.21 02:57:28.781,1.70592,1.70652,2.62,1.00
2016.10.21 02:57:30.621,1.70596,1.70657,1.37,1.00
2016.10.21 02:57:30.672,1.70602,1.70658,1.00,1.00
2016.10.21 02:57:30.989,1.70612,1.70658,1.00,1.00
2016.10.21 02:57:32.703,1.70602,1.70658,1.12,1.00
2016.10.21 02:57:34.584,1.70602,1.70658,1.00,1.00
2016.10.21 02:57:35.653,1.70596,1.70658,1.37,1.00
2016.10.21 02:57:36.502,1.70597,1.70658,1.37,1.00
2016.10.21 02:57:39.685,1.70596,1.70657,1.37,1.00
2016.10.21 02:57:39.736,1.70601,1.70655,1.00,1.00
2016.10.21 02:57:40.144,1.70601,1.70652,1.00,1.00
2016.10.21 02:57:41.323,1.70601,1.70651,1.00,1.00
2016.10.21 02:57:42.717,1.70601,1.70653,1.00,1.00
2016.10.21 02:57:44.273,1.70601,1.70654,1.00,1.00
2016.10.21 02:57:44.359,1.70601,1.7065,1.00,1.00
2016.10.21 02:57:44.562,1.70592,1.70643,1.00,1.00
2016.10.21 02:57:44.613,1.70591,1.70643,1.00,1.12
2016.10.21 02:57:44.663,1.70591,1.7064,1.00,1.00
2016.10.21 02:57:44.714,1.70582,1.7064,1.00,1.37
2016.10.21 02:57:44.765,1.70581,1.70637,1.00,1.12
2016.10.21 02:57:44.816,1.70581,1.70637,1.00,1.37
2016.10.21 02:57:45.860,1.70582,1.70637,1.00,1.00
2016.10.21 02:57:46.461,1.70582,1.70637,1.00,1.50
2016.10.21 02:57:46.512,1.70582,1.70637,1.00,1.87
2016.10.21 02:57:46.563,1.70582,1.70637,1.00,1.37
2016.10.21 02:57:46.614,1.70582,1.70637,1.00,1.00
2016.10.21 02:57:47.121,1.70575,1.70637,1.00,1.87
2016.10.21 02:57:47.526,1.70582,1.70636,1.00,1.12
2016.10.21 02:57:47.578,1.70582,1.70637,1.00,1.37
2016.10.21 02:57:47.630,1.70582,1.70637,1.00,1.12
2016.10.21 02:57:47.732,1.70582,1.70637,1.00,1.00
2016.10.21 02:57:47.834,1.70582,1.70637,1.37,1.00
2016.10.21 02:57:48.193,1.70582,1.70637,1.00,1.00
2016.10.21 02:57:54.539,1.70591,1.70637,1.00,1.00
2016.10.21 02:57:54.640,1.70581,1.70645,1.87,1.37
2016.10.21 02:57:55.203,1.70581,1.70645,1.87,1.12
2016.10.21 02:57:56.519,1.70581,1.70642,1.87,1.00
2016.10.21 02:57:59.516,1.70581,1.70643,1.87,1.00
2016.10.21 02:58:00.063,1.70581,1.70641,1.87,1.00
2016.10.21 02:58:00.216,1.70581,1.70643,1.87,1.00
2016.10.21 02:58:00.617,1.70581,1.70633,1.00,1.37
2016.10.21 02:58:00.980,1.70581,1.70633,1.00,1.87
2016.10.21 02:58:01.134,1.70581,1.70633,1.00,1.37
2016.10.21 02:58:01.314,1.70571,1.70633,2.62,1.37
2016.10.21 02:58:01.680,1.70571,1.70633,2.62,1.00
2016.10.21 02:58:02.061,1.70571,1.70633,1.87,1.00
2016.10.21 02:58:02.263,1.70581,1.70633,1.00,1.00
2016.10.21 02:58:03.620,1.70572,1.70633,1.37,1.00
2016.10.21 02:58:04.626,1.70582,1.70633,1.00,1.00
2016.10.21 02:58:04.728,1.70572,1.70633,1.37,1.00
2016.10.21 02:58:05.351,1.70572,1.70633,1.12,1.00
2016.10.21 02:58:07.574,1.70572,1.70633,1.12,1.37
2016.10.21 02:58:10.860,1.70572,1.70633,1.87,1.00
2016.10.21 02:58:10.963,1.70578,1.70637,1.00,1.37
2016.10.21 02:58:11.014,1.70578,1.70639,1.00,1.37
2016.10.21 02:58:11.065,1.70578,1.70639,1.12,1.37
2016.10.21 02:58:13.990,1.70578,1.70639,1.00,1.37
2016.10.21 02:58:15.041,1.70578,1.70637,1.00,1.12
2016.10.21 02:58:15.092,1.70578,1.70636,1.00,1.00
2016.10.21 02:58:18.158,1.70578,1.70636,1.12,1.00
2016.10.21 02:58:19.140,1.70582,1.70636,1.00,1.00
2016.10.21 02:58:19.465,1.70578,1.70639,1.37,1.00
2016.10.21 02:58:19.516,1.70578,1.7064,1.37,1.00
2016.10.21 02:58:19.919,1.70578,1.70637,1.00,1.50
2016.10.21 02:58:19.971,1.70571,1.70633,3.75,1.00
2016.10.21 02:58:20.022,1.70573,1.70633,1.12,1.00
2016.10.21 02:58:20.073,1.70577,1.70634,1.12,1.00
2016.10.21 02:58:21.227,1.70577,1.70633,1.12,1.00
2016.10.21 02:58:21.278,1.70577,1.70632,1.00,1.12
2016.10.21 02:58:21.329,1.70577,1.7063,1.00,1.00
2016.10.21 02:58:21.481,1.70577,1.7063,1.00,1.12
2016.10.21 02:58:22.072,1.70577,1.70632,1.00,1.37
2016.10.21 02:58:22.174,1.70577,1.70632,1.00,1.12
2016.10.21 02:58:22.275,1.70577,1.70634,1.00,1.37
2016.10.21 02:58:22.326,1.70577,1.70636,1.00,1.37
2016.10.21 02:58:22.582,1.70577,1.70636,1.12,1.37
2016.10.21 02:58:22.684,1.70581,1.70636,1.00,1.37
2016.10.21 02:58:25.769,1.70581,1.70633,1.00,1.00
2016.10.21 02:58:25.871,1.70573,1.70633,1.12,1.00
2016.10.21 02:58:25.923,1.70572,1.70631,1.37,1.00
2016.10.21 02:58:25.974,1.70572,1.70631,1.12,1.00
2016.10.21 02:58:26.025,1.70572,1.70633,1.12,1.87
2016.10.21 02:58:26.177,1.70572,1.70633,1.37,1.50
2016.10.21 02:58:26.228,1.70572,1.70632,1.37,1.00
2016.10.21 02:58:26.279,1.70572,1.70633,1.37,1.00
2016.10.21 02:58:26.330,1.70572,1.70632,1.37,1.00
2016.10.21 02:58:26.381,1.70571,1.70631,1.00,1.37
2016.10.21 02:58:26.677,1.70571,1.7063,1.00,1.12
2016.10.21 02:58:26.728,1.70571,1.70631,1.00,1.37
2016.10.21 02:58:27.488,1.70568,1.70631,1.37,1.37
2016.10.21 02:58:27.589,1.70571,1.70632,1.00,1.37
2016.10.21 02:58:30.188,1.70571,1.70631,1.00,1.37
2016.10.21 02:58:30.345,1.70571,1.70624,1.00,1.00
2016.10.21 02:58:30.417,1.70571,1.70621,1.00,1.37
2016.10.21 02:58:30.467,1.70561,1.70619,1.50,1.00
2016.10.21 02:58:30.817,1.70561,1.70617,1.50,1.37
2016.10.21 02:58:30.868,1.70554,1.70614,1.37,1.00
2016.10.21 02:58:31.020,1.70554,1.70614,1.00,1.37
2016.10.21 02:58:31.071,1.70554,1.70613,1.00,1.12
2016.10.21 02:58:31.122,1.70554,1.70612,1.00,1.00
2016.10.21 02:58:31.223,1.70554,1.70612,1.00,1.12
2016.10.21 02:58:31.325,1.70554,1.70613,1.00,1.37
2016.10.21 02:58:31.426,1.70554,1.70613,1.12,1.37
2016.10.21 02:58:32.628,1.70554,1.70615,1.12,1.37
2016.10.21 02:58:34.327,1.70554,1.70612,1.12,1.12
2016.10.21 02:58:35.052,1.70554,1.70612,1.00,1.00
2016.10.21 02:58:35.219,1.70554,1.70612,1.00,1.12
2016.10.21 02:58:36.030,1.70554,1.70612,1.12,1.12
2016.10.21 02:58:36.341,1.70554,1.70612,1.00,1.37
2016.10.21 02:58:36.646,1.70554,1.70612,1.00,1.12
2016.10.21 02:58:37.794,1.70554,1.70614,1.12,1.00
2016.10.21 02:58:37.845,1.70562,1.70616,1.00,1.00
2016.10.21 02:58:37.972,1.70562,1.70616,1.00,1.50
2016.10.21 02:58:38.023,1.70562,1.70616,1.00,1.87
2016.10.21 02:58:38.175,1.70562,1.70616,1.00,1.37
2016.10.21 02:58:38.226,1.70562,1.70616,1.00,1.00
2016.10.21 02:58:38.581,1.70561,1.70619,1.50,1.00
2016.10.21 02:58:38.683,1.70561,1.70622,1.50,1.75
2016.10.21 02:58:38.734,1.70561,1.70622,1.50,1.37
2016.10.21 02:58:39.370,1.70561,1.70623,1.87,1.37
2016.10.21 02:58:41.473,1.70571,1.70623,1.00,1.37
2016.10.21 02:58:42.626,1.70571,1.70621,1.00,1.37
2016.10.21 02:58:43.138,1.70571,1.70622,1.00,1.37
2016.10.21 02:58:43.189,1.70562,1.70622,1.12,1.37
2016.10.21 02:58:43.240,1.70563,1.70624,1.12,1.37
2016.10.21 02:58:43.291,1.70571,1.70624,1.00,1.37
2016.10.21 02:58:43.341,1.70571,1.70624,1.00,1.00
2016.10.21 02:58:43.392,1.70572,1.70628,1.00,1.00
2016.10.21 02:58:43.689,1.70567,1.70626,1.12,1.37
2016.10.21 02:58:43.744,1.70562,1.70626,1.37,1.50
2016.10.21 02:58:43.794,1.70562,1.70626,1.37,2.25
2016.10.21 02:58:43.845,1.70562,1.70623,1.37,1.00
2016.10.21 02:58:43.998,1.70561,1.70622,1.87,1.00
2016.10.21 02:58:44.079,1.70561,1.70624,1.87,1.12
2016.10.21 02:58:44.129,1.70561,1.70622,1.87,1.00
2016.10.21 02:58:44.231,1.70561,1.70622,1.50,1.12
2016.10.21 02:58:44.473,1.70562,1.70622,1.00,1.12
2016.10.21 02:58:49.203,1.70562,1.70623,1.00,1.37
2016.10.21 02:58:50.027,1.70562,1.70621,1.00,1.37
2016.10.21 02:58:50.323,1.70562,1.70611,1.00,1.87
2016.10.21 02:58:50.374,1.70551,1.70611,1.00,1.87
2016.10.21 02:58:50.987,1.70551,1.70609,1.00,1.12
2016.10.21 02:58:51.190,1.70551,1.7061,1.00,1.37
2016.10.21 02:58:52.177,1.70551,1.7061,1.00,1.00
2016.10.21 02:58:52.540,1.70551,1.7061,1.00,1.37
2016.10.21 02:58:57.757,1.70551,1.70608,1.00,1.37
2016.10.21 02:58:58.062,1.70552,1.70605,1.00,1.37
2016.10.21 02:58:58.739,1.70552,1.70592,1.00,1.00
2016.10.21 02:58:58.791,1.70531,1.70586,1.00,1.37
2016.10.21 02:59:00.027,1.70531,1.70587,1.00,1.37
2016.10.21 02:59:00.581,1.70531,1.70586,1.00,1.37
2016.10.21 02:59:00.632,1.70531,1.70589,1.00,1.37
2016.10.21 02:59:00.683,1.70531,1.70591,1.00,1.87
2016.10.21 02:59:00.734,1.70542,1.70591,1.00,1.37
2016.10.21 02:59:00.785,1.70542,1.70591,1.00,1.00
2016.10.21 02:59:01.213,1.70542,1.70591,1.00,1.87
2016.10.21 02:59:01.366,1.70542,1.70591,1.00,1.12
2016.10.21 02:59:01.655,1.70542,1.70591,1.00,1.00
2016.10.21 02:59:01.973,1.70542,1.70591,1.00,1.50
2016.10.21 02:59:03.166,1.70542,1.70591,1.00,1.00
2016.10.21 02:59:03.725,1.70541,1.70591,1.00,1.00
2016.10.21 02:59:04.653,1.70542,1.70591,1.00,1.00
2016.10.21 02:59:04.705,1.70542,1.70591,1.37,1.00
2016.10.21 02:59:04.757,1.70545,1.70603,1.00,1.37
2016.10.21 02:59:04.810,1.70547,1.70603,1.00,1.00
2016.10.21 02:59:04.860,1.70562,1.70603,1.00,1.00
2016.10.21 02:59:04.913,1.70562,1.70611,1.00,1.37
2016.10.21 02:59:05.679,1.70562,1.70608,1.00,1.12
2016.10.21 02:59:05.927,1.70551,1.70608,1.00,1.12
2016.10.21 02:59:06.097,1.70551,1.70609,1.00,1.37
2016.10.21 02:59:06.199,1.70551,1.70608,1.00,1.12
2016.10.21 02:59:06.300,1.70551,1.70608,1.00,1.00
2016.10.21 02:59:06.627,1.70551,1.70608,1.00,1.37
2016.10.21 02:59:07.253,1.70551,1.70607,1.00,1.37
2016.10.21 02:59:08.427,1.70552,1.70607,1.00,1.37
2016.10.21 02:59:08.478,1.70552,1.70606,1.00,1.12
2016.10.21 02:59:10.030,1.70552,1.70608,1.00,1.37
2016.10.21 02:59:10.131,1.70552,1.70611,1.00,1.87
2016.10.21 02:59:10.182,1.70552,1.70611,1.00,1.37
2016.10.21 02:59:10.542,1.70552,1.70611,1.00,1.12
2016.10.21 02:59:10.694,1.70552,1.70611,1.50,1.00
2016.10.21 02:59:10.745,1.70562,1.70611,1.00,1.00
2016.10.21 02:59:10.999,1.70552,1.70611,1.00,1.00
2016.10.21 02:59:11.101,1.70552,1.7061,1.00,1.12
2016.10.21 02:59:11.304,1.70552,1.7061,1.00,1.37
2016.10.21 02:59:12.519,1.70552,1.70608,1.00,1.37
2016.10.21 02:59:12.671,1.70552,1.70606,1.00,1.12
2016.10.21 02:59:12.722,1.70551,1.70604,1.00,1.50
2016.10.21 02:59:12.773,1.70551,1.70602,1.00,1.00
2016.10.21 02:59:12.824,1.70542,1.70601,1.00,1.37
2016.10.21 02:59:12.876,1.70542,1.706,1.00,1.12
2016.10.21 02:59:13.173,1.70542,1.70598,1.00,1.12
2016.10.21 02:59:13.224,1.70542,1.70595,1.00,1.00
2016.10.21 02:59:14.610,1.70541,1.70595,1.00,1.00
2016.10.21 02:59:14.762,1.70541,1.70602,1.00,1.37
2016.10.21 02:59:15.265,1.70551,1.70602,1.00,1.37
2016.10.21 02:59:16.933,1.70551,1.70604,1.00,2.25
2016.10.21 02:59:19.783,1.70541,1.70604,1.12,2.25
2016.10.21 02:59:19.835,1.70541,1.70604,1.12,1.50
2016.10.21 02:59:19.910,1.70541,1.70604,1.00,1.50
2016.10.21 02:59:20.211,1.70551,1.70604,1.00,1.50
2016.10.21 02:59:22.562,1.70551,1.70603,1.00,1.37
2016.10.21 02:59:23.968,1.70551,1.706,1.00,1.37
2016.10.21 02:59:24.120,1.70541,1.706,1.00,1.37
2016.10.21 02:59:24.171,1.70541,1.706,1.00,1.12
2016.10.21 02:59:24.324,1.70541,1.706,1.00,1.37
2016.10.21 02:59:24.374,1.70541,1.70597,1.00,1.00
2016.10.21 02:59:25.022,1.70542,1.70597,1.00,1.00
2016.10.21 02:59:25.075,1.70542,1.70589,1.00,1.00
2016.10.21 02:59:25.601,1.70542,1.70591,1.00,1.37
2016.10.21 02:59:25.652,1.70542,1.70592,1.00,1.87
2016.10.21 02:59:25.703,1.70542,1.70589,1.00,1.00
2016.10.21 02:59:25.978,1.70542,1.70591,1.00,1.37
2016.10.21 02:59:26.393,1.70542,1.70591,1.00,1.12
2016.10.21 02:59:29.133,1.70542,1.70591,1.00,1.37
2016.10.21 02:59:29.448,1.70542,1.70591,1.00,1.12
2016.10.21 02:59:29.940,1.70542,1.70591,1.00,1.00
2016.10.21 02:59:29.991,1.70542,1.70592,1.00,1.87
2016.10.21 02:59:30.041,1.70542,1.70592,1.00,1.00
2016.10.21 02:59:30.092,1.70542,1.70592,1.50,1.00
2016.10.21 02:59:30.143,1.70551,1.70603,1.00,1.37
2016.10.21 02:59:31.900,1.70551,1.70603,1.00,1.37
2016.10.21 02:59:35.196,1.70551,1.70603,1.00,1.00
2016.10.21 02:59:35.247,1.70551,1.70611,1.00,1.37
2016.10.21 02:59:35.399,1.70551,1.7061,1.00,1.00
2016.10.21 02:59:35.501,1.70552,1.7061,1.00,1.37
2016.10.21 02:59:35.552,1.70552,1.70609,1.00,1.12
2016.10.21 02:59:35.653,1.70552,1.70608,1.00,1.00
2016.10.21 02:59:35.873,1.70552,1.70608,1.00,1.37
2016.10.21 02:59:36.405,1.70552,1.70606,1.00,1.37
2016.10.21 02:59:36.858,1.70552,1.70606,1.00,1.00
2016.10.21 02:59:36.908,1.70552,1.70611,1.00,2.62
2016.10.21 02:59:36.959,1.70552,1.70609,1.00,1.00
2016.10.21 02:59:37.260,1.70552,1.70611,1.00,1.87
2016.10.21 02:59:37.586,1.70552,1.70611,1.00,1.37
2016.10.21 02:59:37.769,1.70552,1.70611,1.00,1.00
2016.10.21 02:59:37.972,1.70555,1.70617,1.87,1.75
2016.10.21 02:59:38.543,1.70555,1.70617,1.50,1.75
2016.10.21 02:59:38.594,1.70555,1.70614,1.00,1.12
2016.10.21 02:59:38.880,1.70555,1.70614,1.00,1.00
2016.10.21 02:59:38.931,1.70555,1.70617,1.00,1.37
2016.10.21 02:59:38.982,1.70561,1.70617,1.00,1.00
2016.10.21 02:59:40.763,1.70561,1.70617,1.00,1.50
2016.10.21 02:59:41.087,1.70561,1.70612,1.00,1.00
2016.10.21 02:59:41.139,1.70561,1.70617,1.00,1.00
2016.10.21 02:59:41.494,1.70561,1.70617,1.00,1.37
2016.10.21 02:59:44.417,1.70562,1.70617,1.00,1.37
2016.10.21 02:59:44.696,1.70561,1.70617,1.00,1.12
2016.10.21 02:59:46.985,1.70561,1.70617,1.00,1.37
2016.10.21 02:59:49.089,1.70561,1.70617,1.00,1.00
2016.10.21 02:59:51.885,1.70561,1.70614,1.00,1.00
2016.10.21 02:59:52.039,1.70561,1.70614,1.00,1.37
2016.10.21 02:59:52.622,1.70572,1.70615,1.00,1.37
2016.10.21 02:59:53.082,1.70562,1.70615,1.00,1.37
2016.10.21 02:59:53.729,1.70581,1.70615,1.00,1.00
2016.10.21 02:59:53.780,1.70582,1.70633,1.00,1.00
2016.10.21 02:59:55.217,1.70592,1.70638,1.00,1.50
2016.10.21 02:59:55.268,1.70592,1.70638,1.00,1.37
2016.10.21 02:59:55.319,1.70592,1.70638,1.00,1.00
2016.10.21 02:59:55.502,1.70591,1.7064,1.00,1.12
2016.10.21 02:59:55.553,1.70591,1.70641,1.00,1.37
2016.10.21 02:59:55.655,1.70592,1.70641,1.00,1.12
2016.10.21 02:59:56.004,1.70591,1.70641,1.00,1.37
2016.10.21 02:59:56.056,1.70591,1.70641,1.00,1.12
2016.10.21 02:59:56.158,1.70591,1.70641,1.00,1.00
2016.10.21 02:59:56.962,1.70592,1.70641,1.00,1.00
2016.10.21 02:59:57.296,1.70592,1.70641,1.00,1.12
2016.10.21 02:59:57.349,1.70592,1.70641,1.00,1.37
2016.10.21 02:59:59.452,1.70592,1.7064,1.00,1.37
2016.10.21 02:59:59.554,1.70592,1.70639,1.00,1.12
2016.10.21 02:59:59.605,1.70591,1.70639,1.00,1.37
2016.10.21 02:59:59.893,1.70581,1.70629,1.00,1.00
