2011.03.07 09:00:00.166,2.21082,2.21131,1.05,1.05
2011.03.07 09:00:00.496,2.21082,2.21131,1.05,1.24
2011.03.07 09:00:00.716,2.21074,2.21125,1.05,1.05
2011.03.07 09:00:02.535,2.21068,2.21117,1.05,1.05
2011.03.07 09:00:03.116,2.21068,2.21117,1.05,2.37
2011.03.07 09:00:03.336,2.21023,2.21072,1.05,1.05
2011.03.07 09:00:03.778,2.21049,2.21109,1.05,1.05
2011.03.07 09:00:03.887,2.21041,2.2109,1.05,1.05
2011.03.07 09:00:04.376,2.21047,2.21106,1.05,1.05
2011.03.07 09:00:04.488,2.21068,2.21117,1.05,1.05
2011.03.07 09:00:04.837,2.21071,2.2112,1.05,1.05
2011.03.07 09:00:05.371,2.21068,2.21117,1.05,1.05
2011.03.07 09:00:05.697,2.21071,2.2112,1.05,1.05
2011.03.07 09:00:05.808,2.21072,2.21122,1.05,1.20
2011.03.07 09:00:06.026,2.2107,2.21121,1.05,1.05
2011.03.07 09:00:07.436,2.21044,2.21121,1.05,1.24
2011.03.07 09:00:07.766,2.21044,2.21121,1.05,1.05
2011.03.07 09:00:07.877,2.2107,2.21121,1.05,1.05
2011.03.07 09:00:08.207,2.21073,2.21124,1.05,1.20
2011.03.07 09:00:08.746,2.21072,2.21122,1.05,1.20
2011.03.07 09:00:09.316,2.21077,2.21125,1.05,1.13
2011.03.07 09:00:10.116,2.21072,2.21122,1.05,1.05
2011.03.07 09:00:10.866,2.21079,2.21129,1.05,1.05
2011.03.07 09:00:12.096,2.21074,2.21128,1.05,1.05
2011.03.07 09:00:12.205,2.2107,2.21129,1.05,1.05
2011.03.07 09:00:12.576,2.21074,2.21129,1.05,1.05
2011.03.07 09:00:13.126,2.21073,2.21129,1.05,1.05
2011.03.07 09:00:13.457,2.21077,2.21129,1.05,1.05
2011.03.07 09:00:13.785,2.21085,2.21136,1.05,1.05
2011.03.07 09:00:13.896,2.21078,2.2113,1.05,1.05
2011.03.07 09:00:14.226,2.21076,2.2113,1.05,1.24
2011.03.07 09:00:14.446,2.21063,2.21114,1.05,1.05
2011.03.07 09:00:14.666,2.21079,2.21129,1.05,1.05
2011.03.07 09:00:15.215,2.21076,2.2113,1.05,1.05
2011.03.07 09:00:15.435,2.21083,2.21132,1.05,1.05
2011.03.07 09:00:16.908,2.21084,2.21135,1.05,1.05
2011.03.07 09:00:17.019,2.21082,2.21133,1.05,1.05
2011.03.07 09:00:18.127,2.21087,2.21143,1.05,1.05
2011.03.07 09:00:18.456,2.21085,2.21143,1.05,1.05
2011.03.07 09:00:18.677,2.21082,2.21133,1.05,1.05
2011.03.07 09:00:19.116,2.21085,2.21134,1.05,1.05
2011.03.07 09:00:20.056,2.21089,2.21143,1.05,1.05
2011.03.07 09:00:21.135,2.21082,2.21133,1.05,1.05
2011.03.07 09:00:21.575,2.21084,2.21135,1.05,1.05
2011.03.07 09:00:22.137,2.21083,2.21132,1.05,1.05
2011.03.07 09:00:22.356,2.21086,2.21137,1.05,1.05
2011.03.07 09:00:22.797,2.21089,2.21138,1.05,1.05
2011.03.07 09:00:23.237,2.21097,2.21146,1.05,1.24
2011.03.07 09:00:23.676,2.21104,2.21153,1.05,1.24
2011.03.07 09:00:23.787,2.21099,2.21149,1.05,1.24
2011.03.07 09:00:23.896,2.21096,2.21147,1.05,1.05
2011.03.07 09:00:24.446,2.21104,2.21153,1.05,1.24
2011.03.07 09:00:24.666,2.21099,2.21149,1.05,1.24
2011.03.07 09:00:24.777,2.21072,2.21148,1.05,1.99
2011.03.07 09:00:24.886,2.21072,2.21148,1.05,1.05
2011.03.07 09:00:25.106,2.211,2.21148,1.05,1.05
2011.03.07 09:00:25.629,2.21105,2.21154,1.05,1.24
2011.03.07 09:00:25.739,2.211,2.21173,1.05,1.99
2011.03.07 09:00:25.846,2.21104,2.21155,1.05,1.24
2011.03.07 09:00:26.176,2.21106,2.21155,1.05,1.24
2011.03.07 09:00:26.727,2.21102,2.21162,1.05,1.99
2011.03.07 09:00:26.946,2.21099,2.21149,1.05,1.05
2011.03.07 09:00:28.096,2.21102,2.21151,1.05,1.05
2011.03.07 09:00:29.007,2.21109,2.21158,1.05,1.35
2011.03.07 09:00:29.116,2.21109,2.21158,1.05,1.05
2011.03.07 09:00:29.226,2.21111,2.21168,1.05,2.29
2011.03.07 09:00:29.887,2.21108,2.21159,1.05,1.05
2011.03.07 09:00:30.896,2.21107,2.21156,1.05,1.05
2011.03.07 09:00:31.116,2.21096,2.21155,1.05,1.05
2011.03.07 09:00:31.226,2.21099,2.21155,1.05,1.05
2011.03.07 09:00:31.556,2.21108,2.21159,1.05,1.05
2011.03.07 09:00:32.106,2.21113,2.21162,1.05,1.20
2011.03.07 09:00:32.326,2.21119,2.21171,1.05,1.05
2011.03.07 09:00:33.477,2.21124,2.21173,1.05,1.05
2011.03.07 09:00:34.376,2.21119,2.21171,1.05,1.05
2011.03.07 09:00:35.447,2.21124,2.21173,1.05,1.20
2011.03.07 09:00:35.556,2.2112,2.2117,1.05,1.05
2011.03.07 09:00:35.666,2.21121,2.2117,1.05,1.35
2011.03.07 09:00:35.997,2.21124,2.21175,1.05,1.99
2011.03.07 09:00:36.107,2.21124,2.21175,1.05,1.69
2011.03.07 09:00:36.418,2.21119,2.21171,1.05,1.35
2011.03.07 09:00:36.528,2.21124,2.21173,1.05,1.50
2011.03.07 09:00:39.197,2.21124,2.21173,1.05,1.20
2011.03.07 09:00:39.306,2.21125,2.21174,1.05,1.24
2011.03.07 09:00:39.636,2.21124,2.21173,1.05,1.13
2011.03.07 09:00:40.197,2.21124,2.21175,1.05,1.24
2011.03.07 09:00:40.746,2.21123,2.21174,1.05,1.24
2011.03.07 09:00:40.856,2.21125,2.21174,1.05,1.24
2011.03.07 09:00:41.266,2.21125,2.21174,1.05,1.32
2011.03.07 09:00:41.399,2.21125,2.21174,1.05,1.24
2011.03.07 09:00:41.906,2.21121,2.2117,1.05,1.05
2011.03.07 09:00:42.016,2.21123,2.21174,1.05,1.39
2011.03.07 09:00:42.126,2.21116,2.21167,1.05,1.05
2011.03.07 09:00:42.236,2.21116,2.21167,1.05,1.99
2011.03.07 09:00:42.458,2.21098,2.21166,1.05,1.99
2011.03.07 09:00:42.786,2.21108,2.21159,1.05,1.24
2011.03.07 09:00:43.826,2.21104,2.21156,1.05,1.24
2011.03.07 09:00:47.566,2.21108,2.21159,1.05,1.24
2011.03.07 09:00:47.786,2.21105,2.21155,1.05,1.05
2011.03.07 09:00:48.007,2.21115,2.21166,1.05,1.99
2011.03.07 09:00:48.116,2.21112,2.21163,1.05,2.14
2011.03.07 09:00:48.226,2.21105,2.21155,1.05,1.05
2011.03.07 09:00:49.955,2.21105,2.21155,1.05,1.13
2011.03.07 09:00:50.426,2.21108,2.21157,1.05,1.32
2011.03.07 09:00:50.646,2.21108,2.21157,1.05,1.24
2011.03.07 09:00:50.875,2.21105,2.21156,1.05,1.24
2011.03.07 09:00:53.557,2.21105,2.21155,1.05,1.05
2011.03.07 09:00:54.225,2.21112,2.21163,1.05,1.05
2011.03.07 09:00:54.665,2.21104,2.21156,1.05,1.05
2011.03.07 09:00:56.255,2.21105,2.21156,1.05,1.05
2011.03.07 09:00:57.333,2.21105,2.21155,1.05,1.05
2011.03.07 09:00:57.447,2.21105,2.21155,1.05,1.99
2011.03.07 09:00:57.555,2.21086,2.21135,1.05,1.05
2011.03.07 09:00:58.037,2.21093,2.21155,1.05,1.05
2011.03.07 09:00:58.146,2.21115,2.21166,1.05,1.24
2011.03.07 09:00:58.586,2.2113,2.21191,1.05,1.99
2011.03.07 09:00:58.805,2.21132,2.21196,1.05,1.99
2011.03.07 09:00:58.916,2.21133,2.21202,1.05,1.05
2011.03.07 09:00:59.136,2.21138,2.21227,1.05,1.99
2011.03.07 09:01:00.437,2.21136,2.21218,1.05,1.24
2011.03.07 09:01:01.338,2.21136,2.21227,1.05,1.50
2011.03.07 09:01:02.446,2.21154,2.21236,1.05,1.99
2011.03.07 09:01:02.666,2.21154,2.21236,1.05,1.69
2011.03.07 09:01:03.165,2.21154,2.21223,1.05,1.09
2011.03.07 09:01:03.533,2.21127,2.21223,1.05,1.09
2011.03.07 09:01:03.757,2.21135,2.21228,1.05,1.99
2011.03.07 09:01:04.656,2.2116,2.21233,1.05,1.02
2011.03.07 09:01:05.096,2.21152,2.21233,1.05,1.09
2011.03.07 09:01:05.206,2.21148,2.21229,1.05,1.99
2011.03.07 09:01:05.315,2.21125,2.21225,1.05,1.99
2011.03.07 09:01:05.535,2.21125,2.21225,1.24,1.05
2011.03.07 09:01:06.885,2.21125,2.21225,1.05,1.99
2011.03.07 09:01:07.216,2.2112,2.21203,1.05,1.05
2011.03.07 09:01:07.545,2.21129,2.2119,1.05,1.05
2011.03.07 09:01:07.875,2.21116,2.21177,1.05,1.05
2011.03.07 09:01:11.715,2.21117,2.21178,1.05,1.05
2011.03.07 09:01:12.046,2.2111,2.21171,1.05,1.05
2011.03.07 09:01:12.156,2.21115,2.21178,1.05,1.05
2011.03.07 09:01:12.485,2.21117,2.21178,1.05,1.05
2011.03.07 09:01:13.020,2.21115,2.21178,1.05,1.05
2011.03.07 09:01:14.766,2.21111,2.2117,1.05,1.05
2011.03.07 09:01:15.206,2.21102,2.21164,1.05,1.05
2011.03.07 09:01:15.646,2.2109,2.21162,1.05,1.05
2011.03.07 09:01:15.998,2.21111,2.2117,1.05,1.05
2011.03.07 09:01:16.107,2.21111,2.21172,1.05,1.05
2011.03.07 09:01:16.326,2.21118,2.21179,1.05,1.05
2011.03.07 09:01:16.436,2.21119,2.21181,1.05,1.05
2011.03.07 09:01:16.547,2.21126,2.21191,1.05,1.05
2011.03.07 09:01:17.096,2.21133,2.21203,1.05,1.05
2011.03.07 09:01:17.756,2.21144,2.21206,1.05,1.05
2011.03.07 09:01:18.547,2.21143,2.21206,1.05,1.05
2011.03.07 09:01:21.306,2.21149,2.2121,1.05,1.05
2011.03.07 09:01:22.545,2.21151,2.21211,1.05,1.05
2011.03.07 09:01:23.986,2.21157,2.21216,1.05,1.05
2011.03.07 09:01:24.316,2.2115,2.21209,1.05,1.05
2011.03.07 09:01:24.425,2.21151,2.21211,1.05,1.05
2011.03.07 09:01:24.986,2.21142,2.21204,1.05,1.05
2011.03.07 09:01:26.236,2.21144,2.21205,1.05,1.05
2011.03.07 09:01:29.236,2.21144,2.21206,1.05,1.05
2011.03.07 09:01:32.555,2.21151,2.21211,1.05,1.05
2011.03.07 09:01:32.665,2.21144,2.21206,1.05,1.05
2011.03.07 09:01:33.406,2.21151,2.21211,1.05,1.05
2011.03.07 09:01:33.737,2.21145,2.21205,1.05,1.05
2011.03.07 09:01:37.416,2.21123,2.21185,1.24,1.05
2011.03.07 09:01:37.527,2.21123,2.21185,1.05,1.05
2011.03.07 09:01:37.636,2.21131,2.21198,1.05,1.24
2011.03.07 09:01:37.747,2.21133,2.21202,1.05,1.24
2011.03.07 09:01:37.966,2.2112,2.2119,1.05,1.05
2011.03.07 09:01:38.186,2.21131,2.21192,1.05,1.05
2011.03.07 09:01:39.405,2.21133,2.21203,1.05,1.05
2011.03.07 09:01:45.680,2.21133,2.21203,1.05,1.20
2011.03.07 09:01:47.636,2.21137,2.21204,1.05,1.20
2011.03.07 09:01:48.837,2.21137,2.21204,1.05,1.05
2011.03.07 09:01:48.946,2.21155,2.21214,1.05,1.05
2011.03.07 09:01:49.715,2.21155,2.21214,1.05,1.20
2011.03.07 09:01:51.856,2.21162,2.21216,1.05,1.05
2011.03.07 09:01:51.965,2.21154,2.21215,1.05,1.05
2011.03.07 09:01:52.076,2.21154,2.21215,1.05,1.20
2011.03.07 09:01:52.728,2.21155,2.21214,1.05,1.20
2011.03.07 09:01:53.435,2.21152,2.21204,1.05,1.05
2011.03.07 09:01:54.046,2.21146,2.21195,1.05,1.05
2011.03.07 09:01:54.157,2.21146,2.21197,1.05,1.05
2011.03.07 09:01:54.267,2.21153,2.21203,1.05,1.05
2011.03.07 09:01:54.597,2.21142,2.21201,1.05,1.05
2011.03.07 09:01:54.816,2.21138,2.2119,1.05,1.05
2011.03.07 09:01:56.736,2.21138,2.2119,1.05,1.24
2011.03.07 09:01:56.846,2.21123,2.21175,1.05,1.05
2011.03.07 09:01:57.178,2.2113,2.21179,1.05,1.05
2011.03.07 09:01:57.397,2.21138,2.2119,1.05,1.05
2011.03.07 09:01:57.506,2.2114,2.2119,1.05,1.05
2011.03.07 09:01:57.835,2.21138,2.2119,1.05,1.05
2011.03.07 09:01:59.286,2.21138,2.2119,1.05,1.99
2011.03.07 09:01:59.741,2.21123,2.21175,1.05,1.05
2011.03.07 09:01:59.956,2.21138,2.2119,1.05,1.05
2011.03.07 09:02:00.790,2.21138,2.2119,1.05,1.35
2011.03.07 09:02:01.146,2.21138,2.2119,1.05,1.05
2011.03.07 09:02:03.944,2.21132,2.21182,1.05,1.05
2011.03.07 09:02:05.026,2.21118,2.21169,1.05,1.05
2011.03.07 09:02:05.463,2.21132,2.21182,1.05,1.05
2011.03.07 09:02:05.796,2.21125,2.21177,1.05,1.05
2011.03.07 09:02:07.248,2.21128,2.21187,1.05,1.24
2011.03.07 09:02:07.467,2.21128,2.21183,1.05,1.32
2011.03.07 09:02:07.577,2.21098,2.21157,1.05,1.05
2011.03.07 09:02:07.797,2.21106,2.21176,1.05,1.05
2011.03.07 09:02:08.787,2.21097,2.21158,1.05,1.05
2011.03.07 09:02:12.197,2.21097,2.21158,1.05,1.35
2011.03.07 09:02:12.456,2.21097,2.21158,1.05,1.05
2011.03.07 09:02:12.565,2.21105,2.21177,1.05,1.35
2011.03.07 09:02:12.787,2.21105,2.21177,1.05,1.99
2011.03.07 09:02:13.333,2.21098,2.21157,1.05,1.05
2011.03.07 09:02:18.636,2.21096,2.21146,1.05,1.05
2011.03.07 09:02:19.655,2.21104,2.21153,1.05,1.05
2011.03.07 09:02:19.765,2.21095,2.21147,1.05,1.05
2011.03.07 09:02:21.895,2.21095,2.21145,1.05,1.05
2011.03.07 09:02:22.005,2.21095,2.21147,1.05,1.05
2011.03.07 09:02:22.787,2.21088,2.21139,1.05,1.05
2011.03.07 09:02:23.115,2.21082,2.21132,1.05,1.05
2011.03.07 09:02:23.226,2.21084,2.21135,1.05,1.05
2011.03.07 09:02:23.445,2.21081,2.21133,1.05,1.05
2011.03.07 09:02:24.028,2.21088,2.21157,1.05,1.32
2011.03.07 09:02:24.356,2.21096,2.21147,1.05,1.99
2011.03.07 09:02:24.917,2.21081,2.21133,1.05,1.05
2011.03.07 09:02:25.136,2.21071,2.21131,1.05,1.05
2011.03.07 09:02:25.356,2.21082,2.21132,1.05,1.05
2011.03.07 09:02:26.895,2.2107,2.21131,1.05,1.05
2011.03.07 09:02:27.006,2.21074,2.21131,1.05,1.05
2011.03.07 09:02:27.226,2.21071,2.2113,1.05,1.05
2011.03.07 09:02:27.336,2.21076,2.21132,1.05,1.05
2011.03.07 09:02:27.666,2.21071,2.2113,1.05,1.05
2011.03.07 09:02:28.128,2.21066,2.21118,1.05,1.05
2011.03.07 09:02:28.457,2.21096,2.21148,1.05,1.05
2011.03.07 09:02:28.978,2.21084,2.21134,1.05,1.05
2011.03.07 09:02:29.866,2.21084,2.21134,1.05,1.99
2011.03.07 09:02:30.088,2.2106,2.21109,1.05,1.05
2011.03.07 09:02:30.196,2.21069,2.21119,1.05,1.05
2011.03.07 09:02:30.526,2.21069,2.21119,1.05,1.99
2011.03.07 09:02:30.636,2.21054,2.21106,1.05,1.05
2011.03.07 09:02:31.847,2.21062,2.21125,1.05,1.05
2011.03.07 09:02:32.176,2.21062,2.21122,1.05,1.05
2011.03.07 09:02:33.596,2.21051,2.2112,1.05,1.05
2011.03.07 09:02:34.827,2.21049,2.21109,1.05,1.05
2011.03.07 09:02:36.206,2.21051,2.2112,1.05,1.05
2011.03.07 09:02:36.316,2.21043,2.21102,1.05,1.05
2011.03.07 09:02:36.886,2.21043,2.21119,1.05,1.05
2011.03.07 09:02:37.106,2.2105,2.21121,1.05,1.05
2011.03.07 09:02:38.587,2.21041,2.21103,1.05,1.05
2011.03.07 09:02:38.916,2.21062,2.21122,1.05,1.05
2011.03.07 09:02:39.955,2.21069,2.2113,1.05,1.24
2011.03.07 09:02:40.947,2.21076,2.21136,1.05,1.05
2011.03.07 09:02:41.326,2.21077,2.21148,1.05,1.24
2011.03.07 09:02:41.656,2.21076,2.21136,1.05,1.05
2011.03.07 09:02:42.096,2.21082,2.21142,1.05,1.05
2011.03.07 09:02:42.607,2.21076,2.21136,1.05,1.05
2011.03.07 09:02:42.936,2.21089,2.21148,1.05,1.24
2011.03.07 09:02:43.377,2.21096,2.21148,1.05,1.24
2011.03.07 09:02:44.116,2.21096,2.21148,1.05,1.05
2011.03.07 09:02:45.736,2.21098,2.21159,1.05,1.05
2011.03.07 09:02:45.955,2.21096,2.21148,1.05,1.05
2011.03.07 09:02:46.396,2.21099,2.21158,1.05,1.05
2011.03.07 09:02:46.505,2.21098,2.2116,1.05,1.05
2011.03.07 09:02:46.726,2.21113,2.2117,1.05,1.05
2011.03.07 09:02:47.165,2.21111,2.21161,1.05,1.05
2011.03.07 09:02:47.897,2.21108,2.21157,1.05,1.05
2011.03.07 09:02:48.215,2.21111,2.21161,1.05,1.05
2011.03.07 09:02:50.217,2.21098,2.2116,1.05,1.05
2011.03.07 09:02:50.876,2.21096,2.21148,1.05,1.05
2011.03.07 09:02:51.315,2.21091,2.21142,1.05,1.05
2011.03.07 09:02:51.646,2.21097,2.21147,1.05,1.05
2011.03.07 09:02:55.367,2.21095,2.21144,1.05,1.05
2011.03.07 09:02:55.586,2.21088,2.21139,1.05,1.05
2011.03.07 09:02:55.916,2.2108,2.21132,1.05,1.05
2011.03.07 09:02:57.235,2.21082,2.21131,1.05,1.05
2011.03.07 09:02:57.787,2.21081,2.21131,1.05,1.05
2011.03.07 09:02:58.116,2.21087,2.21138,1.05,1.05
2011.03.07 09:02:58.637,2.21088,2.21137,1.05,1.05
2011.03.07 09:02:59.207,2.21081,2.21132,1.05,1.05
2011.03.07 09:03:00.638,2.21081,2.21131,1.05,1.05
2011.03.07 09:03:01.196,2.21083,2.21133,1.05,1.05
2011.03.07 09:03:02.097,2.21073,2.21124,1.05,1.05
2011.03.07 09:03:02.318,2.21088,2.21139,1.05,1.05
2011.03.07 09:03:03.637,2.21103,2.21151,1.05,1.05
2011.03.07 09:03:03.856,2.21095,2.21144,1.05,1.05
2011.03.07 09:03:07.353,2.21094,2.21144,1.05,1.05
2011.03.07 09:03:07.686,2.21092,2.21144,1.05,1.05
2011.03.07 09:03:07.999,2.21094,2.21145,1.05,1.05
2011.03.07 09:03:08.316,2.21079,2.2113,1.05,1.05
2011.03.07 09:03:09.576,2.21087,2.21137,1.05,1.05
2011.03.07 09:03:10.677,2.21102,2.21152,1.05,1.05
2011.03.07 09:03:12.486,2.21095,2.21144,1.05,1.05
2011.03.07 09:03:31.537,2.21103,2.21151,1.05,1.05
2011.03.07 09:03:35.325,2.21103,2.21151,1.05,1.24
2011.03.07 09:03:35.546,2.21094,2.21145,1.05,1.20
2011.03.07 09:03:41.501,2.21094,2.21145,1.05,1.13
2011.03.07 09:03:41.742,2.21094,2.21145,1.05,1.05
2011.03.07 09:03:41.877,2.21094,2.21145,1.05,1.13
2011.03.07 09:03:42.100,2.21094,2.21145,1.05,1.05
2011.03.07 09:03:42.319,2.21094,2.21145,1.05,1.20
2011.03.07 09:03:43.546,2.21089,2.21138,1.05,1.05
2011.03.07 09:03:45.138,2.21103,2.21154,1.05,1.24
2011.03.07 09:03:45.358,2.2108,2.21132,1.05,1.05
2011.03.07 09:03:46.678,2.21081,2.21131,1.05,1.05
2011.03.07 09:03:48.237,2.21096,2.21146,1.05,1.05
2011.03.07 09:03:48.864,2.21089,2.21138,1.05,1.05
2011.03.07 09:03:49.307,2.21095,2.21147,1.05,1.24
2011.03.07 09:03:50.146,2.21097,2.21146,1.05,1.05
2011.03.07 09:03:50.476,2.21103,2.21154,1.05,1.13
2011.03.07 09:03:51.356,2.21098,2.21148,1.05,1.35
2011.03.07 09:03:51.466,2.21098,2.21148,1.05,1.05
2011.03.07 09:03:51.577,2.211,2.21149,1.05,1.05
2011.03.07 09:03:51.686,2.21086,2.21152,1.05,1.05
2011.03.07 09:03:51.797,2.21095,2.21147,1.05,1.05
2011.03.07 09:03:54.776,2.21087,2.21138,1.05,1.05
2011.03.07 09:03:55.507,2.2109,2.2114,1.05,1.05
2011.03.07 09:03:56.727,2.21095,2.21147,1.05,1.05
2011.03.07 09:03:58.574,2.21095,2.21147,1.05,1.20
2011.03.07 09:03:59.167,2.21095,2.21147,1.05,1.99
2011.03.07 09:03:59.386,2.21077,2.21128,1.99,1.05
2011.03.07 09:03:59.608,2.21095,2.21147,1.05,1.05
2011.03.07 09:04:00.067,2.21095,2.21147,1.05,1.20
2011.03.07 09:04:00.287,2.21087,2.21141,1.05,1.05
2011.03.07 09:04:00.396,2.21088,2.21137,1.05,1.05
2011.03.07 09:04:00.507,2.21087,2.21141,1.05,1.05
2011.03.07 09:04:00.616,2.21088,2.21137,1.05,1.05
2011.03.07 09:04:00.836,2.21088,2.2114,1.05,1.05
2011.03.07 09:04:00.947,2.21088,2.21137,1.05,1.99
2011.03.07 09:04:01.426,2.21058,2.21107,1.05,1.05
2011.03.07 09:04:01.866,2.21054,2.21105,1.05,1.05
2011.03.07 09:04:02.716,2.2106,2.2111,1.05,1.05
2011.03.07 09:04:03.046,2.21054,2.21105,1.05,1.05
2011.03.07 09:04:03.266,2.21052,2.21103,1.05,1.05
2011.03.07 09:04:03.596,2.21054,2.21103,1.05,1.05
2011.03.07 09:04:03.728,2.21052,2.21103,1.05,1.05
2011.03.07 09:04:04.166,2.21052,2.21101,1.05,1.05
2011.03.07 09:04:04.386,2.21052,2.21103,1.05,1.05
2011.03.07 09:04:04.496,2.21067,2.21116,1.05,1.24
2011.03.07 09:04:04.826,2.21066,2.21117,1.05,1.05
2011.03.07 09:04:05.578,2.21062,2.21113,1.05,1.05
2011.03.07 09:04:05.907,2.21066,2.21117,1.05,1.05
2011.03.07 09:04:06.237,2.21068,2.21117,1.05,1.05
2011.03.07 09:04:06.567,2.21066,2.21115,1.24,1.05
2011.03.07 09:04:06.676,2.21074,2.21134,1.05,1.05
2011.03.07 09:04:06.787,2.21076,2.21136,1.05,1.05
2011.03.07 09:04:07.117,2.21106,2.21166,1.05,1.20
2011.03.07 09:04:07.666,2.21105,2.21166,1.05,1.05
2011.03.07 09:04:07.777,2.21098,2.21159,1.05,1.05
2011.03.07 09:04:09.887,2.2109,2.2114,1.05,1.05
2011.03.07 09:04:18.676,2.21092,2.21143,1.05,1.05
2011.03.07 09:04:18.786,2.21092,2.21141,1.05,1.05
2011.03.07 09:04:20.536,2.21074,2.2114,1.05,1.05
2011.03.07 09:04:20.757,2.2109,2.2114,1.05,1.05
2011.03.07 09:04:21.548,2.21096,2.21145,1.05,1.05
2011.03.07 09:04:21.876,2.21098,2.21147,1.05,1.05
2011.03.07 09:04:22.096,2.21085,2.21146,1.05,1.05
2011.03.07 09:04:22.317,2.21099,2.21157,1.05,1.05
2011.03.07 09:04:22.646,2.21097,2.21148,1.05,1.05
2011.03.07 09:04:25.709,2.21095,2.21146,1.05,1.05
2011.03.07 09:04:26.038,2.21092,2.21141,1.05,1.05
2011.03.07 09:04:26.367,2.21098,2.21147,1.05,1.05
2011.03.07 09:04:27.876,2.21091,2.21142,1.05,1.05
2011.03.07 09:04:38.596,2.21098,2.21147,1.05,1.05
2011.03.07 09:04:38.936,2.21098,2.21158,1.05,1.05
2011.03.07 09:04:39.376,2.2111,2.21162,1.05,1.05
2011.03.07 09:04:39.720,2.21106,2.21161,1.05,1.05
2011.03.07 09:04:42.646,2.21102,2.2116,1.05,1.05
2011.03.07 09:04:45.303,2.2111,2.21161,1.05,1.05
2011.03.07 09:04:46.173,2.21111,2.21162,1.05,1.05
2011.03.07 09:04:47.273,2.21109,2.21162,1.05,1.05
2011.03.07 09:04:47.496,2.21114,2.21162,1.05,1.05
2011.03.07 09:04:47.716,2.2111,2.21161,1.05,1.05
2011.03.07 09:04:47.826,2.21113,2.21163,1.05,1.05
2011.03.07 09:04:48.526,2.21109,2.21162,1.05,1.05
2011.03.07 09:04:48.856,2.21113,2.21163,1.05,1.05
2011.03.07 09:04:50.467,2.21103,2.21159,1.05,1.05
2011.03.07 09:04:50.796,2.21099,2.2116,1.05,1.05
2011.03.07 09:04:52.128,2.211,2.2116,1.05,1.05
2011.03.07 09:04:52.879,2.211,2.21159,1.05,1.05
2011.03.07 09:04:53.875,2.21103,2.21159,1.05,1.05
2011.03.07 09:04:54.217,2.21099,2.2116,1.99,1.05
2011.03.07 09:04:54.437,2.21144,2.21205,1.05,1.05
2011.03.07 09:04:54.656,2.21144,2.21205,1.05,1.24
2011.03.07 09:04:54.876,2.21129,2.2119,1.05,1.05
2011.03.07 09:04:55.467,2.2114,2.21191,1.05,1.05
2011.03.07 09:04:55.577,2.21117,2.2118,1.05,1.05
2011.03.07 09:04:56.016,2.21119,2.2118,1.05,1.05
2011.03.07 09:04:56.345,2.21156,2.21206,1.05,1.05
2011.03.07 09:04:56.970,2.21156,2.21207,1.05,1.05
2011.03.07 09:04:57.407,2.21137,2.21199,1.05,1.05
2011.03.07 09:04:57.847,2.21156,2.21206,1.05,1.05
2011.03.07 09:04:58.176,2.2115,2.212,1.05,1.05
2011.03.07 09:04:58.666,2.21156,2.21206,1.05,1.05
2011.03.07 09:04:58.996,2.21146,2.21204,1.05,1.05
2011.03.07 09:04:59.626,2.21145,2.21204,1.05,1.05
2011.03.07 09:05:01.477,2.21145,2.21204,1.05,1.24
2011.03.07 09:05:01.587,2.2113,2.21189,1.05,1.05
2011.03.07 09:05:02.176,2.2113,2.21189,1.05,1.24
2011.03.07 09:05:02.507,2.21109,2.21178,1.24,1.05
2011.03.07 09:05:02.617,2.21108,2.21178,1.05,1.05
2011.03.07 09:05:02.726,2.21105,2.21167,1.05,1.05
2011.03.07 09:05:03.207,2.21108,2.21178,1.05,1.05
2011.03.07 09:05:04.998,2.21099,2.21161,1.05,1.05
2011.03.07 09:05:05.108,2.21107,2.21179,1.05,1.05
2011.03.07 09:05:05.437,2.21105,2.21167,1.05,1.05
2011.03.07 09:05:05.659,2.21107,2.21179,1.05,1.05
2011.03.07 09:05:05.986,2.21105,2.21167,1.05,1.05
2011.03.07 09:05:06.437,2.21107,2.21166,1.05,1.05
2011.03.07 09:05:08.666,2.21114,2.21173,1.05,1.05
2011.03.07 09:05:09.072,2.21109,2.21178,1.05,1.05
2011.03.07 09:05:12.058,2.2113,2.2119,1.05,1.05
2011.03.07 09:05:13.728,2.21146,2.21204,1.05,1.05
2011.03.07 09:05:14.608,2.21145,2.21204,1.05,1.05
2011.03.07 09:05:15.086,2.21148,2.21205,1.05,1.05
2011.03.07 09:05:18.462,2.21155,2.21207,1.05,1.05
2011.03.07 09:05:20.156,2.21158,2.21209,1.05,1.05
2011.03.07 09:05:21.436,2.21156,2.21206,1.05,1.05
2011.03.07 09:05:22.666,2.21186,2.21236,1.05,1.05
2011.03.07 09:05:22.997,2.21209,2.2127,1.05,1.05
2011.03.07 09:05:23.217,2.212,2.21252,1.24,1.05
2011.03.07 09:05:23.810,2.212,2.21252,1.05,1.05
2011.03.07 09:05:24.618,2.21202,2.21251,1.05,1.05
2011.03.07 09:05:24.836,2.212,2.21252,1.05,1.05
2011.03.07 09:05:24.945,2.21202,2.21251,1.05,1.05
2011.03.07 09:05:25.276,2.21203,2.21254,1.05,1.05
2011.03.07 09:05:29.276,2.21202,2.21251,1.05,1.05
2011.03.07 09:05:30.073,2.21202,2.21251,1.05,1.99
2011.03.07 09:05:30.296,2.21202,2.21251,1.05,1.05
2011.03.07 09:05:30.516,2.21186,2.21237,1.24,1.05
2011.03.07 09:05:31.268,2.21202,2.21251,1.05,1.05
2011.03.07 09:05:31.606,2.21203,2.21254,1.05,1.05
2011.03.07 09:05:31.716,2.21201,2.21252,1.05,1.05
2011.03.07 09:05:32.047,2.21203,2.21254,1.05,1.05
2011.03.07 09:05:32.630,2.21202,2.21251,1.05,1.05
2011.03.07 09:05:34.797,2.21204,2.21255,1.05,1.05
2011.03.07 09:05:35.401,2.21202,2.21251,1.05,1.05
2011.03.07 09:05:35.616,2.21204,2.21255,1.05,1.05
2011.03.07 09:05:38.226,2.2121,2.2126,1.05,1.05
2011.03.07 09:05:38.460,2.21204,2.21255,1.05,1.05
2011.03.07 09:05:40.178,2.21204,2.21255,1.05,1.99
2011.03.07 09:05:40.399,2.21183,2.21243,1.05,1.05
2011.03.07 09:05:40.507,2.21205,2.21254,1.05,1.24
2011.03.07 09:05:40.776,2.21205,2.21254,1.05,1.05
2011.03.07 09:05:40.886,2.21208,2.21259,1.05,1.05
2011.03.07 09:05:41.215,2.2121,2.2126,1.05,1.05
2011.03.07 09:05:41.655,2.21209,2.21258,1.05,1.05
2011.03.07 09:05:42.048,2.21205,2.21254,1.05,1.05
2011.03.07 09:05:42.377,2.21208,2.21259,1.05,1.05
2011.03.07 09:05:42.487,2.21205,2.21254,1.05,1.05
2011.03.07 09:05:44.026,2.21203,2.21254,1.05,1.05
2011.03.07 09:05:44.916,2.21204,2.21255,1.05,1.05
2011.03.07 09:05:45.851,2.21183,2.21243,1.05,1.05
2011.03.07 09:05:46.395,2.21188,2.21249,1.05,1.24
2011.03.07 09:05:46.837,2.21178,2.21241,1.05,1.05
2011.03.07 09:05:48.018,2.21186,2.21248,1.05,1.24
2011.03.07 09:05:49.197,2.21184,2.21245,1.05,1.05
2011.03.07 09:05:49.526,2.21186,2.21248,1.05,1.24
2011.03.07 09:05:50.156,2.21178,2.21229,1.05,1.05
2011.03.07 09:05:51.506,2.21184,2.21236,1.05,1.05
2011.03.07 09:05:52.526,2.21179,2.21228,1.05,1.05
2011.03.07 09:05:52.966,2.21184,2.21236,1.05,1.05
2011.03.07 09:05:53.936,2.2119,2.21239,1.05,1.05
2011.03.07 09:05:56.091,2.2119,2.21241,1.05,1.05
2011.03.07 09:05:56.636,2.21189,2.2124,1.05,1.05
2011.03.07 09:05:56.746,2.21193,2.21242,1.05,1.05
2011.03.07 09:05:56.966,2.2119,2.21241,1.05,1.05
2011.03.07 09:05:57.306,2.21192,2.21243,1.05,1.05
2011.03.07 09:05:57.621,2.21189,2.2124,1.05,1.05
2011.03.07 09:05:58.566,2.21193,2.21242,1.05,1.05
2011.03.07 09:05:59.116,2.21199,2.2125,1.05,1.05
2011.03.07 09:05:59.336,2.21201,2.21262,1.05,1.20
2011.03.07 09:05:59.556,2.21201,2.21262,1.05,1.39
2011.03.07 09:05:59.886,2.21197,2.21251,1.05,1.05
2011.03.07 09:06:03.385,2.212,2.21252,1.05,1.05
2011.03.07 09:06:04.031,2.21203,2.21253,1.05,1.13
2011.03.07 09:06:04.336,2.21198,2.2125,1.05,1.05
2011.03.07 09:06:04.956,2.21198,2.21251,1.05,1.05
2011.03.07 09:06:05.220,2.212,2.21251,1.05,1.05
2011.03.07 09:06:05.556,2.21198,2.2125,1.05,1.05
2011.03.07 09:06:05.786,2.21199,2.21252,1.05,1.05
2011.03.07 09:06:05.896,2.21197,2.21251,1.05,1.05
2011.03.07 09:06:06.758,2.21198,2.2125,1.05,1.05
2011.03.07 09:06:06.977,2.21204,2.21252,1.05,1.05
2011.03.07 09:06:09.587,2.21205,2.21256,1.05,1.05
2011.03.07 09:06:09.698,2.21203,2.21253,1.05,1.05
2011.03.07 09:06:13.250,2.21197,2.21251,1.05,1.05
2011.03.07 09:06:13.686,2.212,2.21251,1.05,1.05
2011.03.07 09:06:14.238,2.212,2.21252,1.05,1.05
2011.03.07 09:06:14.347,2.21202,2.21261,1.05,1.05
2011.03.07 09:06:14.787,2.21212,2.21263,1.05,1.05
2011.03.07 09:06:15.007,2.21203,2.2126,1.05,1.05
2011.03.07 09:06:16.265,2.212,2.21251,1.05,1.05
2011.03.07 09:06:17.537,2.21201,2.21251,1.05,1.05
2011.03.07 09:06:17.974,2.21198,2.21247,1.05,1.05
2011.03.07 09:06:18.958,2.21204,2.21255,1.05,1.05
2011.03.07 09:06:20.426,2.21207,2.21257,1.05,1.05
2011.03.07 09:06:24.026,2.21205,2.21256,1.05,1.05
2011.03.07 09:06:24.356,2.21215,2.21264,1.05,1.05
2011.03.07 09:06:25.627,2.21211,2.21262,1.05,1.05
2011.03.07 09:06:26.670,2.21215,2.21264,1.05,1.05
2011.03.07 09:06:35.690,2.21209,2.21258,1.05,1.05
2011.03.07 09:06:36.056,2.21214,2.21265,1.05,1.05
2011.03.07 09:06:37.206,2.21209,2.21258,1.05,1.05
2011.03.07 09:06:37.535,2.21214,2.21265,1.05,1.05
2011.03.07 09:06:39.650,2.21202,2.21251,1.05,1.05
2011.03.07 09:06:39.977,2.21206,2.21255,1.05,1.05
2011.03.07 09:06:40.305,2.21215,2.21264,1.05,1.05
2011.03.07 09:06:42.782,2.21215,2.21264,1.05,1.13
2011.03.07 09:06:42.938,2.21215,2.21264,1.05,1.05
2011.03.07 09:06:43.618,2.21189,2.21258,1.05,1.05
2011.03.07 09:06:43.898,2.21202,2.21263,1.05,1.39
2011.03.07 09:06:44.009,2.21193,2.21261,1.05,1.05
2011.03.07 09:06:45.137,2.212,2.2128,1.05,1.39
2011.03.07 09:06:46.026,2.212,2.2128,1.05,1.24
2011.03.07 09:06:46.576,2.21199,2.2128,1.05,1.24
2011.03.07 09:06:49.388,2.21208,2.21281,1.05,1.24
2011.03.07 09:06:49.501,2.212,2.2128,1.05,1.24
2011.03.07 09:06:49.717,2.21199,2.2128,1.05,1.54
2011.03.07 09:06:51.456,2.21199,2.21273,1.05,1.05
2011.03.07 09:06:51.677,2.21199,2.2128,1.05,1.24
2011.03.07 09:06:55.516,2.21199,2.2128,1.05,1.54
2011.03.07 09:06:56.099,2.21198,2.21274,1.05,1.05
2011.03.07 09:06:56.686,2.21198,2.21274,1.05,1.20
2011.03.07 09:06:57.701,2.21198,2.21274,1.05,1.05
2011.03.07 09:06:57.820,2.21198,2.21274,1.05,1.13
2011.03.07 09:06:58.956,2.21209,2.21276,1.05,1.13
2011.03.07 09:06:59.286,2.21199,2.21273,1.05,1.13
2011.03.07 09:07:00.669,2.21196,2.21266,1.05,1.05
2011.03.07 09:07:00.886,2.21198,2.21273,1.05,1.13
2011.03.07 09:07:00.996,2.21197,2.21267,1.05,1.05
2011.03.07 09:07:05.352,2.21198,2.21266,1.05,1.05
2011.03.07 09:07:05.689,2.21195,2.21257,1.05,1.05
2011.03.07 09:07:06.936,2.21186,2.21238,1.05,1.05
2011.03.07 09:07:15.959,2.21195,2.21257,1.05,1.20
2011.03.07 09:07:16.067,2.21195,2.21257,1.05,1.05
2011.03.07 09:07:16.176,2.21197,2.21269,1.05,1.65
2011.03.07 09:07:16.286,2.21197,2.21269,1.05,1.05
2011.03.07 09:07:17.158,2.21197,2.21269,1.05,1.35
2011.03.07 09:07:19.617,2.21208,2.21271,1.05,1.65
2011.03.07 09:07:19.728,2.21208,2.21271,1.05,1.35
2011.03.07 09:07:21.730,2.21203,2.21264,1.05,1.20
2011.03.07 09:07:25.103,2.21203,2.21264,1.05,1.20
2011.03.07 09:07:25.216,2.21205,2.21275,1.05,1.69
2011.03.07 09:07:28.557,2.21204,2.21273,1.05,1.50
2011.03.07 09:07:31.428,2.21203,2.2127,1.05,1.05
2011.03.07 09:07:31.646,2.21191,2.21263,1.05,1.05
2011.03.07 09:07:31.867,2.2119,2.2125,1.05,1.05
2011.03.07 09:07:33.569,2.21194,2.21255,1.05,1.05
2011.03.07 09:07:33.678,2.21188,2.21248,1.05,1.05
2011.03.07 09:07:34.007,2.21184,2.21243,1.05,1.05
2011.03.07 09:07:35.068,2.21181,2.21241,1.05,1.05
2011.03.07 09:07:35.697,2.21188,2.21248,1.05,1.05
2011.03.07 09:07:35.806,2.21184,2.21246,1.05,1.05
2011.03.07 09:07:36.029,2.21179,2.21238,1.05,1.05
2011.03.07 09:07:37.507,2.21181,2.21241,1.05,1.05
2011.03.07 09:07:38.166,2.21178,2.21239,1.05,1.05
2011.03.07 09:07:38.277,2.21178,2.21239,1.05,1.35
2011.03.07 09:07:38.838,2.21178,2.21239,1.05,1.05
2011.03.07 09:07:39.057,2.21185,2.21245,1.05,1.05
2011.03.07 09:07:39.839,2.21179,2.21238,1.05,1.05
2011.03.07 09:07:41.476,2.21166,2.21226,1.05,1.05
2011.03.07 09:07:42.632,2.21165,2.21227,1.05,1.05
2011.03.07 09:07:42.737,2.2117,2.21231,1.05,1.05
2011.03.07 09:07:43.069,2.21159,2.21221,1.05,1.05
2011.03.07 09:07:45.076,2.21167,2.21228,1.05,1.05
2011.03.07 09:07:45.988,2.21163,2.21224,1.05,1.05
2011.03.07 09:07:47.416,2.21164,2.21225,1.05,1.05
2011.03.07 09:07:48.390,2.21164,2.21225,1.05,1.13
2011.03.07 09:07:50.167,2.21164,2.21225,1.05,1.05
2011.03.07 09:07:50.387,2.21142,2.21191,1.05,1.05
2011.03.07 09:07:50.937,2.21164,2.21225,1.05,1.13
2011.03.07 09:07:51.927,2.21168,2.2123,1.05,1.35
2011.03.07 09:07:52.467,2.21168,2.2123,1.05,1.99
2011.03.07 09:07:52.686,2.21146,2.21195,1.05,1.05
2011.03.07 09:07:53.058,2.21148,2.21198,1.05,1.05
2011.03.07 09:07:53.277,2.21155,2.21204,1.05,1.05
2011.03.07 09:07:53.388,2.21149,2.21201,1.05,1.05
2011.03.07 09:07:53.987,2.21173,2.21234,1.24,1.20
2011.03.07 09:07:55.066,2.21173,2.21234,1.24,1.20
2011.03.07 09:07:55.873,2.21173,2.21234,1.24,1.13
2011.03.07 09:07:56.204,2.21173,2.21234,1.24,1.50
2011.03.07 09:07:56.669,2.21173,2.21234,1.24,1.05
2011.03.07 09:08:00.146,2.21149,2.21201,1.05,1.05
2011.03.07 09:08:04.426,2.21148,2.212,1.05,1.05
2011.03.07 09:08:06.437,2.2115,2.212,1.05,1.05
2011.03.07 09:08:06.986,2.21149,2.21201,1.05,1.05
2011.03.07 09:08:07.536,2.2115,2.212,1.05,1.05
2011.03.07 09:08:07.867,2.21139,2.2119,1.05,1.05
2011.03.07 09:08:08.087,2.21164,2.21223,1.05,1.24
2011.03.07 09:08:08.306,2.21153,2.2122,1.05,1.05
2011.03.07 09:08:09.308,2.21151,2.21219,1.24,1.05
2011.03.07 09:08:09.418,2.21157,2.21221,1.05,1.05
2011.03.07 09:08:09.746,2.21178,2.21232,1.05,1.05
2011.03.07 09:08:10.317,2.21164,2.21216,1.05,1.05
2011.03.07 09:08:11.016,2.21164,2.21216,1.05,1.24
2011.03.07 09:08:11.126,2.21148,2.21202,1.05,1.05
2011.03.07 09:08:11.727,2.21148,2.21202,1.05,1.24
2011.03.07 09:08:12.056,2.21134,2.21186,1.05,1.05
2011.03.07 09:08:13.347,2.21148,2.21202,1.05,1.24
2011.03.07 09:08:13.678,2.21134,2.21186,1.05,1.05
2011.03.07 09:08:13.928,2.21134,2.21186,1.05,1.99
2011.03.07 09:08:14.037,2.21103,2.21157,1.05,1.05
2011.03.07 09:08:14.256,2.2111,2.21162,1.05,1.05
2011.03.07 09:08:18.419,2.21102,2.21158,1.05,1.05
2011.03.07 09:08:18.638,2.21117,2.21173,1.05,1.05
2011.03.07 09:08:18.750,2.21114,2.21173,1.05,1.05
2011.03.07 09:08:18.967,2.21122,2.21187,1.05,1.05
2011.03.07 09:08:19.297,2.21121,2.21185,1.05,1.05
2011.03.07 09:08:19.626,2.21123,2.21186,1.05,1.05
2011.03.07 09:08:19.957,2.21116,2.21178,1.05,1.05
2011.03.07 09:08:20.162,2.21116,2.21181,1.05,1.05
2011.03.07 09:08:20.267,2.21116,2.21178,1.05,1.05
2011.03.07 09:08:20.597,2.21116,2.21181,1.05,1.05
2011.03.07 09:08:24.236,2.21123,2.21185,1.05,1.05
2011.03.07 09:08:25.917,2.211,2.21151,1.05,1.05
2011.03.07 09:08:26.028,2.21123,2.21185,1.05,1.05
2011.03.07 09:08:28.557,2.211,2.21151,1.05,1.05
2011.03.07 09:08:28.886,2.21117,2.2118,1.05,1.05
2011.03.07 09:08:29.106,2.21108,2.21162,1.24,1.05
2011.03.07 09:08:29.768,2.21116,2.21165,1.05,1.05
2011.03.07 09:08:30.206,2.21116,2.21167,1.05,1.05
2011.03.07 09:08:31.438,2.21115,2.21166,1.05,1.05
2011.03.07 09:08:31.547,2.21108,2.21163,1.24,1.05
2011.03.07 09:08:31.986,2.21108,2.21167,1.24,1.05
2011.03.07 09:08:32.096,2.21108,2.21165,1.24,1.05
2011.03.07 09:08:32.978,2.21109,2.21166,1.24,1.05
2011.03.07 09:08:35.357,2.21109,2.21166,1.05,1.05
2011.03.07 09:08:35.686,2.21093,2.21152,1.05,1.05
2011.03.07 09:08:41.070,2.21093,2.21152,1.05,1.99
2011.03.07 09:08:41.506,2.21058,2.21111,1.05,1.05
2011.03.07 09:08:41.616,2.21062,2.21113,1.05,1.05
2011.03.07 09:08:41.728,2.21042,2.21102,1.24,1.05
2011.03.07 09:08:41.947,2.2104,2.211,1.24,1.05
2011.03.07 09:08:42.627,2.21038,2.21098,1.24,1.05
2011.03.07 09:08:43.177,2.21037,2.21099,1.24,1.05
2011.03.07 09:08:43.286,2.21039,2.21101,1.24,1.05
2011.03.07 09:08:43.397,2.21039,2.21101,1.05,1.05
2011.03.07 09:08:43.617,2.21014,2.21096,1.05,1.05
2011.03.07 09:08:43.946,2.21039,2.21101,1.05,1.05
2011.03.07 09:08:45.106,2.21037,2.21099,1.05,1.05
2011.03.07 09:08:45.436,2.21033,2.21094,1.05,1.05
2011.03.07 09:08:45.877,2.21025,2.21088,1.05,1.05
2011.03.07 09:08:46.206,2.21032,2.21093,1.05,1.05
2011.03.07 09:08:46.648,2.21039,2.211,1.05,1.05
2011.03.07 09:08:46.757,2.21028,2.21099,1.05,1.05
2011.03.07 09:08:46.868,2.2104,2.21099,1.05,1.05
2011.03.07 09:08:47.589,2.21039,2.21101,1.05,1.05
2011.03.07 09:08:48.166,2.21029,2.21098,1.05,1.05
2011.03.07 09:08:49.016,2.21039,2.21101,1.05,1.05
2011.03.07 09:08:49.347,2.21041,2.211,1.05,1.05
2011.03.07 09:08:49.569,2.21041,2.21103,1.05,1.05
2011.03.07 09:08:49.677,2.21041,2.211,1.05,1.05
2011.03.07 09:08:50.177,2.21041,2.21103,1.05,1.05
2011.03.07 09:08:50.288,2.21041,2.211,1.05,1.05
2011.03.07 09:08:50.398,2.21041,2.21103,1.05,1.05
2011.03.07 09:08:50.507,2.2104,2.21101,1.05,1.05
2011.03.07 09:08:50.837,2.21042,2.21102,1.05,1.05
2011.03.07 09:08:50.946,2.2104,2.21101,1.05,1.05
2011.03.07 09:08:51.536,2.21041,2.211,1.05,1.05
2011.03.07 09:08:53.929,2.21039,2.21101,1.05,1.05
2011.03.07 09:08:54.148,2.21034,2.21099,1.05,1.05
2011.03.07 09:08:56.047,2.21026,2.2108,1.05,1.05
2011.03.07 09:08:57.039,2.21026,2.2108,1.99,1.05
2011.03.07 09:08:57.256,2.21038,2.21126,1.05,1.24
2011.03.07 09:08:57.586,2.21038,2.21126,1.05,1.99
2011.03.07 09:08:57.917,2.21034,2.21099,1.05,1.05
2011.03.07 09:08:58.675,2.21033,2.211,1.05,1.05
2011.03.07 09:08:59.007,2.2101,2.21066,1.05,1.05
2011.03.07 09:08:59.336,2.21055,2.21111,1.05,1.05
2011.03.07 09:09:00.376,2.21033,2.211,1.05,1.05
2011.03.07 09:09:01.537,2.2104,2.211,1.05,1.05
2011.03.07 09:09:03.060,2.2104,2.211,1.05,1.24
2011.03.07 09:09:03.387,2.21016,2.21067,1.05,1.05
2011.03.07 09:09:05.418,2.21018,2.21067,1.05,1.05
2011.03.07 09:09:05.867,2.21016,2.21067,1.05,1.05
2011.03.07 09:09:06.087,2.21016,2.21067,1.20,1.05
2011.03.07 09:09:06.307,2.20986,2.21037,1.05,1.05
2011.03.07 09:09:06.417,2.20986,2.21037,1.13,1.05
2011.03.07 09:09:06.748,2.21002,2.21051,1.05,1.05
2011.03.07 09:09:07.549,2.20988,2.21092,1.05,1.05
2011.03.07 09:09:07.766,2.20988,2.21092,1.99,1.05
2011.03.07 09:09:07.876,2.21013,2.21097,1.24,1.05
2011.03.07 09:09:08.097,2.20989,2.21091,1.05,1.05
2011.03.07 09:09:08.316,2.21013,2.21097,1.05,1.05
2011.03.07 09:09:11.837,2.21002,2.21051,1.05,1.05
2011.03.07 09:09:13.378,2.21003,2.21052,1.05,1.05
2011.03.07 09:09:13.927,2.21002,2.21053,1.05,1.05
2011.03.07 09:09:14.897,2.20939,2.20977,2.25,1.05
2011.03.07 09:09:15.007,2.20939,2.20977,1.50,1.05
2011.03.07 09:09:15.122,2.20928,2.20977,1.05,1.05
2011.03.07 09:09:15.240,2.20913,2.20962,1.24,1.05
2011.03.07 09:09:15.797,2.20913,2.20962,1.05,1.05
2011.03.07 09:09:15.907,2.20913,2.20964,1.05,1.05
2011.03.07 09:09:16.128,2.20866,2.20948,1.05,1.05
2011.03.07 09:09:16.237,2.20869,2.20951,1.05,1.05
2011.03.07 09:09:16.567,2.20895,2.20954,1.05,1.05
2011.03.07 09:09:16.677,2.20869,2.20951,1.35,1.05
2011.03.07 09:09:16.787,2.20895,2.20954,1.05,1.05
2011.03.07 09:09:17.007,2.20869,2.20951,1.35,1.05
2011.03.07 09:09:17.227,2.20869,2.20951,1.05,1.05
2011.03.07 09:09:17.337,2.20895,2.20954,1.05,1.05
2011.03.07 09:09:17.759,2.20899,2.20958,1.05,1.05
2011.03.07 09:09:18.678,2.20873,2.20955,1.05,1.05
2011.03.07 09:09:18.897,2.20899,2.20958,1.05,1.05
2011.03.07 09:09:19.117,2.20874,2.20954,1.05,1.05
2011.03.07 09:09:19.337,2.20899,2.20958,1.05,1.05
2011.03.07 09:09:19.887,2.20874,2.20954,1.05,1.05
2011.03.07 09:09:20.106,2.20898,2.20959,1.05,1.05
2011.03.07 09:09:20.326,2.20874,2.20954,1.28,1.05
2011.03.07 09:09:20.666,2.20899,2.20958,1.05,1.05
2011.03.07 09:09:20.776,2.20874,2.20954,1.28,1.05
2011.03.07 09:09:20.996,2.20899,2.20958,1.05,1.05
2011.03.07 09:09:21.437,2.20873,2.20955,1.05,1.05
2011.03.07 09:09:21.656,2.20899,2.20958,1.05,1.05
2011.03.07 09:09:21.987,2.20874,2.20954,1.05,1.05
2011.03.07 09:09:22.207,2.20898,2.20959,1.05,1.05
2011.03.07 09:09:22.537,2.20866,2.20948,1.20,1.05
2011.03.07 09:09:22.756,2.20898,2.20959,1.05,1.05
2011.03.07 09:09:22.977,2.20875,2.20955,1.05,1.05
2011.03.07 09:09:23.087,2.209,2.20961,1.05,1.05
2011.03.07 09:09:23.197,2.20875,2.20955,1.05,1.05
2011.03.07 09:09:23.637,2.209,2.20961,1.05,1.05
2011.03.07 09:09:23.966,2.20874,2.20956,1.05,1.05
2011.03.07 09:09:24.296,2.20901,2.2096,1.05,1.05
2011.03.07 09:09:24.517,2.20874,2.20956,1.05,1.05
2011.03.07 09:09:24.737,2.209,2.20961,1.05,1.05
2011.03.07 09:09:24.956,2.20874,2.20956,1.05,1.05
2011.03.07 09:09:25.396,2.209,2.20961,1.05,1.05
2011.03.07 09:09:26.107,2.20898,2.20971,1.05,1.05
2011.03.07 09:09:26.217,2.20872,2.20967,1.05,1.05
2011.03.07 09:09:26.328,2.20897,2.20972,1.05,1.05
2011.03.07 09:09:26.727,2.20898,2.20959,1.05,1.05
2011.03.07 09:09:26.946,2.20871,2.20954,1.20,1.05
2011.03.07 09:09:27.166,2.20871,2.20954,1.05,1.05
2011.03.07 09:09:27.387,2.20897,2.20958,1.05,1.05
2011.03.07 09:09:27.606,2.20871,2.20954,1.20,1.05
2011.03.07 09:09:27.716,2.20871,2.20954,1.05,1.05
2011.03.07 09:09:27.826,2.20897,2.20958,1.05,1.05
2011.03.07 09:09:28.156,2.20872,2.20953,1.05,1.05
2011.03.07 09:09:28.376,2.20897,2.20958,1.05,1.05
2011.03.07 09:09:28.596,2.20871,2.20954,1.05,1.05
2011.03.07 09:09:28.927,2.20898,2.20957,1.05,1.05
2011.03.07 09:09:29.699,2.2089,2.2095,1.05,1.05
2011.03.07 09:09:29.953,2.20882,2.20949,1.05,1.05
2011.03.07 09:09:30.167,2.2088,2.2095,1.05,1.05
2011.03.07 09:09:30.576,2.20882,2.20949,1.05,1.05
2011.03.07 09:09:32.869,2.20879,2.20949,1.05,1.05
2011.03.07 09:09:33.408,2.20878,2.20948,1.05,1.05
2011.03.07 09:09:33.926,2.20869,2.2093,1.05,1.05
2011.03.07 09:09:34.464,2.20869,2.20929,1.05,1.05
2011.03.07 09:09:34.797,2.20889,2.2095,1.05,1.05
2011.03.07 09:09:34.908,2.20878,2.20947,1.05,1.05
2011.03.07 09:09:36.137,2.20869,2.20929,1.05,1.05
2011.03.07 09:09:37.007,2.20877,2.20948,1.05,1.05
2011.03.07 09:09:38.307,2.20891,2.20953,1.05,1.05
2011.03.07 09:09:38.638,2.20889,2.20951,1.05,1.05
2011.03.07 09:09:38.856,2.20865,2.20946,1.39,1.05
2011.03.07 09:09:38.967,2.20865,2.20946,1.05,1.05
2011.03.07 09:09:39.077,2.20889,2.20951,1.05,1.05
2011.03.07 09:09:39.550,2.20881,2.20932,1.05,1.05
2011.03.07 09:09:39.768,2.20882,2.2095,1.05,1.05
2011.03.07 09:09:41.357,2.20881,2.20943,1.05,1.05
2011.03.07 09:09:42.386,2.20882,2.20943,1.05,1.05
2011.03.07 09:09:42.608,2.20883,2.20945,1.05,1.05
2011.03.07 09:09:42.878,2.20885,2.20949,1.05,1.05
2011.03.07 09:09:43.206,2.2088,2.2095,1.05,1.05
2011.03.07 09:09:43.319,2.20885,2.20949,1.05,1.05
2011.03.07 09:09:43.647,2.2089,2.20951,1.05,1.05
2011.03.07 09:09:43.770,2.20891,2.20953,1.05,1.05
2011.03.07 09:09:44.707,2.20891,2.20953,1.05,1.24
2011.03.07 09:09:45.037,2.20892,2.20952,1.05,1.05
2011.03.07 09:09:45.366,2.20884,2.20933,1.05,1.05
2011.03.07 09:09:46.128,2.20862,2.20923,1.05,1.05
2011.03.07 09:09:48.176,2.2086,2.20921,1.05,1.05
2011.03.07 09:09:48.777,2.20855,2.20919,1.05,1.05
2011.03.07 09:09:49.297,2.20855,2.20918,1.20,1.05
2011.03.07 09:09:49.627,2.2086,2.20925,1.05,1.05
2011.03.07 09:09:49.737,2.20853,2.20924,1.20,1.05
2011.03.07 09:09:50.028,2.2086,2.20925,1.05,1.05
2011.03.07 09:09:50.357,2.20868,2.20929,1.05,1.05
2011.03.07 09:09:51.132,2.20869,2.20928,1.05,1.05
2011.03.07 09:09:52.276,2.2086,2.20909,1.05,1.05
2011.03.07 09:09:53.467,2.20865,2.20915,1.05,1.05
2011.03.07 09:09:54.238,2.20869,2.20928,1.05,1.24
2011.03.07 09:09:55.100,2.20869,2.20928,1.05,1.24
2011.03.07 09:09:55.549,2.20859,2.2091,1.05,1.05
2011.03.07 09:09:55.659,2.20863,2.20921,1.05,1.05
2011.03.07 09:09:56.097,2.20861,2.2092,1.05,1.05
2011.03.07 09:09:56.208,2.20862,2.2091,1.05,1.05
2011.03.07 09:09:56.317,2.2086,2.20909,1.05,1.05
2011.03.07 09:09:56.537,2.20861,2.20911,1.05,1.05
2011.03.07 09:09:56.866,2.20857,2.20908,1.20,1.05
2011.03.07 09:09:57.446,2.20857,2.20908,1.05,1.05
2011.03.07 09:09:57.776,2.20853,2.20908,1.05,1.05
2011.03.07 09:09:57.997,2.2085,2.20906,1.05,1.05
2011.03.07 09:09:59.006,2.20851,2.20906,1.05,1.05
2011.03.07 09:09:59.977,2.20849,2.20907,1.05,1.05
2011.03.07 09:10:00.087,2.20853,2.20907,1.05,1.05
2011.03.07 09:10:00.197,2.20851,2.20906,1.05,1.05
2011.03.07 09:10:00.417,2.20848,2.20907,1.05,1.05
2011.03.07 09:10:00.637,2.20858,2.20907,1.05,1.05
2011.03.07 09:10:00.747,2.20865,2.20915,1.05,1.05
2011.03.07 09:10:02.107,2.20857,2.20908,1.05,1.05
2011.03.07 09:10:02.326,2.20849,2.20906,1.05,1.05
2011.03.07 09:10:03.316,2.20851,2.20906,1.05,1.05
2011.03.07 09:10:03.647,2.20858,2.20907,1.05,1.05
2011.03.07 09:10:03.976,2.2086,2.20909,1.05,1.05
2011.03.07 09:10:08.567,2.20858,2.20907,1.05,1.05
2011.03.07 09:10:09.427,2.20859,2.2091,1.05,1.05
2011.03.07 09:10:09.757,2.20858,2.20907,1.05,1.05
2011.03.07 09:10:13.997,2.20865,2.20927,1.05,1.24
2011.03.07 09:10:14.217,2.20865,2.20927,1.05,1.05
2011.03.07 09:10:15.276,2.20888,2.20937,1.05,1.05
2011.03.07 09:10:15.497,2.20865,2.20927,1.05,1.05
2011.03.07 09:10:19.026,2.20861,2.20925,1.05,1.05
2011.03.07 09:10:19.914,2.20857,2.20925,1.05,1.05
2011.03.07 09:10:20.028,2.20861,2.20925,1.05,1.05
2011.03.07 09:10:21.657,2.20869,2.20928,1.05,1.05
2011.03.07 09:10:26.047,2.20876,2.20937,1.05,1.24
2011.03.07 09:10:28.488,2.20874,2.20933,1.05,1.05
2011.03.07 09:10:28.597,2.20872,2.20933,1.05,1.05
2011.03.07 09:10:29.176,2.20873,2.20932,1.05,1.05
2011.03.07 09:10:29.507,2.20871,2.2093,1.05,1.05
2011.03.07 09:10:30.597,2.20892,2.20943,1.05,1.05
2011.03.07 09:10:31.127,2.209,2.20961,1.05,1.24
2011.03.07 09:10:31.787,2.20893,2.20942,1.05,1.05
2011.03.07 09:10:32.337,2.20901,2.2096,1.05,1.24
2011.03.07 09:10:35.387,2.20904,2.20963,1.05,1.24
2011.03.07 09:10:36.329,2.20925,2.20975,1.05,1.99
2011.03.07 09:10:38.166,2.20925,2.20975,1.05,1.99
2011.03.07 09:10:38.293,2.20925,2.20975,1.05,1.05
2011.03.07 09:10:42.079,2.20928,2.20977,1.05,1.05
2011.03.07 09:10:42.461,2.20926,2.20974,1.05,1.05
2011.03.07 09:10:45.378,2.20939,2.20988,1.05,1.05
2011.03.07 09:10:45.487,2.20932,2.20981,1.05,1.05
2011.03.07 09:10:48.987,2.20937,2.21014,1.05,1.99
2011.03.07 09:10:49.793,2.20938,2.21011,1.05,1.99
2011.03.07 09:10:50.749,2.20945,2.20995,1.05,1.24
2011.03.07 09:10:51.098,2.20948,2.20998,1.05,1.24
2011.03.07 09:10:51.538,2.20948,2.20998,1.05,1.05
2011.03.07 09:10:53.117,2.20952,2.21002,1.05,1.05
2011.03.07 09:10:53.447,2.20958,2.21008,1.05,1.05
2011.03.07 09:10:53.777,2.20956,2.21007,1.05,1.24
2011.03.07 09:10:54.175,2.2095,2.20999,1.05,1.05
2011.03.07 09:10:56.106,2.20951,2.21,1.05,1.05
2011.03.07 09:10:56.328,2.20949,2.21,1.05,1.05
2011.03.07 09:10:56.437,2.20956,2.21007,1.05,1.24
2011.03.07 09:10:56.767,2.20964,2.21012,1.05,1.99
2011.03.07 09:10:56.877,2.20964,2.21012,1.05,1.05
2011.03.07 09:10:56.987,2.20959,2.21009,1.05,1.05
2011.03.07 09:10:57.207,2.20964,2.21012,1.05,1.05
2011.03.07 09:10:57.647,2.20956,2.21007,1.05,1.05
2011.03.07 09:10:58.088,2.20953,2.21001,1.05,1.05
2011.03.07 09:10:58.197,2.2095,2.20999,1.05,1.05
2011.03.07 09:10:58.307,2.20953,2.21001,1.05,1.05
2011.03.07 09:10:59.068,2.20956,2.21007,1.05,1.05
2011.03.07 09:11:00.547,2.2095,2.21001,1.05,1.05
2011.03.07 09:11:01.294,2.20949,2.21,1.05,1.05
2011.03.07 09:11:01.737,2.20952,2.21002,1.05,1.05
2011.03.07 09:11:02.636,2.20949,2.21,1.05,1.05
2011.03.07 09:11:02.747,2.20952,2.21002,1.05,1.05
2011.03.07 09:11:02.857,2.20949,2.21,1.05,1.05
2011.03.07 09:11:02.969,2.20951,2.21,1.05,1.05
2011.03.07 09:11:03.077,2.20949,2.21,1.05,1.05
2011.03.07 09:11:03.359,2.20951,2.21,1.05,1.05
2011.03.07 09:11:04.928,2.20957,2.21008,1.05,1.05
2011.03.07 09:11:05.037,2.20946,2.20995,1.05,1.05
2011.03.07 09:11:05.367,2.20952,2.21002,1.05,1.05
2011.03.07 09:11:05.586,2.20945,2.20996,1.05,1.05
2011.03.07 09:11:05.843,2.20949,2.21,1.05,1.05
2011.03.07 09:11:06.177,2.20953,2.21001,1.05,1.05
2011.03.07 09:11:06.966,2.20961,2.21011,1.05,1.05
2011.03.07 09:11:07.966,2.20968,2.21019,1.05,1.05
2011.03.07 09:11:12.589,2.20968,2.21019,1.05,1.24
2011.03.07 09:11:13.248,2.20968,2.21019,1.05,1.05
2011.03.07 09:11:13.468,2.20977,2.21026,1.05,1.05
2011.03.07 09:11:13.578,2.20981,2.21037,1.05,1.05
2011.03.07 09:11:13.798,2.20979,2.21036,1.05,1.05
2011.03.07 09:11:13.907,2.20988,2.21038,1.05,1.05
2011.03.07 09:11:14.239,2.2099,2.21049,1.05,1.05
2011.03.07 09:11:14.456,2.20987,2.21039,1.05,1.05
2011.03.07 09:11:16.497,2.20976,2.21037,1.05,1.05
2011.03.07 09:11:23.768,2.20976,2.21031,1.05,1.05
2011.03.07 09:11:24.097,2.20976,2.21037,1.05,1.05
2011.03.07 09:11:25.417,2.20976,2.21037,1.05,1.99
2011.03.07 09:11:25.747,2.20969,2.21018,1.05,1.05
2011.03.07 09:11:25.857,2.20961,2.21012,1.05,1.05
2011.03.07 09:11:26.187,2.20968,2.21019,1.05,1.05
2011.03.07 09:11:32.447,2.20968,2.21019,1.05,1.99
2011.03.07 09:11:32.667,2.20954,2.21005,1.05,1.05
2011.03.07 09:11:32.887,2.20962,2.21022,1.05,1.99
2011.03.07 09:11:32.998,2.2096,2.21022,1.05,1.99
2011.03.07 09:11:33.108,2.20961,2.21011,1.05,1.05
2011.03.07 09:11:33.436,2.20959,2.2101,1.05,1.05
2011.03.07 09:11:34.227,2.20961,2.21011,1.05,1.05
2011.03.07 09:11:42.377,2.20963,2.21022,1.05,1.05
2011.03.07 09:11:42.597,2.20964,2.21035,1.05,1.99
2011.03.07 09:11:42.708,2.20964,2.21035,1.05,1.05
2011.03.07 09:11:42.928,2.20976,2.21037,1.05,1.05
2011.03.07 09:11:43.998,2.20975,2.21031,1.05,1.05
2011.03.07 09:11:44.107,2.20964,2.21035,1.05,1.05
2011.03.07 09:11:44.328,2.20964,2.21031,1.05,1.05
2011.03.07 09:11:44.657,2.20965,2.21034,1.05,1.05
2011.03.07 09:11:45.638,2.20976,2.21037,1.05,1.05
2011.03.07 09:11:46.397,2.20992,2.21051,1.05,1.05
2011.03.07 09:11:48.958,2.2099,2.21047,1.05,1.05
2011.03.07 09:11:49.288,2.20975,2.21027,1.05,1.05
2011.03.07 09:11:50.447,2.20999,2.2106,1.05,1.24
2011.03.07 09:11:50.998,2.21003,2.21086,1.05,1.99
2011.03.07 09:11:51.216,2.20998,2.21061,1.05,1.24
2011.03.07 09:11:53.726,2.20998,2.21061,1.13,1.05
2011.03.07 09:11:53.837,2.2102,2.21072,1.05,1.05
2011.03.07 09:11:53.949,2.21033,2.21116,1.05,1.05
2011.03.07 09:11:54.168,2.21028,2.2109,1.05,1.05
2011.03.07 09:11:54.607,2.21028,2.2109,1.05,1.99
2011.03.07 09:11:54.718,2.21006,2.21056,1.05,1.05
2011.03.07 09:11:54.868,2.21006,2.21056,1.99,1.05
2011.03.07 09:11:55.197,2.21029,2.21089,1.05,1.05
2011.03.07 09:12:01.676,2.21025,2.21087,1.05,1.05
2011.03.07 09:12:01.786,2.21028,2.21087,1.05,1.05
2011.03.07 09:12:02.007,2.21029,2.21089,1.05,1.05
2011.03.07 09:12:09.758,2.2105,2.21102,1.05,1.05
2011.03.07 09:12:10.086,2.21058,2.2112,1.05,1.05
2011.03.07 09:12:10.307,2.21064,2.21145,1.05,1.32
2011.03.07 09:12:10.417,2.21064,2.21145,1.62,1.13
2011.03.07 09:12:10.527,2.21064,2.21145,1.62,1.05
2011.03.07 09:12:10.637,2.21088,2.21151,1.05,1.05
2011.03.07 09:12:12.417,2.21083,2.21144,1.05,1.05
2011.03.07 09:12:12.527,2.2109,2.21161,1.05,1.05
2011.03.07 09:12:12.747,2.2109,2.21152,1.62,1.05
2011.03.07 09:12:13.090,2.2111,2.21162,1.05,1.05
2011.03.07 09:12:13.668,2.2108,2.21132,1.05,1.05
2011.03.07 09:12:18.318,2.21074,2.21125,1.05,1.05
2011.03.07 09:12:20.048,2.21076,2.21127,1.05,1.05
2011.03.07 09:12:20.487,2.21074,2.21125,1.05,1.05
2011.03.07 09:12:34.206,2.21069,2.21117,1.05,1.05
2011.03.07 09:12:35.737,2.21074,2.21125,1.05,1.05
2011.03.07 09:12:45.027,2.2108,2.21132,1.05,1.24
2011.03.07 09:12:46.367,2.2108,2.21132,1.05,1.05
2011.03.07 09:12:46.808,2.21055,2.21136,1.05,1.05
2011.03.07 09:12:47.219,2.21075,2.21145,1.05,1.99
2011.03.07 09:12:47.657,2.21075,2.21145,1.05,1.05
2011.03.07 09:12:48.237,2.21097,2.21156,1.05,1.05
2011.03.07 09:12:49.006,2.21108,2.21158,1.05,1.05
2011.03.07 09:12:57.779,2.21096,2.21157,1.05,1.05
2011.03.07 09:13:13.359,2.21095,2.21144,1.05,1.05
2011.03.07 09:13:13.577,2.21115,2.21166,1.05,1.05
2011.03.07 09:13:14.166,2.21115,2.21166,1.05,1.24
2011.03.07 09:13:14.387,2.21103,2.21158,1.05,1.05
2011.03.07 09:13:15.809,2.21097,2.21156,1.05,1.05
2011.03.07 09:13:18.266,2.21107,2.21159,1.05,1.05
2011.03.07 09:13:18.708,2.21102,2.21152,1.05,1.05
2011.03.07 09:13:19.987,2.21116,2.21165,1.05,1.05
2011.03.07 09:13:22.977,2.21107,2.21159,1.05,1.05
2011.03.07 09:13:23.568,2.21116,2.21165,1.05,1.05
2011.03.07 09:13:23.694,2.21097,2.21165,1.24,1.05
2011.03.07 09:13:24.027,2.21108,2.21158,1.05,1.05
2011.03.07 09:13:26.907,2.21106,2.21156,1.05,1.05
2011.03.07 09:13:30.889,2.21102,2.21152,1.05,1.05
2011.03.07 09:13:31.657,2.21094,2.21145,1.05,1.05
2011.03.07 09:13:35.657,2.21088,2.21139,1.05,1.05
2011.03.07 09:13:36.099,2.21081,2.21131,1.05,1.05
2011.03.07 09:13:42.568,2.21075,2.21124,1.05,1.05
2011.03.07 09:13:42.788,2.2108,2.21132,1.05,1.05
2011.03.07 09:13:45.697,2.21083,2.21142,1.05,1.24
2011.03.07 09:13:45.918,2.21083,2.21142,1.05,1.05
2011.03.07 09:13:46.028,2.21094,2.21145,1.05,1.05
2011.03.07 09:13:54.002,2.21094,2.21148,1.05,1.05
2011.03.07 09:13:54.327,2.21095,2.21144,1.05,1.05
2011.03.07 09:13:55.047,2.2109,2.21139,1.05,1.05
2011.03.07 09:13:55.675,2.21095,2.21144,1.05,1.05
2011.03.07 09:13:57.636,2.21109,2.2116,1.05,1.05
2011.03.07 09:13:59.087,2.21104,2.21155,1.05,1.05
2011.03.07 09:14:00.637,2.21104,2.21155,1.05,1.24
2011.03.07 09:14:00.857,2.21089,2.2114,1.05,1.05
2011.03.07 09:14:03.880,2.21094,2.21145,1.05,1.05
2011.03.07 09:14:07.337,2.21095,2.21147,1.05,1.05
2011.03.07 09:14:08.247,2.21095,2.21144,1.05,1.05
2011.03.07 09:14:08.617,2.21094,2.21148,1.05,1.05
2011.03.07 09:14:08.727,2.21095,2.21144,1.05,1.05
2011.03.07 09:14:08.947,2.21095,2.21147,1.05,1.05
2011.03.07 09:14:09.058,2.21095,2.21144,1.05,1.05
2011.03.07 09:14:09.278,2.21095,2.21147,1.05,1.05
2011.03.07 09:14:09.387,2.21099,2.2115,1.05,1.05
2011.03.07 09:14:09.499,2.21094,2.2115,1.05,1.05
2011.03.07 09:14:09.717,2.21108,2.21158,1.05,1.05
2011.03.07 09:14:10.430,2.21109,2.21158,1.05,1.05
2011.03.07 09:14:11.041,2.21108,2.21158,1.05,1.05
2011.03.07 09:14:11.747,2.21112,2.21161,1.05,1.05
2011.03.07 09:14:12.077,2.21114,2.21165,1.05,1.24
2011.03.07 09:14:12.337,2.21111,2.21162,1.05,1.24
2011.03.07 09:14:12.557,2.21115,2.21164,1.05,1.24
2011.03.07 09:14:12.777,2.21112,2.21161,1.05,1.05
2011.03.07 09:14:12.886,2.21107,2.21159,1.05,1.05
2011.03.07 09:14:19.548,2.21109,2.21158,1.05,1.05
2011.03.07 09:14:19.907,2.21107,2.21159,1.05,1.05
2011.03.07 09:14:20.737,2.21111,2.21162,1.05,1.24
2011.03.07 09:14:21.204,2.21108,2.21158,1.05,1.05
2011.03.07 09:14:22.937,2.21105,2.21154,1.05,1.05
2011.03.07 09:14:23.047,2.21108,2.21158,1.05,1.05
2011.03.07 09:14:23.157,2.21112,2.21161,1.05,1.05
2011.03.07 09:14:25.568,2.21107,2.21159,1.05,1.05
2011.03.07 09:14:26.177,2.21104,2.21158,1.05,1.05
2011.03.07 09:14:26.758,2.21101,2.21158,1.05,1.05
2011.03.07 09:14:26.992,2.21097,2.21156,1.05,1.05
2011.03.07 09:14:28.187,2.21094,2.2115,1.05,1.05
2011.03.07 09:14:28.518,2.2109,2.21139,1.05,1.05
2011.03.07 09:14:28.754,2.21103,2.21154,1.05,1.05
2011.03.07 09:14:29.877,2.21099,2.2115,1.05,1.05
2011.03.07 09:14:29.988,2.21094,2.2115,1.05,1.05
2011.03.07 09:14:30.207,2.21095,2.21144,1.05,1.05
2011.03.07 09:14:30.537,2.21097,2.21146,1.05,1.05
2011.03.07 09:14:30.977,2.21099,2.2115,1.05,1.05
2011.03.07 09:14:31.437,2.21097,2.21146,1.05,1.05
2011.03.07 09:14:31.877,2.21099,2.2115,1.05,1.05
2011.03.07 09:14:32.097,2.21097,2.21146,1.05,1.05
2011.03.07 09:14:32.206,2.21097,2.21148,1.05,1.05
2011.03.07 09:14:34.337,2.21096,2.21147,1.05,1.05
2011.03.07 09:14:34.957,2.21097,2.21146,1.05,1.05
2011.03.07 09:14:35.508,2.21097,2.21148,1.05,1.05
2011.03.07 09:14:35.727,2.21097,2.21146,1.05,1.05
2011.03.07 09:14:35.948,2.21097,2.21148,1.05,1.05
2011.03.07 09:14:36.517,2.21096,2.21147,1.05,1.05
2011.03.07 09:14:36.957,2.21095,2.21144,1.05,1.05
2011.03.07 09:14:41.847,2.21097,2.21146,1.05,1.05
2011.03.07 09:14:42.397,2.21096,2.21147,1.05,1.05
2011.03.07 09:14:42.986,2.21097,2.21146,1.05,1.05
2011.03.07 09:14:43.978,2.21097,2.21148,1.05,1.05
2011.03.07 09:14:44.088,2.21097,2.21146,1.05,1.05
2011.03.07 09:14:44.198,2.21097,2.21148,1.05,1.05
2011.03.07 09:14:44.308,2.21095,2.21144,1.05,1.05
2011.03.07 09:14:45.923,2.21089,2.2114,1.05,1.05
2011.03.07 09:14:46.147,2.21081,2.21136,1.05,1.05
2011.03.07 09:14:47.757,2.21082,2.21143,1.05,1.05
2011.03.07 09:14:48.488,2.21094,2.21145,1.05,1.05
2011.03.07 09:14:50.048,2.21089,2.2114,1.05,1.05
2011.03.07 09:14:50.378,2.21081,2.21135,1.05,1.05
2011.03.07 09:14:51.005,2.21082,2.21135,1.05,1.05
2011.03.07 09:14:52.410,2.21082,2.21134,1.05,1.05
2011.03.07 09:14:52.627,2.21081,2.21136,1.05,1.05
2011.03.07 09:14:53.060,2.21082,2.21134,1.05,1.05
2011.03.07 09:14:53.497,2.2109,2.21139,1.05,1.05
2011.03.07 09:14:55.468,2.21095,2.21144,1.05,1.05
2011.03.07 09:14:58.578,2.21094,2.21145,1.05,1.05
2011.03.07 09:15:00.187,2.21093,2.21144,1.05,1.05
2011.03.07 09:15:00.805,2.21095,2.21144,1.05,1.05
2011.03.07 09:15:01.968,2.21094,2.21143,1.05,1.05
2011.03.07 09:15:02.918,2.21095,2.21144,1.05,1.05
2011.03.07 09:15:06.247,2.2109,2.21139,1.05,1.05
2011.03.07 09:15:08.197,2.21081,2.21136,1.05,1.05
2011.03.07 09:15:08.598,2.21089,2.2114,1.05,1.05
2011.03.07 09:15:16.907,2.21094,2.21145,1.05,1.05
2011.03.07 09:15:19.908,2.21089,2.21138,1.05,1.05
2011.03.07 09:15:20.018,2.21081,2.21131,1.05,1.05
2011.03.07 09:15:34.427,2.21076,2.21127,1.05,1.05
2011.03.07 09:15:34.538,2.21081,2.21131,1.05,1.05
2011.03.07 09:15:36.187,2.21077,2.21129,1.05,1.05
2011.03.07 09:15:37.417,2.21073,2.21124,1.05,1.05
2011.03.07 09:15:40.217,2.21071,2.2112,1.05,1.05
2011.03.07 09:15:40.394,2.21059,2.21119,1.24,1.05
2011.03.07 09:15:40.618,2.21066,2.21115,1.05,1.05
2011.03.07 09:15:40.838,2.21064,2.21115,1.05,1.05
2011.03.07 09:15:41.059,2.21066,2.21115,1.05,1.05
2011.03.07 09:15:41.437,2.21066,2.21117,1.05,1.05
2011.03.07 09:15:41.688,2.21068,2.21118,1.05,1.05
2011.03.07 09:15:42.018,2.21066,2.21117,1.05,1.05
2011.03.07 09:15:42.127,2.21066,2.21115,1.05,1.05
2011.03.07 09:15:42.593,2.21066,2.21117,1.05,1.05
2011.03.07 09:15:42.920,2.21066,2.21117,1.05,1.24
2011.03.07 09:15:43.138,2.21051,2.21102,1.05,1.05
2011.03.07 09:15:43.583,2.21051,2.211,1.05,1.05
2011.03.07 09:15:44.129,2.2105,2.21099,1.05,1.05
2011.03.07 09:15:44.737,2.21043,2.21094,1.05,1.05
2011.03.07 09:15:45.577,2.21028,2.21079,1.05,1.05
2011.03.07 09:15:50.459,2.21028,2.21079,1.05,1.24
2011.03.07 09:15:50.569,2.21021,2.21071,1.05,1.05
2011.03.07 09:15:50.680,2.20973,2.21056,1.99,1.05
2011.03.07 09:15:50.902,2.20999,2.2106,1.05,1.24
2011.03.07 09:15:51.440,2.20999,2.2106,1.05,1.05
2011.03.07 09:15:56.627,2.20999,2.21058,1.05,1.05
2011.03.07 09:15:57.617,2.20997,2.21058,1.05,1.05
2011.03.07 09:15:58.167,2.20998,2.21059,1.05,1.05
2011.03.07 09:15:58.277,2.20996,2.21057,1.05,1.05
2011.03.07 09:15:58.637,2.20999,2.21058,1.05,1.05
2011.03.07 09:15:58.746,2.20996,2.21057,1.05,1.05
2011.03.07 09:15:59.268,2.20997,2.21056,1.05,1.05
2011.03.07 09:15:59.837,2.20998,2.21061,1.05,1.05
2011.03.07 09:16:01.239,2.20992,2.21059,1.05,1.05
2011.03.07 09:16:01.677,2.20985,2.21047,1.05,1.05
2011.03.07 09:16:06.510,2.20978,2.21027,1.05,1.05
2011.03.07 09:16:07.398,2.20988,2.21037,1.05,1.05
2011.03.07 09:16:07.618,2.20979,2.2104,1.05,1.05
2011.03.07 09:16:09.427,2.20984,2.21041,1.05,1.05
2011.03.07 09:16:10.057,2.2098,2.21031,1.05,1.05
2011.03.07 09:16:11.668,2.20978,2.21027,1.05,1.05
2011.03.07 09:16:13.689,2.20981,2.2103,1.05,1.05
2011.03.07 09:16:15.638,2.20977,2.21028,1.05,1.05
2011.03.07 09:16:15.968,2.20971,2.21027,1.05,1.05
2011.03.07 09:16:16.187,2.20974,2.21027,1.05,1.05
2011.03.07 09:16:16.408,2.20971,2.21026,1.05,1.05
2011.03.07 09:16:16.518,2.20973,2.21028,1.05,1.05
2011.03.07 09:16:16.877,2.20977,2.21028,1.05,1.05
2011.03.07 09:16:20.448,2.20974,2.21027,1.05,1.05
2011.03.07 09:16:21.378,2.20977,2.21028,1.05,1.05
2011.03.07 09:16:23.987,2.20974,2.21027,1.05,1.05
2011.03.07 09:16:24.427,2.20978,2.21027,1.05,1.05
2011.03.07 09:16:27.248,2.20981,2.2103,1.05,1.05
2011.03.07 09:16:31.467,2.2099,2.21038,1.05,1.05
2011.03.07 09:16:31.798,2.20978,2.21027,1.05,1.05
2011.03.07 09:16:41.419,2.2098,2.21039,1.05,1.05
2011.03.07 09:16:41.528,2.20972,2.21023,1.05,1.05
2011.03.07 09:16:41.858,2.20978,2.21027,1.05,1.05
2011.03.07 09:16:42.658,2.20978,2.21019,1.05,1.32
2011.03.07 09:16:42.877,2.20917,2.21019,1.05,1.32
2011.03.07 09:16:43.398,2.20906,2.20965,1.05,1.05
2011.03.07 09:16:50.567,2.20918,2.20967,1.05,1.05
2011.03.07 09:17:01.729,2.20926,2.20974,1.05,1.05
2011.03.07 09:17:02.058,2.20918,2.20967,1.05,1.05
2011.03.07 09:17:04.768,2.20903,2.20952,1.05,1.05
2011.03.07 09:17:07.063,2.20903,2.20952,1.24,1.05
2011.03.07 09:17:07.499,2.20918,2.20967,1.05,1.05
2011.03.07 09:17:09.219,2.20919,2.20968,1.05,1.05
2011.03.07 09:17:10.737,2.20917,2.20968,1.05,1.05
2011.03.07 09:17:14.428,2.20922,2.2097,1.05,1.05
2011.03.07 09:17:14.759,2.20922,2.2097,1.05,1.24
2011.03.07 09:17:15.030,2.20906,2.20956,1.05,1.05
2011.03.07 09:17:18.757,2.2091,2.2096,1.05,1.05
2011.03.07 09:17:21.549,2.20907,2.20955,1.05,1.05
2011.03.07 09:17:24.367,2.20907,2.20958,1.05,1.05
2011.03.07 09:17:24.587,2.20907,2.20955,1.05,1.05
2011.03.07 09:17:39.727,2.20904,2.20965,1.05,1.05
2011.03.07 09:17:39.837,2.20903,2.20952,1.05,1.05
2011.03.07 09:17:47.268,2.20911,2.20959,1.05,1.05
2011.03.07 09:17:49.397,2.20911,2.20959,1.05,1.99
2011.03.07 09:17:49.508,2.20896,2.20944,1.05,1.05
2011.03.07 09:17:49.837,2.20874,2.20933,1.05,1.05
2011.03.07 09:17:51.398,2.2088,2.2094,1.05,1.05
2011.03.07 09:17:51.728,2.20888,2.20947,1.05,1.05
2011.03.07 09:17:51.838,2.20879,2.20941,1.05,1.05
2011.03.07 09:17:55.338,2.20879,2.20941,1.05,1.24
2011.03.07 09:17:55.919,2.20853,2.20936,1.05,1.24
2011.03.07 09:18:13.618,2.20861,2.20943,1.05,1.05
2011.03.07 09:18:14.137,2.20853,2.20936,1.05,1.05
2011.03.07 09:18:14.998,2.20862,2.20942,1.05,1.05
2011.03.07 09:18:27.438,2.20864,2.20946,1.05,1.05
2011.03.07 09:18:27.657,2.20869,2.20953,1.05,1.05
2011.03.07 09:18:37.857,2.20862,2.20945,1.05,1.05
2011.03.07 09:18:38.188,2.2087,2.20952,1.05,1.05
2011.03.07 09:18:39.519,2.2082,2.20943,1.24,1.05
2011.03.07 09:18:39.738,2.20844,2.20948,1.05,1.05
2011.03.07 09:18:39.959,2.2082,2.20943,1.24,1.05
2011.03.07 09:18:40.179,2.2082,2.20943,1.05,1.05
2011.03.07 09:18:40.289,2.20845,2.20947,1.05,1.05
2011.03.07 09:18:40.508,2.20819,2.20944,1.05,1.05
2011.03.07 09:18:40.728,2.20844,2.20948,1.05,1.05
2011.03.07 09:18:40.948,2.2082,2.20943,1.05,1.05
2011.03.07 09:18:41.510,2.20821,2.20945,1.05,1.05
2011.03.07 09:18:41.838,2.20847,2.20949,1.05,1.05
2011.03.07 09:18:42.167,2.2082,2.20944,1.05,1.05
2011.03.07 09:18:42.277,2.20845,2.20948,1.05,1.05
2011.03.07 09:18:42.498,2.2082,2.20944,1.05,1.05
2011.03.07 09:18:42.938,2.20845,2.20948,1.05,1.05
2011.03.07 09:18:43.157,2.20821,2.20943,1.05,1.05
2011.03.07 09:18:43.379,2.20849,2.2095,1.05,1.05
2011.03.07 09:18:43.488,2.20845,2.20948,1.05,1.05
2011.03.07 09:18:43.708,2.20823,2.20945,1.05,1.05
2011.03.07 09:18:43.973,2.20848,2.20951,1.05,1.05
2011.03.07 09:18:44.299,2.20822,2.20946,1.05,1.05
2011.03.07 09:18:44.408,2.20849,2.2095,1.05,1.05
2011.03.07 09:18:44.519,2.20822,2.20946,1.05,1.05
2011.03.07 09:18:44.848,2.20848,2.20951,1.05,1.05
2011.03.07 09:18:45.179,2.20822,2.20946,1.05,1.05
2011.03.07 09:18:45.289,2.20821,2.20943,1.05,1.05
2011.03.07 09:18:45.617,2.20816,2.20917,1.20,1.05
2011.03.07 09:18:45.728,2.20816,2.20917,1.05,1.05
2011.03.07 09:18:45.837,2.20837,2.20896,1.05,1.05
2011.03.07 09:18:46.277,2.20811,2.20893,1.35,1.05
2011.03.07 09:18:46.388,2.20811,2.20893,1.05,1.05
2011.03.07 09:18:58.507,2.20812,2.20894,1.05,1.05
2011.03.07 09:19:00.138,2.20815,2.20897,1.05,1.05
2011.03.07 09:19:00.468,2.20812,2.20894,1.05,1.05
2011.03.07 09:19:00.830,2.20814,2.20895,1.05,1.05
2011.03.07 09:19:02.147,2.20812,2.20894,1.05,1.05
2011.03.07 09:19:03.177,2.20811,2.20893,1.05,1.05
2011.03.07 09:19:07.537,2.20812,2.20894,1.05,1.05
2011.03.07 09:19:07.868,2.20812,2.20892,1.05,1.05
2011.03.07 09:19:11.628,2.20816,2.20898,1.05,1.05
2011.03.07 09:19:13.558,2.20817,2.209,1.05,1.05
2011.03.07 09:19:14.190,2.2082,2.209,1.05,1.05
2011.03.07 09:19:14.629,2.20827,2.20907,1.05,1.05
2011.03.07 09:19:14.958,2.20832,2.20921,1.05,1.05
2011.03.07 09:19:15.178,2.20837,2.2092,1.05,1.05
2011.03.07 09:19:15.287,2.20833,2.20918,1.05,1.05
2011.03.07 09:19:17.699,2.20839,2.20921,1.05,1.05
2011.03.07 09:19:18.030,2.20825,2.20929,1.05,1.05
2011.03.07 09:19:18.969,2.20815,2.20918,1.05,1.05
2011.03.07 09:19:19.298,2.20812,2.20914,1.05,1.05
2011.03.07 09:19:19.628,2.2081,2.20913,1.05,1.05
2011.03.07 09:19:19.738,2.20807,2.20908,1.05,1.05
2011.03.07 09:19:19.958,2.20812,2.20914,1.05,1.05
2011.03.07 09:19:20.068,2.208,2.20913,1.05,1.05
2011.03.07 09:19:20.728,2.20812,2.20914,1.05,1.05
2011.03.07 09:19:22.690,2.20818,2.20921,1.05,1.05
2011.03.07 09:19:23.098,2.2082,2.20921,1.05,1.05
2011.03.07 09:19:23.488,2.2082,2.20921,1.05,1.35
2011.03.07 09:19:23.744,2.20825,2.20929,1.05,1.39
2011.03.07 09:19:24.327,2.20825,2.20929,1.05,1.39
2011.03.07 09:19:24.918,2.20825,2.20929,1.05,1.62
2011.03.07 09:19:25.248,2.20816,2.20878,1.05,1.05
2011.03.07 09:19:25.620,2.20808,2.20859,1.05,1.05
2011.03.07 09:19:25.839,2.20787,2.20847,1.05,1.05
2011.03.07 09:19:26.270,2.20788,2.20858,1.05,1.05
2011.03.07 09:19:26.378,2.20799,2.2086,1.05,1.05
2011.03.07 09:19:27.278,2.20807,2.20866,1.05,1.05
2011.03.07 09:19:27.888,2.20808,2.20867,1.05,1.05
2011.03.07 09:19:28.379,2.20811,2.2087,1.05,1.05
2011.03.07 09:19:28.708,2.20806,2.20867,1.28,1.05
2011.03.07 09:19:28.819,2.20815,2.2088,1.13,1.05
2011.03.07 09:19:29.148,2.20835,2.20895,1.05,1.05
2011.03.07 09:19:29.583,2.2082,2.20881,1.05,1.05
2011.03.07 09:19:29.799,2.20816,2.20886,1.05,1.05
2011.03.07 09:19:30.019,2.20808,2.20867,1.05,1.05
2011.03.07 09:19:30.348,2.20819,2.20878,1.05,1.05
2011.03.07 09:19:30.818,2.20813,2.20875,1.35,1.05
2011.03.07 09:19:31.038,2.20802,2.20876,1.20,1.05
2011.03.07 09:19:31.258,2.20813,2.20875,1.05,1.05
2011.03.07 09:19:31.848,2.20814,2.20879,1.05,1.05
2011.03.07 09:19:32.507,2.20813,2.20877,1.05,1.05
2011.03.07 09:19:32.822,2.20813,2.20877,1.20,1.05
2011.03.07 09:19:32.930,2.20815,2.20887,1.20,1.05
2011.03.07 09:19:34.319,2.20815,2.20887,1.05,1.05
2011.03.07 09:19:34.868,2.20817,2.20897,1.05,1.05
2011.03.07 09:19:35.088,2.2083,2.20899,1.05,1.05
2011.03.07 09:19:35.418,2.20841,2.20903,1.05,1.05
2011.03.07 09:19:35.748,2.20841,2.20901,1.05,1.05
2011.03.07 09:19:36.319,2.20848,2.20909,1.05,1.05
2011.03.07 09:19:36.718,2.2085,2.2091,1.05,1.05
2011.03.07 09:19:37.049,2.20855,2.20915,1.05,1.05
2011.03.07 09:19:37.158,2.20857,2.20926,1.05,1.05
2011.03.07 09:19:38.967,2.20857,2.20933,1.05,1.05
2011.03.07 09:19:39.638,2.20867,2.20929,1.05,1.05
2011.03.07 09:19:40.769,2.20868,2.20936,1.05,1.05
2011.03.07 09:19:41.098,2.2087,2.20939,1.05,1.05
2011.03.07 09:19:41.207,2.20868,2.20928,1.05,1.05
2011.03.07 09:19:43.129,2.20871,2.20932,1.05,1.05
2011.03.07 09:19:43.240,2.20873,2.20933,1.05,1.05
2011.03.07 09:19:43.623,2.20868,2.20928,1.05,1.05
2011.03.07 09:19:43.838,2.20866,2.20927,1.05,1.05
2011.03.07 09:19:43.949,2.20867,2.20929,1.05,1.05
2011.03.07 09:19:45.198,2.20867,2.20929,1.05,1.99
2011.03.07 09:19:45.308,2.20844,2.20896,1.05,1.05
2011.03.07 09:19:45.418,2.20844,2.20896,1.99,1.05
2011.03.07 09:19:45.639,2.2089,2.20939,1.05,1.05
2011.03.07 09:19:45.858,2.20867,2.20929,1.05,1.05
2011.03.07 09:19:47.518,2.20855,2.20926,1.24,1.05
2011.03.07 09:19:48.091,2.20856,2.20927,1.24,1.05
2011.03.07 09:19:48.199,2.20855,2.20924,1.05,1.24
2011.03.07 09:19:48.529,2.20854,2.20914,1.05,1.05
2011.03.07 09:19:48.860,2.20854,2.20916,1.05,1.05
2011.03.07 09:19:49.348,2.20856,2.20928,1.05,1.05
2011.03.07 09:19:49.679,2.20867,2.20929,1.05,1.05
2011.03.07 09:19:53.597,2.20867,2.20926,1.05,1.05
2011.03.07 09:19:54.321,2.20867,2.20929,1.05,1.05
2011.03.07 09:19:54.874,2.20867,2.20933,1.05,1.05
2011.03.07 09:19:55.500,2.20867,2.20934,1.05,1.05
2011.03.07 09:19:55.939,2.20862,2.20928,1.05,1.05
2011.03.07 09:19:59.339,2.20862,2.20936,1.05,1.20
2011.03.07 09:19:59.669,2.20863,2.20927,1.05,1.20
2011.03.07 09:19:59.889,2.20868,2.20928,1.05,1.05
2011.03.07 09:20:00.669,2.20869,2.2094,1.05,1.05
2011.03.07 09:20:01.000,2.20858,2.20944,1.05,1.05
2011.03.07 09:20:01.219,2.20868,2.20928,1.05,1.05
2011.03.07 09:20:01.438,2.20857,2.20926,1.05,1.05
2011.03.07 09:20:01.820,2.20861,2.20927,1.05,1.05
2011.03.07 09:20:02.149,2.20868,2.20928,1.05,1.05
2011.03.07 09:20:06.321,2.2087,2.2094,1.05,1.35
2011.03.07 09:20:06.647,2.20868,2.20928,1.05,1.05
2011.03.07 09:20:07.157,2.20868,2.20928,1.05,1.35
2011.03.07 09:20:07.268,2.20868,2.20928,1.05,1.05
2011.03.07 09:20:07.910,2.20869,2.20941,1.05,1.05
2011.03.07 09:20:08.128,2.20882,2.20942,1.05,1.05
2011.03.07 09:20:08.969,2.20888,2.20969,1.05,1.24
2011.03.07 09:20:09.078,2.20919,2.20969,1.05,1.24
2011.03.07 09:20:09.299,2.20895,2.20955,1.05,1.05
2011.03.07 09:20:09.660,2.20906,2.20965,1.05,1.39
2011.03.07 09:20:09.768,2.20902,2.20961,1.05,1.24
2011.03.07 09:20:09.878,2.20894,2.20956,1.05,1.05
2011.03.07 09:20:10.648,2.20895,2.20955,1.05,1.05
2011.03.07 09:20:10.786,2.20895,2.20955,1.05,1.13
2011.03.07 09:20:11.619,2.20903,2.20969,1.05,1.24
2011.03.07 09:20:11.838,2.20889,2.2095,1.05,1.05
2011.03.07 09:20:12.168,2.20875,2.20936,1.05,1.05
2011.03.07 09:20:12.719,2.20882,2.20933,1.05,1.05
2011.03.07 09:20:13.048,2.20868,2.20917,1.05,1.05
2011.03.07 09:20:13.158,2.20872,2.20924,1.05,1.24
2011.03.07 09:20:13.377,2.20885,2.20934,1.05,1.99
2011.03.07 09:20:13.597,2.20873,2.20923,1.05,1.24
2011.03.07 09:20:13.817,2.20871,2.20922,1.05,1.24
2011.03.07 09:20:13.928,2.20871,2.20919,1.05,1.05
2011.03.07 09:20:14.158,2.20872,2.20921,1.05,1.05
2011.03.07 09:20:14.599,2.20872,2.20921,1.05,1.99
2011.03.07 09:20:14.708,2.20868,2.20917,1.05,1.99
2011.03.07 09:20:14.817,2.20855,2.20905,1.05,1.24
2011.03.07 09:20:14.928,2.20853,2.20917,1.05,1.99
2011.03.07 09:20:15.148,2.20853,2.20917,1.24,1.05
2011.03.07 09:20:15.259,2.20862,2.20921,1.05,1.24
2011.03.07 09:20:15.589,2.20873,2.20923,1.05,1.99
2011.03.07 09:20:16.245,2.20863,2.20921,1.05,1.24
2011.03.07 09:20:16.360,2.20854,2.20903,1.05,1.05
2011.03.07 09:20:17.149,2.20852,2.20932,1.05,1.09
2011.03.07 09:20:17.478,2.20862,2.20918,1.05,1.05
2011.03.07 09:20:17.809,2.20864,2.20912,1.05,1.05
2011.03.07 09:20:18.027,2.20869,2.20918,1.05,1.05
2011.03.07 09:20:18.689,2.20895,2.20946,1.05,1.24
2011.03.07 09:20:18.908,2.20861,2.2091,1.05,1.05
2011.03.07 09:20:20.008,2.20866,2.20933,1.05,1.24
2011.03.07 09:20:20.118,2.20876,2.20934,1.05,1.24
2011.03.07 09:20:20.448,2.20872,2.20922,1.05,1.05
2011.03.07 09:20:21.479,2.20881,2.2093,1.05,1.05
2011.03.07 09:20:21.808,2.20875,2.20923,1.05,1.05
2011.03.07 09:20:21.918,2.20879,2.20934,1.05,1.24
2011.03.07 09:20:22.250,2.20881,2.20934,1.05,1.24
2011.03.07 09:20:22.549,2.20879,2.20934,1.05,1.24
2011.03.07 09:20:23.053,2.20878,2.20935,1.05,1.24
2011.03.07 09:20:23.689,2.20872,2.20929,1.05,1.05
2011.03.07 09:20:23.909,2.20857,2.20914,1.05,1.05
2011.03.07 09:20:24.128,2.20853,2.20912,1.05,1.05
2011.03.07 09:20:24.460,2.2087,2.20921,1.05,1.05
2011.03.07 09:20:24.568,2.20858,2.20928,1.05,1.05
2011.03.07 09:20:24.789,2.20864,2.20913,1.05,1.05
2011.03.07 09:20:25.188,2.20873,2.20921,1.05,1.05
2011.03.07 09:20:25.728,2.20865,2.20915,1.05,1.05
2011.03.07 09:20:25.948,2.20871,2.20921,1.05,1.05
2011.03.07 09:20:26.348,2.20879,2.20927,1.05,1.05
2011.03.07 09:20:26.679,2.20872,2.20923,1.05,1.05
2011.03.07 09:20:26.788,2.20872,2.2092,1.05,1.05
2011.03.07 09:20:29.538,2.20879,2.20941,1.05,1.99
2011.03.07 09:20:29.869,2.20871,2.2092,1.05,1.05
2011.03.07 09:20:30.308,2.20872,2.20923,1.05,1.05
2011.03.07 09:20:30.809,2.20878,2.20928,1.05,1.05
2011.03.07 09:20:31.428,2.2088,2.20929,1.05,1.05
2011.03.07 09:20:32.238,2.20877,2.20926,1.05,1.05
2011.03.07 09:20:32.568,2.20878,2.2094,1.05,1.99
2011.03.07 09:20:32.787,2.20878,2.20928,1.05,1.05
2011.03.07 09:20:33.369,2.20871,2.2092,1.05,1.05
2011.03.07 09:20:35.860,2.20879,2.20943,1.05,1.99
2011.03.07 09:20:35.970,2.2087,2.20926,1.05,1.05
2011.03.07 09:20:36.348,2.20879,2.20927,1.05,1.05
2011.03.07 09:20:38.188,2.20879,2.20943,1.05,1.99
2011.03.07 09:20:38.628,2.20878,2.20928,1.05,1.05
2011.03.07 09:20:40.840,2.20886,2.20947,1.05,1.05
2011.03.07 09:20:41.169,2.20898,2.20947,1.05,1.24
2011.03.07 09:20:41.789,2.20892,2.20941,1.05,1.05
2011.03.07 09:20:42.248,2.20892,2.20941,1.05,1.99
2011.03.07 09:20:42.358,2.20883,2.20935,1.05,1.24
2011.03.07 09:20:43.200,2.20888,2.20937,1.05,1.24
2011.03.07 09:20:43.639,2.20892,2.20941,1.05,1.99
2011.03.07 09:20:44.043,2.20902,2.2095,1.05,1.24
2011.03.07 09:20:44.867,2.20903,2.20952,1.05,1.99
2011.03.07 09:20:45.987,2.20899,2.2095,1.05,1.24
2011.03.07 09:20:46.297,2.20907,2.20956,1.05,1.99
2011.03.07 09:20:46.519,2.20898,2.2095,1.05,1.24
2011.03.07 09:20:46.628,2.20901,2.20951,1.05,1.24
2011.03.07 09:20:46.959,2.20901,2.20951,1.05,1.05
2011.03.07 09:20:47.069,2.20906,2.2097,1.05,1.24
2011.03.07 09:20:47.180,2.20915,2.20964,1.05,1.05
2011.03.07 09:20:48.030,2.20921,2.20983,1.05,1.24
2011.03.07 09:20:50.038,2.2094,2.20991,1.05,1.24
2011.03.07 09:20:50.639,2.20933,2.20981,1.05,1.05
2011.03.07 09:20:50.750,2.20934,2.20983,1.05,1.05
2011.03.07 09:20:51.189,2.20946,2.20995,1.05,1.99
2011.03.07 09:20:51.518,2.20934,2.20996,1.05,1.99
2011.03.07 09:20:51.628,2.2092,2.2098,1.05,1.99
2011.03.07 09:20:52.220,2.20919,2.20983,1.05,1.99
2011.03.07 09:20:52.440,2.20919,2.20983,1.05,1.05
2011.03.07 09:20:52.768,2.20936,2.20987,1.05,1.05
2011.03.07 09:20:53.099,2.2094,2.20991,1.05,1.05
2011.03.07 09:20:54.309,2.20942,2.20991,1.05,1.05
2011.03.07 09:20:55.093,2.20945,2.20996,1.05,1.24
2011.03.07 09:20:55.538,2.20948,2.20999,1.05,1.24
2011.03.07 09:20:55.758,2.20941,2.20992,1.05,1.05
2011.03.07 09:20:56.218,2.2094,2.20988,1.05,1.05
2011.03.07 09:20:56.549,2.20941,2.20992,1.05,1.05
2011.03.07 09:20:56.659,2.20947,2.20997,1.05,1.24
2011.03.07 09:20:56.989,2.2095,2.20999,1.05,1.24
2011.03.07 09:20:57.208,2.20945,2.20996,1.05,1.24
2011.03.07 09:20:57.318,2.20947,2.20997,1.05,1.24
2011.03.07 09:20:58.098,2.20945,2.20996,1.05,1.24
2011.03.07 09:20:58.349,2.20952,2.21,1.05,1.24
2011.03.07 09:20:59.067,2.20951,2.21001,1.05,1.24
2011.03.07 09:21:00.730,2.20946,2.20995,1.05,1.24
2011.03.07 09:21:00.838,2.20933,2.20981,1.05,1.05
2011.03.07 09:21:01.719,2.20926,2.20977,1.05,1.05
2011.03.07 09:21:01.828,2.20921,2.20969,1.05,1.05
2011.03.07 09:21:02.169,2.20919,2.20968,1.05,1.99
2011.03.07 09:21:02.278,2.20907,2.20956,1.05,1.05
2011.03.07 09:21:02.499,2.20905,2.20955,1.05,1.99
2011.03.07 09:21:02.608,2.20898,2.20947,1.05,1.99
2011.03.07 09:21:02.721,2.20851,2.209,1.65,1.05
2011.03.07 09:21:02.830,2.20842,2.20888,1.24,1.05
2011.03.07 09:21:03.089,2.20867,2.20918,1.05,1.05
2011.03.07 09:21:03.200,2.20881,2.20943,1.05,1.24
2011.03.07 09:21:03.527,2.20895,2.21,1.05,1.50
2011.03.07 09:21:03.638,2.20895,2.21017,1.05,1.05
2011.03.07 09:21:03.747,2.20883,2.21015,1.05,1.05
2011.03.07 09:21:04.029,2.20902,2.21024,1.05,1.05
2011.03.07 09:21:04.358,2.2091,2.21032,1.05,1.05
2011.03.07 09:21:04.469,2.2091,2.21034,1.05,1.05
2011.03.07 09:21:04.689,2.20921,2.21045,1.05,1.05
2011.03.07 09:21:05.019,2.20941,2.21042,1.05,1.05
2011.03.07 09:21:05.348,2.20962,2.21021,1.05,1.05
2011.03.07 09:21:06.828,2.20969,2.2103,1.05,1.05
2011.03.07 09:21:07.851,2.20969,2.21031,1.05,1.05
2011.03.07 09:21:08.085,2.20956,2.21015,1.05,1.05
2011.03.07 09:21:08.419,2.20951,2.2101,1.05,1.05
2011.03.07 09:21:08.529,2.20955,2.21016,1.05,1.05
2011.03.07 09:21:08.968,2.20968,2.21031,1.05,1.05
2011.03.07 09:21:09.298,2.20962,2.21023,1.05,1.05
2011.03.07 09:21:09.759,2.20958,2.21019,1.05,1.05
2011.03.07 09:21:10.365,2.20959,2.21018,1.05,1.05
2011.03.07 09:21:10.588,2.20979,2.2105,1.05,1.99
2011.03.07 09:21:10.698,2.2099,2.21052,1.05,1.05
2011.03.07 09:21:10.808,2.20971,2.21042,1.05,1.05
2011.03.07 09:21:11.028,2.20983,2.21045,1.05,1.05
2011.03.07 09:21:11.359,2.20969,2.21031,1.05,1.05
2011.03.07 09:21:11.808,2.20954,2.21015,1.05,1.05
2011.03.07 09:21:12.349,2.20954,2.21013,1.05,1.05
2011.03.07 09:21:12.728,2.20945,2.20994,1.24,1.05
2011.03.07 09:21:12.950,2.20961,2.21012,1.05,1.05
2011.03.07 09:21:13.059,2.20937,2.21019,1.05,1.05
2011.03.07 09:21:13.499,2.20933,2.21015,1.05,1.05
2011.03.07 09:21:13.828,2.20958,2.21019,1.05,1.05
2011.03.07 09:21:14.160,2.2097,2.21041,1.05,1.05
2011.03.07 09:21:14.268,2.20972,2.21042,1.05,1.05
2011.03.07 09:21:14.818,2.20973,2.21042,1.05,1.05
2011.03.07 09:21:15.489,2.20972,2.21042,1.05,1.05
2011.03.07 09:21:16.170,2.20971,2.21043,1.05,1.05
2011.03.07 09:21:16.500,2.20972,2.21035,1.05,1.05
2011.03.07 09:21:17.058,2.2097,2.21036,1.05,1.05
2011.03.07 09:21:17.588,2.20979,2.21039,1.05,1.05
2011.03.07 09:21:17.808,2.20983,2.21045,1.05,1.05
2011.03.07 09:21:18.298,2.20962,2.21023,1.05,1.05
2011.03.07 09:21:19.088,2.2097,2.2103,1.05,1.05
2011.03.07 09:21:21.127,2.20949,2.21009,1.05,1.05
2011.03.07 09:21:23.398,2.20956,2.21017,1.05,1.05
2011.03.07 09:21:24.559,2.20954,2.21013,1.05,1.05
2011.03.07 09:21:24.998,2.20955,2.21018,1.05,1.05
2011.03.07 09:21:25.769,2.20957,2.21018,1.05,1.05
2011.03.07 09:21:25.881,2.20955,2.21018,1.05,1.05
2011.03.07 09:21:25.989,2.20958,2.21019,1.05,1.05
2011.03.07 09:21:26.318,2.20956,2.21017,1.05,1.05
2011.03.07 09:21:27.317,2.2095,2.21011,1.05,1.05
2011.03.07 09:21:28.528,2.20954,2.21035,1.05,1.05
2011.03.07 09:21:28.638,2.20966,2.21036,1.05,1.05
2011.03.07 09:21:33.349,2.20966,2.21037,1.05,1.05
2011.03.07 09:21:33.911,2.20965,2.21037,1.05,1.05
2011.03.07 09:21:34.239,2.20956,2.21017,1.05,1.05
2011.03.07 09:21:35.450,2.20964,2.21037,1.05,1.05
2011.03.07 09:21:35.669,2.20977,2.21039,1.05,1.05
2011.03.07 09:21:36.490,2.2097,2.21031,1.05,1.05
2011.03.07 09:21:40.169,2.20945,2.21006,1.05,1.05
2011.03.07 09:21:41.389,2.20948,2.21009,1.05,1.05
2011.03.07 09:21:41.499,2.20942,2.21023,1.05,1.24
2011.03.07 09:21:41.831,2.20942,2.21004,1.05,1.05
2011.03.07 09:21:42.159,2.20962,2.21024,1.05,1.05
2011.03.07 09:21:42.891,2.20963,2.21023,1.05,1.05
2011.03.07 09:21:44.128,2.20964,2.21025,1.05,1.05
2011.03.07 09:21:44.349,2.20967,2.21026,1.05,1.05
2011.03.07 09:21:46.447,2.20968,2.21027,1.05,1.05
2011.03.07 09:21:47.158,2.20941,2.21024,1.05,1.05
2011.03.07 09:21:47.598,2.20938,2.20997,1.05,1.05
2011.03.07 09:21:47.818,2.20918,2.20998,1.13,1.05
2011.03.07 09:21:48.368,2.20919,2.20999,1.05,1.05
2011.03.07 09:21:49.029,2.20915,2.21009,1.13,1.05
2011.03.07 09:21:49.468,2.20919,2.20999,1.05,1.05
2011.03.07 09:21:49.798,2.20906,2.20986,1.20,1.05
2011.03.07 09:21:50.537,2.20904,2.20985,1.20,1.05
2011.03.07 09:21:50.759,2.2091,2.20992,1.05,1.05
2011.03.07 09:21:51.199,2.20917,2.20999,1.05,1.05
2011.03.07 09:21:52.458,2.20917,2.20999,1.20,1.05
2011.03.07 09:21:54.688,2.20915,2.20995,1.20,1.05
2011.03.07 09:21:54.799,2.20917,2.20999,1.20,1.05
2011.03.07 09:21:55.129,2.20915,2.21018,1.05,1.99
2011.03.07 09:21:56.350,2.20916,2.2101,1.05,1.05
2011.03.07 09:21:56.568,2.2093,2.2101,1.05,1.05
2011.03.07 09:21:56.789,2.20916,2.2101,1.05,1.05
2011.03.07 09:21:57.998,2.20915,2.21009,1.05,1.05
2011.03.07 09:21:58.548,2.20914,2.21015,1.05,1.05
2011.03.07 09:21:58.658,2.20917,2.20999,1.05,1.05
2011.03.07 09:21:59.209,2.20918,2.21,1.05,1.05
2011.03.07 09:21:59.539,2.20921,2.21001,1.05,1.05
2011.03.07 09:21:59.789,2.20918,2.21,1.05,1.05
2011.03.07 09:22:02.150,2.20921,2.21001,1.05,1.05
2011.03.07 09:22:02.629,2.20914,2.20996,1.05,1.05
2011.03.07 09:22:03.521,2.20914,2.20996,1.05,1.05
2011.03.07 09:22:05.587,2.20919,2.20999,1.05,1.05
2011.03.07 09:22:07.568,2.2092,2.21002,1.05,1.13
2011.03.07 09:22:08.148,2.20921,2.21001,1.05,1.05
2011.03.07 09:22:08.648,2.20926,2.21009,1.05,1.05
2011.03.07 09:22:08.759,2.20931,2.21016,1.05,1.05
2011.03.07 09:22:08.979,2.2094,2.2102,1.05,1.05
2011.03.07 09:22:09.879,2.20948,2.21028,1.05,1.35
2011.03.07 09:22:10.208,2.20941,2.21021,1.05,1.35
2011.03.07 09:22:10.538,2.20941,2.21021,1.05,1.05
2011.03.07 09:22:10.650,2.20941,2.21021,1.05,1.35
2011.03.07 09:22:10.760,2.20941,2.21021,1.05,1.05
2011.03.07 09:22:10.869,2.20948,2.21028,1.05,1.35
2011.03.07 09:22:11.310,2.20925,2.21026,1.05,1.05
2011.03.07 09:22:11.529,2.20922,2.21026,1.05,1.05
2011.03.07 09:22:11.638,2.2095,2.21031,1.05,1.05
2011.03.07 09:22:11.749,2.20948,2.2103,1.05,1.05
2011.03.07 09:22:12.079,2.2095,2.21031,1.05,1.05
2011.03.07 09:22:12.410,2.20955,2.21037,1.05,1.05
2011.03.07 09:22:12.740,2.20955,2.21052,1.05,1.20
2011.03.07 09:22:12.960,2.20955,2.21052,1.05,1.50
2011.03.07 09:22:13.069,2.20955,2.21052,1.05,1.13
2011.03.07 09:22:13.291,2.20947,2.2103,1.05,1.05
2011.03.07 09:22:13.619,2.2095,2.21031,1.05,1.05
2011.03.07 09:22:14.016,2.20943,2.21025,1.05,1.05
2011.03.07 09:22:14.129,2.20939,2.21029,1.05,1.05
2011.03.07 09:22:14.349,2.20941,2.21023,1.05,1.05
2011.03.07 09:22:14.791,2.20943,2.21025,1.05,1.05
2011.03.07 09:22:15.010,2.20943,2.21038,1.05,1.20
2011.03.07 09:22:15.120,2.20951,2.21033,1.05,1.13
2011.03.07 09:22:15.448,2.20944,2.21026,1.05,1.05
2011.03.07 09:22:16.330,2.20946,2.21027,1.05,1.05
2011.03.07 09:22:16.675,2.2094,2.2102,1.05,1.05
2011.03.07 09:22:17.009,2.20944,2.21024,1.05,1.05
2011.03.07 09:22:17.119,2.20927,2.21027,1.24,1.05
2011.03.07 09:22:17.416,2.20927,2.21027,1.05,1.65
2011.03.07 09:22:17.749,2.20916,2.20976,1.05,1.05
2011.03.07 09:22:17.969,2.20923,2.20984,1.05,1.05
2011.03.07 09:22:18.079,2.20916,2.20976,1.05,1.05
2011.03.07 09:22:18.299,2.20923,2.20984,1.05,1.05
2011.03.07 09:22:19.579,2.2092,2.20979,1.05,1.05
2011.03.07 09:22:20.878,2.20915,2.20977,1.05,1.05
2011.03.07 09:22:21.468,2.2092,2.20979,1.05,1.05
2011.03.07 09:22:21.731,2.20921,2.20982,1.05,1.05
2011.03.07 09:22:22.058,2.20915,2.20977,1.05,1.05
2011.03.07 09:22:22.169,2.20924,2.20983,1.05,1.05
2011.03.07 09:22:22.388,2.20916,2.20976,1.05,1.05
2011.03.07 09:22:22.720,2.2092,2.20979,1.05,1.05
2011.03.07 09:22:23.789,2.20916,2.20981,1.05,1.05
2011.03.07 09:22:24.578,2.20923,2.20984,1.05,1.05
2011.03.07 09:22:25.280,2.20929,2.21009,1.05,1.20
2011.03.07 09:22:29.689,2.20925,2.21005,1.05,1.05
2011.03.07 09:22:29.799,2.2092,2.21003,1.05,1.05
2011.03.07 09:22:30.131,2.20928,2.2101,1.05,1.05
2011.03.07 09:22:30.348,2.20922,2.21014,1.05,1.05
2011.03.07 09:22:30.679,2.20934,2.21015,1.05,1.05
2011.03.07 09:22:31.028,2.20936,2.21027,1.05,1.24
2011.03.07 09:22:33.168,2.20936,2.21027,1.05,1.99
2011.03.07 09:22:33.501,2.20915,2.20995,1.05,1.05
2011.03.07 09:22:33.719,2.20909,2.20991,1.05,1.05
2011.03.07 09:22:33.829,2.20913,2.20995,1.05,1.05
2011.03.07 09:22:34.188,2.20909,2.20991,1.05,1.05
2011.03.07 09:22:34.698,2.20913,2.21001,1.05,1.05
2011.03.07 09:22:35.176,2.2091,2.2099,1.05,1.05
2011.03.07 09:22:36.318,2.20919,2.20999,1.05,1.05
2011.03.07 09:22:36.651,2.2093,2.2101,1.05,1.05
2011.03.07 09:22:37.889,2.2093,2.21013,1.05,1.24
2011.03.07 09:22:38.469,2.2093,2.2101,1.05,1.05
2011.03.07 09:22:38.578,2.20924,2.21006,1.05,1.05
2011.03.07 09:22:38.688,2.20927,2.21008,1.05,1.05
2011.03.07 09:22:39.018,2.20929,2.21009,1.05,1.05
2011.03.07 09:22:39.805,2.2093,2.2101,1.05,1.05
2011.03.07 09:22:40.248,2.20928,2.2101,1.05,1.05
2011.03.07 09:22:41.748,2.20925,2.21005,1.05,1.05
2011.03.07 09:22:42.477,2.20928,2.2101,1.05,1.05
2011.03.07 09:22:43.028,2.20925,2.21005,1.05,1.05
2011.03.07 09:22:43.357,2.20929,2.21009,1.05,1.05
2011.03.07 09:22:43.688,2.2093,2.21015,1.05,1.32
2011.03.07 09:22:43.957,2.20937,2.21019,1.05,1.39
2011.03.07 09:22:44.075,2.20937,2.21019,1.05,1.05
2011.03.07 09:22:44.191,2.20942,2.21028,1.05,1.20
2011.03.07 09:22:44.519,2.20938,2.21018,1.05,1.05
2011.03.07 09:22:45.409,2.20934,2.21015,1.05,1.05
2011.03.07 09:22:45.519,2.20932,2.21016,1.05,1.05
2011.03.07 09:22:45.959,2.20932,2.21016,1.05,1.99
2011.03.07 09:22:46.068,2.20921,2.21001,1.05,1.24
2011.03.07 09:22:47.535,2.20913,2.20995,1.05,1.05
2011.03.07 09:22:48.849,2.20913,2.20993,1.05,1.05
2011.03.07 09:22:49.369,2.20914,2.20996,1.05,1.05
2011.03.07 09:22:49.828,2.20916,2.20998,1.05,1.05
2011.03.07 09:22:50.159,2.20915,2.20995,1.05,1.05
2011.03.07 09:22:50.488,2.20921,2.21001,1.05,1.24
2011.03.07 09:22:50.707,2.20916,2.20998,1.05,1.05
2011.03.07 09:22:51.469,2.20915,2.21011,1.05,2.29
2011.03.07 09:22:51.758,2.20921,2.21001,1.05,1.24
2011.03.07 09:22:52.198,2.20915,2.21011,1.05,2.14
2011.03.07 09:22:52.308,2.2092,2.21002,1.05,1.24
2011.03.07 09:22:52.528,2.20915,2.21009,1.05,1.39
2011.03.07 09:22:52.748,2.2092,2.21002,1.05,1.24
2011.03.07 09:22:53.078,2.20915,2.21011,1.05,2.14
2011.03.07 09:22:53.189,2.20921,2.21001,1.05,1.24
2011.03.07 09:22:53.528,2.20915,2.21011,1.05,2.14
2011.03.07 09:22:53.968,2.20921,2.21001,1.05,1.24
2011.03.07 09:22:54.079,2.20915,2.21009,1.05,1.39
2011.03.07 09:22:54.188,2.20919,2.20999,1.05,1.05
2011.03.07 09:22:54.408,2.20913,2.20995,1.05,1.05
2011.03.07 09:22:54.628,2.20913,2.20993,1.05,1.05
2011.03.07 09:22:56.440,2.20915,2.20995,1.05,1.05
2011.03.07 09:22:57.235,2.20915,2.20995,1.05,1.20
2011.03.07 09:22:57.349,2.20915,2.20995,1.05,1.05
2011.03.07 09:22:58.228,2.20916,2.20998,1.05,1.05
2011.03.07 09:22:59.128,2.20917,2.20999,1.05,1.05
2011.03.07 09:23:00.332,2.20914,2.20996,1.05,1.05
2011.03.07 09:23:00.441,2.20914,2.21011,1.05,1.24
2011.03.07 09:23:00.880,2.2092,2.21002,1.05,1.39
2011.03.07 09:23:00.990,2.20914,2.21012,1.05,1.02
2011.03.07 09:23:01.428,2.20919,2.20999,1.05,1.05
2011.03.07 09:23:01.623,2.2092,2.21002,1.05,1.24
2011.03.07 09:23:02.388,2.20918,2.21,1.05,1.05
2011.03.07 09:23:02.498,2.20921,2.21001,1.05,1.24
2011.03.07 09:23:02.809,2.20919,2.20999,1.05,1.05
2011.03.07 09:23:07.228,2.20918,2.20998,1.05,1.05
2011.03.07 09:23:07.558,2.20921,2.21001,1.05,1.39
2011.03.07 09:23:08.010,2.20921,2.21001,1.05,1.24
2011.03.07 09:23:08.118,2.20915,2.20995,1.05,1.05
2011.03.07 09:23:08.619,2.20912,2.20994,1.05,1.05
2011.03.07 09:23:09.839,2.20915,2.20995,1.05,1.05
2011.03.07 09:23:10.698,2.20916,2.20998,1.05,1.05
2011.03.07 09:23:11.269,2.20901,2.21,1.05,1.05
2011.03.07 09:23:14.960,2.20901,2.21,1.05,1.65
2011.03.07 09:23:15.388,2.20901,2.20996,1.05,1.05
2011.03.07 09:23:15.499,2.20902,2.20998,1.05,1.05
2011.03.07 09:23:17.288,2.20901,2.20996,1.05,1.05
2011.03.07 09:23:17.638,2.20901,2.21,1.05,1.05
2011.03.07 09:23:18.448,2.20899,2.21006,1.05,1.39
2011.03.07 09:23:19.501,2.209,2.21001,1.05,1.24
2011.03.07 09:23:19.720,2.20901,2.20996,1.05,1.05
2011.03.07 09:23:20.093,2.20914,2.20996,1.05,1.05
2011.03.07 09:23:21.188,2.20914,2.20994,1.05,1.05
2011.03.07 09:23:21.690,2.20913,2.20993,1.05,1.05
2011.03.07 09:23:22.091,2.20918,2.20998,1.05,1.05
2011.03.07 09:23:22.855,2.20918,2.20998,1.05,1.35
2011.03.07 09:23:23.508,2.20918,2.20998,1.05,1.05
2011.03.07 09:23:24.609,2.20917,2.20999,1.05,1.05
2011.03.07 09:23:25.568,2.20915,2.20995,1.05,1.05
2011.03.07 09:23:26.063,2.20916,2.20998,1.05,1.05
2011.03.07 09:23:26.819,2.20916,2.20998,1.24,1.05
2011.03.07 09:23:27.041,2.20926,2.21014,1.05,1.13
2011.03.07 09:23:27.150,2.20926,2.21014,1.05,1.05
2011.03.07 09:23:27.761,2.20926,2.21014,1.05,1.20
2011.03.07 09:23:28.088,2.20929,2.21014,1.05,1.05
2011.03.07 09:23:28.199,2.20924,2.21014,1.05,1.20
2011.03.07 09:23:28.308,2.20931,2.21015,1.05,1.24
2011.03.07 09:23:28.717,2.2094,2.2102,1.05,1.24
2011.03.07 09:23:28.829,2.2093,2.21016,1.05,1.24
2011.03.07 09:23:30.330,2.20924,2.21014,1.05,1.05
2011.03.07 09:23:30.438,2.2093,2.21015,1.05,1.24
2011.03.07 09:23:30.768,2.20937,2.21019,1.05,1.24
2011.03.07 09:23:31.931,2.20935,2.21017,1.05,1.24
2011.03.07 09:23:32.258,2.20937,2.21019,1.05,1.24
2011.03.07 09:23:32.588,2.20939,2.21021,1.05,1.24
2011.03.07 09:23:32.918,2.20931,2.21015,1.05,1.24
2011.03.07 09:23:33.150,2.20937,2.21019,1.05,1.24
2011.03.07 09:23:33.635,2.20937,2.21019,1.05,1.05
2011.03.07 09:23:34.288,2.20941,2.21023,1.05,1.20
2011.03.07 09:23:34.618,2.20937,2.21019,1.05,1.05
2011.03.07 09:23:34.729,2.20931,2.21016,1.05,1.05
2011.03.07 09:23:34.839,2.20937,2.21017,1.05,1.05
2011.03.07 09:23:35.060,2.20929,2.21011,1.05,1.05
2011.03.07 09:23:35.389,2.20926,2.21009,1.05,1.05
2011.03.07 09:23:35.498,2.20928,2.2101,1.05,1.05
2011.03.07 09:23:37.241,2.20934,2.21014,1.05,1.05
2011.03.07 09:23:37.617,2.20934,2.21014,1.05,1.20
2011.03.07 09:23:38.025,2.20927,2.21013,1.05,1.05
2011.03.07 09:23:38.358,2.20929,2.21014,1.05,1.05
2011.03.07 09:23:38.908,2.20927,2.21013,1.05,1.05
2011.03.07 09:23:39.018,2.20928,2.2101,1.05,1.05
2011.03.07 09:23:39.332,2.20927,2.21008,1.05,1.05
2011.03.07 09:23:39.628,2.20928,2.2101,1.05,1.05
2011.03.07 09:23:39.738,2.20926,2.21009,1.05,1.05
2011.03.07 09:23:39.848,2.20926,2.21009,1.05,1.99
2011.03.07 09:23:40.288,2.20921,2.21001,1.05,1.24
2011.03.07 09:23:40.509,2.20926,2.21009,1.05,1.05
2011.03.07 09:23:40.729,2.2092,2.21002,1.05,1.05
2011.03.07 09:23:47.888,2.20918,2.21,1.05,1.05
2011.03.07 09:23:49.379,2.20914,2.20996,1.05,1.05
2011.03.07 09:23:49.708,2.20913,2.20993,1.05,1.05
2011.03.07 09:23:50.826,2.20914,2.20994,1.05,1.05
2011.03.07 09:23:51.420,2.20913,2.20993,1.05,1.05
2011.03.07 09:23:51.998,2.20921,2.21001,1.05,1.05
2011.03.07 09:23:52.109,2.20917,2.20999,1.05,1.05
2011.03.07 09:23:55.899,2.20925,2.21005,1.05,1.05
2011.03.07 09:23:58.050,2.20918,2.20998,1.05,1.05
2011.03.07 09:23:58.619,2.20921,2.21001,1.05,1.05
2011.03.07 09:23:58.730,2.20915,2.21018,1.05,1.24
2011.03.07 09:23:58.950,2.20918,2.21,1.05,1.05
2011.03.07 09:23:59.278,2.20921,2.21001,1.05,1.05
2011.03.07 09:23:59.608,2.20919,2.20999,1.05,1.05
2011.03.07 09:23:59.988,2.20919,2.20999,1.05,1.35
2011.03.07 09:24:00.299,2.20921,2.21001,1.05,1.05
2011.03.07 09:24:00.408,2.20919,2.20999,1.05,1.05
2011.03.07 09:24:01.039,2.20925,2.21007,1.05,1.05
2011.03.07 09:24:01.598,2.20926,2.21009,1.05,1.05
2011.03.07 09:24:01.819,2.20932,2.21014,1.05,1.39
2011.03.07 09:24:01.929,2.20926,2.21009,1.05,1.05
2011.03.07 09:24:02.148,2.20926,2.21006,1.05,1.05
2011.03.07 09:24:02.258,2.20933,2.21015,1.05,1.24
2011.03.07 09:24:02.588,2.2093,2.21013,1.05,1.05
2011.03.07 09:24:02.698,2.20933,2.21015,1.05,1.24
2011.03.07 09:24:02.831,2.2093,2.21013,1.05,1.05
2011.03.07 09:24:02.942,2.20934,2.21014,1.05,1.24
2011.03.07 09:24:03.158,2.2093,2.21013,1.05,1.05
2011.03.07 09:24:03.757,2.2093,2.21013,1.05,1.20
2011.03.07 09:24:04.731,2.2093,2.21013,1.05,1.05
2011.03.07 09:24:05.825,2.2093,2.21013,1.05,1.13
2011.03.07 09:24:06.049,2.20937,2.21019,1.05,1.05
2011.03.07 09:24:06.678,2.20945,2.21025,1.05,1.20
2011.03.07 09:24:06.790,2.20937,2.21019,1.05,1.05
2011.03.07 09:24:07.118,2.20942,2.21022,1.05,1.20
2011.03.07 09:24:07.459,2.20939,2.21021,1.05,1.05
2011.03.07 09:24:07.678,2.20936,2.21018,1.05,1.05
2011.03.07 09:24:08.068,2.20937,2.21019,1.05,1.35
2011.03.07 09:24:08.178,2.20941,2.21023,1.05,1.05
2011.03.07 09:24:08.523,2.20943,2.21025,1.05,1.13
2011.03.07 09:24:08.629,2.2094,2.2102,1.05,1.05
2011.03.07 09:24:08.740,2.20936,2.21018,1.05,1.05
2011.03.07 09:24:08.848,2.20938,2.21018,1.05,1.05
2011.03.07 09:24:08.957,2.20936,2.21018,1.05,1.05
2011.03.07 09:24:10.089,2.20921,2.21002,1.05,1.05
2011.03.07 09:24:10.530,2.20913,2.20973,1.05,1.05
2011.03.07 09:24:10.642,2.20922,2.21014,1.05,1.20
2011.03.07 09:24:11.269,2.20917,2.20989,1.05,1.05
2011.03.07 09:24:11.599,2.20923,2.21013,1.05,1.13
2011.03.07 09:24:12.109,2.20923,2.21013,1.05,1.50
2011.03.07 09:24:12.288,2.20923,2.21013,1.05,1.20
2011.03.07 09:24:12.423,2.20923,2.21013,1.05,1.28
2011.03.07 09:24:12.529,2.20923,2.21013,1.05,1.20
2011.03.07 09:24:13.508,2.20923,2.21013,1.05,1.05
2011.03.07 09:24:14.129,2.20923,2.21013,1.05,1.13
2011.03.07 09:24:14.440,2.20923,2.21013,1.05,1.50
2011.03.07 09:24:14.768,2.20923,2.21013,1.05,1.20
2011.03.07 09:24:14.879,2.20917,2.20989,1.05,1.05
2011.03.07 09:24:15.489,2.20897,2.20956,1.05,1.05
2011.03.07 09:24:15.599,2.20902,2.20982,1.05,1.05
2011.03.07 09:24:16.149,2.20908,2.21001,1.05,1.05
2011.03.07 09:24:16.369,2.20907,2.20988,1.05,1.05
2011.03.07 09:24:16.809,2.20951,2.21001,1.05,1.05
2011.03.07 09:24:17.248,2.20907,2.20988,1.05,1.05
2011.03.07 09:24:17.800,2.20895,2.20944,1.05,1.05
2011.03.07 09:24:17.908,2.20903,2.20963,1.05,1.05
2011.03.07 09:24:21.419,2.20911,2.2097,1.05,1.05
2011.03.07 09:24:25.068,2.20903,2.20963,1.05,1.05
2011.03.07 09:24:25.288,2.20903,2.20963,1.35,1.05
2011.03.07 09:24:25.410,2.20903,2.20963,1.05,1.05
2011.03.07 09:24:32.478,2.20904,2.20963,1.05,1.05
2011.03.07 09:24:34.158,2.20902,2.20964,1.05,1.05
2011.03.07 09:24:38.139,2.20904,2.20964,1.05,1.05
2011.03.07 09:24:41.378,2.20901,2.2096,1.05,1.05
2011.03.07 09:24:41.780,2.20903,2.20963,1.05,1.05
2011.03.07 09:24:42.223,2.20908,2.20967,1.05,1.05
2011.03.07 09:24:42.708,2.20903,2.20963,1.05,1.05
2011.03.07 09:24:44.809,2.20904,2.20975,1.05,1.05
2011.03.07 09:24:44.919,2.20903,2.20963,1.05,1.05
2011.03.07 09:24:46.137,2.20904,2.20964,1.05,1.05
2011.03.07 09:24:49.648,2.20885,2.20944,1.05,1.05
2011.03.07 09:24:49.760,2.20883,2.20944,1.05,1.05
2011.03.07 09:24:53.389,2.2087,2.20929,1.05,1.05
2011.03.07 09:24:53.828,2.20876,2.20938,1.05,1.05
2011.03.07 09:24:55.563,2.20875,2.20937,1.05,1.05
2011.03.07 09:24:55.778,2.20869,2.2093,1.05,1.05
2011.03.07 09:24:58.068,2.20876,2.20936,1.05,1.05
2011.03.07 09:25:02.869,2.20874,2.20937,1.05,1.05
2011.03.07 09:25:03.088,2.2087,2.20929,1.05,1.05
2011.03.07 09:25:03.619,2.20878,2.20937,1.05,1.05
2011.03.07 09:25:03.839,2.20879,2.2094,1.05,1.05
2011.03.07 09:25:03.949,2.20883,2.20944,1.05,1.05
2011.03.07 09:25:04.060,2.2087,2.20936,1.05,1.05
2011.03.07 09:25:04.389,2.20876,2.20936,1.05,1.05
2011.03.07 09:25:05.438,2.20881,2.2094,1.05,1.05
2011.03.07 09:25:05.548,2.20875,2.20937,1.05,1.05
2011.03.07 09:25:09.109,2.2088,2.20941,1.05,1.05
2011.03.07 09:25:09.790,2.20914,2.20964,1.05,1.05
2011.03.07 09:25:10.164,2.20885,2.20966,1.05,1.05
2011.03.07 09:25:10.270,2.20885,2.20966,1.05,1.99
2011.03.07 09:25:10.815,2.2087,2.20918,1.05,1.05
2011.03.07 09:25:11.148,2.20883,2.20944,1.05,1.05
2011.03.07 09:25:11.258,2.20881,2.2094,1.05,1.05
2011.03.07 09:25:11.588,2.20905,2.20958,1.05,1.05
2011.03.07 09:25:12.039,2.20898,2.20957,1.05,1.05
2011.03.07 09:25:12.149,2.2091,2.20978,1.05,1.05
2011.03.07 09:25:12.369,2.20908,2.20959,1.05,1.05
2011.03.07 09:25:12.701,2.20902,2.20963,1.05,1.05
2011.03.07 09:25:12.809,2.20914,2.20973,1.05,1.05
2011.03.07 09:25:13.028,2.20919,2.20979,1.05,1.05
2011.03.07 09:25:13.469,2.2092,2.20992,1.05,1.05
2011.03.07 09:25:13.767,2.20916,2.20979,1.05,1.05
2011.03.07 09:25:14.209,2.20919,2.20979,1.05,1.05
2011.03.07 09:25:14.540,2.20915,2.2098,1.05,1.05
2011.03.07 09:25:15.298,2.20907,2.20983,1.05,1.05
2011.03.07 09:25:17.428,2.20922,2.20986,1.05,1.05
2011.03.07 09:25:17.758,2.20908,2.20984,1.05,1.05
2011.03.07 09:25:17.869,2.20911,2.20983,1.05,1.05
2011.03.07 09:25:18.088,2.20909,2.20978,1.05,1.05
2011.03.07 09:25:18.360,2.20921,2.20982,1.05,1.05
2011.03.07 09:25:19.108,2.20908,2.20984,1.05,1.05
2011.03.07 09:25:19.330,2.20921,2.20987,1.05,1.05
2011.03.07 09:25:19.778,2.20919,2.20984,1.05,1.05
2011.03.07 09:25:19.889,2.20919,2.20986,1.05,1.05
2011.03.07 09:25:20.218,2.20924,2.20989,1.05,1.05
2011.03.07 09:25:20.328,2.20921,2.20987,1.05,1.05
2011.03.07 09:25:23.214,2.20926,2.20985,1.05,1.05
2011.03.07 09:25:23.441,2.20915,2.20978,1.05,1.05
2011.03.07 09:25:23.549,2.20919,2.20978,1.05,1.05
2011.03.07 09:25:24.898,2.20927,2.20986,1.05,1.05
2011.03.07 09:25:25.119,2.20911,2.20976,1.05,1.05
2011.03.07 09:25:25.230,2.20905,2.20975,1.05,1.05
2011.03.07 09:25:25.559,2.20923,2.20984,1.05,1.05
2011.03.07 09:25:25.998,2.20905,2.20975,1.24,1.05
2011.03.07 09:25:29.708,2.20916,2.20977,1.05,1.05
2011.03.07 09:25:30.888,2.20919,2.20979,1.05,1.05
2011.03.07 09:25:31.222,2.20927,2.20986,1.05,1.05
2011.03.07 09:25:31.330,2.20919,2.20979,1.05,1.05
2011.03.07 09:25:31.548,2.20926,2.20987,1.05,1.05
2011.03.07 09:25:31.769,2.20921,2.20991,1.05,1.05
2011.03.07 09:25:32.155,2.20919,2.20979,1.05,1.05
2011.03.07 09:25:32.269,2.2092,2.20992,1.05,1.05
2011.03.07 09:25:32.599,2.20922,2.21003,1.05,1.05
2011.03.07 09:25:32.820,2.20933,2.20993,1.05,1.05
2011.03.07 09:25:33.769,2.2093,2.2099,1.05,1.05
2011.03.07 09:25:34.130,2.20921,2.20989,1.05,1.05
2011.03.07 09:25:34.388,2.20919,2.20988,1.05,1.05
2011.03.07 09:25:35.379,2.20905,2.20973,1.05,1.05
2011.03.07 09:25:35.848,2.20909,2.20978,1.35,1.05
2011.03.07 09:25:35.961,2.20923,2.20985,1.05,1.05
2011.03.07 09:25:36.070,2.20926,2.20987,1.05,1.05
2011.03.07 09:25:36.398,2.20933,2.20993,1.05,1.05
2011.03.07 09:25:36.619,2.20921,2.20991,1.05,1.05
2011.03.07 09:25:36.838,2.20932,2.20993,1.05,1.05
2011.03.07 09:25:37.169,2.20928,2.20992,1.05,1.05
2011.03.07 09:25:37.278,2.20933,2.20993,1.05,1.05
2011.03.07 09:25:37.959,2.20941,2.21,1.05,1.05
2011.03.07 09:25:38.301,2.20934,2.21005,1.20,1.05
2011.03.07 09:25:38.408,2.20934,2.21005,1.05,1.05
2011.03.07 09:25:38.630,2.20941,2.21,1.05,1.05
2011.03.07 09:25:39.133,2.20932,2.20994,1.05,1.05
2011.03.07 09:25:39.689,2.20942,2.21004,1.05,1.05
2011.03.07 09:25:40.017,2.20933,2.20993,1.05,1.05
2011.03.07 09:25:41.738,2.20928,2.20992,1.05,1.05
2011.03.07 09:25:41.959,2.20932,2.20994,1.05,1.05
2011.03.07 09:25:43.434,2.20931,2.20982,1.05,1.05
2011.03.07 09:25:43.980,2.20937,2.20989,1.05,1.05
2011.03.07 09:25:44.199,2.20938,2.20997,1.05,1.05
2011.03.07 09:25:44.641,2.20938,2.20988,1.05,1.05
2011.03.07 09:25:44.969,2.20951,2.21001,1.05,1.05
2011.03.07 09:25:45.578,2.20935,2.20984,1.05,1.05
2011.03.07 09:25:45.909,2.20946,2.20995,1.05,1.05
2011.03.07 09:25:46.018,2.2095,2.21002,1.05,1.05
2011.03.07 09:25:46.569,2.20958,2.21007,1.05,1.05
2011.03.07 09:25:46.679,2.2095,2.21002,1.05,1.05
2011.03.07 09:25:48.231,2.2095,2.21001,1.05,1.05
2011.03.07 09:25:48.559,2.2095,2.20999,1.05,1.05
2011.03.07 09:25:49.542,2.20946,2.20995,1.05,1.05
2011.03.07 09:25:49.978,2.20932,2.20981,1.05,1.05
2011.03.07 09:25:54.811,2.20937,2.20989,1.05,1.05
2011.03.07 09:25:54.919,2.20937,2.20989,1.05,1.99
2011.03.07 09:25:55.138,2.20919,2.20967,1.05,1.05
2011.03.07 09:25:56.559,2.20924,2.20974,1.05,1.05
2011.03.07 09:25:57.299,2.20919,2.20967,1.05,1.05
2011.03.07 09:26:01.940,2.20923,2.20975,1.05,1.05
2011.03.07 09:26:02.049,2.20923,2.20975,1.99,1.05
2011.03.07 09:26:02.160,2.20937,2.20989,1.05,1.05
2011.03.07 09:26:02.599,2.20934,2.20986,1.05,1.05
2011.03.07 09:26:03.358,2.20922,2.20982,1.99,1.05
2011.03.07 09:26:04.760,2.20923,2.20978,1.99,1.05
2011.03.07 09:26:04.869,2.20923,2.20978,1.05,1.05
2011.03.07 09:26:04.978,2.20931,2.20982,1.05,1.05
2011.03.07 09:26:05.088,2.20934,2.20986,1.05,1.05
2011.03.07 09:26:07.680,2.20934,2.20986,1.24,1.05
2011.03.07 09:26:08.028,2.20949,2.20997,1.05,1.05
2011.03.07 09:26:08.362,2.20934,2.20991,1.05,1.05
2011.03.07 09:26:08.660,2.20922,2.20982,1.05,1.05
2011.03.07 09:26:08.879,2.20931,2.20983,1.05,1.05
2011.03.07 09:26:10.120,2.2092,2.20979,1.05,1.05
2011.03.07 09:26:10.558,2.20919,2.20969,1.05,1.05
2011.03.07 09:26:11.578,2.20918,2.20968,1.24,1.05
2011.03.07 09:26:12.078,2.20919,2.20969,1.05,1.05
2011.03.07 09:26:14.368,2.2092,2.20977,1.05,1.05
2011.03.07 09:26:14.795,2.20921,2.20978,1.99,1.05
2011.03.07 09:26:14.912,2.20934,2.20993,1.05,1.05
2011.03.07 09:26:15.969,2.20946,2.20995,1.05,1.05
2011.03.07 09:26:16.298,2.2094,2.20989,1.05,1.05
2011.03.07 09:26:18.353,2.2094,2.20989,1.99,1.05
2011.03.07 09:26:18.678,2.20969,2.2102,1.24,1.05
2011.03.07 09:26:18.788,2.20967,2.21026,1.24,1.05
2011.03.07 09:26:21.074,2.20967,2.21026,1.05,1.05
2011.03.07 09:26:21.453,2.20984,2.21035,1.05,1.05
2011.03.07 09:26:21.779,2.20991,2.2104,1.05,1.05
2011.03.07 09:26:22.329,2.2099,2.21041,1.05,1.05
2011.03.07 09:26:23.358,2.20987,2.21035,1.05,1.05
2011.03.07 09:26:25.584,2.20987,2.21035,1.24,1.05
2011.03.07 09:26:25.800,2.20998,2.21057,1.05,1.05
2011.03.07 09:26:26.240,2.20994,2.21077,1.99,1.24
2011.03.07 09:26:26.459,2.20994,2.21077,1.05,1.99
2011.03.07 09:26:26.678,2.20994,2.21077,1.05,1.05
2011.03.07 09:26:26.789,2.20983,2.21045,1.24,1.05
2011.03.07 09:26:26.899,2.20992,2.21053,1.05,1.05
2011.03.07 09:26:27.670,2.20989,2.21051,1.05,1.05
2011.03.07 09:26:27.889,2.20983,2.21045,1.05,1.05
2011.03.07 09:26:28.749,2.2099,2.21049,1.05,1.05
2011.03.07 09:26:31.073,2.20988,2.21048,1.05,1.05
2011.03.07 09:26:33.219,2.20987,2.21046,1.05,1.05
2011.03.07 09:26:35.828,2.20987,2.21049,1.05,1.05
2011.03.07 09:26:35.938,2.20986,2.21047,1.05,1.05
2011.03.07 09:26:36.690,2.20983,2.21066,1.05,1.05
2011.03.07 09:26:36.799,2.20986,2.21047,1.05,1.05
2011.03.07 09:26:37.130,2.20976,2.21037,1.05,1.05
2011.03.07 09:26:38.348,2.20987,2.21049,1.05,1.05
2011.03.07 09:26:38.680,2.20994,2.21055,1.05,1.05
2011.03.07 09:26:38.899,2.21003,2.21065,1.05,1.05
2011.03.07 09:26:40.888,2.21005,2.21064,1.05,1.05
2011.03.07 09:26:41.108,2.21003,2.21065,1.05,1.05
2011.03.07 09:26:41.262,2.21005,2.21064,1.05,1.05
2011.03.07 09:26:42.238,2.21003,2.21065,1.05,1.05
2011.03.07 09:26:43.018,2.21005,2.21064,1.05,1.05
2011.03.07 09:26:43.568,2.21003,2.21065,1.05,1.05
2011.03.07 09:26:44.338,2.21005,2.21066,1.05,1.05
2011.03.07 09:26:45.552,2.21006,2.21068,1.05,1.05
2011.03.07 09:26:45.992,2.21006,2.21065,1.05,1.05
2011.03.07 09:26:46.758,2.21,2.21064,1.05,1.05
2011.03.07 09:26:47.295,2.21001,2.21065,1.05,1.05
2011.03.07 09:26:48.269,2.21004,2.21067,1.05,1.05
2011.03.07 09:26:48.961,2.20999,2.21059,1.05,1.05
2011.03.07 09:26:49.480,2.20993,2.21053,1.05,1.05
2011.03.07 09:26:50.490,2.20992,2.21053,1.05,1.05
2011.03.07 09:26:51.358,2.20992,2.21054,1.05,1.05
2011.03.07 09:26:51.871,2.20993,2.21054,1.05,1.05
2011.03.07 09:26:52.198,2.20987,2.21046,1.05,1.05
2011.03.07 09:26:52.989,2.20985,2.21046,1.05,1.05
2011.03.07 09:26:53.796,2.20991,2.2105,1.05,1.05
2011.03.07 09:26:53.900,2.20979,2.21039,1.05,1.05
2011.03.07 09:26:55.039,2.20974,2.21033,1.05,1.05
2011.03.07 09:26:55.588,2.20978,2.2104,1.05,1.05
2011.03.07 09:26:58.120,2.20984,2.21044,1.05,1.05
2011.03.07 09:27:00.089,2.2099,2.21051,1.05,1.05
2011.03.07 09:27:00.308,2.20983,2.21045,1.05,1.05
2011.03.07 09:27:03.260,2.20985,2.21046,1.05,1.05
2011.03.07 09:27:03.888,2.20991,2.21054,1.05,1.05
2011.03.07 09:27:03.998,2.20993,2.21054,1.05,1.05
2011.03.07 09:27:04.549,2.20989,2.21052,1.05,1.05
2011.03.07 09:27:04.659,2.20993,2.21053,1.05,1.05
2011.03.07 09:27:06.338,2.20987,2.21046,1.05,1.05
2011.03.07 09:27:08.088,2.20993,2.21053,1.05,1.05
2011.03.07 09:27:08.407,2.20988,2.21053,1.05,1.05
2011.03.07 09:27:08.630,2.20984,2.21044,1.05,1.05
2011.03.07 09:27:17.249,2.20986,2.21045,1.05,1.05
2011.03.07 09:27:17.359,2.20983,2.21045,1.05,1.05
2011.03.07 09:27:17.801,2.20993,2.21052,1.05,1.05
2011.03.07 09:27:18.169,2.20993,2.21052,1.05,1.20
2011.03.07 09:27:18.278,2.20993,2.21052,1.05,1.13
2011.03.07 09:27:19.209,2.20993,2.21052,1.05,1.24
2011.03.07 09:27:19.319,2.20966,2.21048,1.05,1.24
2011.03.07 09:27:21.349,2.20974,2.21054,1.05,1.24
2011.03.07 09:27:21.789,2.20963,2.21054,1.05,1.24
2011.03.07 09:27:22.119,2.20961,2.21057,1.05,1.39
2011.03.07 09:27:22.228,2.20967,2.21047,1.05,1.05
2011.03.07 09:27:22.558,2.20954,2.21035,1.05,1.05
2011.03.07 09:27:23.319,2.20978,2.2104,1.05,1.05
2011.03.07 09:27:25.098,2.20987,2.21061,1.05,1.35
2011.03.07 09:27:25.209,2.20993,2.21052,1.05,1.13
2011.03.07 09:27:25.318,2.20988,2.21059,1.05,1.20
2011.03.07 09:27:25.428,2.20978,2.2104,1.05,1.05
2011.03.07 09:27:27.809,2.20977,2.21038,1.05,1.05
2011.03.07 09:27:28.139,2.20978,2.2104,1.05,1.05
2011.03.07 09:27:28.249,2.20974,2.21033,1.05,1.05
2011.03.07 09:27:29.809,2.20966,2.21026,1.05,1.05
2011.03.07 09:27:34.305,2.20967,2.21028,1.05,1.05
2011.03.07 09:27:34.750,2.20965,2.21027,1.05,1.05
2011.03.07 09:27:37.349,2.20978,2.21037,1.05,1.05
2011.03.07 09:27:37.682,2.20966,2.21026,1.05,1.05
2011.03.07 09:27:38.749,2.20978,2.2104,1.05,1.05
2011.03.07 09:27:43.898,2.20978,2.21039,1.05,1.05
2011.03.07 09:27:44.119,2.20978,2.21037,1.05,1.05
2011.03.07 09:27:45.131,2.20979,2.21039,1.05,1.05
2011.03.07 09:27:45.350,2.20973,2.21034,1.05,1.05
2011.03.07 09:27:47.910,2.20978,2.2104,1.05,1.05
2011.03.07 09:27:48.239,2.20978,2.2104,1.05,1.20
2011.03.07 09:27:48.348,2.20978,2.2104,1.05,1.05
2011.03.07 09:27:49.233,2.20978,2.2104,1.05,1.35
2011.03.07 09:27:49.611,2.20978,2.2104,1.05,1.05
2011.03.07 09:27:49.723,2.20978,2.2104,1.05,1.20
2011.03.07 09:27:49.940,2.20978,2.2104,1.05,1.05
2011.03.07 09:27:51.578,2.20954,2.21035,1.05,1.05
2011.03.07 09:27:52.570,2.20979,2.21039,1.05,1.05
2011.03.07 09:27:56.149,2.20998,2.21048,1.05,1.05
2011.03.07 09:27:57.749,2.20998,2.21048,1.05,1.35
2011.03.07 09:27:58.136,2.20998,2.21048,1.05,1.05
2011.03.07 09:28:01.150,2.20979,2.21039,1.05,1.05
2011.03.07 09:28:03.758,2.2098,2.2104,1.05,1.05
2011.03.07 09:28:03.869,2.20978,2.2104,1.05,1.05
2011.03.07 09:28:04.248,2.2098,2.2104,1.05,1.05
2011.03.07 09:28:04.481,2.20986,2.21047,1.05,1.05
2011.03.07 09:28:04.810,2.20979,2.21039,1.05,1.05
2011.03.07 09:28:05.519,2.20998,2.21048,1.05,1.05
2011.03.07 09:28:12.280,2.20979,2.21039,1.05,1.05
2011.03.07 09:28:12.499,2.20982,2.21041,1.05,1.05
2011.03.07 09:28:13.058,2.20983,2.21042,1.05,1.05
2011.03.07 09:28:13.169,2.20981,2.21042,1.05,1.05
2011.03.07 09:28:13.719,2.20983,2.21042,1.05,1.05
2011.03.07 09:28:14.311,2.20982,2.21043,1.05,1.05
2011.03.07 09:28:14.639,2.20972,2.21021,1.05,1.05
2011.03.07 09:28:14.970,2.2097,2.21019,1.05,1.05
2011.03.07 09:28:15.189,2.20971,2.21022,1.05,1.05
2011.03.07 09:28:15.300,2.20969,2.2102,1.05,1.05
2011.03.07 09:28:15.630,2.20969,2.21018,1.05,1.05
2011.03.07 09:28:16.068,2.20972,2.21021,1.05,1.05
2011.03.07 09:28:16.179,2.20968,2.21019,1.05,1.05
2011.03.07 09:28:16.289,2.20972,2.21023,1.05,1.05
2011.03.07 09:28:16.698,2.20976,2.21025,1.05,1.05
2011.03.07 09:28:17.459,2.20976,2.21027,1.05,1.05
2011.03.07 09:28:17.789,2.20978,2.21028,1.05,1.05
2011.03.07 09:28:18.322,2.20976,2.21025,1.05,1.05
2011.03.07 09:28:18.650,2.20979,2.21027,1.05,1.05
2011.03.07 09:28:24.559,2.20977,2.21026,1.05,1.05
2011.03.07 09:28:26.996,2.20979,2.21027,1.05,1.05
2011.03.07 09:28:27.109,2.20977,2.21026,1.05,1.05
2011.03.07 09:28:27.329,2.2098,2.21029,1.05,1.05
2011.03.07 09:28:27.550,2.20975,2.21026,1.05,1.05
2011.03.07 09:28:27.658,2.2098,2.21029,1.05,1.05
2011.03.07 09:28:27.998,2.20975,2.21041,1.05,1.24
2011.03.07 09:28:28.438,2.20968,2.21019,1.05,1.05
2011.03.07 09:28:29.902,2.20967,2.21019,1.05,1.05
2011.03.07 09:28:39.698,2.20966,2.21015,1.05,1.05
2011.03.07 09:28:39.918,2.20967,2.21018,1.05,1.05
2011.03.07 09:28:40.107,2.20965,2.21016,1.05,1.05
2011.03.07 09:28:40.449,2.20968,2.21018,1.05,1.05
2011.03.07 09:28:40.562,2.20965,2.21016,1.05,1.05
2011.03.07 09:28:40.669,2.20968,2.21018,1.05,1.05
2011.03.07 09:28:40.778,2.20965,2.21016,1.05,1.05
2011.03.07 09:28:40.888,2.20968,2.21018,1.05,1.05
2011.03.07 09:29:23.713,2.20968,2.21019,1.05,1.05
2011.03.07 09:29:24.239,2.20969,2.21018,1.05,1.05
2011.03.07 09:29:24.904,2.20972,2.21021,1.05,1.05
2011.03.07 09:29:30.517,2.20969,2.2102,1.05,1.05
2011.03.07 09:29:31.007,2.20971,2.21022,1.05,1.05
2011.03.07 09:29:31.347,2.20973,2.21022,1.05,1.05
2011.03.07 09:29:31.679,2.20976,2.21025,1.05,1.05
2011.03.07 09:29:32.008,2.20973,2.21022,1.05,1.05
2011.03.07 09:29:32.119,2.20971,2.21022,1.05,1.05
2011.03.07 09:29:32.338,2.20969,2.2102,1.05,1.05
2011.03.07 09:29:32.668,2.20972,2.21021,1.05,1.05
2011.03.07 09:29:32.779,2.20969,2.2102,1.05,1.05
2011.03.07 09:29:32.888,2.20971,2.21022,1.05,1.05
2011.03.07 09:29:33.438,2.20969,2.2102,1.05,1.05
2011.03.07 09:29:33.878,2.20972,2.21021,1.05,1.05
2011.03.07 09:29:34.318,2.20969,2.21018,1.05,1.05
2011.03.07 09:29:44.268,2.20976,2.21025,1.05,1.05
2011.03.07 09:29:45.432,2.20969,2.21018,1.05,1.05
2011.03.07 09:29:46.718,2.2097,2.21019,1.05,1.05
2011.03.07 09:29:46.938,2.20976,2.21027,1.05,1.05
2011.03.07 09:29:52.978,2.20971,2.21022,1.05,1.05
2011.03.07 09:29:53.480,2.20974,2.21048,1.05,1.05
2011.03.07 09:29:53.699,2.20981,2.21032,1.05,1.05
2011.03.07 09:30:00.659,2.20981,2.21032,1.99,1.05
2011.03.07 09:30:00.773,2.20983,2.21035,1.99,1.05
2011.03.07 09:30:00.992,2.21006,2.21054,1.05,1.05
2011.03.07 09:30:01.431,2.21002,2.21071,1.05,1.05
2011.03.07 09:30:01.869,2.21002,2.21071,1.24,1.05
2011.03.07 09:30:02.199,2.21013,2.21073,1.05,1.05
2011.03.07 09:30:03.080,2.2101,2.21062,1.05,1.05
2011.03.07 09:30:03.409,2.20995,2.21047,1.05,1.05
2011.03.07 09:30:03.739,2.20981,2.21031,1.05,1.05
2011.03.07 09:30:04.089,2.20963,2.21023,1.05,1.05
2011.03.07 09:30:04.528,2.2098,2.21032,1.05,1.05
2011.03.07 09:30:08.568,2.20982,2.21044,1.05,1.05
2011.03.07 09:30:09.469,2.20994,2.21046,1.05,1.05
2011.03.07 09:30:09.908,2.20984,2.21055,1.05,1.05
2011.03.07 09:30:10.138,2.20983,2.21043,1.05,1.05
2011.03.07 09:30:10.719,2.20983,2.21043,1.24,1.05
2011.03.07 09:30:11.228,2.20983,2.21043,1.05,1.05
2011.03.07 09:30:11.558,2.20998,2.21058,1.05,1.05
2011.03.07 09:30:12.198,2.20995,2.21047,1.05,1.05
2011.03.07 09:30:13.189,2.20983,2.21044,1.05,1.05
2011.03.07 09:30:13.518,2.20971,2.2103,1.05,1.05
2011.03.07 09:30:19.929,2.20955,2.21016,1.05,1.05
2011.03.07 09:30:22.599,2.20969,2.21018,1.05,1.05
2011.03.07 09:30:22.818,2.20963,2.21018,1.05,1.05
2011.03.07 09:30:22.929,2.20968,2.21019,1.05,1.05
2011.03.07 09:30:24.478,2.20969,2.2102,1.05,1.05
2011.03.07 09:30:27.103,2.20968,2.21019,1.05,1.05
2011.03.07 09:30:28.109,2.20969,2.2102,1.05,1.05
2011.03.07 09:30:28.224,2.2097,2.2103,1.05,1.05
2011.03.07 09:30:28.329,2.20972,2.21031,1.05,1.05
2011.03.07 09:30:31.690,2.2098,2.21032,1.05,1.05
2011.03.07 09:30:32.039,2.20985,2.21034,1.05,1.05
2011.03.07 09:30:33.433,2.20988,2.21039,1.05,1.05
2011.03.07 09:30:33.870,2.20988,2.21039,1.05,1.24
2011.03.07 09:30:34.090,2.20973,2.21033,1.05,1.05
2011.03.07 09:30:34.639,2.20972,2.21034,1.05,1.05
2011.03.07 09:30:34.860,2.20977,2.21059,1.05,1.62
2011.03.07 09:30:35.080,2.20979,2.2104,1.05,1.05
2011.03.07 09:30:35.191,2.20983,2.21049,1.05,1.05
2011.03.07 09:30:36.929,2.20986,2.21049,1.05,1.05
2011.03.07 09:30:37.402,2.2099,2.2105,1.05,1.05
2011.03.07 09:30:38.209,2.20982,2.2105,1.05,1.05
2011.03.07 09:30:39.286,2.20983,2.2105,1.05,1.05
2011.03.07 09:30:39.509,2.2099,2.2105,1.05,1.05
2011.03.07 09:30:39.839,2.20991,2.21062,1.05,1.05
2011.03.07 09:30:42.301,2.21003,2.21063,1.05,1.05
2011.03.07 09:30:44.028,2.2101,2.21071,1.05,1.05
2011.03.07 09:30:44.999,2.21017,2.21077,1.05,1.05
2011.03.07 09:30:47.097,2.20998,2.21057,1.05,1.05
2011.03.07 09:30:47.590,2.20999,2.21058,1.05,1.05
2011.03.07 09:30:47.702,2.21004,2.21076,1.05,1.05
2011.03.07 09:30:48.140,2.21005,2.21066,1.05,1.05
2011.03.07 09:30:48.470,2.21009,2.21077,1.05,1.05
2011.03.07 09:30:49.020,2.21017,2.21077,1.05,1.05
2011.03.07 09:30:49.239,2.21009,2.21077,1.05,1.05
2011.03.07 09:30:50.449,2.21026,2.21085,1.05,1.05
2011.03.07 09:30:51.221,2.21006,2.21074,1.05,1.05
2011.03.07 09:30:51.549,2.2101,2.21075,1.05,1.05
2011.03.07 09:30:52.079,2.2101,2.21074,1.05,1.05
2011.03.07 09:30:52.189,2.21006,2.21074,1.05,1.05
2011.03.07 09:30:52.298,2.2101,2.21074,1.05,1.05
2011.03.07 09:30:52.739,2.21007,2.21073,1.05,1.05
2011.03.07 09:30:53.879,2.21003,2.21065,1.05,1.05
2011.03.07 09:30:57.930,2.21006,2.21067,1.05,1.05
2011.03.07 09:30:59.011,2.21014,2.21073,1.05,1.13
2011.03.07 09:30:59.560,2.21028,2.21089,1.05,1.05
2011.03.07 09:31:00.630,2.21028,2.21089,1.05,1.20
2011.03.07 09:31:01.898,2.21022,2.21084,1.05,1.13
2011.03.07 09:31:02.339,2.21016,2.21078,1.05,1.05
2011.03.07 09:31:02.449,2.2099,2.21074,1.24,1.05
2011.03.07 09:31:02.670,2.2099,2.21074,1.05,1.24
2011.03.07 09:31:02.999,2.20986,2.21048,1.05,1.05
2011.03.07 09:31:03.329,2.2098,2.21042,1.05,1.05
2011.03.07 09:31:03.658,2.20987,2.21047,1.05,1.05
2011.03.07 09:31:05.638,2.20992,2.21051,1.05,1.05
2011.03.07 09:31:05.859,2.2099,2.21051,1.05,1.05
2011.03.07 09:31:11.419,2.2101,2.21058,1.05,1.05
2011.03.07 09:31:11.860,2.21,2.21056,1.05,1.05
2011.03.07 09:31:12.249,2.20996,2.21045,1.05,1.05
2011.03.07 09:31:16.549,2.20994,2.21044,1.05,1.05
2011.03.07 09:31:16.659,2.20996,2.21045,1.05,1.05
2011.03.07 09:31:17.209,2.20997,2.21046,1.05,1.05
2011.03.07 09:31:17.567,2.20998,2.21048,1.05,1.05
2011.03.07 09:31:18.199,2.21,2.21049,1.05,1.05
2011.03.07 09:31:19.280,2.20997,2.21046,1.05,1.05
2011.03.07 09:31:19.849,2.20995,2.21043,1.05,1.05
2011.03.07 09:31:19.960,2.20996,2.21045,1.05,1.05
2011.03.07 09:31:20.069,2.20995,2.21043,1.05,1.05
2011.03.07 09:31:20.179,2.20996,2.21045,1.05,1.05
2011.03.07 09:31:20.510,2.20994,2.21044,1.05,1.05
2011.03.07 09:31:20.619,2.20996,2.21045,1.05,1.05
2011.03.07 09:31:21.084,2.20995,2.21043,1.05,1.05
2011.03.07 09:31:23.621,2.20992,2.21042,1.05,1.05
2011.03.07 09:31:24.149,2.20994,2.21053,1.05,1.05
2011.03.07 09:31:27.020,2.21001,2.21056,1.05,1.05
2011.03.07 09:31:27.240,2.20998,2.21055,1.05,1.05
2011.03.07 09:31:27.679,2.21002,2.21055,1.05,1.05
2011.03.07 09:31:28.019,2.20998,2.21055,1.05,1.05
2011.03.07 09:31:29.419,2.20996,2.21045,1.05,1.05
2011.03.07 09:31:29.830,2.20994,2.21044,1.05,1.05
2011.03.07 09:31:30.049,2.20995,2.21046,1.05,1.05
2011.03.07 09:31:30.269,2.20994,2.21044,1.05,1.05
2011.03.07 09:31:30.859,2.20995,2.21046,1.05,1.05
2011.03.07 09:31:31.360,2.20996,2.21047,1.05,1.05
2011.03.07 09:31:31.690,2.20999,2.21047,1.05,1.05
2011.03.07 09:31:32.019,2.21004,2.21055,1.05,1.05
2011.03.07 09:31:32.129,2.21,2.21062,1.05,1.20
2011.03.07 09:31:32.739,2.21,2.21065,1.05,1.05
2011.03.07 09:31:33.629,2.20999,2.21068,1.05,1.05
2011.03.07 09:31:33.740,2.21,2.21062,1.05,1.05
2011.03.07 09:31:33.850,2.21,2.21067,1.05,1.05
2011.03.07 09:31:33.961,2.21016,2.21065,1.05,1.05
2011.03.07 09:31:34.329,2.21018,2.21066,1.05,1.05
2011.03.07 09:31:34.441,2.21016,2.21065,1.05,1.05
2011.03.07 09:31:34.553,2.21013,2.21063,1.05,1.05
2011.03.07 09:31:34.661,2.21017,2.21067,1.05,1.05
2011.03.07 09:31:34.990,2.21012,2.21061,1.05,1.05
2011.03.07 09:31:35.102,2.21015,2.21066,1.05,1.05
2011.03.07 09:31:35.869,2.21015,2.21064,1.05,1.05
2011.03.07 09:31:37.499,2.21016,2.21065,1.05,1.05
2011.03.07 09:31:40.747,2.21014,2.21062,1.05,1.05
2011.03.07 09:31:43.561,2.21014,2.21065,1.05,1.05
2011.03.07 09:31:43.670,2.21014,2.21062,1.05,1.05
2011.03.07 09:31:43.888,2.21015,2.21064,1.05,1.05
2011.03.07 09:31:45.751,2.21014,2.21062,1.05,1.05
2011.03.07 09:31:47.900,2.21014,2.21065,1.05,1.05
2011.03.07 09:31:48.268,2.21013,2.21063,1.05,1.05
2011.03.07 09:31:48.812,2.21014,2.21065,1.05,1.05
2011.03.07 09:31:49.038,2.21014,2.21062,1.05,1.05
2011.03.07 09:31:49.252,2.21014,2.21065,1.05,1.05
2011.03.07 09:31:49.369,2.21014,2.21062,1.05,1.05
2011.03.07 09:31:49.583,2.21015,2.21064,1.05,1.05
2011.03.07 09:31:49.816,2.21014,2.21062,1.05,1.05
2011.03.07 09:31:50.880,2.21015,2.21064,1.05,1.05
2011.03.07 09:31:51.210,2.21013,2.21063,1.05,1.05
2011.03.07 09:31:51.320,2.2101,2.21078,1.05,1.05
2011.03.07 09:31:51.430,2.21025,2.21076,1.05,1.05
2011.03.07 09:31:53.631,2.21022,2.2107,1.05,1.05
2011.03.07 09:31:53.741,2.21026,2.21075,1.05,1.05
2011.03.07 09:31:54.869,2.21015,2.21067,1.05,1.05
2011.03.07 09:31:55.502,2.21028,2.21088,1.05,1.05
2011.03.07 09:31:55.829,2.21028,2.21088,1.99,1.05
2011.03.07 09:31:56.163,2.21045,2.21097,1.05,1.05
2011.03.07 09:31:56.379,2.21057,2.21119,1.05,1.05
2011.03.07 09:31:59.630,2.21059,2.21118,1.05,1.05
2011.03.07 09:31:59.960,2.21063,2.21124,1.05,1.05
2011.03.07 09:32:00.399,2.21061,2.21122,1.05,1.20
2011.03.07 09:32:02.589,2.21067,2.21129,1.05,1.05
2011.03.07 09:32:04.899,2.21066,2.21125,1.05,1.05
2011.03.07 09:32:05.229,2.21063,2.21122,1.05,1.05
2011.03.07 09:32:05.776,2.21062,2.21121,1.05,1.05
2011.03.07 09:32:06.109,2.21063,2.21124,1.05,1.05
2011.03.07 09:32:06.220,2.21061,2.21122,1.05,1.05
2011.03.07 09:32:07.085,2.21063,2.21122,1.05,1.05
2011.03.07 09:32:07.199,2.21067,2.21129,1.05,1.05
2011.03.07 09:32:08.800,2.21075,2.21134,1.05,1.20
2011.03.07 09:32:09.130,2.21068,2.21128,1.05,1.20
2011.03.07 09:32:09.239,2.21068,2.21128,1.05,1.05
2011.03.07 09:32:10.346,2.21078,2.21139,1.05,1.05
2011.03.07 09:32:10.468,2.21068,2.21128,1.05,1.05
2011.03.07 09:32:10.691,2.21065,2.21126,1.05,1.05
2011.03.07 09:32:10.912,2.21063,2.2113,1.05,1.05
2011.03.07 09:32:11.020,2.21065,2.2113,1.05,1.05
2011.03.07 09:32:11.350,2.21059,2.21118,1.05,1.05
2011.03.07 09:32:12.360,2.21059,2.21118,1.24,1.05
2011.03.07 09:32:12.471,2.21078,2.21139,1.05,1.05
2011.03.07 09:32:13.800,2.2107,2.21132,1.05,1.05
2011.03.07 09:32:14.021,2.21075,2.21137,1.05,1.05
2011.03.07 09:32:14.485,2.21071,2.21131,1.05,1.05
2011.03.07 09:32:15.240,2.21074,2.21133,1.05,1.05
2011.03.07 09:32:16.666,2.21071,2.21133,1.05,1.20
2011.03.07 09:32:17.657,2.21071,2.21133,1.05,1.05
2011.03.07 09:32:18.201,2.21071,2.21131,1.05,1.05
2011.03.07 09:32:18.650,2.21066,2.21125,1.05,1.05
2011.03.07 09:32:22.299,2.21066,2.21125,1.05,1.20
2011.03.07 09:32:22.424,2.21066,2.21125,1.05,1.05
2011.03.07 09:32:23.389,2.21063,2.21122,1.05,1.05
2011.03.07 09:32:23.501,2.21065,2.21126,1.05,1.05
2011.03.07 09:32:23.831,2.21058,2.21118,1.05,1.05
2011.03.07 09:32:24.161,2.21065,2.21126,1.05,1.05
2011.03.07 09:32:24.270,2.21057,2.21119,1.05,1.05
2011.03.07 09:32:27.150,2.21051,2.21112,1.05,1.05
2011.03.07 09:32:27.911,2.21033,2.21103,1.05,1.05
2011.03.07 09:32:28.460,2.21032,2.21103,1.05,1.05
2011.03.07 09:32:28.569,2.21031,2.21094,1.05,1.05
2011.03.07 09:32:29.620,2.2103,2.21092,1.05,1.05
2011.03.07 09:32:31.059,2.21029,2.21091,1.05,1.05
2011.03.07 09:32:31.178,2.21019,2.21089,1.05,1.05
2011.03.07 09:32:31.513,2.21029,2.21091,1.05,1.05
2011.03.07 09:32:31.841,2.21042,2.21104,1.05,1.05
2011.03.07 09:32:32.389,2.21036,2.21097,1.05,1.05
2011.03.07 09:32:32.830,2.21044,2.21104,1.05,1.05
2011.03.07 09:32:33.059,2.21042,2.21104,1.05,1.05
2011.03.07 09:32:33.389,2.21033,2.21102,1.05,1.05
2011.03.07 09:32:33.609,2.2103,2.21092,1.05,1.05
2011.03.07 09:32:34.167,2.21018,2.2109,1.05,1.05
2011.03.07 09:32:34.391,2.21022,2.21091,1.05,1.05
2011.03.07 09:32:35.309,2.21033,2.21093,1.05,1.05
2011.03.07 09:32:38.089,2.21031,2.21092,1.05,1.05
2011.03.07 09:32:38.451,2.21021,2.21088,1.05,1.05
2011.03.07 09:32:38.798,2.21032,2.21094,1.05,1.05
2011.03.07 09:32:39.240,2.21035,2.21105,1.05,1.05
2011.03.07 09:32:41.979,2.21032,2.21094,1.05,1.05
2011.03.07 09:32:45.230,2.21035,2.21105,1.05,1.05
2011.03.07 09:32:45.449,2.21032,2.21094,1.05,1.05
2011.03.07 09:32:45.560,2.21035,2.21105,1.05,1.05
2011.03.07 09:32:50.409,2.21032,2.21094,1.05,1.05
2011.03.07 09:32:51.089,2.21034,2.21106,1.05,1.05
2011.03.07 09:32:54.460,2.21033,2.21093,1.05,1.05
2011.03.07 09:32:55.300,2.21052,2.21102,1.05,1.05
2011.03.07 09:32:55.870,2.21055,2.21106,1.05,1.05
2011.03.07 09:32:56.752,2.21051,2.21103,1.05,1.05
2011.03.07 09:33:01.310,2.21053,2.21114,1.05,1.05
2011.03.07 09:33:03.651,2.21066,2.21115,1.05,1.05
2011.03.07 09:33:04.153,2.21073,2.21122,1.05,1.05
2011.03.07 09:33:04.372,2.21078,2.2113,1.05,1.05
2011.03.07 09:33:04.592,2.21081,2.2114,1.05,1.05
2011.03.07 09:33:09.270,2.21092,2.21143,1.05,1.05
2011.03.07 09:33:24.047,2.21089,2.21141,1.05,1.05
2011.03.07 09:33:25.249,2.21093,2.21142,1.05,1.05
2011.03.07 09:33:30.021,2.21073,2.21135,1.05,1.05
2011.03.07 09:33:30.134,2.21073,2.21135,1.24,1.05
2011.03.07 09:33:30.460,2.21093,2.21142,1.05,1.05
2011.03.07 09:33:36.258,2.21091,2.21142,1.05,1.05
2011.03.07 09:33:36.811,2.21086,2.21137,1.05,1.05
2011.03.07 09:33:37.143,2.21079,2.21129,1.05,1.05
2011.03.07 09:33:41.088,2.21071,2.21122,1.05,1.05
2011.03.07 09:33:41.313,2.21071,2.2112,1.05,1.05
2011.03.07 09:33:41.645,2.21068,2.21127,1.05,1.05
2011.03.07 09:33:41.753,2.21054,2.21113,1.24,1.05
2011.03.07 09:33:41.861,2.21054,2.21113,1.05,1.05
2011.03.07 09:33:43.372,2.21056,2.21125,1.05,1.05
2011.03.07 09:33:43.483,2.21054,2.21113,1.05,1.05
2011.03.07 09:33:44.351,2.21075,2.21124,1.05,1.05
2011.03.07 09:33:44.681,2.21056,2.21115,1.05,1.05
2011.03.07 09:33:44.792,2.21053,2.21114,1.05,1.05
2011.03.07 09:33:47.141,2.21056,2.21125,1.05,1.05
2011.03.07 09:33:47.474,2.21054,2.21113,1.05,1.05
2011.03.07 09:33:48.322,2.21056,2.21125,1.05,1.05
2011.03.07 09:33:48.651,2.21052,2.21102,1.05,1.05
2011.03.07 09:33:48.874,2.21053,2.21114,1.05,1.05
2011.03.07 09:33:49.092,2.21056,2.21125,1.05,1.05
2011.03.07 09:33:50.082,2.21053,2.21113,1.05,1.05
2011.03.07 09:33:50.771,2.21065,2.21114,1.05,1.05
2011.03.07 09:33:51.101,2.21066,2.21116,1.05,1.05
2011.03.07 09:33:51.651,2.21066,2.21115,1.05,1.05
2011.03.07 09:33:53.491,2.2106,2.21109,1.05,1.05
2011.03.07 09:33:54.041,2.21066,2.21115,1.05,1.05
2011.03.07 09:33:54.982,2.21032,2.21083,1.05,1.05
2011.03.07 09:33:55.312,2.21038,2.21088,1.05,1.05
2011.03.07 09:33:55.531,2.2104,2.21091,1.05,1.05
2011.03.07 09:33:55.642,2.21028,2.21099,1.05,1.05
2011.03.07 09:33:55.751,2.21038,2.21088,1.05,1.05
2011.03.07 09:33:55.972,2.2104,2.211,1.05,1.05
2011.03.07 09:33:56.192,2.21033,2.21084,1.05,1.05
2011.03.07 09:33:56.522,2.21052,2.21102,1.05,1.05
2011.03.07 09:33:56.742,2.21039,2.21101,1.05,1.05
2011.03.07 09:33:56.851,2.21037,2.21098,1.05,1.05
2011.03.07 09:33:58.051,2.21036,2.21085,1.05,1.05
2011.03.07 09:33:58.551,2.21033,2.21084,1.05,1.05
2011.03.07 09:33:59.251,2.21036,2.21085,1.05,1.05
2011.03.07 09:34:01.631,2.21038,2.21097,1.05,1.05
2011.03.07 09:34:06.971,2.21036,2.21085,1.05,1.05
2011.03.07 09:34:08.555,2.21033,2.21083,1.05,1.05
2011.03.07 09:34:12.841,2.21035,2.21094,1.05,1.05
2011.03.07 09:34:17.753,2.21033,2.21083,1.05,1.05
2011.03.07 09:34:22.755,2.21033,2.21083,1.05,1.99
2011.03.07 09:34:22.863,2.20987,2.21039,1.20,1.05
2011.03.07 09:34:23.366,2.20987,2.21039,1.28,1.05
2011.03.07 09:34:23.962,2.21003,2.21053,1.05,1.05
2011.03.07 09:34:24.072,2.21003,2.21053,1.99,1.05
2011.03.07 09:34:24.182,2.21013,2.21075,1.05,1.05
2011.03.07 09:34:27.301,2.21011,2.21071,1.05,1.05
2011.03.07 09:34:27.871,2.21016,2.21078,1.05,1.05
2011.03.07 09:34:29.681,2.21007,2.21077,1.05,1.05
2011.03.07 09:34:31.113,2.20997,2.21058,1.05,1.05
2011.03.07 09:34:31.552,2.21007,2.21067,1.05,1.05
2011.03.07 09:34:31.777,2.21009,2.21077,1.05,1.05
2011.03.07 09:34:32.311,2.21,2.21067,1.05,1.05
2011.03.07 09:34:32.751,2.21018,2.21077,1.05,1.05
2011.03.07 09:34:33.082,2.21016,2.21075,1.05,1.05
2011.03.07 09:34:33.301,2.21017,2.21078,1.05,1.05
2011.03.07 09:34:33.631,2.21022,2.21083,1.05,1.05
2011.03.07 09:34:33.852,2.2101,2.2108,1.05,1.05
2011.03.07 09:34:34.071,2.21008,2.21068,1.05,1.05
2011.03.07 09:34:34.402,2.21011,2.2107,1.05,1.05
2011.03.07 09:34:34.843,2.20998,2.21068,1.05,1.05
2011.03.07 09:34:37.157,2.21009,2.21069,1.05,1.05
2011.03.07 09:34:38.591,2.21017,2.21088,1.05,1.05
2011.03.07 09:34:38.812,2.21015,2.21076,1.05,1.05
2011.03.07 09:34:39.142,2.21004,2.21055,1.05,1.05
2011.03.07 09:34:39.973,2.21012,2.21061,1.05,1.05
2011.03.07 09:34:40.085,2.20999,2.21059,1.05,1.05
2011.03.07 09:34:40.192,2.21004,2.21059,1.05,1.05
2011.03.07 09:34:40.523,2.21,2.21048,1.05,1.05
2011.03.07 09:34:40.744,2.21007,2.21057,1.05,1.05
2011.03.07 09:34:40.853,2.20995,2.21045,1.05,1.05
2011.03.07 09:34:41.073,2.21014,2.21083,1.05,1.05
2011.03.07 09:34:41.459,2.21011,2.21072,1.05,1.05
2011.03.07 09:34:42.123,2.21014,2.21073,1.05,1.05
2011.03.07 09:34:43.393,2.2102,2.21091,1.05,1.05
2011.03.07 09:34:43.501,2.21032,2.21093,1.05,1.05
2011.03.07 09:34:45.272,2.21033,2.21094,1.05,1.05
2011.03.07 09:34:45.850,2.21032,2.21093,1.05,1.05
2011.03.07 09:34:51.407,2.21037,2.21098,1.05,1.05
2011.03.07 09:34:52.072,2.21028,2.21088,1.05,1.05
2011.03.07 09:34:52.182,2.21024,2.21086,1.05,1.05
2011.03.07 09:34:52.293,2.21024,2.21086,1.24,1.05
2011.03.07 09:34:52.402,2.21032,2.21093,1.05,1.05
2011.03.07 09:34:52.732,2.21026,2.21087,1.24,1.05
2011.03.07 09:34:53.171,2.21025,2.21085,1.24,1.05
2011.03.07 09:34:53.282,2.21026,2.21087,1.24,1.05
2011.03.07 09:34:53.543,2.2103,2.21089,1.05,1.05
2011.03.07 09:34:55.192,2.21037,2.21096,1.05,1.05
2011.03.07 09:34:58.982,2.21025,2.21085,1.24,1.05
2011.03.07 09:35:01.282,2.21025,2.21085,1.05,1.05
2011.03.07 09:35:01.392,2.21022,2.21084,1.05,1.05
2011.03.07 09:35:01.502,2.21025,2.21085,1.05,1.05
2011.03.07 09:35:02.421,2.21033,2.21092,1.05,1.05
2011.03.07 09:35:03.481,2.21024,2.21086,1.24,1.05
2011.03.07 09:35:05.582,2.21022,2.21083,1.99,1.05
2011.03.07 09:35:05.694,2.21025,2.21085,1.24,1.05
2011.03.07 09:35:09.782,2.21022,2.21083,1.99,1.05
2011.03.07 09:35:10.223,2.21024,2.21086,1.05,1.05
2011.03.07 09:35:16.053,2.21031,2.2109,1.05,1.05
2011.03.07 09:35:16.271,2.21025,2.21086,1.05,1.05
2011.03.07 09:35:16.712,2.21027,2.21089,1.05,1.05
2011.03.07 09:35:16.823,2.21025,2.21085,1.05,1.05
2011.03.07 09:35:16.931,2.21026,2.21087,1.05,1.05
2011.03.07 09:35:17.154,2.21027,2.21097,1.05,1.05
2011.03.07 09:35:17.372,2.21037,2.21099,1.05,1.05
2011.03.07 09:35:17.701,2.21033,2.21092,1.05,1.05
2011.03.07 09:35:19.722,2.21037,2.21099,1.05,1.05
2011.03.07 09:35:20.663,2.2102,2.21071,1.24,1.05
2011.03.07 09:35:20.882,2.21024,2.21073,1.24,1.05
2011.03.07 09:35:20.991,2.21037,2.21087,1.05,1.05
2011.03.07 09:35:21.323,2.21043,2.21093,1.05,1.05
2011.03.07 09:35:21.433,2.21044,2.21105,1.05,1.05
2011.03.07 09:35:21.542,2.21042,2.21094,1.05,1.05
2011.03.07 09:35:21.981,2.21044,2.21093,1.05,1.05
2011.03.07 09:35:22.202,2.21042,2.21094,1.05,1.05
2011.03.07 09:35:22.491,2.21044,2.21093,1.05,1.05
2011.03.07 09:35:22.925,2.21042,2.21094,1.05,1.05
2011.03.07 09:35:23.148,2.21044,2.21093,1.05,1.05
2011.03.07 09:35:23.466,2.21042,2.21094,1.05,1.05
2011.03.07 09:35:24.142,2.21043,2.21094,1.05,1.05
2011.03.07 09:35:25.053,2.21053,2.21107,1.05,1.05
2011.03.07 09:35:25.651,2.21052,2.21106,1.05,1.05
2011.03.07 09:35:25.871,2.21045,2.21104,1.05,1.05
2011.03.07 09:35:26.091,2.21045,2.21106,1.05,1.05
2011.03.07 09:35:26.334,2.21045,2.21104,1.05,1.05
2011.03.07 09:35:27.047,2.21045,2.21104,1.24,1.05
2011.03.07 09:35:27.382,2.21065,2.21113,1.05,1.05
2011.03.07 09:35:27.864,2.21061,2.21112,1.05,1.05
2011.03.07 09:35:27.972,2.21061,2.21112,1.05,1.24
2011.03.07 09:35:28.083,2.21039,2.21089,1.05,1.05
2011.03.07 09:35:28.684,2.21038,2.2109,1.05,1.05
2011.03.07 09:35:30.832,2.21032,2.21083,1.35,1.05
2011.03.07 09:35:30.942,2.21032,2.21083,1.05,1.05
2011.03.07 09:35:31.382,2.21018,2.21067,1.05,1.05
2011.03.07 09:35:42.112,2.21009,2.21061,1.99,1.05
2011.03.07 09:35:42.222,2.21009,2.21061,1.05,1.05
2011.03.07 09:35:42.612,2.21007,2.2106,1.24,1.05
2011.03.07 09:35:42.722,2.2101,2.2106,1.05,1.05
2011.03.07 09:35:42.832,2.20998,2.21059,2.07,1.05
2011.03.07 09:35:44.647,2.20999,2.21059,1.24,1.05
2011.03.07 09:35:44.761,2.21002,2.2107,1.24,1.05
2011.03.07 09:35:45.201,2.20999,2.21059,1.24,1.05
2011.03.07 09:35:45.784,2.20999,2.21058,1.24,1.05
2011.03.07 09:35:48.544,2.20998,2.21059,2.07,1.05
2011.03.07 09:35:53.441,2.20998,2.21059,1.99,1.05
2011.03.07 09:35:53.661,2.21009,2.21081,1.05,1.05
2011.03.07 09:35:53.919,2.20985,2.21075,1.20,1.05
2011.03.07 09:35:54.034,2.21009,2.21081,1.05,1.05
2011.03.07 09:35:57.847,2.21009,2.21081,1.24,1.05
2011.03.07 09:35:58.181,2.21028,2.21089,1.05,1.05
2011.03.07 09:36:00.032,2.21029,2.21089,1.05,1.05
2011.03.07 09:36:00.532,2.2101,2.2108,1.05,1.05
2011.03.07 09:36:01.102,2.21012,2.21081,1.05,1.05
2011.03.07 09:36:01.671,2.21011,2.2108,1.05,1.05
2011.03.07 09:36:01.785,2.21009,2.21081,1.05,1.05
2011.03.07 09:36:03.051,2.2101,2.2108,1.05,1.05
2011.03.07 09:36:03.161,2.21013,2.2108,1.05,1.05
2011.03.07 09:36:03.380,2.2101,2.2108,1.05,1.05
2011.03.07 09:36:03.492,2.21014,2.2108,1.05,1.05
2011.03.07 09:36:03.822,2.21015,2.21092,1.05,1.05
2011.03.07 09:36:04.151,2.21024,2.21093,1.05,1.05
2011.03.07 09:36:05.131,2.21035,2.21095,1.05,1.05
2011.03.07 09:36:05.831,2.21023,2.21094,1.05,1.05
2011.03.07 09:36:07.972,2.2103,2.21096,1.05,1.05
2011.03.07 09:36:09.544,2.2104,2.211,1.05,1.05
2011.03.07 09:36:09.653,2.21016,2.21086,1.20,1.05
2011.03.07 09:36:09.762,2.21024,2.21083,1.05,1.05
2011.03.07 09:36:09.984,2.21015,2.21076,1.05,1.05
2011.03.07 09:36:10.201,2.21008,2.21068,1.05,1.05
2011.03.07 09:36:11.143,2.21007,2.21071,1.24,1.05
2011.03.07 09:36:11.253,2.21008,2.21067,1.05,1.05
2011.03.07 09:36:12.152,2.21007,2.21069,1.39,1.05
2011.03.07 09:36:12.372,2.21007,2.21066,1.39,1.05
2011.03.07 09:36:12.702,2.21008,2.21068,1.05,1.05
2011.03.07 09:36:13.442,2.21008,2.21072,1.05,1.05
2011.03.07 09:36:13.663,2.21007,2.21069,1.24,1.05
2011.03.07 09:36:13.992,2.21009,2.21081,1.05,1.05
2011.03.07 09:36:26.562,2.21007,2.21069,1.05,1.05
2011.03.07 09:36:42.034,2.2101,2.21072,1.05,1.05
2011.03.07 09:36:43.673,2.2101,2.21067,1.05,1.32
2011.03.07 09:36:44.002,2.20954,2.21005,1.05,1.05
2011.03.07 09:36:46.222,2.20954,2.21005,1.99,1.05
2011.03.07 09:36:46.331,2.20968,2.21019,1.24,1.05
2011.03.07 09:36:46.552,2.20968,2.21019,1.05,1.05
2011.03.07 09:36:46.662,2.20955,2.21004,1.05,1.05
2011.03.07 09:36:47.101,2.20955,2.21006,1.05,1.05
2011.03.07 09:36:48.534,2.20939,2.20992,1.99,1.05
2011.03.07 09:36:52.135,2.2094,2.20992,1.05,1.05
2011.03.07 09:36:53.083,2.20945,2.21002,1.05,1.05
2011.03.07 09:36:54.251,2.20941,2.21001,1.05,1.05
2011.03.07 09:36:54.792,2.20944,2.21003,1.05,1.05
2011.03.07 09:36:55.388,2.20945,2.21003,1.05,1.05
2011.03.07 09:36:56.168,2.20944,2.21001,1.05,1.05
2011.03.07 09:36:56.502,2.20953,2.21004,1.05,1.05
2011.03.07 09:36:57.102,2.20955,2.21006,1.05,1.05
2011.03.07 09:36:57.211,2.20942,2.21001,1.05,1.05
2011.03.07 09:37:08.912,2.20933,2.20984,1.05,1.05
2011.03.07 09:37:09.242,2.20953,2.21003,1.05,1.05
2011.03.07 09:37:09.572,2.20947,2.20997,1.05,1.05
2011.03.07 09:37:09.682,2.20952,2.21004,1.05,1.05
2011.03.07 09:37:11.842,2.20954,2.21016,1.05,1.05
2011.03.07 09:37:11.952,2.20967,2.21017,1.05,1.05
2011.03.07 09:37:17.222,2.20967,2.21015,1.05,1.05
2011.03.07 09:37:17.491,2.20962,2.21012,1.05,1.05
2011.03.07 09:37:18.201,2.20966,2.21018,1.05,1.05
2011.03.07 09:37:22.101,2.20968,2.21017,1.05,1.05
2011.03.07 09:37:22.632,2.20972,2.21021,1.05,1.05
2011.03.07 09:37:22.852,2.20968,2.21019,1.05,1.05
2011.03.07 09:37:22.962,2.20965,2.21014,1.05,1.05
2011.03.07 09:37:23.072,2.20966,2.21016,1.05,1.05
2011.03.07 09:37:23.511,2.20965,2.21014,1.05,1.05
2011.03.07 09:37:23.622,2.20966,2.21016,1.05,1.05
2011.03.07 09:37:23.842,2.20964,2.21015,1.05,1.05
2011.03.07 09:37:25.972,2.20968,2.21019,1.05,1.05
2011.03.07 09:37:26.824,2.20964,2.21014,1.05,1.05
2011.03.07 09:37:35.572,2.20959,2.21007,1.05,1.05
2011.03.07 09:37:35.902,2.20964,2.21014,1.05,1.05
2011.03.07 09:37:43.052,2.20953,2.21012,1.05,1.05
2011.03.07 09:37:43.383,2.20958,2.21008,1.05,1.05
2011.03.07 09:37:43.712,2.20944,2.21,1.05,1.05
2011.03.07 09:37:43.825,2.20944,2.21,1.99,1.05
2011.03.07 09:37:43.932,2.20958,2.21008,1.05,1.05
2011.03.07 09:37:44.392,2.20944,2.20999,1.05,1.05
2011.03.07 09:37:46.922,2.20939,2.20998,1.24,1.05
2011.03.07 09:37:51.888,2.20944,2.20999,1.05,1.05
2011.03.07 09:37:52.622,2.20945,2.21008,1.05,1.05
2011.03.07 09:37:57.512,2.20953,2.21012,1.05,1.05
2011.03.07 09:37:57.901,2.20964,2.21014,1.05,1.05
2011.03.07 09:38:11.452,2.20944,2.21007,1.05,1.05
2011.03.07 09:38:23.311,2.20947,2.21009,1.05,1.05
2011.03.07 09:38:27.092,2.20937,2.21006,1.24,1.05
2011.03.07 09:38:29.419,2.20937,2.21006,1.05,1.05
2011.03.07 09:38:37.971,2.20924,2.20986,1.05,1.05
2011.03.07 09:38:39.762,2.20922,2.20983,1.24,1.05
2011.03.07 09:38:42.661,2.20921,2.2097,1.05,1.05
2011.03.07 09:38:44.270,2.20932,2.20992,1.05,1.05
2011.03.07 09:38:46.510,2.20926,2.20985,1.05,1.05
2011.03.07 09:38:51.930,2.20917,2.20979,1.99,1.05
2011.03.07 09:38:53.692,2.20906,2.20958,1.05,1.05
2011.03.07 09:38:54.800,2.20906,2.20958,1.20,1.05
2011.03.07 09:38:55.341,2.20902,2.2095,1.35,1.05
2011.03.07 09:38:55.450,2.20902,2.2095,1.05,1.05
2011.03.07 09:38:56.000,2.20893,2.20944,1.05,1.05
2011.03.07 09:38:56.331,2.20881,2.20942,1.05,1.05
2011.03.07 09:38:56.550,2.20893,2.20944,1.05,1.05
2011.03.07 09:38:56.770,2.20881,2.20942,1.05,1.05
2011.03.07 09:38:56.992,2.20864,2.20913,1.05,1.05
2011.03.07 09:39:03.711,2.20858,2.20909,1.24,1.05
2011.03.07 09:39:03.821,2.20852,2.20906,1.99,1.05
2011.03.07 09:39:05.110,2.20851,2.20912,1.99,1.05
2011.03.07 09:39:05.680,2.20853,2.20911,1.24,1.05
2011.03.07 09:39:05.790,2.20855,2.20913,1.24,1.05
2011.03.07 09:39:05.900,2.20853,2.20911,1.24,1.05
2011.03.07 09:39:06.010,2.20855,2.20913,1.24,1.05
2011.03.07 09:39:06.655,2.20864,2.20913,1.05,1.05
2011.03.07 09:39:15.180,2.20864,2.20913,1.99,1.05
2011.03.07 09:39:15.291,2.20894,2.20943,1.24,1.05
2011.03.07 09:39:18.150,2.20899,2.20948,1.05,1.05
2011.03.07 09:39:18.480,2.20894,2.20943,1.39,1.05
2011.03.07 09:39:18.592,2.20898,2.20949,1.05,1.05
2011.03.07 09:39:18.922,2.20895,2.20947,1.24,1.05
2011.03.07 09:39:20.241,2.20891,2.20939,1.24,1.05
2011.03.07 09:39:22.840,2.20895,2.20947,1.24,1.05
2011.03.07 09:39:24.761,2.20901,2.20953,1.05,1.05
2011.03.07 09:39:25.091,2.2091,2.20959,1.05,1.05
2011.03.07 09:39:25.599,2.20901,2.20953,1.99,1.05
2011.03.07 09:39:28.361,2.20901,2.20953,1.05,1.05
2011.03.07 09:39:29.020,2.20904,2.20963,1.05,1.05
2011.03.07 09:39:45.949,2.20902,2.20952,1.05,1.05
2011.03.07 09:39:51.920,2.20903,2.20964,1.05,1.05
2011.03.07 09:39:52.140,2.20903,2.20964,1.24,1.05
2011.03.07 09:39:52.470,2.20923,2.20973,1.05,1.05
2011.03.07 09:39:52.800,2.20904,2.20963,1.24,1.05
2011.03.07 09:39:52.911,2.20904,2.20963,1.05,1.05
2011.03.07 09:39:53.131,2.20902,2.20952,1.05,1.05
2011.03.07 09:39:53.830,2.20915,2.20965,1.05,1.05
2011.03.07 09:39:54.171,2.20908,2.20959,1.05,1.05
2011.03.07 09:39:54.872,2.20902,2.20952,1.05,1.05
2011.03.07 09:39:59.170,2.20902,2.20952,1.05,1.80
2011.03.07 09:39:59.392,2.20832,2.20936,1.99,1.05
2011.03.07 09:39:59.612,2.20857,2.2094,1.24,1.05
2011.03.07 09:40:02.920,2.20852,2.20934,1.24,1.05
2011.03.07 09:40:03.251,2.20872,2.20953,1.05,1.50
2011.03.07 09:40:03.470,2.20872,2.20953,1.05,1.20
2011.03.07 09:40:04.021,2.20861,2.20956,1.99,1.84
2011.03.07 09:40:08.944,2.2086,2.20951,1.99,1.05
2011.03.07 09:40:10.071,2.2086,2.20951,1.05,1.05
2011.03.07 09:40:12.930,2.20872,2.20953,1.05,1.20
2011.03.07 09:40:13.370,2.20872,2.20953,1.24,1.05
2011.03.07 09:40:13.481,2.20873,2.20965,1.24,1.05
2011.03.07 09:40:13.811,2.20884,2.20967,1.05,1.24
2011.03.07 09:40:14.140,2.20886,2.20979,1.05,1.99
2011.03.07 09:40:14.362,2.20886,2.20979,1.24,1.24
2011.03.07 09:40:14.784,2.20886,2.20979,1.24,1.84
2011.03.07 09:40:15.110,2.20867,2.20959,1.05,1.24
2011.03.07 09:40:15.330,2.20884,2.20961,1.05,1.24
2011.03.07 09:40:15.552,2.20872,2.20953,1.05,1.39
2011.03.07 09:40:16.651,2.20873,2.20965,1.05,1.50
2011.03.07 09:40:16.927,2.20873,2.20965,1.05,1.13
2011.03.07 09:40:17.292,2.20875,2.20971,1.05,1.39
2011.03.07 09:40:17.731,2.20884,2.20967,1.05,1.13
2011.03.07 09:40:18.472,2.2088,2.2096,1.05,1.05
2011.03.07 09:40:19.691,2.2088,2.2096,1.05,1.35
2011.03.07 09:40:21.843,2.2088,2.20953,1.05,1.09
2011.03.07 09:40:22.174,2.20865,2.20947,1.99,1.05
2011.03.07 09:40:22.392,2.20879,2.20961,1.99,1.54
2011.03.07 09:40:25.941,2.20871,2.20954,1.99,1.05
2011.03.07 09:40:26.508,2.20871,2.20954,1.99,1.13
2011.03.07 09:40:26.972,2.20873,2.20955,1.99,1.05
2011.03.07 09:40:27.820,2.20871,2.20954,1.99,1.05
2011.03.07 09:40:27.932,2.20871,2.20954,1.05,1.24
2011.03.07 09:40:28.045,2.20865,2.20947,1.24,1.05
2011.03.07 09:40:28.262,2.20865,2.20947,1.99,1.05
2011.03.07 09:40:28.371,2.20879,2.20961,1.24,1.24
2011.03.07 09:40:28.722,2.20874,2.20954,1.24,1.05
2011.03.07 09:40:29.382,2.20873,2.20953,1.24,1.05
2011.03.07 09:40:29.602,2.20876,2.20956,1.24,1.05
2011.03.07 09:40:29.712,2.20872,2.20954,1.99,1.05
2011.03.07 09:40:30.262,2.20873,2.20953,1.24,1.05
2011.03.07 09:40:30.372,2.20873,2.20955,1.24,1.05
2011.03.07 09:40:30.893,2.20872,2.20954,1.99,1.05
2011.03.07 09:40:31.662,2.20877,2.20957,1.24,1.05
2011.03.07 09:40:32.322,2.20877,2.20959,1.24,1.05
2011.03.07 09:40:32.432,2.20877,2.20957,1.24,1.05
2011.03.07 09:40:33.632,2.20877,2.20959,1.24,1.05
2011.03.07 09:40:33.742,2.20877,2.20957,1.24,1.05
2011.03.07 09:40:34.071,2.20877,2.20957,1.05,1.05
2011.03.07 09:40:35.361,2.2088,2.2096,1.05,1.05
2011.03.07 09:40:35.732,2.20873,2.20955,1.05,1.05
2011.03.07 09:40:36.491,2.20879,2.20961,1.05,1.05
2011.03.07 09:40:36.825,2.20873,2.20953,1.05,1.05
2011.03.07 09:40:37.561,2.20871,2.20954,1.05,1.05
2011.03.07 09:40:39.202,2.20865,2.20952,1.05,1.05
2011.03.07 09:40:39.421,2.20861,2.20941,1.05,1.05
2011.03.07 09:40:39.752,2.20858,2.20939,1.05,1.05
2011.03.07 09:40:39.971,2.20861,2.20941,1.05,1.05
2011.03.07 09:40:40.523,2.20857,2.2094,1.05,1.05
2011.03.07 09:40:40.886,2.20861,2.20943,1.05,1.05
2011.03.07 09:40:41.333,2.20865,2.20947,1.05,1.05
2011.03.07 09:40:42.052,2.20871,2.20954,1.05,1.05
2011.03.07 09:40:42.383,2.20866,2.20946,1.05,1.05
2011.03.07 09:40:42.711,2.20861,2.20943,1.05,1.05
2011.03.07 09:40:44.821,2.20862,2.20942,1.05,1.05
2011.03.07 09:40:47.048,2.20861,2.20943,1.05,1.05
2011.03.07 09:40:47.944,2.20866,2.20946,1.05,1.05
2011.03.07 09:40:48.765,2.20875,2.20957,1.05,1.05
2011.03.07 09:40:49.371,2.20876,2.20958,1.05,1.05
2011.03.07 09:40:52.132,2.20892,2.20974,1.05,1.05
2011.03.07 09:40:52.572,2.20898,2.20981,1.05,1.05
2011.03.07 09:40:54.933,2.20907,2.20987,1.05,1.05
2011.03.07 09:40:55.422,2.20899,2.2098,1.05,1.05
2011.03.07 09:40:56.503,2.20893,2.20973,1.05,1.05
2011.03.07 09:40:56.722,2.20899,2.2098,1.05,1.05
2011.03.07 09:40:57.052,2.20893,2.20973,1.05,1.05
2011.03.07 09:40:57.382,2.20898,2.20981,1.05,1.05
2011.03.07 09:40:57.822,2.20893,2.20973,1.05,1.05
2011.03.07 09:41:00.052,2.20885,2.20966,1.05,1.05
2011.03.07 09:41:00.819,2.20874,2.20965,1.05,1.05
2011.03.07 09:41:00.934,2.20877,2.20959,1.05,1.05
2011.03.07 09:41:01.262,2.20872,2.20954,1.05,1.05
2011.03.07 09:41:01.593,2.20866,2.20946,1.05,1.05
2011.03.07 09:41:02.862,2.20872,2.20954,1.05,1.05
2011.03.07 09:41:05.171,2.20869,2.20951,1.05,1.05
2011.03.07 09:41:05.812,2.20869,2.20949,1.05,1.05
2011.03.07 09:41:06.031,2.20869,2.20951,1.05,1.05
2011.03.07 09:41:06.143,2.20869,2.20949,1.05,1.05
2011.03.07 09:41:06.252,2.20872,2.20953,1.05,1.05
2011.03.07 09:41:06.362,2.20874,2.20964,1.05,1.05
2011.03.07 09:41:06.583,2.20874,2.20967,1.05,1.05
2011.03.07 09:41:07.454,2.20873,2.20954,1.05,1.05
2011.03.07 09:41:12.153,2.20873,2.20954,1.24,1.05
2011.03.07 09:41:12.501,2.20916,2.20968,1.05,1.05
2011.03.07 09:41:13.562,2.20918,2.20967,1.05,1.05
2011.03.07 09:41:15.241,2.20917,2.20966,1.05,1.05
2011.03.07 09:41:15.462,2.2092,2.20971,1.05,1.05
2011.03.07 09:41:15.571,2.20923,2.20973,1.05,1.05
2011.03.07 09:41:15.902,2.20936,2.20987,1.05,1.05
2011.03.07 09:41:16.012,2.20952,2.21001,1.05,1.05
2011.03.07 09:41:16.343,2.20948,2.20997,1.24,1.05
2011.03.07 09:41:16.673,2.20963,2.21012,1.05,1.24
2011.03.07 09:41:16.782,2.20947,2.20998,1.05,1.05
2011.03.07 09:41:19.842,2.20947,2.20996,1.05,1.05
2011.03.07 09:41:20.393,2.20948,2.20997,1.05,1.05
2011.03.07 09:41:21.282,2.20949,2.20999,1.05,1.05
2011.03.07 09:41:21.395,2.20947,2.20996,1.05,1.05
2011.03.07 09:41:21.792,2.2095,2.21001,1.05,1.05
2011.03.07 09:41:21.965,2.20946,2.20997,1.05,1.05
2011.03.07 09:41:22.292,2.2095,2.20998,1.05,1.05
2011.03.07 09:41:22.402,2.20947,2.20996,1.05,1.05
2011.03.07 09:41:23.861,2.20948,2.20997,1.05,1.05
2011.03.07 09:41:24.082,2.20946,2.20997,1.05,1.05
2011.03.07 09:41:24.302,2.20939,2.2099,1.05,1.05
2011.03.07 09:41:24.673,2.20941,2.2099,1.05,1.05
2011.03.07 09:41:24.892,2.20942,2.20993,1.05,1.05
2011.03.07 09:41:25.112,2.20941,2.2099,1.05,1.05
2011.03.07 09:41:25.662,2.20943,2.20992,1.05,1.05
2011.03.07 09:41:25.882,2.20945,2.20996,1.05,1.05
2011.03.07 09:41:35.343,2.20942,2.20993,1.05,1.05
2011.03.07 09:41:35.673,2.20938,2.20989,1.05,1.05
2011.03.07 09:41:36.002,2.20932,2.20982,1.05,1.05
2011.03.07 09:41:36.332,2.20932,2.20981,1.05,1.43
2011.03.07 09:41:36.553,2.20868,2.20979,1.09,1.88
2011.03.07 09:41:36.665,2.20879,2.20979,1.32,1.50
2011.03.07 09:41:36.773,2.20932,2.20979,1.05,1.50
2011.03.07 09:41:36.882,2.20932,2.20981,1.05,1.05
2011.03.07 09:41:37.432,2.20939,2.20988,1.05,1.05
2011.03.07 09:41:37.762,2.20931,2.20982,1.05,1.05
2011.03.07 09:41:38.671,2.20932,2.20981,1.05,1.05
2011.03.07 09:41:39.974,2.20903,2.20976,1.24,1.05
2011.03.07 09:41:40.254,2.20866,2.20917,2.37,1.05
2011.03.07 09:41:40.362,2.20874,2.20925,1.24,1.05
2011.03.07 09:41:40.472,2.20874,2.20925,1.99,1.05
2011.03.07 09:41:40.584,2.20909,2.20983,1.05,1.05
2011.03.07 09:41:40.692,2.20897,2.20957,1.24,1.05
2011.03.07 09:41:40.913,2.209,2.20965,1.05,1.05
2011.03.07 09:41:41.352,2.20902,2.20967,1.05,1.05
2011.03.07 09:41:41.691,2.209,2.20965,1.05,1.05
2011.03.07 09:41:42.022,2.2091,2.2097,1.05,1.05
2011.03.07 09:41:42.952,2.20897,2.20958,1.24,1.05
2011.03.07 09:41:43.502,2.20896,2.20957,1.24,1.05
2011.03.07 09:41:43.833,2.20903,2.20958,1.05,1.05
2011.03.07 09:41:44.602,2.20902,2.20958,1.05,1.05
2011.03.07 09:41:45.362,2.20902,2.20959,1.05,1.05
2011.03.07 09:41:45.972,2.20902,2.20958,1.05,1.05
2011.03.07 09:41:46.682,2.20902,2.20952,1.05,1.05
2011.03.07 09:41:51.139,2.20897,2.20945,1.05,1.05
2011.03.07 09:41:51.612,2.20901,2.20953,1.05,1.05
2011.03.07 09:41:52.053,2.20914,2.20974,1.05,1.05
2011.03.07 09:41:55.522,2.20907,2.20968,1.24,1.05
2011.03.07 09:41:55.852,2.20914,2.20974,1.05,1.05
2011.03.07 09:41:56.074,2.20921,2.20981,1.05,1.05
2011.03.07 09:41:58.193,2.20919,2.2098,1.05,1.05
2011.03.07 09:41:58.742,2.20921,2.20981,1.05,1.05
2011.03.07 09:42:00.771,2.20923,2.20982,1.05,1.05
2011.03.07 09:42:01.105,2.20926,2.20985,1.05,1.05
2011.03.07 09:42:01.212,2.20923,2.20984,1.05,1.05
2011.03.07 09:42:04.082,2.20927,2.20986,1.05,1.05
2011.03.07 09:42:04.303,2.20923,2.20984,1.05,1.05
2011.03.07 09:42:06.162,2.2092,2.20982,1.05,1.05
2011.03.07 09:42:08.683,2.20923,2.20984,1.05,1.05
2011.03.07 09:42:11.343,2.20942,2.20993,1.05,1.05
2011.03.07 09:42:11.701,2.20946,2.20998,1.05,1.05
2011.03.07 09:42:14.432,2.20939,2.2099,1.05,1.05
2011.03.07 09:42:17.282,2.20946,2.20998,1.05,1.05
2011.03.07 09:42:36.592,2.20877,2.20981,1.20,1.05
2011.03.07 09:42:36.703,2.20903,2.20984,1.24,1.05
2011.03.07 09:42:37.033,2.20928,2.20989,1.05,1.24
2011.03.07 09:42:38.712,2.20921,2.20981,1.05,1.05
2011.03.07 09:42:43.533,2.20928,2.20989,1.05,1.05
2011.03.07 09:42:44.892,2.20946,2.20998,1.05,1.05
2011.03.07 09:42:45.993,2.20945,2.20995,1.05,1.05
2011.03.07 09:42:46.322,2.20941,2.2099,1.05,1.05
2011.03.07 09:42:47.392,2.20947,2.20997,1.05,1.05
2011.03.07 09:42:52.343,2.20928,2.20989,1.05,1.05
2011.03.07 09:42:58.562,2.20937,2.20998,1.05,1.05
2011.03.07 09:43:00.094,2.20931,2.20992,1.05,1.05
2011.03.07 09:43:00.424,2.20927,2.2099,1.05,1.05
2011.03.07 09:43:02.943,2.20927,2.2099,1.20,1.05
2011.03.07 09:43:03.163,2.20933,2.20994,1.05,1.05
2011.03.07 09:43:03.725,2.20928,2.20989,1.05,1.05
2011.03.07 09:43:15.928,2.20931,2.20992,1.05,1.05
2011.03.07 09:43:18.533,2.20934,2.20993,1.05,1.05
2011.03.07 09:43:18.972,2.20927,2.2099,1.05,1.05
2011.03.07 09:43:27.424,2.2092,2.20982,1.05,1.05
2011.03.07 09:43:33.852,2.20928,2.20989,1.05,1.05
2011.03.07 09:43:39.272,2.20934,2.20995,1.05,1.05
2011.03.07 09:43:44.924,2.2093,2.20991,1.05,1.05
2011.03.07 09:43:46.391,2.20933,2.20994,1.05,1.05
2011.03.07 09:43:46.721,2.2093,2.20991,1.05,1.05
2011.03.07 09:43:47.962,2.20934,2.20995,1.05,1.05
2011.03.07 09:43:55.992,2.20942,2.21002,1.05,1.05
2011.03.07 09:43:56.322,2.20944,2.21004,1.05,1.05
2011.03.07 09:43:57.377,2.20942,2.21002,1.05,1.05
2011.03.07 09:43:58.147,2.20944,2.21004,1.05,1.05
2011.03.07 09:43:59.652,2.20944,2.21004,1.05,1.20
2011.03.07 09:43:59.764,2.20937,2.20998,1.05,1.05
2011.03.07 09:44:04.452,2.20943,2.21005,1.05,1.20
2011.03.07 09:44:05.203,2.20947,2.21006,1.05,1.05
2011.03.07 09:44:05.533,2.20944,2.21004,1.05,1.20
2011.03.07 09:44:06.294,2.20944,2.21004,1.05,1.50
2011.03.07 09:44:06.513,2.20944,2.21004,1.05,1.05
2011.03.07 09:44:06.732,2.20944,2.21032,1.05,1.02
2011.03.07 09:44:06.845,2.20959,2.21019,1.05,1.35
2011.03.07 09:44:07.174,2.20943,2.20995,1.05,1.05
2011.03.07 09:44:07.393,2.20926,2.20986,1.05,1.05
2011.03.07 09:44:11.862,2.20926,2.20986,1.05,1.13
2011.03.07 09:44:12.294,2.20926,2.20986,1.05,1.05
2011.03.07 09:44:12.430,2.20926,2.20986,1.05,1.20
2011.03.07 09:44:13.713,2.20926,2.20986,1.05,1.05
2011.03.07 09:44:13.824,2.20926,2.20986,1.05,1.20
2011.03.07 09:44:14.446,2.20926,2.20986,1.05,1.05
2011.03.07 09:44:14.552,2.20926,2.20986,1.05,1.20
2011.03.07 09:44:14.772,2.20926,2.20986,1.05,1.05
2011.03.07 09:44:15.114,2.2093,2.20991,1.05,1.05
2011.03.07 09:44:15.246,2.20932,2.20991,1.05,1.05
2011.03.07 09:44:15.355,2.20935,2.20996,1.05,1.05
2011.03.07 09:44:15.463,2.20942,2.21003,1.05,1.13
2011.03.07 09:44:15.574,2.20937,2.21,1.05,1.05
2011.03.07 09:44:15.683,2.20937,2.21,1.05,1.65
2011.03.07 09:44:16.011,2.20943,2.21002,1.05,1.65
2011.03.07 09:44:16.234,2.20927,2.20998,1.05,1.65
2011.03.07 09:44:17.615,2.20927,2.20979,1.05,1.32
2011.03.07 09:44:17.945,2.20872,2.20931,1.05,1.05
2011.03.07 09:44:18.163,2.20838,2.20907,1.05,1.05
2011.03.07 09:44:18.383,2.20856,2.20917,1.05,1.05
2011.03.07 09:44:19.876,2.20857,2.20916,1.05,1.05
2011.03.07 09:44:21.040,2.20856,2.20915,1.05,1.05
2011.03.07 09:44:23.313,2.20854,2.20905,1.05,1.05
2011.03.07 09:44:25.213,2.20857,2.20916,1.05,1.05
2011.03.07 09:44:25.457,2.20855,2.20914,1.05,1.05
2011.03.07 09:44:26.041,2.20855,2.20904,1.05,1.05
2011.03.07 09:44:26.683,2.20868,2.2092,1.05,1.05
2011.03.07 09:44:33.632,2.20883,2.20932,1.05,1.05
2011.03.07 09:44:33.742,2.20882,2.20934,1.05,1.05
2011.03.07 09:44:33.852,2.20872,2.20931,1.05,1.05
2011.03.07 09:44:34.183,2.20869,2.20919,1.05,1.05
2011.03.07 09:44:34.512,2.20869,2.20922,1.05,1.05
2011.03.07 09:44:34.622,2.20868,2.2092,1.05,1.05
2011.03.07 09:44:35.532,2.2087,2.20921,1.05,1.05
2011.03.07 09:44:36.292,2.2087,2.20923,1.05,1.05
2011.03.07 09:44:36.403,2.2087,2.20928,1.05,1.05
2011.03.07 09:44:36.812,2.20881,2.2093,1.05,1.05
2011.03.07 09:44:37.294,2.20883,2.20933,1.05,1.05
2011.03.07 09:44:38.682,2.20908,2.2097,1.05,1.99
2011.03.07 09:44:38.793,2.20908,2.2097,1.05,1.05
2011.03.07 09:44:38.902,2.20913,2.20996,1.05,1.13
2011.03.07 09:44:39.013,2.20913,2.20992,1.05,1.02
2011.03.07 09:44:39.342,2.20909,2.20969,1.05,1.05
2011.03.07 09:44:39.833,2.20909,2.20971,1.05,1.05
2011.03.07 09:44:40.057,2.20901,2.20962,1.24,1.05
2011.03.07 09:44:40.172,2.20905,2.20975,1.05,1.05
2011.03.07 09:44:40.284,2.20901,2.20962,1.05,1.05
2011.03.07 09:44:42.696,2.20896,2.20956,1.24,1.05
2011.03.07 09:44:43.083,2.20889,2.20948,1.24,1.05
2011.03.07 09:44:43.413,2.20895,2.20957,1.05,1.05
2011.03.07 09:44:43.903,2.20901,2.20962,1.05,1.24
2011.03.07 09:44:44.233,2.20921,2.2097,1.05,1.05
2011.03.07 09:44:46.839,2.20921,2.2097,1.24,1.05
2011.03.07 09:44:47.065,2.20935,2.20986,1.05,1.05
2011.03.07 09:44:47.286,2.20932,2.20991,1.05,1.05
2011.03.07 09:44:50.232,2.2095,2.21001,1.05,1.05
2011.03.07 09:44:53.613,2.20948,2.20999,1.05,1.05
2011.03.07 09:44:53.943,2.2095,2.21001,1.05,1.05
2011.03.07 09:44:57.892,2.20943,2.20995,1.05,1.05
2011.03.07 09:44:58.002,2.2095,2.21001,1.05,1.05
2011.03.07 09:45:00.654,2.20964,2.21013,1.05,1.05
2011.03.07 09:45:01.202,2.20958,2.21007,1.05,1.05
2011.03.07 09:45:05.703,2.20958,2.21007,1.24,1.05
2011.03.07 09:45:05.813,2.20973,2.21022,1.05,1.05
2011.03.07 09:45:06.032,2.20917,2.21021,1.43,1.05
2011.03.07 09:45:06.143,2.20917,2.21021,1.43,1.05
2011.03.07 09:45:06.362,2.20938,2.21,1.05,1.05
2011.03.07 09:45:06.913,2.20938,2.20999,1.05,1.05
2011.03.07 09:45:07.544,2.20938,2.21,1.05,1.05
2011.03.07 09:45:10.433,2.20949,2.21,1.32,1.05
2011.03.07 09:45:10.542,2.20972,2.21023,1.05,1.05
2011.03.07 09:45:10.873,2.20944,2.21025,1.05,1.99
2011.03.07 09:45:10.984,2.20938,2.21,1.05,1.05
2011.03.07 09:45:12.253,2.20957,2.21008,1.05,1.05
2011.03.07 09:45:12.583,2.20968,2.2103,1.05,1.05
2011.03.07 09:45:26.951,2.20944,2.21025,1.43,1.05
2011.03.07 09:45:27.491,2.2095,2.2103,1.43,1.05
2011.03.07 09:45:27.821,2.20944,2.21025,1.05,1.05
2011.03.07 09:45:28.041,2.20944,2.21025,1.05,1.13
2011.03.07 09:45:36.242,2.20944,2.21025,1.05,1.05
2011.03.07 09:45:38.492,2.20944,2.21025,1.05,1.13
2011.03.07 09:45:39.627,2.20946,2.21026,1.05,1.13
2011.03.07 09:45:39.915,2.20944,2.21025,1.05,1.13
2011.03.07 09:45:40.022,2.20944,2.21025,1.05,1.05
2011.03.07 09:45:40.343,2.20944,2.21025,1.05,1.13
2011.03.07 09:45:41.154,2.20944,2.21025,1.05,1.05
2011.03.07 09:45:41.373,2.20946,2.21029,1.05,1.20
2011.03.07 09:45:41.484,2.20946,2.21029,1.05,1.05
2011.03.07 09:45:41.701,2.20938,2.21,1.05,1.05
2011.03.07 09:45:47.092,2.20935,2.20996,1.05,1.05
2011.03.07 09:45:47.449,2.20939,2.20999,1.05,1.05
2011.03.07 09:46:01.103,2.20952,2.21014,1.05,1.05
2011.03.07 09:46:01.651,2.20952,2.21014,1.05,1.20
2011.03.07 09:46:01.761,2.20947,2.21013,1.05,1.20
2011.03.07 09:46:01.982,2.20953,2.21013,1.05,1.20
2011.03.07 09:46:02.580,2.20953,2.21013,1.05,1.20
2011.03.07 09:46:03.130,2.20958,2.21048,1.05,1.20
2011.03.07 09:46:03.573,2.20966,2.21026,1.05,1.05
2011.03.07 09:46:03.902,2.20972,2.21033,1.43,1.05
2011.03.07 09:46:04.013,2.21,2.21059,1.05,1.05
2011.03.07 09:46:04.122,2.20981,2.21052,1.05,1.05
2011.03.07 09:46:04.232,2.20984,2.21053,1.05,1.05
2011.03.07 09:46:04.450,2.20981,2.21052,1.05,1.05
2011.03.07 09:46:04.813,2.20983,2.21053,1.05,1.05
2011.03.07 09:46:06.113,2.20959,2.21032,1.43,1.05
2011.03.07 09:46:06.442,2.20959,2.21032,1.43,1.05
2011.03.07 09:46:06.553,2.20968,2.21029,1.05,1.05
2011.03.07 09:46:06.772,2.20979,2.21041,1.05,1.05
2011.03.07 09:46:06.882,2.20978,2.21037,1.05,1.05
2011.03.07 09:46:07.102,2.2098,2.2104,1.05,1.05
2011.03.07 09:46:07.552,2.20994,2.21066,1.05,1.43
2011.03.07 09:46:07.663,2.20994,2.21066,1.05,1.28
2011.03.07 09:46:08.243,2.20993,2.21053,1.05,1.05
2011.03.07 09:46:08.354,2.20956,2.21047,1.62,1.05
2011.03.07 09:46:08.464,2.20956,2.21047,1.99,1.05
2011.03.07 09:46:08.575,2.20968,2.21049,1.43,1.05
2011.03.07 09:46:08.683,2.2098,2.21063,1.05,1.05
2011.03.07 09:46:08.793,2.20975,2.21061,1.05,1.05
2011.03.07 09:46:08.921,2.20975,2.21061,1.43,1.05
2011.03.07 09:46:09.252,2.20973,2.21061,1.43,1.05
2011.03.07 09:46:09.583,2.2098,2.21063,1.43,1.13
2011.03.07 09:46:09.911,2.2098,2.21063,1.43,1.28
2011.03.07 09:46:10.132,2.20995,2.21076,1.05,1.28
2011.03.07 09:46:10.241,2.20983,2.21074,1.43,1.28
2011.03.07 09:46:10.461,2.20983,2.21074,1.43,1.80
2011.03.07 09:46:11.124,2.20994,2.21075,1.43,1.80
2011.03.07 09:46:11.453,2.20982,2.21075,1.43,1.80
2011.03.07 09:46:11.671,2.20982,2.21075,1.05,1.80
2011.03.07 09:46:11.892,2.20982,2.21074,1.05,1.50
2011.03.07 09:46:12.451,2.20979,2.21062,1.43,1.05
2011.03.07 09:46:12.782,2.2098,2.21062,1.43,1.20
2011.03.07 09:46:13.112,2.20981,2.21074,1.43,1.80
2011.03.07 09:46:13.223,2.20981,2.21074,1.43,1.80
2011.03.07 09:46:13.331,2.20981,2.21074,1.43,1.28
2011.03.07 09:46:13.442,2.20981,2.21074,1.43,1.80
2011.03.07 09:46:13.661,2.2098,2.21061,1.43,1.05
2011.03.07 09:46:13.911,2.2098,2.21061,1.43,1.20
2011.03.07 09:46:14.131,2.2098,2.21061,1.43,1.05
2011.03.07 09:46:14.938,2.2098,2.21061,1.43,1.20
2011.03.07 09:46:20.563,2.2098,2.21061,1.05,1.35
2011.03.07 09:46:20.782,2.20961,2.21041,1.43,1.05
2011.03.07 09:46:21.001,2.20959,2.21041,1.05,1.05
2011.03.07 09:46:21.352,2.20959,2.21041,1.05,1.35
2011.03.07 09:46:21.592,2.20953,2.21034,1.43,1.20
2011.03.07 09:46:22.251,2.20953,2.21034,1.05,1.20
2011.03.07 09:46:23.494,2.20953,2.21034,1.05,1.28
2011.03.07 09:46:24.301,2.20953,2.21034,1.05,1.20
2011.03.07 09:46:24.742,2.20953,2.21034,1.05,1.28
2011.03.07 09:46:25.535,2.20953,2.21034,1.05,1.13
2011.03.07 09:46:25.656,2.20953,2.21034,1.05,1.28
2011.03.07 09:46:25.871,2.20953,2.21034,1.05,1.13
2011.03.07 09:46:26.091,2.20953,2.21034,1.05,1.05
2011.03.07 09:46:26.722,2.20953,2.21034,1.05,1.13
2011.03.07 09:46:29.576,2.20953,2.21034,1.05,1.28
2011.03.07 09:46:32.854,2.20954,2.21035,1.05,1.50
2011.03.07 09:46:34.174,2.20955,2.21036,1.05,1.50
2011.03.07 09:46:34.502,2.20999,2.21049,1.05,1.80
2011.03.07 09:46:34.613,2.20999,2.21049,1.05,1.35
2011.03.07 09:46:34.833,2.20955,2.21036,1.05,1.05
2011.03.07 09:46:35.801,2.20955,2.21036,1.05,1.20
2011.03.07 09:46:36.212,2.20955,2.21036,1.05,1.05
2011.03.07 09:46:36.322,2.2096,2.21042,1.24,1.05
2011.03.07 09:46:36.541,2.20961,2.21041,1.05,1.05
2011.03.07 09:46:36.761,2.20983,2.21044,1.05,1.20
2011.03.07 09:46:37.363,2.20984,2.21043,1.05,1.20
2011.03.07 09:46:37.832,2.20985,2.21047,1.05,1.50
2011.03.07 09:46:37.941,2.20985,2.21047,1.05,1.13
2011.03.07 09:46:38.052,2.20985,2.21047,1.05,1.35
2011.03.07 09:46:38.422,2.20985,2.21047,1.05,1.20
2011.03.07 09:46:38.532,2.20993,2.21053,1.05,1.50
2011.03.07 09:46:38.752,2.20992,2.21053,1.05,1.05
2011.03.07 09:46:38.861,2.20994,2.21066,1.05,1.05
2011.03.07 09:46:38.971,2.20994,2.21066,1.05,1.13
2011.03.07 09:46:39.081,2.20995,2.21065,1.05,1.05
2011.03.07 09:46:39.191,2.20995,2.21065,1.05,1.13
2011.03.07 09:46:39.323,2.20995,2.21065,1.05,1.05
2011.03.07 09:46:39.541,2.21007,2.21067,1.05,1.05
2011.03.07 09:46:40.122,2.21025,2.21076,1.05,1.13
2011.03.07 09:46:42.992,2.21032,2.21081,1.05,1.20
2011.03.07 09:46:44.121,2.21032,2.21081,1.05,1.35
2011.03.07 09:46:44.589,2.21024,2.21074,1.05,1.20
2011.03.07 09:46:45.124,2.21024,2.21074,1.05,1.20
2011.03.07 09:46:45.881,2.21024,2.21074,1.05,1.28
2011.03.07 09:46:45.991,2.21004,2.21067,1.05,1.05
2011.03.07 09:46:46.681,2.21,2.2106,1.05,1.05
2011.03.07 09:46:48.663,2.20994,2.21053,1.24,1.20
2011.03.07 09:46:49.020,2.21,2.2106,1.05,1.35
2011.03.07 09:46:49.593,2.21,2.2106,1.05,1.05
2011.03.07 09:46:49.920,2.21001,2.21062,1.05,1.05
2011.03.07 09:46:50.602,2.21003,2.21073,1.05,1.05
2011.03.07 09:46:50.822,2.21022,2.21081,1.05,1.05
2011.03.07 09:46:51.151,2.21027,2.21081,1.05,1.05
2011.03.07 09:46:51.701,2.21028,2.21081,1.05,1.05
2011.03.07 09:46:52.141,2.21022,2.21081,1.05,1.05
2011.03.07 09:46:52.712,2.21023,2.2108,1.05,1.05
2011.03.07 09:46:53.261,2.21026,2.2108,1.05,1.05
2011.03.07 09:46:53.959,2.21022,2.21081,1.05,1.05
2011.03.07 09:46:54.072,2.21024,2.2108,1.05,1.05
2011.03.07 09:46:54.402,2.21021,2.21069,1.05,1.05
2011.03.07 09:46:54.513,2.21022,2.21081,1.05,1.05
2011.03.07 09:46:54.732,2.21025,2.21081,1.05,1.05
2011.03.07 09:46:55.064,2.21032,2.21081,1.05,1.05
2011.03.07 09:46:55.393,2.21032,2.21081,1.24,1.05
2011.03.07 09:46:55.501,2.21043,2.21103,1.05,1.13
2011.03.07 09:46:56.331,2.21043,2.21103,1.05,1.20
2011.03.07 09:46:57.112,2.21043,2.21103,1.05,1.20
2011.03.07 09:46:58.392,2.21037,2.21097,1.05,1.05
2011.03.07 09:46:58.873,2.21043,2.21103,1.05,1.05
2011.03.07 09:47:01.942,2.21036,2.21098,1.24,1.05
2011.03.07 09:47:07.641,2.21043,2.21103,1.05,1.05
2011.03.07 09:47:13.144,2.21044,2.21103,1.05,1.05
2011.03.07 09:47:13.491,2.21037,2.21097,1.24,1.05
2011.03.07 09:47:13.821,2.2103,2.21091,1.05,1.05
2011.03.07 09:47:14.151,2.21036,2.21098,1.05,1.05
2011.03.07 09:47:16.432,2.21036,2.21098,1.24,1.05
2011.03.07 09:47:16.542,2.21042,2.21104,1.05,1.05
2011.03.07 09:47:17.071,2.21043,2.21104,1.05,1.05
2011.03.07 09:47:18.482,2.21042,2.21104,1.05,1.05
2011.03.07 09:47:19.586,2.21043,2.21104,1.05,1.05
2011.03.07 09:47:20.124,2.21044,2.21103,1.05,1.05
2011.03.07 09:47:20.671,2.21043,2.21103,1.05,1.05
2011.03.07 09:47:25.183,2.21043,2.21104,1.05,1.05
2011.03.07 09:47:26.282,2.21043,2.21103,1.05,1.05
2011.03.07 09:47:28.923,2.21043,2.21104,1.05,1.05
2011.03.07 09:47:30.593,2.21043,2.21104,1.43,1.05
2011.03.07 09:47:30.923,2.2107,2.21118,1.05,1.05
2011.03.07 09:47:31.142,2.21071,2.2112,1.05,1.05
2011.03.07 09:47:31.472,2.21082,2.21131,1.05,1.05
2011.03.07 09:47:31.692,2.21101,2.21153,1.05,1.05
2011.03.07 09:47:32.096,2.21116,2.21168,1.05,1.05
2011.03.07 09:47:32.422,2.2109,2.21151,2.37,1.05
2011.03.07 09:47:32.531,2.2111,2.21159,1.05,1.05
2011.03.07 09:47:32.972,2.21085,2.21202,1.43,1.05
2011.03.07 09:47:33.083,2.21103,2.21173,1.05,1.05
2011.03.07 09:47:33.412,2.21113,2.21175,1.05,1.05
2011.03.07 09:47:33.632,2.21101,2.21173,1.99,1.05
2011.03.07 09:47:36.682,2.21106,2.21174,1.24,1.05
2011.03.07 09:47:39.690,2.21102,2.21172,1.24,1.05
2011.03.07 09:47:40.084,2.21102,2.21172,1.99,1.05
2011.03.07 09:47:40.415,2.21121,2.21182,1.05,1.05
2011.03.07 09:47:40.752,2.21102,2.21172,1.99,1.05
2011.03.07 09:47:41.144,2.21114,2.21174,1.05,1.05
2011.03.07 09:47:42.911,2.21114,2.21174,1.99,1.05
2011.03.07 09:47:43.131,2.2113,2.21191,1.24,1.05
2011.03.07 09:47:43.243,2.21135,2.21194,1.05,1.05
2011.03.07 09:47:43.571,2.21126,2.21188,1.05,1.05
2011.03.07 09:47:45.511,2.21128,2.212,1.05,1.05
2011.03.07 09:47:45.622,2.21128,2.212,1.99,1.05
2011.03.07 09:47:45.954,2.21149,2.21208,1.05,1.05
2011.03.07 09:47:46.062,2.21146,2.21207,1.05,1.05
2011.03.07 09:47:46.226,2.21135,2.21194,1.24,1.05
2011.03.07 09:47:46.443,2.21128,2.212,1.99,1.05
2011.03.07 09:47:46.551,2.21141,2.21201,1.05,1.05
2011.03.07 09:47:46.882,2.21127,2.21187,1.99,1.05
2011.03.07 09:47:47.101,2.21128,2.212,1.99,1.05
2011.03.07 09:47:47.321,2.21126,2.21188,1.99,1.05
2011.03.07 09:47:48.182,2.21128,2.212,1.99,1.05
2011.03.07 09:47:48.621,2.21141,2.21201,1.05,1.05
2011.03.07 09:47:49.804,2.21141,2.21201,1.99,1.05
2011.03.07 09:47:50.243,2.21161,2.21222,1.05,1.05
2011.03.07 09:47:50.572,2.21167,2.21229,1.05,1.05
2011.03.07 09:47:50.855,2.21161,2.21222,1.05,1.05
2011.03.07 09:47:51.182,2.21168,2.21228,1.05,1.05
2011.03.07 09:47:51.291,2.21161,2.21222,1.05,1.05
2011.03.07 09:47:51.842,2.21168,2.21228,1.05,1.05
2011.03.07 09:47:53.021,2.21168,2.21229,1.05,1.05
2011.03.07 09:47:53.351,2.21162,2.21221,1.05,1.05
2011.03.07 09:47:53.902,2.21153,2.21215,1.24,1.05
2011.03.07 09:47:54.232,2.21161,2.21222,1.05,1.05
2011.03.07 09:47:55.244,2.21168,2.21228,1.05,1.05
2011.03.07 09:48:02.125,2.2114,2.21222,1.05,1.05
2011.03.07 09:48:02.542,2.21141,2.21224,1.05,1.05
2011.03.07 09:48:03.005,2.21141,2.21224,1.05,1.20
2011.03.07 09:48:03.724,2.21141,2.21224,1.05,1.20
2011.03.07 09:48:04.601,2.21141,2.21224,1.05,1.05
2011.03.07 09:48:05.803,2.21168,2.21228,1.05,1.05
2011.03.07 09:48:06.216,2.21173,2.21232,1.05,1.05
2011.03.07 09:48:06.453,2.21167,2.21229,1.05,1.05
2011.03.07 09:48:07.212,2.2117,2.2123,1.05,1.05
2011.03.07 09:48:07.322,2.21167,2.21229,1.05,1.05
2011.03.07 09:48:09.585,2.21176,2.21235,1.05,1.05
2011.03.07 09:48:11.431,2.21167,2.21229,1.05,1.05
2011.03.07 09:48:13.394,2.21175,2.21236,1.05,1.05
2011.03.07 09:48:13.662,2.21159,2.21226,1.05,1.05
2011.03.07 09:48:13.993,2.21154,2.21216,1.05,1.05
2011.03.07 09:48:14.412,2.21156,2.21225,1.05,1.05
2011.03.07 09:48:15.072,2.21156,2.21224,1.05,1.05
2011.03.07 09:48:15.182,2.21156,2.21226,1.05,1.05
2011.03.07 09:48:16.655,2.21154,2.21214,1.05,1.05
2011.03.07 09:48:17.821,2.21173,2.21223,1.05,1.05
2011.03.07 09:48:19.032,2.21157,2.21209,1.05,1.05
2011.03.07 09:48:19.362,2.21142,2.21194,1.05,1.05
2011.03.07 09:48:21.742,2.21146,2.21197,1.05,1.05
2011.03.07 09:48:22.192,2.21146,2.21197,1.05,1.43
2011.03.07 09:48:22.413,2.21091,2.21151,1.50,0.75
2011.03.07 09:48:22.524,2.21079,2.21119,2.44,1.05
2011.03.07 09:48:22.633,2.21098,2.21148,1.05,1.24
2011.03.07 09:48:22.742,2.21068,2.21118,1.20,1.05
2011.03.07 09:48:23.285,2.2108,2.21129,1.05,1.05
2011.03.07 09:48:23.393,2.21082,2.21134,1.05,1.05
2011.03.07 09:48:24.012,2.21084,2.21145,1.05,1.05
2011.03.07 09:48:24.883,2.21083,2.21133,1.05,1.05
2011.03.07 09:48:27.225,2.21084,2.21133,1.05,1.05
2011.03.07 09:48:27.913,2.21083,2.21133,1.05,1.05
2011.03.07 09:48:28.683,2.21083,2.21133,1.24,1.05
2011.03.07 09:48:28.792,2.21097,2.21149,1.05,1.05
2011.03.07 09:48:31.443,2.21097,2.21149,1.20,1.05
2011.03.07 09:48:31.892,2.21097,2.21149,1.20,1.99
2011.03.07 09:48:32.112,2.21068,2.21118,1.20,1.05
2011.03.07 09:48:32.427,2.21077,2.21118,1.09,1.05
2011.03.07 09:48:32.532,2.21096,2.21145,1.24,1.05
2011.03.07 09:48:32.643,2.21097,2.21149,1.24,1.05
2011.03.07 09:48:33.202,2.21123,2.21185,1.24,1.05
2011.03.07 09:48:33.424,2.21123,2.21185,1.05,1.05
2011.03.07 09:48:33.642,2.21113,2.21163,1.05,1.05
2011.03.07 09:48:40.582,2.21101,2.21162,1.24,1.05
2011.03.07 09:48:40.693,2.2112,2.21171,1.05,1.05
2011.03.07 09:48:41.021,2.21113,2.21163,1.05,1.05
2011.03.07 09:48:41.934,2.21106,2.21157,1.05,1.05
2011.03.07 09:48:43.123,2.21109,2.21157,1.05,1.05
2011.03.07 09:48:43.232,2.21113,2.21163,1.05,1.05
2011.03.07 09:48:44.964,2.21113,2.21163,1.05,1.99
2011.03.07 09:48:45.183,2.21068,2.21118,1.20,1.05
2011.03.07 09:48:45.688,2.21052,2.21104,1.05,1.05
2011.03.07 09:48:47.762,2.21038,2.21088,1.05,1.05
2011.03.07 09:48:49.703,2.21033,2.21081,1.05,1.05
2011.03.07 09:48:50.110,2.21033,2.21081,1.13,1.05
2011.03.07 09:48:50.762,2.21033,2.21081,1.05,1.05
2011.03.07 09:48:50.983,2.21038,2.21088,1.20,1.05
2011.03.07 09:48:52.412,2.2104,2.2109,1.05,1.05
2011.03.07 09:48:52.742,2.21046,2.21095,1.05,1.05
2011.03.07 09:48:53.443,2.21046,2.21095,1.20,1.05
2011.03.07 09:48:53.661,2.21037,2.21089,1.20,1.05
2011.03.07 09:48:54.382,2.21024,2.21075,1.05,1.05
2011.03.07 09:48:54.822,2.21019,2.21068,1.24,1.05
2011.03.07 09:48:55.262,2.21021,2.21071,1.39,1.05
2011.03.07 09:48:55.373,2.21027,2.21078,1.05,1.05
2011.03.07 09:48:55.812,2.21034,2.2109,1.05,1.24
2011.03.07 09:48:55.922,2.21018,2.21073,1.09,1.05
2011.03.07 09:48:56.255,2.21027,2.21088,1.99,1.05
2011.03.07 09:48:56.693,2.21027,2.21088,1.99,1.05
2011.03.07 09:48:56.803,2.21039,2.2109,1.05,1.05
2011.03.07 09:48:57.132,2.21028,2.21087,1.99,1.05
2011.03.07 09:49:00.171,2.2104,2.21089,1.05,1.05
2011.03.07 09:49:00.723,2.21033,2.21084,1.05,1.05
2011.03.07 09:49:00.832,2.21026,2.21076,1.05,1.05
2011.03.07 09:49:01.201,2.21026,2.21076,1.20,1.05
2011.03.07 09:49:01.533,2.21034,2.21083,1.20,1.05
2011.03.07 09:49:01.826,2.21034,2.21083,1.05,1.05
2011.03.07 09:49:02.044,2.21026,2.21076,1.20,1.05
2011.03.07 09:49:02.374,2.21033,2.21084,1.24,1.05
2011.03.07 09:49:02.702,2.21028,2.21076,1.02,1.05
2011.03.07 09:49:04.333,2.21026,2.21076,1.20,1.05
2011.03.07 09:49:07.083,2.21026,2.21076,1.39,1.05
2011.03.07 09:49:07.383,2.2104,2.21089,1.05,1.05
2011.03.07 09:49:07.644,2.21055,2.21136,1.99,1.05
2011.03.07 09:49:07.972,2.2107,2.21119,1.05,1.05
2011.03.07 09:49:10.443,2.21114,2.21164,1.05,1.05
2011.03.07 09:49:10.661,2.21114,2.21164,1.99,1.05
2011.03.07 09:49:10.992,2.21129,2.21179,1.05,1.05
2011.03.07 09:49:11.831,2.21129,2.21179,1.05,1.24
2011.03.07 09:49:12.163,2.21085,2.21166,1.24,1.05
2011.03.07 09:49:12.631,2.21085,2.21166,1.05,1.05
2011.03.07 09:49:13.043,2.2108,2.21142,1.05,1.05
2011.03.07 09:49:13.632,2.2107,2.21119,1.05,1.05
2011.03.07 09:49:13.962,2.21073,2.21122,1.05,1.05
2011.03.07 09:49:14.402,2.21069,2.2112,1.05,1.05
2011.03.07 09:49:14.733,2.21085,2.21134,1.05,1.05
2011.03.07 09:49:20.283,2.21085,2.21134,1.05,1.99
2011.03.07 09:49:20.392,2.21054,2.21105,1.05,1.05
2011.03.07 09:49:20.832,2.2104,2.21089,1.05,1.05
2011.03.07 09:49:21.052,2.21041,2.21091,1.05,1.05
2011.03.07 09:49:21.162,2.21041,2.21091,1.99,1.05
2011.03.07 09:49:21.272,2.21068,2.21118,1.05,1.05
2011.03.07 09:49:21.603,2.21075,2.21123,1.05,1.05
2011.03.07 09:49:24.326,2.21075,2.21123,1.99,1.05
2011.03.07 09:49:24.436,2.2109,2.21138,1.05,1.05
2011.03.07 09:49:25.681,2.2109,2.21138,1.99,1.05
2011.03.07 09:49:25.902,2.21116,2.21175,1.24,1.05
2011.03.07 09:49:27.401,2.21116,2.21175,1.99,1.05
2011.03.07 09:49:27.512,2.21123,2.21183,1.99,1.05
2011.03.07 09:49:28.562,2.21123,2.21183,1.05,1.05
2011.03.07 09:49:28.673,2.21112,2.21161,1.05,1.05
2011.03.07 09:49:31.136,2.21112,2.21161,1.05,1.99
2011.03.07 09:49:31.462,2.21067,2.21116,1.05,1.05
2011.03.07 09:49:32.322,2.21093,2.21153,1.05,1.05
2011.03.07 09:49:32.992,2.21067,2.21116,1.05,1.05
2011.03.07 09:49:36.033,2.21065,2.21115,1.05,1.05
2011.03.07 09:49:36.142,2.21095,2.21178,1.05,1.05
2011.03.07 09:49:36.254,2.21095,2.21178,1.05,1.99
2011.03.07 09:49:36.583,2.21035,2.21086,1.50,1.05
2011.03.07 09:49:36.802,2.21066,2.21147,1.05,1.05
2011.03.07 09:49:36.913,2.21066,2.21147,1.05,1.99
2011.03.07 09:49:37.353,2.21062,2.21122,1.24,1.05
2011.03.07 09:49:37.792,2.21055,2.21114,1.99,1.05
2011.03.07 09:49:38.232,2.2106,2.21119,1.24,1.05
2011.03.07 09:49:39.122,2.21062,2.21122,1.24,1.05
2011.03.07 09:49:46.281,2.2106,2.21119,1.24,1.05
2011.03.07 09:49:46.832,2.21062,2.21122,1.24,1.05
2011.03.07 09:49:47.142,2.21062,2.21122,1.05,1.24
2011.03.07 09:49:47.252,2.21042,2.21102,1.24,1.05
2011.03.07 09:49:47.692,2.21038,2.21097,1.99,1.05
2011.03.07 09:49:48.465,2.21038,2.21096,1.09,1.05
2011.03.07 09:49:50.313,2.21037,2.21095,1.09,1.05
2011.03.07 09:49:51.080,2.21037,2.21096,2.14,1.05
2011.03.07 09:49:51.523,2.21033,2.21096,1.05,1.05
2011.03.07 09:49:51.632,2.21025,2.21098,1.09,1.05
2011.03.07 09:49:51.741,2.21025,2.21092,1.09,1.05
2011.03.07 09:49:51.852,2.21027,2.21094,1.39,1.05
2011.03.07 09:49:52.182,2.21025,2.21082,1.09,1.05
2011.03.07 09:49:53.179,2.21021,2.21081,1.99,1.05
2011.03.07 09:49:54.782,2.2102,2.21082,1.99,1.05
2011.03.07 09:49:55.573,2.2102,2.21082,1.05,1.05
2011.03.07 09:49:55.902,2.2101,2.21059,1.05,1.05
2011.03.07 09:49:57.495,2.2101,2.21062,1.05,1.05
2011.03.07 09:49:57.713,2.2101,2.21062,1.99,1.05
2011.03.07 09:49:57.823,2.21022,2.21088,1.05,1.05
2011.03.07 09:49:58.263,2.21022,2.21084,1.05,1.05
2011.03.07 09:49:58.591,2.21021,2.21082,1.05,1.05
2011.03.07 09:49:59.143,2.21021,2.21083,1.05,1.05
2011.03.07 09:49:59.686,2.21021,2.2108,1.05,1.05
2011.03.07 09:49:59.903,2.21009,2.21077,1.05,1.05
2011.03.07 09:50:00.323,2.2102,2.21081,1.05,1.05
2011.03.07 09:50:00.813,2.20997,2.21056,1.20,1.05
2011.03.07 09:50:01.865,2.20997,2.21056,1.13,1.05
2011.03.07 09:50:03.133,2.20997,2.21056,1.28,1.05
2011.03.07 09:50:03.320,2.20997,2.21058,1.28,1.05
2011.03.07 09:50:03.435,2.21009,2.2106,1.05,1.05
2011.03.07 09:50:04.474,2.21008,2.21059,1.05,1.05
2011.03.07 09:50:05.022,2.21009,2.21058,1.05,1.05
2011.03.07 09:50:05.242,2.21009,2.2106,1.05,1.05
2011.03.07 09:50:05.462,2.21009,2.21058,1.05,1.05
2011.03.07 09:50:05.903,2.21017,2.21058,1.09,1.05
2011.03.07 09:50:06.232,2.2105,2.21099,1.05,1.05
2011.03.07 09:50:06.452,2.2104,2.21137,1.99,1.69
2011.03.07 09:50:06.561,2.21055,2.21137,1.05,1.69
2011.03.07 09:50:07.121,2.21056,2.21129,1.05,1.19
2011.03.07 09:50:07.670,2.21072,2.21129,1.05,1.19
2011.03.07 09:50:07.893,2.21057,2.21129,1.05,1.19
2011.03.07 09:50:08.112,2.2107,2.21151,1.05,1.19
2011.03.07 09:50:08.553,2.21063,2.21158,1.05,1.69
2011.03.07 09:50:08.734,2.2106,2.21158,1.05,1.69
2011.03.07 09:50:08.844,2.21069,2.21158,1.05,1.69
2011.03.07 09:50:09.422,2.2107,2.21119,1.05,1.05
2011.03.07 09:50:09.642,2.21009,2.21122,1.05,1.32
2011.03.07 09:50:09.974,2.21009,2.21137,2.29,1.32
2011.03.07 09:50:10.082,2.21023,2.21073,1.05,1.05
2011.03.07 09:50:10.482,2.21011,2.21072,1.54,1.05
2011.03.07 09:50:10.924,2.21011,2.21072,1.99,1.05
2011.03.07 09:50:11.033,2.21027,2.21118,1.99,1.05
2011.03.07 09:50:11.873,2.21027,2.21118,1.99,1.05
2011.03.07 09:50:12.202,2.21072,2.21131,1.05,1.05
2011.03.07 09:50:13.803,2.21064,2.21113,1.05,1.05
2011.03.07 09:50:14.242,2.21071,2.21132,1.05,1.05
2011.03.07 09:50:14.462,2.21082,2.21134,1.05,1.05
2011.03.07 09:50:14.903,2.21072,2.21131,1.24,1.05
2011.03.07 09:50:15.774,2.21071,2.21132,1.24,1.05
2011.03.07 09:50:17.171,2.21071,2.21132,1.05,1.05
2011.03.07 09:50:17.393,2.21082,2.21134,1.05,1.05
2011.03.07 09:50:17.723,2.21068,2.21118,1.05,1.05
2011.03.07 09:50:18.053,2.21053,2.21103,1.05,1.05
2011.03.07 09:50:18.162,2.21033,2.21096,1.20,1.05
2011.03.07 09:50:18.383,2.21033,2.21096,1.05,1.05
2011.03.07 09:50:19.243,2.21033,2.21096,1.24,1.05
2011.03.07 09:50:19.461,2.21039,2.2112,1.05,1.05
2011.03.07 09:50:20.332,2.21039,2.2112,1.99,1.05
2011.03.07 09:50:20.661,2.21083,2.21133,1.05,1.05
2011.03.07 09:50:23.881,2.21091,2.2114,1.05,1.05
2011.03.07 09:50:26.232,2.21083,2.21133,1.24,1.05
2011.03.07 09:50:30.322,2.21083,2.21133,1.05,1.05
2011.03.07 09:50:30.541,2.21064,2.21113,1.13,1.05
2011.03.07 09:50:30.764,2.21071,2.21132,1.24,1.05
2011.03.07 09:50:31.093,2.2107,2.21119,1.24,1.05
2011.03.07 09:50:31.203,2.2107,2.21119,1.05,1.05
2011.03.07 09:50:31.424,2.21064,2.21113,1.99,1.05
2011.03.07 09:50:31.643,2.21071,2.21132,1.24,1.05
2011.03.07 09:50:31.753,2.21069,2.2112,1.05,1.05
2011.03.07 09:50:32.522,2.21069,2.2112,1.24,1.05
2011.03.07 09:50:32.828,2.21082,2.21134,1.05,1.99
2011.03.07 09:50:32.944,2.21027,2.21087,1.09,1.05
2011.03.07 09:50:33.163,2.21032,2.21119,1.54,1.05
2011.03.07 09:50:34.203,2.21038,2.21121,1.62,1.05
2011.03.07 09:50:34.422,2.21032,2.21118,1.24,1.05
2011.03.07 09:50:34.924,2.21032,2.21118,1.69,1.05
2011.03.07 09:50:35.032,2.21032,2.21118,1.54,1.05
2011.03.07 09:50:35.186,2.21032,2.21118,1.24,1.05
2011.03.07 09:50:35.404,2.21032,2.21118,1.54,1.05
2011.03.07 09:50:35.622,2.21038,2.21121,1.54,1.05
2011.03.07 09:50:35.732,2.21036,2.21119,1.69,1.05
2011.03.07 09:50:36.063,2.21038,2.21121,1.54,1.05
2011.03.07 09:50:37.464,2.21038,2.21121,1.54,1.05
2011.03.07 09:50:37.699,2.21038,2.21121,1.47,1.05
2011.03.07 09:50:37.852,2.21039,2.21121,1.09,1.05
2011.03.07 09:50:38.182,2.21083,2.21133,1.05,1.05
2011.03.07 09:50:39.582,2.21083,2.21132,1.05,1.05
2011.03.07 09:50:41.072,2.21081,2.21131,1.05,1.05
2011.03.07 09:50:41.292,2.21083,2.21132,1.05,1.05
2011.03.07 09:50:41.734,2.21081,2.21131,1.05,1.05
2011.03.07 09:50:41.946,2.21088,2.21137,1.05,1.05
2011.03.07 09:50:42.056,2.21081,2.21131,1.05,1.05
2011.03.07 09:50:42.791,2.21082,2.21133,1.05,1.05
2011.03.07 09:50:42.902,2.21082,2.2113,1.05,1.05
2011.03.07 09:50:43.122,2.21082,2.21133,1.05,1.05
2011.03.07 09:50:43.342,2.2108,2.21129,1.05,1.05
2011.03.07 09:50:43.704,2.21081,2.21131,1.05,1.05
2011.03.07 09:50:43.812,2.21079,2.2113,1.05,1.05
2011.03.07 09:50:43.923,2.21075,2.21123,1.20,1.05
2011.03.07 09:50:44.033,2.2108,2.21129,1.05,1.05
2011.03.07 09:50:44.252,2.21082,2.2113,1.05,1.05
2011.03.07 09:50:44.582,2.21083,2.21132,1.05,1.05
2011.03.07 09:50:44.943,2.2108,2.21129,1.05,1.05
2011.03.07 09:50:45.930,2.21081,2.21131,1.05,1.05
2011.03.07 09:50:46.374,2.21088,2.21137,1.05,1.05
2011.03.07 09:50:46.754,2.21091,2.2114,1.05,1.05
2011.03.07 09:50:49.744,2.21097,2.21146,1.24,1.05
2011.03.07 09:50:49.852,2.21111,2.21162,1.05,1.05
2011.03.07 09:50:52.212,2.21107,2.21165,1.05,1.05
2011.03.07 09:50:52.653,2.21118,2.21167,1.05,1.05
2011.03.07 09:50:55.902,2.21118,2.21167,1.05,1.99
2011.03.07 09:50:56.122,2.2109,2.21151,1.54,1.05
2011.03.07 09:50:56.342,2.21088,2.2114,1.54,1.05
2011.03.07 09:50:56.563,2.21096,2.21147,1.20,1.05
2011.03.07 09:50:57.433,2.21096,2.21147,1.05,1.05
2011.03.07 09:50:57.543,2.21102,2.21153,1.05,1.05
2011.03.07 09:50:57.763,2.21084,2.21144,1.39,1.05
2011.03.07 09:50:57.872,2.21103,2.21152,1.05,1.05
2011.03.07 09:50:58.152,2.21104,2.21154,1.05,1.05
2011.03.07 09:50:59.613,2.21104,2.21154,1.20,1.05
2011.03.07 09:50:59.942,2.21101,2.2115,1.05,1.05
2011.03.07 09:51:00.473,2.21104,2.21152,1.05,1.05
2011.03.07 09:51:00.940,2.21104,2.21152,1.20,1.05
2011.03.07 09:51:01.413,2.21102,2.21151,1.35,1.05
2011.03.07 09:51:02.553,2.21103,2.21155,1.65,1.05
2011.03.07 09:51:02.662,2.2111,2.2116,1.35,1.05
2011.03.07 09:51:03.212,2.21115,2.21163,1.13,1.05
2011.03.07 09:51:03.945,2.21116,2.21165,1.13,1.05
2011.03.07 09:51:04.502,2.21117,2.21166,1.13,1.05
2011.03.07 09:51:04.723,2.21106,2.21164,1.47,1.05
2011.03.07 09:51:05.272,2.21105,2.21165,1.28,1.05
2011.03.07 09:51:06.923,2.21106,2.21165,1.20,1.24
2011.03.07 09:51:07.142,2.21097,2.21146,1.50,1.05
2011.03.07 09:51:07.363,2.21097,2.21146,1.20,1.05
2011.03.07 09:51:07.472,2.21103,2.21155,1.05,1.05
2011.03.07 09:51:07.582,2.21103,2.21155,1.20,1.05
2011.03.07 09:51:08.413,2.21103,2.21155,1.05,1.05
2011.03.07 09:51:08.632,2.21097,2.21146,1.13,1.05
2011.03.07 09:51:09.500,2.21097,2.21146,1.13,1.05
2011.03.07 09:51:09.942,2.21095,2.21141,1.09,1.05
2011.03.07 09:51:10.162,2.2111,2.2116,1.05,1.05
2011.03.07 09:51:10.383,2.21103,2.21155,1.05,1.05
2011.03.07 09:51:10.712,2.21092,2.21152,1.35,1.05
2011.03.07 09:51:10.932,2.21104,2.21154,1.05,1.05
2011.03.07 09:51:11.153,2.21092,2.21152,1.35,1.05
2011.03.07 09:51:11.902,2.21092,2.21152,1.05,1.05
2011.03.07 09:51:12.364,2.21083,2.2115,1.20,1.05
2011.03.07 09:51:13.233,2.21083,2.2115,1.35,1.05
2011.03.07 09:51:13.453,2.2108,2.21145,1.35,1.05
2011.03.07 09:51:13.563,2.2108,2.21145,1.80,1.05
2011.03.07 09:51:13.894,2.21083,2.2114,1.65,1.05
2011.03.07 09:51:14.004,2.21083,2.2114,1.13,1.05
2011.03.07 09:51:14.223,2.21077,2.21127,1.50,1.05
2011.03.07 09:51:14.332,2.21104,2.21154,1.05,1.05
2011.03.07 09:51:14.772,2.21092,2.21152,1.05,1.05
2011.03.07 09:51:15.361,2.21083,2.2115,1.05,1.05
2011.03.07 09:51:15.476,2.21083,2.21132,1.20,1.05
2011.03.07 09:51:15.804,2.21083,2.21132,1.54,1.05
2011.03.07 09:51:15.913,2.2109,2.21146,1.65,1.05
2011.03.07 09:51:16.022,2.211,2.21148,1.35,1.05
2011.03.07 09:51:16.352,2.211,2.21148,1.05,1.05
2011.03.07 09:51:16.942,2.21103,2.21152,1.05,1.05
2011.03.07 09:51:17.394,2.21103,2.21152,1.35,1.05
2011.03.07 09:51:18.483,2.21103,2.21152,1.05,1.05
2011.03.07 09:51:18.836,2.21103,2.21152,1.35,1.05
2011.03.07 09:51:20.273,2.21103,2.21152,1.05,1.05
2011.03.07 09:51:21.972,2.21103,2.21152,1.13,1.05
2011.03.07 09:51:22.434,2.21107,2.21158,1.50,1.05
2011.03.07 09:51:22.543,2.21107,2.21158,1.05,1.05
2011.03.07 09:51:22.763,2.21101,2.2115,1.35,1.05
2011.03.07 09:51:23.627,2.21101,2.2115,1.35,1.05
2011.03.07 09:51:24.812,2.21099,2.21149,1.35,1.05
2011.03.07 09:51:25.253,2.21103,2.21152,1.20,1.05
2011.03.07 09:51:28.682,2.21103,2.21152,1.35,1.05
2011.03.07 09:51:29.453,2.21111,2.21159,1.20,1.24
2011.03.07 09:51:29.672,2.21097,2.21146,1.43,1.05
2011.03.07 09:51:31.323,2.2111,2.2116,1.20,1.05
2011.03.07 09:51:31.762,2.21102,2.21153,1.35,1.05
2011.03.07 09:51:32.692,2.21101,2.2115,1.54,1.05
2011.03.07 09:51:34.232,2.21107,2.21158,1.28,1.05
2011.03.07 09:51:34.452,2.21107,2.21158,1.80,1.05
2011.03.07 09:51:34.672,2.21101,2.2115,1.35,1.05
2011.03.07 09:51:34.892,2.21089,2.21148,1.99,1.05
2011.03.07 09:51:35.002,2.21101,2.2115,1.65,1.05
2011.03.07 09:51:35.112,2.21101,2.2115,1.35,1.05
2011.03.07 09:51:35.222,2.21089,2.21148,1.84,1.05
2011.03.07 09:51:35.552,2.21089,2.21139,1.65,1.05
2011.03.07 09:51:35.662,2.21103,2.21155,1.35,1.05
2011.03.07 09:51:35.772,2.21103,2.21155,1.05,1.05
2011.03.07 09:51:37.041,2.21103,2.21155,1.20,1.05
2011.03.07 09:51:37.372,2.21096,2.21144,1.28,1.05
2011.03.07 09:51:37.482,2.21098,2.21147,1.28,1.05
2011.03.07 09:51:37.853,2.21096,2.21144,1.28,1.05
2011.03.07 09:51:37.963,2.21096,2.21144,1.13,1.05
2011.03.07 09:51:38.323,2.21097,2.21148,1.80,1.05
2011.03.07 09:51:38.812,2.21097,2.21148,1.80,1.05
2011.03.07 09:51:38.922,2.21097,2.21148,1.80,1.05
2011.03.07 09:51:39.493,2.21104,2.21154,1.80,1.05
2011.03.07 09:51:39.603,2.21112,2.21161,1.65,1.05
2011.03.07 09:51:40.599,2.21112,2.21161,1.35,1.05
2011.03.07 09:51:41.552,2.21112,2.21161,1.65,1.05
2011.03.07 09:51:42.117,2.21112,2.21161,1.35,1.05
2011.03.07 09:51:43.657,2.21112,2.21161,1.65,1.05
2011.03.07 09:51:44.672,2.21112,2.21161,1.35,1.05
2011.03.07 09:51:45.064,2.21112,2.21161,1.05,1.05
2011.03.07 09:51:45.172,2.21112,2.21161,1.99,1.05
2011.03.07 09:51:45.393,2.21126,2.21177,1.99,1.05
2011.03.07 09:51:45.612,2.21137,2.21198,1.24,1.05
2011.03.07 09:51:45.722,2.21137,2.21198,1.24,1.05
2011.03.07 09:51:45.982,2.21156,2.21207,1.05,1.05
2011.03.07 09:51:46.664,2.21149,2.21199,1.05,1.05
2011.03.07 09:51:47.629,2.21149,2.21199,1.35,1.05
2011.03.07 09:51:52.109,2.21149,2.21199,1.05,1.05
2011.03.07 09:51:52.564,2.21129,2.21191,1.20,1.05
2011.03.07 09:51:52.782,2.21149,2.21199,1.05,1.05
2011.03.07 09:51:53.004,2.21138,2.21197,1.13,1.05
2011.03.07 09:51:53.223,2.21157,2.21206,1.05,1.05
2011.03.07 09:51:53.662,2.21129,2.21191,1.35,1.05
2011.03.07 09:51:54.402,2.21149,2.21199,1.05,1.05
2011.03.07 09:51:54.843,2.2113,2.2119,1.35,1.05
2011.03.07 09:51:55.173,2.2113,2.2119,1.05,1.99
2011.03.07 09:51:55.501,2.21104,2.21154,1.43,1.05
2011.03.07 09:51:56.402,2.21104,2.21154,1.50,1.05
2011.03.07 09:51:56.733,2.21104,2.21154,1.05,1.05
2011.03.07 09:51:56.844,2.2113,2.2119,1.05,1.99
2011.03.07 09:51:56.952,2.21124,2.21185,1.05,1.99
2011.03.07 09:51:57.541,2.21124,2.21185,1.05,1.05
2011.03.07 09:51:57.763,2.21113,2.21162,1.35,1.05
2011.03.07 09:51:58.093,2.21119,2.21169,1.05,1.05
2011.03.07 09:52:01.314,2.21114,2.21164,1.20,1.05
2011.03.07 09:52:01.984,2.21114,2.21164,1.20,1.05
2011.03.07 09:52:03.066,2.21114,2.21164,1.50,1.05
2011.03.07 09:52:03.502,2.21114,2.21164,1.13,1.05
2011.03.07 09:52:03.612,2.21122,2.2117,1.05,1.05
2011.03.07 09:52:03.724,2.21122,2.2117,1.05,1.99
2011.03.07 09:52:03.944,2.2107,2.21119,1.35,1.05
2011.03.07 09:52:04.382,2.21073,2.21121,1.28,1.05
2011.03.07 09:52:04.603,2.2107,2.21119,1.35,1.05
2011.03.07 09:52:04.932,2.21086,2.21119,1.09,1.05
2011.03.07 09:52:05.045,2.21099,2.21158,1.05,1.05
2011.03.07 09:52:05.904,2.21099,2.21161,1.05,1.05
2011.03.07 09:52:06.014,2.21095,2.21154,1.20,1.05
2011.03.07 09:52:06.342,2.21091,2.2115,1.39,1.05
2011.03.07 09:52:06.674,2.21091,2.2115,1.24,1.05
2011.03.07 09:52:07.003,2.21096,2.21155,1.05,1.05
2011.03.07 09:52:07.113,2.21096,2.21155,1.50,1.05
2011.03.07 09:52:07.222,2.21092,2.21154,1.35,1.05
2011.03.07 09:52:07.332,2.21092,2.21154,1.05,1.05
2011.03.07 09:52:07.443,2.21092,2.21154,1.35,1.05
2011.03.07 09:52:07.773,2.21092,2.21151,1.35,1.05
2011.03.07 09:52:07.883,2.21092,2.21154,1.35,1.05
2011.03.07 09:52:12.162,2.21092,2.21154,1.05,1.05
2011.03.07 09:52:12.462,2.21092,2.21154,1.35,1.05
2011.03.07 09:52:12.715,2.21092,2.21154,1.05,1.05
2011.03.07 09:52:13.043,2.21085,2.21149,1.20,1.05
2011.03.07 09:52:13.263,2.21085,2.21149,1.05,1.05
2011.03.07 09:52:13.374,2.21084,2.21144,1.05,1.05
2011.03.07 09:52:13.813,2.21081,2.2114,1.05,1.05
2011.03.07 09:52:15.602,2.21083,2.21145,1.05,1.05
2011.03.07 09:52:17.472,2.21073,2.21132,1.24,1.05
2011.03.07 09:52:17.692,2.21073,2.21135,1.24,1.05
2011.03.07 09:52:17.803,2.21084,2.21144,1.05,1.05
2011.03.07 09:52:19.453,2.21078,2.21138,1.69,1.05
2011.03.07 09:52:20.555,2.21074,2.21135,1.69,1.05
2011.03.07 09:52:22.909,2.21077,2.21138,1.69,1.05
2011.03.07 09:52:27.922,2.21074,2.21135,1.69,1.05
2011.03.07 09:52:29.662,2.21074,2.21133,1.69,1.05
2011.03.07 09:52:29.883,2.21078,2.21137,1.69,1.05
2011.03.07 09:52:29.992,2.21075,2.21134,1.69,1.05
2011.03.07 09:52:30.212,2.21081,2.21142,1.35,1.05
2011.03.07 09:52:30.432,2.21075,2.21134,1.69,1.05
2011.03.07 09:52:30.882,2.21078,2.21137,1.69,1.05
2011.03.07 09:52:36.752,2.2108,2.21142,1.35,1.05
2011.03.07 09:52:38.344,2.2108,2.21142,1.35,1.05
2011.03.07 09:52:38.452,2.21089,2.21148,1.20,1.05
2011.03.07 09:52:40.039,2.21089,2.21148,1.05,1.05
2011.03.07 09:52:41.022,2.21074,2.21135,1.50,1.05
2011.03.07 09:52:41.604,2.21081,2.21141,1.35,1.05
2011.03.07 09:52:41.933,2.21075,2.21134,1.50,1.05
2011.03.07 09:52:42.044,2.21081,2.21141,1.35,1.05
2011.03.07 09:52:42.153,2.21077,2.21138,1.50,1.05
2011.03.07 09:52:43.413,2.21085,2.21144,1.20,1.05
2011.03.07 09:52:43.852,2.21078,2.21137,1.35,1.05
2011.03.07 09:52:47.388,2.21071,2.2113,1.84,1.05
2011.03.07 09:52:52.919,2.21068,2.21147,2.59,1.05
2011.03.07 09:52:53.363,2.2107,2.21131,1.84,1.05
2011.03.07 09:52:58.942,2.21077,2.21138,1.50,1.05
2011.03.07 09:52:59.163,2.21077,2.21138,1.20,1.05
2011.03.07 09:53:00.245,2.21077,2.21138,1.50,1.05
2011.03.07 09:53:01.163,2.21077,2.21138,1.50,1.05
2011.03.07 09:53:01.712,2.21074,2.21135,1.50,1.05
2011.03.07 09:53:02.042,2.21078,2.21137,1.50,1.05
2011.03.07 09:53:02.482,2.21071,2.2113,1.65,1.05
2011.03.07 09:53:03.156,2.21071,2.2113,1.80,1.05
2011.03.07 09:53:03.482,2.21061,2.21122,1.99,1.05
2011.03.07 09:53:03.593,2.21061,2.21122,1.39,1.05
2011.03.07 09:53:03.813,2.21054,2.21114,1.28,1.05
2011.03.07 09:53:04.615,2.21053,2.21119,1.28,1.05
2011.03.07 09:53:05.163,2.21064,2.21124,1.13,1.05
2011.03.07 09:53:06.284,2.21064,2.21124,1.05,1.05
2011.03.07 09:53:06.614,2.21038,2.2112,1.05,1.05
2011.03.07 09:53:06.833,2.21038,2.2112,1.28,1.05
2011.03.07 09:53:06.945,2.2102,2.21116,1.24,1.05
2011.03.07 09:53:07.163,2.21038,2.2112,1.05,1.05
2011.03.07 09:53:07.492,2.2102,2.21119,1.24,1.05
2011.03.07 09:53:07.603,2.21042,2.21123,1.43,1.05
2011.03.07 09:53:08.043,2.21057,2.21119,1.09,1.05
2011.03.07 09:53:08.476,2.21064,2.21124,1.24,1.05
2011.03.07 09:53:09.023,2.21064,2.21124,1.05,1.05
2011.03.07 09:53:09.243,2.21064,2.21124,1.20,1.05
2011.03.07 09:53:09.573,2.21098,2.21147,1.05,1.05
2011.03.07 09:53:09.683,2.21064,2.21124,1.20,1.05
2011.03.07 09:53:10.123,2.21082,2.21133,1.05,1.05
2011.03.07 09:53:10.232,2.21064,2.21124,1.20,1.05
2011.03.07 09:53:10.672,2.21083,2.21132,1.05,1.05
2011.03.07 09:53:10.783,2.21064,2.21124,1.20,1.05
2011.03.07 09:53:11.552,2.21066,2.21127,1.20,1.05
2011.03.07 09:53:11.664,2.21086,2.21134,1.13,1.05
2011.03.07 09:53:11.992,2.21067,2.21126,2.07,1.05
2011.03.07 09:53:12.103,2.21086,2.21134,1.05,1.05
2011.03.07 09:53:12.542,2.21067,2.21126,2.14,1.05
2011.03.07 09:53:12.653,2.21085,2.21135,1.13,1.05
2011.03.07 09:53:13.314,2.21086,2.21134,1.05,1.05
2011.03.07 09:53:13.424,2.21067,2.21126,1.28,1.05
2011.03.07 09:53:13.642,2.21082,2.21133,1.05,1.05
2011.03.07 09:53:13.753,2.21063,2.21125,1.80,1.05
2011.03.07 09:53:13.974,2.21063,2.21125,1.39,1.05
2011.03.07 09:53:14.083,2.21082,2.21133,1.05,1.05
2011.03.07 09:53:14.411,2.21064,2.21124,1.62,1.05
2011.03.07 09:53:14.523,2.21064,2.21124,1.32,1.05
2011.03.07 09:53:14.632,2.21083,2.21132,1.05,1.05
2011.03.07 09:53:14.962,2.21064,2.21124,1.32,1.05
2011.03.07 09:53:15.181,2.21082,2.21133,1.05,1.05
2011.03.07 09:53:15.512,2.21063,2.21125,1.05,1.05
2011.03.07 09:53:15.621,2.21037,2.21088,1.43,1.05
2011.03.07 09:53:15.953,2.21063,2.21125,1.24,1.05
2011.03.07 09:53:16.173,2.21063,2.21125,1.05,1.05
2011.03.07 09:53:16.392,2.21063,2.21125,1.05,1.99
2011.03.07 09:53:16.502,2.2103,2.21116,1.54,1.24
2011.03.07 09:53:16.611,2.21033,2.21095,1.84,1.05
2011.03.07 09:53:18.097,2.21033,2.21095,1.69,1.05
2011.03.07 09:53:18.424,2.21024,2.21089,1.80,1.05
2011.03.07 09:53:18.671,2.21024,2.21089,1.80,1.05
2011.03.07 09:53:19.002,2.21024,2.21087,1.80,1.05
2011.03.07 09:53:19.744,2.21023,2.21087,1.80,1.05
2011.03.07 09:53:20.182,2.21024,2.21091,1.80,1.05
2011.03.07 09:53:20.293,2.21024,2.21089,1.80,1.05
2011.03.07 09:53:23.742,2.21025,2.2109,1.80,1.05
2011.03.07 09:53:24.673,2.21025,2.2109,1.28,1.05
2011.03.07 09:53:24.782,2.21017,2.21078,1.43,1.05
2011.03.07 09:53:25.039,2.21023,2.21085,1.28,1.05
2011.03.07 09:53:25.263,2.21023,2.21085,1.80,1.05
2011.03.07 09:53:25.373,2.21024,2.21091,1.80,1.05
2011.03.07 09:53:26.213,2.21024,2.21091,1.80,1.05
2011.03.07 09:53:34.713,2.21014,2.21068,1.80,1.05
2011.03.07 09:53:35.983,2.21014,2.21068,1.80,1.05
2011.03.07 09:53:37.494,2.21014,2.21068,1.28,1.05
2011.03.07 09:53:38.849,2.21019,2.21075,1.20,1.05
2011.03.07 09:53:39.195,2.21019,2.21075,1.05,1.05
2011.03.07 09:53:39.413,2.21,2.21067,1.65,1.05
2011.03.07 09:53:39.523,2.21,2.21067,1.35,1.05
2011.03.07 09:53:39.853,2.20974,2.21062,1.80,1.05
2011.03.07 09:53:40.183,2.20974,2.21062,1.43,1.05
2011.03.07 09:53:40.622,2.20974,2.21062,1.80,1.05
2011.03.07 09:53:41.705,2.20974,2.21062,1.43,1.05
2011.03.07 09:53:43.035,2.20974,2.21062,1.50,1.05
2011.03.07 09:53:43.488,2.20974,2.21062,1.80,1.05
2011.03.07 09:53:45.933,2.20974,2.21062,1.43,1.05
2011.03.07 09:53:46.043,2.21001,2.21066,1.05,1.05
2011.03.07 09:53:47.595,2.21001,2.21066,1.35,1.05
2011.03.07 09:53:48.355,2.21001,2.21066,1.65,1.05
2011.03.07 09:53:52.213,2.21019,2.2108,1.05,1.05
2011.03.07 09:53:52.432,2.21013,2.21073,1.35,1.05
2011.03.07 09:53:53.005,2.21012,2.21073,1.35,1.05
2011.03.07 09:53:53.112,2.21012,2.21073,1.35,1.05
2011.03.07 09:53:53.512,2.21013,2.21073,1.28,1.05
2011.03.07 09:53:53.796,2.21013,2.21073,1.13,1.05
2011.03.07 09:53:53.914,2.21013,2.21073,1.50,1.05
2011.03.07 09:53:54.243,2.21012,2.21073,1.05,1.05
2011.03.07 09:53:54.353,2.21001,2.21052,1.35,1.05
2011.03.07 09:53:54.573,2.21001,2.21052,1.05,1.05
2011.03.07 09:53:54.682,2.21013,2.21072,1.05,1.05
2011.03.07 09:53:56.252,2.21012,2.21074,1.05,1.05
2011.03.07 09:54:04.012,2.21007,2.21068,1.05,1.05
2011.03.07 09:54:04.122,2.20999,2.21061,1.05,1.05
2011.03.07 09:54:04.852,2.20999,2.21061,1.20,1.05
2011.03.07 09:54:04.964,2.21002,2.21071,1.35,1.05
2011.03.07 09:54:05.072,2.21013,2.21073,1.05,1.05
2011.03.07 09:54:05.454,2.21013,2.21073,1.13,1.05
2011.03.07 09:54:06.042,2.2101,2.21072,1.20,1.05
2011.03.07 09:54:06.154,2.2101,2.21072,1.05,1.05
2011.03.07 09:54:06.454,2.21012,2.21074,1.05,1.05
2011.03.07 09:54:07.443,2.21014,2.21063,1.05,1.05
2011.03.07 09:54:07.852,2.21016,2.21065,1.05,1.05
2011.03.07 09:54:08.754,2.21016,2.21065,1.20,1.05
2011.03.07 09:54:09.413,2.21013,2.21064,1.35,1.05
2011.03.07 09:54:09.745,2.21016,2.21065,1.05,1.05
2011.03.07 09:54:09.853,2.20997,2.21045,1.50,1.05
2011.03.07 09:54:09.963,2.20997,2.21045,1.13,1.05
2011.03.07 09:54:10.073,2.20989,2.21038,1.20,1.05
2011.03.07 09:54:10.184,2.20989,2.21038,1.24,1.05
2011.03.07 09:54:10.295,2.21,2.2106,1.05,1.05
2011.03.07 09:54:11.533,2.21008,2.21067,1.05,1.05
2011.03.07 09:54:11.883,2.21012,2.21074,1.05,1.24
2011.03.07 09:54:12.672,2.21013,2.21073,1.05,1.24
2011.03.07 09:54:13.474,2.21019,2.2108,1.05,1.99
2011.03.07 09:54:13.694,2.21013,2.21073,1.05,1.24
2011.03.07 09:54:14.483,2.21007,2.21068,1.20,1.05
2011.03.07 09:54:14.896,2.21012,2.21074,1.05,1.24
2011.03.07 09:54:18.413,2.21012,2.21074,1.05,1.05
2011.03.07 09:54:18.632,2.21046,2.21098,1.05,1.05
2011.03.07 09:54:18.853,2.21012,2.21074,1.05,1.05
2011.03.07 09:54:18.964,2.21007,2.21068,1.20,1.05
2011.03.07 09:54:19.414,2.21026,2.21075,1.05,1.05
2011.03.07 09:54:19.515,2.21007,2.21068,1.13,1.05
2011.03.07 09:54:19.624,2.21025,2.21076,1.05,1.05
2011.03.07 09:54:19.954,2.20997,2.21056,1.05,1.05
2011.03.07 09:54:20.173,2.21013,2.21062,1.05,1.05
2011.03.07 09:54:20.503,2.21028,2.21077,1.05,1.99
2011.03.07 09:54:20.614,2.20994,2.21053,1.20,1.05
2011.03.07 09:54:20.723,2.20986,2.21046,1.13,1.05
2011.03.07 09:54:20.833,2.21005,2.21055,1.05,1.05
2011.03.07 09:54:21.162,2.20981,2.2104,1.84,1.05
2011.03.07 09:54:21.273,2.20981,2.2104,1.24,1.05
2011.03.07 09:54:21.383,2.21005,2.21055,1.05,1.05
2011.03.07 09:54:21.603,2.20985,2.21047,1.05,1.05
2011.03.07 09:54:21.713,2.20985,2.21047,1.24,1.05
2011.03.07 09:54:22.043,2.20986,2.21046,1.28,1.05
2011.03.07 09:54:22.263,2.21005,2.21055,1.05,1.05
2011.03.07 09:54:22.484,2.21025,2.21076,1.05,1.05
2011.03.07 09:54:22.703,2.21007,2.21068,1.20,1.05
2011.03.07 09:54:23.201,2.21025,2.21076,1.05,1.05
2011.03.07 09:54:23.533,2.21028,2.21076,1.05,1.05
2011.03.07 09:54:23.863,2.21008,2.21069,1.99,1.05
2011.03.07 09:54:23.973,2.21028,2.21076,1.05,1.05
2011.03.07 09:54:24.412,2.21014,2.21069,1.09,1.05
2011.03.07 09:54:24.523,2.21027,2.21077,1.05,1.05
2011.03.07 09:54:24.743,2.21032,2.21083,1.05,1.05
2011.03.07 09:54:24.963,2.21014,2.21075,1.99,1.05
2011.03.07 09:54:25.073,2.21031,2.21084,1.05,1.05
2011.03.07 09:54:25.403,2.21014,2.21075,1.13,1.05
2011.03.07 09:54:25.758,2.21014,2.21075,1.50,1.05
2011.03.07 09:54:26.092,2.21014,2.21075,1.20,1.05
2011.03.07 09:54:26.443,2.21013,2.2108,1.20,1.05
2011.03.07 09:54:26.662,2.21013,2.21078,1.20,1.05
2011.03.07 09:54:26.992,2.21014,2.21079,1.28,1.05
2011.03.07 09:54:27.432,2.21014,2.21075,1.50,1.05
2011.03.07 09:54:27.543,2.21013,2.2108,1.50,1.05
2011.03.07 09:54:27.651,2.21013,2.21078,1.50,1.05
2011.03.07 09:54:28.753,2.2101,2.2107,1.65,1.05
2011.03.07 09:54:29.194,2.21008,2.21067,1.84,1.05
2011.03.07 09:54:29.304,2.21025,2.21076,1.20,1.05
2011.03.07 09:54:29.544,2.21025,2.21076,1.05,1.05
2011.03.07 09:54:29.656,2.21007,2.21068,1.50,1.05
2011.03.07 09:54:29.985,2.21026,2.21075,1.05,1.05
2011.03.07 09:54:30.203,2.21007,2.21068,1.50,1.05
2011.03.07 09:54:30.443,2.21007,2.21068,1.20,1.05
2011.03.07 09:54:30.663,2.21026,2.21075,1.05,1.05
2011.03.07 09:54:30.994,2.21008,2.21067,1.50,1.05
2011.03.07 09:54:33.164,2.21026,2.21075,1.05,1.05
2011.03.07 09:54:51.133,2.21026,2.21075,1.99,1.05
2011.03.07 09:54:51.545,2.21042,2.21092,1.05,1.05
2011.03.07 09:54:51.652,2.21046,2.21095,1.05,1.05
2011.03.07 09:54:54.123,2.21043,2.21091,1.05,1.05
2011.03.07 09:54:54.514,2.21046,2.21095,1.05,1.05
2011.03.07 09:54:55.344,2.21039,2.2109,1.05,1.05
2011.03.07 09:54:56.473,2.21032,2.21082,1.05,1.05
2011.03.07 09:54:56.694,2.21039,2.2109,1.05,1.05
2011.03.07 09:54:58.325,2.21039,2.2109,1.05,1.24
2011.03.07 09:54:58.432,2.2102,2.21081,1.05,1.05
2011.03.07 09:55:01.163,2.21012,2.21074,1.24,1.05
2011.03.07 09:55:02.703,2.2102,2.21081,1.05,1.05
2011.03.07 09:55:04.637,2.21024,2.21083,1.05,1.05
2011.03.07 09:55:06.142,2.21027,2.21087,1.05,1.24
2011.03.07 09:55:06.934,2.21023,2.21084,1.05,1.05
2011.03.07 09:55:11.113,2.21024,2.21086,1.05,1.05
2011.03.07 09:55:11.333,2.21031,2.21092,1.05,1.05
2011.03.07 09:55:11.664,2.21035,2.21094,1.05,1.05
2011.03.07 09:55:11.996,2.21024,2.21072,1.13,1.05
2011.03.07 09:55:12.103,2.21028,2.21076,1.13,1.05
2011.03.07 09:55:12.653,2.21033,2.21084,1.05,1.05
2011.03.07 09:55:12.762,2.21028,2.21076,1.13,1.05
2011.03.07 09:55:13.812,2.21006,2.21071,1.50,1.05
2011.03.07 09:55:14.033,2.21017,2.21066,1.20,1.05
2011.03.07 09:55:14.143,2.21029,2.21079,1.05,1.05
2011.03.07 09:55:14.363,2.21024,2.21075,1.13,1.05
2011.03.07 09:55:15.463,2.21021,2.2107,1.20,1.05
2011.03.07 09:55:15.706,2.21026,2.21075,1.13,1.05
2011.03.07 09:55:16.325,2.21026,2.21075,1.20,1.05
2011.03.07 09:55:16.433,2.21003,2.21072,1.99,1.05
2011.03.07 09:55:16.763,2.21026,2.21075,1.13,1.05
2011.03.07 09:55:17.093,2.21024,2.21072,1.13,1.05
2011.03.07 09:55:17.332,2.21024,2.21072,1.05,1.05
2011.03.07 09:55:17.774,2.21004,2.21071,1.39,1.05
2011.03.07 09:55:17.883,2.21024,2.21072,1.05,1.05
2011.03.07 09:55:24.433,2.21026,2.21075,1.05,1.05
2011.03.07 09:55:24.874,2.21033,2.21082,1.05,1.05
2011.03.07 09:55:25.093,2.21025,2.21076,1.05,1.05
2011.03.07 09:55:25.642,2.21027,2.21077,1.05,1.05
2011.03.07 09:55:26.522,2.21024,2.21072,1.05,1.05
2011.03.07 09:55:33.807,2.21024,2.21072,1.24,1.05
2011.03.07 09:55:33.913,2.21038,2.21088,1.05,1.05
2011.03.07 09:55:39.843,2.21008,2.21058,1.50,1.05
2011.03.07 09:55:40.852,2.21008,2.21058,1.35,1.05
2011.03.07 09:55:41.233,2.21008,2.21058,1.80,1.05
2011.03.07 09:55:41.452,2.21013,2.21065,1.65,1.24
2011.03.07 09:55:42.208,2.21013,2.21065,1.50,1.24
2011.03.07 09:55:42.752,2.21014,2.21064,1.20,1.05
2011.03.07 09:55:45.004,2.21014,2.21064,1.05,1.05
2011.03.07 09:55:45.443,2.21014,2.21064,1.99,1.05
2011.03.07 09:55:45.553,2.21028,2.2108,1.05,1.05
2011.03.07 09:55:46.443,2.21029,2.21078,1.05,1.05
2011.03.07 09:55:46.773,2.21028,2.2108,1.05,1.05
2011.03.07 09:55:47.863,2.21028,2.21079,1.05,1.05
2011.03.07 09:55:48.192,2.21027,2.21077,1.24,1.05
2011.03.07 09:55:48.413,2.21028,2.21079,1.05,1.05
2011.03.07 09:55:49.035,2.2103,2.21098,1.24,1.05
2011.03.07 09:55:49.254,2.2103,2.21098,1.05,1.24
2011.03.07 09:55:49.363,2.21033,2.21098,1.05,1.24
2011.03.07 09:55:49.693,2.2104,2.21091,1.05,1.05
2011.03.07 09:55:50.023,2.21029,2.21079,1.05,1.05
2011.03.07 09:55:50.483,2.21026,2.21075,1.20,1.05
2011.03.07 09:55:50.594,2.21028,2.21079,1.20,1.05
2011.03.07 09:55:51.032,2.21028,2.21076,1.05,1.05
2011.03.07 09:55:51.145,2.21028,2.21079,1.05,1.05
2011.03.07 09:55:51.362,2.21027,2.21077,1.05,1.05
2011.03.07 09:55:51.472,2.21028,2.21079,1.05,1.05
2011.03.07 09:55:51.692,2.21028,2.21076,1.05,1.05
2011.03.07 09:55:51.802,2.21028,2.21079,1.05,1.05
2011.03.07 09:55:51.912,2.21027,2.21077,1.05,1.05
2011.03.07 09:55:52.353,2.21029,2.21078,1.05,1.05
2011.03.07 09:55:53.302,2.21026,2.21075,1.05,1.05
2011.03.07 09:55:53.804,2.21028,2.21079,1.05,1.05
2011.03.07 09:55:55.014,2.21028,2.2108,1.05,1.05
2011.03.07 09:55:57.864,2.21029,2.21078,1.05,1.05
2011.03.07 09:56:01.572,2.21028,2.21076,1.05,1.05
2011.03.07 09:56:02.895,2.21024,2.21072,1.05,1.05
2011.03.07 09:56:03.003,2.2102,2.21071,1.05,1.05
2011.03.07 09:56:03.225,2.21024,2.21072,1.05,1.05
2011.03.07 09:56:04.955,2.21026,2.21075,1.05,1.05
2011.03.07 09:56:05.173,2.21024,2.21072,1.05,1.05
2011.03.07 09:56:06.283,2.21025,2.21076,1.05,1.05
2011.03.07 09:56:06.513,2.21027,2.21077,1.05,1.05
2011.03.07 09:56:06.622,2.21025,2.21076,1.05,1.05
2011.03.07 09:56:06.882,2.21027,2.21077,1.05,1.05
2011.03.07 09:56:07.212,2.21026,2.21075,1.05,1.05
2011.03.07 09:56:07.432,2.21024,2.21075,1.05,1.05
2011.03.07 09:56:07.653,2.21028,2.21076,1.05,1.05
2011.03.07 09:56:08.433,2.21028,2.21079,1.05,1.05
2011.03.07 09:56:09.971,2.21029,2.21079,1.05,1.05
2011.03.07 09:56:11.186,2.21023,2.21073,1.05,1.05
2011.03.07 09:56:11.575,2.21029,2.21079,1.05,1.05
2011.03.07 09:56:12.513,2.21028,2.21079,1.05,1.05
2011.03.07 09:56:15.493,2.21035,2.21085,1.05,1.05
2011.03.07 09:56:17.043,2.21032,2.21083,1.05,1.05
2011.03.07 09:56:17.715,2.21031,2.21081,1.05,1.05
2011.03.07 09:56:18.112,2.21027,2.21077,1.39,1.05
2011.03.07 09:56:18.223,2.21028,2.21079,1.39,1.05
2011.03.07 09:56:18.333,2.21034,2.21083,1.05,1.05
2011.03.07 09:56:18.663,2.21025,2.21077,1.24,1.05
2011.03.07 09:56:19.382,2.21024,2.21075,1.24,1.05
2011.03.07 09:56:22.192,2.21024,2.21075,1.05,1.05
2011.03.07 09:56:24.163,2.21024,2.21075,1.24,1.05
2011.03.07 09:56:24.383,2.21039,2.2109,1.05,1.05
2011.03.07 09:56:24.494,2.21025,2.21074,1.05,1.05
2011.03.07 09:56:25.553,2.2102,2.21071,1.05,1.05
2011.03.07 09:56:25.905,2.21032,2.2108,1.05,1.05
2011.03.07 09:56:26.015,2.2102,2.21071,1.05,1.05
2011.03.07 09:56:26.122,2.21024,2.21072,1.05,1.05
2011.03.07 09:56:26.233,2.21022,2.21071,1.05,1.05
2011.03.07 09:56:26.343,2.21022,2.21071,1.35,1.05
2011.03.07 09:56:26.564,2.21028,2.21095,2.07,1.05
2011.03.07 09:56:26.675,2.21025,2.21097,1.13,1.05
2011.03.07 09:56:26.783,2.2103,2.21096,1.05,1.05
2011.03.07 09:56:27.113,2.21031,2.21081,1.05,1.05
2011.03.07 09:56:27.224,2.21029,2.2108,1.05,1.05
2011.03.07 09:56:27.443,2.21023,2.21073,1.05,1.05
2011.03.07 09:56:27.552,2.21024,2.21075,1.05,1.05
2011.03.07 09:56:27.663,2.21023,2.21073,1.05,1.05
2011.03.07 09:56:27.992,2.21025,2.21074,1.05,1.05
2011.03.07 09:56:28.885,2.21024,2.21072,1.05,1.05
2011.03.07 09:56:31.804,2.2102,2.21071,1.35,1.05
2011.03.07 09:56:32.253,2.21017,2.21066,1.50,1.05
2011.03.07 09:56:32.473,2.21021,2.2107,1.35,1.05
2011.03.07 09:56:32.983,2.21021,2.2107,1.05,1.05
2011.03.07 09:56:33.095,2.21021,2.2107,1.20,1.05
2011.03.07 09:56:33.243,2.21021,2.2107,1.05,1.05
2011.03.07 09:56:33.463,2.21024,2.21072,1.05,1.05
2011.03.07 09:56:33.572,2.21018,2.21067,1.05,1.05
2011.03.07 09:56:33.793,2.21023,2.21073,1.05,1.05
2011.03.07 09:56:35.155,2.21018,2.21067,1.05,1.05
2011.03.07 09:56:35.592,2.21023,2.21073,1.05,1.05
2011.03.07 09:56:36.145,2.21018,2.21067,1.05,1.05
2011.03.07 09:56:37.043,2.21018,2.21067,1.50,1.05
2011.03.07 09:56:37.512,2.21017,2.21066,1.05,1.05
2011.03.07 09:56:37.852,2.21008,2.21069,1.02,1.05
2011.03.07 09:56:39.546,2.21003,2.21069,1.05,1.05
2011.03.07 09:56:39.873,2.20987,2.21055,2.44,1.05
2011.03.07 09:56:40.205,2.21007,2.21053,1.02,1.05
2011.03.07 09:56:40.423,2.20999,2.21068,1.39,1.05
2011.03.07 09:56:40.534,2.21006,2.21055,1.13,1.05
2011.03.07 09:56:40.873,2.21006,2.21055,1.50,1.05
2011.03.07 09:56:41.096,2.21008,2.21083,1.02,1.05
2011.03.07 09:56:41.203,2.21028,2.21079,1.05,1.05
2011.03.07 09:56:41.532,2.21033,2.21084,1.05,1.05
2011.03.07 09:56:42.153,2.21036,2.21087,1.20,1.05
2011.03.07 09:56:42.702,2.21037,2.21086,1.20,1.05
2011.03.07 09:56:43.032,2.21034,2.21083,1.20,1.05
2011.03.07 09:56:43.142,2.21037,2.21086,1.20,1.05
2011.03.07 09:56:43.252,2.21033,2.21084,1.20,1.05
2011.03.07 09:56:43.693,2.21034,2.21083,1.05,1.05
2011.03.07 09:56:43.802,2.21037,2.21086,1.05,1.05
2011.03.07 09:56:44.243,2.21034,2.21083,1.05,1.05
2011.03.07 09:56:44.571,2.21037,2.21086,1.05,1.05
2011.03.07 09:56:45.513,2.21037,2.21086,1.43,1.05
2011.03.07 09:56:45.711,2.21037,2.21086,1.20,1.05
2011.03.07 09:56:48.053,2.21033,2.21082,1.20,1.05
2011.03.07 09:56:51.385,2.21033,2.21082,1.24,1.05
2011.03.07 09:56:51.926,2.21033,2.21082,1.39,1.05
2011.03.07 09:56:52.263,2.21028,2.21079,1.05,1.05
2011.03.07 09:56:52.372,2.21012,2.21069,1.35,1.05
2011.03.07 09:56:52.813,2.21012,2.21061,1.05,1.05
2011.03.07 09:56:53.034,2.2101,2.21061,1.05,1.05
2011.03.07 09:56:53.143,2.21002,2.21058,1.20,1.05
2011.03.07 09:56:53.473,2.21011,2.21062,1.05,1.05
2011.03.07 09:56:54.071,2.21011,2.21062,1.35,1.05
2011.03.07 09:56:55.273,2.21018,2.21069,1.05,1.05
2011.03.07 09:56:55.494,2.21024,2.21072,1.05,1.05
2011.03.07 09:56:56.175,2.21024,2.21072,1.20,1.05
2011.03.07 09:56:56.413,2.21024,2.21072,1.05,1.05
2011.03.07 09:56:57.395,2.21021,2.21069,1.05,1.05
2011.03.07 09:56:57.504,2.21017,2.21068,1.20,1.05
2011.03.07 09:56:57.872,2.21021,2.21072,1.05,1.05
2011.03.07 09:56:58.453,2.21021,2.21072,1.24,1.05
2011.03.07 09:56:58.673,2.21027,2.21077,1.20,1.05
2011.03.07 09:56:58.785,2.21028,2.21079,1.05,1.05
2011.03.07 09:56:58.894,2.21017,2.21083,1.02,1.05
2011.03.07 09:56:59.114,2.21024,2.21076,1.32,1.05
2011.03.07 09:57:00.888,2.21024,2.21076,1.24,1.05
2011.03.07 09:57:01.233,2.21008,2.21067,1.09,1.05
2011.03.07 09:57:01.573,2.21018,2.21069,1.05,1.05
2011.03.07 09:57:01.903,2.21025,2.21075,1.05,1.05
2011.03.07 09:57:02.452,2.21018,2.21066,1.02,1.05
2011.03.07 09:57:02.674,2.21025,2.21075,1.05,1.05
2011.03.07 09:57:03.879,2.21025,2.21075,1.20,1.05
2011.03.07 09:57:04.085,2.21025,2.21075,1.05,1.05
2011.03.07 09:57:04.655,2.21025,2.21075,1.13,1.05
2011.03.07 09:57:05.643,2.21025,2.21075,1.24,1.05
2011.03.07 09:57:05.863,2.21032,2.21083,1.05,1.05
2011.03.07 09:57:06.463,2.21028,2.21079,1.05,1.05
2011.03.07 09:57:06.933,2.21028,2.21079,1.50,1.05
2011.03.07 09:57:07.154,2.21033,2.21082,1.05,1.05
2011.03.07 09:57:07.263,2.21033,2.21082,1.13,1.05
2011.03.07 09:57:07.483,2.21033,2.21082,1.05,1.05
2011.03.07 09:57:07.814,2.21033,2.21082,1.20,1.05
2011.03.07 09:57:08.033,2.21036,2.21087,1.20,1.05
2011.03.07 09:57:08.363,2.21034,2.21083,1.20,1.05
2011.03.07 09:57:08.583,2.21037,2.21086,1.20,1.05
2011.03.07 09:57:08.693,2.21034,2.21083,1.20,1.05
2011.03.07 09:57:08.803,2.21034,2.21083,1.05,1.05
2011.03.07 09:57:08.913,2.21037,2.21086,1.05,1.05
2011.03.07 09:57:09.243,2.21033,2.21082,1.20,1.05
2011.03.07 09:57:09.789,2.21033,2.21082,1.05,1.05
2011.03.07 09:57:09.903,2.21033,2.21082,1.20,1.05
2011.03.07 09:57:10.104,2.21033,2.21082,1.05,1.05
2011.03.07 09:57:10.236,2.21033,2.21082,1.20,1.05
2011.03.07 09:57:10.436,2.21033,2.21082,1.05,1.05
2011.03.07 09:57:10.653,2.21033,2.21082,1.35,1.05
2011.03.07 09:57:10.891,2.21033,2.21082,1.05,1.05
2011.03.07 09:57:12.125,2.21032,2.21083,1.05,1.05
2011.03.07 09:57:12.433,2.21032,2.21083,1.20,1.05
2011.03.07 09:57:12.653,2.21032,2.21083,1.05,1.05
2011.03.07 09:57:12.763,2.21032,2.21083,1.20,1.05
2011.03.07 09:57:12.876,2.21032,2.21083,1.05,1.05
2011.03.07 09:57:13.545,2.21032,2.21083,1.20,1.05
2011.03.07 09:57:13.843,2.21032,2.21083,1.05,1.05
2011.03.07 09:57:13.953,2.21032,2.21083,1.35,1.05
2011.03.07 09:57:14.103,2.21032,2.21083,1.05,1.05
2011.03.07 09:57:14.353,2.21035,2.21083,1.02,1.05
2011.03.07 09:57:14.683,2.21037,2.21086,1.32,1.05
2011.03.07 09:57:14.793,2.21035,2.21084,1.02,1.05
2011.03.07 09:57:14.903,2.21036,2.21087,1.32,1.05
2011.03.07 09:57:15.013,2.21035,2.21084,1.02,1.05
2011.03.07 09:57:15.197,2.21036,2.21087,1.32,1.05
2011.03.07 09:57:18.534,2.21033,2.21082,1.99,1.05
2011.03.07 09:57:25.914,2.21037,2.21086,1.39,1.05
2011.03.07 09:57:26.023,2.21035,2.21084,1.09,1.05
2011.03.07 09:57:32.234,2.21037,2.21086,1.39,1.05
2011.03.07 09:57:32.343,2.21035,2.21083,1.09,1.05
2011.03.07 09:57:35.738,2.21038,2.21087,1.24,1.05
2011.03.07 09:57:35.845,2.21035,2.21083,1.09,1.05
2011.03.07 09:57:38.833,2.21036,2.21087,1.39,1.05
2011.03.07 09:57:40.904,2.2104,2.21088,1.24,1.05
2011.03.07 09:57:41.013,2.2104,2.21091,1.24,1.05
2011.03.07 09:57:41.833,2.2104,2.21088,1.24,1.05
2011.03.07 09:57:41.942,2.21041,2.2109,1.05,1.05
2011.03.07 09:57:42.164,2.21037,2.21086,1.39,1.05
2011.03.07 09:57:42.306,2.2104,2.21091,1.24,1.05
2011.03.07 09:57:42.635,2.2104,2.21088,1.24,1.05
2011.03.07 09:57:43.017,2.21041,2.2109,1.05,1.05
2011.03.07 09:57:43.706,2.21039,2.21089,1.24,1.05
2011.03.07 09:57:43.923,2.2104,2.21091,1.24,1.05
2011.03.07 09:57:44.034,2.21039,2.21089,1.24,1.05
2011.03.07 09:57:44.473,2.2104,2.21091,1.24,1.05
2011.03.07 09:57:45.023,2.2104,2.21088,1.24,1.05
2011.03.07 09:57:45.727,2.2104,2.21088,1.39,1.05
2011.03.07 09:57:46.513,2.21039,2.21089,1.24,1.05
2011.03.07 09:57:46.623,2.21039,2.21089,1.99,1.05
2011.03.07 09:57:46.843,2.21044,2.21093,1.24,1.05
2011.03.07 09:57:47.063,2.21063,2.21114,1.05,1.05
2011.03.07 09:57:49.693,2.21066,2.21117,1.05,1.05
2011.03.07 09:57:51.253,2.21066,2.21117,1.20,1.05
2011.03.07 09:57:52.263,2.21064,2.21115,1.05,1.05
2011.03.07 09:57:52.593,2.21068,2.21118,1.20,1.05
2011.03.07 09:57:52.963,2.21068,2.21118,1.99,1.05
2011.03.07 09:57:53.073,2.21083,2.21133,1.05,1.05
2011.03.07 09:57:53.184,2.21094,2.21156,1.05,1.05
2011.03.07 09:57:53.403,2.21089,2.21148,1.24,1.05
2011.03.07 09:57:53.733,2.21078,2.21126,1.05,1.05
2011.03.07 09:57:55.993,2.21069,2.2112,1.05,1.05
2011.03.07 09:57:56.323,2.21058,2.21117,1.20,1.05
2011.03.07 09:57:57.613,2.21056,2.21106,1.20,1.05
2011.03.07 09:57:58.963,2.21051,2.21099,1.35,1.05
2011.03.07 09:57:59.184,2.21056,2.21106,1.20,1.05
2011.03.07 09:58:00.403,2.21056,2.21106,1.05,1.05
2011.03.07 09:58:00.513,2.21051,2.21099,1.05,1.05
2011.03.07 09:58:00.843,2.21056,2.21106,1.13,1.05
2011.03.07 09:58:01.933,2.2105,2.211,1.05,1.05
2011.03.07 09:58:02.154,2.21056,2.21106,1.05,1.05
2011.03.07 09:58:02.595,2.21054,2.21104,1.05,1.05
2011.03.07 09:58:03.593,2.2105,2.211,1.05,1.05
2011.03.07 09:58:04.143,2.21047,2.21095,1.20,1.05
2011.03.07 09:58:05.354,2.21051,2.21099,1.05,1.05
2011.03.07 09:58:05.573,2.21055,2.21106,1.05,1.05
2011.03.07 09:58:05.683,2.2105,2.211,1.05,1.05
2011.03.07 09:58:05.793,2.21055,2.21106,1.05,1.05
2011.03.07 09:58:06.953,2.2105,2.211,1.05,1.05
2011.03.07 09:58:08.203,2.21047,2.21095,1.05,1.05
2011.03.07 09:58:10.246,2.21047,2.21095,1.20,1.05
2011.03.07 09:58:12.473,2.2105,2.211,1.05,1.05
2011.03.07 09:58:12.804,2.21047,2.21095,1.20,1.05
2011.03.07 09:58:13.322,2.21047,2.21095,1.05,1.05
2011.03.07 09:58:14.386,2.21051,2.21099,1.05,1.05
2011.03.07 09:58:15.247,2.21047,2.21095,1.05,1.05
2011.03.07 09:58:15.553,2.21051,2.21099,1.05,1.05
2011.03.07 09:58:19.794,2.21053,2.21102,1.05,1.05
2011.03.07 09:58:20.464,2.21055,2.21107,1.05,1.05
2011.03.07 09:58:21.633,2.21051,2.21099,1.05,1.05
2011.03.07 09:58:22.865,2.21051,2.21099,1.05,1.99
2011.03.07 09:58:23.083,2.21006,2.21088,2.07,1.24
2011.03.07 09:58:23.303,2.2102,2.2107,1.05,1.05
2011.03.07 09:58:23.634,2.21036,2.21084,1.05,1.05
2011.03.07 09:58:23.963,2.21036,2.21084,1.99,1.05
2011.03.07 09:58:24.183,2.2105,2.211,1.05,1.99
2011.03.07 09:58:24.403,2.21032,2.21091,1.05,1.05
2011.03.07 09:58:24.623,2.21036,2.21084,1.05,1.05
2011.03.07 09:58:25.134,2.21036,2.21084,1.99,1.05
2011.03.07 09:58:25.244,2.21048,2.21099,1.05,1.05
2011.03.07 09:58:25.795,2.21041,2.21091,1.24,1.05
2011.03.07 09:58:26.122,2.21041,2.21091,1.05,1.05
2011.03.07 09:58:28.053,2.21041,2.2109,1.05,1.05
2011.03.07 09:58:28.423,2.2104,2.21092,1.05,1.05
2011.03.07 09:58:28.643,2.21048,2.21099,1.05,1.05
2011.03.07 09:58:29.083,2.2104,2.21092,1.05,1.05
2011.03.07 09:58:32.584,2.21056,2.21106,1.05,1.05
2011.03.07 09:58:33.485,2.21056,2.21106,1.99,1.05
2011.03.07 09:58:33.703,2.21057,2.21113,1.99,1.05
2011.03.07 09:58:33.812,2.21067,2.21116,1.05,1.05
2011.03.07 09:58:35.463,2.21067,2.21118,1.05,1.05
2011.03.07 09:58:35.574,2.21067,2.21116,1.05,1.05
2011.03.07 09:58:35.683,2.21067,2.21118,1.05,1.05
2011.03.07 09:58:35.903,2.21067,2.21116,1.05,1.05
2011.03.07 09:58:36.015,2.21067,2.21118,1.05,1.05
2011.03.07 09:58:36.453,2.21067,2.21116,1.05,1.05
2011.03.07 09:58:36.564,2.21063,2.21114,1.24,1.05
2011.03.07 09:58:38.963,2.21059,2.21107,1.05,1.05
2011.03.07 09:58:39.073,2.21051,2.21102,1.05,1.05
2011.03.07 09:58:39.292,2.21056,2.21105,1.05,1.05
2011.03.07 09:58:39.513,2.21055,2.21107,1.05,1.05
2011.03.07 09:58:48.423,2.21053,2.21104,1.05,1.05
2011.03.07 09:58:48.753,2.21044,2.21095,1.05,1.05
2011.03.07 09:58:49.083,2.21042,2.21093,1.05,1.05
2011.03.07 09:58:49.523,2.2103,2.21081,1.05,1.05
2011.03.07 09:58:49.852,2.21043,2.21092,1.05,1.05
2011.03.07 09:58:50.293,2.21041,2.2109,1.05,1.05
2011.03.07 09:58:50.403,2.21042,2.21093,1.05,1.05
2011.03.07 09:58:50.684,2.21051,2.21102,1.05,1.05
2011.03.07 09:58:51.033,2.21054,2.21104,1.05,1.05
2011.03.07 09:58:51.143,2.21042,2.21093,1.05,1.05
2011.03.07 09:58:52.963,2.21036,2.21087,1.05,1.05
2011.03.07 09:58:59.425,2.21029,2.21079,1.05,1.05
2011.03.07 09:59:00.523,2.21036,2.21087,1.05,1.05
2011.03.07 09:59:00.633,2.21042,2.21093,1.05,1.05
2011.03.07 09:59:14.212,2.21039,2.21091,1.05,1.05
2011.03.07 09:59:14.543,2.21032,2.21089,1.05,1.05
2011.03.07 09:59:14.653,2.21032,2.21089,1.24,1.05
2011.03.07 09:59:15.044,2.21034,2.2109,2.55,1.05
2011.03.07 09:59:15.484,2.21033,2.21088,1.05,1.05
2011.03.07 09:59:20.864,2.21042,2.21092,1.05,1.05
2011.03.07 09:59:21.993,2.21044,2.21095,1.05,1.05
2011.03.07 09:59:23.563,2.21042,2.21092,1.05,1.05
2011.03.07 09:59:23.894,2.2106,2.21109,1.05,1.05
2011.03.07 09:59:24.703,2.2106,2.21109,1.05,1.24
2011.03.07 09:59:24.922,2.21044,2.21095,1.05,1.05
2011.03.07 09:59:30.084,2.21044,2.21095,1.20,1.05
2011.03.07 09:59:30.503,2.21044,2.21095,1.05,1.05
2011.03.07 09:59:31.694,2.2104,2.2109,1.05,1.05
2011.03.07 09:59:34.294,2.2104,2.2109,1.24,1.05
2011.03.07 09:59:34.623,2.21051,2.21111,1.05,1.05
2011.03.07 09:59:34.734,2.21051,2.21111,1.99,1.05
2011.03.07 09:59:35.062,2.21069,2.21121,1.05,1.05
2011.03.07 09:59:35.793,2.21059,2.21118,1.50,1.05
2011.03.07 09:59:36.593,2.21058,2.21118,1.24,1.05
2011.03.07 09:59:38.113,2.21058,2.21115,1.24,1.05
2011.03.07 09:59:38.332,2.21057,2.21119,1.24,1.05
2011.03.07 09:59:39.214,2.21057,2.21116,1.24,1.05
2011.03.07 09:59:39.765,2.21058,2.21115,1.24,1.05
2011.03.07 09:59:39.874,2.21057,2.21119,1.24,1.05
2011.03.07 09:59:40.802,2.2106,2.21119,1.50,1.05
2011.03.07 09:59:41.603,2.2107,2.2112,1.05,1.05
2011.03.07 09:59:42.383,2.21067,2.21118,1.05,1.05
2011.03.07 09:59:42.603,2.21069,2.21121,1.05,1.05
2011.03.07 09:59:42.714,2.21067,2.21118,1.05,1.05
2011.03.07 09:59:43.154,2.21069,2.21121,1.05,1.05
2011.03.07 09:59:43.265,2.21065,2.21115,1.05,1.05
2011.03.07 09:59:43.594,2.2107,2.2112,1.05,1.05
2011.03.07 09:59:48.313,2.21059,2.21111,1.50,1.05
2011.03.07 09:59:48.643,2.21051,2.21111,1.05,1.05
2011.03.07 09:59:49.693,2.21046,2.21105,1.05,1.05
2011.03.07 09:59:50.133,2.21034,2.21083,2.55,1.05
2011.03.07 09:59:50.683,2.21025,2.21077,1.05,1.05
2011.03.07 09:59:51.365,2.21011,2.21062,1.05,1.05
2011.03.07 09:59:53.956,2.21011,2.21062,1.99,1.05
2011.03.07 09:59:54.064,2.21026,2.21076,1.05,1.05
2011.03.07 09:59:54.615,2.2102,2.21071,1.24,1.05
2011.03.07 09:59:54.725,2.21026,2.21076,1.05,1.05
2011.03.07 09:59:55.055,2.21006,2.21055,1.24,1.05
2011.03.07 09:59:55.275,2.21012,2.21061,1.05,1.05
2011.03.07 09:59:57.796,2.21005,2.21056,1.05,1.05
2011.03.07 09:59:58.124,2.2101,2.21061,1.05,1.05
2011.03.07 09:59:58.454,2.21012,2.21061,1.05,1.05
