2011.03.03 05:00:06.939,2.19198,2.19274,1.05,1.24
2011.03.03 05:00:07.159,2.19198,2.19274,1.05,1.05
2011.03.03 05:00:07.269,2.19206,2.19279,1.05,1.05
2011.03.03 05:00:45.669,2.19206,2.19279,1.99,1.05
2011.03.03 05:00:45.888,2.19206,2.19279,1.05,1.05
2011.03.03 05:00:45.999,2.19241,2.19306,1.05,1.99
2011.03.03 05:00:46.110,2.19205,2.1928,1.05,1.05
2011.03.03 05:00:47.899,2.19205,2.1928,1.99,1.05
2011.03.03 05:00:48.119,2.19242,2.19305,1.05,1.05
2011.03.03 05:00:48.228,2.19205,2.1928,1.05,1.05
2011.03.03 05:00:50.648,2.19242,2.19305,1.05,2.03
2011.03.03 05:00:50.760,2.19242,2.19305,1.05,1.95
2011.03.03 05:00:50.869,2.19242,2.19305,1.05,1.20
2011.03.03 05:00:50.980,2.19206,2.19279,1.05,1.05
2011.03.03 05:00:57.120,2.19199,2.19273,1.05,1.05
2011.03.03 05:01:04.398,2.19196,2.1927,1.05,1.05
2011.03.03 05:01:10.151,2.19218,2.19281,1.05,1.05
2011.03.03 05:01:14.490,2.19196,2.1927,1.05,1.05
2011.03.03 05:01:27.029,2.19192,2.19266,1.05,1.05
2011.03.03 05:01:33.250,2.19194,2.19257,1.05,1.24
2011.03.03 05:01:33.579,2.19172,2.19246,1.05,1.24
2011.03.03 05:01:33.689,2.19172,2.19246,1.35,1.24
2011.03.03 05:01:33.909,2.19171,2.19247,1.05,1.24
2011.03.03 05:01:34.019,2.19171,2.19247,1.35,1.24
2011.03.03 05:01:34.129,2.19171,2.19247,1.05,1.24
2011.03.03 05:01:34.239,2.19193,2.19258,1.05,1.99
2011.03.03 05:01:34.459,2.19172,2.19246,1.05,1.24
2011.03.03 05:01:34.679,2.19193,2.19258,1.05,1.99
2011.03.03 05:01:35.009,2.19172,2.19246,1.05,1.24
2011.03.03 05:01:36.039,2.19172,2.19246,1.35,1.24
2011.03.03 05:01:36.152,2.19172,2.19246,1.05,1.24
2011.03.03 05:01:36.600,2.19168,2.19242,1.05,1.05
2011.03.03 05:01:36.928,2.19165,2.1924,1.20,1.05
2011.03.03 05:01:37.178,2.19172,2.19246,1.05,1.05
2011.03.03 05:01:37.508,2.19166,2.19239,1.13,1.05
2011.03.03 05:01:37.730,2.19171,2.19247,1.05,1.05
2011.03.03 05:01:37.950,2.19165,2.1924,1.13,1.05
2011.03.03 05:01:38.169,2.19171,2.19247,1.05,1.05
2011.03.03 05:01:38.389,2.19165,2.1924,1.20,1.05
2011.03.03 05:01:38.720,2.19172,2.19246,1.05,1.05
2011.03.03 05:01:38.939,2.19166,2.19239,1.20,1.05
2011.03.03 05:01:39.179,2.19172,2.19246,1.05,1.05
2011.03.03 05:01:39.400,2.19172,2.19246,1.35,1.05
2011.03.03 05:01:45.903,2.19172,2.19246,1.35,1.05
2011.03.03 05:01:46.209,2.19172,2.19246,1.05,1.05
2011.03.03 05:01:47.128,2.19163,2.19228,1.20,1.05
2011.03.03 05:01:47.898,2.19163,2.19228,1.20,1.05
2011.03.03 05:01:48.379,2.19163,2.19228,1.05,1.05
2011.03.03 05:01:49.676,2.19163,2.19228,1.20,1.05
2011.03.03 05:01:56.318,2.19163,2.19228,1.05,1.05
2011.03.03 05:01:56.429,2.19171,2.1924,1.05,1.69
2011.03.03 05:01:56.649,2.19164,2.19227,1.24,1.05
2011.03.03 05:01:56.759,2.19179,2.19242,1.05,1.05
2011.03.03 05:01:56.869,2.19179,2.19242,1.05,1.99
2011.03.03 05:01:57.089,2.19164,2.19227,1.28,1.05
2011.03.03 05:01:57.199,2.19178,2.19243,1.05,1.24
2011.03.03 05:01:58.009,2.19178,2.19243,1.24,1.05
2011.03.03 05:01:58.119,2.19188,2.19258,1.05,1.24
2011.03.03 05:01:58.339,2.19191,2.19257,1.05,1.24
2011.03.03 05:01:58.669,2.19191,2.19257,1.05,1.05
2011.03.03 05:01:58.999,2.19185,2.1925,1.13,1.05
2011.03.03 05:01:59.109,2.19185,2.1925,1.05,1.05
2011.03.03 05:01:59.220,2.19185,2.1925,1.13,1.05
2011.03.03 05:01:59.742,2.19191,2.19257,1.05,1.05
2011.03.03 05:01:59.959,2.19185,2.1925,1.05,1.05
2011.03.03 05:02:09.458,2.19185,2.1925,1.13,1.05
2011.03.03 05:02:09.587,2.19185,2.1925,1.05,1.05
2011.03.03 05:02:13.988,2.19185,2.1925,1.13,1.05
2011.03.03 05:02:15.089,2.19185,2.1925,1.05,1.05
2011.03.03 05:02:18.308,2.19185,2.1925,1.20,1.05
2011.03.03 05:02:18.719,2.192,2.19264,1.05,1.05
2011.03.03 05:02:18.939,2.19208,2.19282,1.05,1.05
2011.03.03 05:02:19.268,2.19212,2.19308,1.05,1.80
2011.03.03 05:02:19.379,2.19212,2.19308,1.05,2.74
2011.03.03 05:02:20.041,2.19208,2.19282,1.05,1.05
2011.03.03 05:02:34.899,2.19203,2.19276,1.05,1.05
2011.03.03 05:02:35.228,2.19193,2.19259,1.35,1.05
2011.03.03 05:02:35.839,2.19193,2.19259,1.13,1.05
2011.03.03 05:02:37.641,2.19193,2.19259,1.05,1.05
2011.03.03 05:02:40.199,2.19193,2.19259,1.20,1.05
2011.03.03 05:02:43.148,2.19202,2.19277,1.05,1.05
2011.03.03 05:02:44.658,2.19193,2.19259,1.35,1.05
2011.03.03 05:02:45.606,2.19193,2.19259,1.20,1.05
2011.03.03 05:03:05.799,2.19193,2.19259,1.35,1.05
2011.03.03 05:03:05.908,2.192,2.19265,1.05,1.05
2011.03.03 05:03:25.488,2.19208,2.19284,1.05,1.05
2011.03.03 05:03:54.499,2.19215,2.1929,1.05,1.05
2011.03.03 05:03:55.050,2.19229,2.19303,1.05,1.05
2011.03.03 05:04:01.349,2.19235,2.19311,1.05,1.05
2011.03.03 05:04:04.879,2.19242,2.19317,1.05,1.05
2011.03.03 05:04:07.909,2.19238,2.19311,1.05,1.05
2011.03.03 05:04:10.819,2.19242,2.19317,1.05,1.05
2011.03.03 05:04:14.969,2.19238,2.19311,1.05,1.05
2011.03.03 05:04:15.629,2.19242,2.19317,1.05,1.05
2011.03.03 05:04:16.399,2.19235,2.19298,1.05,1.05
2011.03.03 05:04:16.619,2.19228,2.19294,1.20,1.05
2011.03.03 05:04:16.729,2.19228,2.19291,1.20,1.05
2011.03.03 05:04:18.319,2.19223,2.19286,1.05,1.05
2011.03.03 05:04:20.759,2.19227,2.19292,1.05,1.05
2011.03.03 05:04:35.779,2.19228,2.19294,1.05,1.05
2011.03.03 05:04:46.319,2.19235,2.19298,1.05,1.05
2011.03.03 05:04:52.269,2.19227,2.19293,1.05,1.05
2011.03.03 05:04:52.598,2.19222,2.19287,1.05,1.05
2011.03.03 05:04:58.378,2.19236,2.19302,1.05,1.05
2011.03.03 05:04:59.749,2.19241,2.19309,1.05,1.05
2011.03.03 05:05:11.668,2.1925,2.19313,1.05,1.05
2011.03.03 05:05:13.170,2.19255,2.1932,1.05,1.05
2011.03.03 05:05:19.557,2.19255,2.1932,1.05,1.24
2011.03.03 05:05:19.669,2.1924,2.19306,1.05,1.05
2011.03.03 05:05:48.219,2.19244,2.19307,1.05,1.05
2011.03.03 05:05:48.550,2.19248,2.19311,1.05,1.05
2011.03.03 05:06:00.119,2.19243,2.19308,1.05,1.05
2011.03.03 05:06:10.770,2.19236,2.19299,1.05,1.05
2011.03.03 05:06:11.142,2.19244,2.19307,1.05,1.05
2011.03.03 05:06:22.058,2.19248,2.19311,1.05,1.05
2011.03.03 05:07:07.443,2.19242,2.19307,1.05,1.05
2011.03.03 05:07:07.879,2.19248,2.19311,1.05,1.05
2011.03.03 05:07:22.429,2.19254,2.19319,1.05,1.05
2011.03.03 05:07:23.419,2.19234,2.19307,1.05,1.05
2011.03.03 05:07:24.739,2.1923,2.19303,1.24,1.05
2011.03.03 05:07:28.945,2.1923,2.19303,1.05,1.05
2011.03.03 05:07:33.279,2.19223,2.19296,1.05,1.05
2011.03.03 05:07:34.939,2.19226,2.19301,1.05,1.05
2011.03.03 05:07:44.649,2.19233,2.19308,1.05,1.05
2011.03.03 05:07:45.089,2.19255,2.19318,1.05,1.05
2011.03.03 05:07:45.560,2.19248,2.19311,1.05,1.05
2011.03.03 05:07:49.929,2.19262,2.19327,1.05,1.05
2011.03.03 05:07:50.589,2.1923,2.19326,1.99,1.05
2011.03.03 05:07:50.700,2.19256,2.1933,1.05,1.05
2011.03.03 05:07:53.169,2.19248,2.19311,1.05,1.05
2011.03.03 05:07:54.401,2.19248,2.19311,1.47,1.05
2011.03.03 05:07:54.729,2.19263,2.19326,1.05,1.05
2011.03.03 05:07:55.429,2.19255,2.19331,1.05,1.05
2011.03.03 05:07:56.680,2.19255,2.19331,1.05,1.99
2011.03.03 05:07:56.900,2.19232,2.19298,1.35,1.05
2011.03.03 05:07:57.010,2.19219,2.19282,1.24,1.05
2011.03.03 05:07:58.239,2.19227,2.193,1.05,1.05
2011.03.03 05:07:59.190,2.19234,2.19307,1.05,1.05
2011.03.03 05:07:59.409,2.19237,2.19333,1.05,1.05
2011.03.03 05:07:59.959,2.19262,2.19338,1.05,1.05
2011.03.03 05:08:01.729,2.19255,2.19318,1.05,1.05
2011.03.03 05:08:02.909,2.19234,2.19307,1.05,1.05
2011.03.03 05:08:05.109,2.19234,2.19307,1.13,1.05
2011.03.03 05:08:07.959,2.19255,2.19318,1.05,1.24
2011.03.03 05:08:08.723,2.19255,2.19318,1.05,1.05
2011.03.03 05:08:09.619,2.19255,2.19318,1.20,1.05
2011.03.03 05:08:18.920,2.19255,2.19318,1.32,1.05
2011.03.03 05:08:19.030,2.19269,2.19334,1.05,1.05
2011.03.03 05:08:20.190,2.19238,2.19332,1.05,1.05
2011.03.03 05:08:20.409,2.19263,2.19337,1.05,1.05
2011.03.03 05:08:23.759,2.19255,2.19318,1.05,1.05
2011.03.03 05:08:24.577,2.19255,2.19318,1.20,1.05
2011.03.03 05:08:25.921,2.19255,2.19318,1.05,1.05
2011.03.03 05:08:30.909,2.19248,2.19311,1.05,1.05
2011.03.03 05:08:56.579,2.19248,2.19311,1.13,1.24
2011.03.03 05:08:56.909,2.19241,2.19305,1.20,1.05
2011.03.03 05:09:07.321,2.19241,2.19305,1.05,1.05
2011.03.03 05:09:07.429,2.19241,2.19305,1.99,1.05
2011.03.03 05:09:07.759,2.19256,2.19319,1.05,1.05
2011.03.03 05:09:09.553,2.19256,2.19319,1.05,1.99
2011.03.03 05:09:10.017,2.19241,2.19305,1.39,1.05
2011.03.03 05:09:10.629,2.19241,2.19305,1.54,1.05
2011.03.03 05:09:12.660,2.19256,2.19319,1.05,1.05
2011.03.03 05:09:21.161,2.19256,2.19319,1.13,1.05
2011.03.03 05:09:22.110,2.19256,2.19319,1.28,1.05
2011.03.03 05:09:22.331,2.1927,2.19335,1.05,1.05
2011.03.03 05:09:25.874,2.1927,2.19335,1.05,1.99
2011.03.03 05:09:26.201,2.19256,2.19319,1.20,1.05
2011.03.03 05:09:27.671,2.19256,2.19319,1.13,1.05
2011.03.03 05:09:28.519,2.19256,2.19319,1.28,1.05
2011.03.03 05:09:28.959,2.1927,2.19335,1.05,1.05
2011.03.03 05:09:29.185,2.19278,2.19341,1.05,1.24
2011.03.03 05:09:29.629,2.19278,2.19341,1.05,1.99
2011.03.03 05:09:29.960,2.19233,2.19297,1.05,1.99
2011.03.03 05:09:30.070,2.19219,2.19282,1.05,1.05
2011.03.03 05:09:54.190,2.19225,2.19289,1.05,1.24
2011.03.03 05:09:54.519,2.19218,2.19283,1.05,1.05
2011.03.03 05:10:16.183,2.19218,2.19283,1.50,1.05
2011.03.03 05:10:16.400,2.19218,2.19283,1.05,1.05
2011.03.03 05:10:16.731,2.19224,2.1929,1.05,1.24
2011.03.03 05:10:25.135,2.19224,2.1929,1.05,1.05
2011.03.03 05:10:25.240,2.19232,2.19295,1.05,1.05
2011.03.03 05:10:25.570,2.19224,2.1929,1.05,1.05
2011.03.03 05:10:32.898,2.19224,2.1929,1.20,1.05
2011.03.03 05:10:46.510,2.19224,2.1929,1.05,1.05
2011.03.03 05:10:46.805,2.19219,2.19282,1.05,1.05
2011.03.03 05:11:00.161,2.19219,2.19282,1.35,1.05
2011.03.03 05:11:00.628,2.19219,2.19282,1.05,1.05
2011.03.03 05:11:03.130,2.19224,2.1929,1.05,1.05
2011.03.03 05:11:12.200,2.19231,2.19296,1.05,1.05
2011.03.03 05:11:12.310,2.19236,2.19304,1.05,1.05
2011.03.03 05:11:12.531,2.19221,2.19289,1.05,1.99
2011.03.03 05:11:12.640,2.19205,2.19275,1.05,1.05
2011.03.03 05:11:23.590,2.19206,2.1927,1.05,1.05
2011.03.03 05:11:24.040,2.19206,2.19274,1.05,1.05
2011.03.03 05:11:25.450,2.19206,2.19274,1.05,1.99
2011.03.03 05:11:25.780,2.19159,2.1926,1.80,1.05
2011.03.03 05:11:25.889,2.19184,2.19264,1.05,1.05
2011.03.03 05:11:41.404,2.1919,2.19265,1.05,1.05
2011.03.03 05:11:41.510,2.19184,2.19264,1.05,1.05
2011.03.03 05:11:46.350,2.19181,2.19255,1.05,1.05
2011.03.03 05:12:35.500,2.19188,2.19262,1.05,1.05
2011.03.03 05:12:38.970,2.1918,2.19256,1.05,1.05
2011.03.03 05:12:42.450,2.19188,2.19262,1.05,1.05
2011.03.03 05:12:44.250,2.19188,2.19262,1.05,1.99
2011.03.03 05:12:44.470,2.19143,2.19254,1.05,1.24
2011.03.03 05:12:44.580,2.19162,2.19258,1.05,1.99
2011.03.03 05:12:48.311,2.19162,2.19258,1.05,1.05
2011.03.03 05:12:49.631,2.19156,2.1925,1.05,1.05
2011.03.03 05:12:59.931,2.19159,2.19255,1.05,1.05
2011.03.03 05:13:00.040,2.19156,2.1925,1.05,1.05
2011.03.03 05:13:00.370,2.19163,2.19257,1.05,1.05
2011.03.03 05:13:00.479,2.19155,2.19251,1.05,1.05
2011.03.03 05:13:03.449,2.19162,2.19258,1.05,1.05
2011.03.03 05:13:13.265,2.19156,2.1925,1.05,1.05
2011.03.03 05:13:19.470,2.19159,2.19255,1.05,1.05
2011.03.03 05:13:23.030,2.19156,2.1925,1.05,1.05
2011.03.03 05:13:23.250,2.19162,2.19258,1.05,1.05
2011.03.03 05:13:23.691,2.19138,2.19253,1.80,1.05
2011.03.03 05:13:23.800,2.19138,2.19253,1.80,1.05
2011.03.03 05:13:26.267,2.19138,2.19253,1.05,1.05
2011.03.03 05:13:27.050,2.19145,2.19259,1.05,1.05
2011.03.03 05:13:29.479,2.19145,2.19259,1.05,1.20
2011.03.03 05:13:29.610,2.19145,2.19259,1.05,1.05
2011.03.03 05:13:29.830,2.19138,2.19253,1.05,1.05
2011.03.03 05:13:31.790,2.19133,2.19229,1.05,1.05
2011.03.03 05:13:32.120,2.19133,2.19229,1.05,1.99
2011.03.03 05:13:32.231,2.19104,2.19198,1.05,1.05
2011.03.03 05:13:32.451,2.19129,2.19203,1.05,1.05
2011.03.03 05:13:41.440,2.19136,2.19209,1.05,1.05
2011.03.03 05:13:54.950,2.19129,2.19203,1.05,1.05
2011.03.03 05:13:58.741,2.19136,2.19209,1.05,1.05
2011.03.03 05:14:01.639,2.19143,2.19216,1.05,1.05
2011.03.03 05:14:16.849,2.19143,2.19216,1.99,1.05
2011.03.03 05:14:17.180,2.19175,2.1924,1.05,1.24
2011.03.03 05:14:17.290,2.19142,2.19217,1.05,1.05
2011.03.03 05:15:10.078,2.19142,2.19217,1.24,1.05
2011.03.03 05:15:10.441,2.19161,2.19224,1.05,1.05
2011.03.03 05:16:00.870,2.19167,2.1923,1.05,1.05
2011.03.03 05:16:16.624,2.19161,2.19224,1.05,1.05
2011.03.03 05:16:17.139,2.19161,2.19224,1.99,1.05
2011.03.03 05:16:17.250,2.19179,2.19242,1.05,1.05
2011.03.03 05:16:17.359,2.19179,2.19242,1.99,1.05
2011.03.03 05:16:17.579,2.19193,2.19257,1.05,1.05
2011.03.03 05:16:18.951,2.19193,2.19257,1.05,1.35
2011.03.03 05:16:19.060,2.19193,2.19257,1.05,1.05
2011.03.03 05:16:23.741,2.19193,2.19257,1.05,1.99
2011.03.03 05:16:23.961,2.19149,2.19212,1.05,1.05
2011.03.03 05:16:26.150,2.19149,2.19212,1.99,1.05
2011.03.03 05:16:26.260,2.19171,2.19247,1.24,1.05
2011.03.03 05:16:26.480,2.19171,2.19247,1.05,1.99
2011.03.03 05:16:26.700,2.19164,2.19227,1.05,1.05
2011.03.03 05:16:29.680,2.19142,2.19217,1.20,1.05
2011.03.03 05:16:29.790,2.19142,2.19217,1.05,1.05
2011.03.03 05:16:41.410,2.19142,2.19217,1.05,1.99
2011.03.03 05:16:41.631,2.19097,2.19154,1.02,1.05
2011.03.03 05:16:41.740,2.19117,2.19213,1.05,1.80
2011.03.03 05:16:41.850,2.19117,2.19213,1.05,1.43
2011.03.03 05:16:42.070,2.1909,2.19154,1.95,1.05
2011.03.03 05:16:42.290,2.19118,2.19212,1.99,1.99
2011.03.03 05:16:44.427,2.19118,2.19212,1.05,1.05
2011.03.03 05:17:07.881,2.19118,2.19212,1.20,1.05
2011.03.03 05:17:08.210,2.19142,2.19217,1.05,1.05
2011.03.03 05:17:14.035,2.19142,2.19217,1.35,1.05
2011.03.03 05:17:14.466,2.19142,2.19217,1.05,1.05
2011.03.03 05:17:14.971,2.19135,2.19198,1.05,1.05
2011.03.03 05:17:22.920,2.19113,2.19187,1.20,1.05
2011.03.03 05:17:23.813,2.19113,2.19187,1.50,1.05
2011.03.03 05:17:34.051,2.19113,2.19187,1.35,1.05
2011.03.03 05:17:35.238,2.19113,2.19187,1.13,1.05
2011.03.03 05:17:35.351,2.19113,2.19187,1.05,1.05
2011.03.03 05:17:37.866,2.19113,2.19187,1.20,1.05
2011.03.03 05:17:38.319,2.19113,2.19187,1.50,1.05
2011.03.03 05:17:38.453,2.19113,2.19187,1.13,1.05
2011.03.03 05:17:39.541,2.19113,2.19187,1.05,1.24
2011.03.03 05:17:39.651,2.19097,2.19163,1.05,1.05
2011.03.03 05:17:39.980,2.19085,2.19148,1.13,1.05
2011.03.03 05:17:40.420,2.19092,2.19155,1.05,1.05
2011.03.03 05:17:41.588,2.19092,2.19155,1.20,1.05
2011.03.03 05:17:42.181,2.19084,2.19149,1.50,1.05
2011.03.03 05:17:44.870,2.19092,2.19155,1.35,1.05
2011.03.03 05:17:45.614,2.19092,2.19155,1.05,1.05
2011.03.03 05:17:46.032,2.19092,2.19155,1.20,1.05
2011.03.03 05:17:47.362,2.19092,2.19155,1.05,1.05
2011.03.03 05:17:47.582,2.19092,2.19155,1.35,1.05
2011.03.03 05:17:47.855,2.19092,2.19155,1.20,1.05
2011.03.03 05:17:48.070,2.19092,2.19155,1.35,1.05
2011.03.03 05:17:48.404,2.19092,2.19155,1.20,1.05
2011.03.03 05:17:51.883,2.19092,2.19155,1.05,1.05
2011.03.03 05:17:53.091,2.19092,2.19155,1.35,1.05
2011.03.03 05:17:53.201,2.19092,2.19155,1.05,1.05
2011.03.03 05:18:11.190,2.19092,2.19155,1.35,1.05
2011.03.03 05:18:11.300,2.19097,2.19163,1.20,1.05
2011.03.03 05:18:12.002,2.19097,2.19163,1.50,1.05
2011.03.03 05:18:12.220,2.19104,2.19169,1.05,1.05
2011.03.03 05:18:13.619,2.19104,2.19169,1.13,1.05
2011.03.03 05:18:21.270,2.19104,2.19169,1.05,1.05
2011.03.03 05:18:26.448,2.19104,2.19169,1.20,1.05
2011.03.03 05:18:26.577,2.19104,2.19169,1.05,1.05
2011.03.03 05:18:27.109,2.19104,2.19169,1.13,1.05
2011.03.03 05:18:42.101,2.19104,2.19169,1.05,1.05
2011.03.03 05:18:46.723,2.19104,2.19169,1.20,1.05
2011.03.03 05:18:50.701,2.19104,2.19169,1.05,1.05
2011.03.03 05:18:55.426,2.19104,2.19169,1.13,1.05
2011.03.03 05:18:58.591,2.19104,2.19169,1.20,1.05
2011.03.03 05:19:04.762,2.19104,2.19169,1.05,1.05
2011.03.03 05:19:05.410,2.19112,2.19188,1.05,1.99
2011.03.03 05:19:05.520,2.19104,2.19169,1.05,1.05
2011.03.03 05:19:13.541,2.19104,2.19169,1.20,1.05
2011.03.03 05:19:13.651,2.19104,2.19169,1.05,1.05
2011.03.03 05:19:24.495,2.19098,2.19162,1.05,1.05
2011.03.03 05:19:28.588,2.19098,2.19162,1.20,1.05
2011.03.03 05:19:28.725,2.19098,2.19162,1.13,1.05
2011.03.03 05:19:28.949,2.19098,2.19162,1.20,1.05
2011.03.03 05:19:29.599,2.19098,2.19162,1.13,1.05
2011.03.03 05:19:29.821,2.19092,2.19155,1.20,1.24
2011.03.03 05:19:30.151,2.19085,2.19148,1.28,1.05
2011.03.03 05:19:30.261,2.19074,2.19144,1.28,1.05
2011.03.03 05:19:30.591,2.19084,2.19149,1.13,1.05
2011.03.03 05:19:31.678,2.19084,2.19149,1.28,1.05
2011.03.03 05:19:32.352,2.19084,2.19149,1.20,1.05
2011.03.03 05:19:33.674,2.19084,2.19149,1.13,1.05
2011.03.03 05:19:42.903,2.19084,2.19149,1.50,1.05
2011.03.03 05:19:43.421,2.19084,2.19149,1.13,1.05
2011.03.03 05:20:01.817,2.19084,2.19149,1.50,1.05
2011.03.03 05:20:01.950,2.19084,2.19149,1.13,1.05
2011.03.03 05:20:02.084,2.19084,2.19149,1.28,1.05
2011.03.03 05:20:02.193,2.19084,2.19149,1.20,1.05
2011.03.03 05:20:02.581,2.19084,2.19149,1.28,1.05
2011.03.03 05:20:04.615,2.19084,2.19149,1.13,1.05
2011.03.03 05:20:06.882,2.19077,2.19142,1.28,1.05
2011.03.03 05:20:07.899,2.19077,2.19142,1.50,1.05
2011.03.03 05:20:10.455,2.19077,2.19142,1.28,1.05
2011.03.03 05:20:33.521,2.19077,2.19142,1.80,1.05
2011.03.03 05:20:33.951,2.19084,2.19149,1.28,1.05
2011.03.03 05:20:35.611,2.19084,2.19149,1.20,1.05
2011.03.03 05:20:40.730,2.19078,2.19143,1.35,1.05
2011.03.03 05:20:41.926,2.19076,2.19139,1.20,1.05
2011.03.03 05:20:44.511,2.19076,2.19139,1.50,1.05
2011.03.03 05:20:45.529,2.19076,2.19139,1.50,1.05
2011.03.03 05:20:46.702,2.19076,2.19139,1.13,1.05
2011.03.03 05:20:48.441,2.19076,2.19139,1.50,1.05
2011.03.03 05:20:50.053,2.19076,2.19139,1.20,1.05
2011.03.03 05:20:50.381,2.19076,2.19139,1.50,1.05
2011.03.03 05:20:51.472,2.19065,2.19135,1.80,1.05
2011.03.03 05:20:51.801,2.19065,2.19135,1.50,1.05
2011.03.03 05:20:52.579,2.19065,2.19135,1.28,1.05
2011.03.03 05:20:57.800,2.19076,2.19139,1.13,1.05
2011.03.03 05:20:58.947,2.19076,2.19139,1.50,1.05
2011.03.03 05:21:05.781,2.19076,2.19139,1.43,1.05
2011.03.03 05:21:06.252,2.19076,2.19139,1.28,1.05
2011.03.03 05:21:06.692,2.19076,2.19139,1.13,1.05
2011.03.03 05:21:07.813,2.19076,2.19139,1.80,1.05
2011.03.03 05:21:07.928,2.19076,2.19139,1.50,1.05
2011.03.03 05:21:08.042,2.19068,2.19134,1.65,1.05
2011.03.03 05:21:19.935,2.19068,2.19134,1.43,1.05
2011.03.03 05:21:21.002,2.19068,2.19134,1.35,1.05
2011.03.03 05:21:21.381,2.19063,2.19126,1.28,1.05
2011.03.03 05:21:21.711,2.19056,2.1912,1.17,1.05
2011.03.03 05:21:21.931,2.19056,2.1912,1.32,1.05
2011.03.03 05:21:22.993,2.19056,2.1912,1.17,1.05
2011.03.03 05:21:24.069,2.19056,2.1912,1.17,1.05
2011.03.03 05:21:25.544,2.19056,2.1912,1.69,1.05
2011.03.03 05:21:26.161,2.19056,2.1912,1.69,1.05
2011.03.03 05:21:26.271,2.19063,2.19126,1.80,1.05
2011.03.03 05:21:26.946,2.19063,2.19126,1.43,1.05
2011.03.03 05:21:27.162,2.19063,2.19126,1.65,1.05
2011.03.03 05:21:28.863,2.19063,2.19126,1.28,1.05
2011.03.03 05:21:35.161,2.19069,2.19133,1.20,1.05
2011.03.03 05:21:36.242,2.19069,2.19133,1.35,1.05
2011.03.03 05:21:37.542,2.19069,2.19133,1.20,1.05
2011.03.03 05:21:38.411,2.19071,2.19133,1.09,1.05
2011.03.03 05:21:38.521,2.19084,2.19147,1.05,1.05
2011.03.03 05:21:38.961,2.19068,2.19134,1.47,1.05
2011.03.03 05:21:40.631,2.19068,2.19134,1.84,1.05
2011.03.03 05:21:41.752,2.19068,2.19134,1.47,1.05
2011.03.03 05:21:41.973,2.19062,2.19127,1.43,1.05
2011.03.03 05:21:42.192,2.19062,2.19127,1.35,1.05
2011.03.03 05:21:42.782,2.19062,2.19127,1.80,1.05
2011.03.03 05:21:44.328,2.19062,2.19127,1.35,1.05
2011.03.03 05:21:44.782,2.19068,2.19134,1.20,1.05
2011.03.03 05:21:46.676,2.19068,2.19134,1.65,1.05
2011.03.03 05:21:52.891,2.19081,2.19154,1.35,1.05
2011.03.03 05:21:53.112,2.19068,2.19134,1.35,1.05
2011.03.03 05:21:53.976,2.19068,2.19134,1.28,1.05
2011.03.03 05:21:54.410,2.19068,2.19134,1.65,1.05
2011.03.03 05:21:55.911,2.19071,2.19134,1.54,1.05
2011.03.03 05:21:56.021,2.19081,2.19154,1.35,1.05
2011.03.03 05:21:57.609,2.19081,2.19154,1.35,1.05
2011.03.03 05:22:00.893,2.19081,2.19154,1.35,1.05
2011.03.03 05:22:08.169,2.19081,2.19154,1.35,1.05
2011.03.03 05:22:14.896,2.19081,2.19154,1.05,1.05
2011.03.03 05:22:15.126,2.19081,2.19154,1.35,1.05
2011.03.03 05:22:15.601,2.19073,2.19148,1.43,1.05
2011.03.03 05:22:15.711,2.19073,2.19148,1.35,1.05
2011.03.03 05:22:17.703,2.19073,2.19148,1.05,1.05
2011.03.03 05:22:17.942,2.19073,2.19148,1.20,1.05
2011.03.03 05:22:24.073,2.19073,2.19148,1.05,1.05
2011.03.03 05:22:27.701,2.19062,2.19127,1.35,1.05
2011.03.03 05:22:28.199,2.19062,2.19127,1.65,1.05
2011.03.03 05:22:29.582,2.19062,2.19127,1.65,1.05
2011.03.03 05:22:31.562,2.19062,2.19127,1.20,1.05
2011.03.03 05:22:45.871,2.19055,2.1912,1.28,1.05
2011.03.03 05:22:47.703,2.19055,2.1912,1.50,1.05
2011.03.03 05:23:09.691,2.19066,2.19141,1.28,1.24
2011.03.03 05:23:10.132,2.19066,2.19141,1.05,1.24
2011.03.03 05:23:10.720,2.19066,2.19141,1.05,1.05
2011.03.03 05:23:12.859,2.19066,2.19141,1.13,1.05
2011.03.03 05:23:15.944,2.19066,2.19141,1.50,1.05
2011.03.03 05:23:21.467,2.19066,2.19141,1.20,1.05
2011.03.03 05:23:38.991,2.19056,2.19119,1.28,1.05
2011.03.03 05:23:40.633,2.19056,2.19119,1.28,1.05
2011.03.03 05:23:42.194,2.19056,2.19119,1.20,1.05
2011.03.03 05:23:46.661,2.19056,2.19119,1.50,1.05
2011.03.03 05:23:48.914,2.19056,2.19119,1.20,1.05
2011.03.03 05:23:54.757,2.19056,2.19119,1.05,1.05
2011.03.03 05:23:54.875,2.19056,2.19119,1.20,1.05
2011.03.03 05:24:06.622,2.19056,2.19119,1.50,1.05
2011.03.03 05:24:07.968,2.19056,2.19119,1.28,1.05
2011.03.03 05:24:42.705,2.19056,2.19119,1.20,1.05
2011.03.03 05:24:50.192,2.19056,2.19119,1.50,1.05
2011.03.03 05:24:50.636,2.19056,2.19119,1.13,1.05
2011.03.03 05:24:51.173,2.19056,2.19119,1.28,1.05
2011.03.03 05:24:51.640,2.19056,2.19119,1.13,1.05
2011.03.03 05:24:56.242,2.19056,2.19119,1.28,1.05
2011.03.03 05:25:00.404,2.19056,2.19119,1.13,1.05
2011.03.03 05:25:00.533,2.19056,2.19119,1.50,1.05
2011.03.03 05:25:00.641,2.19056,2.19119,1.13,1.05
2011.03.03 05:25:00.750,2.19056,2.19119,1.28,1.05
2011.03.03 05:25:02.532,2.19056,2.19119,1.13,1.05
2011.03.03 05:25:02.947,2.19056,2.19119,1.50,1.05
2011.03.03 05:25:09.440,2.19056,2.19119,1.13,1.05
2011.03.03 05:26:01.011,2.19056,2.19119,1.05,1.05
2011.03.03 05:26:01.805,2.19056,2.19119,1.13,1.05
2011.03.03 05:26:03.835,2.19056,2.19119,1.05,1.05
2011.03.03 05:26:05.353,2.19056,2.19119,1.13,1.05
2011.03.03 05:26:07.983,2.19056,2.19119,1.05,1.05
2011.03.03 05:26:22.071,2.19055,2.19176,1.05,1.35
2011.03.03 05:26:41.710,2.19062,2.19127,1.05,1.05
2011.03.03 05:26:42.721,2.19062,2.19127,1.99,1.05
2011.03.03 05:26:42.833,2.19076,2.19139,1.24,1.05
2011.03.03 05:26:46.546,2.19079,2.19144,1.05,1.05
2011.03.03 05:26:46.762,2.19075,2.1914,1.05,1.05
2011.03.03 05:26:48.287,2.19076,2.19139,1.05,1.05
2011.03.03 05:27:18.972,2.19032,2.19128,1.80,1.05
2011.03.03 05:27:19.081,2.19032,2.19128,1.80,1.05
2011.03.03 05:27:25.609,2.19032,2.19128,1.80,1.20
2011.03.03 05:27:25.722,2.19032,2.19128,1.80,1.05
2011.03.03 05:27:37.165,2.19032,2.19128,1.80,1.35
2011.03.03 05:27:38.938,2.19032,2.19128,1.80,1.05
2011.03.03 05:28:01.953,2.19057,2.19132,1.05,1.05
2011.03.03 05:28:02.809,2.19047,2.1911,1.05,1.05
2011.03.03 05:28:03.271,2.19032,2.19095,1.05,1.05
2011.03.03 05:28:13.252,2.19017,2.1908,1.05,1.05
2011.03.03 05:28:18.151,2.19002,2.19068,1.05,1.05
2011.03.03 05:28:18.261,2.18974,2.19068,1.95,1.05
2011.03.03 05:28:18.371,2.18974,2.19068,1.95,1.05
2011.03.03 05:28:22.042,2.18974,2.19068,1.05,1.05
2011.03.03 05:28:22.152,2.18959,2.19022,1.80,1.05
2011.03.03 05:28:22.262,2.18975,2.19069,1.13,1.05
2011.03.03 05:28:22.503,2.19016,2.19081,1.05,1.05
2011.03.03 05:28:22.942,2.18973,2.19069,1.80,1.05
2011.03.03 05:28:23.052,2.18973,2.19069,1.80,1.05
2011.03.03 05:28:23.382,2.18973,2.19069,2.10,1.05
2011.03.03 05:28:23.713,2.18998,2.19073,1.05,1.05
2011.03.03 05:28:23.822,2.18974,2.19068,1.95,1.05
2011.03.03 05:28:24.042,2.18998,2.19073,1.05,1.05
2011.03.03 05:28:24.372,2.19002,2.19096,1.80,1.80
2011.03.03 05:28:24.483,2.18957,2.19063,1.73,1.50
2011.03.03 05:28:24.590,2.18843,2.19007,1.69,1.50
2011.03.03 05:28:24.922,2.18855,2.19001,1.69,1.69
2011.03.03 05:28:25.291,2.18879,2.19001,1.09,1.69
2011.03.03 05:28:25.402,2.18879,2.19016,1.69,1.69
2011.03.03 05:28:26.152,2.18876,2.19005,1.17,1.32
2011.03.03 05:28:26.261,2.18868,2.18989,1.24,1.69
2011.03.03 05:28:26.701,2.18887,2.19005,1.02,1.69
2011.03.03 05:28:26.812,2.18885,2.19013,1.69,1.09
2011.03.03 05:28:27.032,2.18914,2.18979,1.05,1.05
2011.03.03 05:28:27.912,2.18914,2.18975,1.05,1.29
2011.03.03 05:28:28.022,2.18855,2.1892,2.03,1.05
2011.03.03 05:28:28.132,2.18858,2.1892,1.02,1.05
2011.03.03 05:28:28.351,2.18887,2.18961,1.05,1.05
2011.03.03 05:28:28.682,2.18887,2.18961,1.99,1.05
2011.03.03 05:28:28.792,2.18923,2.18986,1.05,1.05
2011.03.03 05:28:29.702,2.18923,2.18986,1.05,1.24
2011.03.03 05:28:29.921,2.18886,2.18962,1.20,1.05
2011.03.03 05:28:30.032,2.18908,2.18973,1.05,1.05
2011.03.03 05:28:30.482,2.18886,2.18962,1.20,1.05
2011.03.03 05:28:30.592,2.18908,2.18973,1.05,1.05
2011.03.03 05:28:32.212,2.18887,2.18961,1.13,1.05
2011.03.03 05:28:32.652,2.18909,2.18972,1.05,1.05
2011.03.03 05:28:32.762,2.18886,2.18962,1.05,1.05
2011.03.03 05:28:33.478,2.18886,2.18962,1.20,1.05
2011.03.03 05:28:33.803,2.18891,2.18965,1.05,1.05
2011.03.03 05:28:34.182,2.18894,2.18967,1.05,1.05
2011.03.03 05:28:36.431,2.18886,2.18962,1.05,1.05
2011.03.03 05:28:37.295,2.18886,2.18962,1.99,1.05
2011.03.03 05:28:37.401,2.18908,2.18973,1.05,1.05
2011.03.03 05:28:38.835,2.18908,2.18973,1.24,1.05
2011.03.03 05:28:38.942,2.18923,2.18986,1.05,1.05
2011.03.03 05:28:40.703,2.18909,2.18972,1.05,1.05
2011.03.03 05:28:42.292,2.18921,2.19015,1.05,1.05
2011.03.03 05:28:42.731,2.18916,2.18991,1.05,1.05
2011.03.03 05:28:45.932,2.18938,2.19001,1.05,1.99
2011.03.03 05:28:46.043,2.18893,2.18958,1.05,1.05
2011.03.03 05:28:55.902,2.18899,2.18964,1.05,1.05
2011.03.03 05:28:58.561,2.18899,2.18964,1.99,1.05
2011.03.03 05:28:58.782,2.18907,2.1897,1.99,1.05
2011.03.03 05:28:58.892,2.18907,2.1897,1.05,1.05
2011.03.03 05:28:59.002,2.18928,2.19004,1.05,1.24
2011.03.03 05:28:59.221,2.18921,2.18984,1.05,1.05
2011.03.03 05:28:59.902,2.18936,2.18999,1.05,1.05
2011.03.03 05:29:03.052,2.18936,2.18999,1.24,1.05
2011.03.03 05:29:03.161,2.1895,2.19015,1.05,1.32
2011.03.03 05:29:04.193,2.1895,2.19015,1.05,1.24
2011.03.03 05:29:18.673,2.1895,2.19015,1.24,1.05
2011.03.03 05:29:19.001,2.18964,2.19029,1.05,1.05
2011.03.03 05:29:22.943,2.18964,2.19029,1.24,1.05
2011.03.03 05:29:23.532,2.1898,2.19043,1.05,1.05
2011.03.03 05:29:32.962,2.19023,2.19067,1.05,1.69
2011.03.03 05:29:33.073,2.19023,2.19088,1.05,1.20
2011.03.03 05:29:33.402,2.19023,2.19083,1.05,1.02
2011.03.03 05:29:33.621,2.18988,2.19061,1.05,1.05
2011.03.03 05:29:39.902,2.18995,2.19068,1.05,1.05
2011.03.03 05:29:40.452,2.18986,2.19051,1.05,1.05
2011.03.03 05:30:03.952,2.18986,2.19051,1.05,1.43
2011.03.03 05:30:04.063,2.18942,2.19007,1.05,1.05
2011.03.03 05:30:04.862,2.18936,2.18999,1.05,1.05
2011.03.03 05:30:05.193,2.18928,2.18993,1.05,1.05
2011.03.03 05:30:05.302,2.18936,2.18999,1.05,1.05
2011.03.03 05:30:11.731,2.18943,2.19006,1.05,1.24
2011.03.03 05:30:15.102,2.18943,2.19006,1.05,1.05
2011.03.03 05:30:36.623,2.18949,2.19012,1.05,1.05
2011.03.03 05:30:37.212,2.18956,2.19019,1.05,1.05
2011.03.03 05:30:37.682,2.18948,2.19013,1.24,1.05
2011.03.03 05:30:38.972,2.18948,2.19013,1.05,1.05
2011.03.03 05:30:39.193,2.18943,2.19006,1.24,1.05
2011.03.03 05:30:39.413,2.18957,2.1902,1.05,1.05
2011.03.03 05:30:41.693,2.18942,2.19007,1.05,1.05
2011.03.03 05:30:45.432,2.18942,2.19007,1.24,1.05
2011.03.03 05:30:45.653,2.18957,2.1902,1.05,1.05
2011.03.03 05:30:46.882,2.18943,2.19006,1.05,1.05
2011.03.03 05:31:07.925,2.18936,2.18999,1.05,1.05
2011.03.03 05:31:08.035,2.18934,2.18999,1.05,1.05
2011.03.03 05:31:08.363,2.18927,2.1899,1.13,1.05
2011.03.03 05:31:08.691,2.18921,2.18987,1.20,1.05
2011.03.03 05:31:08.802,2.18921,2.18987,1.05,1.05
2011.03.03 05:31:11.154,2.18921,2.18987,1.20,1.05
2011.03.03 05:31:11.630,2.18921,2.18987,1.05,1.05
2011.03.03 05:31:18.002,2.18927,2.1899,1.05,1.05
2011.03.03 05:31:18.442,2.18921,2.18987,1.05,1.05
2011.03.03 05:31:20.063,2.18926,2.18991,1.13,1.05
2011.03.03 05:31:20.172,2.18921,2.18987,1.05,1.05
2011.03.03 05:31:26.713,2.18921,2.18987,1.35,1.05
2011.03.03 05:31:26.840,2.18921,2.18987,1.05,1.05
2011.03.03 05:31:27.704,2.18921,2.18987,1.35,1.05
2011.03.03 05:31:32.231,2.18921,2.18987,1.05,1.05
2011.03.03 05:31:34.833,2.18921,2.18987,1.99,1.05
2011.03.03 05:31:34.942,2.18944,2.1902,1.24,1.99
2011.03.03 05:31:35.051,2.18944,2.1902,1.24,1.24
2011.03.03 05:31:36.812,2.18944,2.1902,1.05,1.05
2011.03.03 05:31:36.923,2.18944,2.1902,1.13,1.05
2011.03.03 05:31:37.261,2.18952,2.19015,1.05,1.05
2011.03.03 05:31:55.333,2.18958,2.19023,1.05,1.05
2011.03.03 05:31:55.443,2.18965,2.19028,1.05,1.05
2011.03.03 05:31:55.992,2.18965,2.19028,1.05,1.24
2011.03.03 05:31:58.503,2.18964,2.19033,1.05,1.47
2011.03.03 05:31:59.651,2.18965,2.19033,1.05,1.54
2011.03.03 05:32:03.362,2.18964,2.19033,1.05,1.69
2011.03.03 05:32:04.361,2.18964,2.19048,1.05,1.69
2011.03.03 05:32:10.922,2.18964,2.19033,1.05,1.77
2011.03.03 05:32:11.472,2.18965,2.19028,1.05,1.24
2011.03.03 05:32:18.651,2.18965,2.19028,1.99,1.05
2011.03.03 05:32:18.872,2.18994,2.19059,1.05,1.20
2011.03.03 05:32:18.982,2.18994,2.19059,1.05,1.05
2011.03.03 05:32:19.422,2.18979,2.19044,1.05,1.05
2011.03.03 05:32:24.107,2.18973,2.19036,1.05,1.05
2011.03.03 05:32:24.215,2.18966,2.19031,1.05,1.05
2011.03.03 05:32:26.952,2.18972,2.19037,1.05,1.05
2011.03.03 05:32:27.282,2.19039,2.19059,1.05,1.13
2011.03.03 05:32:27.393,2.19039,2.19102,1.05,1.39
2011.03.03 05:32:27.502,2.19031,2.19096,1.05,1.05
2011.03.03 05:32:27.721,2.19039,2.19102,1.05,1.39
2011.03.03 05:32:31.163,2.19044,2.1911,1.05,1.99
2011.03.03 05:32:31.873,2.19044,2.1911,1.05,1.05
2011.03.03 05:32:32.373,2.19047,2.1911,1.05,1.05
2011.03.03 05:32:33.707,2.19047,2.1911,1.05,1.65
2011.03.03 05:32:33.928,2.19047,2.1911,1.05,1.35
2011.03.03 05:32:34.475,2.19047,2.1911,1.05,1.35
2011.03.03 05:32:35.349,2.19047,2.1911,1.05,1.05
2011.03.03 05:32:36.334,2.19044,2.1911,1.05,1.05
2011.03.03 05:32:36.442,2.19052,2.19115,1.05,1.24
2011.03.03 05:32:39.362,2.19052,2.19113,1.05,1.09
2011.03.03 05:32:39.473,2.19039,2.19102,1.05,1.05
2011.03.03 05:32:39.913,2.19025,2.19088,1.05,1.05
2011.03.03 05:32:40.462,2.19025,2.19088,1.05,1.24
2011.03.03 05:32:40.682,2.19019,2.19082,1.05,1.05
2011.03.03 05:32:41.132,2.19011,2.19076,1.05,1.05
2011.03.03 05:32:41.462,2.19018,2.19083,1.05,1.39
2011.03.03 05:32:43.152,2.19018,2.19082,1.05,1.02
2011.03.03 05:32:43.724,2.18997,2.19071,1.05,1.05
2011.03.03 05:32:45.132,2.19,2.19073,1.05,1.13
2011.03.03 05:32:46.143,2.19,2.19073,1.05,1.50
2011.03.03 05:32:46.362,2.19,2.19073,1.05,1.13
2011.03.03 05:32:46.582,2.18997,2.19071,1.05,1.05
2011.03.03 05:32:47.609,2.18997,2.19071,1.05,1.20
2011.03.03 05:32:48.422,2.19004,2.19077,1.05,1.35
2011.03.03 05:32:48.533,2.18996,2.19072,1.05,1.28
2011.03.03 05:32:48.959,2.18996,2.19072,1.05,1.05
2011.03.03 05:32:49.642,2.19,2.19073,1.05,1.28
2011.03.03 05:32:51.825,2.19,2.19073,1.05,1.05
2011.03.03 05:32:52.963,2.19,2.19073,1.05,1.13
2011.03.03 05:32:58.414,2.18996,2.19072,1.05,1.13
2011.03.03 05:33:03.533,2.18996,2.19072,1.05,1.20
2011.03.03 05:33:03.753,2.18996,2.19072,1.05,1.13
2011.03.03 05:33:03.972,2.18996,2.19072,1.05,1.20
2011.03.03 05:33:06.869,2.18996,2.19072,1.05,1.05
2011.03.03 05:33:11.682,2.1899,2.19065,1.05,1.05
2011.03.03 05:33:18.002,2.19005,2.19079,1.05,1.05
2011.03.03 05:33:20.882,2.19011,2.19086,1.05,1.24
2011.03.03 05:33:22.712,2.19011,2.19086,1.05,1.05
2011.03.03 05:33:22.822,2.19026,2.19101,1.05,1.20
2011.03.03 05:33:22.933,2.19026,2.19101,1.05,1.05
2011.03.03 05:33:24.525,2.19021,2.19094,1.05,1.05
2011.03.03 05:33:25.422,2.19021,2.19094,1.05,1.13
2011.03.03 05:33:26.276,2.19021,2.19094,1.05,1.05
2011.03.03 05:33:28.812,2.19027,2.19102,1.05,1.05
2011.03.03 05:33:36.882,2.19033,2.19109,1.05,1.05
2011.03.03 05:33:39.173,2.1904,2.19115,1.05,1.05
2011.03.03 05:33:39.501,2.19056,2.19129,1.05,1.05
2011.03.03 05:33:40.454,2.19069,2.19145,1.05,1.24
2011.03.03 05:33:41.030,2.19069,2.19145,1.05,1.32
2011.03.03 05:33:41.153,2.19069,2.19145,1.05,1.24
2011.03.03 05:33:41.713,2.19053,2.19133,1.05,1.05
2011.03.03 05:33:41.933,2.19056,2.19131,1.05,1.05
2011.03.03 05:33:55.313,2.19072,2.19145,1.05,1.24
2011.03.03 05:33:56.637,2.19072,2.19145,1.05,1.05
2011.03.03 05:34:05.903,2.19065,2.19138,1.24,1.05
2011.03.03 05:34:06.342,2.19071,2.19146,1.05,1.20
2011.03.03 05:34:06.452,2.19064,2.19139,1.24,1.05
2011.03.03 05:34:07.042,2.19064,2.19139,1.24,1.05
2011.03.03 05:34:08.063,2.19064,2.19139,1.99,1.05
2011.03.03 05:34:08.172,2.19079,2.19154,1.24,1.05
2011.03.03 05:34:25.063,2.19079,2.19154,1.05,1.05
2011.03.03 05:34:28.226,2.19079,2.19154,1.05,1.20
2011.03.03 05:34:29.202,2.19079,2.19154,1.05,1.05
2011.03.03 05:34:29.873,2.19093,2.19169,1.05,1.05
2011.03.03 05:34:30.205,2.19079,2.19154,1.05,1.05
2011.03.03 05:34:32.132,2.19065,2.19138,1.05,1.05
2011.03.03 05:34:33.590,2.19065,2.19138,1.24,1.05
2011.03.03 05:34:33.812,2.19079,2.19154,1.05,1.05
2011.03.03 05:34:34.423,2.19065,2.19138,1.05,1.05
2011.03.03 05:34:36.152,2.19079,2.19154,1.05,1.24
2011.03.03 05:34:36.772,2.19064,2.19139,1.05,1.05
2011.03.03 05:34:37.552,2.19064,2.19139,1.99,1.05
2011.03.03 05:34:37.883,2.19067,2.19139,1.69,1.05
2011.03.03 05:34:37.993,2.19108,2.19184,1.05,1.99
2011.03.03 05:34:38.384,2.19093,2.19169,1.24,1.05
2011.03.03 05:34:45.993,2.191,2.19176,1.05,1.05
2011.03.03 05:34:47.452,2.19093,2.19169,1.24,1.05
2011.03.03 05:34:58.764,2.19093,2.19169,1.24,1.35
2011.03.03 05:34:59.916,2.19093,2.19169,1.24,1.05
2011.03.03 05:35:08.024,2.19087,2.19162,1.24,1.05
2011.03.03 05:35:22.333,2.1908,2.19155,1.99,1.05
2011.03.03 05:35:22.443,2.1908,2.19155,1.05,1.05
2011.03.03 05:35:22.773,2.19067,2.19142,1.99,1.05
2011.03.03 05:35:22.993,2.19067,2.19142,1.05,1.05
2011.03.03 05:35:23.213,2.19061,2.19134,1.24,1.05
2011.03.03 05:35:28.722,2.19058,2.19134,1.05,1.05
2011.03.03 05:35:33.687,2.19059,2.19133,1.05,1.05
2011.03.03 05:35:35.888,2.1906,2.19135,1.05,1.05
2011.03.03 05:35:38.835,2.1906,2.19135,1.05,1.13
2011.03.03 05:35:42.168,2.1906,2.19135,1.05,1.05
2011.03.03 05:35:47.666,2.1906,2.19135,1.05,1.13
2011.03.03 05:35:53.203,2.1906,2.19135,1.05,1.13
2011.03.03 05:35:53.423,2.19053,2.19128,1.24,1.05
2011.03.03 05:35:54.092,2.19061,2.19134,1.05,1.05
2011.03.03 05:35:54.423,2.19041,2.19114,1.05,1.05
2011.03.03 05:35:54.752,2.19041,2.19114,1.99,1.05
2011.03.03 05:35:54.973,2.19054,2.19127,1.24,1.05
2011.03.03 05:35:55.193,2.19046,2.19122,1.99,1.05
2011.03.03 05:35:56.182,2.19053,2.19128,1.24,1.05
2011.03.03 05:36:01.148,2.19053,2.19128,1.05,1.05
2011.03.03 05:36:21.598,2.19046,2.19122,1.05,1.05
2011.03.03 05:36:29.923,2.19046,2.19122,1.05,1.28
2011.03.03 05:36:31.732,2.19046,2.19122,1.05,1.20
2011.03.03 05:36:33.043,2.19032,2.19107,1.05,1.05
2011.03.03 05:36:35.423,2.19025,2.191,1.05,1.05
2011.03.03 05:36:35.753,2.19013,2.19086,1.05,1.05
2011.03.03 05:36:36.082,2.19025,2.191,1.05,1.05
2011.03.03 05:36:38.724,2.19032,2.19107,1.05,1.05
2011.03.03 05:36:44.073,2.19026,2.19099,1.05,1.05
2011.03.03 05:36:51.632,2.19,2.19096,1.05,1.05
2011.03.03 05:36:51.743,2.19011,2.19085,1.05,1.05
2011.03.03 05:36:55.153,2.19011,2.19085,1.24,1.05
2011.03.03 05:36:55.482,2.19026,2.19099,1.05,1.05
2011.03.03 05:36:57.693,2.19032,2.19107,1.05,1.05
2011.03.03 05:37:01.934,2.19026,2.19099,1.05,1.05
2011.03.03 05:37:02.044,2.19018,2.19094,1.05,1.05
2011.03.03 05:37:03.593,2.19019,2.19093,1.05,1.05
2011.03.03 05:37:04.184,2.19039,2.19113,1.05,1.05
2011.03.03 05:37:04.512,2.19032,2.19107,1.05,1.05
2011.03.03 05:37:07.434,2.19026,2.19099,1.05,1.05
2011.03.03 05:37:10.143,2.19024,2.19099,1.05,1.05
2011.03.03 05:37:10.252,2.19026,2.19099,1.05,1.05
2011.03.03 05:37:11.552,2.19018,2.19094,1.05,1.05
2011.03.03 05:37:12.103,2.19018,2.19094,1.43,1.05
2011.03.03 05:37:12.433,2.19077,2.19133,1.05,1.02
2011.03.03 05:37:12.653,2.19024,2.19118,1.80,1.05
2011.03.03 05:37:12.763,2.1903,2.19124,1.05,1.24
2011.03.03 05:37:13.703,2.1903,2.19124,1.24,1.05
2011.03.03 05:37:14.034,2.19054,2.1913,1.05,1.05
2011.03.03 05:37:18.723,2.19069,2.19144,1.05,1.13
2011.03.03 05:37:21.051,2.19069,2.19144,1.05,1.05
2011.03.03 05:37:23.172,2.19069,2.19144,1.05,1.13
2011.03.03 05:37:25.937,2.19069,2.19144,1.05,1.05
2011.03.03 05:37:26.043,2.19069,2.19144,1.05,1.13
2011.03.03 05:37:34.224,2.19069,2.19144,1.05,1.50
2011.03.03 05:37:34.783,2.19069,2.19143,1.05,1.02
2011.03.03 05:37:35.003,2.19055,2.19129,1.99,1.05
2011.03.03 05:37:35.332,2.19055,2.19129,1.99,1.43
2011.03.03 05:37:35.553,2.19025,2.191,1.24,1.05
2011.03.03 05:37:36.117,2.19025,2.191,1.99,1.24
2011.03.03 05:37:44.442,2.19025,2.191,1.99,1.05
2011.03.03 05:37:44.663,2.19054,2.1913,1.24,1.99
2011.03.03 05:37:45.212,2.19041,2.19114,1.24,1.24
2011.03.03 05:37:53.943,2.19041,2.19114,1.99,1.05
2011.03.03 05:37:54.053,2.19054,2.19127,1.24,1.05
2011.03.03 05:37:54.382,2.1906,2.19135,1.05,1.99
2011.03.03 05:37:55.143,2.19054,2.19127,1.24,1.05
2011.03.03 05:37:58.664,2.19046,2.19122,1.99,1.05
2011.03.03 05:37:59.467,2.19046,2.19122,1.05,1.05
2011.03.03 05:38:03.347,2.19046,2.19122,1.05,1.99
2011.03.03 05:38:03.672,2.19026,2.19102,1.24,1.05
2011.03.03 05:38:05.326,2.19026,2.19102,1.99,1.05
2011.03.03 05:38:05.653,2.1904,2.19115,1.99,1.05
2011.03.03 05:38:05.763,2.19033,2.19108,1.05,1.05
2011.03.03 05:38:11.693,2.1904,2.19115,1.05,1.05
2011.03.03 05:38:12.896,2.1904,2.19115,1.24,1.05
2011.03.03 05:38:47.524,2.1904,2.19115,1.24,1.28
2011.03.03 05:38:47.633,2.1904,2.19115,1.24,1.13
2011.03.03 05:38:50.736,2.1904,2.19115,1.24,1.05
2011.03.03 05:38:53.123,2.19047,2.19121,1.05,1.24
2011.03.03 05:38:54.575,2.19047,2.19121,1.05,1.39
2011.03.03 05:39:03.317,2.19047,2.19113,1.05,1.02
2011.03.03 05:39:03.643,2.19002,2.19078,1.05,1.05
2011.03.03 05:39:03.862,2.19002,2.19078,1.05,1.99
2011.03.03 05:39:03.973,2.18988,2.19063,1.05,1.05
2011.03.03 05:39:12.092,2.18982,2.19055,1.05,1.05
2011.03.03 05:39:27.762,2.18975,2.1905,1.24,1.05
2011.03.03 05:39:33.913,2.18975,2.1905,1.24,1.99
2011.03.03 05:39:35.434,2.18961,2.19035,1.99,1.05
2011.03.03 05:39:35.831,2.18975,2.1905,1.99,1.05
2011.03.03 05:40:00.463,2.18983,2.19056,1.99,1.99
2011.03.03 05:40:00.793,2.18976,2.19049,1.99,1.05
2011.03.03 05:40:03.197,2.18983,2.19056,1.99,1.99
2011.03.03 05:40:04.184,2.18983,2.19056,1.24,1.05
2011.03.03 05:40:10.745,2.18984,2.19055,1.05,1.05
2011.03.03 05:40:15.444,2.18984,2.19055,1.99,1.05
2011.03.03 05:40:15.553,2.18999,2.19069,1.05,1.05
2011.03.03 05:40:17.643,2.18996,2.19072,1.24,1.05
2011.03.03 05:40:38.542,2.18984,2.19055,1.05,1.05
2011.03.03 05:40:40.522,2.18984,2.19055,1.05,1.24
2011.03.03 05:40:40.632,2.18969,2.1904,1.24,1.05
2011.03.03 05:40:44.243,2.18976,2.19047,1.05,1.05
2011.03.03 05:40:44.664,2.18976,2.19047,1.99,1.05
2011.03.03 05:40:46.682,2.18969,2.1904,1.99,1.05
2011.03.03 05:40:49.604,2.18969,2.1904,1.99,1.05
2011.03.03 05:41:05.620,2.18969,2.1904,1.99,1.20
2011.03.03 05:41:11.303,2.18969,2.1904,1.99,1.05
2011.03.03 05:41:15.223,2.18969,2.1904,1.05,1.24
2011.03.03 05:41:15.443,2.18955,2.19025,1.05,1.05
2011.03.03 05:41:17.114,2.18913,2.19009,1.80,1.05
2011.03.03 05:41:17.224,2.18938,2.19013,1.05,1.05
2011.03.03 05:41:30.674,2.18945,2.19019,1.05,1.05
2011.03.03 05:41:31.113,2.18938,2.19013,1.05,1.05
2011.03.03 05:41:34.443,2.18932,2.19005,1.24,1.05
2011.03.03 05:42:00.886,2.18919,2.18988,1.24,1.05
2011.03.03 05:42:04.303,2.18919,2.18988,1.24,1.05
2011.03.03 05:42:09.586,2.18919,2.18988,1.05,1.99
2011.03.03 05:42:09.915,2.18888,2.18971,1.02,1.05
2011.03.03 05:42:10.371,2.18902,2.18977,1.99,1.05
2011.03.03 05:42:13.322,2.18902,2.18977,1.24,1.05
2011.03.03 05:42:18.149,2.18902,2.18977,1.99,1.05
2011.03.03 05:42:18.473,2.18919,2.18988,1.24,1.05
2011.03.03 05:42:20.153,2.18919,2.18988,1.99,1.05
2011.03.03 05:42:20.373,2.18919,2.18988,1.99,1.05
2011.03.03 05:42:20.483,2.18934,2.19003,1.24,1.24
2011.03.03 05:42:20.594,2.18934,2.19003,1.05,1.99
2011.03.03 05:42:20.704,2.18906,2.19002,1.99,1.99
2011.03.03 05:42:20.924,2.18903,2.18976,1.99,1.05
2011.03.03 05:42:21.143,2.18903,2.18976,1.24,1.05
2011.03.03 05:43:00.143,2.18908,2.18984,1.05,1.05
2011.03.03 05:43:01.784,2.18915,2.1899,1.05,1.05
2011.03.03 05:43:04.435,2.18923,2.18996,1.05,1.05
2011.03.03 05:43:10.693,2.18915,2.1899,1.05,1.05
2011.03.03 05:43:11.135,2.18908,2.18984,1.24,1.05
2011.03.03 05:43:16.404,2.18897,2.18966,1.24,1.05
2011.03.03 05:43:26.934,2.18903,2.18972,1.05,1.05
2011.03.03 05:43:39.572,2.18903,2.18972,1.05,1.24
2011.03.03 05:43:39.793,2.18887,2.1896,1.05,1.05
2011.03.03 05:43:40.123,2.18873,2.18944,1.05,1.05
2011.03.03 05:43:56.373,2.18873,2.18944,1.99,1.05
2011.03.03 05:43:56.593,2.1888,2.18951,1.99,1.05
2011.03.03 05:44:16.801,2.1888,2.18951,1.05,1.99
2011.03.03 05:44:17.463,2.18837,2.18906,2.07,1.05
2011.03.03 05:44:17.574,2.18837,2.18906,2.07,1.05
2011.03.03 05:44:17.684,2.1885,2.18921,1.99,1.05
2011.03.03 05:44:17.794,2.18863,2.18938,1.24,1.05
2011.03.03 05:44:22.345,2.18863,2.18938,1.99,1.05
2011.03.03 05:44:22.507,2.18863,2.18938,1.54,1.05
2011.03.03 05:44:22.614,2.18863,2.18938,1.99,1.05
2011.03.03 05:44:22.759,2.18863,2.18938,1.54,1.05
2011.03.03 05:44:32.316,2.18863,2.18938,1.69,1.05
2011.03.03 05:44:32.437,2.18863,2.18938,1.39,1.05
2011.03.03 05:44:33.216,2.18863,2.18938,1.69,1.05
2011.03.03 05:44:33.684,2.18858,2.18921,1.05,1.05
2011.03.03 05:44:34.647,2.1885,2.18921,1.80,1.05
2011.03.03 05:44:44.309,2.1885,2.18921,1.35,1.05
2011.03.03 05:44:49.043,2.18857,2.18928,1.28,1.05
2011.03.03 05:44:49.263,2.18857,2.18928,1.20,1.05
2011.03.03 05:44:49.483,2.1885,2.18921,2.59,1.05
2011.03.03 05:45:00.565,2.1885,2.18921,2.74,1.05
2011.03.03 05:45:01.030,2.1885,2.18921,2.59,1.05
2011.03.03 05:45:01.714,2.1885,2.18914,1.24,1.05
2011.03.03 05:45:02.044,2.18851,2.1892,1.54,1.05
2011.03.03 05:45:02.656,2.18851,2.1892,1.99,1.05
2011.03.03 05:45:04.218,2.18851,2.1892,1.54,1.05
2011.03.03 05:45:04.459,2.18851,2.1892,1.99,1.05
2011.03.03 05:45:04.904,2.18851,2.1892,1.84,1.05
2011.03.03 05:45:05.673,2.1885,2.18921,2.59,1.05
2011.03.03 05:45:06.916,2.1885,2.18921,2.37,1.05
2011.03.03 05:45:07.485,2.1885,2.18921,2.29,1.05
2011.03.03 05:45:07.938,2.1885,2.18921,2.14,1.05
2011.03.03 05:45:08.177,2.1885,2.18921,2.29,1.05
2011.03.03 05:45:08.520,2.1885,2.18921,2.29,1.05
2011.03.03 05:45:12.173,2.1885,2.18921,2.29,1.05
2011.03.03 05:45:13.855,2.1885,2.18921,1.99,1.05
2011.03.03 05:45:13.963,2.1885,2.18921,1.05,1.05
2011.03.03 05:45:14.074,2.18763,2.18946,1.05,1.73
2011.03.03 05:45:14.182,2.18751,2.18918,1.32,1.73
2011.03.03 05:45:14.404,2.18751,2.18918,1.09,1.73
2011.03.03 05:45:14.513,2.18751,2.18918,1.32,1.73
2011.03.03 05:45:14.623,2.18751,2.18927,1.32,1.73
2011.03.03 05:45:14.733,2.18751,2.18927,1.24,1.73
2011.03.03 05:45:14.954,2.18751,2.18927,1.69,1.73
2011.03.03 05:45:15.356,2.18751,2.18918,1.24,1.05
2011.03.03 05:45:15.964,2.18768,2.18875,1.09,1.69
2011.03.03 05:45:16.403,2.18755,2.18869,1.17,1.32
2011.03.03 05:45:16.623,2.18749,2.18875,1.84,1.69
2011.03.03 05:45:16.733,2.18758,2.18875,1.02,1.69
2011.03.03 05:45:17.574,2.18764,2.18875,1.39,1.69
2011.03.03 05:45:18.370,2.18764,2.18875,1.32,1.69
2011.03.03 05:45:18.497,2.18764,2.18875,1.39,1.69
2011.03.03 05:45:18.755,2.18764,2.18875,1.02,1.69
2011.03.03 05:45:18.863,2.18764,2.18875,1.32,1.69
2011.03.03 05:45:20.604,2.18768,2.18875,1.32,1.69
2011.03.03 05:45:20.934,2.18783,2.18854,1.05,1.05
2011.03.03 05:45:21.565,2.18783,2.18854,1.20,1.05
2011.03.03 05:45:21.914,2.18769,2.18838,1.84,1.05
2011.03.03 05:45:22.134,2.18769,2.18838,1.24,1.05
2011.03.03 05:45:24.204,2.18769,2.18838,1.39,1.05
2011.03.03 05:45:24.423,2.18783,2.18854,1.05,1.05
2011.03.03 05:45:25.673,2.18783,2.18854,1.13,1.05
2011.03.03 05:45:25.788,2.18783,2.18854,1.05,1.05
2011.03.03 05:45:26.753,2.18768,2.18839,1.32,1.05
2011.03.03 05:45:28.159,2.18768,2.18839,1.54,1.05
2011.03.03 05:45:28.295,2.18768,2.18839,1.24,1.05
2011.03.03 05:45:30.516,2.18768,2.18839,1.99,1.05
2011.03.03 05:45:30.843,2.18768,2.18839,1.47,1.05
2011.03.03 05:45:30.954,2.18783,2.18854,1.05,1.05
2011.03.03 05:45:31.397,2.18768,2.18839,1.39,1.05
2011.03.03 05:45:39.253,2.18768,2.18839,1.99,1.05
2011.03.03 05:45:39.733,2.18768,2.18839,1.47,1.05
2011.03.03 05:45:39.843,2.18784,2.18853,1.05,1.05
2011.03.03 05:45:40.418,2.18768,2.18839,1.47,1.05
2011.03.03 05:45:40.743,2.18786,2.1888,1.99,1.05
2011.03.03 05:45:40.854,2.18786,2.1888,1.05,1.99
2011.03.03 05:45:41.183,2.18781,2.18856,1.05,1.05
2011.03.03 05:45:42.049,2.18781,2.18856,1.99,1.05
2011.03.03 05:45:42.484,2.18797,2.18869,1.05,1.05
2011.03.03 05:45:44.158,2.18797,2.18869,1.99,1.05
2011.03.03 05:45:44.483,2.1881,2.18885,1.24,1.05
2011.03.03 05:45:49.924,2.1881,2.18885,1.05,1.05
2011.03.03 05:45:50.363,2.18797,2.18869,1.13,1.05
2011.03.03 05:45:51.035,2.18797,2.18869,1.50,1.05
2011.03.03 05:45:51.145,2.18797,2.18869,1.13,1.05
2011.03.03 05:45:52.924,2.18797,2.18869,1.13,1.24
2011.03.03 05:45:53.255,2.18783,2.18854,1.13,1.05
2011.03.03 05:45:54.448,2.18783,2.18854,1.05,1.05
2011.03.03 05:45:54.913,2.18783,2.18854,1.05,1.99
2011.03.03 05:45:55.024,2.18768,2.18839,1.32,1.05
2011.03.03 05:45:59.794,2.18768,2.18839,1.39,1.05
2011.03.03 05:46:00.904,2.18768,2.18839,1.24,1.05
2011.03.03 05:46:01.124,2.18782,2.18855,1.05,1.05
2011.03.03 05:46:02.094,2.18786,2.1888,1.05,1.05
2011.03.03 05:46:02.719,2.18798,2.18868,1.05,1.05
2011.03.03 05:46:03.713,2.18798,2.18868,1.99,1.05
2011.03.03 05:46:03.824,2.1881,2.18885,1.05,1.05
2011.03.03 05:46:06.590,2.1881,2.18885,1.20,1.05
2011.03.03 05:46:07.444,2.1881,2.18885,1.05,1.99
2011.03.03 05:46:07.664,2.18783,2.18854,1.05,1.24
2011.03.03 05:46:07.883,2.18769,2.18838,1.24,1.05
2011.03.03 05:46:09.329,2.18769,2.18838,1.99,1.05
2011.03.03 05:46:09.434,2.18784,2.18853,1.24,1.05
2011.03.03 05:46:10.706,2.18784,2.18853,1.39,1.05
2011.03.03 05:46:13.793,2.18784,2.18853,1.24,1.05
2011.03.03 05:46:14.070,2.18784,2.18853,1.32,1.05
2011.03.03 05:46:14.564,2.18797,2.18869,1.32,1.05
2011.03.03 05:46:15.475,2.18797,2.18869,1.05,1.99
2011.03.03 05:46:15.696,2.18781,2.18856,1.05,1.05
2011.03.03 05:46:16.794,2.18781,2.18856,1.20,1.05
2011.03.03 05:46:17.503,2.18784,2.18853,1.13,1.05
2011.03.03 05:46:17.614,2.18784,2.18853,1.05,1.05
2011.03.03 05:46:19.576,2.18784,2.18853,1.13,1.05
2011.03.03 05:46:20.366,2.18784,2.18853,1.05,1.05
2011.03.03 05:46:20.524,2.18784,2.18853,1.20,1.05
2011.03.03 05:46:20.634,2.18784,2.18853,1.05,1.05
2011.03.03 05:46:21.773,2.18768,2.18839,1.39,1.05
2011.03.03 05:46:21.994,2.18784,2.18853,1.05,1.05
2011.03.03 05:46:22.104,2.18784,2.18853,1.13,1.05
2011.03.03 05:46:22.433,2.18769,2.18838,1.54,1.05
2011.03.03 05:46:22.544,2.18769,2.18838,1.24,1.05
2011.03.03 05:46:24.157,2.18769,2.18838,1.84,1.05
2011.03.03 05:46:24.586,2.18769,2.18838,1.24,1.05
2011.03.03 05:46:26.049,2.18769,2.18838,1.05,1.99
2011.03.03 05:46:26.484,2.18754,2.18824,1.20,1.05
2011.03.03 05:46:27.140,2.18754,2.18824,1.05,1.05
2011.03.03 05:46:27.955,2.18754,2.18824,1.05,1.99
2011.03.03 05:46:28.173,2.1874,2.18809,1.24,1.05
2011.03.03 05:46:28.799,2.1874,2.18809,1.24,1.05
2011.03.03 05:46:29.165,2.18753,2.18825,1.05,1.05
2011.03.03 05:46:29.903,2.18753,2.18825,1.35,1.05
2011.03.03 05:46:30.366,2.18753,2.18825,1.05,1.05
2011.03.03 05:46:31.329,2.18753,2.18825,1.05,1.99
2011.03.03 05:46:31.434,2.18726,2.18794,1.02,1.05
2011.03.03 05:46:32.164,2.1874,2.18809,1.05,1.05
2011.03.03 05:46:33.226,2.1874,2.18809,1.35,1.05
2011.03.03 05:46:34.260,2.1874,2.18809,1.20,1.05
2011.03.03 05:46:36.241,2.1874,2.18809,1.05,1.05
2011.03.03 05:46:37.333,2.1874,2.18809,1.20,1.05
2011.03.03 05:46:38.466,2.1874,2.18809,1.05,1.05
2011.03.03 05:46:42.924,2.1874,2.18809,1.05,1.99
2011.03.03 05:46:43.738,2.18725,2.18794,1.05,1.05
2011.03.03 05:46:44.343,2.18725,2.18794,1.05,1.99
2011.03.03 05:46:44.454,2.1871,2.1878,1.39,1.05
2011.03.03 05:46:44.564,2.1871,2.1878,1.24,1.05
2011.03.03 05:46:45.863,2.1871,2.1878,1.05,1.99
2011.03.03 05:46:46.195,2.18695,2.18768,1.32,1.05
2011.03.03 05:46:46.413,2.1871,2.1878,1.05,1.05
2011.03.03 05:46:46.524,2.1871,2.1878,1.99,1.05
2011.03.03 05:46:46.634,2.18722,2.18797,1.05,1.05
2011.03.03 05:46:46.748,2.18739,2.1881,1.05,1.99
2011.03.03 05:46:46.854,2.18739,2.1881,1.24,1.05
2011.03.03 05:46:47.183,2.18752,2.18826,1.05,1.05
2011.03.03 05:46:54.143,2.18757,2.18832,1.05,1.24
2011.03.03 05:46:55.404,2.18757,2.18832,1.13,1.05
2011.03.03 05:46:56.173,2.18775,2.18844,1.05,1.05
2011.03.03 05:46:57.570,2.18775,2.18844,1.20,1.05
2011.03.03 05:46:59.414,2.18775,2.18844,1.05,1.05
2011.03.03 05:46:59.883,2.18781,2.18852,1.05,1.05
2011.03.03 05:47:06.955,2.18764,2.18839,1.24,1.05
2011.03.03 05:47:07.063,2.18787,2.18859,1.05,1.80
2011.03.03 05:47:07.613,2.18787,2.18859,1.05,1.05
2011.03.03 05:47:08.164,2.18787,2.18859,1.24,1.05
2011.03.03 05:47:08.384,2.18808,2.18878,1.05,1.24
2011.03.03 05:47:09.894,2.18808,2.18878,1.05,1.99
2011.03.03 05:47:10.004,2.18792,2.18865,1.05,1.24
2011.03.03 05:47:10.114,2.18778,2.18849,1.05,1.05
2011.03.03 05:47:10.224,2.18773,2.18842,1.05,1.05
2011.03.03 05:47:10.445,2.1876,2.18856,1.24,1.05
2011.03.03 05:47:10.555,2.18773,2.18842,1.05,1.05
2011.03.03 05:47:11.464,2.18785,2.1886,1.05,1.05
2011.03.03 05:47:12.744,2.18787,2.1886,1.05,1.05
2011.03.03 05:47:21.503,2.18787,2.1886,1.13,1.05
2011.03.03 05:47:23.265,2.18787,2.1886,1.05,1.05
2011.03.03 05:47:24.744,2.18785,2.1886,1.05,1.05
2011.03.03 05:47:29.353,2.18773,2.18842,1.13,1.05
2011.03.03 05:47:31.454,2.18786,2.18859,1.05,1.05
2011.03.03 05:47:32.273,2.18786,2.18859,1.50,1.05
2011.03.03 05:47:32.753,2.18786,2.18859,1.13,1.05
2011.03.03 05:47:34.784,2.18786,2.18859,1.28,1.05
2011.03.03 05:47:34.897,2.18786,2.18859,1.20,1.05
2011.03.03 05:47:37.494,2.18786,2.18859,1.50,1.05
2011.03.03 05:47:37.713,2.18789,2.18862,1.35,1.05
2011.03.03 05:47:40.874,2.18764,2.18857,1.43,1.05
2011.03.03 05:47:41.204,2.18764,2.18857,1.28,1.05
2011.03.03 05:47:41.314,2.18789,2.18862,1.05,1.05
2011.03.03 05:47:41.644,2.18761,2.18855,1.65,1.05
2011.03.03 05:47:41.755,2.18773,2.18842,1.20,1.05
2011.03.03 05:47:42.194,2.18773,2.18842,1.05,1.05
2011.03.03 05:47:42.474,2.18757,2.1883,1.43,1.05
2011.03.03 05:47:42.693,2.18757,2.1883,1.13,1.05
2011.03.03 05:47:44.954,2.18757,2.1883,1.28,1.05
2011.03.03 05:47:45.174,2.18773,2.18842,1.05,1.05
2011.03.03 05:47:45.958,2.18773,2.18842,1.13,1.05
2011.03.03 05:47:46.523,2.18773,2.18842,1.05,1.05
2011.03.03 05:47:47.945,2.18767,2.18836,1.20,1.05
2011.03.03 05:47:55.375,2.18767,2.18836,1.99,1.05
2011.03.03 05:47:55.703,2.18796,2.18865,1.05,1.05
2011.03.03 05:47:57.674,2.18796,2.18865,1.13,1.05
2011.03.03 05:47:59.839,2.18796,2.18865,1.05,1.05
2011.03.03 05:48:00.954,2.18796,2.18865,1.13,1.05
2011.03.03 05:48:01.599,2.18796,2.18865,1.05,1.05
2011.03.03 05:48:01.704,2.18796,2.18865,1.13,1.05
2011.03.03 05:48:01.817,2.18796,2.18865,1.05,1.05
2011.03.03 05:48:08.654,2.18811,2.1888,1.05,1.05
2011.03.03 05:48:08.984,2.18811,2.1888,1.05,1.99
2011.03.03 05:48:09.093,2.18796,2.18865,1.05,1.05
2011.03.03 05:48:09.424,2.18779,2.18852,1.05,1.24
2011.03.03 05:48:11.404,2.18779,2.18852,1.99,1.05
2011.03.03 05:48:11.733,2.18778,2.18853,1.80,1.05
2011.03.03 05:48:11.843,2.18778,2.18853,1.05,1.05
2011.03.03 05:48:18.163,2.18766,2.18837,1.13,1.05
2011.03.03 05:48:19.652,2.18766,2.18837,1.05,1.05
2011.03.03 05:48:22.795,2.18773,2.18842,1.05,1.05
2011.03.03 05:48:24.164,2.18756,2.18831,1.05,1.05
2011.03.03 05:48:24.383,2.18756,2.18831,1.05,1.99
2011.03.03 05:48:24.494,2.18728,2.18799,1.88,1.05
2011.03.03 05:48:24.604,2.18728,2.18799,1.13,1.05
2011.03.03 05:48:24.935,2.18744,2.18813,1.05,1.05
2011.03.03 05:48:25.264,2.18757,2.1883,1.05,1.05
2011.03.03 05:48:25.484,2.18744,2.18813,1.05,1.05
2011.03.03 05:48:26.575,2.18744,2.18813,1.13,1.05
2011.03.03 05:48:30.534,2.18744,2.18813,1.05,1.05
2011.03.03 05:48:34.074,2.18729,2.18798,1.05,1.05
2011.03.03 05:48:35.124,2.18744,2.18813,1.05,1.24
2011.03.03 05:48:35.453,2.18744,2.18813,1.05,1.05
2011.03.03 05:48:39.154,2.18736,2.18807,1.05,1.05
2011.03.03 05:48:43.184,2.18736,2.18807,1.99,1.05
2011.03.03 05:48:43.294,2.18749,2.18824,1.05,1.05
2011.03.03 05:48:43.404,2.18749,2.18824,1.05,1.99
2011.03.03 05:48:43.625,2.18737,2.18806,1.05,1.05
2011.03.03 05:48:45.813,2.18736,2.1882,1.05,1.69
2011.03.03 05:48:45.923,2.18743,2.1882,1.05,1.69
2011.03.03 05:48:55.317,2.18743,2.18812,1.99,1.05
2011.03.03 05:48:55.754,2.18786,2.18857,1.05,1.99
2011.03.03 05:48:55.975,2.18756,2.18829,1.24,1.05
2011.03.03 05:48:56.193,2.18771,2.18843,1.05,1.24
2011.03.03 05:49:00.306,2.18756,2.1883,1.24,1.05
2011.03.03 05:49:00.634,2.18756,2.1883,1.05,1.05
2011.03.03 05:49:04.993,2.18769,2.18847,1.05,1.05
2011.03.03 05:49:09.254,2.18755,2.18831,1.05,1.05
2011.03.03 05:49:13.485,2.18763,2.18832,1.05,1.05
2011.03.03 05:49:13.705,2.18756,2.1883,1.05,1.05
2011.03.03 05:49:15.400,2.18712,2.18786,1.80,1.05
2011.03.03 05:49:15.515,2.18712,2.18786,1.05,1.05
2011.03.03 05:49:17.974,2.18727,2.188,1.05,1.05
2011.03.03 05:49:18.525,2.18739,2.18817,1.05,1.05
2011.03.03 05:49:18.745,2.18726,2.18801,1.05,1.05
2011.03.03 05:49:22.634,2.18741,2.18815,1.05,1.24
2011.03.03 05:49:22.744,2.18738,2.18818,1.05,1.24
2011.03.03 05:49:23.074,2.18726,2.18801,1.05,1.05
2011.03.03 05:49:23.404,2.18741,2.18815,1.05,1.24
2011.03.03 05:49:24.465,2.18741,2.18815,1.05,1.05
2011.03.03 05:49:24.794,2.18756,2.1883,1.05,1.24
2011.03.03 05:49:26.225,2.18756,2.1883,1.05,1.05
2011.03.03 05:49:26.557,2.18756,2.1883,1.05,1.99
2011.03.03 05:49:26.884,2.18712,2.18786,1.05,1.05
2011.03.03 05:49:26.996,2.18739,2.18817,1.05,1.80
2011.03.03 05:49:27.105,2.18739,2.18817,1.05,1.05
2011.03.03 05:49:27.435,2.18726,2.18801,1.05,1.05
2011.03.03 05:49:28.054,2.18749,2.1882,1.05,1.05
2011.03.03 05:49:28.274,2.18727,2.188,1.05,1.05
2011.03.03 05:49:29.424,2.18712,2.18786,1.05,1.05
2011.03.03 05:49:29.974,2.18708,2.18777,1.05,1.05
2011.03.03 05:49:30.875,2.18721,2.18792,1.05,1.05
2011.03.03 05:49:30.985,2.18707,2.18778,1.05,1.05
2011.03.03 05:49:31.994,2.18722,2.18791,1.05,1.05
2011.03.03 05:49:32.324,2.18708,2.18777,1.05,1.05
2011.03.03 05:49:33.294,2.18722,2.18793,1.05,1.99
2011.03.03 05:49:33.404,2.18736,2.18806,1.05,1.05
2011.03.03 05:49:33.623,2.18736,2.18806,1.05,1.99
2011.03.03 05:49:33.734,2.18723,2.18792,1.05,1.24
2011.03.03 05:49:34.863,2.18723,2.18792,1.05,1.05
2011.03.03 05:49:35.194,2.18736,2.18806,1.05,1.99
2011.03.03 05:49:35.304,2.18736,2.18806,1.05,1.05
2011.03.03 05:49:35.889,2.18729,2.188,1.05,1.05
2011.03.03 05:49:36.215,2.18729,2.188,1.05,1.99
2011.03.03 05:49:36.324,2.18722,2.18793,1.05,1.24
2011.03.03 05:49:37.006,2.18715,2.18786,1.05,1.05
2011.03.03 05:49:38.164,2.18715,2.18786,1.99,1.05
2011.03.03 05:49:38.274,2.18736,2.18806,1.05,1.24
2011.03.03 05:49:39.965,2.18722,2.18793,1.99,1.05
2011.03.03 05:49:40.294,2.18756,2.1883,1.05,2.74
2011.03.03 05:49:40.404,2.18756,2.1883,1.05,1.24
2011.03.03 05:49:42.205,2.18756,2.1883,1.05,1.05
2011.03.03 05:49:44.254,2.18765,2.18836,1.05,1.24
2011.03.03 05:49:45.444,2.18765,2.18836,1.99,1.05
2011.03.03 05:49:45.774,2.18765,2.18836,1.05,1.99
2011.03.03 05:49:46.434,2.18765,2.18836,1.05,1.05
2011.03.03 05:49:46.655,2.18765,2.18836,1.05,1.28
2011.03.03 05:49:47.446,2.18765,2.18836,1.05,1.05
2011.03.03 05:49:49.093,2.18759,2.1883,1.05,1.05
2011.03.03 05:49:50.324,2.18759,2.1883,1.05,1.24
2011.03.03 05:49:50.434,2.18745,2.18816,1.05,1.05
2011.03.03 05:49:53.514,2.18738,2.18809,1.05,1.05
2011.03.03 05:49:54.034,2.18737,2.18808,1.05,1.05
2011.03.03 05:49:54.363,2.1875,2.18821,1.05,1.05
2011.03.03 05:49:54.704,2.18758,2.18827,1.05,1.24
2011.03.03 05:49:56.224,2.18764,2.18834,1.05,1.99
2011.03.03 05:49:56.663,2.18757,2.18828,1.99,1.24
2011.03.03 05:49:57.765,2.18763,2.18833,1.05,1.02
2011.03.03 05:49:57.984,2.18763,2.18833,1.05,1.02
2011.03.03 05:49:58.094,2.18758,2.18827,1.05,1.99
2011.03.03 05:49:59.414,2.18758,2.18827,1.05,1.99
2011.03.03 05:49:59.524,2.1875,2.18821,1.05,1.24
2011.03.03 05:49:59.634,2.1875,2.18821,1.05,1.99
2011.03.03 05:49:59.853,2.18745,2.18816,1.05,1.99
2011.03.03 05:49:59.965,2.18729,2.18802,1.05,1.99
2011.03.03 05:50:00.074,2.18736,2.18806,1.05,1.05
2011.03.03 05:50:00.569,2.18727,2.188,1.05,1.05
2011.03.03 05:50:01.253,2.18742,2.18813,1.05,1.24
2011.03.03 05:50:01.476,2.18756,2.18827,1.05,1.05
2011.03.03 05:50:01.694,2.18749,2.1882,1.05,1.05
2011.03.03 05:50:02.083,2.18757,2.18826,1.05,1.05
2011.03.03 05:50:03.924,2.18763,2.18832,1.05,1.05
2011.03.03 05:50:06.164,2.18777,2.18846,1.05,1.24
2011.03.03 05:50:06.919,2.18783,2.18852,1.05,1.05
2011.03.03 05:50:07.026,2.18777,2.18846,1.05,1.05
2011.03.03 05:50:08.664,2.18777,2.18846,1.05,1.24
2011.03.03 05:50:08.994,2.18763,2.18832,1.05,1.05
2011.03.03 05:50:09.215,2.18776,2.18847,1.05,1.54
2011.03.03 05:50:09.325,2.18769,2.1884,1.05,1.24
2011.03.03 05:50:10.424,2.18762,2.18833,1.05,1.05
2011.03.03 05:50:14.914,2.18749,2.1882,1.05,1.05
2011.03.03 05:50:15.244,2.18763,2.18832,1.05,1.05
2011.03.03 05:50:19.004,2.18757,2.18826,1.05,1.05
2011.03.03 05:50:19.724,2.18763,2.18832,1.05,1.05
2011.03.03 05:50:20.915,2.18734,2.18783,1.02,1.05
2011.03.03 05:50:21.024,2.18712,2.18783,1.43,1.05
2011.03.03 05:50:21.274,2.18712,2.18783,1.05,1.05
2011.03.03 05:50:21.594,2.18712,2.18783,1.20,1.05
2011.03.03 05:50:22.376,2.18712,2.18783,1.20,1.05
2011.03.03 05:50:24.300,2.18712,2.18783,1.05,1.05
2011.03.03 05:50:24.404,2.18715,2.18784,1.05,1.24
2011.03.03 05:50:25.054,2.18721,2.18792,1.05,1.99
2011.03.03 05:50:25.356,2.18721,2.18792,1.05,1.05
2011.03.03 05:50:25.464,2.18726,2.18799,1.05,1.24
2011.03.03 05:50:25.795,2.18722,2.18791,1.05,1.05
2011.03.03 05:50:29.514,2.1873,2.18799,1.05,1.24
2011.03.03 05:50:30.204,2.18737,2.18806,1.05,1.99
2011.03.03 05:50:36.084,2.18739,2.18808,1.05,1.99
2011.03.03 05:50:37.424,2.18742,2.18813,1.05,1.99
2011.03.03 05:50:37.864,2.18742,2.18813,1.05,1.24
2011.03.03 05:50:39.114,2.1875,2.18819,1.05,1.99
2011.03.03 05:50:39.544,2.1875,2.18819,1.05,1.05
2011.03.03 05:50:39.984,2.18757,2.18826,1.05,1.05
2011.03.03 05:50:40.095,2.18749,2.1882,1.05,1.05
2011.03.03 05:50:40.205,2.18749,2.1882,1.99,1.05
2011.03.03 05:50:40.425,2.18776,2.18852,1.05,1.24
2011.03.03 05:50:40.534,2.18765,2.18834,1.05,1.05
2011.03.03 05:50:41.936,2.1878,2.18851,1.05,1.80
2011.03.03 05:50:42.154,2.18782,2.18854,1.05,1.99
2011.03.03 05:50:42.485,2.1877,2.18842,1.05,1.05
2011.03.03 05:50:42.705,2.1878,2.18851,1.05,1.05
2011.03.03 05:50:43.329,2.18787,2.18858,1.05,1.05
2011.03.03 05:50:44.156,2.18781,2.1885,1.05,1.24
2011.03.03 05:50:44.374,2.18779,2.18853,1.05,1.24
2011.03.03 05:50:44.486,2.1878,2.18854,1.05,1.05
2011.03.03 05:50:44.594,2.18774,2.18843,1.05,1.05
2011.03.03 05:50:44.704,2.18772,2.18843,1.24,1.05
2011.03.03 05:50:45.035,2.18764,2.18836,1.05,1.05
2011.03.03 05:50:46.174,2.18757,2.18826,1.05,1.05
2011.03.03 05:50:46.284,2.18757,2.18831,1.05,1.05
2011.03.03 05:50:47.745,2.1875,2.18821,1.05,1.05
2011.03.03 05:50:48.345,2.18757,2.18831,1.05,1.05
2011.03.03 05:50:50.614,2.1874,2.18818,1.05,1.05
2011.03.03 05:50:50.836,2.18757,2.18831,1.05,1.05
2011.03.03 05:50:51.384,2.18758,2.1883,1.05,1.05
2011.03.03 05:50:51.494,2.18758,2.18833,1.05,1.05
2011.03.03 05:50:51.716,2.18758,2.18832,1.05,1.39
2011.03.03 05:50:51.824,2.18715,2.18788,1.80,1.05
2011.03.03 05:50:51.936,2.18719,2.18795,1.24,1.05
2011.03.03 05:50:52.045,2.18716,2.18788,1.69,1.05
2011.03.03 05:50:52.465,2.18743,2.18821,1.05,1.05
2011.03.03 05:50:52.574,2.18751,2.18826,1.05,1.05
2011.03.03 05:50:54.174,2.18741,2.18821,1.05,1.05
2011.03.03 05:50:55.235,2.18738,2.18811,1.05,1.05
2011.03.03 05:51:04.354,2.18744,2.18819,1.05,1.05
2011.03.03 05:51:04.574,2.18738,2.18811,1.05,1.05
2011.03.03 05:51:07.614,2.18742,2.18837,1.05,1.35
2011.03.03 05:51:07.724,2.18755,2.18824,1.05,1.05
2011.03.03 05:51:08.865,2.18761,2.18832,1.05,1.05
2011.03.03 05:51:10.535,2.18754,2.18825,1.05,1.05
2011.03.03 05:51:15.265,2.18762,2.18831,1.05,1.05
2011.03.03 05:51:18.905,2.18732,2.18801,1.80,1.05
2011.03.03 05:51:19.234,2.18749,2.18843,1.05,1.80
2011.03.03 05:51:19.344,2.18749,2.1883,1.05,1.69
2011.03.03 05:51:19.564,2.18749,2.18843,1.99,1.99
2011.03.03 05:51:19.674,2.18744,2.18819,1.99,1.05
2011.03.03 05:51:20.005,2.18761,2.18832,1.24,1.05
2011.03.03 05:51:23.015,2.18755,2.18824,1.05,1.05
2011.03.03 05:51:23.396,2.1876,2.18829,1.05,1.24
2011.03.03 05:51:23.504,2.18754,2.18825,1.05,1.05
2011.03.03 05:51:23.614,2.18762,2.18831,1.05,1.24
2011.03.03 05:51:24.225,2.18745,2.18818,1.24,1.05
2011.03.03 05:51:25.264,2.18751,2.18826,1.05,1.05
2011.03.03 05:51:28.125,2.18747,2.18822,1.05,1.05
2011.03.03 05:51:28.236,2.18742,2.1882,1.05,1.05
2011.03.03 05:51:28.346,2.18759,2.18832,1.05,1.20
2011.03.03 05:51:29.564,2.18766,2.18835,1.05,1.05
2011.03.03 05:51:30.643,2.18758,2.18833,1.05,1.05
2011.03.03 05:51:31.230,2.18758,2.18833,1.05,1.20
2011.03.03 05:51:32.015,2.18758,2.18833,1.05,1.13
2011.03.03 05:51:32.445,2.18742,2.1882,1.05,1.05
2011.03.03 05:51:33.825,2.1875,2.18823,1.05,1.05
2011.03.03 05:51:34.045,2.18742,2.1882,1.05,1.05
2011.03.03 05:51:34.404,2.18752,2.18825,1.05,1.05
2011.03.03 05:51:35.514,2.18741,2.18821,1.05,1.05
2011.03.03 05:51:40.105,2.18748,2.18823,1.05,1.05
2011.03.03 05:51:40.545,2.18756,2.18829,1.05,1.05
2011.03.03 05:51:42.734,2.18749,2.18822,1.05,1.05
2011.03.03 05:51:49.672,2.18752,2.18825,1.05,1.05
2011.03.03 05:51:54.903,2.18756,2.18829,1.05,1.05
2011.03.03 05:51:55.486,2.18755,2.1883,1.05,1.05
2011.03.03 05:51:56.785,2.18751,2.18826,1.05,1.05
2011.03.03 05:51:57.124,2.18755,2.1883,1.05,1.05
2011.03.03 05:51:58.155,2.18765,2.18838,1.05,1.05
2011.03.03 05:51:58.484,2.18769,2.18847,1.05,1.35
2011.03.03 05:51:58.595,2.18769,2.18847,1.05,1.05
2011.03.03 05:51:58.704,2.18765,2.18838,1.05,1.05
2011.03.03 05:52:01.106,2.1877,2.18844,1.05,1.05
2011.03.03 05:52:01.324,2.18769,2.18847,1.05,1.05
2011.03.03 05:52:01.684,2.18769,2.18847,1.05,1.20
2011.03.03 05:52:03.364,2.18772,2.18845,1.05,1.20
2011.03.03 05:52:03.945,2.18772,2.18845,1.05,1.13
2011.03.03 05:52:04.485,2.18777,2.18853,1.05,1.13
2011.03.03 05:52:05.128,2.18777,2.18853,1.05,1.50
2011.03.03 05:52:05.434,2.18777,2.18853,1.05,1.20
2011.03.03 05:52:05.544,2.18785,2.18858,1.05,1.35
2011.03.03 05:52:08.204,2.18771,2.18843,1.05,1.05
2011.03.03 05:52:10.746,2.18763,2.18832,1.05,1.24
2011.03.03 05:52:10.854,2.18755,2.18826,1.05,1.05
2011.03.03 05:52:10.964,2.18752,2.18821,1.05,1.05
2011.03.03 05:52:11.294,2.18758,2.18827,1.05,1.05
2011.03.03 05:52:11.405,2.18751,2.18822,1.05,1.05
2011.03.03 05:52:11.734,2.18755,2.18831,1.05,1.05
2011.03.03 05:52:11.844,2.18752,2.18821,1.05,1.05
2011.03.03 05:52:16.754,2.18759,2.18828,1.05,1.05
2011.03.03 05:52:16.865,2.18751,2.18822,1.05,1.05
2011.03.03 05:52:17.935,2.18751,2.18822,1.05,1.24
2011.03.03 05:52:18.044,2.18738,2.18809,1.20,1.05
2011.03.03 05:52:18.264,2.18741,2.18812,1.05,1.05
2011.03.03 05:52:18.593,2.18738,2.18809,1.05,1.05
2011.03.03 05:52:20.363,2.18738,2.18809,1.24,1.05
2011.03.03 05:52:22.415,2.18738,2.18809,1.05,1.24
2011.03.03 05:52:22.745,2.18726,2.18795,1.20,1.05
2011.03.03 05:52:23.076,2.18729,2.188,1.05,1.05
2011.03.03 05:52:23.404,2.18731,2.18802,1.05,1.05
2011.03.03 05:52:26.515,2.18731,2.18802,1.24,1.05
2011.03.03 05:52:26.624,2.18738,2.18809,1.05,1.05
2011.03.03 05:52:27.154,2.18742,2.18817,1.05,1.05
2011.03.03 05:52:27.945,2.18752,2.18821,1.05,1.05
2011.03.03 05:52:33.196,2.18738,2.18807,1.05,1.05
2011.03.03 05:52:34.416,2.18723,2.18794,1.05,1.05
2011.03.03 05:52:34.634,2.18718,2.18787,1.05,1.05
2011.03.03 05:52:35.224,2.18721,2.18792,1.05,1.05
2011.03.03 05:52:35.554,2.18717,2.18788,1.05,1.05
2011.03.03 05:52:38.544,2.18723,2.18794,1.05,1.05
2011.03.03 05:52:39.104,2.18723,2.18794,1.24,1.05
2011.03.03 05:52:39.214,2.18728,2.18802,1.05,1.05
2011.03.03 05:52:39.545,2.18737,2.18808,1.05,1.05
2011.03.03 05:52:40.823,2.18737,2.18808,1.05,1.99
2011.03.03 05:52:41.255,2.18724,2.18793,1.24,1.05
2011.03.03 05:52:43.654,2.18718,2.18787,1.99,1.05
2011.03.03 05:52:43.984,2.18724,2.18793,1.24,1.05
2011.03.03 05:52:45.016,2.18728,2.18802,1.05,1.05
2011.03.03 05:52:45.125,2.18726,2.18801,1.24,1.05
2011.03.03 05:52:45.915,2.18738,2.18807,1.05,1.05
2011.03.03 05:52:50.625,2.18738,2.18807,1.05,1.99
2011.03.03 05:52:50.955,2.18665,2.18746,1.69,1.05
2011.03.03 05:52:51.174,2.18694,2.18763,1.05,1.05
2011.03.03 05:52:53.154,2.187,2.18769,1.05,1.05
2011.03.03 05:52:54.656,2.18658,2.18753,2.07,1.05
2011.03.03 05:52:54.765,2.18683,2.18758,1.05,1.05
2011.03.03 05:52:55.644,2.18689,2.18765,1.05,1.05
2011.03.03 05:52:56.195,2.18677,2.18748,1.24,1.05
2011.03.03 05:53:00.627,2.18677,2.18748,1.50,1.05
2011.03.03 05:53:00.991,2.18677,2.18748,1.20,1.05
2011.03.03 05:53:01.844,2.18684,2.18754,1.05,1.05
2011.03.03 05:53:02.066,2.18677,2.18748,1.13,1.05
2011.03.03 05:53:02.175,2.18693,2.18764,1.05,1.99
2011.03.03 05:53:02.395,2.18683,2.1876,1.05,1.24
2011.03.03 05:53:02.505,2.18686,2.18755,1.05,1.24
2011.03.03 05:53:03.384,2.18694,2.18763,1.05,1.99
2011.03.03 05:53:04.575,2.18685,2.18756,1.05,1.24
2011.03.03 05:53:04.905,2.18685,2.18756,1.13,1.24
2011.03.03 05:53:05.347,2.18685,2.18756,1.05,1.24
2011.03.03 05:53:05.454,2.18693,2.18762,1.05,1.05
2011.03.03 05:53:05.894,2.187,2.18771,1.05,1.24
2011.03.03 05:53:06.224,2.18707,2.18776,1.05,1.99
2011.03.03 05:53:06.335,2.187,2.18771,1.05,1.24
2011.03.03 05:53:10.094,2.18691,2.1876,1.05,1.05
2011.03.03 05:53:10.644,2.18676,2.18747,1.05,1.05
2011.03.03 05:53:12.096,2.18676,2.18747,1.20,1.05
2011.03.03 05:53:12.657,2.18676,2.18747,1.05,1.05
2011.03.03 05:53:13.126,2.18676,2.18747,1.13,1.05
2011.03.03 05:53:13.706,2.1869,2.18761,1.05,1.05
2011.03.03 05:53:14.153,2.18706,2.18775,1.05,1.24
2011.03.03 05:53:16.975,2.18699,2.18768,1.05,1.05
2011.03.03 05:53:17.886,2.18699,2.18768,1.24,1.05
2011.03.03 05:53:17.995,2.18705,2.18776,1.05,1.05
2011.03.03 05:53:19.327,2.18692,2.18762,1.35,1.05
2011.03.03 05:53:19.765,2.18692,2.18762,1.05,1.05
2011.03.03 05:53:19.985,2.18687,2.18755,1.09,1.05
2011.03.03 05:53:20.094,2.18729,2.188,1.05,1.80
2011.03.03 05:53:20.535,2.18729,2.188,1.05,1.05
2011.03.03 05:53:21.084,2.18735,2.18806,1.05,1.05
2011.03.03 05:53:31.264,2.18735,2.18806,1.05,1.24
2011.03.03 05:53:31.885,2.1873,2.18799,1.05,1.05
2011.03.03 05:53:33.025,2.1873,2.18799,1.05,1.99
2011.03.03 05:53:33.135,2.18714,2.18785,1.20,1.05
2011.03.03 05:53:33.375,2.18714,2.18785,1.50,1.05
2011.03.03 05:53:33.490,2.18714,2.18785,1.05,1.05
2011.03.03 05:53:34.821,2.18714,2.18785,1.05,1.99
2011.03.03 05:53:34.934,2.187,2.18769,1.05,1.24
2011.03.03 05:53:40.156,2.187,2.18769,1.05,1.99
2011.03.03 05:53:40.265,2.18686,2.18755,1.20,1.05
2011.03.03 05:53:44.908,2.18686,2.18755,1.13,1.05
2011.03.03 05:53:45.908,2.18686,2.18755,1.13,1.05
2011.03.03 05:53:50.624,2.18692,2.18761,1.35,1.24
2011.03.03 05:53:50.735,2.18692,2.18761,1.05,1.24
2011.03.03 05:53:54.014,2.18685,2.18754,1.13,1.05
2011.03.03 05:53:54.125,2.18685,2.18754,1.05,1.05
2011.03.03 05:53:54.235,2.18685,2.18754,1.20,1.05
2011.03.03 05:53:54.564,2.18692,2.18761,1.05,1.24
2011.03.03 05:54:00.141,2.18692,2.18761,1.35,1.24
2011.03.03 05:54:00.725,2.18692,2.18761,1.54,1.05
2011.03.03 05:54:00.834,2.18703,2.18777,1.05,1.99
2011.03.03 05:54:01.820,2.18703,2.18777,1.05,1.24
2011.03.03 05:54:03.634,2.18697,2.18768,1.05,1.05
2011.03.03 05:54:04.005,2.18691,2.18762,1.05,1.05
2011.03.03 05:54:04.335,2.18705,2.18776,1.05,1.24
2011.03.03 05:54:05.645,2.18705,2.18776,1.20,1.24
2011.03.03 05:54:05.925,2.18705,2.18776,1.05,1.24
2011.03.03 05:54:11.232,2.18705,2.18776,1.20,1.24
2011.03.03 05:54:11.367,2.18705,2.18776,1.05,1.24
2011.03.03 05:54:12.435,2.18705,2.18776,1.13,1.24
2011.03.03 05:54:13.613,2.18705,2.18776,1.05,1.24
2011.03.03 05:54:14.685,2.18705,2.18776,1.05,1.05
2011.03.03 05:54:14.795,2.18699,2.1877,1.24,1.05
2011.03.03 05:54:15.126,2.18707,2.18778,1.05,1.05
2011.03.03 05:54:15.456,2.18713,2.18784,1.05,1.24
2011.03.03 05:54:17.500,2.18713,2.18784,1.24,1.05
2011.03.03 05:54:17.715,2.18728,2.18799,1.05,1.05
2011.03.03 05:54:23.154,2.18721,2.18792,1.05,1.05
2011.03.03 05:54:23.484,2.18728,2.18799,1.05,1.24
2011.03.03 05:54:29.215,2.18728,2.18799,1.24,1.05
2011.03.03 05:54:29.326,2.18746,2.1884,1.05,1.99
2011.03.03 05:54:30.405,2.18746,2.1884,1.05,1.05
2011.03.03 05:54:38.615,2.18741,2.18815,1.05,1.05
2011.03.03 05:54:44.715,2.18735,2.18808,1.05,1.05
2011.03.03 05:54:45.095,2.18735,2.18808,1.13,1.05
2011.03.03 05:54:45.205,2.18735,2.18808,1.05,1.05
2011.03.03 05:54:55.497,2.18735,2.18808,1.20,1.05
2011.03.03 05:54:55.715,2.18735,2.18808,1.05,1.05
2011.03.03 05:55:20.945,2.18765,2.18836,1.05,1.05
2011.03.03 05:55:21.274,2.18781,2.1885,1.05,1.24
2011.03.03 05:55:22.225,2.18781,2.1885,1.05,1.24
2011.03.03 05:55:25.855,2.18774,2.18843,1.05,1.05
2011.03.03 05:55:36.325,2.18774,2.18843,1.05,1.24
2011.03.03 05:55:36.435,2.18765,2.18841,1.05,1.24
2011.03.03 05:55:36.765,2.18773,2.18844,1.05,1.24
2011.03.03 05:55:40.965,2.18756,2.18832,1.05,1.05
2011.03.03 05:55:41.076,2.18756,2.18832,1.05,1.99
2011.03.03 05:55:41.186,2.18728,2.18801,1.05,1.05
2011.03.03 05:55:46.254,2.18735,2.18808,1.05,1.05
2011.03.03 05:55:48.296,2.18788,2.18859,1.05,1.05
2011.03.03 05:55:48.516,2.18815,2.1889,1.05,1.05
2011.03.03 05:55:52.634,2.18815,2.1889,1.05,1.35
2011.03.03 05:55:53.638,2.18815,2.1889,1.05,1.05
2011.03.03 05:55:54.155,2.18815,2.1889,1.05,1.20
2011.03.03 05:55:54.886,2.18815,2.1889,1.05,1.20
2011.03.03 05:55:55.248,2.18815,2.1889,1.05,1.65
2011.03.03 05:55:56.865,2.1879,2.18886,1.05,1.50
2011.03.03 05:55:57.195,2.18766,2.1888,1.80,1.99
2011.03.03 05:55:57.304,2.18766,2.18879,1.05,1.69
2011.03.03 05:55:57.415,2.18766,2.1888,1.05,1.80
2011.03.03 05:55:57.721,2.18766,2.1888,1.80,1.65
2011.03.03 05:55:59.326,2.18791,2.18885,1.05,1.13
2011.03.03 05:55:59.938,2.18784,2.1888,1.05,1.05
2011.03.03 05:56:00.696,2.18784,2.1888,1.05,1.20
2011.03.03 05:56:00.806,2.18784,2.1888,1.05,1.05
2011.03.03 05:56:02.446,2.18779,2.18872,1.05,1.05
2011.03.03 05:56:04.655,2.18785,2.18879,1.05,1.05
2011.03.03 05:56:05.935,2.18785,2.18879,1.05,1.35
2011.03.03 05:56:06.216,2.18784,2.1888,1.05,1.05
2011.03.03 05:56:06.435,2.18778,2.18873,1.05,1.13
2011.03.03 05:56:08.461,2.18778,2.18873,1.05,1.28
2011.03.03 05:56:09.004,2.18774,2.18847,1.05,1.05
2011.03.03 05:56:12.315,2.1878,2.18855,1.05,1.05
2011.03.03 05:56:13.211,2.1878,2.18855,1.05,1.13
2011.03.03 05:56:13.691,2.18806,2.18873,1.05,1.13
2011.03.03 05:56:13.808,2.18806,2.18875,1.05,1.05
2011.03.03 05:56:14.446,2.18819,2.1889,1.05,1.20
2011.03.03 05:56:15.713,2.18819,2.1889,1.05,1.35
2011.03.03 05:56:17.686,2.18827,2.18896,1.05,1.69
2011.03.03 05:56:17.916,2.18827,2.18896,1.05,1.32
2011.03.03 05:56:19.679,2.18827,2.18896,1.05,1.28
2011.03.03 05:56:20.539,2.18827,2.18896,1.05,1.20
2011.03.03 05:56:20.646,2.18798,2.18867,1.05,1.05
2011.03.03 05:56:21.275,2.18812,2.18881,1.05,1.54
2011.03.03 05:56:22.655,2.18812,2.18881,1.99,1.35
2011.03.03 05:56:22.876,2.18812,2.18881,1.80,1.35
2011.03.03 05:56:22.985,2.18841,2.18897,1.05,1.69
2011.03.03 05:56:23.205,2.18812,2.18881,1.05,1.35
2011.03.03 05:56:23.315,2.18827,2.18896,1.05,1.99
2011.03.03 05:56:23.534,2.18827,2.18896,1.05,1.47
2011.03.03 05:56:24.924,2.18827,2.18896,1.05,1.05
2011.03.03 05:56:25.455,2.18819,2.1889,1.05,1.05
2011.03.03 05:56:27.325,2.18827,2.18896,1.05,1.05
2011.03.03 05:56:27.545,2.18819,2.1889,1.05,1.05
2011.03.03 05:56:32.275,2.18826,2.18897,1.05,1.05
2011.03.03 05:56:33.035,2.18831,2.18907,1.05,1.24
2011.03.03 05:56:33.145,2.18831,2.18907,1.05,1.99
2011.03.03 05:56:33.365,2.18812,2.18881,1.05,1.05
2011.03.03 05:56:33.585,2.18827,2.18896,1.05,1.28
2011.03.03 05:56:33.881,2.18827,2.18896,1.05,1.05
2011.03.03 05:56:34.486,2.18827,2.18896,1.05,1.20
2011.03.03 05:56:35.504,2.18827,2.18896,1.05,1.13
2011.03.03 05:56:35.968,2.18827,2.18896,1.05,1.05
2011.03.03 05:56:36.415,2.18834,2.18903,1.05,1.05
2011.03.03 05:56:36.745,2.1884,2.18909,1.05,1.24
2011.03.03 05:56:36.966,2.1884,2.18909,1.05,1.05
2011.03.03 05:56:37.077,2.18845,2.18919,1.05,1.20
2011.03.03 05:56:37.407,2.1884,2.18909,1.05,1.35
2011.03.03 05:56:38.677,2.1884,2.18909,1.05,1.35
2011.03.03 05:56:40.334,2.1884,2.18909,1.05,1.35
2011.03.03 05:56:41.214,2.18844,2.1892,1.05,1.65
2011.03.03 05:56:41.765,2.18844,2.1892,1.05,1.35
2011.03.03 05:56:41.876,2.18847,2.18931,1.05,1.62
2011.03.03 05:56:41.986,2.18832,2.1893,1.05,1.84
2011.03.03 05:56:42.205,2.18832,2.1893,1.05,1.54
2011.03.03 05:56:42.315,2.18831,2.18918,1.05,1.05
2011.03.03 05:56:42.646,2.18838,2.1892,1.05,1.24
2011.03.03 05:56:43.051,2.1883,2.18919,1.05,1.35
2011.03.03 05:56:43.625,2.18831,2.18918,1.05,1.65
2011.03.03 05:56:44.475,2.18846,2.18932,1.05,1.47
2011.03.03 05:56:44.915,2.18855,2.18932,1.05,1.28
2011.03.03 05:56:45.245,2.18867,2.18936,1.05,1.80
2011.03.03 05:56:45.355,2.18867,2.18936,1.05,1.50
2011.03.03 05:56:46.966,2.18867,2.18936,1.05,1.43
2011.03.03 05:56:47.074,2.18867,2.18936,1.05,1.20
2011.03.03 05:56:47.185,2.18867,2.18936,1.05,1.28
2011.03.03 05:56:49.774,2.1886,2.1893,1.05,1.20
2011.03.03 05:56:50.186,2.1886,2.18913,1.05,1.69
2011.03.03 05:56:50.404,2.18815,2.18887,1.05,1.05
2011.03.03 05:56:51.615,2.18815,2.18887,1.99,1.05
2011.03.03 05:56:51.945,2.18843,2.18917,1.05,1.02
2011.03.03 05:56:54.504,2.18843,2.18918,1.05,1.20
2011.03.03 05:56:54.725,2.18843,2.18918,1.05,1.05
2011.03.03 05:56:54.945,2.18836,2.18911,1.05,1.05
2011.03.03 05:56:56.155,2.18829,2.18907,1.05,1.05
2011.03.03 05:56:56.484,2.18823,2.18898,1.05,1.05
2011.03.03 05:57:08.115,2.18828,2.18908,1.05,1.05
2011.03.03 05:57:12.916,2.18842,2.1892,1.05,1.05
2011.03.03 05:57:13.245,2.18849,2.18925,1.05,1.50
2011.03.03 05:57:13.575,2.1885,2.18924,1.05,1.20
2011.03.03 05:57:13.685,2.1885,2.18924,1.05,1.05
2011.03.03 05:57:14.618,2.1885,2.18924,1.05,1.20
2011.03.03 05:57:15.602,2.1885,2.18924,1.05,1.20
2011.03.03 05:57:16.256,2.1885,2.18924,1.05,1.13
2011.03.03 05:57:17.509,2.1885,2.18924,1.05,1.20
2011.03.03 05:57:18.147,2.1885,2.18924,1.05,1.13
2011.03.03 05:57:19.555,2.1885,2.18924,1.05,1.28
2011.03.03 05:57:20.107,2.1885,2.18924,1.05,1.13
2011.03.03 05:57:21.571,2.1885,2.18924,1.05,1.28
2011.03.03 05:57:22.335,2.1885,2.18924,1.05,1.13
2011.03.03 05:57:23.674,2.1885,2.18924,1.05,1.28
2011.03.03 05:57:26.245,2.1885,2.18924,1.05,1.13
2011.03.03 05:57:26.615,2.18841,2.18921,1.05,1.05
2011.03.03 05:57:28.175,2.18837,2.1891,1.05,1.05
2011.03.03 05:57:30.214,2.1883,2.18904,1.05,1.05
2011.03.03 05:57:31.566,2.18842,2.1892,1.05,1.05
2011.03.03 05:57:31.785,2.18836,2.18911,1.05,1.05
2011.03.03 05:57:32.675,2.18843,2.18918,1.05,1.05
2011.03.03 05:57:33.006,2.1885,2.18924,1.05,1.05
2011.03.03 05:57:35.656,2.18855,2.18933,1.05,1.20
2011.03.03 05:57:35.765,2.1885,2.18924,1.05,1.05
2011.03.03 05:57:36.959,2.1885,2.18924,1.05,1.13
2011.03.03 05:57:38.634,2.1885,2.18924,1.05,1.28
2011.03.03 05:57:41.425,2.1885,2.18924,1.05,1.05
2011.03.03 05:57:41.755,2.18825,2.18919,1.80,1.05
2011.03.03 05:57:41.865,2.18849,2.18925,1.05,1.13
2011.03.03 05:57:42.343,2.18849,2.18925,1.05,1.05
2011.03.03 05:57:42.667,2.18849,2.18925,1.05,1.13
2011.03.03 05:57:43.443,2.18849,2.18925,1.05,1.13
2011.03.03 05:57:43.817,2.18849,2.18925,1.05,1.50
2011.03.03 05:57:44.035,2.18824,2.1892,1.05,1.05
2011.03.03 05:57:48.315,2.18824,2.1892,1.05,1.35
2011.03.03 05:57:48.522,2.18824,2.1892,1.05,1.35
2011.03.03 05:57:48.635,2.18824,2.1892,1.05,1.65
2011.03.03 05:57:49.160,2.18824,2.1892,1.05,1.20
2011.03.03 05:57:49.916,2.18824,2.1892,1.05,1.35
2011.03.03 05:58:01.694,2.18824,2.1892,1.05,1.05
2011.03.03 05:58:02.579,2.18824,2.1892,1.05,1.20
2011.03.03 05:58:02.905,2.18824,2.1892,1.05,1.05
2011.03.03 05:58:03.016,2.18829,2.1893,1.05,1.35
2011.03.03 05:58:03.694,2.18824,2.1892,1.05,1.35
2011.03.03 05:58:04.255,2.18824,2.1892,1.05,1.05
2011.03.03 05:58:04.585,2.1885,2.18924,1.05,1.05
2011.03.03 05:58:04.986,2.1885,2.18924,1.05,1.13
2011.03.03 05:58:05.427,2.1885,2.18924,1.05,1.05
2011.03.03 05:58:09.449,2.1885,2.18924,1.05,1.13
2011.03.03 05:58:10.207,2.1885,2.18924,1.05,1.05
2011.03.03 05:58:18.624,2.1885,2.18924,1.05,1.20
2011.03.03 05:58:19.642,2.1885,2.18924,1.05,1.05
2011.03.03 05:58:25.644,2.1885,2.18924,1.05,1.13
2011.03.03 05:58:26.349,2.1885,2.18924,1.05,1.05
2011.03.03 05:58:26.706,2.18867,2.18936,1.05,1.13
2011.03.03 05:58:27.035,2.18867,2.18936,1.05,1.05
2011.03.03 05:58:34.318,2.18867,2.18936,1.24,1.05
2011.03.03 05:58:34.645,2.18882,2.18951,1.05,1.05
2011.03.03 05:58:39.525,2.18896,2.18966,1.05,1.24
2011.03.03 05:58:39.634,2.18896,2.18966,1.05,1.05
2011.03.03 05:58:51.005,2.18896,2.18966,1.05,1.50
2011.03.03 05:58:51.447,2.18896,2.18966,1.05,1.05
2011.03.03 05:58:53.055,2.18896,2.18966,1.05,1.13
2011.03.03 05:58:54.115,2.18896,2.18966,1.05,1.05
2011.03.03 05:58:54.227,2.18896,2.18966,1.05,1.13
2011.03.03 05:58:55.633,2.18896,2.18966,1.05,1.05
2011.03.03 05:58:59.871,2.18896,2.18966,1.05,1.13
2011.03.03 05:59:00.457,2.18896,2.18966,1.05,1.43
2011.03.03 05:59:02.946,2.18896,2.18966,1.05,1.28
2011.03.03 05:59:03.318,2.18896,2.18966,1.05,1.43
2011.03.03 05:59:05.156,2.18896,2.18966,1.05,1.28
2011.03.03 05:59:05.507,2.18896,2.18966,1.05,1.43
2011.03.03 05:59:05.755,2.18896,2.18966,1.05,1.50
2011.03.03 05:59:05.866,2.18896,2.18966,1.05,1.43
2011.03.03 05:59:06.568,2.18896,2.18966,1.05,1.28
2011.03.03 05:59:08.175,2.18889,2.1896,1.05,1.65
2011.03.03 05:59:10.718,2.18889,2.1896,1.05,1.35
2011.03.03 05:59:12.265,2.18889,2.1896,1.05,1.35
2011.03.03 05:59:14.735,2.18889,2.1896,1.05,1.80
2011.03.03 05:59:18.956,2.18874,2.1895,1.05,1.05
2011.03.03 05:59:19.285,2.18874,2.1895,1.05,1.35
2011.03.03 05:59:21.403,2.18874,2.1895,1.05,1.65
2011.03.03 05:59:22.255,2.18874,2.1895,1.05,1.20
2011.03.03 05:59:22.695,2.18869,2.1894,1.05,1.05
2011.03.03 05:59:23.135,2.18869,2.1894,1.05,1.20
2011.03.03 05:59:23.755,2.18869,2.1894,1.05,1.05
2011.03.03 05:59:24.969,2.18869,2.1894,1.05,1.65
2011.03.03 05:59:26.651,2.18869,2.1894,1.05,1.20
2011.03.03 05:59:27.388,2.1887,2.18941,1.05,1.20
2011.03.03 05:59:28.018,2.18869,2.1894,1.05,1.20
2011.03.03 05:59:28.577,2.18869,2.1894,1.05,1.35
2011.03.03 05:59:29.600,2.18869,2.1894,1.05,1.35
2011.03.03 05:59:30.576,2.1887,2.18941,1.05,1.35
2011.03.03 05:59:30.945,2.1887,2.18939,1.05,1.80
2011.03.03 05:59:32.248,2.1887,2.18939,1.05,1.35
2011.03.03 05:59:32.490,2.1887,2.18939,1.05,1.43
2011.03.03 05:59:34.832,2.1887,2.18939,1.05,1.35
2011.03.03 05:59:34.960,2.1887,2.18939,1.05,1.80
2011.03.03 05:59:36.256,2.1887,2.18939,1.05,1.80
2011.03.03 05:59:40.495,2.1887,2.18939,1.05,1.35
2011.03.03 05:59:41.795,2.1887,2.18939,1.05,1.80
2011.03.03 05:59:43.652,2.1887,2.18939,1.05,1.20
2011.03.03 05:59:51.340,2.1887,2.18933,1.05,1.02
2011.03.03 05:59:51.665,2.18828,2.18922,1.80,1.99
2011.03.03 05:59:51.885,2.18798,2.18893,1.05,1.24
2011.03.03 05:59:52.347,2.18798,2.18893,1.05,1.05
2011.03.03 05:59:55.321,2.18798,2.18893,1.05,1.28
2011.03.03 05:59:55.441,2.18798,2.18893,1.05,1.20
2011.03.03 05:59:58.675,2.18798,2.18893,1.24,1.05
2011.03.03 05:59:59.199,2.18839,2.1891,1.05,1.05
2011.03.03 05:59:59.525,2.18826,2.18897,1.05,1.05
2011.03.03 05:59:59.855,2.18833,2.18904,1.05,1.05
