2016.12.28 07:00:00.185,1.77515,1.7756,1.00,1.00
2016.12.28 07:00:00.337,1.77515,1.77558,1.00,1.00
2016.12.28 07:00:00.639,1.77512,1.77555,1.00,1.00
2016.12.28 07:00:00.690,1.77512,1.77557,1.00,1.00
2016.12.28 07:00:00.794,1.77514,1.77557,1.00,1.00
2016.12.28 07:00:00.844,1.77513,1.77559,1.00,1.00
2016.12.28 07:00:00.895,1.77514,1.77557,1.00,1.00
2016.12.28 07:00:01.468,1.77513,1.77559,1.00,1.00
2016.12.28 07:00:01.569,1.77515,1.77559,1.00,1.00
2016.12.28 07:00:01.670,1.77513,1.77559,1.00,1.00
2016.12.28 07:00:02.533,1.77515,1.77558,1.00,1.00
2016.12.28 07:00:03.608,1.77515,1.77559,1.00,1.00
2016.12.28 07:00:04.459,1.77515,1.77561,1.00,1.00
2016.12.28 07:00:05.437,1.77515,1.77558,1.00,1.00
2016.12.28 07:00:07.477,1.77516,1.77559,1.00,1.00
2016.12.28 07:00:10.837,1.77514,1.77559,1.00,1.00
2016.12.28 07:00:10.888,1.77512,1.77555,1.50,1.00
2016.12.28 07:00:10.939,1.77512,1.77558,1.50,1.00
2016.12.28 07:00:12.027,1.77513,1.77558,1.00,1.00
2016.12.28 07:00:12.128,1.77512,1.77556,1.50,1.00
2016.12.28 07:00:12.441,1.77509,1.77552,1.00,1.00
2016.12.28 07:00:13.059,1.77509,1.77553,1.00,1.00
2016.12.28 07:00:14.001,1.77509,1.77554,1.00,1.00
2016.12.28 07:00:14.784,1.77509,1.77552,1.00,1.00
2016.12.28 07:00:14.935,1.77505,1.7755,1.00,1.00
2016.12.28 07:00:15.405,1.77508,1.77551,1.00,1.00
2016.12.28 07:00:16.037,1.77512,1.77556,1.00,1.00
2016.12.28 07:00:16.138,1.77511,1.77554,1.00,1.00
2016.12.28 07:00:16.340,1.77507,1.77552,1.00,1.00
2016.12.28 07:00:16.390,1.77509,1.77552,1.00,1.00
2016.12.28 07:00:16.861,1.77509,1.77554,1.00,1.00
2016.12.28 07:00:17.315,1.77512,1.77554,1.00,1.00
2016.12.28 07:00:17.544,1.77507,1.77552,1.00,1.00
2016.12.28 07:00:17.827,1.77512,1.77552,1.00,1.00
2016.12.28 07:00:18.572,1.77512,1.77551,1.00,1.00
2016.12.28 07:00:19.370,1.77512,1.77552,1.00,1.00
2016.12.28 07:00:22.216,1.77512,1.77554,1.00,1.00
2016.12.28 07:00:22.810,1.77511,1.77554,1.00,1.00
2016.12.28 07:00:25.437,1.77511,1.77555,1.00,1.00
2016.12.28 07:00:25.538,1.77515,1.77558,1.00,1.00
2016.12.28 07:00:25.784,1.77515,1.7756,1.00,1.00
2016.12.28 07:00:25.935,1.77519,1.77564,1.00,1.00
2016.12.28 07:00:26.666,1.77519,1.77562,1.00,1.00
2016.12.28 07:00:27.236,1.77516,1.77562,1.00,1.00
2016.12.28 07:00:28.203,1.77517,1.7756,1.00,1.00
2016.12.28 07:00:28.648,1.77516,1.77562,1.00,1.00
2016.12.28 07:00:28.699,1.77517,1.7756,1.00,1.00
2016.12.28 07:00:29.621,1.77518,1.77561,1.00,1.00
2016.12.28 07:00:29.953,1.77516,1.77561,1.00,1.00
2016.12.28 07:00:30.054,1.77518,1.77561,1.00,1.00
2016.12.28 07:00:30.166,1.77516,1.77561,1.00,1.00
2016.12.28 07:00:31.719,1.77516,1.77562,1.00,1.00
2016.12.28 07:00:32.193,1.77516,1.77559,1.00,1.00
2016.12.28 07:00:34.752,1.77517,1.7756,1.00,1.00
2016.12.28 07:00:35.642,1.77516,1.77559,1.00,1.00
2016.12.28 07:00:35.766,1.77514,1.7756,1.00,1.00
2016.12.28 07:00:36.035,1.77514,1.77557,1.00,1.00
2016.12.28 07:00:36.949,1.77515,1.77558,1.00,1.00
2016.12.28 07:00:37.050,1.77513,1.77558,1.00,1.00
2016.12.28 07:00:37.925,1.77513,1.77559,1.00,1.00
2016.12.28 07:00:38.081,1.77513,1.77556,1.00,1.00
2016.12.28 07:00:38.743,1.77513,1.77558,1.00,1.00
2016.12.28 07:00:38.793,1.77513,1.77556,1.00,1.00
2016.12.28 07:00:39.012,1.77513,1.77558,1.00,1.00
2016.12.28 07:00:39.698,1.77514,1.77559,1.00,1.00
2016.12.28 07:00:40.391,1.77515,1.77559,1.00,1.00
2016.12.28 07:00:41.007,1.77513,1.77559,1.00,1.00
2016.12.28 07:00:41.537,1.77514,1.77559,1.00,1.00
2016.12.28 07:00:42.787,1.77516,1.77559,1.00,1.00
2016.12.28 07:00:43.151,1.77514,1.7756,1.00,1.00
2016.12.28 07:00:44.619,1.77514,1.77559,1.00,1.00
2016.12.28 07:00:45.205,1.77515,1.77559,1.00,1.00
2016.12.28 07:00:45.727,1.77516,1.77559,1.00,1.00
2016.12.28 07:00:45.828,1.77514,1.77559,1.00,1.00
2016.12.28 07:00:46.165,1.77513,1.77556,1.00,1.00
2016.12.28 07:00:46.215,1.77513,1.77558,1.00,1.00
2016.12.28 07:00:46.266,1.77513,1.77556,1.00,1.00
2016.12.28 07:00:46.796,1.77513,1.77557,1.00,1.00
2016.12.28 07:00:47.168,1.77515,1.77558,1.00,1.00
2016.12.28 07:00:47.269,1.77513,1.77558,1.00,1.00
2016.12.28 07:00:47.319,1.77515,1.77558,1.00,1.00
2016.12.28 07:00:47.836,1.77514,1.77557,1.00,1.00
2016.12.28 07:00:48.847,1.77515,1.77558,1.00,1.00
2016.12.28 07:00:48.948,1.77512,1.77556,1.50,1.00
2016.12.28 07:00:49.770,1.77512,1.77557,1.50,1.00
2016.12.28 07:00:50.783,1.77513,1.77557,1.00,1.00
2016.12.28 07:00:51.342,1.77513,1.77558,1.00,1.00
2016.12.28 07:00:52.151,1.77513,1.77557,1.00,1.00
2016.12.28 07:00:52.690,1.77513,1.77556,1.00,1.00
2016.12.28 07:00:52.791,1.77513,1.77558,1.00,1.00
2016.12.28 07:00:52.842,1.77516,1.77559,1.00,1.00
2016.12.28 07:00:53.072,1.77517,1.77561,1.00,1.00
2016.12.28 07:00:53.123,1.77515,1.77558,1.00,1.00
2016.12.28 07:00:53.175,1.77513,1.77559,1.00,1.00
2016.12.28 07:00:53.276,1.77513,1.77557,1.00,1.00
2016.12.28 07:00:53.637,1.77512,1.77555,1.00,1.00
2016.12.28 07:00:53.688,1.77517,1.77561,1.00,1.00
2016.12.28 07:00:53.789,1.77515,1.77561,1.00,1.00
2016.12.28 07:00:53.840,1.77513,1.77556,1.00,1.00
2016.12.28 07:00:53.891,1.77511,1.77556,1.00,1.00
2016.12.28 07:00:54.193,1.77511,1.77553,1.00,1.00
2016.12.28 07:00:54.706,1.77512,1.77552,1.00,1.00
2016.12.28 07:00:55.710,1.77512,1.77553,1.00,1.00
2016.12.28 07:00:56.439,1.77512,1.77555,1.00,1.00
2016.12.28 07:00:56.540,1.77512,1.77557,1.00,1.00
2016.12.28 07:00:56.995,1.77512,1.77555,1.00,1.00
2016.12.28 07:00:57.147,1.7751,1.77555,1.00,1.00
2016.12.28 07:00:57.859,1.77511,1.77555,1.00,1.00
2016.12.28 07:00:58.395,1.77512,1.77556,1.00,1.00
2016.12.28 07:00:58.695,1.77512,1.77558,1.50,1.00
2016.12.28 07:01:00.668,1.77512,1.77557,1.00,1.00
2016.12.28 07:01:00.770,1.77512,1.77555,1.00,1.00
2016.12.28 07:01:01.096,1.77511,1.77553,1.00,1.00
2016.12.28 07:01:02.291,1.77511,1.77554,1.00,1.00
2016.12.28 07:01:02.392,1.77512,1.77558,1.00,1.00
2016.12.28 07:01:02.443,1.77514,1.77558,1.00,1.00
2016.12.28 07:01:02.530,1.77513,1.7756,1.00,1.00
2016.12.28 07:01:03.498,1.77513,1.77559,1.00,1.00
2016.12.28 07:01:04.393,1.77512,1.77558,1.50,1.00
2016.12.28 07:01:07.979,1.77515,1.77558,1.00,1.00
2016.12.28 07:01:08.269,1.77514,1.7756,1.00,1.00
2016.12.28 07:01:10.388,1.77513,1.77559,1.00,1.00
2016.12.28 07:01:13.878,1.77515,1.77559,1.00,1.00
2016.12.28 07:01:14.836,1.77513,1.77559,1.00,1.00
2016.12.28 07:01:15.310,1.77511,1.77557,1.00,1.00
2016.12.28 07:01:15.817,1.77512,1.77558,1.00,1.00
2016.12.28 07:01:17.478,1.77511,1.77557,1.50,1.00
2016.12.28 07:01:17.883,1.77512,1.77559,1.00,1.00
2016.12.28 07:01:18.390,1.77512,1.77558,1.00,1.00
2016.12.28 07:01:18.737,1.77514,1.77558,1.00,1.00
2016.12.28 07:01:19.085,1.77512,1.77559,1.00,1.00
2016.12.28 07:01:20.843,1.77513,1.77557,1.00,1.00
2016.12.28 07:01:21.418,1.77512,1.77556,1.00,1.00
2016.12.28 07:01:22.005,1.77513,1.77558,1.00,1.00
2016.12.28 07:01:22.509,1.77513,1.77559,1.00,1.00
2016.12.28 07:01:23.191,1.77512,1.77557,1.00,1.00
2016.12.28 07:01:23.519,1.77509,1.77555,1.00,1.00
2016.12.28 07:01:23.570,1.77507,1.77552,1.00,1.00
2016.12.28 07:01:23.872,1.77511,1.77555,1.50,1.00
2016.12.28 07:01:24.025,1.77509,1.77555,1.00,1.00
2016.12.28 07:01:24.078,1.77509,1.77553,1.00,1.00
2016.12.28 07:01:24.128,1.77507,1.77552,1.00,1.00
2016.12.28 07:01:24.431,1.77512,1.77553,1.00,1.00
2016.12.28 07:01:24.532,1.77512,1.77556,1.50,1.00
2016.12.28 07:01:25.662,1.77512,1.77555,1.00,1.00
2016.12.28 07:01:25.763,1.77512,1.77558,1.00,1.00
2016.12.28 07:01:25.864,1.77512,1.77556,1.00,1.00
2016.12.28 07:01:26.390,1.77513,1.77557,1.00,1.00
2016.12.28 07:01:27.548,1.77512,1.77556,1.50,1.00
2016.12.28 07:01:28.982,1.77511,1.77557,1.00,1.00
2016.12.28 07:01:29.600,1.77512,1.77557,1.00,1.00
2016.12.28 07:01:31.397,1.77512,1.77556,1.50,1.00
2016.12.28 07:01:32.906,1.77512,1.77558,1.00,1.00
2016.12.28 07:01:33.007,1.77514,1.77561,1.00,1.00
2016.12.28 07:01:33.578,1.77515,1.77562,1.00,1.00
2016.12.28 07:01:34.487,1.77515,1.7756,1.00,1.00
2016.12.28 07:01:34.596,1.77515,1.77562,1.00,1.00
2016.12.28 07:01:36.480,1.77516,1.77563,1.00,1.00
2016.12.28 07:01:37.309,1.77516,1.77562,1.00,1.00
2016.12.28 07:01:38.358,1.77515,1.77562,1.00,1.00
2016.12.28 07:01:38.810,1.77515,1.7756,1.00,1.00
2016.12.28 07:01:38.861,1.77513,1.7756,1.00,1.00
2016.12.28 07:01:39.529,1.77513,1.77558,1.00,1.00
2016.12.28 07:01:39.579,1.77513,1.7756,1.00,1.00
2016.12.28 07:01:39.630,1.77517,1.77562,1.00,1.00
2016.12.28 07:01:40.361,1.77516,1.77563,1.00,1.00
2016.12.28 07:01:40.664,1.77513,1.77558,1.00,1.00
2016.12.28 07:01:41.165,1.77512,1.77557,1.00,1.00
2016.12.28 07:01:41.587,1.7751,1.77555,1.00,1.00
2016.12.28 07:01:41.914,1.77512,1.77555,1.00,1.00
2016.12.28 07:01:42.478,1.77512,1.77557,1.00,1.00
2016.12.28 07:01:43.137,1.77512,1.77555,1.00,1.00
2016.12.28 07:01:43.588,1.77512,1.77557,1.00,1.00
2016.12.28 07:01:44.383,1.77512,1.77556,1.00,1.00
2016.12.28 07:01:46.447,1.77512,1.77557,1.00,1.00
2016.12.28 07:01:46.498,1.77511,1.77559,1.00,1.00
2016.12.28 07:01:47.049,1.77512,1.7756,1.50,1.00
2016.12.28 07:01:47.099,1.77515,1.77562,1.00,1.00
2016.12.28 07:01:47.810,1.77516,1.77562,1.00,1.00
2016.12.28 07:01:49.266,1.77517,1.77562,1.00,1.00
2016.12.28 07:01:50.355,1.77514,1.77562,1.00,1.00
2016.12.28 07:01:50.406,1.77515,1.7756,1.00,1.00
2016.12.28 07:01:50.457,1.77512,1.77558,1.00,1.00
2016.12.28 07:01:50.963,1.77512,1.77557,1.00,1.00
2016.12.28 07:01:52.722,1.77512,1.77559,1.00,1.00
2016.12.28 07:01:53.547,1.77511,1.77559,1.50,1.00
2016.12.28 07:01:54.177,1.77511,1.77558,1.50,1.00
2016.12.28 07:01:55.444,1.77512,1.77558,1.00,1.00
2016.12.28 07:01:55.973,1.77513,1.77559,1.00,1.00
2016.12.28 07:01:56.759,1.77514,1.77559,1.00,1.00
2016.12.28 07:01:56.831,1.77512,1.77558,1.00,1.00
2016.12.28 07:01:57.338,1.77513,1.77558,1.00,1.00
2016.12.28 07:01:58.913,1.77513,1.77559,1.00,1.00
2016.12.28 07:02:00.166,1.77512,1.77557,1.00,1.00
2016.12.28 07:02:00.465,1.77511,1.77559,1.50,1.00
2016.12.28 07:02:00.978,1.77512,1.77558,1.00,1.00
2016.12.28 07:02:01.938,1.77513,1.77559,1.00,1.00
2016.12.28 07:02:02.481,1.77513,1.7756,1.00,1.00
2016.12.28 07:02:02.661,1.77513,1.77558,1.00,1.00
2016.12.28 07:02:02.801,1.77514,1.7756,1.00,1.00
2016.12.28 07:02:02.902,1.77514,1.77562,1.00,1.00
2016.12.28 07:02:03.610,1.77515,1.77563,1.00,1.00
2016.12.28 07:02:03.661,1.77515,1.77561,1.00,1.00
2016.12.28 07:02:04.374,1.77516,1.77562,1.00,1.00
2016.12.28 07:02:08.778,1.77515,1.77561,1.00,1.00
2016.12.28 07:02:10.122,1.77515,1.77563,1.00,1.00
2016.12.28 07:02:10.173,1.77517,1.77563,1.00,1.00
2016.12.28 07:02:10.274,1.77514,1.77562,1.00,1.00
2016.12.28 07:02:11.039,1.77514,1.77561,1.00,1.00
2016.12.28 07:02:14.017,1.77515,1.77563,1.00,1.00
2016.12.28 07:02:18.151,1.77515,1.77561,1.00,1.00
2016.12.28 07:02:18.202,1.77513,1.77561,1.00,1.00
2016.12.28 07:02:18.762,1.77514,1.7756,1.00,1.00
2016.12.28 07:02:24.715,1.77514,1.77562,1.00,1.00
2016.12.28 07:02:24.816,1.77517,1.77565,1.00,1.00
2016.12.28 07:02:25.551,1.77517,1.77563,1.00,1.00
2016.12.28 07:02:25.652,1.77515,1.77563,1.00,1.00
2016.12.28 07:02:25.702,1.77515,1.77561,1.00,1.00
2016.12.28 07:02:26.551,1.77516,1.77562,1.00,1.00
2016.12.28 07:02:29.423,1.77515,1.77561,1.00,1.00
2016.12.28 07:02:30.135,1.77515,1.77563,1.00,1.00
2016.12.28 07:02:30.186,1.77515,1.77565,1.00,1.00
2016.12.28 07:02:30.237,1.77517,1.77565,1.00,1.00
2016.12.28 07:02:30.750,1.77514,1.77562,1.00,1.00
2016.12.28 07:02:31.436,1.77514,1.7756,1.00,1.00
2016.12.28 07:02:38.157,1.77504,1.7755,1.00,1.00
2016.12.28 07:02:38.459,1.77497,1.77543,1.00,1.00
2016.12.28 07:02:39.538,1.77496,1.77542,1.00,1.00
2016.12.28 07:02:39.589,1.77497,1.77545,1.00,1.00
2016.12.28 07:02:40.890,1.77498,1.77545,1.00,1.00
2016.12.28 07:02:41.586,1.77498,1.77544,1.00,1.00
2016.12.28 07:02:41.687,1.77496,1.77543,1.00,1.00
2016.12.28 07:02:43.056,1.77497,1.77544,1.00,1.00
2016.12.28 07:02:43.107,1.77502,1.7755,1.00,1.00
2016.12.28 07:02:43.258,1.77504,1.77552,1.00,1.00
2016.12.28 07:02:43.561,1.77508,1.77555,1.00,1.00
2016.12.28 07:02:44.450,1.77507,1.77555,1.00,1.00
2016.12.28 07:02:44.839,1.77503,1.77551,1.00,1.00
2016.12.28 07:02:45.589,1.77504,1.77551,1.00,1.00
2016.12.28 07:02:45.998,1.77507,1.77554,1.00,1.00
2016.12.28 07:02:47.189,1.77508,1.77555,1.00,1.00
2016.12.28 07:02:49.459,1.77507,1.77555,1.00,1.00
2016.12.28 07:02:51.356,1.77507,1.77554,1.00,1.00
2016.12.28 07:02:51.407,1.77508,1.77556,1.00,1.00
2016.12.28 07:02:51.917,1.77509,1.77556,1.00,1.00
2016.12.28 07:02:52.426,1.7751,1.77555,1.00,1.00
2016.12.28 07:02:54.323,1.77509,1.77554,1.00,1.00
2016.12.28 07:03:02.321,1.77509,1.77556,1.00,1.00
2016.12.28 07:03:03.707,1.77509,1.77555,1.00,1.00
2016.12.28 07:03:03.942,1.77503,1.77551,1.00,1.00
2016.12.28 07:03:03.992,1.77502,1.77548,1.50,1.00
2016.12.28 07:03:04.478,1.77501,1.77546,1.00,1.00
2016.12.28 07:03:05.105,1.775,1.77547,1.00,1.00
2016.12.28 07:03:05.868,1.77501,1.77548,1.00,1.00
2016.12.28 07:03:06.375,1.77502,1.77548,1.00,1.00
2016.12.28 07:03:09.861,1.77499,1.77547,1.00,1.00
2016.12.28 07:03:10.374,1.77499,1.77546,1.00,1.00
2016.12.28 07:03:10.621,1.775,1.77548,1.00,1.00
2016.12.28 07:03:10.722,1.77502,1.77548,1.00,1.00
2016.12.28 07:03:11.294,1.77501,1.77548,1.00,1.00
2016.12.28 07:03:12.193,1.77502,1.77547,1.50,1.00
2016.12.28 07:03:16.461,1.77504,1.7755,1.00,1.00
2016.12.28 07:03:16.512,1.77505,1.77552,1.00,1.00
2016.12.28 07:03:16.613,1.77506,1.77554,1.00,1.00
2016.12.28 07:03:16.714,1.77508,1.77554,1.00,1.00
2016.12.28 07:03:16.970,1.77508,1.77556,1.00,1.00
2016.12.28 07:03:23.209,1.77509,1.77556,1.00,1.00
2016.12.28 07:03:23.712,1.77508,1.77555,1.00,1.00
2016.12.28 07:03:24.397,1.77508,1.77556,1.00,1.00
2016.12.28 07:03:32.544,1.77508,1.77554,1.00,1.00
2016.12.28 07:03:36.781,1.77506,1.77552,1.00,1.00
2016.12.28 07:03:36.832,1.77504,1.77553,1.00,1.00
2016.12.28 07:03:37.514,1.77505,1.77551,1.00,1.00
2016.12.28 07:03:37.829,1.77503,1.77549,1.00,1.00
2016.12.28 07:03:37.879,1.77501,1.77549,1.00,1.00
2016.12.28 07:03:38.490,1.77502,1.77548,1.00,1.00
2016.12.28 07:03:39.231,1.77501,1.77548,1.00,1.00
2016.12.28 07:03:44.743,1.77501,1.7755,1.00,1.00
2016.12.28 07:03:44.845,1.77504,1.77551,1.00,1.00
2016.12.28 07:03:44.896,1.77504,1.77553,1.00,1.00
2016.12.28 07:03:45.370,1.77498,1.77546,1.00,1.00
2016.12.28 07:03:45.710,1.77496,1.77542,1.00,1.00
2016.12.28 07:03:45.917,1.77496,1.77545,1.00,1.00
2016.12.28 07:03:46.439,1.77497,1.77546,1.00,1.00
2016.12.28 07:03:47.707,1.77494,1.77543,1.00,1.00
2016.12.28 07:03:48.009,1.77496,1.77543,1.00,1.00
2016.12.28 07:03:48.325,1.77495,1.77541,1.00,1.00
2016.12.28 07:03:48.583,1.77493,1.77541,1.00,1.00
2016.12.28 07:03:49.242,1.77493,1.7754,1.00,1.00
2016.12.28 07:03:49.815,1.77492,1.77539,1.00,1.00
2016.12.28 07:03:51.219,1.77491,1.77537,1.00,1.00
2016.12.28 07:03:51.321,1.77489,1.77538,1.00,1.00
2016.12.28 07:03:51.500,1.77491,1.77537,1.00,1.00
2016.12.28 07:03:51.873,1.7749,1.77539,1.00,1.00
2016.12.28 07:03:52.682,1.7749,1.77538,1.00,1.00
2016.12.28 07:03:53.306,1.7749,1.77537,1.00,1.00
2016.12.28 07:03:53.575,1.77488,1.77537,1.00,1.00
2016.12.28 07:03:54.273,1.77488,1.77536,1.00,1.00
2016.12.28 07:03:55.410,1.77489,1.77536,1.00,1.00
2016.12.28 07:03:56.670,1.7749,1.77539,1.00,1.00
2016.12.28 07:03:56.721,1.77494,1.77542,1.00,1.00
2016.12.28 07:03:57.010,1.77494,1.77545,1.00,1.00
2016.12.28 07:03:57.060,1.77497,1.77544,1.00,1.00
2016.12.28 07:03:57.162,1.77493,1.77542,1.00,1.00
2016.12.28 07:03:57.212,1.77497,1.77544,1.00,1.00
2016.12.28 07:03:58.089,1.77497,1.77546,1.00,1.00
2016.12.28 07:03:58.255,1.77496,1.77544,1.00,1.00
2016.12.28 07:03:58.406,1.77493,1.77542,1.00,1.00
2016.12.28 07:03:58.658,1.77495,1.77544,1.00,1.00
2016.12.28 07:03:59.128,1.77498,1.77544,1.00,1.00
2016.12.28 07:03:59.462,1.77496,1.77545,1.00,1.00
2016.12.28 07:04:00.485,1.77495,1.77544,1.00,1.00
2016.12.28 07:04:00.637,1.77492,1.77538,1.00,1.00
2016.12.28 07:04:00.687,1.7749,1.77539,1.00,1.00
2016.12.28 07:04:02.509,1.7749,1.77538,1.00,1.00
2016.12.28 07:04:07.854,1.7749,1.77537,1.00,1.00
2016.12.28 07:04:07.918,1.77488,1.77536,1.00,1.00
2016.12.28 07:04:08.019,1.77487,1.77534,1.00,1.00
2016.12.28 07:04:08.737,1.77487,1.77533,1.00,1.00
2016.12.28 07:04:09.273,1.77486,1.77533,1.00,1.00
2016.12.28 07:04:10.400,1.77487,1.77533,1.00,1.00
2016.12.28 07:04:10.728,1.77485,1.77534,1.00,1.00
2016.12.28 07:04:15.207,1.77483,1.77532,1.00,1.00
2016.12.28 07:04:15.510,1.77486,1.77533,1.00,1.00
2016.12.28 07:04:15.925,1.77486,1.77535,1.00,1.00
2016.12.28 07:04:17.890,1.77486,1.77534,1.00,1.00
2016.12.28 07:04:17.941,1.77487,1.77536,1.00,1.00
2016.12.28 07:04:17.991,1.77487,1.77534,1.00,1.00
2016.12.28 07:04:18.692,1.77485,1.77534,1.00,1.00
2016.12.28 07:04:18.917,1.77485,1.77532,1.00,1.00
2016.12.28 07:04:24.970,1.77484,1.77532,1.00,1.00
2016.12.28 07:04:26.026,1.77483,1.77532,1.00,1.00
2016.12.28 07:04:27.373,1.77484,1.77533,1.00,1.00
2016.12.28 07:04:27.693,1.77487,1.77534,1.00,1.00
2016.12.28 07:04:27.996,1.77491,1.77537,1.00,1.00
2016.12.28 07:04:28.097,1.77489,1.77537,1.00,1.00
2016.12.28 07:04:28.349,1.77482,1.77531,1.00,1.00
2016.12.28 07:04:28.551,1.77483,1.77533,1.00,1.00
2016.12.28 07:04:28.636,1.77482,1.77531,1.00,1.00
2016.12.28 07:04:29.144,1.77483,1.7753,1.00,1.00
2016.12.28 07:04:30.310,1.77491,1.7753,1.00,1.00
2016.12.28 07:04:32.559,1.77491,1.77529,1.00,1.00
2016.12.28 07:04:33.057,1.77482,1.77529,1.00,1.00
2016.12.28 07:04:34.012,1.77491,1.77529,1.00,1.00
2016.12.28 07:04:34.318,1.77481,1.77529,1.00,1.00
2016.12.28 07:04:34.607,1.77482,1.77527,1.00,1.00
2016.12.28 07:04:35.118,1.77481,1.77527,1.00,1.00
2016.12.28 07:04:35.957,1.77482,1.77527,1.00,1.00
2016.12.28 07:04:36.761,1.77481,1.77527,1.00,1.00
2016.12.28 07:04:37.121,1.77482,1.77525,1.00,1.00
2016.12.28 07:04:37.662,1.77481,1.77525,1.00,1.00
2016.12.28 07:04:37.777,1.77481,1.77527,1.00,1.00
2016.12.28 07:04:38.034,1.77482,1.77524,1.00,1.00
2016.12.28 07:04:38.552,1.77482,1.77525,1.00,1.00
2016.12.28 07:04:39.212,1.77482,1.77524,1.00,1.00
2016.12.28 07:04:39.807,1.77482,1.77525,1.00,1.00
2016.12.28 07:04:39.858,1.77473,1.7752,1.12,1.00
2016.12.28 07:04:39.959,1.77471,1.77518,1.00,1.00
2016.12.28 07:04:40.652,1.77472,1.77518,1.00,1.00
2016.12.28 07:04:41.191,1.77472,1.77521,1.50,1.00
2016.12.28 07:04:41.657,1.77482,1.77521,1.00,1.00
2016.12.28 07:04:41.758,1.77482,1.77523,1.00,1.00
2016.12.28 07:04:42.431,1.77482,1.77521,1.00,1.00
2016.12.28 07:04:42.629,1.77474,1.77521,1.00,1.00
2016.12.28 07:04:42.730,1.77481,1.7752,1.00,1.00
2016.12.28 07:04:42.842,1.77481,1.77522,1.00,1.00
2016.12.28 07:04:43.938,1.77482,1.77523,1.00,1.00
2016.12.28 07:04:44.251,1.77474,1.77523,1.00,1.00
2016.12.28 07:04:45.415,1.77474,1.77521,1.00,1.00
2016.12.28 07:04:45.784,1.77474,1.77523,1.00,1.00
2016.12.28 07:04:46.379,1.77473,1.77522,1.00,1.00
2016.12.28 07:04:46.852,1.77474,1.7752,1.00,1.00
2016.12.28 07:04:46.903,1.77472,1.77521,1.50,1.00
2016.12.28 07:04:47.436,1.77472,1.7752,1.50,1.00
2016.12.28 07:04:47.960,1.77472,1.77519,1.50,1.00
2016.12.28 07:04:48.597,1.77472,1.7752,1.00,1.00
2016.12.28 07:04:49.777,1.77473,1.7752,1.00,1.00
2016.12.28 07:04:50.001,1.77471,1.7752,1.50,1.00
2016.12.28 07:04:50.393,1.77473,1.7752,1.00,1.00
2016.12.28 07:04:50.444,1.77471,1.7752,1.50,1.00
2016.12.28 07:04:51.417,1.77472,1.77521,1.00,1.00
2016.12.28 07:04:53.360,1.77471,1.7752,1.50,1.00
2016.12.28 07:04:54.093,1.77471,1.77519,1.50,1.00
2016.12.28 07:04:57.143,1.77471,1.7752,1.50,1.00
2016.12.28 07:04:57.438,1.77471,1.77518,1.00,1.00
2016.12.28 07:04:59.311,1.77472,1.77518,1.00,1.00
2016.12.28 07:05:00.108,1.77472,1.77519,1.00,1.00
2016.12.28 07:05:01.222,1.77471,1.77519,1.00,1.00
2016.12.28 07:05:02.171,1.77472,1.77519,1.00,1.00
2016.12.28 07:05:05.785,1.77472,1.7752,1.00,1.00
2016.12.28 07:05:07.071,1.77472,1.77519,1.00,1.00
2016.12.28 07:05:08.175,1.77472,1.7752,1.00,1.00
2016.12.28 07:05:09.114,1.77473,1.77519,1.00,1.00
2016.12.28 07:05:10.711,1.77472,1.77519,1.50,1.00
2016.12.28 07:05:27.005,1.77473,1.7752,1.00,1.00
2016.12.28 07:05:33.254,1.7747,1.77518,1.00,1.00
2016.12.28 07:05:33.305,1.77468,1.77517,1.00,1.00
2016.12.28 07:05:35.640,1.77462,1.77506,1.00,1.00
2016.12.28 07:05:36.161,1.77462,1.77507,1.00,1.00
2016.12.28 07:05:37.106,1.77462,1.77506,1.00,1.00
2016.12.28 07:05:38.234,1.77461,1.77507,1.00,1.00
2016.12.28 07:05:38.853,1.77461,1.77506,1.00,1.00
2016.12.28 07:05:41.544,1.77461,1.77507,1.00,1.00
2016.12.28 07:05:41.654,1.77464,1.77511,1.00,1.00
2016.12.28 07:05:42.193,1.77465,1.77511,1.00,1.00
2016.12.28 07:05:44.852,1.77471,1.77511,1.00,1.00
2016.12.28 07:05:44.903,1.77471,1.77515,1.00,1.00
2016.12.28 07:05:44.954,1.77472,1.77519,1.00,1.00
2016.12.28 07:05:45.005,1.77472,1.77513,1.00,1.00
2016.12.28 07:05:45.535,1.77471,1.77512,1.00,1.00
2016.12.28 07:05:46.305,1.77466,1.77512,1.00,1.00
2016.12.28 07:05:47.295,1.77466,1.77514,1.00,1.00
2016.12.28 07:05:47.655,1.77466,1.77512,1.00,1.00
2016.12.28 07:05:49.164,1.77464,1.77512,1.00,1.00
2016.12.28 07:05:49.265,1.77472,1.77513,1.00,1.00
2016.12.28 07:05:49.457,1.77466,1.77512,1.00,1.00
2016.12.28 07:05:49.508,1.77468,1.77514,1.00,1.00
2016.12.28 07:05:49.609,1.77463,1.77511,1.00,1.00
2016.12.28 07:05:49.945,1.77465,1.7751,1.00,1.00
2016.12.28 07:05:52.091,1.77471,1.77517,1.00,1.00
2016.12.28 07:05:52.243,1.77467,1.77514,1.00,1.00
2016.12.28 07:05:52.338,1.77465,1.77512,1.00,1.00
2016.12.28 07:05:52.641,1.77465,1.7751,1.00,1.00
2016.12.28 07:05:53.241,1.77466,1.77511,1.00,1.00
2016.12.28 07:05:53.772,1.77467,1.77512,1.00,1.00
2016.12.28 07:05:53.974,1.77473,1.77521,1.00,1.00
2016.12.28 07:05:54.024,1.77474,1.77519,1.00,1.00
2016.12.28 07:05:54.075,1.77472,1.7752,1.50,1.00
2016.12.28 07:05:54.582,1.77471,1.77517,1.00,1.00
2016.12.28 07:05:55.110,1.7747,1.77517,1.00,1.00
2016.12.28 07:05:55.645,1.77471,1.77517,1.00,1.00
2016.12.28 07:05:56.452,1.7747,1.77517,1.00,1.00
2016.12.28 07:05:59.746,1.77471,1.77517,1.00,1.00
2016.12.28 07:06:00.138,1.77473,1.77517,1.00,1.00
2016.12.28 07:06:01.953,1.77474,1.77518,1.00,1.00
2016.12.28 07:06:02.003,1.77472,1.77519,1.50,1.00
2016.12.28 07:06:02.766,1.77474,1.77518,1.00,1.00
2016.12.28 07:06:02.954,1.77472,1.77518,1.00,1.00
2016.12.28 07:06:03.589,1.77474,1.77518,1.00,1.00
2016.12.28 07:06:04.111,1.77472,1.77517,1.50,1.00
2016.12.28 07:06:06.550,1.77474,1.77518,1.00,1.00
2016.12.28 07:06:07.487,1.77474,1.77519,1.00,1.00
2016.12.28 07:06:07.998,1.77473,1.77519,1.00,1.00
2016.12.28 07:06:08.855,1.77482,1.77528,1.00,1.50
2016.12.28 07:06:09.157,1.77488,1.77533,1.00,1.00
2016.12.28 07:06:09.208,1.77491,1.77537,1.00,1.00
2016.12.28 07:06:09.481,1.77494,1.77538,1.00,1.00
2016.12.28 07:06:10.476,1.77495,1.77539,1.00,1.00
2016.12.28 07:06:10.683,1.77493,1.77539,1.00,1.00
2016.12.28 07:06:10.784,1.77491,1.77538,1.00,1.00
2016.12.28 07:06:11.611,1.77491,1.77536,1.00,1.00
2016.12.28 07:06:12.036,1.77493,1.77536,1.00,1.00
2016.12.28 07:06:12.193,1.77487,1.77533,1.00,1.00
2016.12.28 07:06:12.678,1.77491,1.77537,1.00,1.00
2016.12.28 07:06:12.988,1.77491,1.77535,1.00,1.00
2016.12.28 07:06:15.696,1.77492,1.77536,1.00,1.00
2016.12.28 07:06:18.919,1.77492,1.77535,1.00,1.00
2016.12.28 07:06:19.157,1.77491,1.77537,1.00,1.00
2016.12.28 07:06:25.383,1.7749,1.77536,1.00,1.00
2016.12.28 07:06:25.434,1.77488,1.77533,1.00,1.00
2016.12.28 07:06:25.784,1.77483,1.77528,1.00,1.00
2016.12.28 07:06:26.147,1.77483,1.77526,1.00,1.00
2016.12.28 07:06:27.074,1.77484,1.77528,1.00,1.00
2016.12.28 07:06:27.125,1.77486,1.77529,1.00,1.00
2016.12.28 07:06:27.777,1.77485,1.77528,1.00,1.00
2016.12.28 07:06:28.493,1.77485,1.7753,1.00,1.00
2016.12.28 07:06:30.290,1.77483,1.77528,1.00,1.00
2016.12.28 07:06:30.629,1.77494,1.77538,1.00,1.00
2016.12.28 07:06:30.881,1.77496,1.77541,1.00,1.00
2016.12.28 07:06:31.269,1.77497,1.77539,1.00,1.00
2016.12.28 07:06:31.389,1.77496,1.77541,1.00,1.00
2016.12.28 07:06:33.173,1.77497,1.77542,1.00,1.00
2016.12.28 07:06:33.834,1.77497,1.7754,1.00,1.00
2016.12.28 07:06:33.935,1.77494,1.77539,1.00,1.00
2016.12.28 07:06:34.086,1.77492,1.77537,1.00,1.00
2016.12.28 07:06:35.209,1.77493,1.77535,1.00,1.00
2016.12.28 07:06:35.926,1.77493,1.77536,1.00,1.00
2016.12.28 07:06:43.558,1.77493,1.77535,1.00,1.00
2016.12.28 07:06:45.120,1.77492,1.77535,1.00,1.00
2016.12.28 07:06:50.410,1.77491,1.77535,1.50,1.00
2016.12.28 07:06:52.607,1.77492,1.77535,1.00,1.00
2016.12.28 07:06:52.901,1.77495,1.77539,1.00,1.00
2016.12.28 07:06:52.952,1.77501,1.77541,1.00,1.00
2016.12.28 07:06:53.053,1.77497,1.77539,1.00,1.00
2016.12.28 07:06:53.154,1.77491,1.77534,1.00,1.00
2016.12.28 07:06:53.656,1.77492,1.77534,1.00,1.00
2016.12.28 07:06:59.917,1.77492,1.77535,1.00,1.00
2016.12.28 07:07:00.456,1.77492,1.77534,1.00,1.00
2016.12.28 07:07:03.497,1.7749,1.77534,1.00,1.00
2016.12.28 07:07:03.548,1.77488,1.7753,1.00,1.00
2016.12.28 07:07:03.649,1.77486,1.7753,1.00,1.00
2016.12.28 07:07:03.700,1.77484,1.77528,1.00,1.00
2016.12.28 07:07:04.417,1.77484,1.77526,1.00,1.00
2016.12.28 07:07:04.941,1.77483,1.77527,1.00,1.00
2016.12.28 07:07:05.537,1.77485,1.77527,1.00,1.00
2016.12.28 07:07:06.343,1.77486,1.77528,1.00,1.00
2016.12.28 07:07:09.033,1.77488,1.77529,1.00,1.00
2016.12.28 07:07:09.084,1.77489,1.77533,1.00,1.00
2016.12.28 07:07:09.135,1.77491,1.77533,1.00,1.00
2016.12.28 07:07:09.534,1.77489,1.77533,1.00,1.00
2016.12.28 07:07:10.807,1.77492,1.77533,1.00,1.00
2016.12.28 07:07:12.743,1.77492,1.77535,1.00,1.00
2016.12.28 07:07:12.844,1.77494,1.77538,1.00,1.00
2016.12.28 07:07:14.429,1.77493,1.77537,1.00,1.00
2016.12.28 07:07:14.480,1.77492,1.77534,1.50,1.00
2016.12.28 07:07:15.018,1.77491,1.77534,1.00,1.00
2016.12.28 07:07:18.603,1.77496,1.77538,1.00,1.00
2016.12.28 07:07:18.654,1.77498,1.77542,1.00,1.00
2016.12.28 07:07:18.704,1.77502,1.77542,1.00,1.00
2016.12.28 07:07:18.755,1.77503,1.77545,1.00,1.00
2016.12.28 07:07:18.856,1.77503,1.77547,1.00,1.00
2016.12.28 07:07:32.296,1.77505,1.77546,1.00,1.00
2016.12.28 07:07:32.347,1.77506,1.77548,1.00,1.00
2016.12.28 07:07:32.452,1.77504,1.77548,1.00,1.00
2016.12.28 07:07:32.844,1.77501,1.77542,1.00,1.00
2016.12.28 07:07:32.945,1.77505,1.77547,1.00,1.00
2016.12.28 07:07:32.996,1.77505,1.77549,1.00,1.00
2016.12.28 07:07:33.047,1.77507,1.77551,1.00,1.00
2016.12.28 07:07:33.349,1.7751,1.77552,1.00,1.00
2016.12.28 07:07:33.651,1.7751,1.77554,1.00,1.00
2016.12.28 07:07:34.409,1.77511,1.77555,1.00,1.00
2016.12.28 07:07:37.276,1.77512,1.77555,1.00,1.00
2016.12.28 07:07:38.041,1.77511,1.77555,1.00,1.00
2016.12.28 07:07:38.225,1.77513,1.77555,1.00,1.00
2016.12.28 07:07:38.382,1.77511,1.77555,1.00,1.00
2016.12.28 07:07:38.537,1.77513,1.77555,1.00,1.00
2016.12.28 07:07:39.906,1.77512,1.77554,1.00,1.00
2016.12.28 07:07:40.654,1.77512,1.77556,1.00,1.00
2016.12.28 07:07:41.158,1.77511,1.77555,1.50,1.00
2016.12.28 07:07:41.959,1.77512,1.77555,1.00,1.00
2016.12.28 07:07:43.374,1.77512,1.77556,1.00,1.00
2016.12.28 07:07:43.475,1.77512,1.77554,1.00,1.00
2016.12.28 07:07:44.537,1.77512,1.77556,1.00,1.00
2016.12.28 07:07:45.553,1.77512,1.77555,1.00,1.00
2016.12.28 07:07:45.604,1.77511,1.77553,1.50,1.00
2016.12.28 07:07:45.907,1.77511,1.77547,1.00,1.00
2016.12.28 07:07:45.958,1.77511,1.7755,1.00,1.00
2016.12.28 07:07:46.059,1.77508,1.77551,1.00,1.00
2016.12.28 07:07:46.567,1.77509,1.77551,1.00,1.00
2016.12.28 07:07:47.623,1.77508,1.7755,1.00,1.00
2016.12.28 07:07:48.354,1.77508,1.77552,1.00,1.00
2016.12.28 07:07:48.505,1.77511,1.77555,1.00,1.00
2016.12.28 07:07:48.821,1.77514,1.77556,1.00,1.00
2016.12.28 07:07:49.322,1.77513,1.77556,1.00,1.00
2016.12.28 07:07:54.591,1.77512,1.77556,1.00,1.00
2016.12.28 07:07:58.089,1.77514,1.77556,1.00,1.00
2016.12.28 07:07:58.407,1.77512,1.77556,1.00,1.00
2016.12.28 07:07:58.457,1.77516,1.77558,1.00,1.00
2016.12.28 07:07:58.508,1.77516,1.7756,1.00,1.00
2016.12.28 07:07:58.560,1.77519,1.77561,1.00,1.00
2016.12.28 07:07:59.098,1.77518,1.7756,1.00,1.00
2016.12.28 07:07:59.199,1.77518,1.77563,1.00,1.00
2016.12.28 07:07:59.308,1.77519,1.77561,1.00,1.00
2016.12.28 07:07:59.697,1.77519,1.77563,1.00,1.00
2016.12.28 07:08:01.006,1.77521,1.77563,1.00,1.00
2016.12.28 07:08:03.002,1.7752,1.77563,1.00,1.00
2016.12.28 07:08:03.561,1.77521,1.77563,1.00,1.00
2016.12.28 07:08:03.713,1.77525,1.77569,1.00,1.00
2016.12.28 07:08:04.105,1.77525,1.77571,1.00,1.00
2016.12.28 07:08:04.681,1.77526,1.77568,1.00,1.00
2016.12.28 07:08:12.519,1.77526,1.77569,1.00,1.00
2016.12.28 07:08:12.721,1.77528,1.77573,1.00,1.00
2016.12.28 07:08:13.077,1.77528,1.77571,1.00,1.00
2016.12.28 07:08:14.103,1.77529,1.77571,1.00,1.00
2016.12.28 07:08:18.135,1.77527,1.77571,1.00,1.00
2016.12.28 07:08:18.731,1.77528,1.77572,1.00,1.00
2016.12.28 07:08:19.612,1.77528,1.77573,1.00,1.00
2016.12.28 07:08:19.713,1.7753,1.77574,1.00,1.00
2016.12.28 07:08:20.159,1.77532,1.77574,1.00,1.00
2016.12.28 07:08:20.733,1.77531,1.77575,1.00,1.00
2016.12.28 07:08:21.495,1.7753,1.77575,1.00,1.00
2016.12.28 07:08:21.809,1.77531,1.77573,1.00,1.00
2016.12.28 07:08:21.860,1.77531,1.77575,1.00,1.00
2016.12.28 07:08:22.231,1.77528,1.77573,1.00,1.00
2016.12.28 07:08:22.311,1.7753,1.77574,1.00,1.00
2016.12.28 07:08:22.589,1.77528,1.77573,1.00,1.00
2016.12.28 07:08:23.177,1.77529,1.77574,1.00,1.00
2016.12.28 07:08:23.708,1.7753,1.77575,1.00,1.00
2016.12.28 07:08:23.759,1.77529,1.77573,1.00,1.00
2016.12.28 07:08:24.601,1.7753,1.77573,1.00,1.00
2016.12.28 07:08:25.783,1.77531,1.77574,1.00,1.00
2016.12.28 07:08:25.833,1.77528,1.77573,1.00,1.00
2016.12.28 07:08:26.113,1.77522,1.77567,1.00,1.00
2016.12.28 07:08:26.415,1.77521,1.77564,1.00,1.00
2016.12.28 07:08:26.617,1.77523,1.77568,1.00,1.00
2016.12.28 07:08:27.023,1.77526,1.77569,1.00,1.00
2016.12.28 07:08:27.577,1.77525,1.77568,1.00,1.00
2016.12.28 07:08:27.778,1.77525,1.7757,1.00,1.00
2016.12.28 07:08:28.116,1.77527,1.7757,1.00,1.00
2016.12.28 07:08:28.183,1.77525,1.7757,1.00,1.00
2016.12.28 07:08:28.433,1.77525,1.77568,1.00,1.00
2016.12.28 07:08:28.579,1.77525,1.7757,1.00,1.00
2016.12.28 07:08:28.779,1.77526,1.77568,1.00,1.00
2016.12.28 07:08:29.430,1.77525,1.7757,1.00,1.00
2016.12.28 07:08:29.903,1.77525,1.77568,1.00,1.00
2016.12.28 07:08:29.954,1.77525,1.7757,1.00,1.00
2016.12.28 07:08:30.731,1.77525,1.77568,1.00,1.00
2016.12.28 07:08:30.782,1.77526,1.77571,1.00,1.00
2016.12.28 07:08:31.361,1.77525,1.77571,1.00,1.00
2016.12.28 07:08:31.411,1.77526,1.77569,1.00,1.00
2016.12.28 07:08:31.930,1.77524,1.77568,1.00,1.00
2016.12.28 07:08:32.439,1.77525,1.77568,1.00,1.00
2016.12.28 07:08:32.570,1.77524,1.7757,1.00,1.00
2016.12.28 07:08:32.621,1.77523,1.77568,1.00,1.00
2016.12.28 07:08:33.056,1.77525,1.7757,1.00,1.00
2016.12.28 07:08:33.791,1.77523,1.77568,1.00,1.00
2016.12.28 07:08:35.669,1.77524,1.77569,1.00,1.00
2016.12.28 07:08:36.787,1.77523,1.77567,1.00,1.00
2016.12.28 07:08:37.110,1.77519,1.77562,1.00,1.00
2016.12.28 07:08:39.372,1.77517,1.77562,1.00,1.00
2016.12.28 07:08:40.671,1.77519,1.77563,1.00,1.00
2016.12.28 07:08:41.186,1.77518,1.77561,1.00,1.00
2016.12.28 07:08:41.825,1.77517,1.7756,1.00,1.00
2016.12.28 07:08:41.976,1.77502,1.77547,1.12,1.00
2016.12.28 07:08:42.027,1.77504,1.77548,1.00,1.00
2016.12.28 07:08:42.078,1.77502,1.77548,1.00,1.00
2016.12.28 07:08:42.674,1.77503,1.77548,1.00,1.00
2016.12.28 07:08:43.217,1.77504,1.77548,1.00,1.00
2016.12.28 07:08:44.682,1.77504,1.77549,1.00,1.00
2016.12.28 07:08:45.410,1.77503,1.77548,1.00,1.00
2016.12.28 07:08:46.155,1.77504,1.77547,1.00,1.00
2016.12.28 07:08:46.682,1.77505,1.77549,1.00,1.00
2016.12.28 07:08:46.733,1.77503,1.77549,1.00,1.00
2016.12.28 07:08:47.265,1.77502,1.77548,1.00,1.00
2016.12.28 07:08:47.367,1.775,1.77545,1.00,1.00
2016.12.28 07:08:47.671,1.77502,1.77544,1.00,1.00
2016.12.28 07:08:48.214,1.77501,1.77544,1.00,1.00
2016.12.28 07:08:49.695,1.775,1.77544,1.00,1.00
2016.12.28 07:08:50.044,1.77502,1.77546,1.00,1.00
2016.12.28 07:08:50.356,1.77501,1.77544,1.00,1.00
2016.12.28 07:08:50.406,1.775,1.77546,1.00,1.00
2016.12.28 07:08:50.572,1.77503,1.77546,1.00,1.00
2016.12.28 07:08:51.200,1.77503,1.77547,1.00,1.00
2016.12.28 07:08:51.251,1.77501,1.77547,1.00,1.00
2016.12.28 07:08:52.065,1.77502,1.77548,1.00,1.00
2016.12.28 07:08:52.115,1.77502,1.77546,1.00,1.00
2016.12.28 07:08:53.184,1.77503,1.77547,1.00,1.00
2016.12.28 07:08:53.709,1.77502,1.77546,1.00,1.00
2016.12.28 07:08:54.113,1.77503,1.77548,1.00,1.00
2016.12.28 07:08:55.128,1.77503,1.77547,1.00,1.00
2016.12.28 07:08:55.818,1.77501,1.77545,1.00,1.00
2016.12.28 07:08:56.148,1.775,1.77547,1.00,1.00
2016.12.28 07:08:56.199,1.77502,1.77548,1.00,1.00
2016.12.28 07:08:58.199,1.77502,1.77546,1.00,1.00
2016.12.28 07:08:59.236,1.7751,1.77554,1.00,1.00
2016.12.28 07:08:59.337,1.77505,1.77553,1.00,1.00
2016.12.28 07:08:59.388,1.77506,1.7755,1.00,1.00
2016.12.28 07:08:59.439,1.77503,1.7755,1.00,1.00
2016.12.28 07:08:59.849,1.77505,1.77549,1.00,1.00
2016.12.28 07:09:00.393,1.77504,1.7755,1.00,1.00
2016.12.28 07:09:00.721,1.77507,1.77551,1.00,1.00
2016.12.28 07:09:00.801,1.7751,1.77556,1.00,1.00
2016.12.28 07:09:00.916,1.77507,1.77551,1.00,1.00
2016.12.28 07:09:01.462,1.77508,1.77552,1.00,1.00
2016.12.28 07:09:01.667,1.77506,1.77552,1.00,1.00
2016.12.28 07:09:04.160,1.77514,1.7756,1.00,1.00
2016.12.28 07:09:04.804,1.77511,1.77557,1.00,1.00
2016.12.28 07:09:05.107,1.77505,1.77551,1.00,1.00
2016.12.28 07:09:05.486,1.77502,1.77548,1.00,1.00
2016.12.28 07:09:06.375,1.77503,1.77549,1.00,1.00
2016.12.28 07:09:08.506,1.77502,1.77548,1.00,1.00
2016.12.28 07:09:09.507,1.77504,1.77548,1.00,1.00
2016.12.28 07:09:10.161,1.77505,1.77549,1.00,1.00
2016.12.28 07:09:10.878,1.77503,1.77549,1.00,1.00
2016.12.28 07:09:12.542,1.77502,1.77546,1.50,1.00
2016.12.28 07:09:12.883,1.77508,1.77552,1.00,1.00
2016.12.28 07:09:13.185,1.77501,1.77545,1.50,1.00
2016.12.28 07:09:13.781,1.77501,1.77544,1.00,1.00
2016.12.28 07:09:14.385,1.77501,1.77545,1.50,1.00
2016.12.28 07:09:14.908,1.77502,1.77546,1.00,1.00
2016.12.28 07:09:15.521,1.77501,1.77547,1.00,1.00
2016.12.28 07:09:15.981,1.77501,1.77545,1.00,1.00
2016.12.28 07:09:16.523,1.77499,1.77543,1.00,1.00
2016.12.28 07:09:18.305,1.77499,1.77545,1.00,1.00
2016.12.28 07:09:19.720,1.77501,1.77545,1.00,1.00
2016.12.28 07:09:19.973,1.77502,1.77548,1.00,1.00
2016.12.28 07:09:20.465,1.77501,1.77546,1.00,1.00
2016.12.28 07:09:20.717,1.77498,1.77544,1.00,1.00
2016.12.28 07:09:22.000,1.77499,1.77545,1.00,1.00
2016.12.28 07:09:22.461,1.77499,1.77543,1.00,1.00
2016.12.28 07:09:22.537,1.77499,1.77545,1.00,1.00
2016.12.28 07:09:23.416,1.77501,1.77547,1.00,1.00
2016.12.28 07:09:25.418,1.775,1.77547,1.00,1.00
2016.12.28 07:09:26.066,1.77501,1.77545,1.00,1.00
2016.12.28 07:09:26.587,1.775,1.77546,1.00,1.00
2016.12.28 07:09:27.467,1.775,1.77547,1.00,1.00
2016.12.28 07:09:28.305,1.77501,1.77547,1.00,1.00
2016.12.28 07:09:29.414,1.77502,1.77546,1.00,1.00
2016.12.28 07:09:29.764,1.775,1.77544,1.00,1.00
2016.12.28 07:09:30.880,1.77499,1.77546,1.00,1.00
2016.12.28 07:09:31.032,1.77498,1.77544,1.00,1.00
2016.12.28 07:09:31.565,1.77497,1.77544,1.00,1.00
2016.12.28 07:09:31.876,1.77499,1.77544,1.00,1.00
2016.12.28 07:09:32.205,1.77498,1.77542,1.00,1.00
2016.12.28 07:09:38.467,1.77497,1.77542,1.00,1.00
2016.12.28 07:09:39.307,1.77499,1.77543,1.00,1.00
2016.12.28 07:09:40.117,1.77498,1.77542,1.00,1.00
2016.12.28 07:09:40.822,1.77498,1.77543,1.00,1.00
2016.12.28 07:09:43.227,1.77499,1.77546,1.00,1.00
2016.12.28 07:09:44.305,1.77505,1.77552,1.00,1.50
2016.12.28 07:09:44.506,1.7752,1.77567,1.00,1.00
2016.12.28 07:09:44.557,1.77523,1.77567,1.00,1.00
2016.12.28 07:09:44.896,1.77526,1.7757,1.00,1.00
2016.12.28 07:09:44.947,1.77525,1.77572,1.00,1.00
2016.12.28 07:09:45.189,1.77523,1.7757,1.00,1.00
2016.12.28 07:09:45.518,1.77521,1.77568,1.00,1.00
2016.12.28 07:09:46.252,1.77522,1.77569,1.00,1.00
2016.12.28 07:09:46.560,1.77524,1.77568,1.00,1.00
2016.12.28 07:09:49.539,1.77522,1.77568,1.00,1.00
2016.12.28 07:09:51.460,1.77524,1.77568,1.00,1.00
2016.12.28 07:09:52.208,1.77522,1.77568,1.00,1.00
2016.12.28 07:09:53.408,1.77523,1.77568,1.00,1.00
2016.12.28 07:09:54.185,1.77522,1.77568,1.00,1.00
2016.12.28 07:09:55.391,1.77522,1.77566,1.00,1.00
2016.12.28 07:09:55.441,1.7752,1.77567,1.00,1.00
2016.12.28 07:09:55.542,1.77521,1.77565,1.00,1.00
2016.12.28 07:09:55.794,1.77521,1.77567,1.00,1.00
2016.12.28 07:09:56.214,1.77523,1.77568,1.00,1.00
2016.12.28 07:09:56.620,1.77521,1.77568,1.00,1.00
2016.12.28 07:09:57.381,1.77521,1.77567,1.00,1.00
2016.12.28 07:09:59.556,1.77522,1.77569,1.00,1.00
2016.12.28 07:09:59.693,1.77521,1.77565,1.00,1.00
2016.12.28 07:10:00.738,1.77521,1.77568,1.00,1.00
2016.12.28 07:10:00.810,1.7752,1.77564,1.00,1.00
2016.12.28 07:10:00.861,1.7752,1.77567,1.00,1.00
2016.12.28 07:10:00.911,1.77522,1.77567,1.00,1.00
2016.12.28 07:10:01.335,1.77522,1.77569,1.00,1.00
2016.12.28 07:10:01.541,1.7752,1.77567,1.00,1.00
2016.12.28 07:10:02.079,1.77521,1.77567,1.00,1.00
2016.12.28 07:10:03.339,1.77522,1.77567,1.00,1.00
2016.12.28 07:10:03.875,1.77523,1.77568,1.00,1.00
2016.12.28 07:10:03.926,1.7752,1.77567,1.00,1.00
2016.12.28 07:10:03.976,1.77522,1.77568,1.00,1.00
2016.12.28 07:10:10.342,1.77522,1.77566,1.00,1.00
2016.12.28 07:10:10.393,1.7752,1.77566,1.00,1.00
2016.12.28 07:10:10.895,1.77518,1.77565,1.00,1.00
2016.12.28 07:10:10.946,1.77518,1.77563,1.00,1.00
2016.12.28 07:10:11.047,1.77514,1.77561,1.00,1.00
2016.12.28 07:10:11.198,1.77514,1.77559,1.00,1.00
2016.12.28 07:10:18.925,1.77514,1.77561,1.00,1.00
2016.12.28 07:10:24.829,1.77514,1.77559,1.00,1.00
2016.12.28 07:10:24.880,1.77514,1.77561,1.00,1.00
2016.12.28 07:10:24.930,1.77516,1.77561,1.00,1.00
2016.12.28 07:10:25.333,1.77517,1.77563,1.00,1.00
2016.12.28 07:10:25.960,1.77518,1.77563,1.00,1.00
2016.12.28 07:10:26.461,1.77517,1.77565,1.00,1.00
2016.12.28 07:10:31.680,1.77516,1.77564,1.00,1.00
2016.12.28 07:10:35.818,1.77517,1.77565,1.00,1.00
2016.12.28 07:10:36.873,1.77517,1.77564,1.00,1.00
2016.12.28 07:10:37.395,1.77512,1.7756,1.00,1.00
2016.12.28 07:10:37.665,1.77514,1.7756,1.00,1.00
2016.12.28 07:10:37.917,1.77515,1.77562,1.00,1.00
2016.12.28 07:10:38.999,1.77515,1.77563,1.00,1.00
2016.12.28 07:10:39.836,1.77514,1.77562,1.00,1.00
2016.12.28 07:10:41.741,1.77515,1.7756,1.00,1.00
2016.12.28 07:10:42.620,1.77505,1.77551,1.00,1.00
2016.12.28 07:10:42.721,1.77502,1.77546,1.50,1.00
2016.12.28 07:10:42.844,1.77497,1.77543,1.00,1.00
2016.12.28 07:10:44.141,1.77497,1.77544,1.00,1.00
2016.12.28 07:10:44.242,1.77498,1.77546,1.00,1.00
2016.12.28 07:10:45.735,1.77497,1.77543,1.00,1.00
2016.12.28 07:10:46.780,1.77498,1.77544,1.00,1.00
2016.12.28 07:10:48.157,1.77499,1.77547,1.00,1.00
2016.12.28 07:10:49.231,1.775,1.77547,1.00,1.00
2016.12.28 07:10:52.378,1.77499,1.77546,1.00,1.00
2016.12.28 07:10:52.428,1.77499,1.77544,1.00,1.00
2016.12.28 07:10:53.747,1.77497,1.77545,1.00,1.00
2016.12.28 07:10:54.271,1.77497,1.77544,1.00,1.00
2016.12.28 07:10:55.333,1.77498,1.77545,1.00,1.00
2016.12.28 07:10:55.485,1.77497,1.77542,1.00,1.00
2016.12.28 07:10:55.535,1.77497,1.77544,1.00,1.00
2016.12.28 07:10:56.395,1.77499,1.77544,1.00,1.00
2016.12.28 07:10:56.728,1.77492,1.77539,1.50,1.00
2016.12.28 07:10:56.963,1.77492,1.77536,1.00,1.00
2016.12.28 07:10:57.487,1.77492,1.77537,1.50,1.00
2016.12.28 07:10:58.173,1.77493,1.77538,1.00,1.00
2016.12.28 07:10:58.688,1.77492,1.77536,1.00,1.00
2016.12.28 07:10:58.947,1.77495,1.77542,1.00,1.00
2016.12.28 07:10:59.557,1.77495,1.7754,1.00,1.00
2016.12.28 07:11:00.340,1.77495,1.77539,1.00,1.00
2016.12.28 07:11:01.525,1.77494,1.77539,1.00,1.00
2016.12.28 07:11:02.454,1.77501,1.77541,1.00,1.00
2016.12.28 07:11:02.505,1.77501,1.77544,1.00,1.00
2016.12.28 07:11:02.561,1.77502,1.77546,1.00,1.00
2016.12.28 07:11:02.612,1.77502,1.77548,1.00,1.00
2016.12.28 07:11:02.663,1.77499,1.77545,1.00,1.00
2016.12.28 07:11:02.915,1.77501,1.77548,1.50,1.00
2016.12.28 07:11:03.015,1.77503,1.77547,1.00,1.00
2016.12.28 07:11:04.658,1.77503,1.77548,1.00,1.00
2016.12.28 07:11:05.721,1.77502,1.77548,1.50,1.00
2016.12.28 07:11:06.051,1.77502,1.77546,1.50,1.00
2016.12.28 07:11:06.152,1.77502,1.77548,1.00,1.00
2016.12.28 07:11:07.053,1.77502,1.77546,1.50,1.00
2016.12.28 07:11:08.317,1.77502,1.77547,1.00,1.00
2016.12.28 07:11:08.909,1.77502,1.77545,1.00,1.00
2016.12.28 07:11:10.258,1.77502,1.77544,1.00,1.00
2016.12.28 07:11:12.109,1.77501,1.77544,1.00,1.00
2016.12.28 07:11:12.222,1.77501,1.77546,1.00,1.00
2016.12.28 07:11:12.373,1.77501,1.77548,1.50,1.00
2016.12.28 07:11:12.928,1.77502,1.77548,1.00,1.00
2016.12.28 07:11:13.498,1.77502,1.77547,1.00,1.00
2016.12.28 07:11:16.190,1.77502,1.77545,1.00,1.00
2016.12.28 07:11:22.356,1.77501,1.77545,1.00,1.00
2016.12.28 07:11:23.115,1.77501,1.77546,1.50,1.00
2016.12.28 07:11:23.650,1.77502,1.77547,1.50,1.00
2016.12.28 07:11:24.160,1.77503,1.77548,1.00,1.00
2016.12.28 07:11:35.055,1.77505,1.77552,1.00,1.00
2016.12.28 07:11:35.157,1.77507,1.77553,1.00,1.00
2016.12.28 07:11:35.667,1.77508,1.77554,1.00,1.00
2016.12.28 07:11:36.366,1.77508,1.77553,1.00,1.00
2016.12.28 07:11:37.565,1.77507,1.77553,1.00,1.00
2016.12.28 07:11:39.776,1.77507,1.77552,1.00,1.00
2016.12.28 07:11:40.408,1.77512,1.77552,1.00,1.00
2016.12.28 07:11:45.687,1.77507,1.77552,1.00,1.00
2016.12.28 07:11:46.571,1.77506,1.77551,1.00,1.00
2016.12.28 07:11:47.359,1.77506,1.7755,1.00,1.00
2016.12.28 07:11:47.510,1.77502,1.77549,1.50,1.00
2016.12.28 07:11:47.763,1.77507,1.77552,1.00,1.00
2016.12.28 07:11:48.522,1.77508,1.77552,1.00,1.00
2016.12.28 07:11:49.300,1.77507,1.77552,1.00,1.00
2016.12.28 07:11:50.007,1.77506,1.77552,1.00,1.00
2016.12.28 07:11:50.331,1.77512,1.77554,1.00,1.00
2016.12.28 07:11:50.432,1.77506,1.77551,1.00,1.00
2016.12.28 07:11:50.533,1.77503,1.77549,1.00,1.00
2016.12.28 07:11:50.634,1.77502,1.77547,1.00,1.00
2016.12.28 07:11:50.957,1.77502,1.77545,1.00,1.00
2016.12.28 07:11:51.304,1.77502,1.77547,1.00,1.00
2016.12.28 07:11:52.109,1.77502,1.77545,1.00,1.00
2016.12.28 07:11:53.038,1.77502,1.77546,1.00,1.00
2016.12.28 07:11:55.936,1.77503,1.77547,1.00,1.00
2016.12.28 07:11:56.444,1.77501,1.7754,1.00,1.00
2016.12.28 07:11:56.495,1.77501,1.77542,1.00,1.00
2016.12.28 07:11:56.747,1.77495,1.77541,1.00,1.00
2016.12.28 07:11:58.621,1.77502,1.77539,1.00,1.00
2016.12.28 07:11:59.017,1.77492,1.77538,1.50,1.00
2016.12.28 07:11:59.318,1.77492,1.77535,1.00,1.00
2016.12.28 07:11:59.571,1.77492,1.77538,1.00,1.00
2016.12.28 07:12:03.617,1.77501,1.77542,1.00,1.00
2016.12.28 07:12:03.768,1.77506,1.77549,1.00,1.00
2016.12.28 07:12:03.819,1.77513,1.77556,1.00,1.87
2016.12.28 07:12:03.869,1.77511,1.77555,1.00,1.00
2016.12.28 07:12:04.576,1.77512,1.77555,1.00,1.00
2016.12.28 07:12:05.148,1.77515,1.77559,1.00,1.00
2016.12.28 07:12:05.199,1.77517,1.77563,1.00,1.50
2016.12.28 07:12:05.300,1.7752,1.77564,1.00,1.00
2016.12.28 07:12:05.830,1.77522,1.77564,1.00,1.00
2016.12.28 07:12:06.034,1.77522,1.77566,1.00,1.00
2016.12.28 07:12:06.086,1.77527,1.7757,1.00,1.00
2016.12.28 07:12:06.289,1.77531,1.77575,1.50,1.00
2016.12.28 07:12:07.052,1.77531,1.77574,1.50,1.00
2016.12.28 07:12:08.288,1.77531,1.77573,1.00,1.00
2016.12.28 07:12:10.110,1.77532,1.77573,1.00,1.00
2016.12.28 07:12:10.227,1.77532,1.77575,1.00,1.00
2016.12.28 07:12:11.812,1.77532,1.77574,1.00,1.00
2016.12.28 07:12:14.779,1.77531,1.77574,1.50,1.00
2016.12.28 07:12:14.880,1.77531,1.77577,1.50,1.00
2016.12.28 07:12:15.508,1.77533,1.77576,1.00,1.00
2016.12.28 07:12:15.963,1.77532,1.77578,1.00,1.00
2016.12.28 07:12:16.072,1.77532,1.77576,1.00,1.00
2016.12.28 07:12:16.754,1.77531,1.77577,1.50,1.00
2016.12.28 07:12:17.211,1.77533,1.77577,1.00,1.00
2016.12.28 07:12:17.864,1.77531,1.77578,1.50,1.00
2016.12.28 07:12:18.564,1.77532,1.77578,1.00,1.00
2016.12.28 07:12:19.229,1.77531,1.77575,1.50,1.00
2016.12.28 07:12:19.581,1.77529,1.77575,1.00,1.00
2016.12.28 07:12:19.784,1.77531,1.77575,1.00,1.00
2016.12.28 07:12:20.407,1.77531,1.77574,1.00,1.00
2016.12.28 07:12:21.358,1.77528,1.77574,1.00,1.00
2016.12.28 07:12:22.211,1.77529,1.77575,1.00,1.00
2016.12.28 07:12:23.781,1.77529,1.77573,1.00,1.00
2016.12.28 07:12:29.154,1.77529,1.77575,1.00,1.00
2016.12.28 07:12:31.154,1.77529,1.77573,1.00,1.00
2016.12.28 07:12:35.815,1.77532,1.77573,1.00,1.00
2016.12.28 07:12:36.350,1.77529,1.77573,1.00,1.00
2016.12.28 07:12:37.686,1.77528,1.77572,1.00,1.00
2016.12.28 07:12:37.787,1.77526,1.77572,1.00,1.00
2016.12.28 07:12:37.838,1.77532,1.77572,1.00,1.00
2016.12.28 07:12:38.140,1.77532,1.7757,1.00,1.00
2016.12.28 07:12:38.261,1.77524,1.7757,1.00,1.00
2016.12.28 07:12:38.409,1.77526,1.77573,1.00,1.00
2016.12.28 07:12:38.758,1.77526,1.7757,1.00,1.00
2016.12.28 07:12:39.286,1.77525,1.77572,1.00,1.00
2016.12.28 07:12:39.386,1.77526,1.7757,1.00,1.00
2016.12.28 07:12:39.539,1.77525,1.77572,1.00,1.00
2016.12.28 07:12:41.053,1.77532,1.77572,1.00,1.00
2016.12.28 07:12:41.104,1.77534,1.7758,1.00,1.00
2016.12.28 07:12:41.205,1.77531,1.77577,1.50,1.00
2016.12.28 07:12:41.507,1.77536,1.77582,1.00,1.00
2016.12.28 07:12:41.810,1.7754,1.77585,1.00,1.00
2016.12.28 07:12:42.181,1.77538,1.77584,1.00,1.00
2016.12.28 07:12:44.481,1.77538,1.77585,1.00,1.00
2016.12.28 07:12:44.632,1.77541,1.77587,1.00,1.00
2016.12.28 07:12:44.958,1.77548,1.77592,1.00,1.00
2016.12.28 07:12:45.060,1.77555,1.776,1.00,1.00
2016.12.28 07:12:45.161,1.77559,1.77603,1.00,1.00
2016.12.28 07:12:45.709,1.77558,1.77604,1.00,1.00
2016.12.28 07:12:46.293,1.77558,1.77603,1.00,1.00
2016.12.28 07:12:47.262,1.77555,1.77599,1.00,1.00
2016.12.28 07:12:47.837,1.77554,1.77599,1.00,1.00
2016.12.28 07:12:48.481,1.77554,1.77598,1.00,1.00
2016.12.28 07:12:48.645,1.77552,1.77599,1.50,1.00
2016.12.28 07:12:48.695,1.77552,1.77592,1.00,1.00
2016.12.28 07:12:48.746,1.77546,1.77592,1.00,1.00
2016.12.28 07:12:48.797,1.77544,1.7759,1.00,1.00
2016.12.28 07:12:49.143,1.77541,1.77587,1.00,1.00
2016.12.28 07:12:49.676,1.77542,1.77586,1.00,1.00
2016.12.28 07:12:50.181,1.77541,1.77586,1.00,1.00
2016.12.28 07:12:50.719,1.7754,1.77586,1.00,1.00
2016.12.28 07:12:51.228,1.77539,1.77586,1.00,1.00
2016.12.28 07:12:51.953,1.77542,1.77586,1.00,1.00
2016.12.28 07:12:52.179,1.77542,1.77588,1.00,1.00
2016.12.28 07:12:54.696,1.77542,1.77589,1.00,1.00
2016.12.28 07:12:56.531,1.77534,1.77557,1.00,1.00
2016.12.28 07:12:56.582,1.77534,1.77563,1.00,1.00
2016.12.28 07:12:56.632,1.77531,1.77547,1.00,1.00
2016.12.28 07:12:56.683,1.77502,1.77546,1.00,1.00
2016.12.28 07:12:56.734,1.77502,1.77544,1.00,1.00
2016.12.28 07:12:56.885,1.77492,1.77537,1.00,1.00
2016.12.28 07:12:56.935,1.77491,1.77534,1.00,1.00
2016.12.28 07:12:56.986,1.77492,1.77537,1.00,1.00
2016.12.28 07:12:57.088,1.77494,1.77538,1.00,1.00
2016.12.28 07:12:57.199,1.77494,1.77541,1.00,1.00
2016.12.28 07:12:57.249,1.77501,1.77541,1.00,1.00
2016.12.28 07:12:57.596,1.77502,1.77543,1.00,1.00
2016.12.28 07:12:59.087,1.77501,1.77543,1.00,1.00
2016.12.28 07:13:00.910,1.77502,1.77543,1.00,1.00
2016.12.28 07:13:01.089,1.77502,1.77546,1.00,1.00
2016.12.28 07:13:01.732,1.77501,1.77546,1.50,1.00
2016.12.28 07:13:03.478,1.77502,1.77546,1.00,1.00
2016.12.28 07:13:04.091,1.77502,1.77545,1.00,1.00
2016.12.28 07:13:05.060,1.77502,1.77546,1.00,1.00
2016.12.28 07:13:05.710,1.77501,1.77546,1.00,1.00
2016.12.28 07:13:06.452,1.77502,1.77546,1.00,1.00
2016.12.28 07:13:06.906,1.77502,1.77544,1.00,1.00
2016.12.28 07:13:09.638,1.77502,1.77543,1.00,1.00
2016.12.28 07:13:10.426,1.77502,1.77545,1.00,1.00
2016.12.28 07:13:10.533,1.77502,1.77543,1.00,1.00
2016.12.28 07:13:12.422,1.77502,1.77544,1.00,1.00
2016.12.28 07:13:13.088,1.77502,1.77543,1.00,1.00
2016.12.28 07:13:13.627,1.77502,1.77544,1.00,1.00
2016.12.28 07:13:14.299,1.77502,1.77545,1.00,1.00
2016.12.28 07:13:14.450,1.77501,1.77548,1.50,1.00
2016.12.28 07:13:15.092,1.77501,1.77547,1.00,1.00
2016.12.28 07:13:16.422,1.77501,1.77548,1.50,1.00
2016.12.28 07:13:16.929,1.77502,1.77549,1.00,1.00
2016.12.28 07:13:17.473,1.77501,1.77547,1.00,1.00
2016.12.28 07:13:18.042,1.77502,1.77547,1.00,1.00
2016.12.28 07:13:18.092,1.77502,1.77549,1.00,1.00
2016.12.28 07:13:19.627,1.77501,1.77548,1.50,1.00
2016.12.28 07:13:19.734,1.77501,1.77545,1.00,1.00
2016.12.28 07:13:20.280,1.77501,1.77546,1.00,1.00
2016.12.28 07:13:21.632,1.77502,1.77546,1.00,1.00
2016.12.28 07:13:21.871,1.77502,1.77548,1.00,1.00
2016.12.28 07:13:21.922,1.77503,1.77551,1.00,1.00
2016.12.28 07:13:22.210,1.77502,1.77549,1.50,1.00
2016.12.28 07:13:22.579,1.77504,1.7755,1.00,1.00
2016.12.28 07:13:25.140,1.77501,1.77548,1.50,1.00
2016.12.28 07:13:27.506,1.77502,1.77549,1.00,1.00
2016.12.28 07:13:27.785,1.77506,1.77551,1.00,1.00
2016.12.28 07:13:28.088,1.7751,1.77555,1.00,1.00
2016.12.28 07:13:28.616,1.77509,1.77554,1.00,1.00
2016.12.28 07:13:30.219,1.77512,1.77557,1.00,1.00
2016.12.28 07:13:30.320,1.77505,1.77552,1.00,1.00
2016.12.28 07:13:30.421,1.77504,1.77549,1.00,1.00
2016.12.28 07:13:30.680,1.77502,1.77549,1.50,1.00
2016.12.28 07:13:30.781,1.77502,1.77547,1.50,1.00
2016.12.28 07:13:30.882,1.77503,1.7755,1.00,1.00
2016.12.28 07:13:30.983,1.77505,1.77551,1.00,1.00
2016.12.28 07:13:31.134,1.77512,1.77559,1.00,1.00
2016.12.28 07:13:31.185,1.77515,1.7756,1.00,1.00
2016.12.28 07:13:33.257,1.77511,1.77558,1.00,1.00
2016.12.28 07:13:33.307,1.77511,1.77552,1.00,1.00
2016.12.28 07:13:33.906,1.77512,1.77552,1.00,1.00
2016.12.28 07:13:36.572,1.77512,1.77553,1.00,1.00
2016.12.28 07:13:36.909,1.77512,1.77551,1.00,1.00
2016.12.28 07:13:37.174,1.77512,1.77553,1.00,1.00
2016.12.28 07:13:37.897,1.77511,1.77554,1.00,1.00
2016.12.28 07:13:38.267,1.77511,1.77556,1.00,1.00
2016.12.28 07:13:39.156,1.77511,1.77555,1.00,1.00
2016.12.28 07:13:39.810,1.77512,1.77556,1.12,1.00
2016.12.28 07:13:39.861,1.77514,1.77559,1.00,1.00
2016.12.28 07:13:39.961,1.77516,1.77563,1.00,1.00
2016.12.28 07:13:40.012,1.77522,1.77563,1.00,1.00
2016.12.28 07:13:40.113,1.77514,1.77561,1.12,1.00
2016.12.28 07:13:41.035,1.77513,1.7756,1.00,1.00
2016.12.28 07:13:42.071,1.77514,1.77561,1.00,1.00
2016.12.28 07:13:42.683,1.77513,1.77561,1.00,1.00
2016.12.28 07:13:45.815,1.77514,1.77559,1.00,1.00
2016.12.28 07:13:46.358,1.77514,1.7756,1.00,1.00
2016.12.28 07:13:47.124,1.77512,1.7756,1.50,1.00
2016.12.28 07:13:47.225,1.77512,1.77557,1.00,1.00
2016.12.28 07:13:47.575,1.77512,1.77554,1.00,1.00
2016.12.28 07:13:47.726,1.77507,1.77554,1.00,1.00
2016.12.28 07:13:48.935,1.77506,1.77554,1.00,1.00
2016.12.28 07:13:50.822,1.77511,1.77554,1.00,1.00
2016.12.28 07:13:51.860,1.77512,1.77554,1.00,1.00
2016.12.28 07:13:54.181,1.77512,1.77552,1.00,1.00
2016.12.28 07:13:54.308,1.77505,1.77552,1.00,1.00
2016.12.28 07:13:55.828,1.77506,1.77554,1.00,1.00
2016.12.28 07:13:57.821,1.77511,1.77554,1.00,1.00
2016.12.28 07:14:01.169,1.77511,1.77555,1.00,1.00
2016.12.28 07:14:01.220,1.77511,1.77557,1.00,1.00
2016.12.28 07:14:02.638,1.77511,1.77555,1.00,1.00
2016.12.28 07:14:02.899,1.77514,1.77559,1.00,1.00
2016.12.28 07:14:03.589,1.77514,1.7756,1.00,1.00
2016.12.28 07:14:03.640,1.77512,1.77554,1.00,1.00
2016.12.28 07:14:04.163,1.77512,1.77553,1.00,1.00
2016.12.28 07:14:04.798,1.77512,1.77552,1.00,1.00
2016.12.28 07:14:05.006,1.77511,1.77555,1.00,1.00
2016.12.28 07:14:05.259,1.77512,1.77557,1.00,1.00
2016.12.28 07:14:05.509,1.77513,1.77559,1.00,1.00
2016.12.28 07:14:06.193,1.77512,1.77558,1.00,1.00
2016.12.28 07:14:07.381,1.77521,1.77558,1.00,1.00
2016.12.28 07:14:07.533,1.77511,1.77557,1.00,1.00
2016.12.28 07:14:08.526,1.77521,1.77557,1.00,1.00
2016.12.28 07:14:08.734,1.77512,1.77555,1.00,1.00
2016.12.28 07:14:08.835,1.77522,1.77555,1.00,1.00
2016.12.28 07:14:10.340,1.77512,1.77555,1.00,1.00
2016.12.28 07:14:11.010,1.77512,1.77556,1.00,1.00
2016.12.28 07:14:11.763,1.77511,1.77556,1.00,1.00
2016.12.28 07:14:12.328,1.77512,1.77556,1.00,1.00
2016.12.28 07:14:13.249,1.77512,1.77555,1.00,1.00
2016.12.28 07:14:17.979,1.77512,1.77554,1.00,1.00
2016.12.28 07:14:20.434,1.77511,1.77554,1.00,1.00
2016.12.28 07:14:21.327,1.77511,1.77553,1.00,1.00
2016.12.28 07:14:23.182,1.77511,1.77554,1.00,1.00
2016.12.28 07:14:23.564,1.77512,1.77552,1.00,1.00
2016.12.28 07:14:23.867,1.77502,1.77539,1.00,1.00
2016.12.28 07:14:24.422,1.77494,1.77539,1.00,1.00
2016.12.28 07:14:26.256,1.77502,1.77542,1.00,1.00
2016.12.28 07:14:26.307,1.77502,1.77547,1.00,1.00
2016.12.28 07:14:26.357,1.77501,1.77543,1.00,1.00
2016.12.28 07:14:26.718,1.77502,1.7754,1.00,1.00
2016.12.28 07:14:27.458,1.77501,1.7754,1.00,1.00
2016.12.28 07:14:28.957,1.77501,1.77539,1.00,1.00
2016.12.28 07:14:29.987,1.77502,1.77539,1.00,1.00
2016.12.28 07:14:31.241,1.77502,1.7754,1.00,1.00
2016.12.28 07:14:31.410,1.77493,1.7754,1.00,1.00
2016.12.28 07:14:36.552,1.77494,1.77538,1.00,1.00
2016.12.28 07:14:37.177,1.77493,1.7754,1.00,1.00
2016.12.28 07:14:40.684,1.77493,1.77539,1.00,1.00
2016.12.28 07:14:41.015,1.77501,1.77539,1.00,1.00
2016.12.28 07:14:41.371,1.77493,1.77539,1.00,1.00
2016.12.28 07:14:41.972,1.77494,1.77538,1.00,1.00
2016.12.28 07:14:43.610,1.77502,1.77538,1.00,1.00
2016.12.28 07:14:48.123,1.77502,1.77537,1.00,1.00
2016.12.28 07:14:48.174,1.77502,1.77539,1.00,1.00
2016.12.28 07:14:48.676,1.77502,1.7754,1.00,1.00
2016.12.28 07:14:52.031,1.77501,1.7754,1.00,1.00
2016.12.28 07:14:54.358,1.77501,1.77539,1.00,1.00
2016.12.28 07:14:54.983,1.77501,1.77538,1.00,1.00
2016.12.28 07:14:56.216,1.77501,1.77536,1.00,1.00
2016.12.28 07:14:56.266,1.77501,1.77538,1.00,1.00
2016.12.28 07:14:56.713,1.77501,1.77536,1.00,1.00
2016.12.28 07:14:57.825,1.77493,1.77536,1.00,1.00
2016.12.28 07:15:00.524,1.77494,1.77537,1.00,1.00
2016.12.28 07:15:00.857,1.77501,1.77537,1.00,1.00
2016.12.28 07:15:00.908,1.77501,1.77539,1.00,1.00
2016.12.28 07:15:02.005,1.77502,1.77539,1.00,1.00
2016.12.28 07:15:02.636,1.77501,1.77539,1.00,1.00
2016.12.28 07:15:03.672,1.77501,1.77538,1.00,1.00
2016.12.28 07:15:04.134,1.77501,1.77534,1.00,1.00
2016.12.28 07:15:04.665,1.77501,1.77536,1.00,1.00
2016.12.28 07:15:05.180,1.77502,1.77536,1.00,1.00
2016.12.28 07:15:06.236,1.77502,1.77537,1.00,1.00
2016.12.28 07:15:10.082,1.77502,1.77538,1.00,1.00
2016.12.28 07:15:10.591,1.77502,1.77535,1.00,1.00
2016.12.28 07:15:11.135,1.77495,1.77526,1.00,1.00
2016.12.28 07:15:11.186,1.77492,1.77526,1.00,1.00
2016.12.28 07:15:11.237,1.77492,1.7753,1.00,1.00
2016.12.28 07:15:11.288,1.77492,1.77532,1.50,1.00
2016.12.28 07:15:11.389,1.77492,1.7753,1.00,1.00
2016.12.28 07:15:11.691,1.77491,1.77523,1.00,1.00
2016.12.28 07:15:11.742,1.77491,1.77525,1.00,1.00
2016.12.28 07:15:11.792,1.77491,1.77521,1.00,1.00
2016.12.28 07:15:11.843,1.77481,1.77521,1.00,1.00
2016.12.28 07:15:11.894,1.77481,1.77519,1.00,1.00
2016.12.28 07:15:12.196,1.77492,1.77519,1.00,1.00
2016.12.28 07:15:12.806,1.77482,1.77519,1.00,1.00
2016.12.28 07:15:13.312,1.77481,1.7752,1.00,1.00
2016.12.28 07:15:14.343,1.77482,1.7752,1.00,1.00
2016.12.28 07:15:18.261,1.77482,1.77517,1.00,1.00
2016.12.28 07:15:18.794,1.77481,1.77518,1.00,1.00
2016.12.28 07:15:19.418,1.77482,1.77518,1.00,1.00
2016.12.28 07:15:19.469,1.77482,1.7752,1.00,1.00
2016.12.28 07:15:19.520,1.77482,1.77522,1.00,1.00
2016.12.28 07:15:20.061,1.77482,1.77519,1.00,1.00
2016.12.28 07:15:20.392,1.77481,1.77517,1.00,1.00
2016.12.28 07:15:23.990,1.77481,1.77521,1.00,1.00
2016.12.28 07:15:25.566,1.77481,1.7752,1.00,1.00
2016.12.28 07:15:25.617,1.77481,1.77516,1.00,1.00
2016.12.28 07:15:25.935,1.77472,1.77514,1.00,1.00
2016.12.28 07:15:25.986,1.77472,1.77511,1.00,1.00
2016.12.28 07:15:27.684,1.77472,1.77512,1.00,1.00
2016.12.28 07:15:34.203,1.77472,1.77511,1.00,1.00
2016.12.28 07:15:34.523,1.77463,1.77505,1.00,1.00
2016.12.28 07:15:36.115,1.77465,1.77509,1.00,1.00
2016.12.28 07:15:45.608,1.77466,1.7751,1.00,1.00
2016.12.28 07:15:54.744,1.77467,1.77511,1.00,1.00
2016.12.28 07:15:54.795,1.77471,1.77512,1.00,1.00
2016.12.28 07:15:56.942,1.77471,1.77511,1.00,1.00
2016.12.28 07:15:57.007,1.77469,1.77511,1.00,1.00
2016.12.28 07:15:57.202,1.77471,1.77511,1.00,1.00
2016.12.28 07:16:01.620,1.77471,1.77513,1.00,1.00
2016.12.28 07:16:01.671,1.77468,1.77511,1.00,1.00
2016.12.28 07:16:01.839,1.77471,1.77511,1.00,1.00
2016.12.28 07:16:02.402,1.77471,1.77512,1.00,1.00
2016.12.28 07:16:02.788,1.77471,1.7751,1.00,1.00
2016.12.28 07:16:02.882,1.77468,1.7751,1.00,1.00
2016.12.28 07:16:03.339,1.77468,1.77513,1.00,1.00
2016.12.28 07:16:03.390,1.7747,1.77512,1.00,1.00
2016.12.28 07:16:05.003,1.7747,1.77514,1.00,1.00
2016.12.28 07:16:05.155,1.77472,1.77514,1.00,1.00
2016.12.28 07:16:05.658,1.77469,1.77514,1.00,1.00
2016.12.28 07:16:06.388,1.7747,1.77514,1.00,1.00
2016.12.28 07:16:06.438,1.77472,1.77514,1.00,1.00
2016.12.28 07:16:10.251,1.77471,1.77514,1.00,1.00
2016.12.28 07:16:11.388,1.77472,1.77514,1.00,1.00
2016.12.28 07:16:12.763,1.77477,1.7752,1.00,1.00
2016.12.28 07:16:12.864,1.77477,1.77522,1.50,1.00
2016.12.28 07:16:13.116,1.77481,1.77525,1.00,1.00
2016.12.28 07:16:13.472,1.77482,1.77527,1.00,1.00
2016.12.28 07:16:13.678,1.77482,1.77525,1.50,1.00
2016.12.28 07:16:14.356,1.77481,1.77525,1.00,1.00
2016.12.28 07:16:22.705,1.77481,1.77526,1.50,1.00
2016.12.28 07:16:24.921,1.77481,1.77525,1.00,1.00
2016.12.28 07:16:26.334,1.77482,1.77525,1.00,1.00
2016.12.28 07:16:28.684,1.77482,1.77526,1.00,1.00
2016.12.28 07:16:29.588,1.77482,1.77527,1.00,1.00
2016.12.28 07:16:30.303,1.77481,1.77526,1.00,1.00
2016.12.28 07:16:31.368,1.77482,1.77525,1.50,1.00
2016.12.28 07:16:33.671,1.77482,1.77526,1.00,1.00
2016.12.28 07:16:34.257,1.77482,1.77527,1.00,1.00
2016.12.28 07:16:34.789,1.77481,1.77527,2.25,1.00
2016.12.28 07:16:35.853,1.77482,1.77527,1.00,1.00
2016.12.28 07:16:36.156,1.77503,1.77546,1.00,1.00
2016.12.28 07:16:36.408,1.77502,1.77548,1.50,1.00
2016.12.28 07:16:37.002,1.77502,1.77547,1.00,1.00
2016.12.28 07:16:37.989,1.77503,1.77546,1.00,1.00
2016.12.28 07:16:38.535,1.77502,1.77545,1.00,1.00
2016.12.28 07:16:39.108,1.775,1.77545,1.00,1.00
2016.12.28 07:16:39.171,1.77498,1.77543,1.50,1.00
2016.12.28 07:16:39.431,1.77478,1.77524,1.00,1.00
2016.12.28 07:16:39.481,1.77478,1.77521,1.00,1.00
2016.12.28 07:16:39.735,1.77476,1.77521,1.00,1.00
2016.12.28 07:16:40.245,1.77477,1.77521,1.00,1.00
2016.12.28 07:16:40.707,1.77482,1.77521,1.00,1.00
2016.12.28 07:16:41.986,1.77482,1.77522,1.00,1.00
2016.12.28 07:16:42.250,1.77476,1.77522,1.00,1.00
2016.12.28 07:16:42.301,1.77469,1.77512,1.00,1.00
2016.12.28 07:16:42.603,1.77462,1.77507,1.00,1.00
2016.12.28 07:16:44.612,1.77462,1.77501,1.00,1.00
2016.12.28 07:16:44.713,1.77454,1.775,1.00,1.00
2016.12.28 07:16:44.764,1.77457,1.77503,1.00,1.00
2016.12.28 07:16:45.075,1.77462,1.77506,1.00,1.00
2016.12.28 07:16:45.126,1.77463,1.77508,1.00,1.00
2016.12.28 07:16:45.630,1.77462,1.77504,1.00,1.00
2016.12.28 07:16:46.051,1.77462,1.77502,1.00,1.00
2016.12.28 07:16:46.226,1.77462,1.77505,1.00,1.00
2016.12.28 07:16:48.051,1.77462,1.77503,1.00,1.00
2016.12.28 07:16:48.323,1.77459,1.77503,1.00,1.00
2016.12.28 07:16:50.095,1.7746,1.77503,1.00,1.00
2016.12.28 07:16:50.406,1.7746,1.77505,1.00,1.00
2016.12.28 07:16:51.598,1.7746,1.77504,1.00,1.00
2016.12.28 07:16:52.209,1.77459,1.77504,1.00,1.00
2016.12.28 07:16:52.260,1.77459,1.77502,1.00,1.00
2016.12.28 07:16:52.338,1.77457,1.77503,1.00,1.00
2016.12.28 07:16:53.000,1.77457,1.77502,1.00,1.00
2016.12.28 07:16:53.378,1.77455,1.77501,1.00,1.00
2016.12.28 07:16:54.640,1.77458,1.77501,1.00,1.00
2016.12.28 07:16:54.741,1.77457,1.77503,1.00,1.00
2016.12.28 07:16:54.792,1.77459,1.77504,1.00,1.00
2016.12.28 07:16:55.102,1.77465,1.77508,1.00,1.00
2016.12.28 07:16:55.283,1.77463,1.77508,1.00,1.00
2016.12.28 07:16:55.555,1.77465,1.77508,1.00,1.00
2016.12.28 07:16:56.145,1.77466,1.77509,1.00,1.00
2016.12.28 07:16:57.223,1.77465,1.77509,1.00,1.00
2016.12.28 07:16:59.670,1.77464,1.77508,1.00,1.00
2016.12.28 07:16:59.986,1.77462,1.77503,1.00,1.00
2016.12.28 07:17:00.507,1.7746,1.77503,1.00,1.00
2016.12.28 07:17:01.102,1.77459,1.77503,1.00,1.00
2016.12.28 07:17:01.529,1.77452,1.77495,1.00,1.00
2016.12.28 07:17:02.208,1.77451,1.77494,1.00,1.00
2016.12.28 07:17:03.438,1.77449,1.77495,1.00,1.00
2016.12.28 07:17:06.560,1.7745,1.77493,1.00,1.00
2016.12.28 07:17:08.435,1.77447,1.77493,1.00,1.00
2016.12.28 07:17:08.987,1.77448,1.77494,1.00,1.00
2016.12.28 07:17:10.156,1.77451,1.77496,1.00,1.00
2016.12.28 07:17:14.670,1.77448,1.77493,1.00,1.00
2016.12.28 07:17:15.529,1.7745,1.77496,1.00,1.00
2016.12.28 07:17:16.651,1.77447,1.7749,1.00,1.00
2016.12.28 07:17:16.702,1.77445,1.7749,1.00,1.00
2016.12.28 07:17:16.803,1.77445,1.77488,1.00,1.00
2016.12.28 07:17:18.563,1.77445,1.77489,1.00,1.00
2016.12.28 07:17:20.176,1.77445,1.7749,1.00,1.00
2016.12.28 07:17:22.197,1.77443,1.77486,1.00,1.00
2016.12.28 07:17:23.364,1.77442,1.77488,1.00,1.00
2016.12.28 07:17:24.126,1.77445,1.77488,1.00,1.00
2016.12.28 07:17:24.525,1.77444,1.7749,1.00,1.00
2016.12.28 07:17:25.035,1.77445,1.77488,1.00,1.00
2016.12.28 07:17:25.453,1.77447,1.77492,1.00,1.00
2016.12.28 07:17:25.605,1.7745,1.77493,1.00,1.00
2016.12.28 07:17:27.090,1.77448,1.77493,1.00,1.00
2016.12.28 07:17:27.578,1.7745,1.77493,1.00,1.00
2016.12.28 07:17:28.467,1.77451,1.77494,1.00,1.00
2016.12.28 07:17:28.568,1.77448,1.77493,1.00,1.00
2016.12.28 07:17:28.906,1.7745,1.77495,1.00,1.00
2016.12.28 07:17:29.208,1.77452,1.77496,1.00,1.00
2016.12.28 07:17:29.539,1.77451,1.77494,1.00,1.00
2016.12.28 07:17:29.948,1.77453,1.77496,1.00,1.00
2016.12.28 07:17:30.150,1.77451,1.77496,1.50,1.00
2016.12.28 07:17:30.430,1.7745,1.77494,1.00,1.00
2016.12.28 07:17:30.752,1.77452,1.77495,1.00,1.00
2016.12.28 07:17:31.538,1.77453,1.77496,1.00,1.00
2016.12.28 07:17:34.048,1.77454,1.77497,1.00,1.00
2016.12.28 07:17:35.871,1.77452,1.77497,1.00,1.00
2016.12.28 07:17:38.294,1.77451,1.77496,1.00,1.00
2016.12.28 07:17:39.087,1.77454,1.77497,1.00,1.00
2016.12.28 07:17:40.412,1.77454,1.77499,1.00,1.00
2016.12.28 07:17:40.921,1.77455,1.775,1.00,1.00
2016.12.28 07:17:44.399,1.77454,1.77499,1.00,1.00
2016.12.28 07:17:44.519,1.77452,1.77498,1.00,1.00
2016.12.28 07:17:44.569,1.77455,1.77498,1.00,1.00
2016.12.28 07:17:48.433,1.77452,1.77496,1.50,1.00
2016.12.28 07:17:48.822,1.77454,1.77497,1.00,1.00
2016.12.28 07:17:50.275,1.77447,1.7749,1.00,1.00
2016.12.28 07:17:50.326,1.77449,1.77494,1.00,1.00
2016.12.28 07:17:50.377,1.77446,1.77491,1.00,1.00
2016.12.28 07:17:50.679,1.77451,1.77496,1.00,1.00
2016.12.28 07:17:51.495,1.77453,1.77496,1.00,1.00
2016.12.28 07:17:52.007,1.77453,1.77495,1.00,1.00
2016.12.28 07:17:52.323,1.77454,1.77497,1.00,1.00
2016.12.28 07:17:53.205,1.77453,1.77496,1.00,1.00
2016.12.28 07:17:53.559,1.77449,1.77494,1.00,1.00
2016.12.28 07:17:54.172,1.7745,1.77494,1.00,1.00
2016.12.28 07:17:55.229,1.77452,1.77494,1.00,1.00
2016.12.28 07:17:55.280,1.77453,1.77496,1.00,1.00
2016.12.28 07:17:55.381,1.77462,1.77505,1.00,1.00
2016.12.28 07:17:55.432,1.77462,1.77507,1.00,1.00
2016.12.28 07:17:55.483,1.77465,1.77508,1.00,1.00
2016.12.28 07:17:55.685,1.77465,1.7751,1.00,1.00
2016.12.28 07:17:57.374,1.77466,1.77508,1.00,1.00
2016.12.28 07:17:57.952,1.77465,1.77508,1.00,1.00
2016.12.28 07:17:58.459,1.77463,1.77508,1.00,1.00
2016.12.28 07:17:58.560,1.77465,1.7751,1.00,1.00
2016.12.28 07:17:59.308,1.77465,1.77508,1.00,1.00
2016.12.28 07:18:02.415,1.77463,1.77508,1.00,1.00
2016.12.28 07:18:03.374,1.77463,1.77506,1.00,1.00
2016.12.28 07:18:03.424,1.77463,1.77508,1.00,1.00
2016.12.28 07:18:03.761,1.77462,1.77505,1.50,1.00
2016.12.28 07:18:04.062,1.7746,1.77503,1.00,1.00
2016.12.28 07:18:04.113,1.7746,1.77505,1.00,1.00
2016.12.28 07:18:05.208,1.77461,1.77506,1.50,1.00
2016.12.28 07:18:06.068,1.77461,1.77504,1.50,1.00
2016.12.28 07:18:06.721,1.7746,1.77503,1.00,1.00
2016.12.28 07:18:07.226,1.77459,1.77504,1.00,1.00
2016.12.28 07:18:07.798,1.7746,1.77503,1.00,1.00
2016.12.28 07:18:07.928,1.7746,1.77505,1.00,1.00
2016.12.28 07:18:08.029,1.77454,1.77497,1.00,1.00
2016.12.28 07:18:08.376,1.77458,1.77503,1.00,1.00
2016.12.28 07:18:08.577,1.77461,1.77503,1.00,1.00
2016.12.28 07:18:08.628,1.7746,1.77505,1.00,1.00
2016.12.28 07:18:08.775,1.7746,1.77503,1.00,1.00
2016.12.28 07:18:09.395,1.77462,1.77503,1.00,1.00
2016.12.28 07:18:09.975,1.77462,1.77505,1.00,1.00
2016.12.28 07:18:10.025,1.77462,1.77503,1.00,1.00
2016.12.28 07:18:10.269,1.77463,1.77508,1.00,1.00
2016.12.28 07:18:10.430,1.77463,1.77505,1.00,1.00
2016.12.28 07:18:10.481,1.77462,1.77507,1.00,1.00
2016.12.28 07:18:10.532,1.77462,1.77505,1.00,1.00
2016.12.28 07:18:11.116,1.77461,1.77504,1.00,1.00
2016.12.28 07:18:11.730,1.77461,1.77505,1.00,1.00
2016.12.28 07:18:12.376,1.77461,1.77506,1.00,1.00
2016.12.28 07:18:12.681,1.77472,1.77512,1.00,1.00
2016.12.28 07:18:13.203,1.77471,1.77512,1.00,1.00
2016.12.28 07:18:13.754,1.77472,1.77515,1.00,1.00
2016.12.28 07:18:13.855,1.77473,1.77518,1.00,1.00
2016.12.28 07:18:13.905,1.77475,1.77518,1.00,1.00
2016.12.28 07:18:13.956,1.77475,1.7752,1.00,1.00
2016.12.28 07:18:14.007,1.77477,1.7752,1.00,1.00
2016.12.28 07:18:14.309,1.77481,1.77523,1.00,1.00
2016.12.28 07:18:14.837,1.77482,1.77523,1.00,1.00
2016.12.28 07:18:15.273,1.7748,1.77523,1.00,1.00
2016.12.28 07:18:15.809,1.77479,1.77522,1.00,1.00
2016.12.28 07:18:15.860,1.77477,1.77522,1.00,1.00
2016.12.28 07:18:18.435,1.77476,1.77522,1.00,1.00
2016.12.28 07:18:18.486,1.77478,1.77521,1.00,1.00
2016.12.28 07:18:19.668,1.77477,1.7752,1.00,1.00
2016.12.28 07:18:20.295,1.77478,1.77521,1.00,1.00
2016.12.28 07:18:21.796,1.77478,1.77523,1.00,1.00
2016.12.28 07:18:21.897,1.77477,1.7752,1.00,1.00
2016.12.28 07:18:21.998,1.77477,1.77523,1.00,1.00
2016.12.28 07:18:22.590,1.77485,1.77528,1.00,1.00
2016.12.28 07:18:23.003,1.77482,1.77526,1.00,1.00
2016.12.28 07:18:23.054,1.77481,1.77524,1.00,1.00
2016.12.28 07:18:23.586,1.7748,1.77524,1.00,1.00
2016.12.28 07:18:25.407,1.77481,1.77524,1.00,1.00
2016.12.28 07:18:27.608,1.77481,1.77525,1.50,1.00
2016.12.28 07:18:28.716,1.77481,1.77524,1.00,1.00
2016.12.28 07:18:29.769,1.77483,1.77529,1.00,1.00
2016.12.28 07:18:29.821,1.77485,1.77528,1.00,1.00
2016.12.28 07:18:29.922,1.77486,1.77531,1.00,1.00
2016.12.28 07:18:30.174,1.77488,1.77531,1.00,1.00
2016.12.28 07:18:30.791,1.77489,1.77532,1.00,1.00
2016.12.28 07:18:30.942,1.77487,1.77532,1.00,1.00
2016.12.28 07:18:32.035,1.77487,1.77531,1.00,1.00
2016.12.28 07:18:32.624,1.77487,1.77532,1.00,1.00
2016.12.28 07:18:33.631,1.77486,1.77531,1.00,1.00
2016.12.28 07:18:34.582,1.77488,1.77531,1.00,1.00
2016.12.28 07:18:34.632,1.77488,1.77534,1.00,1.00
2016.12.28 07:18:34.835,1.77488,1.77531,1.00,1.00
2016.12.28 07:18:36.063,1.77487,1.77531,1.00,1.00
2016.12.28 07:18:36.718,1.77488,1.77533,1.00,1.00
2016.12.28 07:18:36.769,1.77492,1.77537,1.00,1.00
2016.12.28 07:18:37.086,1.77495,1.7754,1.00,1.00
2016.12.28 07:18:37.458,1.77493,1.77538,1.00,1.00
2016.12.28 07:18:38.697,1.77493,1.77536,1.00,1.00
2016.12.28 07:18:40.296,1.77492,1.77536,1.00,1.00
2016.12.28 07:18:40.397,1.77486,1.77531,1.00,1.00
2016.12.28 07:18:40.588,1.77482,1.77527,1.50,1.00
2016.12.28 07:18:41.094,1.77479,1.77525,1.00,1.00
2016.12.28 07:18:41.145,1.77481,1.77524,1.00,1.00
2016.12.28 07:18:41.507,1.77478,1.77524,1.00,1.00
2016.12.28 07:18:41.947,1.7748,1.77524,1.00,1.00
2016.12.28 07:18:42.461,1.77486,1.77529,1.00,1.00
2016.12.28 07:18:42.530,1.77487,1.77532,1.00,1.00
2016.12.28 07:18:43.042,1.77487,1.77531,1.00,1.00
2016.12.28 07:18:43.482,1.77487,1.77533,1.00,1.00
2016.12.28 07:18:43.533,1.77485,1.77531,1.00,1.00
2016.12.28 07:18:43.838,1.77483,1.77528,1.00,1.00
2016.12.28 07:18:44.326,1.77477,1.7752,1.00,1.00
2016.12.28 07:18:44.377,1.77476,1.77522,1.00,1.00
2016.12.28 07:18:44.478,1.77476,1.77519,1.00,1.00
2016.12.28 07:18:45.095,1.77476,1.77521,1.00,1.00
2016.12.28 07:18:45.145,1.77476,1.77519,1.00,1.00
2016.12.28 07:18:45.439,1.77475,1.77521,1.00,1.00
2016.12.28 07:18:45.490,1.77478,1.77523,1.00,1.00
2016.12.28 07:18:45.808,1.7748,1.77523,1.00,1.00
2016.12.28 07:18:45.994,1.77481,1.77525,1.00,1.00
2016.12.28 07:18:46.045,1.77484,1.7753,1.00,1.00
2016.12.28 07:18:46.196,1.77486,1.7753,1.00,1.00
2016.12.28 07:18:47.117,1.77484,1.77529,1.00,1.00
2016.12.28 07:18:47.269,1.77485,1.77531,1.00,1.00
2016.12.28 07:18:48.253,1.77484,1.77529,1.00,1.00
2016.12.28 07:18:48.785,1.77486,1.77531,1.00,1.00
2016.12.28 07:18:49.555,1.77485,1.7753,1.00,1.00
2016.12.28 07:18:50.023,1.7749,1.77534,1.00,1.00
2016.12.28 07:18:50.678,1.77489,1.77533,1.00,1.00
2016.12.28 07:18:50.930,1.77485,1.77531,1.00,1.00
2016.12.28 07:18:52.409,1.77483,1.77526,1.00,1.00
2016.12.28 07:18:52.510,1.77481,1.77525,1.00,1.00
2016.12.28 07:18:53.504,1.77482,1.77525,1.00,1.00
2016.12.28 07:18:55.581,1.77479,1.77525,1.00,1.00
2016.12.28 07:18:56.051,1.77479,1.77523,1.00,1.00
2016.12.28 07:18:56.303,1.77476,1.77522,1.00,1.00
2016.12.28 07:18:56.433,1.77478,1.77524,1.00,1.00
2016.12.28 07:18:57.027,1.77478,1.77523,1.00,1.00
2016.12.28 07:18:57.578,1.77479,1.77523,1.00,1.00
2016.12.28 07:18:58.895,1.77486,1.77532,1.00,1.00
2016.12.28 07:18:58.946,1.77488,1.77532,1.00,1.00
2016.12.28 07:18:59.047,1.77492,1.77538,1.00,1.00
2016.12.28 07:18:59.198,1.77495,1.77538,1.00,1.00
2016.12.28 07:18:59.249,1.77496,1.77542,1.00,1.00
2016.12.28 07:18:59.300,1.77495,1.77538,1.00,1.00
2016.12.28 07:18:59.351,1.77496,1.7754,1.00,1.00
2016.12.28 07:18:59.452,1.77494,1.7754,1.00,1.00
2016.12.28 07:18:59.640,1.77493,1.77537,1.00,1.00
2016.12.28 07:19:00.147,1.77494,1.77538,1.00,1.00
2016.12.28 07:19:00.373,1.77494,1.7754,1.00,1.00
2016.12.28 07:19:00.525,1.77497,1.77541,1.00,1.00
2016.12.28 07:19:00.626,1.77497,1.77543,1.00,1.00
2016.12.28 07:19:01.431,1.77497,1.77542,1.00,1.00
2016.12.28 07:19:03.804,1.77498,1.77542,1.00,1.00
2016.12.28 07:19:03.955,1.775,1.77543,1.00,1.00
2016.12.28 07:19:04.057,1.77498,1.77544,1.00,1.00
2016.12.28 07:19:04.158,1.77502,1.77544,1.00,1.00
2016.12.28 07:19:04.209,1.77502,1.77546,1.00,1.00
2016.12.28 07:19:04.758,1.77502,1.77547,1.00,1.00
2016.12.28 07:19:04.859,1.77493,1.77536,1.00,1.00
2016.12.28 07:19:05.011,1.77491,1.77536,1.50,1.00
2016.12.28 07:19:05.162,1.77493,1.77536,1.00,1.00
2016.12.28 07:19:05.327,1.77494,1.77539,1.00,1.00
2016.12.28 07:19:05.428,1.77495,1.77541,1.00,1.00
2016.12.28 07:19:06.521,1.77495,1.7754,1.00,1.00
2016.12.28 07:19:06.572,1.77486,1.77532,1.00,1.00
2016.12.28 07:19:06.623,1.77485,1.77529,1.00,1.00
2016.12.28 07:19:06.824,1.77482,1.77528,1.00,1.00
2016.12.28 07:19:06.996,1.77484,1.77528,1.00,1.00
2016.12.28 07:19:07.097,1.77482,1.77529,1.00,1.00
2016.12.28 07:19:07.454,1.77483,1.77526,1.00,1.00
2016.12.28 07:19:07.505,1.77481,1.77526,1.00,1.00
2016.12.28 07:19:07.624,1.77481,1.77524,1.00,1.00
2016.12.28 07:19:07.686,1.77481,1.77527,1.00,1.00
2016.12.28 07:19:07.737,1.77489,1.77533,1.00,1.00
2016.12.28 07:19:08.154,1.77491,1.77533,1.00,1.00
2016.12.28 07:19:13.137,1.77486,1.77532,1.00,1.00
2016.12.28 07:19:13.234,1.77484,1.77529,1.00,1.00
2016.12.28 07:19:13.338,1.77482,1.77528,1.00,1.00
2016.12.28 07:19:13.782,1.77488,1.77534,1.00,1.00
2016.12.28 07:19:14.118,1.77491,1.77534,1.00,1.00
2016.12.28 07:19:14.994,1.77491,1.77532,1.00,1.00
2016.12.28 07:19:15.045,1.77484,1.7753,1.00,1.00
2016.12.28 07:19:15.095,1.77491,1.7753,1.00,1.00
2016.12.28 07:19:15.146,1.77484,1.77529,1.00,1.00
2016.12.28 07:19:15.197,1.77483,1.77527,1.00,1.00
2016.12.28 07:19:15.399,1.77487,1.77533,1.00,1.00
2016.12.28 07:19:15.449,1.77487,1.7753,1.00,1.00
2016.12.28 07:19:15.500,1.77483,1.77529,1.00,1.00
2016.12.28 07:19:15.551,1.77484,1.77527,1.00,1.00
2016.12.28 07:19:15.652,1.77479,1.77524,1.00,1.00
2016.12.28 07:19:16.522,1.77479,1.77522,1.00,1.00
2016.12.28 07:19:17.067,1.77478,1.77522,1.00,1.00
2016.12.28 07:19:17.513,1.7748,1.77524,1.00,1.00
2016.12.28 07:19:20.336,1.77479,1.77524,1.00,1.00
2016.12.28 07:19:21.030,1.77479,1.77525,1.00,1.00
2016.12.28 07:19:22.226,1.77478,1.77524,1.00,1.00
2016.12.28 07:19:22.802,1.77478,1.77523,1.00,1.00
2016.12.28 07:19:25.555,1.77477,1.77522,1.00,1.00
2016.12.28 07:19:26.116,1.77478,1.77523,1.00,1.00
2016.12.28 07:19:27.062,1.77478,1.77522,1.00,1.00
2016.12.28 07:19:27.742,1.77477,1.77522,1.00,1.00
2016.12.28 07:19:28.302,1.77479,1.77523,1.00,1.00
2016.12.28 07:19:28.647,1.7748,1.77526,1.00,1.00
2016.12.28 07:19:30.610,1.77481,1.77526,1.00,1.00
2016.12.28 07:19:30.876,1.77482,1.77528,1.00,1.00
2016.12.28 07:19:30.927,1.77484,1.77527,1.00,1.00
2016.12.28 07:19:31.078,1.77482,1.77528,1.00,1.00
2016.12.28 07:19:32.064,1.77485,1.77531,1.00,1.00
2016.12.28 07:19:32.383,1.77497,1.77541,1.00,1.00
2016.12.28 07:19:34.212,1.77496,1.77541,1.00,1.00
2016.12.28 07:19:36.481,1.77497,1.77541,1.00,1.00
2016.12.28 07:19:36.987,1.77496,1.77542,1.00,1.00
2016.12.28 07:19:45.259,1.77504,1.77548,1.00,1.00
2016.12.28 07:19:45.765,1.77505,1.77549,1.00,1.00
2016.12.28 07:19:45.917,1.775,1.77545,1.00,1.00
2016.12.28 07:19:46.405,1.77503,1.77547,1.00,1.00
2016.12.28 07:19:46.735,1.77504,1.77549,1.00,1.00
2016.12.28 07:19:47.266,1.77505,1.77549,1.00,1.00
2016.12.28 07:19:47.850,1.77504,1.77548,1.00,1.00
2016.12.28 07:19:49.634,1.77505,1.77549,1.00,1.00
2016.12.28 07:19:49.684,1.77502,1.77546,1.50,1.00
2016.12.28 07:19:49.836,1.775,1.77546,1.00,1.00
2016.12.28 07:19:51.310,1.77504,1.77548,1.00,1.00
2016.12.28 07:19:51.360,1.77504,1.7755,1.00,1.00
2016.12.28 07:19:53.661,1.77503,1.77549,1.00,1.00
2016.12.28 07:19:55.313,1.77497,1.77533,1.00,1.00
2016.12.28 07:19:55.364,1.77489,1.77533,1.50,1.00
2016.12.28 07:19:55.465,1.77486,1.77532,1.00,1.00
2016.12.28 07:19:55.899,1.77485,1.77529,1.00,1.00
2016.12.28 07:19:58.362,1.77485,1.7753,1.00,1.00
2016.12.28 07:19:58.535,1.77491,1.77537,1.00,1.00
2016.12.28 07:19:59.132,1.77492,1.77538,1.50,1.00
2016.12.28 07:20:01.117,1.77492,1.77535,1.00,1.00
2016.12.28 07:20:03.837,1.77492,1.77533,1.00,1.00
2016.12.28 07:20:03.887,1.77492,1.77536,1.00,1.00
2016.12.28 07:20:04.412,1.77492,1.77534,1.00,1.00
2016.12.28 07:20:04.971,1.77492,1.77533,1.00,1.00
2016.12.28 07:20:05.367,1.77492,1.77531,1.00,1.00
2016.12.28 07:20:05.418,1.77484,1.7753,1.00,1.00
2016.12.28 07:20:05.469,1.77484,1.77528,1.00,1.00
2016.12.28 07:20:06.000,1.77483,1.77527,1.00,1.00
2016.12.28 07:20:06.472,1.77483,1.77529,1.00,1.00
2016.12.28 07:20:06.523,1.77484,1.77527,1.00,1.00
2016.12.28 07:20:08.095,1.77484,1.77528,1.00,1.00
2016.12.28 07:20:08.878,1.77484,1.77529,1.00,1.00
2016.12.28 07:20:09.181,1.77471,1.77516,1.50,1.00
2016.12.28 07:20:09.737,1.77471,1.77515,1.00,1.00
2016.12.28 07:20:10.039,1.77462,1.77504,1.00,1.00
2016.12.28 07:20:10.752,1.77462,1.77505,1.00,1.00
2016.12.28 07:20:12.882,1.77462,1.77506,1.00,1.00
2016.12.28 07:20:14.439,1.77462,1.77504,1.00,1.00
2016.12.28 07:20:18.596,1.77462,1.77505,1.00,1.00
2016.12.28 07:20:19.221,1.77461,1.77505,1.50,1.00
2016.12.28 07:20:21.146,1.77461,1.77506,1.50,1.00
2016.12.28 07:20:21.389,1.77463,1.77509,1.00,1.00
2016.12.28 07:20:21.935,1.77462,1.77508,1.00,1.00
2016.12.28 07:20:23.167,1.77462,1.77507,1.00,1.00
2016.12.28 07:20:26.100,1.77462,1.77505,1.00,1.00
2016.12.28 07:20:27.392,1.77461,1.77505,1.00,1.00
2016.12.28 07:20:29.025,1.77461,1.77502,1.00,1.00
2016.12.28 07:20:30.465,1.77461,1.77503,1.00,1.00
2016.12.28 07:20:31.499,1.77461,1.77501,1.00,1.00
2016.12.28 07:20:32.282,1.77461,1.77502,1.00,1.00
2016.12.28 07:20:33.253,1.77452,1.77494,1.50,1.00
2016.12.28 07:20:33.936,1.77452,1.77495,1.00,1.00
2016.12.28 07:20:38.228,1.7744,1.77478,1.50,1.00
2016.12.28 07:20:38.279,1.77441,1.7748,1.00,1.00
2016.12.28 07:20:38.330,1.77432,1.77471,1.37,1.00
2016.12.28 07:20:38.381,1.77432,1.77471,1.00,1.00
2016.12.28 07:20:38.432,1.77432,1.77474,1.00,1.00
2016.12.28 07:20:38.735,1.77431,1.77472,1.00,1.00
2016.12.28 07:20:39.541,1.77432,1.77472,1.00,1.00
2016.12.28 07:20:39.938,1.77432,1.7747,1.00,1.00
2016.12.28 07:20:40.498,1.77432,1.77471,1.00,1.00
2016.12.28 07:20:41.724,1.77432,1.7747,1.00,1.00
2016.12.28 07:20:42.227,1.77432,1.77471,1.00,1.00
2016.12.28 07:20:43.507,1.77431,1.77471,1.00,1.00
2016.12.28 07:20:43.666,1.77433,1.77476,1.00,1.00
2016.12.28 07:20:43.717,1.77434,1.77478,1.00,1.00
2016.12.28 07:20:43.817,1.77441,1.77477,1.00,1.00
2016.12.28 07:20:43.923,1.77441,1.77483,1.00,1.00
2016.12.28 07:20:44.505,1.77442,1.77483,1.00,1.00
2016.12.28 07:20:45.174,1.77442,1.77484,1.00,1.00
2016.12.28 07:20:45.957,1.77441,1.77484,1.00,1.00
2016.12.28 07:20:48.280,1.77442,1.77484,1.00,1.00
2016.12.28 07:20:48.331,1.77438,1.77483,1.00,1.00
2016.12.28 07:20:48.382,1.77437,1.77474,1.00,1.00
2016.12.28 07:20:48.684,1.77441,1.77476,1.00,1.00
2016.12.28 07:20:48.735,1.77434,1.77478,1.00,1.00
2016.12.28 07:20:48.785,1.77437,1.77479,1.00,1.00
2016.12.28 07:20:49.115,1.77442,1.77483,1.00,1.00
2016.12.28 07:20:49.827,1.77442,1.77482,1.00,1.00
2016.12.28 07:20:50.807,1.77442,1.77481,1.00,1.00
2016.12.28 07:20:50.958,1.77439,1.77481,1.00,1.00
2016.12.28 07:20:51.508,1.77439,1.77482,1.00,1.00
2016.12.28 07:20:51.807,1.77437,1.77481,1.00,1.00
2016.12.28 07:20:51.909,1.77433,1.77477,1.00,1.00
2016.12.28 07:20:52.220,1.77422,1.77461,1.00,1.00
2016.12.28 07:20:52.322,1.77422,1.77463,1.00,1.00
2016.12.28 07:20:53.496,1.77422,1.77457,1.00,1.00
2016.12.28 07:20:53.734,1.77412,1.77455,1.00,1.00
2016.12.28 07:20:53.986,1.77411,1.77452,1.00,1.00
2016.12.28 07:20:54.239,1.77405,1.77447,1.00,1.00
2016.12.28 07:20:54.340,1.77403,1.77445,1.00,1.00
2016.12.28 07:20:54.390,1.77401,1.77445,1.50,1.00
2016.12.28 07:20:54.491,1.77402,1.77442,1.00,1.00
2016.12.28 07:20:55.791,1.77401,1.77442,1.00,1.00
2016.12.28 07:20:56.347,1.77401,1.77443,1.00,1.00
2016.12.28 07:20:57.157,1.77401,1.77444,1.00,1.00
2016.12.28 07:20:57.877,1.77402,1.77444,1.00,1.00
2016.12.28 07:21:00.913,1.77402,1.77445,1.00,1.00
2016.12.28 07:21:02.187,1.77402,1.77446,1.50,1.00
2016.12.28 07:21:06.140,1.77408,1.7745,1.00,1.00
2016.12.28 07:21:06.343,1.77426,1.77469,1.00,1.00
2016.12.28 07:21:06.846,1.77427,1.77469,1.00,1.00
2016.12.28 07:21:08.104,1.77428,1.7747,1.00,1.00
2016.12.28 07:21:08.155,1.77432,1.77476,1.50,1.37
2016.12.28 07:21:08.256,1.77436,1.77478,1.00,1.00
2016.12.28 07:21:08.356,1.77434,1.77478,1.00,1.00
2016.12.28 07:21:08.457,1.77436,1.77478,1.00,1.00
2016.12.28 07:21:09.038,1.77435,1.77477,1.00,1.00
2016.12.28 07:21:09.189,1.77433,1.77477,1.00,1.00
2016.12.28 07:21:09.873,1.77435,1.77477,1.00,1.00
2016.12.28 07:21:10.054,1.77436,1.7748,1.00,1.00
2016.12.28 07:21:10.206,1.77436,1.77478,1.00,1.00
2016.12.28 07:21:10.256,1.77436,1.7748,1.00,1.00
2016.12.28 07:21:10.307,1.77435,1.77478,1.00,1.00
2016.12.28 07:21:10.829,1.77435,1.77477,1.00,1.00
2016.12.28 07:21:10.930,1.77433,1.77477,1.00,1.00
2016.12.28 07:21:12.279,1.77431,1.77472,1.00,1.00
2016.12.28 07:21:13.313,1.77431,1.77473,1.00,1.00
2016.12.28 07:21:17.457,1.77431,1.77471,1.00,1.00
2016.12.28 07:21:17.972,1.77432,1.77471,1.00,1.00
2016.12.28 07:21:18.073,1.77431,1.77473,1.50,1.00
2016.12.28 07:21:18.124,1.77433,1.77475,1.00,1.00
2016.12.28 07:21:22.032,1.77432,1.77474,1.00,1.00
2016.12.28 07:21:22.367,1.77431,1.77471,1.00,1.00
2016.12.28 07:21:23.477,1.77431,1.77473,1.00,1.00
2016.12.28 07:21:24.082,1.77431,1.77474,1.50,1.00
2016.12.28 07:21:24.456,1.77431,1.77472,1.50,1.00
2016.12.28 07:21:25.126,1.77432,1.77473,1.00,1.00
2016.12.28 07:21:25.989,1.77432,1.77474,1.00,1.00
2016.12.28 07:21:26.715,1.77431,1.77473,1.50,1.00
2016.12.28 07:21:31.595,1.77431,1.77475,1.50,1.00
2016.12.28 07:21:32.203,1.77432,1.77474,1.00,1.00
2016.12.28 07:21:32.759,1.77432,1.77476,1.00,1.00
2016.12.28 07:21:33.198,1.77432,1.77473,1.00,1.00
2016.12.28 07:21:33.854,1.77432,1.77472,1.00,1.00
2016.12.28 07:21:33.905,1.77432,1.77474,1.00,1.00
2016.12.28 07:21:34.157,1.77431,1.77472,1.00,1.00
2016.12.28 07:21:35.378,1.77431,1.77471,1.00,1.00
2016.12.28 07:21:37.844,1.77431,1.77473,1.00,1.00
2016.12.28 07:21:39.163,1.77431,1.77472,1.00,1.00
2016.12.28 07:21:39.845,1.77431,1.77473,1.00,1.00
2016.12.28 07:21:40.046,1.77431,1.77471,1.00,1.00
2016.12.28 07:21:41.667,1.77431,1.77472,1.00,1.00
2016.12.28 07:21:42.171,1.77431,1.77471,1.00,1.00
2016.12.28 07:21:49.067,1.77431,1.77472,1.00,1.00
2016.12.28 07:21:50.420,1.77431,1.77469,1.00,1.00
2016.12.28 07:21:50.571,1.77431,1.77471,1.00,1.00
2016.12.28 07:21:50.672,1.77432,1.77469,1.00,1.00
2016.12.28 07:21:51.451,1.77432,1.7747,1.00,1.00
2016.12.28 07:21:52.416,1.77432,1.77469,1.00,1.00
2016.12.28 07:21:55.435,1.77432,1.77468,1.00,1.00
2016.12.28 07:21:56.833,1.77432,1.77475,1.00,1.00
2016.12.28 07:21:56.934,1.77434,1.77478,1.00,1.00
2016.12.28 07:21:56.985,1.77441,1.77478,1.00,1.00
2016.12.28 07:21:57.035,1.77441,1.7748,1.00,1.00
2016.12.28 07:21:57.086,1.77441,1.77482,1.00,1.00
2016.12.28 07:21:57.630,1.77442,1.77483,1.00,1.00
2016.12.28 07:21:58.646,1.77441,1.77481,1.00,1.00
2016.12.28 07:21:59.170,1.77441,1.7748,1.00,1.00
2016.12.28 07:21:59.221,1.77441,1.77482,1.00,1.00
2016.12.28 07:22:00.651,1.77441,1.77481,1.00,1.00
2016.12.28 07:22:00.803,1.77438,1.77479,1.00,1.00
2016.12.28 07:22:00.854,1.77435,1.77477,1.00,1.00
2016.12.28 07:22:00.905,1.77431,1.77472,1.00,1.00
2016.12.28 07:22:01.006,1.77434,1.77476,1.00,1.00
2016.12.28 07:22:01.401,1.77432,1.77472,1.00,1.00
2016.12.28 07:22:01.717,1.77432,1.7747,1.00,1.00
2016.12.28 07:22:02.385,1.77432,1.77472,1.00,1.00
2016.12.28 07:22:02.587,1.77432,1.77476,1.50,1.00
2016.12.28 07:22:02.638,1.77442,1.77476,1.00,1.00
2016.12.28 07:22:02.739,1.77442,1.77479,1.00,1.00
2016.12.28 07:22:02.840,1.77442,1.77482,1.00,1.00
2016.12.28 07:22:03.096,1.77442,1.7748,1.00,1.00
2016.12.28 07:22:03.616,1.77442,1.77479,1.00,1.00
2016.12.28 07:22:04.185,1.77442,1.7748,1.00,1.00
2016.12.28 07:22:04.293,1.77437,1.7748,1.00,1.00
2016.12.28 07:22:04.344,1.77441,1.77481,1.00,1.00
2016.12.28 07:22:04.860,1.77441,1.7748,1.00,1.00
2016.12.28 07:22:05.077,1.77438,1.77479,1.00,1.00
2016.12.28 07:22:05.178,1.77435,1.77479,1.00,1.00
2016.12.28 07:22:05.229,1.77441,1.7748,1.00,1.00
2016.12.28 07:22:06.180,1.77441,1.77481,1.00,1.00
2016.12.28 07:22:06.512,1.77441,1.77478,1.00,1.00
2016.12.28 07:22:06.790,1.77441,1.7748,1.00,1.00
2016.12.28 07:22:06.942,1.77441,1.77478,1.00,1.00
2016.12.28 07:22:07.774,1.77441,1.77477,1.00,1.00
2016.12.28 07:22:08.054,1.77441,1.77479,1.00,1.00
2016.12.28 07:22:08.206,1.77441,1.77481,1.00,1.00
2016.12.28 07:22:08.257,1.77441,1.77479,1.00,1.00
2016.12.28 07:22:09.466,1.77441,1.77478,1.00,1.00
2016.12.28 07:22:10.307,1.77436,1.77478,1.00,1.00
2016.12.28 07:22:12.500,1.77436,1.7748,1.00,1.00
2016.12.28 07:22:13.140,1.77436,1.77479,1.00,1.00
2016.12.28 07:22:13.807,1.77441,1.77479,1.00,1.00
2016.12.28 07:22:14.415,1.77441,1.77477,1.00,1.00
2016.12.28 07:22:14.964,1.77441,1.77476,1.00,1.00
2016.12.28 07:22:16.191,1.77441,1.77477,1.00,1.00
2016.12.28 07:22:17.152,1.77441,1.77476,1.00,1.00
2016.12.28 07:22:19.065,1.77441,1.77477,1.00,1.00
2016.12.28 07:22:19.115,1.77448,1.77488,1.00,1.00
2016.12.28 07:22:19.166,1.7745,1.77492,1.00,1.00
2016.12.28 07:22:19.217,1.77452,1.77494,1.00,1.00
2016.12.28 07:22:19.767,1.77451,1.77494,1.00,1.00
2016.12.28 07:22:20.073,1.77451,1.77491,1.00,1.00
2016.12.28 07:22:20.551,1.77451,1.77493,1.00,1.00
2016.12.28 07:22:21.505,1.77451,1.77492,1.00,1.00
2016.12.28 07:22:22.181,1.77451,1.77493,1.00,1.00
2016.12.28 07:22:22.635,1.77452,1.77491,1.00,1.00
2016.12.28 07:22:24.538,1.77451,1.7749,1.00,1.00
2016.12.28 07:22:24.927,1.77441,1.77481,1.00,1.00
2016.12.28 07:22:25.180,1.77443,1.77487,1.00,1.00
2016.12.28 07:22:25.332,1.77445,1.77489,1.00,1.00
2016.12.28 07:22:25.936,1.77446,1.77489,1.00,1.00
2016.12.28 07:22:26.278,1.77444,1.77486,1.00,1.00
2016.12.28 07:22:26.621,1.77446,1.77488,1.00,1.00
2016.12.28 07:22:26.953,1.77451,1.77489,1.00,1.00
2016.12.28 07:22:27.804,1.77447,1.77489,1.00,1.00
2016.12.28 07:22:27.900,1.77452,1.77489,1.00,1.00
2016.12.28 07:22:28.052,1.77451,1.77491,1.00,1.00
2016.12.28 07:22:28.323,1.77451,1.77489,1.00,1.00
2016.12.28 07:22:28.888,1.77451,1.77488,1.00,1.00
2016.12.28 07:22:30.015,1.77451,1.7749,1.00,1.00
2016.12.28 07:22:30.270,1.77451,1.77488,1.00,1.00
2016.12.28 07:22:31.882,1.77451,1.77489,1.00,1.00
2016.12.28 07:22:32.513,1.77451,1.77488,1.00,1.00
2016.12.28 07:22:33.007,1.77444,1.77488,1.00,1.00
2016.12.28 07:22:34.136,1.77445,1.77489,1.00,1.00
2016.12.28 07:22:34.252,1.77447,1.77489,1.00,1.00
2016.12.28 07:22:35.040,1.77445,1.77487,1.00,1.00
2016.12.28 07:22:35.550,1.77445,1.77489,1.00,1.00
2016.12.28 07:22:35.880,1.77445,1.77487,1.00,1.00
2016.12.28 07:22:36.754,1.77444,1.77486,1.00,1.00
2016.12.28 07:22:37.193,1.77442,1.77486,1.00,1.00
2016.12.28 07:22:37.817,1.77443,1.77485,1.00,1.00
2016.12.28 07:22:38.328,1.77444,1.77486,1.00,1.00
2016.12.28 07:22:42.431,1.77445,1.77487,1.00,1.00
2016.12.28 07:22:43.348,1.77444,1.77486,1.00,1.00
2016.12.28 07:22:43.632,1.77444,1.77488,1.00,1.00
2016.12.28 07:22:44.200,1.77445,1.77487,1.00,1.00
2016.12.28 07:22:44.747,1.77444,1.77486,1.00,1.00
2016.12.28 07:22:45.900,1.77445,1.77487,1.00,1.00
2016.12.28 07:22:46.945,1.77444,1.77488,1.00,1.00
2016.12.28 07:22:47.568,1.77445,1.77489,1.00,1.00
2016.12.28 07:22:52.751,1.77445,1.77487,1.00,1.00
2016.12.28 07:22:55.343,1.77443,1.77485,1.00,1.00
2016.12.28 07:22:55.394,1.77443,1.77487,1.00,1.00
2016.12.28 07:22:55.546,1.77441,1.77481,1.00,1.00
2016.12.28 07:22:55.697,1.77441,1.77485,1.50,1.00
2016.12.28 07:22:55.748,1.77444,1.77486,1.00,1.00
2016.12.28 07:22:55.798,1.77444,1.77488,1.00,1.00
2016.12.28 07:22:56.558,1.77451,1.77488,1.00,1.00
2016.12.28 07:22:56.807,1.77444,1.77488,1.00,1.00
2016.12.28 07:22:56.908,1.77444,1.77486,1.00,1.00
2016.12.28 07:22:58.391,1.77442,1.77486,1.00,1.00
2016.12.28 07:23:06.415,1.77443,1.77487,1.00,1.00
2016.12.28 07:23:07.576,1.77446,1.7749,1.00,1.00
2016.12.28 07:23:07.918,1.77452,1.77492,1.00,1.00
2016.12.28 07:23:08.241,1.77451,1.7749,1.00,1.00
2016.12.28 07:23:09.405,1.77451,1.77491,1.00,1.00
2016.12.28 07:23:09.826,1.77451,1.77493,1.00,1.00
2016.12.28 07:23:09.927,1.77451,1.77495,1.50,1.00
2016.12.28 07:23:10.642,1.77451,1.77494,1.00,1.00
2016.12.28 07:23:11.554,1.77451,1.77492,1.00,1.00
2016.12.28 07:23:12.159,1.77451,1.7749,1.00,1.00
2016.12.28 07:23:12.902,1.77451,1.77491,1.00,1.00
2016.12.28 07:23:13.489,1.77451,1.77492,1.00,1.00
2016.12.28 07:23:14.101,1.77451,1.77493,1.00,1.00
2016.12.28 07:23:14.843,1.77451,1.77491,1.00,1.00
2016.12.28 07:23:16.453,1.77451,1.77494,1.00,1.00
2016.12.28 07:23:17.238,1.77451,1.77493,1.00,1.00
2016.12.28 07:23:18.374,1.77451,1.77492,1.50,1.00
2016.12.28 07:23:20.299,1.77451,1.77491,1.00,1.00
2016.12.28 07:23:20.749,1.77451,1.77493,1.00,1.00
2016.12.28 07:23:22.516,1.77451,1.77491,1.00,1.00
2016.12.28 07:23:24.093,1.77451,1.77493,1.00,1.00
2016.12.28 07:23:24.504,1.77452,1.77488,1.00,1.00
2016.12.28 07:23:24.555,1.77442,1.77485,1.00,1.00
2016.12.28 07:23:24.605,1.77441,1.77482,1.50,1.00
2016.12.28 07:23:24.916,1.77441,1.7748,1.00,1.00
2016.12.28 07:23:25.560,1.77441,1.77481,1.00,1.00
2016.12.28 07:23:25.879,1.77441,1.77479,1.00,1.00
2016.12.28 07:23:27.826,1.77441,1.77481,1.00,1.00
2016.12.28 07:23:28.539,1.77442,1.77479,1.00,1.00
2016.12.28 07:23:28.842,1.77441,1.77482,1.00,1.00
2016.12.28 07:23:29.262,1.77441,1.77479,1.00,1.00
2016.12.28 07:23:29.856,1.77442,1.7748,1.00,1.00
2016.12.28 07:23:34.661,1.77442,1.77482,1.00,1.00
2016.12.28 07:23:35.181,1.77442,1.77481,1.00,1.00
2016.12.28 07:23:39.026,1.77442,1.77479,1.00,1.00
2016.12.28 07:23:39.794,1.77442,1.7748,1.00,1.00
2016.12.28 07:23:43.274,1.77442,1.77481,1.00,1.00
2016.12.28 07:23:43.678,1.77441,1.77479,1.00,1.00
2016.12.28 07:23:44.801,1.77441,1.77478,1.00,1.00
2016.12.28 07:23:48.759,1.77442,1.77478,1.00,1.00
2016.12.28 07:23:50.084,1.77442,1.77482,1.00,1.00
2016.12.28 07:23:50.235,1.77441,1.77478,1.00,1.00
2016.12.28 07:23:50.336,1.77431,1.77472,1.00,1.00
2016.12.28 07:23:50.958,1.77432,1.77471,1.00,1.00
2016.12.28 07:23:55.754,1.77432,1.77469,1.00,1.00
2016.12.28 07:23:56.057,1.77432,1.77472,1.00,1.00
2016.12.28 07:23:56.565,1.77432,1.77471,1.00,1.00
2016.12.28 07:23:57.147,1.77432,1.7747,1.00,1.00
2016.12.28 07:24:05.335,1.77431,1.7747,1.00,1.00
2016.12.28 07:24:05.486,1.77431,1.77472,1.00,1.00
2016.12.28 07:24:06.505,1.77432,1.77472,1.00,1.00
2016.12.28 07:24:10.009,1.77431,1.77472,1.00,1.00
2016.12.28 07:24:10.515,1.77431,1.77471,1.50,1.00
2016.12.28 07:24:11.292,1.77432,1.77471,1.00,1.00
2016.12.28 07:24:12.236,1.77432,1.77472,1.00,1.00
2016.12.28 07:24:19.633,1.77432,1.77473,1.00,1.00
2016.12.28 07:24:19.683,1.77432,1.77471,1.00,1.00
2016.12.28 07:24:21.009,1.77432,1.77472,1.00,1.00
2016.12.28 07:24:25.530,1.77432,1.7747,1.00,1.00
2016.12.28 07:24:26.390,1.77432,1.77472,1.00,1.00
2016.12.28 07:24:27.166,1.77432,1.77471,1.00,1.00
2016.12.28 07:24:29.510,1.77431,1.77471,1.00,1.00
2016.12.28 07:24:30.208,1.77429,1.77471,1.00,1.00
2016.12.28 07:24:30.874,1.7743,1.77472,1.00,1.00
2016.12.28 07:24:32.962,1.7743,1.7747,1.00,1.00
2016.12.28 07:24:33.853,1.77431,1.7747,1.00,1.00
2016.12.28 07:24:49.818,1.77431,1.77471,1.00,1.00
2016.12.28 07:24:50.583,1.77431,1.7747,1.00,1.00
2016.12.28 07:24:51.453,1.77431,1.77471,1.50,1.00
2016.12.28 07:24:52.086,1.77431,1.77472,1.00,1.00
2016.12.28 07:24:52.747,1.77431,1.7747,1.00,1.00
2016.12.28 07:24:55.003,1.77432,1.7747,1.00,1.00
2016.12.28 07:24:55.510,1.77431,1.7747,1.00,1.00
2016.12.28 07:24:56.018,1.77431,1.77469,1.00,1.00
2016.12.28 07:24:56.356,1.77431,1.77466,1.00,1.00
2016.12.28 07:25:00.355,1.77431,1.77467,1.00,1.00
2016.12.28 07:25:03.577,1.77432,1.77465,1.00,1.00
2016.12.28 07:25:04.095,1.77432,1.77466,1.00,1.00
2016.12.28 07:25:05.034,1.77432,1.77465,1.00,1.00
2016.12.28 07:25:05.579,1.77431,1.77465,1.00,1.00
2016.12.28 07:25:06.026,1.77431,1.77467,1.00,1.00
2016.12.28 07:25:06.601,1.77431,1.77466,1.00,1.00
2016.12.28 07:25:06.701,1.77432,1.77468,1.00,1.00
2016.12.28 07:25:11.549,1.77432,1.77467,1.00,1.00
2016.12.28 07:25:14.486,1.77432,1.77466,1.00,1.00
2016.12.28 07:25:14.988,1.77431,1.77466,1.00,1.00
2016.12.28 07:25:17.808,1.77432,1.77466,1.00,1.00
2016.12.28 07:25:18.505,1.77432,1.77467,1.00,1.00
2016.12.28 07:25:23.459,1.77432,1.77476,1.00,1.00
2016.12.28 07:25:25.034,1.77431,1.77476,1.00,1.00
2016.12.28 07:25:26.488,1.77432,1.77476,1.00,1.00
2016.12.28 07:25:28.743,1.77431,1.77476,1.00,1.00
2016.12.28 07:25:31.020,1.77431,1.77479,1.00,1.00
2016.12.28 07:25:31.071,1.77431,1.77476,1.00,1.00
2016.12.28 07:25:33.254,1.77432,1.77476,1.00,1.00
2016.12.28 07:25:33.405,1.77432,1.77478,1.00,1.00
2016.12.28 07:25:34.119,1.77432,1.77477,1.00,1.00
2016.12.28 07:25:34.521,1.77432,1.77479,1.00,1.00
2016.12.28 07:25:35.472,1.77432,1.77478,1.00,1.00
2016.12.28 07:25:37.290,1.77432,1.77479,1.00,1.00
2016.12.28 07:25:37.720,1.77432,1.77476,1.50,1.00
2016.12.28 07:25:37.821,1.77432,1.77478,1.50,1.00
2016.12.28 07:25:41.778,1.77441,1.77478,1.00,1.00
2016.12.28 07:25:42.173,1.77431,1.77478,1.50,1.00
2016.12.28 07:25:42.598,1.77431,1.7748,1.50,1.00
2016.12.28 07:25:42.649,1.77431,1.77478,1.50,1.00
2016.12.28 07:25:43.556,1.77432,1.77479,1.00,1.00
2016.12.28 07:25:45.512,1.77431,1.77479,1.50,1.00
2016.12.28 07:25:46.434,1.77431,1.77478,1.50,1.00
2016.12.28 07:25:47.239,1.77431,1.77477,1.50,1.00
2016.12.28 07:25:48.076,1.77432,1.77477,1.00,1.00
2016.12.28 07:25:48.127,1.77432,1.77479,1.00,1.00
2016.12.28 07:25:48.675,1.77432,1.7748,1.00,1.00
2016.12.28 07:25:49.116,1.77432,1.77478,1.00,1.00
2016.12.28 07:25:49.226,1.77432,1.7748,1.00,1.00
2016.12.28 07:25:49.277,1.77431,1.77478,1.50,1.00
2016.12.28 07:25:49.327,1.77431,1.7748,1.50,1.00
2016.12.28 07:25:49.920,1.77431,1.77479,1.50,1.00
2016.12.28 07:25:50.181,1.77442,1.77482,1.00,1.00
2016.12.28 07:25:50.282,1.77441,1.77488,1.00,1.00
2016.12.28 07:25:50.498,1.77441,1.77493,1.00,1.00
2016.12.28 07:25:50.607,1.77452,1.77493,1.00,1.00
2016.12.28 07:25:50.658,1.77442,1.77494,1.00,1.00
2016.12.28 07:25:51.087,1.77449,1.77499,1.00,1.50
2016.12.28 07:25:51.389,1.77457,1.77505,1.00,1.00
2016.12.28 07:25:51.799,1.77456,1.77507,1.00,1.00
2016.12.28 07:25:51.850,1.77457,1.77505,1.00,1.00
2016.12.28 07:25:52.168,1.77456,1.77507,1.00,1.00
2016.12.28 07:25:52.313,1.77462,1.77506,1.00,1.00
2016.12.28 07:25:52.740,1.77462,1.77504,1.00,1.00
2016.12.28 07:25:52.841,1.77456,1.77504,1.00,1.00
2016.12.28 07:25:53.006,1.77461,1.77506,1.00,1.00
2016.12.28 07:25:53.057,1.77461,1.77508,1.00,1.00
2016.12.28 07:25:53.586,1.77462,1.77508,1.00,1.00
2016.12.28 07:25:54.271,1.77462,1.77509,1.00,1.00
2016.12.28 07:25:55.062,1.77462,1.7751,1.50,1.00
2016.12.28 07:25:55.554,1.77463,1.77514,1.00,1.00
2016.12.28 07:25:55.605,1.77465,1.77514,1.00,1.00
2016.12.28 07:25:55.908,1.77471,1.7752,1.50,1.00
2016.12.28 07:25:56.241,1.77471,1.77522,2.25,1.00
2016.12.28 07:25:57.238,1.77471,1.77523,1.50,1.00
2016.12.28 07:25:57.650,1.77474,1.77523,1.00,1.00
2016.12.28 07:25:58.747,1.77474,1.77522,1.00,1.00
2016.12.28 07:25:58.904,1.77472,1.77522,1.50,1.00
2016.12.28 07:25:58.955,1.77481,1.77522,1.00,1.00
2016.12.28 07:25:59.116,1.77481,1.77526,1.00,1.00
2016.12.28 07:25:59.167,1.77475,1.77526,1.00,1.00
2016.12.28 07:26:00.746,1.77475,1.77523,1.00,1.00
2016.12.28 07:26:01.482,1.77475,1.77525,1.50,1.00
2016.12.28 07:26:02.008,1.77476,1.77524,1.00,1.00
2016.12.28 07:26:02.059,1.77475,1.77528,1.00,1.50
2016.12.28 07:26:02.109,1.77481,1.77529,1.00,1.00
2016.12.28 07:26:02.160,1.77481,1.77532,1.00,1.00
2016.12.28 07:26:02.312,1.77481,1.77534,1.00,1.00
2016.12.28 07:26:02.651,1.77483,1.77533,1.00,1.00
2016.12.28 07:26:02.843,1.77483,1.77535,1.00,1.00
2016.12.28 07:26:02.894,1.77477,1.77525,1.00,1.00
2016.12.28 07:26:02.945,1.77477,1.77528,1.00,1.00
2016.12.28 07:26:02.996,1.77473,1.77526,1.00,1.00
2016.12.28 07:26:03.046,1.77471,1.77521,1.00,1.00
2016.12.28 07:26:03.097,1.77468,1.77521,1.00,1.00
2016.12.28 07:26:03.209,1.77468,1.77518,1.00,1.00
2016.12.28 07:26:03.311,1.7747,1.77522,1.00,1.00
2016.12.28 07:26:03.462,1.77471,1.77524,1.00,1.00
2016.12.28 07:26:04.005,1.77472,1.77525,1.00,1.00
2016.12.28 07:26:04.507,1.77472,1.77524,1.00,1.00
2016.12.28 07:26:05.030,1.77472,1.77523,1.00,1.00
2016.12.28 07:26:06.093,1.77471,1.77523,1.00,1.00
2016.12.28 07:26:06.318,1.77472,1.77518,1.00,1.00
2016.12.28 07:26:06.369,1.7747,1.77523,1.00,1.00
2016.12.28 07:26:06.419,1.77469,1.77521,1.00,1.00
2016.12.28 07:26:06.798,1.77471,1.77522,1.00,1.00
2016.12.28 07:26:07.000,1.77472,1.77525,1.00,1.00
2016.12.28 07:26:07.863,1.77472,1.77523,1.00,1.00
2016.12.28 07:26:08.684,1.77472,1.77524,1.00,1.00
2016.12.28 07:26:09.728,1.77472,1.77525,1.00,1.00
2016.12.28 07:26:10.153,1.77473,1.77523,1.00,1.00
2016.12.28 07:26:11.512,1.7747,1.77521,1.00,1.00
2016.12.28 07:26:11.563,1.77465,1.77516,1.00,1.00
2016.12.28 07:26:12.282,1.77466,1.77517,1.00,1.00
2016.12.28 07:26:14.739,1.77467,1.77518,1.00,1.00
2016.12.28 07:26:15.042,1.77465,1.77518,1.00,1.50
2016.12.28 07:26:15.093,1.77465,1.77516,1.00,1.00
2016.12.28 07:26:15.194,1.77465,1.77518,1.00,1.50
2016.12.28 07:26:16.646,1.77466,1.77519,1.00,1.50
2016.12.28 07:26:17.241,1.77465,1.77518,1.00,1.00
2016.12.28 07:26:18.055,1.77467,1.77518,1.00,1.00
2016.12.28 07:26:18.257,1.7747,1.77523,1.00,1.00
2016.12.28 07:26:18.459,1.77471,1.77521,1.00,1.00
2016.12.28 07:26:18.511,1.77472,1.77523,1.00,1.00
2016.12.28 07:26:19.635,1.77473,1.77524,1.00,1.00
2016.12.28 07:26:19.686,1.77479,1.77529,1.00,1.00
2016.12.28 07:26:19.736,1.77477,1.77529,1.00,1.00
2016.12.28 07:26:20.124,1.77479,1.77529,1.00,1.00
2016.12.28 07:26:20.244,1.77479,1.77532,1.00,1.00
2016.12.28 07:26:20.707,1.77481,1.77528,1.00,1.00
2016.12.28 07:26:21.396,1.7748,1.77528,1.00,1.00
2016.12.28 07:26:21.975,1.77481,1.77528,1.00,1.00
2016.12.28 07:26:22.408,1.77481,1.77532,1.00,1.00
2016.12.28 07:26:22.774,1.77478,1.77507,1.00,1.00
2016.12.28 07:26:22.876,1.7747,1.77517,1.00,1.00
2016.12.28 07:26:23.044,1.77467,1.77518,1.00,1.00
2016.12.28 07:26:23.411,1.77469,1.7752,1.00,1.00
2016.12.28 07:26:23.462,1.77467,1.7752,1.00,1.00
2016.12.28 07:26:23.614,1.77471,1.77522,1.00,1.00
2016.12.28 07:26:23.665,1.77469,1.77522,1.00,1.00
2016.12.28 07:26:24.622,1.77468,1.77521,1.50,1.00
2016.12.28 07:26:25.012,1.7747,1.77523,1.00,1.00
2016.12.28 07:26:25.358,1.7747,1.77521,1.00,1.00
2016.12.28 07:26:25.408,1.7747,1.77523,1.00,1.00
2016.12.28 07:26:26.949,1.77471,1.77524,1.00,1.00
2016.12.28 07:26:29.050,1.77475,1.77526,1.00,1.00
2016.12.28 07:26:29.251,1.77475,1.77528,1.00,1.00
2016.12.28 07:26:29.301,1.77477,1.77528,1.00,1.00
2016.12.28 07:26:29.833,1.77476,1.77527,1.00,1.00
2016.12.28 07:26:29.935,1.77476,1.77529,1.00,1.50
2016.12.28 07:26:31.375,1.77477,1.77529,1.00,1.50
2016.12.28 07:26:32.803,1.77478,1.77529,1.00,1.50
2016.12.28 07:26:33.244,1.77476,1.77529,1.00,1.50
2016.12.28 07:26:33.294,1.77476,1.77527,1.00,1.00
2016.12.28 07:26:33.655,1.77473,1.77524,1.00,1.00
2016.12.28 07:26:35.930,1.77475,1.77528,1.00,1.50
2016.12.28 07:26:35.981,1.77478,1.77528,1.00,1.00
2016.12.28 07:26:36.606,1.77478,1.77529,1.00,1.00
2016.12.28 07:26:37.120,1.77479,1.77529,1.00,1.00
2016.12.28 07:26:39.087,1.77479,1.77528,1.00,1.00
2016.12.28 07:26:41.111,1.77477,1.77528,1.00,1.00
2016.12.28 07:26:41.161,1.77479,1.77528,1.00,1.00
2016.12.28 07:26:43.261,1.77477,1.77528,1.00,1.00
2016.12.28 07:26:43.415,1.77479,1.77529,1.00,1.00
2016.12.28 07:26:44.335,1.77482,1.77528,1.00,1.00
2016.12.28 07:26:44.436,1.7748,1.77528,1.00,1.00
2016.12.28 07:26:44.996,1.77481,1.77528,1.00,1.00
2016.12.28 07:26:45.047,1.77481,1.77534,1.00,1.00
2016.12.28 07:26:45.309,1.77481,1.77529,1.00,1.00
2016.12.28 07:26:45.826,1.77479,1.77529,1.00,1.00
2016.12.28 07:26:46.363,1.77478,1.77529,1.50,1.00
2016.12.28 07:26:46.969,1.77479,1.77529,1.00,1.00
2016.12.28 07:26:47.071,1.77483,1.77529,1.00,1.00
2016.12.28 07:26:47.172,1.77479,1.77529,1.00,1.50
2016.12.28 07:26:47.273,1.77473,1.77523,1.00,1.00
2016.12.28 07:26:47.710,1.77473,1.77521,1.00,1.00
2016.12.28 07:26:48.050,1.77473,1.77518,1.00,1.00
2016.12.28 07:26:48.353,1.77473,1.7752,1.00,1.00
2016.12.28 07:26:48.454,1.77476,1.77529,1.00,1.50
2016.12.28 07:26:48.505,1.77473,1.77521,1.50,1.00
2016.12.28 07:26:48.556,1.77474,1.77525,1.00,1.00
2016.12.28 07:26:48.657,1.77474,1.77523,1.00,1.00
2016.12.28 07:26:48.960,1.7747,1.77519,1.00,1.00
2016.12.28 07:26:49.262,1.77454,1.77507,1.00,1.00
2016.12.28 07:26:49.313,1.77453,1.77504,1.50,1.00
2016.12.28 07:26:49.583,1.7745,1.77504,2.25,1.00
2016.12.28 07:26:52.894,1.77452,1.77504,1.00,1.00
2016.12.28 07:26:52.945,1.7745,1.77504,1.50,1.00
2016.12.28 07:26:52.996,1.7745,1.77499,1.00,1.00
2016.12.28 07:26:53.248,1.77436,1.77487,1.00,1.00
2016.12.28 07:26:54.138,1.77438,1.77489,1.00,1.00
2016.12.28 07:26:55.605,1.7744,1.77489,1.00,1.00
2016.12.28 07:26:57.112,1.77438,1.77489,1.50,1.00
2016.12.28 07:26:58.025,1.77439,1.77489,1.00,1.00
2016.12.28 07:27:00.106,1.77438,1.77489,1.00,1.00
2016.12.28 07:27:00.868,1.7744,1.77489,1.00,1.00
2016.12.28 07:27:01.708,1.7744,1.77488,1.00,1.00
2016.12.28 07:27:08.054,1.77437,1.77488,2.25,1.00
2016.12.28 07:27:09.056,1.77437,1.77487,1.00,1.00
2016.12.28 07:27:10.008,1.77437,1.77488,1.00,1.00
2016.12.28 07:27:15.146,1.77437,1.77489,1.50,1.00
2016.12.28 07:27:17.097,1.77437,1.7749,1.50,1.00
2016.12.28 07:27:18.356,1.77438,1.77485,1.00,1.00
2016.12.28 07:27:18.508,1.77434,1.77483,1.50,1.00
2016.12.28 07:27:18.559,1.77432,1.77484,1.00,1.00
2016.12.28 07:27:18.609,1.77435,1.77484,1.00,1.00
2016.12.28 07:27:18.834,1.77435,1.77487,1.00,1.00
2016.12.28 07:27:19.409,1.77436,1.77487,1.00,1.00
2016.12.28 07:27:20.516,1.77435,1.77487,1.50,1.00
2016.12.28 07:27:22.416,1.77435,1.77478,1.50,1.00
2016.12.28 07:27:22.517,1.77435,1.7748,1.00,1.00
2016.12.28 07:27:22.618,1.77433,1.77479,1.00,1.00
2016.12.28 07:27:23.006,1.77433,1.77476,1.00,1.00
2016.12.28 07:27:23.551,1.77433,1.77477,1.00,1.00
2016.12.28 07:27:23.700,1.77427,1.77477,1.00,1.00
2016.12.28 07:27:23.801,1.77423,1.77476,2.62,1.00
2016.12.28 07:27:23.867,1.77423,1.77474,2.25,1.00
2016.12.28 07:27:25.296,1.77431,1.77474,1.00,1.00
2016.12.28 07:27:25.408,1.77423,1.77474,2.25,1.00
2016.12.28 07:27:25.914,1.77424,1.77475,1.00,1.00
2016.12.28 07:27:26.936,1.77424,1.77477,1.00,1.00
2016.12.28 07:27:29.944,1.77424,1.77476,1.00,1.00
2016.12.28 07:27:30.528,1.77423,1.77476,1.50,1.00
2016.12.28 07:27:32.131,1.77423,1.77475,1.50,1.00
2016.12.28 07:27:37.208,1.77422,1.77475,1.00,1.00
2016.12.28 07:27:37.713,1.77421,1.77475,1.50,1.00
2016.12.28 07:27:40.160,1.77422,1.77475,1.00,1.00
2016.12.28 07:27:40.689,1.77422,1.77476,1.00,1.00
2016.12.28 07:27:43.349,1.77422,1.77478,1.50,1.87
2016.12.28 07:27:44.505,1.77424,1.77479,1.00,1.37
2016.12.28 07:27:45.565,1.77422,1.7748,1.50,1.37
2016.12.28 07:27:47.526,1.77424,1.77479,1.00,1.37
2016.12.28 07:27:48.804,1.77423,1.77478,1.50,1.37
2016.12.28 07:27:49.216,1.77422,1.77479,1.00,1.87
2016.12.28 07:27:49.449,1.77422,1.77479,1.00,1.37
2016.12.28 07:27:49.953,1.77424,1.77479,1.00,1.37
2016.12.28 07:27:51.422,1.77423,1.77479,1.00,1.37
2016.12.28 07:27:52.080,1.77424,1.77478,1.00,1.00
2016.12.28 07:27:53.056,1.77424,1.77479,1.00,1.00
2016.12.28 07:27:53.590,1.77425,1.77479,1.50,1.00
2016.12.28 07:27:56.277,1.77424,1.77479,2.25,1.00
2016.12.28 07:27:58.688,1.77425,1.77479,1.00,1.00
2016.12.28 07:27:59.860,1.77424,1.77479,1.50,1.00
2016.12.28 07:28:01.796,1.77422,1.77479,1.50,1.00
2016.12.28 07:28:04.345,1.77422,1.77478,1.00,1.00
2016.12.28 07:28:04.852,1.77422,1.77477,1.00,1.00
2016.12.28 07:28:05.476,1.7742,1.77477,1.00,1.00
2016.12.28 07:28:05.527,1.77421,1.77475,1.00,1.00
2016.12.28 07:28:05.858,1.77421,1.77472,1.00,1.00
2016.12.28 07:28:05.910,1.77415,1.77472,1.00,1.00
2016.12.28 07:28:06.457,1.77416,1.77473,1.00,1.00
2016.12.28 07:28:06.558,1.77418,1.77472,1.00,1.00
2016.12.28 07:28:06.609,1.77417,1.77474,1.00,1.00
2016.12.28 07:28:08.190,1.77416,1.77473,1.00,1.00
2016.12.28 07:28:08.844,1.77415,1.77472,1.00,1.00
2016.12.28 07:28:10.003,1.77416,1.77471,1.00,1.00
2016.12.28 07:28:10.058,1.77414,1.77468,1.00,1.00
2016.12.28 07:28:10.159,1.77408,1.77463,1.00,1.00
2016.12.28 07:28:10.367,1.77405,1.77462,1.50,1.00
2016.12.28 07:28:10.418,1.77405,1.77458,1.00,1.00
2016.12.28 07:28:10.527,1.77402,1.77457,1.00,1.00
2016.12.28 07:28:10.628,1.77402,1.77455,1.00,1.00
2016.12.28 07:28:10.936,1.77402,1.77457,1.00,1.00
2016.12.28 07:28:11.594,1.77402,1.77458,1.00,1.00
2016.12.28 07:28:11.966,1.77402,1.77456,1.00,1.00
2016.12.28 07:28:12.067,1.77402,1.77458,1.00,1.00
2016.12.28 07:28:12.168,1.774,1.77455,1.50,1.00
2016.12.28 07:28:12.668,1.774,1.77452,1.00,1.00
2016.12.28 07:28:13.826,1.774,1.77449,1.00,1.00
2016.12.28 07:28:14.480,1.774,1.77448,1.00,1.00
2016.12.28 07:28:14.638,1.77394,1.77449,1.00,1.00
2016.12.28 07:28:14.689,1.77396,1.77449,1.00,1.00
2016.12.28 07:28:14.739,1.77392,1.77448,1.00,1.00
2016.12.28 07:28:15.304,1.77393,1.77449,1.00,1.50
2016.12.28 07:28:15.914,1.77393,1.77448,1.00,1.00
2016.12.28 07:28:16.759,1.77394,1.77448,1.50,1.50
2016.12.28 07:28:19.643,1.77392,1.77448,1.50,1.00
2016.12.28 07:28:24.388,1.77392,1.77447,1.50,1.00
2016.12.28 07:28:24.833,1.77394,1.77448,1.00,1.50
2016.12.28 07:28:24.934,1.77392,1.77448,1.00,1.00
2016.12.28 07:28:25.910,1.77392,1.77449,1.00,1.50
2016.12.28 07:28:26.415,1.77392,1.77448,1.00,1.00
2016.12.28 07:28:28.104,1.77392,1.77447,2.25,1.00
2016.12.28 07:28:28.487,1.77392,1.77449,1.00,1.50
2016.12.28 07:28:31.274,1.77392,1.77445,1.00,1.00
2016.12.28 07:28:31.427,1.77386,1.77443,1.50,1.00
2016.12.28 07:28:31.741,1.77386,1.77441,1.00,1.00
2016.12.28 07:28:31.942,1.77384,1.7744,1.50,1.00
2016.12.28 07:28:32.043,1.77382,1.77438,1.87,1.00
2016.12.28 07:28:32.247,1.77378,1.77435,1.00,1.00
2016.12.28 07:28:36.773,1.77379,1.77435,1.00,1.00
2016.12.28 07:28:38.194,1.77379,1.77433,1.50,1.00
2016.12.28 07:28:39.553,1.77379,1.77435,1.00,1.00
2016.12.28 07:28:39.603,1.77381,1.77435,1.00,1.00
2016.12.28 07:28:40.106,1.77381,1.77436,1.00,1.00
2016.12.28 07:28:40.436,1.7738,1.77434,1.00,1.00
2016.12.28 07:28:44.234,1.77382,1.77434,1.00,1.00
2016.12.28 07:28:44.347,1.77381,1.77436,1.12,1.00
2016.12.28 07:28:44.525,1.77383,1.77437,1.00,1.00
2016.12.28 07:28:44.927,1.77385,1.77439,1.00,1.00
2016.12.28 07:28:45.381,1.77383,1.7744,2.25,1.00
2016.12.28 07:28:45.431,1.77383,1.77438,2.25,1.00
2016.12.28 07:28:46.108,1.77383,1.77437,1.50,1.00
2016.12.28 07:28:47.206,1.77383,1.77438,1.50,1.00
2016.12.28 07:28:47.711,1.77383,1.77439,1.50,1.00
2016.12.28 07:28:55.405,1.77383,1.77438,1.00,1.00
2016.12.28 07:28:56.397,1.77382,1.77439,1.50,1.00
2016.12.28 07:28:56.699,1.77369,1.77426,1.87,1.00
2016.12.28 07:28:56.750,1.77369,1.77425,1.00,1.00
2016.12.28 07:28:57.880,1.77371,1.77425,1.00,1.00
2016.12.28 07:28:58.409,1.77369,1.77425,1.00,1.00
2016.12.28 07:28:58.856,1.77366,1.77422,1.00,1.00
2016.12.28 07:28:59.159,1.7737,1.77424,1.00,1.00
2016.12.28 07:28:59.809,1.77371,1.77425,1.00,1.00
2016.12.28 07:29:00.199,1.77367,1.77423,1.00,1.00
2016.12.28 07:29:00.250,1.77365,1.77419,1.00,1.00
2016.12.28 07:29:00.555,1.77363,1.77417,1.00,1.00
2016.12.28 07:29:00.606,1.77364,1.77419,1.00,1.00
2016.12.28 07:29:00.757,1.77362,1.77417,1.00,1.00
2016.12.28 07:29:01.068,1.77365,1.77419,1.00,1.50
2016.12.28 07:29:01.303,1.77366,1.77421,1.00,1.00
2016.12.28 07:29:01.562,1.77367,1.77423,1.00,1.00
2016.12.28 07:29:02.074,1.77366,1.77422,1.50,1.00
2016.12.28 07:29:02.583,1.77368,1.77422,1.00,1.00
2016.12.28 07:29:03.114,1.77367,1.77422,1.00,1.00
2016.12.28 07:29:05.930,1.77367,1.77421,1.00,1.00
2016.12.28 07:29:10.068,1.77365,1.77422,1.87,1.00
2016.12.28 07:29:12.297,1.77366,1.77423,1.00,1.00
2016.12.28 07:29:13.456,1.77366,1.77421,1.12,1.00
2016.12.28 07:29:13.592,1.77366,1.77423,1.12,1.00
2016.12.28 07:29:13.743,1.77369,1.77423,1.00,1.00
2016.12.28 07:29:14.024,1.77368,1.77425,1.50,1.00
2016.12.28 07:29:15.213,1.77369,1.77425,1.00,1.00
2016.12.28 07:29:16.011,1.77369,1.77426,1.50,1.00
2016.12.28 07:29:16.710,1.7737,1.77427,1.00,1.00
2016.12.28 07:29:17.661,1.77369,1.77426,1.50,1.00
2016.12.28 07:29:20.131,1.7737,1.77427,1.00,1.00
2016.12.28 07:29:26.524,1.77369,1.77427,1.00,1.00
2016.12.28 07:29:27.300,1.77369,1.77426,1.00,1.00
2016.12.28 07:29:29.261,1.77371,1.77426,1.00,1.00
2016.12.28 07:29:30.911,1.7737,1.77425,1.00,1.00
2016.12.28 07:29:31.237,1.77378,1.77433,1.00,1.00
2016.12.28 07:29:31.288,1.7738,1.77436,1.00,1.00
2016.12.28 07:29:31.822,1.77379,1.77436,1.00,1.00
2016.12.28 07:29:32.829,1.77378,1.77435,1.50,1.00
2016.12.28 07:29:33.087,1.77379,1.77437,1.50,1.00
2016.12.28 07:29:34.626,1.7738,1.77435,1.00,1.00
2016.12.28 07:29:35.910,1.77379,1.77435,1.50,1.00
2016.12.28 07:29:37.088,1.7738,1.77435,1.00,1.00
2016.12.28 07:29:38.064,1.77379,1.77434,1.50,1.00
2016.12.28 07:29:38.427,1.77377,1.77434,1.00,1.00
2016.12.28 07:29:38.528,1.77375,1.7743,1.50,1.00
2016.12.28 07:29:39.409,1.77375,1.77429,1.00,1.00
2016.12.28 07:29:39.611,1.77373,1.77431,1.00,1.00
2016.12.28 07:29:39.662,1.77379,1.77433,1.00,1.37
2016.12.28 07:29:39.713,1.7738,1.77433,1.00,1.00
2016.12.28 07:29:39.764,1.7738,1.77438,1.00,2.62
2016.12.28 07:29:39.815,1.77382,1.77437,1.00,1.00
2016.12.28 07:29:40.130,1.7738,1.77437,1.12,1.00
2016.12.28 07:29:40.650,1.7738,1.77436,1.12,1.00
2016.12.28 07:29:40.751,1.77388,1.77439,1.00,1.37
2016.12.28 07:29:40.852,1.7739,1.77448,1.00,1.87
2016.12.28 07:29:40.903,1.7739,1.77446,1.12,1.00
2016.12.28 07:29:41.439,1.7739,1.77447,1.00,1.00
2016.12.28 07:29:41.893,1.77389,1.77443,1.00,1.00
2016.12.28 07:29:41.994,1.77388,1.77445,1.50,1.00
2016.12.28 07:29:42.044,1.77391,1.77448,1.00,1.50
2016.12.28 07:29:42.378,1.77393,1.77448,1.00,1.50
2016.12.28 07:29:43.794,1.7739,1.77446,1.00,1.00
2016.12.28 07:29:43.845,1.77392,1.77447,1.00,1.00
2016.12.28 07:29:44.442,1.77391,1.77448,1.00,1.50
2016.12.28 07:29:47.057,1.77394,1.77449,1.00,1.50
2016.12.28 07:29:47.309,1.77397,1.77453,1.00,1.00
2016.12.28 07:29:47.384,1.77402,1.77453,1.00,1.50
2016.12.28 07:29:47.435,1.77396,1.77452,1.00,1.00
2016.12.28 07:29:47.886,1.77395,1.77447,1.00,1.00
2016.12.28 07:29:47.937,1.7739,1.77448,1.12,1.50
2016.12.28 07:29:48.038,1.77389,1.77445,1.00,1.00
2016.12.28 07:29:48.451,1.77392,1.77446,1.00,1.00
2016.12.28 07:29:48.610,1.7739,1.77446,1.00,1.00
2016.12.28 07:29:49.106,1.77386,1.77444,1.00,1.00
2016.12.28 07:29:49.157,1.77386,1.77442,1.00,1.00
2016.12.28 07:29:49.409,1.77381,1.77439,1.00,1.87
2016.12.28 07:29:49.510,1.77383,1.77439,1.00,1.00
2016.12.28 07:29:49.762,1.77383,1.77441,1.00,1.00
2016.12.28 07:29:50.250,1.77384,1.77439,1.00,1.00
2016.12.28 07:29:50.356,1.77381,1.77438,1.00,1.00
2016.12.28 07:29:50.457,1.77379,1.77435,1.00,1.00
2016.12.28 07:29:50.680,1.77376,1.77434,1.50,1.00
2016.12.28 07:29:51.184,1.77377,1.77435,1.00,1.00
2016.12.28 07:29:51.314,1.77379,1.77434,1.00,1.00
2016.12.28 07:29:51.465,1.77377,1.77435,1.00,1.12
2016.12.28 07:29:52.352,1.77378,1.77433,1.00,1.00
2016.12.28 07:29:53.373,1.77378,1.77436,1.00,1.00
2016.12.28 07:29:54.056,1.77377,1.77435,1.00,1.00
2016.12.28 07:29:55.337,1.77377,1.77433,1.00,1.00
2016.12.28 07:29:55.498,1.77377,1.77435,1.00,1.00
2016.12.28 07:29:57.372,1.77379,1.77434,1.00,1.00
2016.12.28 07:29:58.392,1.77381,1.77434,1.00,1.00
2016.12.28 07:29:59.275,1.77379,1.77434,1.00,1.00
2016.12.28 07:29:59.660,1.77377,1.77434,1.00,1.12
2016.12.28 07:29:59.711,1.77376,1.77432,1.00,1.00
2016.12.28 07:29:59.812,1.77374,1.77432,1.12,1.00
2016.12.28 07:30:00.115,1.77373,1.77429,1.00,1.00
2016.12.28 07:30:00.507,1.7737,1.77426,1.00,1.00
2016.12.28 07:30:00.608,1.77371,1.77428,1.00,1.50
2016.12.28 07:30:00.659,1.77374,1.7743,1.00,1.12
2016.12.28 07:30:00.760,1.77374,1.77432,1.00,1.00
2016.12.28 07:30:00.811,1.77378,1.77434,1.00,1.00
2016.12.28 07:30:00.962,1.7738,1.77437,1.00,1.50
2016.12.28 07:30:01.285,1.7738,1.77435,1.00,1.00
2016.12.28 07:30:01.386,1.77378,1.77435,1.87,1.00
2016.12.28 07:30:01.437,1.7738,1.77435,1.00,1.00
2016.12.28 07:30:01.739,1.77385,1.77442,1.00,1.50
2016.12.28 07:30:05.164,1.77385,1.77442,1.00,1.87
2016.12.28 07:30:05.611,1.77393,1.7744,1.00,1.00
2016.12.28 07:30:05.661,1.77393,1.77447,1.00,1.00
2016.12.28 07:30:05.863,1.77389,1.77447,1.50,1.00
2016.12.28 07:30:05.914,1.77389,1.77444,1.00,1.00
2016.12.28 07:30:05.964,1.77387,1.77444,1.50,1.50
2016.12.28 07:30:06.066,1.77386,1.77442,1.00,1.00
2016.12.28 07:30:06.605,1.77386,1.77441,1.00,1.00
2016.12.28 07:30:06.983,1.77387,1.77443,1.00,1.00
2016.12.28 07:30:07.034,1.77385,1.77443,1.00,1.00
2016.12.28 07:30:07.602,1.77386,1.77444,1.00,1.50
2016.12.28 07:30:09.132,1.77385,1.77443,1.00,1.00
2016.12.28 07:30:09.676,1.77387,1.77443,1.00,1.00
2016.12.28 07:30:10.535,1.77388,1.77443,1.00,1.00
2016.12.28 07:30:10.586,1.77386,1.77444,1.00,1.50
2016.12.28 07:30:11.149,1.77386,1.77442,1.00,1.00
2016.12.28 07:30:11.496,1.77388,1.77443,1.00,1.00
2016.12.28 07:30:12.887,1.77388,1.77444,1.00,1.50
2016.12.28 07:30:12.938,1.77385,1.77443,1.00,1.00
2016.12.28 07:30:12.988,1.77387,1.77442,1.00,1.00
2016.12.28 07:30:13.720,1.77387,1.77443,1.00,1.00
2016.12.28 07:30:14.978,1.77386,1.77442,1.00,1.00
2016.12.28 07:30:16.256,1.77387,1.77442,1.00,1.00
2016.12.28 07:30:16.578,1.77386,1.77444,1.00,1.50
2016.12.28 07:30:16.629,1.77386,1.77442,1.00,1.00
2016.12.28 07:30:18.088,1.77387,1.77443,1.00,1.00
2016.12.28 07:30:18.875,1.77389,1.77444,1.00,1.50
2016.12.28 07:30:18.926,1.77387,1.77444,1.00,1.00
2016.12.28 07:30:19.446,1.77388,1.77444,1.00,1.00
2016.12.28 07:30:22.691,1.77387,1.77441,1.00,1.00
2016.12.28 07:30:23.463,1.77387,1.77442,1.00,1.00
2016.12.28 07:30:24.553,1.77388,1.77443,1.00,1.12
2016.12.28 07:30:25.054,1.77387,1.77443,1.00,1.87
2016.12.28 07:30:28.987,1.77386,1.77444,1.00,1.37
2016.12.28 07:30:29.808,1.77387,1.77445,1.00,1.87
2016.12.28 07:30:32.588,1.77386,1.77444,1.00,1.00
2016.12.28 07:30:33.447,1.77387,1.77443,1.00,1.00
2016.12.28 07:30:34.536,1.77388,1.77444,1.00,1.00
2016.12.28 07:30:35.424,1.77387,1.77444,1.00,1.00
2016.12.28 07:30:36.222,1.77387,1.77444,1.00,1.37
2016.12.28 07:30:37.372,1.77387,1.77444,1.00,1.50
2016.12.28 07:30:39.005,1.77382,1.77435,1.00,1.00
2016.12.28 07:30:39.225,1.77383,1.77438,1.00,1.00
2016.12.28 07:30:39.337,1.77386,1.77441,1.00,1.37
2016.12.28 07:30:39.387,1.77386,1.77444,1.00,1.87
2016.12.28 07:30:39.978,1.77386,1.77444,1.00,1.50
2016.12.28 07:30:40.409,1.77385,1.77441,1.00,1.00
2016.12.28 07:30:42.537,1.77385,1.77442,1.00,1.12
2016.12.28 07:30:42.846,1.77392,1.77444,1.00,1.00
2016.12.28 07:30:42.897,1.77392,1.77448,1.00,1.12
2016.12.28 07:30:43.358,1.7739,1.77447,1.00,1.00
2016.12.28 07:30:43.409,1.77389,1.77445,1.50,1.00
2016.12.28 07:30:43.560,1.77386,1.77444,1.00,1.00
2016.12.28 07:30:44.151,1.77385,1.77444,1.00,1.00
2016.12.28 07:30:44.434,1.77384,1.77442,1.00,1.00
2016.12.28 07:30:44.740,1.77381,1.77437,1.00,1.00
2016.12.28 07:30:44.841,1.7738,1.77439,1.00,1.00
2016.12.28 07:30:45.348,1.77381,1.77439,1.00,1.12
2016.12.28 07:30:45.472,1.77381,1.77437,1.00,1.00
2016.12.28 07:30:46.791,1.7738,1.77436,1.00,1.00
2016.12.28 07:30:47.308,1.77378,1.77436,1.00,1.00
2016.12.28 07:30:48.535,1.7738,1.77436,1.00,1.00
2016.12.28 07:30:49.162,1.77379,1.77436,1.00,1.00
2016.12.28 07:30:52.588,1.7738,1.77436,1.00,1.00
2016.12.28 07:30:52.638,1.77378,1.77437,1.00,1.00
2016.12.28 07:30:53.439,1.77378,1.77436,1.00,1.00
2016.12.28 07:30:54.458,1.77379,1.77436,1.00,1.50
2016.12.28 07:30:55.098,1.7738,1.77436,1.00,1.50
2016.12.28 07:30:57.045,1.77378,1.77436,1.00,1.50
2016.12.28 07:30:58.604,1.77379,1.77436,1.00,1.00
2016.12.28 07:30:59.180,1.77378,1.77437,1.00,1.00
2016.12.28 07:31:00.487,1.77377,1.77436,1.50,1.00
2016.12.28 07:31:00.537,1.77377,1.77426,1.00,1.00
2016.12.28 07:31:00.588,1.77373,1.77427,1.12,1.37
2016.12.28 07:31:00.639,1.7737,1.77424,1.37,1.00
2016.12.28 07:31:00.740,1.77371,1.77428,1.50,1.87
2016.12.28 07:31:00.891,1.77369,1.77428,1.00,1.00
2016.12.28 07:31:00.942,1.77371,1.77428,1.00,1.00
2016.12.28 07:31:01.575,1.77371,1.77427,1.00,1.00
2016.12.28 07:31:01.643,1.77369,1.77428,1.00,1.50
2016.12.28 07:31:02.150,1.77368,1.77427,1.00,1.00
2016.12.28 07:31:03.112,1.77368,1.77426,1.00,1.00
2016.12.28 07:31:03.330,1.77366,1.77425,1.00,1.00
2016.12.28 07:31:03.431,1.77368,1.77425,1.00,1.00
2016.12.28 07:31:03.817,1.77366,1.77425,1.00,1.00
2016.12.28 07:31:04.380,1.77366,1.77423,1.00,1.00
2016.12.28 07:31:04.431,1.77366,1.77425,1.00,1.00
2016.12.28 07:31:04.630,1.77372,1.77425,1.00,1.00
2016.12.28 07:31:04.865,1.77366,1.77425,1.00,1.00
2016.12.28 07:31:06.734,1.77366,1.77423,1.00,1.00
2016.12.28 07:31:07.049,1.77363,1.77424,1.50,1.00
2016.12.28 07:31:07.100,1.77363,1.77422,1.50,1.00
2016.12.28 07:31:07.430,1.77365,1.77422,1.00,1.00
2016.12.28 07:31:08.690,1.77365,1.77424,1.00,1.00
2016.12.28 07:31:08.962,1.77363,1.77419,1.00,1.00
2016.12.28 07:31:09.215,1.77348,1.77407,1.12,1.50
2016.12.28 07:31:11.244,1.77351,1.77407,1.00,1.00
2016.12.28 07:31:12.546,1.77351,1.77408,1.00,1.00
2016.12.28 07:31:12.942,1.77351,1.77406,1.00,1.00
2016.12.28 07:31:13.755,1.77348,1.77406,1.00,1.00
2016.12.28 07:31:13.856,1.77352,1.77405,1.00,1.00
2016.12.28 07:31:14.535,1.77352,1.77408,1.00,1.00
2016.12.28 07:31:14.687,1.77352,1.77405,1.00,1.00
2016.12.28 07:31:15.426,1.77348,1.77405,1.00,1.00
2016.12.28 07:31:16.460,1.77345,1.77402,1.50,1.00
2016.12.28 07:31:16.561,1.77342,1.77401,1.00,1.00
2016.12.28 07:31:16.662,1.77342,1.77399,1.00,1.00
2016.12.28 07:31:17.161,1.77341,1.77397,1.50,1.00
2016.12.28 07:31:17.515,1.77342,1.77399,1.00,1.50
2016.12.28 07:31:17.772,1.77344,1.774,1.00,1.00
2016.12.28 07:31:18.295,1.77344,1.77401,1.00,1.00
2016.12.28 07:31:20.229,1.77343,1.774,1.00,1.00
2016.12.28 07:31:20.734,1.77342,1.77401,1.00,1.00
2016.12.28 07:31:21.909,1.77343,1.77402,1.00,1.00
2016.12.28 07:31:23.547,1.77343,1.774,1.00,1.00
2016.12.28 07:31:26.388,1.77341,1.77395,1.00,1.00
2016.12.28 07:31:26.741,1.77336,1.77388,1.50,1.00
2016.12.28 07:31:29.198,1.77341,1.77395,1.00,1.00
2016.12.28 07:31:29.299,1.77339,1.77397,1.00,1.00
2016.12.28 07:31:29.408,1.77337,1.77395,1.50,1.00
2016.12.28 07:31:30.639,1.77337,1.77396,1.00,1.00
2016.12.28 07:31:33.255,1.77348,1.77398,1.00,1.00
2016.12.28 07:31:33.307,1.77344,1.77398,1.00,1.00
2016.12.28 07:31:33.462,1.77346,1.77401,1.00,1.00
2016.12.28 07:31:33.514,1.77349,1.77398,1.00,1.00
2016.12.28 07:31:33.615,1.77347,1.77404,1.00,1.00
2016.12.28 07:31:33.766,1.77342,1.774,1.00,1.00
2016.12.28 07:31:34.069,1.77341,1.77397,1.00,1.00
2016.12.28 07:31:34.170,1.77337,1.77395,1.12,1.00
2016.12.28 07:31:35.059,1.77337,1.77394,1.00,1.00
2016.12.28 07:31:35.109,1.77332,1.77389,1.00,1.00
2016.12.28 07:31:35.643,1.77332,1.77388,1.50,1.00
2016.12.28 07:31:36.056,1.77334,1.77388,1.00,1.00
2016.12.28 07:31:36.107,1.77332,1.77387,1.00,1.00
2016.12.28 07:31:36.208,1.77334,1.77388,1.00,1.00
2016.12.28 07:31:36.715,1.77334,1.77389,1.00,1.00
2016.12.28 07:31:37.542,1.77335,1.77389,1.00,1.00
2016.12.28 07:31:37.953,1.77337,1.77389,1.00,1.00
2016.12.28 07:31:38.408,1.77341,1.77395,1.00,1.00
2016.12.28 07:31:38.958,1.77341,1.77394,1.00,1.00
2016.12.28 07:31:39.162,1.77341,1.77396,1.00,1.00
2016.12.28 07:31:39.573,1.7734,1.77388,1.00,1.00
2016.12.28 07:31:39.725,1.77335,1.77388,1.00,1.00
2016.12.28 07:31:43.901,1.77336,1.77388,1.00,1.00
2016.12.28 07:31:44.896,1.77336,1.77389,1.00,1.00
2016.12.28 07:31:46.385,1.77337,1.77389,1.00,1.00
2016.12.28 07:31:47.063,1.77331,1.77389,1.12,1.00
2016.12.28 07:31:47.114,1.77335,1.77389,1.00,1.00
2016.12.28 07:31:47.415,1.77339,1.77389,1.00,1.00
2016.12.28 07:31:47.537,1.77341,1.77397,1.00,1.00
2016.12.28 07:31:49.180,1.77342,1.77398,1.00,1.00
2016.12.28 07:31:49.432,1.77343,1.77401,1.00,1.00
2016.12.28 07:31:50.246,1.77343,1.77398,1.00,1.00
2016.12.28 07:31:50.549,1.77358,1.77409,1.50,1.00
2016.12.28 07:31:50.656,1.77356,1.77409,1.00,1.00
2016.12.28 07:31:50.757,1.77354,1.77409,2.62,1.00
2016.12.28 07:31:51.156,1.77356,1.77409,1.00,1.00
2016.12.28 07:31:51.718,1.77356,1.77408,1.00,1.00
2016.12.28 07:31:52.511,1.77356,1.77409,1.00,1.00
2016.12.28 07:31:56.349,1.77354,1.77409,1.87,1.00
2016.12.28 07:31:56.882,1.77353,1.77409,1.00,1.50
2016.12.28 07:31:57.419,1.77356,1.77409,1.00,1.00
2016.12.28 07:31:58.317,1.77352,1.77409,1.50,1.50
2016.12.28 07:31:58.441,1.77351,1.77407,1.00,1.00
2016.12.28 07:31:58.710,1.77349,1.77407,1.00,1.00
2016.12.28 07:31:58.811,1.77354,1.77409,1.00,1.50
2016.12.28 07:31:59.114,1.77356,1.77409,1.00,1.50
2016.12.28 07:31:59.366,1.77354,1.77409,1.00,1.00
2016.12.28 07:31:59.947,1.77353,1.77409,1.00,1.00
2016.12.28 07:32:00.517,1.77353,1.77408,1.00,1.00
2016.12.28 07:32:01.038,1.77354,1.77408,1.00,1.00
2016.12.28 07:32:01.369,1.77356,1.77408,1.00,1.00
2016.12.28 07:32:01.957,1.77357,1.77409,1.00,1.00
2016.12.28 07:32:02.867,1.77356,1.77409,1.00,1.00
2016.12.28 07:32:03.069,1.77351,1.77409,1.50,1.50
2016.12.28 07:32:03.120,1.77354,1.77408,1.00,1.00
2016.12.28 07:32:03.441,1.77356,1.77409,1.00,1.00
2016.12.28 07:32:03.971,1.77356,1.77408,1.00,1.00
2016.12.28 07:32:04.855,1.77351,1.77399,1.00,1.00
2016.12.28 07:32:04.906,1.77351,1.77404,1.50,1.00
2016.12.28 07:32:04.957,1.77347,1.77399,1.00,1.00
2016.12.28 07:32:05.308,1.77351,1.77405,1.00,1.00
2016.12.28 07:32:06.432,1.77349,1.77398,1.00,1.00
2016.12.28 07:32:06.608,1.77352,1.77405,1.00,1.00
2016.12.28 07:32:08.551,1.77349,1.77398,1.00,1.00
2016.12.28 07:32:09.300,1.77352,1.77405,1.00,1.00
2016.12.28 07:32:15.887,1.77349,1.77398,1.00,1.00
2016.12.28 07:32:18.309,1.77352,1.77405,1.00,1.00
2016.12.28 07:32:22.877,1.77352,1.77407,1.00,1.00
2016.12.28 07:32:22.928,1.77349,1.77399,1.00,1.00
2016.12.28 07:32:24.416,1.77349,1.77407,1.00,1.00
2016.12.28 07:32:24.568,1.77347,1.77405,1.00,1.00
2016.12.28 07:32:26.645,1.77347,1.77399,1.00,1.00
2016.12.28 07:32:27.101,1.77347,1.77405,1.00,1.00
2016.12.28 07:32:30.556,1.77346,1.77398,1.00,1.00
2016.12.28 07:32:30.657,1.77343,1.77398,1.00,1.00
2016.12.28 07:32:30.708,1.77341,1.77398,1.50,1.00
2016.12.28 07:32:30.759,1.77343,1.77398,1.00,1.00
2016.12.28 07:32:31.345,1.77344,1.77399,1.00,1.00
2016.12.28 07:32:33.055,1.77345,1.77401,1.00,1.00
2016.12.28 07:32:33.106,1.77347,1.77403,1.00,1.50
2016.12.28 07:32:33.359,1.77338,1.77396,1.12,1.00
2016.12.28 07:32:33.460,1.77337,1.77393,1.87,1.00
2016.12.28 07:32:33.961,1.77337,1.77393,1.50,1.00
2016.12.28 07:32:34.468,1.77338,1.77394,1.00,1.00
2016.12.28 07:32:37.934,1.7734,1.77396,1.00,1.00
2016.12.28 07:32:38.585,1.77341,1.77398,1.00,2.62
2016.12.28 07:32:41.087,1.7734,1.77398,1.00,3.37
2016.12.28 07:32:41.649,1.7734,1.77396,1.00,1.00
2016.12.28 07:32:42.248,1.7734,1.77395,1.00,1.00
2016.12.28 07:32:42.618,1.77336,1.77394,1.00,1.00
2016.12.28 07:32:42.719,1.77336,1.77388,1.00,1.00
2016.12.28 07:32:44.289,1.77337,1.77388,1.00,1.00
2016.12.28 07:32:44.590,1.77337,1.77392,1.00,1.00
2016.12.28 07:32:45.256,1.7734,1.77392,1.00,1.00
2016.12.28 07:32:45.307,1.7734,1.77395,1.00,1.00
2016.12.28 07:32:45.408,1.7734,1.77398,1.00,2.62
2016.12.28 07:32:46.250,1.7734,1.77398,1.00,1.50
2016.12.28 07:32:46.351,1.77338,1.77396,1.00,1.00
2016.12.28 07:32:47.168,1.77338,1.77395,1.00,1.00
2016.12.28 07:32:49.953,1.77332,1.77386,1.50,1.00
2016.12.28 07:32:50.004,1.77332,1.77388,1.50,1.00
2016.12.28 07:32:50.155,1.77334,1.77386,1.12,1.00
2016.12.28 07:32:51.164,1.77335,1.77386,1.00,1.00
2016.12.28 07:32:52.020,1.77335,1.77387,1.00,1.00
2016.12.28 07:32:53.109,1.77336,1.77387,1.00,1.00
2016.12.28 07:32:53.619,1.77335,1.77387,1.00,1.00
2016.12.28 07:32:54.301,1.77336,1.77387,1.00,1.00
2016.12.28 07:32:55.158,1.77336,1.77385,1.00,1.00
2016.12.28 07:32:56.073,1.77336,1.77387,1.00,1.00
2016.12.28 07:32:57.256,1.77336,1.77386,1.00,1.00
2016.12.28 07:33:00.516,1.7733,1.77369,1.00,1.00
2016.12.28 07:33:00.667,1.77321,1.77368,1.75,1.00
2016.12.28 07:33:00.768,1.77321,1.77368,1.00,1.00
2016.12.28 07:33:00.819,1.77326,1.77368,1.00,1.00
2016.12.28 07:33:01.905,1.7732,1.77363,1.00,1.00
2016.12.28 07:33:02.006,1.77321,1.7737,1.00,1.00
2016.12.28 07:33:02.158,1.77323,1.77368,1.00,1.00
2016.12.28 07:33:03.308,1.77324,1.77371,1.00,1.00
2016.12.28 07:33:03.459,1.77321,1.77371,1.37,1.00
2016.12.28 07:33:03.510,1.77321,1.77374,1.37,1.00
2016.12.28 07:33:03.588,1.77324,1.77374,1.00,1.00
2016.12.28 07:33:03.914,1.77321,1.77371,1.00,1.00
2016.12.28 07:33:04.433,1.77322,1.77372,1.00,1.00
2016.12.28 07:33:05.099,1.77322,1.77373,1.00,1.00
2016.12.28 07:33:05.878,1.77321,1.77372,1.12,1.00
2016.12.28 07:33:06.791,1.77321,1.77371,1.12,1.00
2016.12.28 07:33:07.142,1.77322,1.77367,1.00,1.00
2016.12.28 07:33:07.192,1.77322,1.7737,1.00,1.00
2016.12.28 07:33:07.326,1.7732,1.7737,1.00,1.00
2016.12.28 07:33:07.438,1.77322,1.7737,1.00,1.00
2016.12.28 07:33:07.743,1.7731,1.77356,1.75,1.00
2016.12.28 07:33:07.844,1.77309,1.77354,1.00,1.00
2016.12.28 07:33:07.945,1.77302,1.77354,1.00,1.00
2016.12.28 07:33:08.619,1.77301,1.77355,1.00,1.00
2016.12.28 07:33:09.363,1.77301,1.77356,1.00,1.00
2016.12.28 07:33:09.464,1.77301,1.77354,1.00,1.00
2016.12.28 07:33:09.812,1.77283,1.7733,1.37,1.00
2016.12.28 07:33:09.863,1.77282,1.7733,1.00,1.00
2016.12.28 07:33:10.416,1.77292,1.7733,1.00,1.00
2016.12.28 07:33:10.517,1.77292,1.7734,1.00,1.00
2016.12.28 07:33:10.568,1.77301,1.77343,1.00,1.00
2016.12.28 07:33:10.670,1.77301,1.77346,1.00,1.00
2016.12.28 07:33:10.771,1.77301,1.7735,1.00,1.00
2016.12.28 07:33:10.822,1.77301,1.77348,1.00,1.00
2016.12.28 07:33:12.214,1.77301,1.77349,1.00,1.00
2016.12.28 07:33:12.316,1.77296,1.77349,1.00,1.50
2016.12.28 07:33:12.366,1.77296,1.77347,1.00,1.00
2016.12.28 07:33:12.669,1.77291,1.77338,1.00,1.00
2016.12.28 07:33:12.720,1.77292,1.77341,1.00,1.00
2016.12.28 07:33:13.104,1.77292,1.77343,1.00,1.00
2016.12.28 07:33:13.404,1.77292,1.77346,1.00,1.00
2016.12.28 07:33:13.777,1.77292,1.77339,1.00,1.00
2016.12.28 07:33:13.827,1.77285,1.77339,1.00,1.00
2016.12.28 07:33:13.999,1.77282,1.77333,1.12,1.00
2016.12.28 07:33:15.730,1.77282,1.77339,1.87,1.00
2016.12.28 07:33:15.781,1.77282,1.77339,1.87,1.00
2016.12.28 07:33:16.126,1.77288,1.77343,1.12,1.00
2016.12.28 07:33:16.475,1.7729,1.77341,1.00,1.00
2016.12.28 07:33:16.576,1.77288,1.77341,1.00,1.00
2016.12.28 07:33:17.046,1.77291,1.77341,1.00,1.00
2016.12.28 07:33:17.629,1.77296,1.77348,1.00,1.00
2016.12.28 07:33:17.730,1.77299,1.7735,1.00,1.00
2016.12.28 07:33:17.781,1.77299,1.77352,1.00,1.00
2016.12.28 07:33:18.083,1.77299,1.7735,1.00,1.00
2016.12.28 07:33:18.350,1.77297,1.77351,1.00,1.00
2016.12.28 07:33:18.631,1.773,1.77351,1.00,1.00
2016.12.28 07:33:19.180,1.773,1.7735,1.00,1.00
2016.12.28 07:33:19.482,1.77296,1.77344,1.00,1.00
2016.12.28 07:33:19.739,1.77294,1.77345,1.00,1.00
2016.12.28 07:33:20.030,1.77294,1.77347,1.00,1.00
2016.12.28 07:33:20.131,1.77294,1.77349,1.50,1.00
2016.12.28 07:33:20.632,1.77294,1.77348,1.00,1.50
2016.12.28 07:33:20.733,1.7729,1.77348,1.87,1.50
2016.12.28 07:33:20.834,1.77292,1.77346,1.00,1.00
2016.12.28 07:33:21.036,1.77292,1.7735,1.50,1.00
2016.12.28 07:33:21.087,1.77295,1.7735,1.00,1.00
2016.12.28 07:33:21.246,1.77291,1.77348,1.00,1.00
2016.12.28 07:33:21.297,1.77291,1.77342,1.00,1.00
2016.12.28 07:33:21.709,1.77287,1.77339,2.25,1.00
2016.12.28 07:33:24.275,1.77291,1.77342,1.00,1.00
2016.12.28 07:33:24.480,1.77291,1.77344,1.00,1.00
2016.12.28 07:33:24.831,1.77291,1.77342,1.00,1.00
2016.12.28 07:33:26.817,1.77291,1.77343,1.00,1.00
2016.12.28 07:33:28.223,1.77291,1.77344,1.00,1.00
2016.12.28 07:33:28.565,1.77292,1.7734,1.00,1.00
2016.12.28 07:33:28.717,1.77292,1.77343,1.00,1.00
2016.12.28 07:33:29.160,1.77291,1.77346,1.00,1.00
2016.12.28 07:33:29.530,1.77301,1.77348,1.00,1.00
2016.12.28 07:33:30.075,1.77302,1.77347,1.00,1.00
2016.12.28 07:33:30.409,1.77291,1.77347,1.50,1.00
2016.12.28 07:33:30.617,1.77301,1.77347,1.00,1.00
2016.12.28 07:33:31.009,1.77301,1.77349,1.00,1.00
2016.12.28 07:33:31.218,1.77293,1.77349,1.00,1.50
2016.12.28 07:33:31.575,1.77302,1.77349,1.00,1.00
2016.12.28 07:33:34.606,1.77294,1.77349,1.00,1.50
2016.12.28 07:33:35.168,1.77294,1.77348,1.50,1.00
2016.12.28 07:33:35.575,1.77301,1.77349,1.00,1.00
2016.12.28 07:33:36.623,1.77301,1.7735,1.00,1.00
2016.12.28 07:33:37.574,1.77302,1.7735,1.00,1.00
2016.12.28 07:33:38.605,1.77302,1.77351,1.00,1.00
2016.12.28 07:33:38.656,1.77294,1.77348,1.00,1.00
2016.12.28 07:33:38.707,1.77292,1.77348,1.50,1.50
2016.12.28 07:33:38.757,1.77292,1.77346,1.50,1.00
2016.12.28 07:33:39.060,1.77291,1.77344,1.00,1.00
2016.12.28 07:33:39.821,1.77291,1.77346,1.00,1.00
2016.12.28 07:33:40.667,1.77291,1.77345,1.00,1.00
2016.12.28 07:33:40.718,1.77291,1.77347,1.00,1.00
2016.12.28 07:33:42.709,1.77291,1.77348,1.00,1.00
2016.12.28 07:33:44.680,1.77292,1.77348,1.00,1.50
2016.12.28 07:33:46.409,1.77292,1.77347,1.00,1.00
2016.12.28 07:33:46.709,1.77292,1.77345,1.00,1.00
2016.12.28 07:33:47.262,1.77292,1.77346,1.50,1.00
2016.12.28 07:33:48.904,1.77292,1.77345,1.00,1.00
2016.12.28 07:33:49.005,1.77287,1.77344,1.37,1.00
2016.12.28 07:33:49.056,1.77287,1.77343,1.00,1.00
2016.12.28 07:33:49.606,1.77287,1.77344,1.00,1.00
2016.12.28 07:33:50.469,1.77287,1.77345,1.50,1.00
2016.12.28 07:33:50.709,1.77289,1.77345,1.00,1.00
2016.12.28 07:33:53.078,1.77288,1.77344,1.00,1.00
2016.12.28 07:33:53.405,1.77288,1.77346,1.00,1.00
2016.12.28 07:33:53.506,1.77292,1.77347,1.00,1.00
2016.12.28 07:33:53.556,1.77289,1.77347,1.00,1.00
2016.12.28 07:33:53.758,1.77292,1.77348,1.00,1.00
2016.12.28 07:33:54.069,1.77294,1.7735,1.50,1.00
2016.12.28 07:33:54.748,1.77293,1.77349,1.00,1.00
2016.12.28 07:33:58.938,1.77292,1.77349,1.00,1.00
2016.12.28 07:33:59.139,1.77288,1.77346,1.12,1.00
2016.12.28 07:33:59.711,1.77288,1.77346,1.87,1.00
2016.12.28 07:34:00.557,1.77289,1.77345,1.00,1.00
2016.12.28 07:34:00.608,1.77291,1.77345,1.00,1.00
2016.12.28 07:34:01.158,1.77291,1.77344,1.00,1.00
2016.12.28 07:34:01.411,1.77286,1.77343,1.12,1.00
2016.12.28 07:34:01.512,1.77286,1.77341,1.12,1.00
2016.12.28 07:34:01.663,1.77283,1.77342,1.50,1.00
2016.12.28 07:34:01.714,1.77283,1.77339,1.50,1.50
2016.12.28 07:34:01.948,1.77278,1.77336,1.50,1.00
2016.12.28 07:34:02.149,1.77278,1.77334,1.00,1.00
2016.12.28 07:34:02.352,1.77276,1.77334,1.00,1.00
2016.12.28 07:34:02.921,1.77277,1.77334,1.00,1.00
2016.12.28 07:34:06.007,1.77278,1.77334,1.00,1.00
2016.12.28 07:34:07.523,1.77276,1.77334,1.00,1.00
2016.12.28 07:34:08.554,1.77275,1.77334,1.00,1.00
2016.12.28 07:34:10.559,1.77276,1.77334,1.00,1.00
2016.12.28 07:34:10.609,1.77281,1.77336,1.00,1.00
2016.12.28 07:34:10.660,1.77282,1.77339,1.00,1.00
2016.12.28 07:34:10.711,1.77285,1.7734,1.37,1.00
2016.12.28 07:34:10.913,1.77297,1.77356,1.50,1.00
2016.12.28 07:34:10.964,1.77299,1.77356,1.00,1.00
2016.12.28 07:34:11.288,1.77302,1.77354,1.00,1.00
2016.12.28 07:34:12.682,1.77298,1.77354,1.37,1.00
2016.12.28 07:34:12.783,1.77298,1.77357,1.87,1.00
2016.12.28 07:34:12.884,1.77302,1.77354,1.00,1.00
2016.12.28 07:34:13.036,1.77296,1.77351,1.00,1.00
2016.12.28 07:34:13.277,1.77295,1.77354,1.87,1.00
2016.12.28 07:34:13.427,1.77298,1.77354,1.00,1.00
2016.12.28 07:34:13.993,1.77299,1.77353,1.00,1.00
2016.12.28 07:34:14.043,1.77299,1.77356,1.37,1.00
2016.12.28 07:34:14.094,1.77302,1.77354,1.12,1.00
2016.12.28 07:34:14.396,1.77301,1.77352,1.12,1.00
2016.12.28 07:34:14.497,1.773,1.77357,1.37,1.00
2016.12.28 07:34:15.112,1.773,1.77357,1.37,1.00
2016.12.28 07:34:15.162,1.77303,1.77359,1.12,1.00
2016.12.28 07:34:15.213,1.77301,1.77353,1.00,1.00
2016.12.28 07:34:15.314,1.77296,1.77352,1.37,1.00
2016.12.28 07:34:15.365,1.77295,1.77354,2.25,1.00
2016.12.28 07:34:15.637,1.773,1.77357,1.00,1.00
2016.12.28 07:34:16.748,1.773,1.77357,1.87,1.00
2016.12.28 07:34:17.029,1.773,1.77356,1.37,1.00
2016.12.28 07:34:17.159,1.77298,1.77356,1.37,1.00
2016.12.28 07:34:17.357,1.77298,1.77356,1.37,1.00
2016.12.28 07:34:17.711,1.773,1.77356,1.37,1.00
2016.12.28 07:34:18.051,1.77302,1.77358,1.37,1.00
2016.12.28 07:34:18.433,1.77302,1.7736,1.87,1.00
2016.12.28 07:34:18.877,1.77302,1.77361,1.12,1.00
2016.12.28 07:34:18.978,1.77301,1.77359,1.12,1.00
2016.12.28 07:34:19.341,1.77306,1.77363,1.00,1.00
2016.12.28 07:34:19.392,1.77301,1.77359,1.12,1.00
2016.12.28 07:34:19.575,1.773,1.77358,1.37,1.00
2016.12.28 07:34:19.626,1.77302,1.77361,1.37,1.00
2016.12.28 07:34:19.739,1.77304,1.77362,1.37,1.00
2016.12.28 07:34:19.840,1.77308,1.77365,1.12,1.00
2016.12.28 07:34:19.907,1.77309,1.77366,1.37,1.50
2016.12.28 07:34:20.008,1.77311,1.77369,1.37,1.00
2016.12.28 07:34:20.310,1.77311,1.77368,1.37,1.00
2016.12.28 07:34:20.691,1.77313,1.7737,1.00,1.00
2016.12.28 07:34:21.318,1.77317,1.77375,1.00,1.00
2016.12.28 07:34:21.369,1.77319,1.77378,1.50,1.87
2016.12.28 07:34:21.420,1.77322,1.77378,1.00,1.12
2016.12.28 07:34:21.945,1.77322,1.77379,1.00,1.00
2016.12.28 07:34:22.496,1.77321,1.7738,1.00,1.00
2016.12.28 07:34:22.799,1.77323,1.77382,1.00,1.00
2016.12.28 07:34:23.360,1.77326,1.77383,1.00,1.00
2016.12.28 07:34:23.411,1.77321,1.77379,1.50,1.00
2016.12.28 07:34:23.512,1.77325,1.77383,1.00,1.50
2016.12.28 07:34:23.829,1.77327,1.77383,1.00,1.00
2016.12.28 07:34:23.981,1.77328,1.77386,1.00,1.00
2016.12.28 07:34:28.708,1.7733,1.77386,1.00,1.00
2016.12.28 07:34:28.758,1.7733,1.77388,1.00,1.00
2016.12.28 07:34:29.151,1.77332,1.77388,1.00,1.00
2016.12.28 07:34:29.971,1.77331,1.77388,1.00,1.00
2016.12.28 07:34:30.812,1.7733,1.77388,1.87,1.50
2016.12.28 07:34:31.821,1.77331,1.77388,1.00,1.00
2016.12.28 07:34:32.148,1.77331,1.77387,1.37,1.00
2016.12.28 07:34:32.397,1.77331,1.77387,1.50,1.00
2016.12.28 07:34:32.566,1.77329,1.77384,1.12,1.00
2016.12.28 07:34:32.941,1.77328,1.77378,1.00,1.00
2016.12.28 07:34:32.991,1.77323,1.77378,1.00,1.00
2016.12.28 07:34:33.042,1.77323,1.77375,1.00,1.00
2016.12.28 07:34:33.143,1.77319,1.77375,1.00,1.00
2016.12.28 07:34:33.194,1.77318,1.77373,1.00,1.00
2016.12.28 07:34:33.294,1.77315,1.77373,1.00,1.00
2016.12.28 07:34:35.020,1.77314,1.77372,1.87,1.00
2016.12.28 07:34:35.172,1.77313,1.77369,1.12,1.00
2016.12.28 07:34:35.273,1.77309,1.77367,1.87,1.00
2016.12.28 07:34:35.801,1.77309,1.77366,1.87,1.00
2016.12.28 07:34:35.902,1.77309,1.77364,1.87,1.00
2016.12.28 07:34:36.369,1.77307,1.77364,1.12,1.00
2016.12.28 07:34:38.964,1.77314,1.7737,1.00,1.00
2016.12.28 07:34:39.166,1.77316,1.77374,1.12,1.37
2016.12.28 07:34:39.217,1.77318,1.77374,1.37,1.37
2016.12.28 07:34:39.267,1.77318,1.77376,1.37,1.00
2016.12.28 07:34:39.368,1.77321,1.77378,1.37,1.00
2016.12.28 07:34:39.898,1.77322,1.77378,1.37,1.00
2016.12.28 07:34:40.419,1.77323,1.77378,1.37,1.00
2016.12.28 07:34:41.308,1.77323,1.77378,1.12,1.00
2016.12.28 07:34:42.408,1.77321,1.77378,1.87,1.00
2016.12.28 07:34:42.458,1.77319,1.77369,1.37,1.00
2016.12.28 07:34:42.559,1.77308,1.77363,1.50,1.00
2016.12.28 07:34:42.610,1.77308,1.77354,1.50,1.00
2016.12.28 07:34:42.661,1.77306,1.77358,1.75,1.00
2016.12.28 07:34:42.761,1.77306,1.77358,1.00,1.00
2016.12.28 07:34:42.863,1.77304,1.77358,1.12,1.00
2016.12.28 07:34:43.014,1.77302,1.77358,2.62,1.00
2016.12.28 07:34:43.559,1.77302,1.77359,1.12,1.00
2016.12.28 07:34:44.190,1.77302,1.77358,1.50,1.00
2016.12.28 07:34:45.155,1.77302,1.77357,1.00,1.00
2016.12.28 07:34:45.323,1.77297,1.77356,1.87,1.00
2016.12.28 07:34:45.424,1.77301,1.77357,1.00,1.00
2016.12.28 07:34:45.604,1.77299,1.77357,1.12,1.00
2016.12.28 07:34:46.495,1.77299,1.77355,1.12,1.00
2016.12.28 07:34:46.596,1.773,1.77358,1.00,1.50
2016.12.28 07:34:46.831,1.77295,1.77351,1.00,1.00
2016.12.28 07:34:47.153,1.77292,1.77349,1.87,1.00
2016.12.28 07:34:47.996,1.77292,1.77348,1.37,1.00
2016.12.28 07:34:48.047,1.77294,1.7735,1.12,1.00
2016.12.28 07:34:48.148,1.77298,1.77354,1.00,1.00
2016.12.28 07:34:48.623,1.77301,1.77354,1.00,1.00
2016.12.28 07:34:48.850,1.77296,1.77354,1.00,1.00
2016.12.28 07:34:49.058,1.77301,1.77354,1.00,1.00
2016.12.28 07:34:49.640,1.77301,1.77355,1.00,1.00
2016.12.28 07:34:49.781,1.77296,1.77355,1.00,1.00
2016.12.28 07:34:49.910,1.77301,1.77355,1.00,1.00
2016.12.28 07:34:50.353,1.77295,1.77353,1.00,1.00
2016.12.28 07:34:50.876,1.77295,1.77353,1.00,1.37
2016.12.28 07:34:51.434,1.77293,1.77351,1.12,1.00
2016.12.28 07:34:51.616,1.77294,1.77346,1.00,1.00
2016.12.28 07:34:52.010,1.77294,1.77344,1.00,1.00
2016.12.28 07:34:52.251,1.77288,1.77344,1.75,1.00
2016.12.28 07:34:52.302,1.77288,1.77344,1.00,1.00
2016.12.28 07:34:53.139,1.77287,1.77343,1.12,1.00
2016.12.28 07:34:53.756,1.77285,1.77341,1.37,1.00
2016.12.28 07:34:53.957,1.77284,1.77341,1.50,1.00
2016.12.28 07:34:55.350,1.77285,1.77342,1.00,1.00
2016.12.28 07:34:55.923,1.77284,1.77342,1.50,1.00
2016.12.28 07:34:56.799,1.77284,1.77343,1.50,1.00
2016.12.28 07:34:56.849,1.77286,1.77342,1.00,1.00
2016.12.28 07:34:56.900,1.77284,1.77342,1.00,1.00
2016.12.28 07:34:58.007,1.77286,1.77345,1.12,1.00
2016.12.28 07:34:58.058,1.77292,1.77345,1.00,1.00
2016.12.28 07:34:58.468,1.77291,1.77349,1.00,1.12
2016.12.28 07:34:59.114,1.77292,1.77348,1.00,1.00
2016.12.28 07:34:59.640,1.77291,1.77347,1.00,1.00
2016.12.28 07:35:00.386,1.77291,1.77349,1.50,1.00
2016.12.28 07:35:00.588,1.77291,1.7735,2.62,1.00
2016.12.28 07:35:00.890,1.77301,1.7735,1.00,1.00
2016.12.28 07:35:00.941,1.77291,1.7735,2.62,1.00
2016.12.28 07:35:01.076,1.77291,1.7735,1.87,1.00
2016.12.28 07:35:01.509,1.77291,1.77347,1.87,1.00
2016.12.28 07:35:01.776,1.77293,1.77349,1.00,1.00
2016.12.28 07:35:02.028,1.77296,1.77352,1.00,1.00
2016.12.28 07:35:02.130,1.77293,1.77351,1.12,1.00
2016.12.28 07:35:02.352,1.77293,1.77352,1.37,1.00
2016.12.28 07:35:02.554,1.77303,1.77361,1.00,1.50
2016.12.28 07:35:02.608,1.77306,1.77361,1.12,1.00
2016.12.28 07:35:02.929,1.7731,1.77364,1.37,1.00
2016.12.28 07:35:03.032,1.7731,1.77366,2.62,1.00
2016.12.28 07:35:03.288,1.7731,1.77366,1.50,1.00
2016.12.28 07:35:03.339,1.7731,1.7736,1.00,1.00
2016.12.28 07:35:03.440,1.77305,1.77359,1.00,1.00
2016.12.28 07:35:03.491,1.77301,1.77358,2.25,1.00
2016.12.28 07:35:03.591,1.77301,1.77359,1.12,1.00
2016.12.28 07:35:03.642,1.77303,1.77359,1.00,1.00
2016.12.28 07:35:03.693,1.77303,1.77361,1.00,1.50
2016.12.28 07:35:04.233,1.773,1.77359,1.00,1.00
2016.12.28 07:35:04.346,1.77302,1.77359,1.00,1.00
2016.12.28 07:35:04.447,1.773,1.77359,1.00,1.00
2016.12.28 07:35:04.505,1.77302,1.77359,1.00,1.00
2016.12.28 07:35:05.824,1.77302,1.77357,1.00,1.00
2016.12.28 07:35:06.053,1.77302,1.77359,1.50,1.00
2016.12.28 07:35:06.433,1.77302,1.77356,1.00,1.00
2016.12.28 07:35:07.109,1.77302,1.77353,1.00,1.00
2016.12.28 07:35:07.406,1.77297,1.77353,1.00,1.00
2016.12.28 07:35:07.457,1.77298,1.77356,1.00,1.00
2016.12.28 07:35:07.508,1.773,1.77357,1.00,1.00
2016.12.28 07:35:08.018,1.773,1.77357,1.37,1.00
2016.12.28 07:35:08.068,1.77303,1.77359,1.12,1.00
2016.12.28 07:35:08.570,1.77303,1.7736,1.00,1.00
2016.12.28 07:35:09.076,1.77303,1.77359,1.00,1.00
2016.12.28 07:35:09.616,1.77302,1.77359,1.00,1.00
2016.12.28 07:35:12.975,1.77301,1.77359,1.12,1.00
2016.12.28 07:35:13.026,1.77299,1.77356,1.37,1.00
2016.12.28 07:35:13.388,1.77307,1.77361,1.37,1.00
2016.12.28 07:35:13.502,1.77309,1.77368,1.37,1.37
2016.12.28 07:35:13.553,1.7731,1.77369,1.37,1.50
2016.12.28 07:35:13.755,1.77311,1.77369,1.37,1.00
2016.12.28 07:35:14.274,1.77311,1.77368,1.37,1.00
2016.12.28 07:35:14.779,1.77311,1.77367,1.37,1.00
2016.12.28 07:35:14.851,1.77311,1.77367,1.12,1.00
2016.12.28 07:35:15.249,1.7731,1.77369,1.87,1.00
2016.12.28 07:35:15.554,1.77311,1.77367,1.87,1.00
2016.12.28 07:35:15.863,1.77309,1.77365,1.37,1.00
2016.12.28 07:35:16.976,1.77308,1.77367,1.37,1.00
2016.12.28 07:35:17.491,1.77307,1.77366,1.87,1.00
2016.12.28 07:35:17.609,1.77307,1.77364,1.87,1.00
2016.12.28 07:35:17.710,1.77307,1.77362,1.12,1.00
2016.12.28 07:35:18.252,1.77306,1.77363,1.50,1.00
2016.12.28 07:35:18.324,1.77305,1.77357,1.37,1.00
2016.12.28 07:35:18.425,1.77304,1.77362,1.00,1.00
2016.12.28 07:35:18.476,1.77306,1.77363,1.00,1.00
2016.12.28 07:35:18.811,1.77307,1.77364,1.87,1.00
2016.12.28 07:35:20.059,1.77304,1.77357,1.00,1.00
2016.12.28 07:35:20.110,1.77302,1.77359,1.12,1.00
2016.12.28 07:35:20.749,1.77302,1.77359,1.37,1.00
2016.12.28 07:35:21.103,1.77301,1.77356,1.87,1.00
2016.12.28 07:35:21.793,1.77301,1.77355,1.50,1.00
2016.12.28 07:35:21.844,1.77297,1.77355,1.50,1.00
2016.12.28 07:35:22.029,1.77297,1.77353,1.00,1.00
2016.12.28 07:35:22.281,1.77292,1.77351,1.37,1.00
2016.12.28 07:35:22.332,1.77295,1.77351,1.37,1.00
2016.12.28 07:35:22.838,1.77296,1.7735,1.12,1.00
2016.12.28 07:35:22.889,1.77293,1.7735,1.00,1.00
2016.12.28 07:35:23.337,1.77295,1.77351,1.00,1.00
2016.12.28 07:35:23.751,1.77296,1.77352,1.87,1.00
2016.12.28 07:35:24.981,1.77291,1.77344,1.00,1.00
2016.12.28 07:35:25.234,1.77282,1.77337,1.00,1.00
2016.12.28 07:35:25.385,1.77282,1.77335,1.00,1.00
2016.12.28 07:35:25.436,1.77279,1.77336,1.12,1.00
2016.12.28 07:35:25.537,1.77281,1.77336,1.00,1.00
2016.12.28 07:35:26.039,1.77281,1.77337,1.00,1.00
2016.12.28 07:35:26.529,1.77281,1.77337,1.37,1.00
2016.12.28 07:35:27.013,1.77281,1.77338,1.00,1.00
2016.12.28 07:35:27.731,1.77281,1.77337,1.50,1.00
2016.12.28 07:35:27.782,1.77282,1.77339,1.87,1.00
2016.12.28 07:35:28.742,1.77282,1.77339,1.00,1.00
2016.12.28 07:35:29.641,1.77282,1.77337,1.00,1.00
2016.12.28 07:35:30.022,1.77282,1.77339,2.62,1.00
2016.12.28 07:35:32.036,1.77282,1.7734,2.62,1.00
2016.12.28 07:35:34.054,1.77284,1.7734,1.00,1.00
2016.12.28 07:35:34.619,1.77283,1.77341,1.00,1.00
2016.12.28 07:35:36.287,1.77284,1.77343,1.00,1.00
2016.12.28 07:35:36.337,1.77284,1.7734,1.00,1.00
2016.12.28 07:35:37.035,1.77285,1.77342,1.00,1.00
2016.12.28 07:35:37.451,1.77283,1.77339,1.00,1.00
2016.12.28 07:35:37.989,1.77285,1.77341,1.00,1.00
2016.12.28 07:35:38.277,1.77296,1.77354,1.12,1.00
2016.12.28 07:35:38.328,1.77298,1.77354,1.87,1.00
2016.12.28 07:35:38.580,1.77312,1.77368,1.00,1.00
2016.12.28 07:35:38.681,1.77309,1.77367,1.00,1.00
2016.12.28 07:35:38.832,1.77306,1.77364,1.50,1.00
2016.12.28 07:35:39.135,1.77299,1.77356,1.00,1.00
2016.12.28 07:35:39.489,1.77299,1.77358,1.00,1.00
2016.12.28 07:35:40.035,1.773,1.77358,1.50,1.00
2016.12.28 07:35:40.806,1.77299,1.77358,1.50,1.00
2016.12.28 07:35:41.124,1.77299,1.77353,1.00,1.00
2016.12.28 07:35:41.426,1.77295,1.77354,1.00,1.00
2016.12.28 07:35:41.621,1.77297,1.77353,1.00,1.00
2016.12.28 07:35:42.187,1.77295,1.77353,1.00,1.00
2016.12.28 07:35:42.288,1.77296,1.77349,1.00,1.00
2016.12.28 07:35:42.370,1.77293,1.77349,1.00,1.00
2016.12.28 07:35:42.471,1.77291,1.77348,1.00,1.00
2016.12.28 07:35:42.622,1.77289,1.77347,1.00,1.00
2016.12.28 07:35:42.700,1.77289,1.77345,1.00,1.00
2016.12.28 07:35:42.902,1.77287,1.77346,1.00,1.00
2016.12.28 07:35:43.403,1.77287,1.77345,1.00,1.00
2016.12.28 07:35:44.716,1.77286,1.77345,1.50,1.00
2016.12.28 07:35:44.766,1.77286,1.77341,1.00,1.00
2016.12.28 07:35:45.290,1.77285,1.77343,1.00,1.00
2016.12.28 07:35:45.955,1.77285,1.77342,1.00,1.00
2016.12.28 07:35:47.084,1.77286,1.77342,1.00,1.00
2016.12.28 07:35:49.183,1.77283,1.77339,1.00,1.00
2016.12.28 07:35:49.521,1.77277,1.77333,1.00,1.00
2016.12.28 07:35:49.572,1.77276,1.77335,1.00,1.00
2016.12.28 07:35:49.673,1.77275,1.77333,1.00,1.00
2016.12.28 07:35:50.007,1.77277,1.77333,1.00,1.00
2016.12.28 07:35:51.835,1.77276,1.77332,1.00,1.00
2016.12.28 07:35:52.359,1.77278,1.77334,1.00,1.00
2016.12.28 07:35:52.410,1.77275,1.77333,1.00,1.00
2016.12.28 07:35:53.564,1.77277,1.77333,1.00,1.00
2016.12.28 07:35:53.615,1.77275,1.77334,1.00,1.00
2016.12.28 07:35:53.665,1.77276,1.77332,1.00,1.00
2016.12.28 07:35:54.384,1.77277,1.77333,1.00,1.00
2016.12.28 07:35:55.313,1.77275,1.77333,1.00,1.00
2016.12.28 07:36:01.656,1.77274,1.7733,1.00,1.00
2016.12.28 07:36:01.908,1.77276,1.77333,1.00,1.00
2016.12.28 07:36:01.959,1.77281,1.77334,1.00,1.00
2016.12.28 07:36:02.060,1.77283,1.77341,1.00,1.37
2016.12.28 07:36:02.401,1.7728,1.77338,1.00,1.00
2016.12.28 07:36:02.687,1.77279,1.77331,1.00,1.00
2016.12.28 07:36:02.738,1.77273,1.77329,1.75,1.00
2016.12.28 07:36:02.789,1.77271,1.77328,1.37,1.00
2016.12.28 07:36:03.567,1.77273,1.77329,1.00,1.00
2016.12.28 07:36:03.668,1.77271,1.77327,1.00,1.00
2016.12.28 07:36:04.729,1.77273,1.77329,1.00,1.00
2016.12.28 07:36:06.643,1.77273,1.77331,1.12,1.50
2016.12.28 07:36:06.743,1.77278,1.77336,1.00,1.00
2016.12.28 07:36:07.046,1.77281,1.77339,1.12,1.00
2016.12.28 07:36:07.570,1.77282,1.7734,1.00,1.00
2016.12.28 07:36:08.317,1.77281,1.77339,1.12,1.00
2016.12.28 07:36:09.564,1.77282,1.7734,1.00,1.00
2016.12.28 07:36:09.951,1.7728,1.77336,1.37,1.00
2016.12.28 07:36:11.346,1.7728,1.77336,1.12,1.00
2016.12.28 07:36:11.569,1.7728,1.77338,1.12,1.00
2016.12.28 07:36:12.257,1.77279,1.77337,1.37,1.00
2016.12.28 07:36:12.753,1.77282,1.77337,1.00,1.00
2016.12.28 07:36:13.453,1.77283,1.77341,1.12,1.00
2016.12.28 07:36:13.674,1.77285,1.77341,1.00,1.00
2016.12.28 07:36:14.175,1.77286,1.77342,1.00,1.00
2016.12.28 07:36:15.393,1.77285,1.77344,1.00,1.00
2016.12.28 07:36:15.443,1.77288,1.77344,1.00,1.00
2016.12.28 07:36:15.595,1.77288,1.77346,1.12,1.00
2016.12.28 07:36:15.646,1.7729,1.77347,1.00,1.00
2016.12.28 07:36:15.920,1.77298,1.77356,1.00,1.00
2016.12.28 07:36:16.179,1.77297,1.77353,1.00,1.00
2016.12.28 07:36:16.230,1.77293,1.77351,1.50,1.00
2016.12.28 07:36:18.270,1.77295,1.7735,1.00,1.00
2016.12.28 07:36:18.720,1.77293,1.7735,1.00,1.00
2016.12.28 07:36:19.256,1.77293,1.77349,1.00,1.00
2016.12.28 07:36:19.587,1.77293,1.77351,1.00,1.00
2016.12.28 07:36:20.395,1.77292,1.7735,1.87,1.00
2016.12.28 07:36:20.674,1.77294,1.7735,1.00,1.00
2016.12.28 07:36:21.411,1.77294,1.77349,1.00,1.00
2016.12.28 07:36:21.461,1.77292,1.7735,1.87,1.00
2016.12.28 07:36:22.051,1.77294,1.77352,1.00,1.00
2016.12.28 07:36:22.412,1.77298,1.77354,1.00,1.00
2016.12.28 07:36:22.463,1.77296,1.77354,1.00,1.00
2016.12.28 07:36:22.513,1.77294,1.77352,1.12,1.00
2016.12.28 07:36:22.951,1.77292,1.7735,1.87,1.00
2016.12.28 07:36:23.532,1.77293,1.77349,1.00,1.00
2016.12.28 07:36:23.733,1.77291,1.77349,1.00,1.50
2016.12.28 07:36:24.096,1.77293,1.77349,1.00,1.00
2016.12.28 07:36:24.627,1.77294,1.7735,1.00,1.00
2016.12.28 07:36:25.392,1.77293,1.77349,1.00,1.00
2016.12.28 07:36:25.543,1.77298,1.77355,1.12,1.00
2016.12.28 07:36:25.594,1.77302,1.77357,1.37,1.12
2016.12.28 07:36:25.645,1.77302,1.77359,1.37,1.00
2016.12.28 07:36:26.217,1.77302,1.77358,1.37,1.00
2016.12.28 07:36:26.754,1.77303,1.77359,1.12,1.50
2016.12.28 07:36:26.805,1.77308,1.77359,1.00,1.00
2016.12.28 07:36:26.856,1.77311,1.77366,1.00,1.12
2016.12.28 07:36:26.986,1.77314,1.77369,1.00,1.00
2016.12.28 07:36:27.293,1.77318,1.77373,1.00,1.00
2016.12.28 07:36:27.477,1.77314,1.77371,1.87,1.00
2016.12.28 07:36:27.679,1.77312,1.77367,1.87,1.00
2016.12.28 07:36:27.983,1.77303,1.77358,1.37,1.00
2016.12.28 07:36:28.528,1.77304,1.77359,1.37,1.00
2016.12.28 07:36:30.194,1.77303,1.77358,1.37,1.00
2016.12.28 07:36:30.931,1.77303,1.77358,1.00,1.00
2016.12.28 07:36:31.443,1.77303,1.77358,1.37,1.00
2016.12.28 07:36:33.270,1.77311,1.77359,1.00,1.00
2016.12.28 07:36:33.447,1.77315,1.77368,1.37,1.00
2016.12.28 07:36:33.757,1.77314,1.77372,1.87,1.00
2016.12.28 07:36:33.858,1.77314,1.77372,1.37,1.00
2016.12.28 07:36:33.959,1.77315,1.77373,1.37,1.00
2016.12.28 07:36:34.623,1.77314,1.7737,1.87,1.00
2016.12.28 07:36:35.307,1.77315,1.77371,1.12,1.00
2016.12.28 07:36:35.852,1.77316,1.77372,1.00,1.00
2016.12.28 07:36:36.154,1.77303,1.77358,1.87,1.50
2016.12.28 07:36:36.255,1.77308,1.77366,1.37,1.00
2016.12.28 07:36:36.306,1.77311,1.77369,1.37,1.50
2016.12.28 07:36:36.357,1.77313,1.77371,1.87,1.12
2016.12.28 07:36:37.257,1.77314,1.7737,1.12,1.00
2016.12.28 07:36:37.308,1.77311,1.77366,1.12,1.00
2016.12.28 07:36:37.634,1.77321,1.7737,1.00,1.00
2016.12.28 07:36:37.685,1.77321,1.77377,1.00,1.00
2016.12.28 07:36:37.836,1.77319,1.77376,1.12,1.00
2016.12.28 07:36:37.937,1.77321,1.77377,1.00,1.00
2016.12.28 07:36:38.630,1.7732,1.77374,1.00,1.00
2016.12.28 07:36:38.681,1.77318,1.77374,1.00,1.00
2016.12.28 07:36:38.732,1.77316,1.77372,1.00,1.00
2016.12.28 07:36:39.069,1.77313,1.77369,1.00,1.00
2016.12.28 07:36:39.261,1.77313,1.77371,1.00,1.00
2016.12.28 07:36:39.798,1.77312,1.7737,1.12,1.00
2016.12.28 07:36:40.304,1.77312,1.77368,1.12,1.00
2016.12.28 07:36:40.405,1.77309,1.77367,1.87,1.00
2016.12.28 07:36:40.506,1.77309,1.77364,1.00,1.00
2016.12.28 07:36:40.608,1.77306,1.77363,1.12,1.00
2016.12.28 07:36:40.709,1.77305,1.77361,1.50,1.00
2016.12.28 07:36:41.251,1.77304,1.77362,1.75,1.00
2016.12.28 07:36:42.005,1.77305,1.77363,1.50,1.00
2016.12.28 07:36:43.324,1.77307,1.77362,1.00,1.00
2016.12.28 07:36:43.881,1.77307,1.77363,1.00,1.12
2016.12.28 07:36:44.136,1.77303,1.77361,1.50,1.00
2016.12.28 07:36:44.347,1.77305,1.77361,1.00,1.00
2016.12.28 07:36:44.448,1.77306,1.77363,1.00,1.50
2016.12.28 07:36:44.498,1.77308,1.77364,1.00,1.12
2016.12.28 07:36:44.894,1.77306,1.77362,1.00,1.00
2016.12.28 07:36:45.438,1.77308,1.77363,1.00,1.00
2016.12.28 07:36:46.818,1.77307,1.77362,1.00,1.00
2016.12.28 07:36:47.068,1.77305,1.77363,1.00,1.00
2016.12.28 07:36:49.975,1.77303,1.7736,1.00,1.00
2016.12.28 07:36:50.561,1.77303,1.77359,1.00,1.12
2016.12.28 07:36:50.895,1.77307,1.77362,1.00,1.37
2016.12.28 07:36:50.945,1.77307,1.77362,1.00,1.00
2016.12.28 07:36:51.505,1.77307,1.77363,1.00,1.00
2016.12.28 07:36:55.507,1.77306,1.77362,1.00,1.00
2016.12.28 07:36:56.779,1.77305,1.77362,1.00,1.00
2016.12.28 07:36:56.830,1.773,1.77356,1.00,1.00
2016.12.28 07:36:56.880,1.77298,1.77356,1.00,1.00
2016.12.28 07:36:57.132,1.77298,1.77353,1.00,1.00
2016.12.28 07:36:57.397,1.77295,1.77353,1.00,1.00
2016.12.28 07:36:57.743,1.77295,1.7735,1.00,1.00
2016.12.28 07:36:57.945,1.77294,1.77352,1.00,1.50
2016.12.28 07:36:58.779,1.77293,1.77351,1.00,1.00
2016.12.28 07:36:58.830,1.77295,1.7735,1.00,1.00
2016.12.28 07:36:59.029,1.77293,1.7735,1.00,1.00
2016.12.28 07:36:59.788,1.77294,1.7735,1.00,1.00
2016.12.28 07:37:00.308,1.77296,1.77352,1.00,1.50
2016.12.28 07:37:00.633,1.77301,1.77359,1.00,1.00
2016.12.28 07:37:00.784,1.77301,1.77357,1.00,1.00
2016.12.28 07:37:01.113,1.77301,1.77359,1.00,1.00
2016.12.28 07:37:01.637,1.77303,1.77359,1.00,1.00
2016.12.28 07:37:02.120,1.77301,1.77357,1.00,1.00
2016.12.28 07:37:02.332,1.77301,1.77359,1.00,1.00
2016.12.28 07:37:02.385,1.77304,1.7736,1.00,1.00
2016.12.28 07:37:04.496,1.77304,1.77361,1.00,1.00
2016.12.28 07:37:05.265,1.77303,1.77361,1.00,1.50
2016.12.28 07:37:06.285,1.77305,1.77361,1.00,1.50
2016.12.28 07:37:06.980,1.7731,1.77365,1.00,1.37
2016.12.28 07:37:07.081,1.77312,1.77368,1.00,1.37
2016.12.28 07:37:07.132,1.77312,1.77368,1.00,1.00
2016.12.28 07:37:07.183,1.77314,1.7737,1.00,1.12
2016.12.28 07:37:07.485,1.77323,1.77374,1.00,1.37
2016.12.28 07:37:07.536,1.77326,1.77382,1.00,1.37
2016.12.28 07:37:07.606,1.77326,1.77382,1.00,1.00
2016.12.28 07:37:07.757,1.77327,1.77385,1.00,1.00
2016.12.28 07:37:08.339,1.77328,1.77384,1.00,1.00
2016.12.28 07:37:10.177,1.77328,1.77385,1.00,1.00
2016.12.28 07:37:10.921,1.77328,1.77386,1.00,1.00
2016.12.28 07:37:11.071,1.7733,1.77386,1.00,1.00
2016.12.28 07:37:11.358,1.77328,1.77387,1.00,1.00
2016.12.28 07:37:11.561,1.77327,1.77385,1.00,1.00
2016.12.28 07:37:12.181,1.77327,1.77386,1.00,1.00
2016.12.28 07:37:17.546,1.77327,1.77385,1.00,1.00
2016.12.28 07:37:17.892,1.7733,1.77387,1.00,1.12
2016.12.28 07:37:18.195,1.77332,1.77388,1.00,1.00
2016.12.28 07:37:18.540,1.77329,1.77385,1.00,1.00
2016.12.28 07:37:19.058,1.7733,1.77386,1.00,1.00
2016.12.28 07:37:19.504,1.7733,1.77388,1.00,1.00
2016.12.28 07:37:20.131,1.77332,1.77388,1.00,1.00
2016.12.28 07:37:20.874,1.77332,1.77391,1.00,1.00
2016.12.28 07:37:21.202,1.77332,1.77389,1.00,1.00
2016.12.28 07:37:21.490,1.7733,1.77388,1.00,1.00
2016.12.28 07:37:21.641,1.77332,1.77388,1.00,1.00
2016.12.28 07:37:22.118,1.77331,1.7739,1.00,1.00
2016.12.28 07:37:22.624,1.77332,1.77391,1.00,1.00
2016.12.28 07:37:24.053,1.77333,1.77389,1.00,1.00
2016.12.28 07:37:24.154,1.77331,1.77388,1.00,1.00
2016.12.28 07:37:24.255,1.77329,1.77388,1.87,1.00
2016.12.28 07:37:29.490,1.77329,1.77385,1.00,1.00
2016.12.28 07:37:30.007,1.77328,1.77387,1.00,1.00
2016.12.28 07:37:32.655,1.77327,1.77386,1.00,1.00
2016.12.28 07:37:33.208,1.77327,1.77386,1.00,1.37
2016.12.28 07:37:33.259,1.77325,1.77383,1.50,1.37
2016.12.28 07:37:33.310,1.77325,1.77381,1.50,1.37
2016.12.28 07:37:33.360,1.77322,1.77379,1.00,1.37
2016.12.28 07:37:33.411,1.7732,1.77377,1.00,1.00
2016.12.28 07:37:33.663,1.77324,1.77381,1.00,1.87
2016.12.28 07:37:33.714,1.77322,1.77379,1.00,1.12
2016.12.28 07:37:33.815,1.7732,1.77377,1.00,1.00
2016.12.28 07:37:34.329,1.77319,1.77376,1.00,1.00
2016.12.28 07:37:36.359,1.77319,1.77378,1.00,1.00
2016.12.28 07:37:37.133,1.77321,1.77377,1.00,1.00
2016.12.28 07:37:39.036,1.77319,1.77377,1.37,1.00
2016.12.28 07:37:39.583,1.77319,1.77378,1.37,1.00
2016.12.28 07:37:40.132,1.77319,1.77376,1.37,1.00
2016.12.28 07:37:41.390,1.77319,1.77376,1.00,1.00
2016.12.28 07:37:44.151,1.77317,1.77376,1.50,1.00
2016.12.28 07:37:44.691,1.77318,1.77376,1.00,1.00
2016.12.28 07:37:44.865,1.77318,1.77374,1.00,1.00
2016.12.28 07:37:44.916,1.77315,1.77373,1.50,1.00
2016.12.28 07:37:45.450,1.77314,1.77373,1.00,1.00
2016.12.28 07:37:45.501,1.77314,1.77371,1.00,1.00
2016.12.28 07:37:45.552,1.77312,1.77371,1.00,1.00
2016.12.28 07:37:46.085,1.77314,1.77371,1.00,1.00
2016.12.28 07:37:46.136,1.77312,1.77371,1.00,1.00
2016.12.28 07:37:46.826,1.77313,1.77369,1.00,1.00
2016.12.28 07:37:46.876,1.77312,1.77371,1.00,1.00
2016.12.28 07:37:46.927,1.77314,1.7737,1.00,1.00
2016.12.28 07:37:48.083,1.77314,1.77372,1.00,1.00
2016.12.28 07:37:48.134,1.77314,1.7737,1.00,1.00
2016.12.28 07:37:48.854,1.77315,1.77371,1.00,1.00
2016.12.28 07:37:49.179,1.77313,1.77369,1.00,1.00
2016.12.28 07:37:49.291,1.77313,1.77372,1.00,1.00
2016.12.28 07:37:49.342,1.77315,1.77371,1.00,1.00
2016.12.28 07:37:49.691,1.77313,1.77369,1.00,1.00
2016.12.28 07:37:50.086,1.77313,1.77371,1.00,1.00
2016.12.28 07:37:50.137,1.77313,1.77369,1.00,1.00
2016.12.28 07:37:50.873,1.77313,1.77372,1.00,1.00
2016.12.28 07:37:51.552,1.77314,1.77371,1.00,1.00
2016.12.28 07:37:52.082,1.77314,1.77372,1.00,1.00
2016.12.28 07:37:52.522,1.77312,1.77371,1.12,1.00
2016.12.28 07:37:53.055,1.77313,1.77371,1.00,1.00
2016.12.28 07:37:54.102,1.77314,1.77371,1.00,1.00
2016.12.28 07:37:54.759,1.77314,1.7737,1.00,1.00
2016.12.28 07:37:55.356,1.77313,1.7737,1.00,1.00
2016.12.28 07:37:56.053,1.77312,1.7737,1.00,1.00
2016.12.28 07:38:00.856,1.77312,1.77371,1.00,1.00
2016.12.28 07:38:00.907,1.77313,1.77369,1.00,1.00
2016.12.28 07:38:01.296,1.77314,1.77371,1.00,1.00
2016.12.28 07:38:01.397,1.77312,1.7737,1.00,1.00
2016.12.28 07:38:01.585,1.77314,1.77371,1.00,1.00
2016.12.28 07:38:02.192,1.77314,1.77372,1.00,1.00
2016.12.28 07:38:02.858,1.77314,1.77373,1.00,1.00
2016.12.28 07:38:03.549,1.77313,1.7737,1.00,1.00
2016.12.28 07:38:03.599,1.77311,1.77369,2.62,1.00
2016.12.28 07:38:03.894,1.77308,1.77364,1.37,1.00
2016.12.28 07:38:04.196,1.77297,1.77333,1.00,1.00
2016.12.28 07:38:04.247,1.77297,1.77342,1.00,1.00
2016.12.28 07:38:04.298,1.77285,1.77342,1.37,1.00
2016.12.28 07:38:04.399,1.77285,1.77344,1.87,1.00
2016.12.28 07:38:04.553,1.77288,1.77343,1.00,1.00
2016.12.28 07:38:05.564,1.77285,1.77343,1.37,1.00
2016.12.28 07:38:05.668,1.77284,1.7734,1.37,1.00
2016.12.28 07:38:06.625,1.77285,1.77342,1.37,1.00
2016.12.28 07:38:08.567,1.77286,1.77344,1.12,1.00
2016.12.28 07:38:08.618,1.77284,1.77342,1.87,1.00
2016.12.28 07:38:09.332,1.77284,1.77342,1.87,1.00
2016.12.28 07:38:10.037,1.77285,1.77341,1.37,1.00
2016.12.28 07:38:10.208,1.77286,1.77344,1.37,1.00
2016.12.28 07:38:10.259,1.77284,1.77342,1.87,1.00
2016.12.28 07:38:10.780,1.77289,1.77342,1.12,1.00
2016.12.28 07:38:11.286,1.77289,1.77343,1.12,1.00
2016.12.28 07:38:11.799,1.7729,1.77343,1.00,1.00
2016.12.28 07:38:12.374,1.77293,1.77343,1.00,1.00
2016.12.28 07:38:12.918,1.77293,1.77344,1.00,1.00
2016.12.28 07:38:15.354,1.77293,1.77348,1.00,1.00
2016.12.28 07:38:15.405,1.77297,1.77355,1.00,1.00
2016.12.28 07:38:15.455,1.77299,1.77355,1.00,1.00
2016.12.28 07:38:15.651,1.77299,1.77357,1.00,1.00
2016.12.28 07:38:15.701,1.77299,1.77355,1.50,1.00
2016.12.28 07:38:16.053,1.77303,1.77357,1.00,1.00
2016.12.28 07:38:16.495,1.77305,1.77358,1.00,1.00
2016.12.28 07:38:18.473,1.77305,1.77359,1.00,1.00
2016.12.28 07:38:25.429,1.77305,1.77362,1.00,1.00
2016.12.28 07:38:25.480,1.77307,1.77363,1.00,1.00
2016.12.28 07:38:25.782,1.77299,1.77348,1.87,1.00
2016.12.28 07:38:25.934,1.77289,1.77344,1.50,1.00
2016.12.28 07:38:25.985,1.77289,1.77342,1.00,1.00
2016.12.28 07:38:26.035,1.77289,1.77344,1.00,1.00
2016.12.28 07:38:26.187,1.77291,1.77344,1.12,1.00
2016.12.28 07:38:26.707,1.77291,1.77345,1.37,1.00
2016.12.28 07:38:27.010,1.77286,1.77338,1.12,1.00
2016.12.28 07:38:28.488,1.77284,1.77337,1.37,1.00
2016.12.28 07:38:28.822,1.77284,1.77339,1.00,1.00
2016.12.28 07:38:28.873,1.77284,1.77337,1.00,1.00
2016.12.28 07:38:29.072,1.77284,1.77339,1.12,1.00
2016.12.28 07:38:29.173,1.77284,1.77337,1.12,1.00
2016.12.28 07:38:30.077,1.77284,1.77338,1.12,1.00
2016.12.28 07:38:30.556,1.77284,1.77335,1.00,1.00
2016.12.28 07:38:30.657,1.77279,1.77332,1.50,1.00
2016.12.28 07:38:30.959,1.77281,1.77332,1.37,1.00
2016.12.28 07:38:31.244,1.77276,1.77331,1.37,1.00
2016.12.28 07:38:31.746,1.77277,1.77332,1.87,1.00
2016.12.28 07:38:34.151,1.77279,1.77336,1.00,1.00
2016.12.28 07:38:34.202,1.77281,1.77335,1.00,1.00
2016.12.28 07:38:34.303,1.77279,1.77335,1.12,1.00
2016.12.28 07:38:34.476,1.77279,1.77335,1.37,1.00
2016.12.28 07:38:35.085,1.77281,1.77336,1.12,1.00
2016.12.28 07:38:39.219,1.77279,1.77336,1.87,1.00
2016.12.28 07:38:39.736,1.77279,1.77335,1.87,1.00
2016.12.28 07:38:40.238,1.77277,1.77333,1.87,1.00
2016.12.28 07:38:40.953,1.77276,1.77333,1.87,1.00
2016.12.28 07:38:41.806,1.77276,1.77333,1.87,1.00
2016.12.28 07:38:42.428,1.77277,1.77331,1.12,1.00
2016.12.28 07:38:44.574,1.77277,1.77332,1.87,1.00
2016.12.28 07:38:45.408,1.77277,1.77332,1.87,1.00
2016.12.28 07:38:46.055,1.77277,1.77332,1.87,1.00
2016.12.28 07:38:46.206,1.7728,1.77336,1.00,1.00
2016.12.28 07:38:46.307,1.77281,1.77338,1.12,1.00
2016.12.28 07:38:46.408,1.77284,1.77339,1.00,1.00
2016.12.28 07:38:46.610,1.77282,1.77338,1.00,1.00
2016.12.28 07:38:46.661,1.77285,1.7734,1.00,1.00
2016.12.28 07:38:47.021,1.77285,1.77342,1.87,1.00
2016.12.28 07:38:47.071,1.77287,1.77344,1.12,1.00
2016.12.28 07:38:47.410,1.77289,1.77345,1.12,1.00
2016.12.28 07:38:47.681,1.7729,1.77347,1.00,1.00
2016.12.28 07:38:48.231,1.77292,1.77347,1.00,1.00
2016.12.28 07:38:49.926,1.77294,1.77351,1.00,1.00
2016.12.28 07:38:50.090,1.77294,1.77349,1.50,1.00
2016.12.28 07:38:50.400,1.77296,1.77355,1.00,1.00
2016.12.28 07:38:50.450,1.77298,1.77354,1.00,1.00
2016.12.28 07:38:50.501,1.77296,1.77353,1.00,1.00
2016.12.28 07:38:51.018,1.77299,1.77354,1.00,1.00
2016.12.28 07:38:51.068,1.77296,1.77353,1.50,1.00
2016.12.28 07:38:51.236,1.77296,1.77351,1.00,1.00
2016.12.28 07:38:51.442,1.77296,1.77353,1.50,1.00
2016.12.28 07:38:51.494,1.77296,1.77351,1.50,1.00
2016.12.28 07:38:51.796,1.77297,1.77354,1.00,1.00
2016.12.28 07:38:51.897,1.77299,1.77354,1.00,1.00
2016.12.28 07:38:52.147,1.77299,1.77356,1.00,1.00
2016.12.28 07:38:52.738,1.77298,1.77355,1.00,1.00
2016.12.28 07:38:53.297,1.77298,1.77354,1.00,1.00
2016.12.28 07:38:53.876,1.77296,1.77353,1.00,1.00
2016.12.28 07:38:54.028,1.77296,1.77351,1.00,1.00
2016.12.28 07:39:00.750,1.77297,1.77354,1.00,1.00
2016.12.28 07:39:01.176,1.77299,1.77354,1.00,1.00
2016.12.28 07:39:03.728,1.77297,1.77354,1.00,1.00
2016.12.28 07:39:06.401,1.77298,1.77356,1.00,1.00
2016.12.28 07:39:06.502,1.77301,1.77356,1.00,1.00
2016.12.28 07:39:07.044,1.77301,1.77357,1.00,1.00
2016.12.28 07:39:12.542,1.77302,1.77359,1.00,1.00
2016.12.28 07:39:12.826,1.77304,1.7736,1.00,1.00
2016.12.28 07:39:23.594,1.77304,1.77361,1.50,1.00
2016.12.28 07:39:23.841,1.77306,1.77364,1.00,1.00
2016.12.28 07:39:23.891,1.77308,1.77365,1.00,1.00
2016.12.28 07:39:24.325,1.77308,1.77363,1.00,1.00
2016.12.28 07:39:24.480,1.77308,1.77365,1.00,1.00
2016.12.28 07:39:24.632,1.77308,1.77363,1.00,1.00
2016.12.28 07:39:24.682,1.77307,1.77365,1.50,1.00
2016.12.28 07:39:24.733,1.77309,1.77364,1.00,1.00
2016.12.28 07:39:25.067,1.7731,1.77366,1.00,1.00
2016.12.28 07:39:25.118,1.77307,1.77364,1.87,1.00
2016.12.28 07:39:25.319,1.77308,1.77366,1.00,1.00
2016.12.28 07:39:25.370,1.77308,1.77364,1.00,1.00
2016.12.28 07:39:25.521,1.77309,1.77367,1.00,1.00
2016.12.28 07:39:25.572,1.77308,1.77363,1.00,1.00
2016.12.28 07:39:26.079,1.77307,1.77361,1.00,1.00
2016.12.28 07:39:26.209,1.77307,1.77363,1.00,1.00
2016.12.28 07:39:26.310,1.77306,1.77361,1.12,1.00
2016.12.28 07:39:26.411,1.77306,1.77363,1.12,1.00
2016.12.28 07:39:26.945,1.77305,1.77362,1.00,1.00
2016.12.28 07:39:26.995,1.77305,1.7736,1.00,1.00
2016.12.28 07:39:27.501,1.77304,1.77359,1.00,1.00
2016.12.28 07:39:28.588,1.77302,1.7736,1.00,1.00
2016.12.28 07:39:28.638,1.77302,1.77357,1.00,1.00
2016.12.28 07:39:28.845,1.773,1.77357,1.12,1.00
2016.12.28 07:39:31.587,1.77297,1.77362,1.12,1.00
2016.12.28 07:39:31.638,1.773,1.77357,1.00,1.00
2016.12.28 07:39:32.813,1.77301,1.77358,1.00,1.00
2016.12.28 07:39:33.417,1.77303,1.77358,1.00,1.00
2016.12.28 07:39:34.140,1.77304,1.77359,1.00,1.00
2016.12.28 07:39:34.191,1.7731,1.77366,1.00,1.50
2016.12.28 07:39:34.345,1.77311,1.77368,1.00,1.00
2016.12.28 07:39:34.396,1.7731,1.77363,1.00,1.00
2016.12.28 07:39:34.497,1.77307,1.77364,1.37,1.00
2016.12.28 07:39:34.598,1.77307,1.77362,1.00,1.00
2016.12.28 07:39:34.699,1.77304,1.7736,1.00,1.00
2016.12.28 07:39:34.901,1.77307,1.77362,1.00,1.00
2016.12.28 07:39:34.952,1.77304,1.77362,1.00,1.00
2016.12.28 07:39:35.053,1.77309,1.77364,1.00,1.00
2016.12.28 07:39:35.154,1.77306,1.77362,1.00,1.00
2016.12.28 07:39:35.256,1.77307,1.77364,1.00,1.00
2016.12.28 07:39:35.509,1.77306,1.77362,1.00,1.00
2016.12.28 07:39:35.660,1.77309,1.77367,1.00,1.50
2016.12.28 07:39:35.711,1.77308,1.77364,1.00,1.00
2016.12.28 07:39:36.049,1.77311,1.77367,1.00,1.00
2016.12.28 07:39:36.605,1.77311,1.77366,1.00,1.00
2016.12.28 07:39:36.656,1.77308,1.77364,1.00,1.00
2016.12.28 07:39:36.757,1.77306,1.77364,1.50,1.00
2016.12.28 07:39:36.808,1.77306,1.77362,1.00,1.00
2016.12.28 07:39:36.909,1.77303,1.7736,1.00,1.00
2016.12.28 07:39:37.060,1.77304,1.77362,1.00,1.00
2016.12.28 07:39:37.111,1.77308,1.77363,1.00,1.50
2016.12.28 07:39:37.162,1.77304,1.77362,1.00,1.00
2016.12.28 07:39:37.432,1.77306,1.77361,1.00,1.00
2016.12.28 07:39:37.533,1.77304,1.77361,1.00,1.00
2016.12.28 07:39:37.666,1.77306,1.77363,1.00,1.00
2016.12.28 07:39:37.968,1.77308,1.77364,1.00,1.00
2016.12.28 07:39:38.019,1.77306,1.77364,1.00,1.00
2016.12.28 07:39:38.070,1.77308,1.77365,1.00,1.00
2016.12.28 07:39:38.478,1.77311,1.77366,1.00,1.00
2016.12.28 07:39:39.616,1.77311,1.77368,1.00,1.50
2016.12.28 07:39:43.229,1.77311,1.77369,1.00,1.00
2016.12.28 07:39:43.330,1.77314,1.7737,1.00,1.00
2016.12.28 07:39:43.380,1.77315,1.77373,1.00,1.00
2016.12.28 07:39:43.545,1.77318,1.77375,1.00,1.00
2016.12.28 07:39:43.595,1.77316,1.77374,1.00,1.00
2016.12.28 07:39:43.646,1.77316,1.77372,1.00,1.00
2016.12.28 07:39:43.747,1.77316,1.77374,1.12,1.00
2016.12.28 07:39:43.798,1.77316,1.77372,1.12,1.00
2016.12.28 07:39:43.952,1.77319,1.77376,1.00,1.00
2016.12.28 07:39:44.002,1.77318,1.77374,1.12,1.00
2016.12.28 07:39:44.254,1.77316,1.77373,1.00,1.00
2016.12.28 07:39:44.785,1.77315,1.77373,1.00,1.00
2016.12.28 07:39:44.871,1.77315,1.77371,1.00,1.00
2016.12.28 07:39:46.390,1.77313,1.77371,1.00,1.00
2016.12.28 07:39:46.502,1.77311,1.77369,1.87,1.00
2016.12.28 07:39:46.833,1.77312,1.77366,1.00,1.00
2016.12.28 07:39:46.934,1.77313,1.77369,1.87,1.00
2016.12.28 07:39:46.985,1.77318,1.77376,1.00,1.50
2016.12.28 07:39:47.035,1.7732,1.77377,1.00,1.00
2016.12.28 07:39:47.338,1.77323,1.77379,1.00,1.00
2016.12.28 07:39:47.776,1.77322,1.77377,1.00,1.00
2016.12.28 07:39:48.558,1.77321,1.77376,1.00,1.00
2016.12.28 07:39:49.096,1.77319,1.77377,1.37,1.00
2016.12.28 07:39:50.009,1.77319,1.77377,1.00,1.00
2016.12.28 07:39:55.999,1.77317,1.77373,1.00,1.00
2016.12.28 07:39:56.205,1.77313,1.7737,1.50,1.00
2016.12.28 07:39:56.817,1.77313,1.77371,1.00,1.00
2016.12.28 07:39:56.868,1.77315,1.77371,1.00,1.00
2016.12.28 07:39:58.074,1.77316,1.77372,1.00,1.00
2016.12.28 07:39:59.439,1.77315,1.77372,1.00,1.00
2016.12.28 07:39:59.591,1.77313,1.77371,1.50,1.00
2016.12.28 07:40:00.107,1.77312,1.7737,1.50,1.00
2016.12.28 07:40:00.412,1.77311,1.77367,1.50,1.00
2016.12.28 07:40:00.564,1.77312,1.7737,1.50,1.00
2016.12.28 07:40:00.614,1.77318,1.77372,1.00,1.00
2016.12.28 07:40:00.665,1.77316,1.77372,1.00,1.00
2016.12.28 07:40:00.716,1.77318,1.77374,1.00,1.00
2016.12.28 07:40:01.030,1.7732,1.77377,1.00,1.00
2016.12.28 07:40:01.131,1.77318,1.77376,1.00,1.00
2016.12.28 07:40:01.931,1.77312,1.77367,1.50,1.00
2016.12.28 07:40:02.032,1.77308,1.77365,1.37,1.00
2016.12.28 07:40:02.134,1.77311,1.77367,1.50,1.00
2016.12.28 07:40:02.425,1.77312,1.77369,1.00,1.00
2016.12.28 07:40:02.638,1.7731,1.77368,1.50,1.00
2016.12.28 07:40:02.688,1.77311,1.77366,1.00,1.00
2016.12.28 07:40:02.739,1.7731,1.77368,1.50,1.00
2016.12.28 07:40:04.467,1.77309,1.77367,1.50,1.00
2016.12.28 07:40:04.518,1.77309,1.77364,1.00,1.00
2016.12.28 07:40:04.701,1.7731,1.77368,1.00,1.00
2016.12.28 07:40:04.752,1.77309,1.77366,1.12,1.00
2016.12.28 07:40:04.956,1.7731,1.77368,1.00,1.00
2016.12.28 07:40:05.006,1.77309,1.77365,1.00,1.00
2016.12.28 07:40:05.380,1.77309,1.77367,1.00,1.00
2016.12.28 07:40:05.481,1.77309,1.77365,1.00,1.00
2016.12.28 07:40:05.532,1.77307,1.77365,1.00,1.00
2016.12.28 07:40:06.440,1.77307,1.77363,1.00,1.00
2016.12.28 07:40:07.044,1.77306,1.77365,1.50,1.00
2016.12.28 07:40:08.040,1.77307,1.77365,1.00,1.00
2016.12.28 07:40:10.034,1.77308,1.77365,1.00,1.00
2016.12.28 07:40:10.944,1.77307,1.77365,1.00,1.00
2016.12.28 07:40:12.461,1.77306,1.77364,1.00,1.00
2016.12.28 07:40:12.802,1.77308,1.77364,1.00,1.00
2016.12.28 07:40:13.316,1.77309,1.77365,1.00,1.00
2016.12.28 07:40:13.906,1.7731,1.77365,1.00,1.00
2016.12.28 07:40:18.957,1.7731,1.77364,1.00,1.00
2016.12.28 07:40:19.059,1.77308,1.77364,1.50,1.00
2016.12.28 07:40:20.412,1.7731,1.77364,1.00,1.00
2016.12.28 07:40:20.645,1.77308,1.77364,1.50,1.00
2016.12.28 07:40:22.198,1.77308,1.77365,1.00,1.00
2016.12.28 07:40:22.249,1.77306,1.77363,1.00,1.00
2016.12.28 07:40:22.552,1.77298,1.77354,1.00,1.00
2016.12.28 07:40:22.768,1.773,1.77358,1.50,1.00
2016.12.28 07:40:22.869,1.773,1.77355,1.00,1.00
2016.12.28 07:40:22.919,1.77297,1.77353,1.00,1.00
2016.12.28 07:40:22.970,1.77297,1.77351,1.00,1.00
2016.12.28 07:40:23.021,1.77295,1.77351,1.00,1.00
2016.12.28 07:40:23.071,1.77293,1.77349,1.50,1.00
2016.12.28 07:40:23.122,1.77293,1.77351,1.50,1.00
2016.12.28 07:40:23.223,1.77293,1.77349,1.50,1.00
2016.12.28 07:40:23.533,1.77296,1.77352,1.50,1.00
2016.12.28 07:40:24.083,1.77297,1.77353,1.50,1.00
2016.12.28 07:40:24.243,1.77297,1.77355,1.50,1.00
2016.12.28 07:40:24.294,1.77297,1.77353,1.50,1.00
2016.12.28 07:40:24.796,1.77296,1.77353,1.00,1.00
2016.12.28 07:40:25.933,1.77296,1.77352,1.00,1.00
2016.12.28 07:40:27.810,1.77297,1.77353,1.00,1.00
2016.12.28 07:40:28.016,1.77296,1.77355,1.00,1.00
2016.12.28 07:40:28.066,1.77298,1.77354,1.00,1.00
2016.12.28 07:40:32.738,1.77297,1.77354,1.00,1.00
2016.12.28 07:40:33.253,1.77294,1.77345,1.00,1.00
2016.12.28 07:40:33.405,1.7729,1.77342,1.00,1.00
2016.12.28 07:40:33.506,1.77286,1.77342,1.00,1.00
2016.12.28 07:40:33.698,1.77286,1.77344,1.00,1.00
2016.12.28 07:40:35.590,1.77284,1.77342,1.87,1.00
2016.12.28 07:40:37.278,1.77285,1.77343,1.12,1.00
2016.12.28 07:40:39.878,1.77284,1.77342,2.62,1.00
2016.12.28 07:40:40.434,1.77287,1.77343,1.00,1.00
2016.12.28 07:40:41.507,1.77288,1.77343,1.00,1.00
2016.12.28 07:40:42.957,1.77287,1.77343,1.12,1.00
2016.12.28 07:40:43.347,1.77287,1.77345,1.00,1.00
2016.12.28 07:40:43.981,1.77286,1.77344,1.87,1.00
2016.12.28 07:40:46.626,1.77286,1.77344,1.87,1.00
2016.12.28 07:40:47.281,1.77288,1.77344,1.00,1.00
2016.12.28 07:40:47.751,1.77287,1.77342,1.00,1.00
2016.12.28 07:40:48.412,1.77286,1.77343,1.00,1.00
2016.12.28 07:40:48.951,1.77285,1.77343,1.87,1.00
2016.12.28 07:40:49.283,1.77287,1.77343,1.00,1.00
2016.12.28 07:40:50.250,1.77286,1.77342,1.00,1.00
2016.12.28 07:40:53.217,1.77285,1.77343,1.87,1.00
2016.12.28 07:40:53.796,1.77285,1.77342,1.37,1.00
2016.12.28 07:40:55.361,1.77285,1.77341,1.37,1.00
2016.12.28 07:40:57.166,1.77285,1.77339,1.37,1.00
2016.12.28 07:40:58.151,1.77285,1.77341,1.37,1.00
2016.12.28 07:40:58.581,1.77285,1.77341,1.37,1.00
2016.12.28 07:40:58.728,1.77284,1.77338,1.00,1.37
2016.12.28 07:40:58.829,1.77281,1.77337,1.00,1.12
2016.12.28 07:40:58.880,1.7728,1.77335,1.50,1.00
2016.12.28 07:40:59.082,1.7728,1.77337,1.00,1.00
2016.12.28 07:40:59.586,1.7728,1.77336,1.00,1.00
2016.12.28 07:40:59.846,1.77281,1.77338,1.00,1.00
2016.12.28 07:41:00.299,1.77283,1.77338,1.00,1.00
2016.12.28 07:41:00.872,1.77283,1.77339,1.00,1.00
2016.12.28 07:41:01.670,1.77282,1.77338,1.00,1.00
2016.12.28 07:41:02.239,1.77282,1.77339,1.00,1.00
2016.12.28 07:41:03.422,1.77283,1.77339,1.50,1.00
2016.12.28 07:41:03.926,1.77284,1.7734,1.00,1.00
2016.12.28 07:41:04.231,1.7728,1.77336,1.00,1.00
2016.12.28 07:41:04.382,1.7728,1.77338,1.00,1.00
2016.12.28 07:41:04.908,1.77282,1.77337,1.00,1.00
2016.12.28 07:41:05.507,1.7728,1.77338,1.00,1.00
2016.12.28 07:41:05.684,1.77282,1.77338,1.00,1.00
2016.12.28 07:41:06.620,1.77282,1.77339,1.00,1.00
2016.12.28 07:41:08.408,1.77283,1.7734,1.87,1.00
2016.12.28 07:41:08.559,1.77285,1.77342,1.12,1.00
2016.12.28 07:41:08.711,1.77283,1.77341,1.50,1.00
2016.12.28 07:41:08.762,1.77283,1.77339,1.50,1.00
2016.12.28 07:41:08.812,1.77281,1.77338,1.00,1.00
2016.12.28 07:41:09.360,1.77281,1.77336,1.00,1.00
2016.12.28 07:41:09.410,1.77282,1.77339,1.50,1.00
2016.12.28 07:41:12.101,1.77286,1.77342,1.00,1.00
2016.12.28 07:41:12.768,1.77287,1.77342,1.00,1.00
2016.12.28 07:41:22.757,1.7729,1.77339,1.00,1.00
2016.12.28 07:41:22.858,1.77284,1.77338,1.00,1.00
2016.12.28 07:41:22.948,1.7728,1.77336,1.00,1.00
2016.12.28 07:41:23.149,1.77281,1.77338,1.00,1.00
2016.12.28 07:41:23.250,1.7728,1.77335,1.00,1.00
2016.12.28 07:41:23.573,1.77282,1.77337,1.00,1.00
2016.12.28 07:41:24.110,1.77283,1.77338,1.50,1.00
2016.12.28 07:41:29.070,1.77283,1.77339,1.50,1.00
2016.12.28 07:41:30.587,1.77283,1.77337,1.00,1.00
2016.12.28 07:41:30.688,1.77281,1.77339,1.00,1.00
2016.12.28 07:41:30.790,1.7728,1.77337,1.50,1.00
2016.12.28 07:41:31.092,1.77277,1.77335,1.50,1.00
2016.12.28 07:41:31.143,1.77279,1.77333,1.00,1.00
2016.12.28 07:41:31.345,1.77278,1.77335,1.50,1.00
2016.12.28 07:41:31.396,1.7728,1.77336,1.00,1.00
2016.12.28 07:41:31.583,1.7728,1.77338,1.00,1.00
2016.12.28 07:41:32.116,1.77281,1.77338,1.00,1.00
2016.12.28 07:41:32.315,1.77283,1.77338,1.00,1.00
2016.12.28 07:41:32.851,1.77283,1.77339,1.00,1.00
2016.12.28 07:41:33.154,1.77285,1.7734,1.00,1.00
2016.12.28 07:41:33.204,1.77286,1.77344,1.00,1.00
2016.12.28 07:41:33.306,1.77286,1.77332,1.00,1.00
2016.12.28 07:41:33.457,1.77279,1.77331,1.00,1.00
2016.12.28 07:41:33.508,1.77279,1.77329,1.00,1.00
2016.12.28 07:41:33.559,1.77272,1.77329,1.00,1.00
2016.12.28 07:41:33.762,1.77273,1.77331,1.00,1.00
2016.12.28 07:41:33.812,1.77272,1.77328,1.50,1.00
2016.12.28 07:41:34.117,1.77274,1.77329,1.00,1.00
2016.12.28 07:41:34.629,1.77272,1.77328,1.50,1.00
2016.12.28 07:41:34.680,1.77272,1.7733,1.50,1.00
2016.12.28 07:41:34.730,1.77274,1.7733,1.00,1.00
2016.12.28 07:41:35.973,1.77273,1.77329,1.00,1.00
2016.12.28 07:41:39.093,1.77273,1.7733,1.00,1.12
2016.12.28 07:41:39.640,1.77272,1.77329,1.00,1.00
2016.12.28 07:41:40.241,1.77274,1.77329,1.00,1.00
2016.12.28 07:41:41.501,1.77272,1.7733,1.00,1.00
2016.12.28 07:41:41.552,1.7727,1.77328,1.00,1.00
2016.12.28 07:41:41.995,1.77272,1.77328,1.00,1.00
2016.12.28 07:41:43.474,1.77272,1.77329,1.00,1.00
2016.12.28 07:41:44.474,1.77272,1.77326,1.00,1.00
2016.12.28 07:41:45.322,1.77272,1.77325,1.00,1.00
2016.12.28 07:41:45.472,1.77273,1.77328,1.00,1.12
2016.12.28 07:41:46.031,1.77273,1.77329,1.00,1.00
2016.12.28 07:41:49.064,1.77274,1.77329,1.00,1.00
2016.12.28 07:41:49.175,1.77281,1.77337,1.00,2.62
2016.12.28 07:41:49.277,1.77287,1.77342,1.00,1.00
2016.12.28 07:41:49.327,1.7729,1.77344,1.00,1.00
2016.12.28 07:41:49.429,1.77291,1.77348,1.00,1.12
2016.12.28 07:41:49.530,1.77287,1.77343,1.00,1.00
2016.12.28 07:41:49.789,1.77287,1.77345,1.00,1.00
2016.12.28 07:41:49.903,1.77285,1.77342,1.00,1.00
2016.12.28 07:41:50.246,1.77284,1.77335,1.00,1.00
2016.12.28 07:41:50.296,1.7728,1.77335,1.00,1.00
2016.12.28 07:41:50.819,1.7728,1.77336,1.00,1.00
2016.12.28 07:41:52.874,1.7728,1.77334,1.00,1.00
2016.12.28 07:41:53.354,1.77282,1.77339,1.00,1.00
2016.12.28 07:41:53.405,1.77285,1.77342,1.00,1.00
2016.12.28 07:41:53.707,1.77274,1.77331,1.12,1.00
2016.12.28 07:41:54.009,1.77272,1.77326,1.12,1.00
2016.12.28 07:41:54.060,1.77272,1.77328,1.87,1.00
2016.12.28 07:41:54.683,1.77272,1.77329,1.87,1.00
2016.12.28 07:41:54.848,1.77275,1.7733,1.00,1.00
2016.12.28 07:41:55.381,1.77275,1.77331,1.00,1.00
2016.12.28 07:41:55.432,1.77271,1.77328,1.50,1.00
2016.12.28 07:41:56.196,1.7727,1.77328,1.00,1.00
2016.12.28 07:41:57.430,1.77269,1.77327,1.00,1.00
2016.12.28 07:41:57.481,1.77268,1.77325,1.50,1.00
2016.12.28 07:41:57.799,1.7727,1.77328,1.00,1.12
2016.12.28 07:41:57.900,1.7727,1.77326,1.00,1.00
2016.12.28 07:41:58.257,1.77272,1.77327,1.00,1.00
2016.12.28 07:41:58.578,1.77268,1.77324,1.00,1.00
2016.12.28 07:41:58.906,1.77269,1.77326,1.00,1.00
2016.12.28 07:41:59.007,1.77267,1.77325,1.00,1.00
2016.12.28 07:41:59.135,1.77269,1.77326,1.00,1.00
2016.12.28 07:41:59.287,1.77267,1.77327,1.00,1.00
2016.12.28 07:41:59.388,1.7727,1.77327,1.00,1.00
2016.12.28 07:41:59.929,1.7727,1.77326,1.00,1.00
2016.12.28 07:42:00.053,1.77271,1.77328,1.00,1.12
2016.12.28 07:42:00.154,1.7727,1.77326,1.00,1.00
2016.12.28 07:42:00.406,1.77269,1.77328,1.00,1.00
2016.12.28 07:42:00.456,1.77269,1.77326,1.00,1.00
2016.12.28 07:42:00.720,1.7727,1.77328,1.00,1.50
2016.12.28 07:42:00.770,1.77268,1.77326,1.00,1.00
2016.12.28 07:42:01.074,1.77272,1.77328,1.00,1.00
2016.12.28 07:42:01.125,1.77268,1.77326,1.50,1.00
2016.12.28 07:42:01.226,1.77271,1.77329,1.00,1.00
2016.12.28 07:42:01.529,1.77269,1.77325,1.00,1.00
2016.12.28 07:42:01.680,1.7727,1.77328,1.00,1.00
2016.12.28 07:42:01.829,1.7727,1.77328,1.00,1.37
2016.12.28 07:42:01.880,1.77272,1.77329,1.00,1.00
2016.12.28 07:42:01.963,1.77269,1.77327,1.00,1.00
2016.12.28 07:42:02.065,1.77272,1.77328,1.00,1.00
2016.12.28 07:42:02.115,1.77269,1.77327,1.00,1.00
2016.12.28 07:42:02.216,1.77271,1.77327,1.00,1.00
2016.12.28 07:42:02.317,1.77269,1.77327,1.00,1.00
2016.12.28 07:42:02.454,1.77269,1.77325,1.00,1.00
2016.12.28 07:42:02.504,1.7727,1.77328,1.00,1.00
2016.12.28 07:42:02.807,1.77268,1.77327,1.00,1.00
2016.12.28 07:42:02.957,1.77271,1.77327,1.00,1.00
2016.12.28 07:42:03.143,1.77268,1.77326,1.00,1.00
2016.12.28 07:42:03.194,1.77273,1.77329,1.00,1.00
2016.12.28 07:42:03.466,1.77272,1.77331,1.00,1.87
2016.12.28 07:42:03.516,1.77274,1.7733,1.00,1.00
2016.12.28 07:42:03.724,1.77271,1.77329,1.00,1.00
2016.12.28 07:42:03.775,1.77269,1.77325,1.50,1.00
2016.12.28 07:42:04.077,1.77271,1.77327,1.00,1.00
2016.12.28 07:42:04.128,1.77269,1.77326,1.00,1.00
2016.12.28 07:42:04.421,1.77269,1.77323,1.00,1.00
2016.12.28 07:42:04.572,1.7727,1.77328,1.00,1.00
2016.12.28 07:42:04.673,1.7727,1.77326,1.00,1.00
2016.12.28 07:42:04.774,1.77272,1.77331,1.00,1.12
2016.12.28 07:42:04.875,1.77278,1.77333,1.00,1.00
2016.12.28 07:42:04.926,1.77281,1.77337,1.00,1.50
2016.12.28 07:42:05.077,1.77276,1.77334,1.50,1.00
2016.12.28 07:42:05.228,1.77279,1.77335,1.00,1.00
2016.12.28 07:42:05.279,1.77281,1.77339,1.00,1.50
2016.12.28 07:42:05.380,1.77279,1.77338,1.00,1.00
2016.12.28 07:42:05.481,1.7728,1.77336,1.00,1.00
2016.12.28 07:42:05.952,1.77282,1.77338,1.00,1.00
2016.12.28 07:42:06.053,1.77282,1.77341,1.00,1.12
2016.12.28 07:42:06.104,1.77281,1.77338,1.00,1.00
2016.12.28 07:42:06.505,1.77278,1.77336,1.00,1.00
2016.12.28 07:42:06.555,1.77277,1.77334,1.50,1.00
2016.12.28 07:42:06.927,1.77279,1.77336,1.00,1.00
2016.12.28 07:42:07.129,1.77277,1.77335,1.50,1.00
2016.12.28 07:42:07.230,1.77279,1.77336,1.00,1.00
2016.12.28 07:42:07.332,1.77275,1.77334,1.00,1.00
2016.12.28 07:42:07.534,1.77277,1.77336,1.50,1.00
2016.12.28 07:42:07.848,1.7728,1.77336,1.00,1.00
2016.12.28 07:42:07.949,1.77279,1.77338,1.00,1.12
2016.12.28 07:42:08.000,1.77279,1.77336,1.00,1.00
2016.12.28 07:42:08.239,1.7728,1.77338,1.00,1.12
2016.12.28 07:42:08.470,1.77282,1.77338,1.00,1.12
2016.12.28 07:42:08.604,1.7728,1.77338,1.00,1.12
2016.12.28 07:42:08.655,1.77279,1.77336,1.00,1.00
2016.12.28 07:42:08.856,1.77282,1.7734,1.00,1.87
2016.12.28 07:42:08.907,1.7728,1.77336,1.00,1.00
2016.12.28 07:42:09.008,1.77277,1.77334,1.50,1.00
2016.12.28 07:42:09.109,1.77277,1.77336,1.50,1.00
2016.12.28 07:42:09.160,1.77277,1.77334,1.50,1.00
2016.12.28 07:42:09.261,1.77279,1.77338,1.00,1.50
2016.12.28 07:42:09.564,1.77281,1.77338,1.00,1.50
2016.12.28 07:42:09.852,1.77277,1.77335,1.50,1.00
2016.12.28 07:42:09.903,1.7728,1.77338,1.00,1.00
2016.12.28 07:42:10.210,1.7728,1.77336,1.00,1.00
2016.12.28 07:42:10.362,1.77277,1.77336,1.50,1.00
2016.12.28 07:42:10.463,1.77281,1.7734,1.00,1.87
2016.12.28 07:42:10.514,1.77281,1.7734,1.00,1.50
2016.12.28 07:42:10.671,1.7728,1.77337,1.00,1.00
2016.12.28 07:42:10.772,1.77281,1.7734,1.00,1.50
2016.12.28 07:42:10.873,1.77282,1.77338,1.00,1.00
2016.12.28 07:42:10.924,1.7728,1.77337,1.50,1.00
2016.12.28 07:42:11.040,1.77284,1.77341,1.00,1.00
2016.12.28 07:42:12.367,1.77284,1.77338,1.00,1.00
2016.12.28 07:42:12.418,1.77282,1.77341,1.00,1.50
2016.12.28 07:42:12.468,1.77282,1.77339,1.00,1.00
2016.12.28 07:42:12.744,1.7728,1.77339,1.00,1.00
2016.12.28 07:42:12.946,1.77283,1.7734,1.00,1.00
2016.12.28 07:42:13.152,1.77283,1.77342,1.00,1.00
2016.12.28 07:42:14.636,1.77285,1.77341,1.00,1.00
2016.12.28 07:42:14.737,1.77284,1.77343,1.00,1.00
2016.12.28 07:42:15.223,1.77284,1.7734,1.00,1.00
2016.12.28 07:42:20.349,1.77283,1.77342,1.00,1.00
2016.12.28 07:42:31.275,1.77281,1.77338,1.00,1.00
2016.12.28 07:42:31.583,1.77281,1.7734,1.00,1.12
2016.12.28 07:42:31.737,1.77278,1.77337,1.00,1.00
2016.12.28 07:42:32.039,1.77284,1.77341,1.00,1.37
2016.12.28 07:42:32.254,1.77282,1.77339,1.50,1.00
2016.12.28 07:42:32.560,1.7728,1.77339,1.50,1.00
2016.12.28 07:42:32.661,1.77283,1.7734,1.00,1.12
2016.12.28 07:42:32.813,1.77281,1.7734,1.00,1.12
2016.12.28 07:42:32.927,1.77283,1.77342,1.00,1.37
2016.12.28 07:42:33.427,1.77284,1.77343,1.00,1.00
2016.12.28 07:42:36.860,1.77286,1.77343,1.00,1.00
2016.12.28 07:42:38.231,1.77284,1.77343,1.00,1.00
2016.12.28 07:42:43.316,1.77284,1.77341,1.00,1.00
2016.12.28 07:42:58.708,1.77284,1.77343,1.00,1.00
2016.12.28 07:42:59.265,1.77284,1.77341,1.00,1.00
2016.12.28 07:43:01.300,1.77282,1.77342,1.00,1.37
2016.12.28 07:43:01.351,1.77282,1.77337,1.00,1.00
2016.12.28 07:43:01.428,1.7728,1.77339,1.00,1.12
2016.12.28 07:43:01.479,1.77277,1.77338,1.00,1.37
2016.12.28 07:43:01.784,1.77279,1.77337,1.00,1.00
2016.12.28 07:43:02.288,1.77279,1.77338,1.00,1.87
2016.12.28 07:43:02.396,1.77277,1.77337,1.50,1.37
2016.12.28 07:43:02.529,1.7728,1.77337,1.00,1.37
2016.12.28 07:43:02.630,1.77277,1.77336,1.00,1.12
2016.12.28 07:43:02.782,1.77279,1.77338,1.00,1.50
2016.12.28 07:43:03.120,1.77277,1.77337,1.50,1.37
2016.12.28 07:43:03.487,1.77281,1.7734,1.00,1.37
2016.12.28 07:43:03.588,1.77277,1.77336,1.50,1.12
2016.12.28 07:43:03.702,1.77279,1.77338,1.00,1.12
2016.12.28 07:43:04.227,1.77282,1.77339,1.00,1.00
2016.12.28 07:43:04.380,1.7728,1.77339,1.50,1.00
2016.12.28 07:43:04.431,1.7728,1.77337,1.00,1.00
2016.12.28 07:43:04.640,1.7728,1.7734,1.00,1.00
2016.12.28 07:43:04.741,1.7728,1.77337,1.00,1.00
2016.12.28 07:43:04.901,1.77283,1.77342,1.00,1.37
2016.12.28 07:43:05.237,1.77282,1.77339,1.00,1.00
2016.12.28 07:43:05.389,1.77283,1.77342,1.00,1.37
2016.12.28 07:43:05.564,1.77282,1.77339,1.00,1.00
2016.12.28 07:43:05.768,1.77283,1.77342,1.00,1.37
2016.12.28 07:43:06.306,1.77283,1.77342,1.00,1.00
2016.12.28 07:43:10.555,1.77284,1.77344,1.12,1.00
2016.12.28 07:43:10.605,1.77287,1.77346,1.00,2.25
2016.12.28 07:43:10.908,1.77298,1.77356,1.00,1.75
2016.12.28 07:43:10.959,1.77297,1.77356,1.00,1.37
2016.12.28 07:43:11.475,1.77297,1.77356,1.00,1.00
2016.12.28 07:43:11.576,1.77296,1.77354,1.00,1.00
2016.12.28 07:43:13.054,1.77298,1.77349,1.00,1.00
2016.12.28 07:43:13.216,1.77301,1.77359,1.00,2.25
2016.12.28 07:43:14.004,1.773,1.77359,1.00,1.50
2016.12.28 07:43:14.056,1.77309,1.77359,1.00,1.00
2016.12.28 07:43:14.208,1.77307,1.77359,1.00,1.00
2016.12.28 07:43:14.259,1.77312,1.77367,1.00,1.00
2016.12.28 07:43:14.310,1.77309,1.77366,1.00,1.00
2016.12.28 07:43:14.361,1.77311,1.77366,1.00,1.00
2016.12.28 07:43:14.412,1.77311,1.77368,1.00,1.00
2016.12.28 07:43:14.613,1.77309,1.77366,1.00,1.00
2016.12.28 07:43:14.765,1.77297,1.77355,1.50,1.12
2016.12.28 07:43:15.040,1.77291,1.77349,1.00,1.00
2016.12.28 07:43:15.294,1.7728,1.77339,1.00,1.50
2016.12.28 07:43:15.345,1.77283,1.77339,1.00,1.00
2016.12.28 07:43:15.396,1.77284,1.77342,1.00,1.37
2016.12.28 07:43:15.446,1.77286,1.77342,1.00,1.37
2016.12.28 07:43:15.749,1.77288,1.77344,1.00,1.00
2016.12.28 07:43:15.862,1.77286,1.77344,1.00,1.50
2016.12.28 07:43:16.165,1.77288,1.77346,1.00,1.00
2016.12.28 07:43:16.501,1.77286,1.77344,1.00,1.00
2016.12.28 07:43:16.623,1.77287,1.77346,1.00,1.00
2016.12.28 07:43:16.775,1.77285,1.77345,1.00,1.00
2016.12.28 07:43:16.923,1.7729,1.77348,1.00,1.00
2016.12.28 07:43:17.226,1.77287,1.77347,1.00,1.00
2016.12.28 07:43:17.305,1.77287,1.77338,1.00,1.00
2016.12.28 07:43:17.402,1.77282,1.77341,1.00,1.00
2016.12.28 07:43:17.452,1.77282,1.77339,1.50,1.00
2016.12.28 07:43:17.503,1.77282,1.77341,1.00,1.00
2016.12.28 07:43:17.674,1.77284,1.77341,1.00,1.00
2016.12.28 07:43:17.908,1.77282,1.7734,1.00,1.00
2016.12.28 07:43:18.417,1.77281,1.77339,1.00,1.00
2016.12.28 07:43:18.619,1.77284,1.77342,1.00,1.00
2016.12.28 07:43:19.044,1.77283,1.7734,1.00,1.00
2016.12.28 07:43:19.347,1.77284,1.77342,1.00,1.00
2016.12.28 07:43:19.564,1.77282,1.7734,1.00,1.00
2016.12.28 07:43:19.615,1.77282,1.77342,1.00,1.00
2016.12.28 07:43:19.665,1.77283,1.7734,1.00,1.00
2016.12.28 07:43:19.817,1.77282,1.77343,1.00,1.00
2016.12.28 07:43:20.046,1.77282,1.77341,1.00,1.00
2016.12.28 07:43:20.154,1.77285,1.77345,1.00,1.00
2016.12.28 07:43:20.255,1.77284,1.77342,1.00,1.00
2016.12.28 07:43:20.561,1.77282,1.77342,1.00,1.00
2016.12.28 07:43:20.611,1.77284,1.77342,1.00,1.00
2016.12.28 07:43:20.751,1.77281,1.77341,1.50,1.00
2016.12.28 07:43:20.861,1.77284,1.77342,1.00,1.00
2016.12.28 07:43:20.962,1.77284,1.77344,1.00,1.00
2016.12.28 07:43:21.012,1.77284,1.77341,1.00,1.00
2016.12.28 07:43:21.113,1.77285,1.77343,1.00,1.00
2016.12.28 07:43:21.164,1.77285,1.77345,1.00,1.00
2016.12.28 07:43:21.215,1.77285,1.77343,1.00,1.00
2016.12.28 07:43:21.699,1.77283,1.77342,1.00,1.00
2016.12.28 07:43:21.876,1.77284,1.77344,1.00,1.00
2016.12.28 07:43:22.027,1.77283,1.77341,1.00,1.00
2016.12.28 07:43:22.329,1.77288,1.77345,1.50,1.00
2016.12.28 07:43:22.561,1.77287,1.77347,1.00,1.00
2016.12.28 07:43:23.063,1.77288,1.77348,1.00,1.00
2016.12.28 07:43:23.273,1.77289,1.77346,1.00,1.00
2016.12.28 07:43:23.375,1.77288,1.77348,1.00,1.00
2016.12.28 07:43:23.425,1.7729,1.77348,1.00,1.00
2016.12.28 07:43:23.526,1.77288,1.77347,1.00,1.00
2016.12.28 07:43:23.716,1.77292,1.77349,1.00,1.50
2016.12.28 07:43:24.129,1.77292,1.77346,1.00,1.00
2016.12.28 07:43:24.230,1.77292,1.77349,1.00,1.50
2016.12.28 07:43:25.015,1.77288,1.77346,1.00,1.00
2016.12.28 07:43:25.117,1.77288,1.77348,1.00,1.50
2016.12.28 07:43:25.660,1.77289,1.77348,1.50,1.00
2016.12.28 07:43:28.650,1.77291,1.77348,1.00,1.00
2016.12.28 07:43:28.751,1.77293,1.77351,1.00,1.00
2016.12.28 07:43:28.985,1.77294,1.77354,1.00,1.00
2016.12.28 07:43:29.206,1.77294,1.77348,1.00,1.00
2016.12.28 07:43:29.719,1.77293,1.77348,1.00,1.00
2016.12.28 07:43:29.770,1.77293,1.77351,1.00,1.00
2016.12.28 07:43:29.928,1.77293,1.77348,1.00,1.00
2016.12.28 07:43:30.138,1.77291,1.77348,1.50,1.00
2016.12.28 07:43:30.669,1.77292,1.77348,1.00,1.00
2016.12.28 07:43:30.886,1.77292,1.7735,1.50,1.00
2016.12.28 07:43:31.521,1.77291,1.7735,1.00,1.00
2016.12.28 07:43:32.135,1.77292,1.77352,1.00,1.00
2016.12.28 07:43:32.236,1.77292,1.7735,1.00,1.00
2016.12.28 07:43:33.655,1.77293,1.77351,1.00,1.00
2016.12.28 07:43:34.184,1.77292,1.7735,1.00,1.00
2016.12.28 07:43:34.735,1.77294,1.77352,1.00,1.00
2016.12.28 07:43:34.836,1.77291,1.77351,1.50,1.00
2016.12.28 07:43:35.208,1.77292,1.77349,1.00,1.00
2016.12.28 07:43:35.636,1.77294,1.77352,1.00,1.00
2016.12.28 07:43:35.687,1.77291,1.77351,1.50,1.00
2016.12.28 07:43:37.727,1.77293,1.7735,1.00,1.00
2016.12.28 07:43:37.778,1.77295,1.77355,1.00,1.50
2016.12.28 07:43:37.930,1.77297,1.77356,1.00,1.00
2016.12.28 07:43:38.031,1.77298,1.77358,1.50,1.50
2016.12.28 07:43:38.183,1.773,1.77357,1.00,1.00
2016.12.28 07:43:38.630,1.77303,1.77358,1.00,1.00
2016.12.28 07:43:38.859,1.773,1.77357,1.50,1.00
2016.12.28 07:43:39.010,1.773,1.77359,1.50,1.00
2016.12.28 07:43:39.533,1.773,1.77358,1.50,1.00
2016.12.28 07:43:41.631,1.77301,1.77358,1.00,1.50
2016.12.28 07:43:44.734,1.773,1.77358,1.50,1.00
2016.12.28 07:43:45.509,1.773,1.77359,1.50,1.50
2016.12.28 07:43:46.695,1.773,1.77358,1.50,1.00
2016.12.28 07:43:47.836,1.77299,1.77358,1.00,1.00
2016.12.28 07:43:49.640,1.77302,1.77359,1.00,1.50
2016.12.28 07:43:49.691,1.773,1.77358,1.00,1.00
2016.12.28 07:43:51.168,1.77302,1.77358,1.00,1.00
2016.12.28 07:43:51.470,1.77294,1.77348,1.00,1.00
2016.12.28 07:43:51.773,1.77288,1.77346,1.00,1.50
2016.12.28 07:43:52.075,1.77286,1.77342,1.00,1.00
2016.12.28 07:43:52.663,1.77287,1.77344,1.00,1.00
2016.12.28 07:43:53.236,1.77286,1.77346,1.50,1.50
2016.12.28 07:43:53.623,1.77288,1.77346,1.00,1.00
2016.12.28 07:43:54.264,1.77289,1.77345,1.00,1.00
2016.12.28 07:43:55.090,1.77288,1.77345,1.00,1.50
2016.12.28 07:43:55.719,1.77288,1.77346,1.00,1.00
2016.12.28 07:43:56.752,1.7729,1.77346,1.00,1.00
2016.12.28 07:43:57.063,1.77293,1.7735,1.00,1.00
2016.12.28 07:43:57.611,1.77294,1.77351,1.00,1.00
2016.12.28 07:43:58.137,1.77295,1.77351,1.00,1.00
2016.12.28 07:43:59.029,1.77294,1.77351,1.00,1.00
2016.12.28 07:43:59.132,1.77296,1.77352,1.00,1.00
2016.12.28 07:44:01.025,1.77296,1.77351,1.00,1.00
2016.12.28 07:44:01.481,1.77296,1.77353,1.00,1.00
2016.12.28 07:44:03.009,1.77296,1.77354,1.00,1.50
2016.12.28 07:44:03.908,1.77296,1.77353,1.00,1.00
2016.12.28 07:44:05.400,1.77296,1.77351,1.00,1.00
2016.12.28 07:44:05.825,1.77296,1.77353,1.00,1.00
2016.12.28 07:44:06.998,1.77296,1.77354,1.00,1.50
2016.12.28 07:44:07.851,1.77296,1.77353,1.00,1.00
2016.12.28 07:44:07.902,1.77296,1.77344,1.00,1.00
2016.12.28 07:44:08.203,1.77291,1.77341,1.00,1.00
2016.12.28 07:44:08.304,1.77289,1.77337,1.00,1.00
2016.12.28 07:44:08.506,1.77285,1.77335,1.00,1.00
2016.12.28 07:44:08.607,1.77282,1.77334,1.00,1.00
2016.12.28 07:44:08.758,1.7728,1.77333,1.00,1.00
2016.12.28 07:44:08.809,1.7728,1.7733,1.00,1.00
2016.12.28 07:44:08.860,1.77272,1.77324,1.12,1.00
2016.12.28 07:44:08.961,1.77271,1.77321,1.00,1.00
2016.12.28 07:44:09.206,1.77269,1.77321,1.00,1.00
2016.12.28 07:44:10.435,1.77269,1.77318,1.00,1.00
2016.12.28 07:44:12.000,1.77267,1.77318,1.00,1.00
2016.12.28 07:44:12.050,1.77267,1.77316,1.00,1.00
2016.12.28 07:44:12.328,1.77255,1.7731,1.12,1.00
2016.12.28 07:44:12.378,1.77257,1.77308,1.00,1.00
2016.12.28 07:44:12.530,1.77262,1.77314,1.50,1.00
2016.12.28 07:44:12.581,1.77266,1.77316,1.00,1.00
2016.12.28 07:44:12.904,1.77269,1.77316,1.00,1.00
2016.12.28 07:44:13.526,1.77269,1.77318,1.00,1.00
2016.12.28 07:44:14.035,1.77269,1.77317,1.00,1.00
2016.12.28 07:44:14.186,1.77267,1.77315,1.00,1.00
2016.12.28 07:44:14.237,1.77267,1.77318,1.00,1.00
2016.12.28 07:44:14.338,1.77267,1.77315,1.00,1.00
2016.12.28 07:44:14.388,1.77267,1.77317,1.00,1.00
2016.12.28 07:44:14.590,1.77267,1.77315,1.00,1.00
2016.12.28 07:44:14.691,1.77267,1.77318,1.00,1.00
2016.12.28 07:44:14.792,1.77267,1.77316,1.00,1.00
2016.12.28 07:44:15.095,1.77264,1.77312,1.00,1.00
2016.12.28 07:44:15.347,1.77262,1.77313,1.00,1.00
2016.12.28 07:44:15.432,1.77262,1.77316,1.00,1.50
2016.12.28 07:44:15.483,1.77262,1.77312,1.50,1.00
2016.12.28 07:44:15.534,1.77262,1.77315,1.50,1.00
2016.12.28 07:44:15.584,1.77265,1.77315,1.00,1.00
2016.12.28 07:44:15.917,1.77263,1.77313,1.00,1.00
2016.12.28 07:44:16.220,1.77262,1.77307,1.00,1.00
2016.12.28 07:44:16.270,1.77262,1.7731,1.00,1.00
2016.12.28 07:44:16.371,1.77262,1.77312,1.50,1.00
2016.12.28 07:44:16.422,1.77262,1.77307,1.50,1.00
2016.12.28 07:44:16.473,1.77262,1.77313,1.50,1.00
2016.12.28 07:44:16.523,1.77262,1.77309,1.00,1.00
2016.12.28 07:44:16.624,1.77262,1.77312,1.00,1.00
2016.12.28 07:44:16.675,1.77262,1.77306,1.00,1.00
2016.12.28 07:44:16.726,1.77262,1.77312,1.00,1.00
2016.12.28 07:44:16.927,1.77263,1.7731,1.00,1.00
2016.12.28 07:44:17.230,1.77262,1.77308,1.00,1.00
2016.12.28 07:44:17.281,1.77262,1.77312,1.00,1.00
2016.12.28 07:44:17.331,1.77262,1.77309,1.00,1.00
2016.12.28 07:44:17.553,1.77258,1.77308,1.00,1.00
2016.12.28 07:44:17.664,1.77261,1.77314,1.00,1.00
2016.12.28 07:44:17.759,1.77263,1.77314,1.00,1.00
2016.12.28 07:44:18.065,1.77266,1.77313,1.00,1.00
2016.12.28 07:44:18.116,1.77264,1.77313,1.00,1.00
2016.12.28 07:44:18.217,1.77264,1.77311,1.00,1.00
2016.12.28 07:44:18.419,1.77262,1.77312,1.50,1.00
2016.12.28 07:44:18.741,1.77262,1.77309,1.00,1.00
2016.12.28 07:44:18.792,1.77262,1.77312,1.00,1.00
2016.12.28 07:44:19.021,1.77263,1.7731,1.00,1.00
2016.12.28 07:44:19.072,1.77261,1.7731,1.00,1.00
2016.12.28 07:44:19.928,1.77262,1.7731,1.00,1.00
2016.12.28 07:44:20.315,1.77261,1.77308,1.00,1.00
2016.12.28 07:44:21.259,1.77261,1.77309,1.00,1.00
2016.12.28 07:44:21.955,1.77261,1.77307,1.00,1.00
2016.12.28 07:44:22.157,1.77253,1.77305,1.00,1.00
2016.12.28 07:44:22.208,1.77252,1.77302,1.50,1.00
2016.12.28 07:44:22.764,1.77252,1.77306,1.00,1.00
2016.12.28 07:44:22.814,1.77252,1.77301,1.00,1.00
2016.12.28 07:44:22.865,1.77252,1.77306,1.00,1.00
2016.12.28 07:44:22.916,1.77252,1.77302,1.00,1.00
2016.12.28 07:44:23.997,1.77252,1.77304,1.00,1.00
2016.12.28 07:44:24.770,1.77252,1.77302,1.50,1.00
2016.12.28 07:44:26.165,1.77252,1.77303,1.50,1.00
2016.12.28 07:44:27.609,1.77252,1.77304,1.50,1.00
2016.12.28 07:44:28.120,1.77253,1.77304,1.00,1.00
2016.12.28 07:44:29.395,1.77253,1.77305,1.00,1.00
2016.12.28 07:44:31.939,1.77253,1.77306,1.00,1.00
2016.12.28 07:44:32.918,1.77253,1.77305,1.00,1.00
2016.12.28 07:44:33.458,1.77252,1.77308,1.50,1.00
2016.12.28 07:44:33.710,1.77262,1.77308,1.00,1.00
2016.12.28 07:44:33.761,1.77262,1.77311,1.00,1.00
2016.12.28 07:44:33.913,1.77262,1.77314,1.00,1.00
2016.12.28 07:44:38.691,1.77262,1.77315,1.00,1.00
2016.12.28 07:44:40.513,1.77261,1.77315,1.00,1.00
2016.12.28 07:44:42.223,1.77262,1.77315,1.00,1.00
2016.12.28 07:44:42.751,1.77261,1.77315,1.00,1.00
2016.12.28 07:44:43.121,1.77262,1.77318,1.00,1.00
2016.12.28 07:44:43.373,1.77261,1.77315,1.50,1.00
2016.12.28 07:44:43.908,1.77261,1.77316,1.00,1.50
2016.12.28 07:44:44.278,1.77261,1.77314,1.00,1.00
2016.12.28 07:44:44.918,1.77261,1.77316,1.00,1.50
2016.12.28 07:44:44.969,1.77261,1.77314,1.00,1.00
2016.12.28 07:44:45.325,1.77261,1.77316,1.00,1.50
2016.12.28 07:44:45.419,1.77261,1.77314,1.00,1.00
2016.12.28 07:44:46.092,1.77261,1.77315,1.00,1.00
2016.12.28 07:44:46.617,1.77261,1.77316,1.00,1.50
2016.12.28 07:44:46.759,1.77259,1.77315,1.00,1.00
2016.12.28 07:44:47.335,1.7726,1.77316,1.00,1.50
2016.12.28 07:44:47.391,1.77258,1.77316,1.00,1.50
2016.12.28 07:44:50.308,1.77258,1.77314,1.50,1.00
2016.12.28 07:44:50.359,1.77259,1.77316,1.00,1.50
2016.12.28 07:44:50.716,1.77261,1.77317,1.00,1.00
2016.12.28 07:44:51.054,1.77257,1.77308,1.00,1.00
2016.12.28 07:44:51.419,1.77255,1.77308,1.50,1.00
2016.12.28 07:44:51.797,1.77257,1.77308,1.00,1.00
2016.12.28 07:44:51.848,1.77255,1.77308,2.25,1.00
2016.12.28 07:44:52.891,1.77257,1.77308,1.00,1.00
2016.12.28 07:44:53.542,1.77257,1.77309,1.00,1.00
2016.12.28 07:44:54.169,1.77256,1.77309,1.50,1.00
2016.12.28 07:44:54.741,1.77257,1.77309,1.00,1.00
2016.12.28 07:44:55.555,1.77258,1.77309,1.00,1.00
2016.12.28 07:44:56.467,1.77257,1.77309,1.00,1.00
2016.12.28 07:44:57.611,1.77256,1.77309,1.50,1.00
2016.12.28 07:45:00.457,1.77257,1.77308,1.00,1.00
2016.12.28 07:45:00.766,1.77265,1.77309,1.00,1.00
2016.12.28 07:45:01.305,1.77266,1.77318,1.50,1.00
2016.12.28 07:45:01.523,1.77264,1.77318,1.00,1.00
2016.12.28 07:45:02.186,1.77263,1.77318,1.00,1.00
2016.12.28 07:45:02.746,1.77264,1.77318,1.00,1.00
2016.12.28 07:45:04.556,1.77263,1.77318,1.00,1.00
2016.12.28 07:45:05.294,1.77262,1.77318,2.25,1.00
2016.12.28 07:45:06.738,1.77263,1.77318,1.00,1.00
2016.12.28 07:45:08.091,1.77263,1.77308,1.00,1.00
2016.12.28 07:45:08.794,1.77262,1.77308,1.00,1.00
2016.12.28 07:45:16.473,1.77263,1.77308,1.00,1.00
2016.12.28 07:45:17.289,1.77262,1.77308,1.00,1.00
2016.12.28 07:45:17.677,1.7726,1.77308,1.00,1.00
2016.12.28 07:45:17.728,1.77258,1.77308,1.87,1.00
2016.12.28 07:45:18.018,1.77259,1.77314,1.00,1.00
2016.12.28 07:45:18.069,1.7726,1.77312,1.00,1.00
2016.12.28 07:45:18.170,1.7726,1.77317,1.00,1.00
2016.12.28 07:45:18.230,1.7726,1.77319,1.50,2.25
2016.12.28 07:45:18.539,1.77261,1.77316,1.00,1.00
2016.12.28 07:45:18.590,1.77258,1.77316,1.50,1.00
2016.12.28 07:45:18.641,1.77258,1.77308,1.00,1.00
2016.12.28 07:45:18.691,1.77256,1.77308,1.00,1.00
2016.12.28 07:45:19.187,1.77258,1.77308,1.00,1.00
2016.12.28 07:45:20.641,1.77256,1.77308,1.00,1.00
2016.12.28 07:45:22.050,1.77258,1.77308,1.00,1.00
2016.12.28 07:45:23.476,1.77259,1.77308,1.00,1.00
2016.12.28 07:45:23.527,1.77256,1.77308,1.00,1.00
2016.12.28 07:45:24.034,1.77257,1.77308,1.00,1.00
2016.12.28 07:45:25.843,1.77258,1.77308,1.00,1.00
2016.12.28 07:45:28.602,1.77256,1.77308,1.00,1.00
2016.12.28 07:45:33.975,1.77257,1.77308,1.00,1.00
2016.12.28 07:45:34.543,1.77256,1.77308,1.00,1.00
2016.12.28 07:45:35.133,1.77255,1.77308,1.50,1.00
2016.12.28 07:45:38.554,1.77257,1.77314,1.00,1.00
2016.12.28 07:45:38.655,1.77256,1.77311,1.00,1.00
2016.12.28 07:45:39.488,1.77254,1.77311,1.00,1.00
2016.12.28 07:45:39.973,1.77257,1.77311,1.00,1.00
2016.12.28 07:45:40.482,1.77256,1.77309,1.00,1.00
2016.12.28 07:45:41.096,1.77254,1.77309,1.00,1.00
2016.12.28 07:45:43.992,1.77254,1.7731,1.00,1.00
2016.12.28 07:45:47.609,1.77255,1.7731,1.00,1.00
2016.12.28 07:45:48.138,1.77254,1.7731,1.00,1.00
2016.12.28 07:45:48.189,1.77254,1.77312,1.00,1.00
2016.12.28 07:45:49.557,1.77255,1.77311,1.00,1.00
2016.12.28 07:45:49.734,1.77257,1.77313,1.00,1.50
2016.12.28 07:45:49.785,1.77254,1.77312,1.00,1.00
2016.12.28 07:45:50.167,1.77253,1.7731,1.00,1.50
2016.12.28 07:45:51.604,1.77252,1.7731,1.50,1.00
2016.12.28 07:45:53.677,1.77254,1.77311,1.00,1.50
2016.12.28 07:45:53.778,1.77252,1.7731,1.50,1.00
2016.12.28 07:45:54.555,1.77253,1.77311,1.00,1.00
2016.12.28 07:45:54.606,1.77253,1.77309,1.00,1.00
2016.12.28 07:45:56.594,1.77252,1.7731,1.50,1.00
2016.12.28 07:45:57.674,1.77252,1.77311,1.50,1.50
2016.12.28 07:45:57.977,1.77269,1.77318,1.00,1.00
2016.12.28 07:45:58.308,1.77273,1.77318,1.00,1.00
2016.12.28 07:45:58.409,1.77273,1.77327,1.00,1.00
2016.12.28 07:45:58.538,1.77273,1.77329,1.00,1.00
2016.12.28 07:45:58.588,1.77275,1.77329,1.50,1.00
2016.12.28 07:45:58.988,1.77279,1.77333,1.00,1.50
2016.12.28 07:45:59.822,1.77279,1.77331,1.00,1.00
2016.12.28 07:46:01.272,1.77276,1.77331,1.00,1.00
2016.12.28 07:46:02.722,1.77276,1.77332,1.00,1.00
2016.12.28 07:46:03.735,1.77276,1.77331,1.00,1.00
2016.12.28 07:46:03.981,1.77276,1.77328,1.00,1.00
2016.12.28 07:46:04.410,1.77269,1.77327,1.50,1.00
2016.12.28 07:46:04.934,1.77269,1.77325,1.00,1.00
2016.12.28 07:46:05.320,1.77269,1.77327,1.50,1.00
2016.12.28 07:46:06.027,1.7727,1.77327,1.00,1.00
2016.12.28 07:46:06.696,1.77272,1.77328,1.00,1.00
2016.12.28 07:46:06.746,1.77269,1.77328,1.50,1.00
2016.12.28 07:46:07.343,1.77269,1.77326,1.50,1.00
2016.12.28 07:46:08.296,1.77269,1.77325,1.00,1.00
2016.12.28 07:46:08.892,1.77269,1.77326,1.00,1.00
2016.12.28 07:46:09.286,1.77269,1.77328,1.00,1.00
2016.12.28 07:46:09.337,1.77269,1.77325,1.00,1.00
2016.12.28 07:46:13.041,1.7727,1.77326,1.00,1.00
2016.12.28 07:46:14.985,1.77269,1.77328,1.87,1.00
2016.12.28 07:46:15.037,1.77281,1.77329,1.00,1.00
2016.12.28 07:46:15.088,1.77281,1.77331,1.00,1.00
2016.12.28 07:46:15.189,1.77285,1.77333,1.00,1.00
2016.12.28 07:46:15.239,1.77285,1.77338,1.00,1.12
2016.12.28 07:46:15.599,1.77288,1.77338,1.00,1.00
2016.12.28 07:46:17.206,1.77288,1.77339,1.00,1.00
2016.12.28 07:46:17.343,1.77288,1.77341,1.00,1.00
2016.12.28 07:46:17.471,1.77286,1.77342,1.12,1.00
2016.12.28 07:46:17.522,1.77288,1.77342,1.00,1.00
2016.12.28 07:46:17.721,1.77285,1.77341,1.37,1.00
2016.12.28 07:46:17.923,1.77284,1.7734,1.12,1.00
2016.12.28 07:46:19.685,1.77284,1.77339,1.00,1.00
2016.12.28 07:46:22.192,1.77282,1.77339,1.12,1.00
2016.12.28 07:46:24.550,1.77283,1.7734,1.00,1.00
2016.12.28 07:46:24.930,1.77283,1.77342,1.00,1.50
2016.12.28 07:46:24.981,1.77282,1.77339,1.12,1.00
2016.12.28 07:46:25.554,1.77292,1.77342,1.50,1.00
2016.12.28 07:46:25.605,1.77293,1.77348,1.37,1.00
2016.12.28 07:46:25.656,1.77294,1.77351,1.37,1.00
2016.12.28 07:46:25.707,1.77299,1.77351,1.00,1.00
2016.12.28 07:46:25.808,1.77294,1.77349,1.12,1.00
2016.12.28 07:46:26.176,1.77294,1.77347,1.12,1.00
2016.12.28 07:46:26.498,1.77292,1.77347,1.00,1.00
2016.12.28 07:46:26.708,1.77292,1.77349,1.00,2.25
2016.12.28 07:46:26.778,1.77292,1.77347,1.00,1.00
2016.12.28 07:46:27.597,1.77292,1.77348,1.00,1.00
2016.12.28 07:46:30.137,1.77291,1.77349,1.00,1.50
2016.12.28 07:46:30.557,1.77291,1.77349,1.00,1.87
2016.12.28 07:46:31.065,1.77292,1.77347,1.00,1.12
2016.12.28 07:46:31.415,1.77287,1.77342,1.00,1.00
2016.12.28 07:46:31.718,1.77277,1.77335,1.00,1.37
2016.12.28 07:46:31.920,1.77279,1.77335,1.00,2.25
2016.12.28 07:46:31.971,1.77277,1.77335,1.00,2.25
2016.12.28 07:46:32.022,1.77278,1.77333,1.00,1.00
2016.12.28 07:46:32.123,1.77276,1.77335,1.00,2.62
2016.12.28 07:46:32.726,1.77276,1.77333,1.00,1.37
2016.12.28 07:46:32.878,1.77273,1.77331,1.50,1.50
2016.12.28 07:46:33.029,1.77271,1.77327,1.00,1.00
2016.12.28 07:46:33.575,1.77272,1.77327,1.00,1.00
2016.12.28 07:46:35.234,1.77272,1.77328,1.00,1.00
2016.12.28 07:46:38.716,1.77272,1.7733,1.00,1.00
2016.12.28 07:46:44.535,1.77272,1.77329,1.00,1.00
2016.12.28 07:46:45.716,1.77272,1.77328,1.00,1.00
2016.12.28 07:46:46.709,1.77272,1.77329,1.00,1.00
2016.12.28 07:46:49.462,1.77273,1.7733,1.00,1.50
2016.12.28 07:46:51.955,1.77275,1.7733,1.87,1.00
2016.12.28 07:46:52.056,1.77276,1.77332,1.00,1.00
2016.12.28 07:46:52.623,1.77276,1.77334,1.50,1.00
2016.12.28 07:46:53.370,1.77281,1.77336,1.00,1.12
2016.12.28 07:46:53.471,1.77282,1.7734,1.00,1.37
2016.12.28 07:46:53.572,1.7728,1.77338,1.00,1.00
2016.12.28 07:46:54.937,1.77278,1.77337,1.87,1.00
2016.12.28 07:46:56.178,1.7728,1.77337,1.00,1.50
2016.12.28 07:46:56.875,1.77278,1.77337,1.87,1.50
2016.12.28 07:46:56.926,1.77284,1.77337,1.00,1.00
2016.12.28 07:46:56.977,1.77282,1.77339,1.50,1.00
2016.12.28 07:46:57.128,1.7728,1.77337,1.00,1.00
2016.12.28 07:46:57.532,1.77281,1.7734,1.00,1.50
2016.12.28 07:46:57.624,1.77281,1.77338,1.50,1.00
2016.12.28 07:46:57.876,1.77279,1.77337,1.00,1.00
2016.12.28 07:46:58.078,1.77277,1.77334,1.50,1.00
2016.12.28 07:46:58.896,1.77276,1.77334,1.00,1.00
2016.12.28 07:46:59.676,1.77276,1.77333,1.00,1.00
2016.12.28 07:47:00.812,1.77281,1.77335,1.00,1.50
2016.12.28 07:47:01.263,1.77278,1.77335,1.00,2.25
2016.12.28 07:47:01.414,1.77276,1.77335,1.00,2.25
2016.12.28 07:47:01.607,1.77278,1.77335,1.00,2.25
2016.12.28 07:47:02.936,1.77279,1.77335,1.00,1.50
2016.12.28 07:47:03.359,1.77276,1.77334,1.00,1.00
2016.12.28 07:47:03.636,1.77279,1.77335,1.00,1.50
2016.12.28 07:47:04.253,1.77277,1.77335,1.00,2.25
2016.12.28 07:47:04.956,1.77278,1.77335,1.00,1.50
2016.12.28 07:47:05.983,1.77278,1.77334,1.00,1.00
2016.12.28 07:47:07.115,1.77278,1.77335,1.50,1.00
2016.12.28 07:47:07.166,1.77281,1.77334,1.00,1.00
2016.12.28 07:47:07.387,1.77281,1.77336,1.00,1.12
2016.12.28 07:47:07.488,1.77279,1.77335,1.00,1.00
2016.12.28 07:47:07.808,1.77277,1.77335,1.50,1.00
2016.12.28 07:47:07.952,1.77279,1.77335,1.00,1.00
2016.12.28 07:47:08.003,1.77277,1.77334,1.12,1.00
2016.12.28 07:47:08.205,1.77275,1.77333,1.87,1.00
2016.12.28 07:47:08.306,1.77275,1.77331,1.00,1.00
2016.12.28 07:47:08.356,1.77273,1.77331,1.00,1.00
2016.12.28 07:47:09.334,1.77274,1.77332,1.00,1.00
2016.12.28 07:47:09.568,1.77276,1.77332,1.00,1.00
2016.12.28 07:47:10.205,1.77276,1.77333,1.50,1.50
2016.12.28 07:47:14.708,1.77277,1.77333,1.00,1.00
2016.12.28 07:47:14.809,1.77277,1.77336,1.00,1.00
2016.12.28 07:47:14.859,1.77279,1.77336,1.00,1.50
2016.12.28 07:47:15.724,1.77279,1.77337,1.50,1.50
2016.12.28 07:47:16.237,1.77281,1.77337,1.00,1.00
2016.12.28 07:47:16.321,1.77279,1.77337,1.50,1.00
2016.12.28 07:47:17.719,1.7728,1.77338,1.00,1.37
2016.12.28 07:47:18.309,1.77281,1.77339,1.50,1.50
2016.12.28 07:47:19.312,1.7728,1.77335,1.00,1.00
2016.12.28 07:47:19.362,1.77277,1.77334,1.00,1.00
2016.12.28 07:47:19.889,1.77276,1.77333,1.50,1.00
2016.12.28 07:47:20.090,1.77278,1.77333,1.00,1.00
2016.12.28 07:47:20.393,1.77282,1.77339,1.00,1.50
2016.12.28 07:47:21.040,1.77283,1.7734,1.00,2.62
2016.12.28 07:47:30.156,1.77286,1.7734,1.00,1.75
2016.12.28 07:47:30.258,1.77285,1.7734,1.50,1.37
2016.12.28 07:47:30.409,1.77287,1.7734,1.00,1.00
2016.12.28 07:47:30.665,1.77295,1.7735,1.00,1.00
2016.12.28 07:47:30.816,1.77295,1.77348,1.50,1.00
2016.12.28 07:47:31.197,1.77297,1.77348,1.00,1.00
2016.12.28 07:47:31.261,1.77297,1.77351,1.00,1.00
2016.12.28 07:47:32.114,1.77296,1.77351,1.00,1.00
2016.12.28 07:47:32.216,1.77299,1.77354,1.00,1.50
2016.12.28 07:47:32.518,1.77308,1.77363,1.00,1.50
2016.12.28 07:47:33.026,1.77308,1.77361,1.00,1.00
2016.12.28 07:47:33.076,1.77306,1.77361,1.00,1.00
2016.12.28 07:47:33.228,1.77305,1.77359,1.50,1.00
2016.12.28 07:47:33.671,1.77303,1.77359,1.00,1.12
2016.12.28 07:47:34.208,1.77304,1.77359,1.50,1.00
2016.12.28 07:47:34.711,1.77305,1.77359,1.00,1.00
2016.12.28 07:47:35.288,1.77304,1.7736,1.50,1.12
2016.12.28 07:47:35.377,1.77302,1.77356,1.00,1.00
2016.12.28 07:47:35.478,1.77298,1.77354,1.50,1.00
2016.12.28 07:47:36.018,1.77298,1.77355,1.00,1.00
2016.12.28 07:47:36.958,1.77298,1.77348,1.50,1.00
2016.12.28 07:47:37.059,1.77298,1.77353,1.00,1.37
2016.12.28 07:47:37.160,1.77295,1.77348,1.00,1.37
2016.12.28 07:47:37.210,1.77291,1.77346,1.00,1.00
2016.12.28 07:47:37.453,1.77289,1.77347,1.50,1.87
2016.12.28 07:47:37.504,1.77291,1.77347,1.00,1.12
2016.12.28 07:47:43.511,1.77292,1.77349,1.00,1.50
2016.12.28 07:47:43.721,1.77294,1.77349,1.00,1.00
2016.12.28 07:47:43.923,1.77298,1.77355,1.00,1.00
2016.12.28 07:47:44.024,1.773,1.77355,1.00,1.00
2016.12.28 07:47:44.542,1.77299,1.77355,1.00,1.50
2016.12.28 07:47:45.083,1.77298,1.77354,1.00,1.00
2016.12.28 07:47:45.412,1.77301,1.77357,1.00,1.50
2016.12.28 07:47:45.951,1.77302,1.77357,1.00,1.00
2016.12.28 07:47:46.485,1.77302,1.77358,1.50,1.00
2016.12.28 07:47:48.900,1.77314,1.77362,1.00,1.00
2016.12.28 07:47:48.951,1.77315,1.77368,1.00,1.75
2016.12.28 07:47:49.002,1.77317,1.77374,1.00,1.50
2016.12.28 07:47:49.053,1.77317,1.77374,1.00,1.12
2016.12.28 07:47:53.897,1.77317,1.77375,1.00,1.50
2016.12.28 07:47:54.500,1.77317,1.77375,1.00,1.87
2016.12.28 07:47:55.106,1.77316,1.77375,1.00,1.37
2016.12.28 07:47:57.684,1.77316,1.77373,1.00,1.00
2016.12.28 07:47:58.539,1.77315,1.77373,1.00,1.12
2016.12.28 07:47:59.603,1.77314,1.77373,1.00,1.87
2016.12.28 07:48:03.625,1.77315,1.77373,1.00,1.12
2016.12.28 07:48:04.029,1.77313,1.77372,1.50,1.00
2016.12.28 07:48:04.130,1.77313,1.7737,1.00,1.00
2016.12.28 07:48:04.332,1.77307,1.77365,1.00,1.00
2016.12.28 07:48:04.382,1.77309,1.77365,1.00,1.00
2016.12.28 07:48:04.584,1.77309,1.77368,1.00,1.50
2016.12.28 07:48:05.115,1.7731,1.77368,1.00,1.00
2016.12.28 07:48:06.137,1.77311,1.77368,1.00,1.00
2016.12.28 07:48:06.471,1.77309,1.77368,1.50,1.00
2016.12.28 07:48:06.572,1.77311,1.77367,1.00,1.00
2016.12.28 07:48:06.773,1.77309,1.77367,1.00,1.00
2016.12.28 07:48:06.874,1.77307,1.77365,1.00,1.00
2016.12.28 07:48:07.206,1.7731,1.77367,1.00,1.00
2016.12.28 07:48:07.606,1.77312,1.77368,1.00,1.00
2016.12.28 07:48:08.599,1.77312,1.77369,1.00,1.50
2016.12.28 07:48:11.808,1.77312,1.77368,1.50,1.00
2016.12.28 07:48:12.402,1.77312,1.77358,1.00,1.00
2016.12.28 07:48:12.467,1.77308,1.77358,1.00,1.00
2016.12.28 07:48:12.518,1.77311,1.77363,1.00,1.00
2016.12.28 07:48:12.752,1.77311,1.77365,1.00,1.00
2016.12.28 07:48:13.324,1.77312,1.77364,1.00,1.00
2016.12.28 07:48:13.919,1.77312,1.77365,1.00,1.00
2016.12.28 07:48:14.833,1.77312,1.77364,1.00,1.00
2016.12.28 07:48:15.523,1.77312,1.77365,1.00,1.00
2016.12.28 07:48:17.219,1.77311,1.77365,1.00,1.00
2016.12.28 07:48:17.419,1.77313,1.77365,1.00,1.00
2016.12.28 07:48:17.570,1.77313,1.77368,1.50,1.00
2016.12.28 07:48:17.637,1.77317,1.77372,1.00,1.00
2016.12.28 07:48:17.688,1.77317,1.77374,1.50,1.00
2016.12.28 07:48:18.532,1.77316,1.77373,1.50,1.00
2016.12.28 07:48:19.705,1.77316,1.77372,1.00,1.00
2016.12.28 07:48:19.928,1.77316,1.77374,1.50,1.00
2016.12.28 07:48:20.136,1.77316,1.77372,1.00,1.00
2016.12.28 07:48:20.640,1.77315,1.77372,1.50,1.50
2016.12.28 07:48:21.249,1.77316,1.77372,1.00,1.00
2016.12.28 07:48:21.590,1.77316,1.77368,1.00,1.00
2016.12.28 07:48:22.100,1.77315,1.77368,1.00,1.00
2016.12.28 07:48:26.430,1.77316,1.77368,1.00,1.00
2016.12.28 07:48:27.668,1.77314,1.77368,1.00,1.00
2016.12.28 07:48:28.183,1.77315,1.77368,1.00,1.00
2016.12.28 07:48:28.322,1.77315,1.77358,1.00,1.00
2016.12.28 07:48:28.373,1.77313,1.77369,1.00,1.50
2016.12.28 07:48:28.423,1.77313,1.77366,1.00,1.12
2016.12.28 07:48:28.474,1.77306,1.77364,1.00,1.87
2016.12.28 07:48:28.557,1.77304,1.77361,1.00,1.00
2016.12.28 07:48:28.609,1.7731,1.77361,1.00,1.00
2016.12.28 07:48:28.660,1.77311,1.77364,1.00,1.00
2016.12.28 07:48:28.711,1.77313,1.77364,1.00,1.00
2016.12.28 07:48:28.762,1.77314,1.77369,1.00,1.00
2016.12.28 07:48:29.274,1.77315,1.77369,1.00,1.00
2016.12.28 07:48:30.010,1.77314,1.77369,1.00,1.00
2016.12.28 07:48:31.268,1.77314,1.77368,1.00,1.00
2016.12.28 07:48:32.156,1.77313,1.77369,1.50,1.00
2016.12.28 07:48:32.681,1.77312,1.77369,1.00,2.25
2016.12.28 07:48:34.539,1.77313,1.77369,1.00,1.50
2016.12.28 07:48:35.562,1.77313,1.77368,1.50,1.00
2016.12.28 07:48:36.063,1.77313,1.77369,1.87,1.00
2016.12.28 07:48:36.113,1.77315,1.77369,1.00,1.00
2016.12.28 07:48:36.405,1.77315,1.77372,1.00,1.00
2016.12.28 07:48:38.057,1.77315,1.77369,1.00,1.00
2016.12.28 07:48:38.263,1.77313,1.77369,1.00,1.00
2016.12.28 07:48:39.006,1.77312,1.77369,1.50,1.00
2016.12.28 07:48:40.227,1.77313,1.77369,1.00,1.00
2016.12.28 07:48:40.766,1.77309,1.77369,1.87,2.25
2016.12.28 07:48:41.285,1.77311,1.77369,1.50,1.00
2016.12.28 07:48:42.189,1.77311,1.77368,1.00,1.00
2016.12.28 07:48:42.240,1.7731,1.77366,1.00,1.00
2016.12.28 07:48:42.291,1.77307,1.77366,1.37,1.50
2016.12.28 07:48:42.997,1.77307,1.77366,1.00,1.50
2016.12.28 07:48:43.048,1.77313,1.77366,1.00,1.00
2016.12.28 07:48:43.099,1.77314,1.77368,1.00,1.50
2016.12.28 07:48:43.150,1.77316,1.77368,1.00,1.00
2016.12.28 07:48:45.011,1.77316,1.77373,1.50,1.00
2016.12.28 07:48:46.075,1.77315,1.77372,1.50,1.00
2016.12.28 07:48:47.294,1.77315,1.77373,1.50,1.00
2016.12.28 07:48:47.827,1.77315,1.77372,1.00,1.00
2016.12.28 07:48:48.018,1.77315,1.77375,1.50,1.87
2016.12.28 07:48:48.254,1.77318,1.77375,1.00,1.50
2016.12.28 07:48:48.499,1.77316,1.77374,1.12,1.00
2016.12.28 07:48:48.797,1.77316,1.77372,1.00,1.00
2016.12.28 07:48:49.099,1.77313,1.77369,1.00,1.00
2016.12.28 07:48:49.200,1.77311,1.77368,1.87,1.00
2016.12.28 07:48:50.309,1.77312,1.77368,1.00,1.00
2016.12.28 07:48:50.485,1.7731,1.77368,1.00,1.00
2016.12.28 07:48:51.306,1.77311,1.77368,1.50,1.00
2016.12.28 07:48:51.596,1.7731,1.77363,1.00,1.00
2016.12.28 07:48:51.697,1.77305,1.77362,1.87,1.00
2016.12.28 07:48:51.747,1.77305,1.77359,1.12,1.00
2016.12.28 07:48:51.848,1.77302,1.77359,1.00,2.25
2016.12.28 07:48:52.409,1.77301,1.77359,1.50,1.00
2016.12.28 07:48:57.782,1.77301,1.77359,1.50,1.37
2016.12.28 07:48:58.374,1.77302,1.77359,1.00,1.37
2016.12.28 07:48:59.119,1.77302,1.77359,1.00,1.50
2016.12.28 07:48:59.782,1.77302,1.77358,1.50,1.00
2016.12.28 07:49:00.349,1.77301,1.77358,1.00,1.50
2016.12.28 07:49:00.871,1.77302,1.77358,1.00,1.00
2016.12.28 07:49:01.117,1.77301,1.7736,1.50,1.00
2016.12.28 07:49:01.370,1.77303,1.77361,1.00,1.87
2016.12.28 07:49:02.566,1.77306,1.77361,1.50,1.00
2016.12.28 07:49:02.631,1.77308,1.77366,1.87,1.12
2016.12.28 07:49:02.681,1.77313,1.77369,1.00,1.75
2016.12.28 07:49:02.732,1.77313,1.77369,1.00,1.00
2016.12.28 07:49:03.295,1.77312,1.77369,1.00,1.00
2016.12.28 07:49:03.476,1.77312,1.77367,1.00,1.00
2016.12.28 07:49:04.678,1.77309,1.77367,1.00,1.87
2016.12.28 07:49:04.981,1.77311,1.77368,1.00,3.37
2016.12.28 07:49:05.132,1.77311,1.77368,1.00,2.25
2016.12.28 07:49:05.676,1.77312,1.77368,1.00,1.50
2016.12.28 07:49:05.993,1.77313,1.77366,1.00,1.00
2016.12.28 07:49:06.043,1.77311,1.77366,1.00,1.00
2016.12.28 07:49:06.332,1.77308,1.77364,1.00,1.00
2016.12.28 07:49:06.433,1.77314,1.77368,1.00,1.00
2016.12.28 07:49:06.735,1.7731,1.77367,1.00,1.00
2016.12.28 07:49:06.887,1.77308,1.77366,1.50,1.50
2016.12.28 07:49:07.723,1.77311,1.77366,1.00,1.00
2016.12.28 07:49:08.488,1.77311,1.77368,1.00,1.50
2016.12.28 07:49:08.539,1.77314,1.77368,1.00,1.00
2016.12.28 07:49:08.589,1.77314,1.77374,1.00,1.87
2016.12.28 07:49:08.640,1.7732,1.77375,1.00,1.75
2016.12.28 07:49:08.741,1.77321,1.77376,1.00,1.00
2016.12.28 07:49:08.842,1.77321,1.77378,1.00,1.00
2016.12.28 07:49:10.056,1.77321,1.77376,1.00,1.00
2016.12.28 07:49:13.627,1.7732,1.77376,1.00,1.00
2016.12.28 07:49:16.955,1.7732,1.77378,1.00,1.50
2016.12.28 07:49:17.056,1.77323,1.77379,1.00,1.00
2016.12.28 07:49:17.496,1.77323,1.77377,1.00,1.00
2016.12.28 07:49:17.756,1.7732,1.77377,1.00,1.12
2016.12.28 07:49:17.908,1.7732,1.77375,1.00,1.00
2016.12.28 07:49:19.372,1.7732,1.77376,1.00,1.00
2016.12.28 07:49:19.574,1.7732,1.77378,1.00,1.00
2016.12.28 07:49:19.624,1.77319,1.77375,1.00,1.00
2016.12.28 07:49:19.675,1.77319,1.77378,1.00,1.00
2016.12.28 07:49:19.776,1.77321,1.77377,1.00,1.00
2016.12.28 07:49:20.460,1.7732,1.77376,1.00,1.00
2016.12.28 07:49:21.471,1.7732,1.77377,1.00,1.00
2016.12.28 07:49:26.908,1.7732,1.77378,1.00,1.50
2016.12.28 07:49:27.211,1.77323,1.77379,1.00,1.50
2016.12.28 07:49:27.261,1.7732,1.77378,1.12,1.00
2016.12.28 07:49:27.312,1.7732,1.77376,1.00,1.00
2016.12.28 07:49:27.696,1.7732,1.77376,1.00,1.37
2016.12.28 07:49:27.897,1.7732,1.77376,1.00,1.00
2016.12.28 07:49:29.078,1.77321,1.77376,1.00,1.00
2016.12.28 07:49:29.740,1.77321,1.77377,1.00,1.12
2016.12.28 07:49:30.071,1.7732,1.77375,1.00,1.00
2016.12.28 07:49:30.657,1.77321,1.77375,1.00,1.00
2016.12.28 07:49:30.906,1.77321,1.77377,1.00,1.00
2016.12.28 07:49:32.004,1.77321,1.77376,1.00,1.00
2016.12.28 07:49:32.574,1.77321,1.77375,1.00,1.00
2016.12.28 07:49:32.847,1.77319,1.77375,1.00,1.12
2016.12.28 07:49:33.210,1.77319,1.77368,1.00,1.00
2016.12.28 07:49:33.934,1.77319,1.77369,1.00,1.00
2016.12.28 07:49:38.090,1.77319,1.77368,1.00,1.00
2016.12.28 07:49:38.600,1.77314,1.77368,1.00,1.00
2016.12.28 07:49:39.210,1.77313,1.77369,1.00,1.00
2016.12.28 07:49:40.394,1.77315,1.77369,1.00,1.00
2016.12.28 07:49:40.755,1.77313,1.77368,1.00,1.00
2016.12.28 07:49:52.910,1.77313,1.77369,1.00,1.00
2016.12.28 07:49:53.067,1.77311,1.77369,1.00,1.00
2016.12.28 07:49:53.776,1.77309,1.77367,1.00,1.00
2016.12.28 07:49:54.317,1.77307,1.77367,1.87,1.00
2016.12.28 07:49:55.735,1.77307,1.77358,1.87,1.00
2016.12.28 07:49:58.556,1.77307,1.77367,1.87,1.50
2016.12.28 07:49:59.787,1.77307,1.77367,1.50,1.50
2016.12.28 07:50:00.533,1.77309,1.77367,1.00,1.00
2016.12.28 07:50:01.063,1.77308,1.77366,1.00,1.00
2016.12.28 07:50:01.387,1.77307,1.77364,1.00,1.50
2016.12.28 07:50:01.746,1.77306,1.77358,1.00,1.00
2016.12.28 07:50:02.406,1.77306,1.77364,1.00,1.00
2016.12.28 07:50:02.918,1.77306,1.77358,1.00,1.00
2016.12.28 07:50:03.043,1.77303,1.77358,1.12,1.00
2016.12.28 07:50:03.551,1.77302,1.77359,1.00,1.00
2016.12.28 07:50:03.652,1.773,1.77358,1.50,1.00
2016.12.28 07:50:04.184,1.77301,1.77357,1.00,1.00
2016.12.28 07:50:05.293,1.773,1.77357,1.50,1.00
2016.12.28 07:50:05.818,1.773,1.77358,1.00,1.00
2016.12.28 07:50:07.616,1.77302,1.77358,1.00,1.00
2016.12.28 07:50:08.861,1.77301,1.77358,1.00,1.50
2016.12.28 07:50:14.277,1.773,1.77358,1.12,1.00
2016.12.28 07:50:14.654,1.77298,1.77354,1.00,1.00
2016.12.28 07:50:18.553,1.77298,1.77356,1.00,1.00
2016.12.28 07:50:18.654,1.773,1.77356,1.00,1.00
2016.12.28 07:50:19.057,1.77298,1.77356,1.00,1.00
2016.12.28 07:50:21.495,1.77299,1.77356,1.00,1.00
2016.12.28 07:50:22.494,1.77301,1.77356,1.00,1.00
2016.12.28 07:50:22.736,1.773,1.77358,1.50,1.50
2016.12.28 07:50:23.434,1.77301,1.77358,1.00,1.50
2016.12.28 07:50:23.555,1.773,1.77355,1.00,1.00
2016.12.28 07:50:24.445,1.77299,1.77355,1.00,1.00
2016.12.28 07:50:24.970,1.773,1.77355,1.00,1.00
2016.12.28 07:50:28.513,1.77302,1.77355,1.00,1.00
2016.12.28 07:50:30.980,1.773,1.77355,1.00,1.00
2016.12.28 07:50:33.115,1.77301,1.77355,1.00,1.00
2016.12.28 07:50:33.657,1.77302,1.77355,1.00,1.00
2016.12.28 07:50:34.815,1.77303,1.77356,1.00,1.00
2016.12.28 07:50:36.189,1.77303,1.77357,1.00,1.00
2016.12.28 07:50:36.824,1.77302,1.77357,1.00,1.00
2016.12.28 07:50:38.441,1.77302,1.7736,1.00,1.00
2016.12.28 07:50:38.592,1.77305,1.7736,1.00,1.00
2016.12.28 07:50:39.190,1.77304,1.7736,1.00,1.00
2016.12.28 07:50:39.333,1.77302,1.7736,1.00,1.00
2016.12.28 07:50:39.434,1.77301,1.7735,1.00,1.00
2016.12.28 07:50:39.535,1.77292,1.7735,1.00,1.00
2016.12.28 07:50:39.623,1.77294,1.77351,1.00,1.00
2016.12.28 07:50:39.961,1.77297,1.77354,1.50,1.00
2016.12.28 07:50:40.475,1.77297,1.77353,1.00,1.00
2016.12.28 07:50:40.817,1.77297,1.77355,1.00,1.00
2016.12.28 07:50:41.503,1.77298,1.77355,1.00,1.00
2016.12.28 07:50:42.241,1.77299,1.77355,1.00,1.00
2016.12.28 07:50:43.872,1.773,1.77355,1.00,1.00
2016.12.28 07:50:44.283,1.77296,1.77355,1.00,1.50
2016.12.28 07:50:44.333,1.77299,1.77355,1.00,1.00
2016.12.28 07:50:44.934,1.77299,1.77354,1.00,1.00
2016.12.28 07:50:45.506,1.77299,1.77355,1.00,1.00
2016.12.28 07:50:45.607,1.77299,1.77357,1.00,1.50
2016.12.28 07:50:45.935,1.77301,1.77356,1.00,1.00
2016.12.28 07:50:46.735,1.77301,1.77357,1.00,1.00
2016.12.28 07:50:47.785,1.77301,1.77358,1.00,1.00
2016.12.28 07:50:49.065,1.77301,1.77359,1.00,1.50
2016.12.28 07:50:54.330,1.773,1.77358,1.00,1.00
2016.12.28 07:50:58.548,1.77306,1.77359,1.00,1.00
2016.12.28 07:50:59.271,1.77306,1.7736,1.00,1.00
2016.12.28 07:50:59.552,1.77302,1.77359,1.00,1.00
2016.12.28 07:50:59.857,1.77299,1.77359,1.50,1.50
2016.12.28 07:51:00.846,1.77299,1.77358,1.50,1.00
2016.12.28 07:51:01.503,1.77298,1.77358,1.00,1.50
2016.12.28 07:51:12.557,1.77302,1.77358,1.00,1.00
2016.12.28 07:51:12.881,1.773,1.77354,1.00,1.00
2016.12.28 07:51:13.444,1.773,1.77355,1.00,1.00
2016.12.28 07:51:14.280,1.773,1.77352,1.00,1.00
2016.12.28 07:51:14.381,1.77293,1.7735,1.37,1.50
2016.12.28 07:51:14.482,1.77296,1.77351,1.00,1.00
2016.12.28 07:51:14.820,1.77297,1.77353,1.00,1.00
2016.12.28 07:51:15.052,1.773,1.77353,1.00,1.00
2016.12.28 07:51:15.563,1.77299,1.77353,1.00,1.00
2016.12.28 07:51:15.904,1.77299,1.77349,1.00,1.00
2016.12.28 07:51:16.094,1.77296,1.77348,1.00,1.00
2016.12.28 07:51:16.237,1.77296,1.77345,1.00,1.00
2016.12.28 07:51:16.288,1.77292,1.77344,1.00,1.00
2016.12.28 07:51:16.339,1.77292,1.77342,1.00,1.00
2016.12.28 07:51:16.389,1.77288,1.77342,1.00,1.00
2016.12.28 07:51:17.510,1.77288,1.7734,1.00,1.00
2016.12.28 07:51:18.207,1.77287,1.7734,1.00,1.00
2016.12.28 07:51:22.734,1.77287,1.77342,1.00,1.00
2016.12.28 07:51:23.339,1.77287,1.77341,1.12,1.00
2016.12.28 07:51:24.425,1.77288,1.77341,1.00,1.00
2016.12.28 07:51:24.954,1.77288,1.77338,1.00,1.00
2016.12.28 07:51:25.106,1.77284,1.77338,1.00,1.00
2016.12.28 07:51:25.157,1.77284,1.7734,1.00,1.00
2016.12.28 07:51:25.258,1.77284,1.77342,1.00,1.50
2016.12.28 07:51:25.309,1.77286,1.77342,1.00,1.00
2016.12.28 07:51:26.991,1.773,1.77352,1.00,1.00
2016.12.28 07:51:27.042,1.773,1.77354,1.00,1.00
2016.12.28 07:51:27.570,1.773,1.77355,1.00,1.00
2016.12.28 07:51:27.936,1.773,1.77348,1.00,1.00
2016.12.28 07:51:28.065,1.77296,1.77348,1.00,1.00
2016.12.28 07:51:28.508,1.77296,1.77355,1.00,1.00
2016.12.28 07:51:28.666,1.77302,1.77355,1.00,1.00
2016.12.28 07:51:29.454,1.77302,1.77349,1.00,1.00
2016.12.28 07:51:29.767,1.77299,1.77349,1.00,1.00
2016.12.28 07:51:31.227,1.77301,1.77356,1.00,1.00
2016.12.28 07:51:31.592,1.77301,1.77353,1.00,1.00
2016.12.28 07:51:31.643,1.77301,1.77357,1.00,1.00
2016.12.28 07:51:31.990,1.77299,1.77357,1.00,1.50
2016.12.28 07:51:32.412,1.77306,1.77358,1.00,1.00
2016.12.28 07:51:32.735,1.77308,1.77358,1.00,1.00
2016.12.28 07:51:33.575,1.77308,1.77359,1.00,1.00
2016.12.28 07:51:33.950,1.77308,1.77361,1.00,1.00
2016.12.28 07:51:34.001,1.7731,1.77365,1.00,1.00
2016.12.28 07:51:34.102,1.77313,1.77365,1.00,1.00
2016.12.28 07:51:34.153,1.77313,1.77367,1.00,1.00
2016.12.28 07:51:34.304,1.77315,1.77367,1.00,1.00
2016.12.28 07:51:34.380,1.77315,1.77369,1.00,1.00
2016.12.28 07:51:34.911,1.77315,1.7737,1.00,1.00
2016.12.28 07:51:36.275,1.77313,1.7737,1.00,1.00
2016.12.28 07:51:37.064,1.77313,1.77369,1.00,1.00
2016.12.28 07:51:37.582,1.77313,1.77368,1.00,1.00
2016.12.28 07:51:38.168,1.77313,1.77369,1.00,1.00
2016.12.28 07:51:38.377,1.77315,1.77369,1.00,1.00
2016.12.28 07:51:38.878,1.77315,1.77368,1.00,1.00
2016.12.28 07:51:43.224,1.77322,1.77374,1.00,1.50
2016.12.28 07:51:43.375,1.77328,1.77381,1.00,1.00
2016.12.28 07:51:43.627,1.77325,1.77378,1.00,1.00
2016.12.28 07:51:43.973,1.77316,1.77369,1.00,1.00
2016.12.28 07:51:44.024,1.77314,1.77369,1.50,1.00
2016.12.28 07:51:44.125,1.77311,1.77369,1.00,2.25
2016.12.28 07:51:44.176,1.77311,1.77365,1.00,1.00
2016.12.28 07:51:44.730,1.77311,1.77364,1.00,1.00
2016.12.28 07:51:44.781,1.77311,1.77366,1.00,1.00
2016.12.28 07:51:45.703,1.77311,1.77365,1.00,1.00
2016.12.28 07:51:47.190,1.77311,1.77367,1.00,1.00
2016.12.28 07:51:49.496,1.77311,1.77365,1.00,1.00
2016.12.28 07:51:50.385,1.77311,1.77366,1.00,1.00
2016.12.28 07:51:50.681,1.77311,1.77369,1.37,1.50
2016.12.28 07:51:50.782,1.77315,1.77374,1.00,1.00
2016.12.28 07:51:50.832,1.77318,1.77372,1.00,1.00
2016.12.28 07:51:51.186,1.77319,1.7737,1.00,1.00
2016.12.28 07:51:51.237,1.77317,1.7737,1.00,1.00
2016.12.28 07:51:51.910,1.77317,1.77371,1.00,1.00
2016.12.28 07:51:52.204,1.7732,1.7737,1.00,1.00
2016.12.28 07:51:52.673,1.7732,1.77372,1.00,1.00
2016.12.28 07:51:52.724,1.77317,1.77371,1.00,1.00
2016.12.28 07:51:54.192,1.77317,1.77374,1.00,1.00
2016.12.28 07:51:54.597,1.77319,1.77374,1.00,1.00
2016.12.28 07:51:56.014,1.77319,1.77375,1.00,1.00
2016.12.28 07:51:57.275,1.77319,1.77372,1.00,1.00
2016.12.28 07:51:57.696,1.77319,1.7737,1.00,1.00
2016.12.28 07:51:57.999,1.77315,1.77365,1.00,1.00
2016.12.28 07:51:58.615,1.77314,1.77365,1.00,1.00
2016.12.28 07:51:59.690,1.77314,1.77366,1.00,1.00
2016.12.28 07:52:00.704,1.77311,1.77364,1.37,1.00
2016.12.28 07:52:01.006,1.77291,1.77341,1.00,1.00
2016.12.28 07:52:01.307,1.77287,1.77341,1.00,1.00
2016.12.28 07:52:02.908,1.77287,1.7734,1.00,1.00
2016.12.28 07:52:03.596,1.77287,1.77338,1.00,1.00
2016.12.28 07:52:03.907,1.77285,1.77335,1.00,1.00
2016.12.28 07:52:04.244,1.77283,1.77335,1.00,1.00
2016.12.28 07:52:04.775,1.77283,1.77336,1.00,1.00
2016.12.28 07:52:04.826,1.77282,1.77333,1.50,1.00
2016.12.28 07:52:05.128,1.77273,1.77323,1.00,1.00
2016.12.28 07:52:05.565,1.77273,1.77321,1.00,1.00
2016.12.28 07:52:05.616,1.77273,1.77324,1.00,1.00
2016.12.28 07:52:05.809,1.77269,1.77324,1.00,1.00
2016.12.28 07:52:06.722,1.77269,1.77325,1.00,1.00
2016.12.28 07:52:06.805,1.77269,1.77323,1.00,1.00
2016.12.28 07:52:07.027,1.77269,1.77325,1.00,1.00
2016.12.28 07:52:09.053,1.77268,1.77325,1.00,1.50
2016.12.28 07:52:23.896,1.77276,1.77325,1.00,1.00
2016.12.28 07:52:23.947,1.77272,1.77328,1.00,1.00
2016.12.28 07:52:24.049,1.77269,1.77328,1.50,1.00
2016.12.28 07:52:24.677,1.77271,1.77328,1.00,1.00
2016.12.28 07:52:24.728,1.77269,1.77328,1.00,1.00
2016.12.28 07:52:25.856,1.77269,1.77329,1.00,1.00
2016.12.28 07:52:26.685,1.77269,1.77328,1.50,1.00
2016.12.28 07:52:28.386,1.77269,1.77329,1.50,1.00
2016.12.28 07:52:29.169,1.77269,1.77328,1.50,1.00
2016.12.28 07:52:29.955,1.77271,1.77329,1.00,1.00
2016.12.28 07:52:30.528,1.77273,1.77329,1.00,1.00
2016.12.28 07:52:30.793,1.77283,1.77341,1.50,1.00
2016.12.28 07:52:30.844,1.77283,1.77338,1.00,1.00
2016.12.28 07:52:31.366,1.77282,1.77338,1.00,1.00
2016.12.28 07:52:33.108,1.77278,1.77334,1.00,1.00
2016.12.28 07:52:33.161,1.77273,1.7733,1.00,1.00
2016.12.28 07:52:33.262,1.77271,1.77329,1.00,1.00
2016.12.28 07:52:33.976,1.7727,1.77329,1.00,1.50
2016.12.28 07:52:34.393,1.7728,1.77329,1.00,1.00
2016.12.28 07:52:34.444,1.77283,1.77338,1.00,1.00
2016.12.28 07:52:34.569,1.77285,1.77344,1.00,1.50
2016.12.28 07:52:34.933,1.77286,1.77338,1.00,1.00
2016.12.28 07:52:35.471,1.77285,1.77338,1.50,1.00
2016.12.28 07:52:36.027,1.77286,1.77338,1.00,1.00
2016.12.28 07:52:36.705,1.77285,1.77338,1.50,1.00
2016.12.28 07:52:37.300,1.77287,1.77338,1.00,1.00
2016.12.28 07:52:38.393,1.77286,1.77338,1.00,1.00
2016.12.28 07:52:39.974,1.77287,1.77338,1.00,1.00
2016.12.28 07:52:40.024,1.77285,1.77338,1.50,1.00
2016.12.28 07:52:40.354,1.77285,1.77343,1.50,1.00
2016.12.28 07:52:40.404,1.77287,1.77343,1.00,1.00
2016.12.28 07:52:40.455,1.77285,1.77343,1.50,1.00
2016.12.28 07:52:40.602,1.77287,1.77344,1.00,1.00
2016.12.28 07:52:40.907,1.77287,1.77339,1.00,1.00
2016.12.28 07:52:40.958,1.77285,1.77339,1.50,1.00
2016.12.28 07:52:41.059,1.77285,1.77343,1.00,1.00
2016.12.28 07:52:41.384,1.77287,1.77344,1.00,1.00
2016.12.28 07:52:42.853,1.77284,1.77342,1.50,1.00
2016.12.28 07:52:43.975,1.77285,1.77342,1.00,1.00
2016.12.28 07:52:44.780,1.77286,1.77342,1.00,1.00
2016.12.28 07:52:44.881,1.77284,1.77342,1.50,1.00
2016.12.28 07:52:45.155,1.77284,1.7734,1.00,1.00
2016.12.28 07:52:47.257,1.77284,1.77342,1.00,1.00
2016.12.28 07:52:48.182,1.77284,1.77339,1.00,1.00
2016.12.28 07:52:48.459,1.77284,1.77342,1.50,1.00
2016.12.28 07:52:50.064,1.77284,1.77341,1.00,1.00
2016.12.28 07:52:50.955,1.77284,1.77338,1.00,1.00
2016.12.28 07:52:52.539,1.77283,1.77338,1.00,1.50
2016.12.28 07:52:52.683,1.77287,1.77346,1.00,1.50
2016.12.28 07:52:52.784,1.7729,1.77349,1.00,2.25
2016.12.28 07:52:53.087,1.77293,1.77349,1.00,1.00
2016.12.28 07:52:53.236,1.77293,1.77351,1.00,1.00
2016.12.28 07:52:53.388,1.77294,1.77348,1.00,1.00
2016.12.28 07:52:53.489,1.77292,1.77348,1.00,1.00
2016.12.28 07:52:53.765,1.77292,1.77351,1.50,1.00
2016.12.28 07:52:54.465,1.77292,1.77349,1.00,1.00
2016.12.28 07:52:54.718,1.77289,1.77347,1.00,1.00
2016.12.28 07:52:55.226,1.7729,1.77348,1.00,1.00
2016.12.28 07:52:55.476,1.7729,1.77346,1.00,1.00
2016.12.28 07:52:56.009,1.77291,1.77346,1.00,1.00
2016.12.28 07:52:57.065,1.77289,1.77346,1.00,1.00
2016.12.28 07:52:57.216,1.77284,1.77341,1.00,1.00
2016.12.28 07:52:57.317,1.77286,1.77344,1.50,1.00
2016.12.28 07:52:57.574,1.77285,1.77342,1.00,1.00
2016.12.28 07:52:57.900,1.77285,1.7734,1.00,1.00
2016.12.28 07:52:58.506,1.77283,1.7734,1.00,1.00
2016.12.28 07:52:59.205,1.77282,1.77339,1.00,1.00
2016.12.28 07:52:59.357,1.77284,1.77339,1.00,1.00
2016.12.28 07:52:59.407,1.77286,1.77342,1.00,1.00
2016.12.28 07:52:59.561,1.77284,1.77342,1.00,1.00
2016.12.28 07:52:59.872,1.77285,1.7734,1.00,1.00
2016.12.28 07:53:00.396,1.77284,1.7734,1.00,1.00
2016.12.28 07:53:00.517,1.77281,1.7734,1.50,1.00
2016.12.28 07:53:00.568,1.77281,1.77333,1.00,1.00
2016.12.28 07:53:00.618,1.77273,1.7733,1.00,1.00
2016.12.28 07:53:00.669,1.7727,1.7733,1.87,1.00
2016.12.28 07:53:00.720,1.7727,1.77326,1.00,1.00
2016.12.28 07:53:01.279,1.77269,1.77326,1.50,1.00
2016.12.28 07:53:02.425,1.77271,1.77326,1.00,1.00
2016.12.28 07:53:02.475,1.77269,1.77326,1.50,1.00
2016.12.28 07:53:02.576,1.77271,1.77326,1.00,1.00
2016.12.28 07:53:03.154,1.7727,1.77326,1.00,1.00
2016.12.28 07:53:04.475,1.77272,1.77326,1.00,1.00
2016.12.28 07:53:04.811,1.77274,1.7733,1.00,1.00
2016.12.28 07:53:05.556,1.77273,1.7733,1.00,1.00
2016.12.28 07:53:05.725,1.77271,1.7733,1.00,1.00
2016.12.28 07:53:06.291,1.77272,1.7733,1.00,1.00
2016.12.28 07:53:07.571,1.77273,1.7733,1.00,1.00
2016.12.28 07:53:07.981,1.77273,1.77327,1.00,1.00
2016.12.28 07:53:08.208,1.77273,1.7733,1.50,1.00
2016.12.28 07:53:08.525,1.77272,1.77327,1.00,1.00
2016.12.28 07:53:09.058,1.77271,1.77327,1.00,1.00
2016.12.28 07:53:09.586,1.7727,1.77327,1.50,1.00
2016.12.28 07:53:10.426,1.77271,1.77327,1.00,1.00
2016.12.28 07:53:11.539,1.7727,1.77327,1.50,1.00
2016.12.28 07:53:12.426,1.77271,1.77327,1.00,1.00
2016.12.28 07:53:13.994,1.77272,1.77327,1.00,1.00
2016.12.28 07:53:14.134,1.77273,1.7733,1.00,1.00
2016.12.28 07:53:14.626,1.77273,1.77332,1.50,1.00
2016.12.28 07:53:16.607,1.77272,1.77329,1.00,1.00
2016.12.28 07:53:17.821,1.77273,1.77332,1.00,1.00
2016.12.28 07:53:18.331,1.77275,1.77332,1.00,1.00
2016.12.28 07:53:18.714,1.77276,1.77334,1.50,1.00
2016.12.28 07:53:19.118,1.77276,1.77331,1.00,1.00
2016.12.28 07:53:19.466,1.77278,1.77331,1.00,1.00
2016.12.28 07:53:20.556,1.77279,1.77331,1.00,1.00
2016.12.28 07:53:20.606,1.77278,1.77335,1.00,1.00
2016.12.28 07:53:22.300,1.77275,1.77333,1.00,1.00
2016.12.28 07:53:22.546,1.77275,1.77331,1.00,1.00
2016.12.28 07:53:23.504,1.77275,1.77332,1.50,1.00
2016.12.28 07:53:26.555,1.77277,1.77332,1.00,1.00
2016.12.28 07:53:26.605,1.77275,1.77332,1.50,1.00
2016.12.28 07:53:30.636,1.77275,1.77331,1.00,1.00
2016.12.28 07:53:32.946,1.77274,1.77331,1.00,1.00
2016.12.28 07:53:32.996,1.77273,1.77328,1.00,1.00
2016.12.28 07:53:33.047,1.77269,1.77329,1.50,2.25
2016.12.28 07:53:33.148,1.77268,1.77325,1.00,1.00
2016.12.28 07:53:33.249,1.77269,1.77327,1.00,1.00
2016.12.28 07:53:33.350,1.77273,1.7733,1.00,1.00
2016.12.28 07:53:33.943,1.77272,1.77329,1.50,1.00
2016.12.28 07:53:34.486,1.77272,1.77328,1.00,1.00
2016.12.28 07:53:38.262,1.77271,1.77328,1.00,1.00
2016.12.28 07:53:39.919,1.77272,1.77329,1.00,1.00
2016.12.28 07:53:44.455,1.77271,1.77329,1.00,1.00
2016.12.28 07:53:46.454,1.77271,1.77318,1.00,1.00
2016.12.28 07:53:46.555,1.77263,1.77318,1.00,1.00
2016.12.28 07:53:46.606,1.77266,1.77318,1.00,1.00
2016.12.28 07:53:46.707,1.77266,1.77322,1.00,1.00
2016.12.28 07:53:46.758,1.77268,1.77323,1.00,1.00
2016.12.28 07:53:47.068,1.77267,1.77318,1.00,1.00
2016.12.28 07:53:48.016,1.77267,1.77323,1.00,1.00
2016.12.28 07:53:48.229,1.77267,1.77326,1.00,1.00
2016.12.28 07:53:48.536,1.77267,1.77324,1.00,1.00
2016.12.28 07:53:49.029,1.77267,1.77326,1.00,1.00
2016.12.28 07:53:49.529,1.77267,1.77323,1.00,1.00
2016.12.28 07:53:52.236,1.77269,1.77323,1.00,1.00
2016.12.28 07:53:52.778,1.77268,1.77318,1.00,1.00
2016.12.28 07:53:52.930,1.77266,1.77323,1.00,1.00
2016.12.28 07:53:52.980,1.77262,1.77319,1.50,1.00
2016.12.28 07:53:53.321,1.77259,1.77316,1.50,1.00
2016.12.28 07:53:53.777,1.77259,1.77313,1.00,1.00
2016.12.28 07:53:54.473,1.77257,1.77313,1.00,1.00
2016.12.28 07:53:54.624,1.77256,1.77303,1.00,1.00
2016.12.28 07:53:54.675,1.77245,1.77303,1.75,1.00
2016.12.28 07:53:54.776,1.77243,1.77296,1.00,1.00
2016.12.28 07:53:55.082,1.77245,1.773,1.00,1.00
2016.12.28 07:53:55.132,1.77248,1.773,1.00,1.00
2016.12.28 07:53:55.183,1.77249,1.77302,1.00,1.00
2016.12.28 07:53:55.234,1.77244,1.77301,1.00,1.00
2016.12.28 07:53:55.285,1.77242,1.77298,1.00,1.00
2016.12.28 07:53:55.386,1.77242,1.773,1.00,1.00
2016.12.28 07:53:55.437,1.77243,1.77303,1.00,1.50
2016.12.28 07:53:55.538,1.77251,1.77303,1.00,1.00
2016.12.28 07:53:55.640,1.77245,1.77301,1.00,1.00
2016.12.28 07:53:55.741,1.77245,1.77298,1.00,1.00
2016.12.28 07:53:55.842,1.77247,1.77305,1.50,1.00
2016.12.28 07:53:56.065,1.77241,1.77299,1.50,1.00
2016.12.28 07:53:56.217,1.77238,1.77297,1.00,1.00
2016.12.28 07:53:56.910,1.77238,1.77296,1.00,1.00
2016.12.28 07:53:57.658,1.77238,1.77293,1.00,1.00
2016.12.28 07:53:58.139,1.7724,1.77293,1.00,1.00
2016.12.28 07:53:58.190,1.77239,1.77296,1.00,1.00
2016.12.28 07:53:58.241,1.77239,1.77299,1.50,1.00
2016.12.28 07:53:58.487,1.77242,1.773,1.00,1.00
2016.12.28 07:53:58.996,1.77244,1.77301,1.00,1.00
2016.12.28 07:53:59.248,1.7725,1.7731,1.50,1.00
2016.12.28 07:53:59.399,1.77253,1.7731,1.00,1.00
2016.12.28 07:53:59.779,1.77253,1.77313,1.50,1.00
2016.12.28 07:54:00.135,1.77253,1.77311,1.00,1.00
2016.12.28 07:54:00.438,1.77245,1.77304,1.00,1.50
2016.12.28 07:54:00.488,1.77244,1.77302,1.00,1.00
2016.12.28 07:54:00.791,1.77242,1.77297,1.00,1.00
2016.12.28 07:54:01.321,1.77242,1.77298,1.00,1.00
2016.12.28 07:54:01.835,1.7724,1.77298,1.50,1.00
2016.12.28 07:54:02.787,1.7724,1.77296,1.00,1.00
2016.12.28 07:54:03.264,1.77238,1.77296,1.50,1.00
2016.12.28 07:54:03.315,1.77242,1.77296,1.00,1.00
2016.12.28 07:54:03.550,1.77266,1.77323,1.00,1.00
2016.12.28 07:54:03.776,1.77268,1.77325,1.00,1.50
2016.12.28 07:54:04.248,1.77268,1.77328,1.00,1.50
2016.12.28 07:54:04.549,1.77267,1.77326,1.50,1.00
2016.12.28 07:54:06.459,1.77267,1.77328,1.50,1.50
2016.12.28 07:54:07.160,1.77268,1.77328,1.00,1.50
2016.12.28 07:54:07.591,1.77267,1.77326,1.00,1.00
2016.12.28 07:54:07.893,1.77284,1.77336,1.00,1.00
2016.12.28 07:54:08.059,1.77284,1.77341,1.00,1.00
2016.12.28 07:54:08.608,1.77285,1.77341,1.00,1.00
2016.12.28 07:54:09.208,1.77285,1.77343,1.00,1.00
2016.12.28 07:54:09.514,1.77285,1.77341,1.00,1.00
2016.12.28 07:54:09.775,1.77282,1.7734,1.00,1.00
2016.12.28 07:54:09.951,1.77281,1.77338,1.00,1.00
2016.12.28 07:54:10.254,1.77282,1.77336,1.00,1.00
2016.12.28 07:54:10.532,1.77282,1.77338,1.50,1.00
2016.12.28 07:54:10.583,1.77284,1.77338,1.00,1.00
2016.12.28 07:54:10.634,1.77284,1.7734,1.00,1.00
2016.12.28 07:54:11.020,1.77291,1.7734,1.00,1.00
2016.12.28 07:54:12.112,1.77291,1.77339,1.00,1.00
2016.12.28 07:54:12.308,1.77281,1.77339,1.50,1.00
2016.12.28 07:54:12.951,1.77282,1.77339,1.00,1.00
2016.12.28 07:54:13.359,1.77284,1.77339,1.00,1.00
2016.12.28 07:54:13.661,1.77292,1.77345,1.00,1.00
2016.12.28 07:54:14.219,1.77291,1.77345,1.00,1.00
2016.12.28 07:54:14.809,1.77287,1.77345,1.00,1.00
2016.12.28 07:54:14.956,1.77286,1.77343,1.50,1.00
2016.12.28 07:54:15.410,1.77292,1.77343,1.00,1.00
2016.12.28 07:54:15.790,1.77287,1.77343,1.00,1.00
2016.12.28 07:54:16.010,1.77291,1.77343,1.00,1.00
2016.12.28 07:54:17.000,1.77287,1.77343,1.00,1.00
2016.12.28 07:54:17.517,1.77287,1.77342,1.00,1.00
2016.12.28 07:54:17.760,1.77291,1.77342,1.00,1.00
2016.12.28 07:54:18.845,1.77291,1.77343,1.00,1.00
2016.12.28 07:54:20.527,1.77291,1.77342,1.00,1.00
2016.12.28 07:54:21.075,1.77291,1.77343,1.00,1.00
2016.12.28 07:54:21.356,1.77291,1.77345,1.00,1.50
2016.12.28 07:54:22.301,1.77287,1.77345,1.50,1.50
2016.12.28 07:54:23.436,1.77288,1.77345,1.00,1.00
2016.12.28 07:54:25.408,1.77292,1.77345,1.00,1.00
2016.12.28 07:54:26.328,1.77292,1.77346,1.00,1.00
2016.12.28 07:54:26.639,1.77286,1.77345,1.00,1.00
2016.12.28 07:54:26.730,1.77285,1.77343,1.50,1.00
2016.12.28 07:54:27.356,1.77285,1.77341,1.00,1.00
2016.12.28 07:54:27.631,1.77285,1.77343,1.00,1.00
2016.12.28 07:54:30.048,1.77284,1.77343,1.00,1.00
2016.12.28 07:54:31.053,1.77284,1.77344,1.50,1.50
2016.12.28 07:54:31.695,1.77286,1.77344,1.00,1.50
2016.12.28 07:54:32.012,1.77282,1.77338,1.50,1.00
2016.12.28 07:54:32.608,1.77283,1.77338,1.00,1.00
2016.12.28 07:54:33.111,1.77284,1.77338,1.00,1.00
2016.12.28 07:54:33.263,1.77285,1.77341,1.00,1.00
2016.12.28 07:54:33.364,1.77283,1.77341,1.50,1.00
2016.12.28 07:54:34.039,1.77283,1.77338,1.00,1.00
2016.12.28 07:54:34.547,1.77282,1.77338,1.50,1.00
2016.12.28 07:54:34.978,1.77284,1.77338,1.00,1.50
2016.12.28 07:54:36.742,1.77285,1.77338,1.00,1.00
2016.12.28 07:54:37.139,1.77285,1.7734,1.00,1.00
2016.12.28 07:54:37.189,1.77294,1.7734,1.00,1.00
2016.12.28 07:54:37.290,1.77294,1.77349,1.50,1.00
2016.12.28 07:54:40.257,1.77314,1.77353,1.00,1.00
2016.12.28 07:54:40.308,1.77304,1.77353,1.00,1.00
2016.12.28 07:54:40.413,1.77316,1.77363,1.00,1.00
2016.12.28 07:54:40.463,1.77326,1.7738,1.00,1.00
2016.12.28 07:54:40.514,1.77324,1.7738,1.00,1.00
2016.12.28 07:54:40.565,1.77329,1.77372,1.00,1.00
2016.12.28 07:54:40.894,1.77315,1.77356,1.00,1.00
2016.12.28 07:54:40.995,1.77308,1.77354,1.00,1.00
2016.12.28 07:54:41.097,1.77303,1.77354,1.00,1.00
2016.12.28 07:54:41.148,1.77292,1.77337,1.50,1.00
2016.12.28 07:54:41.249,1.77287,1.77335,1.00,1.00
2016.12.28 07:54:41.351,1.77283,1.77335,1.00,1.00
2016.12.28 07:54:41.899,1.77284,1.77335,1.00,1.00
2016.12.28 07:54:42.250,1.77284,1.77333,1.00,1.00
2016.12.28 07:54:42.956,1.77284,1.77335,1.00,1.00
2016.12.28 07:54:43.057,1.77294,1.77339,1.00,1.50
2016.12.28 07:54:43.158,1.77286,1.77335,1.00,1.00
2016.12.28 07:54:43.441,1.77286,1.77333,1.00,1.00
2016.12.28 07:54:43.492,1.77283,1.77333,1.00,1.00
2016.12.28 07:54:44.956,1.77283,1.77337,1.00,1.00
2016.12.28 07:54:45.007,1.77283,1.7734,1.50,1.00
2016.12.28 07:54:45.127,1.77294,1.77348,1.00,1.00
2016.12.28 07:54:45.456,1.77299,1.7735,1.00,1.00
2016.12.28 07:54:47.111,1.77302,1.7735,1.00,1.00
2016.12.28 07:54:50.031,1.77302,1.77349,1.00,1.00
2016.12.28 07:54:50.082,1.77301,1.77351,1.00,1.00
2016.12.28 07:54:50.236,1.77303,1.77351,1.00,1.00
2016.12.28 07:54:51.026,1.77303,1.77353,1.00,1.00
2016.12.28 07:54:51.077,1.77303,1.77351,1.00,1.00
2016.12.28 07:54:51.232,1.77299,1.77348,1.00,1.00
2016.12.28 07:54:51.333,1.77296,1.77343,1.00,1.00
2016.12.28 07:54:51.435,1.77286,1.77338,1.12,1.00
2016.12.28 07:54:51.772,1.77286,1.7734,1.00,1.00
2016.12.28 07:54:52.233,1.77288,1.7734,1.00,1.00
2016.12.28 07:54:52.991,1.77288,1.77341,1.00,1.00
2016.12.28 07:54:53.304,1.77288,1.77339,1.00,1.00
2016.12.28 07:54:53.455,1.77285,1.7734,1.00,1.00
2016.12.28 07:54:53.820,1.77287,1.7734,1.00,1.00
2016.12.28 07:54:54.712,1.7729,1.7734,1.00,1.00
2016.12.28 07:54:55.027,1.77292,1.7734,1.00,1.00
2016.12.28 07:54:56.171,1.77292,1.77339,1.00,1.00
2016.12.28 07:54:56.450,1.77286,1.77337,1.00,1.00
2016.12.28 07:54:56.556,1.77286,1.77331,1.00,1.00
2016.12.28 07:54:56.858,1.77288,1.77333,1.00,1.00
2016.12.28 07:54:56.960,1.77285,1.77334,1.00,1.00
2016.12.28 07:54:57.061,1.77285,1.77336,1.00,1.00
2016.12.28 07:54:57.259,1.77288,1.77336,1.00,1.00
2016.12.28 07:54:58.031,1.77288,1.77335,1.00,1.00
2016.12.28 07:55:00.736,1.77288,1.77336,1.00,1.00
2016.12.28 07:55:03.957,1.77288,1.77335,1.00,1.00
2016.12.28 07:55:04.032,1.77285,1.77335,1.00,1.00
2016.12.28 07:55:04.737,1.77286,1.77336,1.00,1.00
2016.12.28 07:55:06.210,1.77287,1.77336,1.00,1.00
2016.12.28 07:55:10.443,1.77287,1.77338,1.00,1.00
2016.12.28 07:55:16.898,1.77287,1.77339,1.00,1.00
2016.12.28 07:55:16.949,1.77286,1.77336,1.00,1.00
2016.12.28 07:55:20.850,1.77289,1.77336,1.00,1.00
2016.12.28 07:55:21.150,1.77286,1.77336,1.00,1.00
2016.12.28 07:55:21.319,1.77286,1.77344,1.00,1.50
2016.12.28 07:55:21.470,1.77288,1.77345,1.50,1.00
2016.12.28 07:55:21.672,1.77291,1.77349,1.00,1.50
2016.12.28 07:55:21.853,1.77293,1.77351,1.00,1.00
2016.12.28 07:55:22.292,1.77296,1.77351,1.00,1.00
2016.12.28 07:55:22.597,1.77308,1.77358,1.00,1.00
2016.12.28 07:55:22.647,1.77308,1.77364,1.00,1.00
2016.12.28 07:55:22.857,1.77308,1.77366,1.00,1.00
2016.12.28 07:55:23.416,1.77309,1.77366,1.00,1.00
2016.12.28 07:55:23.998,1.77308,1.77366,1.00,1.00
2016.12.28 07:55:24.765,1.7731,1.77367,1.00,1.50
2016.12.28 07:55:25.832,1.77308,1.77367,1.50,1.50
2016.12.28 07:55:25.882,1.7731,1.77368,1.00,1.50
2016.12.28 07:55:26.391,1.77311,1.77368,1.00,1.00
2016.12.28 07:55:26.693,1.77323,1.77382,1.00,1.50
2016.12.28 07:55:26.958,1.77325,1.77382,1.00,1.50
2016.12.28 07:55:27.594,1.77326,1.77383,1.50,1.00
2016.12.28 07:55:28.936,1.77326,1.77384,1.50,1.00
2016.12.28 07:55:32.409,1.77326,1.77378,1.50,1.00
2016.12.28 07:55:32.711,1.77316,1.77367,1.00,1.00
2016.12.28 07:55:32.863,1.77311,1.77363,1.00,1.00
2016.12.28 07:55:32.914,1.77306,1.77363,1.50,1.50
2016.12.28 07:55:36.726,1.77306,1.77359,1.00,1.00
2016.12.28 07:55:37.159,1.77306,1.77363,1.00,1.50
2016.12.28 07:55:37.717,1.77306,1.77362,1.00,1.00
2016.12.28 07:55:40.952,1.77306,1.77363,1.00,1.50
2016.12.28 07:55:41.003,1.77304,1.77361,1.00,1.00
2016.12.28 07:55:44.303,1.77304,1.77359,1.50,1.00
2016.12.28 07:55:45.341,1.77304,1.77358,1.50,1.00
2016.12.28 07:55:45.643,1.77304,1.7736,1.50,1.00
2016.12.28 07:55:47.179,1.77304,1.77362,1.00,1.50
2016.12.28 07:55:48.188,1.77306,1.77362,1.00,1.00
2016.12.28 07:55:48.491,1.77311,1.77368,1.50,1.00
2016.12.28 07:55:48.816,1.77314,1.77369,1.00,1.00
2016.12.28 07:55:49.099,1.77312,1.77369,1.00,1.00
2016.12.28 07:55:49.651,1.77313,1.77369,1.00,1.00
2016.12.28 07:55:50.201,1.77312,1.77369,1.50,1.00
2016.12.28 07:55:52.635,1.77313,1.77369,1.00,1.50
2016.12.28 07:55:53.158,1.77312,1.77368,1.50,1.00
2016.12.28 07:55:53.710,1.77312,1.77368,1.00,1.00
2016.12.28 07:55:53.812,1.77311,1.77366,1.00,1.00
2016.12.28 07:55:54.132,1.77308,1.77362,1.00,1.00
2016.12.28 07:55:54.434,1.7731,1.77365,1.00,1.00
2016.12.28 07:55:54.541,1.77309,1.77363,1.00,1.00
2016.12.28 07:55:55.893,1.77309,1.77364,1.00,1.00
2016.12.28 07:55:56.220,1.77307,1.77364,1.00,1.00
2016.12.28 07:55:56.495,1.77303,1.7736,1.50,1.00
2016.12.28 07:55:57.059,1.77303,1.77359,1.00,1.00
2016.12.28 07:55:57.160,1.77301,1.77359,1.00,1.00
2016.12.28 07:55:57.789,1.77302,1.77359,1.00,1.50
2016.12.28 07:55:58.337,1.77303,1.77359,1.00,1.50
2016.12.28 07:55:58.493,1.77305,1.77359,1.00,1.00
2016.12.28 07:55:58.734,1.77305,1.77361,1.00,1.00
2016.12.28 07:55:59.108,1.77307,1.77361,1.00,1.00
2016.12.28 07:55:59.209,1.7731,1.77365,1.00,1.00
2016.12.28 07:55:59.512,1.7731,1.77368,1.00,1.00
2016.12.28 07:55:59.562,1.77313,1.77368,1.00,1.00
2016.12.28 07:56:00.159,1.77312,1.77369,1.00,2.25
2016.12.28 07:56:01.118,1.77313,1.77369,1.00,1.50
2016.12.28 07:56:01.915,1.77312,1.77368,1.00,1.00
2016.12.28 07:56:02.955,1.77313,1.77368,1.00,1.00
2016.12.28 07:56:04.196,1.77311,1.77368,1.00,1.00
2016.12.28 07:56:04.626,1.77309,1.77365,1.00,1.00
2016.12.28 07:56:05.121,1.7731,1.77358,1.00,1.00
2016.12.28 07:56:05.576,1.77308,1.77358,1.50,1.00
2016.12.28 07:56:05.980,1.7731,1.77358,1.00,1.00
2016.12.28 07:56:06.081,1.77308,1.77358,1.50,1.00
2016.12.28 07:56:06.641,1.77309,1.77358,1.00,1.00
2016.12.28 07:56:07.153,1.77308,1.77358,1.00,1.00
2016.12.28 07:56:07.690,1.77307,1.77358,1.00,1.00
2016.12.28 07:56:07.791,1.77306,1.77364,1.50,1.50
2016.12.28 07:56:07.841,1.77305,1.77361,1.00,1.00
2016.12.28 07:56:08.388,1.77305,1.7736,1.00,1.00
2016.12.28 07:56:08.934,1.77303,1.7736,1.00,1.50
2016.12.28 07:56:10.261,1.77303,1.77358,1.00,1.00
2016.12.28 07:56:10.878,1.77304,1.77358,1.00,1.00
2016.12.28 07:56:11.030,1.77311,1.77366,1.00,1.00
2016.12.28 07:56:11.080,1.77313,1.77366,1.00,1.00
2016.12.28 07:56:11.131,1.77314,1.77369,1.00,1.00
2016.12.28 07:56:11.232,1.77316,1.77369,1.00,1.00
2016.12.28 07:56:11.511,1.77318,1.77375,1.50,1.00
2016.12.28 07:56:12.323,1.77318,1.77377,1.50,1.00
2016.12.28 07:56:12.514,1.77318,1.77375,1.50,1.00
2016.12.28 07:56:12.850,1.77322,1.77369,1.00,1.00
2016.12.28 07:56:12.951,1.77322,1.77379,1.00,1.50
2016.12.28 07:56:13.152,1.77323,1.77369,1.00,1.00
2016.12.28 07:56:13.381,1.77323,1.77379,1.00,1.00
2016.12.28 07:56:13.535,1.77322,1.77377,1.00,1.00
2016.12.28 07:56:13.942,1.77322,1.77379,1.00,1.50
2016.12.28 07:56:14.761,1.77323,1.77379,1.00,1.00
2016.12.28 07:56:14.912,1.77327,1.77379,1.00,1.00
2016.12.28 07:56:14.963,1.77327,1.77382,1.00,1.00
2016.12.28 07:56:15.064,1.77329,1.77387,1.00,1.00
2016.12.28 07:56:15.356,1.7733,1.77389,1.50,1.00
2016.12.28 07:56:15.656,1.7733,1.77387,1.50,1.00
2016.12.28 07:56:18.416,1.77331,1.77387,1.00,1.00
2016.12.28 07:56:19.046,1.7733,1.77387,1.00,1.00
2016.12.28 07:56:19.982,1.77332,1.77387,1.00,1.00
2016.12.28 07:56:20.924,1.77332,1.77388,1.00,1.00
2016.12.28 07:56:21.427,1.77333,1.77388,1.00,1.00
2016.12.28 07:56:21.752,1.77331,1.77388,1.50,1.00
2016.12.28 07:56:22.255,1.77332,1.77387,1.00,1.00
2016.12.28 07:56:22.786,1.77332,1.77388,1.00,1.00
2016.12.28 07:56:23.711,1.77332,1.77389,1.00,1.50
2016.12.28 07:56:24.204,1.77334,1.77389,1.00,1.50
2016.12.28 07:56:25.052,1.77333,1.77389,1.00,1.00
2016.12.28 07:56:25.579,1.77331,1.77389,1.50,1.00
2016.12.28 07:56:26.102,1.77334,1.77389,1.00,1.00
2016.12.28 07:56:26.253,1.77334,1.77393,1.00,1.50
2016.12.28 07:56:27.585,1.77333,1.77393,1.50,1.50
2016.12.28 07:56:27.787,1.77336,1.77394,1.00,1.00
2016.12.28 07:56:28.115,1.77345,1.77404,1.00,1.50
2016.12.28 07:56:28.216,1.77349,1.77404,1.00,1.00
2016.12.28 07:56:28.729,1.77348,1.77403,1.00,1.00
2016.12.28 07:56:29.357,1.77348,1.77404,1.00,1.00
2016.12.28 07:56:29.458,1.77348,1.77407,1.00,1.00
2016.12.28 07:56:29.634,1.77348,1.77404,1.00,1.00
2016.12.28 07:56:30.167,1.77348,1.77406,1.00,1.50
2016.12.28 07:56:30.510,1.7735,1.77406,1.00,1.00
2016.12.28 07:56:30.611,1.7735,1.77408,1.00,1.50
2016.12.28 07:56:30.763,1.77354,1.77412,1.00,1.50
2016.12.28 07:56:31.331,1.77355,1.77412,1.00,1.00
2016.12.28 07:56:31.634,1.77354,1.7741,1.00,1.00
2016.12.28 07:56:31.937,1.77355,1.77413,1.50,1.00
2016.12.28 07:56:33.085,1.77355,1.77412,1.50,1.00
2016.12.28 07:56:33.136,1.77353,1.77411,1.00,1.00
2016.12.28 07:56:33.577,1.77355,1.77411,1.00,1.00
2016.12.28 07:56:33.628,1.77352,1.77411,1.50,1.00
2016.12.28 07:56:33.857,1.77352,1.77409,1.00,1.00
2016.12.28 07:56:33.958,1.77349,1.77409,1.87,1.50
2016.12.28 07:56:34.187,1.77349,1.77407,1.00,1.00
2016.12.28 07:56:34.681,1.77347,1.77403,1.00,1.00
2016.12.28 07:56:35.003,1.77349,1.77403,1.00,1.00
2016.12.28 07:56:35.057,1.77347,1.77403,1.00,1.00
2016.12.28 07:56:35.420,1.77349,1.77403,1.00,1.00
2016.12.28 07:56:35.521,1.77347,1.77403,1.00,1.00
2016.12.28 07:56:35.974,1.77349,1.77403,1.00,1.00
2016.12.28 07:56:36.349,1.77351,1.77403,1.00,1.00
2016.12.28 07:56:36.400,1.77349,1.77403,1.00,1.00
2016.12.28 07:56:36.975,1.77351,1.77403,1.00,1.00
2016.12.28 07:56:37.037,1.77349,1.77403,1.00,1.00
2016.12.28 07:56:37.425,1.77348,1.77406,1.50,1.00
2016.12.28 07:56:37.727,1.7735,1.77406,1.00,1.00
2016.12.28 07:56:38.282,1.77349,1.77406,1.00,1.00
2016.12.28 07:56:38.924,1.7735,1.77406,1.00,1.00
2016.12.28 07:56:39.445,1.77351,1.77406,1.00,1.00
2016.12.28 07:56:40.376,1.7735,1.77406,1.00,1.00
2016.12.28 07:56:41.525,1.77351,1.77408,1.00,1.00
2016.12.28 07:56:42.051,1.77351,1.77407,1.00,1.00
2016.12.28 07:56:42.569,1.77351,1.77408,1.00,1.00
2016.12.28 07:56:43.427,1.77349,1.77407,1.00,1.00
2016.12.28 07:56:44.217,1.7735,1.77407,1.00,1.00
2016.12.28 07:56:44.400,1.77348,1.77407,1.00,1.00
2016.12.28 07:56:44.501,1.7735,1.77407,1.00,1.00
2016.12.28 07:56:45.179,1.77351,1.77408,1.00,2.25
2016.12.28 07:56:48.469,1.77351,1.77407,1.00,1.00
2016.12.28 07:56:48.977,1.77352,1.77408,1.00,1.50
2016.12.28 07:56:49.873,1.77353,1.77409,1.00,1.00
2016.12.28 07:56:50.417,1.77352,1.77404,1.00,1.00
2016.12.28 07:56:50.468,1.77347,1.77404,1.00,1.00
2016.12.28 07:56:50.619,1.77346,1.77398,1.00,1.00
2016.12.28 07:56:50.933,1.77343,1.77398,1.00,1.00
2016.12.28 07:56:51.457,1.77342,1.77399,1.50,1.00
2016.12.28 07:56:51.507,1.77342,1.77388,1.50,1.00
2016.12.28 07:56:51.558,1.7734,1.77389,1.00,1.00
2016.12.28 07:56:51.659,1.77332,1.77379,1.00,1.00
2016.12.28 07:56:51.710,1.77331,1.77388,1.00,1.00
2016.12.28 07:56:55.342,1.77332,1.77388,1.00,1.00
2016.12.28 07:56:56.489,1.7733,1.77388,1.50,1.00
2016.12.28 07:56:56.654,1.77328,1.77384,1.00,1.00
2016.12.28 07:57:00.114,1.77328,1.77379,1.00,1.00
2016.12.28 07:57:00.662,1.77329,1.77378,1.00,1.00
2016.12.28 07:57:02.097,1.77329,1.77386,1.00,1.00
2016.12.28 07:57:02.260,1.77329,1.77378,1.00,1.00
2016.12.28 07:57:02.957,1.77333,1.77379,1.50,1.00
2016.12.28 07:57:04.288,1.77334,1.77379,1.00,1.00
2016.12.28 07:57:04.757,1.77334,1.77388,1.00,1.00
2016.12.28 07:57:05.273,1.77333,1.77389,1.00,1.00
2016.12.28 07:57:05.806,1.77332,1.77388,1.50,1.00
2016.12.28 07:57:05.857,1.77332,1.77379,1.00,1.00
2016.12.28 07:57:06.043,1.77326,1.77379,1.00,1.00
2016.12.28 07:57:06.254,1.77329,1.77379,1.00,1.00
2016.12.28 07:57:06.557,1.77331,1.77378,1.00,1.00
2016.12.28 07:57:07.119,1.77329,1.77385,1.00,1.00
2016.12.28 07:57:07.170,1.77331,1.77385,1.00,1.00
2016.12.28 07:57:07.271,1.77332,1.77387,1.00,1.00
2016.12.28 07:57:07.473,1.77332,1.77389,1.00,1.50
2016.12.28 07:57:07.855,1.77334,1.77389,1.00,1.00
2016.12.28 07:57:08.201,1.77336,1.77388,1.00,1.00
2016.12.28 07:57:08.879,1.77337,1.77389,1.00,1.00
2016.12.28 07:57:09.835,1.77337,1.77388,1.00,1.00
2016.12.28 07:57:09.886,1.77335,1.77388,1.00,1.00
2016.12.28 07:57:13.496,1.77335,1.77389,1.00,1.00
2016.12.28 07:57:13.547,1.77339,1.77388,1.00,1.00
2016.12.28 07:57:13.749,1.77348,1.77399,1.00,1.50
2016.12.28 07:57:13.882,1.77347,1.77404,1.50,1.00
2016.12.28 07:57:14.242,1.77345,1.77385,1.00,1.00
2016.12.28 07:57:14.608,1.77345,1.77381,1.00,1.00
2016.12.28 07:57:14.761,1.7734,1.77377,1.00,1.00
2016.12.28 07:57:14.862,1.77337,1.77373,1.00,1.00
2016.12.28 07:57:14.963,1.77327,1.7737,1.00,1.00
2016.12.28 07:57:15.014,1.77327,1.77365,1.00,1.00
2016.12.28 07:57:15.316,1.77316,1.77354,1.87,1.00
2016.12.28 07:57:16.236,1.77316,1.77354,1.87,1.00
2016.12.28 07:57:16.821,1.77317,1.77354,1.00,1.00
2016.12.28 07:57:17.509,1.77317,1.77355,1.50,1.00
2016.12.28 07:57:17.610,1.77317,1.77357,1.00,1.00
2016.12.28 07:57:17.711,1.77317,1.77354,1.50,1.00
2016.12.28 07:57:18.957,1.77317,1.77353,1.00,1.00
2016.12.28 07:57:19.209,1.7731,1.77348,1.00,1.00
2016.12.28 07:57:19.615,1.77311,1.7735,1.00,1.00
2016.12.28 07:57:19.992,1.77305,1.77349,1.37,1.00
2016.12.28 07:57:21.325,1.77305,1.77349,1.37,1.00
2016.12.28 07:57:22.218,1.77305,1.77349,1.00,1.50
2016.12.28 07:57:22.268,1.77305,1.77341,1.00,1.00
2016.12.28 07:57:22.319,1.77295,1.77332,1.87,1.00
2016.12.28 07:57:22.405,1.77295,1.7733,1.00,1.00
2016.12.28 07:57:22.506,1.77288,1.77325,1.00,1.00
2016.12.28 07:57:22.557,1.77286,1.77325,1.00,1.00
2016.12.28 07:57:22.840,1.77281,1.77325,1.50,1.00
2016.12.28 07:57:23.211,1.77284,1.77325,1.00,1.00
2016.12.28 07:57:23.315,1.77285,1.77327,1.00,1.00
2016.12.28 07:57:25.069,1.77286,1.77327,1.00,1.00
2016.12.28 07:57:25.120,1.7729,1.77333,1.00,1.00
2016.12.28 07:57:25.221,1.7731,1.77342,1.00,1.00
2016.12.28 07:57:25.273,1.7731,1.77344,1.00,1.00
2016.12.28 07:57:25.374,1.77311,1.77348,1.00,1.00
2016.12.28 07:57:25.626,1.77309,1.77348,1.00,1.00
2016.12.28 07:57:25.677,1.77309,1.77336,1.00,1.00
2016.12.28 07:57:25.728,1.77297,1.77336,1.37,1.00
2016.12.28 07:57:25.829,1.77289,1.77333,1.00,1.00
2016.12.28 07:57:26.131,1.77292,1.77333,1.00,1.00
2016.12.28 07:57:26.333,1.77281,1.77324,1.37,1.00
2016.12.28 07:57:26.434,1.77281,1.77328,1.00,1.00
2016.12.28 07:57:26.535,1.77293,1.77333,1.00,1.00
2016.12.28 07:57:26.589,1.77293,1.77339,1.00,1.00
2016.12.28 07:57:26.640,1.77299,1.77339,1.00,1.00
2016.12.28 07:57:26.691,1.77299,1.77341,1.00,1.00
2016.12.28 07:57:26.942,1.77301,1.77341,1.00,1.00
2016.12.28 07:57:27.291,1.77299,1.77339,1.00,1.00
2016.12.28 07:57:27.417,1.77297,1.77339,1.00,1.00
2016.12.28 07:57:29.267,1.77297,1.7734,1.00,1.00
2016.12.28 07:57:29.318,1.77297,1.77328,1.00,1.00
2016.12.28 07:57:29.369,1.77294,1.77327,1.00,1.00
2016.12.28 07:57:29.470,1.77281,1.77325,1.37,1.00
2016.12.28 07:57:29.521,1.77281,1.77328,1.00,1.00
2016.12.28 07:57:29.571,1.77281,1.77326,1.00,1.00
2016.12.28 07:57:31.498,1.77281,1.77327,1.00,1.00
2016.12.28 07:57:31.793,1.77281,1.77332,1.12,1.00
2016.12.28 07:57:31.844,1.77286,1.77336,1.37,1.00
2016.12.28 07:57:32.154,1.77295,1.77337,1.00,1.00
2016.12.28 07:57:33.256,1.77295,1.77324,1.00,1.00
2016.12.28 07:57:33.458,1.77282,1.77322,1.00,1.00
2016.12.28 07:57:33.509,1.77282,1.77318,1.00,1.00
2016.12.28 07:57:33.559,1.77279,1.77319,1.00,1.00
2016.12.28 07:57:33.660,1.77274,1.77318,1.00,1.00
2016.12.28 07:57:35.182,1.77274,1.77317,1.00,1.00
2016.12.28 07:57:35.876,1.77274,1.77315,1.00,1.00
2016.12.28 07:57:37.808,1.77274,1.77314,1.00,1.00
2016.12.28 07:57:37.859,1.77271,1.77314,1.00,1.00
2016.12.28 07:57:38.351,1.77273,1.77314,1.00,1.00
2016.12.28 07:57:39.753,1.77273,1.77316,1.00,1.00
2016.12.28 07:57:40.758,1.77273,1.77314,1.00,1.00
2016.12.28 07:57:41.419,1.77273,1.77316,1.00,1.00
2016.12.28 07:57:42.057,1.77274,1.77316,1.00,1.00
2016.12.28 07:57:42.699,1.77274,1.77317,1.00,1.00
2016.12.28 07:57:44.286,1.77274,1.77315,1.00,1.00
2016.12.28 07:57:44.748,1.77274,1.77317,1.00,1.00
2016.12.28 07:57:46.556,1.77274,1.77329,1.37,1.50
2016.12.28 07:57:46.733,1.77279,1.77332,1.37,1.00
2016.12.28 07:57:47.111,1.77285,1.77329,1.00,1.00
2016.12.28 07:57:47.262,1.77281,1.77329,1.00,1.00
2016.12.28 07:57:47.363,1.77279,1.77327,1.00,1.00
2016.12.28 07:57:47.700,1.77278,1.77325,1.00,1.00
2016.12.28 07:57:48.507,1.77278,1.77327,1.00,1.00
2016.12.28 07:57:48.785,1.77278,1.77329,1.00,1.00
2016.12.28 07:57:48.886,1.77285,1.77331,1.00,1.00
2016.12.28 07:57:49.189,1.77283,1.77326,1.00,1.00
2016.12.28 07:57:49.493,1.77272,1.77314,1.37,1.00
2016.12.28 07:57:49.928,1.77272,1.77312,1.37,1.00
2016.12.28 07:57:50.079,1.77272,1.77312,1.37,1.00
2016.12.28 07:57:50.343,1.77271,1.77315,1.37,1.00
2016.12.28 07:57:50.444,1.77271,1.77313,1.37,1.00
2016.12.28 07:57:50.495,1.77271,1.77317,1.37,1.00
2016.12.28 07:57:51.000,1.77271,1.77319,1.37,1.00
2016.12.28 07:57:51.051,1.77271,1.77317,1.37,1.00
2016.12.28 07:57:51.439,1.77268,1.77319,1.87,1.00
2016.12.28 07:57:51.490,1.77268,1.77317,1.87,1.00
2016.12.28 07:57:53.009,1.77271,1.7732,1.37,1.00
2016.12.28 07:57:53.059,1.77271,1.77317,1.37,1.00
2016.12.28 07:57:53.385,1.77271,1.77319,1.37,1.00
2016.12.28 07:57:54.212,1.77271,1.77318,1.37,1.00
2016.12.28 07:57:54.964,1.77271,1.77319,1.37,1.00
2016.12.28 07:57:55.015,1.77271,1.77317,1.37,1.00
2016.12.28 07:57:55.565,1.77271,1.77316,1.37,1.00
2016.12.28 07:57:55.924,1.77271,1.77318,2.62,1.00
2016.12.28 07:57:57.027,1.77273,1.77317,1.37,1.00
2016.12.28 07:57:57.077,1.77273,1.7732,1.37,1.00
2016.12.28 07:57:57.178,1.77272,1.77318,1.87,1.00
2016.12.28 07:58:00.879,1.77272,1.77317,1.00,1.00
2016.12.28 07:58:00.930,1.77272,1.77315,1.00,1.00
2016.12.28 07:58:01.031,1.77272,1.77318,1.12,1.00
2016.12.28 07:58:03.130,1.77272,1.77317,1.12,1.00
2016.12.28 07:58:03.181,1.77276,1.77319,1.00,1.00
2016.12.28 07:58:03.282,1.77272,1.77318,1.00,1.00
2016.12.28 07:58:03.670,1.77272,1.77321,1.00,1.00
2016.12.28 07:58:04.507,1.77272,1.77323,1.87,1.00
2016.12.28 07:58:04.878,1.77277,1.77323,1.00,1.00
2016.12.28 07:58:05.570,1.77276,1.77321,1.00,1.00
2016.12.28 07:58:06.375,1.77276,1.7732,1.00,1.00
2016.12.28 07:58:07.208,1.77277,1.7732,1.00,1.00
2016.12.28 07:58:07.857,1.77277,1.77321,1.00,1.00
2016.12.28 07:58:08.177,1.77275,1.77319,1.00,1.00
2016.12.28 07:58:08.228,1.77275,1.77321,1.00,1.00
2016.12.28 07:58:10.477,1.77275,1.7732,1.00,1.00
2016.12.28 07:58:13.306,1.77275,1.77322,1.00,1.00
2016.12.28 07:58:13.738,1.77276,1.77325,1.00,1.00
2016.12.28 07:58:13.839,1.77276,1.77328,1.12,1.00
2016.12.28 07:58:13.890,1.77276,1.77328,1.37,1.00
2016.12.28 07:58:14.238,1.77274,1.77323,1.00,1.00
2016.12.28 07:58:17.223,1.77273,1.77323,1.00,1.00
2016.12.28 07:58:18.489,1.77274,1.77323,1.00,1.00
2016.12.28 07:58:19.046,1.77274,1.77324,1.00,1.00
2016.12.28 07:58:21.105,1.77274,1.77325,1.00,1.00
2016.12.28 07:58:21.480,1.77274,1.77323,1.00,1.00
2016.12.28 07:58:21.531,1.77272,1.77323,1.87,1.00
2016.12.28 07:58:22.821,1.77273,1.77323,1.00,1.00
2016.12.28 07:58:22.872,1.77272,1.77315,1.00,1.00
2016.12.28 07:58:22.973,1.77269,1.77313,1.00,1.00
2016.12.28 07:58:23.074,1.77261,1.7731,1.37,1.00
2016.12.28 07:58:23.462,1.77258,1.77312,1.37,1.00
2016.12.28 07:58:23.564,1.77258,1.7731,1.37,1.00
2016.12.28 07:58:26.163,1.77258,1.7731,1.37,1.00
2016.12.28 07:58:27.328,1.77258,1.7731,1.37,1.00
2016.12.28 07:58:28.005,1.77258,1.77311,1.12,1.00
2016.12.28 07:58:28.157,1.77266,1.77315,1.00,1.00
2016.12.28 07:58:28.459,1.77269,1.77318,1.00,1.00
2016.12.28 07:58:28.560,1.77266,1.77322,1.87,1.00
2016.12.28 07:58:28.661,1.77269,1.77322,1.00,1.00
2016.12.28 07:58:28.755,1.77266,1.7732,1.50,1.00
2016.12.28 07:58:28.956,1.77264,1.77319,1.12,1.50
2016.12.28 07:58:29.217,1.77267,1.77321,1.00,1.00
2016.12.28 07:58:29.571,1.77267,1.77321,2.62,1.00
2016.12.28 07:58:30.523,1.77268,1.77319,1.00,1.00
2016.12.28 07:58:30.724,1.77268,1.77322,1.12,1.00
2016.12.28 07:58:30.775,1.77271,1.77322,1.00,1.00
2016.12.28 07:58:33.469,1.77269,1.77322,1.00,1.00
2016.12.28 07:58:33.570,1.77272,1.77323,1.00,1.00
2016.12.28 07:58:33.621,1.77272,1.77325,1.87,1.00
2016.12.28 07:58:33.772,1.77275,1.77325,1.00,1.00
2016.12.28 07:58:33.873,1.77275,1.77328,1.00,1.50
2016.12.28 07:58:33.974,1.77281,1.77329,1.00,1.50
2016.12.28 07:58:34.299,1.77276,1.77319,1.00,1.00
2016.12.28 07:58:34.400,1.77276,1.77327,1.00,1.00
2016.12.28 07:58:34.451,1.77273,1.77327,1.00,1.00
2016.12.28 07:58:34.502,1.77277,1.77329,1.00,1.00
2016.12.28 07:58:34.553,1.77281,1.77335,1.00,1.00
2016.12.28 07:58:34.604,1.77282,1.77338,1.00,2.25
2016.12.28 07:58:34.755,1.77285,1.77338,1.00,1.50
2016.12.28 07:58:35.283,1.77284,1.77338,1.00,1.00
2016.12.28 07:58:36.283,1.77284,1.77335,1.00,1.00
2016.12.28 07:58:36.384,1.77281,1.77334,1.00,1.00
2016.12.28 07:58:36.435,1.77281,1.77328,1.00,1.00
2016.12.28 07:58:36.486,1.77276,1.77328,1.00,1.00
2016.12.28 07:58:36.587,1.77278,1.77328,1.00,1.00
2016.12.28 07:58:36.738,1.77277,1.77332,1.50,1.50
2016.12.28 07:58:37.040,1.77279,1.77333,1.00,1.00
2016.12.28 07:58:37.694,1.77278,1.77331,1.00,1.00
2016.12.28 07:58:38.214,1.77277,1.77332,1.37,1.00
2016.12.28 07:58:38.889,1.77277,1.77333,1.87,1.00
2016.12.28 07:58:39.443,1.77277,1.7733,1.00,1.00
2016.12.28 07:58:39.596,1.77275,1.77329,1.00,1.00
2016.12.28 07:58:39.646,1.77274,1.77328,1.37,1.00
2016.12.28 07:58:39.748,1.77273,1.77328,1.50,1.00
2016.12.28 07:58:40.050,1.77273,1.77326,1.50,1.00
2016.12.28 07:58:41.410,1.77273,1.77327,1.50,1.00
2016.12.28 07:58:41.940,1.77273,1.77328,1.00,1.00
2016.12.28 07:58:42.492,1.77278,1.77328,1.00,1.00
2016.12.28 07:58:42.795,1.77279,1.77328,1.37,1.00
2016.12.28 07:58:42.989,1.77279,1.77335,1.37,1.00
2016.12.28 07:58:43.090,1.77278,1.77331,1.37,1.00
2016.12.28 07:58:43.297,1.77278,1.77334,1.37,1.00
2016.12.28 07:58:43.852,1.7728,1.77333,1.37,1.00
2016.12.28 07:58:44.254,1.77279,1.77333,1.12,1.00
2016.12.28 07:58:45.134,1.77279,1.77333,1.37,1.00
2016.12.28 07:58:47.588,1.7728,1.77332,1.37,1.00
2016.12.28 07:58:48.463,1.7728,1.77334,1.37,1.00
2016.12.28 07:58:48.514,1.7728,1.77332,1.37,1.00
2016.12.28 07:58:49.459,1.7728,1.77334,1.37,1.00
2016.12.28 07:58:49.510,1.7728,1.77332,1.37,1.00
2016.12.28 07:58:49.560,1.7728,1.77334,1.37,1.00
2016.12.28 07:58:50.460,1.7728,1.77335,1.37,1.00
2016.12.28 07:58:51.681,1.7728,1.77328,1.37,1.00
2016.12.28 07:58:52.661,1.77281,1.77334,1.37,1.00
2016.12.28 07:58:52.711,1.77281,1.77334,1.37,1.00
2016.12.28 07:58:52.762,1.77284,1.77337,1.37,1.00
2016.12.28 07:58:52.813,1.77285,1.77339,1.37,1.00
2016.12.28 07:58:53.328,1.77289,1.77339,1.00,1.00
2016.12.28 07:58:53.922,1.77289,1.7734,1.00,1.00
2016.12.28 07:58:53.972,1.77287,1.7734,1.00,1.00
2016.12.28 07:58:55.258,1.77287,1.77341,1.00,1.00
2016.12.28 07:58:55.359,1.77295,1.77347,1.00,1.00
2016.12.28 07:58:55.410,1.77292,1.77348,1.00,1.50
2016.12.28 07:58:55.511,1.77295,1.77347,1.00,1.00
2016.12.28 07:58:56.507,1.77295,1.77346,1.00,1.00
2016.12.28 07:58:56.994,1.77297,1.77346,1.00,1.00
2016.12.28 07:58:57.044,1.77297,1.77348,1.00,1.50
2016.12.28 07:58:57.954,1.77297,1.77349,1.00,1.00
2016.12.28 07:58:58.239,1.77297,1.77351,1.12,1.00
2016.12.28 07:58:58.290,1.77297,1.77351,1.37,1.00
2016.12.28 07:58:58.441,1.77299,1.77354,1.12,1.00
2016.12.28 07:58:58.492,1.77301,1.77357,1.12,1.50
2016.12.28 07:58:58.543,1.77307,1.77357,1.00,1.00
2016.12.28 07:58:58.593,1.77313,1.77366,1.00,1.00
2016.12.28 07:58:58.745,1.77312,1.77358,1.37,1.00
2016.12.28 07:58:58.927,1.77308,1.77358,1.00,1.00
2016.12.28 07:58:59.380,1.77304,1.77358,1.50,1.00
2016.12.28 07:58:59.431,1.77306,1.77358,1.00,1.00
2016.12.28 07:58:59.532,1.77307,1.7736,1.00,1.00
2016.12.28 07:58:59.583,1.77307,1.77362,1.37,1.00
2016.12.28 07:58:59.886,1.77306,1.77359,1.00,1.00
2016.12.28 07:58:59.936,1.77304,1.77359,1.50,1.00
2016.12.28 07:59:00.262,1.77307,1.77358,1.00,1.00
2016.12.28 07:59:00.771,1.77308,1.77358,1.00,1.00
2016.12.28 07:59:01.298,1.77308,1.77359,1.00,1.00
2016.12.28 07:59:01.613,1.77306,1.77359,1.00,1.00
2016.12.28 07:59:02.163,1.77307,1.77359,1.00,1.00
2016.12.28 07:59:02.808,1.77306,1.77359,1.50,1.00
2016.12.28 07:59:02.932,1.77308,1.77359,1.00,1.00
2016.12.28 07:59:03.944,1.77309,1.77358,1.50,1.00
2016.12.28 07:59:04.872,1.77309,1.77359,1.00,1.00
2016.12.28 07:59:05.323,1.77315,1.77366,1.00,1.00
2016.12.28 07:59:05.374,1.77312,1.77366,1.00,1.00
2016.12.28 07:59:05.424,1.77313,1.77358,1.00,1.00
2016.12.28 07:59:06.238,1.77313,1.77364,1.00,1.00
2016.12.28 07:59:06.289,1.77311,1.77359,1.00,1.00
2016.12.28 07:59:06.689,1.77309,1.77358,1.50,1.00
2016.12.28 07:59:06.790,1.77309,1.77363,1.50,1.00
2016.12.28 07:59:06.841,1.77309,1.77365,1.00,1.00
2016.12.28 07:59:06.892,1.77311,1.77365,1.00,1.00
2016.12.28 07:59:07.237,1.77311,1.77359,1.00,1.00
2016.12.28 07:59:07.389,1.77309,1.77358,1.00,1.00
2016.12.28 07:59:08.207,1.77309,1.77359,1.00,1.00
2016.12.28 07:59:09.668,1.77308,1.77359,1.00,1.00
2016.12.28 07:59:09.878,1.7731,1.77359,1.00,1.00
2016.12.28 07:59:10.562,1.77308,1.77359,1.00,1.00
2016.12.28 07:59:11.139,1.77308,1.77358,1.00,1.00
2016.12.28 07:59:11.727,1.77308,1.77359,1.00,1.00
2016.12.28 07:59:11.840,1.7731,1.77359,1.00,1.00
2016.12.28 07:59:12.387,1.77309,1.77359,1.00,1.00
2016.12.28 07:59:12.710,1.77311,1.77359,1.00,1.00
2016.12.28 07:59:12.761,1.77311,1.77365,1.00,1.00
2016.12.28 07:59:13.506,1.7731,1.77364,1.00,1.00
2016.12.28 07:59:17.168,1.77309,1.77364,1.00,1.00
2016.12.28 07:59:17.839,1.7731,1.77364,1.00,1.00
2016.12.28 07:59:17.947,1.77309,1.77366,1.00,1.00
2016.12.28 07:59:19.504,1.77311,1.77365,1.00,1.00
2016.12.28 07:59:22.153,1.7731,1.77367,1.00,1.00
2016.12.28 07:59:22.204,1.77311,1.77365,1.00,1.00
2016.12.28 07:59:22.356,1.77309,1.77364,1.00,1.00
2016.12.28 07:59:22.415,1.77307,1.77363,1.00,1.00
2016.12.28 07:59:22.466,1.7731,1.77359,1.00,1.00
2016.12.28 07:59:22.567,1.77307,1.77358,1.00,1.00
2016.12.28 07:59:23.069,1.77309,1.77359,1.00,1.00
2016.12.28 07:59:23.794,1.77308,1.77359,1.00,1.00
2016.12.28 07:59:24.356,1.77307,1.77359,1.00,1.00
2016.12.28 07:59:26.017,1.77303,1.77358,1.00,1.00
2016.12.28 07:59:26.118,1.77301,1.77355,1.00,1.00
2016.12.28 07:59:26.319,1.77299,1.77354,1.00,1.00
2016.12.28 07:59:26.811,1.77299,1.77348,1.00,1.00
2016.12.28 07:59:27.329,1.77298,1.77348,1.00,1.00
2016.12.28 07:59:28.130,1.77299,1.77348,1.00,1.00
2016.12.28 07:59:28.912,1.77299,1.77354,1.00,1.00
2016.12.28 07:59:29.013,1.77298,1.77348,1.00,1.00
2016.12.28 07:59:29.066,1.77296,1.77348,1.00,1.00
2016.12.28 07:59:29.167,1.77299,1.77348,1.00,1.00
2016.12.28 07:59:29.417,1.77296,1.77348,1.00,1.00
2016.12.28 07:59:32.793,1.77297,1.77348,1.00,1.00
2016.12.28 07:59:32.906,1.77295,1.77348,1.00,1.00
2016.12.28 07:59:35.645,1.77297,1.77348,1.00,1.00
2016.12.28 07:59:36.062,1.77301,1.77348,1.00,1.00
2016.12.28 07:59:36.113,1.77305,1.77359,1.00,1.50
2016.12.28 07:59:37.128,1.77307,1.77348,1.00,1.00
2016.12.28 07:59:37.983,1.77307,1.77358,1.00,1.00
2016.12.28 07:59:38.506,1.77306,1.77358,1.00,1.00
2016.12.28 07:59:40.077,1.77306,1.77359,1.00,1.00
2016.12.28 07:59:40.864,1.77305,1.77359,1.00,1.00
2016.12.28 07:59:41.353,1.77302,1.77357,1.00,1.00
2016.12.28 07:59:41.404,1.77298,1.77355,1.00,1.00
2016.12.28 07:59:41.505,1.77295,1.77352,1.00,1.00
2016.12.28 07:59:42.056,1.77292,1.77348,1.00,1.00
2016.12.28 07:59:42.595,1.77292,1.77347,1.00,1.00
2016.12.28 07:59:43.451,1.77293,1.77348,1.00,1.00
2016.12.28 07:59:44.141,1.77292,1.77348,1.00,1.00
2016.12.28 07:59:46.643,1.77296,1.77348,1.00,1.00
2016.12.28 07:59:47.998,1.77298,1.77348,1.00,1.00
2016.12.28 07:59:48.518,1.77296,1.77349,1.00,1.00
2016.12.28 07:59:48.602,1.77296,1.77353,1.00,1.00
2016.12.28 07:59:48.653,1.77296,1.77348,1.00,1.00
2016.12.28 07:59:49.946,1.77298,1.77348,1.00,1.00
2016.12.28 07:59:50.152,1.77298,1.77353,1.00,1.00
2016.12.28 07:59:50.203,1.77298,1.77355,1.00,1.00
2016.12.28 07:59:50.254,1.77301,1.77356,1.00,1.00
2016.12.28 07:59:50.304,1.77302,1.77359,1.00,1.50
2016.12.28 07:59:50.562,1.77304,1.77359,1.00,1.00
2016.12.28 07:59:50.613,1.77302,1.77359,1.00,1.00
2016.12.28 07:59:50.765,1.77306,1.77361,1.00,1.00
2016.12.28 07:59:50.845,1.77304,1.77361,1.00,1.00
2016.12.28 07:59:50.946,1.77304,1.77359,1.00,1.00
2016.12.28 07:59:51.363,1.77302,1.77357,1.00,1.00
2016.12.28 07:59:51.713,1.773,1.77355,1.00,1.00
2016.12.28 07:59:53.311,1.773,1.77349,1.00,1.00
2016.12.28 07:59:53.820,1.77301,1.77348,1.00,1.00
2016.12.28 07:59:53.987,1.77301,1.77356,1.00,1.00
2016.12.28 07:59:54.195,1.77301,1.77348,1.00,1.00
2016.12.28 07:59:54.620,1.77299,1.77348,1.00,1.00
2016.12.28 07:59:55.159,1.773,1.77348,1.00,1.00
2016.12.28 07:59:55.512,1.77302,1.77348,1.00,1.00
2016.12.28 07:59:55.975,1.77304,1.77348,1.00,1.00
2016.12.28 07:59:56.025,1.77304,1.77359,1.00,1.50
2016.12.28 07:59:56.682,1.77304,1.77348,1.00,1.00
2016.12.28 07:59:56.912,1.77304,1.77358,1.00,1.00
2016.12.28 07:59:57.013,1.77301,1.77357,1.00,1.00
2016.12.28 07:59:57.063,1.77301,1.77349,1.00,1.00
2016.12.28 07:59:57.374,1.77303,1.77349,1.00,1.00
2016.12.28 07:59:57.452,1.77303,1.77358,1.00,1.00
2016.12.28 07:59:58.034,1.77303,1.77359,1.00,1.00
2016.12.28 07:59:58.388,1.77301,1.77358,1.00,1.50
2016.12.28 07:59:58.484,1.77299,1.77357,1.00,1.00
2016.12.28 07:59:58.535,1.77299,1.77348,1.00,1.00
2016.12.28 07:59:58.838,1.77301,1.77348,1.00,1.00
2016.12.28 07:59:59.983,1.77301,1.77358,1.00,1.00
